{
    "class": "02958343",
    "model": "4b6e6fa36c1e6f865cb51d79fcf5dad4",
    "remove_doubles": true,
    "edge_split": true,
    "denoise": true,
    "camera_angle_x": 0.6911112070083618,
    "scale_factor": 2.2660065973614607,
    "hdri_file": "/data/IndoorHDRDataset2018/9C4A8424-52b05a548c.exr",
    "center_offset": [
        0.0,
        -1.862645149230957e-09,
        -3.725290298461914e-09
    ],
    "lights": [],
    "frames": [
        {
            "file_path": "/data/shapenet_blender/all_50_random/02958343/4b6e6fa36c1e6f865cb51d79fcf5dad4/r_0",
            "rotation": 0.12566370614359174,
            "transform_matrix": [
                [
                    0.8336934447288513,
                    -0.43573197722435,
                    0.33925333619117737,
                    1.3675739765167236
                ],
                [
                    0.5522274374961853,
                    0.6578211188316345,
                    -0.5121681094169617,
                    -2.0646157264709473
                ],
                [
                    1.4901160305669237e-08,
                    0.6143361330032349,
                    0.7890443801879883,
                    3.180739641189575
                ],
                [
                    0.0,
                    0.0,
                    0.0,
                    1.0
                ]
            ]
        },
        {
            "file_path": "/data/shapenet_blender/all_50_random/02958343/4b6e6fa36c1e6f865cb51d79fcf5dad4/r_1",
            "rotation": 0.12566370614359174,
            "transform_matrix": [
                [
                    0.9182909727096558,
                    -0.08108457177877426,
                    -0.38751399517059326,
                    -1.5621188879013062
                ],
                [
                    -0.39590632915496826,
                    -0.18807286024093628,
                    -0.8988252282142639,
                    -3.6232802867889404
                ],
                [
                    -7.450580596923828e-09,
                    0.9788022637367249,
                    -0.20480749011039734,
                    -0.8256053924560547
                ],
                [
                    0.0,
                    0.0,
                    0.0,
                    1.0
                ]
            ]
        },
        {
            "file_path": "/data/shapenet_blender/all_50_random/02958343/4b6e6fa36c1e6f865cb51d79fcf5dad4/r_2",
            "rotation": 0.12566370614359174,
            "transform_matrix": [
                [
                    0.23229002952575684,
                    0.7286809086799622,
                    -0.6442556381225586,
                    -2.5970776081085205
                ],
                [
                    -0.9726466536521912,
                    0.1740254908800125,
                    -0.1538628190755844,
                    -0.6202408671379089
                ],
                [
                    0.0,
                    0.6623737812042236,
                    0.7491734623908997,
                    3.020014762878418
                ],
                [
                    0.0,
                    0.0,
                    0.0,
                    1.0
                ]
            ]
        },
        {
            "file_path": "/data/shapenet_blender/all_50_random/02958343/4b6e6fa36c1e6f865cb51d79fcf5dad4/r_3",
            "rotation": 0.12566370614359174,
            "transform_matrix": [
                [
                    0.8019747734069824,
                    0.04798123612999916,
                    0.5954278111457825,
                    2.4002463817596436
                ],
                [
                    0.5973579287528992,
                    -0.0644165500998497,
                    -0.7993835210800171,
                    -3.2224180698394775
                ],
                [
                    -3.725290298461914e-09,
                    0.9967688918113708,
                    -0.08032242208719254,
                    -0.323790043592453
                ],
                [
                    0.0,
                    0.0,
                    0.0,
                    1.0
                ]
            ]
        },
        {
            "file_path": "/data/shapenet_blender/all_50_random/02958343/4b6e6fa36c1e6f865cb51d79fcf5dad4/r_4",
            "rotation": 0.12566370614359174,
            "transform_matrix": [
                [
                    -0.18372012674808502,
                    -0.0068147070705890656,
                    0.9829550385475159,
                    3.9624180793762207
                ],
                [
                    0.9829786419868469,
                    -0.001273678382858634,
                    0.18371570110321045,
                    0.7405815720558167
                ],
                [
                    -1.1641530794914701e-10,
                    0.9999760389328003,
                    0.006932711694389582,
                    0.027946650981903076
                ],
                [
                    0.0,
                    0.0,
                    0.0,
                    1.0
                ]
            ]
        },
        {
            "file_path": "/data/shapenet_blender/all_50_random/02958343/4b6e6fa36c1e6f865cb51d79fcf5dad4/r_5",
            "rotation": 0.12566370614359174,
            "transform_matrix": [
                [
                    0.5666884183883667,
                    0.09699401259422302,
                    -0.8182031512260437,
                    -3.2982821464538574
                ],
                [
                    -0.8239321708679199,
                    0.06671106070280075,
                    -0.5627480745315552,
                    -2.268510103225708
                ],
                [
                    3.7252898543727042e-09,
                    0.993046760559082,
                    0.11772086471319199,
                    0.47454795241355896
                ],
                [
                    0.0,
                    0.0,
                    0.0,
                    1.0
                ]
            ]
        },
        {
            "file_path": "/data/shapenet_blender/all_50_random/02958343/4b6e6fa36c1e6f865cb51d79fcf5dad4/r_6",
            "rotation": 0.12566370614359174,
            "transform_matrix": [
                [
                    0.3579707741737366,
                    0.5774984359741211,
                    -0.7337250113487244,
                    -2.957740068435669
                ],
                [
                    -0.9337327480316162,
                    0.22139908373355865,
                    -0.2812926173210144,
                    -1.1339268684387207
                ],
                [
                    -1.4901161193847656e-08,
                    0.7857974767684937,
                    0.6184836626052856,
                    2.493187427520752
                ],
                [
                    0.0,
                    0.0,
                    0.0,
                    1.0
                ]
            ]
        },
        {
            "file_path": "/data/shapenet_blender/all_50_random/02958343/4b6e6fa36c1e6f865cb51d79fcf5dad4/r_7",
            "rotation": 0.12566370614359174,
            "transform_matrix": [
                [
                    -0.9531320333480835,
                    0.05065922439098358,
                    0.2982836067676544,
                    1.2024197578430176
                ],
                [
                    0.3025549352169037,
                    0.15959058701992035,
                    0.9396761059761047,
                    3.7879557609558105
                ],
                [
                    3.725290742551124e-09,
                    0.985882580280304,
                    -0.1674380749464035,
                    -0.6749645471572876
                ],
                [
                    0.0,
                    0.0,
                    0.0,
                    1.0
                ]
            ]
        },
        {
            "file_path": "/data/shapenet_blender/all_50_random/02958343/4b6e6fa36c1e6f865cb51d79fcf5dad4/r_8",
            "rotation": 0.12566370614359174,
            "transform_matrix": [
                [
                    0.2783394753932953,
                    -0.4619939625263214,
                    0.8420740365982056,
                    3.3945090770721436
                ],
                [
                    0.9604827165603638,
                    0.13388179242610931,
                    -0.24402567744255066,
                    -0.9836989641189575
                ],
                [
                    0.0,
                    0.8767195343971252,
                    0.4810018241405487,
                    1.9389803409576416
                ],
                [
                    0.0,
                    0.0,
                    0.0,
                    1.0
                ]
            ]
        },
        {
            "file_path": "/data/shapenet_blender/all_50_random/02958343/4b6e6fa36c1e6f865cb51d79fcf5dad4/r_9",
            "rotation": 0.12566370614359174,
            "transform_matrix": [
                [
                    -0.9959193468093872,
                    0.0172684658318758,
                    -0.0885796770453453,
                    -0.35707610845565796
                ],
                [
                    -0.09024720638990402,
                    -0.19056546688079834,
                    0.9775173664093018,
                    3.9404985904693604
                ],
                [
                    -1.862645149230957e-09,
                    0.9815224409103394,
                    0.19134628772735596,
                    0.7713415622711182
                ],
                [
                    0.0,
                    0.0,
                    0.0,
                    1.0
                ]
            ]
        },
        {
            "file_path": "/data/shapenet_blender/all_50_random/02958343/4b6e6fa36c1e6f865cb51d79fcf5dad4/r_10",
            "rotation": 0.12566370614359174,
            "transform_matrix": [
                [
                    0.7613797187805176,
                    -0.006435125134885311,
                    0.6482741832733154,
                    2.613276958465576
                ],
                [
                    0.6483061909675598,
                    0.007557499688118696,
                    -0.7613421678543091,
                    -3.069068670272827
                ],
                [
                    0.0,
                    0.9999507665634155,
                    0.00992605835199356,
                    0.04001322388648987
                ],
                [
                    0.0,
                    0.0,
                    0.0,
                    1.0
                ]
            ]
        },
        {
            "file_path": "/data/shapenet_blender/all_50_random/02958343/4b6e6fa36c1e6f865cb51d79fcf5dad4/r_11",
            "rotation": 0.12566370614359174,
            "transform_matrix": [
                [
                    -0.9842734336853027,
                    -0.0872291624546051,
                    0.1536126434803009,
                    0.6192322969436646
                ],
                [
                    0.17665153741836548,
                    -0.4860266149044037,
                    0.8559044599533081,
                    3.450260877609253
                ],
                [
                    0.0,
                    0.8695798516273499,
                    0.4937922954559326,
                    1.9905401468276978
                ],
                [
                    0.0,
                    0.0,
                    0.0,
                    1.0
                ]
            ]
        },
        {
            "file_path": "/data/shapenet_blender/all_50_random/02958343/4b6e6fa36c1e6f865cb51d79fcf5dad4/r_12",
            "rotation": 0.12566370614359174,
            "transform_matrix": [
                [
                    -0.36543282866477966,
                    0.7351768612861633,
                    -0.5709410905838013,
                    -2.301537036895752
                ],
                [
                    -0.9308375716209412,
                    -0.28861939907073975,
                    0.2241428792476654,
                    0.9035488367080688
                ],
                [
                    -1.4901159417490817e-08,
                    0.613362729549408,
                    0.7898013591766357,
                    3.183791160583496
                ],
                [
                    0.0,
                    0.0,
                    0.0,
                    1.0
                ]
            ]
        },
        {
            "file_path": "/data/shapenet_blender/all_50_random/02958343/4b6e6fa36c1e6f865cb51d79fcf5dad4/r_13",
            "rotation": 0.12566370614359174,
            "transform_matrix": [
                [
                    0.8215512633323669,
                    0.008435922674834728,
                    -0.5700723528862,
                    -2.298034906387329
                ],
                [
                    -0.5701347589492798,
                    0.012155973352491856,
                    -0.8214613199234009,
                    -3.3114161491394043
                ],
                [
                    4.6566123179658803e-10,
                    0.9998906254768372,
                    0.014796368777751923,
                    0.059646062552928925
                ],
                [
                    0.0,
                    0.0,
                    0.0,
                    1.0
                ]
            ]
        },
        {
            "file_path": "/data/shapenet_blender/all_50_random/02958343/4b6e6fa36c1e6f865cb51d79fcf5dad4/r_14",
            "rotation": 0.12566370614359174,
            "transform_matrix": [
                [
                    -0.7298934459686279,
                    -0.4991779029369354,
                    -0.46698707342147827,
                    -1.8824851512908936
                ],
                [
                    -0.683560848236084,
                    0.5330128073692322,
                    0.4986400306224823,
                    2.010082244873047
                ],
                [
                    0.0,
                    0.6831681728363037,
                    -0.7302610278129578,
                    -2.9437763690948486
                ],
                [
                    0.0,
                    0.0,
                    0.0,
                    1.0
                ]
            ]
        },
        {
            "file_path": "/data/shapenet_blender/all_50_random/02958343/4b6e6fa36c1e6f865cb51d79fcf5dad4/r_15",
            "rotation": 0.12566370614359174,
            "transform_matrix": [
                [
                    0.9491993188858032,
                    -0.05201935023069382,
                    0.3103460669517517,
                    1.2510451078414917
                ],
                [
                    0.31467556953430176,
                    0.1569131314754486,
                    -0.9361396431922913,
                    -3.7736997604370117
                ],
                [
                    0.0,
                    0.9862414002418518,
                    0.1653110533952713,
                    0.6663902401924133
                ],
                [
                    0.0,
                    0.0,
                    0.0,
                    1.0
                ]
            ]
        },
        {
            "file_path": "/data/shapenet_blender/all_50_random/02958343/4b6e6fa36c1e6f865cb51d79fcf5dad4/r_16",
            "rotation": 0.12566370614359174,
            "transform_matrix": [
                [
                    -0.6172877550125122,
                    -0.5159256458282471,
                    0.5939498543739319,
                    2.3942887783050537
                ],
                [
                    0.7867374420166016,
                    -0.40480417013168335,
                    0.4660232961177826,
                    1.8786001205444336
                ],
                [
                    1.4901161193847656e-08,
                    0.7549530863761902,
                    0.6557786464691162,
                    2.643528461456299
                ],
                [
                    0.0,
                    0.0,
                    0.0,
                    1.0
                ]
            ]
        },
        {
            "file_path": "/data/shapenet_blender/all_50_random/02958343/4b6e6fa36c1e6f865cb51d79fcf5dad4/r_17",
            "rotation": 0.12566370614359174,
            "transform_matrix": [
                [
                    0.9871451258659363,
                    0.04692552238702774,
                    -0.15278266370296478,
                    -0.6158866882324219
                ],
                [
                    -0.1598266363143921,
                    0.28982841968536377,
                    -0.9436390995979309,
                    -3.80393123626709
                ],
                [
                    3.725290298461914e-09,
                    0.9559276103973389,
                    0.2936025857925415,
                    1.1835500001907349
                ],
                [
                    0.0,
                    0.0,
                    0.0,
                    1.0
                ]
            ]
        },
        {
            "file_path": "/data/shapenet_blender/all_50_random/02958343/4b6e6fa36c1e6f865cb51d79fcf5dad4/r_18",
            "rotation": 0.12566370614359174,
            "transform_matrix": [
                [
                    0.8222126960754395,
                    0.39618104696273804,
                    -0.40866488218307495,
                    -1.6473808288574219
                ],
                [
                    -0.5691805481910706,
                    0.5723053216934204,
                    -0.590338945388794,
                    -2.379732370376587
                ],
                [
                    0.0,
                    0.7179880738258362,
                    0.6960552930831909,
                    2.8058886528015137
                ],
                [
                    0.0,
                    0.0,
                    0.0,
                    1.0
                ]
            ]
        },
        {
            "file_path": "/data/shapenet_blender/all_50_random/02958343/4b6e6fa36c1e6f865cb51d79fcf5dad4/r_19",
            "rotation": 0.12566370614359174,
            "transform_matrix": [
                [
                    -0.7801671624183655,
                    -0.6219120621681213,
                    -0.0675625279545784,
                    -0.27235326170921326
                ],
                [
                    -0.6255712509155273,
                    0.775603711605072,
                    0.08425909280776978,
                    0.33965927362442017
                ],
                [
                    0.0,
                    0.10800116509199142,
                    -0.994150698184967,
                    -4.00754976272583
                ],
                [
                    0.0,
                    0.0,
                    0.0,
                    1.0
                ]
            ]
        },
        {
            "file_path": "/data/shapenet_blender/all_50_random/02958343/4b6e6fa36c1e6f865cb51d79fcf5dad4/r_20",
            "rotation": 0.12566370614359174,
            "transform_matrix": [
                [
                    0.6660691499710083,
                    0.39308446645736694,
                    -0.6339057683944702,
                    -2.5553557872772217
                ],
                [
                    -0.7458900809288025,
                    0.3510188162326813,
                    -0.5660687685012817,
                    -2.2818961143493652
                ],
                [
                    1.4901162970204496e-08,
                    0.8498649001121521,
                    0.5270006060600281,
                    2.1244072914123535
                ],
                [
                    0.0,
                    0.0,
                    0.0,
                    1.0
                ]
            ]
        },
        {
            "file_path": "/data/shapenet_blender/all_50_random/02958343/4b6e6fa36c1e6f865cb51d79fcf5dad4/r_21",
            "rotation": 0.12566370614359174,
            "transform_matrix": [
                [
                    -0.23096787929534912,
                    -0.23400533199310303,
                    -0.9444020986557007,
                    -3.807006597518921
                ],
                [
                    -0.9729613661766052,
                    0.055549707263708115,
                    0.22418829798698425,
                    0.9037319421768188
                ],
                [
                    3.725290076417309e-09,
                    0.9706470370292664,
                    -0.24050834774971008,
                    -0.9695201516151428
                ],
                [
                    0.0,
                    0.0,
                    0.0,
                    1.0
                ]
            ]
        },
        {
            "file_path": "/data/shapenet_blender/all_50_random/02958343/4b6e6fa36c1e6f865cb51d79fcf5dad4/r_22",
            "rotation": 0.12566370614359174,
            "transform_matrix": [
                [
                    -0.9259408116340637,
                    -0.15161250531673431,
                    0.34590068459510803,
                    1.3943703174591064
                ],
                [
                    0.37766870856285095,
                    -0.3717125654220581,
                    0.8480542898178101,
                    3.41861629486084
                ],
                [
                    0.0,
                    0.9158838987350464,
                    0.40144309401512146,
                    1.6182688474655151
                ],
                [
                    0.0,
                    0.0,
                    0.0,
                    1.0
                ]
            ]
        },
        {
            "file_path": "/data/shapenet_blender/all_50_random/02958343/4b6e6fa36c1e6f865cb51d79fcf5dad4/r_23",
            "rotation": 0.12566370614359174,
            "transform_matrix": [
                [
                    0.7867184281349182,
                    0.0038169159088283777,
                    -0.6173001527786255,
                    -2.4884164333343506
                ],
                [
                    -0.617311954498291,
                    0.004864376969635487,
                    -0.7867034077644348,
                    -3.1713027954101562
                ],
                [
                    0.0,
                    0.9999809861183167,
                    0.006183122284710407,
                    0.02492496371269226
                ],
                [
                    0.0,
                    0.0,
                    0.0,
                    1.0
                ]
            ]
        },
        {
            "file_path": "/data/shapenet_blender/all_50_random/02958343/4b6e6fa36c1e6f865cb51d79fcf5dad4/r_24",
            "rotation": 0.12566370614359174,
            "transform_matrix": [
                [
                    -0.4730636477470398,
                    0.33222904801368713,
                    0.8159868717193604,
                    3.2893483638763428
                ],
                [
                    0.8810282945632935,
                    0.17838871479034424,
                    0.43814000487327576,
                    1.7661988735198975
                ],
                [
                    0.0,
                    0.9261756539344788,
                    -0.3770923614501953,
                    -1.5201079845428467
                ],
                [
                    0.0,
                    0.0,
                    0.0,
                    1.0
                ]
            ]
        },
        {
            "file_path": "/data/shapenet_blender/all_50_random/02958343/4b6e6fa36c1e6f865cb51d79fcf5dad4/r_25",
            "rotation": 0.12566370614359174,
            "transform_matrix": [
                [
                    0.8138058185577393,
                    0.039936166256666183,
                    0.5797631740570068,
                    2.337100028991699
                ],
                [
                    0.5811370611190796,
                    -0.05592533200979233,
                    -0.8118818402290344,
                    -3.2728004455566406
                ],
                [
                    0.0,
                    0.9976357817649841,
                    -0.0687207579612732,
                    -0.27702224254608154
                ],
                [
                    0.0,
                    0.0,
                    0.0,
                    1.0
                ]
            ]
        },
        {
            "file_path": "/data/shapenet_blender/all_50_random/02958343/4b6e6fa36c1e6f865cb51d79fcf5dad4/r_26",
            "rotation": 0.12566370614359174,
            "transform_matrix": [
                [
                    0.8928159475326538,
                    0.04248061776161194,
                    0.44841405749320984,
                    1.8076149225234985
                ],
                [
                    0.4504217803478241,
                    -0.08420412987470627,
                    -0.8888362646102905,
                    -3.5830135345458984
                ],
                [
                    3.725290298461914e-09,
                    0.9955426454544067,
                    -0.09431298077106476,
                    -0.3801877796649933
                ],
                [
                    0.0,
                    0.0,
                    0.0,
                    1.0
                ]
            ]
        },
        {
            "file_path": "/data/shapenet_blender/all_50_random/02958343/4b6e6fa36c1e6f865cb51d79fcf5dad4/r_27",
            "rotation": 0.12566370614359174,
            "transform_matrix": [
                [
                    -0.9987357258796692,
                    -0.0021739338990300894,
                    -0.05022198706865311,
                    -0.20245130360126495
                ],
                [
                    -0.05026901513338089,
                    0.043191324919462204,
                    0.9978013634681702,
                    4.022265911102295
                ],
                [
                    0.0,
                    0.9990644454956055,
                    -0.04324600100517273,
                    -0.1743302047252655
                ],
                [
                    0.0,
                    0.0,
                    0.0,
                    1.0
                ]
            ]
        },
        {
            "file_path": "/data/shapenet_blender/all_50_random/02958343/4b6e6fa36c1e6f865cb51d79fcf5dad4/r_28",
            "rotation": 0.12566370614359174,
            "transform_matrix": [
                [
                    -0.9933953285217285,
                    -0.07083767652511597,
                    0.09026548266410828,
                    0.36387181282043457
                ],
                [
                    0.1147424653172493,
                    -0.6132848262786865,
                    0.7814831137657166,
                    3.150259256362915
                ],
                [
                    0.0,
                    0.7866788506507874,
                    0.6173623204231262,
                    2.4886670112609863
                ],
                [
                    0.0,
                    0.0,
                    0.0,
                    1.0
                ]
            ]
        },
        {
            "file_path": "/data/shapenet_blender/all_50_random/02958343/4b6e6fa36c1e6f865cb51d79fcf5dad4/r_29",
            "rotation": 0.12566370614359174,
            "transform_matrix": [
                [
                    0.33634695410728455,
                    -0.3729957938194275,
                    -0.8647224307060242,
                    -3.4858076572418213
                ],
                [
                    -0.9417382478713989,
                    -0.1332174837589264,
                    -0.3088403344154358,
                    -1.244975209236145
                ],
                [
                    0.0,
                    0.9182196259498596,
                    -0.39607158303260803,
                    -1.5966156721115112
                ],
                [
                    0.0,
                    0.0,
                    0.0,
                    1.0
                ]
            ]
        },
        {
            "file_path": "/data/shapenet_blender/all_50_random/02958343/4b6e6fa36c1e6f865cb51d79fcf5dad4/r_30",
            "rotation": 0.12566370614359174,
            "transform_matrix": [
                [
                    0.39168858528137207,
                    -0.42445510625839233,
                    -0.8163442015647888,
                    -3.2907886505126953
                ],
                [
                    -0.9200977683067322,
                    -0.1806919127702713,
                    -0.3475203514099121,
                    -1.4008992910385132
                ],
                [
                    0.0,
                    0.8872362375259399,
                    -0.46131524443626404,
                    -1.859621286392212
                ],
                [
                    0.0,
                    0.0,
                    0.0,
                    1.0
                ]
            ]
        },
        {
            "file_path": "/data/shapenet_blender/all_50_random/02958343/4b6e6fa36c1e6f865cb51d79fcf5dad4/r_31",
            "rotation": 0.12566370614359174,
            "transform_matrix": [
                [
                    0.9994339346885681,
                    0.0017497616354376078,
                    -0.03359803557395935,
                    -0.1354379951953888
                ],
                [
                    -0.03364356607198715,
                    0.05197935923933983,
                    -0.9980813264846802,
                    -4.0233941078186035
                ],
                [
                    -1.1641532182693481e-10,
                    0.9986465573310852,
                    0.05200881510972977,
                    0.20965421199798584
                ],
                [
                    0.0,
                    0.0,
                    0.0,
                    1.0
                ]
            ]
        },
        {
            "file_path": "/data/shapenet_blender/all_50_random/02958343/4b6e6fa36c1e6f865cb51d79fcf5dad4/r_32",
            "rotation": 0.12566370614359174,
            "transform_matrix": [
                [
                    -0.20576928555965424,
                    0.32090309262275696,
                    -0.9244891405105591,
                    -3.7267348766326904
                ],
                [
                    -0.9786005616188049,
                    -0.06747594475746155,
                    0.19439132511615753,
                    0.7836164832115173
                ],
                [
                    -3.725290298461914e-09,
                    0.9447053074836731,
                    0.32792043685913086,
                    1.3218895196914673
                ],
                [
                    0.0,
                    0.0,
                    0.0,
                    1.0
                ]
            ]
        },
        {
            "file_path": "/data/shapenet_blender/all_50_random/02958343/4b6e6fa36c1e6f865cb51d79fcf5dad4/r_33",
            "rotation": 0.12566370614359174,
            "transform_matrix": [
                [
                    0.8711761832237244,
                    0.4747162163257599,
                    0.12528614699840546,
                    0.50504469871521
                ],
                [
                    0.490970641374588,
                    -0.8423343896865845,
                    -0.2223072052001953,
                    -0.8961490392684937
                ],
                [
                    0.0,
                    0.2551805377006531,
                    -0.9668933153152466,
                    -3.897671937942505
                ],
                [
                    0.0,
                    0.0,
                    0.0,
                    1.0
                ]
            ]
        },
        {
            "file_path": "/data/shapenet_blender/all_50_random/02958343/4b6e6fa36c1e6f865cb51d79fcf5dad4/r_34",
            "rotation": 0.12566370614359174,
            "transform_matrix": [
                [
                    0.7285962700843811,
                    -0.2603176534175873,
                    -0.633547306060791,
                    -2.553910970687866
                ],
                [
                    -0.6849434971809387,
                    -0.2769082188606262,
                    -0.6739245653152466,
                    -2.716676712036133
                ],
                [
                    0.0,
                    0.9249629974365234,
                    -0.380057156085968,
                    -1.5320594310760498
                ],
                [
                    0.0,
                    0.0,
                    0.0,
                    1.0
                ]
            ]
        },
        {
            "file_path": "/data/shapenet_blender/all_50_random/02958343/4b6e6fa36c1e6f865cb51d79fcf5dad4/r_35",
            "rotation": 0.12566370614359174,
            "transform_matrix": [
                [
                    -0.19142219424247742,
                    0.6304383277893066,
                    -0.7522665858268738,
                    -3.0324835777282715
                ],
                [
                    -0.9815078973770142,
                    -0.12295355647802353,
                    0.14671355485916138,
                    0.5914212465286255
                ],
                [
                    7.450581485102248e-09,
                    0.7664396166801453,
                    0.6423161625862122,
                    2.589259147644043
                ],
                [
                    0.0,
                    0.0,
                    0.0,
                    1.0
                ]
            ]
        },
        {
            "file_path": "/data/shapenet_blender/all_50_random/02958343/4b6e6fa36c1e6f865cb51d79fcf5dad4/r_36",
            "rotation": 0.12566370614359174,
            "transform_matrix": [
                [
                    0.6048092246055603,
                    -0.10151944309473038,
                    -0.7898730635643005,
                    -3.1840803623199463
                ],
                [
                    -0.7963703870773315,
                    -0.07709967344999313,
                    -0.5998747944831848,
                    -2.418172836303711
                ],
                [
                    0.0,
                    0.9918413162231445,
                    -0.12747766077518463,
                    -0.5138789415359497
                ],
                [
                    0.0,
                    0.0,
                    0.0,
                    1.0
                ]
            ]
        },
        {
            "file_path": "/data/shapenet_blender/all_50_random/02958343/4b6e6fa36c1e6f865cb51d79fcf5dad4/r_37",
            "rotation": 0.12566370614359174,
            "transform_matrix": [
                [
                    0.970419704914093,
                    -0.07129848748445511,
                    -0.2306559681892395,
                    -0.9298039674758911
                ],
                [
                    -0.24142423272132874,
                    -0.2865886986255646,
                    -0.9271360039710999,
                    -3.7374048233032227
                ],
                [
                    0.0,
                    0.9553969502449036,
                    -0.29532450437545776,
                    -1.1904911994934082
                ],
                [
                    0.0,
                    0.0,
                    0.0,
                    1.0
                ]
            ]
        },
        {
            "file_path": "/data/shapenet_blender/all_50_random/02958343/4b6e6fa36c1e6f865cb51d79fcf5dad4/r_38",
            "rotation": 0.12566370614359174,
            "transform_matrix": [
                [
                    0.9755299091339111,
                    0.03484741598367691,
                    0.21708782017230988,
                    0.8751089572906494
                ],
                [
                    0.21986693143844604,
                    -0.1546148657798767,
                    -0.963199257850647,
                    -3.882780075073242
                ],
                [
                    0.0,
                    0.9873599410057068,
                    -0.15849323570728302,
                    -0.6389066576957703
                ],
                [
                    0.0,
                    0.0,
                    0.0,
                    1.0
                ]
            ]
        },
        {
            "file_path": "/data/shapenet_blender/all_50_random/02958343/4b6e6fa36c1e6f865cb51d79fcf5dad4/r_39",
            "rotation": 0.12566370614359174,
            "transform_matrix": [
                [
                    0.9510427117347717,
                    -0.07690110802650452,
                    -0.2993389964103699,
                    -1.2066742181777954
                ],
                [
                    -0.3090592324733734,
                    -0.23664146661758423,
                    -0.9211313724517822,
                    -3.7131996154785156
                ],
                [
                    7.450580152834618e-09,
                    0.9685489535331726,
                    -0.2488231211900711,
                    -1.0030381679534912
                ],
                [
                    0.0,
                    0.0,
                    0.0,
                    1.0
                ]
            ]
        },
        {
            "file_path": "/data/shapenet_blender/all_50_random/02958343/4b6e6fa36c1e6f865cb51d79fcf5dad4/r_40",
            "rotation": 0.12566370614359174,
            "transform_matrix": [
                [
                    0.040007323026657104,
                    0.2810947895050049,
                    0.9588456153869629,
                    3.8652305603027344
                ],
                [
                    0.9991994500160217,
                    -0.011254861019551754,
                    -0.038391582667827606,
                    -0.1547614336013794
                ],
                [
                    0.0,
                    0.9596139192581177,
                    -0.2813200056552887,
                    -1.1340373754501343
                ],
                [
                    0.0,
                    0.0,
                    0.0,
                    1.0
                ]
            ]
        },
        {
            "file_path": "/data/shapenet_blender/all_50_random/02958343/4b6e6fa36c1e6f865cb51d79fcf5dad4/r_41",
            "rotation": 0.12566370614359174,
            "transform_matrix": [
                [
                    -0.6398186087608337,
                    0.40789100527763367,
                    0.6513501405715942,
                    2.625676393508911
                ],
                [
                    0.7685259580612183,
                    0.3395802974700928,
                    0.5422666668891907,
                    2.1859469413757324
                ],
