{
    "class": "02958343",
    "model": "abb2cf2ed0d8679e9cace18601e5d3b5",
    "remove_doubles": true,
    "edge_split": true,
    "denoise": true,
    "camera_angle_x": 0.6911112070083618,
    "scale_factor": 2.517401688379483,
    "hdri_file": "/data/IndoorHDRDataset2018/9C4A1402-43e4a23c95.exr",
    "center_offset": [
        0.0,
        -2.0954757928848267e-09,
        0.0
    ],
    "lights": [],
    "frames": [
        {
            "file_path": "/data/shapenet_blender/all_50_random/02958343/abb2cf2ed0d8679e9cace18601e5d3b5/r_0",
            "rotation": 0.12566370614359174,
            "transform_matrix": [
                [
                    0.03370339423418045,
                    -0.5727913975715637,
                    0.8190078735351562,
                    3.3015265464782715
                ],
                [
                    0.9994319677352905,
                    0.019315987825393677,
                    -0.02761903591454029,
                    -0.11133590340614319
                ],
                [
                    0.0,
                    0.819473385810852,
                    0.5731170177459717,
                    2.3103089332580566
                ],
                [
                    0.0,
                    0.0,
                    0.0,
                    1.0
                ]
            ]
        },
        {
            "file_path": "/data/shapenet_blender/all_50_random/02958343/abb2cf2ed0d8679e9cace18601e5d3b5/r_1",
            "rotation": 0.12566370614359174,
            "transform_matrix": [
                [
                    -0.9995632171630859,
                    -0.014891852624714375,
                    0.025528259575366974,
                    0.1029077023267746
                ],
                [
                    0.029554346576333046,
                    -0.5036602020263672,
                    0.8633961081504822,
                    3.4804611206054688
                ],
                [
                    9.313225746154785e-10,
                    0.8637732863426208,
                    0.5038803815841675,
                    2.0312068462371826
                ],
                [
                    0.0,
                    0.0,
                    0.0,
                    1.0
                ]
            ]
        },
        {
            "file_path": "/data/shapenet_blender/all_50_random/02958343/abb2cf2ed0d8679e9cace18601e5d3b5/r_2",
            "rotation": 0.12566370614359174,
            "transform_matrix": [
                [
                    0.9992225766181946,
                    0.0006559482426382601,
                    -0.03941982612013817,
                    -0.15890640020370483
                ],
                [
                    -0.039425287395715714,
                    0.016624821349978447,
                    -0.9990841746330261,
                    -4.027437210083008
                ],
                [
                    5.820766785236131e-11,
                    0.9998615384101868,
                    0.016637755557894707,
                    0.06706893444061279
                ],
                [
                    0.0,
                    0.0,
                    0.0,
                    1.0
                ]
            ]
        },
        {
            "file_path": "/data/shapenet_blender/all_50_random/02958343/abb2cf2ed0d8679e9cace18601e5d3b5/r_3",
            "rotation": 0.12566370614359174,
            "transform_matrix": [
                [
                    -0.2529491186141968,
                    -0.8076233267784119,
                    -0.5326923727989197,
                    -2.1473519802093506
                ],
                [
                    -0.9674795866012573,
                    0.21115444600582123,
                    0.13927330076694489,
                    0.5614286661148071
                ],
                [
                    0.0,
                    0.5505980849266052,
                    -0.8347703814506531,
                    -3.36506724357605
                ],
                [
                    0.0,
                    0.0,
                    0.0,
                    1.0
                ]
            ]
        },
        {
            "file_path": "/data/shapenet_blender/all_50_random/02958343/abb2cf2ed0d8679e9cace18601e5d3b5/r_4",
            "rotation": 0.12566370614359174,
            "transform_matrix": [
                [
                    -0.7171586751937866,
                    -0.48120197653770447,
                    -0.5041110515594482,
                    -2.032136917114258
                ],
                [
                    -0.6969099044799805,
                    0.4951833486557007,
                    0.5187580585479736,
                    2.0911808013916016
                ],
                [
                    0.0,
                    0.7233519554138184,
                    -0.6904794573783875,
                    -2.783411979675293
                ],
                [
                    0.0,
                    0.0,
                    0.0,
                    1.0
                ]
            ]
        },
        {
            "file_path": "/data/shapenet_blender/all_50_random/02958343/abb2cf2ed0d8679e9cace18601e5d3b5/r_5",
            "rotation": 0.12566370614359174,
            "transform_matrix": [
                [
                    0.19059623777866364,
                    -0.15990787744522095,
                    0.9685568809509277,
                    3.9043779373168945
                ],
                [
                    0.9816685914993286,
                    0.031046973541378975,
                    -0.1880505084991455,
                    -0.7580559253692627
                ],
                [
                    -1.862645371275562e-09,
                    0.9866435527801514,
                    0.16289396584033966,
                    0.6566466689109802
                ],
                [
                    0.0,
                    0.0,
                    0.0,
                    1.0
                ]
            ]
        },
        {
            "file_path": "/data/shapenet_blender/all_50_random/02958343/abb2cf2ed0d8679e9cace18601e5d3b5/r_6",
            "rotation": 0.12566370614359174,
            "transform_matrix": [
                [
                    -0.9955147504806519,
                    -0.02352399192750454,
                    0.09163518249988556,
                    0.3693932592868805
                ],
                [
                    0.09460648149251938,
                    -0.24753572046756744,
                    0.9642487168312073,
                    3.8870110511779785
                ],
                [
                    1.862645149230957e-09,
                    0.9685930609703064,
                    0.24865098297595978,
                    1.0023442506790161
                ],
                [
                    0.0,
                    0.0,
                    0.0,
                    1.0
                ]
            ]
        },
        {
            "file_path": "/data/shapenet_blender/all_50_random/02958343/abb2cf2ed0d8679e9cace18601e5d3b5/r_7",
            "rotation": 0.12566370614359174,
            "transform_matrix": [
                [
                    0.7794367074966431,
                    0.33281373977661133,
                    0.5307669043540955,
                    2.139589786529541
                ],
                [
                    0.6264810562133789,
                    -0.41407036781311035,
                    -0.6603538990020752,
                    -2.6619718074798584
                ],
                [
                    -1.4901161193847656e-08,
                    0.8472194671630859,
                    -0.531243085861206,
                    -2.1415092945098877
                ],
                [
                    0.0,
                    0.0,
                    0.0,
                    1.0
                ]
            ]
        },
        {
            "file_path": "/data/shapenet_blender/all_50_random/02958343/abb2cf2ed0d8679e9cace18601e5d3b5/r_8",
            "rotation": 0.12566370614359174,
            "transform_matrix": [
                [
                    -0.9503896236419678,
                    -0.21081452071666718,
                    0.22872868180274963,
                    0.9220348000526428
                ],
                [
                    0.3110620379447937,
                    -0.6441028118133545,
                    0.698836088180542,
                    2.817098379135132
                ],
                [
                    0.0,
                    0.7353153824806213,
                    0.677725076675415,
                    2.73199725151062
                ],
                [
                    0.0,
                    0.0,
                    0.0,
                    1.0
                ]
            ]
        },
        {
            "file_path": "/data/shapenet_blender/all_50_random/02958343/abb2cf2ed0d8679e9cace18601e5d3b5/r_9",
            "rotation": 0.12566370614359174,
            "transform_matrix": [
                [
                    0.1565161496400833,
                    -0.25955525040626526,
                    -0.9529604911804199,
                    -3.8415067195892334
                ],
                [
                    -0.9876754879951477,
                    -0.04113151133060455,
                    -0.15101489424705505,
                    -0.6087605357170105
                ],
                [
                    7.450581485102248e-09,
                    0.9648518562316895,
                    -0.2627940773963928,
                    -1.0593568086624146
                ],
                [
                    0.0,
                    0.0,
                    0.0,
                    1.0
                ]
            ]
        },
        {
            "file_path": "/data/shapenet_blender/all_50_random/02958343/abb2cf2ed0d8679e9cace18601e5d3b5/r_10",
            "rotation": 0.12566370614359174,
            "transform_matrix": [
                [
                    0.42203420400619507,
                    -0.27995604276657104,
                    0.8622711896896362,
                    3.475926637649536
                ],
                [
                    0.9065799117088318,
                    0.13032609224319458,
                    -0.4014074504375458,
                    -1.618125319480896
                ],
                [
                    0.0,
                    0.9511255025863647,
                    0.30880460143089294,
                    1.2448313236236572
                ],
                [
                    0.0,
                    0.0,
                    0.0,
                    1.0
                ]
            ]
        },
        {
            "file_path": "/data/shapenet_blender/all_50_random/02958343/abb2cf2ed0d8679e9cace18601e5d3b5/r_11",
            "rotation": 0.12566370614359174,
            "transform_matrix": [
                [
                    -0.9522711038589478,
                    -0.23985198140144348,
                    -0.18881458044052124,
                    -0.7611360549926758
                ],
                [
                    -0.30525389313697815,
                    0.7482430338859558,
                    0.5890266299247742,
                    2.3744425773620605
                ],
                [
                    0.0,
                    0.6185494065284729,
                    -0.7857457399368286,
                    -3.167442798614502
                ],
                [
                    0.0,
                    0.0,
                    0.0,
                    1.0
                ]
            ]
        },
        {
            "file_path": "/data/shapenet_blender/all_50_random/02958343/abb2cf2ed0d8679e9cace18601e5d3b5/r_12",
            "rotation": 0.12566370614359174,
            "transform_matrix": [
                [
                    -0.3449624478816986,
                    -0.020061006769537926,
                    -0.9384020566940308,
                    -3.7828197479248047
                ],
                [
                    -0.9386163949966431,
                    0.0073728677816689014,
                    0.34488368034362793,
                    1.3902705907821655
                ],
                [
                    4.656612873077393e-10,
                    0.9997714757919312,
                    -0.021372957155108452,
                    -0.08615714311599731
                ],
                [
                    0.0,
                    0.0,
                    0.0,
                    1.0
                ]
            ]
        },
        {
            "file_path": "/data/shapenet_blender/all_50_random/02958343/abb2cf2ed0d8679e9cace18601e5d3b5/r_13",
            "rotation": 0.12566370614359174,
            "transform_matrix": [
                [
                    0.4567244052886963,
                    -0.17490451037883759,
                    -0.8722448348999023,
                    -3.516131639480591
                ],
                [
                    -0.8896081447601318,
                    -0.08979589492082596,
                    -0.4478100836277008,
                    -1.805180311203003
                ],
                [
                    -7.450580152834618e-09,
                    0.9804820418357849,
                    -0.19660846889019012,
                    -0.7925541400909424
                ],
                [
                    0.0,
                    0.0,
                    0.0,
                    1.0
                ]
            ]
        },
        {
            "file_path": "/data/shapenet_blender/all_50_random/02958343/abb2cf2ed0d8679e9cace18601e5d3b5/r_14",
            "rotation": 0.12566370614359174,
            "transform_matrix": [
                [
                    0.37873050570487976,
                    0.4081238806247711,
                    -0.8306612372398376,
                    -3.3485026359558105
                ],
                [
                    -0.925507128238678,
                    0.16701000928878784,
                    -0.33991822600364685,
                    -1.3702541589736938
                ],
                [
                    0.0,
                    0.897520124912262,
                    0.44097331166267395,
                    1.7776203155517578
                ],
                [
                    0.0,
                    0.0,
                    0.0,
                    1.0
                ]
            ]
        },
        {
            "file_path": "/data/shapenet_blender/all_50_random/02958343/abb2cf2ed0d8679e9cace18601e5d3b5/r_15",
            "rotation": 0.12566370614359174,
            "transform_matrix": [
                [
                    0.911820113658905,
                    -0.334957093000412,
                    -0.23746146261692047,
                    -0.9572377800941467
                ],
                [
                    -0.41059011220932007,
                    -0.7438576817512512,
                    -0.52734375,
                    -2.125790596008301
                ],
                [
                    0.0,
                    0.5783418416976929,
                    -0.8157944083213806,
                    -3.2885725498199463
                ],
                [
                    0.0,
                    0.0,
                    0.0,
                    1.0
                ]
            ]
        },
        {
            "file_path": "/data/shapenet_blender/all_50_random/02958343/abb2cf2ed0d8679e9cace18601e5d3b5/r_16",
            "rotation": 0.12566370614359174,
            "transform_matrix": [
                [
                    0.8388858437538147,
                    0.009589726105332375,
                    0.5442229509353638,
                    2.1938328742980957
                ],
                [
                    0.5443074107170105,
                    -0.014779673889279366,
                    -0.8387556672096252,
                    -3.381132125854492
                ],
                [
                    0.0,
                    0.9998446702957153,
                    -0.017618220299482346,
                    -0.07102131843566895
                ],
                [
                    0.0,
                    0.0,
                    0.0,
                    1.0
                ]
            ]
        },
        {
            "file_path": "/data/shapenet_blender/all_50_random/02958343/abb2cf2ed0d8679e9cace18601e5d3b5/r_17",
            "rotation": 0.12566370614359174,
            "transform_matrix": [
                [
                    0.6662436723709106,
                    -0.07546897232532501,
                    -0.7419056296348572,
                    -2.9907169342041016
                ],
                [
                    -0.7457342147827148,
                    -0.06742445379495621,
                    -0.6628232002258301,
                    -2.6719255447387695
                ],
                [
                    3.725290298461914e-09,
                    0.994865894317627,
                    -0.10120093077421188,
                    -0.4079539477825165
                ],
                [
                    0.0,
                    0.0,
                    0.0,
                    1.0
                ]
            ]
        },
        {
            "file_path": "/data/shapenet_blender/all_50_random/02958343/abb2cf2ed0d8679e9cace18601e5d3b5/r_18",
            "rotation": 0.12566370614359174,
            "transform_matrix": [
                [
                    0.8088178038597107,
                    0.18432459235191345,
                    -0.5584246516227722,
                    -2.251081705093384
                ],
                [
                    -0.5880591869354248,
                    0.2535204291343689,
                    -0.7680584192276001,
                    -3.096142530441284
                ],
                [
                    0.0,
                    0.94960618019104,
                    0.3134455978870392,
                    1.2635396718978882
                ],
                [
                    0.0,
                    0.0,
                    0.0,
                    1.0
                ]
            ]
        },
        {
            "file_path": "/data/shapenet_blender/all_50_random/02958343/abb2cf2ed0d8679e9cace18601e5d3b5/r_19",
            "rotation": 0.12566370614359174,
            "transform_matrix": [
                [
                    -0.9964631795883179,
                    0.06788626313209534,
                    0.04952346161007881,
                    0.19963547587394714
                ],
                [
                    0.08403045684099197,
                    0.8050195574760437,
                    0.5872668027877808,
                    2.3673484325408936
                ],
                [
                    -3.7252898543727042e-09,
                    0.589351236820221,
                    -0.8078768253326416,
                    -3.2566559314727783
                ],
                [
                    0.0,
                    0.0,
                    0.0,
                    1.0
                ]
            ]
        },
        {
            "file_path": "/data/shapenet_blender/all_50_random/02958343/abb2cf2ed0d8679e9cace18601e5d3b5/r_20",
            "rotation": 0.12566370614359174,
            "transform_matrix": [
                [
                    -0.6997984051704407,
                    0.16647028923034668,
                    0.6946724057197571,
                    2.80031418800354
                ],
                [
                    0.7143404483795166,
                    0.16308140754699707,
                    0.6805307865142822,
                    2.743307590484619
                ],
                [
                    0.0,
                    0.9724670052528381,
                    -0.23304054141044617,
                    -0.9394165277481079
                ],
                [
                    0.0,
                    0.0,
                    0.0,
                    1.0
                ]
            ]
        },
        {
            "file_path": "/data/shapenet_blender/all_50_random/02958343/abb2cf2ed0d8679e9cace18601e5d3b5/r_21",
            "rotation": 0.12566370614359174,
            "transform_matrix": [
                [
                    0.9973118305206299,
                    0.04852905124425888,
                    -0.05490195006132126,
                    -0.2213168442249298
                ],
                [
                    -0.07327546179294586,
                    0.6605020761489868,
                    -0.7472400665283203,
                    -3.012221097946167
                ],
                [
                    0.0,
                    0.7492542266845703,
                    0.6622824668884277,
                    2.669745922088623
                ],
                [
                    0.0,
                    0.0,
                    0.0,
                    1.0
                ]
            ]
        },
        {
            "file_path": "/data/shapenet_blender/all_50_random/02958343/abb2cf2ed0d8679e9cace18601e5d3b5/r_22",
            "rotation": 0.12566370614359174,
            "transform_matrix": [
                [
                    -0.8186221122741699,
                    -0.43384185433387756,
                    -0.376349538564682,
                    -1.5171135663986206
                ],
                [
                    -0.5743323564529419,
                    0.6183745861053467,
                    0.5364281535148621,
                    2.1624109745025635
                ],
                [
                    1.4901160305669237e-08,
                    0.6552817225456238,
                    -0.7553845643997192,
                    -3.0450525283813477
                ],
                [
                    0.0,
                    0.0,
                    0.0,
                    1.0
                ]
            ]
        },
        {
            "file_path": "/data/shapenet_blender/all_50_random/02958343/abb2cf2ed0d8679e9cace18601e5d3b5/r_23",
            "rotation": 0.12566370614359174,
            "transform_matrix": [
                [
                    0.9299540519714355,
                    -0.12034285813570023,
                    -0.34742334485054016,
                    -1.4005084037780762
                ],
                [
                    -0.36767566204071045,
                    -0.3043805956840515,
                    -0.878730297088623,
                    -3.5422754287719727
                ],
                [
                    -1.4901160305669237e-08,
                    0.9449180364608765,
                    -0.3273070454597473,
                    -1.3194169998168945
                ],
                [
                    0.0,
                    0.0,
                    0.0,
                    1.0
                ]
            ]
        },
        {
            "file_path": "/data/shapenet_blender/all_50_random/02958343/abb2cf2ed0d8679e9cace18601e5d3b5/r_24",
            "rotation": 0.12566370614359174,
            "transform_matrix": [
                [
                    0.7410556077957153,
                    -0.0882859155535698,
                    -0.6656141877174377,
                    -2.6831765174865723
                ],
                [
                    -0.6714437007904053,
                    -0.09743894636631012,
                    -0.7346217036247253,
                    -2.9613547325134277
                ],
                [
                    0.0,
                    0.9913178086280823,
                    -0.13148672878742218,
                    -0.5300399661064148
                ],
                [
                    0.0,
                    0.0,
                    0.0,
                    1.0
                ]
            ]
        },
        {
            "file_path": "/data/shapenet_blender/all_50_random/02958343/abb2cf2ed0d8679e9cace18601e5d3b5/r_25",
            "rotation": 0.12566370614359174,
            "transform_matrix": [
                [
                    -0.7480044960975647,
                    0.35157981514930725,
                    -0.5629218220710754,
                    -2.2692103385925293
                ],
                [
                    -0.6636936664581299,
                    -0.3962419629096985,
                    0.6344313025474548,
                    2.557474374771118
                ],
                [
                    0.0,
                    0.8481650948524475,
                    0.5297320485115051,
                    2.135418176651001
                ],
                [
                    0.0,
                    0.0,
                    0.0,
                    1.0
                ]
            ]
        },
        {
            "file_path": "/data/shapenet_blender/all_50_random/02958343/abb2cf2ed0d8679e9cace18601e5d3b5/r_26",
            "rotation": 0.12566370614359174,
            "transform_matrix": [
                [
                    0.9835940003395081,
                    0.1450900435447693,
                    0.10719995945692062,
                    0.4321368634700775
                ],
                [
                    0.1803966611623764,
                    -0.7910882830619812,
                    -0.5844966173171997,
                    -2.3561811447143555
                ],
                [
                    -7.450581485102248e-09,
                    0.5942458510398865,
                    -0.8042834401130676,
                    -3.2421703338623047
                ],
                [
                    0.0,
                    0.0,
                    0.0,
                    1.0
                ]
            ]
        },
        {
            "file_path": "/data/shapenet_blender/all_50_random/02958343/abb2cf2ed0d8679e9cace18601e5d3b5/r_27",
            "rotation": 0.12566370614359174,
            "transform_matrix": [
                [
                    0.10920057445764542,
                    -0.5192511677742004,
                    0.8476162552833557,
                    3.4168508052825928
                ],
                [
                    0.9940196871757507,
                    0.057043664157390594,
                    -0.09311705082654953,
                    -0.3753668963909149
                ],
                [
                    0.0,
                    0.852715790271759,
                    0.5223751068115234,
                    2.105761766433716
                ],
                [
                    0.0,
                    0.0,
                    0.0,
                    1.0
                ]
            ]
        },
        {
            "file_path": "/data/shapenet_blender/all_50_random/02958343/abb2cf2ed0d8679e9cace18601e5d3b5/r_28",
            "rotation": 0.12566370614359174,
            "transform_matrix": [
                [
                    0.980014443397522,
                    0.025505205616354942,
                    0.19728457927703857,
                    0.7952796220779419
                ],
                [
                    0.19892644882202148,
                    -0.12565182149410248,
                    -0.9719257950782776,
                    -3.9179582595825195
                ],
                [
                    1.8626450382086546e-09,
                    0.9917464852333069,
                    -0.1282142549753189,
                    -0.5168482065200806
                ],
                [
                    0.0,
                    0.0,
                    0.0,
                    1.0
                ]
            ]
        },
        {
            "file_path": "/data/shapenet_blender/all_50_random/02958343/abb2cf2ed0d8679e9cace18601e5d3b5/r_29",
            "rotation": 0.12566370614359174,
            "transform_matrix": [
                [
                    -0.9435717463493347,
                    0.006482560653239489,
                    -0.3311048150062561,
                    -1.3347262144088745
                ],
                [
                    -0.3311682939529419,
                    -0.018470248207449913,
                    0.9433909058570862,
                    3.8029303550720215
                ],
                [
                    9.313225746154785e-10,
                    0.9998084306716919,
                    0.01957482285797596,
                    0.07890863716602325
                ],
                [
                    0.0,
                    0.0,
                    0.0,
                    1.0
                ]
            ]
        },
        {
            "file_path": "/data/shapenet_blender/all_50_random/02958343/abb2cf2ed0d8679e9cace18601e5d3b5/r_30",
            "rotation": 0.12566370614359174,
            "transform_matrix": [
                [
                    0.3270856440067291,
                    -0.8733211159706116,
                    -0.3610057234764099,
                    -1.4552606344223022
                ],
                [
                    -0.9449946284294128,
                    -0.30227771401405334,
                    -0.12495287507772446,
                    -0.5037011504173279
                ],
                [
                    0.0,
                    0.38201889395713806,
                    -0.92415452003479,
                    -3.725386142730713
                ],
                [
                    0.0,
                    0.0,
                    0.0,
                    1.0
                ]
            ]
        },
        {
            "file_path": "/data/shapenet_blender/all_50_random/02958343/abb2cf2ed0d8679e9cace18601e5d3b5/r_31",
            "rotation": 0.12566370614359174,
            "transform_matrix": [
                [
                    -0.8670519590377808,
                    -0.1681750863790512,
                    -0.4689755439758301,
                    -1.8905010223388672
                ],
                [
                    -0.49821776151657104,
                    0.29267629981040955,
                    0.8161614537239075,
                    3.2900521755218506
                ],
                [
                    1.4901161193847656e-08,
                    0.9413063526153564,
                    -0.33755335211753845,
                    -1.360721230506897
                ],
                [
                    0.0,
                    0.0,
                    0.0,
                    1.0
                ]
            ]
        },
        {
            "file_path": "/data/shapenet_blender/all_50_random/02958343/abb2cf2ed0d8679e9cace18601e5d3b5/r_32",
            "rotation": 0.12566370614359174,
            "transform_matrix": [
                [
                    0.955183207988739,
                    -0.20608876645565033,
                    0.2124910056591034,
                    0.8565785884857178
                ],
                [
                    0.2960152328014374,
                    0.6650081276893616,
                    -0.6856669187545776,
                    -2.7640116214752197
                ],
                [
                    1.4901159417490817e-08,
                    0.7178381085395813,
                    0.6962100267410278,
                    2.8065123558044434
                ],
                [
                    0.0,
                    0.0,
                    0.0,
                    1.0
                ]
            ]
        },
        {
            "file_path": "/data/shapenet_blender/all_50_random/02958343/abb2cf2ed0d8679e9cace18601e5d3b5/r_33",
            "rotation": 0.12566370614359174,
            "transform_matrix": [
                [
                    0.9794937372207642,
                    -0.007850647903978825,
                    0.20132164657115936,
                    0.8115535974502563
                ],
                [
                    0.20147468149662018,
                    0.03816688060760498,
                    -0.9787497520446777,
                    -3.9454667568206787
                ],
                [
                    4.656612873077393e-10,
                    0.9992405772209167,
                    0.038965921849012375,
                    0.1570766717195511
                ],
                [
                    0.0,
                    0.0,
                    0.0,
                    1.0
                ]
            ]
        },
        {
            "file_path": "/data/shapenet_blender/all_50_random/02958343/abb2cf2ed0d8679e9cace18601e5d3b5/r_34",
            "rotation": 0.12566370614359174,
            "transform_matrix": [
                [
                    0.9817647337913513,
                    0.0716862827539444,
                    0.1760651171207428,
                    0.7097412347793579
                ],
                [
                    0.1900995671749115,
                    -0.3702220916748047,
                    -0.9092841148376465,
                    -3.6654417514801025
                ],
                [
                    0.0,
                    0.9261730909347534,
                    -0.37709856033325195,
                    -1.5201330184936523
                ],
                [
                    0.0,
                    0.0,
                    0.0,
                    1.0
                ]
            ]
        },
        {
            "file_path": "/data/shapenet_blender/all_50_random/02958343/abb2cf2ed0d8679e9cace18601e5d3b5/r_35",
            "rotation": 0.12566370614359174,
            "transform_matrix": [
                [
                    0.6194787621498108,
                    -0.23602528870105743,
                    0.7486910223960876,
                    3.0180697441101074
                ],
                [
                    0.7850134372711182,
                    0.18625494837760925,
                    -0.590815544128418,
                    -2.381653308868408
                ],
                [
                    0.0,
                    0.9537301063537598,
                    0.3006640076637268,
                    1.2120152711868286
                ],
                [
                    0.0,
                    0.0,
                    0.0,
                    1.0
                ]
            ]
        },
        {
            "file_path": "/data/shapenet_blender/all_50_random/02958343/abb2cf2ed0d8679e9cace18601e5d3b5/r_36",
            "rotation": 0.12566370614359174,
            "transform_matrix": [
                [
                    0.7964478731155396,
                    0.10282643139362335,
                    0.5959005355834961,
                    2.4021518230438232
                ],
                [
                    0.6047070622444153,
                    -0.13543067872524261,
                    -0.7848489284515381,
                    -3.1638271808624268
                ],
                [
                    0.0,
                    0.9854365587234497,
                    -0.17004337906837463,
                    -0.6854667663574219
                ],
                [
                    0.0,
                    0.0,
                    0.0,
                    1.0
                ]
            ]
        },
        {
            "file_path": "/data/shapenet_blender/all_50_random/02958343/abb2cf2ed0d8679e9cace18601e5d3b5/r_37",
            "rotation": 0.12566370614359174,
            "transform_matrix": [
                [
                    0.14769001305103302,
                    0.8694553971290588,
                    -0.47141799330711365,
                    -1.9003468751907349
                ],
                [
                    -0.9890336990356445,
                    0.12983368337154388,
                    -0.07039570808410645,
                    -0.283774197101593
                ],
                [
                    3.725290298461914e-09,
                    0.47664502263069153,
                    0.8790957927703857,
                    3.543748617172241
                ],
                [
                    0.0,
                    0.0,
                    0.0,
                    1.0
                ]
            ]
        },
        {
            "file_path": "/data/shapenet_blender/all_50_random/02958343/abb2cf2ed0d8679e9cace18601e5d3b5/r_38",
            "rotation": 0.12566370614359174,
            "transform_matrix": [
                [
                    0.9883772730827332,
                    0.0070931739173829556,
                    0.15185551345348358,
                    0.612149178981781
                ],
                [
                    0.15202108025550842,
                    -0.04611683264374733,
                    -0.9873007535934448,
                    -3.9799365997314453
                ],
                [
                    -4.656612873077393e-10,
                    0.9989107847213745,
                    -0.04665914550423622,
                    -0.1880890280008316
                ],
                [
                    0.0,
                    0.0,
                    0.0,
                    1.0
                ]
            ]
        },
        {
            "file_path": "/data/shapenet_blender/all_50_random/02958343/abb2cf2ed0d8679e9cace18601e5d3b5/r_39",
            "rotation": 0.12566370614359174,
            "transform_matrix": [
                [
                    -0.07442492991685867,
                    -0.009465358220040798,
                    0.9971816539764404,
                    4.019767761230469
                ],
                [
                    0.9972266554832458,
                    -0.0007064178353175521,
                    0.07442157715559006,
                    0.30000296235084534
                ],
                [
                    0.0,
                    0.9999549984931946,
                    0.009491682052612305,
                    0.03826219588518143
                ],
                [
                    0.0,
                    0.0,
                    0.0,
                    1.0
                ]
            ]
        },
        {
            "file_path": "/data/shapenet_blender/all_50_random/02958343/abb2cf2ed0d8679e9cace18601e5d3b5/r_40",
            "rotation": 0.12566370614359174,
            "transform_matrix": [
                [
                    0.21087561547756195,
                    -0.33808425068855286,
                    -0.9171860814094543,
                    -3.697295665740967
                ],
                [
                    -0.9775128960609436,
                    -0.07293379306793213,
                    -0.19786149263381958,
                    -0.7976052761077881
                ],
                [
                    0.0,
                    0.9382853507995605,
                    -0.3458617031574249,
                    -1.3942131996154785
                ],
                [
                    0.0,
                    0.0,
                    0.0,
                    1.0
                ]
            ]
        },
        {
            "file_path": "/data/shapenet_blender/all_50_random/02958343/abb2cf2ed0d8679e9cace18601e5d3b5/r_41",
            "rotation": 0.12566370614359174,
            "transform_matrix": [
                [
                    -0.872604489326477,
                    -0.34016865491867065,
                    0.3504948318004608,
                    1.412889838218689
                ],
                [
                    0.48842743039131165,
                    -0.6077314615249634,
                    0.6261797547340393,
                    2.5242114067077637
                ],
