{
    "class": "02958343",
    "model": "92c4d4bcb122509aafe1d4530f4c6e24",
    "remove_doubles": true,
    "edge_split": true,
    "denoise": true,
    "camera_angle_x": 0.6911112070083618,
    "scale_factor": 2.1916055416848406,
    "hdri_file": "/data/IndoorHDRDataset2018/AG8A7506-4b5788f5b5.exr",
    "center_offset": [
        0.0,
        0.0,
        3.725290298461914e-09
    ],
    "lights": [],
    "frames": [
        {
            "file_path": "/data/shapenet_blender/all_50_random/02958343/92c4d4bcb122509aafe1d4530f4c6e24/r_0",
            "rotation": 0.12566370614359174,
            "transform_matrix": [
                [
                    -0.6434927582740784,
                    0.3724123239517212,
                    -0.6687496304512024,
                    -2.6958162784576416
                ],
                [
                    -0.7654522657394409,
                    -0.31307584047317505,
                    0.562197744846344,
                    2.266291856765747
                ],
                [
                    1.4901162970204496e-08,
                    0.8736661076545715,
                    0.48652586340904236,
                    1.9612486362457275
                ],
                [
                    0.0,
                    0.0,
                    0.0,
                    1.0
                ]
            ]
        },
        {
            "file_path": "/data/shapenet_blender/all_50_random/02958343/92c4d4bcb122509aafe1d4530f4c6e24/r_1",
            "rotation": 0.12566370614359174,
            "transform_matrix": [
                [
                    -0.9670716524124146,
                    -0.07200128585100174,
                    -0.24410699307918549,
                    -0.9840266704559326
                ],
                [
                    -0.2545042037963867,
                    0.2735923230648041,
                    0.9275639653205872,
                    3.7391295433044434
                ],
                [
                    0.0,
                    0.9591469764709473,
                    -0.28290805220603943,
                    -1.1404386758804321
                ],
                [
                    0.0,
                    0.0,
                    0.0,
                    1.0
                ]
            ]
        },
        {
            "file_path": "/data/shapenet_blender/all_50_random/02958343/92c4d4bcb122509aafe1d4530f4c6e24/r_2",
            "rotation": 0.12566370614359174,
            "transform_matrix": [
                [
                    0.5777550339698792,
                    0.12005985528230667,
                    -0.8073318004608154,
                    -3.2544586658477783
                ],
                [
                    -0.8162102103233337,
                    0.08498446643352509,
                    -0.5714704990386963,
                    -2.303671360015869
                ],
                [
                    0.0,
                    0.9891224503517151,
                    0.14709427952766418,
                    0.592956006526947
                ],
                [
                    0.0,
                    0.0,
                    0.0,
                    1.0
                ]
            ]
        },
        {
            "file_path": "/data/shapenet_blender/all_50_random/02958343/92c4d4bcb122509aafe1d4530f4c6e24/r_3",
            "rotation": 0.12566370614359174,
            "transform_matrix": [
                [
                    -0.5545095801353455,
                    -0.03756202757358551,
                    -0.8313292264938354,
                    -3.3511953353881836
                ],
                [
                    -0.8321773409843445,
                    0.025028923526406288,
                    0.5539444088935852,
                    2.2330212593078613
                ],
                [
                    0.0,
                    0.9989807605743408,
                    -0.04513705149292946,
                    -0.1819532811641693
                ],
                [
                    0.0,
                    0.0,
                    0.0,
                    1.0
                ]
            ]
        },
        {
            "file_path": "/data/shapenet_blender/all_50_random/02958343/92c4d4bcb122509aafe1d4530f4c6e24/r_4",
            "rotation": 0.12566370614359174,
            "transform_matrix": [
                [
                    0.5508255958557129,
                    0.3533835709095001,
                    0.7561157941818237,
                    3.0480000972747803
                ],
                [
                    0.8346202969551086,
                    -0.233223095536232,
                    -0.4990149140357971,
                    -2.0115933418273926
                ],
                [
                    0.0,
                    0.9059397578239441,
                    -0.4234064221382141,
                    -1.7068058252334595
                ],
                [
                    0.0,
                    0.0,
                    0.0,
                    1.0
                ]
            ]
        },
        {
            "file_path": "/data/shapenet_blender/all_50_random/02958343/92c4d4bcb122509aafe1d4530f4c6e24/r_5",
            "rotation": 0.12566370614359174,
            "transform_matrix": [
                [
                    0.0488111786544323,
                    0.5399075150489807,
                    0.8403077721595764,
                    3.3873891830444336
                ],
                [
                    0.9988080859184265,
                    -0.026384970173239708,
                    -0.04106535762548447,
                    -0.16553977131843567
                ],
                [
                    0.0,
                    0.8413105607032776,
                    -0.5405517816543579,
                    -2.1790342330932617
                ],
                [
                    0.0,
                    0.0,
                    0.0,
                    1.0
                ]
            ]
        },
        {
            "file_path": "/data/shapenet_blender/all_50_random/02958343/92c4d4bcb122509aafe1d4530f4c6e24/r_6",
            "rotation": 0.12566370614359174,
            "transform_matrix": [
                [
                    -0.9036800861358643,
                    -0.35958588123321533,
                    -0.23250888288021088,
                    -0.9372732639312744
                ],
                [
                    -0.4282083511352539,
                    0.7588608860969543,
                    0.4906808137893677,
                    1.9779976606369019
                ],
                [
                    0.0,
                    0.5429806709289551,
                    -0.8397451639175415,
                    -3.3851211071014404
                ],
                [
                    0.0,
                    0.0,
                    0.0,
                    1.0
                ]
            ]
        },
        {
            "file_path": "/data/shapenet_blender/all_50_random/02958343/92c4d4bcb122509aafe1d4530f4c6e24/r_7",
            "rotation": 0.12566370614359174,
            "transform_matrix": [
                [
                    0.35336920619010925,
                    -0.5423538684844971,
                    0.7622220516204834,
                    3.072615623474121
                ],
                [
                    0.9354839324951172,
                    0.20486845076084137,
                    -0.28792133927345276,
                    -1.1606481075286865
                ],
                [
                    1.4901161193847656e-08,
                    0.8147890567779541,
                    0.5797574520111084,
                    2.3370773792266846
                ],
                [
                    0.0,
                    0.0,
                    0.0,
                    1.0
                ]
            ]
        },
        {
            "file_path": "/data/shapenet_blender/all_50_random/02958343/92c4d4bcb122509aafe1d4530f4c6e24/r_8",
            "rotation": 0.12566370614359174,
            "transform_matrix": [
                [
                    0.9968445301055908,
                    0.029007429257035255,
                    0.07388883829116821,
                    0.297855406999588
                ],
                [
                    0.07937878370285034,
                    -0.3642774224281311,
                    -0.9279014468193054,
                    -3.740489959716797
                ],
                [
                    0.0,
                    0.9308386445045471,
                    -0.3654305338859558,
                    -1.4730974435806274
                ],
                [
                    0.0,
                    0.0,
                    0.0,
                    1.0
                ]
            ]
        },
        {
            "file_path": "/data/shapenet_blender/all_50_random/02958343/92c4d4bcb122509aafe1d4530f4c6e24/r_9",
            "rotation": 0.12566370614359174,
            "transform_matrix": [
                [
                    0.2823929786682129,
                    0.2812270522117615,
                    0.9171507954597473,
                    3.697153091430664
                ],
                [
                    0.959298849105835,
                    -0.08278603851795197,
                    -0.2699856758117676,
                    -1.08834707736969
                ],
                [
                    0.0,
                    0.9560635089874268,
                    -0.2931590676307678,
                    -1.1817619800567627
                ],
                [
                    0.0,
                    0.0,
                    0.0,
                    1.0
                ]
            ]
        },
        {
            "file_path": "/data/shapenet_blender/all_50_random/02958343/92c4d4bcb122509aafe1d4530f4c6e24/r_10",
            "rotation": 0.12566370614359174,
            "transform_matrix": [
                [
                    0.39084699749946594,
                    -0.13944801688194275,
                    0.9098312258720398,
                    3.667646884918213
                ],
                [
                    0.9204555749893188,
                    0.05921289697289467,
                    -0.3863356411457062,
                    -1.5573687553405762
                ],
                [
                    -3.725290076417309e-09,
                    0.988457441329956,
                    0.15149889886379242,
                    0.6107115745544434
                ],
                [
                    0.0,
                    0.0,
                    0.0,
                    1.0
                ]
            ]
        },
        {
            "file_path": "/data/shapenet_blender/all_50_random/02958343/92c4d4bcb122509aafe1d4530f4c6e24/r_11",
            "rotation": 0.12566370614359174,
            "transform_matrix": [
                [
                    -0.35909050703048706,
                    -0.24846653640270233,
                    -0.8996212482452393,
                    -3.6264891624450684
                ],
                [
                    -0.9333028197288513,
                    0.09559810161590576,
                    0.34613147377967834,
                    1.3953006267547607
                ],
                [
                    -7.450581485102248e-09,
                    0.9639113545417786,
                    -0.26622289419174194,
                    -1.073178768157959
                ],
                [
                    0.0,
                    0.0,
                    0.0,
                    1.0
                ]
            ]
        },
        {
            "file_path": "/data/shapenet_blender/all_50_random/02958343/92c4d4bcb122509aafe1d4530f4c6e24/r_12",
            "rotation": 0.12566370614359174,
            "transform_matrix": [
                [
                    -0.8347064256668091,
                    0.05042462795972824,
                    -0.5483818054199219,
                    -2.2105977535247803
                ],
                [
                    -0.5506953001022339,
                    -0.07643022388219833,
                    0.8311998248100281,
                    3.3506736755371094
                ],
                [
                    0.0,
                    0.9957991242408752,
                    0.09156539291143417,
                    0.36911189556121826
                ],
                [
                    0.0,
                    0.0,
                    0.0,
                    1.0
                ]
            ]
        },
        {
            "file_path": "/data/shapenet_blender/all_50_random/02958343/92c4d4bcb122509aafe1d4530f4c6e24/r_13",
            "rotation": 0.12566370614359174,
            "transform_matrix": [
                [
                    -0.7823137044906616,
                    -0.5866433382034302,
                    0.2093677967786789,
                    0.8439886569976807
                ],
                [
                    0.6228846907615662,
                    -0.7367963194847107,
                    0.26295605301856995,
                    1.0600098371505737
                ],
                [
                    -1.4901161193847656e-08,
                    0.3361261188983917,
                    0.9418168663978577,
                    3.7965855598449707
                ],
                [
                    0.0,
                    0.0,
                    0.0,
                    1.0
                ]
            ]
        },
        {
            "file_path": "/data/shapenet_blender/all_50_random/02958343/92c4d4bcb122509aafe1d4530f4c6e24/r_14",
            "rotation": 0.12566370614359174,
            "transform_matrix": [
                [
                    0.9831430315971375,
                    0.1154933050274849,
                    -0.1417427957057953,
                    -0.571383535861969
                ],
                [
                    -0.18283797800540924,
                    0.62102210521698,
                    -0.7621690034866333,
                    -3.072401762008667
                ],
                [
                    0.0,
                    0.7752371430397034,
                    0.6316701173782349,
                    2.546344041824341
                ],
                [
                    0.0,
                    0.0,
                    0.0,
                    1.0
                ]
            ]
        },
        {
            "file_path": "/data/shapenet_blender/all_50_random/02958343/92c4d4bcb122509aafe1d4530f4c6e24/r_15",
            "rotation": 0.12566370614359174,
            "transform_matrix": [
                [
                    0.7206443548202515,
                    0.05866042897105217,
                    -0.6908188462257385,
                    -2.7847797870635986
                ],
                [
                    -0.6933050155639648,
                    0.06097361072897911,
                    -0.7180601954460144,
                    -2.8945932388305664
                ],
                [
                    0.0,
                    0.9964141249656677,
                    0.08460985124111176,
                    0.341073215007782
                ],
                [
                    0.0,
                    0.0,
                    0.0,
                    1.0
                ]
            ]
        },
        {
            "file_path": "/data/shapenet_blender/all_50_random/02958343/92c4d4bcb122509aafe1d4530f4c6e24/r_16",
            "rotation": 0.12566370614359174,
            "transform_matrix": [
                [
                    -0.12464852631092072,
                    0.0808257907629013,
                    0.9889034032821655,
                    3.9863970279693604
                ],
                [
                    0.9922009706497192,
                    0.010154007002711296,
                    0.12423425912857056,
                    0.5008043050765991
                ],
                [
                    0.0,
                    0.996676504611969,
                    -0.0814611092209816,
                    -0.3283802270889282
                ],
                [
                    0.0,
                    0.0,
                    0.0,
                    1.0
                ]
            ]
        },
        {
            "file_path": "/data/shapenet_blender/all_50_random/02958343/92c4d4bcb122509aafe1d4530f4c6e24/r_17",
            "rotation": 0.12566370614359174,
            "transform_matrix": [
                [
                    0.11858842521905899,
                    -0.4848264157772064,
                    0.8665333390235901,
                    3.493107795715332
                ],
                [
                    0.9929435849189758,
                    0.05790339410305023,
                    -0.10349110513925552,
                    -0.41718602180480957
                ],
                [
                    0.0,
                    0.8726915717124939,
                    0.4882718622684479,
                    1.9682869911193848
                ],
                [
                    0.0,
                    0.0,
                    0.0,
                    1.0
                ]
            ]
        },
        {
            "file_path": "/data/shapenet_blender/all_50_random/02958343/92c4d4bcb122509aafe1d4530f4c6e24/r_18",
            "rotation": 0.12566370614359174,
            "transform_matrix": [
                [
                    -0.39138129353523254,
                    -0.5126321911811829,
                    -0.7642177939414978,
                    -3.080660820007324
                ],
                [
                    -0.9202286601066589,
                    0.21802693605422974,
                    0.3250284790992737,
                    1.3102318048477173
                ],
                [
                    0.0,
                    0.8304651975631714,
                    -0.5570703744888306,
                    -2.2456226348876953
                ],
                [
                    0.0,
                    0.0,
                    0.0,
                    1.0
                ]
            ]
        },
        {
            "file_path": "/data/shapenet_blender/all_50_random/02958343/92c4d4bcb122509aafe1d4530f4c6e24/r_19",
            "rotation": 0.12566370614359174,
            "transform_matrix": [
                [
                    -0.5166897177696228,
                    0.21022622287273407,
                    0.8299618363380432,
                    3.3456830978393555
                ],
                [
                    0.8561728000640869,
                    0.12686891853809357,
                    0.5008717179298401,
                    2.019078493118286
                ],
                [
                    7.450580596923828e-09,
                    0.9693859219551086,
                    -0.24554184079170227,
                    -0.9898107647895813
                ],
                [
                    0.0,
                    0.0,
                    0.0,
                    1.0
                ]
            ]
        },
        {
            "file_path": "/data/shapenet_blender/all_50_random/02958343/92c4d4bcb122509aafe1d4530f4c6e24/r_20",
            "rotation": 0.12566370614359174,
            "transform_matrix": [
                [
                    -0.8680989146232605,
                    -0.027057090774178505,
                    -0.4956531822681427,
                    -1.9980418682098389
                ],
                [
                    -0.4963911175727844,
                    0.0473179928958416,
                    0.8668084144592285,
                    3.4942164421081543
                ],
                [
                    0.0,
                    0.9985134601593018,
                    -0.05450759828090668,
                    -0.21972715854644775
                ],
                [
                    0.0,
                    0.0,
                    0.0,
                    1.0
                ]
            ]
        },
        {
            "file_path": "/data/shapenet_blender/all_50_random/02958343/92c4d4bcb122509aafe1d4530f4c6e24/r_21",
            "rotation": 0.12566370614359174,
            "transform_matrix": [
                [
                    -0.9887758493423462,
                    -0.108280248939991,
                    0.10294552147388458,
                    0.41498667001724243
                ],
                [
                    0.1494068205356598,
                    -0.7165998220443726,
                    0.6812945008277893,
                    2.7463860511779785
                ],
                [
                    0.0,
                    0.689028263092041,
                    0.7247344255447388,
                    2.9214978218078613
                ],
                [
                    0.0,
                    0.0,
                    0.0,
                    1.0
                ]
            ]
        },
        {
            "file_path": "/data/shapenet_blender/all_50_random/02958343/92c4d4bcb122509aafe1d4530f4c6e24/r_22",
            "rotation": 0.12566370614359174,
            "transform_matrix": [
                [
                    -0.2924853563308716,
                    0.4369116425514221,
                    0.8506235480308533,
                    3.428973436355591
                ],
                [
                    0.9562700390815735,
                    0.1336340755224228,
                    0.2601722478866577,
                    1.0487879514694214
                ],
                [
                    -7.450580596923828e-09,
                    0.8895224928855896,
                    -0.45689141750335693,
                    -1.8417882919311523
                ],
                [
                    0.0,
                    0.0,
                    0.0,
                    1.0
                ]
            ]
        },
        {
            "file_path": "/data/shapenet_blender/all_50_random/02958343/92c4d4bcb122509aafe1d4530f4c6e24/r_23",
            "rotation": 0.12566370614359174,
            "transform_matrix": [
                [
                    -0.9858518242835999,
                    -0.10290049761533737,
                    -0.1323167085647583,
                    -0.5333857536315918
                ],
                [
                    -0.16761928796768188,
                    0.6052085757255554,
                    0.7782198786735535,
                    3.1371049880981445
                ],
                [
                    -7.450580152834618e-09,
                    0.7893883585929871,
                    -0.6138940453529358,
                    -2.47468638420105
                ],
                [
                    0.0,
                    0.0,
                    0.0,
                    1.0
                ]
            ]
        },
        {
            "file_path": "/data/shapenet_blender/all_50_random/02958343/92c4d4bcb122509aafe1d4530f4c6e24/r_24",
            "rotation": 0.12566370614359174,
            "transform_matrix": [
                [
                    -0.9586973786354065,
                    -0.036950260400772095,
                    -0.2820177674293518,
                    -1.1368498802185059
                ],
                [
                    -0.28442808985710144,
                    0.12454508990049362,
                    0.9505731463432312,
                    3.8318824768066406
                ],
                [
                    0.0,
                    0.9915255904197693,
                    -0.12991076707839966,
                    -0.5236870050430298
                ],
                [
                    0.0,
                    0.0,
                    0.0,
                    1.0
                ]
            ]
        },
        {
            "file_path": "/data/shapenet_blender/all_50_random/02958343/92c4d4bcb122509aafe1d4530f4c6e24/r_25",
            "rotation": 0.12566370614359174,
            "transform_matrix": [
                [
                    0.790608823299408,
                    -0.07972583919763565,
                    -0.6071091294288635,
                    -2.4473352432250977
                ],
                [
                    -0.6123216152191162,
                    -0.10293928533792496,
                    -0.7838785648345947,
                    -3.1599156856536865
                ],
                [
                    -3.725290742551124e-09,
                    0.9914873838424683,
                    -0.1302025467157364,
                    -0.5248632431030273
                ],
                [
                    0.0,
                    0.0,
                    0.0,
                    1.0
                ]
            ]
        },
        {
            "file_path": "/data/shapenet_blender/all_50_random/02958343/92c4d4bcb122509aafe1d4530f4c6e24/r_26",
            "rotation": 0.12566370614359174,
            "transform_matrix": [
                [
                    -0.8523027300834656,
                    -0.14885631203651428,
                    0.5014199018478394,
                    2.0212886333465576
                ],
                [
                    0.523048996925354,
                    -0.2425597757101059,
                    0.8170583844184875,
                    3.293668031692505
                ],
                [
                    0.0,
                    0.9586482048034668,
                    0.28459346294403076,
                    1.147233009338379
                ],
                [
                    0.0,
                    0.0,
                    0.0,
                    1.0
                ]
            ]
        },
        {
            "file_path": "/data/shapenet_blender/all_50_random/02958343/92c4d4bcb122509aafe1d4530f4c6e24/r_27",
            "rotation": 0.12566370614359174,
            "transform_matrix": [
                [
                    -0.5656760931015015,
                    0.08029161393642426,
                    -0.8207093477249146,
                    -3.308385133743286
                ],
                [
                    -0.8246276378631592,
                    -0.05507824942469597,
                    0.56298828125,
                    2.2694783210754395
                ],
                [
                    3.725290742551124e-09,
                    0.9952484965324402,
                    0.09736713021993637,
                    0.3924994468688965
                ],
                [
                    0.0,
                    0.0,
                    0.0,
                    1.0
                ]
            ]
        },
        {
            "file_path": "/data/shapenet_blender/all_50_random/02958343/92c4d4bcb122509aafe1d4530f4c6e24/r_28",
            "rotation": 0.12566370614359174,
            "transform_matrix": [
                [
                    0.6242150664329529,
                    -0.43759945034980774,
                    -0.6471957564353943,
                    -2.6089296340942383
                ],
                [
                    -0.7812526226043701,
                    -0.3496387302875519,
                    -0.5171046257019043,
                    -2.084515333175659
                ],
                [
                    0.0,
                    0.8284078240394592,
                    -0.5601254105567932,
                    -2.2579376697540283
                ],
                [
                    0.0,
                    0.0,
                    0.0,
                    1.0
                ]
            ]
        },
        {
            "file_path": "/data/shapenet_blender/all_50_random/02958343/92c4d4bcb122509aafe1d4530f4c6e24/r_29",
            "rotation": 0.12566370614359174,
            "transform_matrix": [
                [
                    -0.4443129897117615,
                    0.43993330001831055,
                    0.7804131507873535,
                    3.1459460258483887
                ],
                [
                    0.8958716988563538,
                    0.2181875854730606,
                    0.3870506286621094,
                    1.560250997543335
                ],
                [
                    0.0,
                    0.8711217045783997,
                    -0.4910672605037689,
                    -1.9795554876327515
                ],
                [
                    0.0,
                    0.0,
                    0.0,
                    1.0
                ]
            ]
        },
        {
            "file_path": "/data/shapenet_blender/all_50_random/02958343/92c4d4bcb122509aafe1d4530f4c6e24/r_30",
            "rotation": 0.12566370614359174,
            "transform_matrix": [
                [
                    -0.3118334710597992,
                    0.1973046064376831,
                    -0.9294248819351196,
                    -3.7466318607330322
                ],
                [
                    -0.9501368403434753,
                    -0.06475507467985153,
                    0.3050358295440674,
                    1.229638934135437
                ],
                [
                    0.0,
                    0.9782012104988098,
                    0.20765914022922516,
                    0.8371008038520813
                ],
                [
                    0.0,
                    0.0,
                    0.0,
                    1.0
                ]
            ]
        },
        {
            "file_path": "/data/shapenet_blender/all_50_random/02958343/92c4d4bcb122509aafe1d4530f4c6e24/r_31",
            "rotation": 0.12566370614359174,
            "transform_matrix": [
                [
                    -0.8612751364707947,
                    0.0046870652586221695,
                    0.5081172585487366,
                    2.048286199569702
                ],
                [
                    0.50813889503479,
                    0.007944388315081596,
                    0.8612384796142578,
                    3.4717633724212646
                ],
                [
                    0.0,
                    0.9999575018882751,
                    -0.009223983623087406,
                    -0.037183068692684174
                ],
                [
                    0.0,
                    0.0,
                    0.0,
                    1.0
                ]
            ]
        },
        {
            "file_path": "/data/shapenet_blender/all_50_random/02958343/92c4d4bcb122509aafe1d4530f4c6e24/r_32",
            "rotation": 0.12566370614359174,
            "transform_matrix": [
                [
                    0.9978008270263672,
                    0.05701287090778351,
                    0.03380990028381348,
                    0.13629207015037537
                ],
                [
                    0.06628406792879105,
                    -0.8582378029823303,
                    -0.5089541077613831,
                    -2.05165958404541
                ],
                [
                    0.0,
                    0.5100758075714111,
                    -0.8601294159889221,
                    -3.467292547225952
                ],
                [
                    0.0,
                    0.0,
                    0.0,
                    1.0
                ]
            ]
        },
        {
            "file_path": "/data/shapenet_blender/all_50_random/02958343/92c4d4bcb122509aafe1d4530f4c6e24/r_33",
            "rotation": 0.12566370614359174,
            "transform_matrix": [
                [
                    -0.894541323184967,
                    0.3146873116493225,
                    -0.317439466714859,
                    -1.2796393632888794
                ],
                [
                    -0.4469854235649109,
                    -0.6297762989997864,
                    0.6352841258049011,
                    2.5609121322631836
                ],
                [
                    0.0,
                    0.7101786136627197,
                    0.7040215134620667,
                    2.8380014896392822
                ],
                [
                    0.0,
                    0.0,
                    0.0,
                    1.0
                ]
            ]
        },
        {
            "file_path": "/data/shapenet_blender/all_50_random/02958343/92c4d4bcb122509aafe1d4530f4c6e24/r_34",
            "rotation": 0.12566370614359174,
            "transform_matrix": [
                [
                    0.8260593414306641,
                    -0.2713012397289276,
                    -0.49398553371429443,
                    -1.9913195371627808
                ],
                [
                    -0.5635833144187927,
                    -0.39765357971191406,
                    -0.7240478992462158,
                    -2.9187307357788086
                ],
                [
                    -1.4901162970204496e-08,
                    0.8765084147453308,
                    -0.4813862442970276,
                    -1.9405301809310913
                ],
                [
                    0.0,
                    0.0,
                    0.0,
                    1.0
                ]
            ]
        },
        {
            "file_path": "/data/shapenet_blender/all_50_random/02958343/92c4d4bcb122509aafe1d4530f4c6e24/r_35",
            "rotation": 0.12566370614359174,
            "transform_matrix": [
                [
                    0.8502852916717529,
                    0.009693869389593601,
                    0.5262327790260315,
                    2.121312141418457
                ],
                [
                    0.5263220071792603,
                    -0.015660667791962624,
                    -0.8501410484313965,
                    -3.427028179168701
                ],
                [
                    9.313225746154785e-10,
                    0.9998303651809692,
                    -0.01841813139617443,
                    -0.0742458626627922
                ],
                [
                    0.0,
                    0.0,
                    0.0,
                    1.0
                ]
            ]
        },
        {
            "file_path": "/data/shapenet_blender/all_50_random/02958343/92c4d4bcb122509aafe1d4530f4c6e24/r_36",
            "rotation": 0.12566370614359174,
            "transform_matrix": [
                [
                    0.06512203812599182,
                    -0.23148734867572784,
                    -0.9706557989120483,
                    -3.9128386974334717
                ],
                [
                    -0.9978773593902588,
                    -0.015106995590031147,
                    -0.0633455440402031,
                    -0.25535404682159424
                ],
                [
                    -9.313225746154785e-10,
                    0.9727206826210022,
                    -0.23197975754737854,
                    -0.9351403117179871
                ],
                [
                    0.0,
                    0.0,
                    0.0,
                    1.0
                ]
            ]
        },
        {
            "file_path": "/data/shapenet_blender/all_50_random/02958343/92c4d4bcb122509aafe1d4530f4c6e24/r_37",
            "rotation": 0.12566370614359174,
            "transform_matrix": [
                [
                    -0.24918951094150543,
                    0.6064465045928955,
                    0.7550677061080933,
                    3.0437753200531006
                ],
                [
                    0.9684548377990723,
                    0.15604248642921448,
                    0.19428366422653198,
                    0.7831825017929077
                ],
                [
                    7.450581485102248e-09,
                    0.7796623110771179,
                    -0.6262001395225525,
                    -2.5242934226989746
                ],
                [
                    0.0,
                    0.0,
                    0.0,
                    1.0
                ]
            ]
        },
        {
            "file_path": "/data/shapenet_blender/all_50_random/02958343/92c4d4bcb122509aafe1d4530f4c6e24/r_38",
            "rotation": 0.12566370614359174,
            "transform_matrix": [
                [
                    -0.992744505405426,
                    0.08759717643260956,
                    0.08237158507108688,
                    0.33205050230026245
                ],
                [
                    0.12024284899234772,
                    0.7232164740562439,
                    0.6800731420516968,
                    2.7414627075195312
                ],
                [
                    -3.725290076417309e-09,
                    0.6850433945655823,
                    -0.728502094745636,
                    -2.9366860389709473
                ],
                [
                    0.0,
                    0.0,
                    0.0,
                    1.0
                ]
            ]
        },
        {
            "file_path": "/data/shapenet_blender/all_50_random/02958343/92c4d4bcb122509aafe1d4530f4c6e24/r_39",
            "rotation": 0.12566370614359174,
            "transform_matrix": [
                [
                    0.5098456144332886,
                    -0.5519341826438904,
                    -0.6598681807518005,
                    -2.6600139141082764
                ],
                [
                    -0.8602659702301025,
                    -0.32710954546928406,
                    -0.39107775688171387,
                    -1.57648503780365
                ],
                [
                    0.0,
                    0.7670513987541199,
                    -0.6415855884552002,
                    -2.5863144397735596
                ],
                [
                    0.0,
                    0.0,
                    0.0,
                    1.0
                ]
            ]
        },
        {
            "file_path": "/data/shapenet_blender/all_50_random/02958343/92c4d4bcb122509aafe1d4530f4c6e24/r_40",
            "rotation": 0.12566370614359174,
            "transform_matrix": [
                [
                    0.0789056271314621,
                    -0.6760541200637817,
                    -0.7326149344444275,
                    -2.953265428543091
                ],
                [
                    -0.9968820810317993,
                    -0.05351132154464722,
                    -0.0579882487654686,
                    -0.2337581217288971
                ],
                [
                    0.0,
                    0.7349063158035278,
                    -0.678168535232544,
                    -2.7337851524353027
                ],
                [
                    0.0,
                    0.0,
                    0.0,
                    1.0
                ]
            ]
        },
        {
            "file_path": "/data/shapenet_blender/all_50_random/02958343/92c4d4bcb122509aafe1d4530f4c6e24/r_41",
            "rotation": 0.12566370614359174,
            "transform_matrix": [
                [
                    -0.7970097064971924,
                    0.004067945759743452,
                    -0.6039528846740723,
                    -2.4346115589141846
                ],
                [
                    -0.6039665341377258,
                    -0.005368165671825409,
                    0.7969917058944702,
                    3.212775945663452
                ],
                [
                    0.0,
                    0.9999773502349854,
                    0.006735383998602629,
