{
    "class": "02958343",
    "model": "c1192c946a99ee529bdb511fb702b5ae",
    "remove_doubles": true,
    "edge_split": true,
    "denoise": true,
    "camera_angle_x": 0.6911112070083618,
    "scale_factor": 2.257000080985668,
    "hdri_file": "/data/IndoorHDRDataset2018/9C4A9487-24b5ce36e4.exr",
    "center_offset": [
        0.0,
        -4.6566128730773926e-09,
        0.0
    ],
    "lights": [],
    "frames": [
        {
            "file_path": "/data/shapenet_blender/all_50_random/02958343/c1192c946a99ee529bdb511fb702b5ae/r_0",
            "rotation": 0.12566370614359174,
            "transform_matrix": [
                [
                    0.7823130488395691,
                    0.3916265070438385,
                    0.4843705892562866,
                    1.9525604248046875
                ],
                [
                    0.6228854060173035,
                    -0.4918633997440338,
                    -0.6083453297615051,
                    -2.4523186683654785
                ],
                [
                    0.0,
                    0.7776239514350891,
                    -0.6287295818328857,
                    -2.5344903469085693
                ],
                [
                    0.0,
                    0.0,
                    0.0,
                    1.0
                ]
            ]
        },
        {
            "file_path": "/data/shapenet_blender/all_50_random/02958343/c1192c946a99ee529bdb511fb702b5ae/r_1",
            "rotation": 0.12566370614359174,
            "transform_matrix": [
                [
                    0.6838749647140503,
                    -0.0190618596971035,
                    -0.7293501496315002,
                    -2.9401047229766846
                ],
                [
                    -0.7295992374420166,
                    -0.01786724291741848,
                    -0.6836414337158203,
                    -2.7558469772338867
                ],
                [
                    9.31322685637781e-10,
                    0.9996585249900818,
                    -0.026126479730010033,
                    -0.10531921684741974
                ],
                [
                    0.0,
                    0.0,
                    0.0,
                    1.0
                ]
            ]
        },
        {
            "file_path": "/data/shapenet_blender/all_50_random/02958343/c1192c946a99ee529bdb511fb702b5ae/r_2",
            "rotation": 0.12566370614359174,
            "transform_matrix": [
                [
                    -0.8380757570266724,
                    0.05114995688199997,
                    0.5431507229804993,
                    2.1895108222961426
                ],
                [
                    0.545553982257843,
                    0.07857616245746613,
                    0.8343839049339294,
                    3.3635094165802
                ],
                [
                    0.0,
                    0.9955949783325195,
                    -0.09375782310962677,
                    -0.37794989347457886
                ],
                [
                    0.0,
                    0.0,
                    0.0,
                    1.0
                ]
            ]
        },
        {
            "file_path": "/data/shapenet_blender/all_50_random/02958343/c1192c946a99ee529bdb511fb702b5ae/r_3",
            "rotation": 0.12566370614359174,
            "transform_matrix": [
                [
                    -0.02677827700972557,
                    -0.6689639091491699,
                    -0.7428123354911804,
                    -2.9943723678588867
                ],
                [
                    -0.9996414184570312,
                    0.017920129001140594,
                    0.019898369908332825,
                    0.08021289110183716
                ],
                [
                    1.862645149230957e-09,
                    0.7430787682533264,
                    -0.6692039370536804,
                    -2.6976473331451416
                ],
                [
                    0.0,
                    0.0,
                    0.0,
                    1.0
                ]
            ]
        },
        {
            "file_path": "/data/shapenet_blender/all_50_random/02958343/c1192c946a99ee529bdb511fb702b5ae/r_4",
            "rotation": 0.12566370614359174,
            "transform_matrix": [
                [
                    0.9426627159118652,
                    0.3065124750137329,
                    -0.1320495903491974,
                    -0.5323089361190796
                ],
                [
                    -0.33374688029289246,
                    0.8657395839691162,
                    -0.37297195196151733,
                    -1.5034979581832886
                ],
                [
                    0.0,
                    0.39565786719322205,
                    0.9183979630470276,
                    3.7021803855895996
                ],
                [
                    0.0,
                    0.0,
                    0.0,
                    1.0
                ]
            ]
        },
        {
            "file_path": "/data/shapenet_blender/all_50_random/02958343/c1192c946a99ee529bdb511fb702b5ae/r_5",
            "rotation": 0.12566370614359174,
            "transform_matrix": [
                [
                    -0.6543476581573486,
                    -0.4637683928012848,
                    0.5972838401794434,
                    2.4077281951904297
                ],
                [
                    0.7561938762664795,
                    -0.4013068377971649,
                    0.5168401002883911,
                    2.083449125289917
                ],
                [
                    -1.4901161193847656e-08,
                    0.7898554801940918,
                    0.6132929921150208,
                    2.4722630977630615
                ],
                [
                    0.0,
                    0.0,
                    0.0,
                    1.0
                ]
            ]
        },
        {
            "file_path": "/data/shapenet_blender/all_50_random/02958343/c1192c946a99ee529bdb511fb702b5ae/r_6",
            "rotation": 0.12566370614359174,
            "transform_matrix": [
                [
                    -0.5264263153076172,
                    -0.06454344838857651,
                    -0.8477673530578613,
                    -3.417459487915039
                ],
                [
                    -0.8502207398414612,
                    0.039962995797395706,
                    0.5249072313308716,
                    2.115968704223633
                ],
                [
                    3.725290298461914e-09,
                    0.997114360332489,
                    -0.07591374963521957,
                    -0.3060181140899658
                ],
                [
                    0.0,
                    0.0,
                    0.0,
                    1.0
                ]
            ]
        },
        {
            "file_path": "/data/shapenet_blender/all_50_random/02958343/c1192c946a99ee529bdb511fb702b5ae/r_7",
            "rotation": 0.12566370614359174,
            "transform_matrix": [
                [
                    0.5956714153289795,
                    0.028597040101885796,
                    0.802718997001648,
                    3.23586368560791
                ],
                [
                    0.8032281994819641,
                    -0.021207470446825027,
                    -0.5952937602996826,
                    -2.3997058868408203
                ],
                [
                    0.0,
                    0.9993659853935242,
                    -0.0356026366353035,
                    -0.1435188204050064
                ],
                [
                    0.0,
                    0.0,
                    0.0,
                    1.0
                ]
            ]
        },
        {
            "file_path": "/data/shapenet_blender/all_50_random/02958343/c1192c946a99ee529bdb511fb702b5ae/r_8",
            "rotation": 0.12566370614359174,
            "transform_matrix": [
                [
                    -0.9806779026985168,
                    0.0029662735760211945,
                    0.19560721516609192,
                    0.788517951965332
                ],
                [
                    0.19562973082065582,
                    0.014869716949760914,
                    0.9805650115013123,
                    3.952784299850464
                ],
                [
                    2.3283064365386963e-10,
                    0.999885082244873,
                    -0.015162692405283451,
                    -0.061122771352529526
                ],
                [
                    0.0,
                    0.0,
                    0.0,
                    1.0
                ]
            ]
        },
        {
            "file_path": "/data/shapenet_blender/all_50_random/02958343/c1192c946a99ee529bdb511fb702b5ae/r_9",
            "rotation": 0.12566370614359174,
            "transform_matrix": [
                [
                    0.9939046502113342,
                    0.07126152515411377,
                    -0.08411524444818497,
                    -0.33907943964004517
                ],
                [
                    -0.1102432832121849,
                    0.6424623131752014,
                    -0.7583458423614502,
                    -3.056990146636963
                ],
                [
                    -7.450580596923828e-09,
                    0.7629966735839844,
                    0.6464022994041443,
                    2.605731248855591
                ],
                [
                    0.0,
                    0.0,
                    0.0,
                    1.0
                ]
            ]
        },
        {
            "file_path": "/data/shapenet_blender/all_50_random/02958343/c1192c946a99ee529bdb511fb702b5ae/r_10",
            "rotation": 0.12566370614359174,
            "transform_matrix": [
                [
                    -0.997291088104248,
                    -0.056139491498470306,
                    -0.047529205679893494,
                    -0.1915963590145111
                ],
                [
                    -0.07355724275112152,
                    0.7611407041549683,
                    0.6444022059440613,
                    2.597668409347534
                ],
                [
                    0.0,
                    0.6461526155471802,
                    -0.7632081508636475,
                    -3.0765905380249023
                ],
                [
                    0.0,
                    0.0,
                    0.0,
                    1.0
                ]
            ]
        },
        {
            "file_path": "/data/shapenet_blender/all_50_random/02958343/c1192c946a99ee529bdb511fb702b5ae/r_11",
            "rotation": 0.12566370614359174,
            "transform_matrix": [
                [
                    0.17905940115451813,
                    0.4304928183555603,
                    -0.8846544623374939,
                    -3.5661563873291016
                ],
                [
                    -0.9838382601737976,
                    0.07835005968809128,
                    -0.1610078662633896,
                    -0.6490435004234314
                ],
                [
                    0.0,
                    0.899186909198761,
                    0.4375646114349365,
                    1.7638795375823975
                ],
                [
                    0.0,
                    0.0,
                    0.0,
                    1.0
                ]
            ]
        },
        {
            "file_path": "/data/shapenet_blender/all_50_random/02958343/c1192c946a99ee529bdb511fb702b5ae/r_12",
            "rotation": 0.12566370614359174,
            "transform_matrix": [
                [
                    0.6788235306739807,
                    0.013613579794764519,
                    -0.7341752648353577,
                    -2.959555149078369
                ],
                [
                    -0.7343015074729919,
                    0.012585045769810677,
                    -0.6787068247795105,
                    -2.735954761505127
                ],
                [
                    -9.31322685637781e-10,
                    0.9998281002044678,
                    0.01853949762880802,
                    0.07473510503768921
                ],
                [
                    0.0,
                    0.0,
                    0.0,
                    1.0
                ]
            ]
        },
        {
            "file_path": "/data/shapenet_blender/all_50_random/02958343/c1192c946a99ee529bdb511fb702b5ae/r_13",
            "rotation": 0.12566370614359174,
            "transform_matrix": [
                [
                    -0.9982239007949829,
                    -0.055417049676179886,
                    0.021863533183932304,
                    0.08813472092151642
                ],
                [
                    0.05957401543855667,
                    -0.9285696744918823,
                    0.36634597182273865,
                    1.476787805557251
                ],
                [
                    0.0,
                    0.36699774861335754,
                    0.9302217960357666,
                    3.7498440742492676
                ],
                [
                    0.0,
                    0.0,
                    0.0,
                    1.0
                ]
            ]
        },
        {
            "file_path": "/data/shapenet_blender/all_50_random/02958343/c1192c946a99ee529bdb511fb702b5ae/r_14",
            "rotation": 0.12566370614359174,
            "transform_matrix": [
                [
                    -0.12660381197929382,
                    -0.027831556275486946,
                    -0.9915627241134644,
                    -3.997117519378662
                ],
                [
                    -0.9919533729553223,
                    0.0035521641839295626,
                    0.1265539526939392,
                    0.5101553797721863
                ],
                [
                    0.0,
                    0.9996063113212585,
                    -0.028057318180799484,
                    -0.11310267448425293
                ],
                [
                    0.0,
                    0.0,
                    0.0,
                    1.0
                ]
            ]
        },
        {
            "file_path": "/data/shapenet_blender/all_50_random/02958343/c1192c946a99ee529bdb511fb702b5ae/r_15",
            "rotation": 0.12566370614359174,
            "transform_matrix": [
                [
                    0.6950927972793579,
                    0.5405616164207458,
                    -0.47396111488342285,
                    -1.9105983972549438
                ],
                [
                    -0.7189199924468994,
                    0.5226457118988037,
                    -0.45825257897377014,
                    -1.8472752571105957
                ],
                [
                    -1.4901161193847656e-08,
                    0.6592682003974915,
                    0.7519078254699707,
                    3.0310373306274414
                ],
                [
                    0.0,
                    0.0,
                    0.0,
                    1.0
                ]
            ]
        },
        {
            "file_path": "/data/shapenet_blender/all_50_random/02958343/c1192c946a99ee529bdb511fb702b5ae/r_16",
            "rotation": 0.12566370614359174,
            "transform_matrix": [
                [
                    0.1622755080461502,
                    -0.6463442444801331,
                    -0.74559086561203,
                    -3.00557279586792
                ],
                [
                    -0.9867455959320068,
                    -0.10629472136497498,
                    -0.12261635065078735,
                    -0.4942823052406311
                ],
                [
                    0.0,
                    0.7556059956550598,
                    -0.655026376247406,
                    -2.640495777130127
                ],
                [
                    0.0,
                    0.0,
                    0.0,
                    1.0
                ]
            ]
        },
        {
            "file_path": "/data/shapenet_blender/all_50_random/02958343/c1192c946a99ee529bdb511fb702b5ae/r_17",
            "rotation": 0.12566370614359174,
            "transform_matrix": [
                [
                    -0.11892329901456833,
                    -0.4000798463821411,
                    -0.9087316989898682,
                    -3.663214683532715
                ],
                [
                    -0.992903470993042,
                    0.04791886731982231,
                    0.10884176194667816,
                    0.43875518441200256
                ],
                [
                    0.0,
                    0.9152266383171082,
                    -0.4029393494129181,
                    -1.624300479888916
                ],
                [
                    0.0,
                    0.0,
                    0.0,
                    1.0
                ]
            ]
        },
        {
            "file_path": "/data/shapenet_blender/all_50_random/02958343/c1192c946a99ee529bdb511fb702b5ae/r_18",
            "rotation": 0.12566370614359174,
            "transform_matrix": [
                [
                    0.28642353415489197,
                    0.10863465815782547,
                    0.9519243836402893,
                    3.837329864501953
                ],
                [
                    0.9581031799316406,
                    -0.032476168125867844,
                    -0.2845763862133026,
                    -1.1471641063690186
                ],
                [
                    -1.862645371275562e-09,
                    0.9935510754585266,
                    -0.1133851408958435,
                    -0.45707011222839355
                ],
                [
                    0.0,
                    0.0,
                    0.0,
                    1.0
                ]
            ]
        },
        {
            "file_path": "/data/shapenet_blender/all_50_random/02958343/c1192c946a99ee529bdb511fb702b5ae/r_19",
            "rotation": 0.12566370614359174,
            "transform_matrix": [
                [
                    0.9782765507698059,
                    -0.1084417775273323,
                    0.17667892575263977,
                    0.7122156023979187
                ],
                [
                    0.20730431377887726,
                    0.5117406845092773,
                    -0.833754301071167,
                    -3.360971450805664
                ],
                [
                    0.0,
                    0.8522686958312988,
                    0.5231042504310608,
                    2.10870099067688
                ],
                [
                    0.0,
                    0.0,
                    0.0,
                    1.0
                ]
            ]
        },
        {
            "file_path": "/data/shapenet_blender/all_50_random/02958343/c1192c946a99ee529bdb511fb702b5ae/r_20",
            "rotation": 0.12566370614359174,
            "transform_matrix": [
                [
                    -0.4330945611000061,
                    -0.8758569359779358,
                    0.21284659206867218,
                    0.8580120801925659
                ],
                [
                    0.9013485312461853,
                    -0.4208459258079529,
                    0.10227198153734207,
                    0.41227155923843384
                ],
                [
                    -7.450581485102248e-09,
                    0.23614242672920227,
                    0.971718430519104,
                    3.9171223640441895
                ],
                [
                    0.0,
                    0.0,
                    0.0,
                    1.0
                ]
            ]
        },
        {
            "file_path": "/data/shapenet_blender/all_50_random/02958343/c1192c946a99ee529bdb511fb702b5ae/r_21",
            "rotation": 0.12566370614359174,
            "transform_matrix": [
                [
                    -0.7278569340705872,
                    0.3098066449165344,
                    0.611754834651947,
                    2.466062545776367
                ],
                [
                    0.685728907585144,
                    0.3288397789001465,
                    0.6493383049964905,
                    2.6175663471221924
                ],
                [
                    0.0,
                    0.8921234011650085,
                    -0.4517917335033417,
                    -1.8212307691574097
                ],
                [
                    0.0,
                    0.0,
                    0.0,
                    1.0
                ]
            ]
        },
        {
            "file_path": "/data/shapenet_blender/all_50_random/02958343/c1192c946a99ee529bdb511fb702b5ae/r_22",
            "rotation": 0.12566370614359174,
            "transform_matrix": [
                [
                    0.7979389429092407,
                    -0.5044156312942505,
                    -0.3299367427825928,
                    -1.3300175666809082
                ],
                [
                    -0.6027382016181946,
                    -0.667773962020874,
                    -0.436788946390152,
                    -1.760752558708191
                ],
                [
                    1.4901159417490817e-08,
                    0.5473964810371399,
                    -0.8368734121322632,
                    -3.373544692993164
                ],
                [
                    0.0,
                    0.0,
                    0.0,
                    1.0
                ]
            ]
        },
        {
            "file_path": "/data/shapenet_blender/all_50_random/02958343/c1192c946a99ee529bdb511fb702b5ae/r_23",
            "rotation": 0.12566370614359174,
            "transform_matrix": [
                [
                    0.9905778765678406,
                    0.017458749935030937,
                    -0.13583368062973022,
                    -0.5475630760192871
                ],
                [
                    -0.13695108890533447,
                    0.1262805014848709,
                    -0.9824956059455872,
                    -3.960566520690918
                ],
                [
                    0.0,
                    0.9918408989906311,
                    0.12748166918754578,
                    0.5138950347900391
                ],
                [
                    0.0,
                    0.0,
                    0.0,
                    1.0
                ]
            ]
        },
        {
            "file_path": "/data/shapenet_blender/all_50_random/02958343/c1192c946a99ee529bdb511fb702b5ae/r_24",
            "rotation": 0.12566370614359174,
            "transform_matrix": [
                [
                    -0.26551875472068787,
                    -0.31348270177841187,
                    -0.9117172360420227,
                    -3.6752498149871826
                ],
                [
                    -0.9641056656837463,
                    0.0863344594836235,
                    0.25109076499938965,
                    1.0121792554855347
                ],
                [
                    0.0,
                    0.9456611275672913,
                    -0.3251538574695587,
                    -1.310737133026123
                ],
                [
                    0.0,
                    0.0,
                    0.0,
                    1.0
                ]
            ]
        },
        {
            "file_path": "/data/shapenet_blender/all_50_random/02958343/c1192c946a99ee529bdb511fb702b5ae/r_25",
            "rotation": 0.12566370614359174,
            "transform_matrix": [
                [
                    0.5947903394699097,
                    -0.3693047761917114,
                    0.7140297293663025,
                    2.8783459663391113
                ],
                [
                    0.8038809299468994,
                    0.2732480764389038,
                    -0.5283095836639404,
                    -2.1296839714050293
                ],
                [
                    0.0,
                    0.8882282972335815,
                    0.4594023525714874,
                    1.85191011428833
                ],
                [
                    0.0,
                    0.0,
                    0.0,
                    1.0
                ]
            ]
        },
        {
            "file_path": "/data/shapenet_blender/all_50_random/02958343/c1192c946a99ee529bdb511fb702b5ae/r_26",
            "rotation": 0.12566370614359174,
            "transform_matrix": [
                [
                    -0.7116804718971252,
                    0.08635833859443665,
                    0.6971750259399414,
                    2.8104026317596436
                ],
                [
                    0.7025033235549927,
                    0.08748649060726166,
                    0.7062826156616211,
                    2.847116470336914
                ],
                [
                    -3.725290742551124e-09,
                    0.9924153089523315,
                    -0.12292944639921188,
                    -0.4955444931983948
                ],
                [
                    0.0,
                    0.0,
                    0.0,
                    1.0
                ]
            ]
        },
        {
            "file_path": "/data/shapenet_blender/all_50_random/02958343/c1192c946a99ee529bdb511fb702b5ae/r_27",
            "rotation": 0.12566370614359174,
            "transform_matrix": [
                [
                    0.30849218368530273,
                    0.5582762360572815,
                    -0.7701688408851624,
                    -3.1046502590179443
                ],
                [
                    -0.9512269496917725,
                    0.18105444312095642,
                    -0.2497732788324356,
                    -1.0068683624267578
                ],
                [
                    1.4901161193847656e-08,
                    0.8096584677696228,
                    0.5869012475013733,
                    2.365874767303467
                ],
                [
                    0.0,
                    0.0,
                    0.0,
                    1.0
                ]
            ]
        },
        {
            "file_path": "/data/shapenet_blender/all_50_random/02958343/c1192c946a99ee529bdb511fb702b5ae/r_28",
            "rotation": 0.12566370614359174,
            "transform_matrix": [
                [
                    -0.7769806981086731,
                    -0.08440405130386353,
                    -0.6238405108451843,
                    -2.5147817134857178
                ],
                [
                    -0.6295245289802551,
                    0.10417436063289642,
                    0.7699652314186096,
                    3.1038293838500977
                ],
                [
                    7.450581485102248e-09,
                    0.990971028804779,
                    -0.1340758502483368,
                    -0.5404770970344543
                ],
                [
                    0.0,
                    0.0,
                    0.0,
                    1.0
                ]
            ]
        },
        {
            "file_path": "/data/shapenet_blender/all_50_random/02958343/c1192c946a99ee529bdb511fb702b5ae/r_29",
            "rotation": 0.12566370614359174,
            "transform_matrix": [
                [
                    0.25921130180358887,
                    0.3152351677417755,
                    0.9129272699356079,
                    3.6801276206970215
                ],
                [
                    0.9658207297325134,
                    -0.08460422605276108,
                    -0.24501551687717438,
                    -0.9876891374588013
                ],
                [
                    -7.450582373280668e-09,
                    0.9452346563339233,
                    -0.3263910412788391,
                    -1.3157243728637695
                ],
                [
                    0.0,
                    0.0,
                    0.0,
                    1.0
                ]
            ]
        },
        {
            "file_path": "/data/shapenet_blender/all_50_random/02958343/c1192c946a99ee529bdb511fb702b5ae/r_30",
            "rotation": 0.12566370614359174,
            "transform_matrix": [
                [
                    0.9814525842666626,
                    -0.07698062807321548,
                    -0.17556977272033691,
                    -0.7077444195747375
                ],
                [
                    -0.1917048841714859,
                    -0.39411014318466187,
                    -0.8988472819328308,
                    -3.6233692169189453
                ],
                [
                    0.0,
                    0.9158336520195007,
                    -0.40155795216560364,
                    -1.6187318563461304
                ],
                [
                    0.0,
                    0.0,
                    0.0,
                    1.0
                ]
            ]
        },
        {
            "file_path": "/data/shapenet_blender/all_50_random/02958343/c1192c946a99ee529bdb511fb702b5ae/r_31",
            "rotation": 0.12566370614359174,
            "transform_matrix": [
                [
                    0.42160525918006897,
                    -0.2751884162425995,
                    0.8640140295028687,
                    3.482952117919922
                ],
                [
                    0.9067794680595398,
                    0.12794828414916992,
                    -0.4017215669155121,
                    -1.6193915605545044
                ],
                [
                    7.450580596923828e-09,
                    0.9528381824493408,
                    0.30347883701324463,
                    1.2233624458312988
                ],
                [
                    0.0,
                    0.0,
                    0.0,
                    1.0
                ]
            ]
        },
        {
            "file_path": "/data/shapenet_blender/all_50_random/02958343/c1192c946a99ee529bdb511fb702b5ae/r_32",
            "rotation": 0.12566370614359174,
            "transform_matrix": [
                [
                    -0.835055410861969,
                    -0.35725483298301697,
                    0.4183913767337799,
                    1.6865897178649902
                ],
                [
                    0.5501657724380493,
                    -0.5422503352165222,
                    0.6350449323654175,
                    2.559948205947876
                ],
                [
                    -1.4901161193847656e-08,
                    0.7604823708534241,
                    0.6493584513664246,
                    2.617647886276245
                ],
                [
                    0.0,
                    0.0,
                    0.0,
                    1.0
                ]
            ]
        },
        {
            "file_path": "/data/shapenet_blender/all_50_random/02958343/c1192c946a99ee529bdb511fb702b5ae/r_33",
            "rotation": 0.12566370614359174,
            "transform_matrix": [
                [
                    0.18524590134620667,
                    -0.7023629546165466,
                    0.6872918009757996,
                    2.770561933517456
                ],
                [
                    0.9826921820640564,
                    0.1324014514684677,
                    -0.1295604109764099,
                    -0.5222747325897217
                ],
                [
                    0.0,
                    0.6993968486785889,
                    0.7147334814071655,
                    2.881182909011841
                ],
                [
                    0.0,
                    0.0,
                    0.0,
                    1.0
                ]
            ]
        },
        {
            "file_path": "/data/shapenet_blender/all_50_random/02958343/c1192c946a99ee529bdb511fb702b5ae/r_34",
            "rotation": 0.12566370614359174,
            "transform_matrix": [
                [
                    -0.5766741037368774,
                    0.7028310894966125,
                    -0.41650375723838806,
                    -1.6789803504943848
                ],
                [
                    -0.8169742822647095,
                    -0.49610432982444763,
                    0.2939957082271576,
                    1.1851346492767334
                ],
                [
                    0.0,
                    0.5098125338554382,
                    0.8602854609489441,
                    3.467921733856201
                ],
                [
                    0.0,
                    0.0,
                    0.0,
                    1.0
                ]
            ]
        },
        {
            "file_path": "/data/shapenet_blender/all_50_random/02958343/c1192c946a99ee529bdb511fb702b5ae/r_35",
            "rotation": 0.12566370614359174,
            "transform_matrix": [
                [
                    0.8801032900810242,
                    0.38080835342407227,
                    0.2835546135902405,
                    1.1430453062057495
                ],
                [
                    0.47478237748146057,
                    -0.7059038281440735,
                    -0.525624692440033,
                    -2.118861198425293
                ],
                [
                    1.4901162970204496e-08,
                    0.5972306728363037,
                    -0.8020693063735962,
                    -3.2332451343536377
                ],
                [
                    0.0,
                    0.0,
                    0.0,
                    1.0
                ]
            ]
        },
        {
            "file_path": "/data/shapenet_blender/all_50_random/02958343/c1192c946a99ee529bdb511fb702b5ae/r_36",
            "rotation": 0.12566370614359174,
            "transform_matrix": [
                [
                    -0.9731332063674927,
                    0.18130651116371155,
                    -0.14191490411758423,
                    -0.5720772743225098
                ],
                [
                    -0.23024313151836395,
                    -0.7663003206253052,
                    0.5998098850250244,
                    2.4179110527038574
                ],
                [
                    0.0,
                    0.6163698434829712,
                    0.787456750869751,
                    3.174339771270752
                ],
                [
                    0.0,
                    0.0,
                    0.0,
                    1.0
                ]
            ]
        },
        {
            "file_path": "/data/shapenet_blender/all_50_random/02958343/c1192c946a99ee529bdb511fb702b5ae/r_37",
            "rotation": 0.12566370614359174,
            "transform_matrix": [
                [
                    0.8378311395645142,
                    -0.2344440370798111,
                    -0.49302610754966736,
                    -1.9874519109725952
                ],
                [
                    -0.5459292531013489,
                    -0.35979849100112915,
                    -0.7566413283348083,
                    -3.050118923187256
                ],
                [
                    0.0,
                    0.9030952453613281,
                    -0.4294402599334717,
                    -1.7311291694641113
                ],
                [
                    0.0,
                    0.0,
                    0.0,
                    1.0
                ]
            ]
        },
        {
            "file_path": "/data/shapenet_blender/all_50_random/02958343/c1192c946a99ee529bdb511fb702b5ae/r_38",
            "rotation": 0.12566370614359174,
            "transform_matrix": [
                [
                    -0.3531495928764343,
                    -0.6543166637420654,
                    0.668696403503418,
                    2.695601463317871
                ],
                [
                    0.9355668425559998,
                    -0.2469857782125473,
                    0.25241369009017944,
                    1.0175120830535889
                ],
                [
                    1.4901161193847656e-08,
                    0.7147499322891235,
                    0.6993800401687622,
                    2.819291114807129
                ],
                [
                    0.0,
                    0.0,
                    0.0,
                    1.0
                ]
            ]
        },
        {
            "file_path": "/data/shapenet_blender/all_50_random/02958343/c1192c946a99ee529bdb511fb702b5ae/r_39",
            "rotation": 0.12566370614359174,
            "transform_matrix": [
                [
                    0.5303666591644287,
                    -0.6264403462409973,
                    0.5712124705314636,
                    2.302631139755249
                ],
                [
                    0.8477683663368225,
                    0.3919031322002411,
                    -0.3573524057865143,
                    -1.4405336380004883
                ],
                [
                    1.4901161193847656e-08,
                    0.6737836599349976,
                    0.7389286160469055,
                    2.9787166118621826
                ],
                [
                    0.0,
                    0.0,
                    0.0,
                    1.0
                ]
            ]
        },
        {
            "file_path": "/data/shapenet_blender/all_50_random/02958343/c1192c946a99ee529bdb511fb702b5ae/r_40",
            "rotation": 0.12566370614359174,
            "transform_matrix": [
                [
                    0.04174770042300224,
                    -0.00048577613779343665,
                    -0.9991281032562256,
                    -4.027614116668701
                ],
                [
                    -0.9991281628608704,
                    -2.029773168032989e-05,
                    -0.041747696697711945,
                    -0.16829034686088562
                ],
                [
                    0.0,
                    0.9999998211860657,
                    -0.0004862000932916999,
                    -0.0019599352963268757
                ],
                [
                    0.0,
                    0.0,
                    0.0,
                    1.0
                ]
            ]
        },
        {
            "file_path": "/data/shapenet_blender/all_50_random/02958343/c1192c946a99ee529bdb511fb702b5ae/r_41",
            "rotation": 0.12566370614359174,
            "transform_matrix": [
                [
                    -0.9937577247619629,
                    -0.08233977109193802,
                    -0.07527194172143936,
                    -0.3034309148788452
                ],
                [
                    -0.11156031489372253,
                    0.7334668040275574,
                    0.6705079078674316,
                    2.7029037475585938
                ],
                [
