{
    "class": "02958343",
    "model": "da92c8d35fabe4093a67185d75524e9c",
    "remove_doubles": true,
    "edge_split": true,
    "denoise": true,
    "camera_angle_x": 0.6911112070083618,
    "scale_factor": 2.2446538137350656,
    "hdri_file": "/data/IndoorHDRDataset2018/9C4A7024-135db952f8.exr",
    "center_offset": [
        0.0,
        -3.725290298461914e-09,
        -3.725290298461914e-09
    ],
    "lights": [],
    "frames": [
        {
            "file_path": "/data/shapenet_blender/all_50_random/02958343/da92c8d35fabe4093a67185d75524e9c/r_0",
            "rotation": 0.12566370614359174,
            "transform_matrix": [
                [
                    0.2814082205295563,
                    -0.09541676938533783,
                    0.9548323750495911,
                    3.849052667617798
                ],
                [
                    0.9595881104469299,
                    0.027981862425804138,
                    -0.2800135612487793,
                    -1.1287709474563599
                ],
                [
                    1.8626450382086546e-09,
                    0.9950440526008606,
                    0.09943510591983795,
                    0.4008357524871826
                ],
                [
                    0.0,
                    0.0,
                    0.0,
                    1.0
                ]
            ]
        },
        {
            "file_path": "/data/shapenet_blender/all_50_random/02958343/da92c8d35fabe4093a67185d75524e9c/r_1",
            "rotation": 0.12566370614359174,
            "transform_matrix": [
                [
                    -0.8505432605743408,
                    0.14881126582622528,
                    -0.5044118762016296,
                    -2.0333492755889893
                ],
                [
                    -0.5259050726890564,
                    -0.24067163467407227,
                    0.8157824277877808,
                    3.2885241508483887
                ],
                [
                    -7.450580596923828e-09,
                    0.9591310024261475,
                    0.28296226263046265,
                    1.1406573057174683
                ],
                [
                    0.0,
                    0.0,
                    0.0,
                    1.0
                ]
            ]
        },
        {
            "file_path": "/data/shapenet_blender/all_50_random/02958343/da92c8d35fabe4093a67185d75524e9c/r_2",
            "rotation": 0.12566370614359174,
            "transform_matrix": [
                [
                    -0.9984865188598633,
                    -0.013610530644655228,
                    -0.053287193179130554,
                    -0.21480754017829895
                ],
                [
                    -0.05499793216586113,
                    0.24709896743297577,
                    0.9674281477928162,
                    3.899827718734741
                ],
                [
                    -9.31322685637781e-10,
                    0.9688945412635803,
                    -0.24747353792190552,
                    -0.9975977540016174
                ],
                [
                    0.0,
                    0.0,
                    0.0,
                    1.0
                ]
            ]
        },
        {
            "file_path": "/data/shapenet_blender/all_50_random/02958343/da92c8d35fabe4093a67185d75524e9c/r_3",
            "rotation": 0.12566370614359174,
            "transform_matrix": [
                [
                    0.4613652527332306,
                    -0.17422938346862793,
                    0.8699345588684082,
                    3.5068185329437256
                ],
                [
                    0.8872103691101074,
                    0.09060239046812057,
                    -0.45238152146339417,
                    -1.8236083984375
                ],
                [
                    0.0,
                    0.9805280566215515,
                    0.1963788866996765,
                    0.7916286587715149
                ],
                [
                    0.0,
                    0.0,
                    0.0,
                    1.0
                ]
            ]
        },
        {
            "file_path": "/data/shapenet_blender/all_50_random/02958343/da92c8d35fabe4093a67185d75524e9c/r_4",
            "rotation": 0.12566370614359174,
            "transform_matrix": [
                [
                    -0.49809733033180237,
                    -0.6336269378662109,
                    -0.5919593572616577,
                    -2.3862645626068115
                ],
                [
                    -0.867121160030365,
                    0.36397209763526917,
                    0.34003713726997375,
                    1.3707334995269775
                ],
                [
                    0.0,
                    0.6826720237731934,
                    -0.7307248711585999,
                    -2.945646286010742
                ],
                [
                    0.0,
                    0.0,
                    0.0,
                    1.0
                ]
            ]
        },
        {
            "file_path": "/data/shapenet_blender/all_50_random/02958343/da92c8d35fabe4093a67185d75524e9c/r_5",
            "rotation": 0.12566370614359174,
            "transform_matrix": [
                [
                    -0.5729526281356812,
                    0.387524276971817,
                    -0.7221841812133789,
                    -2.91121768951416
                ],
                [
                    -0.8195883631706238,
                    -0.270907998085022,
                    0.5048599243164062,
                    2.035155773162842
                ],
                [
                    0.0,
                    0.8811546564102173,
                    0.4728279113769531,
                    1.9060304164886475
                ],
                [
                    0.0,
                    0.0,
                    0.0,
                    1.0
                ]
            ]
        },
        {
            "file_path": "/data/shapenet_blender/all_50_random/02958343/da92c8d35fabe4093a67185d75524e9c/r_6",
            "rotation": 0.12566370614359174,
            "transform_matrix": [
                [
                    -0.4320336580276489,
                    0.20565028488636017,
                    0.8780972957611084,
                    3.5397236347198486
                ],
                [
                    0.9018575549125671,
                    0.09851648658514023,
                    0.42065131664276123,
                    1.6956998109817505
                ],
                [
                    0.0,
                    0.9736542105674744,
                    -0.22802965342998505,
                    -0.9192169904708862
                ],
                [
                    0.0,
                    0.0,
                    0.0,
                    1.0
                ]
            ]
        },
        {
            "file_path": "/data/shapenet_blender/all_50_random/02958343/da92c8d35fabe4093a67185d75524e9c/r_7",
            "rotation": 0.12566370614359174,
            "transform_matrix": [
                [
                    -0.8219035267829895,
                    0.3906520903110504,
                    -0.41456666588783264,
                    -1.6711714267730713
                ],
                [
                    -0.5696266293525696,
                    -0.5636644959449768,
                    0.5981703400611877,
                    2.411301374435425
                ],
                [
                    -1.4901160305669237e-08,
                    0.7277864813804626,
                    0.6858038306236267,
                    2.7645633220672607
                ],
                [
                    0.0,
                    0.0,
                    0.0,
                    1.0
                ]
            ]
        },
        {
            "file_path": "/data/shapenet_blender/all_50_random/02958343/da92c8d35fabe4093a67185d75524e9c/r_8",
            "rotation": 0.12566370614359174,
            "transform_matrix": [
                [
                    -0.987747073173523,
                    0.1546163409948349,
                    -0.0212032999843359,
                    -0.08547324687242508
                ],
                [
                    -0.15606343746185303,
                    -0.9785882234573364,
                    0.1341986209154129,
                    0.5409719944000244
                ],
                [
                    1.862645149230957e-09,
                    0.1358632743358612,
                    0.9907274842262268,
                    3.99375057220459
                ],
                [
                    0.0,
                    0.0,
                    0.0,
                    1.0
                ]
            ]
        },
        {
            "file_path": "/data/shapenet_blender/all_50_random/02958343/da92c8d35fabe4093a67185d75524e9c/r_9",
            "rotation": 0.12566370614359174,
            "transform_matrix": [
                [
                    0.8903265595436096,
                    0.10996686667203903,
                    0.44184380769729614,
                    1.7811293601989746
                ],
                [
                    0.45532259345054626,
                    -0.21502649784088135,
                    -0.8639704585075378,
                    -3.482776403427124
                ],
                [
                    0.0,
                    0.9703972935676575,
                    -0.241514191031456,
                    -0.9735748171806335
                ],
                [
                    0.0,
                    0.0,
                    0.0,
                    1.0
                ]
            ]
        },
        {
            "file_path": "/data/shapenet_blender/all_50_random/02958343/da92c8d35fabe4093a67185d75524e9c/r_10",
            "rotation": 0.12566370614359174,
            "transform_matrix": [
                [
                    0.8159510493278503,
                    -0.015093730762600899,
                    -0.5779238939285278,
                    -2.329685688018799
                ],
                [
                    -0.5781208872795105,
                    -0.02130305953323841,
                    -0.8156729340553284,
                    -3.2880828380584717
                ],
                [
                    0.0,
                    0.99965900182724,
                    -0.026108259335160255,
                    -0.10524576157331467
                ],
                [
                    0.0,
                    0.0,
                    0.0,
                    1.0
                ]
            ]
        },
        {
            "file_path": "/data/shapenet_blender/all_50_random/02958343/da92c8d35fabe4093a67185d75524e9c/r_11",
            "rotation": 0.12566370614359174,
            "transform_matrix": [
                [
                    -0.416502982378006,
                    -0.24967548251152039,
                    -0.8741781711578369,
                    -3.5239248275756836
                ],
                [
                    -0.9091343879699707,
                    0.11438416689634323,
                    0.4004884362220764,
                    1.6144205331802368
                ],
                [
                    0.0,
                    0.9615499377250671,
                    -0.2746299207210541,
                    -1.107068657875061
                ],
                [
                    0.0,
                    0.0,
                    0.0,
                    1.0
                ]
            ]
        },
        {
            "file_path": "/data/shapenet_blender/all_50_random/02958343/da92c8d35fabe4093a67185d75524e9c/r_12",
            "rotation": 0.12566370614359174,
            "transform_matrix": [
                [
                    -0.7487179040908813,
                    -0.0464770644903183,
                    0.6612574458122253,
                    2.665614128112793
                ],
                [
                    0.6628888249397278,
                    -0.05249479413032532,
                    0.7468752861022949,
                    3.0107505321502686
                ],
                [
                    0.0,
                    0.9975390434265137,
                    0.0701129138469696,
                    0.2826341986656189
                ],
                [
                    0.0,
                    0.0,
                    0.0,
                    1.0
                ]
            ]
        },
        {
            "file_path": "/data/shapenet_blender/all_50_random/02958343/da92c8d35fabe4093a67185d75524e9c/r_13",
            "rotation": 0.12566370614359174,
            "transform_matrix": [
                [
                    0.6311587691307068,
                    -0.21181194484233856,
                    0.7461730241775513,
                    3.0079197883605957
                ],
                [
                    0.775653600692749,
                    0.17235396802425385,
                    -0.6071701049804688,
                    -2.4475810527801514
                ],
                [
                    1.4901160305669237e-08,
                    0.9619925618171692,
                    0.2730754315853119,
                    1.1008023023605347
                ],
                [
                    0.0,
                    0.0,
                    0.0,
                    1.0
                ]
            ]
        },
        {
            "file_path": "/data/shapenet_blender/all_50_random/02958343/da92c8d35fabe4093a67185d75524e9c/r_14",
            "rotation": 0.12566370614359174,
            "transform_matrix": [
                [
                    0.04715905338525772,
                    0.4064413607120514,
                    0.9124589562416077,
                    3.6782398223876953
                ],
                [
                    0.9988874197006226,
                    -0.019188739359378815,
                    -0.04307863116264343,
                    -0.17365550994873047
                ],
                [
                    0.0,
                    0.9134753346443176,
                    -0.40689408779144287,
                    -1.640242576599121
                ],
                [
                    0.0,
                    0.0,
                    0.0,
                    1.0
                ]
            ]
        },
        {
            "file_path": "/data/shapenet_blender/all_50_random/02958343/da92c8d35fabe4093a67185d75524e9c/r_15",
            "rotation": 0.12566370614359174,
            "transform_matrix": [
                [
                    -0.9748604893684387,
                    0.09067639708518982,
                    0.20353089272975922,
                    0.820459246635437
                ],
                [
                    0.22281613945960999,
                    0.39672544598579407,
                    0.890484094619751,
                    3.589656114578247
                ],
                [
                    7.450580596923828e-09,
                    0.9134476780891418,
                    -0.40695613622665405,
                    -1.6404926776885986
                ],
                [
                    0.0,
                    0.0,
                    0.0,
                    1.0
                ]
            ]
        },
        {
            "file_path": "/data/shapenet_blender/all_50_random/02958343/da92c8d35fabe4093a67185d75524e9c/r_16",
            "rotation": 0.12566370614359174,
            "transform_matrix": [
                [
                    -0.8994847536087036,
                    0.39978933334350586,
                    0.17633990943431854,
                    0.7108489274978638
                ],
                [
                    0.4369523525238037,
                    0.8229831457138062,
                    0.36300310492515564,
                    1.4633122682571411
                ],
                [
                    0.0,
                    0.4035677909851074,
                    -0.9149497151374817,
                    -3.6882803440093994
                ],
                [
                    0.0,
                    0.0,
                    0.0,
                    1.0
                ]
            ]
        },
        {
            "file_path": "/data/shapenet_blender/all_50_random/02958343/da92c8d35fabe4093a67185d75524e9c/r_17",
            "rotation": 0.12566370614359174,
            "transform_matrix": [
                [
                    -0.40319639444351196,
                    0.5451505184173584,
                    -0.7350126504898071,
                    -2.962930679321289
                ],
                [
                    -0.9151135087013245,
                    -0.2401917427778244,
                    0.32384446263313293,
                    1.3054587841033936
                ],
                [
                    1.4901162970204496e-08,
                    0.8031928539276123,
                    0.5957189798355103,
                    2.4014201164245605
                ],
                [
                    0.0,
                    0.0,
                    0.0,
                    1.0
                ]
            ]
        },
        {
            "file_path": "/data/shapenet_blender/all_50_random/02958343/da92c8d35fabe4093a67185d75524e9c/r_18",
            "rotation": 0.12566370614359174,
            "transform_matrix": [
                [
                    -0.5425068140029907,
                    0.048564646393060684,
                    -0.8386463522911072,
                    -3.3806917667388916
                ],
                [
                    -0.8400514125823975,
                    -0.03136314079165459,
                    0.5415993928909302,
                    2.1832573413848877
                ],
                [
                    0.0,
                    0.9983274936676025,
                    0.05781150981783867,
                    0.23304566740989685
                ],
                [
                    0.0,
                    0.0,
                    0.0,
                    1.0
                ]
            ]
        },
        {
            "file_path": "/data/shapenet_blender/all_50_random/02958343/da92c8d35fabe4093a67185d75524e9c/r_19",
            "rotation": 0.12566370614359174,
            "transform_matrix": [
                [
                    -0.9069616198539734,
                    0.2652239203453064,
                    0.32722610235214233,
                    1.3190906047821045
                ],
                [
                    0.4212133288383484,
                    0.5710833668708801,
                    0.7045871615409851,
                    2.8402817249298096
                ],
                [
                    -1.4901162970204496e-08,
                    0.7768654823303223,
                    -0.6296665072441101,
                    -2.538266897201538
                ],
                [
                    0.0,
                    0.0,
                    0.0,
                    1.0
                ]
            ]
        },
        {
            "file_path": "/data/shapenet_blender/all_50_random/02958343/da92c8d35fabe4093a67185d75524e9c/r_20",
            "rotation": 0.12566370614359174,
            "transform_matrix": [
                [
                    -0.8735625743865967,
                    -0.30128106474876404,
                    0.3822539746761322,
                    1.5409151315689087
                ],
                [
                    0.4867118299007416,
                    -0.540746808052063,
                    0.6860790252685547,
                    2.7656731605529785
                ],
                [
                    0.0,
                    0.7853805422782898,
                    0.6190131902694702,
                    2.4953222274780273
                ],
                [
                    0.0,
                    0.0,
                    0.0,
                    1.0
                ]
            ]
        },
        {
            "file_path": "/data/shapenet_blender/all_50_random/02958343/da92c8d35fabe4093a67185d75524e9c/r_21",
            "rotation": 0.12566370614359174,
            "transform_matrix": [
                [
                    -0.1341732293367386,
                    0.1871860772371292,
                    -0.9731181859970093,
                    -3.922764778137207
                ],
                [
                    -0.9909579157829285,
                    -0.025344528257846832,
                    0.13175778090953827,
                    0.5311325788497925
                ],
                [
                    1.8626449271863521e-09,
                    0.981997549533844,
                    0.1888940930366516,
                    0.7614564299583435
                ],
                [
                    0.0,
                    0.0,
                    0.0,
                    1.0
                ]
            ]
        },
        {
            "file_path": "/data/shapenet_blender/all_50_random/02958343/da92c8d35fabe4093a67185d75524e9c/r_22",
            "rotation": 0.12566370614359174,
            "transform_matrix": [
                [
                    -0.9887022376060486,
                    -0.04711322858929634,
                    0.1422959864139557,
                    0.5736134648323059
                ],
                [
                    0.1498926430940628,
                    -0.31076210737228394,
                    0.9385941624641418,
                    3.7835941314697266
                ],
                [
                    0.0,
                    0.9493194222450256,
                    0.3143131136894226,
                    1.2670366764068604
                ],
                [
                    0.0,
                    0.0,
                    0.0,
                    1.0
                ]
            ]
        },
        {
            "file_path": "/data/shapenet_blender/all_50_random/02958343/da92c8d35fabe4093a67185d75524e9c/r_23",
            "rotation": 0.12566370614359174,
            "transform_matrix": [
                [
                    0.9160658121109009,
                    -0.03216776251792908,
                    -0.39973586797714233,
                    -1.611386775970459
                ],
                [
                    -0.4010281264781952,
                    -0.07348060607910156,
                    -0.9131139516830444,
                    -3.680880069732666
                ],
                [
                    0.0,
                    0.9967776536941528,
                    -0.08021324872970581,
                    -0.3233499526977539
                ],
                [
                    0.0,
                    0.0,
                    0.0,
                    1.0
                ]
            ]
        },
        {
            "file_path": "/data/shapenet_blender/all_50_random/02958343/da92c8d35fabe4093a67185d75524e9c/r_24",
            "rotation": 0.12566370614359174,
            "transform_matrix": [
                [
                    -0.30486851930618286,
                    0.20825913548469543,
                    0.9293455481529236,
                    3.746311902999878
                ],
                [
                    0.952394425868988,
                    0.06666529178619385,
                    0.2974903881549835,
                    1.199222207069397
                ],
                [
                    3.725290298461914e-09,
                    0.9757990837097168,
                    -0.21866896748542786,
                    -0.8814828395843506
                ],
                [
                    0.0,
                    0.0,
                    0.0,
                    1.0
                ]
            ]
        },
        {
            "file_path": "/data/shapenet_blender/all_50_random/02958343/da92c8d35fabe4093a67185d75524e9c/r_25",
            "rotation": 0.12566370614359174,
            "transform_matrix": [
                [
                    0.2327471226453781,
                    -0.004619015380740166,
                    -0.9725261926651001,
                    -3.9203789234161377
                ],
                [
                    -0.9725373387336731,
                    -0.0011054204078391194,
                    -0.23274445533752441,
                    -0.9382230043411255
                ],
                [
                    -1.1641532182693481e-10,
                    0.9999887943267822,
                    -0.004749447572976351,
                    -0.01914563775062561
                ],
                [
                    0.0,
                    0.0,
                    0.0,
                    1.0
                ]
            ]
        },
        {
            "file_path": "/data/shapenet_blender/all_50_random/02958343/da92c8d35fabe4093a67185d75524e9c/r_26",
            "rotation": 0.12566370614359174,
            "transform_matrix": [
                [
                    0.9462193250656128,
                    0.07346413284540176,
                    0.315074622631073,
                    1.270106554031372
                ],
                [
                    0.32352593541145325,
                    -0.21486125886440277,
                    -0.9215017557144165,
                    -3.7146925926208496
                ],
                [
                    7.450580596923828e-09,
                    0.9738776683807373,
                    -0.22707338631153107,
                    -0.9153621792793274
                ],
                [
                    0.0,
                    0.0,
                    0.0,
                    1.0
                ]
            ]
        },
        {
            "file_path": "/data/shapenet_blender/all_50_random/02958343/da92c8d35fabe4093a67185d75524e9c/r_27",
            "rotation": 0.12566370614359174,
            "transform_matrix": [
                [
                    0.9288890957832336,
                    0.11863899976015091,
                    0.35084161162376404,
                    1.4142879247665405
                ],
                [
                    0.37035802006721497,
                    -0.2975565791130066,
                    -0.8799402713775635,
                    -3.5471529960632324
                ],
                [
                    0.0,
                    0.9473040103912354,
                    -0.32033589482307434,
                    -1.2913154363632202
                ],
                [
                    0.0,
                    0.0,
                    0.0,
                    1.0
                ]
            ]
        },
        {
            "file_path": "/data/shapenet_blender/all_50_random/02958343/da92c8d35fabe4093a67185d75524e9c/r_28",
            "rotation": 0.12566370614359174,
            "transform_matrix": [
                [
                    -0.2203473448753357,
                    -0.4049379229545593,
                    -0.8873963952064514,
                    -3.577208995819092
                ],
                [
                    -0.9754215478897095,
                    0.09147531539201736,
                    0.2004624903202057,
                    0.808090090751648
                ],
                [
                    0.0,
                    0.9097568392753601,
                    -0.4151415228843689,
                    -1.673488974571228
                ],
                [
                    0.0,
                    0.0,
                    0.0,
                    1.0
                ]
            ]
        },
        {
            "file_path": "/data/shapenet_blender/all_50_random/02958343/da92c8d35fabe4093a67185d75524e9c/r_29",
            "rotation": 0.12566370614359174,
            "transform_matrix": [
                [
                    0.9363158345222473,
                    -0.1498684585094452,
                    -0.3175722658634186,
                    -1.280174732208252
                ],
                [
                    -0.35115912556648254,
                    -0.3996029496192932,
                    -0.8467612862586975,
                    -3.4134039878845215
                ],
                [
                    0.0,
                    0.9043543338775635,
                    -0.4267822206020355,
                    -1.720414161682129
                ],
                [
                    0.0,
                    0.0,
                    0.0,
                    1.0
                ]
            ]
        },
        {
            "file_path": "/data/shapenet_blender/all_50_random/02958343/da92c8d35fabe4093a67185d75524e9c/r_30",
            "rotation": 0.12566370614359174,
            "transform_matrix": [
                [
                    0.36003267765045166,
                    0.0074061499908566475,
                    -0.9329102635383606,
                    -3.760681629180908
                ],
                [
                    -0.9329397082328796,
                    0.0028581225778907537,
                    -0.36002129316329956,
                    -1.4512922763824463
                ],
                [
                    2.3283064365386963e-10,
                    0.9999685883522034,
                    0.007938507944345474,
                    0.03200114890933037
                ],
                [
                    0.0,
                    0.0,
                    0.0,
                    1.0
                ]
            ]
        },
        {
            "file_path": "/data/shapenet_blender/all_50_random/02958343/da92c8d35fabe4093a67185d75524e9c/r_31",
            "rotation": 0.12566370614359174,
            "transform_matrix": [
                [
                    0.5305145382881165,
                    -0.08077974617481232,
                    0.8438180685043335,
                    3.4015395641326904
                ],
                [
                    0.8476758599281311,
                    0.05055567994713783,
                    -0.5281001329421997,
                    -2.1288399696350098
                ],
                [
                    0.0,
                    0.9954490065574646,
                    0.09529556334018707,
                    0.3841487467288971
                ],
                [
                    0.0,
                    0.0,
                    0.0,
                    1.0
                ]
            ]
        },
        {
            "file_path": "/data/shapenet_blender/all_50_random/02958343/da92c8d35fabe4093a67185d75524e9c/r_32",
            "rotation": 0.12566370614359174,
            "transform_matrix": [
                [
                    0.9544405341148376,
                    -0.07625900954008102,
                    -0.28849247097969055,
                    -1.1629505157470703
                ],
                [
                    -0.2984013557434082,
                    -0.243915393948555,
                    -0.9227468371391296,
                    -3.7197117805480957
                ],
                [
                    0.0,
                    0.9667934775352478,
                    -0.25555849075317383,
                    -1.0301893949508667
                ],
                [
                    0.0,
                    0.0,
                    0.0,
                    1.0
                ]
            ]
        },
        {
            "file_path": "/data/shapenet_blender/all_50_random/02958343/da92c8d35fabe4093a67185d75524e9c/r_33",
            "rotation": 0.12566370614359174,
            "transform_matrix": [
                [
                    0.9742886424064636,
                    0.13017193973064423,
                    0.18389376997947693,
                    0.741299569606781
                ],
                [
                    0.22530347108840942,
                    -0.5629076361656189,
                    -0.7952190041542053,
                    -3.2056305408477783
                ],
                [
                    7.4505797087454084e-09,
                    0.8162047863006592,
                    -0.5777626633644104,
                    -2.329035997390747
                ],
                [
                    0.0,
                    0.0,
                    0.0,
                    1.0
                ]
            ]
        },
        {
            "file_path": "/data/shapenet_blender/all_50_random/02958343/da92c8d35fabe4093a67185d75524e9c/r_34",
            "rotation": 0.12566370614359174,
            "transform_matrix": [
                [
                    -0.9984673261642456,
                    -0.01666242629289627,
                    -0.052777085453271866,
                    -0.21275125443935394
                ],
                [
                    -0.055344901978969574,
                    0.30060380697250366,
                    0.9521418213844299,
                    3.8382067680358887
                ],
                [
                    0.0,
                    0.9536035060882568,
                    -0.30106520652770996,
                    -1.2136328220367432
                ],
                [
                    0.0,
                    0.0,
                    0.0,
                    1.0
                ]
            ]
        },
        {
            "file_path": "/data/shapenet_blender/all_50_random/02958343/da92c8d35fabe4093a67185d75524e9c/r_35",
            "rotation": 0.12566370614359174,
            "transform_matrix": [
                [
                    -0.3975057601928711,
                    0.7587746381759644,
                    0.5159944295883179,
                    2.0800399780273438
                ],
                [
                    0.9175997972488403,
                    0.3287024199962616,
                    0.2235296368598938,
                    0.9010767936706543
                ],
                [
                    0.0,
                    0.5623306632041931,
                    -0.8269124627113342,
                    -3.333390712738037
                ],
                [
                    0.0,
                    0.0,
                    0.0,
                    1.0
                ]
            ]
        },
        {
            "file_path": "/data/shapenet_blender/all_50_random/02958343/da92c8d35fabe4093a67185d75524e9c/r_36",
            "rotation": 0.12566370614359174,
            "transform_matrix": [
                [
                    -0.7551615238189697,
                    0.3979198932647705,
                    -0.5209518671035767,
                    -2.1000242233276367
                ],
                [
                    -0.65553879737854,
                    -0.45839208364486694,
                    0.6001213192939758,
                    2.419166326522827
                ],
                [
                    0.0,
                    0.7946926355361938,
                    0.6070120334625244,
                    2.446943759918213
                ],
                [
                    0.0,
                    0.0,
                    0.0,
                    1.0
                ]
            ]
        },
        {
            "file_path": "/data/shapenet_blender/all_50_random/02958343/da92c8d35fabe4093a67185d75524e9c/r_37",
            "rotation": 0.12566370614359174,
            "transform_matrix": [
                [
                    -0.10105940699577332,
                    -0.21579937636852264,
                    0.9711939096450806,
                    3.9150078296661377
                ],
                [
                    0.9948803186416626,
                    -0.021920785307884216,
                    0.09865335375070572,
                    0.39768439531326294
                ],
                [
                    1.862645149230957e-09,
                    0.976191520690918,
                    0.21690990030765533,
                    0.8743917942047119
                ],
                [
                    0.0,
                    0.0,
                    0.0,
                    1.0
                ]
            ]
        },
        {
            "file_path": "/data/shapenet_blender/all_50_random/02958343/da92c8d35fabe4093a67185d75524e9c/r_38",
            "rotation": 0.12566370614359174,
            "transform_matrix": [
                [
                    0.2491026669740677,
                    0.6799308061599731,
                    -0.6896679997444153,
                    -2.7801406383514404
                ],
                [
                    -0.968477189540863,
                    0.17488545179367065,
                    -0.1773899644613266,
                    -0.7150818109512329
                ],
                [
                    -7.450581485102248e-09,
                    0.712116003036499,
                    0.7020618319511414,
                    2.830101728439331
                ],
                [
                    0.0,
                    0.0,
                    0.0,
                    1.0
                ]
            ]
        },
        {
            "file_path": "/data/shapenet_blender/all_50_random/02958343/da92c8d35fabe4093a67185d75524e9c/r_39",
            "rotation": 0.12566370614359174,
            "transform_matrix": [
                [
                    0.6166477203369141,
                    0.4270993173122406,
                    0.661310613155365,
                    2.6658284664154053
                ],
                [
                    0.7872391939163208,
                    -0.334548681974411,
                    -0.5180073380470276,
                    -2.0881543159484863
                ],
                [
                    1.4901161193847656e-08,
                    0.8400376439094543,
                    -0.542527973651886,
                    -2.187000274658203
                ],
                [
                    0.0,
                    0.0,
                    0.0,
                    1.0
                ]
            ]
        },
        {
            "file_path": "/data/shapenet_blender/all_50_random/02958343/da92c8d35fabe4093a67185d75524e9c/r_40",
            "rotation": 0.12566370614359174,
            "transform_matrix": [
                [
                    0.9972032308578491,
                    0.041127413511276245,
                    0.06240382418036461,
                    0.251557856798172
                ],
                [
                    0.074737548828125,
                    -0.5487521290779114,
                    -0.8326376080513,
                    -3.3564696311950684
                ],
                [
                    0.0,
                    0.8349728584289551,
                    -0.550291121006012,
                    -2.218294382095337
                ],
                [
                    0.0,
                    0.0,
                    0.0,
                    1.0
                ]
            ]
        },
        {
            "file_path": "/data/shapenet_blender/all_50_random/02958343/da92c8d35fabe4093a67185d75524e9c/r_41",
            "rotation": 0.12566370614359174,
            "transform_matrix": [
                [
                    0.06484787166118622,
                    -0.8662984371185303,
                    0.49529966711997986,
                    1.9966169595718384
                ],
                [
                    0.9978951811790466,
                    0.05629609897732735,
                    -0.03218687325716019,
                    -0.12974944710731506
                ],
                [
