{
    "class": "02958343",
    "model": "9e136de952f33de0a1830153974050c",
    "remove_doubles": true,
    "edge_split": true,
    "denoise": true,
    "camera_angle_x": 0.6911112070083618,
    "scale_factor": 2.2671855301993142,
    "hdri_file": "/data/IndoorHDRDataset2018/AG8A4282-12428fb08e.exr",
    "center_offset": [
        0.0,
        0.0,
        -1.862645149230957e-09
    ],
    "lights": [],
    "frames": [
        {
            "file_path": "/data/shapenet_blender/all_50_random/02958343/9e136de952f33de0a1830153974050c/r_0",
            "rotation": 0.12566370614359174,
            "transform_matrix": [
                [
                    -0.40761619806289673,
                    -0.07688935101032257,
                    0.9099104404449463,
                    3.667966365814209
                ],
                [
                    0.913153350353241,
                    -0.0343221016228199,
                    0.4061686396598816,
                    1.6373181343078613
                ],
                [
                    -5.587935003603661e-09,
                    0.9964487552642822,
                    0.08420199900865555,
                    0.33942911028862
                ],
                [
                    0.0,
                    0.0,
                    0.0,
                    1.0
                ]
            ]
        },
        {
            "file_path": "/data/shapenet_blender/all_50_random/02958343/9e136de952f33de0a1830153974050c/r_1",
            "rotation": 0.12566370614359174,
            "transform_matrix": [
                [
                    -0.0032441518269479275,
                    0.11004696041345596,
                    0.9939211010932922,
                    4.006624221801758
                ],
                [
                    0.9999948143959045,
                    0.00035701089655049145,
                    0.003224447602406144,
                    0.01299816370010376
                ],
                [
                    0.0,
                    0.9939262270927429,
                    -0.11004754155874252,
                    -0.4436158239841461
                ],
                [
                    0.0,
                    0.0,
                    0.0,
                    1.0
                ]
            ]
        },
        {
            "file_path": "/data/shapenet_blender/all_50_random/02958343/9e136de952f33de0a1830153974050c/r_2",
            "rotation": 0.12566370614359174,
            "transform_matrix": [
                [
                    -0.9999657273292542,
                    0.0006613057339563966,
                    -0.008260013535618782,
                    -0.03329717740416527
                ],
                [
                    -0.008286443538963795,
                    -0.07980301231145859,
                    0.996776282787323,
                    4.018133163452148
                ],
                [
                    -5.820766091346741e-11,
                    0.9968103766441345,
                    0.07980575412511826,
                    0.32170724868774414
                ],
                [
                    0.0,
                    0.0,
                    0.0,
                    1.0
                ]
            ]
        },
        {
            "file_path": "/data/shapenet_blender/all_50_random/02958343/9e136de952f33de0a1830153974050c/r_3",
            "rotation": 0.12566370614359174,
            "transform_matrix": [
                [
                    -0.9965316653251648,
                    -0.03345588222146034,
                    -0.0761929452419281,
                    -0.3071436285972595
                ],
                [
                    -0.08321455121040344,
                    0.40064921975135803,
                    0.9124447703361511,
                    3.67818284034729
                ],
                [
                    0.0,
                    0.9156205654144287,
                    -0.40204358100891113,
                    -1.6206896305084229
                ],
                [
                    0.0,
                    0.0,
                    0.0,
                    1.0
                ]
            ]
        },
        {
            "file_path": "/data/shapenet_blender/all_50_random/02958343/9e136de952f33de0a1830153974050c/r_4",
            "rotation": 0.12566370614359174,
            "transform_matrix": [
                [
                    -0.5950770378112793,
                    -0.12926147878170013,
                    -0.7932053208351135,
                    -3.1975128650665283
                ],
                [
                    -0.8036685585975647,
                    0.09571176767349243,
                    0.5873295664787292,
                    2.367601156234741
                ],
                [
                    -7.450580152834618e-09,
                    0.9869806170463562,
                    -0.1608392745256424,
                    -0.6483638286590576
                ],
                [
                    0.0,
                    0.0,
                    0.0,
                    1.0
                ]
            ]
        },
        {
            "file_path": "/data/shapenet_blender/all_50_random/02958343/9e136de952f33de0a1830153974050c/r_5",
            "rotation": 0.12566370614359174,
            "transform_matrix": [
                [
                    -0.6403597593307495,
                    -0.6981939673423767,
                    0.3201008141040802,
                    1.2903677225112915
                ],
                [
                    0.7680751085281372,
                    -0.5820984244346619,
                    0.2668745219707489,
                    1.0758057832717896
                ],
                [
                    0.0,
                    0.41675716638565063,
                    0.9090177416801453,
                    3.664367914199829
                ],
                [
                    0.0,
                    0.0,
                    0.0,
                    1.0
                ]
            ]
        },
        {
            "file_path": "/data/shapenet_blender/all_50_random/02958343/9e136de952f33de0a1830153974050c/r_6",
            "rotation": 0.12566370614359174,
            "transform_matrix": [
                [
                    -0.27349206805229187,
                    0.5102685689926147,
                    -0.8153697848320007,
                    -3.286860942840576
                ],
                [
                    -0.9618741869926453,
                    -0.14508594572544098,
                    0.23183612525463104,
                    0.9345613718032837
                ],
                [
                    -7.450580152834618e-09,
                    0.847688615322113,
                    0.5304940342903137,
                    2.1384902000427246
                ],
                [
                    0.0,
                    0.0,
                    0.0,
                    1.0
                ]
            ]
        },
        {
            "file_path": "/data/shapenet_blender/all_50_random/02958343/9e136de952f33de0a1830153974050c/r_7",
            "rotation": 0.12566370614359174,
            "transform_matrix": [
                [
                    0.6659622192382812,
                    0.6980306506156921,
                    -0.2631492018699646,
                    -1.0607885122299194
                ],
                [
                    -0.7459855079650879,
                    0.6231515407562256,
                    -0.2349206954240799,
                    -0.9469956755638123
                ],
                [
                    0.0,
                    0.35275375843048096,
                    0.9357160925865173,
                    3.7719924449920654
                ],
                [
                    0.0,
                    0.0,
                    0.0,
                    1.0
                ]
            ]
        },
        {
            "file_path": "/data/shapenet_blender/all_50_random/02958343/9e136de952f33de0a1830153974050c/r_8",
            "rotation": 0.12566370614359174,
            "transform_matrix": [
                [
                    0.9495035409927368,
                    -0.08550817519426346,
                    -0.30187973380088806,
                    -1.2169160842895508
                ],
                [
                    -0.3137563169002533,
                    -0.2587687373161316,
                    -0.9135621190071106,
                    -3.6826868057250977
                ],
                [
                    -7.450580596923828e-09,
                    0.9621471166610718,
                    -0.27253055572509766,
                    -1.098605751991272
                ],
                [
                    0.0,
                    0.0,
                    0.0,
                    1.0
                ]
            ]
        },
        {
            "file_path": "/data/shapenet_blender/all_50_random/02958343/9e136de952f33de0a1830153974050c/r_9",
            "rotation": 0.12566370614359174,
            "transform_matrix": [
                [
                    -0.999975323677063,
                    5.9035799495177343e-05,
                    -0.007024036720395088,
                    -0.028314799070358276
                ],
                [
                    -0.0070242853835225105,
                    -0.008404320105910301,
                    0.9999399781227112,
                    4.030887126922607
                ],
                [
                    3.637978373410844e-12,
                    0.9999647736549377,
                    0.008404526859521866,
                    0.033879734575748444
                ],
                [
                    0.0,
                    0.0,
                    0.0,
                    1.0
                ]
            ]
        },
        {
            "file_path": "/data/shapenet_blender/all_50_random/02958343/9e136de952f33de0a1830153974050c/r_10",
            "rotation": 0.12566370614359174,
            "transform_matrix": [
                [
                    -0.29462605714797974,
                    0.19125477969646454,
                    0.9362782835960388,
                    3.7742583751678467
                ],
                [
                    0.9556126594543457,
                    0.05896599218249321,
                    0.2886650860309601,
                    1.1636462211608887
                ],
                [
                    0.0,
                    0.9797676205635071,
                    -0.2001383900642395,
                    -0.8067836761474609
                ],
                [
                    0.0,
                    0.0,
                    0.0,
                    1.0
                ]
            ]
        },
        {
            "file_path": "/data/shapenet_blender/all_50_random/02958343/9e136de952f33de0a1830153974050c/r_11",
            "rotation": 0.12566370614359174,
            "transform_matrix": [
                [
                    0.9802280068397522,
                    -0.16757090389728546,
                    -0.10522782802581787,
                    -0.42418697476387024
                ],
                [
                    -0.1978709101676941,
                    -0.8301255106925964,
                    -0.5212855935096741,
                    -2.101369619369507
                ],
                [
                    -7.450580152834618e-09,
                    0.531800389289856,
                    -0.8468696475028992,
                    -3.4138410091400146
                ],
                [
                    0.0,
                    0.0,
                    0.0,
                    1.0
                ]
            ]
        },
        {
            "file_path": "/data/shapenet_blender/all_50_random/02958343/9e136de952f33de0a1830153974050c/r_12",
            "rotation": 0.12566370614359174,
            "transform_matrix": [
                [
                    -0.9462723731994629,
                    0.06076391041278839,
                    -0.31761062145233154,
                    -1.2803293466567993
                ],
                [
                    -0.32337093353271484,
                    -0.17781192064285278,
                    0.9294160604476929,
                    3.746595859527588
                ],
                [
                    0.0,
                    0.9821866750717163,
                    0.18790780007839203,
                    0.7574805617332458
                ],
                [
                    0.0,
                    0.0,
                    0.0,
                    1.0
                ]
            ]
        },
        {
            "file_path": "/data/shapenet_blender/all_50_random/02958343/9e136de952f33de0a1830153974050c/r_13",
            "rotation": 0.12566370614359174,
            "transform_matrix": [
                [
                    -0.8200359344482422,
                    0.31141698360443115,
                    0.4801671802997589,
                    1.93561589717865
                ],
                [
                    0.5723121166229248,
                    0.4462130069732666,
                    0.6880062818527222,
                    2.773442268371582
                ],
                [
                    1.4901162970204496e-08,
                    0.8389953374862671,
                    -0.5441384315490723,
                    -2.1934924125671387
                ],
                [
                    0.0,
                    0.0,
                    0.0,
                    1.0
                ]
            ]
        },
        {
            "file_path": "/data/shapenet_blender/all_50_random/02958343/9e136de952f33de0a1830153974050c/r_14",
            "rotation": 0.12566370614359174,
            "transform_matrix": [
                [
                    -0.988638162612915,
                    0.0030123561155050993,
                    0.1502848118543625,
                    0.605817437171936
                ],
                [
                    0.15031500160694122,
                    0.01981259509921074,
                    0.9884396195411682,
                    3.984527587890625
                ],
                [
                    0.0,
                    0.9997991323471069,
                    -0.020040292292833328,
                    -0.08078499883413315
                ],
                [
                    0.0,
                    0.0,
                    0.0,
                    1.0
                ]
            ]
        },
        {
            "file_path": "/data/shapenet_blender/all_50_random/02958343/9e136de952f33de0a1830153974050c/r_15",
            "rotation": 0.12566370614359174,
            "transform_matrix": [
                [
                    0.9965688586235046,
                    0.0323467031121254,
                    -0.07618501037359238,
                    -0.30711159110069275
                ],
                [
                    -0.0827675312757492,
                    0.38947296142578125,
                    -0.917311429977417,
                    -3.697800636291504
                ],
                [
                    0.0,
                    0.9204695820808411,
                    0.390813946723938,
                    1.5754214525222778
                ],
                [
                    0.0,
                    0.0,
                    0.0,
                    1.0
                ]
            ]
        },
        {
            "file_path": "/data/shapenet_blender/all_50_random/02958343/9e136de952f33de0a1830153974050c/r_16",
            "rotation": 0.12566370614359174,
            "transform_matrix": [
                [
                    -0.1037326231598854,
                    0.7302841544151306,
                    -0.675221860408783,
                    -2.7219066619873047
                ],
                [
                    -0.9946052432060242,
                    -0.07616518437862396,
                    0.0704224482178688,
                    0.2838819921016693
                ],
                [
                    0.0,
                    0.6788842678070068,
                    0.7342451810836792,
                    2.9598371982574463
                ],
                [
                    0.0,
                    0.0,
                    0.0,
                    1.0
                ]
            ]
        },
        {
            "file_path": "/data/shapenet_blender/all_50_random/02958343/9e136de952f33de0a1830153974050c/r_17",
            "rotation": 0.12566370614359174,
            "transform_matrix": [
                [
                    0.8102726936340332,
                    -0.431301087141037,
                    -0.3967839181423187,
                    -1.5994873046875
                ],
                [
                    -0.5860530138015747,
                    -0.5963138341903687,
                    -0.5485906004905701,
                    -2.211439609527588
                ],
                [
                    -1.4901161193847656e-08,
                    0.6770445108413696,
                    -0.735942006111145,
                    -2.96667742729187
                ],
                [
                    0.0,
                    0.0,
                    0.0,
                    1.0
                ]
            ]
        },
        {
            "file_path": "/data/shapenet_blender/all_50_random/02958343/9e136de952f33de0a1830153974050c/r_18",
            "rotation": 0.12566370614359174,
            "transform_matrix": [
                [
                    0.6880702972412109,
                    -0.29379671812057495,
                    0.663507878780365,
                    2.6746857166290283
                ],
                [
                    0.7256439924240112,
                    0.27858397364616394,
                    -0.6291515827178955,
                    -2.53619122505188
                ],
                [
                    1.4901161193847656e-08,
                    0.9143710136413574,
                    0.4048772156238556,
                    1.6321122646331787
                ],
                [
                    0.0,
                    0.0,
                    0.0,
                    1.0
                ]
            ]
        },
        {
            "file_path": "/data/shapenet_blender/all_50_random/02958343/9e136de952f33de0a1830153974050c/r_19",
            "rotation": 0.12566370614359174,
            "transform_matrix": [
                [
                    -0.9322637319564819,
                    0.17125311493873596,
                    0.3186797499656677,
                    1.2846391201019287
                ],
                [
                    0.36177951097488403,
                    0.4412993788719177,
                    0.8212006688117981,
                    3.310365676879883
                ],
                [
                    -1.4901161193847656e-08,
                    0.8808673024177551,
                    -0.4733632206916809,
                    -1.9081882238388062
                ],
                [
                    0.0,
                    0.0,
                    0.0,
                    1.0
                ]
            ]
        },
        {
            "file_path": "/data/shapenet_blender/all_50_random/02958343/9e136de952f33de0a1830153974050c/r_20",
            "rotation": 0.12566370614359174,
            "transform_matrix": [
                [
                    -0.9997780323028564,
                    -0.0015713253524154425,
                    0.0210124421864748,
                    0.08470386266708374
                ],
                [
                    0.021071115508675575,
                    -0.07455591857433319,
                    0.996994137763977,
                    4.019011974334717
                ],
                [
                    -2.3283067140944524e-10,
                    0.9972156286239624,
                    0.07457247376441956,
                    0.3006112575531006
                ],
                [
                    0.0,
                    0.0,
                    0.0,
                    1.0
                ]
            ]
        },
        {
            "file_path": "/data/shapenet_blender/all_50_random/02958343/9e136de952f33de0a1830153974050c/r_21",
            "rotation": 0.12566370614359174,
            "transform_matrix": [
                [
                    0.7951211333274841,
                    0.02869665063917637,
                    -0.6057712435722351,
                    -2.4419422149658203
                ],
                [
                    -0.606450617313385,
                    0.03762435168027878,
                    -0.7942304015159607,
                    -3.2016453742980957
                ],
                [
                    -1.8626450382086546e-09,
                    0.9988798499107361,
                    0.047319017350673676,
                    0.19074907898902893
                ],
                [
                    0.0,
                    0.0,
                    0.0,
                    1.0
                ]
            ]
        },
        {
            "file_path": "/data/shapenet_blender/all_50_random/02958343/9e136de952f33de0a1830153974050c/r_22",
            "rotation": 0.12566370614359174,
            "transform_matrix": [
                [
                    0.9996747970581055,
                    -0.01840696483850479,
                    0.01765143685042858,
                    0.07115522027015686
                ],
                [
                    0.02550274133682251,
                    0.721529483795166,
                    -0.6919137239456177,
                    -2.7891933917999268
                ],
                [
                    0.0,
                    0.6921387910842896,
                    0.721764326095581,
                    2.909525156021118
                ],
                [
                    0.0,
                    0.0,
                    0.0,
                    1.0
                ]
            ]
        },
        {
            "file_path": "/data/shapenet_blender/all_50_random/02958343/9e136de952f33de0a1830153974050c/r_23",
            "rotation": 0.12566370614359174,
            "transform_matrix": [
                [
                    0.9066920876502991,
                    0.05408767610788345,
                    0.41831085085868835,
                    1.6862648725509644
                ],
                [
                    0.4217931032180786,
                    -0.11626759171485901,
                    -0.8992065787315369,
                    -3.624817371368408
                ],
                [
                    0.0,
                    0.9917441010475159,
                    -0.12823271751403809,
                    -0.5169225931167603
                ],
                [
                    0.0,
                    0.0,
                    0.0,
                    1.0
                ]
            ]
        },
        {
            "file_path": "/data/shapenet_blender/all_50_random/02958343/9e136de952f33de0a1830153974050c/r_24",
            "rotation": 0.12566370614359174,
            "transform_matrix": [
                [
                    -0.9502124786376953,
                    -0.04672401025891304,
                    0.30807986855506897,
                    1.2419095039367676
                ],
                [
                    0.3116028308868408,
                    -0.14248180389404297,
                    0.9394693970680237,
                    3.7871217727661133
                ],
                [
                    0.0,
                    0.98869389295578,
                    0.14994734525680542,
                    0.6044570207595825
                ],
                [
                    0.0,
                    0.0,
                    0.0,
                    1.0
                ]
            ]
        },
        {
            "file_path": "/data/shapenet_blender/all_50_random/02958343/9e136de952f33de0a1830153974050c/r_25",
            "rotation": 0.12566370614359174,
            "transform_matrix": [
                [
                    0.8360475301742554,
                    -0.07985596358776093,
                    -0.5428144931793213,
                    -2.18815541267395
                ],
                [
                    -0.5486571192741394,
                    -0.12168505787849426,
                    -0.8271445035934448,
                    -3.3343262672424316
                ],
                [
                    7.450580596923828e-09,
                    0.989351212978363,
                    -0.1455480009317398,
                    -0.5867227911949158
                ],
                [
                    0.0,
                    0.0,
                    0.0,
                    1.0
                ]
            ]
        },
        {
            "file_path": "/data/shapenet_blender/all_50_random/02958343/9e136de952f33de0a1830153974050c/r_26",
            "rotation": 0.12566370614359174,
            "transform_matrix": [
                [
                    -0.6150179505348206,
                    0.30989494919776917,
                    -0.7250640392303467,
                    -2.9228267669677734
                ],
                [
                    -0.7885130047798157,
                    -0.24170933663845062,
                    0.5655295252799988,
                    2.2797226905822754
                ],
                [
                    0.0,
                    0.9195333123207092,
                    0.3930118680000305,
                    1.5842816829681396
                ],
                [
                    0.0,
                    0.0,
                    0.0,
                    1.0
                ]
            ]
        },
        {
            "file_path": "/data/shapenet_blender/all_50_random/02958343/9e136de952f33de0a1830153974050c/r_27",
            "rotation": 0.12566370614359174,
            "transform_matrix": [
                [
                    0.6482929587364197,
                    0.7327486276626587,
                    -0.2068711817264557,
                    -0.833924412727356
                ],
                [
                    -0.7613911032676697,
                    0.6239051222801208,
                    -0.17614224553108215,
                    -0.7100521326065063
                ],
                [
                    0.0,
                    0.2717016339302063,
                    0.9623814821243286,
                    3.879483938217163
                ],
                [
                    0.0,
                    0.0,
                    0.0,
                    1.0
                ]
            ]
        },
        {
            "file_path": "/data/shapenet_blender/all_50_random/02958343/9e136de952f33de0a1830153974050c/r_28",
            "rotation": 0.12566370614359174,
            "transform_matrix": [
                [
                    0.9354822635650635,
                    0.2420273721218109,
                    -0.2574794292449951,
                    -1.0379328727722168
                ],
                [
                    -0.35337361693382263,
                    0.6407164931297302,
                    -0.6816225647926331,
                    -2.747708797454834
                ],
                [
                    0.0,
                    0.7286323308944702,
                    0.684904932975769,
                    2.7609403133392334
                ],
                [
                    0.0,
                    0.0,
                    0.0,
                    1.0
                ]
            ]
        },
        {
            "file_path": "/data/shapenet_blender/all_50_random/02958343/9e136de952f33de0a1830153974050c/r_29",
            "rotation": 0.12566370614359174,
            "transform_matrix": [
                [
                    -0.008476455695927143,
                    -0.246343731880188,
                    -0.9691454172134399,
                    -3.906750202178955
                ],
                [
                    -0.99996417760849,
                    0.002088196575641632,
                    0.008215212263166904,
                    0.03311657905578613
                ],
                [
                    0.0,
                    0.9691802859306335,
                    -0.24635256826877594,
                    -0.9930789470672607
                ],
                [
                    0.0,
                    0.0,
                    0.0,
                    1.0
                ]
            ]
        },
        {
            "file_path": "/data/shapenet_blender/all_50_random/02958343/9e136de952f33de0a1830153974050c/r_30",
            "rotation": 0.12566370614359174,
            "transform_matrix": [
                [
                    0.9615190029144287,
                    0.2095608413219452,
                    -0.17766718566417694,
                    -0.7161993980407715
                ],
                [
                    -0.27473875880241394,
                    0.7334120869636536,
                    -0.6217920184135437,
                    -2.506524085998535
                ],
                [
                    1.4901162970204496e-08,
                    0.6466768383979797,
                    0.7627638578414917,
                    3.0748000144958496
                ],
                [
                    0.0,
                    0.0,
                    0.0,
                    1.0
                ]
            ]
        },
        {
            "file_path": "/data/shapenet_blender/all_50_random/02958343/9e136de952f33de0a1830153974050c/r_31",
            "rotation": 0.12566370614359174,
            "transform_matrix": [
                [
                    -0.9936208128929138,
                    -0.09565618634223938,
                    0.05972963571548462,
                    0.2407778799533844
                ],
                [
                    0.11277294903993607,
                    -0.8428083062171936,
                    0.52626633644104,
                    2.121447801589966
                ],
                [
                    0.0,
                    0.5296450853347778,
                    0.8482192754745483,
                    3.419281482696533
                ],
                [
                    0.0,
                    0.0,
                    0.0,
                    1.0
                ]
            ]
        },
        {
            "file_path": "/data/shapenet_blender/all_50_random/02958343/9e136de952f33de0a1830153974050c/r_32",
            "rotation": 0.12566370614359174,
            "transform_matrix": [
                [
                    -0.9987618923187256,
                    -0.020840482786297798,
                    0.04517136141657829,
                    0.1820915937423706
                ],
                [
                    0.04974714666604996,
                    -0.4184095561504364,
                    0.9068949818611145,
                    3.655810832977295
                ],
                [
                    0.0,
                    0.9080193042755127,
                    0.41892820596694946,
                    1.6887537240982056
                ],
                [
                    0.0,
                    0.0,
                    0.0,
                    1.0
                ]
            ]
        },
        {
            "file_path": "/data/shapenet_blender/all_50_random/02958343/9e136de952f33de0a1830153974050c/r_33",
            "rotation": 0.12566370614359174,
            "transform_matrix": [
                [
                    0.9848836660385132,
                    -0.009102844633162022,
                    -0.1729779839515686,
                    -0.6972965598106384
                ],
                [
                    -0.17321735620498657,
                    -0.05175718292593956,
                    -0.9835226535797119,
                    -3.9647066593170166
                ],
                [
                    9.313225746154785e-10,
                    0.9986183047294617,
                    -0.05255156010389328,
                    -0.2118421196937561
                ],
                [
                    0.0,
                    0.0,
                    0.0,
                    1.0
                ]
            ]
        },
        {
            "file_path": "/data/shapenet_blender/all_50_random/02958343/9e136de952f33de0a1830153974050c/r_34",
            "rotation": 0.12566370614359174,
            "transform_matrix": [
                [
                    -0.5463114380836487,
                    0.42506757378578186,
                    0.721707284450531,
                    2.909295082092285
                ],
                [
                    0.8375821709632874,
                    0.2772495746612549,
                    0.47073227167129517,
                    1.8975825309753418
                ],
                [
                    0.0,
                    0.8616554737091064,
                    -0.5074935555458069,
                    -2.045772075653076
                ],
                [
                    0.0,
                    0.0,
                    0.0,
                    1.0
                ]
            ]
        },
        {
            "file_path": "/data/shapenet_blender/all_50_random/02958343/9e136de952f33de0a1830153974050c/r_35",
            "rotation": 0.12566370614359174,
            "transform_matrix": [
                [
                    -0.9961225390434265,
                    -0.0515233613550663,
                    -0.07131044566631317,
                    -0.28746163845062256
                ],
                [
                    -0.08797634392976761,
                    0.583379328250885,
                    0.8074209690093994,
                    3.2548182010650635
                ],
                [
                    -3.725290298461914e-09,
                    0.8105639219284058,
                    -0.5856500864028931,
                    -2.3608312606811523
                ],
                [
                    0.0,
                    0.0,
                    0.0,
                    1.0
                ]
            ]
        },
        {
            "file_path": "/data/shapenet_blender/all_50_random/02958343/9e136de952f33de0a1830153974050c/r_36",
            "rotation": 0.12566370614359174,
            "transform_matrix": [
                [
                    -0.853291928768158,
                    -0.25954872369766235,
                    0.45224687457084656,
                    1.8230656385421753
                ],
                [
                    0.5214332938194275,
                    -0.4247346818447113,
                    0.7400726675987244,
                    2.9833285808563232
                ],
                [
                    0.0,
                    0.8673146963119507,
                    0.4977600574493408,
                    2.006535053253174
                ],
                [
                    0.0,
                    0.0,
                    0.0,
                    1.0
                ]
            ]
        },
        {
            "file_path": "/data/shapenet_blender/all_50_random/02958343/9e136de952f33de0a1830153974050c/r_37",
            "rotation": 0.12566370614359174,
            "transform_matrix": [
                [
                    0.46211111545562744,
                    0.5413286089897156,
                    -0.7024362683296204,
                    -2.831611156463623
                ],
                [
                    -0.8868221044540405,
                    0.2820790708065033,
                    -0.36603015661239624,
                    -1.4755147695541382
                ],
                [
                    -1.4901161193847656e-08,
                    0.7920826077461243,
                    0.6104139685630798,
                    2.4606573581695557
                ],
                [
                    0.0,
                    0.0,
                    0.0,
                    1.0
                ]
            ]
        },
        {
            "file_path": "/data/shapenet_blender/all_50_random/02958343/9e136de952f33de0a1830153974050c/r_38",
            "rotation": 0.12566370614359174,
            "transform_matrix": [
                [
                    0.8963257074356079,
                    0.12194963544607162,
                    -0.42629632353782654,
                    -1.71845543384552
                ],
                [
                    -0.44339635968208313,
                    0.24652118980884552,
                    -0.8617580533027649,
                    -3.473857879638672
                ],
                [
                    -7.450581485102248e-09,
                    0.9614340662956238,
                    0.2750352919101715,
                    1.1087027788162231
                ],
                [
                    0.0,
                    0.0,
                    0.0,
                    1.0
                ]
            ]
        },
        {
            "file_path": "/data/shapenet_blender/all_50_random/02958343/9e136de952f33de0a1830153974050c/r_39",
            "rotation": 0.12566370614359174,
            "transform_matrix": [
                [
                    0.5080550909042358,
                    0.04207206889986992,
                    -0.860296368598938,
                    -3.467965841293335
                ],
                [
                    -0.861324667930603,
                    0.024816345423460007,
                    -0.5074485540390015,
                    -2.045590877532959
                ],
                [
                    0.0,
                    0.9988062977790833,
                    0.048845771700143814,
                    0.19690361618995667
                ],
                [
                    0.0,
                    0.0,
                    0.0,
                    1.0
                ]
            ]
        },
        {
            "file_path": "/data/shapenet_blender/all_50_random/02958343/9e136de952f33de0a1830153974050c/r_40",
            "rotation": 0.12566370614359174,
            "transform_matrix": [
                [
                    -0.15955525636672974,
                    0.2995462715625763,
                    0.9406456351280212,
                    3.791863441467285
                ],
                [
                    0.9871889352798462,
                    0.048414427787065506,
                    0.15203267335891724,
                    0.6128632426261902
                ],
                [
                    0.0,
                    0.9528524279594421,
                    -0.3034335970878601,
                    -1.223179817199707
                ],
                [
                    0.0,
                    0.0,
                    0.0,
                    1.0
                ]
            ]
        },
        {
            "file_path": "/data/shapenet_blender/all_50_random/02958343/9e136de952f33de0a1830153974050c/r_41",
            "rotation": 0.12566370614359174,
            "transform_matrix": [
                [
                    0.8116839528083801,
                    -0.06656388938426971,
                    -0.580291748046875,
                    -2.339231014251709
                ],
                [
                    -0.5840970277786255,
                    -0.0924997627735138,
                    -0.806395947933197,
                    -3.2506861686706543
                ],
                [
                    0.0,
                    0.9934853315353394,
