{
    "class": "02958343",
    "model": "ef2655aecd7d8f2b6fca0ec9a39d7a9",
    "remove_doubles": true,
    "edge_split": true,
    "denoise": true,
    "camera_angle_x": 0.6911112070083618,
    "scale_factor": 2.266520124479352,
    "hdri_file": "/data/IndoorHDRDataset2018/9C4A4031-c547d713dd.exr",
    "center_offset": [
        0.0,
        0.0,
        1.862645149230957e-09
    ],
    "lights": [],
    "frames": [
        {
            "file_path": "/data/shapenet_blender/all_50_random/02958343/ef2655aecd7d8f2b6fca0ec9a39d7a9/r_0",
            "rotation": 0.12566370614359174,
            "transform_matrix": [
                [
                    -0.7476504445075989,
                    -0.007525793742388487,
                    0.6640498638153076,
                    2.676870584487915
                ],
                [
                    0.6640926003456116,
                    -0.008472708985209465,
                    0.7476023435592651,
                    3.013681411743164
                ],
                [
                    4.656612873077393e-10,
                    0.9999357461929321,
                    0.01133244764059782,
                    0.04568255692720413
                ],
                [
                    0.0,
                    0.0,
                    0.0,
                    1.0
                ]
            ]
        },
        {
            "file_path": "/data/shapenet_blender/all_50_random/02958343/ef2655aecd7d8f2b6fca0ec9a39d7a9/r_1",
            "rotation": 0.12566370614359174,
            "transform_matrix": [
                [
                    -0.3151850402355194,
                    -0.3287052512168884,
                    0.8902871608734131,
                    3.588862180709839
                ],
                [
                    0.9490301609039307,
                    -0.10916721075773239,
                    0.29567572474479675,
                    1.1919069290161133
                ],
                [
                    0.0,
                    0.9381018877029419,
                    0.34635910391807556,
                    1.396218180656433
                ],
                [
                    0.0,
                    0.0,
                    0.0,
                    1.0
                ]
            ]
        },
        {
            "file_path": "/data/shapenet_blender/all_50_random/02958343/ef2655aecd7d8f2b6fca0ec9a39d7a9/r_2",
            "rotation": 0.12566370614359174,
            "transform_matrix": [
                [
                    -0.9656568765640259,
                    -0.02714805118739605,
                    -0.25839853286743164,
                    -1.0416377782821655
                ],
                [
                    -0.25982075929641724,
                    0.10089918971061707,
                    0.9603710174560547,
                    3.8713793754577637
                ],
                [
                    0.0,
                    0.9945261478424072,
                    -0.10448762029409409,
                    -0.421203076839447
                ],
                [
                    0.0,
                    0.0,
                    0.0,
                    1.0
                ]
            ]
        },
        {
            "file_path": "/data/shapenet_blender/all_50_random/02958343/ef2655aecd7d8f2b6fca0ec9a39d7a9/r_3",
            "rotation": 0.12566370614359174,
            "transform_matrix": [
                [
                    0.08818845450878143,
                    0.37579697370529175,
                    -0.9224962592124939,
                    -3.7187013626098633
                ],
                [
                    -0.9961038827896118,
                    0.03327057883143425,
                    -0.08167172223329544,
                    -0.3292292356491089
                ],
                [
                    0.0,
                    0.9261045455932617,
                    0.37726688385009766,
                    1.5208114385604858
                ],
                [
                    0.0,
                    0.0,
                    0.0,
                    1.0
                ]
            ]
        },
        {
            "file_path": "/data/shapenet_blender/all_50_random/02958343/ef2655aecd7d8f2b6fca0ec9a39d7a9/r_4",
            "rotation": 0.12566370614359174,
            "transform_matrix": [
                [
                    -0.23474730551242828,
                    0.4587915241718292,
                    0.8569737672805786,
                    3.4545717239379883
                ],
                [
                    0.9720563888549805,
                    0.11079612374305725,
                    0.20695535838603973,
                    0.8342637419700623
                ],
                [
                    -7.450580152834618e-09,
                    0.8816090822219849,
                    -0.47198033332824707,
                    -1.902613639831543
                ],
                [
                    0.0,
                    0.0,
                    0.0,
                    1.0
                ]
            ]
        },
        {
            "file_path": "/data/shapenet_blender/all_50_random/02958343/ef2655aecd7d8f2b6fca0ec9a39d7a9/r_5",
            "rotation": 0.12566370614359174,
            "transform_matrix": [
                [
                    0.976292610168457,
                    0.010904650203883648,
                    -0.21618036925792694,
                    -0.8714509606361389
                ],
                [
                    -0.21645525097846985,
                    0.04918397217988968,
                    -0.9750528335571289,
                    -3.9305636882781982
                ],
                [
                    -9.313225746154785e-10,
                    0.9987303018569946,
                    0.050378307700157166,
                    0.20308145880699158
                ],
                [
                    0.0,
                    0.0,
                    0.0,
                    1.0
                ]
            ]
        },
        {
            "file_path": "/data/shapenet_blender/all_50_random/02958343/ef2655aecd7d8f2b6fca0ec9a39d7a9/r_6",
            "rotation": 0.12566370614359174,
            "transform_matrix": [
                [
                    -0.04621175676584244,
                    -0.04378490149974823,
                    -0.9979716539382935,
                    -4.022952079772949
                ],
                [
                    -0.9989315867424011,
                    0.002025541150942445,
                    0.046167343854904175,
                    0.18610650300979614
                ],
                [
                    2.328306020205062e-10,
                    0.9990388751029968,
                    -0.043831728398799896,
                    -0.17669133841991425
                ],
                [
                    0.0,
                    0.0,
                    0.0,
                    1.0
                ]
            ]
        },
        {
            "file_path": "/data/shapenet_blender/all_50_random/02958343/ef2655aecd7d8f2b6fca0ec9a39d7a9/r_7",
            "rotation": 0.12566370614359174,
            "transform_matrix": [
                [
                    0.039600811898708344,
                    -0.8163308501243591,
                    -0.576225221157074,
                    -2.322838306427002
                ],
                [
                    -0.9992155432701111,
                    -0.0323527455329895,
                    -0.022836903110146523,
                    -0.09205850958824158
                ],
                [
                    0.0,
                    0.5766775012016296,
                    -0.8169717192649841,
                    -3.293318510055542
                ],
                [
                    0.0,
                    0.0,
                    0.0,
                    1.0
                ]
            ]
        },
        {
            "file_path": "/data/shapenet_blender/all_50_random/02958343/ef2655aecd7d8f2b6fca0ec9a39d7a9/r_8",
            "rotation": 0.12566370614359174,
            "transform_matrix": [
                [
                    0.4531250298023224,
                    0.07145276665687561,
                    -0.8885787129402161,
                    -3.5819754600524902
                ],
                [
                    -0.8914470672607422,
                    0.03631964325904846,
                    -0.45166707038879395,
                    -1.8207281827926636
                ],
                [
                    0.0,
                    0.9967824816703796,
                    0.0801536962389946,
                    0.323109894990921
                ],
                [
                    0.0,
                    0.0,
                    0.0,
                    1.0
                ]
            ]
        },
        {
            "file_path": "/data/shapenet_blender/all_50_random/02958343/ef2655aecd7d8f2b6fca0ec9a39d7a9/r_9",
            "rotation": 0.12566370614359174,
            "transform_matrix": [
                [
                    0.9047020077705383,
                    -0.1460949182510376,
                    0.4002130925655365,
                    1.613310694694519
                ],
                [
                    0.42604491114616394,
                    0.3102310299873352,
                    -0.8498483896255493,
                    -3.4258487224578857
                ],
                [
                    1.4901160305669237e-08,
                    0.9393683671951294,
                    0.34290963411331177,
                    1.3823130130767822
                ],
                [
                    0.0,
                    0.0,
                    0.0,
                    1.0
                ]
            ]
        },
        {
            "file_path": "/data/shapenet_blender/all_50_random/02958343/ef2655aecd7d8f2b6fca0ec9a39d7a9/r_10",
            "rotation": 0.12566370614359174,
            "transform_matrix": [
                [
                    0.27503708004951477,
                    -0.6501375436782837,
                    0.7082907557487488,
                    2.8552114963531494
                ],
                [
                    0.9614336490631104,
                    0.18598467111587524,
                    -0.20262055099010468,
                    -0.8167896270751953
                ],
                [
                    1.4901161193847656e-08,
                    0.7367027401924133,
                    0.6762166619300842,
                    2.725916862487793
                ],
                [
                    0.0,
                    0.0,
                    0.0,
                    1.0
                ]
            ]
        },
        {
            "file_path": "/data/shapenet_blender/all_50_random/02958343/ef2655aecd7d8f2b6fca0ec9a39d7a9/r_11",
            "rotation": 0.12566370614359174,
            "transform_matrix": [
                [
                    -0.2551899552345276,
                    0.5979077219963074,
                    -0.7598581314086914,
                    -3.0630862712860107
                ],
                [
                    -0.9668909311294556,
                    -0.15780481696128845,
                    0.20054814219474792,
                    0.8084354996681213
                ],
                [
                    1.4901160305669237e-08,
                    0.7858779430389404,
                    0.6183816194534302,
                    2.492776393890381
                ],
                [
                    0.0,
                    0.0,
                    0.0,
                    1.0
                ]
            ]
        },
        {
            "file_path": "/data/shapenet_blender/all_50_random/02958343/ef2655aecd7d8f2b6fca0ec9a39d7a9/r_12",
            "rotation": 0.12566370614359174,
            "transform_matrix": [
                [
                    -0.36739325523376465,
                    -0.37872350215911865,
                    -0.849465012550354,
                    -3.424302577972412
                ],
                [
                    -0.9300657510757446,
                    0.14960281550884247,
                    0.33555445075035095,
                    1.3526630401611328
                ],
                [
                    0.0,
                    0.9133386611938477,
                    -0.40720081329345703,
                    -1.6414787769317627
                ],
                [
                    0.0,
                    0.0,
                    0.0,
                    1.0
                ]
            ]
        },
        {
            "file_path": "/data/shapenet_blender/all_50_random/02958343/ef2655aecd7d8f2b6fca0ec9a39d7a9/r_13",
            "rotation": 0.12566370614359174,
            "transform_matrix": [
                [
                    -0.9937038421630859,
                    0.042398493736982346,
                    -0.10370612144470215,
                    -0.4180527329444885
                ],
                [
                    -0.11203834414482117,
                    -0.37604573369026184,
                    0.9198026657104492,
                    3.707843065261841
                ],
                [
                    0.0,
                    0.9256303906440735,
                    0.37842845916748047,
                    1.525493860244751
                ],
                [
                    0.0,
                    0.0,
                    0.0,
                    1.0
                ]
            ]
        },
        {
            "file_path": "/data/shapenet_blender/all_50_random/02958343/ef2655aecd7d8f2b6fca0ec9a39d7a9/r_14",
            "rotation": 0.12566370614359174,
            "transform_matrix": [
                [
                    0.4585987627506256,
                    -0.887170672416687,
                    -0.05113891512155533,
                    -0.20614755153656006
                ],
                [
                    -0.8886434435844421,
                    -0.4578387439250946,
                    -0.026391061022877693,
                    -0.10638576745986938
                ],
                [
                    -1.862645149230957e-09,
                    0.05754642188549042,
                    -0.9983428120613098,
                    -4.024448394775391
                ],
                [
                    0.0,
                    0.0,
                    0.0,
                    1.0
                ]
            ]
        },
        {
            "file_path": "/data/shapenet_blender/all_50_random/02958343/ef2655aecd7d8f2b6fca0ec9a39d7a9/r_15",
            "rotation": 0.12566370614359174,
            "transform_matrix": [
                [
                    0.0960051417350769,
                    -0.8455933928489685,
                    0.5251235961914062,
                    2.1168408393859863
                ],
                [
                    0.9953808784484863,
                    0.08155803382396698,
                    -0.050648514181375504,
                    -0.20417068898677826
                ],
                [
                    0.0,
                    0.5275604724884033,
                    0.8495174646377563,
                    3.4245145320892334
                ],
                [
                    0.0,
                    0.0,
                    0.0,
                    1.0
                ]
            ]
        },
        {
            "file_path": "/data/shapenet_blender/all_50_random/02958343/ef2655aecd7d8f2b6fca0ec9a39d7a9/r_16",
            "rotation": 0.12566370614359174,
            "transform_matrix": [
                [
                    -0.11109793186187744,
                    0.9414750337600708,
                    -0.31824788451194763,
                    -1.2828984260559082
                ],
                [
                    -0.9938094019889832,
                    -0.10524746775627136,
                    0.035576917231082916,
                    0.1434151530265808
                ],
                [
                    -3.725290298461914e-09,
                    0.3202303349971771,
                    0.947339653968811,
                    3.8188486099243164
                ],
                [
                    0.0,
                    0.0,
                    0.0,
                    1.0
                ]
            ]
        },
        {
            "file_path": "/data/shapenet_blender/all_50_random/02958343/ef2655aecd7d8f2b6fca0ec9a39d7a9/r_17",
            "rotation": 0.12566370614359174,
            "transform_matrix": [
                [
                    0.9930844902992249,
                    0.01626010052859783,
                    0.11627106368541718,
                    0.46870365738868713
                ],
                [
                    0.11740253120660782,
                    -0.13754093647003174,
                    -0.9835136532783508,
                    -3.964670419692993
                ],
                [
                    0.0,
                    0.9903625845909119,
                    -0.13849873840808868,
                    -0.5583062767982483
                ],
                [
                    0.0,
                    0.0,
                    0.0,
                    1.0
                ]
            ]
        },
        {
            "file_path": "/data/shapenet_blender/all_50_random/02958343/ef2655aecd7d8f2b6fca0ec9a39d7a9/r_18",
            "rotation": 0.12566370614359174,
            "transform_matrix": [
                [
                    -0.928753674030304,
                    0.18631687760353088,
                    0.3204726278781891,
                    1.2918665409088135
                ],
                [
                    0.370697557926178,
                    0.46680229902267456,
                    0.8029189705848694,
                    3.2366697788238525
                ],
                [
                    0.0,
                    0.8645122647285461,
                    -0.5026115775108337,
                    -2.026092052459717
                ],
                [
                    0.0,
                    0.0,
                    0.0,
                    1.0
                ]
            ]
        },
        {
            "file_path": "/data/shapenet_blender/all_50_random/02958343/ef2655aecd7d8f2b6fca0ec9a39d7a9/r_19",
            "rotation": 0.12566370614359174,
            "transform_matrix": [
                [
                    -0.28479525446891785,
                    -0.35893407464027405,
                    0.8888521194458008,
                    3.5830769538879395
                ],
                [
                    0.9585884213447571,
                    -0.10663880407810211,
                    0.26407670974731445,
                    1.064527153968811
                ],
                [
                    0.0,
                    0.9272509813308716,
                    0.37444034218788147,
                    1.509417176246643
                ],
                [
                    0.0,
                    0.0,
                    0.0,
                    1.0
                ]
            ]
        },
        {
            "file_path": "/data/shapenet_blender/all_50_random/02958343/ef2655aecd7d8f2b6fca0ec9a39d7a9/r_20",
            "rotation": 0.12566370614359174,
            "transform_matrix": [
                [
                    -0.7983292937278748,
                    -0.15757045149803162,
                    0.5812416672706604,
                    2.34306001663208
                ],
                [
                    0.6022210717201233,
                    -0.2088819146156311,
                    0.7705180048942566,
                    3.1060574054718018
                ],
                [
                    0.0,
                    0.965162992477417,
                    0.26164886355400085,
                    1.054740309715271
                ],
                [
                    0.0,
                    0.0,
                    0.0,
                    1.0
                ]
            ]
        },
        {
            "file_path": "/data/shapenet_blender/all_50_random/02958343/ef2655aecd7d8f2b6fca0ec9a39d7a9/r_21",
            "rotation": 0.12566370614359174,
            "transform_matrix": [
                [
                    -0.07916595041751862,
                    0.1598491370677948,
                    0.9839618802070618,
                    3.966477155685425
                ],
                [
                    0.9968615174293518,
                    0.012694450095295906,
                    0.07814152538776398,
                    0.3149985671043396
                ],
                [
                    9.313225746154785e-10,
                    0.9870598912239075,
                    -0.16035237908363342,
                    -0.6464011073112488
                ],
                [
                    0.0,
                    0.0,
                    0.0,
                    1.0
                ]
            ]
        },
        {
            "file_path": "/data/shapenet_blender/all_50_random/02958343/ef2655aecd7d8f2b6fca0ec9a39d7a9/r_22",
            "rotation": 0.12566370614359174,
            "transform_matrix": [
                [
                    0.9392256140708923,
                    -0.3299941122531891,
                    0.09465335309505463,
                    0.38155990839004517
                ],
                [
                    0.3433007001876831,
                    0.9028205871582031,
                    -0.2589591443538666,
                    -1.0438978672027588
                ],
                [
                    0.0,
                    0.2757154107093811,
                    0.961239218711853,
                    3.8748793601989746
                ],
                [
                    0.0,
                    0.0,
                    0.0,
                    1.0
                ]
            ]
        },
        {
            "file_path": "/data/shapenet_blender/all_50_random/02958343/ef2655aecd7d8f2b6fca0ec9a39d7a9/r_23",
            "rotation": 0.12566370614359174,
            "transform_matrix": [
                [
                    -0.9330851435661316,
                    0.29758068919181824,
                    0.20198485255241394,
                    0.8142271041870117
                ],
                [
                    0.35965561866760254,
                    0.7720388770103455,
                    0.5240265130996704,
                    2.1124186515808105
                ],
                [
                    1.4901161193847656e-08,
                    0.5616062879562378,
                    -0.8274044394493103,
                    -3.335374355316162
                ],
                [
                    0.0,
                    0.0,
                    0.0,
                    1.0
                ]
            ]
        },
        {
            "file_path": "/data/shapenet_blender/all_50_random/02958343/ef2655aecd7d8f2b6fca0ec9a39d7a9/r_24",
            "rotation": 0.12566370614359174,
            "transform_matrix": [
                [
                    0.376778781414032,
                    0.014305710792541504,
                    -0.9261928200721741,
                    -3.733602285385132
                ],
                [
                    -0.9263032674789429,
                    0.005818924400955439,
                    -0.3767338991165161,
                    -1.518662691116333
                ],
                [
                    0.0,
                    0.9998807311058044,
                    0.015443875454366207,
                    0.06225624680519104
                ],
                [
                    0.0,
                    0.0,
                    0.0,
                    1.0
                ]
            ]
        },
        {
            "file_path": "/data/shapenet_blender/all_50_random/02958343/ef2655aecd7d8f2b6fca0ec9a39d7a9/r_25",
            "rotation": 0.12566370614359174,
            "transform_matrix": [
                [
                    0.9777801632881165,
                    0.14942847192287445,
                    0.14702782034873962,
                    0.5926881432533264
                ],
                [
                    0.20963315665721893,
                    -0.6969708204269409,
                    -0.6857736110687256,
                    -2.764442205429077
                ],
                [
                    0.0,
                    0.7013576626777649,
                    -0.7128093838691711,
                    -2.873426675796509
                ],
                [
                    0.0,
                    0.0,
                    0.0,
                    1.0
                ]
            ]
        },
        {
            "file_path": "/data/shapenet_blender/all_50_random/02958343/ef2655aecd7d8f2b6fca0ec9a39d7a9/r_26",
            "rotation": 0.12566370614359174,
            "transform_matrix": [
                [
                    -0.671671450138092,
                    0.2507939338684082,
                    -0.6971082091331482,
                    -2.8101329803466797
                ],
                [
                    -0.7408491373062134,
                    -0.22737574577331543,
                    0.6320148706436157,
                    2.5477333068847656
                ],
                [
                    0.0,
                    0.9409583210945129,
                    0.3385222554206848,
                    1.3646267652511597
                ],
                [
                    0.0,
                    0.0,
                    0.0,
                    1.0
                ]
            ]
        },
        {
            "file_path": "/data/shapenet_blender/all_50_random/02958343/ef2655aecd7d8f2b6fca0ec9a39d7a9/r_27",
            "rotation": 0.12566370614359174,
            "transform_matrix": [
                [
                    0.3329291045665741,
                    -0.006313908379524946,
                    0.9429307579994202,
                    3.8010754585266113
                ],
                [
                    0.9429519772529602,
                    0.002229258418083191,
                    -0.3329215943813324,
                    -1.3420498371124268
                ],
                [
                    0.0,
                    0.9999775290489197,
                    0.006695897784084082,
                    0.02699202671647072
                ],
                [
                    0.0,
                    0.0,
                    0.0,
                    1.0
                ]
            ]
        },
        {
            "file_path": "/data/shapenet_blender/all_50_random/02958343/ef2655aecd7d8f2b6fca0ec9a39d7a9/r_28",
            "rotation": 0.12566370614359174,
            "transform_matrix": [
                [
                    -0.9533310532569885,
                    -0.2926516830921173,
                    -0.07426304370164871,
                    -0.299363911151886
                ],
                [
                    -0.30192720890045166,
                    0.9240437150001526,
                    0.23448453843593597,
                    0.945237398147583
                ],
                [
                    7.450581485102248e-09,
                    0.24596337974071503,
                    -0.9692791104316711,
                    -3.9072890281677246
                ],
                [
                    0.0,
                    0.0,
                    0.0,
                    1.0
                ]
            ]
        },
        {
            "file_path": "/data/shapenet_blender/all_50_random/02958343/ef2655aecd7d8f2b6fca0ec9a39d7a9/r_29",
            "rotation": 0.12566370614359174,
            "transform_matrix": [
                [
                    -0.9577870965003967,
                    0.07256690412759781,
                    0.2781686782836914,
                    1.1213338375091553
                ],
                [
                    0.2874782979488373,
                    0.24177005887031555,
                    0.9267704486846924,
                    3.735930919647217
                ],
                [
                    7.450580152834618e-09,
                    0.9676162004470825,
                    -0.2524257004261017,
                    -1.017560601234436
                ],
                [
                    0.0,
                    0.0,
                    0.0,
                    1.0
                ]
            ]
        },
        {
            "file_path": "/data/shapenet_blender/all_50_random/02958343/ef2655aecd7d8f2b6fca0ec9a39d7a9/r_30",
            "rotation": 0.12566370614359174,
            "transform_matrix": [
                [
                    0.994691014289856,
                    -0.023835983127355576,
                    0.10010811686515808,
                    0.4035486876964569
                ],
                [
                    0.10290668904781342,
                    0.23039743304252625,
                    -0.9676401019096375,
                    -3.900681495666504
                ],
                [
                    0.0,
                    0.9728046655654907,
                    0.23162715137004852,
                    0.9337188005447388
                ],
                [
                    0.0,
                    0.0,
                    0.0,
                    1.0
                ]
            ]
        },
        {
            "file_path": "/data/shapenet_blender/all_50_random/02958343/ef2655aecd7d8f2b6fca0ec9a39d7a9/r_31",
            "rotation": 0.12566370614359174,
            "transform_matrix": [
                [
                    0.9303073883056641,
                    -0.15116940438747406,
                    0.33417975902557373,
                    1.3471217155456543
                ],
                [
                    0.3667810261249542,
                    0.3834277391433716,
                    -0.8476171493530273,
                    -3.416853904724121
                ],
                [
                    -1.4901162970204496e-08,
                    0.9111151099205017,
                    0.4121517241001129,
                    1.6614367961883545
                ],
                [
                    0.0,
                    0.0,
                    0.0,
                    1.0
                ]
            ]
        },
        {
            "file_path": "/data/shapenet_blender/all_50_random/02958343/ef2655aecd7d8f2b6fca0ec9a39d7a9/r_32",
            "rotation": 0.12566370614359174,
            "transform_matrix": [
                [
                    0.7077527642250061,
                    0.18887999653816223,
                    0.6807425022125244,
                    2.7441608905792236
                ],
                [
                    0.7064602375030518,
                    -0.18922556936740875,
                    -0.681988000869751,
                    -2.7491815090179443
                ],
                [
                    0.0,
                    0.9635964035987854,
                    -0.2673611044883728,
                    -1.0777671337127686
                ],
                [
                    0.0,
                    0.0,
                    0.0,
                    1.0
                ]
            ]
        },
        {
            "file_path": "/data/shapenet_blender/all_50_random/02958343/ef2655aecd7d8f2b6fca0ec9a39d7a9/r_33",
            "rotation": 0.12566370614359174,
            "transform_matrix": [
                [
                    -0.8753916025161743,
                    0.4186708629131317,
                    0.24166962504386902,
                    0.974201500415802
                ],
                [
                    0.4834144711494446,
                    0.758150577545166,
                    0.4376277029514313,
                    1.7641338109970093
                ],
                [
                    0.0,
                    0.4999222755432129,
                    -0.8660702109336853,
                    -3.491240978240967
                ],
                [
                    0.0,
                    0.0,
                    0.0,
                    1.0
                ]
            ]
        },
        {
            "file_path": "/data/shapenet_blender/all_50_random/02958343/ef2655aecd7d8f2b6fca0ec9a39d7a9/r_34",
            "rotation": 0.12566370614359174,
            "transform_matrix": [
                [
                    0.5111364126205444,
                    -0.4078473448753357,
                    -0.7565712928771973,
                    -3.0498363971710205
                ],
                [
                    -0.8594996333122253,
                    -0.242543026804924,
                    -0.44992589950561523,
                    -1.8137092590332031
                ],
                [
                    -1.4901161193847656e-08,
                    0.8802461624145508,
                    -0.47451722621917725,
                    -1.9128401279449463
                ],
                [
                    0.0,
                    0.0,
                    0.0,
                    1.0
                ]
            ]
        },
        {
            "file_path": "/data/shapenet_blender/all_50_random/02958343/ef2655aecd7d8f2b6fca0ec9a39d7a9/r_35",
            "rotation": 0.12566370614359174,
            "transform_matrix": [
                [
                    -0.8056281208992004,
                    -0.08781468868255615,
                    0.5858771800994873,
                    2.3617465496063232
                ],
                [
                    0.5924217700958252,
                    -0.11941826343536377,
                    0.7967281341552734,
                    3.2117137908935547
                ],
                [
                    7.450581485102248e-09,
                    0.9889529347419739,
                    0.14823001623153687,
                    0.5975342988967896
                ],
                [
                    0.0,
                    0.0,
                    0.0,
                    1.0
                ]
            ]
        },
        {
            "file_path": "/data/shapenet_blender/all_50_random/02958343/ef2655aecd7d8f2b6fca0ec9a39d7a9/r_36",
            "rotation": 0.12566370614359174,
            "transform_matrix": [
                [
                    -0.5635257959365845,
                    -0.09208334237337112,
                    0.8209501504898071,
                    3.309356451034546
                ],
                [
                    0.8260985612869263,
                    -0.06281495839357376,
                    0.5600138306617737,
                    2.257488489151001
                ],
                [
                    3.725290742551124e-09,
                    0.993768036365509,
                    0.11146774142980576,
                    0.44934090971946716
                ],
                [
                    0.0,
                    0.0,
                    0.0,
                    1.0
                ]
            ]
        },
        {
            "file_path": "/data/shapenet_blender/all_50_random/02958343/ef2655aecd7d8f2b6fca0ec9a39d7a9/r_37",
            "rotation": 0.12566370614359174,
            "transform_matrix": [
                [
                    -0.9926347732543945,
                    -0.08977771550416946,
                    -0.08134055882692337,
                    -0.3278942406177521
                ],
                [
                    -0.12114588916301727,
                    0.7356129288673401,
                    0.6664812564849854,
                    2.686671495437622
                ],
                [
                    3.725290298461914e-09,
                    0.6714263558387756,
                    -0.7410712242126465,
                    -2.9873533248901367
                ],
                [
                    0.0,
                    0.0,
                    0.0,
                    1.0
                ]
            ]
        },
        {
            "file_path": "/data/shapenet_blender/all_50_random/02958343/ef2655aecd7d8f2b6fca0ec9a39d7a9/r_38",
            "rotation": 0.12566370614359174,
            "transform_matrix": [
                [
                    -0.31799495220184326,
                    -0.7992217540740967,
                    0.5100232362747192,
                    2.055969715118408
                ],
                [
                    0.9480924010276794,
                    -0.2680630087852478,
                    0.1710643768310547,
                    0.6895826458930969
                ],
                [
                    0.0,
                    0.5379468202590942,
                    0.8429786562919617,
                    3.398155927658081
                ],
                [
                    0.0,
                    0.0,
                    0.0,
                    1.0
                ]
            ]
        },
        {
            "file_path": "/data/shapenet_blender/all_50_random/02958343/ef2655aecd7d8f2b6fca0ec9a39d7a9/r_39",
            "rotation": 0.12566370614359174,
            "transform_matrix": [
                [
                    0.3336443305015564,
                    -0.041019923985004425,
                    -0.9418061375617981,
                    -3.796541929244995
                ],
                [
                    -0.9426990151405334,
                    -0.014517959207296371,
                    -0.33332833647727966,
                    -1.3436895608901978
                ],
                [
                    0.0,
                    0.999052882194519,
                    -0.04351327195763588,
                    -0.17540760338306427
                ],
                [
                    0.0,
                    0.0,
                    0.0,
                    1.0
                ]
            ]
        },
        {
            "file_path": "/data/shapenet_blender/all_50_random/02958343/ef2655aecd7d8f2b6fca0ec9a39d7a9/r_40",
            "rotation": 0.12566370614359174,
            "transform_matrix": [
                [
                    -0.8547185063362122,
                    0.21863263845443726,
                    -0.4708036184310913,
                    -1.8978701829910278
                ],
                [
                    -0.519091784954071,
                    -0.3599928617477417,
                    0.7752087712287903,
                    3.124966859817505
                ],
                [
                    0.0,
                    0.9069756865501404,
                    0.42118293046951294,
                    1.6978428363800049
                ],
                [
                    0.0,
                    0.0,
                    0.0,
                    1.0
                ]
            ]
        },
        {
            "file_path": "/data/shapenet_blender/all_50_random/02958343/ef2655aecd7d8f2b6fca0ec9a39d7a9/r_41",
            "rotation": 0.12566370614359174,
            "transform_matrix": [
                [
                    -0.8681701421737671,
                    -0.10011500120162964,
                    0.4860633611679077,
                    1.9593842029571533
                ],
                [
                    0.4962666928768158,
                    -0.17514142394065857,
                    0.8503203988075256,
                    3.427751302719116
                ],
                [
                    0.0,
                    0.9794398546218872,
