{
    "class": "02958343",
    "model": "31ae8e03d831a85cafe1d4530f4c6e24",
    "remove_doubles": true,
    "edge_split": true,
    "denoise": true,
    "camera_angle_x": 0.6911112070083618,
    "scale_factor": 2.228829579961968,
    "hdri_file": "/data/IndoorHDRDataset2018/9C4A7494-e43fb40590.exr",
    "center_offset": [
        0.0,
        0.0,
        0.0
    ],
    "lights": [],
    "frames": [
        {
            "file_path": "/data/shapenet_blender/all_50_random/02958343/31ae8e03d831a85cafe1d4530f4c6e24/r_0",
            "rotation": 0.12566370614359174,
            "transform_matrix": [
                [
                    -0.9882311224937439,
                    -0.07714371383190155,
                    0.13209141790866852,
                    0.532477617263794
                ],
                [
                    0.15296828746795654,
                    -0.4983765780925751,
                    0.8533588647842407,
                    3.43999981880188
                ],
                [
                    0.0,
                    0.8635215759277344,
                    0.504311740398407,
                    2.0329458713531494
                ],
                [
                    0.0,
                    0.0,
                    0.0,
                    1.0
                ]
            ]
        },
        {
            "file_path": "/data/shapenet_blender/all_50_random/02958343/31ae8e03d831a85cafe1d4530f4c6e24/r_1",
            "rotation": 0.12566370614359174,
            "transform_matrix": [
                [
                    -0.07097500562667847,
                    -0.6586016416549683,
                    -0.7491371631622314,
                    -3.0198686122894287
                ],
                [
                    -0.997478187084198,
                    0.04686243459582329,
                    0.05330444127321243,
                    0.21487706899642944
                ],
                [
                    0.0,
                    0.7510311603546143,
                    -0.6602666974067688,
                    -2.6616201400756836
                ],
                [
                    0.0,
                    0.0,
                    0.0,
                    1.0
                ]
            ]
        },
        {
            "file_path": "/data/shapenet_blender/all_50_random/02958343/31ae8e03d831a85cafe1d4530f4c6e24/r_2",
            "rotation": 0.12566370614359174,
            "transform_matrix": [
                [
                    -0.5158665180206299,
                    -0.3007362484931946,
                    -0.8021466732025146,
                    -3.2335569858551025
                ],
                [
                    -0.8566689491271973,
                    0.18109652400016785,
                    0.4830344617366791,
                    1.947174310684204
                ],
                [
                    0.0,
                    0.9363555908203125,
                    -0.35105299949645996,
                    -1.4151400327682495
                ],
                [
                    0.0,
                    0.0,
                    0.0,
                    1.0
                ]
            ]
        },
        {
            "file_path": "/data/shapenet_blender/all_50_random/02958343/31ae8e03d831a85cafe1d4530f4c6e24/r_3",
            "rotation": 0.12566370614359174,
            "transform_matrix": [
                [
                    0.6590348482131958,
                    0.30787256360054016,
                    -0.6862124800682068,
                    -2.7662110328674316
                ],
                [
                    -0.7521124482154846,
                    0.2697718143463135,
                    -0.6012903451919556,
                    -2.4238789081573486
                ],
                [
                    -1.4901161193847656e-08,
                    0.9123802185058594,
                    0.40934380888938904,
                    1.6501176357269287
                ],
                [
                    0.0,
                    0.0,
                    0.0,
                    1.0
                ]
            ]
        },
        {
            "file_path": "/data/shapenet_blender/all_50_random/02958343/31ae8e03d831a85cafe1d4530f4c6e24/r_4",
            "rotation": 0.12566370614359174,
            "transform_matrix": [
                [
                    -0.7766814231872559,
                    -0.5216794610023499,
                    -0.3530105650424957,
                    -1.4230310916900635
                ],
                [
                    -0.6298936009407043,
                    0.64324951171875,
                    0.43527472019195557,
                    1.7546485662460327
                ],
                [
                    -1.4901161193847656e-08,
                    0.5604287981987,
                    -0.828202486038208,
                    -3.3385910987854004
                ],
                [
                    0.0,
                    0.0,
                    0.0,
                    1.0
                ]
            ]
        },
        {
            "file_path": "/data/shapenet_blender/all_50_random/02958343/31ae8e03d831a85cafe1d4530f4c6e24/r_5",
            "rotation": 0.12566370614359174,
            "transform_matrix": [
                [
                    0.6290388107299805,
                    -0.10914681106805801,
                    -0.7696734070777893,
                    -3.1026527881622314
                ],
                [
                    -0.7773739695549011,
                    -0.08831989020109177,
                    -0.6228076815605164,
                    -2.510617971420288
                ],
                [
                    7.450581485102248e-09,
                    0.9900941252708435,
                    -0.14040453732013702,
                    -0.5659887790679932
                ],
                [
                    0.0,
                    0.0,
                    0.0,
                    1.0
                ]
            ]
        },
        {
            "file_path": "/data/shapenet_blender/all_50_random/02958343/31ae8e03d831a85cafe1d4530f4c6e24/r_6",
            "rotation": 0.12566370614359174,
            "transform_matrix": [
                [
                    0.3396490514278412,
                    0.7077709436416626,
                    -0.6194341778755188,
                    -2.4970192909240723
                ],
                [
                    -0.9405523538589478,
                    0.2555878162384033,
                    -0.22368796169757843,
                    -0.901715099811554
                ],
                [
                    0.0,
                    0.6585856080055237,
                    0.7525056600570679,
                    3.033447504043579
                ],
                [
                    0.0,
                    0.0,
                    0.0,
                    1.0
                ]
            ]
        },
        {
            "file_path": "/data/shapenet_blender/all_50_random/02958343/31ae8e03d831a85cafe1d4530f4c6e24/r_7",
            "rotation": 0.12566370614359174,
            "transform_matrix": [
                [
                    0.10551553219556808,
                    -0.09926610440015793,
                    0.9894506931304932,
                    3.988603353500366
                ],
                [
                    0.9944176077842712,
                    0.010532914660871029,
                    -0.10498850047588348,
                    -0.4232221841812134
                ],
                [
                    0.0,
                    0.9950051307678223,
                    0.09982335567474365,
                    0.40240082144737244
                ],
                [
                    0.0,
                    0.0,
                    0.0,
                    1.0
                ]
            ]
        },
        {
            "file_path": "/data/shapenet_blender/all_50_random/02958343/31ae8e03d831a85cafe1d4530f4c6e24/r_8",
            "rotation": 0.12566370614359174,
            "transform_matrix": [
                [
                    0.5876633524894714,
                    -0.742477297782898,
                    -0.32152631878852844,
                    -1.296114206314087
                ],
                [
                    -0.8091055750846863,
                    -0.5392704606056213,
                    -0.23352853953838348,
                    -0.9413837194442749
                ],
                [
                    -1.4901162970204496e-08,
                    0.3973848521709442,
                    -0.917651891708374,
                    -3.6991734504699707
                ],
                [
                    0.0,
                    0.0,
                    0.0,
                    1.0
                ]
            ]
        },
        {
            "file_path": "/data/shapenet_blender/all_50_random/02958343/31ae8e03d831a85cafe1d4530f4c6e24/r_9",
            "rotation": 0.12566370614359174,
            "transform_matrix": [
                [
                    -0.653404712677002,
                    0.18681037425994873,
                    -0.7335966229438782,
                    -2.9572227001190186
                ],
                [
                    -0.7570086121559143,
                    -0.16124355792999268,
                    0.6331968307495117,
                    2.5524983406066895
                ],
                [
                    7.4505792646561986e-09,
                    0.9690730571746826,
                    0.246774360537529,
                    0.9947793483734131
                ],
                [
                    0.0,
                    0.0,
                    0.0,
                    1.0
                ]
            ]
        },
        {
            "file_path": "/data/shapenet_blender/all_50_random/02958343/31ae8e03d831a85cafe1d4530f4c6e24/r_10",
            "rotation": 0.12566370614359174,
            "transform_matrix": [
                [
                    -0.48986127972602844,
                    0.8585476875305176,
                    0.15143197774887085,
                    0.6104417443275452
                ],
                [
                    0.8718003630638123,
                    0.4824146330356598,
                    0.08508904278278351,
                    0.34300485253334045
                ],
                [
                    0.0,
                    0.17370042204856873,
                    -0.9847986698150635,
                    -3.9698498249053955
                ],
                [
                    0.0,
                    0.0,
                    0.0,
                    1.0
                ]
            ]
        },
        {
            "file_path": "/data/shapenet_blender/all_50_random/02958343/31ae8e03d831a85cafe1d4530f4c6e24/r_11",
            "rotation": 0.12566370614359174,
            "transform_matrix": [
                [
                    0.940696120262146,
                    0.21931256353855133,
                    -0.2588294744491577,
                    -1.0433751344680786
                ],
                [
                    -0.3392501771450043,
                    0.6081247925758362,
                    -0.7177000641822815,
                    -2.893141746520996
                ],
                [
                    -1.4901160305669237e-08,
                    0.7629456520080566,
                    0.6464625000953674,
                    2.605973958969116
                ],
                [
                    0.0,
                    0.0,
                    0.0,
                    1.0
                ]
            ]
        },
        {
            "file_path": "/data/shapenet_blender/all_50_random/02958343/31ae8e03d831a85cafe1d4530f4c6e24/r_12",
            "rotation": 0.12566370614359174,
            "transform_matrix": [
                [
                    -0.04187483713030815,
                    0.3356917202472687,
                    0.9410406947135925,
                    3.7934563159942627
                ],
                [
                    0.9991229176521301,
                    0.014069375582039356,
                    0.039440520107746124,
                    0.158989816904068
                ],
                [
                    9.313225746154785e-10,
                    0.9418668746948242,
                    -0.3359864056110382,
                    -1.3544045686721802
                ],
                [
                    0.0,
                    0.0,
                    0.0,
                    1.0
                ]
            ]
        },
        {
            "file_path": "/data/shapenet_blender/all_50_random/02958343/31ae8e03d831a85cafe1d4530f4c6e24/r_13",
            "rotation": 0.12566370614359174,
            "transform_matrix": [
                [
                    -0.5241899490356445,
                    0.24628163874149323,
                    -0.8152117133140564,
                    -3.2862236499786377
                ],
                [
                    -0.8516014218330383,
                    -0.15159481763839722,
                    0.5017908215522766,
                    2.0227837562561035
                ],
                [
                    0.0,
                    0.9572691917419434,
                    0.28919821977615356,
                    1.1657954454421997
                ],
                [
                    0.0,
                    0.0,
                    0.0,
                    1.0
                ]
            ]
        },
        {
            "file_path": "/data/shapenet_blender/all_50_random/02958343/31ae8e03d831a85cafe1d4530f4c6e24/r_14",
            "rotation": 0.12566370614359174,
            "transform_matrix": [
                [
                    -0.9948872923851013,
                    -0.08160218596458435,
                    -0.05949949473142624,
                    -0.23985013365745544
                ],
                [
                    -0.10099062323570251,
                    0.8038862943649292,
                    0.5861464142799377,
                    2.3628318309783936
                ],
                [
                    0.0,
                    0.5891585350036621,
                    -0.8080174326896667,
                    -3.2572224140167236
                ],
                [
                    0.0,
                    0.0,
                    0.0,
                    1.0
                ]
            ]
        },
        {
            "file_path": "/data/shapenet_blender/all_50_random/02958343/31ae8e03d831a85cafe1d4530f4c6e24/r_15",
            "rotation": 0.12566370614359174,
            "transform_matrix": [
                [
                    0.583069920539856,
                    0.33307164907455444,
                    -0.741007924079895,
                    -2.987098217010498
                ],
                [
                    -0.8124218583106995,
                    0.23904336988925934,
                    -0.5318166017532349,
                    -2.1438210010528564
                ],
                [
                    0.0,
                    0.9120973944664001,
                    0.40997374057769775,
                    1.6526567935943604
                ],
                [
                    0.0,
                    0.0,
                    0.0,
                    1.0
                ]
            ]
        },
        {
            "file_path": "/data/shapenet_blender/all_50_random/02958343/31ae8e03d831a85cafe1d4530f4c6e24/r_16",
            "rotation": 0.12566370614359174,
            "transform_matrix": [
                [
                    -0.09351688623428345,
                    0.24211157858371735,
                    0.9657310843467712,
                    3.892986536026001
                ],
                [
                    0.995617687702179,
                    0.022741179913282394,
                    0.09070967882871628,
                    0.36566242575645447
                ],
                [
                    0.0,
                    0.969981849193573,
                    -0.24317725002765656,
                    -0.9802788496017456
                ],
                [
                    0.0,
                    0.0,
                    0.0,
                    1.0
                ]
            ]
        },
        {
            "file_path": "/data/shapenet_blender/all_50_random/02958343/31ae8e03d831a85cafe1d4530f4c6e24/r_17",
            "rotation": 0.12566370614359174,
            "transform_matrix": [
                [
                    0.13834789395332336,
                    -0.5113703608512878,
                    -0.8481509685516357,
                    -3.419006109237671
                ],
                [
                    -0.9903837442398071,
                    -0.07143394649028778,
                    -0.11847924441099167,
                    -0.4776051342487335
                ],
                [
                    3.725290298461914e-09,
                    0.8563861846923828,
                    -0.5163356065750122,
                    -2.0814156532287598
                ],
                [
                    0.0,
                    0.0,
                    0.0,
                    1.0
                ]
            ]
        },
        {
            "file_path": "/data/shapenet_blender/all_50_random/02958343/31ae8e03d831a85cafe1d4530f4c6e24/r_18",
            "rotation": 0.12566370614359174,
            "transform_matrix": [
                [
                    -0.716698408126831,
                    -0.22214290499687195,
                    -0.6610568165779114,
                    -2.6648049354553223
                ],
                [
                    -0.6973833441734314,
                    0.2282954901456833,
                    0.6793657541275024,
                    2.7386107444763184
                ],
                [
                    1.4901161193847656e-08,
                    0.9479101300239563,
                    -0.3185378313064575,
                    -1.284066915512085
                ],
                [
                    0.0,
                    0.0,
                    0.0,
                    1.0
                ]
            ]
        },
        {
            "file_path": "/data/shapenet_blender/all_50_random/02958343/31ae8e03d831a85cafe1d4530f4c6e24/r_19",
            "rotation": 0.12566370614359174,
            "transform_matrix": [
                [
                    -0.3518182933330536,
                    0.03373139351606369,
                    0.9354603290557861,
                    3.770961284637451
                ],
                [
                    0.9360684156417847,
                    0.012677837163209915,
                    0.35158976912498474,
                    1.4173036813735962
                ],
                [
                    -9.31322685637781e-10,
                    0.9993505477905273,
                    -0.03603518009185791,
                    -0.1452624499797821
                ],
                [
                    0.0,
                    0.0,
                    0.0,
                    1.0
                ]
            ]
        },
        {
            "file_path": "/data/shapenet_blender/all_50_random/02958343/31ae8e03d831a85cafe1d4530f4c6e24/r_20",
            "rotation": 0.12566370614359174,
            "transform_matrix": [
                [
                    0.9663669466972351,
                    -0.2196008265018463,
                    -0.13382990658283234,
                    -0.5394856333732605
                ],
                [
                    -0.25716719031333923,
                    -0.8252023458480835,
                    -0.5028976798057556,
                    -2.027245283126831
                ],
                [
                    -7.450580596923828e-09,
                    0.5204004049301147,
                    -0.8539223670959473,
                    -3.4422712326049805
                ],
                [
                    0.0,
                    0.0,
                    0.0,
                    1.0
                ]
            ]
        },
        {
            "file_path": "/data/shapenet_blender/all_50_random/02958343/31ae8e03d831a85cafe1d4530f4c6e24/r_21",
            "rotation": 0.12566370614359174,
            "transform_matrix": [
                [
                    -0.19845768809318542,
                    0.6166086792945862,
                    -0.7618451714515686,
                    -3.071096420288086
                ],
                [
                    -0.980109453201294,
                    -0.12485415488481522,
                    0.15426239371299744,
                    0.6218516826629639
                ],
                [
                    0.0,
                    0.7773063778877258,
                    0.629122257232666,
                    2.5360732078552246
                ],
                [
                    0.0,
                    0.0,
                    0.0,
                    1.0
                ]
            ]
        },
        {
            "file_path": "/data/shapenet_blender/all_50_random/02958343/31ae8e03d831a85cafe1d4530f4c6e24/r_22",
            "rotation": 0.12566370614359174,
            "transform_matrix": [
                [
                    0.6714296340942383,
                    0.040854986757040024,
                    -0.7399412989616394,
                    -2.9827988147735596
                ],
                [
                    -0.7410683035850525,
                    0.03701581433415413,
                    -0.6704084873199463,
                    -2.702502965927124
                ],
                [
                    0.0,
                    0.9984791874885559,
                    0.055129848420619965,
                    0.2222355306148529
                ],
                [
                    0.0,
                    0.0,
                    0.0,
                    1.0
                ]
            ]
        },
        {
            "file_path": "/data/shapenet_blender/all_50_random/02958343/31ae8e03d831a85cafe1d4530f4c6e24/r_23",
            "rotation": 0.12566370614359174,
            "transform_matrix": [
                [
                    -0.9590356349945068,
                    -0.126580148935318,
                    0.2534327507019043,
                    1.0216201543807983
                ],
                [
                    0.283285528421402,
                    -0.4285247325897217,
                    0.8579719066619873,
                    3.4585952758789062
                ],
                [
                    -7.450580596923828e-09,
                    0.8946194648742676,
                    0.44682884216308594,
                    1.801224708557129
                ],
                [
                    0.0,
                    0.0,
                    0.0,
                    1.0
                ]
            ]
        },
        {
            "file_path": "/data/shapenet_blender/all_50_random/02958343/31ae8e03d831a85cafe1d4530f4c6e24/r_24",
            "rotation": 0.12566370614359174,
            "transform_matrix": [
                [
                    0.36141735315322876,
                    0.26603540778160095,
                    -0.8936458230018616,
                    -3.6024010181427
                ],
                [
                    -0.9324041604995728,
                    0.10312030464410782,
                    -0.3463938534259796,
                    -1.3963581323623657
                ],
                [
                    0.0,
                    0.9584317803382874,
                    0.285321980714798,
                    1.1501696109771729
                ],
                [
                    0.0,
                    0.0,
                    0.0,
                    1.0
                ]
            ]
        },
        {
            "file_path": "/data/shapenet_blender/all_50_random/02958343/31ae8e03d831a85cafe1d4530f4c6e24/r_25",
            "rotation": 0.12566370614359174,
            "transform_matrix": [
                [
                    -0.9999840259552002,
                    -0.0026191086508333683,
                    -0.005026421044021845,
                    -0.020262151956558228
                ],
                [
                    -0.005667860619723797,
                    0.4620909094810486,
                    0.8868144154548645,
                    3.5748631954193115
                ],
                [
                    0.0,
                    0.8868286609649658,
                    -0.4620983600616455,
                    -1.8627780675888062
                ],
                [
                    0.0,
                    0.0,
                    0.0,
                    1.0
                ]
            ]
        },
        {
            "file_path": "/data/shapenet_blender/all_50_random/02958343/31ae8e03d831a85cafe1d4530f4c6e24/r_26",
            "rotation": 0.12566370614359174,
            "transform_matrix": [
                [
                    -0.6079907417297363,
                    -0.1428098827600479,
                    0.7809945940971375,
                    3.148289918899536
                ],
                [
                    0.7939440608024597,
                    -0.10936172306537628,
                    0.5980742573738098,
                    2.410914421081543
                ],
                [
                    0.0,
                    0.9836896657943726,
                    0.1798740029335022,
                    0.725095272064209
                ],
                [
                    0.0,
                    0.0,
                    0.0,
                    1.0
                ]
            ]
        },
        {
            "file_path": "/data/shapenet_blender/all_50_random/02958343/31ae8e03d831a85cafe1d4530f4c6e24/r_27",
            "rotation": 0.12566370614359174,
            "transform_matrix": [
                [
                    0.8989795446395874,
                    -0.08741813898086548,
                    -0.4291781187057495,
                    -1.7300723791122437
                ],
                [
                    -0.437990665435791,
                    -0.17942647635936737,
                    -0.880891740322113,
                    -3.55098819732666
                ],
                [
                    0.0,
                    0.97987961769104,
                    -0.1995890587568283,
                    -0.8045692443847656
                ],
                [
                    0.0,
                    0.0,
                    0.0,
                    1.0
                ]
            ]
        },
        {
            "file_path": "/data/shapenet_blender/all_50_random/02958343/31ae8e03d831a85cafe1d4530f4c6e24/r_28",
            "rotation": 0.12566370614359174,
            "transform_matrix": [
                [
                    0.7833220958709717,
                    -0.11340059340000153,
                    0.6111847758293152,
                    2.4637649059295654
                ],
                [
                    0.6216161847114563,
                    0.14290037751197815,
                    -0.7701770663261414,
                    -3.1046833992004395
                ],
                [
                    0.0,
                    0.9832190871238708,
                    0.18242862820625305,
                    0.7353934049606323
                ],
                [
                    0.0,
                    0.0,
                    0.0,
                    1.0
                ]
            ]
        },
        {
            "file_path": "/data/shapenet_blender/all_50_random/02958343/31ae8e03d831a85cafe1d4530f4c6e24/r_29",
            "rotation": 0.12566370614359174,
            "transform_matrix": [
                [
                    -0.4894576966762543,
                    -0.014180281199514866,
                    0.8719117641448975,
                    3.5147886276245117
                ],
                [
                    0.8720270395278931,
                    -0.007959211245179176,
                    0.4893929958343506,
                    1.9728062152862549
                ],
                [
                    0.0,
                    0.9998676776885986,
                    0.016261287033557892,
                    0.06555134803056717
                ],
                [
                    0.0,
                    0.0,
                    0.0,
                    1.0
                ]
            ]
        },
        {
            "file_path": "/data/shapenet_blender/all_50_random/02958343/31ae8e03d831a85cafe1d4530f4c6e24/r_30",
            "rotation": 0.12566370614359174,
            "transform_matrix": [
                [
                    0.9858997464179993,
                    0.04622657597064972,
                    0.16082541644573212,
                    0.6483079791069031
                ],
                [
                    0.16733711957931519,
                    -0.27235302329063416,
                    -0.9475347995758057,
                    -3.8196349143981934
                ],
                [
                    0.0,
                    0.9610863924026489,
                    -0.27624818682670593,
                    -1.1135920286178589
                ],
                [
                    0.0,
                    0.0,
                    0.0,
                    1.0
                ]
            ]
        },
        {
            "file_path": "/data/shapenet_blender/all_50_random/02958343/31ae8e03d831a85cafe1d4530f4c6e24/r_31",
            "rotation": 0.12566370614359174,
            "transform_matrix": [
                [
                    0.8485690355300903,
                    -0.004384930245578289,
                    -0.5290665030479431,
                    -2.13273549079895
                ],
                [
                    -0.5290847420692444,
                    -0.007032741792500019,
                    -0.8485398292541504,
                    -3.4205737113952637
                ],
                [
                    -2.3283064365386963e-10,
                    0.9999656081199646,
                    -0.008287766017019749,
                    -0.033409055322408676
                ],
                [
                    0.0,
                    0.0,
                    0.0,
                    1.0
                ]
            ]
        },
        {
            "file_path": "/data/shapenet_blender/all_50_random/02958343/31ae8e03d831a85cafe1d4530f4c6e24/r_32",
            "rotation": 0.12566370614359174,
            "transform_matrix": [
                [
                    -0.5858116149902344,
                    -0.40620118379592896,
                    -0.7013026475906372,
                    -2.8270413875579834
                ],
                [
                    -0.8104473352432251,
                    0.29361236095428467,
                    0.5069190859794617,
                    2.0434560775756836
                ],
                [
                    -1.4901161193847656e-08,
                    0.8653279542922974,
                    -0.50120609998703,
                    -2.0204265117645264
                ],
                [
                    0.0,
                    0.0,
                    0.0,
                    1.0
                ]
            ]
        },
        {
            "file_path": "/data/shapenet_blender/all_50_random/02958343/31ae8e03d831a85cafe1d4530f4c6e24/r_33",
            "rotation": 0.12566370614359174,
            "transform_matrix": [
                [
                    -0.7613431215286255,
                    0.580715000629425,
                    0.2883170247077942,
                    1.162243127822876
                ],
                [
                    0.6483491063117981,
                    0.6819217801094055,
                    0.33856481313705444,
                    1.3647984266281128
                ],
                [
                    0.0,
                    0.44469407200813293,
                    -0.8956825137138367,
                    -3.6106116771698
                ],
                [
                    0.0,
                    0.0,
                    0.0,
                    1.0
                ]
            ]
        },
        {
            "file_path": "/data/shapenet_blender/all_50_random/02958343/31ae8e03d831a85cafe1d4530f4c6e24/r_34",
            "rotation": 0.12566370614359174,
            "transform_matrix": [
                [
                    -0.824504554271698,
                    -0.49800631403923035,
                    -0.2686668336391449,
                    -1.0830308198928833
                ],
                [
                    -0.5658552050590515,
                    0.7256423234939575,
                    0.3914729952812195,
                    1.578078269958496
                ],
                [
                    1.4901160305669237e-08,
                    0.4747978150844574,
                    -0.8800948262214661,
                    -3.547775983810425
                ],
                [
                    0.0,
                    0.0,
                    0.0,
                    1.0
                ]
            ]
        },
        {
            "file_path": "/data/shapenet_blender/all_50_random/02958343/31ae8e03d831a85cafe1d4530f4c6e24/r_35",
            "rotation": 0.12566370614359174,
            "transform_matrix": [
                [
                    0.9759042859077454,
                    0.0018443868029862642,
                    0.2181912064552307,
                    0.8795568943023682
                ],
                [
                    0.2181989997625351,
                    -0.008249098435044289,
                    -0.9758694171905518,
                    -3.9338555335998535
                ],
                [
                    1.1641532182693481e-10,
                    0.9999642968177795,
                    -0.008452773094177246,
                    -0.034074217081069946
                ],
                [
                    0.0,
                    0.0,
                    0.0,
                    1.0
                ]
            ]
        },
        {
            "file_path": "/data/shapenet_blender/all_50_random/02958343/31ae8e03d831a85cafe1d4530f4c6e24/r_36",
            "rotation": 0.12566370614359174,
            "transform_matrix": [
                [
                    -0.6013677716255188,
                    -0.12844885885715485,
                    0.788579523563385,
                    3.178865671157837
                ],
                [
                    0.7989722490310669,
                    -0.09668045490980148,
                    0.5935453772544861,
                    2.392657995223999
                ],
                [
                    0.0,
                    0.9869922995567322,
                    0.1607675701379776,
                    0.6480748057365417
                ],
                [
                    0.0,
                    0.0,
                    0.0,
                    1.0
                ]
            ]
        },
        {
            "file_path": "/data/shapenet_blender/all_50_random/02958343/31ae8e03d831a85cafe1d4530f4c6e24/r_37",
            "rotation": 0.12566370614359174,
            "transform_matrix": [
                [
                    0.5629873871803284,
                    -0.5782766342163086,
                    -0.5904585123062134,
                    -2.3802146911621094
                ],
                [
                    -0.8264656066894531,
                    -0.3939213156700134,
                    -0.40221962332725525,
                    -1.6213992834091187
                ],
                [
                    1.4901162970204496e-08,
                    0.7144381999969482,
                    -0.6996984481811523,
                    -2.820574998855591
                ],
                [
                    0.0,
                    0.0,
                    0.0,
                    1.0
                ]
            ]
        },
        {
            "file_path": "/data/shapenet_blender/all_50_random/02958343/31ae8e03d831a85cafe1d4530f4c6e24/r_38",
            "rotation": 0.12566370614359174,
            "transform_matrix": [
                [
                    -0.6680982708930969,
                    -0.03549525886774063,
                    -0.7432259917259216,
                    -2.996039390563965
                ],
                [
                    -0.7440730333328247,
                    0.03187095746397972,
                    0.6673377156257629,
                    2.690124034881592
                ],
                [
                    0.0,
                    0.9988614320755005,
                    -0.04770400747656822,
                    -0.1923009753227234
                ],
                [
                    0.0,
                    0.0,
                    0.0,
                    1.0
                ]
            ]
        },
        {
            "file_path": "/data/shapenet_blender/all_50_random/02958343/31ae8e03d831a85cafe1d4530f4c6e24/r_39",
            "rotation": 0.12566370614359174,
            "transform_matrix": [
                [
                    0.4804745018482208,
                    0.7248643040657043,
                    -0.4936760365962982,
                    -1.9900717735290527
                ],
                [
                    -0.8770087957382202,
                    0.39712125062942505,
                    -0.27046337723731995,
                    -1.0902727842330933
                ],
                [
                    0.0,
                    0.5629088878631592,
                    0.8265188932418823,
                    3.3318042755126953
                ],
                [
                    0.0,
                    0.0,
                    0.0,
                    1.0
                ]
            ]
        },
        {
            "file_path": "/data/shapenet_blender/all_50_random/02958343/31ae8e03d831a85cafe1d4530f4c6e24/r_40",
            "rotation": 0.12566370614359174,
            "transform_matrix": [
                [
                    -0.9522609114646912,
                    -0.056789617985486984,
                    0.2999568581581116,
                    1.2091648578643799
                ],
                [
                    0.30528542399406433,
                    -0.17714087665081024,
                    0.9356397986412048,
                    3.7716848850250244
                ],
                [
                    -3.7252898543727042e-09,
                    0.982545793056488,
                    0.1860213428735733,
                    0.749876081943512
                ],
                [
                    0.0,
                    0.0,
                    0.0,
                    1.0
                ]
            ]
        },
        {
            "file_path": "/data/shapenet_blender/all_50_random/02958343/31ae8e03d831a85cafe1d4530f4c6e24/r_41",
            "rotation": 0.12566370614359174,
            "transform_matrix": [
                [
                    -0.8835612535476685,
                    -0.33431974053382874,
                    0.32794809341430664,
                    1.3220010995864868
                ],
                [
                    0.46831580996513367,
                    -0.6307538151741028,
                    0.6187325119972229,
                    2.4941904544830322
                ],
                [
                    2.980232594040899e-08,
