{
    "class": "02958343",
    "model": "3ca3c91dae8d2cbdf56f8ea3d9016e55",
    "remove_doubles": true,
    "edge_split": true,
    "denoise": true,
    "camera_angle_x": 0.6911112070083618,
    "scale_factor": 2.270902742942317,
    "hdri_file": "/data/IndoorHDRDataset2018/9C4A5589-92b83c8769.exr",
    "center_offset": [
        0.0,
        -1.3969838619232178e-09,
        -3.725290298461914e-09
    ],
    "lights": [],
    "frames": [
        {
            "file_path": "/data/shapenet_blender/all_50_random/02958343/3ca3c91dae8d2cbdf56f8ea3d9016e55/r_0",
            "rotation": 0.12566370614359174,
            "transform_matrix": [
                [
                    0.7523026466369629,
                    -0.1649983823299408,
                    0.6378214359283447,
                    2.571140766143799
                ],
                [
                    0.658817708492279,
                    0.18841132521629333,
                    -0.7283270359039307,
                    -2.9359803199768066
                ],
                [
                    0.0,
                    0.9681304693222046,
                    0.2504461705684662,
                    1.0095809698104858
                ],
                [
                    0.0,
                    0.0,
                    0.0,
                    1.0
                ]
            ]
        },
        {
            "file_path": "/data/shapenet_blender/all_50_random/02958343/3ca3c91dae8d2cbdf56f8ea3d9016e55/r_1",
            "rotation": 0.12566370614359174,
            "transform_matrix": [
                [
                    -0.9554125666618347,
                    0.23327302932739258,
                    -0.18102599680423737,
                    -0.7297391891479492
                ],
                [
                    -0.29527395963668823,
                    -0.7547972798347473,
                    0.5857425332069397,
                    2.361203908920288
                ],
                [
                    1.4901160305669237e-08,
                    0.613078236579895,
                    0.7900221347808838,
                    3.1846814155578613
                ],
                [
                    0.0,
                    0.0,
                    0.0,
                    1.0
                ]
            ]
        },
        {
            "file_path": "/data/shapenet_blender/all_50_random/02958343/3ca3c91dae8d2cbdf56f8ea3d9016e55/r_2",
            "rotation": 0.12566370614359174,
            "transform_matrix": [
                [
                    -0.16718266904354095,
                    -0.2871265113353729,
                    0.9431904554367065,
                    3.8021223545074463
                ],
                [
                    0.9859260320663452,
                    -0.04868781194090843,
                    0.15993604063987732,
                    0.6447228193283081
                ],
                [
                    3.725290742551124e-09,
                    0.95665442943573,
                    0.29122525453567505,
                    1.1739665269851685
                ],
                [
                    0.0,
                    0.0,
                    0.0,
                    1.0
                ]
            ]
        },
        {
            "file_path": "/data/shapenet_blender/all_50_random/02958343/3ca3c91dae8d2cbdf56f8ea3d9016e55/r_3",
            "rotation": 0.12566370614359174,
            "transform_matrix": [
                [
                    0.6946559548377991,
                    -0.009314876049757004,
                    -0.7192818522453308,
                    -2.899517774581909
                ],
                [
                    -0.7193422317504883,
                    -0.008995210751891136,
                    -0.6945976614952087,
                    -2.8000128269195557
                ],
                [
                    -4.656612873077393e-10,
                    0.9999162554740906,
                    -0.012949158437550068,
                    -0.05219972878694534
                ],
                [
                    0.0,
                    0.0,
                    0.0,
                    1.0
                ]
            ]
        },
        {
            "file_path": "/data/shapenet_blender/all_50_random/02958343/3ca3c91dae8d2cbdf56f8ea3d9016e55/r_4",
            "rotation": 0.12566370614359174,
            "transform_matrix": [
                [
                    0.3364238739013672,
                    -0.8011660575866699,
                    -0.4949261248111725,
                    -1.9951109886169434
                ],
                [
                    -0.9417106509208679,
                    -0.2862146496772766,
                    -0.17681117355823517,
                    -0.712748646736145
                ],
                [
                    1.4901161193847656e-08,
                    0.5255606770515442,
                    -0.8507561087608337,
                    -3.4295074939727783
                ],
                [
                    0.0,
                    0.0,
                    0.0,
                    1.0
                ]
            ]
        },
        {
            "file_path": "/data/shapenet_blender/all_50_random/02958343/3ca3c91dae8d2cbdf56f8ea3d9016e55/r_5",
            "rotation": 0.12566370614359174,
            "transform_matrix": [
                [
                    -0.744996190071106,
                    0.2944491505622864,
                    0.5985651016235352,
                    2.412893295288086
                ],
                [
                    0.6670686602592468,
                    0.3288469612598419,
                    0.6684900522232056,
                    2.694769859313965
                ],
                [
                    1.4901162970204496e-08,
                    0.8973065614700317,
                    -0.44140759110450745,
                    -1.7793710231781006
                ],
                [
                    0.0,
                    0.0,
                    0.0,
                    1.0
                ]
            ]
        },
        {
            "file_path": "/data/shapenet_blender/all_50_random/02958343/3ca3c91dae8d2cbdf56f8ea3d9016e55/r_6",
            "rotation": 0.12566370614359174,
            "transform_matrix": [
                [
                    0.8564194440841675,
                    -0.08196213096380234,
                    0.5097331404685974,
                    2.054800271987915
                ],
                [
                    0.5162806510925293,
                    0.13596084713935852,
                    -0.845558226108551,
                    -3.4085545539855957
                ],
                [
                    0.0,
                    0.9873179793357849,
                    0.15875497460365295,
                    0.639961838722229
                ],
                [
                    0.0,
                    0.0,
                    0.0,
                    1.0
                ]
            ]
        },
        {
            "file_path": "/data/shapenet_blender/all_50_random/02958343/3ca3c91dae8d2cbdf56f8ea3d9016e55/r_7",
            "rotation": 0.12566370614359174,
            "transform_matrix": [
                [
                    0.6598829627037048,
                    0.03999263420701027,
                    0.7503032088279724,
                    3.024569511413574
                ],
                [
                    0.7513684034347534,
                    -0.03512319177389145,
                    -0.6589474678039551,
                    -2.6563024520874023
                ],
                [
                    0.0,
                    0.9985824823379517,
                    -0.05322638899087906,
                    -0.21456246078014374
                ],
                [
                    0.0,
                    0.0,
                    0.0,
                    1.0
                ]
            ]
        },
        {
            "file_path": "/data/shapenet_blender/all_50_random/02958343/3ca3c91dae8d2cbdf56f8ea3d9016e55/r_8",
            "rotation": 0.12566370614359174,
            "transform_matrix": [
                [
                    0.36565056443214417,
                    0.21980373561382294,
                    0.9044256210327148,
                    3.6458568572998047
                ],
                [
                    0.9307522177696228,
                    -0.08635096997022629,
                    -0.35530805587768555,
                    -1.4322926998138428
                ],
                [
                    -7.450581485102248e-09,
                    0.9717147946357727,
                    -0.23615705966949463,
                    -0.9519796967506409
                ],
                [
                    0.0,
                    0.0,
                    0.0,
                    1.0
                ]
            ]
        },
        {
            "file_path": "/data/shapenet_blender/all_50_random/02958343/3ca3c91dae8d2cbdf56f8ea3d9016e55/r_9",
            "rotation": 0.12566370614359174,
            "transform_matrix": [
                [
                    -0.7270600199699402,
                    -0.1407780796289444,
                    0.6719861030578613,
                    2.708862543106079
                ],
                [
                    0.6865739822387695,
                    -0.14907948672771454,
                    0.7116119265556335,
                    2.8685994148254395
                ],
                [
                    -2.2351741790771484e-08,
                    0.9787526726722717,
                    0.20504429936408997,
                    0.8265600204467773
                ],
                [
                    0.0,
                    0.0,
                    0.0,
                    1.0
                ]
            ]
        },
        {
            "file_path": "/data/shapenet_blender/all_50_random/02958343/3ca3c91dae8d2cbdf56f8ea3d9016e55/r_10",
            "rotation": 0.12566370614359174,
            "transform_matrix": [
                [
                    -0.4873207211494446,
                    -0.11944829672574997,
                    -0.8650146722793579,
                    -3.4869861602783203
                ],
                [
                    -0.8732230067253113,
                    0.06666066497564316,
                    0.4827398955821991,
                    1.9459869861602783
                ],
                [
                    0.0,
                    0.9905999898910522,
                    -0.13679012656211853,
                    -0.5514187216758728
                ],
                [
                    0.0,
                    0.0,
                    0.0,
                    1.0
                ]
            ]
        },
        {
            "file_path": "/data/shapenet_blender/all_50_random/02958343/3ca3c91dae8d2cbdf56f8ea3d9016e55/r_11",
            "rotation": 0.12566370614359174,
            "transform_matrix": [
                [
                    0.7446892857551575,
                    0.07359588891267776,
                    -0.6633410453796387,
                    -2.674013614654541
                ],
                [
                    -0.667411208152771,
                    0.08211739361286163,
                    -0.7401478290557861,
                    -2.9836316108703613
                ],
                [
                    0.0,
                    0.9939014911651611,
                    0.1102706789970398,
                    0.4445153474807739
                ],
                [
                    0.0,
                    0.0,
                    0.0,
                    1.0
                ]
            ]
        },
        {
            "file_path": "/data/shapenet_blender/all_50_random/02958343/3ca3c91dae8d2cbdf56f8ea3d9016e55/r_12",
            "rotation": 0.12566370614359174,
            "transform_matrix": [
                [
                    -0.016852736473083496,
                    0.13363896310329437,
                    0.9908867478370667,
                    3.9943923950195312
                ],
                [
                    0.999858021736145,
                    0.002252502366900444,
                    0.016701525077223778,
                    0.06732600927352905
                ],
                [
                    0.0,
                    0.9910274744033813,
                    -0.13365793228149414,
                    -0.5387924313545227
                ],
                [
                    0.0,
                    0.0,
                    0.0,
                    1.0
                ]
            ]
        },
        {
            "file_path": "/data/shapenet_blender/all_50_random/02958343/3ca3c91dae8d2cbdf56f8ea3d9016e55/r_13",
            "rotation": 0.12566370614359174,
            "transform_matrix": [
                [
                    0.9134401679039001,
                    -0.350347638130188,
                    -0.20708344876766205,
                    -0.8347800970077515
                ],
                [
                    -0.4069730341434479,
                    -0.7863460183143616,
                    -0.46479332447052,
                    -1.873641848564148
                ],
                [
                    0.0,
                    0.5088381767272949,
                    -0.8608620762825012,
                    -3.4702460765838623
                ],
                [
                    0.0,
                    0.0,
                    0.0,
                    1.0
                ]
            ]
        },
        {
            "file_path": "/data/shapenet_blender/all_50_random/02958343/3ca3c91dae8d2cbdf56f8ea3d9016e55/r_14",
            "rotation": 0.12566370614359174,
            "transform_matrix": [
                [
                    -0.36353957653045654,
                    -0.7231445908546448,
                    -0.5872825980186462,
                    -2.3674118518829346
                ],
                [
                    -0.9315788149833679,
                    0.2822001278400421,
                    0.22918131947517395,
                    0.9238594770431519
                ],
                [
                    -1.4901161193847656e-08,
                    0.6304164528846741,
                    -0.7762570977210999,
                    -3.129192352294922
                ],
                [
                    0.0,
                    0.0,
                    0.0,
                    1.0
                ]
            ]
        },
        {
            "file_path": "/data/shapenet_blender/all_50_random/02958343/3ca3c91dae8d2cbdf56f8ea3d9016e55/r_15",
            "rotation": 0.12566370614359174,
            "transform_matrix": [
                [
                    -0.7308622002601624,
                    0.16841541230678558,
                    -0.6614201068878174,
                    -2.6662700176239014
                ],
                [
                    -0.6825250387191772,
                    -0.18034276366233826,
                    0.7082626223564148,
                    2.855098247528076
                ],
                [
                    7.450581485102248e-09,
                    0.9690783023834229,
                    0.24675342440605164,
                    0.9946949481964111
                ],
                [
                    0.0,
                    0.0,
                    0.0,
                    1.0
                ]
            ]
        },
        {
            "file_path": "/data/shapenet_blender/all_50_random/02958343/3ca3c91dae8d2cbdf56f8ea3d9016e55/r_16",
            "rotation": 0.12566370614359174,
            "transform_matrix": [
                [
                    0.25218451023101807,
                    0.34858936071395874,
                    -0.9027116894721985,
                    -3.6389472484588623
                ],
                [
                    -0.9676792621612549,
                    0.0908450186252594,
                    -0.2352534681558609,
                    -0.9483370780944824
                ],
                [
                    0.0,
                    0.9328626394271851,
                    0.36023232340812683,
                    1.4521429538726807
                ],
                [
                    0.0,
                    0.0,
                    0.0,
                    1.0
                ]
            ]
        },
        {
            "file_path": "/data/shapenet_blender/all_50_random/02958343/3ca3c91dae8d2cbdf56f8ea3d9016e55/r_17",
            "rotation": 0.12566370614359174,
            "transform_matrix": [
                [
                    -0.1670263707637787,
                    -0.2208482325077057,
                    -0.9608997106552124,
                    -3.8735105991363525
                ],
                [
                    -0.9859524369239807,
                    0.03741304203867912,
                    0.16278229653835297,
                    0.6561964154243469
                ],
                [
                    0.0,
                    0.9745902419090271,
                    -0.22399483621120453,
                    -0.9029520750045776
                ],
                [
                    0.0,
                    0.0,
                    0.0,
                    1.0
                ]
            ]
        },
        {
            "file_path": "/data/shapenet_blender/all_50_random/02958343/3ca3c91dae8d2cbdf56f8ea3d9016e55/r_18",
            "rotation": 0.12566370614359174,
            "transform_matrix": [
                [
                    -0.2467278242111206,
                    0.5207989811897278,
                    0.8172476887702942,
                    3.294430732727051
                ],
                [
                    0.9690847992897034,
                    0.13259480893611908,
                    0.2080702930688858,
                    0.838758111000061
                ],
                [
                    -7.450580152834618e-09,
                    0.8433189988136292,
                    -0.5374131798744202,
                    -2.1663818359375
                ],
                [
                    0.0,
                    0.0,
                    0.0,
                    1.0
                ]
            ]
        },
        {
            "file_path": "/data/shapenet_blender/all_50_random/02958343/3ca3c91dae8d2cbdf56f8ea3d9016e55/r_19",
            "rotation": 0.12566370614359174,
            "transform_matrix": [
                [
                    0.8062804341316223,
                    0.3725239634513855,
                    0.459497332572937,
                    1.8522930145263672
                ],
                [
                    0.5915335416793823,
                    -0.5077629089355469,
                    -0.6263105869293213,
                    -2.5247387886047363
                ],
                [
                    0.0,
                    0.7767900228500366,
                    -0.629759669303894,
                    -2.538642406463623
                ],
                [
                    0.0,
                    0.0,
                    0.0,
                    1.0
                ]
            ]
        },
        {
            "file_path": "/data/shapenet_blender/all_50_random/02958343/3ca3c91dae8d2cbdf56f8ea3d9016e55/r_20",
            "rotation": 0.12566370614359174,
            "transform_matrix": [
                [
                    0.2913379967212677,
                    0.2862643301486969,
                    0.9127840399742126,
                    3.6795504093170166
                ],
                [
                    0.9566201567649841,
                    -0.08718160539865494,
                    -0.2779877185821533,
                    -1.1206045150756836
                ],
                [
                    7.450580596923828e-09,
                    0.9541760683059692,
                    -0.29924553632736206,
                    -1.206297516822815
                ],
                [
                    0.0,
                    0.0,
                    0.0,
                    1.0
                ]
            ]
        },
        {
            "file_path": "/data/shapenet_blender/all_50_random/02958343/3ca3c91dae8d2cbdf56f8ea3d9016e55/r_21",
            "rotation": 0.12566370614359174,
            "transform_matrix": [
                [
                    0.1458919793367386,
                    0.01774165965616703,
                    0.9891414642333984,
                    3.987356662750244
                ],
                [
                    0.989300549030304,
                    -0.0026163598522543907,
                    -0.14586852490901947,
                    -0.5880148410797119
                ],
                [
                    2.3283064365386963e-10,
                    0.9998390674591064,
                    -0.017933541908860207,
                    -0.07229241728782654
                ],
                [
                    0.0,
                    0.0,
                    0.0,
                    1.0
                ]
            ]
        },
        {
            "file_path": "/data/shapenet_blender/all_50_random/02958343/3ca3c91dae8d2cbdf56f8ea3d9016e55/r_22",
            "rotation": 0.12566370614359174,
            "transform_matrix": [
                [
                    -0.3140009045600891,
                    0.783991277217865,
                    -0.5355008244514465,
                    -2.158673048019409
                ],
                [
                    -0.9494227170944214,
                    -0.2592880427837372,
                    0.17710524797439575,
                    0.7139341235160828
                ],
                [
                    0.0,
                    0.5640279054641724,
                    0.8257556557655334,
                    3.3287277221679688
                ],
                [
                    0.0,
                    0.0,
                    0.0,
                    1.0
                ]
            ]
        },
        {
            "file_path": "/data/shapenet_blender/all_50_random/02958343/3ca3c91dae8d2cbdf56f8ea3d9016e55/r_23",
            "rotation": 0.12566370614359174,
            "transform_matrix": [
                [
                    0.9998557567596436,
                    0.015126490034162998,
                    -0.007732032332569361,
                    -0.031168818473815918
                ],
                [
                    -0.016988083720207214,
                    0.8902891874313354,
                    -0.45507878065109253,
                    -1.8344812393188477
                ],
                [
                    0.0,
                    0.455144464969635,
                    0.8904175758361816,
                    3.589388132095337
                ],
                [
                    0.0,
                    0.0,
                    0.0,
                    1.0
                ]
            ]
        },
        {
            "file_path": "/data/shapenet_blender/all_50_random/02958343/3ca3c91dae8d2cbdf56f8ea3d9016e55/r_24",
            "rotation": 0.12566370614359174,
            "transform_matrix": [
                [
                    -0.9568808078765869,
                    -0.004328557755798101,
                    0.290448933839798,
                    1.1708370447158813
                ],
                [
                    0.29048120975494385,
                    -0.014258798211812973,
                    0.9567744135856628,
                    3.8568811416625977
                ],
                [
                    -4.656613428188905e-10,
                    0.9998888373374939,
                    0.01490133535116911,
                    0.06006920337677002
                ],
                [
                    0.0,
                    0.0,
                    0.0,
                    1.0
                ]
            ]
        },
        {
            "file_path": "/data/shapenet_blender/all_50_random/02958343/3ca3c91dae8d2cbdf56f8ea3d9016e55/r_25",
            "rotation": 0.12566370614359174,
            "transform_matrix": [
                [
                    -0.697713315486908,
                    -0.03577817976474762,
                    0.7154830694198608,
                    2.884204387664795
                ],
                [
                    0.7163770794868469,
                    -0.03484605252742767,
                    0.696842610836029,
                    2.8090624809265137
                ],
                [
                    0.0,
                    0.9987520575523376,
                    0.0499432273209095,
                    0.2013275921344757
                ],
                [
                    0.0,
                    0.0,
                    0.0,
                    1.0
                ]
            ]
        },
        {
            "file_path": "/data/shapenet_blender/all_50_random/02958343/3ca3c91dae8d2cbdf56f8ea3d9016e55/r_26",
            "rotation": 0.12566370614359174,
            "transform_matrix": [
                [
                    -0.05529813468456268,
                    -0.10915510356426239,
                    0.9924854040145874,
                    4.000836372375488
                ],
                [
                    0.9984698295593262,
                    -0.006045324727892876,
                    0.054966703057289124,
                    0.22157785296440125
                ],
                [
                    4.656612040410124e-10,
                    0.9940063953399658,
                    0.10932237654924393,
                    0.44069257378578186
                ],
                [
                    0.0,
                    0.0,
                    0.0,
                    1.0
                ]
            ]
        },
        {
            "file_path": "/data/shapenet_blender/all_50_random/02958343/3ca3c91dae8d2cbdf56f8ea3d9016e55/r_27",
            "rotation": 0.12566370614359174,
            "transform_matrix": [
                [
                    -0.9820277094841003,
                    -0.007092510350048542,
                    -0.18860353529453278,
                    -0.7602850794792175
                ],
                [
                    -0.18873682618141174,
                    0.03690345585346222,
                    0.9813341498374939,
                    3.9558839797973633
                ],
                [
                    -4.656612873077393e-10,
                    0.9992936253547668,
                    -0.03757883608341217,
                    -0.1514851152896881
                ],
                [
                    0.0,
                    0.0,
                    0.0,
                    1.0
                ]
            ]
        },
        {
            "file_path": "/data/shapenet_blender/all_50_random/02958343/3ca3c91dae8d2cbdf56f8ea3d9016e55/r_28",
            "rotation": 0.12566370614359174,
            "transform_matrix": [
                [
                    -0.3285393714904785,
                    -0.00908088032156229,
                    0.9444466233253479,
                    3.8071861267089844
                ],
                [
                    0.9444902539253235,
                    -0.0031587693374603987,
                    0.3285242021083832,
                    1.3243234157562256
                ],
                [
                    0.0,
                    0.9999537467956543,
                    0.009614584036171436,
                    0.038757629692554474
                ],
                [
                    0.0,
                    0.0,
                    0.0,
                    1.0
                ]
            ]
        },
        {
            "file_path": "/data/shapenet_blender/all_50_random/02958343/3ca3c91dae8d2cbdf56f8ea3d9016e55/r_29",
            "rotation": 0.12566370614359174,
            "transform_matrix": [
                [
                    -0.6355022192001343,
                    -0.5615330338478088,
                    -0.5299221873283386,
                    -2.1361844539642334
                ],
                [
                    -0.7720990180969238,
                    0.4621887803077698,
                    0.436170369386673,
                    1.7582588195800781
                ],
                [
                    0.0,
                    0.6863396167755127,
                    -0.7272812724113464,
                    -2.9317641258239746
                ],
                [
                    0.0,
                    0.0,
                    0.0,
                    1.0
                ]
            ]
        },
        {
            "file_path": "/data/shapenet_blender/all_50_random/02958343/3ca3c91dae8d2cbdf56f8ea3d9016e55/r_30",
            "rotation": 0.12566370614359174,
            "transform_matrix": [
                [
                    0.9933676719665527,
                    -0.0403098464012146,
                    -0.1076836958527565,
                    -0.4340868592262268
                ],
                [
                    -0.11498113721609116,
                    -0.3482527732849121,
                    -0.9303221702575684,
                    -3.750248670578003
                ],
                [
                    0.0,
                    0.9365335702896118,
                    -0.3505778908729553,
                    -1.413224697113037
                ],
                [
                    0.0,
                    0.0,
                    0.0,
                    1.0
                ]
            ]
        },
        {
            "file_path": "/data/shapenet_blender/all_50_random/02958343/3ca3c91dae8d2cbdf56f8ea3d9016e55/r_31",
            "rotation": 0.12566370614359174,
            "transform_matrix": [
                [
                    0.43149012327194214,
                    -0.27468836307525635,
                    -0.8592802882194519,
                    -3.463869571685791
                ],
                [
                    -0.9021176099777222,
                    -0.1313856542110443,
                    -0.41100066900253296,
                    -1.6567966938018799
                ],
                [
                    -7.450580152834618e-09,
                    0.9525146484375,
                    -0.3044928312301636,
                    -1.227449893951416
                ],
                [
                    0.0,
                    0.0,
                    0.0,
                    1.0
                ]
            ]
        },
        {
            "file_path": "/data/shapenet_blender/all_50_random/02958343/3ca3c91dae8d2cbdf56f8ea3d9016e55/r_32",
            "rotation": 0.12566370614359174,
            "transform_matrix": [
                [
                    0.21903829276561737,
                    0.30876749753952026,
                    0.9255726337432861,
                    3.73110294342041
                ],
                [
                    0.9757162928581238,
                    -0.06931513547897339,
                    -0.20778155326843262,
                    -0.8375942707061768
                ],
                [
                    0.0,
                    0.9486085176467896,
                    -0.3164520859718323,
                    -1.2756593227386475
                ],
                [
                    0.0,
                    0.0,
                    0.0,
                    1.0
                ]
            ]
        },
        {
            "file_path": "/data/shapenet_blender/all_50_random/02958343/3ca3c91dae8d2cbdf56f8ea3d9016e55/r_33",
            "rotation": 0.12566370614359174,
            "transform_matrix": [
                [
                    -0.5877833366394043,
                    0.7495260834693909,
                    0.304502010345459,
                    1.2274868488311768
                ],
                [
                    0.8090184926986694,
                    0.5445598363876343,
                    0.2212325483560562,
                    0.8918169140815735
                ],
                [
                    0.0,
                    0.376384437084198,
                    -0.9264634847640991,
                    -3.734693765640259
                ],
                [
                    0.0,
                    0.0,
                    0.0,
                    1.0
                ]
            ]
        },
        {
            "file_path": "/data/shapenet_blender/all_50_random/02958343/3ca3c91dae8d2cbdf56f8ea3d9016e55/r_34",
            "rotation": 0.12566370614359174,
            "transform_matrix": [
                [
                    -0.611701488494873,
                    0.6260808110237122,
                    0.4835742115974426,
                    1.9493497610092163
                ],
                [
                    0.7910885214805603,
                    0.48411092162132263,
                    0.3739190399646759,
                    1.5073156356811523
                ],
                [
                    -2.9802317058624794e-08,
                    0.6112769246101379,
                    -0.7914168834686279,
                    -3.190303087234497
                ],
                [
                    0.0,
                    0.0,
                    0.0,
                    1.0
                ]
            ]
        },
        {
            "file_path": "/data/shapenet_blender/all_50_random/02958343/3ca3c91dae8d2cbdf56f8ea3d9016e55/r_35",
            "rotation": 0.12566370614359174,
            "transform_matrix": [
                [
                    -0.6709668636322021,
                    0.3212820589542389,
                    0.6682674288749695,
                    2.6938722133636475
                ],
                [
                    0.7414873838424683,
                    0.2907259166240692,
                    0.604710578918457,
                    2.437666416168213
                ],
                [
                    0.0,
                    0.9012525677680969,
                    -0.43329399824142456,
                    -1.7466639280319214
                ],
                [
                    0.0,
                    0.0,
                    0.0,
                    1.0
                ]
            ]
        },
        {
            "file_path": "/data/shapenet_blender/all_50_random/02958343/3ca3c91dae8d2cbdf56f8ea3d9016e55/r_36",
            "rotation": 0.12566370614359174,
            "transform_matrix": [
                [
                    0.6658174991607666,
                    -0.3640317916870117,
                    -0.6512817144393921,
                    -2.6254005432128906
                ],
                [
                    -0.7461146116256714,
                    -0.3248545825481415,
                    -0.5811905264854431,
                    -2.3428540229797363
                ],
                [
                    -1.4901161193847656e-08,
                    0.8728976845741272,
                    -0.48790332674980164,
                    -1.9668011665344238
                ],
                [
                    0.0,
                    0.0,
                    0.0,
                    1.0
                ]
            ]
        },
        {
            "file_path": "/data/shapenet_blender/all_50_random/02958343/3ca3c91dae8d2cbdf56f8ea3d9016e55/r_37",
            "rotation": 0.12566370614359174,
            "transform_matrix": [
                [
                    -0.9223880171775818,
                    -0.37682950496673584,
                    -0.08485210686922073,
                    -0.34204980731010437
                ],
                [
                    -0.3862646222114563,
                    0.8998572826385498,
                    0.20262423157691956,
                    0.8168044686317444
                ],
                [
                    0.0,
                    0.2196734994649887,
                    -0.9755733609199524,
                    -3.93266224861145
                ],
                [
                    0.0,
                    0.0,
                    0.0,
                    1.0
                ]
            ]
        },
        {
            "file_path": "/data/shapenet_blender/all_50_random/02958343/3ca3c91dae8d2cbdf56f8ea3d9016e55/r_38",
            "rotation": 0.12566370614359174,
            "transform_matrix": [
                [
                    0.9996668100357056,
                    0.004125404171645641,
                    0.02548247016966343,
                    0.1027231216430664
                ],
                [
                    0.025814248248934746,
                    -0.15975788235664368,
                    -0.9868186116218567,
                    -3.9779930114746094
                ],
                [
                    0.0,
                    0.9871475696563721,
                    -0.1598111391067505,
                    -0.6442192792892456
                ],
                [
                    0.0,
                    0.0,
                    0.0,
                    1.0
                ]
            ]
        },
        {
            "file_path": "/data/shapenet_blender/all_50_random/02958343/3ca3c91dae8d2cbdf56f8ea3d9016e55/r_39",
            "rotation": 0.12566370614359174,
            "transform_matrix": [
                [
                    -0.8380341529846191,
                    -0.34379491209983826,
                    -0.423678994178772,
                    -1.7079046964645386
                ],
                [
                    -0.5456178188323975,
                    0.5280469655990601,
                    0.650743842124939,
                    2.623232364654541
                ],
                [
                    -1.4901161193847656e-08,
                    0.7765123248100281,
                    -0.6301019787788391,
                    -2.540022373199463
                ],
                [
                    0.0,
                    0.0,
                    0.0,
                    1.0
                ]
            ]
        },
        {
            "file_path": "/data/shapenet_blender/all_50_random/02958343/3ca3c91dae8d2cbdf56f8ea3d9016e55/r_40",
            "rotation": 0.12566370614359174,
            "transform_matrix": [
                [
                    -0.5233657360076904,
                    0.010783808305859566,
                    -0.8520398139953613,
                    -3.434682607650757
                ],
                [
                    -0.8521081805229187,
                    -0.006623426452279091,
                    0.5233237743377686,
                    2.109585762023926
                ],
                [
                    4.656612873077393e-10,
                    0.9999199509620667,
                    0.012655443511903286,
                    0.05101572722196579
                ],
                [
                    0.0,
                    0.0,
                    0.0,
                    1.0
                ]
            ]
        },
        {
            "file_path": "/data/shapenet_blender/all_50_random/02958343/3ca3c91dae8d2cbdf56f8ea3d9016e55/r_41",
            "rotation": 0.12566370614359174,
            "transform_matrix": [
                [
                    0.6136249899864197,
                    -0.2801889479160309,
                    -0.738213062286377,
                    -2.975831985473633
                ],
                [
                    -0.7895976305007935,
                    -0.21774499118328094,
                    -0.5736922025680542,
                    -2.3126273155212402
                ],
