{
    "class": "02958343",
    "model": "d6f8cfdb1659142814fccfc8a25361e",
    "remove_doubles": true,
    "edge_split": true,
    "denoise": true,
    "camera_angle_x": 0.6911112070083618,
    "scale_factor": 2.258924755157831,
    "hdri_file": "/data/IndoorHDRDataset2018/AG8A3242-eb8cd8ff13.exr",
    "center_offset": [
        0.0,
        0.0,
        3.725290298461914e-09
    ],
    "lights": [],
    "frames": [
        {
            "file_path": "/data/shapenet_blender/all_50_random/02958343/d6f8cfdb1659142814fccfc8a25361e/r_0",
            "rotation": 0.12566370614359174,
            "transform_matrix": [
                [
                    0.1172173023223877,
                    0.009917434304952621,
                    -0.9930567145347595,
                    -4.003139495849609
                ],
                [
                    -0.9931062459945679,
                    0.001170564442873001,
                    -0.11721146106719971,
                    -0.4724944829940796
                ],
                [
                    -1.164153010102531e-10,
                    0.9999502301216125,
                    0.009986274875700474,
                    0.04025596007704735
                ],
                [
                    0.0,
                    0.0,
                    0.0,
                    1.0
                ]
            ]
        },
        {
            "file_path": "/data/shapenet_blender/all_50_random/02958343/d6f8cfdb1659142814fccfc8a25361e/r_1",
            "rotation": 0.12566370614359174,
            "transform_matrix": [
                [
                    -0.36638641357421875,
                    0.08651101589202881,
                    0.9264323115348816,
                    3.7345681190490723
                ],
                [
                    0.9304627180099487,
                    0.034065261483192444,
                    0.3647993505001068,
                    1.4705531597137451
                ],
                [
                    3.725290076417309e-09,
                    0.995668351650238,
                    -0.09297632426023483,
                    -0.37479954957962036
                ],
                [
                    0.0,
                    0.0,
                    0.0,
                    1.0
                ]
            ]
        },
        {
            "file_path": "/data/shapenet_blender/all_50_random/02958343/d6f8cfdb1659142814fccfc8a25361e/r_2",
            "rotation": 0.12566370614359174,
            "transform_matrix": [
                [
                    0.9486938118934631,
                    0.04577110707759857,
                    0.3128657042980194,
                    1.261202096939087
                ],
                [
                    0.3161960542201996,
                    -0.1373286098241806,
                    -0.9387016296386719,
                    -3.784027576446533
                ],
                [
                    0.0,
                    0.9894675016403198,
                    -0.14475542306900024,
                    -0.5835278630256653
                ],
                [
                    0.0,
                    0.0,
                    0.0,
                    1.0
                ]
            ]
        },
        {
            "file_path": "/data/shapenet_blender/all_50_random/02958343/d6f8cfdb1659142814fccfc8a25361e/r_3",
            "rotation": 0.12566370614359174,
            "transform_matrix": [
                [
                    -0.055942680686712265,
                    0.3655919134616852,
                    0.929092526435852,
                    3.7452917098999023
                ],
                [
                    0.9984340071678162,
                    0.02048427239060402,
                    0.05205744877457619,
                    0.2098502814769745
                ],
                [
                    -1.862645149230957e-09,
                    0.9305498600006104,
                    -0.3661653399467468,
                    -1.4760596752166748
                ],
                [
                    0.0,
                    0.0,
                    0.0,
                    1.0
                ]
            ]
        },
        {
            "file_path": "/data/shapenet_blender/all_50_random/02958343/d6f8cfdb1659142814fccfc8a25361e/r_4",
            "rotation": 0.12566370614359174,
            "transform_matrix": [
                [
                    -0.43541887402534485,
                    0.12849780917167664,
                    -0.8910099267959595,
                    -3.59177565574646
                ],
                [
                    -0.9002278447151184,
                    -0.06215135008096695,
                    0.43096038699150085,
                    1.7372567653656006
                ],
                [
                    0.0,
                    0.9897602796554565,
                    0.1427392214536667,
                    0.575400173664093
                ],
                [
                    0.0,
                    0.0,
                    0.0,
                    1.0
                ]
            ]
        },
        {
            "file_path": "/data/shapenet_blender/all_50_random/02958343/d6f8cfdb1659142814fccfc8a25361e/r_5",
            "rotation": 0.12566370614359174,
            "transform_matrix": [
                [
                    0.8588867783546448,
                    0.42597413063049316,
                    0.28435826301574707,
                    1.146284818649292
                ],
                [
                    0.5121656060218811,
                    -0.714346170425415,
                    -0.47686052322387695,
                    -1.9222862720489502
                ],
                [
                    0.0,
                    0.5552076101303101,
                    -0.8317117691040039,
                    -3.3527374267578125
                ],
                [
                    0.0,
                    0.0,
                    0.0,
                    1.0
                ]
            ]
        },
        {
            "file_path": "/data/shapenet_blender/all_50_random/02958343/d6f8cfdb1659142814fccfc8a25361e/r_6",
            "rotation": 0.12566370614359174,
            "transform_matrix": [
                [
                    0.9783816337585449,
                    0.07850902527570724,
                    -0.19132646918296814,
                    -0.7712616920471191
                ],
                [
                    -0.20680788159370422,
                    0.3714161515235901,
                    -0.9051411151885986,
                    -3.648740530014038
                ],
                [
                    -7.450581485102248e-09,
                    0.9251412153244019,
                    0.37962302565574646,
                    1.5303093194961548
                ],
                [
                    0.0,
                    0.0,
                    0.0,
                    1.0
                ]
            ]
        },
        {
            "file_path": "/data/shapenet_blender/all_50_random/02958343/d6f8cfdb1659142814fccfc8a25361e/r_7",
            "rotation": 0.12566370614359174,
            "transform_matrix": [
                [
                    0.9605397582054138,
                    0.03676038980484009,
                    0.2757028639316559,
                    1.1113938093185425
                ],
                [
                    0.2781427800655365,
                    -0.1269485354423523,
                    -0.9521138072013855,
                    -3.8380932807922363
                ],
                [
                    0.0,
                    0.991227924823761,
                    -0.13216374814510345,
                    -0.5327690839767456
                ],
                [
                    0.0,
                    0.0,
                    0.0,
                    1.0
                ]
            ]
        },
        {
            "file_path": "/data/shapenet_blender/all_50_random/02958343/d6f8cfdb1659142814fccfc8a25361e/r_8",
            "rotation": 0.12566370614359174,
            "transform_matrix": [
                [
                    0.4736570715904236,
                    -0.3964787721633911,
                    0.7864181995391846,
                    3.1701531410217285
                ],
                [
                    0.8807094097137451,
                    0.21323148906230927,
                    -0.422946035861969,
                    -1.704949975013733
                ],
                [
                    0.0,
                    0.8929372429847717,
                    0.45018118619918823,
                    1.814738392829895
                ],
                [
                    0.0,
                    0.0,
                    0.0,
                    1.0
                ]
            ]
        },
        {
            "file_path": "/data/shapenet_blender/all_50_random/02958343/d6f8cfdb1659142814fccfc8a25361e/r_9",
            "rotation": 0.12566370614359174,
            "transform_matrix": [
                [
                    0.5367110967636108,
                    -0.06803146004676819,
                    0.8410189747810364,
                    3.390255928039551
                ],
                [
                    0.8437660932540894,
                    0.04327411949634552,
                    -0.5349636673927307,
                    -2.1565074920654297
                ],
                [
                    3.725290298461914e-09,
                    0.9967442154884338,
                    0.08062833547592163,
                    0.32502320408821106
                ],
                [
                    0.0,
                    0.0,
                    0.0,
                    1.0
                ]
            ]
        },
        {
            "file_path": "/data/shapenet_blender/all_50_random/02958343/d6f8cfdb1659142814fccfc8a25361e/r_10",
            "rotation": 0.12566370614359174,
            "transform_matrix": [
                [
                    0.3765459656715393,
                    -0.3890865743160248,
                    0.8407286405563354,
                    3.3890857696533203
                ],
                [
                    0.9263978600502014,
                    0.1581490933895111,
                    -0.3417246341705322,
                    -1.3775361776351929
                ],
                [
                    0.0,
                    0.9075244069099426,
                    0.41999930143356323,
                    1.6930714845657349
                ],
                [
                    0.0,
                    0.0,
                    0.0,
                    1.0
                ]
            ]
        },
        {
            "file_path": "/data/shapenet_blender/all_50_random/02958343/d6f8cfdb1659142814fccfc8a25361e/r_11",
            "rotation": 0.12566370614359174,
            "transform_matrix": [
                [
                    -0.48914676904678345,
                    -0.7147830128669739,
                    0.49982064962387085,
                    2.0148415565490723
                ],
                [
                    0.8722014427185059,
                    -0.4008635878562927,
                    0.28030866384506226,
                    1.129960536956787
                ],
                [
                    1.4901159417490817e-08,
                    0.5730563402175903,
                    0.8195158839225769,
                    3.303574323654175
                ],
                [
                    0.0,
                    0.0,
                    0.0,
                    1.0
                ]
            ]
        },
        {
            "file_path": "/data/shapenet_blender/all_50_random/02958343/d6f8cfdb1659142814fccfc8a25361e/r_12",
            "rotation": 0.12566370614359174,
            "transform_matrix": [
                [
                    -0.13558728992938995,
                    0.5571420192718506,
                    0.8192733526229858,
                    3.302596092224121
                ],
                [
                    0.9907654523849487,
                    0.07624547183513641,
                    0.11211841553449631,
                    0.45196372270584106
                ],
                [
                    -3.725290298461914e-09,
                    0.8269094228744507,
                    -0.5623350739479065,
                    -2.2668449878692627
                ],
                [
                    0.0,
                    0.0,
                    0.0,
                    1.0
                ]
            ]
        },
        {
            "file_path": "/data/shapenet_blender/all_50_random/02958343/d6f8cfdb1659142814fccfc8a25361e/r_13",
            "rotation": 0.12566370614359174,
            "transform_matrix": [
                [
                    0.4972038269042969,
                    0.07893715053796768,
                    -0.8640354871749878,
                    -3.4830384254455566
                ],
                [
                    -0.8676337599754333,
                    0.04523551091551781,
                    -0.49514180421829224,
                    -1.9959805011749268
                ],
                [
                    3.725290298461914e-09,
                    0.9958527088165283,
                    0.09097981452941895,
                    0.36675137281417847
                ],
                [
                    0.0,
                    0.0,
                    0.0,
                    1.0
                ]
            ]
        },
        {
            "file_path": "/data/shapenet_blender/all_50_random/02958343/d6f8cfdb1659142814fccfc8a25361e/r_14",
            "rotation": 0.12566370614359174,
            "transform_matrix": [
                [
                    -0.9823151230812073,
                    0.025735722854733467,
                    -0.185458242893219,
                    -0.747606098651886
                ],
                [
                    -0.18723538517951965,
                    -0.13502036035060883,
                    0.9729914665222168,
                    3.9222540855407715
                ],
                [
                    0.0,
                    0.9905085563659668,
                    0.1374511569738388,
                    0.5540833473205566
                ],
                [
                    0.0,
                    0.0,
                    0.0,
                    1.0
                ]
            ]
        },
        {
            "file_path": "/data/shapenet_blender/all_50_random/02958343/d6f8cfdb1659142814fccfc8a25361e/r_15",
            "rotation": 0.12566370614359174,
            "transform_matrix": [
                [
                    0.42168182134628296,
                    0.46611493825912476,
                    -0.7777668237686157,
                    -3.1352787017822266
                ],
                [
                    -0.9067440032958984,
                    0.21676702797412872,
                    -0.3617009222507477,
                    -1.4580631256103516
                ],
                [
                    0.0,
                    0.857758104801178,
                    0.514053463935852,
                    2.072216033935547
                ],
                [
                    0.0,
                    0.0,
                    0.0,
                    1.0
                ]
            ]
        },
        {
            "file_path": "/data/shapenet_blender/all_50_random/02958343/d6f8cfdb1659142814fccfc8a25361e/r_16",
            "rotation": 0.12566370614359174,
            "transform_matrix": [
                [
                    -0.7119764685630798,
                    -0.258976548910141,
                    -0.6527025103569031,
                    -2.6311283111572266
                ],
                [
                    -0.7022033333778381,
                    0.262580931186676,
                    0.661786675453186,
                    2.667747735977173
                ],
                [
                    1.4901162970204496e-08,
                    0.9295064806938171,
                    -0.3688056170940399,
                    -1.4867031574249268
                ],
                [
                    0.0,
                    0.0,
                    0.0,
                    1.0
                ]
            ]
        },
        {
            "file_path": "/data/shapenet_blender/all_50_random/02958343/d6f8cfdb1659142814fccfc8a25361e/r_17",
            "rotation": 0.12566370614359174,
            "transform_matrix": [
                [
                    0.9987836480140686,
                    -0.0035850894637405872,
                    0.04917566105723381,
                    0.19823342561721802
                ],
                [
                    0.04930616542696953,
                    0.07262232899665833,
                    -0.9961400032043457,
                    -4.015568733215332
                ],
                [
                    0.0,
                    0.9973530769348145,
                    0.07271076738834381,
                    0.29310646653175354
                ],
                [
                    0.0,
                    0.0,
                    0.0,
                    1.0
                ]
            ]
        },
        {
            "file_path": "/data/shapenet_blender/all_50_random/02958343/d6f8cfdb1659142814fccfc8a25361e/r_18",
            "rotation": 0.12566370614359174,
            "transform_matrix": [
                [
                    -0.9401282072067261,
                    -0.06263287365436554,
                    0.3350166082382202,
                    1.3504951000213623
                ],
                [
                    0.3408210873603821,
                    -0.17276787757873535,
                    0.9241169691085815,
                    3.7252347469329834
                ],
                [
                    7.450581485102248e-09,
                    0.9829690456390381,
                    0.1837705671787262,
                    0.7408028244972229
                ],
                [
                    0.0,
                    0.0,
                    0.0,
                    1.0
                ]
            ]
        },
        {
            "file_path": "/data/shapenet_blender/all_50_random/02958343/d6f8cfdb1659142814fccfc8a25361e/r_19",
            "rotation": 0.12566370614359174,
            "transform_matrix": [
                [
                    -0.8941409587860107,
                    -0.35972169041633606,
                    -0.26666897535324097,
                    -1.0749770402908325
                ],
                [
                    -0.44778570532798767,
                    0.7182942032814026,
                    0.532486081123352,
                    2.1465201377868652
                ],
                [
                    -1.4901161193847656e-08,
                    0.5955281853675842,
                    -0.8033344149589539,
                    -3.238344669342041
                ],
                [
                    0.0,
                    0.0,
                    0.0,
                    1.0
                ]
            ]
        },
        {
            "file_path": "/data/shapenet_blender/all_50_random/02958343/d6f8cfdb1659142814fccfc8a25361e/r_20",
            "rotation": 0.12566370614359174,
            "transform_matrix": [
                [
                    0.5424913763999939,
                    -0.5796210765838623,
                    -0.6080645322799683,
                    -2.451186418533325
                ],
                [
                    -0.8400614261627197,
                    -0.37430527806282043,
                    -0.3926733732223511,
                    -1.5829169750213623
                ],
                [
                    0.0,
                    0.7238333225250244,
                    -0.6899747252464294,
                    -2.781377077102661
                ],
                [
                    0.0,
                    0.0,
                    0.0,
                    1.0
                ]
            ]
        },
        {
            "file_path": "/data/shapenet_blender/all_50_random/02958343/d6f8cfdb1659142814fccfc8a25361e/r_21",
            "rotation": 0.12566370614359174,
            "transform_matrix": [
                [
                    -0.9924394488334656,
                    0.07214363664388657,
                    -0.09929434955120087,
                    -0.4002683460712433
                ],
                [
                    -0.12273579090833664,
                    -0.5833521485328674,
                    0.8028923273086548,
                    3.236562728881836
                ],
                [
                    0.0,
                    0.8090088367462158,
                    0.5877962708473206,
                    2.3694827556610107
                ],
                [
                    0.0,
                    0.0,
                    0.0,
                    1.0
                ]
            ]
        },
        {
            "file_path": "/data/shapenet_blender/all_50_random/02958343/d6f8cfdb1659142814fccfc8a25361e/r_22",
            "rotation": 0.12566370614359174,
            "transform_matrix": [
                [
                    0.45782971382141113,
                    0.4495358467102051,
                    -0.7670133113861084,
                    -3.0919296741485596
                ],
                [
                    -0.889039933681488,
                    0.2314978986978531,
                    -0.394989550113678,
                    -1.5922538042068481
                ],
                [
                    0.0,
                    0.8627434372901917,
                    0.5056418776512146,
                    2.0383076667785645
                ],
                [
                    0.0,
                    0.0,
                    0.0,
                    1.0
                ]
            ]
        },
        {
            "file_path": "/data/shapenet_blender/all_50_random/02958343/d6f8cfdb1659142814fccfc8a25361e/r_23",
            "rotation": 0.12566370614359174,
            "transform_matrix": [
                [
                    -0.8507503271102905,
                    -0.07931987941265106,
                    0.5195501446723938,
                    2.0943737030029297
                ],
                [
                    0.5255702137947083,
                    -0.12839657068252563,
                    0.8410055041313171,
                    3.3902015686035156
                ],
                [
                    7.450580596923828e-09,
                    0.9885457754135132,
                    0.1509215533733368,
                    0.6083842515945435
                ],
                [
                    0.0,
                    0.0,
                    0.0,
                    1.0
                ]
            ]
        },
        {
            "file_path": "/data/shapenet_blender/all_50_random/02958343/d6f8cfdb1659142814fccfc8a25361e/r_24",
            "rotation": 0.12566370614359174,
            "transform_matrix": [
                [
                    -0.8331968784332275,
                    -0.3810914158821106,
                    -0.4006897211074829,
                    -1.615231990814209
                ],
                [
                    -0.5529764890670776,
                    0.5742091536521912,
                    0.6037389636039734,
                    2.4337499141693115
                ],
                [
                    -2.9802322387695312e-08,
                    0.7246054410934448,
                    -0.689163863658905,
                    -2.778108596801758
                ],
                [
                    0.0,
                    0.0,
                    0.0,
                    1.0
                ]
            ]
        },
        {
            "file_path": "/data/shapenet_blender/all_50_random/02958343/d6f8cfdb1659142814fccfc8a25361e/r_25",
            "rotation": 0.12566370614359174,
            "transform_matrix": [
                [
                    0.7848327159881592,
                    0.24239549040794373,
                    0.5703349709510803,
                    2.2990939617156982
                ],
                [
                    0.6197077631950378,
                    -0.30698326230049133,
                    -0.7223042845726013,
                    -2.9117019176483154
                ],
                [
                    0.0,
                    0.9203289747238159,
                    -0.39114487171173096,
                    -1.5767555236816406
                ],
                [
                    0.0,
                    0.0,
                    0.0,
                    1.0
                ]
            ]
        },
        {
            "file_path": "/data/shapenet_blender/all_50_random/02958343/d6f8cfdb1659142814fccfc8a25361e/r_26",
            "rotation": 0.12566370614359174,
            "transform_matrix": [
                [
                    0.9881046414375305,
                    0.08937150985002518,
                    -0.12514758110046387,
                    -0.504486083984375
                ],
                [
                    -0.1537829339504242,
                    0.5742405652999878,
                    -0.8041133880615234,
                    -3.2414848804473877
                ],
                [
                    0.0,
                    0.8137937784194946,
                    0.5811536312103271,
                    2.342705488204956
                ],
                [
                    0.0,
                    0.0,
                    0.0,
                    1.0
                ]
            ]
        },
        {
            "file_path": "/data/shapenet_blender/all_50_random/02958343/d6f8cfdb1659142814fccfc8a25361e/r_27",
            "rotation": 0.12566370614359174,
            "transform_matrix": [
                [
                    -0.6129369139671326,
                    0.276459664106369,
                    0.7401881217956543,
                    2.9837937355041504
                ],
                [
                    0.7901318073272705,
                    0.2144608199596405,
                    0.5741934776306152,
                    2.314647912979126
                ],
                [
                    -1.4901159417490817e-08,
                    0.9367907047271729,
                    -0.34989050030708313,
                    -1.4104536771774292
                ],
                [
                    0.0,
                    0.0,
                    0.0,
                    1.0
                ]
            ]
        },
        {
            "file_path": "/data/shapenet_blender/all_50_random/02958343/d6f8cfdb1659142814fccfc8a25361e/r_28",
            "rotation": 0.12566370614359174,
            "transform_matrix": [
                [
                    0.9233490228652954,
                    0.23068736493587494,
                    0.3069363832473755,
                    1.237300157546997
                ],
                [
                    0.3839617371559143,
                    -0.5547556281089783,
                    -0.7381188869476318,
                    -2.975452423095703
                ],
                [
                    0.0,
                    0.7993931174278259,
                    -0.6008082628250122,
                    -2.421935558319092
                ],
                [
                    0.0,
                    0.0,
                    0.0,
                    1.0
                ]
            ]
        },
        {
            "file_path": "/data/shapenet_blender/all_50_random/02958343/d6f8cfdb1659142814fccfc8a25361e/r_29",
            "rotation": 0.12566370614359174,
            "transform_matrix": [
                [
                    -0.9868727922439575,
                    -0.028322041034698486,
                    -0.15899649262428284,
                    -0.6409353613853455
                ],
                [
                    -0.1614992767572403,
                    0.17306733131408691,
                    0.9715789556503296,
                    3.916559934616089
                ],
                [
                    0.0,
                    0.9845026731491089,
                    -0.17536944150924683,
                    -0.7069368362426758
                ],
                [
                    0.0,
                    0.0,
                    0.0,
                    1.0
                ]
            ]
        },
        {
            "file_path": "/data/shapenet_blender/all_50_random/02958343/d6f8cfdb1659142814fccfc8a25361e/r_30",
            "rotation": 0.12566370614359174,
            "transform_matrix": [
                [
                    -0.9840604662895203,
                    0.08044707775115967,
                    0.15859761834144592,
                    0.6393275260925293
                ],
                [
                    0.17783403396606445,
                    0.4451611042022705,
                    0.8776140809059143,
                    3.537775754928589
                ],
                [
                    0.0,
                    0.8918294310569763,
                    -0.45237165689468384,
                    -1.82356858253479
                ],
                [
                    0.0,
                    0.0,
                    0.0,
                    1.0
                ]
            ]
        },
        {
            "file_path": "/data/shapenet_blender/all_50_random/02958343/d6f8cfdb1659142814fccfc8a25361e/r_31",
            "rotation": 0.12566370614359174,
            "transform_matrix": [
                [
                    0.35882729291915894,
                    -0.0486794151365757,
                    0.9321337342262268,
                    3.7575511932373047
                ],
                [
                    0.9334040284156799,
                    0.01871376298367977,
                    -0.35833895206451416,
                    -1.4445104598999023
                ],
                [
                    0.0,
                    0.9986391663551331,
                    0.052152566611766815,
                    0.21023371815681458
                ],
                [
                    0.0,
                    0.0,
                    0.0,
                    1.0
                ]
            ]
        },
        {
            "file_path": "/data/shapenet_blender/all_50_random/02958343/d6f8cfdb1659142814fccfc8a25361e/r_32",
            "rotation": 0.12566370614359174,
            "transform_matrix": [
                [
                    -0.9877856969833374,
                    -0.0962214395403862,
                    0.12256026268005371,
                    0.49405622482299805
                ],
                [
                    0.1558190882205963,
                    -0.6099776029586792,
                    0.7769476175308228,
                    3.1319761276245117
                ],
                [
                    0.0,
                    0.7865549325942993,
                    0.6175202131271362,
                    2.4893035888671875
                ],
                [
                    0.0,
                    0.0,
                    0.0,
                    1.0
                ]
            ]
        },
        {
            "file_path": "/data/shapenet_blender/all_50_random/02958343/d6f8cfdb1659142814fccfc8a25361e/r_33",
            "rotation": 0.12566370614359174,
            "transform_matrix": [
                [
                    0.21729061007499695,
                    -0.7920703887939453,
                    0.5704465508460999,
                    2.299543857574463
                ],
                [
                    0.9761070013046265,
                    0.1763223260641098,
                    -0.1269867718219757,
                    -0.5119001269340515
                ],
                [
                    0.0,
                    0.5844099521636963,
                    0.8114585280418396,
                    3.2710940837860107
                ],
                [
                    0.0,
                    0.0,
                    0.0,
                    1.0
                ]
            ]
        },
        {
            "file_path": "/data/shapenet_blender/all_50_random/02958343/d6f8cfdb1659142814fccfc8a25361e/r_34",
            "rotation": 0.12566370614359174,
            "transform_matrix": [
                [
                    -0.9777379631996155,
                    -0.02633257769048214,
                    -0.20817095041275024,
                    -0.8391640186309814
                ],
                [
                    -0.20982982218265533,
                    0.12270114570856094,
                    0.970008134841919,
                    3.9102280139923096
                ],
                [
                    0.0,
                    0.9920941591262817,
                    -0.12549491226673126,
                    -0.5058862566947937
                ],
                [
                    0.0,
                    0.0,
                    0.0,
                    1.0
                ]
            ]
        },
        {
            "file_path": "/data/shapenet_blender/all_50_random/02958343/d6f8cfdb1659142814fccfc8a25361e/r_35",
            "rotation": 0.12566370614359174,
            "transform_matrix": [
                [
                    0.2593059241771698,
                    -0.03241192549467087,
                    0.9652513265609741,
                    3.891052007675171
                ],
                [
                    0.9657952785491943,
                    0.008702264167368412,
                    -0.2591598927974701,
                    -1.0447068214416504
                ],
                [
                    -9.313225746154785e-10,
                    0.9994366765022278,
                    0.03355983644723892,
                    0.13528400659561157
                ],
                [
                    0.0,
                    0.0,
                    0.0,
                    1.0
                ]
            ]
        },
        {
            "file_path": "/data/shapenet_blender/all_50_random/02958343/d6f8cfdb1659142814fccfc8a25361e/r_36",
            "rotation": 0.12566370614359174,
            "transform_matrix": [
                [
                    -0.7244269847869873,
                    -0.5285047292709351,
                    0.4425927698612213,
                    1.7841485738754272
                ],
                [
                    0.6893515586853027,
                    -0.5553959608078003,
                    0.4651126563549042,
                    1.8749290704727173
                ],
                [
                    0.0,
                    0.6420422196388245,
                    0.7666692733764648,
                    3.090542793273926
                ],
                [
                    0.0,
                    0.0,
                    0.0,
                    1.0
                ]
            ]
        },
        {
            "file_path": "/data/shapenet_blender/all_50_random/02958343/d6f8cfdb1659142814fccfc8a25361e/r_37",
            "rotation": 0.12566370614359174,
            "transform_matrix": [
                [
                    -0.9974099397659302,
                    0.009195862337946892,
                    -0.07133625447750092,
                    -0.2875656485557556
                ],
                [
                    -0.0719265267252922,
                    -0.1275196373462677,
                    0.9892246127128601,
                    3.987691879272461
                ],
                [
                    0.0,
                    0.9917933940887451,
                    0.12785078585147858,
                    0.5153830051422119
                ],
                [
                    0.0,
                    0.0,
                    0.0,
                    1.0
                ]
            ]
        },
        {
            "file_path": "/data/shapenet_blender/all_50_random/02958343/d6f8cfdb1659142814fccfc8a25361e/r_38",
            "rotation": 0.12566370614359174,
            "transform_matrix": [
                [
                    -0.9888439178466797,
                    -0.006172753870487213,
                    0.14882804453372955,
                    0.5999450087547302
                ],
                [
                    0.14895600080490112,
                    -0.04097779840230942,
                    0.987994372844696,
                    3.9827327728271484
                ],
                [
                    -4.656613428188905e-10,
                    0.9991409778594971,
                    0.04144011065363884,
                    0.16705043613910675
                ],
                [
                    0.0,
                    0.0,
                    0.0,
                    1.0
                ]
            ]
        },
        {
            "file_path": "/data/shapenet_blender/all_50_random/02958343/d6f8cfdb1659142814fccfc8a25361e/r_39",
            "rotation": 0.12566370614359174,
            "transform_matrix": [
                [
                    -0.5973241329193115,
                    0.3451022207736969,
                    -0.7239533066749573,
                    -2.918349027633667
                ],
                [
                    -0.8019999265670776,
                    -0.25702980160713196,
                    0.5391955375671387,
                    2.1735668182373047
                ],
                [
                    0.0,
                    0.9026849865913391,
                    0.43030208349227905,
                    1.7346031665802002
                ],
                [
                    0.0,
                    0.0,
                    0.0,
                    1.0
                ]
            ]
        },
        {
            "file_path": "/data/shapenet_blender/all_50_random/02958343/d6f8cfdb1659142814fccfc8a25361e/r_40",
            "rotation": 0.12566370614359174,
            "transform_matrix": [
                [
                    -0.09761558473110199,
                    -0.13609623908996582,
                    0.9858747124671936,
                    3.9741880893707275
                ],
                [
                    0.9952241778373718,
                    -0.013348865322768688,
                    0.09669854491949081,
                    0.38980430364608765
                ],
                [
                    9.313225746154785e-10,
                    0.9906056523323059,
                    0.13674932718276978,
                    0.551254153251648
                ],
                [
                    0.0,
                    0.0,
                    0.0,
                    1.0
                ]
            ]
        },
        {
            "file_path": "/data/shapenet_blender/all_50_random/02958343/d6f8cfdb1659142814fccfc8a25361e/r_41",
            "rotation": 0.12566370614359174,
            "transform_matrix": [
                [
                    -0.9987272024154663,
                    -0.04565320909023285,
                    -0.021445155143737793,
                    -0.08644818514585495
                ],
                [
                    -0.05043918266892433,
                    0.9039620161056519,
                    0.4246274530887604,
                    1.7117279767990112
                ],
                [
                    -1.862645371275562e-09,
                    0.42516860365867615,
                    -0.9051141142845154,
