{
    "class": "02958343",
    "model": "e5ba98879f06d013b2d3f2371f6b0762",
    "remove_doubles": true,
    "edge_split": true,
    "denoise": true,
    "camera_angle_x": 0.6911112070083618,
    "scale_factor": 2.4960965611084984,
    "hdri_file": "/data/IndoorHDRDataset2018/AG8A3938-467a295a70.exr",
    "center_offset": [
        0.0,
        -3.725290298461914e-09,
        7.450580596923828e-09
    ],
    "lights": [],
    "frames": [
        {
            "file_path": "/data/shapenet_blender/all_50_random/02958343/e5ba98879f06d013b2d3f2371f6b0762/r_0",
            "rotation": 0.12566370614359174,
            "transform_matrix": [
                [
                    0.7694385647773743,
                    0.19902625679969788,
                    0.6069208979606628,
                    2.4465763568878174
                ],
                [
                    0.6387209296226501,
                    -0.23975804448127747,
                    -0.7311304211616516,
                    -2.9472808837890625
                ],
                [
                    1.4901161193847656e-08,
                    0.9502128958702087,
                    -0.31160131096839905,
                    -1.2561050653457642
                ],
                [
                    0.0,
                    0.0,
                    0.0,
                    1.0
                ]
            ]
        },
        {
            "file_path": "/data/shapenet_blender/all_50_random/02958343/e5ba98879f06d013b2d3f2371f6b0762/r_1",
            "rotation": 0.12566370614359174,
            "transform_matrix": [
                [
                    0.515043318271637,
                    -0.5396990180015564,
                    -0.6659243702888489,
                    -2.68442702293396
                ],
                [
                    -0.8571640849113464,
                    -0.32428842782974243,
                    -0.40013331174850464,
                    -1.6129889488220215
                ],
                [
                    0.0,
                    0.7768925428390503,
                    -0.6296332478523254,
                    -2.538132905960083
                ],
                [
                    0.0,
                    0.0,
                    0.0,
                    1.0
                ]
            ]
        },
        {
            "file_path": "/data/shapenet_blender/all_50_random/02958343/e5ba98879f06d013b2d3f2371f6b0762/r_2",
            "rotation": 0.12566370614359174,
            "transform_matrix": [
                [
                    0.961175799369812,
                    0.03623463213443756,
                    0.27354738116264343,
                    1.1027048826217651
                ],
                [
                    0.2759368419647217,
                    -0.12621675431728363,
                    -0.9528526067733765,
                    -3.841071844100952
                ],
                [
                    0.0,
                    0.991340696811676,
                    -0.1313149333000183,
                    -0.5293474793434143
                ],
                [
                    0.0,
                    0.0,
                    0.0,
                    1.0
                ]
            ]
        },
        {
            "file_path": "/data/shapenet_blender/all_50_random/02958343/e5ba98879f06d013b2d3f2371f6b0762/r_3",
            "rotation": 0.12566370614359174,
            "transform_matrix": [
                [
                    -0.6639922857284546,
                    0.06176156923174858,
                    -0.7451843619346619,
                    -3.003934383392334
                ],
                [
                    -0.7477394342422485,
                    -0.054844245314598083,
                    0.6617233753204346,
                    2.667492389678955
                ],
                [
                    3.725290298461914e-09,
                    0.9965829253196716,
                    0.08259771764278412,
                    0.3329620659351349
                ],
                [
                    0.0,
                    0.0,
                    0.0,
                    1.0
                ]
            ]
        },
        {
            "file_path": "/data/shapenet_blender/all_50_random/02958343/e5ba98879f06d013b2d3f2371f6b0762/r_4",
            "rotation": 0.12566370614359174,
            "transform_matrix": [
                [
                    0.9596571326255798,
                    -0.1127081885933876,
                    -0.25759488344192505,
                    -1.038398027420044
                ],
                [
                    -0.2811729907989502,
                    -0.38467854261398315,
                    -0.8791838884353638,
                    -3.5441031455993652
                ],
                [
                    0.0,
                    0.9161436557769775,
                    -0.4008500277996063,
                    -1.6158779859542847
                ],
                [
                    0.0,
                    0.0,
                    0.0,
                    1.0
                ]
            ]
        },
        {
            "file_path": "/data/shapenet_blender/all_50_random/02958343/e5ba98879f06d013b2d3f2371f6b0762/r_5",
            "rotation": 0.12566370614359174,
            "transform_matrix": [
                [
                    -0.29386991262435913,
                    0.0797986164689064,
                    -0.9525085091590881,
                    -3.8396849632263184
                ],
                [
                    -0.9558454155921936,
                    -0.02453368902206421,
                    0.2928439974784851,
                    1.1804920434951782
                ],
                [
                    0.0,
                    0.9965090155601501,
                    0.08348484337329865,
                    0.3365381956100464
                ],
                [
                    0.0,
                    0.0,
                    0.0,
                    1.0
                ]
            ]
        },
        {
            "file_path": "/data/shapenet_blender/all_50_random/02958343/e5ba98879f06d013b2d3f2371f6b0762/r_6",
            "rotation": 0.12566370614359174,
            "transform_matrix": [
                [
                    -0.8840036392211914,
                    -0.12410153448581696,
                    0.45070648193359375,
                    1.8168559074401855
                ],
                [
                    0.467479944229126,
                    -0.23467573523521423,
                    0.8522850275039673,
                    3.435670852661133
                ],
                [
                    -7.450580152834618e-09,
                    0.9641193151473999,
                    0.26546919345855713,
                    1.0701406002044678
                ],
                [
                    0.0,
                    0.0,
                    0.0,
                    1.0
                ]
            ]
        },
        {
            "file_path": "/data/shapenet_blender/all_50_random/02958343/e5ba98879f06d013b2d3f2371f6b0762/r_7",
            "rotation": 0.12566370614359174,
            "transform_matrix": [
                [
                    -0.8536651134490967,
                    -0.3256053030490875,
                    0.4064936935901642,
                    1.6386284828186035
                ],
                [
                    0.5208224058151245,
                    -0.533690333366394,
                    0.6662721633911133,
                    2.685828924179077
                ],
                [
                    0.0,
                    0.7804842591285706,
                    0.6251753568649292,
                    2.520162582397461
                ],
                [
                    0.0,
                    0.0,
                    0.0,
                    1.0
                ]
            ]
        },
        {
            "file_path": "/data/shapenet_blender/all_50_random/02958343/e5ba98879f06d013b2d3f2371f6b0762/r_8",
            "rotation": 0.12566370614359174,
            "transform_matrix": [
                [
                    -0.9955601096153259,
                    0.0441184900701046,
                    -0.08314842730760574,
                    -0.3351820409297943
                ],
                [
                    -0.09412811696529388,
                    -0.46662580966949463,
                    0.8794317841529846,
                    3.545102834701538
                ],
                [
                    0.0,
                    0.8833537697792053,
                    0.46870681643486023,
                    1.8894176483154297
                ],
                [
                    0.0,
                    0.0,
                    0.0,
                    1.0
                ]
            ]
        },
        {
            "file_path": "/data/shapenet_blender/all_50_random/02958343/e5ba98879f06d013b2d3f2371f6b0762/r_9",
            "rotation": 0.12566370614359174,
            "transform_matrix": [
                [
                    0.8206332325935364,
                    -0.18627440929412842,
                    -0.5402435064315796,
                    -2.177790880203247
                ],
                [
                    -0.5714553594589233,
                    -0.2674976885318756,
                    -0.7758117914199829,
                    -3.127397060394287
                ],
                [
                    0.0,
                    0.9453818202018738,
                    -0.3259649872779846,
                    -1.3140066862106323
                ],
                [
                    0.0,
                    0.0,
                    0.0,
                    1.0
                ]
            ]
        },
        {
            "file_path": "/data/shapenet_blender/all_50_random/02958343/e5ba98879f06d013b2d3f2371f6b0762/r_10",
            "rotation": 0.12566370614359174,
            "transform_matrix": [
                [
                    0.9970598220825195,
                    -0.06223011389374733,
                    -0.044713351875543594,
                    -0.1802452951669693
                ],
                [
                    -0.07662814855575562,
                    -0.8097174167633057,
                    -0.5817951560020447,
                    -2.3452916145324707
                ],
                [
                    0.0,
                    0.5835108160972595,
                    -0.8121051788330078,
                    -3.2737009525299072
                ],
                [
                    0.0,
                    0.0,
                    0.0,
                    1.0
                ]
            ]
        },
        {
            "file_path": "/data/shapenet_blender/all_50_random/02958343/e5ba98879f06d013b2d3f2371f6b0762/r_11",
            "rotation": 0.12566370614359174,
            "transform_matrix": [
                [
                    -0.5369313359260559,
                    -0.7498602271080017,
                    -0.3865414261817932,
                    -1.5581982135772705
                ],
                [
                    -0.8436259031295776,
                    0.4772535562515259,
                    0.24601687490940094,
                    0.9917256832122803
                ],
                [
                    0.0,
                    0.4581906795501709,
                    -0.8888539671897888,
                    -3.58308482170105
                ],
                [
                    0.0,
                    0.0,
                    0.0,
                    1.0
                ]
            ]
        },
        {
            "file_path": "/data/shapenet_blender/all_50_random/02958343/e5ba98879f06d013b2d3f2371f6b0762/r_12",
            "rotation": 0.12566370614359174,
            "transform_matrix": [
                [
                    0.3339037001132965,
                    -0.18361537158489227,
                    -0.924550473690033,
                    -3.726982355117798
                ],
                [
                    -0.9426072239875793,
                    -0.06504284590482712,
                    -0.3275073766708374,
                    -1.320224642753601
                ],
                [
                    -7.450580596923828e-09,
                    0.9808439016342163,
                    -0.19479520618915558,
                    -0.7852446436882019
                ],
                [
                    0.0,
                    0.0,
                    0.0,
                    1.0
                ]
            ]
        },
        {
            "file_path": "/data/shapenet_blender/all_50_random/02958343/e5ba98879f06d013b2d3f2371f6b0762/r_13",
            "rotation": 0.12566370614359174,
            "transform_matrix": [
                [
                    -0.622808039188385,
                    -0.5036645531654358,
                    0.598691999912262,
                    2.413404703140259
                ],
                [
                    0.7823747396469116,
                    -0.40094131231307983,
                    0.4765877425670624,
                    1.9211866855621338
                ],
                [
                    1.4901162970204496e-08,
                    0.7652242183685303,
                    0.6437638401985168,
                    2.595095157623291
                ],
                [
                    0.0,
                    0.0,
                    0.0,
                    1.0
                ]
            ]
        },
        {
            "file_path": "/data/shapenet_blender/all_50_random/02958343/e5ba98879f06d013b2d3f2371f6b0762/r_14",
            "rotation": 0.12566370614359174,
            "transform_matrix": [
                [
                    0.9686471223831177,
                    0.024157103151082993,
                    0.24726341664791107,
                    0.9967505931854248
                ],
                [
                    0.24844063818454742,
                    -0.09418632090091705,
                    -0.9640572667121887,
                    -3.8862385749816895
                ],
                [
                    0.0,
                    0.9952614307403564,
                    -0.09723493456840515,
                    -0.3919665217399597
                ],
                [
                    0.0,
                    0.0,
                    0.0,
                    1.0
                ]
            ]
        },
        {
            "file_path": "/data/shapenet_blender/all_50_random/02958343/e5ba98879f06d013b2d3f2371f6b0762/r_15",
            "rotation": 0.12566370614359174,
            "transform_matrix": [
                [
                    0.8196164965629578,
                    0.21921178698539734,
                    -0.5293155908584595,
                    -2.133739471435547
                ],
                [
                    -0.5729125738143921,
                    0.3136073648929596,
                    -0.7572460770606995,
                    -3.0525565147399902
                ],
                [
                    0.0,
                    0.9239029288291931,
                    0.38262689113616943,
                    1.542418360710144
                ],
                [
                    0.0,
                    0.0,
                    0.0,
                    1.0
                ]
            ]
        },
        {
            "file_path": "/data/shapenet_blender/all_50_random/02958343/e5ba98879f06d013b2d3f2371f6b0762/r_16",
            "rotation": 0.12566370614359174,
            "transform_matrix": [
                [
                    -0.7170312404632568,
                    0.007614904083311558,
                    0.6969994902610779,
                    2.809694766998291
                ],
                [
                    0.6970410943031311,
                    0.007833288051187992,
                    0.7169884443283081,
                    2.890272855758667
                ],
                [
                    4.6566123179658803e-10,
                    0.9999403953552246,
                    -0.010924612171947956,
                    -0.04403851926326752
                ],
                [
                    0.0,
                    0.0,
                    0.0,
                    1.0
                ]
            ]
        },
        {
            "file_path": "/data/shapenet_blender/all_50_random/02958343/e5ba98879f06d013b2d3f2371f6b0762/r_17",
            "rotation": 0.12566370614359174,
            "transform_matrix": [
                [
                    0.824495792388916,
                    0.04795778915286064,
                    0.5638322830200195,
                    2.2728805541992188
                ],
                [
                    0.5658681988716125,
                    -0.06987669318914413,
                    -0.8215293884277344,
                    -3.3116908073425293
                ],
                [
                    3.725290298461914e-09,
                    0.9964021444320679,
                    -0.08475083112716675,
                    -0.34164151549339294
                ],
                [
                    0.0,
                    0.0,
                    0.0,
                    1.0
                ]
            ]
        },
        {
            "file_path": "/data/shapenet_blender/all_50_random/02958343/e5ba98879f06d013b2d3f2371f6b0762/r_18",
            "rotation": 0.12566370614359174,
            "transform_matrix": [
                [
                    -0.5859819054603577,
                    0.14060495793819427,
                    -0.7980321645736694,
                    -3.216970682144165
                ],
                [
                    -0.8103241920471191,
                    -0.1016777753829956,
                    0.5770930051803589,
                    2.326336622238159
                ],
                [
                    7.450580596923828e-09,
                    0.9848307967185974,
                    0.1735169142484665,
                    0.6994690895080566
                ],
                [
                    0.0,
                    0.0,
                    0.0,
                    1.0
                ]
            ]
        },
        {
            "file_path": "/data/shapenet_blender/all_50_random/02958343/e5ba98879f06d013b2d3f2371f6b0762/r_19",
            "rotation": 0.12566370614359174,
            "transform_matrix": [
                [
                    0.8789836764335632,
                    -0.0016429339302703738,
                    -0.47684893012046814,
                    -1.9222394227981567
                ],
                [
                    -0.4768517315387726,
                    -0.003028430277481675,
                    -0.8789785504341125,
                    -3.5432755947113037
                ],
                [
                    0.0,
                    0.9999940395355225,
                    -0.00344537734054029,
                    -0.013888759538531303
                ],
                [
                    0.0,
                    0.0,
                    0.0,
                    1.0
                ]
            ]
        },
        {
            "file_path": "/data/shapenet_blender/all_50_random/02958343/e5ba98879f06d013b2d3f2371f6b0762/r_20",
            "rotation": 0.12566370614359174,
            "transform_matrix": [
                [
                    0.802402913570404,
                    0.000757922709453851,
                    0.5967820882797241,
                    2.405705451965332
                ],
                [
                    0.5967824459075928,
                    -0.0010190637549385428,
                    -0.8024023771286011,
                    -3.2345874309539795
                ],
                [
                    0.0,
                    0.9999992251396179,
                    -0.0012700149090960622,
                    -0.0051195938140153885
                ],
                [
                    0.0,
                    0.0,
                    0.0,
                    1.0
                ]
            ]
        },
        {
            "file_path": "/data/shapenet_blender/all_50_random/02958343/e5ba98879f06d013b2d3f2371f6b0762/r_21",
            "rotation": 0.12566370614359174,
            "transform_matrix": [
                [
                    0.9249178767204285,
                    0.13169410824775696,
                    0.3566282391548157,
                    1.4376144409179688
                ],
                [
                    0.380167156457901,
                    -0.32040178775787354,
                    -0.8676494359970093,
                    -3.4976067543029785
                ],
                [
                    7.450581485102248e-09,
                    0.938082754611969,
                    -0.3464111089706421,
                    -1.396427869796753
                ],
                [
                    0.0,
                    0.0,
                    0.0,
                    1.0
                ]
            ]
        },
        {
            "file_path": "/data/shapenet_blender/all_50_random/02958343/e5ba98879f06d013b2d3f2371f6b0762/r_22",
            "rotation": 0.12566370614359174,
            "transform_matrix": [
                [
                    0.9195843935012817,
                    -0.09986326098442078,
                    0.3799891173839569,
                    1.5317848920822144
                ],
                [
                    0.3928922712802887,
                    0.23373503983020782,
                    -0.889383852481842,
                    -3.5852205753326416
                ],
                [
                    0.0,
                    0.967158317565918,
                    0.2541746497154236,
                    1.0246106386184692
                ],
                [
                    0.0,
                    0.0,
                    0.0,
                    1.0
                ]
            ]
        },
        {
            "file_path": "/data/shapenet_blender/all_50_random/02958343/e5ba98879f06d013b2d3f2371f6b0762/r_23",
            "rotation": 0.12566370614359174,
            "transform_matrix": [
                [
                    -0.6593303084373474,
                    -0.19372008740901947,
                    -0.7264682054519653,
                    -2.9284870624542236
                ],
                [
                    -0.7518534660339355,
                    0.16988086700439453,
                    0.6370689868927002,
                    2.5681071281433105
                ],
                [
                    -1.4901162970204496e-08,
                    0.966236412525177,
                    -0.2576567232608795,
                    -1.0386475324630737
                ],
                [
                    0.0,
                    0.0,
                    0.0,
                    1.0
                ]
            ]
        },
        {
            "file_path": "/data/shapenet_blender/all_50_random/02958343/e5ba98879f06d013b2d3f2371f6b0762/r_24",
            "rotation": 0.12566370614359174,
            "transform_matrix": [
                [
                    -0.7066932320594788,
                    -0.12560346722602844,
                    -0.6962817907333374,
                    -2.8068020343780518
                ],
                [
                    -0.707520067691803,
                    0.12545667588710785,
                    0.6954680681228638,
                    2.8035216331481934
                ],
                [
                    0.0,
                    0.9841160774230957,
                    -0.1775263398885727,
                    -0.7156316041946411
                ],
                [
                    0.0,
                    0.0,
                    0.0,
                    1.0
                ]
            ]
        },
        {
            "file_path": "/data/shapenet_blender/all_50_random/02958343/e5ba98879f06d013b2d3f2371f6b0762/r_25",
            "rotation": 0.12566370614359174,
            "transform_matrix": [
                [
                    -0.7452760934829712,
                    -0.5987792611122131,
                    0.2933034896850586,
                    1.1823441982269287
                ],
                [
                    0.6667560338973999,
                    -0.6692940592765808,
                    0.32784414291381836,
                    1.3215819597244263
                ],
                [
                    1.4901161193847656e-08,
                    0.43989628553390503,
                    0.8980485796928406,
                    3.620149612426758
                ],
                [
                    0.0,
                    0.0,
                    0.0,
                    1.0
                ]
            ]
        },
        {
            "file_path": "/data/shapenet_blender/all_50_random/02958343/e5ba98879f06d013b2d3f2371f6b0762/r_26",
            "rotation": 0.12566370614359174,
            "transform_matrix": [
                [
                    0.9999989867210388,
                    2.92988679575501e-05,
                    0.0013778271386399865,
                    0.00555419921875
                ],
                [
                    0.0013781386660411954,
                    -0.021259715780615807,
                    -0.999772846698761,
                    -4.030213832855225
                ],
                [
                    0.0,
                    0.9997738599777222,
                    -0.021259736269712448,
                    -0.08570074290037155
                ],
                [
                    0.0,
                    0.0,
                    0.0,
                    1.0
                ]
            ]
        },
        {
            "file_path": "/data/shapenet_blender/all_50_random/02958343/e5ba98879f06d013b2d3f2371f6b0762/r_27",
            "rotation": 0.12566370614359174,
            "transform_matrix": [
                [
                    -0.9997665286064148,
                    -0.012983116321265697,
                    0.017269151285290718,
                    0.06961417198181152
                ],
                [
                    0.021605202928185463,
                    -0.6007851362228394,
                    0.7991185784339905,
                    3.2213499546051025
                ],
                [
                    -9.313224080820248e-10,
                    0.7993052005767822,
                    0.6009253859519958,
                    2.422407627105713
                ],
                [
                    0.0,
                    0.0,
                    0.0,
                    1.0
                ]
            ]
        },
        {
            "file_path": "/data/shapenet_blender/all_50_random/02958343/e5ba98879f06d013b2d3f2371f6b0762/r_28",
            "rotation": 0.12566370614359174,
            "transform_matrix": [
                [
                    -0.14160481095314026,
                    -0.7442874908447266,
                    0.6526744961738586,
                    2.6310153007507324
                ],
                [
                    0.9899232983589172,
                    -0.10646753013134003,
                    0.09336264431476593,
                    0.37635689973831177
                ],
                [
                    0.0,
                    0.659318208694458,
                    0.7518637776374817,
                    3.030860185623169
                ],
                [
                    0.0,
                    0.0,
                    0.0,
                    1.0
                ]
            ]
        },
        {
            "file_path": "/data/shapenet_blender/all_50_random/02958343/e5ba98879f06d013b2d3f2371f6b0762/r_29",
            "rotation": 0.12566370614359174,
            "transform_matrix": [
                [
                    0.9759969115257263,
                    0.03390195965766907,
                    -0.21512967348098755,
                    -0.8672154545783997
                ],
                [
                    -0.2177845686674118,
                    0.15193089842796326,
                    -0.9640989899635315,
                    -3.8864073753356934
                ],
                [
                    0.0,
                    0.9878095388412476,
                    0.15566740930080414,
                    0.6275153756141663
                ],
                [
                    0.0,
                    0.0,
                    0.0,
                    1.0
                ]
            ]
        },
        {
            "file_path": "/data/shapenet_blender/all_50_random/02958343/e5ba98879f06d013b2d3f2371f6b0762/r_30",
            "rotation": 0.12566370614359174,
            "transform_matrix": [
                [
                    -0.7974817752838135,
                    0.4617670774459839,
                    0.38832196593284607,
                    1.5653760433197021
                ],
                [
                    0.6033430695533752,
                    0.6103506088256836,
                    0.5132729411125183,
                    2.0690696239471436
                ],
                [
                    0.0,
                    0.6436171531677246,
                    -0.7653474807739258,
                    -3.085214614868164
                ],
                [
                    0.0,
                    0.0,
                    0.0,
                    1.0
                ]
            ]
        },
        {
            "file_path": "/data/shapenet_blender/all_50_random/02958343/e5ba98879f06d013b2d3f2371f6b0762/r_31",
            "rotation": 0.12566370614359174,
            "transform_matrix": [
                [
                    0.08490286022424698,
                    -0.15030229091644287,
                    0.9849876761436462,
                    3.9706122875213623
                ],
                [
                    0.9963892698287964,
                    0.012807337567210197,
                    -0.0839313194155693,
                    -0.3383379578590393
                ],
                [
                    0.0,
                    0.9885571599006653,
                    0.1508469581604004,
                    0.6080835461616516
                ],
                [
                    0.0,
                    0.0,
                    0.0,
                    1.0
                ]
            ]
        },
        {
            "file_path": "/data/shapenet_blender/all_50_random/02958343/e5ba98879f06d013b2d3f2371f6b0762/r_32",
            "rotation": 0.12566370614359174,
            "transform_matrix": [
                [
                    -0.5615603923797607,
                    -0.25790634751319885,
                    0.78621506690979,
                    3.169334650039673
                ],
                [
                    0.8274356722831726,
                    -0.17503473162651062,
                    0.5335849523544312,
                    2.1509499549865723
                ],
                [
                    -1.4901160305669237e-08,
                    0.9501827359199524,
                    0.3116934597492218,
                    1.256476640701294
                ],
                [
                    0.0,
                    0.0,
                    0.0,
                    1.0
                ]
            ]
        },
        {
            "file_path": "/data/shapenet_blender/all_50_random/02958343/e5ba98879f06d013b2d3f2371f6b0762/r_33",
            "rotation": 0.12566370614359174,
            "transform_matrix": [
                [
                    -0.9999902248382568,
                    -0.0010807885555550456,
                    -0.0043089850805699825,
                    -0.0173700749874115
                ],
                [
                    -0.004442460834980011,
                    0.24328361451625824,
                    0.9699450135231018,
                    3.909973382949829
                ],
                [
                    0.0,
                    0.9699545502662659,
                    -0.24328602850437164,
                    -0.9807173609733582
                ],
                [
                    0.0,
                    0.0,
                    0.0,
                    1.0
                ]
            ]
        },
        {
            "file_path": "/data/shapenet_blender/all_50_random/02958343/e5ba98879f06d013b2d3f2371f6b0762/r_34",
            "rotation": 0.12566370614359174,
            "transform_matrix": [
                [
                    -0.015376552008092403,
                    -0.7608794569969177,
                    0.6487109661102295,
                    2.615037679672241
                ],
                [
                    0.9998818635940552,
                    -0.011701084673404694,
                    0.009976116009056568,
                    0.04021501541137695
                ],
                [
                    0.0,
                    0.6487876772880554,
                    0.7609694004058838,
                    3.06756591796875
                ],
                [
                    0.0,
                    0.0,
                    0.0,
                    1.0
                ]
            ]
        },
        {
            "file_path": "/data/shapenet_blender/all_50_random/02958343/e5ba98879f06d013b2d3f2371f6b0762/r_35",
            "rotation": 0.12566370614359174,
            "transform_matrix": [
                [
                    -0.7983092069625854,
                    0.20300857722759247,
                    0.567000687122345,
                    2.2856531143188477
                ],
                [
                    0.6022477149963379,
                    0.2690979242324829,
                    0.7515875697135925,
                    3.0297465324401855
                ],
                [
                    0.0,
                    0.9414742588996887,
                    -0.3370848000049591,
                    -1.3588323593139648
                ],
                [
                    0.0,
                    0.0,
                    0.0,
                    1.0
                ]
            ]
        },
        {
            "file_path": "/data/shapenet_blender/all_50_random/02958343/e5ba98879f06d013b2d3f2371f6b0762/r_36",
            "rotation": 0.12566370614359174,
            "transform_matrix": [
                [
                    -0.5855669379234314,
                    -0.6820435523986816,
                    0.4380955994129181,
                    1.7660200595855713
                ],
                [
                    0.8106239438056946,
                    -0.49268487095832825,
                    0.31646522879600525,
                    1.275712251663208
                ],
                [
                    0.0,
                    0.5404424667358398,
                    0.8413808345794678,
                    3.3917150497436523
                ],
                [
                    0.0,
                    0.0,
                    0.0,
                    1.0
                ]
            ]
        },
        {
            "file_path": "/data/shapenet_blender/all_50_random/02958343/e5ba98879f06d013b2d3f2371f6b0762/r_37",
            "rotation": 0.12566370614359174,
            "transform_matrix": [
                [
                    -0.78611820936203,
                    0.4168039560317993,
                    0.45639100670814514,
                    1.839771032333374
                ],
                [
                    0.6180762052536011,
                    0.5301241278648376,
                    0.5804740786552429,
                    2.3399658203125
                ],
                [
                    1.4901161193847656e-08,
                    0.7384056448936462,
                    -0.6743567585945129,
                    -2.718419075012207
                ],
                [
                    0.0,
                    0.0,
                    0.0,
                    1.0
                ]
            ]
        },
        {
            "file_path": "/data/shapenet_blender/all_50_random/02958343/e5ba98879f06d013b2d3f2371f6b0762/r_38",
            "rotation": 0.12566370614359174,
            "transform_matrix": [
                [
                    -0.3706110119819641,
                    0.6908107995986938,
                    -0.6208283305168152,
                    -2.502639055252075
                ],
                [
                    -0.9287881851196289,
                    -0.275651752948761,
                    0.2477269172668457,
                    0.9986191391944885
                ],
                [
                    1.4901161193847656e-08,
                    0.6684283018112183,
                    0.7437765002250671,
                    2.9982590675354004
                ],
                [
                    0.0,
                    0.0,
                    0.0,
                    1.0
                ]
            ]
        },
        {
            "file_path": "/data/shapenet_blender/all_50_random/02958343/e5ba98879f06d013b2d3f2371f6b0762/r_39",
            "rotation": 0.12566370614359174,
            "transform_matrix": [
                [
                    -0.9882627725601196,
                    0.03681087866425514,
                    -0.14826233685016632,
                    -0.5976645946502686
                ],
                [
                    -0.1527637541294098,
                    -0.23813778162002563,
                    0.9591420888900757,
                    3.8664255142211914
                ],
                [
                    0.0,
                    0.9705334305763245,
                    0.2409660667181015,
                    0.9713652729988098
                ],
                [
                    0.0,
                    0.0,
                    0.0,
                    1.0
                ]
            ]
        },
        {
            "file_path": "/data/shapenet_blender/all_50_random/02958343/e5ba98879f06d013b2d3f2371f6b0762/r_40",
            "rotation": 0.12566370614359174,
            "transform_matrix": [
                [
                    -0.5467991232872009,
                    0.15329894423484802,
                    -0.823110044002533,
                    -3.3180627822875977
                ],
                [
                    -0.8372638821601868,
                    -0.10011626034975052,
                    0.5375555753707886,
                    2.1669559478759766
                ],
                [
                    0.0,
                    0.9830952286720276,
                    0.18309512734413147,
                    0.7380800843238831
                ],
                [
                    0.0,
                    0.0,
                    0.0,
                    1.0
                ]
            ]
        },
        {
            "file_path": "/data/shapenet_blender/all_50_random/02958343/e5ba98879f06d013b2d3f2371f6b0762/r_41",
            "rotation": 0.12566370614359174,
            "transform_matrix": [
                [
                    -0.7402787804603577,
                    -0.06353626400232315,
                    -0.6692909002304077,
                    -2.697998046875
                ],
                [
                    -0.6722999215126038,
                    0.06996066868305206,
                    0.736965537071228,
                    2.9708032608032227
                ],
                [
                    0.0,
                    0.9955243468284607,
