{
    "class": "02958343",
    "model": "167ec61fc29df46460593c98e3e63028",
    "remove_doubles": true,
    "edge_split": true,
    "denoise": true,
    "camera_angle_x": 0.6911112070083618,
    "scale_factor": 2.5111904973236716,
    "hdri_file": "/data/IndoorHDRDataset2018/9C4A6131-fc703b2803.exr",
    "center_offset": [
        0.0,
        0.0,
        -2.7939677238464355e-09
    ],
    "lights": [],
    "frames": [
        {
            "file_path": "/data/shapenet_blender/all_50_random/02958343/167ec61fc29df46460593c98e3e63028/r_0",
            "rotation": 0.12566370614359174,
            "transform_matrix": [
                [
                    -0.999241054058075,
                    -0.004874223377555609,
                    -0.0386463887989521,
                    -0.1557885706424713
                ],
                [
                    -0.038952551782131195,
                    0.12503734230995178,
                    0.9913870692253113,
                    3.9964091777801514
                ],
                [
                    -4.656612873077393e-10,
                    0.9921400547027588,
                    -0.12513230741024017,
                    -0.5044244527816772
                ],
                [
                    0.0,
                    0.0,
                    0.0,
                    1.0
                ]
            ]
        },
        {
            "file_path": "/data/shapenet_blender/all_50_random/02958343/167ec61fc29df46460593c98e3e63028/r_1",
            "rotation": 0.12566370614359174,
            "transform_matrix": [
                [
                    -0.3923991918563843,
                    -0.28646379709243774,
                    -0.8740487098693848,
                    -3.5234034061431885
                ],
                [
                    -0.919795036315918,
                    0.12221002578735352,
                    0.3728830814361572,
                    1.503139853477478
                ],
                [
                    7.450581485102248e-09,
                    0.9502646923065186,
                    -0.3114430904388428,
                    -1.255467414855957
                ],
                [
                    0.0,
                    0.0,
                    0.0,
                    1.0
                ]
            ]
        },
        {
            "file_path": "/data/shapenet_blender/all_50_random/02958343/167ec61fc29df46460593c98e3e63028/r_2",
            "rotation": 0.12566370614359174,
            "transform_matrix": [
                [
                    0.9342763423919678,
                    -0.0310000479221344,
                    -0.3551996350288391,
                    -1.431855320930481
                ],
                [
                    -0.35654982924461365,
                    -0.08123020082712173,
                    -0.9307384490966797,
                    -3.7519261837005615
                ],
                [
                    -1.862645149230957e-09,
                    0.9962131381034851,
                    -0.08694451302289963,
                    -0.3504844903945923
                ],
                [
                    0.0,
                    0.0,
                    0.0,
                    1.0
                ]
            ]
        },
        {
            "file_path": "/data/shapenet_blender/all_50_random/02958343/167ec61fc29df46460593c98e3e63028/r_3",
            "rotation": 0.12566370614359174,
            "transform_matrix": [
                [
                    0.10130651295185089,
                    -0.005336841102689505,
                    0.9948408603668213,
                    4.010332107543945
                ],
                [
                    0.9948552846908569,
                    0.0005434526829048991,
                    -0.1013050377368927,
                    -0.40837371349334717
                ],
                [
                    -5.820766091346741e-11,
                    0.9999855756759644,
                    0.00536443991586566,
                    0.021624751389026642
                ],
                [
                    0.0,
                    0.0,
                    0.0,
                    1.0
                ]
            ]
        },
        {
            "file_path": "/data/shapenet_blender/all_50_random/02958343/167ec61fc29df46460593c98e3e63028/r_4",
            "rotation": 0.12566370614359174,
            "transform_matrix": [
                [
                    0.2860170006752014,
                    -0.1989070028066635,
                    -0.9373527765274048,
                    -3.778589963912964
                ],
                [
                    -0.9582245945930481,
                    -0.05937103554606438,
                    -0.2797870635986328,
                    -1.1278576850891113
                ],
                [
                    0.0,
                    0.9782183766365051,
                    -0.20757867395877838,
                    -0.8367763757705688
                ],
                [
                    0.0,
                    0.0,
                    0.0,
                    1.0
                ]
            ]
        },
        {
            "file_path": "/data/shapenet_blender/all_50_random/02958343/167ec61fc29df46460593c98e3e63028/r_5",
            "rotation": 0.12566370614359174,
            "transform_matrix": [
                [
                    -0.5172593593597412,
                    0.18067795038223267,
                    0.8365394473075867,
                    3.3721983432769775
                ],
                [
                    0.8558287024497986,
                    0.10920100659132004,
                    0.5056009888648987,
                    2.038142681121826
                ],
                [
                    0.0,
                    0.9774613380432129,
                    -0.21111461520195007,
                    -0.8510302305221558
                ],
                [
                    0.0,
                    0.0,
                    0.0,
                    1.0
                ]
            ]
        },
        {
            "file_path": "/data/shapenet_blender/all_50_random/02958343/167ec61fc29df46460593c98e3e63028/r_6",
            "rotation": 0.12566370614359174,
            "transform_matrix": [
                [
                    -0.986273467540741,
                    0.07677341997623444,
                    -0.14618603885173798,
                    -0.5892947912216187
                ],
                [
                    -0.16511967778205872,
                    -0.4585739076137543,
                    0.8731812238693237,
                    3.5199060440063477
                ],
                [
                    0.0,
                    0.8853337168693542,
                    0.464956134557724,
                    1.874298095703125
                ],
                [
                    0.0,
                    0.0,
                    0.0,
                    1.0
                ]
            ]
        },
        {
            "file_path": "/data/shapenet_blender/all_50_random/02958343/167ec61fc29df46460593c98e3e63028/r_7",
            "rotation": 0.12566370614359174,
            "transform_matrix": [
                [
                    -0.2825435996055603,
                    -0.36260125041007996,
                    -0.8880818486213684,
                    -3.579972505569458
                ],
                [
                    -0.9592545032501221,
                    0.10680238902568817,
                    0.26158004999160767,
                    1.0544629096984863
                ],
                [
                    7.450581485102248e-09,
                    0.9258041977882385,
                    -0.37800323963165283,
                    -1.5237797498703003
                ],
                [
                    0.0,
                    0.0,
                    0.0,
                    1.0
                ]
            ]
        },
        {
            "file_path": "/data/shapenet_blender/all_50_random/02958343/167ec61fc29df46460593c98e3e63028/r_8",
            "rotation": 0.12566370614359174,
            "transform_matrix": [
                [
                    0.6478829979896545,
                    -0.2851864695549011,
                    -0.7063400745391846,
                    -2.8473479747772217
                ],
                [
                    -0.7617399096488953,
                    -0.2425597906112671,
                    -0.6007637977600098,
                    -2.4217562675476074
                ],
                [
                    1.4901161193847656e-08,
                    0.9272719621658325,
                    -0.37438830733299255,
                    -1.5092074871063232
                ],
                [
                    0.0,
                    0.0,
                    0.0,
                    1.0
                ]
            ]
        },
        {
            "file_path": "/data/shapenet_blender/all_50_random/02958343/167ec61fc29df46460593c98e3e63028/r_9",
            "rotation": 0.12566370614359174,
            "transform_matrix": [
                [
                    0.9593456387519836,
                    -0.014358962886035442,
                    0.2818682789802551,
                    1.1362472772598267
                ],
                [
                    0.28223374485969543,
                    0.04880779981613159,
                    -0.958103358745575,
                    -3.8622376918792725
                ],
                [
                    0.0,
                    0.9987050294876099,
                    0.05087613686919212,
                    0.20508824288845062
                ],
                [
                    0.0,
                    0.0,
                    0.0,
                    1.0
                ]
            ]
        },
        {
            "file_path": "/data/shapenet_blender/all_50_random/02958343/167ec61fc29df46460593c98e3e63028/r_10",
            "rotation": 0.12566370614359174,
            "transform_matrix": [
                [
                    -0.9187248349189758,
                    -0.2664148211479187,
                    -0.2914925813674927,
                    -1.175044298171997
                ],
                [
                    -0.3948984742164612,
                    0.6198096871376038,
                    0.6781527400016785,
                    2.7337212562561035
                ],
                [
                    -1.4901161193847656e-08,
                    0.7381457090377808,
                    -0.6746412515640259,
                    -2.7195661067962646
                ],
                [
                    0.0,
                    0.0,
                    0.0,
                    1.0
                ]
            ]
        },
        {
            "file_path": "/data/shapenet_blender/all_50_random/02958343/167ec61fc29df46460593c98e3e63028/r_11",
            "rotation": 0.12566370614359174,
            "transform_matrix": [
                [
                    0.9978196024894714,
                    0.02197381667792797,
                    0.06223519146442413,
                    0.25087809562683105
                ],
                [
                    0.06600051373243332,
                    -0.3322080969810486,
                    -0.9408940672874451,
                    -3.792865514755249
                ],
                [
                    0.0,
                    0.9429500699043274,
                    -0.3329339921474457,
                    -1.3421000242233276
                ],
                [
                    0.0,
                    0.0,
                    0.0,
                    1.0
                ]
            ]
        },
        {
            "file_path": "/data/shapenet_blender/all_50_random/02958343/167ec61fc29df46460593c98e3e63028/r_12",
            "rotation": 0.12566370614359174,
            "transform_matrix": [
                [
                    -0.9371398687362671,
                    0.3272985517978668,
                    0.12101510167121887,
                    0.48782747983932495
                ],
                [
                    0.3489541709423065,
                    0.8789822459220886,
                    0.32499417662620544,
                    1.3100934028625488
                ],
                [
                    0.0,
                    0.34679359197616577,
                    -0.9379413723945618,
                    -3.7809627056121826
                ],
                [
                    0.0,
                    0.0,
                    0.0,
                    1.0
                ]
            ]
        },
        {
            "file_path": "/data/shapenet_blender/all_50_random/02958343/167ec61fc29df46460593c98e3e63028/r_13",
            "rotation": 0.12566370614359174,
            "transform_matrix": [
                [
                    0.27614787220954895,
                    0.9025850892066956,
                    0.3302765190601349,
                    1.3313872814178467
                ],
                [
                    0.9611151814460754,
                    -0.25933098793029785,
                    -0.094895139336586,
                    -0.38253453373908997
                ],
                [
                    0.0,
                    0.3436388373374939,
                    -0.9391018748283386,
                    -3.7856407165527344
                ],
                [
                    0.0,
                    0.0,
                    0.0,
                    1.0
                ]
            ]
        },
        {
            "file_path": "/data/shapenet_blender/all_50_random/02958343/167ec61fc29df46460593c98e3e63028/r_14",
            "rotation": 0.12566370614359174,
            "transform_matrix": [
                [
                    0.8964459896087646,
                    0.05475946515798569,
                    -0.43975675106048584,
                    -1.7727164030075073
                ],
                [
                    -0.44315311312675476,
                    0.11077187210321426,
                    -0.8895755410194397,
                    -3.585994243621826
                ],
                [
                    0.0,
                    0.9923362135887146,
                    0.12356780469417572,
                    0.4981178045272827
                ],
                [
                    0.0,
                    0.0,
                    0.0,
                    1.0
                ]
            ]
        },
        {
            "file_path": "/data/shapenet_blender/all_50_random/02958343/167ec61fc29df46460593c98e3e63028/r_15",
            "rotation": 0.12566370614359174,
            "transform_matrix": [
                [
                    0.7163031101226807,
                    -0.6111143827438354,
                    -0.3368217945098877,
                    -1.3577721118927002
                ],
                [
                    -0.6977892518043518,
                    -0.6273285746574402,
                    -0.3457584083080292,
                    -1.393796682357788
                ],
                [
                    0.0,
                    0.482698529958725,
                    -0.8757866621017456,
                    -3.5304088592529297
                ],
                [
                    0.0,
                    0.0,
                    0.0,
                    1.0
                ]
            ]
        },
        {
            "file_path": "/data/shapenet_blender/all_50_random/02958343/167ec61fc29df46460593c98e3e63028/r_16",
            "rotation": 0.12566370614359174,
            "transform_matrix": [
                [
                    -0.43626028299331665,
                    0.026166781783103943,
                    0.8994399905204773,
                    3.625758647918701
                ],
                [
                    0.8998205661773682,
                    0.012686447240412235,
                    0.43607574701309204,
                    1.7578775882720947
                ],
                [
                    9.313225746154785e-10,
                    0.9995771646499634,
                    -0.029079996049404144,
                    -0.11722521483898163
                ],
                [
                    0.0,
                    0.0,
                    0.0,
                    1.0
                ]
            ]
        },
        {
            "file_path": "/data/shapenet_blender/all_50_random/02958343/167ec61fc29df46460593c98e3e63028/r_17",
            "rotation": 0.12566370614359174,
            "transform_matrix": [
                [
                    -0.940421462059021,
                    -0.1500508040189743,
                    0.30511030554771423,
                    1.2299389839172363
                ],
                [
                    0.3400111198425293,
                    -0.41501879692077637,
                    0.843890905380249,
                    3.4018330574035645
                ],
                [
                    0.0,
                    0.8973539471626282,
                    0.4413115084171295,
                    1.7789835929870605
                ],
                [
                    0.0,
                    0.0,
                    0.0,
                    1.0
                ]
            ]
        },
        {
            "file_path": "/data/shapenet_blender/all_50_random/02958343/167ec61fc29df46460593c98e3e63028/r_18",
            "rotation": 0.12566370614359174,
            "transform_matrix": [
                [
                    -0.5334972739219666,
                    -0.7257448434829712,
                    -0.4343675673007965,
                    -1.750991702079773
                ],
                [
                    -0.845801830291748,
                    0.4577702283859253,
                    0.27398133277893066,
                    1.1044540405273438
                ],
                [
                    0.0,
                    0.5135570764541626,
                    -0.8580554127693176,
                    -3.4589319229125977
                ],
                [
                    0.0,
                    0.0,
                    0.0,
                    1.0
                ]
            ]
        },
        {
            "file_path": "/data/shapenet_blender/all_50_random/02958343/167ec61fc29df46460593c98e3e63028/r_19",
            "rotation": 0.12566370614359174,
            "transform_matrix": [
                [
                    0.19857127964496613,
                    0.6721835732460022,
                    -0.713259220123291,
                    -2.875239849090576
                ],
                [
                    -0.9800864458084106,
                    0.136188343167305,
                    -0.14451050758361816,
                    -0.5825405120849609
                ],
                [
                    0.0,
                    0.7277512550354004,
                    0.6858410835266113,
                    2.764713764190674
                ],
                [
                    0.0,
                    0.0,
                    0.0,
                    1.0
                ]
            ]
        },
        {
            "file_path": "/data/shapenet_blender/all_50_random/02958343/167ec61fc29df46460593c98e3e63028/r_20",
            "rotation": 0.12566370614359174,
            "transform_matrix": [
                [
                    -0.5914235711097717,
                    0.7917510867118835,
                    -0.15280120074748993,
                    -0.6159613132476807
                ],
                [
                    -0.8063610792160034,
                    -0.5807079076766968,
                    0.1120716780424118,
                    0.45177537202835083
                ],
                [
                    0.0,
                    0.18949481844902039,
                    0.9818817377090454,
                    3.958091974258423
                ],
                [
                    0.0,
                    0.0,
                    0.0,
                    1.0
                ]
            ]
        },
        {
            "file_path": "/data/shapenet_blender/all_50_random/02958343/167ec61fc29df46460593c98e3e63028/r_21",
            "rotation": 0.12566370614359174,
            "transform_matrix": [
                [
                    -0.6275405883789062,
                    -0.3885161578655243,
                    0.6747207641601562,
                    2.719886302947998
                ],
                [
                    0.7785839438438416,
                    -0.3131449818611145,
                    0.5438265800476074,
                    2.192234992980957
                ],
                [
                    1.4901161193847656e-08,
                    0.8665998578071594,
                    0.4990035891532898,
                    2.011547803878784
                ],
                [
                    0.0,
                    0.0,
                    0.0,
                    1.0
                ]
            ]
        },
        {
            "file_path": "/data/shapenet_blender/all_50_random/02958343/167ec61fc29df46460593c98e3e63028/r_22",
            "rotation": 0.12566370614359174,
            "transform_matrix": [
                [
                    -0.8233209252357483,
                    -0.13731065392494202,
                    -0.5507162809371948,
                    -2.220008373260498
                ],
                [
                    -0.5675761699676514,
                    0.19918163120746613,
                    0.7988641858100891,
                    3.2203245162963867
                ],
                [
                    0.0,
                    0.9702950119972229,
                    -0.24192465841770172,
                    -0.9752295017242432
                ],
                [
                    0.0,
                    0.0,
                    0.0,
                    1.0
                ]
            ]
        },
        {
            "file_path": "/data/shapenet_blender/all_50_random/02958343/167ec61fc29df46460593c98e3e63028/r_23",
            "rotation": 0.12566370614359174,
            "transform_matrix": [
                [
                    0.995570719242096,
                    -0.03563251718878746,
                    0.08700148016214371,
                    0.35071417689323425
                ],
                [
                    0.09401560574769974,
                    0.37732768058776855,
                    -0.9212952256202698,
                    -3.713859796524048
                ],
                [
                    0.0,
                    0.9253940582275391,
                    0.37900641560554504,
                    1.5278236865997314
                ],
                [
                    0.0,
                    0.0,
                    0.0,
                    1.0
                ]
            ]
        },
        {
            "file_path": "/data/shapenet_blender/all_50_random/02958343/167ec61fc29df46460593c98e3e63028/r_24",
            "rotation": 0.12566370614359174,
            "transform_matrix": [
                [
                    0.5635485053062439,
                    0.08775034546852112,
                    0.8214091062545776,
                    3.311206340789795
                ],
                [
                    0.8260830640792847,
                    -0.059862710535526276,
                    -0.5603598952293396,
                    -2.258883237838745
                ],
                [
                    0.0,
                    0.9943422079086304,
                    -0.10622459650039673,
                    -0.42820507287979126
                ],
                [
                    0.0,
                    0.0,
                    0.0,
                    1.0
                ]
            ]
        },
        {
            "file_path": "/data/shapenet_blender/all_50_random/02958343/167ec61fc29df46460593c98e3e63028/r_25",
            "rotation": 0.12566370614359174,
            "transform_matrix": [
                [
                    -0.1476559191942215,
                    0.003187633818015456,
                    -0.9890336990356445,
                    -3.986922264099121
                ],
                [
                    -0.9890387654304504,
                    -0.00047588933375664055,
                    0.1476551592350006,
                    0.5952169895172119
                ],
                [
                    0.0,
                    0.9999948740005493,
                    0.0032229614444077015,
                    0.012992173433303833
                ],
                [
                    0.0,
                    0.0,
                    0.0,
                    1.0
                ]
            ]
        },
        {
            "file_path": "/data/shapenet_blender/all_50_random/02958343/167ec61fc29df46460593c98e3e63028/r_26",
            "rotation": 0.12566370614359174,
            "transform_matrix": [
                [
                    0.997446596622467,
                    -0.025655163452029228,
                    -0.0666484385728836,
                    -0.26866844296455383
                ],
                [
                    -0.07141568511724472,
                    -0.35831978917121887,
                    -0.9308634400367737,
                    -3.7524304389953613
                ],
                [
                    0.0,
                    0.9332463145256042,
                    -0.35923704504966736,
                    -1.4481308460235596
                ],
                [
                    0.0,
                    0.0,
                    0.0,
                    1.0
                ]
            ]
        },
        {
            "file_path": "/data/shapenet_blender/all_50_random/02958343/167ec61fc29df46460593c98e3e63028/r_27",
            "rotation": 0.12566370614359174,
            "transform_matrix": [
                [
                    0.7491998076438904,
                    0.6347097158432007,
                    0.18932326138019562,
                    0.7631864547729492
                ],
                [
                    0.6623441576957703,
                    -0.7179415822029114,
                    -0.21414992213249207,
                    -0.8632659316062927
                ],
                [
                    1.4901161193847656e-08,
                    0.28583821654319763,
                    -0.9582778811454773,
                    -3.8629417419433594
                ],
                [
                    0.0,
                    0.0,
                    0.0,
                    1.0
                ]
            ]
        },
        {
            "file_path": "/data/shapenet_blender/all_50_random/02958343/167ec61fc29df46460593c98e3e63028/r_28",
            "rotation": 0.12566370614359174,
            "transform_matrix": [
                [
                    -0.9820181131362915,
                    -0.07884351909160614,
                    -0.1715349406003952,
                    -0.6914794445037842
                ],
                [
                    -0.188787043094635,
                    0.41012224555015564,
                    0.8922774791717529,
                    3.5968856811523438
                ],
                [
                    0.0,
                    0.9086161851882935,
                    -0.4176320731639862,
                    -1.6835287809371948
                ],
                [
                    0.0,
                    0.0,
                    0.0,
                    1.0
                ]
            ]
        },
        {
            "file_path": "/data/shapenet_blender/all_50_random/02958343/167ec61fc29df46460593c98e3e63028/r_29",
            "rotation": 0.12566370614359174,
            "transform_matrix": [
                [
                    0.3662987947463989,
                    -0.0019049218390136957,
                    0.9304953813552856,
                    3.7509467601776123
                ],
                [
                    0.9304973483085632,
                    0.0007498898776248097,
                    -0.36629799008369446,
                    -1.4765944480895996
                ],
                [
                    0.0,
                    0.9999979734420776,
                    0.002047208370640874,
                    0.008252561092376709
                ],
                [
                    0.0,
                    0.0,
                    0.0,
                    1.0
                ]
            ]
        },
        {
            "file_path": "/data/shapenet_blender/all_50_random/02958343/167ec61fc29df46460593c98e3e63028/r_30",
            "rotation": 0.12566370614359174,
            "transform_matrix": [
                [
                    0.9532924890518188,
                    0.0707102045416832,
                    0.29365572333335876,
                    1.183764100074768
                ],
                [
                    0.30204904079437256,
                    -0.22316740453243256,
                    -0.926802396774292,
                    -3.7360599040985107
                ],
                [
                    -7.450581485102248e-09,
                    0.9722120761871338,
                    -0.23410174250602722,
                    -0.9436942934989929
                ],
                [
                    0.0,
                    0.0,
                    0.0,
                    1.0
                ]
            ]
        },
        {
            "file_path": "/data/shapenet_blender/all_50_random/02958343/167ec61fc29df46460593c98e3e63028/r_31",
            "rotation": 0.12566370614359174,
            "transform_matrix": [
                [
                    -0.9505169987678528,
                    0.01844964735209942,
                    0.31012433767318726,
                    1.2501511573791504
                ],
                [
                    0.3106726408004761,
                    0.056447532027959824,
                    0.9488394260406494,
                    3.8248939514160156
                ],
                [
                    -1.862645149230957e-09,
                    0.9982349276542664,
                    -0.059386152774095535,
                    -0.2393932342529297
                ],
                [
                    0.0,
                    0.0,
                    0.0,
                    1.0
                ]
            ]
        },
        {
            "file_path": "/data/shapenet_blender/all_50_random/02958343/167ec61fc29df46460593c98e3e63028/r_32",
            "rotation": 0.12566370614359174,
            "transform_matrix": [
                [
                    0.2773803174495697,
                    0.1255565732717514,
                    0.9525206685066223,
                    3.839733839035034
                ],
                [
                    0.9607602953910828,
                    -0.03624933958053589,
                    -0.2750014662742615,
                    -1.1085665225982666
                ],
                [
                    3.725290742551124e-09,
                    0.9914239645004272,
                    -0.13068461418151855,
                    -0.5268065929412842
                ],
                [
                    0.0,
                    0.0,
                    0.0,
                    1.0
                ]
            ]
        },
        {
            "file_path": "/data/shapenet_blender/all_50_random/02958343/167ec61fc29df46460593c98e3e63028/r_33",
            "rotation": 0.12566370614359174,
            "transform_matrix": [
                [
                    -0.14499585330486298,
                    -0.7452099323272705,
                    -0.6508750319480896,
                    -2.6237611770629883
                ],
                [
                    -0.9894322752952576,
                    0.1092064157128334,
                    0.09538215398788452,
                    0.3844977617263794
                ],
                [
                    0.0,
                    0.6578267812728882,
                    -0.7531692385673523,
                    -3.0361223220825195
                ],
                [
                    0.0,
                    0.0,
                    0.0,
                    1.0
                ]
            ]
        },
        {
            "file_path": "/data/shapenet_blender/all_50_random/02958343/167ec61fc29df46460593c98e3e63028/r_34",
            "rotation": 0.12566370614359174,
            "transform_matrix": [
                [
                    -0.8673856258392334,
                    -0.34459564089775085,
                    -0.3590209186077118,
                    -1.4472596645355225
                ],
                [
                    -0.497636616230011,
                    0.6006336808204651,
                    0.6257770657539368,
                    2.522588014602661
                ],
                [
                    0.0,
                    0.721451997756958,
                    -0.6924644112586975,
                    -2.7914133071899414
                ],
                [
                    0.0,
                    0.0,
                    0.0,
                    1.0
                ]
            ]
        },
        {
            "file_path": "/data/shapenet_blender/all_50_random/02958343/167ec61fc29df46460593c98e3e63028/r_35",
            "rotation": 0.12566370614359174,
            "transform_matrix": [
                [
                    0.18538841605186462,
                    -0.33757832646369934,
                    0.9228607416152954,
                    3.720170736312866
                ],
                [
                    0.9826653599739075,
                    0.06368710845708847,
                    -0.17410576343536377,
                    -0.7018427848815918
                ],
                [
                    0.0,
                    0.9391404390335083,
                    0.34353336691856384,
                    1.3848272562026978
                ],
                [
                    0.0,
                    0.0,
                    0.0,
                    1.0
                ]
            ]
        },
        {
            "file_path": "/data/shapenet_blender/all_50_random/02958343/167ec61fc29df46460593c98e3e63028/r_36",
            "rotation": 0.12566370614359174,
            "transform_matrix": [
                [
                    -0.9999853372573853,
                    -0.000594561395701021,
                    0.005382359027862549,
                    0.02169698476791382
                ],
                [
                    0.005415098741650581,
                    -0.10979534685611725,
                    0.9939393997192383,
                    4.006698131561279
                ],
                [
                    0.0,
                    0.993954062461853,
                    0.10979694128036499,
                    0.4426056444644928
                ],
                [
                    0.0,
                    0.0,
                    0.0,
                    1.0
                ]
            ]
        },
        {
            "file_path": "/data/shapenet_blender/all_50_random/02958343/167ec61fc29df46460593c98e3e63028/r_37",
            "rotation": 0.12566370614359174,
            "transform_matrix": [
                [
                    0.9679096341133118,
                    -0.005856848321855068,
                    0.2512305974960327,
                    1.0127428770065308
                ],
                [
                    0.2512988746166229,
                    0.02255839668214321,
                    -0.967646598815918,
                    -3.9007081985473633
                ],
                [
                    0.0,
                    0.9997283220291138,
                    0.023306308314204216,
                    0.09395073354244232
                ],
                [
                    0.0,
                    0.0,
                    0.0,
                    1.0
                ]
            ]
        },
        {
            "file_path": "/data/shapenet_blender/all_50_random/02958343/167ec61fc29df46460593c98e3e63028/r_38",
            "rotation": 0.12566370614359174,
            "transform_matrix": [
                [
                    -0.8048303127288818,
                    0.5480388402938843,
                    -0.22781948745250702,
                    -0.9183697700500488
                ],
                [
                    -0.5935050845146179,
                    -0.743175208568573,
                    0.30893754959106445,
                    1.245367169380188
                ],
                [
                    -1.4901161193847656e-08,
                    0.3838542401790619,
                    0.9233936071395874,
                    3.7223188877105713
                ],
                [
                    0.0,
                    0.0,
                    0.0,
                    1.0
                ]
            ]
        },
        {
            "file_path": "/data/shapenet_blender/all_50_random/02958343/167ec61fc29df46460593c98e3e63028/r_39",
            "rotation": 0.12566370614359174,
            "transform_matrix": [
                [
                    0.9985685348510742,
                    0.007790312170982361,
                    0.05291707068681717,
                    0.21331554651260376
                ],
                [
                    0.053487442433834076,
                    -0.145439013838768,
                    -0.9879202246665955,
                    -3.982434034347534
                ],
                [
                    -4.656613428188905e-10,
                    0.9893364906311035,
                    -0.14564749598503113,
                    -0.5871238708496094
                ],
                [
                    0.0,
                    0.0,
                    0.0,
                    1.0
                ]
            ]
        },
        {
            "file_path": "/data/shapenet_blender/all_50_random/02958343/167ec61fc29df46460593c98e3e63028/r_40",
            "rotation": 0.12566370614359174,
            "transform_matrix": [
                [
                    -0.24510999023914337,
                    0.8472853302955627,
                    -0.4711993336677551,
                    -1.8994653224945068
                ],
                [
                    -0.9694952964782715,
                    -0.2142125964164734,
                    0.11912968754768372,
                    0.48022714257240295
                ],
                [
                    7.450580596923828e-09,
                    0.486025333404541,
                    0.8739446401596069,
                    3.5229835510253906
                ],
                [
                    0.0,
                    0.0,
                    0.0,
                    1.0
                ]
            ]
        },
        {
            "file_path": "/data/shapenet_blender/all_50_random/02958343/167ec61fc29df46460593c98e3e63028/r_41",
            "rotation": 0.12566370614359174,
            "transform_matrix": [
                [
                    -0.9220514297485352,
                    0.21921369433403015,
                    0.3190086781978607,
                    1.2859652042388916
                ],
                [
                    0.38706743717193604,
                    0.5221991539001465,
                    0.7599254846572876,
                    3.0633578300476074
                ],
                [
                    0.0,
