{
    "class": "02958343",
    "model": "2dd174957a2053345fcb05674109534a",
    "remove_doubles": true,
    "edge_split": true,
    "denoise": true,
    "camera_angle_x": 0.6911112070083618,
    "scale_factor": 2.2310596419446047,
    "hdri_file": "/data/IndoorHDRDataset2018/AG8A3260-65b5c8e148.exr",
    "center_offset": [
        0.0,
        0.0,
        -3.725290298461914e-09
    ],
    "lights": [],
    "frames": [
        {
            "file_path": "/data/shapenet_blender/all_50_random/02958343/2dd174957a2053345fcb05674109534a/r_0",
            "rotation": 0.12566370614359174,
            "transform_matrix": [
                [
                    0.15186330676078796,
                    0.7359904050827026,
                    -0.6597389578819275,
                    -2.6594924926757812
                ],
                [
                    -0.988401472568512,
                    0.11308152973651886,
                    -0.1013658344745636,
                    -0.408618688583374
                ],
                [
                    7.450580152834618e-09,
                    0.6674806475639343,
                    0.7446271777153015,
                    3.00168776512146
                ],
                [
                    0.0,
                    0.0,
                    0.0,
                    1.0
                ]
            ]
        },
        {
            "file_path": "/data/shapenet_blender/all_50_random/02958343/2dd174957a2053345fcb05674109534a/r_1",
            "rotation": 0.12566370614359174,
            "transform_matrix": [
                [
                    -0.24971985816955566,
                    0.2762543559074402,
                    0.9280751943588257,
                    3.7411906719207764
                ],
                [
                    0.9683181047439575,
                    0.07124332338571548,
                    0.239341601729393,
                    0.9648168683052063
                ],
                [
                    -7.4505797087454084e-09,
                    0.9584404230117798,
                    -0.28529298305511475,
                    -1.150052785873413
                ],
                [
                    0.0,
                    0.0,
                    0.0,
                    1.0
                ]
            ]
        },
        {
            "file_path": "/data/shapenet_blender/all_50_random/02958343/2dd174957a2053345fcb05674109534a/r_2",
            "rotation": 0.12566370614359174,
            "transform_matrix": [
                [
                    -0.6551480889320374,
                    0.030138792470097542,
                    -0.7548991441726685,
                    -3.043095350265503
                ],
                [
                    -0.7555003762245178,
                    -0.026135489344596863,
                    0.6546266674995422,
                    2.6388840675354004
                ],
                [
                    -1.8626448161640496e-09,
                    0.9992040395736694,
                    0.039892494678497314,
                    0.16081176698207855
                ],
                [
                    0.0,
                    0.0,
                    0.0,
                    1.0
                ]
            ]
        },
        {
            "file_path": "/data/shapenet_blender/all_50_random/02958343/2dd174957a2053345fcb05674109534a/r_3",
            "rotation": 0.12566370614359174,
            "transform_matrix": [
                [
                    0.8673797845840454,
                    0.2293422967195511,
                    -0.4416494369506836,
                    -1.7803456783294678
                ],
                [
                    -0.4976465404033661,
                    0.3997352719306946,
                    -0.7697789072990417,
                    -3.1030778884887695
                ],
                [
                    -1.4901158529312397e-08,
                    0.8874760866165161,
                    0.46085378527641296,
                    1.8577609062194824
                ],
                [
                    0.0,
                    0.0,
                    0.0,
                    1.0
                ]
            ]
        },
        {
            "file_path": "/data/shapenet_blender/all_50_random/02958343/2dd174957a2053345fcb05674109534a/r_4",
            "rotation": 0.12566370614359174,
            "transform_matrix": [
                [
                    -0.8178544044494629,
                    0.2758280336856842,
                    -0.5050079822540283,
                    -2.035752296447754
                ],
                [
                    -0.5754252672195435,
                    -0.392035573720932,
                    0.7177700400352478,
                    2.893423557281494
                ],
                [
                    1.4901162970204496e-08,
                    0.8776256442070007,
                    0.47934651374816895,
                    1.9323076009750366
                ],
                [
                    0.0,
                    0.0,
                    0.0,
                    1.0
                ]
            ]
        },
        {
            "file_path": "/data/shapenet_blender/all_50_random/02958343/2dd174957a2053345fcb05674109534a/r_5",
            "rotation": 0.12566370614359174,
            "transform_matrix": [
                [
                    0.9979791045188904,
                    -0.0017465674318373203,
                    0.06351973116397858,
                    0.2560562491416931
                ],
                [
                    0.06354374438524246,
                    0.027430517598986626,
                    -0.9976019859313965,
                    -4.021462440490723
                ],
                [
                    0.0,
                    0.9996221661567688,
                    0.027486061677336693,
                    0.1107998639345169
                ],
                [
                    0.0,
                    0.0,
                    0.0,
                    1.0
                ]
            ]
        },
        {
            "file_path": "/data/shapenet_blender/all_50_random/02958343/2dd174957a2053345fcb05674109534a/r_6",
            "rotation": 0.12566370614359174,
            "transform_matrix": [
                [
                    0.6824485659599304,
                    0.42815107107162476,
                    -0.5924109220504761,
                    -2.388084888458252
                ],
                [
                    -0.7309337258338928,
                    0.3997505009174347,
                    -0.5531144738197327,
                    -2.229675769805908
                ],
                [
                    1.4901159417490817e-08,
                    0.810485303401947,
                    0.5857591032981873,
                    2.3612704277038574
                ],
                [
                    0.0,
                    0.0,
                    0.0,
                    1.0
                ]
            ]
        },
        {
            "file_path": "/data/shapenet_blender/all_50_random/02958343/2dd174957a2053345fcb05674109534a/r_7",
            "rotation": 0.12566370614359174,
            "transform_matrix": [
                [
                    0.026111960411071777,
                    0.010915139690041542,
                    -0.9995994567871094,
                    -4.029514312744141
                ],
                [
                    -0.9996590614318848,
                    0.00028511291020549834,
                    -0.02611040510237217,
                    -0.1052544116973877
                ],
                [
                    0.0,
                    0.9999403357505798,
                    0.01091886404901743,
                    0.044015347957611084
                ],
                [
                    0.0,
                    0.0,
                    0.0,
                    1.0
                ]
            ]
        },
        {
            "file_path": "/data/shapenet_blender/all_50_random/02958343/2dd174957a2053345fcb05674109534a/r_8",
            "rotation": 0.12566370614359174,
            "transform_matrix": [
                [
                    -0.18290932476520538,
                    0.942922055721283,
                    0.27828383445739746,
                    1.121798038482666
                ],
                [
                    0.9831298589706421,
                    0.17542874813079834,
                    0.051774147897958755,
                    0.2087082713842392
                ],
                [
                    0.0,
                    0.28305912017822266,
                    -0.9591025114059448,
                    -3.8662657737731934
                ],
                [
                    0.0,
                    0.0,
                    0.0,
                    1.0
                ]
            ]
        },
        {
            "file_path": "/data/shapenet_blender/all_50_random/02958343/2dd174957a2053345fcb05674109534a/r_9",
            "rotation": 0.12566370614359174,
            "transform_matrix": [
                [
                    0.5666688680648804,
                    0.08916772156953812,
                    -0.8191065788269043,
                    -3.301924228668213
                ],
                [
                    -0.8239457607269287,
                    0.06132512167096138,
                    -0.5633407235145569,
                    -2.2708990573883057
                ],
                [
                    3.725290742551124e-09,
                    0.9941269159317017,
                    0.10822039097547531,
                    0.43625035881996155
                ],
                [
                    0.0,
                    0.0,
                    0.0,
                    1.0
                ]
            ]
        },
        {
            "file_path": "/data/shapenet_blender/all_50_random/02958343/2dd174957a2053345fcb05674109534a/r_10",
            "rotation": 0.12566370614359174,
            "transform_matrix": [
                [
                    0.6168657541275024,
                    0.24084676802158356,
                    0.7493126392364502,
                    3.020575761795044
                ],
                [
                    0.7870683073997498,
                    -0.18876393139362335,
                    -0.5872746706008911,
                    -2.367379903793335
                ],
                [
                    0.0,
                    0.9520298838615417,
                    -0.3060048818588257,
                    -1.2335450649261475
                ],
                [
                    0.0,
                    0.0,
                    0.0,
                    1.0
                ]
            ]
        },
        {
            "file_path": "/data/shapenet_blender/all_50_random/02958343/2dd174957a2053345fcb05674109534a/r_11",
            "rotation": 0.12566370614359174,
            "transform_matrix": [
                [
                    -0.40878334641456604,
                    -0.2731303572654724,
                    0.8708018064498901,
                    3.510314702987671
                ],
                [
                    0.9126315712928772,
                    -0.12233979254961014,
                    0.3900471031665802,
                    1.5723302364349365
                ],
                [
                    7.450582373280668e-09,
                    0.9541658759117126,
                    0.2992778420448303,
                    1.2064276933670044
                ],
                [
                    0.0,
                    0.0,
                    0.0,
                    1.0
                ]
            ]
        },
        {
            "file_path": "/data/shapenet_blender/all_50_random/02958343/2dd174957a2053345fcb05674109534a/r_12",
            "rotation": 0.12566370614359174,
            "transform_matrix": [
                [
                    -0.9323325157165527,
                    0.13994106650352478,
                    0.3334256708621979,
                    1.3440818786621094
                ],
                [
                    0.3616022765636444,
                    0.36081525683403015,
                    0.8596837520599365,
                    3.465496063232422
                ],
                [
                    -7.450580596923828e-09,
                    0.9220786094665527,
                    -0.38700276613235474,
                    -1.5600579977035522
                ],
                [
                    0.0,
                    0.0,
                    0.0,
                    1.0
                ]
            ]
        },
        {
            "file_path": "/data/shapenet_blender/all_50_random/02958343/2dd174957a2053345fcb05674109534a/r_13",
            "rotation": 0.12566370614359174,
            "transform_matrix": [
                [
                    -0.8221285939216614,
                    0.22303763031959534,
                    0.5237926840782166,
                    2.111475706100464
                ],
                [
                    0.5693017840385437,
                    0.3220886290073395,
                    0.7564089298248291,
                    3.0491814613342285
                ],
                [
                    -1.4901159417490817e-08,
                    0.9200615286827087,
                    -0.39177405834198,
                    -1.579291582107544
                ],
                [
                    0.0,
                    0.0,
                    0.0,
                    1.0
                ]
            ]
        },
        {
            "file_path": "/data/shapenet_blender/all_50_random/02958343/2dd174957a2053345fcb05674109534a/r_14",
            "rotation": 0.12566370614359174,
            "transform_matrix": [
                [
                    -0.9444987177848816,
                    -0.016313638538122177,
                    -0.328110009431839,
                    -1.3226537704467773
                ],
                [
                    -0.32851535081863403,
                    0.04690255969762802,
                    0.9433333277702332,
                    3.8026983737945557
                ],
                [
                    0.0,
                    0.9987662434577942,
                    -0.04965868219733238,
                    -0.2001805454492569
                ],
                [
                    0.0,
                    0.0,
                    0.0,
                    1.0
                ]
            ]
        },
        {
            "file_path": "/data/shapenet_blender/all_50_random/02958343/2dd174957a2053345fcb05674109534a/r_15",
            "rotation": 0.12566370614359174,
            "transform_matrix": [
                [
                    0.05097212269902229,
                    -0.6083565950393677,
                    -0.7920253276824951,
                    -3.192756175994873
                ],
                [
                    -0.9987001419067383,
                    -0.031049588695168495,
                    -0.04042375832796097,
                    -0.16295337677001953
                ],
                [
                    0.0,
                    0.7930562496185303,
                    -0.6091484427452087,
                    -2.4555559158325195
                ],
                [
                    0.0,
                    0.0,
                    0.0,
                    1.0
                ]
            ]
        },
        {
            "file_path": "/data/shapenet_blender/all_50_random/02958343/2dd174957a2053345fcb05674109534a/r_16",
            "rotation": 0.12566370614359174,
            "transform_matrix": [
                [
                    0.5681624412536621,
                    -0.6969230771064758,
                    -0.43759533762931824,
                    -1.764003038406372
                ],
                [
                    -0.8229165077209473,
                    -0.4811733365058899,
                    -0.302126944065094,
                    -1.2179125547409058
                ],
                [
                    2.9802322387695312e-08,
                    0.5317614674568176,
                    -0.8468942046165466,
                    -3.4139392375946045
                ],
                [
                    0.0,
                    0.0,
                    0.0,
                    1.0
                ]
            ]
        },
        {
            "file_path": "/data/shapenet_blender/all_50_random/02958343/2dd174957a2053345fcb05674109534a/r_17",
            "rotation": 0.12566370614359174,
            "transform_matrix": [
                [
                    0.9471668601036072,
                    -0.026603970676660538,
                    0.31963619589805603,
                    1.2884947061538696
                ],
                [
                    0.3207414746284485,
                    0.07856296002864838,
                    -0.9439029693603516,
                    -3.804994583129883
                ],
                [
                    1.862645371275562e-09,
                    0.9965540170669556,
                    0.08294523507356644,
                    0.3343629240989685
                ],
                [
                    0.0,
                    0.0,
                    0.0,
                    1.0
                ]
            ]
        },
        {
            "file_path": "/data/shapenet_blender/all_50_random/02958343/2dd174957a2053345fcb05674109534a/r_18",
            "rotation": 0.12566370614359174,
            "transform_matrix": [
                [
                    0.8696956634521484,
                    -0.380763977766037,
                    -0.31408318877220154,
                    -1.2661099433898926
                ],
                [
                    -0.4935884475708008,
                    -0.6709006428718567,
                    -0.5534100532531738,
                    -2.230867624282837
                ],
                [
                    0.0,
                    0.6363261342048645,
                    -0.7714200019836426,
                    -3.109693765640259
                ],
                [
                    0.0,
                    0.0,
                    0.0,
                    1.0
                ]
            ]
        },
        {
            "file_path": "/data/shapenet_blender/all_50_random/02958343/2dd174957a2053345fcb05674109534a/r_19",
            "rotation": 0.12566370614359174,
            "transform_matrix": [
                [
                    0.9699631929397583,
                    -0.24316689372062683,
                    -0.006431248039007187,
                    -0.02592518925666809
                ],
                [
                    -0.2432519495487213,
                    -0.9696239829063416,
                    -0.025644496083259583,
                    -0.10337626934051514
                ],
                [
                    0.0,
                    0.026437966153025627,
                    -0.9996504187583923,
                    -4.029719829559326
                ],
                [
                    0.0,
                    0.0,
                    0.0,
                    1.0
                ]
            ]
        },
        {
            "file_path": "/data/shapenet_blender/all_50_random/02958343/2dd174957a2053345fcb05674109534a/r_20",
            "rotation": 0.12566370614359174,
            "transform_matrix": [
                [
                    -0.7941274642944336,
                    0.4637514650821686,
                    0.3928055763244629,
                    1.5834499597549438
                ],
                [
                    0.6077512502670288,
                    0.6059678792953491,
                    0.5132653713226318,
                    2.0690388679504395
                ],
                [
                    1.4901161193847656e-08,
                    0.6463261842727661,
                    -0.7630612254142761,
                    -3.075998306274414
                ],
                [
                    0.0,
                    0.0,
                    0.0,
                    1.0
                ]
            ]
        },
        {
            "file_path": "/data/shapenet_blender/all_50_random/02958343/2dd174957a2053345fcb05674109534a/r_21",
            "rotation": 0.12566370614359174,
            "transform_matrix": [
                [
                    0.8528504371643066,
                    0.25885507464408875,
                    -0.45347556471824646,
                    -1.8280184268951416
                ],
                [
                    -0.5221551060676575,
                    0.4227951467037201,
                    -0.7406741380691528,
                    -2.985753059387207
                ],
                [
                    0.0,
                    0.8684688806533813,
                    0.49574360251426697,
                    1.9984064102172852
                ],
                [
                    0.0,
                    0.0,
                    0.0,
                    1.0
                ]
            ]
        },
        {
            "file_path": "/data/shapenet_blender/all_50_random/02958343/2dd174957a2053345fcb05674109534a/r_22",
            "rotation": 0.12566370614359174,
            "transform_matrix": [
                [
                    0.5528858304023743,
                    -0.37252530455589294,
                    0.7453469038009644,
                    3.004589796066284
                ],
                [
                    0.8332570195198059,
                    0.24717938899993896,
                    -0.49455541372299194,
                    -1.9936168193817139
                ],
                [
                    0.0,
                    0.894498348236084,
                    0.44707122445106506,
                    1.8022018671035767
                ],
                [
                    0.0,
                    0.0,
                    0.0,
                    1.0
                ]
            ]
        },
        {
            "file_path": "/data/shapenet_blender/all_50_random/02958343/2dd174957a2053345fcb05674109534a/r_23",
            "rotation": 0.12566370614359174,
            "transform_matrix": [
                [
                    -0.4884651303291321,
                    -6.717616633977741e-05,
                    0.8725833296775818,
                    3.517496109008789
                ],
                [
                    0.8725834488868713,
                    -3.760467370739207e-05,
                    0.4884650707244873,
                    1.96906578540802
                ],
                [
                    0.0,
                    1.0,
                    7.698537228861824e-05,
                    0.00031033798586577177
                ],
                [
                    0.0,
                    0.0,
                    0.0,
                    1.0
                ]
            ]
        },
        {
            "file_path": "/data/shapenet_blender/all_50_random/02958343/2dd174957a2053345fcb05674109534a/r_24",
            "rotation": 0.12566370614359174,
            "transform_matrix": [
                [
                    0.25298306345939636,
                    -0.27367037534713745,
                    0.9279569983482361,
                    3.7407138347625732
                ],
                [
                    0.967470645904541,
                    0.07156182825565338,
                    -0.24265067279338837,
                    -0.9781560301780701
                ],
                [
                    0.0,
                    0.9591575264930725,
                    0.2828720808029175,
                    1.1402937173843384
                ],
                [
                    0.0,
                    0.0,
                    0.0,
                    1.0
                ]
            ]
        },
        {
            "file_path": "/data/shapenet_blender/all_50_random/02958343/2dd174957a2053345fcb05674109534a/r_25",
            "rotation": 0.12566370614359174,
            "transform_matrix": [
                [
                    0.864634096622467,
                    -0.12102274596691132,
                    -0.4876077473163605,
                    -1.9656097888946533
                ],
                [
                    -0.5024020671844482,
                    -0.20828019082546234,
                    -0.8391730785369873,
                    -3.38281512260437
                ],
                [
                    -7.4505797087454084e-09,
                    0.970552921295166,
                    -0.24088819324970245,
                    -0.9710514545440674
                ],
                [
                    0.0,
                    0.0,
                    0.0,
                    1.0
                ]
            ]
        },
        {
            "file_path": "/data/shapenet_blender/all_50_random/02958343/2dd174957a2053345fcb05674109534a/r_26",
            "rotation": 0.12566370614359174,
            "transform_matrix": [
                [
                    0.8692843317985535,
                    -0.4445211589336395,
                    -0.21620753407478333,
                    -0.8715605139732361
                ],
                [
                    -0.4943123757839203,
                    -0.7817228436470032,
                    -0.38021671772003174,
                    -1.5327026844024658
                ],
                [
                    1.4901159417490817e-08,
                    0.4373905658721924,
                    -0.8992716073989868,
                    -3.625080108642578
                ],
                [
                    0.0,
                    0.0,
                    0.0,
                    1.0
                ]
            ]
        },
        {
            "file_path": "/data/shapenet_blender/all_50_random/02958343/2dd174957a2053345fcb05674109534a/r_27",
            "rotation": 0.12566370614359174,
            "transform_matrix": [
                [
                    -0.9807310104370117,
                    -0.07737506926059723,
                    -0.17938727140426636,
                    -0.7231332063674927
                ],
                [
                    -0.19536297023296356,
                    0.3884263336658478,
                    0.9005322456359863,
                    3.6301615238189697
                ],
                [
                    -7.450580152834618e-09,
                    0.9182255268096924,
                    -0.39605796337127686,
                    -1.5965607166290283
                ],
                [
                    0.0,
                    0.0,
                    0.0,
                    1.0
                ]
            ]
        },
        {
            "file_path": "/data/shapenet_blender/all_50_random/02958343/2dd174957a2053345fcb05674109534a/r_28",
            "rotation": 0.12566370614359174,
            "transform_matrix": [
                [
                    -0.5976106524467468,
                    -0.3352474868297577,
                    0.7283341884613037,
                    2.936008930206299
                ],
                [
                    0.8017865419387817,
                    -0.24987632036209106,
                    0.5428630709648132,
                    2.1883511543273926
                ],
                [
                    -1.4901161193847656e-08,
                    0.9083892703056335,
                    0.41812559962272644,
                    1.6855182647705078
                ],
                [
                    0.0,
                    0.0,
                    0.0,
                    1.0
                ]
            ]
        },
        {
            "file_path": "/data/shapenet_blender/all_50_random/02958343/2dd174957a2053345fcb05674109534a/r_29",
            "rotation": 0.12566370614359174,
            "transform_matrix": [
                [
                    -0.7303112149238586,
                    -0.5913950800895691,
                    -0.3419025242328644,
                    -1.3782531023025513
                ],
                [
                    -0.6831147074699402,
                    0.6322546601295471,
                    0.36552461981773376,
                    1.4734768867492676
                ],
                [
                    1.4901164746561335e-08,
                    0.500505268573761,
                    -0.8657333850860596,
                    -3.4898829460144043
                ],
                [
                    0.0,
                    0.0,
                    0.0,
                    1.0
                ]
            ]
        },
        {
            "file_path": "/data/shapenet_blender/all_50_random/02958343/2dd174957a2053345fcb05674109534a/r_30",
            "rotation": 0.12566370614359174,
            "transform_matrix": [
                [
                    0.20517659187316895,
                    0.8108716011047363,
                    -0.548078179359436,
                    -2.209373950958252
                ],
                [
                    -0.9787249565124512,
                    0.16998836398124695,
                    -0.1148972436785698,
                    -0.46316564083099365
                ],
                [
                    7.450580596923828e-09,
                    0.5599921941757202,
                    0.8284978866577148,
                    3.3397819995880127
                ],
                [
                    0.0,
                    0.0,
                    0.0,
                    1.0
                ]
            ]
        },
        {
            "file_path": "/data/shapenet_blender/all_50_random/02958343/2dd174957a2053345fcb05674109534a/r_31",
            "rotation": 0.12566370614359174,
            "transform_matrix": [
                [
                    0.9179729223251343,
                    -0.3928547501564026,
                    0.054688673466444016,
                    0.22045709192752838
                ],
                [
                    0.3966430723667145,
                    0.9092053771018982,
                    -0.126569002866745,
                    -0.5102159976959229
                ],
                [
                    0.0,
                    0.1378786265850067,
                    0.9904491305351257,
                    3.9926280975341797
                ],
                [
                    0.0,
                    0.0,
                    0.0,
                    1.0
                ]
            ]
        },
        {
            "file_path": "/data/shapenet_blender/all_50_random/02958343/2dd174957a2053345fcb05674109534a/r_32",
            "rotation": 0.12566370614359174,
            "transform_matrix": [
                [
                    0.9393372535705566,
                    -0.33404669165611267,
                    -0.07783546298742294,
                    -0.3137647807598114
                ],
                [
                    -0.34299492835998535,
                    -0.914831280708313,
                    -0.21316275000572205,
                    -0.8592865467071533
                ],
                [
                    -7.450580152834618e-09,
                    0.22692875564098358,
                    -0.9739113450050354,
                    -3.925962209701538
                ],
                [
                    0.0,
                    0.0,
                    0.0,
                    1.0
                ]
            ]
        },
        {
            "file_path": "/data/shapenet_blender/all_50_random/02958343/2dd174957a2053345fcb05674109534a/r_33",
            "rotation": 0.12566370614359174,
            "transform_matrix": [
                [
                    0.6955375075340271,
                    -0.1924961805343628,
                    -0.6922230124473572,
                    -2.790440559387207
                ],
                [
                    -0.7184898257255554,
                    -0.1863468587398529,
                    -0.6701098084449768,
                    -2.7012991905212402
                ],
                [
                    0.0,
                    0.9634416699409485,
                    -0.26791778206825256,
                    -1.080011248588562
                ],
                [
                    0.0,
                    0.0,
                    0.0,
                    1.0
                ]
            ]
        },
        {
            "file_path": "/data/shapenet_blender/all_50_random/02958343/2dd174957a2053345fcb05674109534a/r_34",
            "rotation": 0.12566370614359174,
            "transform_matrix": [
                [
                    0.5809837579727173,
                    -0.2127925157546997,
                    0.7856062650680542,
                    3.1668803691864014
                ],
                [
                    0.8139151930809021,
                    0.15189418196678162,
                    -0.56077641248703,
                    -2.2605621814727783
                ],
                [
                    0.0,
                    0.9652188420295715,
                    0.2614430785179138,
                    1.0539108514785767
                ],
                [
                    0.0,
                    0.0,
                    0.0,
                    1.0
                ]
            ]
        },
        {
            "file_path": "/data/shapenet_blender/all_50_random/02958343/2dd174957a2053345fcb05674109534a/r_35",
            "rotation": 0.12566370614359174,
            "transform_matrix": [
                [
                    0.3506961464881897,
                    0.40316274762153625,
                    0.8452644944190979,
                    3.407370090484619
                ],
                [
                    0.9364892840385437,
                    -0.15097621083259583,
                    -0.3165343105792999,
                    -1.275990605354309
                ],
                [
                    -1.4901161193847656e-08,
                    0.9025883674621582,
                    -0.43050438165664673,
                    -1.735418677330017
                ],
                [
                    0.0,
                    0.0,
                    0.0,
                    1.0
                ]
            ]
        },
        {
            "file_path": "/data/shapenet_blender/all_50_random/02958343/2dd174957a2053345fcb05674109534a/r_36",
            "rotation": 0.12566370614359174,
            "transform_matrix": [
                [
                    0.14000661671161652,
                    0.11261853575706482,
                    -0.9837251305580139,
                    -3.9655230045318604
                ],
                [
                    -0.990150511264801,
                    0.015924185514450073,
                    -0.13909807801246643,
                    -0.5607223510742188
                ],
                [
                    0.0,
                    0.9935106039047241,
                    0.11373879015445709,
                    0.45849576592445374
                ],
                [
                    0.0,
                    0.0,
                    0.0,
                    1.0
                ]
            ]
        },
        {
            "file_path": "/data/shapenet_blender/all_50_random/02958343/2dd174957a2053345fcb05674109534a/r_37",
            "rotation": 0.12566370614359174,
            "transform_matrix": [
                [
                    0.8899362087249756,
                    -0.2359025925397873,
                    -0.3903377950191498,
                    -1.5735019445419312
                ],
                [
                    -0.4560851454734802,
                    -0.46030497550964355,
                    -0.7616466879844666,
                    -3.070296049118042
                ],
                [
                    0.0,
                    0.8558441996574402,
                    -0.517233669757843,
                    -2.085035562515259
                ],
                [
                    0.0,
                    0.0,
                    0.0,
                    1.0
                ]
            ]
        },
        {
            "file_path": "/data/shapenet_blender/all_50_random/02958343/2dd174957a2053345fcb05674109534a/r_38",
            "rotation": 0.12566370614359174,
            "transform_matrix": [
                [
                    -0.8946516513824463,
                    -0.2996715009212494,
                    -0.3313541114330292,
                    -1.3357311487197876
                ],
                [
                    -0.44676461815834045,
                    0.6000958681106567,
                    0.6635406613349915,
                    2.6748180389404297
                ],
                [
                    1.4901162970204496e-08,
                    0.7416749596595764,
                    -0.670759379863739,
                    -2.7039175033569336
                ],
                [
                    0.0,
                    0.0,
                    0.0,
                    1.0
                ]
            ]
        },
        {
            "file_path": "/data/shapenet_blender/all_50_random/02958343/2dd174957a2053345fcb05674109534a/r_39",
            "rotation": 0.12566370614359174,
            "transform_matrix": [
                [
                    0.9819127321243286,
                    -0.18732674419879913,
                    0.027496779337525368,
                    0.11084306985139847
                ],
                [
                    0.18933404982089996,
                    0.9715025424957275,
                    -0.1426021158695221,
                    -0.5748475790023804
                ],
                [
                    0.0,
                    0.14522907137870789,
                    0.9893980026245117,
                    3.988391160964966
                ],
                [
                    0.0,
                    0.0,
                    0.0,
                    1.0
                ]
            ]
        },
        {
            "file_path": "/data/shapenet_blender/all_50_random/02958343/2dd174957a2053345fcb05674109534a/r_40",
            "rotation": 0.12566370614359174,
            "transform_matrix": [
                [
                    -0.611496090888977,
                    -0.02576586790382862,
                    -0.7908278107643127,
                    -3.1879286766052246
                ],
                [
                    -0.7912474274635315,
                    0.019912514835596085,
                    0.6111717820167542,
                    2.463712215423584
                ],
                [
                    0.0,
                    0.9994696378707886,
                    -0.03256360441446304,
                    -0.13126808404922485
                ],
                [
                    0.0,
                    0.0,
                    0.0,
                    1.0
                ]
            ]
        },
        {
            "file_path": "/data/shapenet_blender/all_50_random/02958343/2dd174957a2053345fcb05674109534a/r_41",
            "rotation": 0.12566370614359174,
            "transform_matrix": [
                [
                    -0.848493218421936,
                    -0.1297997683286667,
                    -0.5130411386489868,
                    -2.0681347846984863
                ],
                [
                    -0.5292061567306519,
                    0.20811215043067932,
                    0.8225753903388977,
                    3.3159070014953613
