{
    "class": "02958343",
    "model": "435d3d83b7511e39f44e15caa8fd94b4",
    "remove_doubles": true,
    "edge_split": true,
    "denoise": true,
    "camera_angle_x": 0.6911112070083618,
    "scale_factor": 2.254567752302026,
    "hdri_file": "/data/IndoorHDRDataset2018/9C4A7987-e0d7f3983e.exr",
    "center_offset": [
        0.0,
        0.0,
        -1.862645149230957e-09
    ],
    "lights": [],
    "frames": [
        {
            "file_path": "/data/shapenet_blender/all_50_random/02958343/435d3d83b7511e39f44e15caa8fd94b4/r_0",
            "rotation": 0.12566370614359174,
            "transform_matrix": [
                [
                    -0.9940434098243713,
                    -0.006882102694362402,
                    0.1087678074836731,
                    0.43845707178115845
                ],
                [
                    0.10898532718420029,
                    -0.06277090311050415,
                    0.9920594096183777,
                    3.999119520187378
                ],
                [
                    -4.656612873077393e-10,
                    0.998004138469696,
                    0.06314705312252045,
                    0.2545539438724518
                ],
                [
                    0.0,
                    0.0,
                    0.0,
                    1.0
                ]
            ]
        },
        {
            "file_path": "/data/shapenet_blender/all_50_random/02958343/435d3d83b7511e39f44e15caa8fd94b4/r_1",
            "rotation": 0.12566370614359174,
            "transform_matrix": [
                [
                    -0.23212356865406036,
                    -0.19535726308822632,
                    0.95286625623703,
                    3.8411269187927246
                ],
                [
                    0.9726862907409668,
                    -0.04662039875984192,
                    0.22739367187023163,
                    0.9166532754898071
                ],
                [
                    0.0,
                    0.9796233773231506,
                    0.20084302127361298,
                    0.809624195098877
                ],
                [
                    0.0,
                    0.0,
                    0.0,
                    1.0
                ]
            ]
        },
        {
            "file_path": "/data/shapenet_blender/all_50_random/02958343/435d3d83b7511e39f44e15caa8fd94b4/r_2",
            "rotation": 0.12566370614359174,
            "transform_matrix": [
                [
                    0.932539165019989,
                    -0.28981709480285645,
                    -0.2153528481721878,
                    -0.868115246295929
                ],
                [
                    -0.3610690236091614,
                    -0.7485155463218689,
                    -0.5561954975128174,
                    -2.242095947265625
                ],
                [
                    0.0,
                    0.5964312553405762,
                    -0.8026639819145203,
                    -3.235642433166504
                ],
                [
                    0.0,
                    0.0,
                    0.0,
                    1.0
                ]
            ]
        },
        {
            "file_path": "/data/shapenet_blender/all_50_random/02958343/435d3d83b7511e39f44e15caa8fd94b4/r_3",
            "rotation": 0.12566370614359174,
            "transform_matrix": [
                [
                    -0.23564380407333374,
                    -0.24661710858345032,
                    0.94002765417099,
                    3.789372682571411
                ],
                [
                    0.9718394875526428,
                    -0.0597977340221405,
                    0.22793033719062805,
                    0.9188165664672852
                ],
                [
                    3.725290298461914e-09,
                    0.9672662615776062,
                    0.25376322865486145,
                    1.0229523181915283
                ],
                [
                    0.0,
                    0.0,
                    0.0,
                    1.0
                ]
            ]
        },
        {
            "file_path": "/data/shapenet_blender/all_50_random/02958343/435d3d83b7511e39f44e15caa8fd94b4/r_4",
            "rotation": 0.12566370614359174,
            "transform_matrix": [
                [
                    0.9828277826309204,
                    0.04336290434002876,
                    -0.1793576180934906,
                    -0.7230137586593628
                ],
                [
                    -0.18452507257461548,
                    0.23096193373203278,
                    -0.9553046226501465,
                    -3.850956439971924
                ],
                [
                    0.0,
                    0.971996009349823,
                    0.23499733209609985,
                    0.9473046064376831
                ],
                [
                    0.0,
                    0.0,
                    0.0,
                    1.0
                ]
            ]
        },
        {
            "file_path": "/data/shapenet_blender/all_50_random/02958343/435d3d83b7511e39f44e15caa8fd94b4/r_5",
            "rotation": 0.12566370614359174,
            "transform_matrix": [
                [
                    -0.25061729550361633,
                    0.3453674018383026,
                    0.9043850302696228,
                    3.645692825317383
                ],
                [
                    0.9680863618850708,
                    0.08940839022397995,
                    0.23412635922431946,
                    0.9437935948371887
                ],
                [
                    0.0,
                    0.9341987371444702,
                    -0.35675275325775146,
                    -1.438116431236267
                ],
                [
                    0.0,
                    0.0,
                    0.0,
                    1.0
                ]
            ]
        },
        {
            "file_path": "/data/shapenet_blender/all_50_random/02958343/435d3d83b7511e39f44e15caa8fd94b4/r_6",
            "rotation": 0.12566370614359174,
            "transform_matrix": [
                [
                    0.41951072216033936,
                    0.1888597309589386,
                    -0.8878867030143738,
                    -3.579185724258423
                ],
                [
                    -0.9077504277229309,
                    0.08728025108575821,
                    -0.4103308320045471,
                    -1.6540964841842651
                ],
                [
                    0.0,
                    0.9781176447868347,
                    0.20805250108242035,
                    0.838686466217041
                ],
                [
                    0.0,
                    0.0,
                    0.0,
                    1.0
                ]
            ]
        },
        {
            "file_path": "/data/shapenet_blender/all_50_random/02958343/435d3d83b7511e39f44e15caa8fd94b4/r_7",
            "rotation": 0.12566370614359174,
            "transform_matrix": [
                [
                    0.8015305995941162,
                    -0.4299497902393341,
                    0.41556212306022644,
                    1.6751844882965088
                ],
                [
                    0.5979538559913635,
                    0.5763285756111145,
                    -0.5570425987243652,
                    -2.2455105781555176
                ],
                [
                    1.4901162970204496e-08,
                    0.6949735283851624,
                    0.7190352082252502,
                    2.8985235691070557
                ],
                [
                    0.0,
                    0.0,
                    0.0,
                    1.0
                ]
            ]
        },
        {
            "file_path": "/data/shapenet_blender/all_50_random/02958343/435d3d83b7511e39f44e15caa8fd94b4/r_8",
            "rotation": 0.12566370614359174,
            "transform_matrix": [
                [
                    0.9953816533088684,
                    0.072344571352005,
                    0.06310044229030609,
                    0.25436604022979736
                ],
                [
                    0.0959969088435173,
                    -0.7501331567764282,
                    -0.654281735420227,
                    -2.6374943256378174
                ],
                [
                    3.725290298461914e-09,
                    0.6573175191879272,
                    -0.7536136507987976,
                    -3.0379140377044678
                ],
                [
                    0.0,
                    0.0,
                    0.0,
                    1.0
                ]
            ]
        },
        {
            "file_path": "/data/shapenet_blender/all_50_random/02958343/435d3d83b7511e39f44e15caa8fd94b4/r_9",
            "rotation": 0.12566370614359174,
            "transform_matrix": [
                [
                    0.9733690023422241,
                    0.19386272132396698,
                    -0.122352235019207,
                    -0.4932176470756531
                ],
                [
                    -0.22924402356147766,
                    0.8231401443481445,
                    -0.5195069909095764,
                    -2.0941996574401855
                ],
                [
                    0.0,
                    0.5337204933166504,
                    0.845660924911499,
                    3.408968210220337
                ],
                [
                    0.0,
                    0.0,
                    0.0,
                    1.0
                ]
            ]
        },
        {
            "file_path": "/data/shapenet_blender/all_50_random/02958343/435d3d83b7511e39f44e15caa8fd94b4/r_10",
            "rotation": 0.12566370614359174,
            "transform_matrix": [
                [
                    0.8304349780082703,
                    -0.007862160913646221,
                    -0.557060182094574,
                    -2.2455813884735107
                ],
                [
                    -0.5571156740188599,
                    -0.011719312518835068,
                    -0.8303521871566772,
                    -3.347256660461426
                ],
                [
                    4.656613428188905e-10,
                    0.9999004006385803,
                    -0.0141122592613101,
                    -0.056888338178396225
                ],
                [
                    0.0,
                    0.0,
                    0.0,
                    1.0
                ]
            ]
        },
        {
            "file_path": "/data/shapenet_blender/all_50_random/02958343/435d3d83b7511e39f44e15caa8fd94b4/r_11",
            "rotation": 0.12566370614359174,
            "transform_matrix": [
                [
                    -0.45367273688316345,
                    -0.0310459453612566,
                    -0.890627384185791,
                    -3.59023380279541
                ],
                [
                    -0.8911683559417725,
                    0.015804756432771683,
                    0.45339736342430115,
                    1.8277032375335693
                ],
                [
                    -9.313225746154785e-10,
                    0.9993929862976074,
                    -0.034837350249290466,
                    -0.14043384790420532
                ],
                [
                    0.0,
                    0.0,
                    0.0,
                    1.0
                ]
            ]
        },
        {
            "file_path": "/data/shapenet_blender/all_50_random/02958343/435d3d83b7511e39f44e15caa8fd94b4/r_12",
            "rotation": 0.12566370614359174,
            "transform_matrix": [
                [
                    0.8978744745254517,
                    -0.3277010917663574,
                    0.29399532079696655,
                    1.1851332187652588
                ],
                [
                    0.44025135040283203,
                    0.6683328747749329,
                    -0.5995913147926331,
                    -2.417030096054077
                ],
                [
                    0.0,
                    0.6677895784378052,
                    0.7443499565124512,
                    3.000570774078369
                ],
                [
                    0.0,
                    0.0,
                    0.0,
                    1.0
                ]
            ]
        },
        {
            "file_path": "/data/shapenet_blender/all_50_random/02958343/435d3d83b7511e39f44e15caa8fd94b4/r_13",
            "rotation": 0.12566370614359174,
            "transform_matrix": [
                [
                    0.3420034348964691,
                    -0.7865084409713745,
                    -0.5142355561256409,
                    -2.0729498863220215
                ],
                [
                    -0.9396988153457642,
                    -0.2862498164176941,
                    -0.187156081199646,
                    -0.7544503211975098
                ],
                [
                    0.0,
                    0.5472344756126404,
                    -0.8369792699813843,
                    -3.373971462249756
                ],
                [
                    0.0,
                    0.0,
                    0.0,
                    1.0
                ]
            ]
        },
        {
            "file_path": "/data/shapenet_blender/all_50_random/02958343/435d3d83b7511e39f44e15caa8fd94b4/r_14",
            "rotation": 0.12566370614359174,
            "transform_matrix": [
                [
                    -0.4132178723812103,
                    -0.33325159549713135,
                    -0.8474634885787964,
                    -3.4162344932556152
                ],
                [
                    -0.910632312297821,
                    0.1512196660041809,
                    0.3845537304878235,
                    1.5501856803894043
                ],
                [
                    0.0,
                    0.9306319952011108,
                    -0.36595630645751953,
                    -1.4752171039581299
                ],
                [
                    0.0,
                    0.0,
                    0.0,
                    1.0
                ]
            ]
        },
        {
            "file_path": "/data/shapenet_blender/all_50_random/02958343/435d3d83b7511e39f44e15caa8fd94b4/r_15",
            "rotation": 0.12566370614359174,
            "transform_matrix": [
                [
                    0.7389730215072632,
                    0.13863006234169006,
                    -0.6593183279037476,
                    -2.657796859741211
                ],
                [
                    -0.6737349629402161,
                    0.15205366909503937,
                    -0.7231603860855103,
                    -2.9151523113250732
                ],
                [
                    0.0,
                    0.9786018133163452,
                    0.20576350390911102,
                    0.8294591307640076
                ],
                [
                    0.0,
                    0.0,
                    0.0,
                    1.0
                ]
            ]
        },
        {
            "file_path": "/data/shapenet_blender/all_50_random/02958343/435d3d83b7511e39f44e15caa8fd94b4/r_16",
            "rotation": 0.12566370614359174,
            "transform_matrix": [
                [
                    -0.5686017870903015,
                    -0.3801804780960083,
                    -0.7294893860816956,
                    -2.9406657218933105
                ],
                [
                    -0.8226128816604614,
                    0.2627861797809601,
                    0.5042334794998169,
                    2.032630205154419
                ],
                [
                    1.4901160305669237e-08,
                    0.8867954015731812,
                    -0.462162047624588,
                    -1.863034725189209
                ],
                [
                    0.0,
                    0.0,
                    0.0,
                    1.0
                ]
            ]
        },
        {
            "file_path": "/data/shapenet_blender/all_50_random/02958343/435d3d83b7511e39f44e15caa8fd94b4/r_17",
            "rotation": 0.12566370614359174,
            "transform_matrix": [
                [
                    -0.9267464280128479,
                    0.1600671261548996,
                    -0.33988192677497864,
                    -1.370107889175415
                ],
                [
                    -0.37568771839141846,
                    -0.3948536217212677,
                    0.8384207487106323,
                    3.379782199859619
                ],
                [
                    -1.4901162970204496e-08,
                    0.9046928882598877,
                    0.4260643422603607,
                    1.7175203561782837
                ],
                [
                    0.0,
                    0.0,
                    0.0,
                    1.0
                ]
            ]
        },
        {
            "file_path": "/data/shapenet_blender/all_50_random/02958343/435d3d83b7511e39f44e15caa8fd94b4/r_18",
            "rotation": 0.12566370614359174,
            "transform_matrix": [
                [
                    0.6553376913070679,
                    -0.34142768383026123,
                    -0.673765242099762,
                    -2.7160346508026123
                ],
                [
                    -0.7553359270095825,
                    -0.2962263822555542,
                    -0.584566056728363,
                    -2.3564610481262207
                ],
                [
                    -1.4901160305669237e-08,
                    0.8920073509216309,
                    -0.45202091336250305,
                    -1.8221546411514282
                ],
                [
                    0.0,
                    0.0,
                    0.0,
                    1.0
                ]
            ]
        },
        {
            "file_path": "/data/shapenet_blender/all_50_random/02958343/435d3d83b7511e39f44e15caa8fd94b4/r_19",
            "rotation": 0.12566370614359174,
            "transform_matrix": [
                [
                    0.19733916223049164,
                    0.9413151144981384,
                    -0.2738304138183594,
                    -1.1038458347320557
                ],
                [
                    -0.9803353548049927,
                    0.18948449194431305,
                    -0.05512141063809395,
                    -0.22220152616500854
                ],
                [
                    0.0,
                    0.2793234586715698,
                    0.9601970911026001,
                    3.870678424835205
                ],
                [
                    0.0,
                    0.0,
                    0.0,
                    1.0
                ]
            ]
        },
        {
            "file_path": "/data/shapenet_blender/all_50_random/02958343/435d3d83b7511e39f44e15caa8fd94b4/r_20",
            "rotation": 0.12566370614359174,
            "transform_matrix": [
                [
                    -0.222783163189888,
                    -0.3207136392593384,
                    0.9206032752990723,
                    3.7110705375671387
                ],
                [
                    0.9748680591583252,
                    -0.07329156249761581,
                    0.21038222312927246,
                    0.8480778932571411
                ],
                [
                    0.0,
                    0.9443362951278687,
                    0.3289816081523895,
                    1.3261672258377075
                ],
                [
                    0.0,
                    0.0,
                    0.0,
                    1.0
                ]
            ]
        },
        {
            "file_path": "/data/shapenet_blender/all_50_random/02958343/435d3d83b7511e39f44e15caa8fd94b4/r_21",
            "rotation": 0.12566370614359174,
            "transform_matrix": [
                [
                    -0.5464887619018555,
                    0.752978503704071,
                    0.3665696084499359,
                    1.477689504623413
                ],
                [
                    0.8374664783477783,
                    0.49135613441467285,
                    0.239205002784729,
                    0.9642662405967712
                ],
                [
                    0.0,
                    0.43771255016326904,
                    -0.8991148471832275,
                    -3.62444806098938
                ],
                [
                    0.0,
                    0.0,
                    0.0,
                    1.0
                ]
            ]
        },
        {
            "file_path": "/data/shapenet_blender/all_50_random/02958343/435d3d83b7511e39f44e15caa8fd94b4/r_22",
            "rotation": 0.12566370614359174,
            "transform_matrix": [
                [
                    -0.8000605702400208,
                    -0.12809909880161285,
                    -0.5860832929611206,
                    -2.362577199935913
                ],
                [
                    -0.5999191403388977,
                    0.1708347499370575,
                    0.7816088795661926,
                    3.150766134262085
                ],
                [
                    0.0,
                    0.9769370555877686,
                    -0.21352729201316833,
                    -0.860755980014801
                ],
                [
                    0.0,
                    0.0,
                    0.0,
                    1.0
                ]
            ]
        },
        {
            "file_path": "/data/shapenet_blender/all_50_random/02958343/435d3d83b7511e39f44e15caa8fd94b4/r_23",
            "rotation": 0.12566370614359174,
            "transform_matrix": [
                [
                    -0.6149193048477173,
                    0.5811066031455994,
                    -0.5330942273139954,
                    -2.1489715576171875
                ],
                [
                    -0.7885900735855103,
                    -0.4531297981739044,
                    0.4156911373138428,
                    1.6757045984268188
                ],
                [
                    -1.4901161193847656e-08,
                    0.6760092973709106,
                    0.7368930578231812,
                    2.970510959625244
                ],
                [
                    0.0,
                    0.0,
                    0.0,
                    1.0
                ]
            ]
        },
        {
            "file_path": "/data/shapenet_blender/all_50_random/02958343/435d3d83b7511e39f44e15caa8fd94b4/r_24",
            "rotation": 0.12566370614359174,
            "transform_matrix": [
                [
                    -0.9328181147575378,
                    0.1218881607055664,
                    -0.33910712599754333,
                    -1.3669846057891846
                ],
                [
                    -0.36034756898880005,
                    -0.3155272603034973,
                    0.8778337836265564,
                    3.538661241531372
                ],
                [
                    7.450580596923828e-09,
                    0.9410555362701416,
                    0.33825165033340454,
                    1.36353600025177
                ],
                [
                    0.0,
                    0.0,
                    0.0,
                    1.0
                ]
            ]
        },
        {
            "file_path": "/data/shapenet_blender/all_50_random/02958343/435d3d83b7511e39f44e15caa8fd94b4/r_25",
            "rotation": 0.12566370614359174,
            "transform_matrix": [
                [
                    0.9615704417228699,
                    -0.08509388566017151,
                    -0.26103901863098145,
                    -1.0522819757461548
                ],
                [
                    -0.2745584547519684,
                    -0.2980194687843323,
                    -0.9142220616340637,
                    -3.685347080230713
                ],
                [
                    0.0,
                    0.9507594108581543,
                    -0.3099299371242523,
                    -1.249367594718933
                ],
                [
                    0.0,
                    0.0,
                    0.0,
                    1.0
                ]
            ]
        },
        {
            "file_path": "/data/shapenet_blender/all_50_random/02958343/435d3d83b7511e39f44e15caa8fd94b4/r_26",
            "rotation": 0.12566370614359174,
            "transform_matrix": [
                [
                    0.8809690475463867,
                    -0.2824963927268982,
                    -0.37959104776382446,
                    -1.53018057346344
                ],
                [
                    -0.47317397594451904,
                    -0.5259599685668945,
                    -0.7067336440086365,
                    -2.8489346504211426
                ],
                [
                    1.4901161193847656e-08,
                    0.8022231459617615,
                    -0.5970242619514465,
                    -2.406682014465332
                ],
                [
                    0.0,
                    0.0,
                    0.0,
                    1.0
                ]
            ]
        },
        {
            "file_path": "/data/shapenet_blender/all_50_random/02958343/435d3d83b7511e39f44e15caa8fd94b4/r_27",
            "rotation": 0.12566370614359174,
            "transform_matrix": [
                [
                    -0.8375309109687805,
                    -0.1271611899137497,
                    -0.5313867330551147,
                    -2.1420884132385254
                ],
                [
                    -0.5463897585868835,
                    0.1949184089899063,
                    0.8145335912704468,
                    3.28348970413208
                ],
                [
                    0.0,
                    0.9725413918495178,
                    -0.23272982239723206,
                    -0.9381638765335083
                ],
                [
                    0.0,
                    0.0,
                    0.0,
                    1.0
                ]
            ]
        },
        {
            "file_path": "/data/shapenet_blender/all_50_random/02958343/435d3d83b7511e39f44e15caa8fd94b4/r_28",
            "rotation": 0.12566370614359174,
            "transform_matrix": [
                [
                    -0.5032737851142883,
                    -0.6353919506072998,
                    0.585655689239502,
                    2.360853433609009
                ],
                [
                    0.8641270399093628,
                    -0.37005680799484253,
                    0.34109005331993103,
                    1.3749778270721436
                ],
                [
                    -1.4901161193847656e-08,
                    0.6777424216270447,
                    0.7352993488311768,
                    2.9640860557556152
                ],
                [
                    0.0,
                    0.0,
                    0.0,
                    1.0
                ]
            ]
        },
        {
            "file_path": "/data/shapenet_blender/all_50_random/02958343/435d3d83b7511e39f44e15caa8fd94b4/r_29",
            "rotation": 0.12566370614359174,
            "transform_matrix": [
                [
                    -0.328300416469574,
                    -0.912201464176178,
                    -0.24516844749450684,
                    -0.9883056879043579
                ],
                [
                    -0.9445734620094299,
                    0.3170490860939026,
                    0.08521191030740738,
                    0.3435002267360687
                ],
                [
                    0.0,
                    0.2595546543598175,
                    -0.9657282829284668,
                    -3.8929755687713623
                ],
                [
                    0.0,
                    0.0,
                    0.0,
                    1.0
                ]
            ]
        },
        {
            "file_path": "/data/shapenet_blender/all_50_random/02958343/435d3d83b7511e39f44e15caa8fd94b4/r_30",
            "rotation": 0.12566370614359174,
            "transform_matrix": [
                [
                    -0.15296947956085205,
                    0.06474129110574722,
                    -0.9861080646514893,
                    -3.975128173828125
                ],
                [
                    -0.9882309436798096,
                    -0.010021383874118328,
                    0.15264086425304413,
                    0.6153149604797363
                ],
                [
                    0.0,
                    0.9978517293930054,
                    0.06551232933998108,
                    0.26408860087394714
                ],
                [
                    0.0,
                    0.0,
                    0.0,
                    1.0
                ]
            ]
        },
        {
            "file_path": "/data/shapenet_blender/all_50_random/02958343/435d3d83b7511e39f44e15caa8fd94b4/r_31",
            "rotation": 0.12566370614359174,
            "transform_matrix": [
                [
                    0.8564199805259705,
                    0.019375253468751907,
                    -0.515916109085083,
                    -2.0797243118286133
                ],
                [
                    -0.5162798166275024,
                    0.032140232622623444,
                    -0.855816662311554,
                    -3.4499073028564453
                ],
                [
                    0.0,
                    0.9992955923080444,
                    0.037528589367866516,
                    0.15128257870674133
                ],
                [
                    0.0,
                    0.0,
                    0.0,
                    1.0
                ]
            ]
        },
        {
            "file_path": "/data/shapenet_blender/all_50_random/02958343/435d3d83b7511e39f44e15caa8fd94b4/r_32",
            "rotation": 0.12566370614359174,
            "transform_matrix": [
                [
                    0.9024060368537903,
                    -0.028283461928367615,
                    0.42995744943618774,
                    1.7332137823104858
                ],
                [
                    0.43088671565055847,
                    0.059234052896499634,
                    -0.900459885597229,
                    -3.6298696994781494
                ],
                [
                    0.0,
                    0.9978434443473816,
                    0.06564012169837952,
                    0.26460379362106323
                ],
                [
                    0.0,
                    0.0,
                    0.0,
                    1.0
                ]
            ]
        },
        {
            "file_path": "/data/shapenet_blender/all_50_random/02958343/435d3d83b7511e39f44e15caa8fd94b4/r_33",
            "rotation": 0.12566370614359174,
            "transform_matrix": [
                [
                    -0.4503115117549896,
                    -0.5631296634674072,
                    0.692895770072937,
                    2.793152093887329
                ],
                [
                    0.8928714990615845,
                    -0.28400924801826477,
                    0.3494556248188019,
                    1.408700704574585
                ],
                [
                    -2.9802320611338473e-08,
                    0.7760307788848877,
                    0.6306950449943542,
                    2.5424129962921143
                ],
                [
                    0.0,
                    0.0,
                    0.0,
                    1.0
                ]
            ]
        },
        {
            "file_path": "/data/shapenet_blender/all_50_random/02958343/435d3d83b7511e39f44e15caa8fd94b4/r_34",
            "rotation": 0.12566370614359174,
            "transform_matrix": [
                [
                    0.42734402418136597,
                    0.31071409583091736,
                    -0.8490192294120789,
                    -3.422506332397461
                ],
                [
                    -0.9040890336036682,
                    0.14686807990074158,
                    -0.4013136923313141,
                    -1.6177473068237305
                ],
                [
                    7.450580152834618e-09,
                    0.9390881061553955,
                    0.3436763882637024,
                    1.3854039907455444
                ],
                [
                    0.0,
                    0.0,
                    0.0,
                    1.0
                ]
            ]
        },
        {
            "file_path": "/data/shapenet_blender/all_50_random/02958343/435d3d83b7511e39f44e15caa8fd94b4/r_35",
            "rotation": 0.12566370614359174,
            "transform_matrix": [
                [
                    -0.5501106977462769,
                    -0.5218653678894043,
                    0.6519469022750854,
                    2.628082036972046
                ],
                [
                    0.8350918292999268,
                    -0.34377506375312805,
                    0.4294653534889221,
                    1.7312302589416504
                ],
                [
                    -1.4901161193847656e-08,
                    0.7806888818740845,
                    0.6249198317527771,
                    2.519132375717163
                ],
                [
                    0.0,
                    0.0,
                    0.0,
                    1.0
                ]
            ]
        },
        {
            "file_path": "/data/shapenet_blender/all_50_random/02958343/435d3d83b7511e39f44e15caa8fd94b4/r_36",
            "rotation": 0.12566370614359174,
            "transform_matrix": [
                [
                    0.05166824907064438,
                    0.1259821355342865,
                    -0.9906860589981079,
                    -3.9935832023620605
                ],
                [
                    -0.998664379119873,
                    0.006517981644719839,
                    -0.051255472004413605,
                    -0.20661741495132446
                ],
                [
                    -4.656613428188905e-10,
                    0.9920110702514648,
                    0.12615062296390533,
                    0.5085294246673584
                ],
                [
                    0.0,
                    0.0,
                    0.0,
                    1.0
                ]
            ]
        },
        {
            "file_path": "/data/shapenet_blender/all_50_random/02958343/435d3d83b7511e39f44e15caa8fd94b4/r_37",
            "rotation": 0.12566370614359174,
            "transform_matrix": [
                [
                    0.4256879389286041,
                    -0.3623410761356354,
                    -0.8291555047035217,
                    -3.3424322605133057
                ],
                [
                    -0.9048699736595154,
                    -0.17046010494232178,
                    -0.39006873965263367,
                    -1.572417140007019
                ],
                [
                    0.0,
                    0.9163253903388977,
                    -0.4004344642162323,
                    -1.6142027378082275
                ],
                [
                    0.0,
                    0.0,
                    0.0,
                    1.0
                ]
            ]
        },
        {
            "file_path": "/data/shapenet_blender/all_50_random/02958343/435d3d83b7511e39f44e15caa8fd94b4/r_38",
            "rotation": 0.12566370614359174,
            "transform_matrix": [
                [
                    -0.27233949303627014,
                    -0.4352792799472809,
                    -0.8581159710884094,
                    -3.4591763019561768
                ],
                [
                    -0.9622011780738831,
                    0.12320058792829514,
                    0.2428794503211975,
                    0.9790784120559692
                ],
                [
                    0.0,
                    0.8918258547782898,
                    -0.45237866044044495,
                    -1.8235968351364136
                ],
                [
                    0.0,
                    0.0,
                    0.0,
                    1.0
                ]
            ]
        },
        {
            "file_path": "/data/shapenet_blender/all_50_random/02958343/435d3d83b7511e39f44e15caa8fd94b4/r_39",
            "rotation": 0.12566370614359174,
            "transform_matrix": [
                [
                    0.37434908747673035,
                    -0.18090049922466278,
                    0.9094711542129517,
                    3.6661953926086426
                ],
                [
                    0.9272878170013428,
                    0.07303012162446976,
                    -0.367156445980072,
                    -1.4800549745559692
                ],
                [
                    -7.450580596923828e-09,
                    0.980786144733429,
                    0.19508560001850128,
                    0.7864152193069458
                ],
                [
                    0.0,
                    0.0,
                    0.0,
                    1.0
                ]
            ]
        },
        {
            "file_path": "/data/shapenet_blender/all_50_random/02958343/435d3d83b7511e39f44e15caa8fd94b4/r_40",
            "rotation": 0.12566370614359174,
            "transform_matrix": [
                [
                    0.08029208332300186,
                    -0.28163662552833557,
                    -0.9561558365821838,
                    -3.8543875217437744
                ],
                [
                    -0.9967714548110962,
                    -0.022686436772346497,
                    -0.07702041417360306,
                    -0.31047922372817993
                ],
                [
                    0.0,
                    0.9592527747154236,
                    -0.2825489044189453,
                    -1.138991117477417
                ],
                [
                    0.0,
                    0.0,
                    0.0,
                    1.0
                ]
            ]
        },
        {
            "file_path": "/data/shapenet_blender/all_50_random/02958343/435d3d83b7511e39f44e15caa8fd94b4/r_41",
            "rotation": 0.12566370614359174,
            "transform_matrix": [
                [
                    -0.969951868057251,
                    -0.16358643770217896,
                    -0.1800912320613861,
                    -0.725970983505249
                ],
                [
                    -0.24329689145088196,
                    0.6521701216697693,
                    0.7179698348045349,
                    2.894228935241699
                ],
                [
                    -7.450580596923828e-09,
