{
    "class": "02958343",
    "model": "ee0232b37ee6265bda72093f9b5aa73",
    "remove_doubles": true,
    "edge_split": true,
    "denoise": true,
    "camera_angle_x": 0.6911112070083618,
    "scale_factor": 2.2348665734429685,
    "hdri_file": "/data/IndoorHDRDataset2018/9C4A5564-1f773480e9.exr",
    "center_offset": [
        0.0,
        0.0,
        -1.862645149230957e-09
    ],
    "lights": [],
    "frames": [
        {
            "file_path": "/data/shapenet_blender/all_50_random/02958343/ee0232b37ee6265bda72093f9b5aa73/r_0",
            "rotation": 0.12566370614359174,
            "transform_matrix": [
                [
                    -0.8663104772567749,
                    -0.32649338245391846,
                    0.37803220748901367,
                    1.52389657497406
                ],
                [
                    0.49950605630874634,
                    -0.5662487149238586,
                    0.6556342244148254,
                    2.6429460048675537
                ],
                [
                    1.4901161193847656e-08,
                    0.7568120956420898,
                    0.6536325216293335,
                    2.6348769664764404
                ],
                [
                    0.0,
                    0.0,
                    0.0,
                    1.0
                ]
            ]
        },
        {
            "file_path": "/data/shapenet_blender/all_50_random/02958343/ee0232b37ee6265bda72093f9b5aa73/r_1",
            "rotation": 0.12566370614359174,
            "transform_matrix": [
                [
                    0.9061369299888611,
                    -0.14039546251296997,
                    -0.3990052044391632,
                    -1.6084414720535278
                ],
                [
                    -0.4229847490787506,
                    -0.30076149106025696,
                    -0.8547669053077698,
                    -3.4456756114959717
                ],
                [
                    -7.450581485102248e-09,
                    0.9433088898658752,
                    -0.3319161832332611,
                    -1.3379969596862793
                ],
                [
                    0.0,
                    0.0,
                    0.0,
                    1.0
                ]
            ]
        },
        {
            "file_path": "/data/shapenet_blender/all_50_random/02958343/ee0232b37ee6265bda72093f9b5aa73/r_2",
            "rotation": 0.12566370614359174,
            "transform_matrix": [
                [
                    -0.2646220326423645,
                    -0.30836600065231323,
                    0.9137207269668579,
                    3.683326005935669
                ],
                [
                    0.9643521904945374,
                    -0.08461683988571167,
                    0.2507285475730896,
                    1.0107190608978271
                ],
                [
                    0.0,
                    0.947496771812439,
                    0.3197649121284485,
                    1.2890136241912842
                ],
                [
                    0.0,
                    0.0,
                    0.0,
                    1.0
                ]
            ]
        },
        {
            "file_path": "/data/shapenet_blender/all_50_random/02958343/ee0232b37ee6265bda72093f9b5aa73/r_3",
            "rotation": 0.12566370614359174,
            "transform_matrix": [
                [
                    0.9611796140670776,
                    -0.22870177030563354,
                    0.1543676257133484,
                    0.6222758293151855
                ],
                [
                    0.2759236693382263,
                    0.7966821789741516,
                    -0.5377393364906311,
                    -2.167696714401245
                ],
                [
                    0.0,
                    0.5594578385353088,
                    0.8288588523864746,
                    3.3412368297576904
                ],
                [
                    0.0,
                    0.0,
                    0.0,
                    1.0
                ]
            ]
        },
        {
            "file_path": "/data/shapenet_blender/all_50_random/02958343/ee0232b37ee6265bda72093f9b5aa73/r_4",
            "rotation": 0.12566370614359174,
            "transform_matrix": [
                [
                    -0.7232328057289124,
                    -0.12350671738386154,
                    -0.6794705390930176,
                    -2.7390336990356445
                ],
                [
                    -0.6906041502952576,
                    0.1293419748544693,
                    0.7115731239318848,
                    2.868443250656128
                ],
                [
                    0.0,
                    0.9838783144950867,
                    -0.17883862555027008,
                    -0.7209216356277466
                ],
                [
                    0.0,
                    0.0,
                    0.0,
                    1.0
                ]
            ]
        },
        {
            "file_path": "/data/shapenet_blender/all_50_random/02958343/ee0232b37ee6265bda72093f9b5aa73/r_5",
            "rotation": 0.12566370614359174,
            "transform_matrix": [
                [
                    -0.8253212571144104,
                    0.11146260797977448,
                    -0.5535531044006348,
                    -2.2314441204071045
                ],
                [
                    -0.5646636486053467,
                    -0.16291549801826477,
                    0.8090818524360657,
                    3.2615134716033936
                ],
                [
                    -1.4901162970204496e-08,
                    0.9803236126899719,
                    0.19739648699760437,
                    0.7957307696342468
                ],
                [
                    0.0,
                    0.0,
                    0.0,
                    1.0
                ]
            ]
        },
        {
            "file_path": "/data/shapenet_blender/all_50_random/02958343/ee0232b37ee6265bda72093f9b5aa73/r_6",
            "rotation": 0.12566370614359174,
            "transform_matrix": [
                [
                    -0.5288958549499512,
                    0.6697288751602173,
                    -0.521279513835907,
                    -2.1013450622558594
                ],
                [
                    -0.8486867547035217,
                    -0.4173705577850342,
                    0.3248579204082489,
                    1.309544324874878
                ],
                [
                    0.0,
                    0.6142190098762512,
                    0.7891355156898499,
                    3.18110728263855
                ],
                [
                    0.0,
                    0.0,
                    0.0,
                    1.0
                ]
            ]
        },
        {
            "file_path": "/data/shapenet_blender/all_50_random/02958343/ee0232b37ee6265bda72093f9b5aa73/r_7",
            "rotation": 0.12566370614359174,
            "transform_matrix": [
                [
                    0.6720539331436157,
                    0.3938019573688507,
                    0.6271072626113892,
                    2.5279502868652344
                ],
                [
                    0.7405022382736206,
                    -0.35740089416503906,
                    -0.569140613079071,
                    -2.294279098510742
                ],
                [
                    0.0,
                    0.8468673825263977,
                    -0.5318039655685425,
                    -2.143770456314087
                ],
                [
                    0.0,
                    0.0,
                    0.0,
                    1.0
                ]
            ]
        },
        {
            "file_path": "/data/shapenet_blender/all_50_random/02958343/ee0232b37ee6265bda72093f9b5aa73/r_8",
            "rotation": 0.12566370614359174,
            "transform_matrix": [
                [
                    0.834333598613739,
                    -0.4842256009578705,
                    0.26346367597579956,
                    1.062056064605713
                ],
                [
                    0.5512599945068359,
                    0.7328768372535706,
                    -0.39875301718711853,
                    -1.6074248552322388
                ],
                [
                    -1.4901161193847656e-08,
                    0.47792989015579224,
                    0.8783979415893555,
                    3.5409352779388428
                ],
                [
                    0.0,
                    0.0,
                    0.0,
                    1.0
                ]
            ]
        },
        {
            "file_path": "/data/shapenet_blender/all_50_random/02958343/ee0232b37ee6265bda72093f9b5aa73/r_9",
            "rotation": 0.12566370614359174,
            "transform_matrix": [
                [
                    0.8106259107589722,
                    -0.10518153011798859,
                    0.5760403275489807,
                    2.3220930099487305
                ],
                [
                    0.585564374923706,
                    0.14560800790786743,
                    -0.7974412441253662,
                    -3.2145886421203613
                ],
                [
                    0.0,
                    0.9837352633476257,
                    0.17962418496608734,
                    0.7240883111953735
                ],
                [
                    0.0,
                    0.0,
                    0.0,
                    1.0
                ]
            ]
        },
        {
            "file_path": "/data/shapenet_blender/all_50_random/02958343/ee0232b37ee6265bda72093f9b5aa73/r_10",
            "rotation": 0.12566370614359174,
            "transform_matrix": [
                [
                    -0.16140440106391907,
                    0.05056796967983246,
                    -0.9855918884277344,
                    -3.973048210144043
                ],
                [
                    -0.9868882894515991,
                    -0.008270330727100372,
                    0.1611923724412918,
                    0.6497873067855835
                ],
                [
                    0.0,
                    0.9986863136291504,
                    0.05123981088399887,
                    0.20655429363250732
                ],
                [
                    0.0,
                    0.0,
                    0.0,
                    1.0
                ]
            ]
        },
        {
            "file_path": "/data/shapenet_blender/all_50_random/02958343/ee0232b37ee6265bda72093f9b5aa73/r_11",
            "rotation": 0.12566370614359174,
            "transform_matrix": [
                [
                    -0.699217677116394,
                    -0.4645957052707672,
                    -0.543364942073822,
                    -2.1903743743896484
                ],
                [
                    -0.7149088978767395,
                    0.4543984830379486,
                    0.5314388871192932,
                    2.142298936843872
                ],
                [
                    -1.4901161193847656e-08,
                    0.7600478529930115,
                    -0.6498669981956482,
                    -2.6196978092193604
                ],
                [
                    0.0,
                    0.0,
                    0.0,
                    1.0
                ]
            ]
        },
        {
            "file_path": "/data/shapenet_blender/all_50_random/02958343/ee0232b37ee6265bda72093f9b5aa73/r_12",
            "rotation": 0.12566370614359174,
            "transform_matrix": [
                [
                    -0.81865394115448,
                    -0.2986399233341217,
                    -0.49053025245666504,
                    -1.9773906469345093
                ],
                [
                    -0.5742872357368469,
                    0.4257151186466217,
                    0.6992573142051697,
                    2.818796396255493
                ],
                [
                    -1.4901162970204496e-08,
                    0.8541548848152161,
                    -0.5200185179710388,
                    -2.096261739730835
                ],
                [
                    0.0,
                    0.0,
                    0.0,
                    1.0
                ]
            ]
        },
        {
            "file_path": "/data/shapenet_blender/all_50_random/02958343/ee0232b37ee6265bda72093f9b5aa73/r_13",
            "rotation": 0.12566370614359174,
            "transform_matrix": [
                [
                    -0.8034017086029053,
                    0.15698567032814026,
                    0.5743703246116638,
                    2.3153607845306396
                ],
                [
                    0.5954374670982361,
                    0.21181493997573853,
                    0.7749765515327454,
                    3.124030351638794
                ],
                [
                    0.0,
                    0.964618980884552,
                    -0.2636476457118988,
                    -1.0627976655960083
                ],
                [
                    0.0,
                    0.0,
                    0.0,
                    1.0
                ]
            ]
        },
        {
            "file_path": "/data/shapenet_blender/all_50_random/02958343/ee0232b37ee6265bda72093f9b5aa73/r_14",
            "rotation": 0.12566370614359174,
            "transform_matrix": [
                [
                    0.5566602349281311,
                    -0.6293036341667175,
                    0.542315661907196,
                    2.1861443519592285
                ],
                [
                    0.8307402729988098,
                    0.4216821491718292,
                    -0.3633934557437897,
                    -1.4648858308792114
                ],
                [
                    0.0,
                    0.6528100371360779,
                    0.7575215697288513,
                    3.0536670684814453
                ],
                [
                    0.0,
                    0.0,
                    0.0,
                    1.0
                ]
            ]
        },
        {
            "file_path": "/data/shapenet_blender/all_50_random/02958343/ee0232b37ee6265bda72093f9b5aa73/r_15",
            "rotation": 0.12566370614359174,
            "transform_matrix": [
                [
                    -0.9388208985328674,
                    -0.1658642441034317,
                    0.30183520913124084,
                    1.2167366743087769
                ],
                [
                    0.3444059491157532,
                    -0.45213162899017334,
                    0.8227766752243042,
                    3.316718816757202
                ],
                [
                    1.4901162970204496e-08,
                    0.8763936758041382,
                    0.4815952777862549,
                    1.9413726329803467
                ],
                [
                    0.0,
                    0.0,
                    0.0,
                    1.0
                ]
            ]
        },
        {
            "file_path": "/data/shapenet_blender/all_50_random/02958343/ee0232b37ee6265bda72093f9b5aa73/r_16",
            "rotation": 0.12566370614359174,
            "transform_matrix": [
                [
                    -0.42459410429000854,
                    -0.7905074954032898,
                    0.4413814842700958,
                    1.7792656421661377
                ],
                [
                    0.9053837656974792,
                    -0.37072107195854187,
                    0.20699284970760345,
                    0.8344148397445679
                ],
                [
                    0.0,
                    0.48750749230384827,
                    0.8731187582015991,
                    3.5196542739868164
                ],
                [
                    0.0,
                    0.0,
                    0.0,
                    1.0
                ]
            ]
        },
        {
            "file_path": "/data/shapenet_blender/all_50_random/02958343/ee0232b37ee6265bda72093f9b5aa73/r_17",
            "rotation": 0.12566370614359174,
            "transform_matrix": [
                [
                    0.12003614008426666,
                    0.8520681262016296,
                    -0.5094813108444214,
                    -2.0537848472595215
                ],
                [
                    -0.9927695393562317,
                    0.10302387923002243,
                    -0.06160157546401024,
                    -0.24832388758659363
                ],
                [
                    0.0,
                    0.5131919980049133,
                    0.8582738637924194,
                    3.459812641143799
                ],
                [
                    0.0,
                    0.0,
                    0.0,
                    1.0
                ]
            ]
        },
        {
            "file_path": "/data/shapenet_blender/all_50_random/02958343/ee0232b37ee6265bda72093f9b5aa73/r_18",
            "rotation": 0.12566370614359174,
            "transform_matrix": [
                [
                    -0.9998048543930054,
                    0.019072405993938446,
                    -0.00514519726857543,
                    -0.02074095606803894
                ],
                [
                    -0.019754230976104736,
                    -0.9652961492538452,
                    0.2604096531867981,
                    1.049744963645935
                ],
                [
                    -4.6566125955216364e-10,
                    0.2604605555534363,
                    0.9654844403266907,
                    3.8919925689697266
                ],
                [
                    0.0,
                    0.0,
                    0.0,
                    1.0
                ]
            ]
        },
        {
            "file_path": "/data/shapenet_blender/all_50_random/02958343/ee0232b37ee6265bda72093f9b5aa73/r_19",
            "rotation": 0.12566370614359174,
            "transform_matrix": [
                [
                    -0.8498409390449524,
                    0.4744202792644501,
                    -0.22955568134784698,
                    -0.9253685474395752
                ],
                [
                    -0.5270392894744873,
                    -0.7649937272071838,
                    0.3701542019844055,
                    1.4921393394470215
                ],
                [
                    0.0,
                    0.43555694818496704,
                    0.9001611471176147,
                    3.6286656856536865
                ],
                [
                    0.0,
                    0.0,
                    0.0,
                    1.0
                ]
            ]
        },
        {
            "file_path": "/data/shapenet_blender/all_50_random/02958343/ee0232b37ee6265bda72093f9b5aa73/r_20",
            "rotation": 0.12566370614359174,
            "transform_matrix": [
                [
                    0.7720447778701782,
                    -0.3112366497516632,
                    0.5541467070579529,
                    2.2338368892669678
                ],
                [
                    0.6355681419372559,
                    0.37806904315948486,
                    -0.6731395721435547,
                    -2.713512420654297
                ],
                [
                    -1.4901161193847656e-08,
                    0.8718918561935425,
                    0.4896983802318573,
                    1.9740372896194458
                ],
                [
                    0.0,
                    0.0,
                    0.0,
                    1.0
                ]
            ]
        },
        {
            "file_path": "/data/shapenet_blender/all_50_random/02958343/ee0232b37ee6265bda72093f9b5aa73/r_21",
            "rotation": 0.12566370614359174,
            "transform_matrix": [
                [
                    -0.17907416820526123,
                    0.2949747145175934,
                    -0.9385746717453003,
                    -3.783515214920044
                ],
                [
                    -0.9838355183601379,
                    -0.05369022116065025,
                    0.170835942029953,
                    0.6886616945266724
                ],
                [
                    3.725290076417309e-09,
                    0.9539953470230103,
                    0.299821138381958,
                    1.2086176872253418
                ],
                [
                    0.0,
                    0.0,
                    0.0,
                    1.0
                ]
            ]
        },
        {
            "file_path": "/data/shapenet_blender/all_50_random/02958343/ee0232b37ee6265bda72093f9b5aa73/r_22",
            "rotation": 0.12566370614359174,
            "transform_matrix": [
                [
                    -0.023183686658740044,
                    -0.57720947265625,
                    -0.8162668347358704,
                    -3.2904770374298096
                ],
                [
                    -0.9997313022613525,
                    0.013385441154241562,
                    0.01892916113138199,
                    0.07630589604377747
                ],
                [
                    0.0,
                    0.8164862394332886,
                    -0.5773646831512451,
                    -2.3274316787719727
                ],
                [
                    0.0,
                    0.0,
                    0.0,
                    1.0
                ]
            ]
        },
        {
            "file_path": "/data/shapenet_blender/all_50_random/02958343/ee0232b37ee6265bda72093f9b5aa73/r_23",
            "rotation": 0.12566370614359174,
            "transform_matrix": [
                [
                    -0.84907066822052,
                    0.2771174907684326,
                    0.4497610926628113,
                    1.8130449056625366
                ],
                [
                    0.5282794833183289,
                    0.4453936517238617,
                    0.7228729724884033,
                    2.913994073867798
                ],
                [
                    1.4901162970204496e-08,
                    0.8513696789741516,
                    -0.524566113948822,
                    -2.114593744277954
                ],
                [
                    0.0,
                    0.0,
                    0.0,
                    1.0
                ]
            ]
        },
        {
            "file_path": "/data/shapenet_blender/all_50_random/02958343/ee0232b37ee6265bda72093f9b5aa73/r_24",
            "rotation": 0.12566370614359174,
            "transform_matrix": [
                [
                    -0.7623859643936157,
                    0.015965120866894722,
                    0.6469256281852722,
                    2.6078405380249023
                ],
                [
                    0.6471225619316101,
                    0.018808776512742043,
                    0.7621539235115051,
                    3.072340726852417
                ],
                [
                    9.313225746154785e-10,
                    0.9996954798698425,
                    -0.02467093989253044,
                    -0.09945174306631088
                ],
                [
                    0.0,
                    0.0,
                    0.0,
                    1.0
                ]
            ]
        },
        {
            "file_path": "/data/shapenet_blender/all_50_random/02958343/ee0232b37ee6265bda72093f9b5aa73/r_25",
            "rotation": 0.12566370614359174,
            "transform_matrix": [
                [
                    -0.15947094559669495,
                    0.09421723335981369,
                    -0.9826962947845459,
                    -3.9613757133483887
                ],
                [
                    -0.9872026443481445,
                    -0.01521968375891447,
                    0.1587429940700531,
                    0.6399135589599609
                ],
                [
                    -9.313225746154785e-10,
                    0.9954352378845215,
                    0.09543859958648682,
                    0.38472533226013184
                ],
                [
                    0.0,
                    0.0,
                    0.0,
                    1.0
                ]
            ]
        },
        {
            "file_path": "/data/shapenet_blender/all_50_random/02958343/ee0232b37ee6265bda72093f9b5aa73/r_26",
            "rotation": 0.12566370614359174,
            "transform_matrix": [
                [
                    -0.278886616230011,
                    -0.7873702049255371,
                    -0.5497912168502808,
                    -2.2162795066833496
                ],
                [
                    -0.9603239893913269,
                    0.22865930199623108,
                    0.15966425836086273,
                    0.6436272859573364
                ],
                [
                    -1.4901160305669237e-08,
                    0.5725060701370239,
                    -0.8199004530906677,
                    -3.3051247596740723
                ],
                [
                    0.0,
                    0.0,
                    0.0,
                    1.0
                ]
            ]
        },
        {
            "file_path": "/data/shapenet_blender/all_50_random/02958343/ee0232b37ee6265bda72093f9b5aa73/r_27",
            "rotation": 0.12566370614359174,
            "transform_matrix": [
                [
                    0.357285737991333,
                    0.12610851228237152,
                    -0.9254423379898071,
                    -3.7305774688720703
                ],
                [
                    -0.9339951276779175,
                    0.04824091121554375,
                    -0.35401400923728943,
                    -1.4270761013031006
                ],
                [
                    0.0,
                    0.9908427596092224,
                    0.13502052426338196,
                    0.5442851185798645
                ],
                [
                    0.0,
                    0.0,
                    0.0,
                    1.0
                ]
            ]
        },
        {
            "file_path": "/data/shapenet_blender/all_50_random/02958343/ee0232b37ee6265bda72093f9b5aa73/r_28",
            "rotation": 0.12566370614359174,
            "transform_matrix": [
                [
                    0.9667558670043945,
                    -0.008954710327088833,
                    0.25554436445236206,
                    1.0301324129104614
                ],
                [
                    0.2557012438774109,
                    0.03385598957538605,
                    -0.9661628007888794,
                    -3.8947269916534424
                ],
                [
                    0.0,
                    0.9993865489959717,
                    0.03502020612359047,
                    0.14117097854614258
                ],
                [
                    0.0,
                    0.0,
                    0.0,
                    1.0
                ]
            ]
        },
        {
            "file_path": "/data/shapenet_blender/all_50_random/02958343/ee0232b37ee6265bda72093f9b5aa73/r_29",
            "rotation": 0.12566370614359174,
            "transform_matrix": [
                [
                    -0.7045361995697021,
                    -0.016317246481776237,
                    -0.709480345249176,
                    -2.8600070476531982
                ],
                [
                    -0.709667980670929,
                    0.016199251636862755,
                    0.7043498754501343,
                    2.839325428009033
                ],
                [
                    0.0,
                    0.9997357130050659,
                    -0.022992782294750214,
                    -0.09268687665462494
                ],
                [
                    0.0,
                    0.0,
                    0.0,
                    1.0
                ]
            ]
        },
        {
            "file_path": "/data/shapenet_blender/all_50_random/02958343/ee0232b37ee6265bda72093f9b5aa73/r_30",
            "rotation": 0.12566370614359174,
            "transform_matrix": [
                [
                    -0.5382606387138367,
                    0.1575571596622467,
                    0.8279198408126831,
                    3.337451219558716
                ],
                [
                    0.8427783846855164,
                    0.10062766820192337,
                    0.528770923614502,
                    2.1315436363220215
                ],
                [
                    7.450580152834618e-09,
                    0.9823694229125977,
                    -0.1869497001171112,
                    -0.7536182403564453
                ],
                [
                    0.0,
                    0.0,
                    0.0,
                    1.0
                ]
            ]
        },
        {
            "file_path": "/data/shapenet_blender/all_50_random/02958343/ee0232b37ee6265bda72093f9b5aa73/r_31",
            "rotation": 0.12566370614359174,
            "transform_matrix": [
                [
                    -0.4965449273586273,
                    0.4044780135154724,
                    0.7680107951164246,
                    3.0959506034851074
                ],
                [
                    0.868010938167572,
                    0.23138131201267242,
                    0.43933993577957153,
                    1.77103590965271
                ],
                [
                    0.0,
                    0.8847938776016235,
                    -0.465982586145401,
                    -1.8784358501434326
                ],
                [
                    0.0,
                    0.0,
                    0.0,
                    1.0
                ]
            ]
        },
        {
            "file_path": "/data/shapenet_blender/all_50_random/02958343/ee0232b37ee6265bda72093f9b5aa73/r_32",
            "rotation": 0.12566370614359174,
            "transform_matrix": [
                [
                    -0.9988084435462952,
                    0.00042688529356382787,
                    -0.04880181699991226,
                    -0.19672641158103943
                ],
                [
                    -0.04880369082093239,
                    -0.008736565709114075,
                    0.9987701177597046,
                    4.0261712074279785
                ],
                [
                    -2.9103833926180656e-11,
                    0.9999616742134094,
                    0.008746989071369171,
                    0.035260241478681564
                ],
                [
                    0.0,
                    0.0,
                    0.0,
                    1.0
                ]
            ]
        },
        {
            "file_path": "/data/shapenet_blender/all_50_random/02958343/ee0232b37ee6265bda72093f9b5aa73/r_33",
            "rotation": 0.12566370614359174,
            "transform_matrix": [
                [
                    0.9408178925514221,
                    0.0932554081082344,
                    -0.32582998275756836,
                    -1.3134626150131226
                ],
                [
                    -0.33891260623931885,
                    0.2588760554790497,
                    -0.9045006632804871,
                    -3.6461586952209473
                ],
                [
                    0.0,
                    0.9613982439041138,
                    0.27516067028045654,
                    1.109208106994629
                ],
                [
                    0.0,
                    0.0,
                    0.0,
                    1.0
                ]
            ]
        },
        {
            "file_path": "/data/shapenet_blender/all_50_random/02958343/ee0232b37ee6265bda72093f9b5aa73/r_34",
            "rotation": 0.12566370614359174,
            "transform_matrix": [
                [
                    0.532412052154541,
                    -0.17594407498836517,
                    -0.8279982209205627,
                    -3.3377676010131836
                ],
                [
                    -0.8464853167533875,
                    -0.11066317558288574,
                    -0.5207842588424683,
                    -2.099348545074463
                ],
                [
                    -7.450580596923828e-09,
                    0.9781601428985596,
                    -0.20785248279571533,
                    -0.8378801345825195
                ],
                [
                    0.0,
                    0.0,
                    0.0,
                    1.0
                ]
            ]
        },
        {
            "file_path": "/data/shapenet_blender/all_50_random/02958343/ee0232b37ee6265bda72093f9b5aa73/r_35",
            "rotation": 0.12566370614359174,
            "transform_matrix": [
                [
                    0.07014685124158859,
                    -0.05230160802602768,
                    -0.9961646199226379,
                    -4.015667915344238
                ],
                [
                    -0.9975367188453674,
                    -0.0036778526846319437,
                    -0.07005036622285843,
                    -0.282382071018219
                ],
                [
                    2.3283067140944524e-10,
                    0.9986244440078735,
                    -0.05243076756596565,
                    -0.21135517954826355
                ],
                [
                    0.0,
                    0.0,
                    0.0,
                    1.0
                ]
            ]
        },
        {
            "file_path": "/data/shapenet_blender/all_50_random/02958343/ee0232b37ee6265bda72093f9b5aa73/r_36",
            "rotation": 0.12566370614359174,
            "transform_matrix": [
                [
                    0.20953606069087982,
                    0.025830388069152832,
                    0.9774596691131592,
                    3.9402661323547363
                ],
                [
                    0.9778009057044983,
                    -0.005535276141017675,
                    -0.2094629406929016,
                    -0.8443721532821655
                ],
                [
                    4.6566123179658803e-10,
                    0.9996510148048401,
                    -0.026416819542646408,
                    -0.10648961365222931
                ],
                [
                    0.0,
                    0.0,
                    0.0,
                    1.0
                ]
            ]
        },
        {
            "file_path": "/data/shapenet_blender/all_50_random/02958343/ee0232b37ee6265bda72093f9b5aa73/r_37",
            "rotation": 0.12566370614359174,
            "transform_matrix": [
                [
                    0.20151767134666443,
                    0.6561997532844543,
                    0.7271811366081238,
                    2.931361198425293
                ],
                [
                    0.9794849753379822,
                    -0.13500548899173737,
                    -0.14960907399654388,
                    -0.6030935049057007
                ],
                [
                    7.450581485102248e-09,
                    0.7424118518829346,
                    -0.6699436902999878,
                    -2.700629711151123
                ],
                [
                    0.0,
                    0.0,
                    0.0,
                    1.0
                ]
            ]
        },
        {
            "file_path": "/data/shapenet_blender/all_50_random/02958343/ee0232b37ee6265bda72093f9b5aa73/r_38",
            "rotation": 0.12566370614359174,
            "transform_matrix": [
                [
                    -0.8612011075019836,
                    -0.3614650368690491,
                    -0.35731711983680725,
                    -1.4403915405273438
                ],
                [
                    -0.5082642436027527,
                    0.6124650835990906,
                    0.6054369211196899,
                    2.440594434738159
                ],
                [
                    -2.9802318834981634e-08,
                    0.7030145525932312,
                    -0.7111753821372986,
                    -2.86683988571167
                ],
                [
                    0.0,
                    0.0,
                    0.0,
                    1.0
                ]
            ]
        },
        {
            "file_path": "/data/shapenet_blender/all_50_random/02958343/ee0232b37ee6265bda72093f9b5aa73/r_39",
            "rotation": 0.12566370614359174,
            "transform_matrix": [
                [
                    -0.6403875350952148,
                    -0.1832251250743866,
                    0.7458770275115967,
                    3.006726026535034
                ],
                [
                    0.7680519819259644,
                    -0.15276969969272614,
                    0.6218984127044678,
                    2.5069522857666016
                ],
                [
                    0.0,
                    0.9711281657218933,
                    0.23855827748775482,
                    0.9616590738296509
                ],
                [
                    0.0,
                    0.0,
                    0.0,
                    1.0
                ]
            ]
        },
        {
            "file_path": "/data/shapenet_blender/all_50_random/02958343/ee0232b37ee6265bda72093f9b5aa73/r_40",
            "rotation": 0.12566370614359174,
            "transform_matrix": [
                [
                    -0.7647430300712585,
                    0.544189989566803,
                    0.3450004458427429,
                    1.390741229057312
                ],
                [
                    0.6443353295326233,
                    0.6458834409713745,
                    0.4094710946083069,
                    1.6506308317184448
                ],
                [
                    0.0,
                    0.53543621301651,
                    -0.8445757031440735,
                    -3.4045934677124023
                ],
                [
                    0.0,
                    0.0,
                    0.0,
                    1.0
                ]
            ]
        },
        {
            "file_path": "/data/shapenet_blender/all_50_random/02958343/ee0232b37ee6265bda72093f9b5aa73/r_41",
            "rotation": 0.12566370614359174,
            "transform_matrix": [
                [
                    0.9849517345428467,
                    -0.08874162286520004,
                    0.14830726385116577,
                    0.5978456735610962
                ],
                [
                    0.1728297472000122,
                    0.5057358741760254,
                    -0.8451987504959106,
                    -3.4071052074432373
                ],
                [
                    7.450581485102248e-09,
