{
    "class": "02958343",
    "model": "e5aae7748aac94086228d448ae07dd2b",
    "remove_doubles": true,
    "edge_split": true,
    "denoise": true,
    "camera_angle_x": 0.6911112070083618,
    "scale_factor": 2.214373457320108,
    "hdri_file": "/data/IndoorHDRDataset2018/9C4A8928-2fbd3aa74a.exr",
    "center_offset": [
        0.0,
        0.0,
        1.3969838619232178e-09
    ],
    "lights": [],
    "frames": [
        {
            "file_path": "/data/shapenet_blender/all_50_random/02958343/e5aae7748aac94086228d448ae07dd2b/r_0",
            "rotation": 0.12566370614359174,
            "transform_matrix": [
                [
                    0.8146869540214539,
                    -0.14879223704338074,
                    0.5604872703552246,
                    2.25939679145813
                ],
                [
                    0.5799010396003723,
                    0.20903411507606506,
                    -0.7874131202697754,
                    -3.174164056777954
                ],
                [
                    0.0,
                    0.9665224552154541,
                    0.2565820813179016,
                    1.034315586090088
                ],
                [
                    0.0,
                    0.0,
                    0.0,
                    1.0
                ]
            ]
        },
        {
            "file_path": "/data/shapenet_blender/all_50_random/02958343/e5aae7748aac94086228d448ae07dd2b/r_1",
            "rotation": 0.12566370614359174,
            "transform_matrix": [
                [
                    0.994945228099823,
                    0.06021125987172127,
                    0.08036646246910095,
                    0.3239675760269165
                ],
                [
                    0.10041995346546173,
                    -0.5965637564659119,
                    -0.7962583899497986,
                    -3.20982027053833
                ],
                [
                    0.0,
                    0.8003037571907043,
                    -0.5995946526527405,
                    -2.417043447494507
                ],
                [
                    0.0,
                    0.0,
                    0.0,
                    1.0
                ]
            ]
        },
        {
            "file_path": "/data/shapenet_blender/all_50_random/02958343/e5aae7748aac94086228d448ae07dd2b/r_2",
            "rotation": 0.12566370614359174,
            "transform_matrix": [
                [
                    0.8398382663726807,
                    0.14951053261756897,
                    0.5218413472175598,
                    2.103609800338745
                ],
                [
                    0.5428368449211121,
                    -0.23131196200847626,
                    -0.807355523109436,
                    -3.254554271697998
                ],
                [
                    -1.4901162970204496e-08,
                    0.9613226056098938,
                    -0.27542445063591003,
                    -1.1102714538574219
                ],
                [
                    0.0,
                    0.0,
                    0.0,
                    1.0
                ]
            ]
        },
        {
            "file_path": "/data/shapenet_blender/all_50_random/02958343/e5aae7748aac94086228d448ae07dd2b/r_3",
            "rotation": 0.12566370614359174,
            "transform_matrix": [
                [
                    -0.7376840114593506,
                    -0.5598708987236023,
                    0.37731537222862244,
                    1.5210069417953491
                ],
                [
                    0.6751461029052734,
                    -0.6117309927940369,
                    0.4122655987739563,
                    1.661895751953125
                ],
                [
                    -1.4901160305669237e-08,
                    0.5588648319244385,
                    0.8292587995529175,
                    3.3428492546081543
                ],
                [
                    0.0,
                    0.0,
                    0.0,
                    1.0
                ]
            ]
        },
        {
            "file_path": "/data/shapenet_blender/all_50_random/02958343/e5aae7748aac94086228d448ae07dd2b/r_4",
            "rotation": 0.12566370614359174,
            "transform_matrix": [
                [
                    0.8175951838493347,
                    -0.08879242092370987,
                    0.5689058899879456,
                    2.293333053588867
                ],
                [
                    0.5757933259010315,
                    0.12608039379119873,
                    -0.8078153729438782,
                    -3.2564079761505127
                ],
                [
                    0.0,
                    0.9880383014678955,
                    0.15420880913734436,
                    0.6216356158256531
                ],
                [
                    0.0,
                    0.0,
                    0.0,
                    1.0
                ]
            ]
        },
        {
            "file_path": "/data/shapenet_blender/all_50_random/02958343/e5aae7748aac94086228d448ae07dd2b/r_5",
            "rotation": 0.12566370614359174,
            "transform_matrix": [
                [
                    0.9986876845359802,
                    -0.004769096150994301,
                    0.05099258944392204,
                    0.2055577039718628
                ],
                [
                    0.05121511593461037,
                    0.09299670904874802,
                    -0.994348406791687,
                    -4.0083465576171875
                ],
                [
                    4.6566123179658803e-10,
                    0.9956549406051636,
                    0.09311892092227936,
                    0.37537437677383423
                ],
                [
                    0.0,
                    0.0,
                    0.0,
                    1.0
                ]
            ]
        },
        {
            "file_path": "/data/shapenet_blender/all_50_random/02958343/e5aae7748aac94086228d448ae07dd2b/r_6",
            "rotation": 0.12566370614359174,
            "transform_matrix": [
                [
                    0.13069391250610352,
                    -0.19431455433368683,
                    0.9721939563751221,
                    3.919038772583008
                ],
                [
                    0.9914228320121765,
                    0.02561543695628643,
                    -0.1281590759754181,
                    -0.516625702381134
                ],
                [
                    1.8626449271863521e-09,
                    0.980604887008667,
                    0.19599564373493195,
                    0.7900835871696472
                ],
                [
                    0.0,
                    0.0,
                    0.0,
                    1.0
                ]
            ]
        },
        {
            "file_path": "/data/shapenet_blender/all_50_random/02958343/e5aae7748aac94086228d448ae07dd2b/r_7",
            "rotation": 0.12566370614359174,
            "transform_matrix": [
                [
                    0.06668312847614288,
                    0.8237059116363525,
                    0.5630823969841003,
                    2.269857883453369
                ],
                [
                    0.9977742433547974,
                    -0.05504981800913811,
                    -0.03763185814023018,
                    -0.15169888734817505
                ],
                [
                    0.0,
                    0.5643384456634521,
                    -0.8255434036254883,
                    -3.3278720378875732
                ],
                [
                    0.0,
                    0.0,
                    0.0,
                    1.0
                ]
            ]
        },
        {
            "file_path": "/data/shapenet_blender/all_50_random/02958343/e5aae7748aac94086228d448ae07dd2b/r_8",
            "rotation": 0.12566370614359174,
            "transform_matrix": [
                [
                    0.9946049451828003,
                    -0.008521288633346558,
                    -0.10338552296161652,
                    -0.4167604148387909
                ],
                [
                    -0.10373613238334656,
                    -0.08170071989297867,
                    -0.9912434816360474,
                    -3.995830535888672
                ],
                [
                    0.0,
                    0.9966205358505249,
                    -0.0821438804268837,
                    -0.33113259077072144
                ],
                [
                    0.0,
                    0.0,
                    0.0,
                    1.0
                ]
            ]
        },
        {
            "file_path": "/data/shapenet_blender/all_50_random/02958343/e5aae7748aac94086228d448ae07dd2b/r_9",
            "rotation": 0.12566370614359174,
            "transform_matrix": [
                [
                    -0.7230849266052246,
                    0.12868483364582062,
                    -0.6786665916442871,
                    -2.735792636871338
                ],
                [
                    -0.6907591223716736,
                    -0.13470695912837982,
                    0.7104265093803406,
                    2.863820791244507
                ],
                [
                    7.450580152834618e-09,
                    0.9824938774108887,
                    0.1862948089838028,
                    0.750978410243988
                ],
                [
                    0.0,
                    0.0,
                    0.0,
                    1.0
                ]
            ]
        },
        {
            "file_path": "/data/shapenet_blender/all_50_random/02958343/e5aae7748aac94086228d448ae07dd2b/r_10",
            "rotation": 0.12566370614359174,
            "transform_matrix": [
                [
                    0.6807344555854797,
                    0.5349878668785095,
                    -0.5003883242607117,
                    -2.017129898071289
                ],
                [
                    -0.7325302362442017,
                    0.4971599280834198,
                    -0.4650067985057831,
                    -1.874502420425415
                ],
                [
                    2.980232594040899e-08,
                    0.6830958127975464,
                    0.7303287386894226,
                    2.94404935836792
                ],
                [
                    0.0,
                    0.0,
                    0.0,
                    1.0
                ]
            ]
        },
        {
            "file_path": "/data/shapenet_blender/all_50_random/02958343/e5aae7748aac94086228d448ae07dd2b/r_11",
            "rotation": 0.12566370614359174,
            "transform_matrix": [
                [
                    -0.8268212080001831,
                    -0.2851623594760895,
                    -0.4848186671733856,
                    -1.9543665647506714
                ],
                [
                    -0.5624648332595825,
                    0.4191875457763672,
                    0.7126815915107727,
                    2.8729114532470703
                ],
                [
                    -1.4901161193847656e-08,
                    0.8619536757469177,
                    -0.5069869756698608,
                    -2.043729782104492
                ],
                [
                    0.0,
                    0.0,
                    0.0,
                    1.0
                ]
            ]
        },
        {
            "file_path": "/data/shapenet_blender/all_50_random/02958343/e5aae7748aac94086228d448ae07dd2b/r_12",
            "rotation": 0.12566370614359174,
            "transform_matrix": [
                [
                    -0.999995768070221,
                    -0.0006934200646355748,
                    -0.0028450435493141413,
                    -0.011468738317489624
                ],
                [
                    -0.0029283282347023487,
                    0.23679625988006592,
                    0.9715548753738403,
                    3.9164631366729736
                ],
                [
                    0.0,
                    0.9715591073036194,
                    -0.2367972433567047,
                    -0.9545602798461914
                ],
                [
                    0.0,
                    0.0,
                    0.0,
                    1.0
                ]
            ]
        },
        {
            "file_path": "/data/shapenet_blender/all_50_random/02958343/e5aae7748aac94086228d448ae07dd2b/r_13",
            "rotation": 0.12566370614359174,
            "transform_matrix": [
                [
                    -0.8654028177261353,
                    0.4284346401691437,
                    0.25984933972358704,
                    1.0474861860275269
                ],
                [
                    0.5010767579078674,
                    0.7399435639381409,
                    0.4487822353839874,
                    1.8090990781784058
                ],
                [
                    1.4901161193847656e-08,
                    0.5185818076133728,
                    -0.855027973651886,
                    -3.446727991104126
                ],
                [
                    0.0,
                    0.0,
                    0.0,
                    1.0
                ]
            ]
        },
        {
            "file_path": "/data/shapenet_blender/all_50_random/02958343/e5aae7748aac94086228d448ae07dd2b/r_14",
            "rotation": 0.12566370614359174,
            "transform_matrix": [
                [
                    -0.19623586535453796,
                    -0.43993157148361206,
                    -0.8763284683227539,
                    -3.532593250274658
                ],
                [
                    -0.9805567860603333,
                    0.08804217725992203,
                    0.17537696659564972,
                    0.7069672346115112
                ],
                [
                    0.0,
                    0.8937050104141235,
                    -0.4486548900604248,
                    -1.8085858821868896
                ],
                [
                    0.0,
                    0.0,
                    0.0,
                    1.0
                ]
            ]
        },
        {
            "file_path": "/data/shapenet_blender/all_50_random/02958343/e5aae7748aac94086228d448ae07dd2b/r_15",
            "rotation": 0.12566370614359174,
            "transform_matrix": [
                [
                    0.20760732889175415,
                    0.3126753270626068,
                    -0.9268944263458252,
                    -3.7364308834075928
                ],
                [
                    -0.9782122373580933,
                    0.0663595125079155,
                    -0.1967160701751709,
                    -0.7929878234863281
                ],
                [
                    0.0,
                    0.9475391507148743,
                    0.31963956356048584,
                    1.2885082960128784
                ],
                [
                    0.0,
                    0.0,
                    0.0,
                    1.0
                ]
            ]
        },
        {
            "file_path": "/data/shapenet_blender/all_50_random/02958343/e5aae7748aac94086228d448ae07dd2b/r_16",
            "rotation": 0.12566370614359174,
            "transform_matrix": [
                [
                    0.5133987069129944,
                    -0.4434121251106262,
                    -0.7347158789634705,
                    -2.9617345333099365
                ],
                [
                    -0.8581503033638,
                    -0.26527661085128784,
                    -0.4395526051521301,
                    -1.7718932628631592
                ],
                [
                    1.4901162970204496e-08,
                    0.8561622500419617,
                    -0.5167068839073181,
                    -2.082911968231201
                ],
                [
                    0.0,
                    0.0,
                    0.0,
                    1.0
                ]
            ]
        },
        {
            "file_path": "/data/shapenet_blender/all_50_random/02958343/e5aae7748aac94086228d448ae07dd2b/r_17",
            "rotation": 0.12566370614359174,
            "transform_matrix": [
                [
                    -0.16043469309806824,
                    0.5097294449806213,
                    -0.8452433943748474,
                    -3.407285451889038
                ],
                [
                    -0.987046480178833,
                    -0.08285151422023773,
                    0.1373859941959381,
                    0.5538207292556763
                ],
                [
                    0.0,
                    0.8563359975814819,
                    0.5164189338684082,
                    2.081751585006714
                ],
                [
                    0.0,
                    0.0,
                    0.0,
                    1.0
                ]
            ]
        },
        {
            "file_path": "/data/shapenet_blender/all_50_random/02958343/e5aae7748aac94086228d448ae07dd2b/r_18",
            "rotation": 0.12566370614359174,
            "transform_matrix": [
                [
                    -0.8928353786468506,
                    0.09890639781951904,
                    0.4393889307975769,
                    1.7712334394454956
                ],
                [
                    0.45038336515426636,
                    0.19607104361057281,
                    0.8710401654243469,
                    3.511275291442871
                ],
                [
                    0.0,
                    0.9755887985229492,
                    -0.2196049690246582,
                    -0.8852559328079224
                ],
                [
                    0.0,
                    0.0,
                    0.0,
                    1.0
                ]
            ]
        },
        {
            "file_path": "/data/shapenet_blender/all_50_random/02958343/e5aae7748aac94086228d448ae07dd2b/r_19",
            "rotation": 0.12566370614359174,
            "transform_matrix": [
                [
                    -0.6423741579055786,
                    -0.5305653214454651,
                    -0.5530424118041992,
                    -2.2293853759765625
                ],
                [
                    -0.7663912177085876,
                    0.44470950961112976,
                    0.46354934573173523,
                    1.8686271905899048
                ],
                [
                    1.4901161193847656e-08,
                    0.7216189503669739,
                    -0.6922904849052429,
                    -2.7907121181488037
                ],
                [
                    0.0,
                    0.0,
                    0.0,
                    1.0
                ]
            ]
        },
        {
            "file_path": "/data/shapenet_blender/all_50_random/02958343/e5aae7748aac94086228d448ae07dd2b/r_20",
            "rotation": 0.12566370614359174,
            "transform_matrix": [
                [
                    -0.4268547296524048,
                    0.033650338649749756,
                    -0.9036938548088074,
                    -3.642906665802002
                ],
                [
                    -0.9043201804161072,
                    -0.015883540734648705,
                    0.42655912041664124,
                    1.7195149660110474
                ],
                [
                    9.313224635931761e-10,
                    0.9993075132369995,
                    0.03721063956618309,
                    0.1500009000301361
                ],
                [
                    0.0,
                    0.0,
                    0.0,
                    1.0
                ]
            ]
        },
        {
            "file_path": "/data/shapenet_blender/all_50_random/02958343/e5aae7748aac94086228d448ae07dd2b/r_21",
            "rotation": 0.12566370614359174,
            "transform_matrix": [
                [
                    -0.25023913383483887,
                    -0.8705542087554932,
                    -0.423692911863327,
                    -1.707960844039917
                ],
                [
                    -0.9681841135025024,
                    0.22500549256801605,
                    0.10950866341590881,
                    0.4414435625076294
                ],
                [
                    7.450580596923828e-09,
                    0.4376159906387329,
                    -0.8991618752479553,
                    -3.6246376037597656
                ],
                [
                    0.0,
                    0.0,
                    0.0,
                    1.0
                ]
            ]
        },
        {
            "file_path": "/data/shapenet_blender/all_50_random/02958343/e5aae7748aac94086228d448ae07dd2b/r_22",
            "rotation": 0.12566370614359174,
            "transform_matrix": [
                [
                    0.980076253414154,
                    0.06264828145503998,
                    0.18848267197608948,
                    0.7597979307174683
                ],
                [
                    0.19862157106399536,
                    -0.30913102626800537,
                    -0.9300469756126404,
                    -3.7491393089294434
                ],
                [
                    -3.725290298461914e-09,
                    0.9489536285400391,
                    -0.31541532278060913,
                    -1.271479845046997
                ],
                [
                    0.0,
                    0.0,
                    0.0,
                    1.0
                ]
            ]
        },
        {
            "file_path": "/data/shapenet_blender/all_50_random/02958343/e5aae7748aac94086228d448ae07dd2b/r_23",
            "rotation": 0.12566370614359174,
            "transform_matrix": [
                [
                    -0.15803663432598114,
                    0.932435154914856,
                    0.3249445855617523,
                    1.3098936080932617
                ],
                [
                    0.9874333143234253,
                    0.14923429489135742,
                    0.05200669914484024,
                    0.20964571833610535
                ],
                [
                    -3.725290742551124e-09,
                    0.32908010482788086,
                    -0.944301962852478,
                    -3.806603193283081
                ],
                [
                    0.0,
                    0.0,
                    0.0,
                    1.0
                ]
            ]
        },
        {
            "file_path": "/data/shapenet_blender/all_50_random/02958343/e5aae7748aac94086228d448ae07dd2b/r_24",
            "rotation": 0.12566370614359174,
            "transform_matrix": [
                [
                    -0.7741878628730774,
                    -0.1500331312417984,
                    -0.6149171590805054,
                    -2.4788105487823486
                ],
                [
                    -0.6329559087753296,
                    0.18351013958454132,
                    0.7521241307258606,
                    3.031909704208374
                ],
                [
                    -7.450580596923828e-09,
                    0.9715009331703186,
                    -0.23703566193580627,
                    -0.9555214047431946
                ],
                [
                    0.0,
                    0.0,
                    0.0,
                    1.0
                ]
            ]
        },
        {
            "file_path": "/data/shapenet_blender/all_50_random/02958343/e5aae7748aac94086228d448ae07dd2b/r_25",
            "rotation": 0.12566370614359174,
            "transform_matrix": [
                [
                    -0.9632223844528198,
                    0.21953225135803223,
                    0.15494605898857117,
                    0.6246076226234436
                ],
                [
                    0.2687056064605713,
                    0.7869518399238586,
                    0.5554313063621521,
                    2.2390153408050537
                ],
                [
                    0.0,
                    0.5766388773918152,
                    -0.8169991970062256,
                    -3.293429374694824
                ],
                [
                    0.0,
                    0.0,
                    0.0,
                    1.0
                ]
            ]
        },
        {
            "file_path": "/data/shapenet_blender/all_50_random/02958343/e5aae7748aac94086228d448ae07dd2b/r_26",
            "rotation": 0.12566370614359174,
            "transform_matrix": [
                [
                    0.7808883190155029,
                    0.34030547738075256,
                    0.5238374471664429,
                    2.1116559505462646
                ],
                [
                    0.624670684337616,
                    -0.42540910840034485,
                    -0.6548387408256531,
                    -2.6397390365600586
                ],
                [
                    1.4901159417490817e-08,
                    0.8385817408561707,
                    -0.5447758436203003,
                    -2.196061372756958
                ],
                [
                    0.0,
                    0.0,
                    0.0,
                    1.0
                ]
            ]
        },
        {
            "file_path": "/data/shapenet_blender/all_50_random/02958343/e5aae7748aac94086228d448ae07dd2b/r_27",
            "rotation": 0.12566370614359174,
            "transform_matrix": [
                [
                    -0.504530131816864,
                    0.3070862889289856,
                    0.8069370985031128,
                    3.2528669834136963
                ],
                [
                    0.8633940815925598,
                    0.1794479340314865,
                    0.47153908014297485,
                    1.900834560394287
                ],
                [
                    -1.4901159417490817e-08,
                    0.9346102476119995,
                    -0.35567349195480347,
                    -1.4337655305862427
                ],
                [
                    0.0,
                    0.0,
                    0.0,
                    1.0
                ]
            ]
        },
        {
            "file_path": "/data/shapenet_blender/all_50_random/02958343/e5aae7748aac94086228d448ae07dd2b/r_28",
            "rotation": 0.12566370614359174,
            "transform_matrix": [
                [
                    -0.9848109483718872,
                    -0.0842672660946846,
                    -0.15181085467338562,
                    -0.6119691133499146
                ],
                [
                    -0.17363038659095764,
                    0.4779539406299591,
                    0.8610531091690063,
                    3.4710161685943604
                ],
                [
                    7.450581485102248e-09,
                    0.874333381652832,
                    -0.4853256344795227,
                    -1.9564101696014404
                ],
                [
                    0.0,
                    0.0,
                    0.0,
                    1.0
                ]
            ]
        },
        {
            "file_path": "/data/shapenet_blender/all_50_random/02958343/e5aae7748aac94086228d448ae07dd2b/r_29",
            "rotation": 0.12566370614359174,
            "transform_matrix": [
                [
                    0.16237421333789825,
                    -0.7177638411521912,
                    0.6770889759063721,
                    2.729433059692383
                ],
                [
                    0.9867292642593384,
                    0.11811380833387375,
                    -0.11142042279243469,
                    -0.44915008544921875
                ],
                [
                    -7.450581485102248e-09,
                    0.6861952543258667,
                    0.7274172902107239,
                    2.9323129653930664
                ],
                [
                    0.0,
                    0.0,
                    0.0,
                    1.0
                ]
            ]
        },
        {
            "file_path": "/data/shapenet_blender/all_50_random/02958343/e5aae7748aac94086228d448ae07dd2b/r_30",
            "rotation": 0.12566370614359174,
            "transform_matrix": [
                [
                    -0.6416042447090149,
                    -0.056760113686323166,
                    0.7649328112602234,
                    3.083542823791504
                ],
                [
                    0.7670358419418335,
                    -0.047478269785642624,
                    0.6398451924324036,
                    2.579298496246338
                ],
                [
                    0.0,
                    0.9972582459449768,
                    0.0739993080496788,
                    0.29830074310302734
                ],
                [
                    0.0,
                    0.0,
                    0.0,
                    1.0
                ]
            ]
        },
        {
            "file_path": "/data/shapenet_blender/all_50_random/02958343/e5aae7748aac94086228d448ae07dd2b/r_31",
            "rotation": 0.12566370614359174,
            "transform_matrix": [
                [
                    0.31435906887054443,
                    0.5867436528205872,
                    0.7462641596794128,
                    3.008286952972412
                ],
                [
                    0.9493041038513184,
                    -0.19429834187030792,
                    -0.24712303280830383,
                    -0.9961848258972168
                ],
                [
                    2.9802320611338473e-08,
                    0.7861170768737793,
                    -0.6180776357650757,
                    -2.4915506839752197
                ],
                [
                    0.0,
                    0.0,
                    0.0,
                    1.0
                ]
            ]
        },
        {
            "file_path": "/data/shapenet_blender/all_50_random/02958343/e5aae7748aac94086228d448ae07dd2b/r_32",
            "rotation": 0.12566370614359174,
            "transform_matrix": [
                [
                    0.561045229434967,
                    -0.39676424860954285,
                    -0.7265028357505798,
                    -2.928626537322998
                ],
                [
                    -0.8277851343154907,
                    -0.268913596868515,
                    -0.4923994541168213,
                    -1.9849257469177246
                ],
                [
                    0.0,
                    0.8776465058326721,
                    -0.47930827736854553,
                    -1.9321534633636475
                ],
                [
                    0.0,
                    0.0,
                    0.0,
                    1.0
                ]
            ]
        },
        {
            "file_path": "/data/shapenet_blender/all_50_random/02958343/e5aae7748aac94086228d448ae07dd2b/r_33",
            "rotation": 0.12566370614359174,
            "transform_matrix": [
                [
                    0.1037212535738945,
                    0.02209113910794258,
                    0.9943610429763794,
                    4.008397579193115
                ],
                [
                    0.9946064352989197,
                    -0.0023037458304315805,
                    -0.10369566082954407,
                    -0.4180105924606323
                ],
                [
                    -2.3283064365386963e-10,
                    0.9997532963752747,
                    -0.02221093513071537,
                    -0.08953514695167542
                ],
                [
                    0.0,
                    0.0,
                    0.0,
                    1.0
                ]
            ]
        },
        {
            "file_path": "/data/shapenet_blender/all_50_random/02958343/e5aae7748aac94086228d448ae07dd2b/r_34",
            "rotation": 0.12566370614359174,
            "transform_matrix": [
                [
                    -0.2251606285572052,
                    -0.011261128820478916,
                    -0.9742565155029297,
                    -3.927353858947754
                ],
                [
                    -0.9743216037750244,
                    0.002602387685328722,
                    0.2251455932855606,
                    0.9075909852981567
                ],
                [
                    -4.656612040410124e-10,
                    0.9999333024024963,
                    -0.011557914316654205,
                    -0.04659144580364227
                ],
                [
                    0.0,
                    0.0,
                    0.0,
                    1.0
                ]
            ]
        },
        {
            "file_path": "/data/shapenet_blender/all_50_random/02958343/e5aae7748aac94086228d448ae07dd2b/r_35",
            "rotation": 0.12566370614359174,
            "transform_matrix": [
                [
                    0.2684553265571594,
                    -0.6567173600196838,
                    0.7047368884086609,
                    2.8408851623535156
                ],
                [
                    0.9632921814918518,
                    0.18301744759082794,
                    -0.19639979302883148,
                    -0.7917128801345825
                ],
                [
                    0.0,
                    0.731592059135437,
                    0.6817426085472107,
                    2.748192310333252
                ],
                [
                    0.0,
                    0.0,
                    0.0,
                    1.0
                ]
            ]
        },
        {
            "file_path": "/data/shapenet_blender/all_50_random/02958343/e5aae7748aac94086228d448ae07dd2b/r_36",
            "rotation": 0.12566370614359174,
            "transform_matrix": [
                [
                    -0.20073598623275757,
                    0.06104297935962677,
                    -0.9777417778968811,
                    -3.9414026737213135
                ],
                [
                    -0.979645311832428,
                    -0.012508124113082886,
                    0.2003459632396698,
                    0.8076202869415283
                ],
                [
                    -9.313224080820248e-10,
                    0.9980567693710327,
                    0.06231130659580231,
                    0.25118488073349
                ],
                [
                    0.0,
                    0.0,
                    0.0,
                    1.0
                ]
            ]
        },
        {
            "file_path": "/data/shapenet_blender/all_50_random/02958343/e5aae7748aac94086228d448ae07dd2b/r_37",
            "rotation": 0.12566370614359174,
            "transform_matrix": [
                [
                    0.36278560757637024,
                    -0.19950194656848907,
                    0.9102667570114136,
                    3.669402599334717
                ],
                [
                    0.9318727254867554,
                    0.0776677280664444,
                    -0.3543742299079895,
                    -1.4285281896591187
                ],
                [
                    0.0,
                    0.9768145680427551,
                    0.2140871286392212,
                    0.8630127906799316
                ],
                [
                    0.0,
                    0.0,
                    0.0,
                    1.0
                ]
            ]
        },
        {
            "file_path": "/data/shapenet_blender/all_50_random/02958343/e5aae7748aac94086228d448ae07dd2b/r_38",
            "rotation": 0.12566370614359174,
            "transform_matrix": [
                [
                    0.5537667274475098,
                    -0.03010123036801815,
                    0.832127571105957,
                    3.3544135093688965
                ],
                [
                    0.8326718211174011,
                    0.020018761977553368,
                    -0.5534048080444336,
                    -2.2308461666107178
                ],
                [
                    1.8626450382086546e-09,
                    0.9993463754653931,
                    0.03615017235279083,
                    0.1457260102033615
                ],
                [
                    0.0,
                    0.0,
                    0.0,
                    1.0
                ]
            ]
        },
        {
            "file_path": "/data/shapenet_blender/all_50_random/02958343/e5aae7748aac94086228d448ae07dd2b/r_39",
            "rotation": 0.12566370614359174,
            "transform_matrix": [
                [
                    -0.5274468660354614,
                    -0.17498573660850525,
                    -0.8313722014427185,
                    -3.3513686656951904
                ],
                [
                    -0.8495880961418152,
                    0.1086358055472374,
                    0.516137957572937,
                    2.0806188583374023
                ],
                [
                    0.0,
                    0.9785593152046204,
                    -0.20596536993980408,
                    -0.8302730321884155
                ],
                [
                    0.0,
                    0.0,
                    0.0,
                    1.0
                ]
            ]
        },
        {
            "file_path": "/data/shapenet_blender/all_50_random/02958343/e5aae7748aac94086228d448ae07dd2b/r_40",
            "rotation": 0.12566370614359174,
            "transform_matrix": [
                [
                    -0.7982833981513977,
                    -0.07654087245464325,
                    -0.597398579120636,
                    -2.4081907272338867
                ],
                [
                    -0.6022819876670837,
                    0.10144966840744019,
                    0.7918108105659485,
                    3.1918914318084717
                ],
                [
                    -3.725290298461914e-09,
                    0.9918918013572693,
                    -0.12708477675914764,
                    -0.512295126914978
                ],
                [
                    0.0,
                    0.0,
                    0.0,
                    1.0
                ]
            ]
        },
        {
            "file_path": "/data/shapenet_blender/all_50_random/02958343/e5aae7748aac94086228d448ae07dd2b/r_41",
            "rotation": 0.12566370614359174,
            "transform_matrix": [
                [
                    -0.08379442989826202,
                    -0.9582712650299072,
                    -0.27330315113067627,
                    -1.1017202138900757
                ],
                [
                    -0.9964830875396729,
                    0.0805811882019043,
                    0.02298210747539997,
