{
    "class": "02958343",
    "model": "99f49d11dad8ee25e517b5f5894c76d9",
    "remove_doubles": true,
    "edge_split": true,
    "denoise": true,
    "camera_angle_x": 0.6911112070083618,
    "scale_factor": 2.2634317606100622,
    "hdri_file": "/data/IndoorHDRDataset2018/AG8A7177-aa637f8ea9.exr",
    "center_offset": [
        0.0,
        -1.862645149230957e-09,
        -3.725290298461914e-09
    ],
    "lights": [],
    "frames": [
        {
            "file_path": "/data/shapenet_blender/all_50_random/02958343/99f49d11dad8ee25e517b5f5894c76d9/r_0",
            "rotation": 0.12566370614359174,
            "transform_matrix": [
                [
                    0.8594114184379578,
                    0.03421925753355026,
                    0.5101382732391357,
                    2.0564332008361816
                ],
                [
                    0.5112847089767456,
                    -0.05751867964863777,
                    -0.8574844598770142,
                    -3.4566304683685303
                ],
                [
                    -1.862645149230957e-09,
                    0.9977577924728394,
                    -0.06692799925804138,
                    -0.26979538798332214
                ],
                [
                    0.0,
                    0.0,
                    0.0,
                    1.0
                ]
            ]
        },
        {
            "file_path": "/data/shapenet_blender/all_50_random/02958343/99f49d11dad8ee25e517b5f5894c76d9/r_1",
            "rotation": 0.12566370614359174,
            "transform_matrix": [
                [
                    0.2842819392681122,
                    0.7534487843513489,
                    0.5928730964660645,
                    2.3899481296539307
                ],
                [
                    0.9587406516075134,
                    -0.22340962290763855,
                    -0.17579635977745056,
                    -0.7086578607559204
                ],
                [
                    0.0,
                    0.6183873414993286,
                    -0.7858733534812927,
                    -3.167957067489624
                ],
                [
                    0.0,
                    0.0,
                    0.0,
                    1.0
                ]
            ]
        },
        {
            "file_path": "/data/shapenet_blender/all_50_random/02958343/99f49d11dad8ee25e517b5f5894c76d9/r_2",
            "rotation": 0.12566370614359174,
            "transform_matrix": [
                [
                    0.4102916717529297,
                    0.07854662835597992,
                    -0.9085654616355896,
                    -3.6625444889068604
                ],
                [
                    -0.911954402923584,
                    0.035338420420885086,
                    -0.4087669849395752,
                    -1.6477924585342407
                ],
                [
                    0.0,
                    0.9962838888168335,
                    0.08613000065088272,
                    0.3472011387348175
                ],
                [
                    0.0,
                    0.0,
                    0.0,
                    1.0
                ]
            ]
        },
        {
            "file_path": "/data/shapenet_blender/all_50_random/02958343/99f49d11dad8ee25e517b5f5894c76d9/r_3",
            "rotation": 0.12566370614359174,
            "transform_matrix": [
                [
                    0.8110795021057129,
                    0.3378758728504181,
                    0.47748297452926636,
                    1.924795150756836
                ],
                [
                    0.5849359631538391,
                    -0.468502938747406,
                    -0.6620838642120361,
                    -2.668945074081421
                ],
                [
                    1.4901161193847656e-08,
                    0.8162994384765625,
                    -0.5776289105415344,
                    -2.328496217727661
                ],
                [
                    0.0,
                    0.0,
                    0.0,
                    1.0
                ]
            ]
        },
        {
            "file_path": "/data/shapenet_blender/all_50_random/02958343/99f49d11dad8ee25e517b5f5894c76d9/r_4",
            "rotation": 0.12566370614359174,
            "transform_matrix": [
                [
                    0.28704050183296204,
                    0.2482176274061203,
                    -0.925200343132019,
                    -3.7296018600463867
                ],
                [
                    -0.9579184055328369,
                    0.07437847554683685,
                    -0.2772365212440491,
                    -1.1175761222839355
                ],
                [
                    0.0,
                    0.9658447504043579,
                    0.259121835231781,
                    1.044553518295288
                ],
                [
                    0.0,
                    0.0,
                    0.0,
                    1.0
                ]
            ]
        },
        {
            "file_path": "/data/shapenet_blender/all_50_random/02958343/99f49d11dad8ee25e517b5f5894c76d9/r_5",
            "rotation": 0.12566370614359174,
            "transform_matrix": [
                [
                    0.9965845942497253,
                    0.004346105735749006,
                    -0.08246438205242157,
                    -0.3324245512485504
                ],
                [
                    -0.08257883042097092,
                    0.052450031042099,
                    -0.9952033758163452,
                    -4.01179313659668
                ],
                [
                    0.0,
                    0.9986140727996826,
                    0.05262978747487068,
                    0.2121574580669403
                ],
                [
                    0.0,
                    0.0,
                    0.0,
                    1.0
                ]
            ]
        },
        {
            "file_path": "/data/shapenet_blender/all_50_random/02958343/99f49d11dad8ee25e517b5f5894c76d9/r_6",
            "rotation": 0.12566370614359174,
            "transform_matrix": [
                [
                    -0.74676513671875,
                    -0.6350892186164856,
                    0.19749313592910767,
                    0.796120285987854
                ],
                [
                    0.665087878704071,
                    -0.7130824327468872,
                    0.22174660861492157,
                    0.8938891887664795
                ],
                [
                    1.4901162970204496e-08,
                    0.29694297909736633,
                    0.9548951983451843,
                    3.8493056297302246
                ],
                [
                    0.0,
                    0.0,
                    0.0,
                    1.0
                ]
            ]
        },
        {
            "file_path": "/data/shapenet_blender/all_50_random/02958343/99f49d11dad8ee25e517b5f5894c76d9/r_7",
            "rotation": 0.12566370614359174,
            "transform_matrix": [
                [
                    -0.9127779603004456,
                    0.2574198246002197,
                    0.31712985038757324,
                    1.2783913612365723
                ],
                [
                    0.4084559977054596,
                    0.5752569437026978,
                    0.7086911201477051,
                    2.856825351715088
                ],
                [
                    0.0,
                    0.7764111757278442,
                    -0.6302265524864197,
                    -2.540524482727051
                ],
                [
                    0.0,
                    0.0,
                    0.0,
                    1.0
                ]
            ]
        },
        {
            "file_path": "/data/shapenet_blender/all_50_random/02958343/99f49d11dad8ee25e517b5f5894c76d9/r_8",
            "rotation": 0.12566370614359174,
            "transform_matrix": [
                [
                    0.36642274260520935,
                    -0.8894932866096497,
                    -0.2730127274990082,
                    -1.1005494594573975
                ],
                [
                    -0.9304484128952026,
                    -0.3502940833568573,
                    -0.10751598328351974,
                    -0.43341079354286194
                ],
                [
                    0.0,
                    0.2934205234050751,
                    -0.9559834599494934,
                    -3.8536925315856934
                ],
                [
                    0.0,
                    0.0,
                    0.0,
                    1.0
                ]
            ]
        },
        {
            "file_path": "/data/shapenet_blender/all_50_random/02958343/99f49d11dad8ee25e517b5f5894c76d9/r_9",
            "rotation": 0.12566370614359174,
            "transform_matrix": [
                [
                    0.9782119989395142,
                    0.08637751638889313,
                    -0.1887860894203186,
                    -0.7610211372375488
                ],
                [
                    -0.2076084464788437,
                    0.40699461102485657,
                    -0.8895245790481567,
                    -3.5857884883880615
                ],
                [
                    0.0,
                    0.9093372225761414,
                    0.4160597324371338,
                    1.6771905422210693
                ],
                [
                    0.0,
                    0.0,
                    0.0,
                    1.0
                ]
            ]
        },
        {
            "file_path": "/data/shapenet_blender/all_50_random/02958343/99f49d11dad8ee25e517b5f5894c76d9/r_10",
            "rotation": 0.12566370614359174,
            "transform_matrix": [
                [
                    -0.8160126209259033,
                    -0.4136989414691925,
                    -0.4037037193775177,
                    -1.6273818016052246
                ],
                [
                    -0.5780342221260071,
                    0.5840199589729309,
                    0.5699096918106079,
                    2.297379493713379
                ],
                [
                    0.0,
                    0.6984080076217651,
                    -0.7156997919082642,
                    -2.885078191757202
                ],
                [
                    0.0,
                    0.0,
                    0.0,
                    1.0
                ]
            ]
        },
        {
            "file_path": "/data/shapenet_blender/all_50_random/02958343/99f49d11dad8ee25e517b5f5894c76d9/r_11",
            "rotation": 0.12566370614359174,
            "transform_matrix": [
                [
                    0.9930257201194763,
                    -0.10980559885501862,
                    -0.04292644187808037,
                    -0.17304202914237976
                ],
                [
                    -0.11789804697036743,
                    -0.9248650670051575,
                    -0.3615586459636688,
                    -1.4574894905090332
                ],
                [
                    -3.725290298461914e-09,
                    0.3640979826450348,
                    -0.93136066198349,
                    -3.754434823989868
                ],
                [
                    0.0,
                    0.0,
                    0.0,
                    1.0
                ]
            ]
        },
        {
            "file_path": "/data/shapenet_blender/all_50_random/02958343/99f49d11dad8ee25e517b5f5894c76d9/r_12",
            "rotation": 0.12566370614359174,
            "transform_matrix": [
                [
                    -0.7897205352783203,
                    0.01018771342933178,
                    0.61338210105896,
                    2.4726226329803467
                ],
                [
                    0.613466739654541,
                    0.013114722445607185,
                    0.7896115779876709,
                    3.1830263137817383
                ],
                [
                    0.0,
                    0.9998620748519897,
                    -0.016606785356998444,
                    -0.06694409996271133
                ],
                [
                    0.0,
                    0.0,
                    0.0,
                    1.0
                ]
            ]
        },
        {
            "file_path": "/data/shapenet_blender/all_50_random/02958343/99f49d11dad8ee25e517b5f5894c76d9/r_13",
            "rotation": 0.12566370614359174,
            "transform_matrix": [
                [
                    -0.22409167885780334,
                    -0.6970425248146057,
                    -0.6811127066612244,
                    -2.7456533908843994
                ],
                [
                    -0.9745681285858154,
                    0.1602775901556015,
                    0.15661469101905823,
                    0.6313340663909912
                ],
                [
                    7.450581485102248e-09,
                    0.6988866925239563,
                    -0.715232253074646,
                    -2.8831937313079834
                ],
                [
                    0.0,
                    0.0,
                    0.0,
                    1.0
                ]
            ]
        },
        {
            "file_path": "/data/shapenet_blender/all_50_random/02958343/99f49d11dad8ee25e517b5f5894c76d9/r_14",
            "rotation": 0.12566370614359174,
            "transform_matrix": [
                [
                    -0.8696700930595398,
                    0.16828159987926483,
                    0.4640640318393707,
                    1.8707019090652466
                ],
                [
                    0.4936336278915405,
                    0.2964738607406616,
                    0.8175751566886902,
                    3.295750856399536
                ],
                [
                    0.0,
                    0.9400981068611145,
                    -0.3409038484096527,
                    -1.3742274045944214
                ],
                [
                    0.0,
                    0.0,
                    0.0,
                    1.0
                ]
            ]
        },
        {
            "file_path": "/data/shapenet_blender/all_50_random/02958343/99f49d11dad8ee25e517b5f5894c76d9/r_15",
            "rotation": 0.12566370614359174,
            "transform_matrix": [
                [
                    -0.4034740924835205,
                    0.2594810426235199,
                    -0.8774270415306091,
                    -3.5370216369628906
                ],
                [
                    -0.914991021156311,
                    -0.11442067474126816,
                    0.3869099020957947,
                    1.5596836805343628
                ],
                [
                    0.0,
                    0.9589460492134094,
                    0.28358861804008484,
                    1.1431822776794434
                ],
                [
                    0.0,
                    0.0,
                    0.0,
                    1.0
                ]
            ]
        },
        {
            "file_path": "/data/shapenet_blender/all_50_random/02958343/99f49d11dad8ee25e517b5f5894c76d9/r_16",
            "rotation": 0.12566370614359174,
            "transform_matrix": [
                [
                    -0.16220524907112122,
                    -0.7580206394195557,
                    0.6317388415336609,
                    2.5466208457946777
                ],
                [
                    0.9867569804191589,
                    -0.12460508197546005,
                    0.10384659469127655,
                    0.4186190068721771
                ],
                [
                    7.450580596923828e-09,
                    0.6402171850204468,
                    0.7681938409805298,
                    3.0966885089874268
                ],
                [
                    0.0,
                    0.0,
                    0.0,
                    1.0
                ]
            ]
        },
        {
            "file_path": "/data/shapenet_blender/all_50_random/02958343/99f49d11dad8ee25e517b5f5894c76d9/r_17",
            "rotation": 0.12566370614359174,
            "transform_matrix": [
                [
                    0.7055515646934509,
                    -0.05518364533782005,
                    0.7065066695213318,
                    2.84801983833313
                ],
                [
                    0.7086586356163025,
                    0.05494169518351555,
                    -0.7034090161323547,
                    -2.8355326652526855
                ],
                [
                    0.0,
                    0.9969635009765625,
                    0.07787054777145386,
                    0.3139062523841858
                ],
                [
                    0.0,
                    0.0,
                    0.0,
                    1.0
                ]
            ]
        },
        {
            "file_path": "/data/shapenet_blender/all_50_random/02958343/99f49d11dad8ee25e517b5f5894c76d9/r_18",
            "rotation": 0.12566370614359174,
            "transform_matrix": [
                [
                    0.4878070056438446,
                    0.5178849101066589,
                    -0.7027371525764465,
                    -2.8328239917755127
                ],
                [
                    -0.8729514479637146,
                    0.2893950939178467,
                    -0.39269089698791504,
                    -1.582987666130066
                ],
                [
                    -1.4901161193847656e-08,
                    0.8050128221511841,
                    0.5932573676109314,
                    2.3914968967437744
                ],
                [
                    0.0,
                    0.0,
                    0.0,
                    1.0
                ]
            ]
        },
        {
            "file_path": "/data/shapenet_blender/all_50_random/02958343/99f49d11dad8ee25e517b5f5894c76d9/r_19",
            "rotation": 0.12566370614359174,
            "transform_matrix": [
                [
                    -0.4501405954360962,
                    -0.13332977890968323,
                    0.8829476833343506,
                    3.5592758655548096
                ],
                [
                    0.8929576873779297,
                    -0.06721163541078568,
                    0.4450945556163788,
                    1.7942335605621338
                ],
                [
                    0.0,
                    0.9887900948524475,
                    0.14931254088878632,
                    0.6018981337547302
                ],
                [
                    0.0,
                    0.0,
                    0.0,
                    1.0
                ]
            ]
        },
        {
            "file_path": "/data/shapenet_blender/all_50_random/02958343/99f49d11dad8ee25e517b5f5894c76d9/r_20",
            "rotation": 0.12566370614359174,
            "transform_matrix": [
                [
                    0.6270197629928589,
                    -0.40939152240753174,
                    0.6627554297447205,
                    2.6716527938842773
                ],
                [
                    0.779003381729126,
                    0.32951921224594116,
                    -0.5334517955780029,
                    -2.1504132747650146
                ],
                [
                    0.0,
                    0.8507735729217529,
                    0.5255323052406311,
                    2.1184887886047363
                ],
                [
                    0.0,
                    0.0,
                    0.0,
                    1.0
                ]
            ]
        },
        {
            "file_path": "/data/shapenet_blender/all_50_random/02958343/99f49d11dad8ee25e517b5f5894c76d9/r_21",
            "rotation": 0.12566370614359174,
            "transform_matrix": [
                [
                    0.9363692998886108,
                    -0.07931148260831833,
                    0.3419390320777893,
                    1.378400444984436
                ],
                [
                    0.3510165810585022,
                    0.21157072484493256,
                    -0.9121540784835815,
                    -3.677011013031006
                ],
                [
                    0.0,
                    0.9741392731666565,
                    0.22594797611236572,
                    0.9108254909515381
                ],
                [
                    0.0,
                    0.0,
                    0.0,
                    1.0
                ]
            ]
        },
        {
            "file_path": "/data/shapenet_blender/all_50_random/02958343/99f49d11dad8ee25e517b5f5894c76d9/r_22",
            "rotation": 0.12566370614359174,
            "transform_matrix": [
                [
                    -0.7921413779258728,
                    -0.024074798449873924,
                    0.6098626852035522,
                    2.45843505859375
                ],
                [
                    0.6103377342224121,
                    -0.03124604932963848,
                    0.7915248274803162,
                    3.1907386779785156
                ],
                [
                    -1.862645149230957e-09,
                    0.9992218017578125,
                    0.03944504261016846,
                    0.15900805592536926
                ],
                [
                    0.0,
                    0.0,
                    0.0,
                    1.0
                ]
            ]
        },
        {
            "file_path": "/data/shapenet_blender/all_50_random/02958343/99f49d11dad8ee25e517b5f5894c76d9/r_23",
            "rotation": 0.12566370614359174,
            "transform_matrix": [
                [
                    -0.9809314012527466,
                    -0.06040143221616745,
                    0.18473002314567566,
                    0.744670569896698
                ],
                [
                    0.1943541020154953,
                    -0.3048541843891144,
                    0.9323574304580688,
                    3.758453130722046
                ],
                [
                    -3.725290298461914e-09,
                    0.9504817128181458,
                    0.3107803165912628,
                    1.2527955770492554
                ],
                [
                    0.0,
                    0.0,
                    0.0,
                    1.0
                ]
            ]
        },
        {
            "file_path": "/data/shapenet_blender/all_50_random/02958343/99f49d11dad8ee25e517b5f5894c76d9/r_24",
            "rotation": 0.12566370614359174,
            "transform_matrix": [
                [
                    0.9962303638458252,
                    -0.03736107051372528,
                    0.0782897025346756,
                    0.3155958950519562
                ],
                [
                    0.08674748986959457,
                    0.4290640652179718,
                    -0.8990989327430725,
                    -3.6243836879730225
                ],
                [
                    0.0,
                    0.9025009274482727,
                    0.43068766593933105,
                    1.7361575365066528
                ],
                [
                    0.0,
                    0.0,
                    0.0,
                    1.0
                ]
            ]
        },
        {
            "file_path": "/data/shapenet_blender/all_50_random/02958343/99f49d11dad8ee25e517b5f5894c76d9/r_25",
            "rotation": 0.12566370614359174,
            "transform_matrix": [
                [
                    -0.7842492461204529,
                    -0.18157309293746948,
                    0.5932826399803162,
                    2.391599178314209
                ],
                [
                    0.620445966720581,
                    -0.22951002418994904,
                    0.7499145269393921,
                    3.0230023860931396
                ],
                [
                    1.4901162970204496e-08,
                    0.9562197327613831,
                    0.2926493287086487,
                    1.1797072887420654
                ],
                [
                    0.0,
                    0.0,
                    0.0,
                    1.0
                ]
            ]
        },
        {
            "file_path": "/data/shapenet_blender/all_50_random/02958343/99f49d11dad8ee25e517b5f5894c76d9/r_26",
            "rotation": 0.12566370614359174,
            "transform_matrix": [
                [
                    -0.9411575198173523,
                    0.0369151271879673,
                    -0.33594611287117004,
                    -1.3542420864105225
                ],
                [
                    -0.33796820044517517,
                    -0.10279946029186249,
                    0.9355264902114868,
                    3.7712278366088867
                ],
                [
                    0.0,
                    0.9940168261528015,
                    0.10922662168741226,
                    0.4403066039085388
                ],
                [
                    0.0,
                    0.0,
                    0.0,
                    1.0
                ]
            ]
        },
        {
            "file_path": "/data/shapenet_blender/all_50_random/02958343/99f49d11dad8ee25e517b5f5894c76d9/r_27",
            "rotation": 0.12566370614359174,
            "transform_matrix": [
                [
                    -0.6530002951622009,
                    0.24380865693092346,
                    -0.7170411348342896,
                    -2.8904848098754883
                ],
                [
                    -0.7573575377464294,
                    -0.21021394431591034,
                    0.6182391047477722,
                    2.492201328277588
                ],
                [
                    0.0,
                    0.9467669129371643,
                    0.32192009687423706,
                    1.2977012395858765
                ],
                [
                    0.0,
                    0.0,
                    0.0,
                    1.0
                ]
            ]
        },
        {
            "file_path": "/data/shapenet_blender/all_50_random/02958343/99f49d11dad8ee25e517b5f5894c76d9/r_28",
            "rotation": 0.12566370614359174,
            "transform_matrix": [
                [
                    0.056513238698244095,
                    0.0012012781808152795,
                    -0.9984012246131897,
                    -4.024683952331543
                ],
                [
                    -0.9984018206596375,
                    6.799679977120832e-05,
                    -0.05651320517063141,
                    -0.2278120219707489
                ],
                [
                    7.275956746821688e-12,
                    0.9999992847442627,
                    0.0012032012455165386,
                    0.004850259516388178
                ],
                [
                    0.0,
                    0.0,
                    0.0,
                    1.0
                ]
            ]
        },
        {
            "file_path": "/data/shapenet_blender/all_50_random/02958343/99f49d11dad8ee25e517b5f5894c76d9/r_29",
            "rotation": 0.12566370614359174,
            "transform_matrix": [
                [
                    0.9795293211936951,
                    -0.03127642720937729,
                    0.19885732233524323,
                    0.8016195297241211
                ],
                [
                    0.20130190253257751,
                    0.1521902084350586,
                    -0.9676340818405151,
                    -3.9006576538085938
                ],
                [
                    0.0,
                    0.9878560900688171,
                    0.1553708016872406,
                    0.6263197064399719
                ],
                [
                    0.0,
                    0.0,
                    0.0,
                    1.0
                ]
            ]
        },
        {
            "file_path": "/data/shapenet_blender/all_50_random/02958343/99f49d11dad8ee25e517b5f5894c76d9/r_30",
            "rotation": 0.12566370614359174,
            "transform_matrix": [
                [
                    -0.038212575018405914,
                    0.011050067842006683,
                    0.9992085099220276,
                    4.027938365936279
                ],
                [
                    0.9992695450782776,
                    0.00042256026063114405,
                    0.03821024298667908,
                    0.15403041243553162
                ],
                [
                    -2.9103825252563276e-11,
                    0.99993896484375,
                    -0.011058143340051174,
                    -0.04457680135965347
                ],
                [
                    0.0,
                    0.0,
                    0.0,
                    1.0
                ]
            ]
        },
        {
            "file_path": "/data/shapenet_blender/all_50_random/02958343/99f49d11dad8ee25e517b5f5894c76d9/r_31",
            "rotation": 0.12566370614359174,
            "transform_matrix": [
                [
                    0.5298528075218201,
                    0.24997155368328094,
                    -0.8104134798049927,
                    -3.2668814659118652
                ],
                [
                    -0.8480895161628723,
                    0.15617236495018005,
                    -0.5063143372535706,
                    -2.0410187244415283
                ],
                [
                    1.4901160305669237e-08,
                    0.9555754065513611,
                    0.29474663734436035,
                    1.188161849975586
                ],
                [
                    0.0,
                    0.0,
                    0.0,
                    1.0
                ]
            ]
        },
        {
            "file_path": "/data/shapenet_blender/all_50_random/02958343/99f49d11dad8ee25e517b5f5894c76d9/r_32",
            "rotation": 0.12566370614359174,
            "transform_matrix": [
                [
                    -0.41035860776901245,
                    0.034067146480083466,
                    0.9112876057624817,
                    3.673517942428589
                ],
                [
                    0.9119241833686829,
                    0.015329945832490921,
                    0.4100721776485443,
                    1.653053879737854
                ],
                [
                    0.0,
                    0.9993019700050354,
                    -0.037357430905103683,
                    -0.1505926251411438
                ],
                [
                    0.0,
                    0.0,
                    0.0,
                    1.0
                ]
            ]
        },
        {
            "file_path": "/data/shapenet_blender/all_50_random/02958343/99f49d11dad8ee25e517b5f5894c76d9/r_33",
            "rotation": 0.12566370614359174,
            "transform_matrix": [
                [
                    0.7472184300422668,
                    -0.39609295129776,
                    0.5336431860923767,
                    2.151184558868408
                ],
                [
                    0.6645785570144653,
                    0.4453468322753906,
                    -0.6000012755393982,
                    -2.41868257522583
                ],
                [
                    -1.4901161193847656e-08,
                    0.8029798865318298,
                    0.5960061550140381,
                    2.4025776386260986
                ],
                [
                    0.0,
                    0.0,
                    0.0,
                    1.0
                ]
            ]
        },
        {
            "file_path": "/data/shapenet_blender/all_50_random/02958343/99f49d11dad8ee25e517b5f5894c76d9/r_34",
            "rotation": 0.12566370614359174,
            "transform_matrix": [
                [
                    0.9517830610275269,
                    0.11017022281885147,
                    0.28630661964416504,
                    1.1541388034820557
                ],
                [
                    0.30677178502082825,
                    -0.3418115973472595,
                    -0.8882882595062256,
                    -3.5808041095733643
                ],
                [
                    7.450580152834618e-09,
                    0.9332883954048157,
                    -0.35912761092185974,
                    -1.4476895332336426
                ],
                [
                    0.0,
                    0.0,
                    0.0,
                    1.0
                ]
            ]
        },
        {
            "file_path": "/data/shapenet_blender/all_50_random/02958343/99f49d11dad8ee25e517b5f5894c76d9/r_35",
            "rotation": 0.12566370614359174,
            "transform_matrix": [
                [
                    -0.020017679780721664,
                    -0.31345540285110474,
                    -0.9493918418884277,
                    -3.8271212577819824
                ],
                [
                    -0.9997996687889099,
                    0.006275907624512911,
                    0.01900842972099781,
                    0.07662543654441833
                ],
                [
                    0.0,
                    0.9495821595191956,
                    -0.3135181963443756,
                    -1.263832449913025
                ],
                [
                    0.0,
                    0.0,
                    0.0,
                    1.0
                ]
            ]
        },
        {
            "file_path": "/data/shapenet_blender/all_50_random/02958343/99f49d11dad8ee25e517b5f5894c76d9/r_36",
            "rotation": 0.12566370614359174,
            "transform_matrix": [
                [
                    0.7260205149650574,
                    0.19731570780277252,
                    -0.6587569713592529,
                    -2.655534267425537
                ],
                [
                    -0.6876730918884277,
                    0.208318829536438,
                    -0.6954919099807739,
                    -2.803617477416992
                ],
                [
                    0.0,
                    0.9579507112503052,
                    0.28693246841430664,
                    1.1566617488861084
                ],
                [
                    0.0,
                    0.0,
                    0.0,
                    1.0
                ]
            ]
        },
        {
            "file_path": "/data/shapenet_blender/all_50_random/02958343/99f49d11dad8ee25e517b5f5894c76d9/r_37",
            "rotation": 0.12566370614359174,
            "transform_matrix": [
                [
                    0.690222442150116,
                    0.025726009160280228,
                    -0.723139762878418,
                    -2.915069580078125
                ],
                [
                    -0.7235971689224243,
                    0.024539440870285034,
                    -0.6897861361503601,
                    -2.7806167602539062
                ],
                [
                    0.0,
                    0.9993677735328674,
                    0.035552941262722015,
                    0.14331848919391632
                ],
                [
                    0.0,
                    0.0,
                    0.0,
                    1.0
                ]
            ]
        },
        {
            "file_path": "/data/shapenet_blender/all_50_random/02958343/99f49d11dad8ee25e517b5f5894c76d9/r_38",
            "rotation": 0.12566370614359174,
            "transform_matrix": [
                [
                    0.8076640367507935,
                    0.5883345603942871,
                    0.039260026067495346,
                    0.1582622230052948
                ],
                [
                    0.5896430611610413,
                    -0.8058717250823975,
                    -0.05377645790576935,
                    -0.21677984297275543
                ],
                [
                    -3.725290298461914e-09,
                    0.06658206880092621,
                    -0.9977809190750122,
                    -4.022183418273926
                ],
                [
                    0.0,
                    0.0,
                    0.0,
                    1.0
                ]
            ]
        },
        {
            "file_path": "/data/shapenet_blender/all_50_random/02958343/99f49d11dad8ee25e517b5f5894c76d9/r_39",
            "rotation": 0.12566370614359174,
            "transform_matrix": [
                [
                    0.9396284818649292,
                    -0.16850757598876953,
                    0.29783135652542114,
                    1.200596570968628
                ],
                [
                    0.3421963155269623,
                    0.46270081400871277,
                    -0.8178078532218933,
                    -3.2966887950897217
                ],
                [
                    0.0,
                    0.8703523278236389,
                    0.4924295246601105,
                    1.9850468635559082
                ],
                [
                    0.0,
                    0.0,
                    0.0,
                    1.0
                ]
            ]
        },
        {
            "file_path": "/data/shapenet_blender/all_50_random/02958343/99f49d11dad8ee25e517b5f5894c76d9/r_40",
            "rotation": 0.12566370614359174,
            "transform_matrix": [
                [
                    -0.9909120202064514,
                    -0.0681922510266304,
                    -0.11594467610120773,
                    -0.46738797426223755
                ],
                [
                    -0.1345115303993225,
                    0.5023548603057861,
                    0.854134738445282,
                    3.443127393722534
                ],
                [
                    0.0,
                    0.8619683384895325,
                    -0.5069620013237,
                    -2.0436294078826904
                ],
                [
                    0.0,
                    0.0,
                    0.0,
                    1.0
                ]
            ]
        },
        {
            "file_path": "/data/shapenet_blender/all_50_random/02958343/99f49d11dad8ee25e517b5f5894c76d9/r_41",
            "rotation": 0.12566370614359174,
            "transform_matrix": [
                [
                    -0.9296674728393555,
                    -0.031213512644171715,
                    -0.367075115442276,
                    -1.4797272682189941
                ],
                [
                    -0.36839982867240906,
                    0.07876817882061005,
                    0.9263243675231934,
                    3.73413348197937
                ],
                [
                    0.0,
                    0.9964041113853455,
