{
    "class": "02958343",
    "model": "39279457a4bc87285e717a211c863fc6",
    "remove_doubles": true,
    "edge_split": true,
    "denoise": true,
    "camera_angle_x": 0.6911112070083618,
    "scale_factor": 2.2690992345185372,
    "hdri_file": "/data/IndoorHDRDataset2018/9C4A6383-10babda735.exr",
    "center_offset": [
        0.0,
        0.0,
        1.862645149230957e-09
    ],
    "lights": [],
    "frames": [
        {
            "file_path": "/data/shapenet_blender/all_50_random/02958343/39279457a4bc87285e717a211c863fc6/r_0",
            "rotation": 0.12566370614359174,
            "transform_matrix": [
                [
                    -0.655182421207428,
                    0.14008930325508118,
                    0.7423684000968933,
                    2.9925830364227295
                ],
                [
                    0.7554706931114197,
                    0.12149254232645035,
                    0.6438194513320923,
                    2.5953195095062256
                ],
                [
                    0.0,
                    0.9826567769050598,
                    -0.18543314933776855,
                    -0.7475050091743469
                ],
                [
                    0.0,
                    0.0,
                    0.0,
                    1.0
                ]
            ]
        },
        {
            "file_path": "/data/shapenet_blender/all_50_random/02958343/39279457a4bc87285e717a211c863fc6/r_1",
            "rotation": 0.12566370614359174,
            "transform_matrix": [
                [
                    -0.16973568499088287,
                    0.5685476064682007,
                    0.8049493432044983,
                    3.244854688644409
                ],
                [
                    0.9854897260665894,
                    0.09792371839284897,
                    0.13864034414291382,
                    0.5588771104812622
                ],
                [
                    0.0,
                    0.8168014287948608,
                    -0.57691890001297,
                    -2.325634479522705
                ],
                [
                    0.0,
                    0.0,
                    0.0,
                    1.0
                ]
            ]
        },
        {
            "file_path": "/data/shapenet_blender/all_50_random/02958343/39279457a4bc87285e717a211c863fc6/r_2",
            "rotation": 0.12566370614359174,
            "transform_matrix": [
                [
                    -0.5555171966552734,
                    -0.012886117212474346,
                    -0.8314051628112793,
                    -3.35150146484375
                ],
                [
                    -0.8315050601959229,
                    0.008609039708971977,
                    0.555450439453125,
                    2.2390923500061035
                ],
                [
                    9.313225746154785e-10,
                    0.9998799562454224,
                    -0.015497340820729733,
                    -0.06247177720069885
                ],
                [
                    0.0,
                    0.0,
                    0.0,
                    1.0
                ]
            ]
        },
        {
            "file_path": "/data/shapenet_blender/all_50_random/02958343/39279457a4bc87285e717a211c863fc6/r_3",
            "rotation": 0.12566370614359174,
            "transform_matrix": [
                [
                    -0.7740581631660461,
                    -0.0829668790102005,
                    0.6276547312736511,
                    2.5301570892333984
                ],
                [
                    0.6331144571304321,
                    -0.10143692791461945,
                    0.7673829197883606,
                    3.0934195518493652
                ],
                [
                    0.0,
                    0.9913762807846069,
                    0.1310456097126007,
                    0.5282617211341858
                ],
                [
                    0.0,
                    0.0,
                    0.0,
                    1.0
                ]
            ]
        },
        {
            "file_path": "/data/shapenet_blender/all_50_random/02958343/39279457a4bc87285e717a211c863fc6/r_4",
            "rotation": 0.12566370614359174,
            "transform_matrix": [
                [
                    0.9999599456787109,
                    0.006457365117967129,
                    0.006206447258591652,
                    0.02501899003982544
                ],
                [
                    0.0089564248919487,
                    -0.7209468483924866,
                    -0.6929325461387634,
                    -2.7933003902435303
                ],
                [
                    4.656612873077393e-10,
                    0.6929603815078735,
                    -0.7209756970405579,
                    -2.906346082687378
                ],
                [
                    0.0,
                    0.0,
                    0.0,
                    1.0
                ]
            ]
        },
        {
            "file_path": "/data/shapenet_blender/all_50_random/02958343/39279457a4bc87285e717a211c863fc6/r_5",
            "rotation": 0.12566370614359174,
            "transform_matrix": [
                [
                    -0.9239795804023743,
                    0.08999192714691162,
                    -0.37170323729515076,
                    -1.498383641242981
                ],
                [
                    -0.3824419677257538,
                    -0.21742044389247894,
                    0.8980348110198975,
                    3.620094060897827
                ],
                [
                    0.0,
                    0.9719207286834717,
                    0.2353087067604065,
                    0.9485597610473633
                ],
                [
                    0.0,
                    0.0,
                    0.0,
                    1.0
                ]
            ]
        },
        {
            "file_path": "/data/shapenet_blender/all_50_random/02958343/39279457a4bc87285e717a211c863fc6/r_6",
            "rotation": 0.12566370614359174,
            "transform_matrix": [
                [
                    0.834823489189148,
                    0.1303500384092331,
                    -0.5348631739616394,
                    -2.1561026573181152
                ],
                [
                    -0.5505178570747375,
                    0.19766713678836823,
                    -0.8110842704772949,
                    -3.269585609436035
                ],
                [
                    7.450581485102248e-09,
                    0.9715639352798462,
                    0.2367771565914154,
                    0.9544793367385864
                ],
                [
                    0.0,
                    0.0,
                    0.0,
                    1.0
                ]
            ]
        },
        {
            "file_path": "/data/shapenet_blender/all_50_random/02958343/39279457a4bc87285e717a211c863fc6/r_7",
            "rotation": 0.12566370614359174,
            "transform_matrix": [
                [
                    0.9576070308685303,
                    -0.24620968103408813,
                    0.1495644897222519,
                    0.6029137372970581
                ],
                [
                    0.2880776524543762,
                    0.8184325098991394,
                    -0.497171550989151,
                    -2.004162549972534
                ],
                [
                    7.4505797087454084e-09,
                    0.5191811919212341,
                    0.8546642065048218,
                    3.4452614784240723
                ],
                [
                    0.0,
                    0.0,
                    0.0,
                    1.0
                ]
            ]
        },
        {
            "file_path": "/data/shapenet_blender/all_50_random/02958343/39279457a4bc87285e717a211c863fc6/r_8",
            "rotation": 0.12566370614359174,
            "transform_matrix": [
                [
                    -0.5229879021644592,
                    0.34037289023399353,
                    0.7814280986785889,
                    3.1500375270843506
                ],
                [
                    0.852340042591095,
                    0.20884963870048523,
                    0.4794769883155823,
                    1.9328335523605347
                ],
                [
                    0.0,
                    0.9168031215667725,
                    -0.3993392884731293,
                    -1.609788179397583
                ],
                [
                    0.0,
                    0.0,
                    0.0,
                    1.0
                ]
            ]
        },
        {
            "file_path": "/data/shapenet_blender/all_50_random/02958343/39279457a4bc87285e717a211c863fc6/r_9",
            "rotation": 0.12566370614359174,
            "transform_matrix": [
                [
                    -0.9495468735694885,
                    0.07320453226566315,
                    -0.30496200919151306,
                    -1.2293411493301392
                ],
                [
                    -0.31362512707710266,
                    -0.22163766622543335,
                    0.9233179688453674,
                    3.7220137119293213
                ],
                [
                    -7.450580596923828e-09,
                    0.9723773002624512,
                    0.23341414332389832,
                    0.9409224987030029
                ],
                [
                    0.0,
                    0.0,
                    0.0,
                    1.0
                ]
            ]
        },
        {
            "file_path": "/data/shapenet_blender/all_50_random/02958343/39279457a4bc87285e717a211c863fc6/r_10",
            "rotation": 0.12566370614359174,
            "transform_matrix": [
                [
                    -0.8834136128425598,
                    0.2143479585647583,
                    0.4166956841945648,
                    1.6797537803649902
                ],
                [
                    0.468593955039978,
                    0.4040980637073517,
                    0.7855727672576904,
                    3.1667447090148926
                ],
                [
                    0.0,
                    0.8892467021942139,
                    -0.4574279189109802,
                    -1.8439507484436035
                ],
                [
                    0.0,
                    0.0,
                    0.0,
                    1.0
                ]
            ]
        },
        {
            "file_path": "/data/shapenet_blender/all_50_random/02958343/39279457a4bc87285e717a211c863fc6/r_11",
            "rotation": 0.12566370614359174,
            "transform_matrix": [
                [
                    -0.8176194429397583,
                    0.03846444562077522,
                    0.5744726061820984,
                    2.3157734870910645
                ],
                [
                    0.5757588744163513,
                    0.05462230369448662,
                    0.8157928586006165,
                    3.2885663509368896
                ],
                [
                    0.0,
                    0.9977659583091736,
                    -0.06680649518966675,
                    -0.26930561661720276
                ],
                [
                    0.0,
                    0.0,
                    0.0,
                    1.0
                ]
            ]
        },
        {
            "file_path": "/data/shapenet_blender/all_50_random/02958343/39279457a4bc87285e717a211c863fc6/r_12",
            "rotation": 0.12566370614359174,
            "transform_matrix": [
                [
                    0.8502228260040283,
                    -0.08101712912321091,
                    0.5201513171195984,
                    2.096797227859497
                ],
                [
                    0.5264230966567993,
                    0.13085028529167175,
                    -0.8400933742523193,
                    -3.3865249156951904
                ],
                [
                    0.0,
                    0.9880862236022949,
                    0.15390117466449738,
                    0.6203955411911011
                ],
                [
                    0.0,
                    0.0,
                    0.0,
                    1.0
                ]
            ]
        },
        {
            "file_path": "/data/shapenet_blender/all_50_random/02958343/39279457a4bc87285e717a211c863fc6/r_13",
            "rotation": 0.12566370614359174,
            "transform_matrix": [
                [
                    0.8625551462173462,
                    -0.18615350127220154,
                    -0.47047385573387146,
                    -1.896540880203247
                ],
                [
                    -0.5059632658958435,
                    -0.3173503875732422,
                    -0.8020535111427307,
                    -3.2331814765930176
                ],
                [
                    0.0,
                    0.9298578500747681,
                    -0.3679189383983612,
                    -1.4831287860870361
                ],
                [
                    0.0,
                    0.0,
                    0.0,
                    1.0
                ]
            ]
        },
        {
            "file_path": "/data/shapenet_blender/all_50_random/02958343/39279457a4bc87285e717a211c863fc6/r_14",
            "rotation": 0.12566370614359174,
            "transform_matrix": [
                [
                    0.3757912814617157,
                    0.009286699816584587,
                    0.9266577363014221,
                    3.7354769706726074
                ],
                [
                    0.9267043471336365,
                    -0.003765883855521679,
                    -0.3757723867893219,
                    -1.5147870779037476
                ],
                [
                    0.0,
                    0.9999498128890991,
                    -0.010021209716796875,
                    -0.0403967909514904
                ],
                [
                    0.0,
                    0.0,
                    0.0,
                    1.0
                ]
            ]
        },
        {
            "file_path": "/data/shapenet_blender/all_50_random/02958343/39279457a4bc87285e717a211c863fc6/r_15",
            "rotation": 0.12566370614359174,
            "transform_matrix": [
                [
                    -0.7042422890663147,
                    0.2736210823059082,
                    0.6551138758659363,
                    2.640848398208618
                ],
                [
                    0.7099596858024597,
                    0.2714175879955292,
                    0.6498382091522217,
                    2.619581699371338
                ],
                [
                    0.0,
                    0.9227479696273804,
                    -0.38540375232696533,
                    -1.553612232208252
                ],
                [
                    0.0,
                    0.0,
                    0.0,
                    1.0
                ]
            ]
        },
        {
            "file_path": "/data/shapenet_blender/all_50_random/02958343/39279457a4bc87285e717a211c863fc6/r_16",
            "rotation": 0.12566370614359174,
            "transform_matrix": [
                [
                    0.4250395596027374,
                    0.20378516614437103,
                    -0.8819370865821838,
                    -3.555202007293701
                ],
                [
                    -0.9051748514175415,
                    0.09569063782691956,
                    -0.4141278862953186,
                    -1.6694029569625854
                ],
                [
                    0.0,
                    0.9743279814720154,
                    0.22513347864151,
                    0.9075421094894409
                ],
                [
                    0.0,
                    0.0,
                    0.0,
                    1.0
                ]
            ]
        },
        {
            "file_path": "/data/shapenet_blender/all_50_random/02958343/39279457a4bc87285e717a211c863fc6/r_17",
            "rotation": 0.12566370614359174,
            "transform_matrix": [
                [
                    0.6874247193336487,
                    -0.1266309767961502,
                    -0.715130627155304,
                    -2.8827836513519287
                ],
                [
                    -0.7262555956840515,
                    -0.11986036598682404,
                    -0.6768946051597595,
                    -2.728649377822876
                ],
                [
                    7.450581485102248e-09,
                    0.9846816062927246,
                    -0.1743614375591278,
                    -0.7028734087944031
                ],
                [
                    0.0,
                    0.0,
                    0.0,
                    1.0
                ]
            ]
        },
        {
            "file_path": "/data/shapenet_blender/all_50_random/02958343/39279457a4bc87285e717a211c863fc6/r_18",
            "rotation": 0.12566370614359174,
            "transform_matrix": [
                [
                    0.5069226622581482,
                    0.1620919555425644,
                    0.8466141223907471,
                    3.412811040878296
                ],
                [
                    0.8619915843009949,
                    -0.09532354027032852,
                    -0.4978794455528259,
                    -2.00701642036438
                ],
                [
                    0.0,
                    0.9821606874465942,
                    -0.1880435347557068,
                    -0.7580277919769287
                ],
                [
                    0.0,
                    0.0,
                    0.0,
                    1.0
                ]
            ]
        },
        {
            "file_path": "/data/shapenet_blender/all_50_random/02958343/39279457a4bc87285e717a211c863fc6/r_19",
            "rotation": 0.12566370614359174,
            "transform_matrix": [
                [
                    -0.9519282579421997,
                    0.0004760636657010764,
                    0.3063206076622009,
                    1.2348179817199707
                ],
                [
                    0.30632099509239197,
                    0.0014794233720749617,
                    0.9519270062446594,
                    3.837340831756592
                ],
                [
                    0.0,
                    0.9999988675117493,
                    -0.0015541327884420753,
                    -0.006264910101890564
                ],
                [
                    0.0,
                    0.0,
                    0.0,
                    1.0
                ]
            ]
        },
        {
            "file_path": "/data/shapenet_blender/all_50_random/02958343/39279457a4bc87285e717a211c863fc6/r_20",
            "rotation": 0.12566370614359174,
            "transform_matrix": [
                [
                    -0.7683413624763489,
                    -0.29786416888237,
                    0.5665056109428406,
                    2.2836570739746094
                ],
                [
                    0.640040397644043,
                    -0.3575733006000519,
                    0.6800659894943237,
                    2.741433620452881
                ],
                [
                    -1.4901161193847656e-08,
                    0.8851092457771301,
                    0.465383380651474,
                    1.8760204315185547
                ],
                [
                    0.0,
                    0.0,
                    0.0,
                    1.0
                ]
            ]
        },
        {
            "file_path": "/data/shapenet_blender/all_50_random/02958343/39279457a4bc87285e717a211c863fc6/r_21",
            "rotation": 0.12566370614359174,
            "transform_matrix": [
                [
                    0.8777551054954529,
                    0.034041400998830795,
                    0.4778987765312195,
                    1.9264715909957886
                ],
                [
                    0.47910967469215393,
                    -0.06236569955945015,
                    -0.8755366206169128,
                    -3.5294010639190674
                ],
                [
                    0.0,
                    0.9974725842475891,
                    -0.07105137407779694,
                    -0.28641724586486816
                ],
                [
                    0.0,
                    0.0,
                    0.0,
                    1.0
                ]
            ]
        },
        {
            "file_path": "/data/shapenet_blender/all_50_random/02958343/39279457a4bc87285e717a211c863fc6/r_22",
            "rotation": 0.12566370614359174,
            "transform_matrix": [
                [
                    0.3562576472759247,
                    -0.4030779004096985,
                    -0.8429760336875916,
                    -3.3981451988220215
                ],
                [
                    -0.934387743473053,
                    -0.15368308126926422,
                    -0.32140475511550903,
                    -1.295624017715454
                ],
                [
                    0.0,
                    0.902169406414032,
                    -0.43138182163238525,
                    -1.7389557361602783
                ],
                [
                    0.0,
                    0.0,
                    0.0,
                    1.0
                ]
            ]
        },
        {
            "file_path": "/data/shapenet_blender/all_50_random/02958343/39279457a4bc87285e717a211c863fc6/r_23",
            "rotation": 0.12566370614359174,
            "transform_matrix": [
                [
                    0.2102307677268982,
                    0.7136778831481934,
                    -0.668181836605072,
                    -2.6935272216796875
                ],
                [
                    -0.977651834487915,
                    0.15346674621105194,
                    -0.14368343353271484,
                    -0.5792064666748047
                ],
                [
                    0.0,
                    0.6834558844566345,
                    0.7299918532371521,
                    2.9426913261413574
                ],
                [
                    0.0,
                    0.0,
                    0.0,
                    1.0
                ]
            ]
        },
        {
            "file_path": "/data/shapenet_blender/all_50_random/02958343/39279457a4bc87285e717a211c863fc6/r_24",
            "rotation": 0.12566370614359174,
            "transform_matrix": [
                [
                    0.9537292718887329,
                    -0.05226951092481613,
                    0.296088308095932,
                    1.1935702562332153
                ],
                [
                    0.30066657066345215,
                    0.16580146551132202,
                    -0.9392067790031433,
                    -3.7860639095306396
                ],
                [
                    3.7252898543727042e-09,
                    0.9847729206085205,
                    0.17384541034698486,
                    0.7007933259010315
                ],
                [
                    0.0,
                    0.0,
                    0.0,
                    1.0
                ]
            ]
        },
        {
            "file_path": "/data/shapenet_blender/all_50_random/02958343/39279457a4bc87285e717a211c863fc6/r_25",
            "rotation": 0.12566370614359174,
            "transform_matrix": [
                [
                    -0.2946089208126068,
                    0.882770299911499,
                    0.3659537434577942,
                    1.4752068519592285
                ],
                [
                    0.9556179046630859,
                    0.2721506357192993,
                    0.11282045394182205,
                    0.4547938406467438
                ],
                [
                    7.450580596923828e-09,
                    0.3829498589038849,
                    -0.9237690567970276,
                    -3.723832368850708
                ],
                [
                    0.0,
                    0.0,
                    0.0,
                    1.0
                ]
            ]
        },
        {
            "file_path": "/data/shapenet_blender/all_50_random/02958343/39279457a4bc87285e717a211c863fc6/r_26",
            "rotation": 0.12566370614359174,
            "transform_matrix": [
                [
                    0.9935041069984436,
                    -0.02564428001642227,
                    0.11086910218000412,
                    0.44692763686180115
                ],
                [
                    0.11379624903202057,
                    0.22388872504234314,
                    -0.9679484963417053,
                    -3.9019250869750977
                ],
                [
                    1.862645149230957e-09,
                    0.9742772579193115,
                    0.22535258531570435,
                    0.9084253311157227
                ],
                [
                    0.0,
                    0.0,
                    0.0,
                    1.0
                ]
            ]
        },
        {
            "file_path": "/data/shapenet_blender/all_50_random/02958343/39279457a4bc87285e717a211c863fc6/r_27",
            "rotation": 0.12566370614359174,
            "transform_matrix": [
                [
                    -0.7783674001693726,
                    0.212986558675766,
                    0.5905767679214478,
                    2.3806910514831543
                ],
                [
                    0.6278090476989746,
                    0.2640640437602997,
                    0.7322062253952026,
                    2.95161771774292
                ],
                [
                    -1.4901161193847656e-08,
                    0.9406948685646057,
                    -0.3392537534236908,
                    -1.3675756454467773
                ],
                [
                    0.0,
                    0.0,
                    0.0,
                    1.0
                ]
            ]
        },
        {
            "file_path": "/data/shapenet_blender/all_50_random/02958343/39279457a4bc87285e717a211c863fc6/r_28",
            "rotation": 0.12566370614359174,
            "transform_matrix": [
                [
                    -0.9997339844703674,
                    0.01461881771683693,
                    0.017839869484305382,
                    0.07191482186317444
                ],
                [
                    0.023064494132995605,
                    0.6336548924446106,
                    0.7732718586921692,
                    3.117158889770508
                ],
                [
                    -9.313225746154785e-10,
                    0.7734777331352234,
                    -0.6338234543800354,
                    -2.5550243854522705
                ],
                [
                    0.0,
                    0.0,
                    0.0,
                    1.0
                ]
            ]
        },
        {
            "file_path": "/data/shapenet_blender/all_50_random/02958343/39279457a4bc87285e717a211c863fc6/r_29",
            "rotation": 0.12566370614359174,
            "transform_matrix": [
                [
                    -0.7542318105697632,
                    -0.12454412877559662,
                    -0.6446883082389832,
                    -2.5988216400146484
                ],
                [
                    -0.6566081047058105,
                    0.14306120574474335,
                    0.7405398488044739,
                    2.9852116107940674
                ],
                [
                    0.0,
                    0.9818464517593384,
                    -0.18967799842357635,
                    -0.7646164894104004
                ],
                [
                    0.0,
                    0.0,
                    0.0,
                    1.0
                ]
            ]
        },
        {
            "file_path": "/data/shapenet_blender/all_50_random/02958343/39279457a4bc87285e717a211c863fc6/r_30",
            "rotation": 0.12566370614359174,
            "transform_matrix": [
                [
                    0.26865020394325256,
                    -0.06828238070011139,
                    0.9608145356178284,
                    3.8731672763824463
                ],
                [
                    0.9632378220558167,
                    0.01904418133199215,
                    -0.2679743468761444,
                    -1.080239176750183
                ],
                [
                    0.0,
                    0.9974842667579651,
                    0.07088838517665863,
                    0.28576022386550903
                ],
                [
                    0.0,
                    0.0,
                    0.0,
                    1.0
                ]
            ]
        },
        {
            "file_path": "/data/shapenet_blender/all_50_random/02958343/39279457a4bc87285e717a211c863fc6/r_31",
            "rotation": 0.12566370614359174,
            "transform_matrix": [
                [
                    -0.8245453834533691,
                    -0.35039836168289185,
                    -0.4442363381385803,
                    -1.7907741069793701
                ],
                [
                    -0.5657958984375,
                    0.5106422901153564,
                    0.6473942399024963,
                    2.6097300052642822
                ],
                [
                    -2.980232594040899e-08,
                    0.7851530909538269,
                    -0.6193016171455383,
                    -2.4964849948883057
                ],
                [
                    0.0,
                    0.0,
                    0.0,
                    1.0
                ]
            ]
        },
        {
            "file_path": "/data/shapenet_blender/all_50_random/02958343/39279457a4bc87285e717a211c863fc6/r_32",
            "rotation": 0.12566370614359174,
            "transform_matrix": [
                [
                    0.9988728165626526,
                    -0.014269836246967316,
                    0.04527122527360916,
                    0.1824941635131836
                ],
                [
                    0.04746696725487709,
                    0.30028781294822693,
                    -0.9526667594909668,
                    -3.840322732925415
                ],
                [
                    9.313225746154785e-10,
                    0.9537419676780701,
                    0.300626665353775,
                    1.211864948272705
                ],
                [
                    0.0,
                    0.0,
                    0.0,
                    1.0
                ]
            ]
        },
        {
            "file_path": "/data/shapenet_blender/all_50_random/02958343/39279457a4bc87285e717a211c863fc6/r_33",
            "rotation": 0.12566370614359174,
            "transform_matrix": [
                [
                    0.7160990238189697,
                    -0.04292549192905426,
                    0.696677565574646,
                    2.808397054672241
                ],
                [
                    0.6979987621307373,
                    0.04403862729668617,
                    -0.7147436141967773,
                    -2.881223678588867
                ],
                [
                    -1.862645149230957e-09,
                    0.9981072545051575,
                    0.06149796023964882,
                    0.24790620803833008
                ],
                [
                    0.0,
                    0.0,
                    0.0,
                    1.0
                ]
            ]
        },
        {
            "file_path": "/data/shapenet_blender/all_50_random/02958343/39279457a4bc87285e717a211c863fc6/r_34",
            "rotation": 0.12566370614359174,
            "transform_matrix": [
                [
                    0.5757960677146912,
                    0.3364294469356537,
                    0.745167076587677,
                    3.0038647651672363
                ],
                [
                    0.8175934553146362,
                    -0.2369329035282135,
                    -0.5247893333435059,
                    -2.1154937744140625
                ],
                [
                    1.4901162970204496e-08,
                    0.9114153385162354,
                    -0.41148748993873596,
                    -1.6587592363357544
                ],
                [
                    0.0,
                    0.0,
                    0.0,
                    1.0
                ]
            ]
        },
        {
            "file_path": "/data/shapenet_blender/all_50_random/02958343/39279457a4bc87285e717a211c863fc6/r_35",
            "rotation": 0.12566370614359174,
            "transform_matrix": [
                [
                    0.9922887086868286,
                    0.008940093219280243,
                    0.12362515926361084,
                    0.49834898114204407
                ],
                [
                    0.12394800037145615,
                    -0.07157157361507416,
                    -0.9897041320800781,
                    -3.9896252155303955
                ],
                [
                    0.0,
                    0.9973953366279602,
                    -0.07212776690721512,
                    -0.29075634479522705
                ],
                [
                    0.0,
                    0.0,
                    0.0,
                    1.0
                ]
            ]
        },
        {
            "file_path": "/data/shapenet_blender/all_50_random/02958343/39279457a4bc87285e717a211c863fc6/r_36",
            "rotation": 0.12566370614359174,
            "transform_matrix": [
                [
                    -0.16342712938785553,
                    -0.7634907364845276,
                    0.6247987151145935,
                    2.518644094467163
                ],
                [
                    0.9865554571151733,
                    -0.1264754980802536,
                    0.10350058227777481,
                    0.4172241985797882
                ],
                [
                    -7.450581485102248e-09,
                    0.6333132386207581,
                    0.7738954424858093,
                    3.1196722984313965
                ],
                [
                    0.0,
                    0.0,
                    0.0,
                    1.0
                ]
            ]
        },
        {
            "file_path": "/data/shapenet_blender/all_50_random/02958343/39279457a4bc87285e717a211c863fc6/r_37",
            "rotation": 0.12566370614359174,
            "transform_matrix": [
                [
                    0.9981961846351624,
                    0.01345953531563282,
                    0.05850721895694733,
                    0.23585012555122375
                ],
                [
                    0.06003543362021446,
                    -0.223788782954216,
                    -0.9727869033813477,
                    -3.92142915725708
                ],
                [
                    0.0,
                    0.9745447039604187,
                    -0.22419318556785583,
                    -0.9037516117095947
                ],
                [
                    0.0,
                    0.0,
                    0.0,
                    1.0
                ]
            ]
        },
        {
            "file_path": "/data/shapenet_blender/all_50_random/02958343/39279457a4bc87285e717a211c863fc6/r_38",
            "rotation": 0.12566370614359174,
            "transform_matrix": [
                [
                    -0.560839056968689,
                    0.024569137021899223,
                    -0.827560305595398,
                    -3.3360018730163574
                ],
                [
                    -0.8279249668121338,
                    -0.016643213108181953,
                    0.5605920553207397,
                    2.2598185539245605
                ],
                [
                    9.31322685637781e-10,
                    0.9995595216751099,
                    0.029675565659999847,
                    0.1196260154247284
                ],
                [
                    0.0,
                    0.0,
                    0.0,
                    1.0
                ]
            ]
        },
        {
            "file_path": "/data/shapenet_blender/all_50_random/02958343/39279457a4bc87285e717a211c863fc6/r_39",
            "rotation": 0.12566370614359174,
            "transform_matrix": [
                [
                    0.40362077951431274,
                    -0.3420930504798889,
                    0.8485649228096008,
                    3.4206748008728027
                ],
                [
                    0.914926290512085,
                    0.1509147435426712,
                    -0.3743453919887543,
                    -1.5090346336364746
                ],
                [
                    0.0,
                    0.9274680018424988,
                    0.3739023208618164,
                    1.5072486400604248
                ],
                [
                    0.0,
                    0.0,
                    0.0,
                    1.0
                ]
            ]
        },
        {
            "file_path": "/data/shapenet_blender/all_50_random/02958343/39279457a4bc87285e717a211c863fc6/r_40",
            "rotation": 0.12566370614359174,
            "transform_matrix": [
                [
                    -0.39799872040748596,
                    0.09557394683361053,
                    -0.9123938679695129,
                    -3.6779775619506836
                ],
                [
                    -0.9173859357833862,
                    -0.04146379977464676,
                    0.39583295583724976,
                    1.595653772354126
                ],
                [
                    3.7252898543727042e-09,
                    0.9945583939552307,
                    0.1041807234287262,
                    0.4199659526348114
                ],
                [
                    0.0,
                    0.0,
                    0.0,
                    1.0
                ]
            ]
        },
        {
            "file_path": "/data/shapenet_blender/all_50_random/02958343/39279457a4bc87285e717a211c863fc6/r_41",
            "rotation": 0.12566370614359174,
            "transform_matrix": [
                [
                    -0.7608508467674255,
                    0.25969168543815613,
                    0.5946983098983765,
                    2.397305727005005
                ],
                [
                    0.6489266753196716,
                    0.30448219180107117,
                    0.6972693800926208,
                    2.8107829093933105
                ],
                [
                    1.4901160305669237e-08,
