{
    "class": "02958343",
    "model": "9e52d425db48a33bbda733a39f84326d",
    "remove_doubles": true,
    "edge_split": true,
    "denoise": true,
    "camera_angle_x": 0.6911112070083618,
    "scale_factor": 2.2240360358927247,
    "hdri_file": "/data/IndoorHDRDataset2018/9C4A2893-0b10daa3c5.exr",
    "center_offset": [
        0.0,
        -1.862645149230957e-09,
        0.0
    ],
    "lights": [],
    "frames": [
        {
            "file_path": "/data/shapenet_blender/all_50_random/02958343/9e52d425db48a33bbda733a39f84326d/r_0",
            "rotation": 0.12566370614359174,
            "transform_matrix": [
                [
                    -0.6117713451385498,
                    0.6656478047370911,
                    0.4273744225502014,
                    1.7228014469146729
                ],
                [
                    0.7910346984863281,
                    0.5147994756698608,
                    0.3305233418941498,
                    1.3323822021484375
                ],
                [
                    1.4901161193847656e-08,
                    0.5402726531028748,
                    -0.8414900302886963,
                    -3.3921546936035156
                ],
                [
                    0.0,
                    0.0,
                    0.0,
                    1.0
                ]
            ]
        },
        {
            "file_path": "/data/shapenet_blender/all_50_random/02958343/9e52d425db48a33bbda733a39f84326d/r_1",
            "rotation": 0.12566370614359174,
            "transform_matrix": [
                [
                    -0.9697548151016235,
                    0.009314102120697498,
                    0.24390378594398499,
                    0.983207643032074
                ],
                [
                    0.24408160150051117,
                    0.03700563684105873,
                    0.9690483212471008,
                    3.9063589572906494
                ],
                [
                    0.0,
                    0.9992715716362,
                    -0.03815979138016701,
                    -0.15382705628871918
                ],
                [
                    0.0,
                    0.0,
                    0.0,
                    1.0
                ]
            ]
        },
        {
            "file_path": "/data/shapenet_blender/all_50_random/02958343/9e52d425db48a33bbda733a39f84326d/r_2",
            "rotation": 0.12566370614359174,
            "transform_matrix": [
                [
                    0.22685731947422028,
                    -0.12515436112880707,
                    -0.9658530354499817,
                    -3.8934781551361084
                ],
                [
                    -0.9739280939102173,
                    -0.029152240604162216,
                    -0.22497640550136566,
                    -0.9069088697433472
                ],
                [
                    0.0,
                    0.9917088150978088,
                    -0.12850475311279297,
                    -0.5180191993713379
                ],
                [
                    0.0,
                    0.0,
                    0.0,
                    1.0
                ]
            ]
        },
        {
            "file_path": "/data/shapenet_blender/all_50_random/02958343/9e52d425db48a33bbda733a39f84326d/r_3",
            "rotation": 0.12566370614359174,
            "transform_matrix": [
                [
                    0.11177278310060501,
                    0.016344552859663963,
                    -0.9935993552207947,
                    -4.005327224731445
                ],
                [
                    -0.9937338829040527,
                    0.0018383958376944065,
                    -0.11175765842199326,
                    -0.45050951838493347
                ],
                [
                    -1.1641533570472262e-10,
                    0.9998646378517151,
                    0.01644761860370636,
                    0.06630247086286545
                ],
                [
                    0.0,
                    0.0,
                    0.0,
                    1.0
                ]
            ]
        },
        {
            "file_path": "/data/shapenet_blender/all_50_random/02958343/9e52d425db48a33bbda733a39f84326d/r_4",
            "rotation": 0.12566370614359174,
            "transform_matrix": [
                [
                    0.6567862033843994,
                    0.7205857038497925,
                    -0.2222341001033783,
                    -0.8958542943000793
                ],
                [
                    -0.7540768384933472,
                    0.6276160478591919,
                    -0.19356153905391693,
                    -0.7802715301513672
                ],
                [
                    1.4901161193847656e-08,
                    0.2947102189064026,
                    0.9555867314338684,
                    3.85209321975708
                ],
                [
                    0.0,
                    0.0,
                    0.0,
                    1.0
                ]
            ]
        },
        {
            "file_path": "/data/shapenet_blender/all_50_random/02958343/9e52d425db48a33bbda733a39f84326d/r_5",
            "rotation": 0.12566370614359174,
            "transform_matrix": [
                [
                    0.847227156162262,
                    -0.3913722038269043,
                    -0.35921305418014526,
                    -1.4480342864990234
                ],
                [
                    -0.5312309265136719,
                    -0.6241751909255981,
                    -0.5728865265846252,
                    -2.3093795776367188
                ],
                [
                    -1.4901162970204496e-08,
                    0.6761900782585144,
                    -0.7367271184921265,
                    -2.9698421955108643
                ],
                [
                    0.0,
                    0.0,
                    0.0,
                    1.0
                ]
            ]
        },
        {
            "file_path": "/data/shapenet_blender/all_50_random/02958343/9e52d425db48a33bbda733a39f84326d/r_6",
            "rotation": 0.12566370614359174,
            "transform_matrix": [
                [
                    -0.9921053051948547,
                    0.05988277494907379,
                    0.1101873517036438,
                    0.4441794157028198
                ],
                [
                    0.1254081428050995,
                    0.4737333357334137,
                    0.8716934323310852,
                    3.513908624649048
                ],
                [
                    0.0,
                    0.8786299824714661,
                    -0.47750309109687805,
                    -1.9248765707015991
                ],
                [
                    0.0,
                    0.0,
                    0.0,
                    1.0
                ]
            ]
        },
        {
            "file_path": "/data/shapenet_blender/all_50_random/02958343/9e52d425db48a33bbda733a39f84326d/r_7",
            "rotation": 0.12566370614359174,
            "transform_matrix": [
                [
                    -0.7213041186332703,
                    0.5049003958702087,
                    0.4741264283657074,
                    1.9112647771835327
                ],
                [
                    0.6926183700561523,
                    0.525811493396759,
                    0.4937630295753479,
                    1.9904224872589111
                ],
                [
                    2.9802322387695312e-08,
                    0.6845420598983765,
                    -0.7289733290672302,
                    -2.9385855197906494
                ],
                [
                    0.0,
                    0.0,
                    0.0,
                    1.0
                ]
            ]
        },
        {
            "file_path": "/data/shapenet_blender/all_50_random/02958343/9e52d425db48a33bbda733a39f84326d/r_8",
            "rotation": 0.12566370614359174,
            "transform_matrix": [
                [
                    0.29449138045310974,
                    -0.028548464179039,
                    0.9552276134490967,
                    3.8506455421447754
                ],
                [
                    0.9556541442871094,
                    0.008797405287623405,
                    -0.29435995221138,
                    -1.1866029500961304
                ],
                [
                    0.0,
                    0.9995536804199219,
                    0.02987321838736534,
                    0.12042278796434402
                ],
                [
                    0.0,
                    0.0,
                    0.0,
                    1.0
                ]
            ]
        },
        {
            "file_path": "/data/shapenet_blender/all_50_random/02958343/9e52d425db48a33bbda733a39f84326d/r_9",
            "rotation": 0.12566370614359174,
            "transform_matrix": [
                [
                    -0.9978959560394287,
                    0.05366501957178116,
                    -0.03638415038585663,
                    -0.1466692090034485
                ],
                [
                    -0.06483627110719681,
                    -0.8259591460227966,
                    0.5599890351295471,
                    2.257388114929199
                ],
                [
                    0.0,
                    0.5611696839332581,
                    0.8277007341384888,
                    3.3365683555603027
                ],
                [
                    0.0,
                    0.0,
                    0.0,
                    1.0
                ]
            ]
        },
        {
            "file_path": "/data/shapenet_blender/all_50_random/02958343/9e52d425db48a33bbda733a39f84326d/r_10",
            "rotation": 0.12566370614359174,
            "transform_matrix": [
                [
                    0.4384627342224121,
                    -0.01771901734173298,
                    0.8985746502876282,
                    3.622270345687866
                ],
                [
                    0.8987493515014648,
                    0.008644376881420612,
                    -0.4383774995803833,
                    -1.7671562433242798
                ],
                [
                    9.313225746154785e-10,
                    0.9998055100440979,
                    0.019715195521712303,
                    0.07947449386119843
                ],
                [
                    0.0,
                    0.0,
                    0.0,
                    1.0
                ]
            ]
        },
        {
            "file_path": "/data/shapenet_blender/all_50_random/02958343/9e52d425db48a33bbda733a39f84326d/r_11",
            "rotation": 0.12566370614359174,
            "transform_matrix": [
                [
                    -0.999997079372406,
                    -0.002180452924221754,
                    -0.0011329250410199165,
                    -0.004566967487335205
                ],
                [
                    -0.0024572128895670176,
                    0.8873656988143921,
                    0.46105965971946716,
                    1.858591079711914
                ],
                [
                    0.0,
                    0.46106112003326416,
                    -0.8873683214187622,
                    -3.577096462249756
                ],
                [
                    0.0,
                    0.0,
                    0.0,
                    1.0
                ]
            ]
        },
        {
            "file_path": "/data/shapenet_blender/all_50_random/02958343/9e52d425db48a33bbda733a39f84326d/r_12",
            "rotation": 0.12566370614359174,
            "transform_matrix": [
                [
                    -0.7346348762512207,
                    0.11360403895378113,
                    0.6688838601112366,
                    2.696357011795044
                ],
                [
                    0.678462564945221,
                    0.12300973385572433,
                    0.7242631316184998,
                    2.91959810256958
                ],
                [
                    -7.450580152834618e-09,
                    0.9858816862106323,
                    -0.16744333505630493,
                    -0.6749856472015381
                ],
                [
                    0.0,
                    0.0,
                    0.0,
                    1.0
                ]
            ]
        },
        {
            "file_path": "/data/shapenet_blender/all_50_random/02958343/9e52d425db48a33bbda733a39f84326d/r_13",
            "rotation": 0.12566370614359174,
            "transform_matrix": [
                [
                    0.19335483014583588,
                    0.04975569620728493,
                    0.9798663854598999,
                    3.949968099594116
                ],
                [
                    0.9811289310455322,
                    -0.009805545210838318,
                    -0.193106010556221,
                    -0.7784352898597717
                ],
                [
                    0.0,
                    0.9987131357192993,
                    -0.050712700933218,
                    -0.20442944765090942
                ],
                [
                    0.0,
                    0.0,
                    0.0,
                    1.0
                ]
            ]
        },
        {
            "file_path": "/data/shapenet_blender/all_50_random/02958343/9e52d425db48a33bbda733a39f84326d/r_14",
            "rotation": 0.12566370614359174,
            "transform_matrix": [
                [
                    -0.958450198173523,
                    0.03772944584488869,
                    -0.2827537953853607,
                    -1.1398171186447144
                ],
                [
                    -0.2852599620819092,
                    -0.1267678588628769,
                    0.950029730796814,
                    3.8296926021575928
                ],
                [
                    0.0,
                    0.9912145137786865,
                    0.13226337730884552,
                    0.533170759677887
                ],
                [
                    0.0,
                    0.0,
                    0.0,
                    1.0
                ]
            ]
        },
        {
            "file_path": "/data/shapenet_blender/all_50_random/02958343/9e52d425db48a33bbda733a39f84326d/r_15",
            "rotation": 0.12566370614359174,
            "transform_matrix": [
                [
                    0.4125710129737854,
                    -0.6769208312034607,
                    0.609559953212738,
                    2.4572150707244873
                ],
                [
                    0.9109255075454712,
                    0.30658701062202454,
                    -0.27607831358909607,
                    -1.1129074096679688
                ],
                [
                    0.0,
                    0.6691656112670898,
                    0.7431132197380066,
                    2.9955854415893555
                ],
                [
                    0.0,
                    0.0,
                    0.0,
                    1.0
                ]
            ]
        },
        {
            "file_path": "/data/shapenet_blender/all_50_random/02958343/9e52d425db48a33bbda733a39f84326d/r_16",
            "rotation": 0.12566370614359174,
            "transform_matrix": [
                [
                    0.5262648463249207,
                    -0.15941666066646576,
                    0.8352435231208801,
                    3.366973876953125
                ],
                [
                    0.8503206372261047,
                    0.09866323322057724,
                    -0.5169335603713989,
                    -2.0838255882263184
                ],
                [
                    -7.450580596923828e-09,
                    0.9822686910629272,
                    0.18747830390930176,
                    0.7557491660118103
                ],
                [
                    0.0,
                    0.0,
                    0.0,
                    1.0
                ]
            ]
        },
        {
            "file_path": "/data/shapenet_blender/all_50_random/02958343/9e52d425db48a33bbda733a39f84326d/r_17",
            "rotation": 0.12566370614359174,
            "transform_matrix": [
                [
                    -0.3958955705165863,
                    -0.2704894244670868,
                    0.8775545954704285,
                    3.5375359058380127
                ],
                [
                    0.9182956218719482,
                    -0.11661340296268463,
                    0.3783313035964966,
                    1.5251023769378662
                ],
                [
                    7.450581485102248e-09,
                    0.9556341171264648,
                    0.2945559620857239,
                    1.1873931884765625
                ],
                [
                    0.0,
                    0.0,
                    0.0,
                    1.0
                ]
            ]
        },
        {
            "file_path": "/data/shapenet_blender/all_50_random/02958343/9e52d425db48a33bbda733a39f84326d/r_18",
            "rotation": 0.12566370614359174,
            "transform_matrix": [
                [
                    -0.2996708154678345,
                    0.24781213700771332,
                    0.9212960600852966,
                    3.7138633728027344
                ],
                [
                    0.9540426731109619,
                    0.07783935219049454,
                    0.2893848717212677,
                    1.1665478944778442
                ],
                [
                    0.0,
                    0.9656760096549988,
                    -0.25974950194358826,
                    -1.047083854675293
                ],
                [
                    0.0,
                    0.0,
                    0.0,
                    1.0
                ]
            ]
        },
        {
            "file_path": "/data/shapenet_blender/all_50_random/02958343/9e52d425db48a33bbda733a39f84326d/r_19",
            "rotation": 0.12566370614359174,
            "transform_matrix": [
                [
                    -0.062408026307821274,
                    0.09006150811910629,
                    -0.9939789772033691,
                    -4.006857395172119
                ],
                [
                    -0.9980508089065552,
                    -0.005631537176668644,
                    0.0621534138917923,
                    0.25054842233657837
                ],
                [
                    4.656613428188905e-10,
                    0.9959202408790588,
                    0.09023740142583847,
                    0.3637585937976837
                ],
                [
                    0.0,
                    0.0,
                    0.0,
                    1.0
                ]
            ]
        },
        {
            "file_path": "/data/shapenet_blender/all_50_random/02958343/9e52d425db48a33bbda733a39f84326d/r_20",
            "rotation": 0.12566370614359174,
            "transform_matrix": [
                [
                    0.9241659641265869,
                    -0.17443189024925232,
                    -0.33983954787254333,
                    -1.3699371814727783
                ],
                [
                    -0.3819914162158966,
                    -0.42200952768325806,
                    -0.8221863508224487,
                    -3.3143396377563477
                ],
                [
                    0.0,
                    0.8896525502204895,
                    -0.4566381871700287,
                    -1.8407676219940186
                ],
                [
                    0.0,
                    0.0,
                    0.0,
                    1.0
                ]
            ]
        },
        {
            "file_path": "/data/shapenet_blender/all_50_random/02958343/9e52d425db48a33bbda733a39f84326d/r_21",
            "rotation": 0.12566370614359174,
            "transform_matrix": [
                [
                    -0.9372934699058533,
                    -0.3115910589694977,
                    -0.15617895126342773,
                    -0.6295775175094604
                ],
                [
                    -0.3485410213470459,
                    0.8379279971122742,
                    0.41999509930610657,
                    1.693054437637329
                ],
                [
                    -1.4901160305669237e-08,
                    0.44809338450431824,
                    -0.8939866423606873,
                    -3.6037755012512207
                ],
                [
                    0.0,
                    0.0,
                    0.0,
                    1.0
                ]
            ]
        },
        {
            "file_path": "/data/shapenet_blender/all_50_random/02958343/9e52d425db48a33bbda733a39f84326d/r_22",
            "rotation": 0.12566370614359174,
            "transform_matrix": [
                [
                    0.7676358222961426,
                    -0.26157432794570923,
                    -0.5850762128829956,
                    -2.3585174083709717
                ],
                [
                    -0.6408863663673401,
                    -0.31330645084381104,
                    -0.7007880210876465,
                    -2.8249664306640625
                ],
                [
                    0.0,
                    0.9129171371459961,
                    -0.4081447422504425,
                    -1.6452839374542236
                ],
                [
                    0.0,
                    0.0,
                    0.0,
                    1.0
                ]
            ]
        },
        {
            "file_path": "/data/shapenet_blender/all_50_random/02958343/9e52d425db48a33bbda733a39f84326d/r_23",
            "rotation": 0.12566370614359174,
            "transform_matrix": [
                [
                    -0.9471070766448975,
                    0.11082012951374054,
                    0.30117619037628174,
                    1.2140800952911377
                ],
                [
                    0.3209177255630493,
                    0.32705745100975037,
                    0.888844907283783,
                    3.5830483436584473
                ],
                [
                    -1.4901161193847656e-08,
                    0.9384840130805969,
                    -0.34532254934310913,
                    -1.3920397758483887
                ],
                [
                    0.0,
                    0.0,
                    0.0,
                    1.0
                ]
            ]
        },
        {
            "file_path": "/data/shapenet_blender/all_50_random/02958343/9e52d425db48a33bbda733a39f84326d/r_24",
            "rotation": 0.12566370614359174,
            "transform_matrix": [
                [
                    0.267435759305954,
                    0.06680171936750412,
                    0.9612573385238647,
                    3.8749523162841797
                ],
                [
                    0.9635756611824036,
                    -0.01854049600660801,
                    -0.26679232716560364,
                    -1.0754742622375488
                ],
                [
                    1.8626449271863521e-09,
                    0.9975939989089966,
                    -0.06932691484689713,
                    -0.2794657349586487
                ],
                [
                    0.0,
                    0.0,
                    0.0,
                    1.0
                ]
            ]
        },
        {
            "file_path": "/data/shapenet_blender/all_50_random/02958343/9e52d425db48a33bbda733a39f84326d/r_25",
            "rotation": 0.12566370614359174,
            "transform_matrix": [
                [
                    -0.9005590677261353,
                    -0.15051211416721344,
                    -0.4078473746776581,
                    -1.6440855264663696
                ],
                [
                    -0.43473371863365173,
                    0.3117886483669281,
                    0.8448634743690491,
                    3.4057538509368896
                ],
                [
                    -1.4901161193847656e-08,
                    0.9381545782089233,
                    -0.34621673822402954,
                    -1.3956444263458252
                ],
                [
                    0.0,
                    0.0,
                    0.0,
                    1.0
                ]
            ]
        },
        {
            "file_path": "/data/shapenet_blender/all_50_random/02958343/9e52d425db48a33bbda733a39f84326d/r_26",
            "rotation": 0.12566370614359174,
            "transform_matrix": [
                [
                    -0.960728645324707,
                    -0.05297071114182472,
                    -0.27238699793815613,
                    -1.098027229309082
                ],
                [
                    -0.2774898111820221,
                    0.1833958625793457,
                    0.9430616497993469,
                    3.801603317260742
                ],
                [
                    3.725290742551124e-09,
                    0.9816108345985413,
                    -0.19089247286319733,
                    -0.7695122361183167
                ],
                [
                    0.0,
                    0.0,
                    0.0,
                    1.0
                ]
            ]
        },
        {
            "file_path": "/data/shapenet_blender/all_50_random/02958343/9e52d425db48a33bbda733a39f84326d/r_27",
            "rotation": 0.12566370614359174,
            "transform_matrix": [
                [
                    -0.6956367492675781,
                    0.47664108872413635,
                    0.53749680519104,
                    2.1667189598083496
                ],
                [
                    0.7183936834335327,
                    0.4615422487258911,
                    0.5204702019691467,
                    2.0980825424194336
                ],
                [
                    0.0,
                    0.748192548751831,
                    -0.6634816527366638,
                    -2.6745800971984863
                ],
                [
                    0.0,
                    0.0,
                    0.0,
                    1.0
                ]
            ]
        },
        {
            "file_path": "/data/shapenet_blender/all_50_random/02958343/9e52d425db48a33bbda733a39f84326d/r_28",
            "rotation": 0.12566370614359174,
            "transform_matrix": [
                [
                    0.03146135434508324,
                    0.5592542290687561,
                    0.8283990025520325,
                    3.339383125305176
                ],
                [
                    0.9995049834251404,
                    -0.017603613436222076,
                    -0.026075465604662895,
                    -0.10511356592178345
                ],
                [
                    9.313225191043273e-10,
                    0.8288093209266663,
                    -0.5595312118530273,
                    -2.255542516708374
                ],
                [
                    0.0,
                    0.0,
                    0.0,
                    1.0
                ]
            ]
        },
        {
            "file_path": "/data/shapenet_blender/all_50_random/02958343/9e52d425db48a33bbda733a39f84326d/r_29",
            "rotation": 0.12566370614359174,
            "transform_matrix": [
                [
                    0.9968252182006836,
                    -0.01136903278529644,
                    0.07880599796772003,
                    0.3176771402359009
                ],
                [
                    0.07962186634540558,
                    0.14233450591564178,
                    -0.986611008644104,
                    -3.977155923843384
                ],
                [
                    0.0,
                    0.9897533059120178,
                    0.1427878439426422,
                    0.5755962133407593
                ],
                [
                    0.0,
                    0.0,
                    0.0,
                    1.0
                ]
            ]
        },
        {
            "file_path": "/data/shapenet_blender/all_50_random/02958343/9e52d425db48a33bbda733a39f84326d/r_30",
            "rotation": 0.12566370614359174,
            "transform_matrix": [
                [
                    -0.6704263687133789,
                    0.22915448248386383,
                    0.7057029604911804,
                    2.8447799682617188
                ],
                [
                    0.7419761419296265,
                    0.20705679059028625,
                    0.6376510262489319,
                    2.570453643798828
                ],
                [
                    0.0,
                    0.9511128664016724,
                    -0.3088434338569641,
                    -1.2449878454208374
                ],
                [
                    0.0,
                    0.0,
                    0.0,
                    1.0
                ]
            ]
        },
        {
            "file_path": "/data/shapenet_blender/all_50_random/02958343/9e52d425db48a33bbda733a39f84326d/r_31",
            "rotation": 0.12566370614359174,
            "transform_matrix": [
                [
                    -0.8418158292770386,
                    -0.08430291712284088,
                    -0.5331406593322754,
                    -2.1491589546203613
                ],
                [
                    -0.5397647023200989,
                    0.13147865235805511,
                    0.8314849734306335,
                    3.351823329925537
                ],
                [
                    1.4901160305669237e-08,
                    0.9877278804779053,
                    -0.15618453919887543,
                    -0.6296000480651855
                ],
                [
                    0.0,
                    0.0,
                    0.0,
                    1.0
                ]
            ]
        },
        {
            "file_path": "/data/shapenet_blender/all_50_random/02958343/9e52d425db48a33bbda733a39f84326d/r_32",
            "rotation": 0.12566370614359174,
            "transform_matrix": [
                [
                    -0.7937551736831665,
                    -0.19732506573200226,
                    -0.5753395557403564,
                    -2.319267988204956
                ],
                [
                    -0.6082373857498169,
                    0.2575109004974365,
                    0.7508230805397034,
                    3.0266647338867188
                ],
                [
                    0.0,
                    0.9459127187728882,
                    -0.32442110776901245,
                    -1.3077833652496338
                ],
                [
                    0.0,
                    0.0,
                    0.0,
                    1.0
                ]
            ]
        },
        {
            "file_path": "/data/shapenet_blender/all_50_random/02958343/9e52d425db48a33bbda733a39f84326d/r_33",
            "rotation": 0.12566370614359174,
            "transform_matrix": [
                [
                    -0.782686173915863,
                    -0.4640873670578003,
                    -0.4147590696811676,
                    -1.6719472408294678
                ],
                [
                    -0.6224164366722107,
                    0.5835880041122437,
                    0.5215579271316528,
                    2.1024672985076904
                ],
                [
                    -1.4901162970204496e-08,
                    0.6663690209388733,
                    -0.7456219792366028,
                    -3.0056984424591064
                ],
                [
                    0.0,
                    0.0,
                    0.0,
                    1.0
                ]
            ]
        },
        {
            "file_path": "/data/shapenet_blender/all_50_random/02958343/9e52d425db48a33bbda733a39f84326d/r_34",
            "rotation": 0.12566370614359174,
            "transform_matrix": [
                [
                    -0.9916228652000427,
                    0.11335303634405136,
                    0.06192907318472862,
                    0.24964408576488495
                ],
                [
                    0.12916703522205353,
                    0.8702178597450256,
                    0.4754330813884735,
                    1.916532039642334
                ],
                [
                    -3.725290076417309e-09,
                    0.4794495701789856,
                    -0.8775694370269775,
                    -3.537595510482788
                ],
                [
                    0.0,
                    0.0,
                    0.0,
                    1.0
                ]
            ]
        },
        {
            "file_path": "/data/shapenet_blender/all_50_random/02958343/9e52d425db48a33bbda733a39f84326d/r_35",
            "rotation": 0.12566370614359174,
            "transform_matrix": [
                [
                    0.10015412420034409,
                    -0.5030879974365234,
                    -0.8584121465682983,
                    -3.4603703022003174
                ],
                [
                    -0.9949719309806824,
                    -0.05064096674323082,
                    -0.08640797436237335,
                    -0.34832170605659485
                ],
                [
                    -3.725290742551124e-09,
                    0.8627501130104065,
                    -0.5056303143501282,
                    -2.0382611751556396
                ],
                [
                    0.0,
                    0.0,
                    0.0,
                    1.0
                ]
            ]
        },
        {
            "file_path": "/data/shapenet_blender/all_50_random/02958343/9e52d425db48a33bbda733a39f84326d/r_36",
            "rotation": 0.12566370614359174,
            "transform_matrix": [
                [
                    0.586407482624054,
                    0.6376903057098389,
                    0.4994770288467407,
                    2.013456344604492
                ],
                [
                    0.8100163340568542,
                    -0.4616529047489166,
                    -0.3615940511226654,
                    -1.457632303237915
                ],
                [
                    0.0,
                    0.6166259050369263,
                    -0.7872562408447266,
                    -3.1735315322875977
                ],
                [
                    0.0,
                    0.0,
                    0.0,
                    1.0
                ]
            ]
        },
        {
            "file_path": "/data/shapenet_blender/all_50_random/02958343/9e52d425db48a33bbda733a39f84326d/r_37",
            "rotation": 0.12566370614359174,
            "transform_matrix": [
                [
                    0.9073206782341003,
                    -0.28774094581604004,
                    -0.3065524101257324,
                    -1.2357524633407593
                ],
                [
                    -0.42043939232826233,
                    -0.6209534406661987,
                    -0.6615492105484009,
                    -2.66679048538208
                ],
                [
                    2.9802322387695312e-08,
                    0.7291240692138672,
                    -0.6843814253807068,
                    -2.7588300704956055
                ],
                [
                    0.0,
                    0.0,
                    0.0,
                    1.0
                ]
            ]
        },
        {
            "file_path": "/data/shapenet_blender/all_50_random/02958343/9e52d425db48a33bbda733a39f84326d/r_38",
            "rotation": 0.12566370614359174,
            "transform_matrix": [
                [
                    0.10408729314804077,
                    0.9774227738380432,
                    0.18387582898139954,
                    0.7412271499633789
                ],
                [
                    0.9945682287216187,
                    -0.10229291766881943,
                    -0.019243663176894188,
                    -0.07757368683815002
                ],
                [
                    0.0,
                    0.18488004803657532,
                    -0.9827610850334167,
                    -3.961636543273926
                ],
                [
                    0.0,
                    0.0,
                    0.0,
                    1.0
                ]
            ]
        },
        {
            "file_path": "/data/shapenet_blender/all_50_random/02958343/9e52d425db48a33bbda733a39f84326d/r_39",
            "rotation": 0.12566370614359174,
            "transform_matrix": [
                [
                    0.9935324192047119,
                    -0.07840077579021454,
                    -0.08213666081428528,
                    -0.33110347390174866
                ],
                [
                    -0.11354784667491913,
                    -0.6859990954399109,
                    -0.7186877131462097,
                    -2.897122859954834
                ],
                [
                    0.0,
                    0.7233659625053406,
                    -0.6904646754264832,
                    -2.7833521366119385
                ],
                [
                    0.0,
                    0.0,
                    0.0,
                    1.0
                ]
            ]
        },
        {
            "file_path": "/data/shapenet_blender/all_50_random/02958343/9e52d425db48a33bbda733a39f84326d/r_40",
            "rotation": 0.12566370614359174,
            "transform_matrix": [
                [
                    0.0019181094830855727,
                    0.8375586271286011,
                    -0.546343982219696,
                    -2.202383041381836
                ],
                [
                    -0.999998152256012,
                    0.0016065321397036314,
                    -0.0010479495394974947,
                    -0.004224419593811035
                ],
                [
                    0.0,
                    0.5463449358940125,
                    0.83756023645401,
                    3.3763132095336914
                ],
                [
                    0.0,
                    0.0,
                    0.0,
                    1.0
                ]
            ]
        },
        {
            "file_path": "/data/shapenet_blender/all_50_random/02958343/9e52d425db48a33bbda733a39f84326d/r_41",
            "rotation": 0.12566370614359174,
            "transform_matrix": [
                [
                    0.4996301531791687,
                    0.4213990867137909,
                    0.7568305730819702,
                    3.0508816242218018
                ],
                [
                    0.8662387728691101,
                    -0.24305503070354462,
                    -0.4365255832672119,
                    -1.7596908807754517
