{
    "class": "02958343",
    "model": "3264f78bfc3bc58c9213ea6cb12e4e3c",
    "remove_doubles": true,
    "edge_split": true,
    "denoise": true,
    "camera_angle_x": 0.6911112070083618,
    "scale_factor": 2.3060631622526913,
    "hdri_file": "/data/IndoorHDRDataset2018/9C4A1452-015380e720.exr",
    "center_offset": [
        0.0,
        0.0,
        -3.259629011154175e-09
    ],
    "lights": [],
    "frames": [
        {
            "file_path": "/data/shapenet_blender/all_50_random/02958343/3264f78bfc3bc58c9213ea6cb12e4e3c/r_0",
            "rotation": 0.12566370614359174,
            "transform_matrix": [
                [
                    -0.3707943260669708,
                    0.6523783206939697,
                    -0.6609947681427002,
                    -2.664555072784424
                ],
                [
                    -0.9287151098251343,
                    -0.26046544313430786,
                    0.2639056146144867,
                    1.0638375282287598
                ],
                [
                    1.4901162970204496e-08,
                    0.711730420589447,
                    0.7024526596069336,
                    2.831677198410034
                ],
                [
                    0.0,
                    0.0,
                    0.0,
                    1.0
                ]
            ]
        },
        {
            "file_path": "/data/shapenet_blender/all_50_random/02958343/3264f78bfc3bc58c9213ea6cb12e4e3c/r_1",
            "rotation": 0.12566370614359174,
            "transform_matrix": [
                [
                    -0.07269144058227539,
                    -0.9735628366470337,
                    -0.2165442556142807,
                    -0.872917890548706
                ],
                [
                    -0.9973545074462891,
                    0.07095739990472794,
                    0.015782665461301804,
                    0.06362196803092957
                ],
                [
                    0.0,
                    0.2171187698841095,
                    -0.9761450886726379,
                    -3.934967041015625
                ],
                [
                    0.0,
                    0.0,
                    0.0,
                    1.0
                ]
            ]
        },
        {
            "file_path": "/data/shapenet_blender/all_50_random/02958343/3264f78bfc3bc58c9213ea6cb12e4e3c/r_2",
            "rotation": 0.12566370614359174,
            "transform_matrix": [
                [
                    -0.8869584202766418,
                    -0.27850106358528137,
                    -0.3684317469596863,
                    -1.4851959943771362
                ],
                [
                    -0.4618493616580963,
                    0.5348472595214844,
                    0.7075545787811279,
                    2.8522439002990723
                ],
                [
                    1.4901161193847656e-08,
                    0.7977315783500671,
                    -0.6030126810073853,
                    -2.4308221340179443
                ],
                [
                    0.0,
                    0.0,
                    0.0,
                    1.0
                ]
            ]
        },
        {
            "file_path": "/data/shapenet_blender/all_50_random/02958343/3264f78bfc3bc58c9213ea6cb12e4e3c/r_3",
            "rotation": 0.12566370614359174,
            "transform_matrix": [
                [
                    0.9875199198722839,
                    -0.13086077570915222,
                    -0.08763467520475388,
                    -0.3532666862010956
                ],
                [
                    -0.15749405324459076,
                    -0.8205237984657288,
                    -0.549487292766571,
                    -2.2150540351867676
                ],
                [
                    0.0,
                    0.5564314723014832,
                    -0.8308934569358826,
                    -3.3494386672973633
                ],
                [
                    0.0,
                    0.0,
                    0.0,
                    1.0
                ]
            ]
        },
        {
            "file_path": "/data/shapenet_blender/all_50_random/02958343/3264f78bfc3bc58c9213ea6cb12e4e3c/r_4",
            "rotation": 0.12566370614359174,
            "transform_matrix": [
                [
                    0.9868347644805908,
                    0.022694844752550125,
                    -0.16013199090957642,
                    -0.6455127596855164
                ],
                [
                    -0.1617322415113449,
                    0.1384761929512024,
                    -0.9770706295967102,
                    -3.9386978149414062
                ],
                [
                    1.862645149230957e-09,
                    0.9901057481765747,
                    0.14032357931137085,
                    0.5656625032424927
                ],
                [
                    0.0,
                    0.0,
                    0.0,
                    1.0
                ]
            ]
        },
        {
            "file_path": "/data/shapenet_blender/all_50_random/02958343/3264f78bfc3bc58c9213ea6cb12e4e3c/r_5",
            "rotation": 0.12566370614359174,
            "transform_matrix": [
                [
                    0.9878740906715393,
                    0.15032143890857697,
                    0.03883751481771469,
                    0.156559020280838
                ],
                [
                    0.15525752305984497,
                    -0.9564668536186218,
                    -0.24711574614048004,
                    -0.9961553812026978
                ],
                [
                    3.725290298461914e-09,
                    0.25014886260032654,
                    -0.9682073593139648,
                    -3.902968406677246
                ],
                [
                    0.0,
                    0.0,
                    0.0,
                    1.0
                ]
            ]
        },
        {
            "file_path": "/data/shapenet_blender/all_50_random/02958343/3264f78bfc3bc58c9213ea6cb12e4e3c/r_6",
            "rotation": 0.12566370614359174,
            "transform_matrix": [
                [
                    0.9975948929786682,
                    0.01418630126863718,
                    -0.0678481012582779,
                    -0.27350443601608276
                ],
                [
                    -0.0693153440952301,
                    0.20417097210884094,
                    -0.9764781594276428,
                    -3.936309337615967
                ],
                [
                    0.0,
                    0.9788323640823364,
                    0.2046632468700409,
                    0.8250239491462708
                ],
                [
                    0.0,
                    0.0,
                    0.0,
                    1.0
                ]
            ]
        },
        {
            "file_path": "/data/shapenet_blender/all_50_random/02958343/3264f78bfc3bc58c9213ea6cb12e4e3c/r_7",
            "rotation": 0.12566370614359174,
            "transform_matrix": [
                [
                    -0.49459531903266907,
                    0.006898564752191305,
                    -0.8690959215164185,
                    -3.5034379959106445
                ],
                [
                    -0.8691233992576599,
                    -0.003925791941583157,
                    0.4945796728134155,
                    1.9937145709991455
                ],
                [
                    0.0,
                    0.9999685883522034,
                    0.007937380112707615,
                    0.03199660778045654
                ],
                [
                    0.0,
                    0.0,
                    0.0,
                    1.0
                ]
            ]
        },
        {
            "file_path": "/data/shapenet_blender/all_50_random/02958343/3264f78bfc3bc58c9213ea6cb12e4e3c/r_8",
            "rotation": 0.12566370614359174,
            "transform_matrix": [
                [
                    0.9974907040596008,
                    -0.058263108134269714,
                    0.04021946340799332,
                    0.16212983429431915
                ],
                [
                    0.07079685479402542,
                    0.8208967447280884,
                    -0.5666711926460266,
                    -2.2843246459960938
                ],
                [
                    -3.725290076417309e-09,
                    0.5680966377258301,
                    0.822961688041687,
                    3.317464828491211
                ],
                [
                    0.0,
                    0.0,
                    0.0,
                    1.0
                ]
            ]
        },
        {
            "file_path": "/data/shapenet_blender/all_50_random/02958343/3264f78bfc3bc58c9213ea6cb12e4e3c/r_9",
            "rotation": 0.12566370614359174,
            "transform_matrix": [
                [
                    0.34860071539878845,
                    0.5398344993591309,
                    -0.7661958932876587,
                    -3.088634490966797
                ],
                [
                    -0.9372714161872864,
                    0.2007814347743988,
                    -0.2849723696708679,
                    -1.1487603187561035
                ],
                [
                    -1.4901162970204496e-08,
                    0.8174749612808228,
                    0.5759640336036682,
                    2.3217852115631104
                ],
                [
                    0.0,
                    0.0,
                    0.0,
                    1.0
                ]
            ]
        },
        {
            "file_path": "/data/shapenet_blender/all_50_random/02958343/3264f78bfc3bc58c9213ea6cb12e4e3c/r_10",
            "rotation": 0.12566370614359174,
            "transform_matrix": [
                [
                    0.6266148686408997,
                    0.1329486072063446,
                    0.7679051756858826,
                    3.095525026321411
                ],
                [
                    0.7793290615081787,
                    -0.1068965345621109,
                    -0.6174295544624329,
                    -2.488938331604004
                ],
                [
                    0.0,
                    0.9853414297103882,
                    -0.17059366405010223,
                    -0.6876851320266724
                ],
                [
                    0.0,
                    0.0,
                    0.0,
                    1.0
                ]
            ]
        },
        {
            "file_path": "/data/shapenet_blender/all_50_random/02958343/3264f78bfc3bc58c9213ea6cb12e4e3c/r_11",
            "rotation": 0.12566370614359174,
            "transform_matrix": [
                [
                    0.9995932579040527,
                    0.0006943752523511648,
                    -0.028513487428426743,
                    -0.1149415522813797
                ],
                [
                    -0.0285219457000494,
                    0.02433539368212223,
                    -0.9992968440055847,
                    -4.028294563293457
                ],
                [
                    -5.820766785236131e-11,
                    0.9997035264968872,
                    0.02434529922902584,
                    0.09813904762268066
                ],
                [
                    0.0,
                    0.0,
                    0.0,
                    1.0
                ]
            ]
        },
        {
            "file_path": "/data/shapenet_blender/all_50_random/02958343/3264f78bfc3bc58c9213ea6cb12e4e3c/r_12",
            "rotation": 0.12566370614359174,
            "transform_matrix": [
                [
                    0.8441870212554932,
                    -0.06645050644874573,
                    0.5319141149520874,
                    2.144214391708374
                ],
                [
                    0.5360487699508667,
                    0.1046484187245369,
                    -0.8376756310462952,
                    -3.3767783641815186
                ],
                [
                    0.0,
                    0.9922866821289062,
                    0.12396355718374252,
                    0.49971309304237366
                ],
                [
                    0.0,
                    0.0,
                    0.0,
                    1.0
                ]
            ]
        },
        {
            "file_path": "/data/shapenet_blender/all_50_random/02958343/3264f78bfc3bc58c9213ea6cb12e4e3c/r_13",
            "rotation": 0.12566370614359174,
            "transform_matrix": [
                [
                    -0.10163045674562454,
                    -0.4086081385612488,
                    0.9070339202880859,
                    3.6563708782196045
                ],
                [
                    0.9948222041130066,
                    -0.041743166744709015,
                    0.09266205132007599,
                    0.3735327124595642
                ],
                [
                    0.0,
                    0.911754846572876,
                    0.41073477268218994,
                    1.6557250022888184
                ],
                [
                    0.0,
                    0.0,
                    0.0,
                    1.0
                ]
            ]
        },
        {
            "file_path": "/data/shapenet_blender/all_50_random/02958343/3264f78bfc3bc58c9213ea6cb12e4e3c/r_14",
            "rotation": 0.12566370614359174,
            "transform_matrix": [
                [
                    0.3856106996536255,
                    -0.09832895547151566,
                    -0.9174070954322815,
                    -3.6981863975524902
                ],
                [
                    -0.9226616024971008,
                    -0.041094910353422165,
                    -0.38341468572616577,
                    -1.5455939769744873
                ],
                [
                    3.725290298461914e-09,
                    0.9943050742149353,
                    -0.10657098144292831,
                    -0.42960137128829956
                ],
                [
                    0.0,
                    0.0,
                    0.0,
                    1.0
                ]
            ]
        },
        {
            "file_path": "/data/shapenet_blender/all_50_random/02958343/3264f78bfc3bc58c9213ea6cb12e4e3c/r_15",
            "rotation": 0.12566370614359174,
            "transform_matrix": [
                [
                    0.6829106211662292,
                    0.028152424842119217,
                    -0.7299591898918152,
                    -2.9425599575042725
                ],
                [
                    -0.7305019497871399,
                    0.026318328455090523,
                    -0.6824032068252563,
                    -2.7508554458618164
                ],
                [
                    1.862645149230957e-09,
                    0.9992570877075195,
                    0.038538459688425064,
                    0.15535351634025574
                ],
                [
                    0.0,
                    0.0,
                    0.0,
                    1.0
                ]
            ]
        },
        {
            "file_path": "/data/shapenet_blender/all_50_random/02958343/3264f78bfc3bc58c9213ea6cb12e4e3c/r_16",
            "rotation": 0.12566370614359174,
            "transform_matrix": [
                [
                    -0.7406147122383118,
                    -0.15535368025302887,
                    0.6537238955497742,
                    2.6352453231811523
                ],
                [
                    0.6719298362731934,
                    -0.17123398184776306,
                    0.7205477952957153,
                    2.904621124267578
                ],
                [
                    -7.450580596923828e-09,
                    0.9729049801826477,
                    0.23120518028736115,
                    0.9320179224014282
                ],
                [
                    0.0,
                    0.0,
                    0.0,
                    1.0
                ]
            ]
        },
        {
            "file_path": "/data/shapenet_blender/all_50_random/02958343/3264f78bfc3bc58c9213ea6cb12e4e3c/r_17",
            "rotation": 0.12566370614359174,
            "transform_matrix": [
                [
                    0.19956359267234802,
                    -0.06722848117351532,
                    -0.977575957775116,
                    -3.940734624862671
                ],
                [
                    -0.9798849821090698,
                    -0.013691766187548637,
                    -0.19909334182739258,
                    -0.8025709390640259
                ],
                [
                    9.31322685637781e-10,
                    0.9976435899734497,
                    -0.06860854476690292,
                    -0.2765699028968811
                ],
                [
                    0.0,
                    0.0,
                    0.0,
                    1.0
                ]
            ]
        },
        {
            "file_path": "/data/shapenet_blender/all_50_random/02958343/3264f78bfc3bc58c9213ea6cb12e4e3c/r_18",
            "rotation": 0.12566370614359174,
            "transform_matrix": [
                [
                    0.9676448702812195,
                    -0.14913585782051086,
                    0.20352372527122498,
                    0.8204303979873657
                ],
                [
                    0.25231608748435974,
                    0.5719435214996338,
                    -0.7805237174034119,
                    -3.1463916301727295
                ],
                [
                    -7.450580152834618e-09,
                    0.8066220879554749,
                    0.5910675525665283,
                    2.382669448852539
                ],
                [
                    0.0,
                    0.0,
                    0.0,
                    1.0
                ]
            ]
        },
        {
            "file_path": "/data/shapenet_blender/all_50_random/02958343/3264f78bfc3bc58c9213ea6cb12e4e3c/r_19",
            "rotation": 0.12566370614359174,
            "transform_matrix": [
                [
                    -0.6341681480407715,
                    0.6246110200881958,
                    -0.45573216676712036,
                    -1.8371152877807617
                ],
                [
                    -0.773195207118988,
                    -0.5123006701469421,
                    0.37378767132759094,
                    1.5067864656448364
                ],
                [
                    0.0,
                    0.5894141793251038,
                    0.8078309297561646,
                    3.2564709186553955
                ],
                [
                    0.0,
                    0.0,
                    0.0,
                    1.0
                ]
            ]
        },
        {
            "file_path": "/data/shapenet_blender/all_50_random/02958343/3264f78bfc3bc58c9213ea6cb12e4e3c/r_20",
            "rotation": 0.12566370614359174,
            "transform_matrix": [
                [
                    -0.9996731281280518,
                    -0.007157397922128439,
                    -0.02454429306089878,
                    -0.09894120693206787
                ],
                [
                    -0.025566594675183296,
                    0.2798596918582916,
                    0.9597004055976868,
                    3.86867618560791
                ],
                [
                    9.313225746154785e-10,
                    0.960014283657074,
                    -0.27995115518569946,
                    -1.1285191774368286
                ],
                [
                    0.0,
                    0.0,
                    0.0,
                    1.0
                ]
            ]
        },
        {
            "file_path": "/data/shapenet_blender/all_50_random/02958343/3264f78bfc3bc58c9213ea6cb12e4e3c/r_21",
            "rotation": 0.12566370614359174,
            "transform_matrix": [
                [
                    -0.6828215718269348,
                    0.02900407835841179,
                    0.730009138584137,
                    2.942761182785034
                ],
                [
                    0.7305851578712463,
                    0.027107875794172287,
                    0.6822832226753235,
                    2.7503719329833984
                ],
                [
                    0.0,
                    0.9992115497589111,
                    -0.03969979286193848,
                    -0.16003499925136566
                ],
                [
                    0.0,
                    0.0,
                    0.0,
                    1.0
                ]
            ]
        },
        {
            "file_path": "/data/shapenet_blender/all_50_random/02958343/3264f78bfc3bc58c9213ea6cb12e4e3c/r_22",
            "rotation": 0.12566370614359174,
            "transform_matrix": [
                [
                    -0.9224455952644348,
                    -0.37570464611053467,
                    -0.08910791575908661,
                    -0.3592054843902588
                ],
                [
                    -0.386127233505249,
                    0.8975463509559631,
                    0.21287593245506287,
                    0.8581303358078003
                ],
                [
                    7.450580596923828e-09,
                    0.230773463845253,
                    -0.9730075001716614,
                    -3.922318696975708
                ],
                [
                    0.0,
                    0.0,
                    0.0,
                    1.0
                ]
            ]
        },
        {
            "file_path": "/data/shapenet_blender/all_50_random/02958343/3264f78bfc3bc58c9213ea6cb12e4e3c/r_23",
            "rotation": 0.12566370614359174,
            "transform_matrix": [
                [
                    -0.8841117024421692,
                    -0.33425989747047424,
                    0.3265222907066345,
                    1.3162535429000854
                ],
                [
                    0.46727561950683594,
                    -0.6324384808540344,
                    0.6177985072135925,
                    2.4904255867004395
                ],
                [
                    0.0,
                    0.6987789273262024,
                    0.7153376340866089,
                    2.8836185932159424
                ],
                [
                    0.0,
                    0.0,
                    0.0,
                    1.0
                ]
            ]
        },
        {
            "file_path": "/data/shapenet_blender/all_50_random/02958343/3264f78bfc3bc58c9213ea6cb12e4e3c/r_24",
            "rotation": 0.12566370614359174,
            "transform_matrix": [
                [
                    0.6068782806396484,
                    -0.06279546022415161,
                    -0.7923102378845215,
                    -3.1939046382904053
                ],
                [
                    -0.7947947978973389,
                    -0.04794847220182419,
                    -0.6049811244010925,
                    -2.4387569427490234
                ],
                [
                    0.0,
                    0.9968739151954651,
                    -0.07900839298963547,
                    -0.3184930086135864
                ],
                [
                    0.0,
                    0.0,
                    0.0,
                    1.0
                ]
            ]
        },
        {
            "file_path": "/data/shapenet_blender/all_50_random/02958343/3264f78bfc3bc58c9213ea6cb12e4e3c/r_25",
            "rotation": 0.12566370614359174,
            "transform_matrix": [
                [
                    0.6474924087524414,
                    -0.33719366788864136,
                    0.6834135055541992,
                    2.75492787361145
                ],
                [
                    0.7620719075202942,
                    0.28649574518203735,
                    -0.5806605219841003,
                    -2.340717315673828
                ],
                [
                    -1.4901161193847656e-08,
                    0.8967834711074829,
                    0.44246968626976013,
                    1.7836523056030273
                ],
                [
                    0.0,
                    0.0,
                    0.0,
                    1.0
                ]
            ]
        },
        {
            "file_path": "/data/shapenet_blender/all_50_random/02958343/3264f78bfc3bc58c9213ea6cb12e4e3c/r_26",
            "rotation": 0.12566370614359174,
            "transform_matrix": [
                [
                    -0.19501392543315887,
                    -0.20499876141548157,
                    0.9591376185417175,
                    3.866407632827759
                ],
                [
                    0.9808005094528198,
                    -0.040760189294815063,
                    0.19070667028427124,
                    0.7687632441520691
                ],
                [
                    0.0,
                    0.9779130816459656,
                    0.20901165902614594,
                    0.8425530195236206
                ],
                [
                    0.0,
                    0.0,
                    0.0,
                    1.0
                ]
            ]
        },
        {
            "file_path": "/data/shapenet_blender/all_50_random/02958343/3264f78bfc3bc58c9213ea6cb12e4e3c/r_27",
            "rotation": 0.12566370614359174,
            "transform_matrix": [
                [
                    -0.3270600438117981,
                    -0.8737534880638123,
                    -0.35998159646987915,
                    -1.4511322975158691
                ],
                [
                    -0.9450036287307739,
                    0.3024007976055145,
                    0.12458746135234833,
                    0.5022281408309937
                ],
                [
                    0.0,
                    0.38093137741088867,
                    -0.9246032238006592,
                    -3.7271950244903564
                ],
                [
                    0.0,
                    0.0,
                    0.0,
                    1.0
                ]
            ]
        },
        {
            "file_path": "/data/shapenet_blender/all_50_random/02958343/3264f78bfc3bc58c9213ea6cb12e4e3c/r_28",
            "rotation": 0.12566370614359174,
            "transform_matrix": [
                [
                    -0.9184718728065491,
                    -0.23583993315696716,
                    -0.31747278571128845,
                    -1.2797737121582031
                ],
                [
                    -0.39548635482788086,
                    0.5477113127708435,
                    0.7372943162918091,
                    2.972128391265869
                ],
                [
                    0.0,
                    0.8027402758598328,
                    -0.596328854560852,
                    -2.4038784503936768
                ],
                [
                    0.0,
                    0.0,
                    0.0,
                    1.0
                ]
            ]
        },
        {
            "file_path": "/data/shapenet_blender/all_50_random/02958343/3264f78bfc3bc58c9213ea6cb12e4e3c/r_29",
            "rotation": 0.12566370614359174,
            "transform_matrix": [
                [
                    -0.6066809296607971,
                    0.6158331036567688,
                    0.5026807188987732,
                    2.0263707637786865
                ],
                [
                    0.7949454188346863,
                    0.46998724341392517,
                    0.3836323916912079,
                    1.5464715957641602
                ],
                [
                    0.0,
                    0.6323460936546326,
                    -0.7746859788894653,
                    -3.122859001159668
                ],
                [
                    0.0,
                    0.0,
                    0.0,
                    1.0
                ]
            ]
        },
        {
            "file_path": "/data/shapenet_blender/all_50_random/02958343/3264f78bfc3bc58c9213ea6cb12e4e3c/r_30",
            "rotation": 0.12566370614359174,
            "transform_matrix": [
                [
                    -0.3609021306037903,
                    -0.6500274538993835,
                    0.668740451335907,
                    2.695779323577881
                ],
                [
                    0.9326037168502808,
                    -0.2515498399734497,
                    0.258791446685791,
                    1.0432218313217163
                ],
                [
                    1.4901161193847656e-08,
                    0.7170682549476624,
                    0.6970028281211853,
                    2.809708595275879
                ],
                [
                    0.0,
                    0.0,
                    0.0,
                    1.0
                ]
            ]
        },
        {
            "file_path": "/data/shapenet_blender/all_50_random/02958343/3264f78bfc3bc58c9213ea6cb12e4e3c/r_31",
            "rotation": 0.12566370614359174,
            "transform_matrix": [
                [
                    0.653997004032135,
                    -0.5147631764411926,
                    -0.5543525815010071,
                    -2.2346668243408203
                ],
                [
                    -0.7564972639083862,
                    -0.4450162947177887,
                    -0.47924160957336426,
                    -1.931884765625
                ],
                [
                    0.0,
                    0.7327886819839478,
                    -0.6804562211036682,
                    -2.743006706237793
                ],
                [
                    0.0,
                    0.0,
                    0.0,
                    1.0
                ]
            ]
        },
        {
            "file_path": "/data/shapenet_blender/all_50_random/02958343/3264f78bfc3bc58c9213ea6cb12e4e3c/r_32",
            "rotation": 0.12566370614359174,
            "transform_matrix": [
                [
                    0.11057481914758682,
                    0.09318175911903381,
                    -0.9894899129867554,
                    -3.9887616634368896
                ],
                [
                    -0.9938678741455078,
                    0.010367128998041153,
                    -0.11008774489164352,
                    -0.4437779188156128
                ],
                [
                    -9.313225746154785e-10,
                    0.9955951571464539,
                    0.09375668317079544,
                    0.37794530391693115
                ],
                [
                    0.0,
                    0.0,
                    0.0,
                    1.0
                ]
            ]
        },
        {
            "file_path": "/data/shapenet_blender/all_50_random/02958343/3264f78bfc3bc58c9213ea6cb12e4e3c/r_33",
            "rotation": 0.12566370614359174,
            "transform_matrix": [
                [
                    0.14023150503635406,
                    0.43744096159935,
                    0.8882457613945007,
                    3.5806331634521484
                ],
                [
                    0.990118682384491,
                    -0.061955202370882034,
                    -0.125803142786026,
                    -0.5071287155151367
                ],
                [
                    -3.725290076417309e-09,
                    0.8971102237701416,
                    -0.4418065845966339,
                    -1.7809792757034302
                ],
                [
                    0.0,
                    0.0,
                    0.0,
                    1.0
                ]
            ]
        },
        {
            "file_path": "/data/shapenet_blender/all_50_random/02958343/3264f78bfc3bc58c9213ea6cb12e4e3c/r_34",
            "rotation": 0.12566370614359174,
            "transform_matrix": [
                [
                    -0.7978329658508301,
                    0.3391513228416443,
                    -0.49843651056289673,
                    -2.0092618465423584
                ],
                [
                    -0.6028785705566406,
                    -0.44882357120513916,
                    0.6596171855926514,
                    2.6590018272399902
                ],
                [
                    -1.4901161193847656e-08,
                    0.8267609477043152,
                    0.562553346157074,
                    2.2677249908447266
                ],
                [
                    0.0,
                    0.0,
                    0.0,
                    1.0
                ]
            ]
        },
        {
            "file_path": "/data/shapenet_blender/all_50_random/02958343/3264f78bfc3bc58c9213ea6cb12e4e3c/r_35",
            "rotation": 0.12566370614359174,
            "transform_matrix": [
                [
                    -0.8875706791877747,
                    -0.02700846455991268,
                    0.45987915992736816,
                    1.8538322448730469
                ],
                [
                    0.4606715738773346,
                    -0.05203690007328987,
                    0.886043906211853,
                    3.5717573165893555
                ],
                [
                    0.0,
                    0.9982797503471375,
                    0.05862846598029137,
                    0.23633889853954315
                ],
                [
                    0.0,
                    0.0,
                    0.0,
                    1.0
                ]
            ]
        },
        {
            "file_path": "/data/shapenet_blender/all_50_random/02958343/3264f78bfc3bc58c9213ea6cb12e4e3c/r_36",
            "rotation": 0.12566370614359174,
            "transform_matrix": [
                [
                    -0.2845829129219055,
                    0.014166958630084991,
                    0.9585466980934143,
                    3.864025354385376
                ],
                [
                    0.9586514830589294,
                    0.004205568693578243,
                    0.28455182909965515,
                    1.1470651626586914
                ],
                [
                    0.0,
                    0.9998908042907715,
                    -0.014778007753193378,
                    -0.05957205593585968
                ],
                [
                    0.0,
                    0.0,
                    0.0,
                    1.0
                ]
            ]
        },
        {
            "file_path": "/data/shapenet_blender/all_50_random/02958343/3264f78bfc3bc58c9213ea6cb12e4e3c/r_37",
            "rotation": 0.12566370614359174,
            "transform_matrix": [
                [
                    -0.6612918972969055,
                    -0.0029546127188950777,
                    0.7501228451728821,
                    3.0238420963287354
                ],
                [
                    0.7501286864280701,
                    -0.002604701556265354,
                    0.6612867116928101,
                    2.6657321453094482
                ],
                [
                    0.0,
                    0.9999922513961792,
                    0.003938807640224695,
                    0.015877842903137207
                ],
                [
                    0.0,
                    0.0,
                    0.0,
                    1.0
                ]
            ]
        },
        {
            "file_path": "/data/shapenet_blender/all_50_random/02958343/3264f78bfc3bc58c9213ea6cb12e4e3c/r_38",
            "rotation": 0.12566370614359174,
            "transform_matrix": [
                [
                    0.1808469593524933,
                    0.7761284708976746,
                    -0.6040852069854736,
                    -2.435145378112793
                ],
                [
                    -0.9835113286972046,
                    0.14271363615989685,
                    -0.11107851564884186,
                    -0.4477717876434326
                ],
                [
                    0.0,
                    0.6142128705978394,
                    0.7891404032707214,
                    3.181126594543457
                ],
                [
                    0.0,
                    0.0,
                    0.0,
                    1.0
                ]
            ]
        },
        {
            "file_path": "/data/shapenet_blender/all_50_random/02958343/3264f78bfc3bc58c9213ea6cb12e4e3c/r_39",
            "rotation": 0.12566370614359174,
            "transform_matrix": [
                [
                    0.999897301197052,
                    0.008807559497654438,
                    0.011309829540550709,
                    0.045591384172439575
                ],
                [
                    0.014334761537611485,
                    -0.6143565773963928,
                    -0.788898229598999,
                    -3.1801507472991943
                ],
                [
                    4.656612873077393e-10,
                    0.7889794111251831,
                    -0.6144195795059204,
                    -2.476804733276367
                ],
                [
                    0.0,
                    0.0,
                    0.0,
                    1.0
                ]
            ]
        },
        {
            "file_path": "/data/shapenet_blender/all_50_random/02958343/3264f78bfc3bc58c9213ea6cb12e4e3c/r_40",
            "rotation": 0.12566370614359174,
            "transform_matrix": [
                [
                    0.8474705219268799,
                    -0.22743836045265198,
                    -0.47965142130851746,
                    -1.9335368871688843
                ],
                [
                    -0.5308424830436707,
                    -0.3630969822406769,
                    -0.7657458782196045,
                    -3.086820602416992
                ],
                [
                    1.4901161193847656e-08,
                    0.9035664200782776,
                    -0.4284479320049286,
                    -1.7271289825439453
                ],
                [
                    0.0,
                    0.0,
                    0.0,
                    1.0
                ]
            ]
        },
        {
            "file_path": "/data/shapenet_blender/all_50_random/02958343/3264f78bfc3bc58c9213ea6cb12e4e3c/r_41",
            "rotation": 0.12566370614359174,
            "transform_matrix": [
                [
                    -0.6581240892410278,
                    -0.03449348732829094,
                    0.7521189451217651,
                    3.031888484954834
                ],
                [
                    0.7529095411300659,
                    -0.03015102632343769,
                    0.657433032989502,
                    2.6501972675323486
