{
    "class": "02958343",
    "model": "80ac9cc0d4c9dde3b7a7bc444c2d756b",
    "remove_doubles": true,
    "edge_split": true,
    "denoise": true,
    "camera_angle_x": 0.6911112070083618,
    "scale_factor": 2.2677766829005863,
    "hdri_file": "/data/IndoorHDRDataset2018/9C4A0615-b95698ef7c.exr",
    "center_offset": [
        0.0,
        -3.725290298461914e-09,
        0.0
    ],
    "lights": [],
    "frames": [
        {
            "file_path": "/data/shapenet_blender/all_50_random/02958343/80ac9cc0d4c9dde3b7a7bc444c2d756b/r_0",
            "rotation": 0.12566370614359174,
            "transform_matrix": [
                [
                    0.41563665866851807,
                    -0.7798858284950256,
                    0.46800029277801514,
                    1.886569619178772
                ],
                [
                    0.909530758857727,
                    0.35639163851737976,
                    -0.21386641263961792,
                    -0.8621231317520142
                ],
                [
                    0.0,
                    0.5145513415336609,
                    0.8574594855308533,
                    3.4565300941467285
                ],
                [
                    0.0,
                    0.0,
                    0.0,
                    1.0
                ]
            ]
        },
        {
            "file_path": "/data/shapenet_blender/all_50_random/02958343/80ac9cc0d4c9dde3b7a7bc444c2d756b/r_1",
            "rotation": 0.12566370614359174,
            "transform_matrix": [
                [
                    -0.1297021210193634,
                    -0.025814494118094444,
                    -0.9912168979644775,
                    -3.995723009109497
                ],
                [
                    -0.991553008556366,
                    0.003376717446371913,
                    0.12965814769268036,
                    0.522668719291687
                ],
                [
                    0.0,
                    0.9996610283851624,
                    -0.026034405454993248,
                    -0.10494804382324219
                ],
                [
                    0.0,
                    0.0,
                    0.0,
                    1.0
                ]
            ]
        },
        {
            "file_path": "/data/shapenet_blender/all_50_random/02958343/80ac9cc0d4c9dde3b7a7bc444c2d756b/r_2",
            "rotation": 0.12566370614359174,
            "transform_matrix": [
                [
                    0.6814572811126709,
                    0.05434460565447807,
                    -0.7298373579978943,
                    -2.942068576812744
                ],
                [
                    -0.7318578958511353,
                    0.05060207471251488,
                    -0.6795759201049805,
                    -2.7394580841064453
                ],
                [
                    0.0,
                    0.9972391724586487,
                    0.07425568252801895,
                    0.29933422803878784
                ],
                [
                    0.0,
                    0.0,
                    0.0,
                    1.0
                ]
            ]
        },
        {
            "file_path": "/data/shapenet_blender/all_50_random/02958343/80ac9cc0d4c9dde3b7a7bc444c2d756b/r_3",
            "rotation": 0.12566370614359174,
            "transform_matrix": [
                [
                    0.2514701187610626,
                    -0.13304908573627472,
                    -0.9586765170097351,
                    -3.864548683166504
                ],
                [
                    -0.9678650498390198,
                    -0.03456873819231987,
                    -0.2490827888250351,
                    -1.004084825515747
                ],
                [
                    0.0,
                    0.9905062913894653,
                    -0.13746657967567444,
                    -0.5541455149650574
                ],
                [
                    0.0,
                    0.0,
                    0.0,
                    1.0
                ]
            ]
        },
        {
            "file_path": "/data/shapenet_blender/all_50_random/02958343/80ac9cc0d4c9dde3b7a7bc444c2d756b/r_4",
            "rotation": 0.12566370614359174,
            "transform_matrix": [
                [
                    -0.961151123046875,
                    -0.11981869488954544,
                    -0.24866029620170593,
                    -1.0023818016052246
                ],
                [
                    -0.2760225832462311,
                    0.41722628474235535,
                    0.8658716082572937,
                    3.4904403686523438
                ],
                [
                    7.450580596923828e-09,
                    0.9008693695068359,
                    -0.43409016728401184,
                    -1.7498735189437866
                ],
                [
                    0.0,
                    0.0,
                    0.0,
                    1.0
                ]
            ]
        },
        {
            "file_path": "/data/shapenet_blender/all_50_random/02958343/80ac9cc0d4c9dde3b7a7bc444c2d756b/r_5",
            "rotation": 0.12566370614359174,
            "transform_matrix": [
                [
                    0.969322919845581,
                    -0.12977439165115356,
                    0.20873846113681793,
                    0.8414516448974609
                ],
                [
                    0.24579086899757385,
                    0.5117899775505066,
                    -0.8231997489929199,
                    -3.3184242248535156
                ],
                [
                    -7.450581485102248e-09,
                    0.8492523431777954,
                    0.5279871225357056,
                    2.1283841133117676
                ],
                [
                    0.0,
                    0.0,
                    0.0,
                    1.0
                ]
            ]
        },
        {
            "file_path": "/data/shapenet_blender/all_50_random/02958343/80ac9cc0d4c9dde3b7a7bc444c2d756b/r_6",
            "rotation": 0.12566370614359174,
            "transform_matrix": [
                [
                    -0.17912417650222778,
                    -0.6220617294311523,
                    -0.7622031569480896,
                    -3.0725393295288086
                ],
                [
                    -0.9838265180587769,
                    0.11325807869434357,
                    0.13877347111701965,
                    0.5594137907028198
                ],
                [
                    0.0,
                    0.7747334241867065,
                    -0.6322879791259766,
                    -2.5488345623016357
                ],
                [
                    0.0,
                    0.0,
                    0.0,
                    1.0
                ]
            ]
        },
        {
            "file_path": "/data/shapenet_blender/all_50_random/02958343/80ac9cc0d4c9dde3b7a7bc444c2d756b/r_7",
            "rotation": 0.12566370614359174,
            "transform_matrix": [
                [
                    0.49862977862358093,
                    0.39679357409477234,
                    0.7706640958786011,
                    3.1066465377807617
                ],
                [
                    0.8668150305747986,
                    -0.22825293242931366,
                    -0.44331955909729004,
                    -1.7870783805847168
                ],
                [
                    0.0,
                    0.8890756368637085,
                    -0.4577603042125702,
                    -1.8452908992767334
                ],
                [
                    0.0,
                    0.0,
                    0.0,
                    1.0
                ]
            ]
        },
        {
            "file_path": "/data/shapenet_blender/all_50_random/02958343/80ac9cc0d4c9dde3b7a7bc444c2d756b/r_8",
            "rotation": 0.12566370614359174,
            "transform_matrix": [
                [
                    -0.4288010597229004,
                    -0.04070943966507912,
                    -0.9024812579154968,
                    -3.6380183696746826
                ],
                [
                    -0.9033990502357483,
                    0.01932285539805889,
                    0.42836540937423706,
                    1.7267961502075195
                ],
                [
                    -1.862645371275562e-09,
                    0.9989840984344482,
                    -0.045062530785799026,
                    -0.18165287375450134
                ],
                [
                    0.0,
                    0.0,
                    0.0,
                    1.0
                ]
            ]
        },
        {
            "file_path": "/data/shapenet_blender/all_50_random/02958343/80ac9cc0d4c9dde3b7a7bc444c2d756b/r_9",
            "rotation": 0.12566370614359174,
            "transform_matrix": [
                [
                    0.2369312196969986,
                    0.13586477935314178,
                    -0.961979329586029,
                    -3.8778629302978516
                ],
                [
                    -0.9715263843536377,
                    0.03313405439257622,
                    -0.2346029132604599,
                    -0.9457146525382996
                ],
                [
                    0.0,
                    0.9901731610298157,
                    0.13984671235084534,
                    0.5637401938438416
                ],
                [
                    0.0,
                    0.0,
                    0.0,
                    1.0
                ]
            ]
        },
        {
            "file_path": "/data/shapenet_blender/all_50_random/02958343/80ac9cc0d4c9dde3b7a7bc444c2d756b/r_10",
            "rotation": 0.12566370614359174,
            "transform_matrix": [
                [
                    0.6405078172683716,
                    -0.7470400929450989,
                    0.17799095809459686,
                    0.7175045609474182
                ],
                [
                    0.7679516077041626,
                    0.6230666041374207,
                    -0.14845284819602966,
                    -0.5984326601028442
                ],
                [
                    7.450580596923828e-09,
                    0.23177370429039001,
                    0.9727696776390076,
                    3.9213602542877197
                ],
                [
                    0.0,
                    0.0,
                    0.0,
                    1.0
                ]
            ]
        },
        {
            "file_path": "/data/shapenet_blender/all_50_random/02958343/80ac9cc0d4c9dde3b7a7bc444c2d756b/r_11",
            "rotation": 0.12566370614359174,
            "transform_matrix": [
                [
                    0.9975391030311584,
                    0.05720168724656105,
                    0.04054222255945206,
                    0.16343092918395996
                ],
                [
                    0.07011208683252335,
                    -0.813852846622467,
                    -0.5768256783485413,
                    -2.325258731842041
                ],
                [
                    0.0,
                    0.5782486200332642,
                    -0.8158605694770813,
                    -3.288839101791382
                ],
                [
                    0.0,
                    0.0,
                    0.0,
                    1.0
                ]
            ]
        },
        {
            "file_path": "/data/shapenet_blender/all_50_random/02958343/80ac9cc0d4c9dde3b7a7bc444c2d756b/r_12",
            "rotation": 0.12566370614359174,
            "transform_matrix": [
                [
                    -0.862220287322998,
                    0.25193458795547485,
                    -0.43943721055984497,
                    -1.771428108215332
                ],
                [
                    -0.5065333843231201,
                    -0.4288426637649536,
                    0.7480093240737915,
                    3.015321969985962
                ],
                [
                    0.0,
                    0.8675385117530823,
                    0.4973700940608978,
                    2.004962921142578
                ],
                [
                    0.0,
                    0.0,
                    0.0,
                    1.0
                ]
            ]
        },
        {
            "file_path": "/data/shapenet_blender/all_50_random/02958343/80ac9cc0d4c9dde3b7a7bc444c2d756b/r_13",
            "rotation": 0.12566370614359174,
            "transform_matrix": [
                [
                    -0.673118531703949,
                    -0.5537430644035339,
                    0.49018362164497375,
                    1.9759933948516846
                ],
                [
                    0.7395345568656921,
                    -0.5040125846862793,
                    0.4461612403392792,
                    1.7985334396362305
                ],
                [
                    2.980232594040899e-08,
                    0.6628271341323853,
                    0.748772382736206,
                    3.0183980464935303
                ],
                [
                    0.0,
                    0.0,
                    0.0,
                    1.0
                ]
            ]
        },
        {
            "file_path": "/data/shapenet_blender/all_50_random/02958343/80ac9cc0d4c9dde3b7a7bc444c2d756b/r_14",
            "rotation": 0.12566370614359174,
            "transform_matrix": [
                [
                    0.09338895231485367,
                    -0.033364713191986084,
                    0.9950705170631409,
                    4.011257648468018
                ],
                [
                    0.9956297278404236,
                    0.0031295728404074907,
                    -0.09333650022745132,
                    -0.3762514591217041
                ],
                [
                    -2.3283067140944524e-10,
                    0.9994382858276367,
                    0.033511169254779816,
                    0.13508784770965576
                ],
                [
                    0.0,
                    0.0,
                    0.0,
                    1.0
                ]
            ]
        },
        {
            "file_path": "/data/shapenet_blender/all_50_random/02958343/80ac9cc0d4c9dde3b7a7bc444c2d756b/r_15",
            "rotation": 0.12566370614359174,
            "transform_matrix": [
                [
                    0.9840084910392761,
                    0.07927519828081131,
                    -0.15950745344161987,
                    -0.6429951190948486
                ],
                [
                    -0.17812125384807587,
                    0.4379458725452423,
                    -0.8811788558959961,
                    -3.552145481109619
                ],
                [
                    0.0,
                    0.895499050617218,
                    0.44506314396858215,
                    1.7941069602966309
                ],
                [
                    0.0,
                    0.0,
                    0.0,
                    1.0
                ]
            ]
        },
        {
            "file_path": "/data/shapenet_blender/all_50_random/02958343/80ac9cc0d4c9dde3b7a7bc444c2d756b/r_16",
            "rotation": 0.12566370614359174,
            "transform_matrix": [
                [
                    -0.19992214441299438,
                    -0.1006418839097023,
                    0.974629282951355,
                    3.928856611251831
                ],
                [
                    0.9798117876052856,
                    -0.02053510770201683,
                    0.19886468350887299,
                    0.8016492128372192
                ],
                [
                    0.0,
                    0.9947107434272766,
                    0.10271552205085754,
                    0.4140595495700836
                ],
                [
                    0.0,
                    0.0,
                    0.0,
                    1.0
                ]
            ]
        },
        {
            "file_path": "/data/shapenet_blender/all_50_random/02958343/80ac9cc0d4c9dde3b7a7bc444c2d756b/r_17",
            "rotation": 0.12566370614359174,
            "transform_matrix": [
                [
                    -0.7624722719192505,
                    -0.5329532623291016,
                    -0.3668743968009949,
                    -1.4789179563522339
                ],
                [
                    -0.6470209956169128,
                    0.6280508637428284,
                    0.4323377311229706,
                    1.7428091764450073
                ],
                [
                    -2.980232594040899e-08,
                    0.5670207738876343,
                    -0.823703408241272,
                    -3.3204545974731445
                ],
                [
                    0.0,
                    0.0,
                    0.0,
                    1.0
                ]
            ]
        },
        {
            "file_path": "/data/shapenet_blender/all_50_random/02958343/80ac9cc0d4c9dde3b7a7bc444c2d756b/r_18",
            "rotation": 0.12566370614359174,
            "transform_matrix": [
                [
                    -0.7264611124992371,
                    0.6682496666908264,
                    -0.16030177474021912,
                    -0.6461970210075378
                ],
                [
                    -0.6872075796127319,
                    -0.706420361995697,
                    0.1694582849740982,
                    0.6831080913543701
                ],
                [
                    7.4505797087454084e-09,
                    0.23326528072357178,
                    0.972413182258606,
                    3.919922351837158
                ],
                [
                    0.0,
                    0.0,
                    0.0,
                    1.0
                ]
            ]
        },
        {
            "file_path": "/data/shapenet_blender/all_50_random/02958343/80ac9cc0d4c9dde3b7a7bc444c2d756b/r_19",
            "rotation": 0.12566370614359174,
            "transform_matrix": [
                [
                    0.17944981157779694,
                    0.9746647477149963,
                    -0.1335161030292511,
                    -0.5382206439971924
                ],
                [
                    -0.983767032623291,
                    0.17778946459293365,
                    -0.02435479313135147,
                    -0.09817731380462646
                ],
                [
                    -1.8626448161640496e-09,
                    0.13571904599666595,
                    0.990747332572937,
                    3.9938302040100098
                ],
                [
                    0.0,
                    0.0,
                    0.0,
                    1.0
                ]
            ]
        },
        {
            "file_path": "/data/shapenet_blender/all_50_random/02958343/80ac9cc0d4c9dde3b7a7bc444c2d756b/r_20",
            "rotation": 0.12566370614359174,
            "transform_matrix": [
                [
                    -0.3335527777671814,
                    0.721555769443512,
                    -0.6067122220993042,
                    -2.445735454559326
                ],
                [
                    -0.9427313208580017,
                    -0.25529745221138,
                    0.21466408669948578,
                    0.8653386831283569
                ],
                [
                    1.4901158529312397e-08,
                    0.6435685157775879,
                    0.7653884291648865,
                    3.0853796005249023
                ],
                [
                    0.0,
                    0.0,
                    0.0,
                    1.0
                ]
            ]
        },
        {
            "file_path": "/data/shapenet_blender/all_50_random/02958343/80ac9cc0d4c9dde3b7a7bc444c2d756b/r_21",
            "rotation": 0.12566370614359174,
            "transform_matrix": [
                [
                    -0.12195020914077759,
                    -0.9346706867218018,
                    -0.3339442014694214,
                    -1.3461722135543823
                ],
                [
                    -0.9925362467765808,
                    0.11484042555093765,
                    0.04103080928325653,
                    0.16540050506591797
                ],
                [
                    0.0,
                    0.33645540475845337,
                    -0.9416993260383606,
                    -3.796111583709717
                ],
                [
                    0.0,
                    0.0,
                    0.0,
                    1.0
                ]
            ]
        },
        {
            "file_path": "/data/shapenet_blender/all_50_random/02958343/80ac9cc0d4c9dde3b7a7bc444c2d756b/r_22",
            "rotation": 0.12566370614359174,
            "transform_matrix": [
                [
                    -0.9989871978759766,
                    0.020430218428373337,
                    0.040090274065732956,
                    0.16160905361175537
                ],
                [
                    0.04499582201242447,
                    0.453587144613266,
                    0.8900753259658813,
                    3.588008165359497
                ],
                [
                    0.0,
                    0.890977680683136,
                    -0.4540470242500305,
                    -1.830322027206421
                ],
                [
                    0.0,
                    0.0,
                    0.0,
                    1.0
                ]
            ]
        },
        {
            "file_path": "/data/shapenet_blender/all_50_random/02958343/80ac9cc0d4c9dde3b7a7bc444c2d756b/r_23",
            "rotation": 0.12566370614359174,
            "transform_matrix": [
                [
                    0.13492143154144287,
                    0.7019103169441223,
                    0.6993697881698608,
                    2.8192498683929443
                ],
                [
                    0.9908562898635864,
                    -0.09557667374610901,
                    -0.09523073583841324,
                    -0.383887380361557
                ],
                [
                    0.0,
                    0.7058236598968506,
                    -0.7083876132965088,
                    -2.8556017875671387
                ],
                [
                    0.0,
                    0.0,
                    0.0,
                    1.0
                ]
            ]
        },
        {
            "file_path": "/data/shapenet_blender/all_50_random/02958343/80ac9cc0d4c9dde3b7a7bc444c2d756b/r_24",
            "rotation": 0.12566370614359174,
            "transform_matrix": [
                [
                    -0.7873823642730713,
                    -0.03802073001861572,
                    -0.615291178226471,
                    -2.480318307876587
                ],
                [
                    -0.6164647936820984,
                    0.04856214299798012,
                    0.7858834266662598,
                    3.1679975986480713
                ],
                [
                    -3.725290076417309e-09,
                    0.998096227645874,
                    -0.06167541816830635,
                    -0.24862158298492432
                ],
                [
                    0.0,
                    0.0,
                    0.0,
                    1.0
                ]
            ]
        },
        {
            "file_path": "/data/shapenet_blender/all_50_random/02958343/80ac9cc0d4c9dde3b7a7bc444c2d756b/r_25",
            "rotation": 0.12566370614359174,
            "transform_matrix": [
                [
                    -0.9995483756065369,
                    -0.0025462424382567406,
                    -0.029942674562335014,
                    -0.12070277333259583
                ],
                [
                    -0.030050741508603096,
                    0.08469317108392715,
                    0.9959538578987122,
                    4.01481819152832
                ],
                [
                    0.0,
                    0.9964038133621216,
                    -0.08473144471645355,
                    -0.3415633738040924
                ],
                [
                    0.0,
                    0.0,
                    0.0,
                    1.0
                ]
            ]
        },
        {
            "file_path": "/data/shapenet_blender/all_50_random/02958343/80ac9cc0d4c9dde3b7a7bc444c2d756b/r_26",
            "rotation": 0.12566370614359174,
            "transform_matrix": [
                [
                    0.804121732711792,
                    0.19979000091552734,
                    -0.5598860383033752,
                    -2.2569727897644043
                ],
                [
                    -0.5944648385047913,
                    0.2702522575855255,
                    -0.7573475241661072,
                    -3.0529654026031494
                ],
                [
                    0.0,
                    0.9418320655822754,
                    0.3360837996006012,
                    1.354797124862671
                ],
                [
                    0.0,
                    0.0,
                    0.0,
                    1.0
                ]
            ]
        },
        {
            "file_path": "/data/shapenet_blender/all_50_random/02958343/80ac9cc0d4c9dde3b7a7bc444c2d756b/r_27",
            "rotation": 0.12566370614359174,
            "transform_matrix": [
                [
                    -0.5575520396232605,
                    0.10261278599500656,
                    0.8237757086753845,
                    3.3207457065582275
                ],
                [
                    0.8301420211791992,
                    0.06891829520463943,
                    0.5532762408256531,
                    2.230327606201172
                ],
                [
                    -3.725290298461914e-09,
                    0.9923310279846191,
                    -0.12360873073339462,
                    -0.49828267097473145
                ],
                [
                    0.0,
                    0.0,
                    0.0,
                    1.0
                ]
            ]
        },
        {
            "file_path": "/data/shapenet_blender/all_50_random/02958343/80ac9cc0d4c9dde3b7a7bc444c2d756b/r_28",
            "rotation": 0.12566370614359174,
            "transform_matrix": [
                [
                    0.907800018787384,
                    0.1824038326740265,
                    0.37766116857528687,
                    1.5224008560180664
                ],
                [
                    0.4194032847881317,
                    -0.39481380581855774,
                    -0.8174490332603455,
                    -3.2952425479888916
                ],
                [
                    1.4901161193847656e-08,
                    0.9004725217819214,
                    -0.434912770986557,
                    -1.7531894445419312
                ],
                [
                    0.0,
                    0.0,
                    0.0,
                    1.0
                ]
            ]
        },
        {
            "file_path": "/data/shapenet_blender/all_50_random/02958343/80ac9cc0d4c9dde3b7a7bc444c2d756b/r_29",
            "rotation": 0.12566370614359174,
            "transform_matrix": [
                [
                    -0.5638278722763062,
                    -0.32239559292793274,
                    0.7603678107261658,
                    3.065140724182129
                ],
                [
                    0.8258922696113586,
                    -0.22009603679180145,
                    0.5190950036048889,
                    2.092538833618164
                ],
                [
                    0.0,
                    0.9206622242927551,
                    0.3903602659702301,
                    1.5735925436019897
                ],
                [
                    0.0,
                    0.0,
                    0.0,
                    1.0
                ]
            ]
        },
        {
            "file_path": "/data/shapenet_blender/all_50_random/02958343/80ac9cc0d4c9dde3b7a7bc444c2d756b/r_30",
            "rotation": 0.12566370614359174,
            "transform_matrix": [
                [
                    -0.8245391249656677,
                    0.044686783105134964,
                    0.5640374422073364,
                    2.273707389831543
                ],
                [
                    0.5658047199249268,
                    0.06512140482664108,
                    0.8219636678695679,
                    3.313441038131714
                ],
                [
                    0.0,
                    0.9968762993812561,
                    -0.07897916436195374,
                    -0.3183751702308655
                ],
                [
                    0.0,
                    0.0,
                    0.0,
                    1.0
                ]
            ]
        },
        {
            "file_path": "/data/shapenet_blender/all_50_random/02958343/80ac9cc0d4c9dde3b7a7bc444c2d756b/r_31",
            "rotation": 0.12566370614359174,
            "transform_matrix": [
                [
                    0.4519463777542114,
                    0.09947386384010315,
                    -0.8864814639091492,
                    -3.573521137237549
                ],
                [
                    -0.8920451402664185,
                    0.05039750784635544,
                    -0.44912758469581604,
                    -1.8104912042617798
                ],
                [
                    0.0,
                    0.9937629699707031,
                    0.11151216179132462,
                    0.44951990246772766
                ],
                [
                    0.0,
                    0.0,
                    0.0,
                    1.0
                ]
            ]
        },
        {
            "file_path": "/data/shapenet_blender/all_50_random/02958343/80ac9cc0d4c9dde3b7a7bc444c2d756b/r_32",
            "rotation": 0.12566370614359174,
            "transform_matrix": [
                [
                    0.6083574295043945,
                    -0.23988452553749084,
                    0.7565425038337708,
                    3.049720287322998
                ],
                [
                    0.7936630845069885,
                    0.1838759332895279,
                    -0.5799038410186768,
                    -2.337667226791382
                ],
                [
                    0.0,
                    0.953228771686554,
                    0.3022497892379761,
                    1.2184078693389893
                ],
                [
                    0.0,
                    0.0,
                    0.0,
                    1.0
                ]
            ]
        },
        {
            "file_path": "/data/shapenet_blender/all_50_random/02958343/80ac9cc0d4c9dde3b7a7bc444c2d756b/r_33",
            "rotation": 0.12566370614359174,
            "transform_matrix": [
                [
                    -0.7780664563179016,
                    0.23671561479568481,
                    -0.5818749070167542,
                    -2.3456127643585205
                ],
                [
                    -0.6281821131706238,
                    -0.2931959927082062,
                    0.7207103371620178,
                    2.905276298522949
                ],
                [
                    0.0,
                    0.9262838363647461,
                    0.3768264651298523,
                    1.519036054611206
                ],
                [
                    0.0,
                    0.0,
                    0.0,
                    1.0
                ]
            ]
        },
        {
            "file_path": "/data/shapenet_blender/all_50_random/02958343/80ac9cc0d4c9dde3b7a7bc444c2d756b/r_34",
            "rotation": 0.12566370614359174,
            "transform_matrix": [
                [
                    0.9259488582611084,
                    0.040779002010822296,
                    -0.375440776348114,
                    -1.5134501457214355
                ],
                [
                    -0.3776489198207855,
                    0.09998511523008347,
                    -0.9205347895622253,
                    -3.710794448852539
                ],
                [
                    -3.725290298461914e-09,
                    0.994152843952179,
                    0.10798124969005585,
                    0.43528634309768677
                ],
                [
                    0.0,
                    0.0,
                    0.0,
                    1.0
                ]
            ]
        },
        {
            "file_path": "/data/shapenet_blender/all_50_random/02958343/80ac9cc0d4c9dde3b7a7bc444c2d756b/r_35",
            "rotation": 0.12566370614359174,
            "transform_matrix": [
                [
                    -0.1942046731710434,
                    0.9381279945373535,
                    0.28670594096183777,
                    1.155748724937439
                ],
                [
                    0.9809610247612,
                    0.18572483956813812,
                    0.056760288774967194,
                    0.22880806028842926
                ],
                [
                    0.0,
                    0.2922704517841339,
                    -0.9563356041908264,
                    -3.855112314224243
                ],
                [
                    0.0,
                    0.0,
                    0.0,
                    1.0
                ]
            ]
        },
        {
            "file_path": "/data/shapenet_blender/all_50_random/02958343/80ac9cc0d4c9dde3b7a7bc444c2d756b/r_36",
            "rotation": 0.12566370614359174,
            "transform_matrix": [
                [
                    0.41815677285194397,
                    -0.11681710928678513,
                    -0.9008321762084961,
                    -3.6313705444335938
                ],
                [
                    -0.9083747863769531,
                    -0.053775008767843246,
                    -0.41468462347984314,
                    -1.671647071838379
                ],
                [
                    0.0,
                    0.9916964769363403,
                    -0.1286001205444336,
                    -0.5184036493301392
                ],
                [
                    0.0,
                    0.0,
                    0.0,
                    1.0
                ]
            ]
        },
        {
            "file_path": "/data/shapenet_blender/all_50_random/02958343/80ac9cc0d4c9dde3b7a7bc444c2d756b/r_37",
            "rotation": 0.12566370614359174,
            "transform_matrix": [
                [
                    -0.8635686039924622,
                    -0.37425586581230164,
                    -0.3379080295562744,
                    -1.36215078830719
                ],
                [
                    -0.5042313933372498,
                    0.6409667730331421,
                    0.5787159204483032,
                    2.332878589630127
                ],
                [
                    0.0,
                    0.6701446771621704,
                    -0.7422304153442383,
                    -2.9920265674591064
                ],
                [
                    0.0,
                    0.0,
                    0.0,
                    1.0
                ]
            ]
        },
        {
            "file_path": "/data/shapenet_blender/all_50_random/02958343/80ac9cc0d4c9dde3b7a7bc444c2d756b/r_38",
            "rotation": 0.12566370614359174,
            "transform_matrix": [
                [
                    0.8965227603912354,
                    0.05680915713310242,
                    0.4393399953842163,
                    1.771036148071289
                ],
                [
                    0.44299760460853577,
                    -0.11496833711862564,
                    -0.8891205787658691,
                    -3.5841596126556396
                ],
                [
                    0.0,
                    0.9917434453964233,
                    -0.12823805212974548,
                    -0.5169441103935242
                ],
                [
                    0.0,
                    0.0,
                    0.0,
                    1.0
                ]
            ]
        },
        {
            "file_path": "/data/shapenet_blender/all_50_random/02958343/80ac9cc0d4c9dde3b7a7bc444c2d756b/r_39",
            "rotation": 0.12566370614359174,
            "transform_matrix": [
                [
                    0.4256608784198761,
                    -0.021876974031329155,
                    0.9046181440353394,
                    3.646632671356201
                ],
                [
                    0.9048827290534973,
                    0.010291027836501598,
                    -0.42553645372390747,
                    -1.7153924703598022
                ],
                [
                    -9.313225746154785e-10,
                    0.9997076392173767,
                    0.02417658269405365,
                    0.09745892882347107
                ],
                [
                    0.0,
                    0.0,
                    0.0,
                    1.0
                ]
            ]
        },
        {
            "file_path": "/data/shapenet_blender/all_50_random/02958343/80ac9cc0d4c9dde3b7a7bc444c2d756b/r_40",
            "rotation": 0.12566370614359174,
            "transform_matrix": [
                [
                    0.5403650403022766,
                    -0.055163245648145676,
                    0.8396205306053162,
                    3.3846182823181152
                ],
                [
                    0.8414305448532104,
                    0.03542572632431984,
                    -0.5392026305198669,
                    -2.1735949516296387
                ],
                [
                    -1.8626448161640496e-09,
                    0.997848629951477,
                    0.06555888056755066,
                    0.26427626609802246
                ],
                [
                    0.0,
                    0.0,
                    0.0,
                    1.0
                ]
            ]
        },
        {
            "file_path": "/data/shapenet_blender/all_50_random/02958343/80ac9cc0d4c9dde3b7a7bc444c2d756b/r_41",
            "rotation": 0.12566370614359174,
            "transform_matrix": [
                [
                    -0.9592227935791016,
                    0.22478465735912323,
                    -0.17135818302631378,
                    -0.6907669305801392
                ],
                [
                    -0.28265130519866943,
                    -0.7628429532051086,
                    0.5815315842628479,
                    2.344228744506836
                ],
                [
                    0.0,
                    0.6062528491020203,
