{
    "class": "02958343",
    "model": "43fc65dfe952a7f4cf6923c08156107b",
    "remove_doubles": true,
    "edge_split": true,
    "denoise": true,
    "camera_angle_x": 0.6911112070083618,
    "scale_factor": 2.3306981515941465,
    "hdri_file": "/data/IndoorHDRDataset2018/9C4A5459-7f541bcc7f.exr",
    "center_offset": [
        0.0,
        0.0,
        1.862645149230957e-09
    ],
    "lights": [],
    "frames": [
        {
            "file_path": "/data/shapenet_blender/all_50_random/02958343/43fc65dfe952a7f4cf6923c08156107b/r_0",
            "rotation": 0.12566370614359174,
            "transform_matrix": [
                [
                    0.9976356029510498,
                    -0.015897708013653755,
                    0.0668608769774437,
                    0.26952481269836426
                ],
                [
                    0.06872490793466568,
                    0.2307768613100052,
                    -0.9705765843391418,
                    -3.9125194549560547
                ],
                [
                    0.0,
                    0.9728768467903137,
                    0.23132379353046417,
                    0.9324960112571716
                ],
                [
                    0.0,
                    0.0,
                    0.0,
                    1.0
                ]
            ]
        },
        {
            "file_path": "/data/shapenet_blender/all_50_random/02958343/43fc65dfe952a7f4cf6923c08156107b/r_1",
            "rotation": 0.12566370614359174,
            "transform_matrix": [
                [
                    0.9218190312385559,
                    0.17411985993385315,
                    0.3463120758533478,
                    1.396028757095337
                ],
                [
                    0.3876206874847412,
                    -0.4140826165676117,
                    -0.8235810399055481,
                    -3.3199615478515625
                ],
                [
                    -1.4901161193847656e-08,
                    0.8934304714202881,
                    -0.4492016136646271,
                    -1.810789704322815
                ],
                [
                    0.0,
                    0.0,
                    0.0,
                    1.0
                ]
            ]
        },
        {
            "file_path": "/data/shapenet_blender/all_50_random/02958343/43fc65dfe952a7f4cf6923c08156107b/r_2",
            "rotation": 0.12566370614359174,
            "transform_matrix": [
                [
                    0.6294691562652588,
                    -0.6477933526039124,
                    0.42910638451576233,
                    1.729783296585083
                ],
                [
                    0.7770255208015442,
                    0.5247780680656433,
                    -0.3476194739341736,
                    -1.401298999786377
                ],
                [
                    -2.980232594040899e-08,
                    0.5522423386573792,
                    0.8336835503578186,
                    3.3606860637664795
                ],
                [
                    0.0,
                    0.0,
                    0.0,
                    1.0
                ]
            ]
        },
        {
            "file_path": "/data/shapenet_blender/all_50_random/02958343/43fc65dfe952a7f4cf6923c08156107b/r_3",
            "rotation": 0.12566370614359174,
            "transform_matrix": [
                [
                    -0.16009679436683655,
                    -0.39602425694465637,
                    -0.9041757583618164,
                    -3.6448490619659424
                ],
                [
                    -0.9871014356613159,
                    0.06423069536685944,
                    0.14664717018604279,
                    0.5911536812782288
                ],
                [
                    0.0,
                    0.9159908890724182,
                    -0.40119919180870056,
                    -1.6172857284545898
                ],
                [
                    0.0,
                    0.0,
                    0.0,
                    1.0
                ]
            ]
        },
        {
            "file_path": "/data/shapenet_blender/all_50_random/02958343/43fc65dfe952a7f4cf6923c08156107b/r_4",
            "rotation": 0.12566370614359174,
            "transform_matrix": [
                [
                    -0.9986848831176758,
                    0.030243365094065666,
                    -0.04139906167984009,
                    -0.16688495874404907
                ],
                [
                    -0.051269322633743286,
                    -0.5891162753105164,
                    0.8064202070236206,
                    3.250783920288086
                ],
                [
                    0.0,
                    0.807482123374939,
                    0.5898920297622681,
                    2.3779308795928955
                ],
                [
                    0.0,
                    0.0,
                    0.0,
                    1.0
                ]
            ]
        },
        {
            "file_path": "/data/shapenet_blender/all_50_random/02958343/43fc65dfe952a7f4cf6923c08156107b/r_5",
            "rotation": 0.12566370614359174,
            "transform_matrix": [
                [
                    0.7415759563446045,
                    0.07491674274206161,
                    0.6666728854179382,
                    2.687443971633911
                ],
                [
                    0.670868992805481,
                    -0.08281266689300537,
                    -0.7369375824928284,
                    -2.9706900119781494
                ],
                [
                    -3.725290298461914e-09,
                    0.9937450885772705,
                    -0.11167122423648834,
                    -0.45016103982925415
                ],
                [
                    0.0,
                    0.0,
                    0.0,
                    1.0
                ]
            ]
        },
        {
            "file_path": "/data/shapenet_blender/all_50_random/02958343/43fc65dfe952a7f4cf6923c08156107b/r_6",
            "rotation": 0.12566370614359174,
            "transform_matrix": [
                [
                    -0.9921077489852905,
                    -0.051502373069524765,
                    0.11432349681854248,
                    0.4608527719974518
                ],
                [
                    0.12538884580135345,
                    -0.4074995815753937,
                    0.9045559763908386,
                    3.6463820934295654
                ],
                [
                    -3.725290742551124e-09,
                    0.9117518663406372,
                    0.41074123978614807,
                    1.6557509899139404
                ],
                [
                    0.0,
                    0.0,
                    0.0,
                    1.0
                ]
            ]
        },
        {
            "file_path": "/data/shapenet_blender/all_50_random/02958343/43fc65dfe952a7f4cf6923c08156107b/r_7",
            "rotation": 0.12566370614359174,
            "transform_matrix": [
                [
                    0.2716715931892395,
                    0.05577068403363228,
                    0.9607726335525513,
                    3.8729984760284424
                ],
                [
                    0.9623900651931763,
                    -0.015743419528007507,
                    -0.27121502161026,
                    -1.0933027267456055
                ],
                [
                    0.0,
                    0.9983193874359131,
                    -0.05795019119977951,
                    -0.23360469937324524
                ],
                [
                    0.0,
                    0.0,
                    0.0,
                    1.0
                ]
            ]
        },
        {
            "file_path": "/data/shapenet_blender/all_50_random/02958343/43fc65dfe952a7f4cf6923c08156107b/r_8",
            "rotation": 0.12566370614359174,
            "transform_matrix": [
                [
                    0.9986313581466675,
                    0.003869668347761035,
                    -0.052157558500766754,
                    -0.21025381982326508
                ],
                [
                    -0.05230090022087097,
                    0.07388728857040405,
                    -0.9958943128585815,
                    -4.014577865600586
                ],
                [
                    0.0,
                    0.9972591400146484,
                    0.07398855686187744,
                    0.29825738072395325
                ],
                [
                    0.0,
                    0.0,
                    0.0,
                    1.0
                ]
            ]
        },
        {
            "file_path": "/data/shapenet_blender/all_50_random/02958343/43fc65dfe952a7f4cf6923c08156107b/r_9",
            "rotation": 0.12566370614359174,
            "transform_matrix": [
                [
                    0.9389241337776184,
                    -0.0801657885313034,
                    0.33465662598609924,
                    1.3490439653396606
                ],
                [
                    0.344124436378479,
                    0.21872784197330475,
                    -0.9130917191505432,
                    -3.680790424346924
                ],
                [
                    -7.450581485102248e-09,
                    0.972487211227417,
                    0.23295585811138153,
                    0.9390751123428345
                ],
                [
                    0.0,
                    0.0,
                    0.0,
                    1.0
                ]
            ]
        },
        {
            "file_path": "/data/shapenet_blender/all_50_random/02958343/43fc65dfe952a7f4cf6923c08156107b/r_10",
            "rotation": 0.12566370614359174,
            "transform_matrix": [
                [
                    0.36190199851989746,
                    -0.450219064950943,
                    -0.8162902593612671,
                    -3.2905712127685547
                ],
                [
                    -0.932216227054596,
                    -0.1747826188802719,
                    -0.31689760088920593,
                    -1.2774550914764404
                ],
                [
                    0.0,
                    0.875644862651825,
                    -0.4829556345939636,
                    -1.9468563795089722
                ],
                [
                    0.0,
                    0.0,
                    0.0,
                    1.0
                ]
            ]
        },
        {
            "file_path": "/data/shapenet_blender/all_50_random/02958343/43fc65dfe952a7f4cf6923c08156107b/r_11",
            "rotation": 0.12566370614359174,
            "transform_matrix": [
                [
                    -0.6032355427742004,
                    -0.7724485397338867,
                    -0.198570117354393,
                    -0.8004617691040039
                ],
                [
                    -0.7975631952285767,
                    0.5842400789260864,
                    0.1501881629228592,
                    0.6054278612136841
                ],
                [
                    0.0,
                    0.24897097051143646,
                    -0.9685109257698059,
                    -3.9041924476623535
                ],
                [
                    0.0,
                    0.0,
                    0.0,
                    1.0
                ]
            ]
        },
        {
            "file_path": "/data/shapenet_blender/all_50_random/02958343/43fc65dfe952a7f4cf6923c08156107b/r_12",
            "rotation": 0.12566370614359174,
            "transform_matrix": [
                [
                    -0.9777184724807739,
                    0.1450633853673935,
                    -0.15173451602458954,
                    -0.6116613745689392
                ],
                [
                    -0.20992083847522736,
                    -0.6756411194801331,
                    0.7067123055458069,
                    2.848848342895508
                ],
                [
                    0.0,
                    0.7228178977966309,
                    0.6910385489463806,
                    2.785665512084961
                ],
                [
                    0.0,
                    0.0,
                    0.0,
                    1.0
                ]
            ]
        },
        {
            "file_path": "/data/shapenet_blender/all_50_random/02958343/43fc65dfe952a7f4cf6923c08156107b/r_13",
            "rotation": 0.12566370614359174,
            "transform_matrix": [
                [
                    -0.9623204469680786,
                    -0.03990970924496651,
                    0.2689732313156128,
                    1.084265947341919
                ],
                [
                    0.27191802859306335,
                    -0.14124085009098053,
                    0.9518988728523254,
                    3.8372273445129395
                ],
                [
                    0.0,
                    0.9891705513000488,
                    0.14677108824253082,
                    0.5916532278060913
                ],
                [
                    0.0,
                    0.0,
                    0.0,
                    1.0
                ]
            ]
        },
        {
            "file_path": "/data/shapenet_blender/all_50_random/02958343/43fc65dfe952a7f4cf6923c08156107b/r_14",
            "rotation": 0.12566370614359174,
            "transform_matrix": [
                [
                    -0.9994983673095703,
                    0.005118770059198141,
                    0.031255125999450684,
                    0.12599344551563263
                ],
                [
                    0.03167151287198067,
                    0.16153955459594727,
                    0.9863578677177429,
                    3.976135730743408
                ],
                [
                    0.0,
                    0.9868529438972473,
                    -0.161620631814003,
                    -0.6515135765075684
                ],
                [
                    0.0,
                    0.0,
                    0.0,
                    1.0
                ]
            ]
        },
        {
            "file_path": "/data/shapenet_blender/all_50_random/02958343/43fc65dfe952a7f4cf6923c08156107b/r_15",
            "rotation": 0.12566370614359174,
            "transform_matrix": [
                [
                    -0.2764495015144348,
                    -0.25213778018951416,
                    -0.9273630380630493,
                    -3.7383198738098145
                ],
                [
                    -0.9610284566879272,
                    0.07252997905015945,
                    0.2667653262615204,
                    1.075365424156189
                ],
                [
                    7.450580596923828e-09,
                    0.9649693965911865,
                    -0.26236245036125183,
                    -1.0576168298721313
                ],
                [
                    0.0,
                    0.0,
                    0.0,
                    1.0
                ]
            ]
        },
        {
            "file_path": "/data/shapenet_blender/all_50_random/02958343/43fc65dfe952a7f4cf6923c08156107b/r_16",
            "rotation": 0.12566370614359174,
            "transform_matrix": [
                [
                    -0.7459121346473694,
                    0.09119594842195511,
                    -0.6597713828086853,
                    -2.659623622894287
                ],
                [
                    -0.666044294834137,
                    -0.10213159769773483,
                    0.7388870716094971,
                    2.978549003601074
                ],
                [
                    0.0,
                    0.9905818700790405,
                    0.1369217336177826,
                    0.551949143409729
                ],
                [
                    0.0,
                    0.0,
                    0.0,
                    1.0
                ]
            ]
        },
        {
            "file_path": "/data/shapenet_blender/all_50_random/02958343/43fc65dfe952a7f4cf6923c08156107b/r_17",
            "rotation": 0.12566370614359174,
            "transform_matrix": [
                [
                    -0.7210150361061096,
                    -0.19854015111923218,
                    0.6638667583465576,
                    2.6761324405670166
                ],
                [
                    0.6929193139076233,
                    -0.20659032464027405,
                    0.6907844543457031,
                    2.7846412658691406
                ],
                [
                    0.0,
                    0.9580721855163574,
                    0.28652703762054443,
                    1.1550273895263672
                ],
                [
                    0.0,
                    0.0,
                    0.0,
                    1.0
                ]
            ]
        },
        {
            "file_path": "/data/shapenet_blender/all_50_random/02958343/43fc65dfe952a7f4cf6923c08156107b/r_18",
            "rotation": 0.12566370614359174,
            "transform_matrix": [
                [
                    0.9976115226745605,
                    -0.02694009058177471,
                    -0.06360524892807007,
                    -0.256401002407074
                ],
                [
                    -0.06907530874013901,
                    -0.38907891511917114,
                    -0.9186109304428101,
                    -3.7030394077301025
                ],
                [
                    -1.862645371275562e-09,
                    0.920810341835022,
                    -0.3900104761123657,
                    -1.5721826553344727
                ],
                [
                    0.0,
                    0.0,
                    0.0,
                    1.0
                ]
            ]
        },
        {
            "file_path": "/data/shapenet_blender/all_50_random/02958343/43fc65dfe952a7f4cf6923c08156107b/r_19",
            "rotation": 0.12566370614359174,
            "transform_matrix": [
                [
                    0.2868254780769348,
                    0.5610231757164001,
                    -0.7765205502510071,
                    -3.1302545070648193
                ],
                [
                    -0.9579828977584839,
                    0.16797348856925964,
                    -0.23249462246894836,
                    -0.9372158050537109
                ],
                [
                    0.0,
                    0.8105787634849548,
                    0.5856296420097351,
                    2.360748529434204
                ],
                [
                    0.0,
                    0.0,
                    0.0,
                    1.0
                ]
            ]
        },
        {
            "file_path": "/data/shapenet_blender/all_50_random/02958343/43fc65dfe952a7f4cf6923c08156107b/r_20",
            "rotation": 0.12566370614359174,
            "transform_matrix": [
                [
                    0.7453950643539429,
                    0.05620336905121803,
                    -0.6642494797706604,
                    -2.677675485610962
                ],
                [
                    -0.6666229963302612,
                    0.06284467875957489,
                    -0.742741048336029,
                    -2.9940850734710693
                ],
                [
                    -3.725290298461914e-09,
                    0.996439516544342,
                    0.08431056886911392,
                    0.3398668169975281
                ],
                [
                    0.0,
                    0.0,
                    0.0,
                    1.0
                ]
            ]
        },
        {
            "file_path": "/data/shapenet_blender/all_50_random/02958343/43fc65dfe952a7f4cf6923c08156107b/r_21",
            "rotation": 0.12566370614359174,
            "transform_matrix": [
                [
                    -0.639920711517334,
                    0.28758102655410767,
                    -0.7125998735427856,
                    -2.872581958770752
                ],
                [
                    -0.7684409022331238,
                    -0.23948366940021515,
                    0.5934190154075623,
                    2.392148494720459
                ],
                [
                    2.9802322387695312e-08,
                    0.9273319840431213,
                    0.37423959374427795,
                    1.508608102798462
                ],
                [
                    0.0,
                    0.0,
                    0.0,
                    1.0
                ]
            ]
        },
        {
            "file_path": "/data/shapenet_blender/all_50_random/02958343/43fc65dfe952a7f4cf6923c08156107b/r_22",
            "rotation": 0.12566370614359174,
            "transform_matrix": [
                [
                    -0.9998360276222229,
                    -0.008935484103858471,
                    -0.01575586013495922,
                    -0.06351390480995178
                ],
                [
                    -0.018113257363438606,
                    0.493230938911438,
                    0.8697097897529602,
                    3.5059123039245605
                ],
                [
                    0.0,
                    0.8698525428771973,
                    -0.4933118522167206,
                    -1.9886037111282349
                ],
                [
                    0.0,
                    0.0,
                    0.0,
                    1.0
                ]
            ]
        },
        {
            "file_path": "/data/shapenet_blender/all_50_random/02958343/43fc65dfe952a7f4cf6923c08156107b/r_23",
            "rotation": 0.12566370614359174,
            "transform_matrix": [
                [
                    0.4664652943611145,
                    -0.5003567934036255,
                    0.7294197678565979,
                    2.940385103225708
                ],
                [
                    0.8845396041870117,
                    0.26386505365371704,
                    -0.38466230034828186,
                    -1.5506232976913452
                ],
                [
                    1.4901162970204496e-08,
                    0.8246321082115173,
                    0.5656692385673523,
                    2.280285596847534
                ],
                [
                    0.0,
                    0.0,
                    0.0,
                    1.0
                ]
            ]
        },
        {
            "file_path": "/data/shapenet_blender/all_50_random/02958343/43fc65dfe952a7f4cf6923c08156107b/r_24",
            "rotation": 0.12566370614359174,
            "transform_matrix": [
                [
                    -0.9791551828384399,
                    -0.16076837480068207,
                    0.12413127720355988,
                    0.5003892183303833
                ],
                [
                    0.2031133621931076,
                    -0.7750213146209717,
                    0.5984036326408386,
                    2.4122424125671387
                ],
                [
                    0.0,
                    0.6111427545547485,
                    0.7915202975273132,
                    3.190720558166504
                ],
                [
                    0.0,
                    0.0,
                    0.0,
                    1.0
                ]
            ]
        },
        {
            "file_path": "/data/shapenet_blender/all_50_random/02958343/43fc65dfe952a7f4cf6923c08156107b/r_25",
            "rotation": 0.12566370614359174,
            "transform_matrix": [
                [
                    0.35258710384368896,
                    -0.6269888877868652,
                    -0.6946704983711243,
                    -2.800306558609009
                ],
                [
                    -0.9357789158821106,
                    -0.23623979091644287,
                    -0.26174116134643555,
                    -1.0551124811172485
                ],
                [
                    -1.4901160305669237e-08,
                    0.7423445582389832,
                    -0.6700181365013123,
                    -2.700929641723633
                ],
                [
                    0.0,
                    0.0,
                    0.0,
                    1.0
                ]
            ]
        },
        {
            "file_path": "/data/shapenet_blender/all_50_random/02958343/43fc65dfe952a7f4cf6923c08156107b/r_26",
            "rotation": 0.12566370614359174,
            "transform_matrix": [
                [
                    -0.9972361326217651,
                    -0.027478111907839775,
                    0.0690305233001709,
                    0.278270959854126
                ],
                [
                    0.07429846376180649,
                    -0.3688119947910309,
                    0.9265297055244446,
                    3.7349610328674316
                ],
                [
                    0.0,
                    0.9290977716445923,
                    0.36983415484428406,
                    1.490849256515503
                ],
                [
                    0.0,
                    0.0,
                    0.0,
                    1.0
                ]
            ]
        },
        {
            "file_path": "/data/shapenet_blender/all_50_random/02958343/43fc65dfe952a7f4cf6923c08156107b/r_27",
            "rotation": 0.12566370614359174,
            "transform_matrix": [
                [
                    -0.9080137610435486,
                    -0.0163562148809433,
                    0.41862088441848755,
                    1.6875147819519043
                ],
                [
                    0.4189402759075165,
                    -0.035450562834739685,
                    0.9073214530944824,
                    3.657529830932617
                ],
                [
                    9.313225746154785e-10,
                    0.9992374777793884,
                    0.039041876792907715,
                    0.15738284587860107
                ],
                [
                    0.0,
                    0.0,
                    0.0,
                    1.0
                ]
            ]
        },
        {
            "file_path": "/data/shapenet_blender/all_50_random/02958343/43fc65dfe952a7f4cf6923c08156107b/r_28",
            "rotation": 0.12566370614359174,
            "transform_matrix": [
                [
                    0.48569613695144653,
                    -0.19576475024223328,
                    0.8519245386123657,
                    3.434217691421509
                ],
                [
                    0.8741278052330017,
                    0.10877376794815063,
                    -0.47335922718048096,
                    -1.9081721305847168
                ],
                [
                    7.450581485102248e-09,
                    0.9745995402336121,
                    0.22395439445972443,
                    0.9027890563011169
                ],
                [
                    0.0,
                    0.0,
                    0.0,
                    1.0
                ]
            ]
        },
        {
            "file_path": "/data/shapenet_blender/all_50_random/02958343/43fc65dfe952a7f4cf6923c08156107b/r_29",
            "rotation": 0.12566370614359174,
            "transform_matrix": [
                [
                    -0.874354362487793,
                    -0.16594025492668152,
                    -0.4560354948043823,
                    -1.8383378982543945
                ],
                [
                    -0.485288143157959,
                    0.29897820949554443,
                    0.8216491937637329,
                    3.312173843383789
                ],
                [
                    0.0,
                    0.9397210478782654,
                    -0.3419417440891266,
                    -1.3784112930297852
                ],
                [
                    0.0,
                    0.0,
                    0.0,
                    1.0
                ]
            ]
        },
        {
            "file_path": "/data/shapenet_blender/all_50_random/02958343/43fc65dfe952a7f4cf6923c08156107b/r_30",
            "rotation": 0.12566370614359174,
            "transform_matrix": [
                [
                    -0.6533266305923462,
                    -0.45131775736808777,
                    0.6078458428382874,
                    2.450305223464966
                ],
                [
                    0.7570761442184448,
                    -0.3894692659378052,
                    0.5245468020439148,
                    2.114516019821167
                ],
                [
                    -1.4901161193847656e-08,
                    0.8028860688209534,
                    0.5961323976516724,
                    2.4030869007110596
                ],
                [
                    0.0,
                    0.0,
                    0.0,
                    1.0
                ]
            ]
        },
        {
            "file_path": "/data/shapenet_blender/all_50_random/02958343/43fc65dfe952a7f4cf6923c08156107b/r_31",
            "rotation": 0.12566370614359174,
            "transform_matrix": [
                [
                    -0.7587626576423645,
                    -0.11355604231357574,
                    0.6413923501968384,
                    2.5855355262756348
                ],
                [
                    0.6513671278953552,
                    -0.13227882981300354,
                    0.7471432089805603,
                    3.0118308067321777
                ],
                [
                    7.450580596923828e-09,
                    0.9846863150596619,
                    0.17433491349220276,
                    0.7027665972709656
                ],
                [
                    0.0,
                    0.0,
                    0.0,
                    1.0
                ]
            ]
        },
        {
            "file_path": "/data/shapenet_blender/all_50_random/02958343/43fc65dfe952a7f4cf6923c08156107b/r_32",
            "rotation": 0.12566370614359174,
            "transform_matrix": [
                [
                    0.998974621295929,
                    -0.0007430861005559564,
                    0.04526957497000694,
                    0.18248748779296875
                ],
                [
                    0.04527567699551582,
                    0.016395650804042816,
                    -0.9988399147987366,
                    -4.026452541351318
                ],
                [
                    -1.1641533570472262e-10,
                    0.9998652935028076,
                    0.016412479802966118,
                    0.06616082042455673
                ],
                [
                    0.0,
                    0.0,
                    0.0,
                    1.0
                ]
            ]
        },
        {
            "file_path": "/data/shapenet_blender/all_50_random/02958343/43fc65dfe952a7f4cf6923c08156107b/r_33",
            "rotation": 0.12566370614359174,
            "transform_matrix": [
                [
                    0.8697371482849121,
                    -0.4637037515640259,
                    0.168926402926445,
                    0.6809641122817993
                ],
                [
                    0.4935152232646942,
                    0.8171994686126709,
                    -0.29770419001579285,
                    -1.2000839710235596
                ],
                [
                    -1.4901161193847656e-08,
                    0.34229207038879395,
                    0.9395935535430908,
                    3.7876226902008057
                ],
                [
                    0.0,
                    0.0,
                    0.0,
                    1.0
                ]
            ]
        },
        {
            "file_path": "/data/shapenet_blender/all_50_random/02958343/43fc65dfe952a7f4cf6923c08156107b/r_34",
            "rotation": 0.12566370614359174,
            "transform_matrix": [
                [
                    0.4517897069454193,
                    -0.20910495519638062,
                    -0.8672722578048706,
                    -3.496086359024048
                ],
                [
                    -0.8921245336532593,
                    -0.10589493811130524,
                    -0.43920400738716125,
                    -1.7704880237579346
                ],
                [
                    -7.450581485102248e-09,
                    0.9721425771713257,
                    -0.23438991606235504,
                    -0.9448559880256653
                ],
                [
                    0.0,
                    0.0,
                    0.0,
                    1.0
                ]
            ]
        },
        {
            "file_path": "/data/shapenet_blender/all_50_random/02958343/43fc65dfe952a7f4cf6923c08156107b/r_35",
            "rotation": 0.12566370614359174,
            "transform_matrix": [
                [
                    -0.6734669804573059,
                    0.49100688099861145,
                    0.5525887608528137,
                    2.2275567054748535
                ],
                [
                    0.7392172813415527,
                    0.4473338723182678,
                    0.5034382939338684,
                    2.0294249057769775
                ],
                [
                    0.0,
                    0.7475322484970093,
                    -0.6642253994941711,
                    -2.6775784492492676
                ],
                [
                    0.0,
                    0.0,
                    0.0,
                    1.0
                ]
            ]
        },
        {
            "file_path": "/data/shapenet_blender/all_50_random/02958343/43fc65dfe952a7f4cf6923c08156107b/r_36",
            "rotation": 0.12566370614359174,
            "transform_matrix": [
                [
                    0.3545592427253723,
                    0.13660815358161926,
                    -0.9250004291534424,
                    -3.7287962436676025
                ],
                [
                    -0.9350335597991943,
                    0.051801010966300964,
                    -0.3507547378540039,
                    -1.4139376878738403
                ],
                [
                    0.0,
                    0.9892697930335999,
                    0.1460997313261032,
                    0.5889469385147095
                ],
                [
                    0.0,
                    0.0,
                    0.0,
                    1.0
                ]
            ]
        },
        {
            "file_path": "/data/shapenet_blender/all_50_random/02958343/43fc65dfe952a7f4cf6923c08156107b/r_37",
            "rotation": 0.12566370614359174,
            "transform_matrix": [
                [
                    -0.9797945618629456,
                    -0.124779611825943,
                    0.15630927681922913,
                    0.6301029324531555
                ],
                [
                    0.20000635087490082,
                    -0.6112724542617798,
                    0.7657305598258972,
                    3.086758852005005
                ],
                [
                    -7.450580152834618e-09,
                    0.7815216183662415,
                    0.6238781213760376,
                    2.5149333477020264
                ],
                [
                    0.0,
                    0.0,
                    0.0,
                    1.0
                ]
            ]
        },
        {
            "file_path": "/data/shapenet_blender/all_50_random/02958343/43fc65dfe952a7f4cf6923c08156107b/r_38",
            "rotation": 0.12566370614359174,
            "transform_matrix": [
                [
                    -0.2788091003894806,
                    0.02758079580962658,
                    -0.9599505066871643,
                    -3.8696837425231934
                ],
                [
                    -0.9603466391563416,
                    -0.00800729263573885,
                    0.2786940932273865,
                    1.1234517097473145
                ],
                [
                    0.0,
                    0.9995874166488647,
                    0.02871963381767273,
                    0.11577253043651581
                ],
                [
                    0.0,
                    0.0,
                    0.0,
                    1.0
                ]
            ]
        },
        {
            "file_path": "/data/shapenet_blender/all_50_random/02958343/43fc65dfe952a7f4cf6923c08156107b/r_39",
            "rotation": 0.12566370614359174,
            "transform_matrix": [
                [
                    -0.47822150588035583,
                    0.07502096146345139,
                    -0.8750291466712952,
                    -3.527355194091797
                ],
                [
                    -0.8782392144203186,
                    -0.040850646793842316,
                    0.4764735698699951,
                    1.9207262992858887
                ],
                [
                    0.0,
                    0.9963448643684387,
                    0.08542200922966003,
                    0.34434711933135986
                ],
                [
                    0.0,
                    0.0,
                    0.0,
                    1.0
                ]
            ]
        },
        {
            "file_path": "/data/shapenet_blender/all_50_random/02958343/43fc65dfe952a7f4cf6923c08156107b/r_40",
            "rotation": 0.12566370614359174,
            "transform_matrix": [
                [
                    -0.9978218078613281,
                    0.010663407854735851,
                    -0.06509997695684433,
                    -0.2624264061450958
                ],
                [
                    -0.06596753001213074,
                    -0.16129419207572937,
                    0.9846991896629333,
                    3.969449281692505
                ],
                [
                    9.313225746154785e-10,
                    0.986848771572113,
                    0.1616462916135788,
                    0.6516170501708984
                ],
                [
                    0.0,
                    0.0,
                    0.0,
                    1.0
                ]
            ]
        },
        {
            "file_path": "/data/shapenet_blender/all_50_random/02958343/43fc65dfe952a7f4cf6923c08156107b/r_41",
            "rotation": 0.12566370614359174,
            "transform_matrix": [
                [
                    -0.8600146174430847,
                    0.0027522065211087465,
                    -0.5102619528770447,
                    -2.056931734085083
                ],
                [
                    -0.5102693438529968,
                    -0.00463860435411334,
                    0.8600021004676819,
                    3.4667794704437256
                ],
                [
