{
    "class": "02958343",
    "model": "ec994111db1da0d6927e12317acf49e7",
    "remove_doubles": true,
    "edge_split": true,
    "denoise": true,
    "camera_angle_x": 0.6911112070083618,
    "scale_factor": 2.229142450227432,
    "hdri_file": "/data/IndoorHDRDataset2018/9C4A5501-df260bd394.exr",
    "center_offset": [
        0.0,
        -1.862645149230957e-09,
        -3.725290298461914e-09
    ],
    "lights": [],
    "frames": [
        {
            "file_path": "/data/shapenet_blender/all_50_random/02958343/ec994111db1da0d6927e12317acf49e7/r_0",
            "rotation": 0.12566370614359174,
            "transform_matrix": [
                [
                    -0.7308704853057861,
                    -0.13282452523708344,
                    -0.6694669127464294,
                    -2.6987075805664062
                ],
                [
                    -0.6825162172317505,
                    0.14223475754261017,
                    0.716896653175354,
                    2.8899030685424805
                ],
                [
                    7.450580596923828e-09,
                    0.9808806777000427,
                    -0.19461007416248322,
                    -0.7844983339309692
                ],
                [
                    0.0,
                    0.0,
                    0.0,
                    1.0
                ]
            ]
        },
        {
            "file_path": "/data/shapenet_blender/all_50_random/02958343/ec994111db1da0d6927e12317acf49e7/r_1",
            "rotation": 0.12566370614359174,
            "transform_matrix": [
                [
                    0.8596831560134888,
                    -0.16497564315795898,
                    -0.48345422744750977,
                    -1.948866367340088
                ],
                [
                    -0.5108277201652527,
                    -0.2776411175727844,
                    -0.813615620136261,
                    -3.279789447784424
                ],
                [
                    -1.4901162970204496e-08,
                    0.9464133977890015,
                    -0.32295748591423035,
                    -1.3018832206726074
                ],
                [
                    0.0,
                    0.0,
                    0.0,
                    1.0
                ]
            ]
        },
        {
            "file_path": "/data/shapenet_blender/all_50_random/02958343/ec994111db1da0d6927e12317acf49e7/r_2",
            "rotation": 0.12566370614359174,
            "transform_matrix": [
                [
                    -0.9994504451751709,
                    -0.02467290312051773,
                    0.022137053310871124,
                    0.08923731744289398
                ],
                [
                    0.03314817324280739,
                    -0.7439126372337341,
                    0.6674542427062988,
                    2.69059419631958
                ],
                [
                    0.0,
                    0.6678211688995361,
                    0.7443217039108276,
                    3.0004568099975586
                ],
                [
                    0.0,
                    0.0,
                    0.0,
                    1.0
                ]
            ]
        },
        {
            "file_path": "/data/shapenet_blender/all_50_random/02958343/ec994111db1da0d6927e12317acf49e7/r_3",
            "rotation": 0.12566370614359174,
            "transform_matrix": [
                [
                    -0.3601994812488556,
                    -0.21367529034614563,
                    0.9080744385719299,
                    3.660565137863159
                ],
                [
                    0.932875394821167,
                    -0.08250376582145691,
                    0.3506234288215637,
                    1.4134082794189453
                ],
                [
                    0.0,
                    0.9734144806861877,
                    0.22905023396015167,
                    0.9233310222625732
                ],
                [
                    0.0,
                    0.0,
                    0.0,
                    1.0
                ]
            ]
        },
        {
            "file_path": "/data/shapenet_blender/all_50_random/02958343/ec994111db1da0d6927e12317acf49e7/r_4",
            "rotation": 0.12566370614359174,
            "transform_matrix": [
                [
                    0.5379908084869385,
                    -0.5138436555862427,
                    0.6682294011116028,
                    2.693718910217285
                ],
                [
                    0.8429505825042725,
                    0.32794705033302307,
                    -0.42647963762283325,
                    -1.7191944122314453
                ],
                [
                    -1.4901160305669237e-08,
                    0.7927266359329224,
                    0.6095772981643677,
                    2.457284688949585
                ],
                [
                    0.0,
                    0.0,
                    0.0,
                    1.0
                ]
            ]
        },
        {
            "file_path": "/data/shapenet_blender/all_50_random/02958343/ec994111db1da0d6927e12317acf49e7/r_5",
            "rotation": 0.12566370614359174,
            "transform_matrix": [
                [
                    0.7692112922668457,
                    0.5459708571434021,
                    -0.332008421421051,
                    -1.3383688926696777
                ],
                [
                    -0.6389943361282349,
                    0.6572310924530029,
                    -0.39966651797294617,
                    -1.611107349395752
                ],
                [
                    -1.4901160305669237e-08,
                    0.5195795297622681,
                    0.8544219732284546,
                    3.4442853927612305
                ],
                [
                    0.0,
                    0.0,
                    0.0,
                    1.0
                ]
            ]
        },
        {
            "file_path": "/data/shapenet_blender/all_50_random/02958343/ec994111db1da0d6927e12317acf49e7/r_6",
            "rotation": 0.12566370614359174,
            "transform_matrix": [
                [
                    0.9436196684837341,
                    -0.09436729550361633,
                    -0.31729620695114136,
                    -1.2790617942810059
                ],
                [
                    -0.33103179931640625,
                    -0.26899781823158264,
                    -0.9044657349586487,
                    -3.646017551422119
                ],
                [
                    -7.450580596923828e-09,
                    0.9585065245628357,
                    -0.2850702106952667,
                    -1.1491546630859375
                ],
                [
                    0.0,
                    0.0,
                    0.0,
                    1.0
                ]
            ]
        },
        {
            "file_path": "/data/shapenet_blender/all_50_random/02958343/ec994111db1da0d6927e12317acf49e7/r_7",
            "rotation": 0.12566370614359174,
            "transform_matrix": [
                [
                    -0.9281286001205444,
                    -0.3441871702671051,
                    -0.14181864261627197,
                    -0.571689248085022
                ],
                [
                    -0.37225979566574097,
                    0.8581371307373047,
                    0.35358622670173645,
                    1.425351619720459
                ],
                [
                    0.0,
                    0.3809668719768524,
                    -0.924588680267334,
                    -3.7271361351013184
                ],
                [
                    0.0,
                    0.0,
                    0.0,
                    1.0
                ]
            ]
        },
        {
            "file_path": "/data/shapenet_blender/all_50_random/02958343/ec994111db1da0d6927e12317acf49e7/r_8",
            "rotation": 0.12566370614359174,
            "transform_matrix": [
                [
                    -0.1840946525335312,
                    -0.31712520122528076,
                    -0.9303444027900696,
                    -3.750338315963745
                ],
                [
                    -0.9829086065292358,
                    0.05939622223377228,
                    0.17424960434436798,
                    0.7024226188659668
                ],
                [
                    3.725290742551124e-09,
                    0.9465218782424927,
                    -0.3226395845413208,
                    -1.3006017208099365
                ],
                [
                    0.0,
                    0.0,
                    0.0,
                    1.0
                ]
            ]
        },
        {
            "file_path": "/data/shapenet_blender/all_50_random/02958343/ec994111db1da0d6927e12317acf49e7/r_9",
            "rotation": 0.12566370614359174,
            "transform_matrix": [
                [
                    -0.5697910785675049,
                    -0.1445416510105133,
                    0.8089781999588013,
                    3.2610957622528076
                ],
                [
                    0.8217896223068237,
                    -0.1002185270190239,
                    0.5609081983566284,
                    2.2610936164855957
                ],
                [
                    7.450580596923828e-09,
                    0.9844104647636414,
                    0.17588643729686737,
                    0.7090209722518921
                ],
                [
                    0.0,
                    0.0,
                    0.0,
                    1.0
                ]
            ]
        },
        {
            "file_path": "/data/shapenet_blender/all_50_random/02958343/ec994111db1da0d6927e12317acf49e7/r_10",
            "rotation": 0.12566370614359174,
            "transform_matrix": [
                [
                    0.30311718583106995,
                    0.7461413145065308,
                    -0.5927841067314148,
                    -2.389589309692383
                ],
                [
                    -0.9529532790184021,
                    0.23733402788639069,
                    -0.18855389952659607,
                    -0.7600851655006409
                ],
                [
                    -1.4901161193847656e-08,
                    0.6220495700836182,
                    0.782977819442749,
                    3.156284809112549
                ],
                [
                    0.0,
                    0.0,
                    0.0,
                    1.0
                ]
            ]
        },
        {
            "file_path": "/data/shapenet_blender/all_50_random/02958343/ec994111db1da0d6927e12317acf49e7/r_11",
            "rotation": 0.12566370614359174,
            "transform_matrix": [
                [
                    -0.34519845247268677,
                    -0.2706376612186432,
                    -0.8986619710922241,
                    -3.62262225151062
                ],
                [
                    -0.9385296702384949,
                    0.09954261779785156,
                    0.33053478598594666,
                    1.3324283361434937
                ],
                [
                    0.0,
                    0.9575209617614746,
                    -0.2883634567260742,
                    -1.1624302864074707
                ],
                [
                    0.0,
                    0.0,
                    0.0,
                    1.0
                ]
            ]
        },
        {
            "file_path": "/data/shapenet_blender/all_50_random/02958343/ec994111db1da0d6927e12317acf49e7/r_12",
            "rotation": 0.12566370614359174,
            "transform_matrix": [
                [
                    -0.4566027820110321,
                    0.7187900543212891,
                    0.5242658257484436,
                    2.1133830547332764
                ],
                [
                    0.8896706700325012,
                    0.3689022958278656,
                    0.26906725764274597,
                    1.0846447944641113
                ],
                [
                    0.0,
                    0.5892807841300964,
                    -0.8079282641410828,
                    -3.2568631172180176
                ],
                [
                    0.0,
                    0.0,
                    0.0,
                    1.0
                ]
            ]
        },
        {
            "file_path": "/data/shapenet_blender/all_50_random/02958343/ec994111db1da0d6927e12317acf49e7/r_13",
            "rotation": 0.12566370614359174,
            "transform_matrix": [
                [
                    -0.8503621816635132,
                    -0.008801301009953022,
                    -0.5261241793632507,
                    -2.1208744049072266
                ],
                [
                    -0.5261977910995483,
                    0.01422334834933281,
                    0.8502432703971863,
                    3.4274401664733887
                ],
                [
                    4.656612873077393e-10,
                    0.9998600482940674,
                    -0.01672622375190258,
                    -0.06742556393146515
                ],
                [
                    0.0,
                    0.0,
                    0.0,
                    1.0
                ]
            ]
        },
        {
            "file_path": "/data/shapenet_blender/all_50_random/02958343/ec994111db1da0d6927e12317acf49e7/r_14",
            "rotation": 0.12566370614359174,
            "transform_matrix": [
                [
                    0.5163251757621765,
                    0.3097952604293823,
                    -0.7983953952789307,
                    -3.2184348106384277
                ],
                [
                    -0.8563926219940186,
                    0.1867777556180954,
                    -0.48135823011398315,
                    -1.9404170513153076
                ],
                [
                    1.4901161193847656e-08,
                    0.9322773218154907,
                    0.36174440383911133,
                    1.4582383632659912
                ],
                [
                    0.0,
                    0.0,
                    0.0,
                    1.0
                ]
            ]
        },
        {
            "file_path": "/data/shapenet_blender/all_50_random/02958343/ec994111db1da0d6927e12317acf49e7/r_15",
            "rotation": 0.12566370614359174,
            "transform_matrix": [
                [
                    0.787748396396637,
                    0.2637028396129608,
                    -0.5566985011100769,
                    -2.244123697280884
                ],
                [
                    -0.6159971952438354,
                    0.337228000164032,
                    -0.7119161486625671,
                    -2.869826078414917
                ],
                [
                    1.4901162970204496e-08,
                    0.9037355184555054,
                    0.42809098958969116,
                    1.7256901264190674
                ],
                [
                    0.0,
                    0.0,
                    0.0,
                    1.0
                ]
            ]
        },
        {
            "file_path": "/data/shapenet_blender/all_50_random/02958343/ec994111db1da0d6927e12317acf49e7/r_16",
            "rotation": 0.12566370614359174,
            "transform_matrix": [
                [
                    -0.5566875338554382,
                    -0.6782176494598389,
                    -0.4797079265117645,
                    -1.9337645769119263
                ],
                [
                    -0.8307219743728638,
                    0.4544905722141266,
                    0.32146427035331726,
                    1.2958639860153198
                ],
                [
                    -1.4901161193847656e-08,
                    0.5774590373039246,
                    -0.8164195418357849,
                    -3.29109263420105
                ],
                [
                    0.0,
                    0.0,
                    0.0,
                    1.0
                ]
            ]
        },
        {
            "file_path": "/data/shapenet_blender/all_50_random/02958343/ec994111db1da0d6927e12317acf49e7/r_17",
            "rotation": 0.12566370614359174,
            "transform_matrix": [
                [
                    0.9214770793914795,
                    0.03364883363246918,
                    -0.38697269558906555,
                    -1.5599370002746582
                ],
                [
                    -0.38843294978141785,
                    0.07982491701841354,
                    -0.9180129170417786,
                    -3.7006287574768066
                ],
                [
                    -1.862645371275562e-09,
                    0.9962406754493713,
                    0.08662714809179306,
                    0.34920522570610046
                ],
                [
                    0.0,
                    0.0,
                    0.0,
                    1.0
                ]
            ]
        },
        {
            "file_path": "/data/shapenet_blender/all_50_random/02958343/ec994111db1da0d6927e12317acf49e7/r_18",
            "rotation": 0.12566370614359174,
            "transform_matrix": [
                [
                    -0.5051708221435547,
                    -0.31173381209373474,
                    0.8047510981559753,
                    3.2440555095672607
                ],
                [
                    0.8630192875862122,
                    -0.1824743002653122,
                    0.47106343507766724,
                    1.8989174365997314
                ],
                [
                    -1.4901160305669237e-08,
                    0.9324832558631897,
                    0.3612130284309387,
                    1.4560962915420532
                ],
                [
                    0.0,
                    0.0,
                    0.0,
                    1.0
                ]
            ]
        },
        {
            "file_path": "/data/shapenet_blender/all_50_random/02958343/ec994111db1da0d6927e12317acf49e7/r_19",
            "rotation": 0.12566370614359174,
            "transform_matrix": [
                [
                    -0.6528232097625732,
                    0.5689974427223206,
                    -0.5000637769699097,
                    -2.0158214569091797
                ],
                [
                    -0.757510244846344,
                    -0.49036264419555664,
                    0.4309554994106293,
                    1.7372372150421143
                ],
                [
                    -1.4901159417490817e-08,
                    0.660141110420227,
                    0.7511415481567383,
                    3.0279483795166016
                ],
                [
                    0.0,
                    0.0,
                    0.0,
                    1.0
                ]
            ]
        },
        {
            "file_path": "/data/shapenet_blender/all_50_random/02958343/ec994111db1da0d6927e12317acf49e7/r_20",
            "rotation": 0.12566370614359174,
            "transform_matrix": [
                [
                    0.4157760441303253,
                    -0.5139873623847961,
                    -0.7502981424331665,
                    -3.0245485305786133
                ],
                [
                    -0.9094671010971069,
                    -0.23497675359249115,
                    -0.3430096507072449,
                    -1.382716178894043
                ],
                [
                    0.0,
                    0.8249865770339966,
                    -0.5651522278785706,
                    -2.2782015800476074
                ],
                [
                    0.0,
                    0.0,
                    0.0,
                    1.0
                ]
            ]
        },
        {
            "file_path": "/data/shapenet_blender/all_50_random/02958343/ec994111db1da0d6927e12317acf49e7/r_21",
            "rotation": 0.12566370614359174,
            "transform_matrix": [
                [
                    -0.7348501682281494,
                    0.27203941345214844,
                    -0.6212806701660156,
                    -2.504462718963623
                ],
                [
                    -0.6782294511795044,
                    -0.2947500944137573,
                    0.6731471419334412,
                    2.713543176651001
                ],
                [
                    1.4901161193847656e-08,
                    0.9160332083702087,
                    0.40110230445861816,
                    1.6168951988220215
                ],
                [
                    0.0,
                    0.0,
                    0.0,
                    1.0
                ]
            ]
        },
        {
            "file_path": "/data/shapenet_blender/all_50_random/02958343/ec994111db1da0d6927e12317acf49e7/r_22",
            "rotation": 0.12566370614359174,
            "transform_matrix": [
                [
                    -0.6254702806472778,
                    0.11878037452697754,
                    0.7711538672447205,
                    3.1086204051971436
                ],
                [
                    0.7802479863166809,
                    0.09521791338920593,
                    0.6181800961494446,
                    2.4919633865356445
                ],
                [
                    0.0,
                    0.9883444905281067,
                    -0.15223412215709686,
                    -0.6136752963066101
                ],
                [
                    0.0,
                    0.0,
                    0.0,
                    1.0
                ]
            ]
        },
        {
            "file_path": "/data/shapenet_blender/all_50_random/02958343/ec994111db1da0d6927e12317acf49e7/r_23",
            "rotation": 0.12566370614359174,
            "transform_matrix": [
                [
                    -0.8682084083557129,
                    0.42687422037124634,
                    0.2529676556587219,
                    1.0197453498840332
                ],
                [
                    0.4961998462677002,
                    0.7469083070755005,
                    0.4426213800907135,
                    1.7842639684677124
                ],
                [
                    0.0,
                    0.5098100900650024,
                    -0.8602868318557739,
                    -3.4679274559020996
                ],
                [
                    0.0,
                    0.0,
                    0.0,
                    1.0
                ]
            ]
        },
        {
            "file_path": "/data/shapenet_blender/all_50_random/02958343/ec994111db1da0d6927e12317acf49e7/r_24",
            "rotation": 0.12566370614359174,
            "transform_matrix": [
                [
                    0.3571365475654602,
                    0.016887648031115532,
                    -0.9338995218276978,
                    -3.764669418334961
                ],
                [
                    -0.9340522885322571,
                    0.00645702239125967,
                    -0.3570781648159027,
                    -1.4394280910491943
                ],
                [
                    0.0,
                    0.9998365044593811,
                    0.018079983070492744,
                    0.072882741689682
                ],
                [
                    0.0,
                    0.0,
                    0.0,
                    1.0
                ]
            ]
        },
        {
            "file_path": "/data/shapenet_blender/all_50_random/02958343/ec994111db1da0d6927e12317acf49e7/r_25",
            "rotation": 0.12566370614359174,
            "transform_matrix": [
                [
                    0.36757639050483704,
                    -0.37879034876823425,
                    0.8493558764457703,
                    3.423863172531128
                ],
                [
                    0.9299933314323425,
                    0.14971548318862915,
                    -0.3357047736644745,
                    -1.3532692193984985
                ],
                [
                    0.0,
                    0.9132923483848572,
                    0.40730443596839905,
                    1.6418967247009277
                ],
                [
                    0.0,
                    0.0,
                    0.0,
                    1.0
                ]
            ]
        },
        {
            "file_path": "/data/shapenet_blender/all_50_random/02958343/ec994111db1da0d6927e12317acf49e7/r_26",
            "rotation": 0.12566370614359174,
            "transform_matrix": [
                [
                    0.4668290913105011,
                    -0.8729933500289917,
                    -0.14125558733940125,
                    -0.5694195032119751
                ],
                [
                    -0.8843476176261902,
                    -0.46083542704582214,
                    -0.07456594705581665,
                    -0.30058494210243225
                ],
                [
                    -7.450581485102248e-09,
                    0.15972864627838135,
                    -0.9871609210968018,
                    -3.979372978210449
                ],
                [
                    0.0,
                    0.0,
                    0.0,
                    1.0
                ]
            ]
        },
        {
            "file_path": "/data/shapenet_blender/all_50_random/02958343/ec994111db1da0d6927e12317acf49e7/r_27",
            "rotation": 0.12566370614359174,
            "transform_matrix": [
                [
                    0.9579150676727295,
                    0.25707557797431946,
                    -0.127714604139328,
                    -0.5148340463638306
                ],
                [
                    -0.28705206513404846,
                    0.8578812479972839,
                    -0.42619356513023376,
                    -1.718041181564331
                ],
                [
                    7.450581485102248e-09,
                    0.4449179172515869,
                    0.8955712914466858,
                    3.610163450241089
                ],
                [
                    0.0,
                    0.0,
                    0.0,
                    1.0
                ]
            ]
        },
        {
            "file_path": "/data/shapenet_blender/all_50_random/02958343/ec994111db1da0d6927e12317acf49e7/r_28",
            "rotation": 0.12566370614359174,
            "transform_matrix": [
                [
                    0.12090923637151718,
                    -0.4213404953479767,
                    0.8988065123558044,
                    3.6232049465179443
                ],
                [
                    0.9926636219024658,
                    0.05132046714425087,
                    -0.10947717726230621,
                    -0.4413166046142578
                ],
                [
                    -3.725290298461914e-09,
                    0.9054493308067322,
                    0.4244544804096222,
                    1.7110307216644287
                ],
                [
                    0.0,
                    0.0,
                    0.0,
                    1.0
                ]
            ]
        },
        {
            "file_path": "/data/shapenet_blender/all_50_random/02958343/ec994111db1da0d6927e12317acf49e7/r_29",
            "rotation": 0.12566370614359174,
            "transform_matrix": [
                [
                    -0.2641000747680664,
                    -0.36189401149749756,
                    0.8940266966819763,
                    3.6039371490478516
                ],
                [
                    0.9644953012466431,
                    -0.09909455478191376,
                    0.24480420351028442,
                    0.9868373870849609
                ],
                [
                    7.450580596923828e-09,
                    0.926937460899353,
                    0.37521591782569885,
                    1.5125439167022705
                ],
                [
                    0.0,
                    0.0,
                    0.0,
                    1.0
                ]
            ]
        },
        {
            "file_path": "/data/shapenet_blender/all_50_random/02958343/ec994111db1da0d6927e12317acf49e7/r_30",
            "rotation": 0.12566370614359174,
            "transform_matrix": [
                [
                    0.9333345293998718,
                    0.06686266511678696,
                    -0.3527267873287201,
                    -1.4218871593475342
                ],
                [
                    -0.35900813341140747,
                    0.17382681369781494,
                    -0.9170045852661133,
                    -3.696563720703125
                ],
                [
                    0.0,
                    0.9825037717819214,
                    0.18624277412891388,
                    0.7507686614990234
                ],
                [
                    0.0,
                    0.0,
                    0.0,
                    1.0
                ]
            ]
        },
        {
            "file_path": "/data/shapenet_blender/all_50_random/02958343/ec994111db1da0d6927e12317acf49e7/r_31",
            "rotation": 0.12566370614359174,
            "transform_matrix": [
                [
                    -0.06309548020362854,
                    -0.23516929149627686,
                    0.9699043035507202,
                    3.9098093509674072
                ],
                [
                    0.9980075359344482,
                    -0.014867742545902729,
                    0.06131875142455101,
                    0.24718379974365234
                ],
                [
                    0.0,
                    0.9718407392501831,
                    0.2356387972831726,
                    0.9498903751373291
                ],
                [
                    0.0,
                    0.0,
                    0.0,
                    1.0
                ]
            ]
        },
        {
            "file_path": "/data/shapenet_blender/all_50_random/02958343/ec994111db1da0d6927e12317acf49e7/r_32",
            "rotation": 0.12566370614359174,
            "transform_matrix": [
                [
                    0.9947364926338196,
                    0.02285636030137539,
                    0.0998838022351265,
                    0.40264448523521423
                ],
                [
                    0.10246553272008896,
                    -0.22188979387283325,
                    -0.9696729779243469,
                    -3.908876895904541
                ],
                [
                    0.0,
                    0.9748038649559021,
                    -0.22306384146213531,
                    -0.8991991281509399
                ],
                [
                    0.0,
                    0.0,
                    0.0,
                    1.0
                ]
            ]
        },
        {
            "file_path": "/data/shapenet_blender/all_50_random/02958343/ec994111db1da0d6927e12317acf49e7/r_33",
            "rotation": 0.12566370614359174,
            "transform_matrix": [
                [
                    0.9658911824226379,
                    -0.12440754473209381,
                    0.2271054983139038,
                    0.9154915809631348
                ],
                [
                    0.2589481472969055,
                    0.4640471339225769,
                    -0.8471162915229797,
                    -3.414835214614868
                ],
                [
                    0.0,
                    0.8770308494567871,
                    0.4804341197013855,
                    1.9366919994354248
                ],
                [
                    0.0,
                    0.0,
                    0.0,
                    1.0
                ]
            ]
        },
        {
            "file_path": "/data/shapenet_blender/all_50_random/02958343/ec994111db1da0d6927e12317acf49e7/r_34",
            "rotation": 0.12566370614359174,
            "transform_matrix": [
                [
                    0.9999552965164185,
                    -0.0028814689721912146,
                    0.009016444906592369,
                    0.036346450448036194
                ],
                [
                    0.009465683251619339,
                    0.3043985664844513,
                    -0.9524977207183838,
                    -3.8396410942077637
                ],
                [
                    -2.3283067140944524e-10,
                    0.9525403380393982,
                    0.30441221594810486,
                    1.2271249294281006
                ],
                [
                    0.0,
                    0.0,
                    0.0,
                    1.0
                ]
            ]
        },
        {
            "file_path": "/data/shapenet_blender/all_50_random/02958343/ec994111db1da0d6927e12317acf49e7/r_35",
            "rotation": 0.12566370614359174,
            "transform_matrix": [
                [
                    0.9765996932983398,
                    -0.21251186728477478,
                    -0.03304195776581764,
                    -0.1331964135169983
                ],
                [
                    -0.21506525576114655,
                    -0.9650048613548279,
                    -0.15004174411296844,
                    -0.6048376560211182
                ],
                [
                    3.725290298461914e-09,
                    0.15363673865795135,
                    -0.9881272912025452,
                    -3.9832687377929688
                ],
                [
                    0.0,
                    0.0,
                    0.0,
                    1.0
                ]
            ]
        },
        {
            "file_path": "/data/shapenet_blender/all_50_random/02958343/ec994111db1da0d6927e12317acf49e7/r_36",
            "rotation": 0.12566370614359174,
            "transform_matrix": [
                [
                    0.863726019859314,
                    0.07059403508901596,
                    0.49899277091026306,
                    2.0115041732788086
                ],
                [
                    0.5039616227149963,
                    -0.12098918855190277,
                    -0.8552100658416748,
                    -3.4474620819091797
                ],
                [
                    -3.725290298461914e-09,
                    0.990140438079834,
                    -0.14007818698883057,
                    -0.5646732449531555
                ],
                [
                    0.0,
                    0.0,
                    0.0,
                    1.0
                ]
            ]
        },
        {
            "file_path": "/data/shapenet_blender/all_50_random/02958343/ec994111db1da0d6927e12317acf49e7/r_37",
            "rotation": 0.12566370614359174,
            "transform_matrix": [
                [
                    0.9852235317230225,
                    0.16440433263778687,
                    0.04801979660987854,
                    0.19357401132583618
                ],
                [
                    0.17127372324466705,
                    -0.9457085728645325,
                    -0.27622589468955994,
                    -1.1135022640228271
                ],
                [
                    0.0,
                    0.280368834733963,
                    -0.9598922729492188,
                    -3.8694498538970947
                ],
                [
                    0.0,
                    0.0,
                    0.0,
                    1.0
                ]
            ]
        },
        {
            "file_path": "/data/shapenet_blender/all_50_random/02958343/ec994111db1da0d6927e12317acf49e7/r_38",
            "rotation": 0.12566370614359174,
            "transform_matrix": [
                [
                    -0.507546067237854,
                    0.6437471508979797,
                    -0.5727010369300842,
                    -2.308631658554077
                ],
                [
                    -0.8616245985031128,
                    -0.3792038559913635,
                    0.3373536169528961,
                    1.3599159717559814
                ],
                [
                    -1.4901161193847656e-08,
                    0.664675772190094,
                    0.7471318244934082,
                    3.011784791946411
                ],
                [
                    0.0,
                    0.0,
                    0.0,
                    1.0
                ]
            ]
        },
        {
            "file_path": "/data/shapenet_blender/all_50_random/02958343/ec994111db1da0d6927e12317acf49e7/r_39",
            "rotation": 0.12566370614359174,
            "transform_matrix": [
                [
                    -0.8650364279747009,
                    -0.08847016841173172,
                    -0.4938472807407379,
                    -1.9907622337341309
                ],
                [
                    -0.5017092823982239,
                    0.15253837406635284,
                    0.8514809012413025,
                    3.432429552078247
                ],
                [
                    0.0,
                    0.9843297600746155,
                    -0.17633752524852753,
                    -0.7108393907546997
                ],
                [
                    0.0,
                    0.0,
                    0.0,
                    1.0
                ]
            ]
        },
        {
            "file_path": "/data/shapenet_blender/all_50_random/02958343/ec994111db1da0d6927e12317acf49e7/r_40",
            "rotation": 0.12566370614359174,
            "transform_matrix": [
                [
                    -0.8588204979896545,
                    -0.22363854944705963,
                    -0.46088317036628723,
                    -1.857879638671875
                ],
                [
                    -0.512276828289032,
                    0.3749249279499054,
                    0.7726601362228394,
                    3.1146929264068604
                ],
                [
                    0.0,
                    0.8996761441230774,
                    -0.43655791878700256,
                    -1.7598214149475098
                ],
                [
                    0.0,
                    0.0,
                    0.0,
                    1.0
                ]
            ]
        },
        {
            "file_path": "/data/shapenet_blender/all_50_random/02958343/ec994111db1da0d6927e12317acf49e7/r_41",
            "rotation": 0.12566370614359174,
            "transform_matrix": [
                [
                    0.5639392733573914,
                    -0.41080933809280396,
                    -0.716385543346405,
                    -2.8878424167633057
                ],
                [
                    -0.8258163332939148,
                    -0.28053638339042664,
