{
    "class": "02958343",
    "model": "d01a821c8b2c43cea0061ac8d975ad8",
    "remove_doubles": true,
    "edge_split": true,
    "denoise": true,
    "camera_angle_x": 0.6911112070083618,
    "scale_factor": 2.294177858508194,
    "hdri_file": "/data/IndoorHDRDataset2018/9C4A0498-1f6f31f106.exr",
    "center_offset": [
        0.0,
        0.0,
        6.984919309616089e-10
    ],
    "lights": [],
    "frames": [
        {
            "file_path": "/data/shapenet_blender/all_50_random/02958343/d01a821c8b2c43cea0061ac8d975ad8/r_0",
            "rotation": 0.12566370614359174,
            "transform_matrix": [
                [
                    -0.9107629060745239,
                    0.33077067136764526,
                    -0.2471877634525299,
                    -0.9964457750320435
                ],
                [
                    -0.41292983293533325,
                    -0.7295516729354858,
                    0.5452002286911011,
                    2.19777250289917
                ],
                [
                    0.0,
                    0.5986192226409912,
                    0.8010336756706238,
                    3.229069948196411
                ],
                [
                    0.0,
                    0.0,
                    0.0,
                    1.0
                ]
            ]
        },
        {
            "file_path": "/data/shapenet_blender/all_50_random/02958343/d01a821c8b2c43cea0061ac8d975ad8/r_1",
            "rotation": 0.12566370614359174,
            "transform_matrix": [
                [
                    -0.8667091727256775,
                    -0.011292577721178532,
                    -0.4986861050128937,
                    -2.010267734527588
                ],
                [
                    -0.4988138973712921,
                    0.019621307030320168,
                    0.8664870858192444,
                    3.4929206371307373
                ],
                [
                    9.313224635931761e-10,
                    0.9997437596321106,
                    -0.02263886295258999,
                    -0.09126016497612
                ],
                [
                    0.0,
                    0.0,
                    0.0,
                    1.0
                ]
            ]
        },
        {
            "file_path": "/data/shapenet_blender/all_50_random/02958343/d01a821c8b2c43cea0061ac8d975ad8/r_2",
            "rotation": 0.12566370614359174,
            "transform_matrix": [
                [
                    0.1781073808670044,
                    0.5163273215293884,
                    0.8376656770706177,
                    3.3767385482788086
                ],
                [
                    0.9840110540390015,
                    -0.093455970287323,
                    -0.15161865949630737,
                    -0.6111944317817688
                ],
                [
                    0.0,
                    0.851276695728302,
                    -0.5247169733047485,
                    -2.115201950073242
                ],
                [
                    0.0,
                    0.0,
                    0.0,
                    1.0
                ]
            ]
        },
        {
            "file_path": "/data/shapenet_blender/all_50_random/02958343/d01a821c8b2c43cea0061ac8d975ad8/r_3",
            "rotation": 0.12566370614359174,
            "transform_matrix": [
                [
                    -0.3698594272136688,
                    -0.06428598612546921,
                    0.926861047744751,
                    3.7362959384918213
                ],
                [
                    0.9290876984596252,
                    -0.0255915354937315,
                    0.368973046541214,
                    1.4873777627944946
                ],
                [
                    0.0,
                    0.9976032972335815,
                    0.06919259577989578,
                    0.27892422676086426
                ],
                [
                    0.0,
                    0.0,
                    0.0,
                    1.0
                ]
            ]
        },
        {
            "file_path": "/data/shapenet_blender/all_50_random/02958343/d01a821c8b2c43cea0061ac8d975ad8/r_4",
            "rotation": 0.12566370614359174,
            "transform_matrix": [
                [
                    0.9818257093429565,
                    -0.12289074063301086,
                    -0.14462397992610931,
                    -0.5829979777336121
                ],
                [
                    -0.1897847056388855,
                    -0.6357586979866028,
                    -0.7481927275657654,
                    -3.016061544418335
                ],
                [
                    0.0,
                    0.7620423436164856,
                    -0.6475270986557007,
                    -2.6102654933929443
                ],
                [
                    0.0,
                    0.0,
                    0.0,
                    1.0
                ]
            ]
        },
        {
            "file_path": "/data/shapenet_blender/all_50_random/02958343/d01a821c8b2c43cea0061ac8d975ad8/r_5",
            "rotation": 0.12566370614359174,
            "transform_matrix": [
                [
                    -0.14690466225147247,
                    0.6534335017204285,
                    0.7425925731658936,
                    2.9934864044189453
                ],
                [
                    0.9891507029533386,
                    0.09704530239105225,
                    0.11028685420751572,
                    0.4445805251598358
                ],
                [
                    0.0,
                    0.7507374286651611,
                    -0.6606006026268005,
                    -2.662966251373291
                ],
                [
                    0.0,
                    0.0,
                    0.0,
                    1.0
                ]
            ]
        },
        {
            "file_path": "/data/shapenet_blender/all_50_random/02958343/d01a821c8b2c43cea0061ac8d975ad8/r_6",
            "rotation": 0.12566370614359174,
            "transform_matrix": [
                [
                    0.5599926710128784,
                    0.6255301237106323,
                    -0.543249785900116,
                    -2.1899099349975586
                ],
                [
                    -0.8284976482391357,
                    0.42280420660972595,
                    -0.36718982458114624,
                    -1.480189561843872
                ],
                [
                    0.0,
                    0.65570467710495,
                    0.7550173997879028,
                    3.043572425842285
                ],
                [
                    0.0,
                    0.0,
                    0.0,
                    1.0
                ]
            ]
        },
        {
            "file_path": "/data/shapenet_blender/all_50_random/02958343/d01a821c8b2c43cea0061ac8d975ad8/r_7",
            "rotation": 0.12566370614359174,
            "transform_matrix": [
                [
                    -0.12032408267259598,
                    -0.02934546023607254,
                    -0.992300808429718,
                    -4.000092506408691
                ],
                [
                    -0.9927347302436829,
                    0.003556806594133377,
                    0.12027148902416229,
                    0.4848298728466034
                ],
                [
                    -2.3283064365386963e-10,
                    0.9995630383491516,
                    -0.02956022322177887,
                    -0.11916106939315796
                ],
                [
                    0.0,
                    0.0,
                    0.0,
                    1.0
                ]
            ]
        },
        {
            "file_path": "/data/shapenet_blender/all_50_random/02958343/d01a821c8b2c43cea0061ac8d975ad8/r_8",
            "rotation": 0.12566370614359174,
            "transform_matrix": [
                [
                    0.9318882822990417,
                    0.24135011434555054,
                    -0.2708034813404083,
                    -1.0916436910629272
                ],
                [
                    -0.3627456724643707,
                    0.6200248599052429,
                    -0.6956900954246521,
                    -2.8044164180755615
                ],
                [
                    0.0,
                    0.7465381622314453,
                    0.6653425693511963,
                    2.682081699371338
                ],
                [
                    0.0,
                    0.0,
                    0.0,
                    1.0
                ]
            ]
        },
        {
            "file_path": "/data/shapenet_blender/all_50_random/02958343/d01a821c8b2c43cea0061ac8d975ad8/r_9",
            "rotation": 0.12566370614359174,
            "transform_matrix": [
                [
                    -0.4909176230430603,
                    -0.657641589641571,
                    -0.5714083313941956,
                    -2.3034205436706543
                ],
                [
                    -0.8712060451507568,
                    0.37057575583457947,
                    0.32198402285575867,
                    1.2979590892791748
                ],
                [
                    -1.4901161193847656e-08,
                    0.6558820009231567,
                    -0.754863440990448,
                    -3.042951822280884
                ],
                [
                    0.0,
                    0.0,
                    0.0,
                    1.0
                ]
            ]
        },
        {
            "file_path": "/data/shapenet_blender/all_50_random/02958343/d01a821c8b2c43cea0061ac8d975ad8/r_10",
            "rotation": 0.12566370614359174,
            "transform_matrix": [
                [
                    0.9997214674949646,
                    -0.0073886653408408165,
                    -0.02241464890539646,
                    -0.09035634994506836
                ],
                [
                    -0.02360103465616703,
                    -0.3129781186580658,
                    -0.9494670629501343,
                    -3.8274242877960205
                ],
                [
                    -4.6566125955216364e-10,
                    0.9497315883636475,
                    -0.3130652904510498,
                    -1.2620066404342651
                ],
                [
                    0.0,
                    0.0,
                    0.0,
                    1.0
                ]
            ]
        },
        {
            "file_path": "/data/shapenet_blender/all_50_random/02958343/d01a821c8b2c43cea0061ac8d975ad8/r_11",
            "rotation": 0.12566370614359174,
            "transform_matrix": [
                [
                    0.8559736609458923,
                    0.040417227894067764,
                    -0.5154372453689575,
                    -2.077793836593628
                ],
                [
                    -0.5170193910598755,
                    0.06691446900367737,
                    -0.8533542156219482,
                    -3.4399805068969727
                ],
                [
                    -3.725290076417309e-09,
                    0.9969397783279419,
                    0.07817351818084717,
                    0.31512749195098877
                ],
                [
                    0.0,
                    0.0,
                    0.0,
                    1.0
                ]
            ]
        },
        {
            "file_path": "/data/shapenet_blender/all_50_random/02958343/d01a821c8b2c43cea0061ac8d975ad8/r_12",
            "rotation": 0.12566370614359174,
            "transform_matrix": [
                [
                    0.8806513547897339,
                    0.39962083101272583,
                    0.2544730305671692,
                    1.0258135795593262
                ],
                [
                    0.4737650752067566,
                    -0.7428293824195862,
                    -0.47302350401878357,
                    -1.9068187475204468
                ],
                [
                    0.0,
                    0.5371291637420654,
                    -0.8434999585151672,
                    -3.400257110595703
                ],
                [
                    0.0,
                    0.0,
                    0.0,
                    1.0
                ]
            ]
        },
        {
            "file_path": "/data/shapenet_blender/all_50_random/02958343/d01a821c8b2c43cea0061ac8d975ad8/r_13",
            "rotation": 0.12566370614359174,
            "transform_matrix": [
                [
                    0.2808016240596771,
                    -0.052929241210222244,
                    -0.9583052396774292,
                    -3.8630518913269043
                ],
                [
                    -0.9597659111022949,
                    -0.015485670417547226,
                    -0.28037428855895996,
                    -1.1302249431610107
                ],
                [
                    -9.31322685637781e-10,
                    0.9984780550003052,
                    -0.055148087441921234,
                    -0.22230905294418335
                ],
                [
                    0.0,
                    0.0,
                    0.0,
                    1.0
                ]
            ]
        },
        {
            "file_path": "/data/shapenet_blender/all_50_random/02958343/d01a821c8b2c43cea0061ac8d975ad8/r_14",
            "rotation": 0.12566370614359174,
            "transform_matrix": [
                [
                    -0.16445760428905487,
                    0.2779636085033417,
                    -0.9464089870452881,
                    -3.815096616744995
                ],
                [
                    -0.9863842129707336,
                    -0.04634424299001694,
                    0.15779262781143188,
                    0.6360824108123779
                ],
                [
                    3.725290298461914e-09,
                    0.9594729542732239,
                    0.28180059790611267,
                    1.1359745264053345
                ],
                [
                    0.0,
                    0.0,
                    0.0,
                    1.0
                ]
            ]
        },
        {
            "file_path": "/data/shapenet_blender/all_50_random/02958343/d01a821c8b2c43cea0061ac8d975ad8/r_15",
            "rotation": 0.12566370614359174,
            "transform_matrix": [
                [
                    0.8781802654266357,
                    0.10632225126028061,
                    -0.4663635194301605,
                    -1.8799716234207153
                ],
                [
                    -0.47832977771759033,
                    0.19520026445388794,
                    -0.8562110066413879,
                    -3.4514973163604736
                ],
                [
                    0.0,
                    0.9749833345413208,
                    0.22227808833122253,
                    0.8960316777229309
                ],
                [
                    0.0,
                    0.0,
                    0.0,
                    1.0
                ]
            ]
        },
        {
            "file_path": "/data/shapenet_blender/all_50_random/02958343/d01a821c8b2c43cea0061ac8d975ad8/r_16",
            "rotation": 0.12566370614359174,
            "transform_matrix": [
                [
                    -0.9972252249717712,
                    0.05380863696336746,
                    0.05144462734460831,
                    0.20737990736961365
                ],
                [
                    0.07444407045841217,
                    0.7208005785942078,
                    0.6891332268714905,
                    2.777984619140625
                ],
                [
                    3.725290298461914e-09,
                    0.6910505890846252,
                    -0.7228063344955444,
                    -2.9137251377105713
                ],
                [
                    0.0,
                    0.0,
                    0.0,
                    1.0
                ]
            ]
        },
        {
            "file_path": "/data/shapenet_blender/all_50_random/02958343/d01a821c8b2c43cea0061ac8d975ad8/r_17",
            "rotation": 0.12566370614359174,
            "transform_matrix": [
                [
                    -0.10744741559028625,
                    -0.10421750694513321,
                    -0.9887334704399109,
                    -3.9857118129730225
                ],
                [
                    -0.9942107796669006,
                    0.01126310508698225,
                    0.10685545951128006,
                    0.4307481050491333
                ],
                [
                    -9.313224635931761e-10,
                    0.9944908022880554,
                    -0.10482435673475266,
                    -0.4225604832172394
                ],
                [
                    0.0,
                    0.0,
                    0.0,
                    1.0
                ]
            ]
        },
        {
            "file_path": "/data/shapenet_blender/all_50_random/02958343/d01a821c8b2c43cea0061ac8d975ad8/r_18",
            "rotation": 0.12566370614359174,
            "transform_matrix": [
                [
                    0.1593494564294815,
                    -0.1798412799835205,
                    0.9707033038139343,
                    3.9130301475524902
                ],
                [
                    0.9872222542762756,
                    0.029028529301285744,
                    -0.15668310225009918,
                    -0.6316097974777222
                ],
                [
                    1.8626450382086546e-09,
                    0.9832673072814941,
                    0.18216897547245026,
                    0.7343466281890869
                ],
                [
                    0.0,
                    0.0,
                    0.0,
                    1.0
                ]
            ]
        },
        {
            "file_path": "/data/shapenet_blender/all_50_random/02958343/d01a821c8b2c43cea0061ac8d975ad8/r_19",
            "rotation": 0.12566370614359174,
            "transform_matrix": [
                [
                    0.8368560671806335,
                    0.3971554934978485,
                    -0.3767487108707428,
                    -1.518722653388977
                ],
                [
                    -0.5474231839179993,
                    0.607138991355896,
                    -0.5759428143501282,
                    -2.321699857711792
                ],
                [
                    -2.980232594040899e-08,
                    0.6882221698760986,
                    0.7254999876022339,
                    2.924583911895752
                ],
                [
                    0.0,
                    0.0,
                    0.0,
                    1.0
                ]
            ]
        },
        {
            "file_path": "/data/shapenet_blender/all_50_random/02958343/d01a821c8b2c43cea0061ac8d975ad8/r_20",
            "rotation": 0.12566370614359174,
            "transform_matrix": [
                [
                    0.9934777021408081,
                    0.025974342599511147,
                    -0.11102906614542007,
                    -0.4475724697113037
                ],
                [
                    -0.11402685195207596,
                    0.22630575299263,
                    -0.9673590660095215,
                    -3.8995492458343506
                ],
                [
                    1.862645371275562e-09,
                    0.9737098813056946,
                    0.22779147326946259,
                    0.9182568192481995
                ],
                [
                    0.0,
                    0.0,
                    0.0,
                    1.0
                ]
            ]
        },
        {
            "file_path": "/data/shapenet_blender/all_50_random/02958343/d01a821c8b2c43cea0061ac8d975ad8/r_21",
            "rotation": 0.12566370614359174,
            "transform_matrix": [
                [
                    0.9998908042907715,
                    -0.00955894310027361,
                    -0.011278479360044003,
                    -0.04546500742435455
                ],
                [
                    -0.014784369617700577,
                    -0.646486759185791,
                    -0.7627817988395691,
                    -3.0748720169067383
                ],
                [
                    4.656613428188905e-10,
                    0.7628652453422546,
                    -0.6465574502944946,
                    -2.606356620788574
                ],
                [
                    0.0,
                    0.0,
                    0.0,
                    1.0
                ]
            ]
        },
        {
            "file_path": "/data/shapenet_blender/all_50_random/02958343/d01a821c8b2c43cea0061ac8d975ad8/r_22",
            "rotation": 0.12566370614359174,
            "transform_matrix": [
                [
                    0.8269952535629272,
                    0.0595027431845665,
                    -0.5590511560440063,
                    -2.2536072731018066
                ],
                [
                    -0.562208890914917,
                    0.08752705901861191,
                    -0.8223503828048706,
                    -3.315000534057617
                ],
                [
                    3.725290298461914e-09,
                    0.9943833947181702,
                    0.10583744198083878,
                    0.42664438486099243
                ],
                [
                    0.0,
                    0.0,
                    0.0,
                    1.0
                ]
            ]
        },
        {
            "file_path": "/data/shapenet_blender/all_50_random/02958343/d01a821c8b2c43cea0061ac8d975ad8/r_23",
            "rotation": 0.12566370614359174,
            "transform_matrix": [
                [
                    0.6247601509094238,
                    -0.23317615687847137,
                    -0.745186984539032,
                    -3.0039448738098145
                ],
                [
                    -0.7808167338371277,
                    -0.18657277524471283,
                    -0.5962514281272888,
                    -2.403566360473633
                ],
                [
                    0.0,
                    0.9543685913085938,
                    -0.29863107204437256,
                    -1.2038203477859497
                ],
                [
                    0.0,
                    0.0,
                    0.0,
                    1.0
                ]
            ]
        },
        {
            "file_path": "/data/shapenet_blender/all_50_random/02958343/d01a821c8b2c43cea0061ac8d975ad8/r_24",
            "rotation": 0.12566370614359174,
            "transform_matrix": [
                [
                    0.8486974239349365,
                    0.04252378270030022,
                    0.5271663665771484,
                    2.1250758171081543
                ],
                [
                    0.5288786888122559,
                    -0.06823837012052536,
                    -0.8459495902061462,
                    -3.4101321697235107
                ],
                [
                    0.0,
                    0.9967623353004456,
                    -0.0804036557674408,
                    -0.3241175413131714
                ],
                [
                    0.0,
                    0.0,
                    0.0,
                    1.0
                ]
            ]
        },
        {
            "file_path": "/data/shapenet_blender/all_50_random/02958343/d01a821c8b2c43cea0061ac8d975ad8/r_25",
            "rotation": 0.12566370614359174,
            "transform_matrix": [
                [
                    0.9803642630577087,
                    -7.650974112038966e-06,
                    0.1971951276063919,
                    0.7949190735816956
                ],
                [
                    0.1971951574087143,
                    3.8037149352021515e-05,
                    -0.9803641438484192,
                    -3.951974630355835
                ],
                [
                    0.0,
                    1.0,
                    3.879899304592982e-05,
                    0.00015640375204384327
                ],
                [
                    0.0,
                    0.0,
                    0.0,
                    1.0
                ]
            ]
        },
        {
            "file_path": "/data/shapenet_blender/all_50_random/02958343/d01a821c8b2c43cea0061ac8d975ad8/r_26",
            "rotation": 0.12566370614359174,
            "transform_matrix": [
                [
                    0.6267074942588806,
                    -0.6178666353225708,
                    0.47484588623046875,
                    1.9141650199890137
                ],
                [
                    0.7792547345161438,
                    0.49691274762153625,
                    -0.38188982009887695,
                    -1.5394470691680908
                ],
                [
                    1.4901164746561335e-08,
                    0.6093590259552002,
                    0.7928943634033203,
                    3.1962594985961914
                ],
                [
                    0.0,
                    0.0,
                    0.0,
                    1.0
                ]
            ]
        },
        {
            "file_path": "/data/shapenet_blender/all_50_random/02958343/d01a821c8b2c43cea0061ac8d975ad8/r_27",
            "rotation": 0.12566370614359174,
            "transform_matrix": [
                [
                    -0.15412785112857819,
                    0.08179350197315216,
                    -0.9846595525741577,
                    -3.969289541244507
                ],
                [
                    -0.9880509972572327,
                    -0.012759116478264332,
                    0.153598815202713,
                    0.6191766262054443
                ],
                [
                    -9.31322685637781e-10,
                    0.9965675473213196,
                    0.08278268575668335,
                    0.33370769023895264
                ],
                [
                    0.0,
                    0.0,
                    0.0,
                    1.0
                ]
            ]
        },
        {
            "file_path": "/data/shapenet_blender/all_50_random/02958343/d01a821c8b2c43cea0061ac8d975ad8/r_28",
            "rotation": 0.12566370614359174,
            "transform_matrix": [
                [
                    0.9849119186401367,
                    0.013642772100865841,
                    -0.1725180447101593,
                    -0.6954424381256104
                ],
                [
                    -0.17305666208267212,
                    0.07764467597007751,
                    -0.9818465709686279,
                    -3.9579498767852783
                ],
                [
                    -9.313225746154785e-10,
                    0.9968876838684082,
                    0.07883413881063461,
                    0.31779056787490845
                ],
                [
                    0.0,
                    0.0,
                    0.0,
                    1.0
                ]
            ]
        },
        {
            "file_path": "/data/shapenet_blender/all_50_random/02958343/d01a821c8b2c43cea0061ac8d975ad8/r_29",
            "rotation": 0.12566370614359174,
            "transform_matrix": [
                [
                    -0.7998828887939453,
                    -0.08907058835029602,
                    0.5935097932815552,
                    2.39251446723938
                ],
                [
                    0.6001561880111694,
                    -0.11871248483657837,
                    0.7910245656967163,
                    3.1887221336364746
                ],
                [
                    0.0,
                    0.9889254570007324,
                    0.14841234683990479,
                    0.5982692837715149
                ],
                [
                    0.0,
                    0.0,
                    0.0,
                    1.0
                ]
            ]
        },
        {
            "file_path": "/data/shapenet_blender/all_50_random/02958343/d01a821c8b2c43cea0061ac8d975ad8/r_30",
            "rotation": 0.12566370614359174,
            "transform_matrix": [
                [
                    -0.24185416102409363,
                    -0.11183319240808487,
                    -0.9638463854789734,
                    -3.8853890895843506
                ],
                [
                    -0.9703126549720764,
                    0.02787485532462597,
                    0.24024242162704468,
                    0.9684481620788574
                ],
                [
                    1.862645149230957e-09,
                    0.9933359622955322,
                    -0.11525480449199677,
                    -0.46460697054862976
                ],
                [
                    0.0,
                    0.0,
                    0.0,
                    1.0
                ]
            ]
        },
        {
            "file_path": "/data/shapenet_blender/all_50_random/02958343/d01a821c8b2c43cea0061ac8d975ad8/r_31",
            "rotation": 0.12566370614359174,
            "transform_matrix": [
                [
                    -0.38279205560684204,
                    0.9170927405357361,
                    -0.11140526831150055,
                    -0.44908902049064636
                ],
                [
                    -0.9238345623016357,
                    -0.3799985945224762,
                    0.046160921454429626,
                    0.18608063459396362
                ],
                [
                    0.0,
                    0.1205897182226181,
                    0.9927023649215698,
                    4.001711368560791
                ],
                [
                    0.0,
                    0.0,
                    0.0,
                    1.0
                ]
            ]
        },
        {
            "file_path": "/data/shapenet_blender/all_50_random/02958343/d01a821c8b2c43cea0061ac8d975ad8/r_32",
            "rotation": 0.12566370614359174,
            "transform_matrix": [
                [
                    0.9919289946556091,
                    -0.0518183596432209,
                    0.11572319269180298,
                    0.4664950966835022
                ],
                [
                    0.12679512798786163,
                    0.40537944436073303,
                    -0.9053123593330383,
                    -3.649430751800537
                ],
                [
                    0.0,
                    0.9126786589622498,
                    0.408677875995636,
                    1.6474331617355347
                ],
                [
                    0.0,
                    0.0,
                    0.0,
                    1.0
                ]
            ]
        },
        {
            "file_path": "/data/shapenet_blender/all_50_random/02958343/d01a821c8b2c43cea0061ac8d975ad8/r_33",
            "rotation": 0.12566370614359174,
            "transform_matrix": [
                [
                    0.3433742821216583,
                    -0.847277820110321,
                    -0.40523362159729004,
                    -1.6335489749908447
                ],
                [
                    -0.9391987323760986,
                    -0.3097676932811737,
                    -0.1481548249721527,
                    -0.5972312092781067
                ],
                [
                    1.4901162970204496e-08,
                    0.43146735429763794,
                    -0.9021284580230713,
                    -3.636596202850342
                ],
                [
                    0.0,
                    0.0,
                    0.0,
                    1.0
                ]
            ]
        },
        {
            "file_path": "/data/shapenet_blender/all_50_random/02958343/d01a821c8b2c43cea0061ac8d975ad8/r_34",
            "rotation": 0.12566370614359174,
            "transform_matrix": [
                [
                    0.05022626742720604,
                    -0.8859608173370361,
                    -0.46103212237358093,
                    -1.8584799766540527
                ],
                [
                    -0.9987378716468811,
                    -0.04455473646521568,
                    -0.023185184225440025,
                    -0.09346246719360352
                ],
                [
                    0.0,
                    0.46161481738090515,
                    -0.8870804905891418,
                    -3.5759358406066895
                ],
                [
                    0.0,
                    0.0,
                    0.0,
                    1.0
                ]
            ]
        },
        {
            "file_path": "/data/shapenet_blender/all_50_random/02958343/d01a821c8b2c43cea0061ac8d975ad8/r_35",
            "rotation": 0.12566370614359174,
            "transform_matrix": [
                [
                    -0.22035449743270874,
                    0.023387622088193893,
                    0.9751394987106323,
                    3.930912494659424
                ],
                [
                    0.9754198789596558,
                    0.005283435340970755,
                    0.2202911674976349,
                    0.8880220055580139
                ],
                [
                    4.656612873077393e-10,
                    0.9997124075889587,
                    -0.02397698536515236,
                    -0.09665431082248688
                ],
                [
                    0.0,
                    0.0,
                    0.0,
                    1.0
                ]
            ]
        },
        {
            "file_path": "/data/shapenet_blender/all_50_random/02958343/d01a821c8b2c43cea0061ac8d975ad8/r_36",
            "rotation": 0.12566370614359174,
            "transform_matrix": [
                [
                    -0.20828877389431,
                    -0.26372233033180237,
                    -0.9418419599533081,
                    -3.7966864109039307
                ],
                [
                    -0.9780674576759338,
                    0.05616217851638794,
                    0.20057420432567596,
                    0.8085404634475708
                ],
                [
                    0.0,
                    0.96296226978302,
                    -0.2696361541748047,
                    -1.0869381427764893
                ],
                [
                    0.0,
                    0.0,
                    0.0,
                    1.0
                ]
            ]
        },
        {
            "file_path": "/data/shapenet_blender/all_50_random/02958343/d01a821c8b2c43cea0061ac8d975ad8/r_37",
            "rotation": 0.12566370614359174,
            "transform_matrix": [
                [
                    0.9936259984970093,
                    0.03926548361778259,
                    -0.10566762834787369,
                    -0.42595982551574707
                ],
                [
                    -0.11272721737623215,
                    0.346102774143219,
                    -0.9313997626304626,
                    -3.7545924186706543
                ],
                [
                    0.0,
                    0.937374472618103,
                    0.3483230173587799,
                    1.40413498878479
                ],
                [
                    0.0,
                    0.0,
                    0.0,
                    1.0
                ]
            ]
        },
        {
            "file_path": "/data/shapenet_blender/all_50_random/02958343/d01a821c8b2c43cea0061ac8d975ad8/r_38",
            "rotation": 0.12566370614359174,
            "transform_matrix": [
                [
                    -0.671975314617157,
                    0.6409137845039368,
                    0.3710508346557617,
                    1.4957537651062012
                ],
                [
                    0.7405735850334167,
                    0.5815468430519104,
                    0.33668091893196106,
                    1.3572041988372803
                ],
                [
                    0.0,
                    0.5010316967964172,
                    -0.8654289245605469,
                    -3.4886555671691895
                ],
                [
                    0.0,
                    0.0,
                    0.0,
                    1.0
                ]
            ]
        },
        {
            "file_path": "/data/shapenet_blender/all_50_random/02958343/d01a821c8b2c43cea0061ac8d975ad8/r_39",
            "rotation": 0.12566370614359174,
            "transform_matrix": [
                [
                    -0.8631430268287659,
                    -0.19773951172828674,
                    -0.46463221311569214,
                    -1.8729925155639648
                ],
                [
                    -0.5049593448638916,
                    0.33800238370895386,
                    0.7942104339599609,
                    3.2015647888183594
                ],
                [
                    1.4901160305669237e-08,
                    0.9201376438140869,
                    -0.39159485697746277,
                    -1.5785695314407349
                ],
                [
                    0.0,
                    0.0,
                    0.0,
                    1.0
                ]
            ]
        },
        {
            "file_path": "/data/shapenet_blender/all_50_random/02958343/d01a821c8b2c43cea0061ac8d975ad8/r_40",
            "rotation": 0.12566370614359174,
            "transform_matrix": [
                [
                    -0.998912513256073,
                    -0.00305647193454206,
                    0.046524155884981155,
                    0.18754486739635468
                ],
                [
                    0.046624451875686646,
                    -0.06548384577035904,
                    0.9967637658119202,
                    4.018083095550537
                ],
                [
                    2.3283064365386963e-10,
                    0.9978489279747009,
                    0.0655551329255104,
                    0.2642611861228943
                ],
                [
                    0.0,
                    0.0,
                    0.0,
                    1.0
                ]
            ]
        },
        {
            "file_path": "/data/shapenet_blender/all_50_random/02958343/d01a821c8b2c43cea0061ac8d975ad8/r_41",
            "rotation": 0.12566370614359174,
            "transform_matrix": [
                [
                    0.6664270162582397,
                    0.2814942002296448,
                    0.6903882622718811,
                    2.7830443382263184
                ],
                [
                    0.7455702424049377,
                    -0.25161322951316833,
                    -0.6171026825904846,
                    -2.4876208305358887
                ],
