{
    "class": "02958343",
    "model": "d84c7484b751357faa70852df8af7bdb",
    "remove_doubles": true,
    "edge_split": true,
    "denoise": true,
    "camera_angle_x": 0.6911112070083618,
    "scale_factor": 2.1806564215131066,
    "hdri_file": "/data/IndoorHDRDataset2018/AG8A1004-cb6d25d335.exr",
    "center_offset": [
        0.0,
        0.0,
        3.725290298461914e-09
    ],
    "lights": [],
    "frames": [
        {
            "file_path": "/data/shapenet_blender/all_50_random/02958343/d84c7484b751357faa70852df8af7bdb/r_0",
            "rotation": 0.12566370614359174,
            "transform_matrix": [
                [
                    0.9371892213821411,
                    0.17206433415412903,
                    -0.3034306466579437,
                    -1.2231680154800415
                ],
                [
                    -0.3488212823867798,
                    0.4622907042503357,
                    -0.8152367472648621,
                    -3.2863245010375977
                ],
                [
                    0.0,
                    0.8698741793632507,
                    0.49327361583709717,
                    1.9884495735168457
                ],
                [
                    0.0,
                    0.0,
                    0.0,
                    1.0
                ]
            ]
        },
        {
            "file_path": "/data/shapenet_blender/all_50_random/02958343/d84c7484b751357faa70852df8af7bdb/r_1",
            "rotation": 0.12566370614359174,
            "transform_matrix": [
                [
                    0.1676836460828781,
                    -0.49968674778938293,
                    -0.8498207926750183,
                    -3.425737142562866
                ],
                [
                    -0.9858408570289612,
                    -0.08499271422624588,
                    -0.1445477306842804,
                    -0.5826905369758606
                ],
                [
                    7.450580152834618e-09,
                    0.8620263338088989,
                    -0.5068634748458862,
                    -2.043231964111328
                ],
                [
                    0.0,
                    0.0,
                    0.0,
                    1.0
                ]
            ]
        },
        {
            "file_path": "/data/shapenet_blender/all_50_random/02958343/d84c7484b751357faa70852df8af7bdb/r_2",
            "rotation": 0.12566370614359174,
            "transform_matrix": [
                [
                    -0.9036986231803894,
                    0.27641865611076355,
                    0.32698854804039,
                    1.3181331157684326
                ],
                [
                    0.4281691610813141,
                    0.5834123492240906,
                    0.69014573097229,
                    2.782066583633423
                ],
                [
                    -1.4901161193847656e-08,
                    0.763690173625946,
                    -0.6455827951431274,
                    -2.6024277210235596
                ],
                [
                    0.0,
                    0.0,
                    0.0,
                    1.0
                ]
            ]
        },
        {
            "file_path": "/data/shapenet_blender/all_50_random/02958343/d84c7484b751357faa70852df8af7bdb/r_3",
            "rotation": 0.12566370614359174,
            "transform_matrix": [
                [
                    0.9974443316459656,
                    0.06994575262069702,
                    0.014578064903616905,
                    0.05876605957746506
                ],
                [
                    0.07144879549741745,
                    -0.9764615297317505,
                    -0.20351369678974152,
                    -0.8203899264335632
                ],
                [
                    0.0,
                    0.20403504371643066,
                    -0.9789635539054871,
                    -3.9463284015655518
                ],
                [
                    0.0,
                    0.0,
                    0.0,
                    1.0
                ]
            ]
        },
        {
            "file_path": "/data/shapenet_blender/all_50_random/02958343/d84c7484b751357faa70852df8af7bdb/r_4",
            "rotation": 0.12566370614359174,
            "transform_matrix": [
                [
                    -0.14174510538578033,
                    -0.2647392749786377,
                    0.9538456201553345,
                    3.8450746536254883
                ],
                [
                    0.9899032115936279,
                    -0.037908248603343964,
                    0.13658198714256287,
                    0.5505796074867249
                ],
                [
                    0.0,
                    0.9635746479034424,
                    0.2674395442008972,
                    1.0780832767486572
                ],
                [
                    0.0,
                    0.0,
                    0.0,
                    1.0
                ]
            ]
        },
        {
            "file_path": "/data/shapenet_blender/all_50_random/02958343/d84c7484b751357faa70852df8af7bdb/r_5",
            "rotation": 0.12566370614359174,
            "transform_matrix": [
                [
                    0.981779158115387,
                    -0.07433666288852692,
                    0.17488232254981995,
                    0.7049732804298401
                ],
                [
                    0.19002573192119598,
                    0.38406479358673096,
                    -0.9035398960113525,
                    -3.6422860622406006
                ],
                [
                    -7.450581485102248e-09,
                    0.9203087091445923,
                    0.39119264483451843,
                    1.5769481658935547
                ],
                [
                    0.0,
                    0.0,
                    0.0,
                    1.0
                ]
            ]
        },
        {
            "file_path": "/data/shapenet_blender/all_50_random/02958343/d84c7484b751357faa70852df8af7bdb/r_6",
            "rotation": 0.12566370614359174,
            "transform_matrix": [
                [
                    -0.9389296770095825,
                    0.08818754553794861,
                    -0.3326166272163391,
                    -1.3408206701278687
                ],
                [
                    -0.34410879015922546,
                    -0.24062712490558624,
                    0.9075723886489868,
                    3.658541440963745
                ],
                [
                    0.0,
                    0.9666031002998352,
                    0.25627803802490234,
                    1.0330898761749268
                ],
                [
                    0.0,
                    0.0,
                    0.0,
                    1.0
                ]
            ]
        },
        {
            "file_path": "/data/shapenet_blender/all_50_random/02958343/d84c7484b751357faa70852df8af7bdb/r_7",
            "rotation": 0.12566370614359174,
            "transform_matrix": [
                [
                    0.7618838548660278,
                    -0.2737727463245392,
                    0.5870106816291809,
                    2.3663158416748047
                ],
                [
                    0.6477137804031372,
                    0.32202962040901184,
                    -0.6904808282852173,
                    -2.783417224884033
                ],
                [
                    0.0,
                    0.9062809944152832,
                    0.42267557978630066,
                    1.703859806060791
                ],
                [
                    0.0,
                    0.0,
                    0.0,
                    1.0
                ]
            ]
        },
        {
            "file_path": "/data/shapenet_blender/all_50_random/02958343/d84c7484b751357faa70852df8af7bdb/r_8",
            "rotation": 0.12566370614359174,
            "transform_matrix": [
                [
                    -0.4909094274044037,
                    -0.08871980011463165,
                    0.8666813373565674,
                    3.4937045574188232
                ],
                [
                    0.8712105751037598,
                    -0.049991801381111145,
                    0.4883573055267334,
                    1.968631386756897
                ],
                [
                    -3.725290076417309e-09,
                    0.9948013424873352,
                    0.10183506458997726,
                    0.4105103015899658
                ],
                [
                    0.0,
                    0.0,
                    0.0,
                    1.0
                ]
            ]
        },
        {
            "file_path": "/data/shapenet_blender/all_50_random/02958343/d84c7484b751357faa70852df8af7bdb/r_9",
            "rotation": 0.12566370614359174,
            "transform_matrix": [
                [
                    0.6836159825325012,
                    -0.4385267496109009,
                    -0.5834066271781921,
                    -2.351787567138672
                ],
                [
                    -0.7298418879508972,
                    -0.4107518494129181,
                    -0.5464555025100708,
                    -2.2028329372406006
                ],
                [
                    0.0,
                    0.7993603348731995,
                    -0.6008517146110535,
                    -2.4221110343933105
                ],
                [
                    0.0,
                    0.0,
                    0.0,
                    1.0
                ]
            ]
        },
        {
            "file_path": "/data/shapenet_blender/all_50_random/02958343/d84c7484b751357faa70852df8af7bdb/r_10",
            "rotation": 0.12566370614359174,
            "transform_matrix": [
                [
                    0.9103484749794006,
                    -0.32109829783439636,
                    0.26107779145240784,
                    1.0524382591247559
                ],
                [
                    0.41384264826774597,
                    0.7063345313072205,
                    -0.5743046998977661,
                    -2.315096378326416
                ],
                [
                    0.0,
                    0.6308625340461731,
                    0.7758946418762207,
                    3.1277313232421875
                ],
                [
                    0.0,
                    0.0,
                    0.0,
                    1.0
                ]
            ]
        },
        {
            "file_path": "/data/shapenet_blender/all_50_random/02958343/d84c7484b751357faa70852df8af7bdb/r_11",
            "rotation": 0.12566370614359174,
            "transform_matrix": [
                [
                    -0.1942048817873001,
                    0.020982349291443825,
                    0.9807365536689758,
                    3.9534754753112793
                ],
                [
                    0.9809610247612,
                    0.004153961781412363,
                    0.19416043162345886,
                    0.7826857566833496
                ],
                [
                    0.0,
                    0.9997710585594177,
                    -0.021389590576291084,
                    -0.08622419834136963
                ],
                [
                    0.0,
                    0.0,
                    0.0,
                    1.0
                ]
            ]
        },
        {
            "file_path": "/data/shapenet_blender/all_50_random/02958343/d84c7484b751357faa70852df8af7bdb/r_12",
            "rotation": 0.12566370614359174,
            "transform_matrix": [
                [
                    0.9975271224975586,
                    -0.05225823074579239,
                    -0.046998895704746246,
                    -0.18945860862731934
                ],
                [
                    -0.07028385251760483,
                    -0.7416923642158508,
                    -0.6670475602149963,
                    -2.6889548301696777
                ],
                [
                    0.0,
                    0.6687012314796448,
                    -0.7435311675071716,
                    -2.997270107269287
                ],
                [
                    0.0,
                    0.0,
                    0.0,
                    1.0
                ]
            ]
        },
        {
            "file_path": "/data/shapenet_blender/all_50_random/02958343/d84c7484b751357faa70852df8af7bdb/r_13",
            "rotation": 0.12566370614359174,
            "transform_matrix": [
                [
                    -0.6525235176086426,
                    0.6016623377799988,
                    0.46066853404045105,
                    1.8570142984390259
                ],
                [
                    0.757768452167511,
                    0.5180986523628235,
                    0.39668717980384827,
                    1.5990971326828003
                ],
                [
                    -1.4901161193847656e-08,
                    0.6079277396202087,
                    -0.793992280960083,
                    -3.2006852626800537
                ],
                [
                    0.0,
                    0.0,
                    0.0,
                    1.0
                ]
            ]
        },
        {
            "file_path": "/data/shapenet_blender/all_50_random/02958343/d84c7484b751357faa70852df8af7bdb/r_14",
            "rotation": 0.12566370614359174,
            "transform_matrix": [
                [
                    0.9712961912155151,
                    0.021445438265800476,
                    0.2369050234556198,
                    0.9549946784973145
                ],
                [
                    0.23787373304367065,
                    -0.08756693452596664,
                    -0.9673407673835754,
                    -3.899475336074829
                ],
                [
                    0.0,
                    0.9959276914596558,
                    -0.0901547372341156,
                    -0.3634253740310669
                ],
                [
                    0.0,
                    0.0,
                    0.0,
                    1.0
                ]
            ]
        },
        {
            "file_path": "/data/shapenet_blender/all_50_random/02958343/d84c7484b751357faa70852df8af7bdb/r_15",
            "rotation": 0.12566370614359174,
            "transform_matrix": [
                [
                    -0.12441055476665497,
                    -0.09149735420942307,
                    0.988003134727478,
                    3.9827680587768555
                ],
                [
                    0.9922308921813965,
                    -0.0114723676815629,
                    0.12388046830892563,
                    0.49937814474105835
                ],
                [
                    0.0,
                    0.9957392811775208,
                    0.09221377223730087,
                    0.3717256188392639
                ],
                [
                    0.0,
                    0.0,
                    0.0,
                    1.0
                ]
            ]
        },
        {
            "file_path": "/data/shapenet_blender/all_50_random/02958343/d84c7484b751357faa70852df8af7bdb/r_16",
            "rotation": 0.12566370614359174,
            "transform_matrix": [
                [
                    -0.5495174527168274,
                    0.26144617795944214,
                    -0.793521523475647,
                    -3.1987876892089844
                ],
                [
                    -0.8354822993278503,
                    -0.17195965349674225,
                    0.5219188332557678,
                    2.103922128677368
                ],
                [
                    0.0,
                    0.9497767090797424,
                    0.3129284381866455,
                    1.2614549398422241
                ],
                [
                    0.0,
                    0.0,
                    0.0,
                    1.0
                ]
            ]
        },
        {
            "file_path": "/data/shapenet_blender/all_50_random/02958343/d84c7484b751357faa70852df8af7bdb/r_17",
            "rotation": 0.12566370614359174,
            "transform_matrix": [
                [
                    -0.9670416712760925,
                    -0.20847848057746887,
                    0.1461750715970993,
                    0.5892505645751953
                ],
                [
                    0.25461822748184204,
                    -0.7918025851249695,
                    0.5551738739013672,
                    2.2379775047302246
                ],
                [
                    0.0,
                    0.5740950107574463,
                    0.8187885880470276,
                    3.300642490386963
                ],
                [
                    0.0,
                    0.0,
                    0.0,
                    1.0
                ]
            ]
        },
        {
            "file_path": "/data/shapenet_blender/all_50_random/02958343/d84c7484b751357faa70852df8af7bdb/r_18",
            "rotation": 0.12566370614359174,
            "transform_matrix": [
                [
                    0.9649066925048828,
                    -0.120780348777771,
                    0.2331675887107849,
                    0.9399285912513733
                ],
                [
                    0.2625928521156311,
                    0.44381165504455566,
                    -0.8567824959754944,
                    -3.453800678253174
                ],
                [
                    -7.4505797087454084e-09,
                    0.8879432678222656,
                    0.4599528908729553,
                    1.854129433631897
                ],
                [
                    0.0,
                    0.0,
                    0.0,
                    1.0
                ]
            ]
        },
        {
            "file_path": "/data/shapenet_blender/all_50_random/02958343/d84c7484b751357faa70852df8af7bdb/r_19",
            "rotation": 0.12566370614359174,
            "transform_matrix": [
                [
                    0.8796746730804443,
                    0.46926674246788025,
                    -0.07720940560102463,
                    -0.3112410604953766
                ],
                [
                    -0.47557610273361206,
                    0.8680042028427124,
                    -0.1428144872188568,
                    -0.5757036209106445
                ],
                [
                    0.0,
                    0.16234934329986572,
                    0.9867333173751831,
                    3.977649211883545
                ],
                [
                    0.0,
                    0.0,
                    0.0,
                    1.0
                ]
            ]
        },
        {
            "file_path": "/data/shapenet_blender/all_50_random/02958343/d84c7484b751357faa70852df8af7bdb/r_20",
            "rotation": 0.12566370614359174,
            "transform_matrix": [
                [
                    -0.9947100281715393,
                    0.02220500446856022,
                    0.10029332339763641,
                    0.40429532527923584
                ],
                [
                    0.10272201895713806,
                    0.21502245962619781,
                    0.9711917638778687,
                    3.91499924659729
                ],
                [
                    1.862645149230957e-09,
                    0.9763565063476562,
                    -0.21616598963737488,
                    -0.8713929653167725
                ],
                [
                    0.0,
                    0.0,
                    0.0,
                    1.0
                ]
            ]
        },
        {
            "file_path": "/data/shapenet_blender/all_50_random/02958343/d84c7484b751357faa70852df8af7bdb/r_21",
            "rotation": 0.12566370614359174,
            "transform_matrix": [
                [
                    -0.8690849542617798,
                    0.37782925367355347,
                    0.31927481293678284,
                    1.287037968635559
                ],
                [
                    0.494662880897522,
                    0.6638171672821045,
                    0.5609414577484131,
                    2.2612273693084717
                ],
                [
                    -1.4901161193847656e-08,
                    0.6454390287399292,
                    -0.7638117074966431,
                    -3.0790233612060547
                ],
                [
                    0.0,
                    0.0,
                    0.0,
                    1.0
                ]
            ]
        },
        {
            "file_path": "/data/shapenet_blender/all_50_random/02958343/d84c7484b751357faa70852df8af7bdb/r_22",
            "rotation": 0.12566370614359174,
            "transform_matrix": [
                [
                    -0.5141488313674927,
                    0.7371422052383423,
                    0.4384889006614685,
                    1.7676053047180176
                ],
                [
                    0.8577009439468384,
                    0.44187983870506287,
                    0.26285216212272644,
                    1.0595909357070923
                ],
                [
                    1.4901159417490817e-08,
                    0.5112375020980835,
                    -0.859439492225647,
                    -3.4645113945007324
                ],
                [
                    0.0,
                    0.0,
                    0.0,
                    1.0
                ]
            ]
        },
        {
            "file_path": "/data/shapenet_blender/all_50_random/02958343/d84c7484b751357faa70852df8af7bdb/r_23",
            "rotation": 0.12566370614359174,
            "transform_matrix": [
                [
                    -0.49872997403144836,
                    -0.041413769125938416,
                    -0.8657674193382263,
                    -3.490020275115967
                ],
                [
                    -0.8667573928833008,
                    0.023829374462366104,
                    0.49816033244132996,
                    2.008148670196533
                ],
                [
                    -1.862645149230957e-09,
                    0.9988577961921692,
                    -0.0477801151573658,
                    -0.1926078200340271
                ],
                [
                    0.0,
                    0.0,
                    0.0,
                    1.0
                ]
            ]
        },
        {
            "file_path": "/data/shapenet_blender/all_50_random/02958343/d84c7484b751357faa70852df8af7bdb/r_24",
            "rotation": 0.12566370614359174,
            "transform_matrix": [
                [
                    -0.9761564135551453,
                    0.14249981939792633,
                    0.16374513506889343,
                    0.6600778102874756
                ],
                [
                    0.2170683741569519,
                    0.640821635723114,
                    0.7363618016242981,
                    2.968369722366333
                ],
                [
                    -7.450580596923828e-09,
                    0.7543482780456543,
                    -0.6564743518829346,
                    -2.6463329792022705
                ],
                [
                    0.0,
                    0.0,
                    0.0,
                    1.0
                ]
            ]
        },
        {
            "file_path": "/data/shapenet_blender/all_50_random/02958343/d84c7484b751357faa70852df8af7bdb/r_25",
            "rotation": 0.12566370614359174,
            "transform_matrix": [
                [
                    0.4566761255264282,
                    0.5099571943283081,
                    -0.7289653420448303,
                    -2.9385533332824707
                ],
                [
                    -0.8896328210830688,
                    0.2617768347263336,
                    -0.3742005228996277,
                    -1.5084505081176758
                ],
                [
                    0.0,
                    0.8194000720977783,
                    0.5732220411300659,
                    2.310731887817383
                ],
                [
                    0.0,
                    0.0,
                    0.0,
                    1.0
                ]
            ]
        },
        {
            "file_path": "/data/shapenet_blender/all_50_random/02958343/d84c7484b751357faa70852df8af7bdb/r_26",
            "rotation": 0.12566370614359174,
            "transform_matrix": [
                [
                    -0.9405308961868286,
                    -0.10890115052461624,
                    -0.3217797577381134,
                    -1.297135591506958
                ],
                [
                    -0.33970820903778076,
                    0.30150842666625977,
                    0.8908933997154236,
                    3.591305732727051
                ],
                [
                    -7.450580596923828e-09,
                    0.9472238421440125,
                    -0.3205726742744446,
                    -1.2922695875167847
                ],
                [
                    0.0,
                    0.0,
                    0.0,
                    1.0
                ]
            ]
        },
        {
            "file_path": "/data/shapenet_blender/all_50_random/02958343/d84c7484b751357faa70852df8af7bdb/r_27",
            "rotation": 0.12566370614359174,
            "transform_matrix": [
                [
                    0.9865049719810486,
                    0.12913839519023895,
                    -0.1006535217165947,
                    -0.40574726462364197
                ],
                [
                    -0.16373105347156525,
                    0.7780788540840149,
                    -0.6064530611038208,
                    -2.444690227508545
                ],
                [
                    0.0,
                    0.614749014377594,
                    0.788722813129425,
                    3.179442882537842
                ],
                [
                    0.0,
                    0.0,
                    0.0,
                    1.0
                ]
            ]
        },
        {
            "file_path": "/data/shapenet_blender/all_50_random/02958343/d84c7484b751357faa70852df8af7bdb/r_28",
            "rotation": 0.12566370614359174,
            "transform_matrix": [
                [
                    -0.536979079246521,
                    0.5821794271469116,
                    -0.6105084419250488,
                    -2.46103835105896
                ],
                [
                    -0.8435956835746765,
                    -0.37057822942733765,
                    0.3886106312274933,
                    1.5665395259857178
                ],
                [
                    -1.4901162970204496e-08,
                    0.7236979603767395,
                    0.6901167631149292,
                    2.781949758529663
                ],
                [
                    0.0,
                    0.0,
                    0.0,
                    1.0
                ]
            ]
        },
        {
            "file_path": "/data/shapenet_blender/all_50_random/02958343/d84c7484b751357faa70852df8af7bdb/r_29",
            "rotation": 0.12566370614359174,
            "transform_matrix": [
                [
                    -0.15942536294460297,
                    0.6617358326911926,
                    0.7325907349586487,
                    2.9531679153442383
                ],
                [
                    0.9872099757194519,
                    0.10686427354812622,
                    0.11830669641494751,
                    0.4769095778465271
                ],
                [
                    7.450580152834618e-09,
                    0.7420819997787476,
                    -0.6703090667724609,
                    -2.7021024227142334
                ],
                [
                    0.0,
                    0.0,
                    0.0,
                    1.0
                ]
            ]
        },
        {
            "file_path": "/data/shapenet_blender/all_50_random/02958343/d84c7484b751357faa70852df8af7bdb/r_30",
            "rotation": 0.12566370614359174,
            "transform_matrix": [
                [
                    0.9796751141548157,
                    -0.017223184928297997,
                    -0.19984959065914154,
                    -0.8056193590164185
                ],
                [
                    -0.2005903273820877,
                    -0.0841173380613327,
                    -0.9760573506355286,
                    -3.934612512588501
                ],
                [
                    0.0,
                    0.9963070154190063,
                    -0.08586248755455017,
                    -0.34612271189689636
                ],
                [
                    0.0,
                    0.0,
                    0.0,
                    1.0
                ]
            ]
        },
        {
            "file_path": "/data/shapenet_blender/all_50_random/02958343/d84c7484b751357faa70852df8af7bdb/r_31",
            "rotation": 0.12566370614359174,
            "transform_matrix": [
                [
                    0.3952208161354065,
                    0.34414052963256836,
                    -0.8516852259635925,
                    -3.433253049850464
                ],
                [
                    -0.9185861945152283,
                    0.14806613326072693,
                    -0.3664367198944092,
                    -1.4771536588668823
                ],
                [
                    1.4901162970204496e-08,
                    0.9271697402000427,
                    0.3746415376663208,
                    1.5102283954620361
                ],
                [
                    0.0,
                    0.0,
                    0.0,
                    1.0
                ]
            ]
        },
        {
            "file_path": "/data/shapenet_blender/all_50_random/02958343/d84c7484b751357faa70852df8af7bdb/r_32",
            "rotation": 0.12566370614359174,
            "transform_matrix": [
                [
                    -0.7013646364212036,
                    -0.5138516426086426,
                    0.4940081834793091,
                    1.991410732269287
                ],
                [
                    0.7128027081489563,
                    -0.5056060552597046,
                    0.4860810339450836,
                    1.9594553709030151
                ],
                [
                    0.0,
                    0.6930503249168396,
                    0.7208890914916992,
                    2.905996799468994
                ],
                [
                    0.0,
                    0.0,
                    0.0,
                    1.0
                ]
            ]
        },
        {
            "file_path": "/data/shapenet_blender/all_50_random/02958343/d84c7484b751357faa70852df8af7bdb/r_33",
            "rotation": 0.12566370614359174,
            "transform_matrix": [
                [
                    0.983945906162262,
                    -0.053805869072675705,
                    0.17016290128231049,
                    0.6859486103057861
                ],
                [
                    0.1784670203924179,
                    0.2966489791870117,
                    -0.9381625056266785,
                    -3.7818539142608643
                ],
                [
                    -3.725290298461914e-09,
                    0.953469455242157,
                    0.3014891445636749,
                    1.215341567993164
                ],
                [
                    0.0,
                    0.0,
                    0.0,
                    1.0
                ]
            ]
        },
        {
            "file_path": "/data/shapenet_blender/all_50_random/02958343/d84c7484b751357faa70852df8af7bdb/r_34",
            "rotation": 0.12566370614359174,
            "transform_matrix": [
                [
                    -0.5447717308998108,
                    -0.2979988157749176,
                    0.7838497161865234,
                    3.159799575805664
                ],
                [
                    0.8385844230651855,
                    -0.1935897320508957,
                    0.5092142820358276,
                    2.052708625793457
                ],
                [
                    -1.4901161193847656e-08,
                    0.9347296357154846,
                    0.35535937547683716,
                    1.4324995279312134
                ],
                [
                    0.0,
                    0.0,
                    0.0,
                    1.0
                ]
            ]
        },
        {
            "file_path": "/data/shapenet_blender/all_50_random/02958343/d84c7484b751357faa70852df8af7bdb/r_35",
            "rotation": 0.12566370614359174,
            "transform_matrix": [
                [
                    0.43437767028808594,
                    0.3426974415779114,
                    0.8329913020133972,
                    3.3578953742980957
                ],
                [
                    0.9007309675216675,
                    -0.16526588797569275,
                    -0.4017102122306824,
                    -1.6193456649780273
                ],
                [
                    -1.4901164746561335e-08,
                    0.9247948527336121,
                    -0.3804659843444824,
                    -1.5337073802947998
                ],
                [
                    0.0,
                    0.0,
                    0.0,
                    1.0
                ]
            ]
        },
        {
            "file_path": "/data/shapenet_blender/all_50_random/02958343/d84c7484b751357faa70852df8af7bdb/r_36",
            "rotation": 0.12566370614359174,
            "transform_matrix": [
                [
                    0.6359931230545044,
                    0.014849038794636726,
                    0.7715517282485962,
                    3.110224723815918
                ],
                [
                    0.7716947197914124,
                    -0.012237854301929474,
                    -0.6358753442764282,
                    -2.563295841217041
                ],
                [
                    0.0,
                    0.9998147487640381,
                    -0.019242115318775177,
                    -0.077567458152771
                ],
                [
                    0.0,
                    0.0,
                    0.0,
                    1.0
                ]
            ]
        },
        {
            "file_path": "/data/shapenet_blender/all_50_random/02958343/d84c7484b751357faa70852df8af7bdb/r_37",
            "rotation": 0.12566370614359174,
            "transform_matrix": [
                [
                    -0.8999061584472656,
                    0.22730475664138794,
                    -0.37215784192085266,
                    -1.5002163648605347
                ],
                [
                    -0.4360836446285248,
                    -0.46906816959381104,
                    0.7679883241653442,
                    3.095860242843628
                ],
                [
                    0.0,
                    0.853409469127655,
                    0.5212410688400269,
                    2.1011900901794434
                ],
                [
                    0.0,
                    0.0,
                    0.0,
                    1.0
                ]
            ]
        },
        {
            "file_path": "/data/shapenet_blender/all_50_random/02958343/d84c7484b751357faa70852df8af7bdb/r_38",
            "rotation": 0.12566370614359174,
            "transform_matrix": [
                [
                    -0.17784078419208527,
                    -0.09327257424592972,
                    0.9796289205551147,
                    3.9490103721618652
                ],
                [
                    0.9840592741966248,
                    -0.016856368631124496,
                    0.17704011499881744,
                    0.7136715054512024
                ],
                [
                    -1.862645149230957e-09,
                    0.9954978227615356,
                    0.0947834849357605,
                    0.3820844292640686
                ],
                [
                    0.0,
                    0.0,
                    0.0,
                    1.0
                ]
            ]
        },
        {
            "file_path": "/data/shapenet_blender/all_50_random/02958343/d84c7484b751357faa70852df8af7bdb/r_39",
            "rotation": 0.12566370614359174,
            "transform_matrix": [
                [
                    -0.7222176790237427,
                    0.05347470939159393,
                    -0.6895954608917236,
                    -2.779848575592041
                ],
                [
                    -0.6916657090187073,
                    -0.05583677440881729,
                    0.7200559973716736,
                    2.9026389122009277
                ],
                [
                    0.0,
                    0.9970067739486694,
                    0.07731293886899948,
                    0.31165844202041626
                ],
                [
                    0.0,
                    0.0,
                    0.0,
                    1.0
                ]
            ]
        },
        {
            "file_path": "/data/shapenet_blender/all_50_random/02958343/d84c7484b751357faa70852df8af7bdb/r_40",
            "rotation": 0.12566370614359174,
            "transform_matrix": [
                [
                    0.6780741810798645,
                    0.15972845256328583,
                    -0.7174275517463684,
                    -2.892043113708496
                ],
                [
                    -0.734993577003479,
                    0.1473587602376938,
                    -0.6618684530258179,
                    -2.668077230453491
                ],
                [
                    1.4901161193847656e-08,
                    0.976100504398346,
                    0.2173195481300354,
                    0.8760432004928589
                ],
                [
                    0.0,
                    0.0,
                    0.0,
                    1.0
                ]
            ]
        },
        {
            "file_path": "/data/shapenet_blender/all_50_random/02958343/d84c7484b751357faa70852df8af7bdb/r_41",
            "rotation": 0.12566370614359174,
            "transform_matrix": [
                [
                    -0.8302556872367859,
                    -0.04230007529258728,
                    -0.5557752251625061,
                    -2.2404017448425293
                ],
                [
                    -0.5573826432228088,
                    0.06300855427980423,
                    0.8278613090515137,
                    3.3372159004211426
                ],
                [
                    0.0,
