{
    "class": "02958343",
    "model": "7a2cb890271a361799b92ac6181b3e5e",
    "remove_doubles": true,
    "edge_split": true,
    "denoise": true,
    "camera_angle_x": 0.6911112070083618,
    "scale_factor": 2.253574432380776,
    "hdri_file": "/data/IndoorHDRDataset2018/AG8A1142-506825922a.exr",
    "center_offset": [
        0.0,
        -1.3969838619232178e-09,
        -3.725290298461914e-09
    ],
    "lights": [],
    "frames": [
        {
            "file_path": "/data/shapenet_blender/all_50_random/02958343/7a2cb890271a361799b92ac6181b3e5e/r_0",
            "rotation": 0.12566370614359174,
            "transform_matrix": [
                [
                    -0.02093038335442543,
                    -0.1110590249300003,
                    0.9935933351516724,
                    4.005302906036377
                ],
                [
                    0.9997809529304504,
                    -0.002325017238035798,
                    0.020800845697522163,
                    0.08385089039802551
                ],
                [
                    0.0,
                    0.9938111305236816,
                    0.11108335107564926,
                    0.44779130816459656
                ],
                [
                    0.0,
                    0.0,
                    0.0,
                    1.0
                ]
            ]
        },
        {
            "file_path": "/data/shapenet_blender/all_50_random/02958343/7a2cb890271a361799b92ac6181b3e5e/r_1",
            "rotation": 0.12566370614359174,
            "transform_matrix": [
                [
                    -0.785406768321991,
                    -0.050884734839200974,
                    -0.6168847680091858,
                    -2.4867422580718994
                ],
                [
                    -0.6189799308776855,
                    0.06456625461578369,
                    0.782748281955719,
                    3.1553597450256348
                ],
                [
                    0.0,
                    0.9966152310371399,
                    -0.08220739662647247,
                    -0.3313886523246765
                ],
                [
                    0.0,
                    0.0,
                    0.0,
                    1.0
                ]
            ]
        },
        {
            "file_path": "/data/shapenet_blender/all_50_random/02958343/7a2cb890271a361799b92ac6181b3e5e/r_2",
            "rotation": 0.12566370614359174,
            "transform_matrix": [
                [
                    -0.18992657959461212,
                    -0.11480388790369034,
                    -0.9750630855560303,
                    -3.930604934692383
                ],
                [
                    -0.9817984104156494,
                    0.02220853976905346,
                    0.18862363696098328,
                    0.7603662014007568
                ],
                [
                    0.0,
                    0.9931398630142212,
                    -0.11693226546049118,
                    -0.47136902809143066
                ],
                [
                    0.0,
                    0.0,
                    0.0,
                    1.0
                ]
            ]
        },
        {
            "file_path": "/data/shapenet_blender/all_50_random/02958343/7a2cb890271a361799b92ac6181b3e5e/r_3",
            "rotation": 0.12566370614359174,
            "transform_matrix": [
                [
                    -0.7106155157089233,
                    0.3527577519416809,
                    -0.6087591052055359,
                    -2.453986406326294
                ],
                [
                    -0.7035806179046631,
                    -0.35628485679626465,
                    0.614845871925354,
                    2.478523015975952
                ],
                [
                    0.0,
                    0.865230143070221,
                    0.5013750195503235,
                    2.0211074352264404
                ],
                [
                    0.0,
                    0.0,
                    0.0,
                    1.0
                ]
            ]
        },
        {
            "file_path": "/data/shapenet_blender/all_50_random/02958343/7a2cb890271a361799b92ac6181b3e5e/r_4",
            "rotation": 0.12566370614359174,
            "transform_matrix": [
                [
                    0.9916875958442688,
                    -0.08153817802667618,
                    0.09953481703996658,
                    0.40123772621154785
                ],
                [
                    0.12866878509521484,
                    0.628438413143158,
                    -0.7671436667442322,
                    -3.0924553871154785
                ],
                [
                    -7.450580596923828e-09,
                    0.7735739350318909,
                    0.6337059140205383,
                    2.5545504093170166
                ],
                [
                    0.0,
                    0.0,
                    0.0,
                    1.0
                ]
            ]
        },
        {
            "file_path": "/data/shapenet_blender/all_50_random/02958343/7a2cb890271a361799b92ac6181b3e5e/r_5",
            "rotation": 0.12566370614359174,
            "transform_matrix": [
                [
                    0.33975183963775635,
                    -0.4179608225822449,
                    -0.8425422310829163,
                    -3.3963963985443115
                ],
                [
                    -0.9405151605606079,
                    -0.1509842425584793,
                    -0.3043600916862488,
                    -1.2269147634506226
                ],
                [
                    -1.4901161193847656e-08,
                    0.8958306312561035,
                    -0.44439566135406494,
                    -1.7914161682128906
                ],
                [
                    0.0,
                    0.0,
                    0.0,
                    1.0
                ]
            ]
        },
        {
            "file_path": "/data/shapenet_blender/all_50_random/02958343/7a2cb890271a361799b92ac6181b3e5e/r_6",
            "rotation": 0.12566370614359174,
            "transform_matrix": [
                [
                    0.7885846495628357,
                    0.24227111041545868,
                    0.5651894211769104,
                    2.278351068496704
                ],
                [
                    0.6149263381958008,
                    -0.3106897175312042,
                    -0.724801778793335,
                    -2.921769142150879
                ],
                [
                    1.4901161193847656e-08,
                    0.9191173315048218,
                    -0.3939840495586395,
                    -1.588200330734253
                ],
                [
                    0.0,
                    0.0,
                    0.0,
                    1.0
                ]
            ]
        },
        {
            "file_path": "/data/shapenet_blender/all_50_random/02958343/7a2cb890271a361799b92ac6181b3e5e/r_7",
            "rotation": 0.12566370614359174,
            "transform_matrix": [
                [
                    -0.9104329943656921,
                    0.015416250564157963,
                    -0.413369357585907,
                    -1.666345238685608
                ],
                [
                    -0.41365674138069153,
                    -0.0339302197098732,
                    0.9098004698753357,
                    3.66752290725708
                ],
                [
                    -9.313225746154785e-10,
                    0.9993053674697876,
                    0.037268225103616714,
                    0.15023301541805267
                ],
                [
                    0.0,
                    0.0,
                    0.0,
                    1.0
                ]
            ]
        },
        {
            "file_path": "/data/shapenet_blender/all_50_random/02958343/7a2cb890271a361799b92ac6181b3e5e/r_8",
            "rotation": 0.12566370614359174,
            "transform_matrix": [
                [
                    -0.4631330072879791,
                    -0.0015379567630589008,
                    -0.8862874507904053,
                    -3.5727388858795166
                ],
                [
                    -0.8862888216972351,
                    0.0008036641520448029,
                    0.4631322920322418,
                    1.8669459819793701
                ],
                [
                    0.0,
                    0.9999984502792358,
                    -0.0017352773575112224,
                    -0.0069951266050338745
                ],
                [
                    0.0,
                    0.0,
                    0.0,
                    1.0
                ]
            ]
        },
        {
            "file_path": "/data/shapenet_blender/all_50_random/02958343/7a2cb890271a361799b92ac6181b3e5e/r_9",
            "rotation": 0.12566370614359174,
            "transform_matrix": [
                [
                    0.13089892268180847,
                    -0.10925061255693436,
                    0.9853577017784119,
                    3.9721038341522217
                ],
                [
                    0.9913957118988037,
                    0.014424904249608517,
                    -0.13010169565677643,
                    -0.5244567394256592
                ],
                [
                    -9.313224635931761e-10,
                    0.9939095973968506,
                    0.11019879579544067,
                    0.444225549697876
                ],
                [
                    0.0,
                    0.0,
                    0.0,
                    1.0
                ]
            ]
        },
        {
            "file_path": "/data/shapenet_blender/all_50_random/02958343/7a2cb890271a361799b92ac6181b3e5e/r_10",
            "rotation": 0.12566370614359174,
            "transform_matrix": [
                [
                    0.9712346196174622,
                    -0.22095218300819397,
                    -0.08878915011882782,
                    -0.3579205274581909
                ],
                [
                    -0.2381247580051422,
                    -0.9011932611465454,
                    -0.36214250326156616,
                    -1.4598431587219238
                ],
                [
                    -7.450581485102248e-09,
                    0.3728681206703186,
                    -0.9278842806816101,
                    -3.7404212951660156
                ],
                [
                    0.0,
                    0.0,
                    0.0,
                    1.0
                ]
            ]
        },
        {
            "file_path": "/data/shapenet_blender/all_50_random/02958343/7a2cb890271a361799b92ac6181b3e5e/r_11",
            "rotation": 0.12566370614359174,
            "transform_matrix": [
                [
                    0.890465497970581,
                    0.4457716643810272,
                    -0.09142652899026871,
                    -0.3685521185398102
                ],
                [
                    -0.4550507664680481,
                    0.8723076581954956,
                    -0.1789078712463379,
                    -0.721200704574585
                ],
                [
                    0.0,
                    0.20091493427753448,
                    0.9796086549758911,
                    3.9489288330078125
                ],
                [
                    0.0,
                    0.0,
                    0.0,
                    1.0
                ]
            ]
        },
        {
            "file_path": "/data/shapenet_blender/all_50_random/02958343/7a2cb890271a361799b92ac6181b3e5e/r_12",
            "rotation": 0.12566370614359174,
            "transform_matrix": [
                [
                    0.9590216279029846,
                    -0.10397728532552719,
                    -0.2635643482208252,
                    -1.0624618530273438
                ],
                [
                    -0.2833327054977417,
                    -0.35194119811058044,
                    -0.8921098113059998,
                    -3.596209764480591
                ],
                [
                    0.0,
                    0.930229127407074,
                    -0.3669793903827667,
                    -1.4793412685394287
                ],
                [
                    0.0,
                    0.0,
                    0.0,
                    1.0
                ]
            ]
        },
        {
            "file_path": "/data/shapenet_blender/all_50_random/02958343/7a2cb890271a361799b92ac6181b3e5e/r_13",
            "rotation": 0.12566370614359174,
            "transform_matrix": [
                [
                    -0.9403278827667236,
                    0.28899604082107544,
                    -0.17962417006492615,
                    -0.724088191986084
                ],
                [
                    -0.34026986360549927,
                    -0.7986339330673218,
                    0.49638721346855164,
                    2.0010008811950684
                ],
                [
                    -1.4901161193847656e-08,
                    0.5278874039649963,
                    0.8493143320083618,
                    3.4236955642700195
                ],
                [
                    0.0,
                    0.0,
                    0.0,
                    1.0
                ]
            ]
        },
        {
            "file_path": "/data/shapenet_blender/all_50_random/02958343/7a2cb890271a361799b92ac6181b3e5e/r_14",
            "rotation": 0.12566370614359174,
            "transform_matrix": [
                [
                    0.40445753931999207,
                    -0.00532114552333951,
                    -0.9145413041114807,
                    -3.686633825302124
                ],
                [
                    -0.9145568013191223,
                    -0.002353246323764324,
                    -0.4044506847858429,
                    -1.6303927898406982
                ],
                [
                    0.0,
                    0.9999830722808838,
                    -0.005818277597427368,
                    -0.023454226553440094
                ],
                [
                    0.0,
                    0.0,
                    0.0,
                    1.0
                ]
            ]
        },
        {
            "file_path": "/data/shapenet_blender/all_50_random/02958343/7a2cb890271a361799b92ac6181b3e5e/r_15",
            "rotation": 0.12566370614359174,
            "transform_matrix": [
                [
                    -0.2606860399246216,
                    -0.7126240730285645,
                    -0.6513137817382812,
                    -2.6255297660827637
                ],
                [
                    -0.9654237031936646,
                    0.1924244612455368,
                    0.17586931586265564,
                    0.7089518904685974
                ],
                [
                    0.0,
                    0.674640417098999,
                    -0.7381465435028076,
                    -2.9755640029907227
                ],
                [
                    0.0,
                    0.0,
                    0.0,
                    1.0
                ]
            ]
        },
        {
            "file_path": "/data/shapenet_blender/all_50_random/02958343/7a2cb890271a361799b92ac6181b3e5e/r_16",
            "rotation": 0.12566370614359174,
            "transform_matrix": [
                [
                    -0.2888563573360443,
                    -0.45440295338630676,
                    -0.8426623344421387,
                    -3.396880865097046
                ],
                [
                    -0.9573724865913391,
                    0.13710148632526398,
                    0.2542462646961212,
                    1.0248996019363403
                ],
                [
                    0.0,
                    0.8801824450492859,
                    -0.4746354818344116,
                    -1.9133169651031494
                ],
                [
                    0.0,
                    0.0,
                    0.0,
                    1.0
                ]
            ]
        },
        {
            "file_path": "/data/shapenet_blender/all_50_random/02958343/7a2cb890271a361799b92ac6181b3e5e/r_17",
            "rotation": 0.12566370614359174,
            "transform_matrix": [
                [
                    0.4789922833442688,
                    -0.6397215127944946,
                    -0.6011013388633728,
                    -2.42311692237854
                ],
                [
                    -0.8778191208839417,
                    -0.34907153248786926,
                    -0.32799798250198364,
                    -1.322202205657959
                ],
                [
                    0.0,
                    0.6847667098045349,
                    -0.7287623286247253,
                    -2.937734842300415
                ],
                [
                    0.0,
                    0.0,
                    0.0,
                    1.0
                ]
            ]
        },
        {
            "file_path": "/data/shapenet_blender/all_50_random/02958343/7a2cb890271a361799b92ac6181b3e5e/r_18",
            "rotation": 0.12566370614359174,
            "transform_matrix": [
                [
                    0.3283645212650299,
                    -0.5961847305297852,
                    -0.7326257228851318,
                    -2.9533090591430664
                ],
                [
                    -0.9445511698722839,
                    -0.20725813508033752,
                    -0.25469058752059937,
                    -1.0266907215118408
                ],
                [
                    0.0,
                    0.7756338715553284,
                    -0.6311830282211304,
                    -2.5443804264068604
                ],
                [
                    0.0,
                    0.0,
                    0.0,
                    1.0
                ]
            ]
        },
        {
            "file_path": "/data/shapenet_blender/all_50_random/02958343/7a2cb890271a361799b92ac6181b3e5e/r_19",
            "rotation": 0.12566370614359174,
            "transform_matrix": [
                [
                    -0.9988819360733032,
                    -0.014031222090125084,
                    0.04514509066939354,
                    0.18198567628860474
                ],
                [
                    0.04727531224489212,
                    -0.29646626114845276,
                    0.9538725018501282,
                    3.8451831340789795
                ],
                [
                    0.0,
                    0.9549401998519897,
                    0.29679813981056213,
                    1.1964315176010132
                ],
                [
                    0.0,
                    0.0,
                    0.0,
                    1.0
                ]
            ]
        },
        {
            "file_path": "/data/shapenet_blender/all_50_random/02958343/7a2cb890271a361799b92ac6181b3e5e/r_20",
            "rotation": 0.12566370614359174,
            "transform_matrix": [
                [
                    0.485769122838974,
                    0.12037663161754608,
                    -0.8657585382461548,
                    -3.4899842739105225
                ],
                [
                    -0.8740871548652649,
                    0.0668986439704895,
                    -0.48114052414894104,
                    -1.9395394325256348
                ],
                [
                    -3.725290076417309e-09,
                    0.9904716610908508,
                    0.13771696388721466,
                    0.5551548600196838
                ],
                [
                    0.0,
                    0.0,
                    0.0,
                    1.0
                ]
            ]
        },
        {
            "file_path": "/data/shapenet_blender/all_50_random/02958343/7a2cb890271a361799b92ac6181b3e5e/r_21",
            "rotation": 0.12566370614359174,
            "transform_matrix": [
                [
                    0.8176630735397339,
                    0.3869141936302185,
                    0.4262915849685669,
                    1.7184364795684814
                ],
                [
                    0.5756970643997192,
                    -0.5495345592498779,
                    -0.6054622530937195,
                    -2.4406967163085938
                ],
                [
                    1.4901161193847656e-08,
                    0.740479052066803,
                    -0.6720793843269348,
                    -2.7092390060424805
                ],
                [
                    0.0,
                    0.0,
                    0.0,
                    1.0
                ]
            ]
        },
        {
            "file_path": "/data/shapenet_blender/all_50_random/02958343/7a2cb890271a361799b92ac6181b3e5e/r_22",
            "rotation": 0.12566370614359174,
            "transform_matrix": [
                [
                    -0.6133350729942322,
                    -0.547394871711731,
                    0.5693671107292175,
                    2.295192241668701
                ],
                [
                    0.7898229360580444,
                    -0.4250781834125519,
                    0.4421406388282776,
                    1.7823259830474854
                ],
                [
                    1.4901162970204496e-08,
                    0.7208794355392456,
                    0.6930603981018066,
                    2.793815851211548
                ],
                [
                    0.0,
                    0.0,
                    0.0,
                    1.0
                ]
            ]
        },
        {
            "file_path": "/data/shapenet_blender/all_50_random/02958343/7a2cb890271a361799b92ac6181b3e5e/r_23",
            "rotation": 0.12566370614359174,
            "transform_matrix": [
                [
                    0.9491507411003113,
                    -0.016656892374157906,
                    -0.3143812119960785,
                    -1.2673113346099854
                ],
                [
                    -0.3148222267627716,
                    -0.050218503922224045,
                    -0.9478211402893066,
                    -3.8207895755767822
                ],
                [
                    1.862645371275562e-09,
                    0.9985992908477783,
                    -0.05290888622403145,
                    -0.21328255534172058
                ],
                [
                    0.0,
                    0.0,
                    0.0,
                    1.0
                ]
            ]
        },
        {
            "file_path": "/data/shapenet_blender/all_50_random/02958343/7a2cb890271a361799b92ac6181b3e5e/r_24",
            "rotation": 0.12566370614359174,
            "transform_matrix": [
                [
                    0.19625240564346313,
                    0.853561520576477,
                    0.48261556029319763,
                    1.9454855918884277
                ],
                [
                    0.980553388595581,
                    -0.1708356738090515,
                    -0.09659286588430405,
                    -0.38937830924987793
                ],
                [
                    0.0,
                    0.49218690395355225,
                    -0.8704895377159119,
                    -3.5090556144714355
                ],
                [
                    0.0,
                    0.0,
                    0.0,
                    1.0
                ]
            ]
        },
        {
            "file_path": "/data/shapenet_blender/all_50_random/02958343/7a2cb890271a361799b92ac6181b3e5e/r_25",
            "rotation": 0.12566370614359174,
            "transform_matrix": [
                [
                    -0.39194637537002563,
                    -0.1295616775751114,
                    0.9108193516731262,
                    3.6716301441192627
                ],
                [
                    0.9199880957603455,
                    -0.05519770085811615,
                    0.38804012537002563,
                    1.564239740371704
                ],
                [
                    0.0,
                    0.990033745765686,
                    0.14082975685596466,
                    0.5677028894424438
                ],
                [
                    0.0,
                    0.0,
                    0.0,
                    1.0
                ]
            ]
        },
        {
            "file_path": "/data/shapenet_blender/all_50_random/02958343/7a2cb890271a361799b92ac6181b3e5e/r_26",
            "rotation": 0.12566370614359174,
            "transform_matrix": [
                [
                    0.11525643616914749,
                    -0.11278995871543884,
                    -0.9869114756584167,
                    -3.978367567062378
                ],
                [
                    -0.9933357834815979,
                    -0.013086983002722263,
                    -0.11451102793216705,
                    -0.46160873770713806
                ],
                [
                    9.313225746154785e-10,
                    0.9935325980186462,
                    -0.11354666203260422,
                    -0.4577212631702423
                ],
                [
                    0.0,
                    0.0,
                    0.0,
                    1.0
                ]
            ]
        },
        {
            "file_path": "/data/shapenet_blender/all_50_random/02958343/7a2cb890271a361799b92ac6181b3e5e/r_27",
            "rotation": 0.12566370614359174,
            "transform_matrix": [
                [
                    0.7393199801445007,
                    0.4589032530784607,
                    0.4927613139152527,
                    1.986384391784668
                ],
                [
                    0.6733543276786804,
                    -0.5038600564002991,
                    -0.5410351157188416,
                    -2.1809823513031006
                ],
                [
                    -1.4901162970204496e-08,
                    0.73180091381073,
                    -0.6815183758735657,
                    -2.747288465499878
                ],
                [
                    0.0,
                    0.0,
                    0.0,
                    1.0
                ]
            ]
        },
        {
            "file_path": "/data/shapenet_blender/all_50_random/02958343/7a2cb890271a361799b92ac6181b3e5e/r_28",
            "rotation": 0.12566370614359174,
            "transform_matrix": [
                [
                    0.9973775148391724,
                    0.025408923625946045,
                    0.06776916980743408,
                    0.27318626642227173
                ],
                [
                    0.07237592339515686,
                    -0.3501480519771576,
                    -0.9338940382003784,
                    -3.7646472454071045
                ],
                [
                    0.0,
                    0.9363495707511902,
                    -0.35106873512268066,
                    -1.415203332901001
                ],
                [
                    0.0,
                    0.0,
                    0.0,
                    1.0
                ]
            ]
        },
        {
            "file_path": "/data/shapenet_blender/all_50_random/02958343/7a2cb890271a361799b92ac6181b3e5e/r_29",
            "rotation": 0.12566370614359174,
            "transform_matrix": [
                [
                    0.8839164972305298,
                    -0.009224672801792622,
                    0.46755385398864746,
                    1.8847696781158447
                ],
                [
                    0.4676448404788971,
                    0.017435967922210693,
                    -0.8837445378303528,
                    -3.562487840652466
                ],
                [
                    0.0,
                    0.9998053312301636,
                    0.01972581259906292,
                    0.07951728254556656
                ],
                [
                    0.0,
                    0.0,
                    0.0,
                    1.0
                ]
            ]
        },
        {
            "file_path": "/data/shapenet_blender/all_50_random/02958343/7a2cb890271a361799b92ac6181b3e5e/r_30",
            "rotation": 0.12566370614359174,
            "transform_matrix": [
                [
                    -0.5201595425605774,
                    0.18774445354938507,
                    0.8331782221794128,
                    3.3586490154266357
                ],
                [
                    0.8540691137313843,
                    0.11434327811002731,
                    0.507436215877533,
                    2.0455410480499268
                ],
                [
                    7.450580596923828e-09,
                    0.9755396246910095,
                    -0.2198234349489212,
                    -0.8861366510391235
                ],
                [
                    0.0,
                    0.0,
                    0.0,
                    1.0
                ]
            ]
        },
        {
            "file_path": "/data/shapenet_blender/all_50_random/02958343/7a2cb890271a361799b92ac6181b3e5e/r_31",
            "rotation": 0.12566370614359174,
            "transform_matrix": [
                [
                    -0.9874110817909241,
                    0.14782224595546722,
                    -0.05628552287817001,
                    -0.22689421474933624
                ],
                [
                    -0.15817546844482422,
                    -0.9227810502052307,
                    0.35136258602142334,
                    1.4163880348205566
                ],
                [
                    -3.725290298461914e-09,
                    0.35584211349487305,
                    0.9345459938049316,
                    3.76727557182312
                ],
                [
                    0.0,
                    0.0,
                    0.0,
                    1.0
                ]
            ]
        },
        {
            "file_path": "/data/shapenet_blender/all_50_random/02958343/7a2cb890271a361799b92ac6181b3e5e/r_32",
            "rotation": 0.12566370614359174,
            "transform_matrix": [
                [
                    0.7279325127601624,
                    0.08282145112752914,
                    0.6806281805038452,
                    2.7437002658843994
                ],
                [
                    0.6856487393379211,
                    -0.08792903274297714,
                    -0.722602367401123,
                    -2.9129035472869873
                ],
                [
                    0.0,
                    0.9926776885986328,
                    -0.12079283595085144,
                    -0.48693153262138367
                ],
                [
                    0.0,
                    0.0,
                    0.0,
                    1.0
                ]
            ]
        },
        {
            "file_path": "/data/shapenet_blender/all_50_random/02958343/7a2cb890271a361799b92ac6181b3e5e/r_33",
            "rotation": 0.12566370614359174,
            "transform_matrix": [
                [
                    0.5558480024337769,
                    -0.7416070699691772,
                    0.3755688965320587,
                    1.513966679573059
                ],
                [
                    0.8312839865684509,
                    0.4958844780921936,
                    -0.2511286437511444,
                    -1.0123319625854492
                ],
                [
                    0.0,
                    0.45179376006126404,
                    0.8921223878860474,
                    3.5962603092193604
                ],
                [
                    0.0,
                    0.0,
                    0.0,
                    1.0
                ]
            ]
        },
        {
            "file_path": "/data/shapenet_blender/all_50_random/02958343/7a2cb890271a361799b92ac6181b3e5e/r_34",
            "rotation": 0.12566370614359174,
            "transform_matrix": [
                [
                    -0.94269198179245,
                    -0.1355815827846527,
                    -0.3048761487007141,
                    -1.2289949655532837
                ],
                [
                    -0.3336642384529114,
                    0.3830547630786896,
                    0.8613578081130981,
                    3.4722440242767334
                ],
                [
                    7.450580152834618e-09,
                    0.9137213230133057,
                    -0.40634143352508545,
                    -1.638014554977417
                ],
                [
                    0.0,
                    0.0,
                    0.0,
                    1.0
                ]
            ]
        },
        {
            "file_path": "/data/shapenet_blender/all_50_random/02958343/7a2cb890271a361799b92ac6181b3e5e/r_35",
            "rotation": 0.12566370614359174,
            "transform_matrix": [
                [
                    -0.5844361186027527,
                    -0.49748504161834717,
                    -0.6410483717918396,
                    -2.584148645401001
                ],
                [
                    -0.8114398121833801,
                    0.3583115339279175,
                    0.46171241998672485,
                    1.861222267150879
                ],
                [
                    1.4901162970204496e-08,
                    0.7900134921073914,
                    -0.613089382648468,
                    -2.471442461013794
                ],
                [
                    0.0,
                    0.0,
                    0.0,
                    1.0
                ]
            ]
        },
        {
            "file_path": "/data/shapenet_blender/all_50_random/02958343/7a2cb890271a361799b92ac6181b3e5e/r_36",
            "rotation": 0.12566370614359174,
            "transform_matrix": [
                [
                    -0.9988346099853516,
                    -0.025679750367999077,
                    -0.040866270661354065,
                    -0.16473722457885742
                ],
                [
                    -0.048264920711517334,
                    0.5314382314682007,
                    0.8457208275794983,
                    3.409209966659546
                ],
                [
                    0.0,
                    0.8467077016830444,
                    -0.5320582985877991,
                    -2.1447958946228027
                ],
                [
                    0.0,
                    0.0,
                    0.0,
                    1.0
                ]
            ]
        },
        {
            "file_path": "/data/shapenet_blender/all_50_random/02958343/7a2cb890271a361799b92ac6181b3e5e/r_37",
            "rotation": 0.12566370614359174,
            "transform_matrix": [
                [
                    0.6724388003349304,
                    0.48745444416999817,
                    0.556968629360199,
                    2.2452125549316406
                ],
                [
                    0.7401526570320129,
                    -0.44285908341407776,
                    -0.5060136318206787,
                    -2.039806365966797
                ],
                [
                    1.4901160305669237e-08,
                    0.7525050640106201,
                    -0.658586323261261,
                    -2.654846668243408
                ],
                [
                    0.0,
                    0.0,
                    0.0,
                    1.0
                ]
            ]
        },
        {
            "file_path": "/data/shapenet_blender/all_50_random/02958343/7a2cb890271a361799b92ac6181b3e5e/r_38",
            "rotation": 0.12566370614359174,
            "transform_matrix": [
                [
                    -0.7223082780838013,
                    0.21212419867515564,
                    -0.6582356095314026,
                    -2.653432607650757
                ],
                [
                    -0.6915712952613831,
                    -0.22155210375785828,
                    0.6874909996986389,
                    2.77136492729187
                ],
                [
                    0.0,
                    0.9517972469329834,
                    0.30672791600227356,
                    1.236459732055664
                ],
                [
                    0.0,
                    0.0,
                    0.0,
                    1.0
                ]
            ]
        },
        {
            "file_path": "/data/shapenet_blender/all_50_random/02958343/7a2cb890271a361799b92ac6181b3e5e/r_39",
            "rotation": 0.12566370614359174,
            "transform_matrix": [
                [
                    -0.3891274034976959,
                    0.846319317817688,
                    -0.363762766122818,
                    -1.4663746356964111
                ],
                [
                    -0.9211839437484741,
                    -0.3575030267238617,
                    0.15366102755069733,
                    0.6194274425506592
                ],
                [
                    0.0,
                    0.3948860764503479,
                    0.9187300801277161,
                    3.703519344329834
                ],
                [
                    0.0,
                    0.0,
                    0.0,
                    1.0
                ]
            ]
        },
        {
            "file_path": "/data/shapenet_blender/all_50_random/02958343/7a2cb890271a361799b92ac6181b3e5e/r_40",
            "rotation": 0.12566370614359174,
            "transform_matrix": [
                [
                    -0.5797163248062134,
                    -0.7181763648986816,
                    -0.3849045932292938,
                    -1.5516000986099243
                ],
                [
                    -0.8148183226585388,
                    0.5109587907791138,
                    0.27384692430496216,
                    1.1039122343063354
                ],
                [
                    0.0,
                    0.4723808765411377,
                    -0.8813945055007935,
                    -3.5530149936676025
                ],
                [
                    0.0,
                    0.0,
                    0.0,
                    1.0
                ]
            ]
        },
        {
            "file_path": "/data/shapenet_blender/all_50_random/02958343/7a2cb890271a361799b92ac6181b3e5e/r_41",
            "rotation": 0.12566370614359174,
            "transform_matrix": [
                [
                    -0.9223209023475647,
                    0.01997981034219265,
                    0.38590800762176514,
                    1.5556449890136719
                ],
                [
                    0.38642486929893494,
                    0.04768791049718857,
                    0.9210872054100037,
                    3.7130212783813477
                ],
