{
    "class": "02958343",
    "model": "8c01303b68d30be5b9ad5039d820c924",
    "remove_doubles": true,
    "edge_split": true,
    "denoise": true,
    "camera_angle_x": 0.6911112070083618,
    "scale_factor": 2.250799750090255,
    "hdri_file": "/data/IndoorHDRDataset2018/9C4A1413-67bd114eb8.exr",
    "center_offset": [
        0.0,
        0.0,
        1.862645149230957e-09
    ],
    "lights": [],
    "frames": [
        {
            "file_path": "/data/shapenet_blender/all_50_random/02958343/8c01303b68d30be5b9ad5039d820c924/r_0",
            "rotation": 0.12566370614359174,
            "transform_matrix": [
                [
                    -0.9314576983451843,
                    -0.04980314522981644,
                    -0.36042502522468567,
                    -1.4529197216033936
                ],
                [
                    -0.3638496398925781,
                    0.12749642133712769,
                    0.9226906895637512,
                    3.71948504447937
                ],
                [
                    3.725290298461914e-09,
                    0.9905877709388733,
                    -0.1368783861398697,
                    -0.5517744421958923
                ],
                [
                    0.0,
                    0.0,
                    0.0,
                    1.0
                ]
            ]
        },
        {
            "file_path": "/data/shapenet_blender/all_50_random/02958343/8c01303b68d30be5b9ad5039d820c924/r_1",
            "rotation": 0.12566370614359174,
            "transform_matrix": [
                [
                    0.9924285411834717,
                    -0.023779364302754402,
                    -0.12049954384565353,
                    -0.48574918508529663
                ],
                [
                    -0.12282345443964005,
                    -0.19214017689228058,
                    -0.973651111125946,
                    -3.924913167953491
                ],
                [
                    0.0,
                    0.9810793399810791,
                    -0.19360606372356415,
                    -0.7804509997367859
                ],
                [
                    0.0,
                    0.0,
                    0.0,
                    1.0
                ]
            ]
        },
        {
            "file_path": "/data/shapenet_blender/all_50_random/02958343/8c01303b68d30be5b9ad5039d820c924/r_2",
            "rotation": 0.12566370614359174,
            "transform_matrix": [
                [
                    0.8821492195129395,
                    0.41699811816215515,
                    -0.21891888976097107,
                    -0.8824902772903442
                ],
                [
                    -0.4709703028202057,
                    0.781056821346283,
                    -0.4100452661514282,
                    -1.6529452800750732
                ],
                [
                    0.0,
                    0.464825302362442,
                    0.8854023814201355,
                    3.569171190261841
                ],
                [
                    0.0,
                    0.0,
                    0.0,
                    1.0
                ]
            ]
        },
        {
            "file_path": "/data/shapenet_blender/all_50_random/02958343/8c01303b68d30be5b9ad5039d820c924/r_3",
            "rotation": 0.12566370614359174,
            "transform_matrix": [
                [
                    0.8733229637145996,
                    0.05564434453845024,
                    -0.4839533567428589,
                    -1.950878381729126
                ],
                [
                    -0.48714184761047363,
                    0.09975633025169373,
                    -0.8676067590713501,
                    -3.497434616088867
                ],
                [
                    3.725290742551124e-09,
                    0.9934546947479248,
                    0.11422618478536606,
                    0.46046048402786255
                ],
                [
                    0.0,
                    0.0,
                    0.0,
                    1.0
                ]
            ]
        },
        {
            "file_path": "/data/shapenet_blender/all_50_random/02958343/8c01303b68d30be5b9ad5039d820c924/r_4",
            "rotation": 0.12566370614359174,
            "transform_matrix": [
                [
                    0.742512047290802,
                    -0.29949072003364563,
                    0.5991503000259399,
                    2.415252208709717
                ],
                [
                    0.6698326468467712,
                    0.33198660612106323,
                    -0.6641603708267212,
                    -2.677316188812256
                ],
                [
                    0.0,
                    0.8944774866104126,
                    0.4471127688884735,
                    1.802369236946106
                ],
                [
                    0.0,
                    0.0,
                    0.0,
                    1.0
                ]
            ]
        },
        {
            "file_path": "/data/shapenet_blender/all_50_random/02958343/8c01303b68d30be5b9ad5039d820c924/r_5",
            "rotation": 0.12566370614359174,
            "transform_matrix": [
                [
                    -0.2653399705886841,
                    -0.5417794585227966,
                    0.7975397706031799,
                    3.2149856090545654
                ],
                [
                    0.9641549587249756,
                    -0.14910024404525757,
                    0.21948668360710144,
                    0.8847790956497192
                ],
                [
                    0.0,
                    0.8271903991699219,
                    0.5619217157363892,
                    2.265178918838501
                ],
                [
                    0.0,
                    0.0,
                    0.0,
                    1.0
                ]
            ]
        },
        {
            "file_path": "/data/shapenet_blender/all_50_random/02958343/8c01303b68d30be5b9ad5039d820c924/r_6",
            "rotation": 0.12566370614359174,
            "transform_matrix": [
                [
                    0.446667343378067,
                    0.29380884766578674,
                    0.8450825810432434,
                    3.406636953353882
                ],
                [
                    0.8947000503540039,
                    -0.14668023586273193,
                    -0.42189645767211914,
                    -1.7007189989089966
                ],
                [
                    0.0,
                    0.9445428252220154,
                    -0.3283880949020386,
                    -1.3237746953964233
                ],
                [
                    0.0,
                    0.0,
                    0.0,
                    1.0
                ]
            ]
        },
        {
            "file_path": "/data/shapenet_blender/all_50_random/02958343/8c01303b68d30be5b9ad5039d820c924/r_7",
            "rotation": 0.12566370614359174,
            "transform_matrix": [
                [
                    -0.6453999280929565,
                    -0.25930532813072205,
                    0.7184843420982361,
                    2.8963029384613037
                ],
                [
                    0.763844907283783,
                    -0.2190963625907898,
                    0.607073187828064,
                    2.447190284729004
                ],
                [
                    -1.4901161193847656e-08,
                    0.9406154751777649,
                    0.33947381377220154,
                    1.3684626817703247
                ],
                [
                    0.0,
                    0.0,
                    0.0,
                    1.0
                ]
            ]
        },
        {
            "file_path": "/data/shapenet_blender/all_50_random/02958343/8c01303b68d30be5b9ad5039d820c924/r_8",
            "rotation": 0.12566370614359174,
            "transform_matrix": [
                [
                    0.13920824229717255,
                    -0.34885290265083313,
                    0.9267808198928833,
                    3.7359728813171387
                ],
                [
                    0.9902631044387817,
                    0.04904070496559143,
                    -0.13028410077095032,
                    -0.5251920223236084
                ],
                [
                    3.725290298461914e-09,
                    0.9358934164047241,
                    0.3522830605506897,
                    1.4200984239578247
                ],
                [
                    0.0,
                    0.0,
                    0.0,
                    1.0
                ]
            ]
        },
        {
            "file_path": "/data/shapenet_blender/all_50_random/02958343/8c01303b68d30be5b9ad5039d820c924/r_9",
            "rotation": 0.12566370614359174,
            "transform_matrix": [
                [
                    -0.9766438603401184,
                    0.21000166237354279,
                    0.04545382782816887,
                    0.18323025107383728
                ],
                [
                    0.21486450731754303,
                    0.9545403122901917,
                    0.20660556852817535,
                    0.8328537344932556
                ],
                [
                    0.0,
                    0.21154658496379852,
                    -0.9773678779602051,
                    -3.9398961067199707
                ],
                [
                    0.0,
                    0.0,
                    0.0,
                    1.0
                ]
            ]
        },
        {
            "file_path": "/data/shapenet_blender/all_50_random/02958343/8c01303b68d30be5b9ad5039d820c924/r_10",
            "rotation": 0.12566370614359174,
            "transform_matrix": [
                [
                    0.9973384141921997,
                    -0.03038499318063259,
                    -0.06627827137708664,
                    -0.2671762704849243
                ],
                [
                    -0.07291129231452942,
                    -0.4156299829483032,
                    -0.9066066741943359,
                    -3.6546483039855957
                ],
                [
                    1.8626450382086546e-09,
                    0.9090261459350586,
                    -0.41673916578292847,
                    -1.679929256439209
                ],
                [
                    0.0,
                    0.0,
                    0.0,
                    1.0
                ]
            ]
        },
        {
            "file_path": "/data/shapenet_blender/all_50_random/02958343/8c01303b68d30be5b9ad5039d820c924/r_11",
            "rotation": 0.12566370614359174,
            "transform_matrix": [
                [
                    0.7366951107978821,
                    0.09646783024072647,
                    -0.6693086624145508,
                    -2.6980698108673096
                ],
                [
                    -0.676224946975708,
                    0.1050942912697792,
                    -0.7291603684425354,
                    -2.9393396377563477
                ],
                [
                    7.4505792646561986e-09,
                    0.989772379398346,
                    0.1426563709974289,
                    0.5750662684440613
                ],
                [
                    0.0,
                    0.0,
                    0.0,
                    1.0
                ]
            ]
        },
        {
            "file_path": "/data/shapenet_blender/all_50_random/02958343/8c01303b68d30be5b9ad5039d820c924/r_12",
            "rotation": 0.12566370614359174,
            "transform_matrix": [
                [
                    0.7739844918251038,
                    0.09569612890481949,
                    0.6259315609931946,
                    2.5232107639312744
                ],
                [
                    0.6332046389579773,
                    -0.11697216331958771,
                    -0.7650943994522095,
                    -3.0841941833496094
                ],
                [
                    -7.450581485102248e-09,
                    0.9885138273239136,
                    -0.15112987160682678,
                    -0.6092240214347839
                ],
                [
                    0.0,
                    0.0,
                    0.0,
                    1.0
                ]
            ]
        },
        {
            "file_path": "/data/shapenet_blender/all_50_random/02958343/8c01303b68d30be5b9ad5039d820c924/r_13",
            "rotation": 0.12566370614359174,
            "transform_matrix": [
                [
                    0.5526145100593567,
                    0.501361072063446,
                    -0.6657733917236328,
                    -2.6838185787200928
                ],
                [
                    -0.8334370851516724,
                    0.3324299454689026,
                    -0.4414443075656891,
                    -1.7795190811157227
                ],
                [
                    1.4901162970204496e-08,
                    0.7988287210464478,
                    0.6015583872795105,
                    2.424959659576416
                ],
                [
                    0.0,
                    0.0,
                    0.0,
                    1.0
                ]
            ]
        },
        {
            "file_path": "/data/shapenet_blender/all_50_random/02958343/8c01303b68d30be5b9ad5039d820c924/r_14",
            "rotation": 0.12566370614359174,
            "transform_matrix": [
                [
                    0.8446539640426636,
                    0.3539971113204956,
                    -0.4015541076660156,
                    -1.6187163591384888
                ],
                [
                    -0.5353127121925354,
                    0.5585614442825317,
                    -0.6336002349853516,
                    -2.554124355316162
                ],
                [
                    0.0,
                    0.7501299381256104,
                    0.6612904071807861,
                    2.6657469272613525
                ],
                [
                    0.0,
                    0.0,
                    0.0,
                    1.0
                ]
            ]
        },
        {
            "file_path": "/data/shapenet_blender/all_50_random/02958343/8c01303b68d30be5b9ad5039d820c924/r_15",
            "rotation": 0.12566370614359174,
            "transform_matrix": [
                [
                    -0.7264285087585449,
                    0.5212414860725403,
                    0.4478936791419983,
                    1.805517315864563
                ],
                [
                    0.6872419118881226,
                    0.5509627461433411,
                    0.47343260049819946,
                    1.9084680080413818
                ],
                [
                    -2.9802320611338473e-08,
                    0.651726245880127,
                    -0.7584541440010071,
                    -3.057426691055298
                ],
                [
                    0.0,
                    0.0,
                    0.0,
                    1.0
                ]
            ]
        },
        {
            "file_path": "/data/shapenet_blender/all_50_random/02958343/8c01303b68d30be5b9ad5039d820c924/r_16",
            "rotation": 0.12566370614359174,
            "transform_matrix": [
                [
                    -0.25813236832618713,
                    -0.06459619849920273,
                    -0.963947594165802,
                    -3.8857970237731934
                ],
                [
                    -0.9661094546318054,
                    0.017259299755096436,
                    0.2575547695159912,
                    1.0382364988327026
                ],
                [
                    1.8626448161640496e-09,
                    0.9977622032165527,
                    -0.06686219573020935,
                    -0.26953011751174927
                ],
                [
                    0.0,
                    0.0,
                    0.0,
                    1.0
                ]
            ]
        },
        {
            "file_path": "/data/shapenet_blender/all_50_random/02958343/8c01303b68d30be5b9ad5039d820c924/r_17",
            "rotation": 0.12566370614359174,
            "transform_matrix": [
                [
                    0.4890916049480438,
                    0.6975655555725098,
                    0.5236331820487976,
                    2.110832929611206
                ],
                [
                    0.8722324371337891,
                    -0.39114969968795776,
                    -0.29361966252326965,
                    -1.1836186647415161
                ],
                [
                    0.0,
                    0.6003367304801941,
                    -0.7997473478317261,
                    -3.2238845825195312
                ],
                [
                    0.0,
                    0.0,
                    0.0,
                    1.0
                ]
            ]
        },
        {
            "file_path": "/data/shapenet_blender/all_50_random/02958343/8c01303b68d30be5b9ad5039d820c924/r_18",
            "rotation": 0.12566370614359174,
            "transform_matrix": [
                [
                    0.9931796789169312,
                    -0.010315931402146816,
                    -0.1161370649933815,
                    -0.46816349029541016
                ],
                [
                    -0.1165943294763565,
                    -0.08787368983030319,
                    -0.9892845749855042,
                    -3.98793363571167
                ],
                [
                    -9.313225746154785e-10,
                    0.9960781931877136,
                    -0.08847713470458984,
                    -0.3566627502441406
                ],
                [
                    0.0,
                    0.0,
                    0.0,
                    1.0
                ]
            ]
        },
        {
            "file_path": "/data/shapenet_blender/all_50_random/02958343/8c01303b68d30be5b9ad5039d820c924/r_19",
            "rotation": 0.12566370614359174,
            "transform_matrix": [
                [
                    0.607865035533905,
                    -0.7881185412406921,
                    0.0967959314584732,
                    0.39019691944122314
                ],
                [
                    0.7940404415130615,
                    0.6033315658569336,
                    -0.07410057634115219,
                    -0.2987090051174164
                ],
                [
                    -3.725290298461914e-09,
                    0.12190289050340652,
                    0.9925419688224792,
                    4.001064777374268
                ],
                [
                    0.0,
                    0.0,
                    0.0,
                    1.0
                ]
            ]
        },
        {
            "file_path": "/data/shapenet_blender/all_50_random/02958343/8c01303b68d30be5b9ad5039d820c924/r_20",
            "rotation": 0.12566370614359174,
            "transform_matrix": [
                [
                    -0.7703272104263306,
                    -0.4039326608181,
                    -0.493390828371048,
                    -1.9889219999313354
                ],
                [
                    -0.6376489400863647,
                    0.48798060417175293,
                    0.5960527062416077,
                    2.4027652740478516
                ],
                [
                    0.0,
                    0.7737656831741333,
                    -0.6334719061851501,
                    -2.5536069869995117
                ],
                [
                    0.0,
                    0.0,
                    0.0,
                    1.0
                ]
            ]
        },
        {
            "file_path": "/data/shapenet_blender/all_50_random/02958343/8c01303b68d30be5b9ad5039d820c924/r_21",
            "rotation": 0.12566370614359174,
            "transform_matrix": [
                [
                    -0.15951159596443176,
                    -0.02841918356716633,
                    0.9867869019508362,
                    3.977865219116211
                ],
                [
                    0.987196147441864,
                    -0.004591985139995813,
                    0.15944547951221466,
                    0.642745316028595
                ],
                [
                    4.656613428188905e-10,
                    0.9995855093002319,
                    0.028787782415747643,
                    0.11604726314544678
                ],
                [
                    0.0,
                    0.0,
                    0.0,
                    1.0
                ]
            ]
        },
        {
            "file_path": "/data/shapenet_blender/all_50_random/02958343/8c01303b68d30be5b9ad5039d820c924/r_22",
            "rotation": 0.12566370614359174,
            "transform_matrix": [
                [
                    0.8917851448059082,
                    -0.309109091758728,
                    0.3304101228713989,
                    1.3319259881973267
                ],
                [
                    0.4524591565132141,
                    0.6092458963394165,
                    -0.6512296795845032,
                    -2.6251909732818604
                ],
                [
                    0.0,
                    0.7302539348602295,
                    0.6831756234169006,
                    2.753969192504883
                ],
                [
                    0.0,
                    0.0,
                    0.0,
                    1.0
                ]
            ]
        },
        {
            "file_path": "/data/shapenet_blender/all_50_random/02958343/8c01303b68d30be5b9ad5039d820c924/r_23",
            "rotation": 0.12566370614359174,
            "transform_matrix": [
                [
                    -0.0634291023015976,
                    -0.5035443305969238,
                    0.8616378903388977,
                    3.4733734130859375
                ],
                [
                    0.9979864358901978,
                    -0.03200380504131317,
                    0.05476318299770355,
                    0.22075745463371277
                ],
                [
                    0.0,
                    0.8633764386177063,
                    0.5045602917671204,
                    2.033947706222534
                ],
                [
                    0.0,
                    0.0,
                    0.0,
                    1.0
                ]
            ]
        },
        {
            "file_path": "/data/shapenet_blender/all_50_random/02958343/8c01303b68d30be5b9ad5039d820c924/r_24",
            "rotation": 0.12566370614359174,
            "transform_matrix": [
                [
                    0.8803882002830505,
                    -0.19648341834545135,
                    0.43163740634918213,
                    1.7399858236312866
                ],
                [
                    0.47425365447998047,
                    0.3647450804710388,
                    -0.8012768626213074,
                    -3.2300498485565186
                ],
                [
                    -1.4901159417490817e-08,
                    0.9101402163505554,
                    0.4143002927303314,
                    1.6700977087020874
                ],
                [
                    0.0,
                    0.0,
                    0.0,
                    1.0
                ]
            ]
        },
        {
            "file_path": "/data/shapenet_blender/all_50_random/02958343/8c01303b68d30be5b9ad5039d820c924/r_25",
            "rotation": 0.12566370614359174,
            "transform_matrix": [
                [
                    -0.8905623555183411,
                    0.4070320129394531,
                    -0.20303596556186676,
                    -0.8184642195701599
                ],
                [
                    -0.45486119389533997,
                    -0.7969186902046204,
                    0.3975194990634918,
                    1.6024525165557861
                ],
                [
                    0.0,
                    0.44636908173561096,
                    0.8948488831520081,
                    3.6072514057159424
                ],
                [
                    0.0,
                    0.0,
                    0.0,
                    1.0
                ]
            ]
        },
        {
            "file_path": "/data/shapenet_blender/all_50_random/02958343/8c01303b68d30be5b9ad5039d820c924/r_26",
            "rotation": 0.12566370614359174,
            "transform_matrix": [
                [
                    0.9450742602348328,
                    -0.028698230162262917,
                    0.32559332251548767,
                    1.312508463859558
                ],
                [
                    0.3268555998802185,
                    0.08297841250896454,
                    -0.941424548625946,
                    -3.7950031757354736
                ],
                [
                    1.8626449271863521e-09,
                    0.9961379766464233,
                    0.08780096471309662,
                    0.35393697023391724
                ],
                [
                    0.0,
                    0.0,
                    0.0,
                    1.0
                ]
            ]
        },
        {
            "file_path": "/data/shapenet_blender/all_50_random/02958343/8c01303b68d30be5b9ad5039d820c924/r_27",
            "rotation": 0.12566370614359174,
            "transform_matrix": [
                [
                    0.47893840074539185,
                    -0.8084115982055664,
                    0.3421820402145386,
                    1.3793798685073853
                ],
                [
                    0.8778485059738159,
                    0.4410548806190491,
                    -0.1866883784532547,
                    -0.7525649070739746
                ],
                [
                    -1.4901161193847656e-08,
                    0.38979625701904297,
                    0.9209011197090149,
                    3.712271213531494
                ],
                [
                    0.0,
                    0.0,
                    0.0,
                    1.0
                ]
            ]
        },
        {
            "file_path": "/data/shapenet_blender/all_50_random/02958343/8c01303b68d30be5b9ad5039d820c924/r_28",
            "rotation": 0.12566370614359174,
            "transform_matrix": [
                [
                    0.9912347793579102,
                    0.0007815495482645929,
                    -0.13210982084274292,
                    -0.532551646232605
                ],
                [
                    -0.13211211562156677,
                    0.0058639515191316605,
                    -0.9912174940109253,
                    -3.995725154876709
                ],
                [
                    0.0,
                    0.9999825358390808,
                    0.005915805231779814,
                    0.023847371339797974
                ],
                [
                    0.0,
                    0.0,
                    0.0,
                    1.0
                ]
            ]
        },
        {
            "file_path": "/data/shapenet_blender/all_50_random/02958343/8c01303b68d30be5b9ad5039d820c924/r_29",
            "rotation": 0.12566370614359174,
            "transform_matrix": [
                [
                    0.020327359437942505,
                    0.17198899388313293,
                    0.9848891496658325,
                    3.970215082168579
                ],
                [
                    0.9997934699058533,
                    -0.0034968042746186256,
                    -0.020024331286549568,
                    -0.08072066307067871
                ],
                [
                    0.0,
                    0.9850926399230957,
                    -0.17202453315258026,
                    -0.6934530735015869
                ],
                [
                    0.0,
                    0.0,
                    0.0,
                    1.0
                ]
            ]
        },
        {
            "file_path": "/data/shapenet_blender/all_50_random/02958343/8c01303b68d30be5b9ad5039d820c924/r_30",
            "rotation": 0.12566370614359174,
            "transform_matrix": [
                [
                    -0.1927809864282608,
                    0.02746434137225151,
                    0.9808573722839355,
                    3.953962564468384
                ],
                [
                    0.9812418818473816,
                    0.005395818501710892,
                    0.1927054524421692,
                    0.7768205404281616
                ],
                [
                    0.0,
                    0.9996082782745361,
                    -0.02798936888575554,
                    -0.11282875388860703
                ],
                [
                    0.0,
                    0.0,
                    0.0,
                    1.0
                ]
            ]
        },
        {
            "file_path": "/data/shapenet_blender/all_50_random/02958343/8c01303b68d30be5b9ad5039d820c924/r_31",
            "rotation": 0.12566370614359174,
            "transform_matrix": [
                [
                    0.6518951654434204,
                    0.36302846670150757,
                    0.6657649874687195,
                    2.6837844848632812
                ],
                [
                    0.7583091259002686,
                    -0.31208446621894836,
                    -0.572337806224823,
                    -2.3071675300598145
                ],
                [
                    0.0,
                    0.8779598474502563,
                    -0.47873416543006897,
                    -1.9298391342163086
                ],
                [
                    0.0,
                    0.0,
                    0.0,
                    1.0
                ]
            ]
        },
        {
            "file_path": "/data/shapenet_blender/all_50_random/02958343/8c01303b68d30be5b9ad5039d820c924/r_32",
            "rotation": 0.12566370614359174,
            "transform_matrix": [
                [
                    0.9547441005706787,
                    0.0975799486041069,
                    -0.2809659540653229,
                    -1.1326099634170532
                ],
                [
                    -0.2974284887313843,
                    0.3132311701774597,
                    -0.9018993377685547,
                    -3.6356725692749023
                ],
                [
                    0.0,
                    0.9446503520011902,
                    0.3280786871910095,
                    1.322527527809143
                ],
                [
                    0.0,
                    0.0,
                    0.0,
                    1.0
                ]
            ]
        },
        {
            "file_path": "/data/shapenet_blender/all_50_random/02958343/8c01303b68d30be5b9ad5039d820c924/r_33",
            "rotation": 0.12566370614359174,
            "transform_matrix": [
                [
                    -0.5554361939430237,
                    0.0831013172864914,
                    -0.8273964524269104,
                    -3.335341453552246
                ],
                [
                    -0.8315591216087341,
                    -0.05550715699791908,
                    0.5526557564735413,
                    2.2278263568878174
                ],
                [
                    -3.725290298461914e-09,
                    0.9949939846992493,
                    0.09993436932563782,
                    0.4028482735157013
                ],
                [
                    0.0,
                    0.0,
                    0.0,
                    1.0
                ]
            ]
        },
        {
            "file_path": "/data/shapenet_blender/all_50_random/02958343/8c01303b68d30be5b9ad5039d820c924/r_34",
            "rotation": 0.12566370614359174,
            "transform_matrix": [
                [
                    -0.8993242979049683,
                    0.03976699337363243,
                    -0.435470312833786,
                    -1.7554371356964111
                ],
                [
                    -0.4372823238372803,
                    -0.081785649061203,
                    0.8955976366996765,
                    3.610269784927368
                ],
                [
                    3.725290298461914e-09,
                    0.9958562254905701,
                    0.09094122052192688,
                    0.3665958046913147
                ],
                [
                    0.0,
                    0.0,
                    0.0,
                    1.0
                ]
            ]
        },
        {
            "file_path": "/data/shapenet_blender/all_50_random/02958343/8c01303b68d30be5b9ad5039d820c924/r_35",
            "rotation": 0.12566370614359174,
            "transform_matrix": [
                [
                    0.5365121364593506,
                    0.2858335077762604,
                    0.7940112948417664,
                    3.2007620334625244
                ],
                [
                    0.8438926935195923,
                    -0.18172113597393036,
                    -0.5047995448112488,
                    -2.034912347793579
                ],
                [
                    0.0,
                    0.9408913850784302,
                    -0.3387083411216736,
                    -1.3653770685195923
                ],
                [
                    0.0,
                    0.0,
                    0.0,
                    1.0
                ]
            ]
        },
        {
            "file_path": "/data/shapenet_blender/all_50_random/02958343/8c01303b68d30be5b9ad5039d820c924/r_36",
            "rotation": 0.12566370614359174,
            "transform_matrix": [
                [
                    -0.657108724117279,
                    -0.03644543141126633,
                    -0.7529141902923584,
                    -3.0350942611694336
                ],
                [
                    -0.7537957429885864,
                    0.03177069127559662,
                    0.6563403010368347,
                    2.6457924842834473
                ],
                [
                    -1.862645149230957e-09,
                    0.9988303184509277,
                    -0.04834922030568123,
                    -0.1949019432067871
                ],
                [
                    0.0,
                    0.0,
                    0.0,
                    1.0
                ]
            ]
        },
        {
            "file_path": "/data/shapenet_blender/all_50_random/02958343/8c01303b68d30be5b9ad5039d820c924/r_37",
            "rotation": 0.12566370614359174,
            "transform_matrix": [
                [
                    -0.3288283050060272,
                    0.5908522009849548,
                    -0.7367263436317444,
                    -2.9698386192321777
                ],
                [
                    -0.944389820098877,
                    -0.20572960376739502,
                    0.25652170181274414,
                    1.034071922302246
                ],
                [
                    0.0,
                    0.7801083326339722,
                    0.6256444454193115,
                    2.5220532417297363
                ],
                [
                    0.0,
                    0.0,
                    0.0,
                    1.0
                ]
            ]
        },
        {
            "file_path": "/data/shapenet_blender/all_50_random/02958343/8c01303b68d30be5b9ad5039d820c924/r_38",
            "rotation": 0.12566370614359174,
            "transform_matrix": [
                [
                    0.7965270280838013,
                    0.3132322430610657,
                    -0.5171365737915039,
                    -2.0846445560455322
                ],
                [
                    -0.6046029925346375,
                    0.4126640856266022,
                    -0.6812954545021057,
                    -2.7463901042938232
                ],
                [
                    -1.4901162970204496e-08,
                    0.8553324937820435,
                    0.5180791616439819,
                    2.088444232940674
                ],
                [
                    0.0,
                    0.0,
                    0.0,
                    1.0
                ]
            ]
        },
        {
            "file_path": "/data/shapenet_blender/all_50_random/02958343/8c01303b68d30be5b9ad5039d820c924/r_39",
            "rotation": 0.12566370614359174,
            "transform_matrix": [
                [
                    0.9363204836845398,
                    0.18744497001171112,
                    -0.2969314157962799,
                    -1.196968674659729
                ],
                [
                    -0.35114651918411255,
                    0.49981579184532166,
                    -0.7917577624320984,
                    -3.1916773319244385
                ],
                [
                    0.0,
                    0.8456054329872131,
                    0.5338084697723389,
                    2.151850461959839
                ],
                [
                    0.0,
                    0.0,
                    0.0,
                    1.0
                ]
            ]
        },
        {
            "file_path": "/data/shapenet_blender/all_50_random/02958343/8c01303b68d30be5b9ad5039d820c924/r_40",
            "rotation": 0.12566370614359174,
            "transform_matrix": [
                [
                    -0.9998802542686462,
                    -0.0021774040069431067,
                    -0.015322946012020111,
                    -0.06176877021789551
                ],
                [
                    -0.01547687966376543,
                    0.14067068696022034,
                    0.9899354577064514,
                    3.9905574321746826
                ],
                [
                    -2.3283064365386963e-10,
                    0.9900540113449097,
                    -0.14068754017353058,
                    -0.5671296119689941
                ],
                [
                    0.0,
                    0.0,
                    0.0,
                    1.0
                ]
            ]
        },
        {
            "file_path": "/data/shapenet_blender/all_50_random/02958343/8c01303b68d30be5b9ad5039d820c924/r_41",
            "rotation": 0.12566370614359174,
            "transform_matrix": [
                [
                    -0.9679148197174072,
                    -0.0033205721992999315,
                    -0.25125688314437866,
                    -1.0128488540649414
                ],
                [
                    -0.251278817653656,
                    0.012790695764124393,
                    0.967830240726471,
                    3.9014484882354736
                ],
                [
