{
    "class": "02958343",
    "model": "b47070a91102db1abe40bb45ea25a041",
    "remove_doubles": true,
    "edge_split": true,
    "denoise": true,
    "camera_angle_x": 0.6911112070083618,
    "scale_factor": 2.2782259696220533,
    "hdri_file": "/data/IndoorHDRDataset2018/9C4A9753-11ea66dac0.exr",
    "center_offset": [
        0.0,
        -1.862645149230957e-09,
        0.0
    ],
    "lights": [],
    "frames": [
        {
            "file_path": "/data/shapenet_blender/all_50_random/02958343/b47070a91102db1abe40bb45ea25a041/r_0",
            "rotation": 0.12566370614359174,
            "transform_matrix": [
                [
                    0.5691046714782715,
                    -0.5300865173339844,
                    -0.6285920739173889,
                    -2.533935546875
                ],
                [
                    -0.8222650289535522,
                    -0.3668826222419739,
                    -0.4350600838661194,
                    -1.7537833452224731
                ],
                [
                    -1.4901160305669237e-08,
                    0.7644640207290649,
                    -0.644666314125061,
                    -2.5987329483032227
                ],
                [
                    0.0,
                    0.0,
                    0.0,
                    1.0
                ]
            ]
        },
        {
            "file_path": "/data/shapenet_blender/all_50_random/02958343/b47070a91102db1abe40bb45ea25a041/r_1",
            "rotation": 0.12566370614359174,
            "transform_matrix": [
                [
                    -0.4427940547466278,
                    0.8757110834121704,
                    0.19251897931098938,
                    0.7760688066482544
                ],
                [
                    0.8966233134269714,
                    0.43246662616729736,
                    0.09507478028535843,
                    0.3832586705684662
                ],
                [
                    7.4505797087454084e-09,
                    0.21471551060676575,
                    -0.9766766428947449,
                    -3.9371092319488525
                ],
                [
                    0.0,
                    0.0,
                    0.0,
                    1.0
                ]
            ]
        },
        {
            "file_path": "/data/shapenet_blender/all_50_random/02958343/b47070a91102db1abe40bb45ea25a041/r_2",
            "rotation": 0.12566370614359174,
            "transform_matrix": [
                [
                    0.22521288692951202,
                    -0.6873331665992737,
                    0.6905449628829956,
                    2.7836756706237793
                ],
                [
                    0.974309504032135,
                    0.15887793898582458,
                    -0.15962034463882446,
                    -0.6434502005577087
                ],
                [
                    0.0,
                    0.7087530493736267,
                    0.7054566740989685,
                    2.8437867164611816
                ],
                [
                    0.0,
                    0.0,
                    0.0,
                    1.0
                ]
            ]
        },
        {
            "file_path": "/data/shapenet_blender/all_50_random/02958343/b47070a91102db1abe40bb45ea25a041/r_3",
            "rotation": 0.12566370614359174,
            "transform_matrix": [
                [
                    0.2114039659500122,
                    0.20127816498279572,
                    0.9564493894577026,
                    3.8555707931518555
                ],
                [
                    0.9773988127708435,
                    -0.04353494569659233,
                    -0.20687277615070343,
                    -0.8339308500289917
                ],
                [
                    -3.725290298461914e-09,
                    0.9785662293434143,
                    -0.20593249797821045,
                    -0.8301404714584351
                ],
                [
                    0.0,
                    0.0,
                    0.0,
                    1.0
                ]
            ]
        },
        {
            "file_path": "/data/shapenet_blender/all_50_random/02958343/b47070a91102db1abe40bb45ea25a041/r_4",
            "rotation": 0.12566370614359174,
            "transform_matrix": [
                [
                    -0.06442248076200485,
                    -0.173188716173172,
                    -0.982779324054718,
                    -3.9617104530334473
                ],
                [
                    -0.9979227185249329,
                    0.011180472560226917,
                    0.06344487518072128,
                    0.2557545006275177
                ],
                [
                    0.0,
                    0.9848251342773438,
                    -0.17354921996593475,
                    -0.6995993256568909
                ],
                [
                    0.0,
                    0.0,
                    0.0,
                    1.0
                ]
            ]
        },
        {
            "file_path": "/data/shapenet_blender/all_50_random/02958343/b47070a91102db1abe40bb45ea25a041/r_5",
            "rotation": 0.12566370614359174,
            "transform_matrix": [
                [
                    0.06353411078453064,
                    0.402694433927536,
                    0.9131267070770264,
                    3.680931806564331
                ],
                [
                    0.9979796409606934,
                    -0.02563663013279438,
                    -0.058132145553827286,
                    -0.2343381941318512
                ],
                [
                    0.0,
                    0.9149753451347351,
                    -0.40350961685180664,
                    -1.6265994310379028
                ],
                [
                    0.0,
                    0.0,
                    0.0,
                    1.0
                ]
            ]
        },
        {
            "file_path": "/data/shapenet_blender/all_50_random/02958343/b47070a91102db1abe40bb45ea25a041/r_6",
            "rotation": 0.12566370614359174,
            "transform_matrix": [
                [
                    -0.2898710072040558,
                    -0.12379218637943268,
                    0.9490259289741516,
                    3.825646162033081
                ],
                [
                    0.957065761089325,
                    -0.037493523210287094,
                    0.28743594884872437,
                    1.1586915254592896
                ],
                [
                    0.0,
                    0.991599440574646,
                    0.12934555113315582,
                    0.5214086771011353
                ],
                [
                    0.0,
                    0.0,
                    0.0,
                    1.0
                ]
            ]
        },
        {
            "file_path": "/data/shapenet_blender/all_50_random/02958343/b47070a91102db1abe40bb45ea25a041/r_7",
            "rotation": 0.12566370614359174,
            "transform_matrix": [
                [
                    -0.8957558274269104,
                    0.10975053906440735,
                    0.43078574538230896,
                    1.7365529537200928
                ],
                [
                    0.44454649090766907,
                    0.22114601731300354,
                    0.8680281043052673,
                    3.499133348464966
                ],
                [
                    0.0,
                    0.9690455794334412,
                    -0.24688200652599335,
                    -0.9952132701873779
                ],
                [
                    0.0,
                    0.0,
                    0.0,
                    1.0
                ]
            ]
        },
        {
            "file_path": "/data/shapenet_blender/all_50_random/02958343/b47070a91102db1abe40bb45ea25a041/r_8",
            "rotation": 0.12566370614359174,
            "transform_matrix": [
                [
                    0.9069599509239197,
                    -0.1637643277645111,
                    -0.38807833194732666,
                    -1.5643937587738037
                ],
                [
                    -0.4212166965007782,
                    -0.3526158332824707,
                    -0.8356066942214966,
                    -3.368438243865967
                ],
                [
                    0.0,
                    0.9213269352912903,
                    -0.38878872990608215,
                    -1.5672575235366821
                ],
                [
                    0.0,
                    0.0,
                    0.0,
                    1.0
                ]
            ]
        },
        {
            "file_path": "/data/shapenet_blender/all_50_random/02958343/b47070a91102db1abe40bb45ea25a041/r_9",
            "rotation": 0.12566370614359174,
            "transform_matrix": [
                [
                    0.9953832626342773,
                    0.0555608868598938,
                    0.07826309651136398,
                    0.31548863649368286
                ],
                [
                    0.09597981721162796,
                    -0.5762084126472473,
                    -0.8116475343704224,
                    -3.2718558311462402
                ],
                [
                    -3.725290298461914e-09,
                    0.8154120445251465,
                    -0.5788809061050415,
                    -2.333543539047241
                ],
                [
                    0.0,
                    0.0,
                    0.0,
                    1.0
                ]
            ]
        },
        {
            "file_path": "/data/shapenet_blender/all_50_random/02958343/b47070a91102db1abe40bb45ea25a041/r_10",
            "rotation": 0.12566370614359174,
            "transform_matrix": [
                [
                    -0.012803904712200165,
                    -0.643224835395813,
                    0.7655702233314514,
                    3.0861122608184814
                ],
                [
                    0.9999181032180786,
                    -0.008236464112997055,
                    0.009803090244531631,
                    0.03951752185821533
                ],
                [
                    9.31322685637781e-10,
                    0.7656329274177551,
                    0.643277645111084,
                    2.593135118484497
                ],
                [
                    0.0,
                    0.0,
                    0.0,
                    1.0
                ]
            ]
        },
        {
            "file_path": "/data/shapenet_blender/all_50_random/02958343/b47070a91102db1abe40bb45ea25a041/r_11",
            "rotation": 0.12566370614359174,
            "transform_matrix": [
                [
                    -0.600084662437439,
                    -0.027484813705086708,
                    0.799464225769043,
                    3.222743272781372
                ],
                [
                    0.7999365329742432,
                    -0.020618153735995293,
                    0.599730372428894,
                    2.417590379714966
                ],
                [
                    0.0,
                    0.9994094967842102,
                    0.03435874730348587,
                    0.1385045349597931
                ],
                [
                    0.0,
                    0.0,
                    0.0,
                    1.0
                ]
            ]
        },
        {
            "file_path": "/data/shapenet_blender/all_50_random/02958343/b47070a91102db1abe40bb45ea25a041/r_12",
            "rotation": 0.12566370614359174,
            "transform_matrix": [
                [
                    -0.25911685824394226,
                    0.040987227112054825,
                    -0.964975893497467,
                    -3.889942169189453
                ],
                [
                    -0.9658460021018982,
                    -0.01099603995680809,
                    0.25888341665267944,
                    1.0435924530029297
                ],
                [
                    0.0,
                    0.9990991950035095,
                    0.04243660718202591,
                    0.17106743156909943
                ],
                [
                    0.0,
                    0.0,
                    0.0,
                    1.0
                ]
            ]
        },
        {
            "file_path": "/data/shapenet_blender/all_50_random/02958343/b47070a91102db1abe40bb45ea25a041/r_13",
            "rotation": 0.12566370614359174,
            "transform_matrix": [
                [
                    -0.9517320394515991,
                    0.09187968820333481,
                    0.29285532236099243,
                    1.1805375814437866
                ],
                [
                    0.30693018436431885,
                    0.2849014401435852,
                    0.9080886244773865,
                    3.6606223583221436
                ],
                [
                    0.0,
                    0.9541431069374084,
                    -0.2993505001068115,
                    -1.2067204713821411
                ],
                [
                    0.0,
                    0.0,
                    0.0,
                    1.0
                ]
            ]
        },
        {
            "file_path": "/data/shapenet_blender/all_50_random/02958343/b47070a91102db1abe40bb45ea25a041/r_14",
            "rotation": 0.12566370614359174,
            "transform_matrix": [
                [
                    -0.3525400161743164,
                    0.8222039937973022,
                    -0.44687366485595703,
                    -1.8014053106307983
                ],
                [
                    -0.935796856880188,
                    -0.30974650382995605,
                    0.16834941506385803,
                    0.678638219833374
                ],
                [
                    0.0,
                    0.4775327742099762,
                    0.8786138892173767,
                    3.5418059825897217
                ],
                [
                    0.0,
                    0.0,
                    0.0,
                    1.0
                ]
            ]
        },
        {
            "file_path": "/data/shapenet_blender/all_50_random/02958343/b47070a91102db1abe40bb45ea25a041/r_15",
            "rotation": 0.12566370614359174,
            "transform_matrix": [
                [
                    -0.7314481735229492,
                    0.5997350215911865,
                    0.32450199127197266,
                    1.3081095218658447
                ],
                [
                    0.6818971037864685,
                    0.6433156728744507,
                    0.34808239340782166,
                    1.4031651020050049
                ],
                [
                    -1.4901161193847656e-08,
                    0.4758811891078949,
                    -0.8795095086097717,
                    -3.5454163551330566
                ],
                [
                    0.0,
                    0.0,
                    0.0,
                    1.0
                ]
            ]
        },
        {
            "file_path": "/data/shapenet_blender/all_50_random/02958343/b47070a91102db1abe40bb45ea25a041/r_16",
            "rotation": 0.12566370614359174,
            "transform_matrix": [
                [
                    0.9132205843925476,
                    -0.24218344688415527,
                    -0.3276817500591278,
                    -1.320927381515503
                ],
                [
                    -0.40746548771858215,
                    -0.5427868366241455,
                    -0.7344074845314026,
                    -2.960491180419922
                ],
                [
                    -1.4901160305669237e-08,
                    0.8041951060295105,
                    -0.5943654179573059,
                    -2.395963668823242
                ],
                [
                    0.0,
                    0.0,
                    0.0,
                    1.0
                ]
            ]
        },
        {
            "file_path": "/data/shapenet_blender/all_50_random/02958343/b47070a91102db1abe40bb45ea25a041/r_17",
            "rotation": 0.12566370614359174,
            "transform_matrix": [
                [
                    -0.9199731945991516,
                    -0.11196235567331314,
                    0.37565118074417114,
                    1.514298439025879
                ],
                [
                    0.39198142290115356,
                    -0.2627736032009125,
                    0.881646454334259,
                    3.5540308952331543
                ],
                [
                    0.0,
                    0.9583393931388855,
                    0.28563177585601807,
                    1.151418685913086
                ],
                [
                    0.0,
                    0.0,
                    0.0,
                    1.0
                ]
            ]
        },
        {
            "file_path": "/data/shapenet_blender/all_50_random/02958343/b47070a91102db1abe40bb45ea25a041/r_18",
            "rotation": 0.12566370614359174,
            "transform_matrix": [
                [
                    -0.8889390230178833,
                    -0.2896338999271393,
                    0.35482338070869446,
                    1.4303388595581055
                ],
                [
                    0.45802566409111023,
                    -0.5621232390403748,
                    0.6886434555053711,
                    2.776010751724243
                ],
                [
                    -2.9802322387695312e-08,
                    0.7746802568435669,
                    0.6323530077934265,
                    2.5490968227386475
                ],
                [
                    0.0,
                    0.0,
                    0.0,
                    1.0
                ]
            ]
        },
        {
            "file_path": "/data/shapenet_blender/all_50_random/02958343/b47070a91102db1abe40bb45ea25a041/r_19",
            "rotation": 0.12566370614359174,
            "transform_matrix": [
                [
                    0.9536945223808289,
                    0.030111759901046753,
                    -0.29926571249961853,
                    -1.2063788175582886
                ],
                [
                    -0.3007768392562866,
                    0.09547749906778336,
                    -0.9489031434059143,
                    -3.825151205062866
                ],
                [
                    -1.862645149230957e-09,
                    0.9949759840965271,
                    0.10011328756809235,
                    0.40356960892677307
                ],
                [
                    0.0,
                    0.0,
                    0.0,
                    1.0
                ]
            ]
        },
        {
            "file_path": "/data/shapenet_blender/all_50_random/02958343/b47070a91102db1abe40bb45ea25a041/r_20",
            "rotation": 0.12566370614359174,
            "transform_matrix": [
                [
                    -0.7542824149131775,
                    0.0263376384973526,
                    -0.6560215950012207,
                    -2.644507884979248
                ],
                [
                    -0.6565501689910889,
                    -0.030258189886808395,
                    0.7536751627922058,
                    3.0381619930267334
                ],
                [
                    -3.725290742551124e-09,
                    0.9991949796676636,
                    0.040115199983119965,
                    0.16170956194400787
                ],
                [
                    0.0,
                    0.0,
                    0.0,
                    1.0
                ]
            ]
        },
        {
            "file_path": "/data/shapenet_blender/all_50_random/02958343/b47070a91102db1abe40bb45ea25a041/r_21",
            "rotation": 0.12566370614359174,
            "transform_matrix": [
                [
                    0.04837331920862198,
                    0.6624760031700134,
                    0.7475196123123169,
                    3.013347864151001
                ],
                [
                    0.9988293051719666,
                    -0.032083719968795776,
                    -0.036202386021614075,
                    -0.1459364891052246
                ],
                [
                    -1.862645149230957e-09,
                    0.7483956813812256,
                    -0.6632524728775024,
                    -2.6736562252044678
                ],
                [
                    0.0,
                    0.0,
                    0.0,
                    1.0
                ]
            ]
        },
        {
            "file_path": "/data/shapenet_blender/all_50_random/02958343/b47070a91102db1abe40bb45ea25a041/r_22",
            "rotation": 0.12566370614359174,
            "transform_matrix": [
                [
                    0.5426509380340576,
                    -0.697680652141571,
                    0.46773025393486023,
                    1.8854809999465942
                ],
                [
                    0.8399582505226135,
                    0.4507331848144531,
                    -0.3021748661994934,
                    -1.2181057929992676
                ],
                [
                    0.0,
                    0.5568493604660034,
                    0.8306134939193726,
                    3.3483099937438965
                ],
                [
                    0.0,
                    0.0,
                    0.0,
                    1.0
                ]
            ]
        },
        {
            "file_path": "/data/shapenet_blender/all_50_random/02958343/b47070a91102db1abe40bb45ea25a041/r_23",
            "rotation": 0.12566370614359174,
            "transform_matrix": [
                [
                    0.9432040452957153,
                    0.08777738362550735,
                    0.3204082250595093,
                    1.2916070222854614
                ],
                [
                    0.33221426606178284,
                    -0.2492126077413559,
                    -0.909684956073761,
                    -3.667057514190674
                ],
                [
                    0.0,
                    0.9644625186920166,
                    -0.26421919465065,
                    -1.0651017427444458
                ],
                [
                    0.0,
                    0.0,
                    0.0,
                    1.0
                ]
            ]
        },
        {
            "file_path": "/data/shapenet_blender/all_50_random/02958343/b47070a91102db1abe40bb45ea25a041/r_24",
            "rotation": 0.12566370614359174,
            "transform_matrix": [
                [
                    0.9016060829162598,
                    -0.15842783451080322,
                    0.40250125527381897,
                    1.6225345134735107
                ],
                [
                    0.4325582981109619,
                    0.33022019267082214,
                    -0.8389564156532288,
                    -3.381941556930542
                ],
                [
                    1.4901162970204496e-08,
                    0.9305133819580078,
                    0.36625778675079346,
                    1.4764323234558105
                ],
                [
                    0.0,
                    0.0,
                    0.0,
                    1.0
                ]
            ]
        },
        {
            "file_path": "/data/shapenet_blender/all_50_random/02958343/b47070a91102db1abe40bb45ea25a041/r_25",
            "rotation": 0.12566370614359174,
            "transform_matrix": [
                [
                    -0.0496724434196949,
                    -0.040020059794187546,
                    0.9979634284973145,
                    4.022919178009033
                ],
                [
                    0.9987655878067017,
                    -0.001990351127460599,
                    0.04963254928588867,
                    0.2000752091407776
                ],
                [
                    0.0,
                    0.9991968274116516,
                    0.04006952792406082,
                    0.1615254282951355
                ],
                [
                    0.0,
                    0.0,
                    0.0,
                    1.0
                ]
            ]
        },
        {
            "file_path": "/data/shapenet_blender/all_50_random/02958343/b47070a91102db1abe40bb45ea25a041/r_26",
            "rotation": 0.12566370614359174,
            "transform_matrix": [
                [
                    -0.8583881258964539,
                    0.13365621864795685,
                    -0.49528342485427856,
                    -1.996551513671875
                ],
                [
                    -0.5130006074905396,
                    -0.22364284098148346,
                    0.828742504119873,
                    3.3407680988311768
                ],
                [
                    0.0,
                    0.9654636383056641,
                    0.2605380415916443,
                    1.0502625703811646
                ],
                [
                    0.0,
                    0.0,
                    0.0,
                    1.0
                ]
            ]
        },
        {
            "file_path": "/data/shapenet_blender/all_50_random/02958343/b47070a91102db1abe40bb45ea25a041/r_27",
            "rotation": 0.12566370614359174,
            "transform_matrix": [
                [
                    0.9627854824066162,
                    0.025461088865995407,
                    -0.26906484365463257,
                    -1.0846350193023682
                ],
                [
                    -0.2702668011188507,
                    0.09070134907960892,
                    -0.9585036039352417,
                    -3.863851547241211
                ],
                [
                    -1.862645149230957e-09,
                    0.9955525398254395,
                    0.09420724958181381,
                    0.37976157665252686
                ],
                [
                    0.0,
                    0.0,
                    0.0,
                    1.0
                ]
            ]
        },
        {
            "file_path": "/data/shapenet_blender/all_50_random/02958343/b47070a91102db1abe40bb45ea25a041/r_28",
            "rotation": 0.12566370614359174,
            "transform_matrix": [
                [
                    0.8550460338592529,
                    0.44669362902641296,
                    -0.2633648216724396,
                    -1.0616575479507446
                ],
                [
                    -0.5185520052909851,
                    0.7365579605102539,
                    -0.4342651069164276,
                    -1.7505786418914795
                ],
                [
                    0.0,
                    0.5078850388526917,
                    0.8614248633384705,
                    3.4725146293640137
                ],
                [
                    0.0,
                    0.0,
                    0.0,
                    1.0
                ]
            ]
        },
        {
            "file_path": "/data/shapenet_blender/all_50_random/02958343/b47070a91102db1abe40bb45ea25a041/r_29",
            "rotation": 0.12566370614359174,
            "transform_matrix": [
                [
                    0.2708279490470886,
                    -0.2079344093799591,
                    -0.9399017691612244,
                    -3.788865566253662
                ],
                [
                    -0.9626278281211853,
                    -0.058500755578279495,
                    -0.26443415880203247,
                    -1.0659682750701904
                ],
                [
                    0.0,
                    0.9763917326927185,
                    -0.2160070687532425,
                    -0.8707523941993713
                ],
                [
                    0.0,
                    0.0,
                    0.0,
                    1.0
                ]
            ]
        },
        {
            "file_path": "/data/shapenet_blender/all_50_random/02958343/b47070a91102db1abe40bb45ea25a041/r_30",
            "rotation": 0.12566370614359174,
            "transform_matrix": [
                [
                    0.21254175901412964,
                    -0.06832075864076614,
                    0.9747605323791504,
                    3.9293856620788574
                ],
                [
                    0.9771520495414734,
                    0.014860546216368675,
                    -0.2120215743780136,
                    -0.8546863794326782
                ],
                [
                    9.31322685637781e-10,
                    0.9975526928901672,
                    0.06991823762655258,
                    0.2818494737148285
                ],
                [
                    0.0,
                    0.0,
                    0.0,
                    1.0
                ]
            ]
        },
        {
            "file_path": "/data/shapenet_blender/all_50_random/02958343/b47070a91102db1abe40bb45ea25a041/r_31",
            "rotation": 0.12566370614359174,
            "transform_matrix": [
                [
                    0.9067771434783936,
                    -0.00889834575355053,
                    -0.42151620984077454,
                    -1.6991863250732422
                ],
                [
                    -0.42161014676094055,
                    -0.019138099625706673,
                    -0.9065751433372498,
                    -3.6545214653015137
                ],
                [
                    -9.313225191043273e-10,
                    0.9997772574424744,
                    -0.021105622872710228,
                    -0.08507949113845825
                ],
                [
                    0.0,
                    0.0,
                    0.0,
                    1.0
                ]
            ]
        },
        {
            "file_path": "/data/shapenet_blender/all_50_random/02958343/b47070a91102db1abe40bb45ea25a041/r_32",
            "rotation": 0.12566370614359174,
            "transform_matrix": [
                [
                    0.146185502409935,
                    -0.4475134015083313,
                    0.882248044013977,
                    3.556455612182617
                ],
                [
                    0.9892572164535522,
                    0.0661303922533989,
                    -0.13037243485450745,
                    -0.5255481004714966
                ],
                [
                    0.0,
                    0.8918287754058838,
                    0.45237311720848083,
                    1.823574423789978
                ],
                [
                    0.0,
                    0.0,
                    0.0,
                    1.0
                ]
            ]
        },
        {
            "file_path": "/data/shapenet_blender/all_50_random/02958343/b47070a91102db1abe40bb45ea25a041/r_33",
            "rotation": 0.12566370614359174,
            "transform_matrix": [
                [
                    0.9166424870491028,
                    -0.1084473729133606,
                    0.38471516966819763,
                    1.5508365631103516
                ],
                [
                    0.39970821142196655,
                    0.2487001121044159,
                    -0.8822593092918396,
                    -3.5565013885498047
                ],
                [
                    0.0,
                    0.9624902009963989,
                    0.2713163197040558,
                    1.0937111377716064
                ],
                [
                    0.0,
                    0.0,
                    0.0,
                    1.0
                ]
            ]
        },
        {
            "file_path": "/data/shapenet_blender/all_50_random/02958343/b47070a91102db1abe40bb45ea25a041/r_34",
            "rotation": 0.12566370614359174,
            "transform_matrix": [
                [
                    0.4391082525253296,
                    -0.7652024626731873,
                    0.47079622745513916,
                    1.8978402614593506
                ],
                [
                    0.898434042930603,
                    0.3739915192127228,
                    -0.23010092973709106,
                    -0.9275665283203125
                ],
                [
                    0.0,
                    0.5240185856819153,
                    0.8517068028450012,
                    3.433339834213257
                ],
                [
                    0.0,
                    0.0,
                    0.0,
                    1.0
                ]
            ]
        },
        {
            "file_path": "/data/shapenet_blender/all_50_random/02958343/b47070a91102db1abe40bb45ea25a041/r_35",
            "rotation": 0.12566370614359174,
            "transform_matrix": [
                [
                    -0.3798617422580719,
                    0.5039449334144592,
                    -0.7757219672203064,
                    -3.12703537940979
                ],
                [
                    -0.9250433444976807,
                    -0.20694099366664886,
                    0.31854405999183655,
                    1.2840921878814697
                ],
                [
                    0.0,
                    0.838578999042511,
                    0.5447798371315002,
                    2.196077823638916
                ],
                [
                    0.0,
                    0.0,
                    0.0,
                    1.0
                ]
            ]
        },
        {
            "file_path": "/data/shapenet_blender/all_50_random/02958343/b47070a91102db1abe40bb45ea25a041/r_36",
            "rotation": 0.12566370614359174,
            "transform_matrix": [
                [
                    -0.10874586552381516,
                    -0.2583005130290985,
                    -0.9599245190620422,
                    -3.869579792022705
                ],
                [
                    -0.9940695762634277,
                    0.02825668640434742,
                    0.10501058399677277,
                    0.4233112335205078
                ],
                [
                    -1.862645149230957e-09,
                    0.965651273727417,
                    -0.2598414421081543,
                    -1.0474544763565063
                ],
                [
                    0.0,
                    0.0,
                    0.0,
                    1.0
                ]
            ]
        },
        {
            "file_path": "/data/shapenet_blender/all_50_random/02958343/b47070a91102db1abe40bb45ea25a041/r_37",
            "rotation": 0.12566370614359174,
            "transform_matrix": [
                [
                    -0.3583123981952667,
                    -0.041480034589767456,
                    0.9326797723770142,
                    3.7597525119781494
                ],
                [
                    0.9336017966270447,
                    -0.01591986045241356,
                    0.35795852541923523,
                    1.442976951599121
                ],
                [
                    0.0,
                    0.9990124106407166,
                    0.044430118054151535,
                    0.1791035383939743
                ],
                [
                    0.0,
                    0.0,
                    0.0,
                    1.0
                ]
            ]
        },
        {
            "file_path": "/data/shapenet_blender/all_50_random/02958343/b47070a91102db1abe40bb45ea25a041/r_38",
            "rotation": 0.12566370614359174,
            "transform_matrix": [
                [
                    -0.9733336567878723,
                    0.09169464558362961,
                    0.21027085185050964,
                    0.8476289510726929
                ],
                [
                    0.22939433157444,
                    0.38906580209732056,
                    0.8921916484832764,
                    3.5965397357940674
                ],
                [
                    0.0,
                    0.9166349768638611,
                    -0.3997250497341156,
                    -1.6113433837890625
                ],
                [
                    0.0,
                    0.0,
                    0.0,
                    1.0
                ]
            ]
        },
        {
            "file_path": "/data/shapenet_blender/all_50_random/02958343/b47070a91102db1abe40bb45ea25a041/r_39",
            "rotation": 0.12566370614359174,
            "transform_matrix": [
                [
                    0.7050069570541382,
                    -0.5346503257751465,
                    0.4659551978111267,
                    1.8783255815505981
                ],
                [
                    0.7092005014419556,
                    0.5314888954162598,
                    -0.46320000290870667,
                    -1.867219090461731
                ],
                [
                    1.4901161193847656e-08,
                    0.657014787197113,
                    0.753877580165863,
                    3.038977861404419
                ],
                [
                    0.0,
                    0.0,
                    0.0,
                    1.0
                ]
            ]
        },
        {
            "file_path": "/data/shapenet_blender/all_50_random/02958343/b47070a91102db1abe40bb45ea25a041/r_40",
            "rotation": 0.12566370614359174,
            "transform_matrix": [
                [
                    -0.6671802997589111,
                    0.09361816942691803,
                    -0.7389898300170898,
                    -2.9789633750915527
                ],
                [
                    -0.7448961734771729,
                    -0.08385088294744492,
                    0.6618902087211609,
                    2.6681647300720215
                ],
                [
                    0.0,
                    0.9920708537101746,
                    0.12567949295043945,
                    0.5066302418708801
                ],
                [
                    0.0,
                    0.0,
                    0.0,
                    1.0
                ]
            ]
        },
        {
            "file_path": "/data/shapenet_blender/all_50_random/02958343/b47070a91102db1abe40bb45ea25a041/r_41",
            "rotation": 0.12566370614359174,
            "transform_matrix": [
                [
                    0.08214124292135239,
                    -0.4216286540031433,
                    -0.9030404090881348,
                    -3.640272617340088
                ],
                [
                    -0.996620774269104,
                    -0.03475053235888481,
                    -0.07442837208509445,
                    -0.300030380487442
                ],
                [
                    0.0,
                    0.9061024188995361,
