{
    "class": "02958343",
    "model": "83098846c82db490a00a2bd11cd80551",
    "remove_doubles": true,
    "edge_split": true,
    "denoise": true,
    "camera_angle_x": 0.6911112070083618,
    "scale_factor": 2.243951143565081,
    "hdri_file": "/data/IndoorHDRDataset2018/AG8A5038-d18b899bfb.exr",
    "center_offset": [
        0.0,
        -1.862645149230957e-09,
        0.0
    ],
    "lights": [],
    "frames": [
        {
            "file_path": "/data/shapenet_blender/all_50_random/02958343/83098846c82db490a00a2bd11cd80551/r_0",
            "rotation": 0.12566370614359174,
            "transform_matrix": [
                [
                    -0.9254136085510254,
                    -0.2536596655845642,
                    -0.28154274821281433,
                    -1.1349351406097412
                ],
                [
                    -0.37895849347114563,
                    0.6194348335266113,
                    0.6875251531600952,
                    2.7715024948120117
                ],
                [
                    -1.4901160305669237e-08,
                    0.7429381012916565,
                    -0.6693601012229919,
                    -2.6982767581939697
                ],
                [
                    0.0,
                    0.0,
                    0.0,
                    1.0
                ]
            ]
        },
        {
            "file_path": "/data/shapenet_blender/all_50_random/02958343/83098846c82db490a00a2bd11cd80551/r_1",
            "rotation": 0.12566370614359174,
            "transform_matrix": [
                [
                    0.025378679856657982,
                    -0.8003594875335693,
                    0.5989829897880554,
                    2.4145777225494385
                ],
                [
                    0.9996779561042786,
                    0.020318610593676567,
                    -0.015206295065581799,
                    -0.06129853427410126
                ],
                [
                    9.313225746154785e-10,
                    0.5991760492324829,
                    0.8006173372268677,
                    3.2273917198181152
                ],
                [
                    0.0,
                    0.0,
                    0.0,
                    1.0
                ]
            ]
        },
        {
            "file_path": "/data/shapenet_blender/all_50_random/02958343/83098846c82db490a00a2bd11cd80551/r_2",
            "rotation": 0.12566370614359174,
            "transform_matrix": [
                [
                    0.7183913588523865,
                    -0.22265739738941193,
                    0.6590429544448853,
                    2.656687021255493
                ],
                [
                    0.6956391930580139,
                    0.22993981838226318,
                    -0.6805981397628784,
                    -2.7435789108276367
                ],
                [
                    -1.4901159417490817e-08,
                    0.947391927242279,
                    0.32007595896720886,
                    1.2902674674987793
                ],
                [
                    0.0,
                    0.0,
                    0.0,
                    1.0
                ]
            ]
        },
        {
            "file_path": "/data/shapenet_blender/all_50_random/02958343/83098846c82db490a00a2bd11cd80551/r_3",
            "rotation": 0.12566370614359174,
            "transform_matrix": [
                [
                    0.5851325988769531,
                    -0.07466614246368408,
                    0.8074929714202881,
                    3.25510835647583
                ],
                [
                    0.810937762260437,
                    0.0538754016160965,
                    -0.5826470255851746,
                    -2.3487253189086914
                ],
                [
                    0.0,
                    0.9957521557807922,
                    0.09207384288311005,
                    0.3711615204811096
                ],
                [
                    0.0,
                    0.0,
                    0.0,
                    1.0
                ]
            ]
        },
        {
            "file_path": "/data/shapenet_blender/all_50_random/02958343/83098846c82db490a00a2bd11cd80551/r_4",
            "rotation": 0.12566370614359174,
            "transform_matrix": [
                [
                    -0.9996374249458313,
                    0.016744179651141167,
                    0.021087434142827988,
                    0.08500616252422333
                ],
                [
                    0.02692670375108719,
                    0.6216174364089966,
                    0.7828580737113953,
                    3.155801773071289
                ],
                [
                    -9.313225746154785e-10,
                    0.7831419706344604,
                    -0.6218429207801819,
                    -2.5067288875579834
                ],
                [
                    0.0,
                    0.0,
                    0.0,
                    1.0
                ]
            ]
        },
        {
            "file_path": "/data/shapenet_blender/all_50_random/02958343/83098846c82db490a00a2bd11cd80551/r_5",
            "rotation": 0.12566370614359174,
            "transform_matrix": [
                [
                    -0.7461513876914978,
                    -0.07300891727209091,
                    0.6617611646652222,
                    2.667644500732422
                ],
                [
                    0.6657763123512268,
                    -0.08182283490896225,
                    0.7416514754295349,
                    2.9896926879882812
                ],
                [
                    0.0,
                    0.9939691424369812,
                    0.1096598282456398,
                    0.4420529007911682
                ],
                [
                    0.0,
                    0.0,
                    0.0,
                    1.0
                ]
            ]
        },
        {
            "file_path": "/data/shapenet_blender/all_50_random/02958343/83098846c82db490a00a2bd11cd80551/r_6",
            "rotation": 0.12566370614359174,
            "transform_matrix": [
                [
                    -0.9760778546333313,
                    0.0174141563475132,
                    -0.21672283113002777,
                    -0.8736376762390137
                ],
                [
                    -0.21742133796215057,
                    -0.0781780406832695,
                    0.972942054271698,
                    3.9220547676086426
                ],
                [
                    -1.862645149230957e-09,
                    0.9967872500419617,
                    0.08009406179189682,
                    0.3228694796562195
                ],
                [
                    0.0,
                    0.0,
                    0.0,
                    1.0
                ]
            ]
        },
        {
            "file_path": "/data/shapenet_blender/all_50_random/02958343/83098846c82db490a00a2bd11cd80551/r_7",
            "rotation": 0.12566370614359174,
            "transform_matrix": [
                [
                    -0.8666204810142517,
                    0.41436898708343506,
                    0.2779698073863983,
                    1.1205321550369263
                ],
                [
                    0.49896782636642456,
                    0.7196870446205139,
                    0.48278534412384033,
                    1.9461698532104492
                ],
                [
                    0.0,
                    0.5570895671844482,
                    -0.8304523229598999,
                    -3.3476603031158447
                ],
                [
                    0.0,
                    0.0,
                    0.0,
                    1.0
                ]
            ]
        },
        {
            "file_path": "/data/shapenet_blender/all_50_random/02958343/83098846c82db490a00a2bd11cd80551/r_8",
            "rotation": 0.12566370614359174,
            "transform_matrix": [
                [
                    0.4604493975639343,
                    0.059899117797613144,
                    0.8856627941131592,
                    3.570220470428467
                ],
                [
                    0.8876860737800598,
                    -0.031070120632648468,
                    -0.45939990878105164,
                    -1.8519001007080078
                ],
                [
                    1.862645371275562e-09,
                    0.9977207183837891,
                    -0.06747782230377197,
                    -0.27201175689697266
                ],
                [
                    0.0,
                    0.0,
                    0.0,
                    1.0
                ]
            ]
        },
        {
            "file_path": "/data/shapenet_blender/all_50_random/02958343/83098846c82db490a00a2bd11cd80551/r_9",
            "rotation": 0.12566370614359174,
            "transform_matrix": [
                [
                    0.5734962821006775,
                    0.7643250823020935,
                    -0.2948033809661865,
                    -1.1883904933929443
                ],
                [
                    -0.8192082047462463,
                    0.535074770450592,
                    -0.20638057589530945,
                    -0.8319467306137085
                ],
                [
                    1.4901162970204496e-08,
                    0.35986366868019104,
                    0.9330047965049744,
                    3.7610626220703125
                ],
                [
                    0.0,
                    0.0,
                    0.0,
                    1.0
                ]
            ]
        },
        {
            "file_path": "/data/shapenet_blender/all_50_random/02958343/83098846c82db490a00a2bd11cd80551/r_10",
            "rotation": 0.12566370614359174,
            "transform_matrix": [
                [
                    -0.8969746232032776,
                    0.37726348638534546,
                    -0.23045381903648376,
                    -0.928989052772522
                ],
                [
                    -0.4420822262763977,
                    -0.765458881855011,
                    0.4675854742527008,
                    1.8848973512649536
                ],
                [
                    0.0,
                    0.5212918519973755,
                    0.8533784747123718,
                    3.4400787353515625
                ],
                [
                    0.0,
                    0.0,
                    0.0,
                    1.0
                ]
            ]
        },
        {
            "file_path": "/data/shapenet_blender/all_50_random/02958343/83098846c82db490a00a2bd11cd80551/r_11",
            "rotation": 0.12566370614359174,
            "transform_matrix": [
                [
                    0.7001551389694214,
                    0.08464019745588303,
                    -0.7089561820030212,
                    -2.857893705368042
                ],
                [
                    -0.7139908075332642,
                    0.08300004154443741,
                    -0.695218026638031,
                    -2.802513599395752
                ],
                [
                    0.0,
                    0.9929487109184265,
                    0.11854521185159683,
                    0.47787103056907654
                ],
                [
                    0.0,
                    0.0,
                    0.0,
                    1.0
                ]
            ]
        },
        {
            "file_path": "/data/shapenet_blender/all_50_random/02958343/83098846c82db490a00a2bd11cd80551/r_12",
            "rotation": 0.12566370614359174,
            "transform_matrix": [
                [
                    0.8911216259002686,
                    0.24953660368919373,
                    0.3789903223514557,
                    1.5277588367462158
                ],
                [
                    0.4537644386291504,
                    -0.49005043506622314,
                    -0.7442771196365356,
                    -3.000277042388916
                ],
                [
                    0.0,
                    0.835213840007782,
                    -0.5499253869056702,
                    -2.216820240020752
                ],
                [
                    0.0,
                    0.0,
                    0.0,
                    1.0
                ]
            ]
        },
        {
            "file_path": "/data/shapenet_blender/all_50_random/02958343/83098846c82db490a00a2bd11cd80551/r_13",
            "rotation": 0.12566370614359174,
            "transform_matrix": [
                [
                    0.9852590560913086,
                    0.006869277451187372,
                    -0.17093101143836975,
                    -0.6890448927879333
                ],
                [
                    -0.1710689812898636,
                    0.03956309333443642,
                    -0.9844644665718079,
                    -3.9685027599334717
                ],
                [
                    0.0,
                    0.9991933703422546,
                    0.04015502333641052,
                    0.1618700623512268
                ],
                [
                    0.0,
                    0.0,
                    0.0,
                    1.0
                ]
            ]
        },
        {
            "file_path": "/data/shapenet_blender/all_50_random/02958343/83098846c82db490a00a2bd11cd80551/r_14",
            "rotation": 0.12566370614359174,
            "transform_matrix": [
                [
                    0.9236772060394287,
                    0.030282700434327126,
                    -0.3819732367992401,
                    -1.5397833585739136
                ],
                [
                    -0.38317182660102844,
                    0.0729997381567955,
                    -0.9207879304885864,
                    -3.7118148803710938
                ],
                [
                    1.862645371275562e-09,
                    0.996872067451477,
                    0.07903166115283966,
                    0.3185868263244629
                ],
                [
                    0.0,
                    0.0,
                    0.0,
                    1.0
                ]
            ]
        },
        {
            "file_path": "/data/shapenet_blender/all_50_random/02958343/83098846c82db490a00a2bd11cd80551/r_15",
            "rotation": 0.12566370614359174,
            "transform_matrix": [
                [
                    0.47121188044548035,
                    -0.27757692337036133,
                    0.8372039198875427,
                    3.3748769760131836
                ],
                [
                    0.8820200562477112,
                    0.1482931673526764,
                    -0.4472692310810089,
                    -1.8029999732971191
                ],
                [
                    0.0,
                    0.9491892457008362,
                    0.31470590829849243,
                    1.2686201333999634
                ],
                [
                    0.0,
                    0.0,
                    0.0,
                    1.0
                ]
            ]
        },
        {
            "file_path": "/data/shapenet_blender/all_50_random/02958343/83098846c82db490a00a2bd11cd80551/r_16",
            "rotation": 0.12566370614359174,
            "transform_matrix": [
                [
                    0.9548827409744263,
                    -0.2643881142139435,
                    -0.13527025282382965,
                    -0.5452918410301208
                ],
                [
                    -0.29698342084884644,
                    -0.8500799536705017,
                    -0.43493080139160156,
                    -1.7532621622085571
                ],
                [
                    7.450581485102248e-09,
                    0.4554808735847473,
                    -0.8902455568313599,
                    -3.5886945724487305
                ],
                [
                    0.0,
                    0.0,
                    0.0,
                    1.0
                ]
            ]
        },
        {
            "file_path": "/data/shapenet_blender/all_50_random/02958343/83098846c82db490a00a2bd11cd80551/r_17",
            "rotation": 0.12566370614359174,
            "transform_matrix": [
                [
                    0.517022967338562,
                    0.35482874512672424,
                    -0.7789632081985474,
                    -3.140101432800293
                ],
                [
                    -0.8559715747833252,
                    0.2143232524394989,
                    -0.47050851583480835,
                    -1.8966805934906006
                ],
                [
                    -1.4901161193847656e-08,
                    0.9100341796875,
                    0.4145332872867584,
                    1.671037197113037
                ],
                [
                    0.0,
                    0.0,
                    0.0,
                    1.0
                ]
            ]
        },
        {
            "file_path": "/data/shapenet_blender/all_50_random/02958343/83098846c82db490a00a2bd11cd80551/r_18",
            "rotation": 0.12566370614359174,
            "transform_matrix": [
                [
                    -0.7980514764785767,
                    -0.029880480840802193,
                    -0.6018480062484741,
                    -2.4261269569396973
                ],
                [
                    -0.6025893092155457,
                    0.039572823792696,
                    0.7970696687698364,
                    3.213090658187866
                ],
                [
                    0.0,
                    0.9987698793411255,
                    -0.04958680272102356,
                    -0.19989079236984253
                ],
                [
                    0.0,
                    0.0,
                    0.0,
                    1.0
                ]
            ]
        },
        {
            "file_path": "/data/shapenet_blender/all_50_random/02958343/83098846c82db490a00a2bd11cd80551/r_19",
            "rotation": 0.12566370614359174,
            "transform_matrix": [
                [
                    0.9988012313842773,
                    0.02876812219619751,
                    0.0396062396466732,
                    0.15965786576271057
                ],
                [
                    0.04895160719752312,
                    -0.5869804620742798,
                    -0.8081197738647461,
                    -3.2576351165771484
                ],
                [
                    1.862645371275562e-09,
                    0.809089720249176,
                    -0.5876850485801697,
                    -2.3690342903137207
                ],
                [
                    0.0,
                    0.0,
                    0.0,
                    1.0
                ]
            ]
        },
        {
            "file_path": "/data/shapenet_blender/all_50_random/02958343/83098846c82db490a00a2bd11cd80551/r_20",
            "rotation": 0.12566370614359174,
            "transform_matrix": [
                [
                    -0.7339970469474792,
                    0.3964487314224243,
                    -0.5514315366744995,
                    -2.2228915691375732
                ],
                [
                    -0.6791527271270752,
                    -0.42846357822418213,
                    0.59596186876297,
                    2.4023990631103516
                ],
                [
                    0.0,
                    0.8119403123855591,
                    0.583740234375,
                    2.3531322479248047
                ],
                [
                    0.0,
                    0.0,
                    0.0,
                    1.0
                ]
            ]
        },
        {
            "file_path": "/data/shapenet_blender/all_50_random/02958343/83098846c82db490a00a2bd11cd80551/r_21",
            "rotation": 0.12566370614359174,
            "transform_matrix": [
                [
                    -0.6761922836303711,
                    0.4015725553035736,
                    -0.6176596879959106,
                    -2.489865779876709
                ],
                [
                    -0.7367252111434937,
                    -0.36857742071151733,
                    0.5669097900390625,
                    2.2852864265441895
                ],
                [
                    0.0,
                    0.8383854627609253,
                    0.5450778007507324,
                    2.1972789764404297
                ],
                [
                    0.0,
                    0.0,
                    0.0,
                    1.0
                ]
            ]
        },
        {
            "file_path": "/data/shapenet_blender/all_50_random/02958343/83098846c82db490a00a2bd11cd80551/r_22",
            "rotation": 0.12566370614359174,
            "transform_matrix": [
                [
                    0.20263803005218506,
                    -0.8693329691886902,
                    -0.4507749378681183,
                    -1.8171318769454956
                ],
                [
                    -0.9792537093162537,
                    -0.17989201843738556,
                    -0.09327935427427292,
                    -0.3760211169719696
                ],
                [
                    0.0,
                    0.46032488346099854,
                    -0.887750506401062,
                    -3.578636646270752
                ],
                [
                    0.0,
                    0.0,
                    0.0,
                    1.0
                ]
            ]
        },
        {
            "file_path": "/data/shapenet_blender/all_50_random/02958343/83098846c82db490a00a2bd11cd80551/r_23",
            "rotation": 0.12566370614359174,
            "transform_matrix": [
                [
                    -0.05901092290878296,
                    0.26077917218208313,
                    0.9635931849479675,
                    3.884368658065796
                ],
                [
                    0.9982572793960571,
                    0.015415685251355171,
                    0.0569617934525013,
                    0.22962035238742828
                ],
                [
                    9.313225191043273e-10,
                    0.9652754068374634,
                    -0.2612343430519104,
                    -1.0530694723129272
                ],
                [
                    0.0,
                    0.0,
                    0.0,
                    1.0
                ]
            ]
        },
        {
            "file_path": "/data/shapenet_blender/all_50_random/02958343/83098846c82db490a00a2bd11cd80551/r_24",
            "rotation": 0.12566370614359174,
            "transform_matrix": [
                [
                    -0.5081239342689514,
                    -0.22597171366214752,
                    -0.8311117887496948,
                    -3.3503189086914062
                ],
                [
                    -0.8612840175628662,
                    0.13331449031829834,
                    0.4903235137462616,
                    1.9765573740005493
                ],
                [
                    0.0,
                    0.9649684429168701,
                    -0.26236605644226074,
                    -1.057631492614746
                ],
                [
                    0.0,
                    0.0,
                    0.0,
                    1.0
                ]
            ]
        },
        {
            "file_path": "/data/shapenet_blender/all_50_random/02958343/83098846c82db490a00a2bd11cd80551/r_25",
            "rotation": 0.12566370614359174,
            "transform_matrix": [
                [
                    -0.7440028190612793,
                    -0.26143598556518555,
                    -0.6149073243141174,
                    -2.4787709712982178
                ],
                [
                    -0.668176531791687,
                    0.29110437631607056,
                    0.6846884489059448,
                    2.7600677013397217
                ],
                [
                    1.4901162970204496e-08,
                    0.9202768206596375,
                    -0.3912677764892578,
                    -1.5772509574890137
                ],
                [
                    0.0,
                    0.0,
                    0.0,
                    1.0
                ]
            ]
        },
        {
            "file_path": "/data/shapenet_blender/all_50_random/02958343/83098846c82db490a00a2bd11cd80551/r_26",
            "rotation": 0.12566370614359174,
            "transform_matrix": [
                [
                    0.9051672220230103,
                    -0.3477320969104767,
                    -0.24444788694381714,
                    -0.9854009747505188
                ],
                [
                    -0.4250558018684387,
                    -0.7405044436454773,
                    -0.5205580592155457,
                    -2.0984365940093994
                ],
                [
                    0.0,
                    0.5750958919525146,
                    -0.8180858492851257,
                    -3.297809600830078
                ],
                [
                    0.0,
                    0.0,
                    0.0,
                    1.0
                ]
            ]
        },
        {
            "file_path": "/data/shapenet_blender/all_50_random/02958343/83098846c82db490a00a2bd11cd80551/r_27",
            "rotation": 0.12566370614359174,
            "transform_matrix": [
                [
                    -0.8634915351867676,
                    -0.0054388404823839664,
                    -0.5043339729309082,
                    -2.0330352783203125
                ],
                [
                    -0.5043632984161377,
                    0.009311527945101261,
                    0.8634412884712219,
                    3.4806432723999023
                ],
                [
                    4.656612873077393e-10,
                    0.999941885471344,
                    -0.010783576406538486,
                    -0.04346998780965805
                ],
                [
                    0.0,
                    0.0,
                    0.0,
                    1.0
                ]
            ]
        },
        {
            "file_path": "/data/shapenet_blender/all_50_random/02958343/83098846c82db490a00a2bd11cd80551/r_28",
            "rotation": 0.12566370614359174,
            "transform_matrix": [
                [
                    0.5436473488807678,
                    0.01835004799067974,
                    -0.8391132354736328,
                    -3.382573127746582
                ],
                [
                    -0.839313805103302,
                    0.01188584603369236,
                    -0.5435174107551575,
                    -2.190988540649414
                ],
                [
                    0.0,
                    0.9997608661651611,
                    0.021863162517547607,
                    0.08813321590423584
                ],
                [
                    0.0,
                    0.0,
                    0.0,
                    1.0
                ]
            ]
        },
        {
            "file_path": "/data/shapenet_blender/all_50_random/02958343/83098846c82db490a00a2bd11cd80551/r_29",
            "rotation": 0.12566370614359174,
            "transform_matrix": [
                [
                    0.7368797063827515,
                    0.08211159706115723,
                    0.6710185408592224,
                    2.7049622535705566
                ],
                [
                    0.6760237812995911,
                    -0.08950331807136536,
                    -0.7314239144325256,
                    -2.9484641551971436
                ],
                [
                    0.0,
                    0.9925959706306458,
                    -0.12146258354187012,
                    -0.489631325006485
                ],
                [
                    0.0,
                    0.0,
                    0.0,
                    1.0
                ]
            ]
        },
        {
            "file_path": "/data/shapenet_blender/all_50_random/02958343/83098846c82db490a00a2bd11cd80551/r_30",
            "rotation": 0.12566370614359174,
            "transform_matrix": [
                [
                    -0.7095312476158142,
                    -0.42103007435798645,
                    -0.5650655627250671,
                    -2.2778522968292236
                ],
                [
                    -0.7046740651130676,
                    0.42393213510513306,
                    0.568960428237915,
                    2.293553113937378
                ],
                [
                    0.0,
                    0.8018823266029358,
                    -0.597481906414032,
                    -2.40852689743042
                ],
                [
                    0.0,
                    0.0,
                    0.0,
                    1.0
                ]
            ]
        },
        {
            "file_path": "/data/shapenet_blender/all_50_random/02958343/83098846c82db490a00a2bd11cd80551/r_31",
            "rotation": 0.12566370614359174,
            "transform_matrix": [
                [
                    0.9449620246887207,
                    0.03997364267706871,
                    0.32472890615463257,
                    1.3090240955352783
                ],
                [
                    0.32717999815940857,
                    -0.11545196920633316,
                    -0.9378827810287476,
                    -3.780726432800293
                ],
                [
                    0.0,
                    0.9925083518028259,
                    -0.12217631191015244,
                    -0.4925084710121155
                ],
                [
                    0.0,
                    0.0,
                    0.0,
                    1.0
                ]
            ]
        },
        {
            "file_path": "/data/shapenet_blender/all_50_random/02958343/83098846c82db490a00a2bd11cd80551/r_32",
            "rotation": 0.12566370614359174,
            "transform_matrix": [
                [
                    -0.999997079372406,
                    -0.00045790657168254256,
                    0.002382845152169466,
                    0.009605556726455688
                ],
                [
                    0.002426444087177515,
                    -0.18871451914310455,
                    0.9820289015769958,
                    3.9586853981018066
                ],
                [
                    0.0,
                    0.9820318818092346,
                    0.18871504068374634,
                    0.7607347369194031
                ],
                [
                    0.0,
                    0.0,
                    0.0,
                    1.0
                ]
            ]
        },
        {
            "file_path": "/data/shapenet_blender/all_50_random/02958343/83098846c82db490a00a2bd11cd80551/r_33",
            "rotation": 0.12566370614359174,
            "transform_matrix": [
                [
                    -0.26176851987838745,
                    0.8196045756340027,
                    0.5096326470375061,
                    2.0543949604034424
                ],
                [
                    0.965130627155304,
                    0.22229808568954468,
                    0.13822564482688904,
                    0.5572053790092468
                ],
                [
                    7.450580152834618e-09,
                    0.5280450582504272,
                    -0.8492162823677063,
                    -3.423300266265869
                ],
                [
                    0.0,
                    0.0,
                    0.0,
                    1.0
                ]
            ]
        },
        {
            "file_path": "/data/shapenet_blender/all_50_random/02958343/83098846c82db490a00a2bd11cd80551/r_34",
            "rotation": 0.12566370614359174,
            "transform_matrix": [
                [
                    0.7781301736831665,
                    -0.07427994906902313,
                    -0.6236953139305115,
                    -2.5141961574554443
                ],
                [
                    -0.6281029582023621,
                    -0.09202229231595993,
                    -0.7726697325706482,
                    -3.1147313117980957
                ],
                [
                    -3.725290076417309e-09,
                    0.9929825663566589,
                    -0.11826079338788986,
                    -0.4767245054244995
                ],
                [
                    0.0,
                    0.0,
                    0.0,
                    1.0
                ]
            ]
        },
        {
            "file_path": "/data/shapenet_blender/all_50_random/02958343/83098846c82db490a00a2bd11cd80551/r_35",
            "rotation": 0.12566370614359174,
            "transform_matrix": [
                [
                    -0.996842086315155,
                    0.06943411380052567,
                    -0.03853265941143036,
                    -0.1553301066160202
                ],
                [
                    -0.07940946519374847,
                    -0.8716196417808533,
                    0.4837077856063843,
                    1.9498882293701172
                ],
                [
                    0.0,
                    0.48524004220962524,
                    0.8743810057640076,
                    3.5247421264648438
                ],
                [
                    0.0,
                    0.0,
                    0.0,
                    1.0
                ]
            ]
        },
        {
            "file_path": "/data/shapenet_blender/all_50_random/02958343/83098846c82db490a00a2bd11cd80551/r_36",
            "rotation": 0.12566370614359174,
            "transform_matrix": [
                [
                    -0.24279984831809998,
                    0.0684538260102272,
                    -0.9676581025123596,
                    -3.900754690170288
                ],
                [
                    -0.9700765013694763,
                    -0.017133263871073723,
                    0.2421945482492447,
                    0.9763174653053284
                ],
                [
                    1.862645371275562e-09,
                    0.9975070953369141,
                    0.07056539505720139,
                    0.2844582200050354
                ],
                [
                    0.0,
                    0.0,
                    0.0,
                    1.0
                ]
            ]
        },
        {
            "file_path": "/data/shapenet_blender/all_50_random/02958343/83098846c82db490a00a2bd11cd80551/r_37",
            "rotation": 0.12566370614359174,
            "transform_matrix": [
                [
                    -0.6635552048683167,
                    -0.39711102843284607,
                    0.6340325474739075,
                    2.5558669567108154
                ],
                [
                    0.748127281665802,
                    -0.3522195816040039,
                    0.5623583197593689,
                    2.2669389247894287
                ],
                [
                    -1.4901160305669237e-08,
                    0.8474928736686707,
                    0.5308067798614502,
                    2.1397504806518555
                ],
                [
                    0.0,
                    0.0,
                    0.0,
                    1.0
                ]
            ]
        },
        {
            "file_path": "/data/shapenet_blender/all_50_random/02958343/83098846c82db490a00a2bd11cd80551/r_38",
            "rotation": 0.12566370614359174,
            "transform_matrix": [
                [
                    0.8399149179458618,
                    0.34849002957344055,
                    -0.416049987077713,
                    -1.6771512031555176
                ],
                [
                    -0.5427180528640747,
                    0.539326012134552,
                    -0.6438823938369751,
                    -2.5955729484558105
                ],
                [
                    -1.4901161193847656e-08,
                    0.7666041254997253,
                    0.6421198844909668,
                    2.588468074798584
                ],
                [
                    0.0,
                    0.0,
                    0.0,
                    1.0
                ]
            ]
        },
        {
            "file_path": "/data/shapenet_blender/all_50_random/02958343/83098846c82db490a00a2bd11cd80551/r_39",
            "rotation": 0.12566370614359174,
            "transform_matrix": [
                [
                    -0.685797929763794,
                    0.5260534286499023,
                    -0.50294029712677,
                    -2.0274174213409424
                ],
                [
                    -0.7277920246124268,
                    -0.49569979310035706,
                    0.4739203453063965,
                    1.9104341268539429
                ],
                [
                    1.4901161193847656e-08,
                    0.6910496354103088,
                    0.7228072881698608,
                    2.913729667663574
                ],
                [
                    0.0,
                    0.0,
                    0.0,
                    1.0
                ]
            ]
        },
        {
            "file_path": "/data/shapenet_blender/all_50_random/02958343/83098846c82db490a00a2bd11cd80551/r_40",
            "rotation": 0.12566370614359174,
            "transform_matrix": [
                [
                    0.6015490889549255,
                    -0.2819063067436218,
                    0.7474406957626343,
                    3.0130295753479004
                ],
                [
                    0.7988358736038208,
                    0.21228450536727905,
                    -0.562846839427948,
                    -2.2689080238342285
                ],
                [
                    1.4901161193847656e-08,
                    0.9356623291969299,
                    0.35289645195007324,
                    1.4225709438323975
                ],
                [
                    0.0,
                    0.0,
                    0.0,
                    1.0
                ]
            ]
        },
        {
            "file_path": "/data/shapenet_blender/all_50_random/02958343/83098846c82db490a00a2bd11cd80551/r_41",
            "rotation": 0.12566370614359174,
            "transform_matrix": [
                [
                    0.7384256720542908,
                    0.27766475081443787,
                    -0.6145158410072327,
                    -2.4771928787231445
                ],
                [
                    -0.6743348836898804,
                    0.30405479669570923,
                    -0.6729212403297424,
                    -2.712632417678833
                ],
