{
    "class": "02958343",
    "model": "6dda1440d653d0c3bc5845a373118df7",
    "remove_doubles": true,
    "edge_split": true,
    "denoise": true,
    "camera_angle_x": 0.6911112070083618,
    "scale_factor": 2.282411954749048,
    "hdri_file": "/data/IndoorHDRDataset2018/AG8A0297-167904b271.exr",
    "center_offset": [
        0.0,
        0.0,
        0.0
    ],
    "lights": [],
    "frames": [
        {
            "file_path": "/data/shapenet_blender/all_50_random/02958343/6dda1440d653d0c3bc5845a373118df7/r_0",
            "rotation": 0.12566370614359174,
            "transform_matrix": [
                [
                    0.7486637234687805,
                    -0.0020756302401423454,
                    0.6629467010498047,
                    2.6724236011505127
                ],
                [
                    0.6629499793052673,
                    0.002343991072848439,
                    -0.7486600279808044,
                    -3.0179450511932373
                ],
                [
                    2.3283064365386963e-10,
                    0.9999950528144836,
                    0.003130900440737605,
                    0.012621063739061356
                ],
                [
                    0.0,
                    0.0,
                    0.0,
                    1.0
                ]
            ]
        },
        {
            "file_path": "/data/shapenet_blender/all_50_random/02958343/6dda1440d653d0c3bc5845a373118df7/r_1",
            "rotation": 0.12566370614359174,
            "transform_matrix": [
                [
                    0.999890923500061,
                    -0.00043705289135687053,
                    -0.014762908220291138,
                    -0.05951118469238281
                ],
                [
                    -0.014769376255571842,
                    -0.029588602483272552,
                    -0.9994530081748962,
                    -4.028923988342285
                ],
                [
                    0.0,
                    0.9995620846748352,
                    -0.02959182858467102,
                    -0.11928847432136536
                ],
                [
                    0.0,
                    0.0,
                    0.0,
                    1.0
                ]
            ]
        },
        {
            "file_path": "/data/shapenet_blender/all_50_random/02958343/6dda1440d653d0c3bc5845a373118df7/r_2",
            "rotation": 0.12566370614359174,
            "transform_matrix": [
                [
                    -0.21816951036453247,
                    -0.08459986746311188,
                    0.9722370505332947,
                    3.919212818145752
                ],
                [
                    0.9759109616279602,
                    -0.018912699073553085,
                    0.21734818816184998,
                    0.876158595085144
                ],
                [
                    -1.862645371275562e-09,
                    0.9962354898452759,
                    0.08668810874223709,
                    0.349450945854187
                ],
                [
                    0.0,
                    0.0,
                    0.0,
                    1.0
                ]
            ]
        },
        {
            "file_path": "/data/shapenet_blender/all_50_random/02958343/6dda1440d653d0c3bc5845a373118df7/r_3",
            "rotation": 0.12566370614359174,
            "transform_matrix": [
                [
                    0.2807747721672058,
                    -0.719690203666687,
                    0.6349894404411316,
                    2.5597243309020996
                ],
                [
                    0.9597737193107605,
                    0.21054010093212128,
                    -0.18576151132583618,
                    -0.7488285899162292
                ],
                [
                    0.0,
                    0.6616033315658569,
                    0.7498540282249451,
                    3.0227582454681396
                ],
                [
                    0.0,
                    0.0,
                    0.0,
                    1.0
                ]
            ]
        },
        {
            "file_path": "/data/shapenet_blender/all_50_random/02958343/6dda1440d653d0c3bc5845a373118df7/r_4",
            "rotation": 0.12566370614359174,
            "transform_matrix": [
                [
                    -0.34796303510665894,
                    0.16772475838661194,
                    -0.9223827719688416,
                    -3.7182440757751465
                ],
                [
                    -0.9375081658363342,
                    -0.06225227564573288,
                    0.342349112033844,
                    1.3800535202026367
                ],
                [
                    0.0,
                    0.9838663935661316,
                    0.17890481650829315,
                    0.7211884260177612
                ],
                [
                    0.0,
                    0.0,
                    0.0,
                    1.0
                ]
            ]
        },
        {
            "file_path": "/data/shapenet_blender/all_50_random/02958343/6dda1440d653d0c3bc5845a373118df7/r_5",
            "rotation": 0.12566370614359174,
            "transform_matrix": [
                [
                    -0.9297224283218384,
                    -0.015859371051192284,
                    -0.367919385433197,
                    -1.4831304550170898
                ],
                [
                    -0.36826103925704956,
                    0.04003902152180672,
                    0.9288598299026489,
                    3.744353771209717
                ],
                [
                    0.0,
                    0.999072253704071,
                    -0.04306555911898613,
                    -0.17360281944274902
                ],
                [
                    0.0,
                    0.0,
                    0.0,
                    1.0
                ]
            ]
        },
        {
            "file_path": "/data/shapenet_blender/all_50_random/02958343/6dda1440d653d0c3bc5845a373118df7/r_6",
            "rotation": 0.12566370614359174,
            "transform_matrix": [
                [
                    -0.23117154836654663,
                    0.2997104227542877,
                    -0.9255989193916321,
                    -3.731208562850952
                ],
                [
                    -0.9729130268096924,
                    -0.07121347635984421,
                    0.21992935240268707,
                    0.8865635991096497
                ],
                [
                    7.450580596923828e-09,
                    0.9513686895370483,
                    0.30805468559265137,
                    1.2418081760406494
                ],
                [
                    0.0,
                    0.0,
                    0.0,
                    1.0
                ]
            ]
        },
        {
            "file_path": "/data/shapenet_blender/all_50_random/02958343/6dda1440d653d0c3bc5845a373118df7/r_7",
            "rotation": 0.12566370614359174,
            "transform_matrix": [
                [
                    -0.9137831926345825,
                    0.2340889573097229,
                    0.3319679796695709,
                    1.3382056951522827
                ],
                [
                    0.40620240569114685,
                    0.5266008973121643,
                    0.7467871904373169,
                    3.0103955268859863
                ],
                [
                    0.0,
                    0.8172476291656494,
                    -0.5762864947319031,
                    -2.323085069656372
                ],
                [
                    0.0,
                    0.0,
                    0.0,
                    1.0
                ]
            ]
        },
        {
            "file_path": "/data/shapenet_blender/all_50_random/02958343/6dda1440d653d0c3bc5845a373118df7/r_8",
            "rotation": 0.12566370614359174,
            "transform_matrix": [
                [
                    0.06638576835393906,
                    0.3654155731201172,
                    -0.9284741282463074,
                    -3.7427992820739746
                ],
                [
                    -0.9977940320968628,
                    0.02431202493607998,
                    -0.06177373602986336,
                    -0.24901790916919708
                ],
                [
                    0.0,
                    0.9305267930030823,
                    0.3662234842777252,
                    1.4762941598892212
                ],
                [
                    0.0,
                    0.0,
                    0.0,
                    1.0
                ]
            ]
        },
        {
            "file_path": "/data/shapenet_blender/all_50_random/02958343/6dda1440d653d0c3bc5845a373118df7/r_9",
            "rotation": 0.12566370614359174,
            "transform_matrix": [
                [
                    0.44627144932746887,
                    -0.8828883767127991,
                    -0.1461162120103836,
                    -0.5890132784843445
                ],
                [
                    -0.8948976993560791,
                    -0.44028258323669434,
                    -0.07286586612462997,
                    -0.293731689453125
                ],
                [
                    7.450580596923828e-09,
                    0.16327691078186035,
                    -0.9865802526473999,
                    -3.97703218460083
                ],
                [
                    0.0,
                    0.0,
                    0.0,
                    1.0
                ]
            ]
        },
        {
            "file_path": "/data/shapenet_blender/all_50_random/02958343/6dda1440d653d0c3bc5845a373118df7/r_10",
            "rotation": 0.12566370614359174,
            "transform_matrix": [
                [
                    -0.48386824131011963,
                    -0.589777410030365,
                    0.6465556025505066,
                    2.606348991394043
                ],
                [
                    0.8751409649848938,
                    -0.3260898292064667,
                    0.3574826717376709,
                    1.4410587549209595
                ],
                [
                    0.0,
                    0.7388017177581787,
                    0.6739228367805481,
                    2.716669797897339
                ],
                [
                    0.0,
                    0.0,
                    0.0,
                    1.0
                ]
            ]
        },
        {
            "file_path": "/data/shapenet_blender/all_50_random/02958343/6dda1440d653d0c3bc5845a373118df7/r_11",
            "rotation": 0.12566370614359174,
            "transform_matrix": [
                [
                    -0.9999454617500305,
                    -0.005715083330869675,
                    0.008738402277231216,
                    0.035225629806518555
                ],
                [
                    0.010441352613270283,
                    -0.5473209619522095,
                    0.8368576169013977,
                    3.373481273651123
                ],
                [
                    0.0,
                    0.8369031548500061,
                    0.5473507642745972,
                    2.206441640853882
                ],
                [
                    0.0,
                    0.0,
                    0.0,
                    1.0
                ]
            ]
        },
        {
            "file_path": "/data/shapenet_blender/all_50_random/02958343/6dda1440d653d0c3bc5845a373118df7/r_12",
            "rotation": 0.12566370614359174,
            "transform_matrix": [
                [
                    -0.4152096211910248,
                    0.09218287467956543,
                    -0.9050431847572327,
                    -3.648345947265625
                ],
                [
                    -0.9097257256507874,
                    -0.04207335785031319,
                    0.41307246685028076,
                    1.6651484966278076
                ],
                [
                    3.725290076417309e-09,
                    0.9948528409004211,
                    0.10133039206266403,
                    0.4084759056568146
                ],
                [
                    0.0,
                    0.0,
                    0.0,
                    1.0
                ]
            ]
        },
        {
            "file_path": "/data/shapenet_blender/all_50_random/02958343/6dda1440d653d0c3bc5845a373118df7/r_13",
            "rotation": 0.12566370614359174,
            "transform_matrix": [
                [
                    0.9416985511779785,
                    -0.2607501745223999,
                    -0.21263419091701508,
                    -0.8571559190750122
                ],
                [
                    -0.3364579677581787,
                    -0.7298030853271484,
                    -0.5951331853866577,
                    -2.3990588188171387
                ],
                [
                    0.0,
                    0.6319785118103027,
                    -0.7749858498573303,
                    -3.124068021774292
                ],
                [
                    0.0,
                    0.0,
                    0.0,
                    1.0
                ]
            ]
        },
        {
            "file_path": "/data/shapenet_blender/all_50_random/02958343/6dda1440d653d0c3bc5845a373118df7/r_14",
            "rotation": 0.12566370614359174,
            "transform_matrix": [
                [
                    0.9348364472389221,
                    -0.02306753396987915,
                    0.35432863235473633,
                    1.4283442497253418
                ],
                [
                    0.35507869720458984,
                    0.06073124706745148,
                    -0.9328617453575134,
                    -3.7604854106903076
                ],
                [
                    -1.8626449271863521e-09,
                    0.9978874921798706,
                    0.06496458500623703,
                    0.2618805766105652
                ],
                [
                    0.0,
                    0.0,
                    0.0,
                    1.0
                ]
            ]
        },
        {
            "file_path": "/data/shapenet_blender/all_50_random/02958343/6dda1440d653d0c3bc5845a373118df7/r_15",
            "rotation": 0.12566370614359174,
            "transform_matrix": [
                [
                    -0.9533964395523071,
                    0.15774831175804138,
                    0.2571977972984314,
                    1.0367976427078247
                ],
                [
                    0.3017204999923706,
                    0.49846363067626953,
                    0.812710702419281,
                    3.276141881942749
                ],
                [
                    0.0,
                    0.8524372577667236,
                    -0.5228292942047119,
                    -2.1075925827026367
                ],
                [
                    0.0,
                    0.0,
                    0.0,
                    1.0
                ]
            ]
        },
        {
            "file_path": "/data/shapenet_blender/all_50_random/02958343/6dda1440d653d0c3bc5845a373118df7/r_16",
            "rotation": 0.12566370614359174,
            "transform_matrix": [
                [
                    -0.5518767833709717,
                    -0.32859933376312256,
                    -0.766455888748169,
                    -3.089682102203369
                ],
                [
                    -0.833925724029541,
                    0.2174610048532486,
                    0.5072264671325684,
                    2.0446951389312744
                ],
                [
                    -1.4901161193847656e-08,
                    0.9190936088562012,
                    -0.394039124250412,
                    -1.5884222984313965
                ],
                [
                    0.0,
                    0.0,
                    0.0,
                    1.0
                ]
            ]
        },
        {
            "file_path": "/data/shapenet_blender/all_50_random/02958343/6dda1440d653d0c3bc5845a373118df7/r_17",
            "rotation": 0.12566370614359174,
            "transform_matrix": [
                [
                    -0.9914127588272095,
                    0.12705612182617188,
                    0.030944297090172768,
                    0.12474045157432556
                ],
                [
                    0.13077007234096527,
                    0.9632560014724731,
                    0.234599307179451,
                    0.9457000494003296
                ],
                [
                    -3.725290298461914e-09,
                    0.23663131892681122,
                    -0.9715995192527771,
                    -3.916642904281616
                ],
                [
                    0.0,
                    0.0,
                    0.0,
                    1.0
                ]
            ]
        },
        {
            "file_path": "/data/shapenet_blender/all_50_random/02958343/6dda1440d653d0c3bc5845a373118df7/r_18",
            "rotation": 0.12566370614359174,
            "transform_matrix": [
                [
                    -0.968227744102478,
                    -0.06801165640354156,
                    -0.24064384400844574,
                    -0.9700663685798645
                ],
                [
                    -0.25007009506225586,
                    0.26332926750183105,
                    0.9317309856414795,
                    3.755927801132202
                ],
                [
                    0.0,
                    0.9623056054115295,
                    -0.27197036147117615,
                    -1.0963475704193115
                ],
                [
                    0.0,
                    0.0,
                    0.0,
                    1.0
                ]
            ]
        },
        {
            "file_path": "/data/shapenet_blender/all_50_random/02958343/6dda1440d653d0c3bc5845a373118df7/r_19",
            "rotation": 0.12566370614359174,
            "transform_matrix": [
                [
                    -0.5435186624526978,
                    0.024953745305538177,
                    0.8390260934829712,
                    3.3822221755981445
                ],
                [
                    0.839397132396698,
                    0.01615781895816326,
                    0.5432783961296082,
                    2.1900253295898438
                ],
                [
                    -9.313225746154785e-10,
                    0.9995579123497009,
                    -0.029728179797530174,
                    -0.11983811855316162
                ],
                [
                    0.0,
                    0.0,
                    0.0,
                    1.0
                ]
            ]
        },
        {
            "file_path": "/data/shapenet_blender/all_50_random/02958343/6dda1440d653d0c3bc5845a373118df7/r_20",
            "rotation": 0.12566370614359174,
            "transform_matrix": [
                [
                    -0.8537003397941589,
                    -0.16060873866081238,
                    -0.49537914991378784,
                    -1.9969372749328613
                ],
                [
                    -0.5207644104957581,
                    0.26328933238983154,
                    0.8120856285095215,
                    3.2736217975616455
                ],
                [
                    0.0,
                    0.9512536525726318,
                    -0.30840954184532166,
                    -1.2432386875152588
                ],
                [
                    0.0,
                    0.0,
                    0.0,
                    1.0
                ]
            ]
        },
        {
            "file_path": "/data/shapenet_blender/all_50_random/02958343/6dda1440d653d0c3bc5845a373118df7/r_21",
            "rotation": 0.12566370614359174,
            "transform_matrix": [
                [
                    0.9046931862831116,
                    0.3266279995441437,
                    0.2735770046710968,
                    1.1028242111206055
                ],
                [
                    0.4260636866092682,
                    -0.6935539245605469,
                    -0.5809066891670227,
                    -2.341709852218628
                ],
                [
                    1.4901161193847656e-08,
                    0.6421034932136536,
                    -0.7666178345680237,
                    -3.0903353691101074
                ],
                [
                    0.0,
                    0.0,
                    0.0,
                    1.0
                ]
            ]
        },
        {
            "file_path": "/data/shapenet_blender/all_50_random/02958343/6dda1440d653d0c3bc5845a373118df7/r_22",
            "rotation": 0.12566370614359174,
            "transform_matrix": [
                [
                    -0.9482229351997375,
                    -0.07581961899995804,
                    0.3084227442741394,
                    1.2432918548583984
                ],
                [
                    0.3176054358482361,
                    -0.22636233270168304,
                    0.9208076596260071,
                    3.7118945121765137
                ],
                [
                    0.0,
                    0.9710876941680908,
                    0.23872269690036774,
                    0.9623219966888428
                ],
                [
                    0.0,
                    0.0,
                    0.0,
                    1.0
                ]
            ]
        },
        {
            "file_path": "/data/shapenet_blender/all_50_random/02958343/6dda1440d653d0c3bc5845a373118df7/r_23",
            "rotation": 0.12566370614359174,
            "transform_matrix": [
                [
                    0.019285866990685463,
                    0.2544400691986084,
                    0.9668962359428406,
                    3.8976831436157227
                ],
                [
                    0.9998140335083008,
                    -0.004908009897917509,
                    -0.018650900572538376,
                    -0.0751841813325882
                ],
                [
                    -4.6566123179658803e-10,
                    0.9670760631561279,
                    -0.25448739528656006,
                    -1.0258715152740479
                ],
                [
                    0.0,
                    0.0,
                    0.0,
                    1.0
                ]
            ]
        },
        {
            "file_path": "/data/shapenet_blender/all_50_random/02958343/6dda1440d653d0c3bc5845a373118df7/r_24",
            "rotation": 0.12566370614359174,
            "transform_matrix": [
                [
                    0.5806381106376648,
                    0.25038546323776245,
                    -0.774704098701477,
                    -3.122932195663452
                ],
                [
                    -0.8141617178916931,
                    0.17856815457344055,
                    -0.5524980425834656,
                    -2.2271907329559326
                ],
                [
                    0.0,
                    0.9515358805656433,
                    0.3075377643108368,
                    1.2397243976593018
                ],
                [
                    0.0,
                    0.0,
                    0.0,
                    1.0
                ]
            ]
        },
        {
            "file_path": "/data/shapenet_blender/all_50_random/02958343/6dda1440d653d0c3bc5845a373118df7/r_25",
            "rotation": 0.12566370614359174,
            "transform_matrix": [
                [
                    0.7299279570579529,
                    0.09409184008836746,
                    -0.6770168542861938,
                    -2.729142189025879
                ],
                [
                    -0.683523952960968,
                    0.10047968477010727,
                    -0.7229791283607483,
                    -2.914422035217285
                ],
                [
                    0.0,
                    0.9904800057411194,
                    0.13765695691108704,
                    0.5549129247665405
                ],
                [
                    0.0,
                    0.0,
                    0.0,
                    1.0
                ]
            ]
        },
        {
            "file_path": "/data/shapenet_blender/all_50_random/02958343/6dda1440d653d0c3bc5845a373118df7/r_26",
            "rotation": 0.12566370614359174,
            "transform_matrix": [
                [
                    -0.9867955446243286,
                    0.07767067849636078,
                    0.14213316142559052,
                    0.5729571580886841
                ],
                [
                    0.16197091341018677,
                    0.47320276498794556,
                    0.8659356236457825,
                    3.4906983375549316
                ],
                [
                    0.0,
                    0.877522885799408,
                    -0.47953471541404724,
                    -1.9330663681030273
                ],
                [
                    0.0,
                    0.0,
                    0.0,
                    1.0
                ]
            ]
        },
        {
            "file_path": "/data/shapenet_blender/all_50_random/02958343/6dda1440d653d0c3bc5845a373118df7/r_27",
            "rotation": 0.12566370614359174,
            "transform_matrix": [
                [
                    -0.10757696628570557,
                    -0.12988755106925964,
                    -0.9856756925582886,
                    -3.9733853340148926
                ],
                [
                    -0.9941967725753784,
                    0.01405447069555521,
                    0.10665494948625565,
                    0.42993980646133423
                ],
                [
                    0.0,
                    0.9914290904998779,
                    -0.1306457221508026,
                    -0.5266497135162354
                ],
                [
                    0.0,
                    0.0,
                    0.0,
                    1.0
                ]
            ]
        },
        {
            "file_path": "/data/shapenet_blender/all_50_random/02958343/6dda1440d653d0c3bc5845a373118df7/r_28",
            "rotation": 0.12566370614359174,
            "transform_matrix": [
                [
                    -0.0027551017701625824,
                    -0.18537698686122894,
                    0.9826635718345642,
                    3.9612436294555664
                ],
                [
                    0.9999962449073792,
                    -0.0005107343313284218,
                    0.0027073482051491737,
                    0.010913670063018799
                ],
                [
                    -5.820766091346741e-11,
                    0.9826674461364746,
                    0.18537767231464386,
                    0.7472813129425049
                ],
                [
                    0.0,
                    0.0,
                    0.0,
                    1.0
                ]
            ]
        },
        {
            "file_path": "/data/shapenet_blender/all_50_random/02958343/6dda1440d653d0c3bc5845a373118df7/r_29",
            "rotation": 0.12566370614359174,
            "transform_matrix": [
                [
                    0.18743698298931122,
                    0.09389539062976837,
                    -0.9777786135673523,
                    -3.941551685333252
                ],
                [
                    -0.9822766780853271,
                    0.01791701838374138,
                    -0.1865786761045456,
                    -0.752122700214386
                ],
                [
                    0.0,
                    0.9954208731651306,
                    0.0955895483493805,
                    0.3853338062763214
                ],
                [
                    0.0,
                    0.0,
                    0.0,
                    1.0
                ]
            ]
        },
        {
            "file_path": "/data/shapenet_blender/all_50_random/02958343/6dda1440d653d0c3bc5845a373118df7/r_30",
            "rotation": 0.12566370614359174,
            "transform_matrix": [
                [
                    -0.5772958993911743,
                    -0.5199705362319946,
                    -0.6295713186264038,
                    -2.5378832817077637
                ],
                [
                    -0.8165350556373596,
                    0.3676227629184723,
                    0.4451112747192383,
                    1.79430091381073
                ],
                [
                    -1.4901161193847656e-08,
                    0.7710279226303101,
                    -0.6368013024330139,
                    -2.567028045654297
                ],
                [
                    0.0,
                    0.0,
                    0.0,
                    1.0
                ]
            ]
        },
        {
            "file_path": "/data/shapenet_blender/all_50_random/02958343/6dda1440d653d0c3bc5845a373118df7/r_31",
            "rotation": 0.12566370614359174,
            "transform_matrix": [
                [
                    0.04665559530258179,
                    0.24391864240169525,
                    0.9686726927757263,
                    3.9048447608947754
                ],
                [
                    0.9989110231399536,
                    -0.011392575688660145,
                    -0.0452432706952095,
                    -0.18238146603107452
                ],
                [
                    0.0,
                    0.9697287082672119,
                    -0.24418455362319946,
                    -0.9843394756317139
                ],
                [
                    0.0,
                    0.0,
                    0.0,
                    1.0
                ]
            ]
        },
        {
            "file_path": "/data/shapenet_blender/all_50_random/02958343/6dda1440d653d0c3bc5845a373118df7/r_32",
            "rotation": 0.12566370614359174,
            "transform_matrix": [
                [
                    0.9986217021942139,
                    0.023849911987781525,
                    -0.04675479605793953,
                    -0.1884746253490448
                ],
                [
                    -0.05248647928237915,
                    0.4537748098373413,
                    -0.8895692825317383,
                    -3.5859687328338623
                ],
                [
                    0.0,
                    0.8907971382141113,
                    0.4544011056423187,
                    1.8317495584487915
                ],
                [
                    0.0,
                    0.0,
                    0.0,
                    1.0
                ]
            ]
        },
        {
            "file_path": "/data/shapenet_blender/all_50_random/02958343/6dda1440d653d0c3bc5845a373118df7/r_33",
            "rotation": 0.12566370614359174,
            "transform_matrix": [
                [
                    0.03567235544323921,
                    -0.4783872663974762,
                    0.8774241209030151,
                    3.5370099544525146
                ],
                [
                    0.9993635416030884,
                    0.017076069489121437,
                    -0.031319718807935715,
                    -0.12625384330749512
                ],
                [
                    0.0,
                    0.877983033657074,
                    0.47869184613227844,
                    1.929668664932251
                ],
                [
                    0.0,
                    0.0,
                    0.0,
                    1.0
                ]
            ]
        },
        {
            "file_path": "/data/shapenet_blender/all_50_random/02958343/6dda1440d653d0c3bc5845a373118df7/r_34",
            "rotation": 0.12566370614359174,
            "transform_matrix": [
                [
                    -0.7305281162261963,
                    -0.5086157321929932,
                    0.45567387342453003,
                    1.836880087852478
                ],
                [
                    0.6828826069831848,
                    -0.5441024303436279,
                    0.4874667227268219,
                    1.965041160583496
                ],
                [
                    1.4901161193847656e-08,
                    0.6672797799110413,
                    0.7448070645332336,
                    3.002413272857666
                ],
                [
                    0.0,
                    0.0,
                    0.0,
                    1.0
                ]
            ]
        },
        {
            "file_path": "/data/shapenet_blender/all_50_random/02958343/6dda1440d653d0c3bc5845a373118df7/r_35",
            "rotation": 0.12566370614359174,
            "transform_matrix": [
                [
                    0.3898709714412689,
                    0.2026195228099823,
                    0.8983017206192017,
                    3.6211700439453125
                ],
                [
                    0.9208695888519287,
                    -0.08578354865312576,
                    -0.3803163468837738,
                    -1.5331041812896729
                ],
                [
                    -7.450581485102248e-09,
                    0.9754928946495056,
                    -0.22003066539764404,
                    -0.8869720101356506
                ],
                [
                    0.0,
                    0.0,
                    0.0,
                    1.0
                ]
            ]
        },
        {
            "file_path": "/data/shapenet_blender/all_50_random/02958343/6dda1440d653d0c3bc5845a373118df7/r_36",
            "rotation": 0.12566370614359174,
            "transform_matrix": [
                [
                    0.8253029584884644,
                    -0.12648457288742065,
                    -0.5503422021865845,
                    -2.2185006141662598
                ],
                [
                    -0.564690113067627,
                    -0.18485908210277557,
                    -0.8043332695960999,
                    -3.2423713207244873
                ],
                [
                    0.0,
                    0.9745914936065674,
                    -0.223989337682724,
                    -0.902929961681366
                ],
                [
                    0.0,
                    0.0,
                    0.0,
                    1.0
                ]
            ]
        },
        {
            "file_path": "/data/shapenet_blender/all_50_random/02958343/6dda1440d653d0c3bc5845a373118df7/r_37",
            "rotation": 0.12566370614359174,
            "transform_matrix": [
                [
                    -0.06657677888870239,
                    -0.08019961416721344,
                    -0.9945530295372009,
                    -4.009171009063721
                ],
                [
                    -0.9977813363075256,
                    0.00535130500793457,
                    0.06636136770248413,
                    0.26751118898391724
                ],
                [
                    4.6566123179658803e-10,
                    0.9967644810676575,
                    -0.0803779661655426,
                    -0.32401391863822937
                ],
                [
                    0.0,
                    0.0,
                    0.0,
                    1.0
                ]
            ]
        },
        {
            "file_path": "/data/shapenet_blender/all_50_random/02958343/6dda1440d653d0c3bc5845a373118df7/r_38",
            "rotation": 0.12566370614359174,
            "transform_matrix": [
                [
                    -0.45121142268180847,
                    -0.2751428484916687,
                    0.8489432334899902,
                    3.4221997261047363
                ],
                [
                    0.8924171328544617,
                    -0.13911385834217072,
                    0.42923077940940857,
                    1.730284571647644
                ],
                [
                    -1.4901162970204496e-08,
                    0.951285183429718,
                    0.30831196904182434,
                    1.2428452968597412
                ],
                [
                    0.0,
                    0.0,
                    0.0,
                    1.0
                ]
            ]
        },
        {
            "file_path": "/data/shapenet_blender/all_50_random/02958343/6dda1440d653d0c3bc5845a373118df7/r_39",
            "rotation": 0.12566370614359174,
            "transform_matrix": [
                [
                    -0.8832645416259766,
                    -0.027293113991618156,
                    0.4680801331996918,
                    1.8868913650512695
                ],
                [
                    0.4688751995563507,
                    -0.0514146164059639,
                    0.8817667961120605,
                    3.5545156002044678
                ],
                [
                    -1.862645371275562e-09,
                    0.9983042478561401,
                    0.058209776878356934,
                    0.234651118516922
                ],
                [
                    0.0,
                    0.0,
                    0.0,
                    1.0
                ]
            ]
        },
        {
            "file_path": "/data/shapenet_blender/all_50_random/02958343/6dda1440d653d0c3bc5845a373118df7/r_40",
            "rotation": 0.12566370614359174,
            "transform_matrix": [
                [
                    -0.5197892189025879,
                    -0.4740045964717865,
                    0.7107312083244324,
                    2.865049123764038
                ],
                [
                    0.8542945981025696,
                    -0.28840458393096924,
                    0.4324391186237335,
                    1.7432178258895874
                ],
                [
                    1.4901161193847656e-08,
                    0.8319509029388428,
                    0.5548492074012756,
                    2.236668586730957
                ],
                [
                    0.0,
                    0.0,
                    0.0,
                    1.0
                ]
            ]
        },
        {
            "file_path": "/data/shapenet_blender/all_50_random/02958343/6dda1440d653d0c3bc5845a373118df7/r_41",
            "rotation": 0.12566370614359174,
            "transform_matrix": [
                [
                    0.8829768896102905,
                    -0.019659031182527542,
                    0.46900469064712524,
                    1.8906183242797852
                ],
                [
                    0.4694165885448456,
                    0.036978818476200104,
                    -0.8822021484375,
                    -3.5562705993652344
                ],
                [
