{
    "class": "02958343",
    "model": "cdd58286e3e428ec1fabf3cbd0fc77bc",
    "remove_doubles": true,
    "edge_split": true,
    "denoise": true,
    "camera_angle_x": 0.6911112070083618,
    "scale_factor": 2.3767987085522995,
    "hdri_file": "/data/IndoorHDRDataset2018/AG8A9016-45fc29b521.exr",
    "center_offset": [
        0.0,
        0.0,
        1.862645149230957e-09
    ],
    "lights": [],
    "frames": [
        {
            "file_path": "/data/shapenet_blender/all_50_random/02958343/cdd58286e3e428ec1fabf3cbd0fc77bc/r_0",
            "rotation": 0.12566370614359174,
            "transform_matrix": [
                [
                    0.9735152721405029,
                    0.018162040039896965,
                    0.22789937257766724,
                    0.9186917543411255
                ],
                [
                    0.2286219298839569,
                    -0.07733739167451859,
                    -0.9704384803771973,
                    -3.9119627475738525
                ],
                [
                    1.862645149230957e-09,
                    0.9968395233154297,
                    -0.0794413685798645,
                    -0.3202384114265442
                ],
                [
                    0.0,
                    0.0,
                    0.0,
                    1.0
                ]
            ]
        },
        {
            "file_path": "/data/shapenet_blender/all_50_random/02958343/cdd58286e3e428ec1fabf3cbd0fc77bc/r_1",
            "rotation": 0.12566370614359174,
            "transform_matrix": [
                [
                    -0.5162340402603149,
                    -0.776832640171051,
                    -0.3606015741825104,
                    -1.4536314010620117
                ],
                [
                    -0.8564475774765015,
                    0.46824514865875244,
                    0.21735690534114838,
                    0.8761937022209167
                ],
                [
                    0.0,
                    0.4210433065891266,
                    -0.9070404767990112,
                    -3.6563971042633057
                ],
                [
                    0.0,
                    0.0,
                    0.0,
                    1.0
                ]
            ]
        },
        {
            "file_path": "/data/shapenet_blender/all_50_random/02958343/cdd58286e3e428ec1fabf3cbd0fc77bc/r_2",
            "rotation": 0.12566370614359174,
            "transform_matrix": [
                [
                    -0.8072019815444946,
                    -0.5596161484718323,
                    0.18776267766952515,
                    0.7568956017494202
                ],
                [
                    0.5902754068374634,
                    -0.7652753591537476,
                    0.25676554441452026,
                    1.035055160522461
                ],
                [
                    0.0,
                    0.3180934488773346,
                    0.9480593204498291,
                    3.821749687194824
                ],
                [
                    0.0,
                    0.0,
                    0.0,
                    1.0
                ]
            ]
        },
        {
            "file_path": "/data/shapenet_blender/all_50_random/02958343/cdd58286e3e428ec1fabf3cbd0fc77bc/r_3",
            "rotation": 0.12566370614359174,
            "transform_matrix": [
                [
                    0.9945369958877563,
                    -0.08855965733528137,
                    0.05525871366262436,
                    0.22275499999523163
                ],
                [
                    0.10438554733991623,
                    0.843755304813385,
                    -0.5264793634414673,
                    -2.1223061084747314
                ],
                [
                    0.0,
                    0.5293713212013245,
                    0.8483902812004089,
                    3.4199705123901367
                ],
                [
                    0.0,
                    0.0,
                    0.0,
                    1.0
                ]
            ]
        },
        {
            "file_path": "/data/shapenet_blender/all_50_random/02958343/cdd58286e3e428ec1fabf3cbd0fc77bc/r_4",
            "rotation": 0.12566370614359174,
            "transform_matrix": [
                [
                    -0.8348514437675476,
                    0.04712969437241554,
                    0.5484539866447449,
                    2.210888624191284
                ],
                [
                    0.5504752397537231,
                    0.07147695869207382,
                    0.831786036491394,
                    3.353036880493164
                ],
                [
                    0.0,
                    0.9963282346725464,
                    -0.08561637252569199,
                    -0.3451306223869324
                ],
                [
                    0.0,
                    0.0,
                    0.0,
                    1.0
                ]
            ]
        },
        {
            "file_path": "/data/shapenet_blender/all_50_random/02958343/cdd58286e3e428ec1fabf3cbd0fc77bc/r_5",
            "rotation": 0.12566370614359174,
            "transform_matrix": [
                [
                    -0.4020635485649109,
                    0.6928134560585022,
                    0.598626971244812,
                    2.413142681121826
                ],
                [
                    0.915611743927002,
                    0.3042283356189728,
                    0.2628691494464874,
                    1.0596596002578735
                ],
                [
                    0.0,
                    0.6538000106811523,
                    -0.7566672563552856,
                    -3.0502235889434814
                ],
                [
                    0.0,
                    0.0,
                    0.0,
                    1.0
                ]
            ]
        },
        {
            "file_path": "/data/shapenet_blender/all_50_random/02958343/cdd58286e3e428ec1fabf3cbd0fc77bc/r_6",
            "rotation": 0.12566370614359174,
            "transform_matrix": [
                [
                    -0.511380136013031,
                    -0.588526725769043,
                    0.6262000203132629,
                    2.5242929458618164
                ],
                [
                    0.859354555606842,
                    -0.35021737217903137,
                    0.3726358115673065,
                    1.5021430253982544
                ],
                [
                    -1.4901161193847656e-08,
                    0.7286863327026367,
                    0.6848474740982056,
                    2.7607085704803467
                ],
                [
                    0.0,
                    0.0,
                    0.0,
                    1.0
                ]
            ]
        },
        {
            "file_path": "/data/shapenet_blender/all_50_random/02958343/cdd58286e3e428ec1fabf3cbd0fc77bc/r_7",
            "rotation": 0.12566370614359174,
            "transform_matrix": [
                [
                    0.11946388334035873,
                    -0.7180364727973938,
                    0.6856762170791626,
                    2.7640492916107178
                ],
                [
                    0.9928385615348816,
                    0.0863981619477272,
                    -0.08250439167022705,
                    -0.3325858414173126
                ],
                [
                    0.0,
                    0.6906220316886902,
                    0.7232158184051514,
                    2.9153761863708496
                ],
                [
                    0.0,
                    0.0,
                    0.0,
                    1.0
                ]
            ]
        },
        {
            "file_path": "/data/shapenet_blender/all_50_random/02958343/cdd58286e3e428ec1fabf3cbd0fc77bc/r_8",
            "rotation": 0.12566370614359174,
            "transform_matrix": [
                [
                    -0.36949923634529114,
                    -0.3048533797264099,
                    -0.8778010606765747,
                    -3.53852915763855
                ],
                [
                    -0.9292310476303101,
                    0.12122184038162231,
                    0.3490486443042755,
                    1.407060146331787
                ],
                [
                    7.450580152834618e-09,
                    0.9446532726287842,
                    -0.3280705511569977,
                    -1.3224947452545166
                ],
                [
                    0.0,
                    0.0,
                    0.0,
                    1.0
                ]
            ]
        },
        {
            "file_path": "/data/shapenet_blender/all_50_random/02958343/cdd58286e3e428ec1fabf3cbd0fc77bc/r_9",
            "rotation": 0.12566370614359174,
            "transform_matrix": [
                [
                    0.9766449332237244,
                    -0.1643480807542801,
                    -0.13840003311634064,
                    -0.5579084157943726
                ],
                [
                    -0.21486012637615204,
                    -0.7470428347587585,
                    -0.6290962100028992,
                    -2.535968065261841
                ],
                [
                    7.450581485102248e-09,
                    0.6441402435302734,
                    -0.7649073004722595,
                    -3.0834403038024902
                ],
                [
                    0.0,
                    0.0,
                    0.0,
                    1.0
                ]
            ]
        },
        {
            "file_path": "/data/shapenet_blender/all_50_random/02958343/cdd58286e3e428ec1fabf3cbd0fc77bc/r_10",
            "rotation": 0.12566370614359174,
            "transform_matrix": [
                [
                    -0.13360020518302917,
                    -0.42249101400375366,
                    -0.8964666128158569,
                    -3.613772392272949
                ],
                [
                    -0.9910354018211365,
                    0.05695546790957451,
                    0.12085150927305222,
                    0.48716801404953003
                ],
                [
                    0.0,
                    0.904575765132904,
                    -0.4263128340244293,
                    -1.7185219526290894
                ],
                [
                    0.0,
                    0.0,
                    0.0,
                    1.0
                ]
            ]
        },
        {
            "file_path": "/data/shapenet_blender/all_50_random/02958343/cdd58286e3e428ec1fabf3cbd0fc77bc/r_11",
            "rotation": 0.12566370614359174,
            "transform_matrix": [
                [
                    -0.9011029601097107,
                    -0.02038434147834778,
                    0.43312588334083557,
                    1.7459864616394043
                ],
                [
                    0.4336053729057312,
                    -0.04236200079321861,
                    0.9001064896583557,
                    3.628445625305176
                ],
                [
                    0.0,
                    0.9988942742347717,
                    0.047011278569698334,
                    0.18950854241847992
                ],
                [
                    0.0,
                    0.0,
                    0.0,
                    1.0
                ]
            ]
        },
        {
            "file_path": "/data/shapenet_blender/all_50_random/02958343/cdd58286e3e428ec1fabf3cbd0fc77bc/r_12",
            "rotation": 0.12566370614359174,
            "transform_matrix": [
                [
                    -0.6622751951217651,
                    -0.6865125894546509,
                    0.3001531660556793,
                    1.2099562883377075
                ],
                [
                    0.7492607235908508,
                    -0.6068118214607239,
                    0.26530683040618896,
                    1.069486141204834
                ],
                [
                    0.0,
                    0.40059909224510193,
                    0.9162533283233643,
                    3.693535566329956
                ],
                [
                    0.0,
                    0.0,
                    0.0,
                    1.0
                ]
            ]
        },
        {
            "file_path": "/data/shapenet_blender/all_50_random/02958343/cdd58286e3e428ec1fabf3cbd0fc77bc/r_13",
            "rotation": 0.12566370614359174,
            "transform_matrix": [
                [
                    0.8316150307655334,
                    -0.17624129354953766,
                    -0.5266456007957458,
                    -2.122976303100586
                ],
                [
                    -0.5553527474403381,
                    -0.26391318440437317,
                    -0.7886274456977844,
                    -3.1790590286254883
                ],
                [
                    0.0,
                    0.9483084082603455,
                    -0.3173501789569855,
                    -1.2792794704437256
                ],
                [
                    0.0,
                    0.0,
                    0.0,
                    1.0
                ]
            ]
        },
        {
            "file_path": "/data/shapenet_blender/all_50_random/02958343/cdd58286e3e428ec1fabf3cbd0fc77bc/r_14",
            "rotation": 0.12566370614359174,
            "transform_matrix": [
                [
                    -0.9961955547332764,
                    -0.04949967935681343,
                    0.0717226192355156,
                    0.2891231179237366
                ],
                [
                    0.08714557439088821,
                    -0.5658504366874695,
                    0.8198896050453186,
                    3.3050806522369385
                ],
                [
                    3.725290076417309e-09,
                    0.8230205774307251,
                    0.5680114030838013,
                    2.289727210998535
                ],
                [
                    0.0,
                    0.0,
                    0.0,
                    1.0
                ]
            ]
        },
        {
            "file_path": "/data/shapenet_blender/all_50_random/02958343/cdd58286e3e428ec1fabf3cbd0fc77bc/r_15",
            "rotation": 0.12566370614359174,
            "transform_matrix": [
                [
                    0.08594458550214767,
                    -0.027741435915231705,
                    0.995913565158844,
                    4.014656066894531
                ],
                [
                    0.9962999820709229,
                    0.0023930808529257774,
                    -0.08591125905513763,
                    -0.3463193476200104
                ],
                [
                    -2.3283067140944524e-10,
                    0.9996122121810913,
                    0.027844462543725967,
                    0.1122446209192276
                ],
                [
                    0.0,
                    0.0,
                    0.0,
                    1.0
                ]
            ]
        },
        {
            "file_path": "/data/shapenet_blender/all_50_random/02958343/cdd58286e3e428ec1fabf3cbd0fc77bc/r_16",
            "rotation": 0.12566370614359174,
            "transform_matrix": [
                [
                    -0.43531709909439087,
                    0.27020588517189026,
                    0.8587710857391357,
                    3.4618170261383057
                ],
                [
                    0.9002771973609924,
                    0.1306544691324234,
                    0.4152473509311676,
                    1.6739156246185303
                ],
                [
                    0.0,
                    0.9538963437080383,
                    -0.3001363277435303,
                    -1.209888219833374
                ],
                [
                    0.0,
                    0.0,
                    0.0,
                    1.0
                ]
            ]
        },
        {
            "file_path": "/data/shapenet_blender/all_50_random/02958343/cdd58286e3e428ec1fabf3cbd0fc77bc/r_17",
            "rotation": 0.12566370614359174,
            "transform_matrix": [
                [
                    -0.9678258299827576,
                    0.22351829707622528,
                    0.11555448174476624,
                    0.465815007686615
                ],
                [
                    0.2516213059425354,
                    0.8597315549850464,
                    0.4444640278816223,
                    1.791691780090332
                ],
                [
                    7.450581485102248e-09,
                    0.4592396020889282,
                    -0.8883123397827148,
                    -3.580901622772217
                ],
                [
                    0.0,
                    0.0,
                    0.0,
                    1.0
                ]
            ]
        },
        {
            "file_path": "/data/shapenet_blender/all_50_random/02958343/cdd58286e3e428ec1fabf3cbd0fc77bc/r_18",
            "rotation": 0.12566370614359174,
            "transform_matrix": [
                [
                    0.7989377379417419,
                    -0.21622543036937714,
                    0.5611994862556458,
                    2.262267827987671
                ],
                [
                    0.6014136075973511,
                    0.28724098205566406,
                    -0.7455159425735474,
                    -3.0052711963653564
                ],
                [
                    1.4901161193847656e-08,
                    0.9331339597702026,
                    0.3595286011695862,
                    1.4493062496185303
                ],
                [
                    0.0,
                    0.0,
                    0.0,
                    1.0
                ]
            ]
        },
        {
            "file_path": "/data/shapenet_blender/all_50_random/02958343/cdd58286e3e428ec1fabf3cbd0fc77bc/r_19",
            "rotation": 0.12566370614359174,
            "transform_matrix": [
                [
                    -0.8090348839759827,
                    0.05695461109280586,
                    -0.5849945545196533,
                    -2.3581883907318115
                ],
                [
                    -0.5877604484558105,
                    -0.07839633524417877,
                    0.8052276968955994,
                    3.245976686477661
                ],
                [
                    0.0,
                    0.995293915271759,
                    0.0969010666012764,
                    0.39062070846557617
                ],
                [
                    0.0,
                    0.0,
                    0.0,
                    1.0
                ]
            ]
        },
        {
            "file_path": "/data/shapenet_blender/all_50_random/02958343/cdd58286e3e428ec1fabf3cbd0fc77bc/r_20",
            "rotation": 0.12566370614359174,
            "transform_matrix": [
                [
                    0.9048413634300232,
                    -0.13571354746818542,
                    0.40353941917419434,
                    1.6267194747924805
                ],
                [
                    0.4257490932941437,
                    0.28843098878860474,
                    -0.8576393723487854,
                    -3.4572548866271973
                ],
                [
                    1.4901162970204496e-08,
                    0.9478339552879333,
                    0.31876423954963684,
                    1.2849797010421753
                ],
                [
                    0.0,
                    0.0,
                    0.0,
                    1.0
                ]
            ]
        },
        {
            "file_path": "/data/shapenet_blender/all_50_random/02958343/cdd58286e3e428ec1fabf3cbd0fc77bc/r_21",
            "rotation": 0.12566370614359174,
            "transform_matrix": [
                [
                    -0.9792744517326355,
                    0.06498827040195465,
                    0.191828653216362,
                    0.7732860445976257
                ],
                [
                    0.20253819227218628,
                    0.31421905755996704,
                    0.9274937510490417,
                    3.738847017288208
                ],
                [
                    -3.725290742551124e-09,
                    0.9471234083175659,
                    -0.3208692669868469,
                    -1.2934653759002686
                ],
                [
                    0.0,
                    0.0,
                    0.0,
                    1.0
                ]
            ]
        },
        {
            "file_path": "/data/shapenet_blender/all_50_random/02958343/cdd58286e3e428ec1fabf3cbd0fc77bc/r_22",
            "rotation": 0.12566370614359174,
            "transform_matrix": [
                [
                    -0.3762516379356384,
                    0.04303440824151039,
                    0.9255175590515137,
                    3.7308804988861084
                ],
                [
                    0.9265174269676208,
                    0.017475945875048637,
                    0.37584561109542847,
                    1.5150821208953857
                ],
                [
                    -1.8626450382086546e-09,
                    0.9989206194877625,
                    -0.04644749313592911,
                    -0.18723583221435547
                ],
                [
                    0.0,
                    0.0,
                    0.0,
                    1.0
                ]
            ]
        },
        {
            "file_path": "/data/shapenet_blender/all_50_random/02958343/cdd58286e3e428ec1fabf3cbd0fc77bc/r_23",
            "rotation": 0.12566370614359174,
            "transform_matrix": [
                [
                    0.4111007750034332,
                    0.1943964809179306,
                    -0.8906212449073792,
                    -3.5902090072631836
                ],
                [
                    -0.9115899205207825,
                    0.08766720443964005,
                    -0.4016444981098175,
                    -1.6190807819366455
                ],
                [
                    0.0,
                    0.9769976139068604,
                    0.21324996650218964,
                    0.8596380949020386
                ],
                [
                    0.0,
                    0.0,
                    0.0,
                    1.0
                ]
            ]
        },
        {
            "file_path": "/data/shapenet_blender/all_50_random/02958343/cdd58286e3e428ec1fabf3cbd0fc77bc/r_24",
            "rotation": 0.12566370614359174,
            "transform_matrix": [
                [
                    0.9689064025878906,
                    -0.15368004143238068,
                    0.19391480088233948,
                    0.781695544719696
                ],
                [
                    0.2474277913570404,
                    0.6017981171607971,
                    -0.7593540549278259,
                    -3.061053991317749
                ],
                [
                    0.0,
                    0.7837228775024414,
                    0.6211106777191162,
                    2.503777265548706
                ],
                [
                    0.0,
                    0.0,
                    0.0,
                    1.0
                ]
            ]
        },
        {
            "file_path": "/data/shapenet_blender/all_50_random/02958343/cdd58286e3e428ec1fabf3cbd0fc77bc/r_25",
            "rotation": 0.12566370614359174,
            "transform_matrix": [
                [
                    0.2030831128358841,
                    -0.2399953305721283,
                    0.9492941498756409,
                    3.8267271518707275
                ],
                [
                    0.9791614413261414,
                    0.049776267260313034,
                    -0.1968884915113449,
                    -0.793682873249054
                ],
                [
                    -3.725290076417309e-09,
                    0.96949702501297,
                    0.2451029121875763,
                    0.9880414605140686
                ],
                [
                    0.0,
                    0.0,
                    0.0,
                    1.0
                ]
            ]
        },
        {
            "file_path": "/data/shapenet_blender/all_50_random/02958343/cdd58286e3e428ec1fabf3cbd0fc77bc/r_26",
            "rotation": 0.12566370614359174,
            "transform_matrix": [
                [
                    -0.5869720578193665,
                    -0.04897485673427582,
                    0.8081246018409729,
                    3.2576544284820557
                ],
                [
                    0.8096072673797607,
                    -0.03550717979669571,
                    0.5858970880508423,
                    2.3618266582489014
                ],
                [
                    1.862645149230957e-09,
                    0.9981686472892761,
                    0.06049211323261261,
                    0.24385151267051697
                ],
                [
                    0.0,
                    0.0,
                    0.0,
                    1.0
                ]
            ]
        },
        {
            "file_path": "/data/shapenet_blender/all_50_random/02958343/cdd58286e3e428ec1fabf3cbd0fc77bc/r_27",
            "rotation": 0.12566370614359174,
            "transform_matrix": [
                [
                    -0.9962729811668396,
                    -8.285518561024219e-05,
                    -0.08625637739896774,
                    -0.34771060943603516
                ],
                [
                    -0.08625642955303192,
                    0.0009569881949573755,
                    0.9962723851203918,
                    4.0161027908325195
                ],
                [
                    7.275957614183426e-12,
                    0.9999995827674866,
                    -0.0009605680825188756,
                    -0.003872174071148038
                ],
                [
                    0.0,
                    0.0,
                    0.0,
                    1.0
                ]
            ]
        },
        {
            "file_path": "/data/shapenet_blender/all_50_random/02958343/cdd58286e3e428ec1fabf3cbd0fc77bc/r_28",
            "rotation": 0.12566370614359174,
            "transform_matrix": [
                [
                    0.9577171802520752,
                    -0.14079128205776215,
                    -0.2509097456932068,
                    -1.0114495754241943
                ],
                [
                    -0.287711501121521,
                    -0.46865779161453247,
                    -0.8352137207984924,
                    -3.366854190826416
                ],
                [
                    7.450580596923828e-09,
                    0.8720881342887878,
                    -0.4893488585948944,
                    -1.9726283550262451
                ],
                [
                    0.0,
                    0.0,
                    0.0,
                    1.0
                ]
            ]
        },
        {
            "file_path": "/data/shapenet_blender/all_50_random/02958343/cdd58286e3e428ec1fabf3cbd0fc77bc/r_29",
            "rotation": 0.12566370614359174,
            "transform_matrix": [
                [
                    -0.9981900453567505,
                    -0.002240327186882496,
                    0.06009640172123909,
                    0.24225634336471558
                ],
                [
                    0.06013813987374306,
                    -0.03718559443950653,
                    0.9974972605705261,
                    4.021039962768555
                ],
                [
                    2.3283061589829401e-10,
                    0.9993059039115906,
                    0.03725301846861839,
                    0.15017172694206238
                ],
                [
                    0.0,
                    0.0,
                    0.0,
                    1.0
                ]
            ]
        },
        {
            "file_path": "/data/shapenet_blender/all_50_random/02958343/cdd58286e3e428ec1fabf3cbd0fc77bc/r_30",
            "rotation": 0.12566370614359174,
            "transform_matrix": [
                [
                    -0.22310535609722137,
                    -0.18125304579734802,
                    -0.9577950239181519,
                    -3.860995292663574
                ],
                [
                    -0.9747943878173828,
                    0.04148415848612785,
                    0.21921463310718536,
                    0.8836824297904968
                ],
                [
                    0.0,
                    0.9825610518455505,
                    -0.18593980371952057,
                    -0.7495473027229309
                ],
                [
                    0.0,
                    0.0,
                    0.0,
                    1.0
                ]
            ]
        },
        {
            "file_path": "/data/shapenet_blender/all_50_random/02958343/cdd58286e3e428ec1fabf3cbd0fc77bc/r_31",
            "rotation": 0.12566370614359174,
            "transform_matrix": [
                [
                    -0.08947078883647919,
                    -0.157675102353096,
                    -0.9834293723106384,
                    -3.9643309116363525
                ],
                [
                    -0.9959895014762878,
                    0.014164122752845287,
                    0.08834250271320343,
                    0.3561200499534607
                ],
                [
                    9.31322685637781e-10,
                    0.9873894453048706,
                    -0.15830999612808228,
                    -0.6381680965423584
                ],
                [
                    0.0,
                    0.0,
                    0.0,
                    1.0
                ]
            ]
        },
        {
            "file_path": "/data/shapenet_blender/all_50_random/02958343/cdd58286e3e428ec1fabf3cbd0fc77bc/r_32",
            "rotation": 0.12566370614359174,
            "transform_matrix": [
                [
                    -0.2372920960187912,
                    0.009999917820096016,
                    0.9713869094848633,
                    3.915785789489746
                ],
                [
                    0.9714383482933044,
                    0.002442668192088604,
                    0.23727953433990479,
                    0.9565044045448303
                ],
                [
                    0.0,
                    0.9999470114707947,
                    -0.0102939298376441,
                    -0.0414961576461792
                ],
                [
                    0.0,
                    0.0,
                    0.0,
                    1.0
                ]
            ]
        },
        {
            "file_path": "/data/shapenet_blender/all_50_random/02958343/cdd58286e3e428ec1fabf3cbd0fc77bc/r_33",
            "rotation": 0.12566370614359174,
            "transform_matrix": [
                [
                    -0.13016052544116974,
                    -0.7681198716163635,
                    0.6269370913505554,
                    2.5272645950317383
                ],
                [
                    0.9914929866790771,
                    -0.10083670914173126,
                    0.08230260759592056,
                    0.33177244663238525
                ],
                [
                    7.450580596923828e-09,
                    0.6323163509368896,
                    0.7747102379798889,
                    3.1229569911956787
                ],
                [
                    0.0,
                    0.0,
                    0.0,
                    1.0
                ]
            ]
        },
        {
            "file_path": "/data/shapenet_blender/all_50_random/02958343/cdd58286e3e428ec1fabf3cbd0fc77bc/r_34",
            "rotation": 0.12566370614359174,
            "transform_matrix": [
                [
                    -0.49562394618988037,
                    -0.01789630390703678,
                    -0.8683528304100037,
                    -3.5004422664642334
                ],
                [
                    -0.8685373067855835,
                    0.010212386026978493,
                    0.49551868438720703,
                    1.997499704360962
                ],
                [
                    9.31322685637781e-10,
                    0.9997876286506653,
                    -0.020605111494660378,
                    -0.08306185901165009
                ],
                [
                    0.0,
                    0.0,
                    0.0,
                    1.0
                ]
            ]
        },
        {
            "file_path": "/data/shapenet_blender/all_50_random/02958343/cdd58286e3e428ec1fabf3cbd0fc77bc/r_35",
            "rotation": 0.12566370614359174,
            "transform_matrix": [
                [
                    0.9506865739822388,
                    0.061305563896894455,
                    -0.3040342926979065,
                    -1.2256014347076416
                ],
                [
                    -0.3101535737514496,
                    0.18791455030441284,
                    -0.9319296479225159,
                    -3.7567286491394043
                ],
                [
                    -3.725290742551124e-09,
                    0.9802701473236084,
                    0.19766198098659515,
                    0.7968009114265442
                ],
                [
                    0.0,
                    0.0,
                    0.0,
                    1.0
                ]
            ]
        },
        {
            "file_path": "/data/shapenet_blender/all_50_random/02958343/cdd58286e3e428ec1fabf3cbd0fc77bc/r_36",
            "rotation": 0.12566370614359174,
            "transform_matrix": [
                [
                    -0.9916784763336182,
                    0.058061692863702774,
                    0.11490307748317719,
                    0.46318912506103516
                ],
                [
                    0.12873958051204681,
                    0.44724810123443604,
                    0.8850961923599243,
                    3.567936897277832
                ],
                [
                    0.0,
                    0.8925234079360962,
                    -0.4510011672973633,
                    -1.818043828010559
                ],
                [
                    0.0,
                    0.0,
                    0.0,
                    1.0
                ]
            ]
        },
        {
            "file_path": "/data/shapenet_blender/all_50_random/02958343/cdd58286e3e428ec1fabf3cbd0fc77bc/r_37",
            "rotation": 0.12566370614359174,
            "transform_matrix": [
                [
                    0.5711629986763,
                    0.134306401014328,
                    -0.8097743988037109,
                    -3.2643051147460938
                ],
                [
                    -0.8208366632461548,
                    0.09345447272062302,
                    -0.5634655356407166,
                    -2.27140212059021
                ],
                [
                    7.450580596923828e-09,
                    0.9865231513977051,
                    0.16362136602401733,
                    0.659578800201416
                ],
                [
                    0.0,
                    0.0,
                    0.0,
                    1.0
                ]
            ]
        },
        {
            "file_path": "/data/shapenet_blender/all_50_random/02958343/cdd58286e3e428ec1fabf3cbd0fc77bc/r_38",
            "rotation": 0.12566370614359174,
            "transform_matrix": [
                [
                    -0.9808881282806396,
                    0.1320578157901764,
                    -0.14289537072181702,
                    -0.5760296583175659
                ],
                [
                    -0.19457222521305084,
                    -0.6657370924949646,
                    0.7203719615936279,
                    2.903912305831909
                ],
                [
                    0.0,
                    0.734407901763916,
                    0.6787083745002747,
                    2.7359609603881836
                ],
                [
                    0.0,
                    0.0,
                    0.0,
                    1.0
                ]
            ]
        },
        {
            "file_path": "/data/shapenet_blender/all_50_random/02958343/cdd58286e3e428ec1fabf3cbd0fc77bc/r_39",
            "rotation": 0.12566370614359174,
            "transform_matrix": [
                [
                    -0.9796393513679504,
                    -0.1998877078294754,
                    0.0187546256929636,
                    0.07560232281684875
                ],
                [
                    0.20076560974121094,
                    -0.9753556251525879,
                    0.09151352941989899,
                    0.36890286207199097
                ],
                [
                    0.0,
                    0.09341506659984589,
                    0.9956271648406982,
                    4.0135016441345215
                ],
                [
                    0.0,
                    0.0,
                    0.0,
                    1.0
                ]
            ]
        },
        {
            "file_path": "/data/shapenet_blender/all_50_random/02958343/cdd58286e3e428ec1fabf3cbd0fc77bc/r_40",
            "rotation": 0.12566370614359174,
            "transform_matrix": [
                [
                    -0.4150484800338745,
                    0.5442817211151123,
                    0.7290350198745728,
                    2.9388344287872314
                ],
                [
                    0.9097993969917297,
                    0.24830013513565063,
                    0.3325841724872589,
                    1.340689778327942
                ],
                [
                    0.0,
                    0.8013140559196472,
                    -0.5982437133789062,
                    -2.411597728729248
                ],
                [
                    0.0,
                    0.0,
                    0.0,
                    1.0
                ]
            ]
        },
        {
            "file_path": "/data/shapenet_blender/all_50_random/02958343/cdd58286e3e428ec1fabf3cbd0fc77bc/r_41",
            "rotation": 0.12566370614359174,
            "transform_matrix": [
                [
                    -0.9989773035049438,
                    0.003812013193964958,
                    0.045053329318761826,
                    0.18161578476428986
                ],
                [
                    0.04521431028842926,
                    0.0842236652970314,
                    0.9954205751419067,
                    4.012668609619141
                ],
                [
