{
    "class": "02958343",
    "model": "515492715a04d8756a2345809e2bb169",
    "remove_doubles": true,
    "edge_split": true,
    "denoise": true,
    "camera_angle_x": 0.6911112070083618,
    "scale_factor": 2.1805851397576954,
    "hdri_file": "/data/IndoorHDRDataset2018/AG8A8710-4a14a72a31.exr",
    "center_offset": [
        0.0,
        0.0,
        1.1641532182693481e-09
    ],
    "lights": [],
    "frames": [
        {
            "file_path": "/data/shapenet_blender/all_50_random/02958343/515492715a04d8756a2345809e2bb169/r_0",
            "rotation": 0.12566370614359174,
            "transform_matrix": [
                [
                    0.9935359358787537,
                    0.00608857674524188,
                    0.11335549503564835,
                    0.4569506049156189
                ],
                [
                    0.11351890861988068,
                    -0.05328821763396263,
                    -0.9921057224273682,
                    -3.9993062019348145
                ],
                [
                    4.656613428188905e-10,
                    0.9985605478286743,
                    -0.053634922951459885,
                    -0.2162092924118042
                ],
                [
                    0.0,
                    0.0,
                    0.0,
                    1.0
                ]
            ]
        },
        {
            "file_path": "/data/shapenet_blender/all_50_random/02958343/515492715a04d8756a2345809e2bb169/r_1",
            "rotation": 0.12566370614359174,
            "transform_matrix": [
                [
                    -0.19677402079105377,
                    -0.48130086064338684,
                    0.8541834950447083,
                    3.443323850631714
                ],
                [
                    0.9804489016532898,
                    -0.09659606218338013,
                    0.17143282294273376,
                    0.6910678148269653
                ],
                [
                    0.0,
                    0.8712167143821716,
                    0.4908984899520874,
                    1.9788751602172852
                ],
                [
                    0.0,
                    0.0,
                    0.0,
                    1.0
                ]
            ]
        },
        {
            "file_path": "/data/shapenet_blender/all_50_random/02958343/515492715a04d8756a2345809e2bb169/r_2",
            "rotation": 0.12566370614359174,
            "transform_matrix": [
                [
                    -0.36379024386405945,
                    0.767249584197998,
                    -0.5281901359558105,
                    -2.129202365875244
                ],
                [
                    -0.9314809441566467,
                    -0.2996496260166168,
                    0.20628488063812256,
                    0.8315608501434326
                ],
                [
                    1.4901161193847656e-08,
                    0.5670434236526489,
                    0.8236880302429199,
                    3.32039213180542
                ],
                [
                    0.0,
                    0.0,
                    0.0,
                    1.0
                ]
            ]
        },
        {
            "file_path": "/data/shapenet_blender/all_50_random/02958343/515492715a04d8756a2345809e2bb169/r_3",
            "rotation": 0.12566370614359174,
            "transform_matrix": [
                [
                    -0.9987082481384277,
                    -0.02498440258204937,
                    -0.04424472898244858,
                    -0.17835620045661926
                ],
                [
                    -0.05081157386302948,
                    0.49107176065444946,
                    0.8696359992027283,
                    3.505614757537842
                ],
                [
                    0.0,
                    0.8707607388496399,
                    -0.491706907749176,
                    -1.9821339845657349
                ],
                [
                    0.0,
                    0.0,
                    0.0,
                    1.0
                ]
            ]
        },
        {
            "file_path": "/data/shapenet_blender/all_50_random/02958343/515492715a04d8756a2345809e2bb169/r_4",
            "rotation": 0.12566370614359174,
            "transform_matrix": [
                [
                    0.3951320946216583,
                    0.6593102216720581,
                    0.6396722793579102,
                    2.578601360321045
                ],
                [
                    0.9186244010925293,
                    -0.2835921049118042,
                    -0.27514514327049255,
                    -1.1091455221176147
                ],
                [
                    0.0,
                    0.6963370442390442,
                    -0.717714786529541,
                    -2.8932008743286133
                ],
                [
                    0.0,
                    0.0,
                    0.0,
                    1.0
                ]
            ]
        },
        {
            "file_path": "/data/shapenet_blender/all_50_random/02958343/515492715a04d8756a2345809e2bb169/r_5",
            "rotation": 0.12566370614359174,
            "transform_matrix": [
                [
                    -0.9540836811065674,
                    0.0005792799056507647,
                    -0.29953986406326294,
                    -1.2074838876724243
                ],
                [
                    -0.2995404899120331,
                    -0.0018450978677719831,
                    0.9540817141532898,
                    3.846026659011841
                ],
                [
                    0.0,
                    0.999998152256012,
                    0.0019338950514793396,
                    0.007795780897140503
                ],
                [
                    0.0,
                    0.0,
                    0.0,
                    1.0
                ]
            ]
        },
        {
            "file_path": "/data/shapenet_blender/all_50_random/02958343/515492715a04d8756a2345809e2bb169/r_6",
            "rotation": 0.12566370614359174,
            "transform_matrix": [
                [
                    -0.774993360042572,
                    -0.5893411040306091,
                    -0.22817140817642212,
                    -0.9197883605957031
                ],
                [
                    -0.6319692730903625,
                    0.722717821598053,
                    0.27981001138687134,
                    1.1279501914978027
                ],
                [
                    0.0,
                    0.36104822158813477,
                    -0.9325471520423889,
                    -3.7592177391052246
                ],
                [
                    0.0,
                    0.0,
                    0.0,
                    1.0
                ]
            ]
        },
        {
            "file_path": "/data/shapenet_blender/all_50_random/02958343/515492715a04d8756a2345809e2bb169/r_7",
            "rotation": 0.12566370614359174,
            "transform_matrix": [
                [
                    -0.8024340271949768,
                    0.18078406155109406,
                    0.5686973929405212,
                    2.292492628097534
                ],
                [
                    0.5967407822608948,
                    0.24309933185577393,
                    0.7647241950035095,
                    3.0827019214630127
                ],
                [
                    0.0,
                    0.9530056715011597,
                    -0.3029524087905884,
                    -1.2212401628494263
                ],
                [
                    0.0,
                    0.0,
                    0.0,
                    1.0
                ]
            ]
        },
        {
            "file_path": "/data/shapenet_blender/all_50_random/02958343/515492715a04d8756a2345809e2bb169/r_8",
            "rotation": 0.12566370614359174,
            "transform_matrix": [
                [
                    0.3575678765773773,
                    -0.5733432173728943,
                    -0.7371722459793091,
                    -2.9716360569000244
                ],
                [
                    -0.9338871836662292,
                    -0.2195223718881607,
                    -0.28224945068359375,
                    -1.1377837657928467
                ],
                [
                    0.0,
                    0.7893589735031128,
                    -0.6139320135116577,
                    -2.474838972091675
                ],
                [
                    0.0,
                    0.0,
                    0.0,
                    1.0
                ]
            ]
        },
        {
            "file_path": "/data/shapenet_blender/all_50_random/02958343/515492715a04d8756a2345809e2bb169/r_9",
            "rotation": 0.12566370614359174,
            "transform_matrix": [
                [
                    -0.8693132400512695,
                    0.032639939337968826,
                    -0.4931824803352356,
                    -1.9880820512771606
                ],
                [
                    -0.49426132440567017,
                    -0.05740755423903465,
                    0.867415726184845,
                    3.496664524078369
                ],
                [
                    -1.8626448161640496e-09,
                    0.9978170394897461,
                    0.06603781878948212,
                    0.2662069499492645
                ],
                [
                    0.0,
                    0.0,
                    0.0,
                    1.0
                ]
            ]
        },
        {
            "file_path": "/data/shapenet_blender/all_50_random/02958343/515492715a04d8756a2345809e2bb169/r_10",
            "rotation": 0.12566370614359174,
            "transform_matrix": [
                [
                    0.20942701399326324,
                    -0.31015560030937195,
                    0.9273315668106079,
                    3.7381930351257324
                ],
                [
                    0.977824330329895,
                    0.066428042948246,
                    -0.19861264526844025,
                    -0.8006331920623779
                ],
                [
                    3.725290298461914e-09,
                    0.9483621120452881,
                    0.3171895444393158,
                    1.2786319255828857
                ],
                [
                    0.0,
                    0.0,
                    0.0,
                    1.0
                ]
            ]
        },
        {
            "file_path": "/data/shapenet_blender/all_50_random/02958343/515492715a04d8756a2345809e2bb169/r_11",
            "rotation": 0.12566370614359174,
            "transform_matrix": [
                [
                    0.11219522356987,
                    -0.5282263159751892,
                    -0.8416585326194763,
                    -3.392834186553955
                ],
                [
                    -0.9936861991882324,
                    -0.0596410296857357,
                    -0.09503006935119629,
                    -0.3830784559249878
                ],
                [
                    3.725290742551124e-09,
                    0.8470064401626587,
                    -0.5315825939178467,
                    -2.1428780555725098
                ],
                [
                    0.0,
                    0.0,
                    0.0,
                    1.0
                ]
            ]
        },
        {
            "file_path": "/data/shapenet_blender/all_50_random/02958343/515492715a04d8756a2345809e2bb169/r_12",
            "rotation": 0.12566370614359174,
            "transform_matrix": [
                [
                    0.8786401748657227,
                    0.17732098698616028,
                    0.4433382451534271,
                    1.7871536016464233
                ],
                [
                    0.4774845838546753,
                    -0.3262960612773895,
                    -0.815805971622467,
                    -3.288619041442871
                ],
                [
                    0.0,
                    0.9284870624542236,
                    -0.3713648319244385,
                    -1.4970195293426514
                ],
                [
                    0.0,
                    0.0,
                    0.0,
                    1.0
                ]
            ]
        },
        {
            "file_path": "/data/shapenet_blender/all_50_random/02958343/515492715a04d8756a2345809e2bb169/r_13",
            "rotation": 0.12566370614359174,
            "transform_matrix": [
                [
                    -0.4863446056842804,
                    0.8264710307121277,
                    -0.283574640750885,
                    -1.1431258916854858
                ],
                [
                    -0.873767077922821,
                    -0.4600192904472351,
                    0.1578395515680313,
                    0.636271595954895
                ],
                [
                    1.4901161193847656e-08,
                    0.3245426118373871,
                    0.9458710551261902,
                    3.8129281997680664
                ],
                [
                    0.0,
                    0.0,
                    0.0,
                    1.0
                ]
            ]
        },
        {
            "file_path": "/data/shapenet_blender/all_50_random/02958343/515492715a04d8756a2345809e2bb169/r_14",
            "rotation": 0.12566370614359174,
            "transform_matrix": [
                [
                    0.9900117516517639,
                    -0.05908142775297165,
                    0.12800827622413635,
                    0.5160178542137146
                ],
                [
                    0.14098487794399261,
                    0.4148764908313751,
                    -0.8988885879516602,
                    -3.6235358715057373
                ],
                [
                    0.0,
                    0.9079575538635254,
                    0.4190621078014374,
                    1.689293384552002
                ],
                [
                    0.0,
                    0.0,
                    0.0,
                    1.0
                ]
            ]
        },
        {
            "file_path": "/data/shapenet_blender/all_50_random/02958343/515492715a04d8756a2345809e2bb169/r_15",
            "rotation": 0.12566370614359174,
            "transform_matrix": [
                [
                    -0.37025806307792664,
                    0.5561168193817139,
                    -0.7440719604492188,
                    -2.9994499683380127
                ],
                [
                    -0.9289289116859436,
                    -0.22166037559509277,
                    0.2965766489505768,
                    1.1955387592315674
                ],
                [
                    0.0,
                    0.8009998798370361,
                    0.5986645817756653,
                    2.4132940769195557
                ],
                [
                    0.0,
                    0.0,
                    0.0,
                    1.0
                ]
            ]
        },
        {
            "file_path": "/data/shapenet_blender/all_50_random/02958343/515492715a04d8756a2345809e2bb169/r_16",
            "rotation": 0.12566370614359174,
            "transform_matrix": [
                [
                    0.22927333414554596,
                    -0.9702397584915161,
                    -0.0778995007276535,
                    -0.314022958278656
                ],
                [
                    -0.973362147808075,
                    -0.22853787243366241,
                    -0.0183490589261055,
                    -0.07396742701530457
                ],
                [
                    0.0,
                    0.08003180474042892,
                    -0.9967923164367676,
                    -4.018198490142822
                ],
                [
                    0.0,
                    0.0,
                    0.0,
                    1.0
                ]
            ]
        },
        {
            "file_path": "/data/shapenet_blender/all_50_random/02958343/515492715a04d8756a2345809e2bb169/r_17",
            "rotation": 0.12566370614359174,
            "transform_matrix": [
                [
                    0.7553667426109314,
                    -0.28592032194137573,
                    0.5896360874176025,
                    2.376899003982544
                ],
                [
                    0.6553024053573608,
                    0.3295802175998688,
                    -0.6796731948852539,
                    -2.7398502826690674
                ],
                [
                    0.0,
                    0.8997923731803894,
                    0.43631821870803833,
                    1.758854866027832
                ],
                [
                    0.0,
                    0.0,
                    0.0,
                    1.0
                ]
            ]
        },
        {
            "file_path": "/data/shapenet_blender/all_50_random/02958343/515492715a04d8756a2345809e2bb169/r_18",
            "rotation": 0.12566370614359174,
            "transform_matrix": [
                [
                    0.9657108187675476,
                    -0.004722509998828173,
                    0.259577214717865,
                    1.0463892221450806
                ],
                [
                    0.25962015986442566,
                    0.017566349357366562,
                    -0.9655510187149048,
                    -3.8922605514526367
                ],
                [
                    0.0,
                    0.9998344779014587,
                    0.01819007284939289,
                    0.07332652807235718
                ],
                [
                    0.0,
                    0.0,
                    0.0,
                    1.0
                ]
            ]
        },
        {
            "file_path": "/data/shapenet_blender/all_50_random/02958343/515492715a04d8756a2345809e2bb169/r_19",
            "rotation": 0.12566370614359174,
            "transform_matrix": [
                [
                    0.9955325722694397,
                    -0.03163570165634155,
                    0.08896064013242722,
                    0.3586118221282959
                ],
                [
                    0.09441827982664108,
                    0.3335622251033783,
                    -0.9379879236221313,
                    -3.7811503410339355
                ],
                [
                    -1.8626450382086546e-09,
                    0.9421970844268799,
                    0.3350590765476227,
                    1.3506662845611572
                ],
                [
                    0.0,
                    0.0,
                    0.0,
                    1.0
                ]
            ]
        },
        {
            "file_path": "/data/shapenet_blender/all_50_random/02958343/515492715a04d8756a2345809e2bb169/r_20",
            "rotation": 0.12566370614359174,
            "transform_matrix": [
                [
                    -0.9421617388725281,
                    -0.15230923891067505,
                    -0.29855212569236755,
                    -1.2035020589828491
                ],
                [
                    -0.3351588845252991,
                    0.4281548857688904,
                    0.839256763458252,
                    3.3831522464752197
                ],
                [
                    0.0,
                    0.8907778859138489,
                    -0.4544388949871063,
                    -1.8319017887115479
                ],
                [
                    0.0,
                    0.0,
                    0.0,
                    1.0
                ]
            ]
        },
        {
            "file_path": "/data/shapenet_blender/all_50_random/02958343/515492715a04d8756a2345809e2bb169/r_21",
            "rotation": 0.12566370614359174,
            "transform_matrix": [
                [
                    0.8431517481803894,
                    0.016346830874681473,
                    -0.5374272465705872,
                    -2.166438579559326
                ],
                [
                    -0.5376758575439453,
                    0.025634143501520157,
                    -0.8427618741989136,
                    -3.3972818851470947
                ],
                [
                    9.31322685637781e-10,
                    0.9995377659797668,
                    0.030402764678001404,
                    0.12255746126174927
                ],
                [
                    0.0,
                    0.0,
                    0.0,
                    1.0
                ]
            ]
        },
        {
            "file_path": "/data/shapenet_blender/all_50_random/02958343/515492715a04d8756a2345809e2bb169/r_22",
            "rotation": 0.12566370614359174,
            "transform_matrix": [
                [
                    -0.8220055103302002,
                    0.20482498407363892,
                    0.5313696265220642,
                    2.142019271850586
                ],
                [
                    0.5694795250892639,
                    0.2956511080265045,
                    0.766996443271637,
                    3.0918612480163574
                ],
                [
                    1.4901161193847656e-08,
                    0.9330792427062988,
                    -0.3596705496311188,
                    -1.449878215789795
                ],
                [
                    0.0,
                    0.0,
                    0.0,
                    1.0
                ]
            ]
        },
        {
            "file_path": "/data/shapenet_blender/all_50_random/02958343/515492715a04d8756a2345809e2bb169/r_23",
            "rotation": 0.12566370614359174,
            "transform_matrix": [
                [
                    0.8994765281677246,
                    -0.08648663759231567,
                    0.42832446098327637,
                    1.7266310453414917
                ],
                [
                    0.4369688034057617,
                    0.17802803218364716,
                    -0.8816826343536377,
                    -3.554176092147827
                ],
                [
                    7.4505792646561986e-09,
                    0.9802172780036926,
                    0.19792406260967255,
                    0.797857403755188
                ],
                [
                    0.0,
                    0.0,
                    0.0,
                    1.0
                ]
            ]
        },
        {
            "file_path": "/data/shapenet_blender/all_50_random/02958343/515492715a04d8756a2345809e2bb169/r_24",
            "rotation": 0.12566370614359174,
            "transform_matrix": [
                [
                    0.25066784024238586,
                    0.3144897222518921,
                    -0.9155663847923279,
                    -3.6907660961151123
                ],
                [
                    -0.9680731892585754,
                    0.08143234252929688,
                    -0.23707200586795807,
                    -0.9556678533554077
                ],
                [
                    7.450581485102248e-09,
                    0.9457614421844482,
                    0.3248615860939026,
                    1.3095589876174927
                ],
                [
                    0.0,
                    0.0,
                    0.0,
                    1.0
                ]
            ]
        },
        {
            "file_path": "/data/shapenet_blender/all_50_random/02958343/515492715a04d8756a2345809e2bb169/r_25",
            "rotation": 0.12566370614359174,
            "transform_matrix": [
                [
                    0.630213737487793,
                    0.4230187237262726,
                    0.6510650515556335,
                    2.6245274543762207
                ],
                [
                    0.7764217853546143,
                    -0.3433600664138794,
                    -0.5284629464149475,
                    -2.1303024291992188
                ],
                [
                    1.4901162970204496e-08,
                    0.8385456800460815,
                    -0.5448311567306519,
                    -2.196284770965576
                ],
                [
                    0.0,
                    0.0,
                    0.0,
                    1.0
                ]
            ]
        },
        {
            "file_path": "/data/shapenet_blender/all_50_random/02958343/515492715a04d8756a2345809e2bb169/r_26",
            "rotation": 0.12566370614359174,
            "transform_matrix": [
                [
                    -0.5542125105857849,
                    0.1925608366727829,
                    -0.8097955584526062,
                    -3.264390230178833
                ],
                [
                    -0.832375168800354,
                    -0.12821096181869507,
                    0.5391785502433777,
                    2.1734981536865234
                ],
                [
                    7.450580152834618e-09,
                    0.9728732109069824,
                    0.2313390076160431,
                    0.9325573444366455
                ],
                [
                    0.0,
                    0.0,
                    0.0,
                    1.0
                ]
            ]
        },
        {
            "file_path": "/data/shapenet_blender/all_50_random/02958343/515492715a04d8756a2345809e2bb169/r_27",
            "rotation": 0.12566370614359174,
            "transform_matrix": [
                [
                    -0.012076472863554955,
                    0.989066481590271,
                    0.14697450399398804,
                    0.5924732089042664
                ],
                [
                    0.9999271631240845,
                    0.011945303529500961,
                    0.0017750628758221865,
                    0.007155507802963257
                ],
                [
                    0.0,
                    0.14698518812656403,
                    -0.9891386032104492,
                    -3.9873454570770264
                ],
                [
                    0.0,
                    0.0,
                    0.0,
                    1.0
                ]
            ]
        },
        {
            "file_path": "/data/shapenet_blender/all_50_random/02958343/515492715a04d8756a2345809e2bb169/r_28",
            "rotation": 0.12566370614359174,
            "transform_matrix": [
                [
                    0.9997281432151794,
                    -0.010121126659214497,
                    0.02100319229066372,
                    0.08466657996177673
                ],
                [
                    0.023314613848924637,
                    0.43399280309677124,
                    -0.9006145596504211,
                    -3.630493402481079
                ],
                [
                    0.0,
                    0.9008593559265137,
                    0.4341108500957489,
                    1.7499568462371826
                ],
                [
                    0.0,
                    0.0,
                    0.0,
                    1.0
                ]
            ]
        },
        {
            "file_path": "/data/shapenet_blender/all_50_random/02958343/515492715a04d8756a2345809e2bb169/r_29",
            "rotation": 0.12566370614359174,
            "transform_matrix": [
                [
                    0.813543975353241,
                    0.39895015954971313,
                    -0.42306599020957947,
                    -1.7054336071014404
                ],
                [
                    -0.5815032124519348,
                    0.5581456422805786,
                    -0.5918845534324646,
                    -2.385962963104248
                ],
                [
                    0.0,
                    0.727538526058197,
                    0.6860668659210205,
                    2.7656240463256836
                ],
                [
                    0.0,
                    0.0,
                    0.0,
                    1.0
                ]
            ]
        },
        {
            "file_path": "/data/shapenet_blender/all_50_random/02958343/515492715a04d8756a2345809e2bb169/r_30",
            "rotation": 0.12566370614359174,
            "transform_matrix": [
                [
                    0.7210690379142761,
                    0.5503435134887695,
                    0.4209292531013489,
                    1.6968201398849487
                ],
                [
                    0.6928631663322449,
                    -0.572747528553009,
                    -0.43806490302085876,
                    -1.7658960819244385
                ],
                [
                    0.0,
                    0.6075213551521301,
                    -0.7943032383918762,
                    -3.2019388675689697
                ],
                [
                    0.0,
                    0.0,
                    0.0,
                    1.0
                ]
            ]
        },
        {
            "file_path": "/data/shapenet_blender/all_50_random/02958343/515492715a04d8756a2345809e2bb169/r_31",
            "rotation": 0.12566370614359174,
            "transform_matrix": [
                [
                    -0.4761373698711395,
                    0.013769051060080528,
                    -0.8792631030082703,
                    -3.5444228649139404
                ],
                [
                    -0.8793708682060242,
                    -0.007455284707248211,
                    0.4760790169239044,
                    1.9191359281539917
                ],
                [
                    -4.6566125955216364e-10,
                    0.9998774528503418,
                    0.01565784215927124,
                    0.06311877816915512
                ],
                [
                    0.0,
                    0.0,
                    0.0,
                    1.0
                ]
            ]
        },
        {
            "file_path": "/data/shapenet_blender/all_50_random/02958343/515492715a04d8756a2345809e2bb169/r_32",
            "rotation": 0.12566370614359174,
            "transform_matrix": [
                [
                    0.5034627318382263,
                    0.3229959011077881,
                    0.8013730645179749,
                    3.230438232421875
                ],
                [
                    0.8640168905258179,
                    -0.18820977210998535,
                    -0.46696022152900696,
                    -1.8823769092559814
                ],
                [
                    1.4901161193847656e-08,
                    0.9274969696998596,
                    -0.37383052706718445,
                    -1.506959080696106
                ],
                [
                    0.0,
                    0.0,
                    0.0,
                    1.0
                ]
            ]
        },
        {
            "file_path": "/data/shapenet_blender/all_50_random/02958343/515492715a04d8756a2345809e2bb169/r_33",
            "rotation": 0.12566370614359174,
            "transform_matrix": [
                [
                    -0.4952978491783142,
                    0.7256150245666504,
                    -0.47766387462615967,
                    -1.9255247116088867
                ],
                [
                    -0.8687232732772827,
                    -0.4137054681777954,
                    0.2723374664783478,
                    1.097827434539795
                ],
                [
                    0.0,
                    0.549845814704895,
                    0.83526611328125,
                    3.3670654296875
                ],
                [
                    0.0,
                    0.0,
                    0.0,
                    1.0
                ]
            ]
        },
        {
            "file_path": "/data/shapenet_blender/all_50_random/02958343/515492715a04d8756a2345809e2bb169/r_34",
            "rotation": 0.12566370614359174,
            "transform_matrix": [
                [
                    0.9312644004821777,
                    -0.25990793108940125,
                    0.2553320825099945,
                    1.0292766094207764
                ],
                [
                    0.3643440902233124,
                    0.6643252968788147,
                    -0.6526293754577637,
                    -2.630833387374878
                ],
                [
                    -1.4901162970204496e-08,
                    0.700799286365509,
                    0.7133584022521973,
                    2.8756399154663086
                ],
                [
                    0.0,
                    0.0,
                    0.0,
                    1.0
                ]
            ]
        },
        {
            "file_path": "/data/shapenet_blender/all_50_random/02958343/515492715a04d8756a2345809e2bb169/r_35",
            "rotation": 0.12566370614359174,
            "transform_matrix": [
                [
                    0.7447277903556824,
                    0.2781432569026947,
                    -0.6066439747810364,
                    -2.4454598426818848
                ],
                [
                    -0.6673684120178223,
                    0.3103848397731781,
                    -0.6769644021987915,
                    -2.7289304733276367
                ],
                [
                    1.4901162970204496e-08,
                    0.9090089797973633,
                    0.4167763292789459,
                    1.6800788640975952
                ],
                [
                    0.0,
                    0.0,
                    0.0,
                    1.0
                ]
            ]
        },
        {
            "file_path": "/data/shapenet_blender/all_50_random/02958343/515492715a04d8756a2345809e2bb169/r_36",
            "rotation": 0.12566370614359174,
            "transform_matrix": [
                [
                    -0.152256041765213,
                    0.7089576721191406,
                    0.6886196732521057,
                    2.7759146690368652
                ],
                [
                    0.9883410930633545,
                    0.10921644419431686,
                    0.10608332604169846,
                    0.4276355803012848
                ],
                [
                    0.0,
                    0.696742832660675,
                    -0.7173209190368652,
                    -2.891613006591797
                ],
                [
                    0.0,
                    0.0,
                    0.0,
                    1.0
                ]
            ]
        },
        {
            "file_path": "/data/shapenet_blender/all_50_random/02958343/515492715a04d8756a2345809e2bb169/r_37",
            "rotation": 0.12566370614359174,
            "transform_matrix": [
                [
                    0.8481096625328064,
                    -0.4610949754714966,
                    0.26096248626708984,
                    1.0519734621047974
                ],
                [
                    0.5298206806182861,
                    0.738097071647644,
                    -0.4177352786064148,
                    -1.683944821357727
                ],
                [
                    0.0,
                    0.49254870414733887,
                    0.870284914970398,
                    3.508230686187744
                ],
                [
                    0.0,
                    0.0,
                    0.0,
                    1.0
                ]
            ]
        },
        {
            "file_path": "/data/shapenet_blender/all_50_random/02958343/515492715a04d8756a2345809e2bb169/r_38",
            "rotation": 0.12566370614359174,
            "transform_matrix": [
                [
                    -0.9975666999816895,
                    0.04889633134007454,
                    0.04969911649823189,
                    0.2003435492515564
                ],
                [
                    0.0697198286652565,
                    0.6996195316314697,
                    0.7111059427261353,
                    2.8665597438812256
                ],
                [
                    -3.725290742551124e-09,
                    0.7128404974937439,
                    -0.7013261318206787,
                    -2.8271360397338867
                ],
                [
                    0.0,
                    0.0,
                    0.0,
                    1.0
                ]
            ]
        },
        {
            "file_path": "/data/shapenet_blender/all_50_random/02958343/515492715a04d8756a2345809e2bb169/r_39",
            "rotation": 0.12566370614359174,
            "transform_matrix": [
                [
                    -0.11129612475633621,
                    0.06360660493373871,
                    -0.99174964427948,
                    -3.997870683670044
                ],
                [
                    -0.9937872886657715,
                    -0.0071234251372516155,
                    0.11106792837381363,
                    0.4477291405200958
                ],
                [
                    -4.656612873077393e-10,
                    0.9979496002197266,
                    0.06400424987077713,
                    0.2580093741416931
                ],
                [
                    0.0,
                    0.0,
                    0.0,
                    1.0
                ]
            ]
        },
        {
            "file_path": "/data/shapenet_blender/all_50_random/02958343/515492715a04d8756a2345809e2bb169/r_40",
            "rotation": 0.12566370614359174,
            "transform_matrix": [
                [
                    0.1357322335243225,
                    -0.05479830875992775,
                    -0.9892289638519287,
                    -3.9877095222473145
                ],
                [
                    -0.9907455444335938,
                    -0.007507374044507742,
                    -0.1355244666337967,
                    -0.5463166236877441
                ],
                [
                    -4.6566125955216364e-10,
                    0.9984692335128784,
                    -0.055310171097517014,
                    -0.22296242415905
                ],
                [
                    0.0,
                    0.0,
                    0.0,
                    1.0
                ]
            ]
        },
        {
            "file_path": "/data/shapenet_blender/all_50_random/02958343/515492715a04d8756a2345809e2bb169/r_41",
            "rotation": 0.12566370614359174,
            "transform_matrix": [
                [
                    -0.7096178531646729,
                    -0.03063492849469185,
                    -0.703920304775238,
                    -2.8375937938690186
                ],
                [
                    -0.7045866250991821,
                    0.03085368126630783,
                    0.7089467644691467,
                    2.857856035232544
                ],
                [
