{
    "class": "02958343",
    "model": "a49107f738b26379428df271ebc70bc0",
    "remove_doubles": true,
    "edge_split": true,
    "denoise": true,
    "camera_angle_x": 0.6911112070083618,
    "scale_factor": 2.2538612847314115,
    "hdri_file": "/data/IndoorHDRDataset2018/9C4A3229-b96c0b1b22.exr",
    "center_offset": [
        0.0,
        0.0,
        0.0
    ],
    "lights": [],
    "frames": [
        {
            "file_path": "/data/shapenet_blender/all_50_random/02958343/a49107f738b26379428df271ebc70bc0/r_0",
            "rotation": 0.12566370614359174,
            "transform_matrix": [
                [
                    -0.03175429627299309,
                    -0.15630152821540833,
                    0.9871988296508789,
                    3.9795258045196533
                ],
                [
                    0.9994957447052002,
                    -0.004965748637914658,
                    0.03136361762881279,
                    0.12643077969551086
                ],
                [
                    0.0,
                    0.9876969456672668,
                    0.15638037025928497,
                    0.6303894519805908
                ],
                [
                    0.0,
                    0.0,
                    0.0,
                    1.0
                ]
            ]
        },
        {
            "file_path": "/data/shapenet_blender/all_50_random/02958343/a49107f738b26379428df271ebc70bc0/r_1",
            "rotation": 0.12566370614359174,
            "transform_matrix": [
                [
                    0.9326223134994507,
                    -0.0065835388377308846,
                    0.36079415678977966,
                    1.4544079303741455
                ],
                [
                    0.36085426807403564,
                    0.01701505482196808,
                    -0.9324669241905212,
                    -3.758894681930542
                ],
                [
                    -4.656613428188905e-10,
                    0.9998335242271423,
                    0.018244313076138496,
                    0.0735451877117157
                ],
                [
                    0.0,
                    0.0,
                    0.0,
                    1.0
                ]
            ]
        },
        {
            "file_path": "/data/shapenet_blender/all_50_random/02958343/a49107f738b26379428df271ebc70bc0/r_2",
            "rotation": 0.12566370614359174,
            "transform_matrix": [
                [
                    -0.9250246286392212,
                    -0.10577486455440521,
                    -0.36488521099090576,
                    -1.4708991050720215
                ],
                [
                    -0.3799072802066803,
                    0.2575479745864868,
                    0.8884478807449341,
                    3.5814476013183594
                ],
                [
                    -7.450580596923828e-09,
                    0.9604585766792297,
                    -0.27842286229133606,
                    -1.1223583221435547
                ],
                [
                    0.0,
                    0.0,
                    0.0,
                    1.0
                ]
            ]
        },
        {
            "file_path": "/data/shapenet_blender/all_50_random/02958343/a49107f738b26379428df271ebc70bc0/r_3",
            "rotation": 0.12566370614359174,
            "transform_matrix": [
                [
                    0.06672083586454391,
                    0.089600570499897,
                    0.9937404990196228,
                    4.005895614624023
                ],
                [
                    0.9977716207504272,
                    -0.005991576239466667,
                    -0.06645127385854721,
                    -0.267873615026474
                ],
                [
                    0.0,
                    0.9959596395492554,
                    -0.08980069309473038,
                    -0.36199814081192017
                ],
                [
                    0.0,
                    0.0,
                    0.0,
                    1.0
                ]
            ]
        },
        {
            "file_path": "/data/shapenet_blender/all_50_random/02958343/a49107f738b26379428df271ebc70bc0/r_4",
            "rotation": 0.12566370614359174,
            "transform_matrix": [
                [
                    0.4309332072734833,
                    -0.4089384078979492,
                    -0.8044040203094482,
                    -3.2426562309265137
                ],
                [
                    -0.9023837447166443,
                    -0.19528847932815552,
                    -0.38414302468299866,
                    -1.548530101776123
                ],
                [
                    0.0,
                    0.8914210200309753,
                    -0.45317578315734863,
                    -1.8268100023269653
                ],
                [
                    0.0,
                    0.0,
                    0.0,
                    1.0
                ]
            ]
        },
        {
            "file_path": "/data/shapenet_blender/all_50_random/02958343/a49107f738b26379428df271ebc70bc0/r_5",
            "rotation": 0.12566370614359174,
            "transform_matrix": [
                [
                    0.7050565481185913,
                    0.04962361231446266,
                    -0.7074126601219177,
                    -2.8516719341278076
                ],
                [
                    -0.7091510891914368,
                    0.04933708906173706,
                    -0.7033281326293945,
                    -2.8352067470550537
                ],
                [
                    -3.725290298461914e-09,
                    0.9975486397743225,
                    0.0699760690331459,
                    0.28208258748054504
                ],
                [
                    0.0,
                    0.0,
                    0.0,
                    1.0
                ]
            ]
        },
        {
            "file_path": "/data/shapenet_blender/all_50_random/02958343/a49107f738b26379428df271ebc70bc0/r_6",
            "rotation": 0.12566370614359174,
            "transform_matrix": [
                [
                    0.042962025851011276,
                    0.26595035195350647,
                    0.9630289077758789,
                    3.882093667984009
                ],
                [
                    0.9990769028663635,
                    -0.011436324566602707,
                    -0.041411902755498886,
                    -0.1669367253780365
                ],
                [
                    9.313227966600834e-10,
                    0.9639187455177307,
                    -0.26619619131088257,
                    -1.0730711221694946
                ],
                [
                    0.0,
                    0.0,
                    0.0,
                    1.0
                ]
            ]
        },
        {
            "file_path": "/data/shapenet_blender/all_50_random/02958343/a49107f738b26379428df271ebc70bc0/r_7",
            "rotation": 0.12566370614359174,
            "transform_matrix": [
                [
                    -0.5429401397705078,
                    0.4650721848011017,
                    -0.6992308497428894,
                    -2.8186895847320557
                ],
                [
                    -0.8397713303565979,
                    -0.3006846606731415,
                    0.4520760476589203,
                    1.8223767280578613
                ],
                [
                    0.0,
                    0.8326442837715149,
                    0.5538081526756287,
                    2.2324719429016113
                ],
                [
                    0.0,
                    0.0,
                    0.0,
                    1.0
                ]
            ]
        },
        {
            "file_path": "/data/shapenet_blender/all_50_random/02958343/a49107f738b26379428df271ebc70bc0/r_8",
            "rotation": 0.12566370614359174,
            "transform_matrix": [
                [
                    0.986784815788269,
                    0.08815911412239075,
                    0.13595518469810486,
                    0.5480529069900513
                ],
                [
                    0.16203655302524567,
                    -0.536879301071167,
                    -0.8279521465301514,
                    -3.3375818729400635
                ],
                [
                    0.0,
                    0.8390401601791382,
                    -0.5440692901611328,
                    -2.19321346282959
                ],
                [
                    0.0,
                    0.0,
                    0.0,
                    1.0
                ]
            ]
        },
        {
            "file_path": "/data/shapenet_blender/all_50_random/02958343/a49107f738b26379428df271ebc70bc0/r_9",
            "rotation": 0.12566370614359174,
            "transform_matrix": [
                [
                    0.6459029912948608,
                    0.013171001337468624,
                    0.7633059024810791,
                    3.076984405517578
                ],
                [
                    0.763419508934021,
                    -0.01114353071898222,
                    -0.6458068490028381,
                    -2.603330612182617
                ],
                [
                    0.0,
                    0.9998511672019958,
                    -0.017252638936042786,
                    -0.0695476084947586
                ],
                [
                    0.0,
                    0.0,
                    0.0,
                    1.0
                ]
            ]
        },
        {
            "file_path": "/data/shapenet_blender/all_50_random/02958343/a49107f738b26379428df271ebc70bc0/r_10",
            "rotation": 0.12566370614359174,
            "transform_matrix": [
                [
                    0.9974164366722107,
                    -0.0030754180625081062,
                    -0.07177102565765381,
                    -0.2893182933330536
                ],
                [
                    -0.07183689624071121,
                    -0.04270051419734955,
                    -0.9965018630027771,
                    -4.017027854919434
                ],
                [
                    0.0,
                    0.9990831613540649,
                    -0.04281111806631088,
                    -0.1725771576166153
                ],
                [
                    0.0,
                    0.0,
                    0.0,
                    1.0
                ]
            ]
        },
        {
            "file_path": "/data/shapenet_blender/all_50_random/02958343/a49107f738b26379428df271ebc70bc0/r_11",
            "rotation": 0.12566370614359174,
            "transform_matrix": [
                [
                    -0.9188540577888489,
                    0.013628741726279259,
                    0.39436209201812744,
                    1.5897244215011597
                ],
                [
                    0.3945975601673126,
                    0.03173568844795227,
                    0.9183058142662048,
                    3.7018091678619385
                ],
                [
                    0.0,
                    0.9994032382965088,
                    -0.03453833982348442,
                    -0.13922850787639618
                ],
                [
                    0.0,
                    0.0,
                    0.0,
                    1.0
                ]
            ]
        },
        {
            "file_path": "/data/shapenet_blender/all_50_random/02958343/a49107f738b26379428df271ebc70bc0/r_12",
            "rotation": 0.12566370614359174,
            "transform_matrix": [
                [
                    -0.29002609848976135,
                    0.6988460421562195,
                    0.6538341045379639,
                    2.6356894969940186
                ],
                [
                    0.9570186734199524,
                    0.21178646385669708,
                    0.1981455236673355,
                    0.7987501621246338
                ],
                [
                    0.0,
                    0.683198869228363,
                    -0.7302323579788208,
                    -2.9436607360839844
                ],
                [
                    0.0,
                    0.0,
                    0.0,
                    1.0
                ]
            ]
        },
        {
            "file_path": "/data/shapenet_blender/all_50_random/02958343/a49107f738b26379428df271ebc70bc0/r_13",
            "rotation": 0.12566370614359174,
            "transform_matrix": [
                [
                    0.08503338694572449,
                    0.9547102451324463,
                    0.2851272523403168,
                    1.1493847370147705
                ],
                [
                    0.9963781833648682,
                    -0.0814773440361023,
                    -0.024333467707037926,
                    -0.09809134900569916
                ],
                [
                    0.0,
                    0.2861637771129608,
                    -0.9581807255744934,
                    -3.8625500202178955
                ],
                [
                    0.0,
                    0.0,
                    0.0,
                    1.0
                ]
            ]
        },
        {
            "file_path": "/data/shapenet_blender/all_50_random/02958343/a49107f738b26379428df271ebc70bc0/r_14",
            "rotation": 0.12566370614359174,
            "transform_matrix": [
                [
                    0.4768487811088562,
                    -0.7372445464134216,
                    -0.4786289930343628,
                    -1.929415225982666
                ],
                [
                    -0.8789854049682617,
                    -0.39995449781417847,
                    -0.25965580344200134,
                    -1.0467060804367065
                ],
                [
                    0.0,
                    0.5445243716239929,
                    -0.8387449979782104,
                    -3.381089210510254
                ],
                [
                    0.0,
                    0.0,
                    0.0,
                    1.0
                ]
            ]
        },
        {
            "file_path": "/data/shapenet_blender/all_50_random/02958343/a49107f738b26379428df271ebc70bc0/r_15",
            "rotation": 0.12566370614359174,
            "transform_matrix": [
                [
                    0.7374374866485596,
                    -0.2139146327972412,
                    -0.6406452655792236,
                    -2.582523822784424
                ],
                [
                    -0.6754153370857239,
                    -0.2335580289363861,
                    -0.699474573135376,
                    -2.8196723461151123
                ],
                [
                    0.0,
                    0.9485203623771667,
                    -0.31671571731567383,
                    -1.2767219543457031
                ],
                [
                    0.0,
                    0.0,
                    0.0,
                    1.0
                ]
            ]
        },
        {
            "file_path": "/data/shapenet_blender/all_50_random/02958343/a49107f738b26379428df271ebc70bc0/r_16",
            "rotation": 0.12566370614359174,
            "transform_matrix": [
                [
                    -0.4620731770992279,
                    0.22960849106311798,
                    0.8566027879714966,
                    3.4530763626098633
                ],
                [
                    0.8868418335914612,
                    0.11963342875242233,
                    0.4463176727294922,
                    1.799164056777954
                ],
                [
                    0.0,
                    0.96590256690979,
                    -0.2589057981967926,
                    -1.0436826944351196
                ],
                [
                    0.0,
                    0.0,
                    0.0,
                    1.0
                ]
            ]
        },
        {
            "file_path": "/data/shapenet_blender/all_50_random/02958343/a49107f738b26379428df271ebc70bc0/r_17",
            "rotation": 0.12566370614359174,
            "transform_matrix": [
                [
                    0.9994093179702759,
                    0.00023140879056882113,
                    -0.03436405584216118,
                    -0.13852593302726746
                ],
                [
                    -0.03436483442783356,
                    0.0067299059592187405,
                    -0.9993866682052612,
                    -4.028656482696533
                ],
                [
                    0.0,
                    0.9999774098396301,
                    0.006733882240951061,
                    0.0271451473236084
                ],
                [
                    0.0,
                    0.0,
                    0.0,
                    1.0
                ]
            ]
        },
        {
            "file_path": "/data/shapenet_blender/all_50_random/02958343/a49107f738b26379428df271ebc70bc0/r_18",
            "rotation": 0.12566370614359174,
            "transform_matrix": [
                [
                    -0.2710443139076233,
                    -0.014006352983415127,
                    0.9624649286270142,
                    3.8798203468322754
                ],
                [
                    0.9625669717788696,
                    -0.003943976946175098,
                    0.27101558446884155,
                    1.092498779296875
                ],
                [
                    -2.3283067140944524e-10,
                    0.9998940825462341,
                    0.014551043510437012,
                    0.05865713208913803
                ],
                [
                    0.0,
                    0.0,
                    0.0,
                    1.0
                ]
            ]
        },
        {
            "file_path": "/data/shapenet_blender/all_50_random/02958343/a49107f738b26379428df271ebc70bc0/r_19",
            "rotation": 0.12566370614359174,
            "transform_matrix": [
                [
                    0.7551352381706238,
                    0.0040141744539141655,
                    0.6555566787719727,
                    2.6426336765289307
                ],
                [
                    0.6555690169334412,
                    -0.004623837769031525,
                    -0.7551210522651672,
                    -3.0439906120300293
                ],
                [
                    2.3283061589829401e-10,
                    0.9999812841415405,
                    -0.006123191677033901,
                    -0.024683376774191856
                ],
                [
                    0.0,
                    0.0,
                    0.0,
                    1.0
                ]
            ]
        },
        {
            "file_path": "/data/shapenet_blender/all_50_random/02958343/a49107f738b26379428df271ebc70bc0/r_20",
            "rotation": 0.12566370614359174,
            "transform_matrix": [
                [
                    -0.5621909499168396,
                    0.6614791750907898,
                    -0.49637362360954285,
                    -2.000946044921875
                ],
                [
                    -0.827007532119751,
                    -0.4496665298938751,
                    0.3374295234680176,
                    1.3602218627929688
                ],
                [
                    0.0,
                    0.6002044677734375,
                    0.7998465895652771,
                    3.2242846488952637
                ],
                [
                    0.0,
                    0.0,
                    0.0,
                    1.0
                ]
            ]
        },
        {
            "file_path": "/data/shapenet_blender/all_50_random/02958343/a49107f738b26379428df271ebc70bc0/r_21",
            "rotation": 0.12566370614359174,
            "transform_matrix": [
                [
                    -0.4266158640384674,
                    -0.8525124192237854,
                    -0.3020286560058594,
                    -1.2175164222717285
                ],
                [
                    -0.9044328927993774,
                    0.4021252393722534,
                    0.14246520400047302,
                    0.5742955803871155
                ],
                [
                    -1.4901161193847656e-08,
                    0.33394262194633484,
                    -0.9425934553146362,
                    -3.799715757369995
                ],
                [
                    0.0,
                    0.0,
                    0.0,
                    1.0
                ]
            ]
        },
        {
            "file_path": "/data/shapenet_blender/all_50_random/02958343/a49107f738b26379428df271ebc70bc0/r_22",
            "rotation": 0.12566370614359174,
            "transform_matrix": [
                [
                    0.30441349744796753,
                    0.049095671623945236,
                    -0.9512738585472107,
                    -3.834707736968994
                ],
                [
                    -0.9525400400161743,
                    0.0156900342553854,
                    -0.3040088415145874,
                    -1.225498914718628
                ],
                [
                    0.0,
                    0.9986708760261536,
                    0.05154183879494667,
                    0.20777180790901184
                ],
                [
                    0.0,
                    0.0,
                    0.0,
                    1.0
                ]
            ]
        },
        {
            "file_path": "/data/shapenet_blender/all_50_random/02958343/a49107f738b26379428df271ebc70bc0/r_23",
            "rotation": 0.12566370614359174,
            "transform_matrix": [
                [
                    0.6066504120826721,
                    0.5099853277206421,
                    0.609827995300293,
                    2.4582953453063965
                ],
                [
                    0.7949687838554382,
                    -0.38917607069015503,
                    -0.46536725759506226,
                    -1.8759554624557495
                ],
                [
                    0.0,
                    0.7671094536781311,
                    -0.6415162086486816,
                    -2.5860345363616943
                ],
                [
                    0.0,
                    0.0,
                    0.0,
                    1.0
                ]
            ]
        },
        {
            "file_path": "/data/shapenet_blender/all_50_random/02958343/a49107f738b26379428df271ebc70bc0/r_24",
            "rotation": 0.12566370614359174,
            "transform_matrix": [
                [
                    -0.3120867609977722,
                    0.07265505939722061,
                    0.947271466255188,
                    3.818572998046875
                ],
                [
                    0.9500536918640137,
                    0.023866739124059677,
                    0.31117281317710876,
                    1.2543776035308838
                ],
                [
                    0.0,
                    0.9970714449882507,
                    -0.07647470384836197,
                    -0.3082793653011322
                ],
                [
                    0.0,
                    0.0,
                    0.0,
                    1.0
                ]
            ]
        },
        {
            "file_path": "/data/shapenet_blender/all_50_random/02958343/a49107f738b26379428df271ebc70bc0/r_25",
            "rotation": 0.12566370614359174,
            "transform_matrix": [
                [
                    0.36841312050819397,
                    -0.7187924385070801,
                    0.5895837545394897,
                    2.3766884803771973
                ],
                [
                    0.9296621680259705,
                    0.284848153591156,
                    -0.23364445567131042,
                    -0.9418509602546692
                ],
                [
                    1.4901160305669237e-08,
                    0.6341915130615234,
                    0.7731760144233704,
                    3.116772413253784
                ],
                [
                    0.0,
                    0.0,
                    0.0,
                    1.0
                ]
            ]
        },
        {
            "file_path": "/data/shapenet_blender/all_50_random/02958343/a49107f738b26379428df271ebc70bc0/r_26",
            "rotation": 0.12566370614359174,
            "transform_matrix": [
                [
                    0.34532976150512695,
                    -0.2331600934267044,
                    0.9090564250946045,
                    3.6645238399505615
                ],
                [
                    0.9384814500808716,
                    0.08579512685537338,
                    -0.33450236916542053,
                    -1.3484222888946533
                ],
                [
                    -7.450581485102248e-09,
                    0.9686461687088013,
                    0.24844403564929962,
                    1.0015100240707397
                ],
                [
                    0.0,
                    0.0,
                    0.0,
                    1.0
                ]
            ]
        },
        {
            "file_path": "/data/shapenet_blender/all_50_random/02958343/a49107f738b26379428df271ebc70bc0/r_27",
            "rotation": 0.12566370614359174,
            "transform_matrix": [
                [
                    0.8023354411125183,
                    -0.4737483561038971,
                    0.36307084560394287,
                    1.463585376739502
                ],
                [
                    0.5968735218048096,
                    0.6368268728256226,
                    -0.48805081844329834,
                    -1.9673957824707031
                ],
                [
                    0.0,
                    0.6082877516746521,
                    0.793716549873352,
                    3.1995737552642822
                ],
                [
                    0.0,
                    0.0,
                    0.0,
                    1.0
                ]
            ]
        },
        {
            "file_path": "/data/shapenet_blender/all_50_random/02958343/a49107f738b26379428df271ebc70bc0/r_28",
            "rotation": 0.12566370614359174,
            "transform_matrix": [
                [
                    0.20213651657104492,
                    -0.9714798331260681,
                    0.12396664172410965,
                    0.4997255206108093
                ],
                [
                    0.9793574213981628,
                    0.20051060616970062,
                    -0.025586355477571487,
                    -0.1031418964266777
                ],
                [
                    1.862645371275562e-09,
                    0.12657952308654785,
                    0.9919564127922058,
                    3.998704195022583
                ],
                [
                    0.0,
                    0.0,
                    0.0,
                    1.0
                ]
            ]
        },
        {
            "file_path": "/data/shapenet_blender/all_50_random/02958343/a49107f738b26379428df271ebc70bc0/r_29",
            "rotation": 0.12566370614359174,
            "transform_matrix": [
                [
                    -0.029189184308052063,
                    0.13348592817783356,
                    0.9906207323074341,
                    3.9933199882507324
                ],
                [
                    0.9995740056037903,
                    0.00389800569973886,
                    0.02892773225903511,
                    0.11661142110824585
                ],
                [
                    2.3283067140944524e-10,
                    0.9910430312156677,
                    -0.13354282081127167,
                    -0.5383283495903015
                ],
                [
                    0.0,
                    0.0,
                    0.0,
                    1.0
                ]
            ]
        },
        {
            "file_path": "/data/shapenet_blender/all_50_random/02958343/a49107f738b26379428df271ebc70bc0/r_30",
            "rotation": 0.12566370614359174,
            "transform_matrix": [
                [
                    0.24670304358005524,
                    0.14716289937496185,
                    0.9578521251678467,
                    3.8612253665924072
                ],
                [
                    0.9690911173820496,
                    -0.037463489919900894,
                    -0.24384191632270813,
                    -0.982958197593689
                ],
                [
                    0.0,
                    0.9884024262428284,
                    -0.15185663104057312,
                    -0.6121536493301392
                ],
                [
                    0.0,
                    0.0,
                    0.0,
                    1.0
                ]
            ]
        },
        {
            "file_path": "/data/shapenet_blender/all_50_random/02958343/a49107f738b26379428df271ebc70bc0/r_31",
            "rotation": 0.12566370614359174,
            "transform_matrix": [
                [
                    -0.5805071592330933,
                    -0.42027032375335693,
                    0.6974125504493713,
                    2.8113598823547363
                ],
                [
                    0.8142552375793457,
                    -0.29962342977523804,
                    0.4972064793109894,
                    2.004303455352783
                ],
                [
                    1.4901162970204496e-08,
                    0.8565036654472351,
                    0.516140878200531,
                    2.0806305408477783
                ],
                [
                    0.0,
                    0.0,
                    0.0,
                    1.0
                ]
            ]
        },
        {
            "file_path": "/data/shapenet_blender/all_50_random/02958343/a49107f738b26379428df271ebc70bc0/r_32",
            "rotation": 0.12566370614359174,
            "transform_matrix": [
                [
                    -0.9853765964508057,
                    -0.0841909795999527,
                    -0.1481378674507141,
                    -0.5971628427505493
                ],
                [
                    -0.17039060592651367,
                    0.48688027262687683,
                    0.8566880822181702,
                    3.4534201622009277
                ],
                [
                    -7.450581485102248e-09,
                    0.8694016933441162,
                    -0.49410581588745117,
                    -1.9918042421340942
                ],
                [
                    0.0,
                    0.0,
                    0.0,
                    1.0
                ]
            ]
        },
        {
            "file_path": "/data/shapenet_blender/all_50_random/02958343/a49107f738b26379428df271ebc70bc0/r_33",
            "rotation": 0.12566370614359174,
            "transform_matrix": [
                [
                    -0.7243964672088623,
                    0.2998370826244354,
                    0.6207634806632996,
                    2.502377986907959
                ],
                [
                    0.6893835067749023,
                    0.3150654435157776,
                    0.6522912979125977,
                    2.6294705867767334
                ],
                [
                    0.0,
                    0.900461733341217,
                    -0.4349350333213806,
                    -1.7532793283462524
                ],
                [
                    0.0,
                    0.0,
                    0.0,
                    1.0
                ]
            ]
        },
        {
            "file_path": "/data/shapenet_blender/all_50_random/02958343/a49107f738b26379428df271ebc70bc0/r_34",
            "rotation": 0.12566370614359174,
            "transform_matrix": [
                [
                    0.29783380031585693,
                    -0.5228964686393738,
                    0.7986702919006348,
                    3.219543218612671
                ],
                [
                    0.9546177983283997,
                    0.16313989460468292,
                    -0.24917931854724884,
                    -1.0044740438461304
                ],
                [
                    0.0,
                    0.836638867855072,
                    0.5477547645568848,
                    2.2080702781677246
                ],
                [
                    0.0,
                    0.0,
                    0.0,
                    1.0
                ]
            ]
        },
        {
            "file_path": "/data/shapenet_blender/all_50_random/02958343/a49107f738b26379428df271ebc70bc0/r_35",
            "rotation": 0.12566370614359174,
            "transform_matrix": [
                [
                    -0.7793443202972412,
                    -0.16069765388965607,
                    0.6056391000747681,
                    2.441409111022949
                ],
                [
                    0.6265959143638611,
                    -0.1998717188835144,
                    0.7532787919044495,
                    3.0365636348724365
                ],
                [
                    -7.4505797087454084e-09,
                    0.9665545225143433,
                    0.25646138191223145,
                    1.0338287353515625
                ],
                [
                    0.0,
                    0.0,
                    0.0,
                    1.0
                ]
            ]
        },
        {
            "file_path": "/data/shapenet_blender/all_50_random/02958343/a49107f738b26379428df271ebc70bc0/r_36",
            "rotation": 0.12566370614359174,
            "transform_matrix": [
                [
                    0.9567524790763855,
                    -0.03965149447321892,
                    0.2881881892681122,
                    1.1617237329483032
                ],
                [
                    0.2909031808376312,
                    0.13040992617607117,
                    -0.9478230476379395,
                    -3.8207969665527344
                ],
                [
                    -3.725290298461914e-09,
                    0.9906668663024902,
                    0.13630478084087372,
                    0.5494621396064758
                ],
                [
                    0.0,
                    0.0,
                    0.0,
                    1.0
                ]
            ]
        },
        {
            "file_path": "/data/shapenet_blender/all_50_random/02958343/a49107f738b26379428df271ebc70bc0/r_37",
            "rotation": 0.12566370614359174,
            "transform_matrix": [
                [
                    0.12698613107204437,
                    -0.10088878870010376,
                    0.9867603182792664,
                    3.9777581691741943
                ],
                [
                    0.9919044971466064,
                    0.012916038744151592,
                    -0.12632755935192108,
                    -0.5092426538467407
                ],
                [
                    0.0,
                    0.9948137998580933,
                    0.10171221196651459,
                    0.4100150465965271
                ],
                [
                    0.0,
                    0.0,
                    0.0,
                    1.0
                ]
            ]
        },
        {
            "file_path": "/data/shapenet_blender/all_50_random/02958343/a49107f738b26379428df271ebc70bc0/r_38",
            "rotation": 0.12566370614359174,
            "transform_matrix": [
                [
                    0.6365459561347961,
                    -0.2522176206111908,
                    -0.7288315892219543,
                    -2.938014030456543
                ],
                [
                    -0.7712388634681702,
                    -0.2081691473722458,
                    -0.601544976234436,
                    -2.424905300140381
                ],
                [
                    0.0,
                    0.9450141191482544,
                    -0.327029287815094,
                    -1.318297266960144
                ],
                [
                    0.0,
                    0.0,
                    0.0,
                    1.0
                ]
            ]
        },
        {
            "file_path": "/data/shapenet_blender/all_50_random/02958343/a49107f738b26379428df271ebc70bc0/r_39",
            "rotation": 0.12566370614359174,
            "transform_matrix": [
                [
                    -0.018873194232583046,
                    0.4036632180213928,
                    0.9147129058837891,
                    3.6873257160186768
                ],
                [
                    0.9998219013214111,
                    0.007619771640747786,
                    0.01726662926375866,
                    0.06960400938987732
                ],
                [
                    -4.656613428188905e-10,
                    0.9148759245872498,
                    -0.40373513102531433,
                    -1.6275084018707275
                ],
                [
                    0.0,
                    0.0,
                    0.0,
                    1.0
                ]
            ]
        },
        {
            "file_path": "/data/shapenet_blender/all_50_random/02958343/a49107f738b26379428df271ebc70bc0/r_40",
            "rotation": 0.12566370614359174,
            "transform_matrix": [
                [
                    0.1466740369796753,
                    0.20083022117614746,
                    -0.9685835838317871,
                    -3.904484748840332
                ],
                [
                    -0.9891849160194397,
                    0.02977863885462284,
                    -0.14361931383609772,
                    -0.578947901725769
                ],
                [
                    1.862645149230957e-09,
                    0.9791733026504517,
                    0.20302601158618927,
                    0.8184239268302917
                ],
                [
                    0.0,
                    0.0,
                    0.0,
                    1.0
                ]
            ]
        },
        {
            "file_path": "/data/shapenet_blender/all_50_random/02958343/a49107f738b26379428df271ebc70bc0/r_41",
            "rotation": 0.12566370614359174,
            "transform_matrix": [
                [
                    0.6949909925460815,
                    -0.18588221073150635,
                    0.6945756077766418,
                    2.799923896789551
                ],
                [
                    0.7190183997154236,
                    0.17967058718204498,
                    -0.6713650226593018,
                    -2.7063589096069336
                ],
                [
                    0.0,
