{
    "class": "02958343",
    "model": "b1736379a44bc475352a2541f8b4515a",
    "remove_doubles": true,
    "edge_split": true,
    "denoise": true,
    "camera_angle_x": 0.6911112070083618,
    "scale_factor": 2.293580545240933,
    "hdri_file": "/data/IndoorHDRDataset2018/AG8A0546-76034a82cc.exr",
    "center_offset": [
        0.0,
        -3.725290298461914e-09,
        0.0
    ],
    "lights": [],
    "frames": [
        {
            "file_path": "/data/shapenet_blender/all_50_random/02958343/b1736379a44bc475352a2541f8b4515a/r_0",
            "rotation": 0.12566370614359174,
            "transform_matrix": [
                [
                    0.9719034433364868,
                    -0.13188980519771576,
                    0.19495852291584015,
                    0.7859029173851013
                ],
                [
                    0.23538002371788025,
                    0.5445838570594788,
                    -0.804999828338623,
                    -3.245058059692383
                ],
                [
                    7.450580596923828e-09,
                    0.8282714486122131,
                    0.5603271126747131,
                    2.2587509155273438
                ],
                [
                    0.0,
                    0.0,
                    0.0,
                    1.0
                ]
            ]
        },
        {
            "file_path": "/data/shapenet_blender/all_50_random/02958343/b1736379a44bc475352a2541f8b4515a/r_1",
            "rotation": 0.12566370614359174,
            "transform_matrix": [
                [
                    -0.01131421234458685,
                    0.24678778648376465,
                    -0.9690034985542297,
                    -3.9061779975891113
                ],
                [
                    -0.999936044216156,
                    -0.002792387967929244,
                    0.01096421293914318,
                    0.04419815540313721
                ],
                [
                    2.3283064365386963e-10,
                    0.9690654873847961,
                    0.24680359661579132,
                    0.9948971271514893
                ],
                [
                    0.0,
                    0.0,
                    0.0,
                    1.0
                ]
            ]
        },
        {
            "file_path": "/data/shapenet_blender/all_50_random/02958343/b1736379a44bc475352a2541f8b4515a/r_2",
            "rotation": 0.12566370614359174,
            "transform_matrix": [
                [
                    0.7976993322372437,
                    -0.04501645639538765,
                    0.6013728976249695,
                    2.4242117404937744
                ],
                [
                    0.6030554175376892,
                    0.0595460943877697,
                    -0.7954736948013306,
                    -3.2066569328308105
                ],
                [
                    0.0,
                    0.9972098469734192,
                    0.07464730739593506,
                    0.30091291666030884
                ],
                [
                    0.0,
                    0.0,
                    0.0,
                    1.0
                ]
            ]
        },
        {
            "file_path": "/data/shapenet_blender/all_50_random/02958343/b1736379a44bc475352a2541f8b4515a/r_3",
            "rotation": 0.12566370614359174,
            "transform_matrix": [
                [
                    0.7640909552574158,
                    -0.6390607357025146,
                    0.08812713623046875,
                    0.35525187849998474
                ],
                [
                    0.6451085209846497,
                    0.7569277286529541,
                    -0.10438111424446106,
                    -0.42077377438545227
                ],
                [
                    0.0,
                    0.13660815358161926,
                    0.9906251430511475,
                    3.993337869644165
                ],
                [
                    0.0,
                    0.0,
                    0.0,
                    1.0
                ]
            ]
        },
        {
            "file_path": "/data/shapenet_blender/all_50_random/02958343/b1736379a44bc475352a2541f8b4515a/r_4",
            "rotation": 0.12566370614359174,
            "transform_matrix": [
                [
                    0.4112889766693115,
                    -0.41197577118873596,
                    -0.8130911588668823,
                    -3.2776753902435303
                ],
                [
                    -0.9115049839019775,
                    -0.18589156866073608,
                    -0.3668827414512634,
                    -1.4789516925811768
                ],
                [
                    1.4901161193847656e-08,
                    0.8920314908027649,
                    -0.45197317004203796,
                    -1.8219621181488037
                ],
                [
                    0.0,
                    0.0,
                    0.0,
                    1.0
                ]
            ]
        },
        {
            "file_path": "/data/shapenet_blender/all_50_random/02958343/b1736379a44bc475352a2541f8b4515a/r_5",
            "rotation": 0.12566370614359174,
            "transform_matrix": [
                [
                    0.8407713770866394,
                    0.17017288506031036,
                    0.513949990272522,
                    2.07179856300354
                ],
                [
                    0.5413902401924133,
                    -0.26427608728408813,
                    -0.7981570959091187,
                    -3.2174739837646484
                ],
                [
                    0.0,
                    0.9493151307106018,
                    -0.3143257796764374,
                    -1.267087697982788
                ],
                [
                    0.0,
                    0.0,
                    0.0,
                    1.0
                ]
            ]
        },
        {
            "file_path": "/data/shapenet_blender/all_50_random/02958343/b1736379a44bc475352a2541f8b4515a/r_6",
            "rotation": 0.12566370614359174,
            "transform_matrix": [
                [
                    -0.44198328256607056,
                    0.010584916919469833,
                    -0.8969608545303345,
                    -3.615764856338501
                ],
                [
                    -0.8970233201980591,
                    -0.005215423181653023,
                    0.44195249676704407,
                    1.7815674543380737
                ],
                [
                    0.0,
                    0.9999303221702576,
                    0.011800047941505909,
                    0.047567516565322876
                ],
                [
                    0.0,
                    0.0,
                    0.0,
                    1.0
                ]
            ]
        },
        {
            "file_path": "/data/shapenet_blender/all_50_random/02958343/b1736379a44bc475352a2541f8b4515a/r_7",
            "rotation": 0.12566370614359174,
            "transform_matrix": [
                [
                    0.4577150344848633,
                    -0.2846018373966217,
                    0.8423174023628235,
                    3.3954904079437256
                ],
                [
                    0.8890990614891052,
                    0.14651520550251007,
                    -0.4336314797401428,
                    -1.748024582862854
                ],
                [
                    1.4901162970204496e-08,
                    0.9473832249641418,
                    0.32010138034820557,
                    1.2903701066970825
                ],
                [
                    0.0,
                    0.0,
                    0.0,
                    1.0
                ]
            ]
        },
        {
            "file_path": "/data/shapenet_blender/all_50_random/02958343/b1736379a44bc475352a2541f8b4515a/r_8",
            "rotation": 0.12566370614359174,
            "transform_matrix": [
                [
                    -0.15926030278205872,
                    0.4233779013156891,
                    0.8918448090553284,
                    3.595141649246216
                ],
                [
                    0.9872366786003113,
                    0.06829901039600372,
                    0.1438717395067215,
                    0.5799655914306641
                ],
                [
                    0.0,
                    0.903374969959259,
                    -0.42885148525238037,
                    -1.7287557125091553
                ],
                [
                    0.0,
                    0.0,
                    0.0,
                    1.0
                ]
            ]
        },
        {
            "file_path": "/data/shapenet_blender/all_50_random/02958343/b1736379a44bc475352a2541f8b4515a/r_9",
            "rotation": 0.12566370614359174,
            "transform_matrix": [
                [
                    0.3698440492153168,
                    0.4479219317436218,
                    -0.8139909505844116,
                    -3.2813024520874023
                ],
                [
                    -0.9290938377380371,
                    0.17830413579940796,
                    -0.32402509450912476,
                    -1.3061869144439697
                ],
                [
                    0.0,
                    0.876112699508667,
                    0.4821062684059143,
                    1.9434325695037842
                ],
                [
                    0.0,
                    0.0,
                    0.0,
                    1.0
                ]
            ]
        },
        {
            "file_path": "/data/shapenet_blender/all_50_random/02958343/b1736379a44bc475352a2541f8b4515a/r_10",
            "rotation": 0.12566370614359174,
            "transform_matrix": [
                [
                    -0.8110644221305847,
                    0.17456601560115814,
                    0.5583020448684692,
                    2.2505874633789062
                ],
                [
                    0.5849567651748657,
                    0.24204230308532715,
                    0.7741066217422485,
                    3.120523691177368
                ],
                [
                    0.0,
                    0.9544329047203064,
                    -0.29842549562454224,
                    -1.2029916048049927
                ],
                [
                    0.0,
                    0.0,
                    0.0,
                    1.0
                ]
            ]
        },
        {
            "file_path": "/data/shapenet_blender/all_50_random/02958343/b1736379a44bc475352a2541f8b4515a/r_11",
            "rotation": 0.12566370614359174,
            "transform_matrix": [
                [
                    0.768960177898407,
                    -0.048745740205049515,
                    -0.6374355554580688,
                    -2.569584846496582
                ],
                [
                    -0.6392966508865356,
                    -0.05863245576620102,
                    -0.7667216062545776,
                    -3.0907535552978516
                ],
                [
                    0.0,
                    0.9970887303352356,
                    -0.07624901831150055,
                    -0.3073696196079254
                ],
                [
                    0.0,
                    0.0,
                    0.0,
                    1.0
                ]
            ]
        },
        {
            "file_path": "/data/shapenet_blender/all_50_random/02958343/b1736379a44bc475352a2541f8b4515a/r_12",
            "rotation": 0.12566370614359174,
            "transform_matrix": [
                [
                    0.06367815285921097,
                    0.4095907211303711,
                    -0.9100443124771118,
                    -3.6685054302215576
                ],
                [
                    -0.9979705214500427,
                    0.026135019958019257,
                    -0.05806778743863106,
                    -0.23407870531082153
                ],
                [
                    0.0,
                    0.9118949174880981,
                    0.41042375564575195,
                    1.6544709205627441
                ],
                [
                    0.0,
                    0.0,
                    0.0,
                    1.0
                ]
            ]
        },
        {
            "file_path": "/data/shapenet_blender/all_50_random/02958343/b1736379a44bc475352a2541f8b4515a/r_13",
            "rotation": 0.12566370614359174,
            "transform_matrix": [
                [
                    -0.4273138642311096,
                    -0.027608023956418037,
                    0.9036816358566284,
                    3.642857551574707
                ],
                [
                    0.9041033387184143,
                    -0.013048609718680382,
                    0.4271145462989807,
                    1.7217539548873901
                ],
                [
                    9.313225746154785e-10,
                    0.9995335340499878,
                    0.030536361038684845,
                    0.12309601902961731
                ],
                [
                    0.0,
                    0.0,
                    0.0,
                    1.0
                ]
            ]
        },
        {
            "file_path": "/data/shapenet_blender/all_50_random/02958343/b1736379a44bc475352a2541f8b4515a/r_14",
            "rotation": 0.12566370614359174,
            "transform_matrix": [
                [
                    -0.7597200274467468,
                    0.29881834983825684,
                    0.5775232315063477,
                    2.328070640563965
                ],
                [
                    0.6502503752708435,
                    0.3491244614124298,
                    0.6747493147850037,
                    2.720001459121704
                ],
                [
                    -1.4901161193847656e-08,
                    0.8881552815437317,
                    -0.4595435559749603,
                    -1.852479338645935
                ],
                [
                    0.0,
                    0.0,
                    0.0,
                    1.0
                ]
            ]
        },
        {
            "file_path": "/data/shapenet_blender/all_50_random/02958343/b1736379a44bc475352a2541f8b4515a/r_15",
            "rotation": 0.12566370614359174,
            "transform_matrix": [
                [
                    -0.282218337059021,
                    -0.04034729674458504,
                    -0.958501398563385,
                    -3.863842725753784
                ],
                [
                    -0.9593501687049866,
                    0.01186922937631607,
                    0.2819686532020569,
                    1.1366519927978516
                ],
                [
                    0.0,
                    0.9991152882575989,
                    -0.04205690324306488,
                    -0.1695367991924286
                ],
                [
                    0.0,
                    0.0,
                    0.0,
                    1.0
                ]
            ]
        },
        {
            "file_path": "/data/shapenet_blender/all_50_random/02958343/b1736379a44bc475352a2541f8b4515a/r_16",
            "rotation": 0.12566370614359174,
            "transform_matrix": [
                [
                    -0.3487705588340759,
                    -0.8942278027534485,
                    0.28056320548057556,
                    1.1309864521026611
                ],
                [
                    0.9372081756591797,
                    -0.33277595043182373,
                    0.10440816730260849,
                    0.42088279128074646
                ],
                [
                    0.0,
                    0.29936060309410095,
                    0.9541400074958801,
                    3.846261501312256
                ],
                [
                    0.0,
                    0.0,
                    0.0,
                    1.0
                ]
            ]
        },
        {
            "file_path": "/data/shapenet_blender/all_50_random/02958343/b1736379a44bc475352a2541f8b4515a/r_17",
            "rotation": 0.12566370614359174,
            "transform_matrix": [
                [
                    0.638746976852417,
                    0.2678333520889282,
                    -0.7212958335876465,
                    -2.9076364040374756
                ],
                [
                    -0.7694169282913208,
                    0.222347229719162,
                    -0.5987982153892517,
                    -2.413832902908325
                ],
                [
                    0.0,
                    0.937457799911499,
                    0.34809908270835876,
                    1.4032323360443115
                ],
                [
                    0.0,
                    0.0,
                    0.0,
                    1.0
                ]
            ]
        },
        {
            "file_path": "/data/shapenet_blender/all_50_random/02958343/b1736379a44bc475352a2541f8b4515a/r_18",
            "rotation": 0.12566370614359174,
            "transform_matrix": [
                [
                    0.9154245257377625,
                    -0.20864589512348175,
                    0.34418734908103943,
                    1.3874635696411133
                ],
                [
                    0.4024898409843445,
                    0.47454509139060974,
                    -0.7828211188316345,
                    -3.1556527614593506
                ],
                [
                    0.0,
                    0.8551455736160278,
                    0.518388032913208,
                    2.089689016342163
                ],
                [
                    0.0,
                    0.0,
                    0.0,
                    1.0
                ]
            ]
        },
        {
            "file_path": "/data/shapenet_blender/all_50_random/02958343/b1736379a44bc475352a2541f8b4515a/r_19",
            "rotation": 0.12566370614359174,
            "transform_matrix": [
                [
                    -0.595840334892273,
                    -0.10557076334953308,
                    0.796133816242218,
                    3.2093183994293213
                ],
                [
                    0.8031030297279358,
                    -0.07832534611225128,
                    0.5906696915626526,
                    2.381065845489502
                ],
                [
                    7.450581485102248e-09,
                    0.9913223385810852,
                    0.13145355880260468,
                    0.5299063324928284
                ],
                [
                    0.0,
                    0.0,
                    0.0,
                    1.0
                ]
            ]
        },
        {
            "file_path": "/data/shapenet_blender/all_50_random/02958343/b1736379a44bc475352a2541f8b4515a/r_20",
            "rotation": 0.12566370614359174,
            "transform_matrix": [
                [
                    0.9223052263259888,
                    0.117531418800354,
                    -0.3681569993495941,
                    -1.4840883016586304
                ],
                [
                    -0.3864625096321106,
                    0.28049254417419434,
                    -0.878618597984314,
                    -3.5418248176574707
                ],
                [
                    0.0,
                    0.9526333808898926,
                    0.3041211664676666,
                    1.2259516716003418
                ],
                [
                    0.0,
                    0.0,
                    0.0,
                    1.0
                ]
            ]
        },
        {
            "file_path": "/data/shapenet_blender/all_50_random/02958343/b1736379a44bc475352a2541f8b4515a/r_21",
            "rotation": 0.12566370614359174,
            "transform_matrix": [
                [
                    -0.35465747117996216,
                    0.8412587642669678,
                    -0.408046156167984,
                    -1.6448866128921509
                ],
                [
                    -0.9349963665008545,
                    -0.3191014528274536,
                    0.15477773547172546,
                    0.6239290237426758
                ],
                [
                    0.0,
                    0.4364146888256073,
                    0.8997455835342407,
                    3.626990556716919
                ],
                [
                    0.0,
                    0.0,
                    0.0,
                    1.0
                ]
            ]
        },
        {
            "file_path": "/data/shapenet_blender/all_50_random/02958343/b1736379a44bc475352a2541f8b4515a/r_22",
            "rotation": 0.12566370614359174,
            "transform_matrix": [
                [
                    0.64639812707901,
                    -0.42523813247680664,
                    0.6335155963897705,
                    2.5537829399108887
                ],
                [
                    0.7630003094673157,
                    0.3602529764175415,
                    -0.5367013216018677,
                    -2.1635122299194336
                ],
                [
                    -1.4901161193847656e-08,
                    0.8302952647209167,
                    0.5573236346244812,
                    2.246643543243408
                ],
                [
                    0.0,
                    0.0,
                    0.0,
                    1.0
                ]
            ]
        },
        {
            "file_path": "/data/shapenet_blender/all_50_random/02958343/b1736379a44bc475352a2541f8b4515a/r_23",
            "rotation": 0.12566370614359174,
            "transform_matrix": [
                [
                    -0.9754562377929688,
                    0.05960482358932495,
                    0.21197272837162018,
                    0.8544893264770508
                ],
                [
                    0.22019347548484802,
                    0.26404911279678345,
                    0.9390383362770081,
                    3.785384178161621
                ],
                [
                    0.0,
                    0.9626656174659729,
                    -0.27069300413131714,
                    -1.0911983251571655
                ],
                [
                    0.0,
                    0.0,
                    0.0,
                    1.0
                ]
            ]
        },
        {
            "file_path": "/data/shapenet_blender/all_50_random/02958343/b1736379a44bc475352a2541f8b4515a/r_24",
            "rotation": 0.12566370614359174,
            "transform_matrix": [
                [
                    0.8140002489089966,
                    -0.4294288158416748,
                    0.39114513993263245,
                    1.5767567157745361
                ],
                [
                    0.580864667892456,
                    0.6017841696739197,
                    -0.548134982585907,
                    -2.2096030712127686
                ],
                [
                    -1.4901162970204496e-08,
                    0.673384428024292,
                    0.7392923831939697,
                    2.9801831245422363
                ],
                [
                    0.0,
                    0.0,
                    0.0,
                    1.0
                ]
            ]
        },
        {
            "file_path": "/data/shapenet_blender/all_50_random/02958343/b1736379a44bc475352a2541f8b4515a/r_25",
            "rotation": 0.12566370614359174,
            "transform_matrix": [
                [
                    -0.4135231375694275,
                    0.005577668081969023,
                    -0.9104765057563782,
                    -3.67024827003479
                ],
                [
                    -0.9104937314987183,
                    -0.0025332351215183735,
                    0.4135152995586395,
                    1.666933536529541
                ],
                [
                    0.0,
                    0.9999812841415405,
                    0.006125981453806162,
                    0.024694621562957764
                ],
                [
                    0.0,
                    0.0,
                    0.0,
                    1.0
                ]
            ]
        },
        {
            "file_path": "/data/shapenet_blender/all_50_random/02958343/b1736379a44bc475352a2541f8b4515a/r_26",
            "rotation": 0.12566370614359174,
            "transform_matrix": [
                [
                    0.2423843890428543,
                    0.07479185611009598,
                    -0.9672930240631104,
                    -3.8992831707000732
                ],
                [
                    -0.9701803922653198,
                    0.01868557371199131,
                    -0.24166302382946014,
                    -0.9741748571395874
                ],
                [
                    0.0,
                    0.9970241189002991,
                    0.07709065824747086,
                    0.3107624053955078
                ],
                [
                    0.0,
                    0.0,
                    0.0,
                    1.0
                ]
            ]
        },
        {
            "file_path": "/data/shapenet_blender/all_50_random/02958343/b1736379a44bc475352a2541f8b4515a/r_27",
            "rotation": 0.12566370614359174,
            "transform_matrix": [
                [
                    -0.5543304085731506,
                    -0.11834950000047684,
                    -0.8238393068313599,
                    -3.32100248336792
                ],
                [
                    -0.8322967290878296,
                    0.07882372289896011,
                    0.5486975908279419,
                    2.2118706703186035
                ],
                [
                    0.0,
                    0.9898384809494019,
                    -0.14219628274440765,
                    -0.5732115507125854
                ],
                [
                    0.0,
                    0.0,
                    0.0,
                    1.0
                ]
            ]
        },
        {
            "file_path": "/data/shapenet_blender/all_50_random/02958343/b1736379a44bc475352a2541f8b4515a/r_28",
            "rotation": 0.12566370614359174,
            "transform_matrix": [
                [
                    0.8095880746841431,
                    0.1139577254652977,
                    0.5758306384086609,
                    2.3212473392486572
                ],
                [
                    0.5869985222816467,
                    -0.15717042982578278,
                    -0.7941852807998657,
                    -3.201462984085083
                ],
                [
                    0.0,
                    0.980974555015564,
                    -0.1941363364458084,
                    -0.7825884819030762
                ],
                [
                    0.0,
                    0.0,
                    0.0,
                    1.0
                ]
            ]
        },
        {
            "file_path": "/data/shapenet_blender/all_50_random/02958343/b1736379a44bc475352a2541f8b4515a/r_29",
            "rotation": 0.12566370614359174,
            "transform_matrix": [
                [
                    -0.9974777102470398,
                    0.03530177101492882,
                    -0.06157846748828888,
                    -0.24823075532913208
                ],
                [
                    -0.07097972929477692,
                    -0.4960955083370209,
                    0.865361750125885,
                    3.488384962081909
                ],
                [
                    1.8626450382086546e-09,
                    0.8675500750541687,
                    0.49734988808631897,
                    2.0048816204071045
                ],
                [
                    0.0,
                    0.0,
                    0.0,
                    1.0
                ]
            ]
        },
        {
            "file_path": "/data/shapenet_blender/all_50_random/02958343/b1736379a44bc475352a2541f8b4515a/r_30",
            "rotation": 0.12566370614359174,
            "transform_matrix": [
                [
                    0.24279896914958954,
                    0.9693111777305603,
                    -0.03853097930550575,
                    -0.1553233563899994
                ],
                [
                    -0.9700766205787659,
                    0.24260738492012024,
                    -0.009643858298659325,
                    -0.03887563943862915
                ],
                [
                    0.0,
                    0.03971889987587929,
                    0.9992108345031738,
                    4.027947902679443
                ],
                [
                    0.0,
                    0.0,
                    0.0,
                    1.0
                ]
            ]
        },
        {
            "file_path": "/data/shapenet_blender/all_50_random/02958343/b1736379a44bc475352a2541f8b4515a/r_31",
            "rotation": 0.12566370614359174,
            "transform_matrix": [
                [
                    -0.570900559425354,
                    0.49694961309432983,
                    0.6535392999649048,
                    2.6345012187957764
                ],
                [
                    0.8210192322731018,
                    0.3455568253993988,
                    0.45444241166114807,
                    1.8319159746170044
                ],
                [
                    1.4901161193847656e-08,
                    0.7960097193717957,
                    -0.605283796787262,
                    -2.439976930618286
                ],
                [
                    0.0,
                    0.0,
                    0.0,
                    1.0
                ]
            ]
        },
        {
            "file_path": "/data/shapenet_blender/all_50_random/02958343/b1736379a44bc475352a2541f8b4515a/r_32",
            "rotation": 0.12566370614359174,
            "transform_matrix": [
                [
                    0.8795933127403259,
                    -0.24707376956939697,
                    0.4065341055393219,
                    1.638791561126709
                ],
                [
                    0.47572627663612366,
                    0.45682668685913086,
                    -0.7516606450080872,
                    -3.030041217803955
                ],
                [
                    0.0,
                    0.8545545935630798,
                    0.5193611979484558,
                    2.0936121940612793
                ],
                [
                    0.0,
                    0.0,
                    0.0,
                    1.0
                ]
            ]
        },
        {
            "file_path": "/data/shapenet_blender/all_50_random/02958343/b1736379a44bc475352a2541f8b4515a/r_33",
            "rotation": 0.12566370614359174,
            "transform_matrix": [
                [
                    -0.843694806098938,
                    0.0004171681066509336,
                    -0.5368229746818542,
                    -2.1640026569366455
                ],
                [
                    -0.5368231534957886,
                    -0.0006556396256200969,
                    0.8436945080757141,
                    3.401041269302368
                ],
                [
                    0.0,
                    0.9999997019767761,
                    0.0007771052769385278,
                    0.0031326115131378174
                ],
                [
                    0.0,
                    0.0,
                    0.0,
                    1.0
                ]
            ]
        },
        {
            "file_path": "/data/shapenet_blender/all_50_random/02958343/b1736379a44bc475352a2541f8b4515a/r_34",
            "rotation": 0.12566370614359174,
            "transform_matrix": [
                [
                    -0.5352277159690857,
                    0.27912285923957825,
                    0.7972588539123535,
                    3.213853359222412
                ],
                [
                    0.8447078466415405,
                    0.17685911059379578,
                    0.5051628351211548,
                    2.036376714706421
                ],
                [
                    0.0,
                    0.9438280463218689,
                    -0.3304370939731598,
                    -1.332034707069397
                ],
                [
                    0.0,
                    0.0,
                    0.0,
                    1.0
                ]
            ]
        },
        {
            "file_path": "/data/shapenet_blender/all_50_random/02958343/b1736379a44bc475352a2541f8b4515a/r_35",
            "rotation": 0.12566370614359174,
            "transform_matrix": [
                [
                    -0.9339857697486877,
                    -0.004466234240680933,
                    -0.35728225111961365,
                    -1.4402506351470947
                ],
                [
                    -0.35731014609336853,
                    0.011674449779093266,
                    0.9339128732681274,
                    3.7647228240966797
                ],
                [
                    0.0,
                    0.9999219179153442,
                    -0.012499602511525154,
                    -0.05038750171661377
                ],
                [
                    0.0,
                    0.0,
                    0.0,
                    1.0
                ]
            ]
        },
        {
            "file_path": "/data/shapenet_blender/all_50_random/02958343/b1736379a44bc475352a2541f8b4515a/r_36",
            "rotation": 0.12566370614359174,
            "transform_matrix": [
                [
                    -0.999884843826294,
                    -0.0032609780319035053,
                    -0.014828365296125412,
                    -0.05977505445480347
                ],
                [
                    -0.015182703733444214,
                    0.21475772559642792,
                    0.9765492677688599,
                    3.936596155166626
                ],
                [
                    2.3283067140944524e-10,
                    0.9766619205474854,
                    -0.2147824466228485,
                    -0.8658158183097839
                ],
                [
                    0.0,
                    0.0,
                    0.0,
                    1.0
                ]
            ]
        },
        {
            "file_path": "/data/shapenet_blender/all_50_random/02958343/b1736379a44bc475352a2541f8b4515a/r_37",
            "rotation": 0.12566370614359174,
            "transform_matrix": [
                [
                    -0.35858866572380066,
                    0.340390682220459,
                    0.8692228198051453,
                    3.5039494037628174
                ],
                [
                    0.9334956407546997,
                    0.13075608015060425,
                    0.33389919996261597,
                    1.3459908962249756
                ],
                [
                    7.4505797087454084e-09,
                    0.9311482906341553,
                    -0.3646408021450043,
                    -1.469914197921753
                ],
                [
                    0.0,
                    0.0,
                    0.0,
                    1.0
                ]
            ]
        },
        {
            "file_path": "/data/shapenet_blender/all_50_random/02958343/b1736379a44bc475352a2541f8b4515a/r_38",
            "rotation": 0.12566370614359174,
            "transform_matrix": [
                [
                    0.8590037226676941,
                    0.19740831851959229,
                    0.4723796546459198,
                    1.9042233228683472
                ],
                [
                    0.5119693279266357,
                    -0.33122000098228455,
                    -0.7925785183906555,
                    -3.19498610496521
                ],
                [
                    -1.4901161193847656e-08,
                    0.9226716756820679,
                    -0.38558629155158997,
                    -1.554348111152649
                ],
                [
                    0.0,
                    0.0,
                    0.0,
                    1.0
                ]
            ]
        },
        {
            "file_path": "/data/shapenet_blender/all_50_random/02958343/b1736379a44bc475352a2541f8b4515a/r_39",
            "rotation": 0.12566370614359174,
            "transform_matrix": [
                [
                    0.3883509039878845,
                    -0.8581947088241577,
                    -0.3356865346431732,
                    -1.3531956672668457
                ],
                [
                    -0.9215115904808044,
                    -0.36166736483573914,
                    -0.14146775007247925,
                    -0.5702747702598572
                ],
                [
                    7.450580596923828e-09,
                    0.36427801847457886,
                    -0.9312902092933655,
                    -3.754150867462158
                ],
                [
                    0.0,
                    0.0,
                    0.0,
                    1.0
                ]
            ]
        },
        {
            "file_path": "/data/shapenet_blender/all_50_random/02958343/b1736379a44bc475352a2541f8b4515a/r_40",
            "rotation": 0.12566370614359174,
            "transform_matrix": [
                [
                    0.5339261889457703,
                    -0.2281179577112198,
                    -0.814177393913269,
                    -3.2820541858673096
                ],
                [
                    -0.8455309867858887,
                    -0.14404930174350739,
                    -0.5141273736953735,
                    -2.072514057159424
                ],
                [
                    0.0,
                    0.9629184007644653,
                    -0.2697925269603729,
                    -1.0875686407089233
                ],
                [
                    0.0,
                    0.0,
                    0.0,
                    1.0
                ]
            ]
        },
        {
            "file_path": "/data/shapenet_blender/all_50_random/02958343/b1736379a44bc475352a2541f8b4515a/r_41",
            "rotation": 0.12566370614359174,
            "transform_matrix": [
                [
                    0.08299790322780609,
                    0.4584880471229553,
                    -0.8848164081573486,
                    -3.5668089389801025
                ],
                [
                    -0.996549665927887,
                    0.038185302168130875,
                    -0.07369217276573181,
                    -0.2970626652240753
                ],
                [
                    3.7252896323280993e-09,
                    0.8878799080848694,
