{
    "class": "02958343",
    "model": "b3be6c7fdc27043ad63a36acd73ebb29",
    "remove_doubles": true,
    "edge_split": true,
    "denoise": true,
    "camera_angle_x": 0.6911112070083618,
    "scale_factor": 2.323636082860098,
    "hdri_file": "/data/IndoorHDRDataset2018/9C4A7410-134abd4b8e.exr",
    "center_offset": [
        0.0,
        0.0,
        1.0477378964424133e-09
    ],
    "lights": [],
    "frames": [
        {
            "file_path": "/data/shapenet_blender/all_50_random/02958343/b3be6c7fdc27043ad63a36acd73ebb29/r_0",
            "rotation": 0.12566370614359174,
            "transform_matrix": [
                [
                    0.4151923954486847,
                    0.3915487825870514,
                    -0.8211606740951538,
                    -3.31020450592041
                ],
                [
                    -0.9097337126731873,
                    0.17869853973388672,
                    -0.3747686445713043,
                    -1.5107407569885254
                ],
                [
                    0.0,
                    0.9026386141777039,
                    0.4303993582725525,
                    1.7349953651428223
                ],
                [
                    0.0,
                    0.0,
                    0.0,
                    1.0
                ]
            ]
        },
        {
            "file_path": "/data/shapenet_blender/all_50_random/02958343/b3be6c7fdc27043ad63a36acd73ebb29/r_1",
            "rotation": 0.12566370614359174,
            "transform_matrix": [
                [
                    -0.97099769115448,
                    0.011599855497479439,
                    -0.23880760371685028,
                    -0.9626642465591431
                ],
                [
                    -0.23908917605876923,
                    -0.047109752893447876,
                    0.9698541760444641,
                    3.909607172012329
                ],
                [
                    9.313225746154785e-10,
                    0.9988223314285278,
                    0.04851686581969261,
                    0.1955777406692505
                ],
                [
                    0.0,
                    0.0,
                    0.0,
                    1.0
                ]
            ]
        },
        {
            "file_path": "/data/shapenet_blender/all_50_random/02958343/b3be6c7fdc27043ad63a36acd73ebb29/r_2",
            "rotation": 0.12566370614359174,
            "transform_matrix": [
                [
                    0.8014296293258667,
                    -0.33508554100990295,
                    -0.4954071044921875,
                    -1.9970499277114868
                ],
                [
                    -0.5980890393257141,
                    -0.4490091800689697,
                    -0.6638374924659729,
                    -2.6760144233703613
                ],
                [
                    0.0,
                    0.8283165097236633,
                    -0.5602603554725647,
                    -2.258481740951538
                ],
                [
                    0.0,
                    0.0,
                    0.0,
                    1.0
                ]
            ]
        },
        {
            "file_path": "/data/shapenet_blender/all_50_random/02958343/b3be6c7fdc27043ad63a36acd73ebb29/r_3",
            "rotation": 0.12566370614359174,
            "transform_matrix": [
                [
                    0.9321110844612122,
                    -0.3131667673587799,
                    0.18192173540592194,
                    0.7333500385284424
                ],
                [
                    0.36217257380485535,
                    0.8059865236282349,
                    -0.4682057499885559,
                    -1.8873978853225708
                ],
                [
                    1.4901162970204496e-08,
                    0.5023069381713867,
                    0.864689290523529,
                    3.4856743812561035
                ],
                [
                    0.0,
                    0.0,
                    0.0,
                    1.0
                ]
            ]
        },
        {
            "file_path": "/data/shapenet_blender/all_50_random/02958343/b3be6c7fdc27043ad63a36acd73ebb29/r_4",
            "rotation": 0.12566370614359174,
            "transform_matrix": [
                [
                    -0.9393544793128967,
                    0.002808511955663562,
                    -0.3429361581802368,
                    -1.3824199438095093
                ],
                [
                    -0.34294769167900085,
                    -0.007692684419453144,
                    0.9393229484558105,
                    3.786532163619995
                ],
                [
                    0.0,
                    0.999966561794281,
                    0.008189328946173191,
                    0.03301224485039711
                ],
                [
                    0.0,
                    0.0,
                    0.0,
                    1.0
                ]
            ]
        },
        {
            "file_path": "/data/shapenet_blender/all_50_random/02958343/b3be6c7fdc27043ad63a36acd73ebb29/r_5",
            "rotation": 0.12566370614359174,
            "transform_matrix": [
                [
                    0.7759283781051636,
                    0.1995992660522461,
                    -0.5984106063842773,
                    -2.4122703075408936
                ],
                [
                    -0.6308209896087646,
                    0.24551299214363098,
                    -0.7360627055168152,
                    -2.967163562774658
                ],
                [
                    0.0,
                    0.9486218690872192,
                    0.31641191244125366,
                    1.2754971981048584
                ],
                [
                    0.0,
                    0.0,
                    0.0,
                    1.0
                ]
            ]
        },
        {
            "file_path": "/data/shapenet_blender/all_50_random/02958343/b3be6c7fdc27043ad63a36acd73ebb29/r_6",
            "rotation": 0.12566370614359174,
            "transform_matrix": [
                [
                    -0.789254903793335,
                    -0.008220944553613663,
                    0.6140106916427612,
                    2.475156307220459
                ],
                [
                    0.6140657067298889,
                    -0.010566329583525658,
                    0.7891841530799866,
                    3.181303024291992
                ],
                [
                    0.0,
                    0.9999103546142578,
                    0.013387727551162243,
                    0.05396765470504761
                ],
                [
                    0.0,
                    0.0,
                    0.0,
                    1.0
                ]
            ]
        },
        {
            "file_path": "/data/shapenet_blender/all_50_random/02958343/b3be6c7fdc27043ad63a36acd73ebb29/r_7",
            "rotation": 0.12566370614359174,
            "transform_matrix": [
                [
                    0.15807801485061646,
                    0.028077829629182816,
                    0.9870273470878601,
                    3.978834390640259
                ],
                [
                    0.9874266982078552,
                    -0.004495004657655954,
                    -0.15801408886909485,
                    -0.6369751691818237
                ],
                [
                    0.0,
                    0.999595582485199,
                    -0.02843535877764225,
                    -0.11462660133838654
                ],
                [
                    0.0,
                    0.0,
                    0.0,
                    1.0
                ]
            ]
        },
        {
            "file_path": "/data/shapenet_blender/all_50_random/02958343/b3be6c7fdc27043ad63a36acd73ebb29/r_8",
            "rotation": 0.12566370614359174,
            "transform_matrix": [
                [
                    0.9894860982894897,
                    -0.08019197732210159,
                    -0.1203598603606224,
                    -0.4851861596107483
                ],
                [
                    -0.14462797343730927,
                    -0.5486410856246948,
                    -0.8234534859657288,
                    -3.3194475173950195
                ],
                [
                    0.0,
                    0.8322032690048218,
                    -0.5544705986976624,
                    -2.235142707824707
                ],
                [
                    0.0,
                    0.0,
                    0.0,
                    1.0
                ]
            ]
        },
        {
            "file_path": "/data/shapenet_blender/all_50_random/02958343/b3be6c7fdc27043ad63a36acd73ebb29/r_9",
            "rotation": 0.12566370614359174,
            "transform_matrix": [
                [
                    -0.6064996123313904,
                    -0.00912467110902071,
                    0.7950313091278076,
                    3.204874038696289
                ],
                [
                    0.7950836420059204,
                    -0.00696041202172637,
                    0.6064596772193909,
                    2.4447174072265625
                ],
                [
                    4.6566123179658803e-10,
                    0.9999341368675232,
                    0.01147636491805315,
                    0.0462627112865448
                ],
                [
                    0.0,
                    0.0,
                    0.0,
                    1.0
                ]
            ]
        },
        {
            "file_path": "/data/shapenet_blender/all_50_random/02958343/b3be6c7fdc27043ad63a36acd73ebb29/r_10",
            "rotation": 0.12566370614359174,
            "transform_matrix": [
                [
                    0.953087329864502,
                    0.19048325717449188,
                    -0.23524637520313263,
                    -0.9483084678649902
                ],
                [
                    -0.3026958107948303,
                    0.5997677445411682,
                    -0.7407117486000061,
                    -2.9859044551849365
                ],
                [
                    0.0,
                    0.7771708965301514,
                    0.6292895078659058,
                    2.5367472171783447
                ],
                [
                    0.0,
                    0.0,
                    0.0,
                    1.0
                ]
            ]
        },
        {
            "file_path": "/data/shapenet_blender/all_50_random/02958343/b3be6c7fdc27043ad63a36acd73ebb29/r_11",
            "rotation": 0.12566370614359174,
            "transform_matrix": [
                [
                    0.620882511138916,
                    -0.0064161391928792,
                    0.7838773727416992,
                    3.1599106788635254
                ],
                [
                    0.7839035391807556,
                    0.005081835202872753,
                    -0.6208617687225342,
                    -2.5027737617492676
                ],
                [
                    -4.6566125955216364e-10,
                    0.9999665021896362,
                    0.008184857666492462,
                    0.03299421817064285
                ],
                [
                    0.0,
                    0.0,
                    0.0,
                    1.0
                ]
            ]
        },
        {
            "file_path": "/data/shapenet_blender/all_50_random/02958343/b3be6c7fdc27043ad63a36acd73ebb29/r_12",
            "rotation": 0.12566370614359174,
            "transform_matrix": [
                [
                    0.2224440574645996,
                    -0.8951676487922668,
                    -0.38625574111938477,
                    -1.55704665184021
                ],
                [
                    -0.9749453067779541,
                    -0.20424194633960724,
                    -0.08812832087278366,
                    -0.3552566170692444
                ],
                [
                    0.0,
                    0.39618179202079773,
                    -0.9181720018386841,
                    -3.7012696266174316
                ],
                [
                    0.0,
                    0.0,
                    0.0,
                    1.0
                ]
            ]
        },
        {
            "file_path": "/data/shapenet_blender/all_50_random/02958343/b3be6c7fdc27043ad63a36acd73ebb29/r_13",
            "rotation": 0.12566370614359174,
            "transform_matrix": [
                [
                    -0.6419718265533447,
                    0.04322587326169014,
                    -0.7655088901519775,
                    -3.085865020751953
                ],
                [
                    -0.7667283415794373,
                    -0.03619246557354927,
                    0.6409507393836975,
                    2.5837550163269043
                ],
                [
                    1.862645149230957e-09,
                    0.9984095096588135,
                    0.056377049535512924,
                    0.22726315259933472
                ],
                [
                    0.0,
                    0.0,
                    0.0,
                    1.0
                ]
            ]
        },
        {
            "file_path": "/data/shapenet_blender/all_50_random/02958343/b3be6c7fdc27043ad63a36acd73ebb29/r_14",
            "rotation": 0.12566370614359174,
            "transform_matrix": [
                [
                    0.9859814643859863,
                    0.07531251758337021,
                    -0.14889144897460938,
                    -0.6002006530761719
                ],
                [
                    -0.166855126619339,
                    0.44503721594810486,
                    -0.8798302412033081,
                    -3.5467090606689453
                ],
                [
                    7.450580596923828e-09,
                    0.8923395276069641,
                    0.4513646960258484,
                    1.8195092678070068
                ],
                [
                    0.0,
                    0.0,
                    0.0,
                    1.0
                ]
            ]
        },
        {
            "file_path": "/data/shapenet_blender/all_50_random/02958343/b3be6c7fdc27043ad63a36acd73ebb29/r_15",
            "rotation": 0.12566370614359174,
            "transform_matrix": [
                [
                    0.9856768250465393,
                    -0.008325472474098206,
                    0.16843949258327484,
                    0.6790013909339905
                ],
                [
                    0.16864512860774994,
                    0.04865972325205803,
                    -0.9844749569892883,
                    -3.96854567527771
                ],
                [
                    0.0,
                    0.9987806081771851,
                    0.04936681687831879,
                    0.19900402426719666
                ],
                [
                    0.0,
                    0.0,
                    0.0,
                    1.0
                ]
            ]
        },
        {
            "file_path": "/data/shapenet_blender/all_50_random/02958343/b3be6c7fdc27043ad63a36acd73ebb29/r_16",
            "rotation": 0.12566370614359174,
            "transform_matrix": [
                [
                    -0.4518667459487915,
                    -0.3043439984321594,
                    0.838564932346344,
                    3.3803634643554688
                ],
                [
                    0.8920854926109314,
                    -0.15415890514850616,
                    0.42475706338882446,
                    1.7122504711151123
                ],
                [
                    -1.4901161193847656e-08,
                    0.9400052428245544,
                    0.3411600887775421,
                    1.375260353088379
                ],
                [
                    0.0,
                    0.0,
                    0.0,
                    1.0
                ]
            ]
        },
        {
            "file_path": "/data/shapenet_blender/all_50_random/02958343/b3be6c7fdc27043ad63a36acd73ebb29/r_17",
            "rotation": 0.12566370614359174,
            "transform_matrix": [
                [
                    -0.9072067737579346,
                    -0.18568547070026398,
                    0.3774874210357666,
                    1.5217005014419556
                ],
                [
                    0.4206849932670593,
                    -0.4004305601119995,
                    0.8140512704849243,
                    3.281545639038086
                ],
                [
                    0.0,
                    0.8973160982131958,
                    0.44138845801353455,
                    1.7792937755584717
                ],
                [
                    0.0,
                    0.0,
                    0.0,
                    1.0
                ]
            ]
        },
        {
            "file_path": "/data/shapenet_blender/all_50_random/02958343/b3be6c7fdc27043ad63a36acd73ebb29/r_18",
            "rotation": 0.12566370614359174,
            "transform_matrix": [
                [
                    -0.43808063864707947,
                    0.0693446472287178,
                    0.8962569832801819,
                    3.6129276752471924
                ],
                [
                    0.8989357948303223,
                    0.033793896436691284,
                    0.4367751479148865,
                    1.7606970071792603
                ],
                [
                    1.862645371275562e-09,
                    0.9970202445983887,
                    -0.07714081555604935,
                    -0.3109646141529083
                ],
                [
                    0.0,
                    0.0,
                    0.0,
                    1.0
                ]
            ]
        },
        {
            "file_path": "/data/shapenet_blender/all_50_random/02958343/b3be6c7fdc27043ad63a36acd73ebb29/r_19",
            "rotation": 0.12566370614359174,
            "transform_matrix": [
                [
                    0.8298379182815552,
                    0.10431401431560516,
                    -0.5481674671173096,
                    -2.209733724594116
                ],
                [
                    -0.5580044984817505,
                    0.15513087809085846,
                    -0.8152087926864624,
                    -3.2862117290496826
                ],
                [
                    0.0,
                    0.9823710322380066,
                    0.18694117665290833,
                    0.7535839676856995
                ],
                [
                    0.0,
                    0.0,
                    0.0,
                    1.0
                ]
            ]
        },
        {
            "file_path": "/data/shapenet_blender/all_50_random/02958343/b3be6c7fdc27043ad63a36acd73ebb29/r_20",
            "rotation": 0.12566370614359174,
            "transform_matrix": [
                [
                    0.8874658346176147,
                    0.06313981115818024,
                    0.45652806758880615,
                    1.8403234481811523
                ],
                [
                    0.46087366342544556,
                    -0.12158305197954178,
                    -0.8790978789329529,
                    -3.5437569618225098
                ],
                [
                    0.0,
                    0.9905709624290466,
                    -0.13700027763843536,
                    -0.5522657632827759
                ],
                [
                    0.0,
                    0.0,
                    0.0,
                    1.0
                ]
            ]
        },
        {
            "file_path": "/data/shapenet_blender/all_50_random/02958343/b3be6c7fdc27043ad63a36acd73ebb29/r_21",
            "rotation": 0.12566370614359174,
            "transform_matrix": [
                [
                    -0.9646587371826172,
                    -0.0015478107379749417,
                    0.26349762082099915,
                    1.0621929168701172
                ],
                [
                    0.2635021507740021,
                    -0.005666401702910662,
                    0.9646421670913696,
                    3.888597011566162
                ],
                [
                    -2.3283062977608182e-10,
                    0.9999827742576599,
                    0.005873995833098888,
                    0.023678835481405258
                ],
                [
                    0.0,
                    0.0,
                    0.0,
                    1.0
                ]
            ]
        },
        {
            "file_path": "/data/shapenet_blender/all_50_random/02958343/b3be6c7fdc27043ad63a36acd73ebb29/r_22",
            "rotation": 0.12566370614359174,
            "transform_matrix": [
                [
                    0.9874925017356873,
                    0.008251131512224674,
                    -0.15744978189468384,
                    -0.6347004175186157
                ],
                [
                    -0.15766584873199463,
                    0.05167846754193306,
                    -0.9861392378807068,
                    -3.975254774093628
                ],
                [
                    -9.313225746154785e-10,
                    0.9986295700073242,
                    0.05233302339911461,
                    0.21096117794513702
                ],
                [
                    0.0,
                    0.0,
                    0.0,
                    1.0
                ]
            ]
        },
        {
            "file_path": "/data/shapenet_blender/all_50_random/02958343/b3be6c7fdc27043ad63a36acd73ebb29/r_23",
            "rotation": 0.12566370614359174,
            "transform_matrix": [
                [
                    -0.9317833185195923,
                    -0.26068997383117676,
                    -0.25262707471847534,
                    -1.0183724164962769
                ],
                [
                    -0.36301472783088684,
                    0.6691369414329529,
                    0.6484411954879761,
                    2.613950252532959
                ],
                [
                    -1.4901160305669237e-08,
                    0.6959141492843628,
                    -0.7181249260902405,
                    -2.8948543071746826
                ],
                [
                    0.0,
                    0.0,
                    0.0,
                    1.0
                ]
            ]
        },
        {
            "file_path": "/data/shapenet_blender/all_50_random/02958343/b3be6c7fdc27043ad63a36acd73ebb29/r_24",
            "rotation": 0.12566370614359174,
            "transform_matrix": [
                [
                    0.9998477697372437,
                    0.00839530024677515,
                    -0.015294704586267471,
                    -0.06165492534637451
                ],
                [
                    -0.017447320744395256,
                    0.48110660910606384,
                    -0.876488447189331,
                    -3.533237934112549
                ],
                [
                    -4.6566123179658803e-10,
                    0.8766219019889832,
                    0.4811798632144928,
                    1.9396981000900269
                ],
                [
                    0.0,
                    0.0,
                    0.0,
                    1.0
                ]
            ]
        },
        {
            "file_path": "/data/shapenet_blender/all_50_random/02958343/b3be6c7fdc27043ad63a36acd73ebb29/r_25",
            "rotation": 0.12566370614359174,
            "transform_matrix": [
                [
                    0.7036426067352295,
                    -0.40460166335105896,
                    -0.5841100811958313,
                    -2.354623317718506
                ],
                [
                    -0.7105541229248047,
                    -0.40066611766815186,
                    -0.5784284472465515,
                    -2.3317198753356934
                ],
                [
                    0.0,
                    0.8220488429069519,
                    -0.5694169998168945,
                    -2.295393466949463
                ],
                [
                    0.0,
                    0.0,
                    0.0,
                    1.0
                ]
            ]
        },
        {
            "file_path": "/data/shapenet_blender/all_50_random/02958343/b3be6c7fdc27043ad63a36acd73ebb29/r_26",
            "rotation": 0.12566370614359174,
            "transform_matrix": [
                [
                    0.6817210912704468,
                    -0.1231735423207283,
                    0.7211688756942749,
                    2.9071245193481445
                ],
                [
                    0.7316121459007263,
                    0.1147739365696907,
                    -0.6719900369644165,
                    -2.708878517150879
                ],
                [
                    0.0,
                    0.9857257604598999,
                    0.16835907101631165,
                    0.6786770820617676
                ],
                [
                    0.0,
                    0.0,
                    0.0,
                    1.0
                ]
            ]
        },
        {
            "file_path": "/data/shapenet_blender/all_50_random/02958343/b3be6c7fdc27043ad63a36acd73ebb29/r_27",
            "rotation": 0.12566370614359174,
            "transform_matrix": [
                [
                    -0.694558322429657,
                    -0.32395097613334656,
                    0.6423740386962891,
                    2.5894927978515625
                ],
                [
                    0.7194364666938782,
                    -0.3127487599849701,
                    0.6201607584953308,
                    2.499948263168335
                ],
                [
                    0.0,
                    0.8928852081298828,
                    0.45028433203697205,
                    1.8151543140411377
                ],
                [
                    0.0,
                    0.0,
                    0.0,
                    1.0
                ]
            ]
        },
        {
            "file_path": "/data/shapenet_blender/all_50_random/02958343/b3be6c7fdc27043ad63a36acd73ebb29/r_28",
            "rotation": 0.12566370614359174,
            "transform_matrix": [
                [
                    -0.4567939043045044,
                    -0.856012761592865,
                    0.2420361191034317,
                    0.9756788015365601
                ],
                [
                    0.8895726799964905,
                    -0.4395609200000763,
                    0.12428507953882217,
                    0.5010091662406921
                ],
                [
                    7.450582373280668e-09,
                    0.27208128571510315,
                    0.9622741937637329,
                    3.879051446914673
                ],
                [
                    0.0,
                    0.0,
                    0.0,
                    1.0
                ]
            ]
        },
        {
            "file_path": "/data/shapenet_blender/all_50_random/02958343/b3be6c7fdc27043ad63a36acd73ebb29/r_29",
            "rotation": 0.12566370614359174,
            "transform_matrix": [
                [
                    0.9855989217758179,
                    0.07464375346899033,
                    -0.15173353254795074,
                    -0.6116573810577393
                ],
                [
                    -0.1690998375415802,
                    0.43506136536598206,
                    -0.8843793869018555,
                    -3.565047025680542
                ],
                [
                    0.0,
                    0.897301435470581,
                    0.441418319940567,
                    1.7794139385223389
                ],
                [
                    0.0,
                    0.0,
                    0.0,
                    1.0
                ]
            ]
        },
        {
            "file_path": "/data/shapenet_blender/all_50_random/02958343/b3be6c7fdc27043ad63a36acd73ebb29/r_30",
            "rotation": 0.12566370614359174,
            "transform_matrix": [
                [
                    -0.8930701017379761,
                    0.12467969954013824,
                    -0.432297021150589,
                    -1.7426451444625854
                ],
                [
                    -0.4499174952507019,
                    -0.2474847435951233,
                    0.8580940961837769,
                    3.459088087081909
                ],
                [
                    0.0,
                    0.9608361721038818,
                    0.2771167755126953,
                    1.117093563079834
                ],
                [
                    0.0,
                    0.0,
                    0.0,
                    1.0
                ]
            ]
        },
        {
            "file_path": "/data/shapenet_blender/all_50_random/02958343/b3be6c7fdc27043ad63a36acd73ebb29/r_31",
            "rotation": 0.12566370614359174,
            "transform_matrix": [
                [
                    -0.1827658861875534,
                    0.7813366651535034,
                    -0.5967491269111633,
                    -2.4055726528167725
                ],
                [
                    -0.9831565618515015,
                    -0.1452481597661972,
                    0.11093389242887497,
                    0.4471888244152069
                ],
                [
                    0.0,
                    0.6069726943969727,
                    0.7947226762771606,
                    3.203629493713379
                ],
                [
                    0.0,
                    0.0,
                    0.0,
                    1.0
                ]
            ]
        },
        {
            "file_path": "/data/shapenet_blender/all_50_random/02958343/b3be6c7fdc27043ad63a36acd73ebb29/r_32",
            "rotation": 0.12566370614359174,
            "transform_matrix": [
                [
                    0.16870760917663574,
                    -0.7693543434143066,
                    0.6161424517631531,
                    2.4837498664855957
                ],
                [
                    0.9856660962104797,
                    0.13168348371982574,
                    -0.10545957088470459,
                    -0.42512115836143494
                ],
                [
                    -7.450580152834618e-09,
                    0.625102698802948,
                    0.7805424928665161,
                    3.146467685699463
                ],
                [
                    0.0,
                    0.0,
                    0.0,
                    1.0
                ]
            ]
        },
        {
            "file_path": "/data/shapenet_blender/all_50_random/02958343/b3be6c7fdc27043ad63a36acd73ebb29/r_33",
            "rotation": 0.12566370614359174,
            "transform_matrix": [
                [
                    0.9970346689224243,
                    0.0038788914680480957,
                    0.07685586810112,
                    0.309815913438797
                ],
                [
                    0.0769536942243576,
                    -0.05025606229901314,
                    -0.9957672357559204,
                    -4.014066219329834
                ],
                [
                    2.3283064365386963e-10,
                    0.99872887134552,
                    -0.05040552839636803,
                    -0.20319119095802307
                ],
                [
                    0.0,
                    0.0,
                    0.0,
                    1.0
                ]
            ]
        },
        {
            "file_path": "/data/shapenet_blender/all_50_random/02958343/b3be6c7fdc27043ad63a36acd73ebb29/r_34",
            "rotation": 0.12566370614359174,
            "transform_matrix": [
                [
                    0.6810482740402222,
                    -0.5472050905227661,
                    0.4865591824054718,
                    1.9613828659057617
                ],
                [
                    0.7322385907173157,
                    0.5089503526687622,
                    -0.4525441825389862,
                    -1.8242640495300293
                ],
                [
                    1.4901162970204496e-08,
                    0.6644818186759949,
                    0.7473043203353882,
                    3.0124802589416504
                ],
                [
                    0.0,
                    0.0,
                    0.0,
                    1.0
                ]
            ]
        },
        {
            "file_path": "/data/shapenet_blender/all_50_random/02958343/b3be6c7fdc27043ad63a36acd73ebb29/r_35",
            "rotation": 0.12566370614359174,
            "transform_matrix": [
                [
                    0.2166760116815567,
                    0.8312461376190186,
                    -0.5119385719299316,
                    -2.063690662384033
                ],
                [
                    -0.9762436151504517,
                    0.1844940036535263,
                    -0.11362410336732864,
                    -0.4580334424972534
                ],
                [
                    7.450581485102248e-09,
                    0.5243964195251465,
                    0.8514741659164429,
                    3.4324023723602295
                ],
                [
                    0.0,
                    0.0,
                    0.0,
                    1.0
                ]
            ]
        },
        {
            "file_path": "/data/shapenet_blender/all_50_random/02958343/b3be6c7fdc27043ad63a36acd73ebb29/r_36",
            "rotation": 0.12566370614359174,
            "transform_matrix": [
                [
                    0.17971396446228027,
                    0.0348597913980484,
                    0.9831010699272156,
                    3.9630072116851807
                ],
                [
                    0.9837189316749573,
                    -0.006368477363139391,
                    -0.17960108816623688,
                    -0.7239951491355896
                ],
                [
                    4.656612873077393e-10,
                    0.9993719458580017,
                    -0.03543674200773239,
                    -0.14285007119178772
                ],
                [
                    0.0,
                    0.0,
                    0.0,
                    1.0
                ]
            ]
        },
        {
            "file_path": "/data/shapenet_blender/all_50_random/02958343/b3be6c7fdc27043ad63a36acd73ebb29/r_37",
            "rotation": 0.12566370614359174,
            "transform_matrix": [
                [
                    -0.4858689606189728,
                    0.8243879079818726,
                    0.2903715968132019,
                    1.170525312423706
                ],
                [
                    0.8740316033363342,
                    0.4582723379135132,
                    0.16141583025455475,
                    0.6506880521774292
                ],
                [
                    -1.4901160305669237e-08,
                    0.3322209417819977,
                    -0.9432016611099243,
                    -3.8021674156188965
                ],
                [
                    0.0,
                    0.0,
                    0.0,
                    1.0
                ]
            ]
        },
        {
            "file_path": "/data/shapenet_blender/all_50_random/02958343/b3be6c7fdc27043ad63a36acd73ebb29/r_38",
            "rotation": 0.12566370614359174,
            "transform_matrix": [
                [
                    0.15084943175315857,
                    -0.052944865077733994,
                    -0.9871379137039185,
                    -3.9792802333831787
                ],
                [
                    -0.9885568022727966,
                    -0.008079154416918755,
                    -0.15063291788101196,
                    -0.6072207093238831
                ],
                [
                    0.0,
                    0.9985647201538086,
                    -0.05355774611234665,
                    -0.21589818596839905
                ],
                [
                    0.0,
                    0.0,
                    0.0,
                    1.0
                ]
            ]
        },
        {
            "file_path": "/data/shapenet_blender/all_50_random/02958343/b3be6c7fdc27043ad63a36acd73ebb29/r_39",
            "rotation": 0.12566370614359174,
            "transform_matrix": [
                [
                    -0.28350692987442017,
                    0.031820181757211685,
                    0.9584421515464783,
                    3.8636038303375244
                ],
                [
                    0.9589702486991882,
                    0.009407216683030128,
                    0.28335079550743103,
                    1.142223596572876
                ],
                [
                    9.313225746154785e-10,
                    0.9994493722915649,
                    -0.03318161889910698,
                    -0.13375937938690186
                ],
                [
                    0.0,
                    0.0,
                    0.0,
                    1.0
                ]
            ]
        },
        {
            "file_path": "/data/shapenet_blender/all_50_random/02958343/b3be6c7fdc27043ad63a36acd73ebb29/r_40",
            "rotation": 0.12566370614359174,
            "transform_matrix": [
                [
                    -0.31412380933761597,
                    0.2619560956954956,
                    0.9125268459320068,
                    3.678513288497925
                ],
                [
                    0.9493820071220398,
                    0.08667390793561935,
                    0.3019294738769531,
                    1.2171165943145752
                ],
                [
                    0.0,
                    0.961179792881012,
                    -0.2759227752685547,
                    -1.112280249595642
                ],
                [
                    0.0,
                    0.0,
                    0.0,
                    1.0
                ]
            ]
        },
        {
            "file_path": "/data/shapenet_blender/all_50_random/02958343/b3be6c7fdc27043ad63a36acd73ebb29/r_41",
            "rotation": 0.12566370614359174,
            "transform_matrix": [
                [
                    -0.2906981110572815,
                    -0.3215947449207306,
                    -0.9011500477790833,
                    -3.6326520442962646
                ],
                [
                    -0.9568148255348206,
                    0.09770645201206207,
                    0.27378609776496887,
                    1.1036670207977295
                ],
                [
