{
    "class": "02958343",
    "model": "f3dc4ff3cecb4eaf8ee29572addd5275",
    "remove_doubles": true,
    "edge_split": true,
    "denoise": true,
    "camera_angle_x": 0.6911112070083618,
    "scale_factor": 2.240273855498121,
    "hdri_file": "/data/IndoorHDRDataset2018/AG8A1621-e274e92e76.exr",
    "center_offset": [
        0.0,
        -2.7939677238464355e-09,
        -3.725290298461914e-09
    ],
    "lights": [],
    "frames": [
        {
            "file_path": "/data/shapenet_blender/all_50_random/02958343/f3dc4ff3cecb4eaf8ee29572addd5275/r_0",
            "rotation": 0.12566370614359174,
            "transform_matrix": [
                [
                    -0.2037089616060257,
                    -0.9543487429618835,
                    -0.21845097839832306,
                    -0.8806041479110718
                ],
                [
                    -0.979031503200531,
                    0.19857315719127655,
                    0.0454535111784935,
                    0.1832289844751358
                ],
                [
                    0.0,
                    0.22312967479228973,
                    -0.9747886657714844,
                    -3.9294991493225098
                ],
                [
                    0.0,
                    0.0,
                    0.0,
                    1.0
                ]
            ]
        },
        {
            "file_path": "/data/shapenet_blender/all_50_random/02958343/f3dc4ff3cecb4eaf8ee29572addd5275/r_1",
            "rotation": 0.12566370614359174,
            "transform_matrix": [
                [
                    -0.3285180628299713,
                    0.5837918519973755,
                    0.7424708604812622,
                    2.9929957389831543
                ],
                [
                    0.9444977641105652,
                    0.2030562460422516,
                    0.2582484483718872,
                    1.0410327911376953
                ],
                [
                    -1.4901162970204496e-08,
                    0.786101222038269,
                    -0.6180976629257202,
                    -2.491631269454956
                ],
                [
                    0.0,
                    0.0,
                    0.0,
                    1.0
                ]
            ]
        },
        {
            "file_path": "/data/shapenet_blender/all_50_random/02958343/f3dc4ff3cecb4eaf8ee29572addd5275/r_2",
            "rotation": 0.12566370614359174,
            "transform_matrix": [
                [
                    -0.9958611130714417,
                    0.004946315195411444,
                    -0.0907534509897232,
                    -0.3658388555049896
                ],
                [
                    -0.0908881425857544,
                    -0.054196760058403015,
                    0.994385302066803,
                    4.008495330810547
                ],
                [
                    4.656612873077393e-10,
                    0.9985179305076599,
                    0.05442201718688011,
                    0.2193821668624878
                ],
                [
                    0.0,
                    0.0,
                    0.0,
                    1.0
                ]
            ]
        },
        {
            "file_path": "/data/shapenet_blender/all_50_random/02958343/f3dc4ff3cecb4eaf8ee29572addd5275/r_3",
            "rotation": 0.12566370614359174,
            "transform_matrix": [
                [
                    -0.5058438777923584,
                    -0.23077784478664398,
                    0.8311820030212402,
                    3.350602149963379
                ],
                [
                    0.8626251816749573,
                    -0.1353282332420349,
                    0.48740556836128235,
                    1.9647947549819946
                ],
                [
                    -7.450581485102248e-09,
                    0.9635495543479919,
                    0.2675296664237976,
                    1.0784467458724976
                ],
                [
                    0.0,
                    0.0,
                    0.0,
                    1.0
                ]
            ]
        },
        {
            "file_path": "/data/shapenet_blender/all_50_random/02958343/f3dc4ff3cecb4eaf8ee29572addd5275/r_4",
            "rotation": 0.12566370614359174,
            "transform_matrix": [
                [
                    0.9666157960891724,
                    0.0731218010187149,
                    0.24557508528232574,
                    0.9899448156356812
                ],
                [
                    0.2562302052974701,
                    -0.2758483588695526,
                    -0.9264198541641235,
                    -3.734517812728882
                ],
                [
                    -7.450580596923828e-09,
                    0.9584157466888428,
                    -0.2853754162788391,
                    -1.1503851413726807
                ],
                [
                    0.0,
                    0.0,
                    0.0,
                    1.0
                ]
            ]
        },
        {
            "file_path": "/data/shapenet_blender/all_50_random/02958343/f3dc4ff3cecb4eaf8ee29572addd5275/r_5",
            "rotation": 0.12566370614359174,
            "transform_matrix": [
                [
                    -0.9992589950561523,
                    0.003427366493269801,
                    -0.038337599486112595,
                    -0.15454381704330444
                ],
                [
                    -0.03849049657583237,
                    -0.08897849917411804,
                    0.9952895641326904,
                    4.01214075088501
                ],
                [
                    -2.3283064365386963e-10,
                    0.9960275888442993,
                    0.0890444815158844,
                    0.35894981026649475
                ],
                [
                    0.0,
                    0.0,
                    0.0,
                    1.0
                ]
            ]
        },
        {
            "file_path": "/data/shapenet_blender/all_50_random/02958343/f3dc4ff3cecb4eaf8ee29572addd5275/r_6",
            "rotation": 0.12566370614359174,
            "transform_matrix": [
                [
                    -0.8397922515869141,
                    0.0010955091565847397,
                    0.5429067611694336,
                    2.1885273456573486
                ],
                [
                    0.5429080128669739,
                    0.0016945783281698823,
                    0.839790403842926,
                    3.3853037357330322
                ],
                [
                    0.0,
                    0.9999979734420776,
                    -0.0020178540144115686,
                    -0.008134230971336365
                ],
                [
                    0.0,
                    0.0,
                    0.0,
                    1.0
                ]
            ]
        },
        {
            "file_path": "/data/shapenet_blender/all_50_random/02958343/f3dc4ff3cecb4eaf8ee29572addd5275/r_7",
            "rotation": 0.12566370614359174,
            "transform_matrix": [
                [
                    0.6810652613639832,
                    -0.07474223524332047,
                    0.7283979654312134,
                    2.9362664222717285
                ],
                [
                    0.7322227358818054,
                    0.06952030211687088,
                    -0.677507758140564,
                    -2.731121301651001
                ],
                [
                    -3.725290298461914e-09,
                    0.9947765469551086,
                    0.10207582265138626,
                    0.4114808440208435
                ],
                [
                    0.0,
                    0.0,
                    0.0,
                    1.0
                ]
            ]
        },
        {
            "file_path": "/data/shapenet_blender/all_50_random/02958343/f3dc4ff3cecb4eaf8ee29572addd5275/r_8",
            "rotation": 0.12566370614359174,
            "transform_matrix": [
                [
                    -0.4754217267036438,
                    -0.3126903772354126,
                    -0.822313129901886,
                    -3.314850330352783
                ],
                [
                    -0.8797580599784851,
                    0.16897805035114288,
                    0.44437843561172485,
                    1.791346788406372
                ],
                [
                    0.0,
                    0.9347038269042969,
                    -0.35542771220207214,
                    -1.4327749013900757
                ],
                [
                    0.0,
                    0.0,
                    0.0,
                    1.0
                ]
            ]
        },
        {
            "file_path": "/data/shapenet_blender/all_50_random/02958343/f3dc4ff3cecb4eaf8ee29572addd5275/r_9",
            "rotation": 0.12566370614359174,
            "transform_matrix": [
                [
                    0.2976391017436981,
                    -0.07993412017822266,
                    -0.9513261914253235,
                    -3.83491849899292
                ],
                [
                    -0.954678475856781,
                    -0.024920973926782608,
                    -0.29659393429756165,
                    -1.195608377456665
                ],
                [
                    0.0,
                    0.9964885711669922,
                    -0.0837288424372673,
                    -0.3375217616558075
                ],
                [
                    0.0,
                    0.0,
                    0.0,
                    1.0
                ]
            ]
        },
        {
            "file_path": "/data/shapenet_blender/all_50_random/02958343/f3dc4ff3cecb4eaf8ee29572addd5275/r_10",
            "rotation": 0.12566370614359174,
            "transform_matrix": [
                [
                    0.7427003383636475,
                    -0.18768978118896484,
                    -0.6427820324897766,
                    -2.591137170791626
                ],
                [
                    -0.6696239113807678,
                    -0.2081724852323532,
                    -0.7129291892051697,
                    -2.8739094734191895
                ],
                [
                    0.0,
                    0.9599148631095886,
                    -0.2802913784980774,
                    -1.1298906803131104
                ],
                [
                    0.0,
                    0.0,
                    0.0,
                    1.0
                ]
            ]
        },
        {
            "file_path": "/data/shapenet_blender/all_50_random/02958343/f3dc4ff3cecb4eaf8ee29572addd5275/r_11",
            "rotation": 0.12566370614359174,
            "transform_matrix": [
                [
                    0.9369962811470032,
                    0.002614511176943779,
                    -0.3493296205997467,
                    -1.408192753791809
                ],
                [
                    -0.34933942556381226,
                    0.007012627553194761,
                    -0.9369699954986572,
                    -3.7770469188690186
                ],
                [
                    0.0,
                    0.9999719262123108,
                    0.007484158035367727,
                    0.03016960620880127
                ],
                [
                    0.0,
                    0.0,
                    0.0,
                    1.0
                ]
            ]
        },
        {
            "file_path": "/data/shapenet_blender/all_50_random/02958343/f3dc4ff3cecb4eaf8ee29572addd5275/r_12",
            "rotation": 0.12566370614359174,
            "transform_matrix": [
                [
                    -0.6925441026687622,
                    -0.4203858971595764,
                    0.586223840713501,
                    2.3631439208984375
                ],
                [
                    0.721375584602356,
                    -0.40358415246009827,
                    0.562794029712677,
                    2.26869535446167
                ],
                [
                    -1.4901161193847656e-08,
                    0.8126471638679504,
                    0.582755982875824,
                    2.3491644859313965
                ],
                [
                    0.0,
                    0.0,
                    0.0,
                    1.0
                ]
            ]
        },
        {
            "file_path": "/data/shapenet_blender/all_50_random/02958343/f3dc4ff3cecb4eaf8ee29572addd5275/r_13",
            "rotation": 0.12566370614359174,
            "transform_matrix": [
                [
                    -0.9907830953598022,
                    0.11406543105840683,
                    0.07306170463562012,
                    0.29452118277549744
                ],
                [
                    0.13545826077461243,
                    0.834309458732605,
                    0.5343956351280212,
                    2.1542179584503174
                ],
                [
                    -3.725290298461914e-09,
                    0.5393669009208679,
                    -0.8420707583427429,
                    -3.394495964050293
                ],
                [
                    0.0,
                    0.0,
                    0.0,
                    1.0
                ]
            ]
        },
        {
            "file_path": "/data/shapenet_blender/all_50_random/02958343/f3dc4ff3cecb4eaf8ee29572addd5275/r_14",
            "rotation": 0.12566370614359174,
            "transform_matrix": [
                [
                    0.5838525295257568,
                    -0.11340717226266861,
                    0.803899884223938,
                    3.240624189376831
                ],
                [
                    0.8118597865104675,
                    0.0815572738647461,
                    -0.5781281590461731,
                    -2.3305091857910156
                ],
                [
                    0.0,
                    0.9901955127716064,
                    0.1396881490945816,
                    0.5631009340286255
                ],
                [
                    0.0,
                    0.0,
                    0.0,
                    1.0
                ]
            ]
        },
        {
            "file_path": "/data/shapenet_blender/all_50_random/02958343/f3dc4ff3cecb4eaf8ee29572addd5275/r_15",
            "rotation": 0.12566370614359174,
            "transform_matrix": [
                [
                    0.052089110016822815,
                    0.2803815007209778,
                    0.9584742784500122,
                    3.8637332916259766
                ],
                [
                    0.9986424446105957,
                    -0.01462467759847641,
                    -0.04999394342303276,
                    -0.2015320360660553
                ],
                [
                    0.0,
                    0.9597771167755127,
                    -0.2807627022266388,
                    -1.1317906379699707
                ],
                [
                    0.0,
                    0.0,
                    0.0,
                    1.0
                ]
            ]
        },
        {
            "file_path": "/data/shapenet_blender/all_50_random/02958343/f3dc4ff3cecb4eaf8ee29572addd5275/r_16",
            "rotation": 0.12566370614359174,
            "transform_matrix": [
                [
                    -0.4508316218852997,
                    0.22260865569114685,
                    0.8644051551818848,
                    3.4845285415649414
                ],
                [
                    0.8926090002059937,
                    0.11243335157632828,
                    0.4365866780281067,
                    1.7599371671676636
                ],
                [
                    7.450580596923828e-09,
                    0.9684028029441833,
                    -0.24939098954200745,
                    -1.0053272247314453
                ],
                [
                    0.0,
                    0.0,
                    0.0,
                    1.0
                ]
            ]
        },
        {
            "file_path": "/data/shapenet_blender/all_50_random/02958343/f3dc4ff3cecb4eaf8ee29572addd5275/r_17",
            "rotation": 0.12566370614359174,
            "transform_matrix": [
                [
                    0.7498274445533752,
                    0.6561932563781738,
                    0.08467114716768265,
                    0.34132030606269836
                ],
                [
                    0.6616334915161133,
                    -0.7436620593070984,
                    -0.09595758467912674,
                    -0.3868173658847809
                ],
                [
                    0.0,
                    0.12797310948371887,
                    -0.9917776584625244,
                    -3.997983455657959
                ],
                [
                    0.0,
                    0.0,
                    0.0,
                    1.0
                ]
            ]
        },
        {
            "file_path": "/data/shapenet_blender/all_50_random/02958343/f3dc4ff3cecb4eaf8ee29572addd5275/r_18",
            "rotation": 0.12566370614359174,
            "transform_matrix": [
                [
                    0.963876485824585,
                    0.0053680394776165485,
                    -0.2662958800792694,
                    -1.0734729766845703
                ],
                [
                    -0.26635000109672546,
                    0.019426044076681137,
                    -0.9636805653572083,
                    -3.88472056388855
                ],
                [
                    0.0,
                    0.9997968077659607,
                    0.020154083147644997,
                    0.08124370872974396
                ],
                [
                    0.0,
                    0.0,
                    0.0,
                    1.0
                ]
            ]
        },
        {
            "file_path": "/data/shapenet_blender/all_50_random/02958343/f3dc4ff3cecb4eaf8ee29572addd5275/r_19",
            "rotation": 0.12566370614359174,
            "transform_matrix": [
                [
                    -0.6076501607894897,
                    -0.7813404202461243,
                    -0.14236745238304138,
                    -0.5739015340805054
                ],
                [
                    -0.794204831123352,
                    0.5978075265884399,
                    0.10892606526613235,
                    0.43909502029418945
                ],
                [
                    -7.450580596923828e-09,
                    0.17925764620304108,
                    -0.9838021397590637,
                    -3.9658331871032715
                ],
                [
                    0.0,
                    0.0,
                    0.0,
                    1.0
                ]
            ]
        },
        {
            "file_path": "/data/shapenet_blender/all_50_random/02958343/f3dc4ff3cecb4eaf8ee29572addd5275/r_20",
            "rotation": 0.12566370614359174,
            "transform_matrix": [
                [
                    0.2523813545703888,
                    0.4621286392211914,
                    0.8501416444778442,
                    3.427030563354492
                ],
                [
                    0.9676278829574585,
                    -0.12053460627794266,
                    -0.2217380255460739,
                    -0.893854558467865
                ],
                [
                    -7.450580596923828e-09,
                    0.8785832524299622,
                    -0.4775892496109009,
                    -1.9252238273620605
                ],
                [
                    0.0,
                    0.0,
                    0.0,
                    1.0
                ]
            ]
        },
        {
            "file_path": "/data/shapenet_blender/all_50_random/02958343/f3dc4ff3cecb4eaf8ee29572addd5275/r_21",
            "rotation": 0.12566370614359174,
            "transform_matrix": [
                [
                    0.33170855045318604,
                    -0.5466484427452087,
                    0.7688595056533813,
                    3.099371910095215
                ],
                [
                    0.9433819055557251,
                    0.19221054017543793,
                    -0.2703436017036438,
                    -1.089789867401123
                ],
                [
                    0.0,
                    0.8150033950805664,
                    0.5794561505317688,
                    2.335862398147583
                ],
                [
                    0.0,
                    0.0,
                    0.0,
                    1.0
                ]
            ]
        },
        {
            "file_path": "/data/shapenet_blender/all_50_random/02958343/f3dc4ff3cecb4eaf8ee29572addd5275/r_22",
            "rotation": 0.12566370614359174,
            "transform_matrix": [
                [
                    0.5913112163543701,
                    0.7599705457687378,
                    0.2698068916797638,
                    1.087626338005066
                ],
                [
                    0.806443452835083,
                    -0.5572357773780823,
                    -0.19783145189285278,
                    -0.7974840998649597
                ],
                [
                    -1.4901161193847656e-08,
                    0.3345639705657959,
                    -0.9423730373382568,
                    -3.7988271713256836
                ],
                [
                    0.0,
                    0.0,
                    0.0,
                    1.0
                ]
            ]
        },
        {
            "file_path": "/data/shapenet_blender/all_50_random/02958343/f3dc4ff3cecb4eaf8ee29572addd5275/r_23",
            "rotation": 0.12566370614359174,
            "transform_matrix": [
                [
                    0.9992592334747314,
                    -0.0006924570770934224,
                    -0.03847675025463104,
                    -0.15510472655296326
                ],
                [
                    -0.03848297521471977,
                    -0.01798052340745926,
                    -0.9990975856781006,
                    -4.027490615844727
                ],
                [
                    1.1641531488804091e-10,
                    0.9998380541801453,
                    -0.017993856221437454,
                    -0.07253554463386536
                ],
                [
                    0.0,
                    0.0,
                    0.0,
                    1.0
                ]
            ]
        },
        {
            "file_path": "/data/shapenet_blender/all_50_random/02958343/f3dc4ff3cecb4eaf8ee29572addd5275/r_24",
            "rotation": 0.12566370614359174,
            "transform_matrix": [
                [
                    -0.4471278488636017,
                    0.652786910533905,
                    0.6115111708641052,
                    2.4650802612304688
                ],
                [
                    0.8944700360298157,
                    0.3263152241706848,
                    0.30568230152130127,
                    1.2322447299957275
                ],
                [
                    0.0,
                    0.6836574077606201,
                    -0.7298030257225037,
                    -2.941930055618286
                ],
                [
                    0.0,
                    0.0,
                    0.0,
                    1.0
                ]
            ]
        },
        {
            "file_path": "/data/shapenet_blender/all_50_random/02958343/f3dc4ff3cecb4eaf8ee29572addd5275/r_25",
            "rotation": 0.12566370614359174,
            "transform_matrix": [
                [
                    0.33365926146507263,
                    -0.44865185022354126,
                    0.829085648059845,
                    3.342151165008545
                ],
                [
                    0.9426937699317932,
                    0.15879690647125244,
                    -0.2934485375881195,
                    -1.1829289197921753
                ],
                [
                    0.0,
                    0.8794857263565063,
                    0.4759253263473511,
                    1.9185163974761963
                ],
                [
                    0.0,
                    0.0,
                    0.0,
                    1.0
                ]
            ]
        },
        {
            "file_path": "/data/shapenet_blender/all_50_random/02958343/f3dc4ff3cecb4eaf8ee29572addd5275/r_26",
            "rotation": 0.12566370614359174,
            "transform_matrix": [
                [
                    0.2885166108608246,
                    -0.3182222843170166,
                    0.9030462503433228,
                    3.640296220779419
                ],
                [
                    0.9574748873710632,
                    0.09589016437530518,
                    -0.2721155881881714,
                    -1.096933126449585
                ],
                [
                    0.0,
                    0.943153977394104,
                    0.3323557674884796,
                    1.3397691249847412
                ],
                [
                    0.0,
                    0.0,
                    0.0,
                    1.0
                ]
            ]
        },
        {
            "file_path": "/data/shapenet_blender/all_50_random/02958343/f3dc4ff3cecb4eaf8ee29572addd5275/r_27",
            "rotation": 0.12566370614359174,
            "transform_matrix": [
                [
                    0.5369657874107361,
                    0.45450446009635925,
                    -0.710699200630188,
                    -2.8649203777313232
                ],
                [
                    -0.8436040282249451,
                    0.2892984449863434,
                    -0.4523700177669525,
                    -1.8235620260238647
                ],
                [
                    0.0,
                    0.8424558639526367,
                    0.5387651324272156,
                    2.1718318462371826
                ],
                [
                    0.0,
                    0.0,
                    0.0,
                    1.0
                ]
            ]
        },
        {
            "file_path": "/data/shapenet_blender/all_50_random/02958343/f3dc4ff3cecb4eaf8ee29572addd5275/r_28",
            "rotation": 0.12566370614359174,
            "transform_matrix": [
                [
                    0.9085395336151123,
                    0.38413503766059875,
                    0.16430550813674927,
                    0.6623365879058838
                ],
                [
                    0.4177990257740021,
                    -0.835334300994873,
                    -0.35729628801345825,
                    -1.4403072595596313
                ],
                [
                    0.0,
                    0.39326438307762146,
                    -0.9194254875183105,
                    -3.706322193145752
                ],
                [
                    0.0,
                    0.0,
                    0.0,
                    1.0
                ]
            ]
        },
        {
            "file_path": "/data/shapenet_blender/all_50_random/02958343/f3dc4ff3cecb4eaf8ee29572addd5275/r_29",
            "rotation": 0.12566370614359174,
            "transform_matrix": [
                [
                    -0.6359807252883911,
                    0.741604208946228,
                    -0.2134283483028412,
                    -0.8603572249412537
                ],
                [
                    -0.7717050313949585,
                    -0.6111739277839661,
                    0.1758914440870285,
                    0.709041178226471
                ],
                [
                    0.0,
                    0.27656716108322144,
                    0.9609944820404053,
                    3.8738930225372314
                ],
                [
                    0.0,
                    0.0,
                    0.0,
                    1.0
                ]
            ]
        },
        {
            "file_path": "/data/shapenet_blender/all_50_random/02958343/f3dc4ff3cecb4eaf8ee29572addd5275/r_30",
            "rotation": 0.12566370614359174,
            "transform_matrix": [
                [
                    -0.8627095818519592,
                    0.1468755155801773,
                    0.4839005768299103,
                    1.9506657123565674
                ],
                [
                    0.5056997537612915,
                    0.2505654990673065,
                    0.8255208134651184,
                    3.3277809619903564
                ],
                [
                    7.450580596923828e-09,
                    0.9568931460380554,
                    -0.2904401421546936,
                    -1.1708017587661743
                ],
                [
                    0.0,
                    0.0,
                    0.0,
                    1.0
                ]
            ]
        },
        {
            "file_path": "/data/shapenet_blender/all_50_random/02958343/f3dc4ff3cecb4eaf8ee29572addd5275/r_31",
            "rotation": 0.12566370614359174,
            "transform_matrix": [
                [
                    0.9586253762245178,
                    0.08054828643798828,
                    0.27303770184516907,
                    1.1006501913070679
                ],
                [
                    0.2846710681915283,
                    -0.2712450623512268,
                    -0.9194501042366028,
                    -3.7064218521118164
                ],
                [
                    0.0,
                    0.959134042263031,
                    -0.28295212984085083,
                    -1.140616536140442
                ],
                [
                    0.0,
                    0.0,
                    0.0,
                    1.0
                ]
            ]
        },
        {
            "file_path": "/data/shapenet_blender/all_50_random/02958343/f3dc4ff3cecb4eaf8ee29572addd5275/r_32",
            "rotation": 0.12566370614359174,
            "transform_matrix": [
                [
                    0.8579295873641968,
                    0.024933936074376106,
                    -0.5131619572639465,
                    -2.06862211227417
                ],
                [
                    -0.5137673616409302,
                    0.04163666442036629,
                    -0.8569185733795166,
                    -3.4543492794036865
                ],
                [
                    0.0,
                    0.9988216161727905,
                    0.04853156954050064,
                    0.19563701748847961
                ],
                [
                    0.0,
                    0.0,
                    0.0,
                    1.0
                ]
            ]
        },
        {
            "file_path": "/data/shapenet_blender/all_50_random/02958343/f3dc4ff3cecb4eaf8ee29572addd5275/r_33",
            "rotation": 0.12566370614359174,
            "transform_matrix": [
                [
                    0.022998014464974403,
                    0.7174978852272034,
                    0.6961808800697327,
                    2.8063948154449463
                ],
                [
                    0.9997355937957764,
                    -0.016505390405654907,
                    -0.016015011817216873,
                    -0.06455858051776886
                ],
                [
                    9.31322685637781e-10,
                    0.6963649392127991,
                    -0.7176877856254578,
                    -2.893091917037964
                ],
                [
                    0.0,
                    0.0,
                    0.0,
                    1.0
                ]
            ]
        },
        {
            "file_path": "/data/shapenet_blender/all_50_random/02958343/f3dc4ff3cecb4eaf8ee29572addd5275/r_34",
            "rotation": 0.12566370614359174,
            "transform_matrix": [
                [
                    -0.007588781416416168,
                    0.748518705368042,
                    -0.6630702614784241,
                    -2.672921657562256
                ],
                [
                    -0.9999712705612183,
                    -0.005680507980287075,
                    0.0050320397131145,
                    0.020284801721572876
                ],
                [
                    0.0,
                    0.6630893349647522,
                    0.7485402226448059,
                    3.0174622535705566
                ],
                [
                    0.0,
                    0.0,
                    0.0,
                    1.0
                ]
            ]
        },
        {
            "file_path": "/data/shapenet_blender/all_50_random/02958343/f3dc4ff3cecb4eaf8ee29572addd5275/r_35",
            "rotation": 0.12566370614359174,
            "transform_matrix": [
                [
                    -0.26955685019493103,
                    -0.010155057534575462,
                    -0.9629310369491577,
                    -3.8816986083984375
                ],
                [
                    -0.9629844427108765,
                    0.0028425850905478,
                    0.2695418894290924,
                    1.0865579843521118
                ],
                [
                    0.0,
                    0.9999444484710693,
                    -0.010545401833951473,
                    -0.04250986874103546
                ],
                [
                    0.0,
                    0.0,
                    0.0,
                    1.0
                ]
            ]
        },
        {
            "file_path": "/data/shapenet_blender/all_50_random/02958343/f3dc4ff3cecb4eaf8ee29572addd5275/r_36",
            "rotation": 0.12566370614359174,
            "transform_matrix": [
                [
                    0.6534683704376221,
                    -0.5615925788879395,
                    -0.5075360536575317,
                    -2.045943260192871
                ],
                [
                    -0.756953775882721,
                    -0.4848155975341797,
                    -0.43814927339553833,
                    -1.7662361860275269
                ],
                [
                    -1.4901159417490817e-08,
                    0.6704980134963989,
                    -0.7419112920761108,
                    -2.9907400608062744
                ],
                [
                    0.0,
                    0.0,
                    0.0,
                    1.0
                ]
            ]
        },
        {
            "file_path": "/data/shapenet_blender/all_50_random/02958343/f3dc4ff3cecb4eaf8ee29572addd5275/r_37",
            "rotation": 0.12566370614359174,
            "transform_matrix": [
                [
                    -0.7259973883628845,
                    -0.426496684551239,
                    -0.5394704341888428,
                    -2.1746749877929688
                ],
                [
                    -0.6876973509788513,
                    0.4502496123313904,
                    0.5695151686668396,
                    2.2957890033721924
                ],
                [
                    1.4901160305669237e-08,
                    0.7844589948654175,
                    -0.6201806664466858,
                    -2.500028133392334
                ],
                [
                    0.0,
                    0.0,
                    0.0,
                    1.0
                ]
            ]
        },
        {
            "file_path": "/data/shapenet_blender/all_50_random/02958343/f3dc4ff3cecb4eaf8ee29572addd5275/r_38",
            "rotation": 0.12566370614359174,
            "transform_matrix": [
                [
                    -0.9392579793930054,
                    -0.03789359703660011,
                    -0.34111374616622925,
                    -1.3750735521316528
                ],
                [
                    -0.3432120978832245,
                    0.10370223969221115,
                    0.9335154891014099,
                    3.7631213665008545
                ],
                [
                    -3.725290742551124e-09,
                    0.9938862323760986,
                    -0.11040867865085602,
                    -0.44507160782814026
                ],
                [
                    0.0,
                    0.0,
                    0.0,
                    1.0
                ]
            ]
        },
        {
            "file_path": "/data/shapenet_blender/all_50_random/02958343/f3dc4ff3cecb4eaf8ee29572addd5275/r_39",
            "rotation": 0.12566370614359174,
            "transform_matrix": [
                [
                    -0.37219738960266113,
                    0.6898509860038757,
                    -0.6209467053413391,
                    -2.5031163692474365
                ],
                [
                    -0.9281536340713501,
                    -0.276636004447937,
                    0.24900484085083008,
                    1.0037707090377808
                ],
                [
                    1.4901161193847656e-08,
                    0.6690129041671753,
                    0.7432507276535034,
                    2.9961397647857666
                ],
                [
                    0.0,
                    0.0,
                    0.0,
                    1.0
                ]
            ]
        },
        {
            "file_path": "/data/shapenet_blender/all_50_random/02958343/f3dc4ff3cecb4eaf8ee29572addd5275/r_40",
            "rotation": 0.12566370614359174,
            "transform_matrix": [
                [
                    0.7923172116279602,
                    0.39452841877937317,
                    0.46538227796554565,
                    1.8760160207748413
                ],
                [
                    0.6101092100143433,
                    -0.5123535394668579,
                    -0.6043677926063538,
                    -2.4362845420837402
                ],
                [
                    -1.4901160305669237e-08,
                    0.7627851963043213,
                    -0.6466519832611084,
                    -2.6067376136779785
                ],
                [
                    0.0,
                    0.0,
                    0.0,
                    1.0
                ]
            ]
        },
        {
            "file_path": "/data/shapenet_blender/all_50_random/02958343/f3dc4ff3cecb4eaf8ee29572addd5275/r_41",
            "rotation": 0.12566370614359174,
            "transform_matrix": [
                [
                    0.14255297183990479,
                    0.6510756611824036,
                    0.7455059289932251,
                    3.005230665206909
                ],
                [
                    0.989787220954895,
                    -0.09377042949199677,
                    -0.10737064480781555,
                    -0.4328249394893646
                ],
