{
    "class": "02958343",
    "model": "373ddcf15e21eacc3cb72b063dc95295",
    "remove_doubles": true,
    "edge_split": true,
    "denoise": true,
    "camera_angle_x": 0.6911112070083618,
    "scale_factor": 2.2815448893991257,
    "hdri_file": "/data/IndoorHDRDataset2018/9C4A0136-05a3e2b220.exr",
    "center_offset": [
        0.0,
        -3.725290298461914e-09,
        -7.450580596923828e-09
    ],
    "lights": [],
    "frames": [
        {
            "file_path": "/data/shapenet_blender/all_50_random/02958343/373ddcf15e21eacc3cb72b063dc95295/r_0",
            "rotation": 0.12566370614359174,
            "transform_matrix": [
                [
                    -0.12193340063095093,
                    -0.4301818311214447,
                    0.8944694995880127,
                    3.605722188949585
                ],
                [
                    0.9925383925437927,
                    -0.05284786596894264,
                    0.10988563299179077,
                    0.442963182926178
                ],
                [
                    3.725290742551124e-09,
                    0.9011940360069275,
                    0.43341580033302307,
                    1.7471550703048706
                ],
                [
                    0.0,
                    0.0,
                    0.0,
                    1.0
                ]
            ]
        },
        {
            "file_path": "/data/shapenet_blender/all_50_random/02958343/373ddcf15e21eacc3cb72b063dc95295/r_1",
            "rotation": 0.12566370614359174,
            "transform_matrix": [
                [
                    -0.5110079646110535,
                    -0.004219561815261841,
                    -0.8595656752586365,
                    -3.465019702911377
                ],
                [
                    -0.8595759272575378,
                    0.0025084808003157377,
                    0.5110018253326416,
                    2.0599141120910645
                ],
                [
                    0.0,
                    0.9999879002571106,
                    -0.004908888600766659,
                    -0.019788360223174095
                ],
                [
                    0.0,
                    0.0,
                    0.0,
                    1.0
                ]
            ]
        },
        {
            "file_path": "/data/shapenet_blender/all_50_random/02958343/373ddcf15e21eacc3cb72b063dc95295/r_2",
            "rotation": 0.12566370614359174,
            "transform_matrix": [
                [
                    0.9964808225631714,
                    0.014111478812992573,
                    0.08262475579977036,
                    0.3330710530281067
                ],
                [
                    0.083821140229702,
                    -0.16775979101657867,
                    -0.9822579026222229,
                    -3.959608316421509
                ],
                [
                    0.0,
                    0.9857268929481506,
                    -0.16835224628448486,
                    -0.6786496043205261
                ],
                [
                    0.0,
                    0.0,
                    0.0,
                    1.0
                ]
            ]
        },
        {
            "file_path": "/data/shapenet_blender/all_50_random/02958343/373ddcf15e21eacc3cb72b063dc95295/r_3",
            "rotation": 0.12566370614359174,
            "transform_matrix": [
                [
                    -0.9261642098426819,
                    0.3138214349746704,
                    -0.20913182199001312,
                    -0.8430373668670654
                ],
                [
                    -0.3771206736564636,
                    -0.7707086801528931,
                    0.5136032104492188,
                    2.0704007148742676
                ],
                [
                    -1.4901161193847656e-08,
                    0.5545487999916077,
                    0.8321511745452881,
                    3.354508638381958
                ],
                [
                    0.0,
                    0.0,
                    0.0,
                    1.0
                ]
            ]
        },
        {
            "file_path": "/data/shapenet_blender/all_50_random/02958343/373ddcf15e21eacc3cb72b063dc95295/r_4",
            "rotation": 0.12566370614359174,
            "transform_matrix": [
                [
                    -0.9031931757926941,
                    -0.020460860803723335,
                    -0.4287464916706085,
                    -1.7283324003219604
                ],
                [
                    -0.42923447489738464,
                    0.04305364936590195,
                    0.9021663665771484,
                    3.636749029159546
                ],
                [
                    0.0,
                    0.998863160610199,
                    -0.04766827076673508,
                    -0.19215694069862366
                ],
                [
                    0.0,
                    0.0,
                    0.0,
                    1.0
                ]
            ]
        },
        {
            "file_path": "/data/shapenet_blender/all_50_random/02958343/373ddcf15e21eacc3cb72b063dc95295/r_5",
            "rotation": 0.12566370614359174,
            "transform_matrix": [
                [
                    -0.1533738672733307,
                    -0.028503553941845894,
                    0.9877570271492004,
                    3.981775999069214
                ],
                [
                    0.9881682395935059,
                    -0.00442404393106699,
                    0.15331004559993744,
                    0.618012547492981
                ],
                [
                    -4.656612873077393e-10,
                    0.9995838403701782,
                    0.028844838961958885,
                    0.11627726256847382
                ],
                [
                    0.0,
                    0.0,
                    0.0,
                    1.0
                ]
            ]
        },
        {
            "file_path": "/data/shapenet_blender/all_50_random/02958343/373ddcf15e21eacc3cb72b063dc95295/r_6",
            "rotation": 0.12566370614359174,
            "transform_matrix": [
                [
                    0.5628526210784912,
                    0.42102381587028503,
                    -0.7112916707992554,
                    -2.8673083782196045
                ],
                [
                    -0.8265572786331177,
                    0.2867004871368408,
                    -0.48436132073402405,
                    -1.9525229930877686
                ],
                [
                    1.4901161193847656e-08,
                    0.8605474233627319,
                    0.5093703866004944,
                    2.053337812423706
                ],
                [
                    0.0,
                    0.0,
                    0.0,
                    1.0
                ]
            ]
        },
        {
            "file_path": "/data/shapenet_blender/all_50_random/02958343/373ddcf15e21eacc3cb72b063dc95295/r_7",
            "rotation": 0.12566370614359174,
            "transform_matrix": [
                [
                    -0.6512464284896851,
                    -0.165843203663826,
                    0.7405228614807129,
                    2.9851431846618652
                ],
                [
                    0.7588664293289185,
                    -0.14232386648654938,
                    0.6355043649673462,
                    2.561800003051758
                ],
                [
                    0.0,
                    0.9758278131484985,
                    0.21854069828987122,
                    0.8809657096862793
                ],
                [
                    0.0,
                    0.0,
                    0.0,
                    1.0
                ]
            ]
        },
        {
            "file_path": "/data/shapenet_blender/all_50_random/02958343/373ddcf15e21eacc3cb72b063dc95295/r_8",
            "rotation": 0.12566370614359174,
            "transform_matrix": [
                [
                    0.3294941484928131,
                    -0.11452564597129822,
                    0.9371858835220337,
                    3.7779173851013184
                ],
                [
                    0.944157600402832,
                    0.039967406541109085,
                    -0.32706114649772644,
                    -1.3184257745742798
                ],
                [
                    0.0,
                    0.9926159381866455,
                    0.12129928171634674,
                    0.48897308111190796
                ],
                [
                    0.0,
                    0.0,
                    0.0,
                    1.0
                ]
            ]
        },
        {
            "file_path": "/data/shapenet_blender/all_50_random/02958343/373ddcf15e21eacc3cb72b063dc95295/r_9",
            "rotation": 0.12566370614359174,
            "transform_matrix": [
                [
                    0.9904083013534546,
                    -0.13681381940841675,
                    0.019324632361531258,
                    0.07790008187294006
                ],
                [
                    0.13817188143730164,
                    0.9806737303733826,
                    -0.13851788640022278,
                    -0.5583834648132324
                ],
                [
                    1.862645371275562e-09,
                    0.13985928893089294,
                    0.9901713728904724,
                    3.9915084838867188
                ],
                [
                    0.0,
                    0.0,
                    0.0,
                    1.0
                ]
            ]
        },
        {
            "file_path": "/data/shapenet_blender/all_50_random/02958343/373ddcf15e21eacc3cb72b063dc95295/r_10",
            "rotation": 0.12566370614359174,
            "transform_matrix": [
                [
                    -0.620416522026062,
                    0.5638548731803894,
                    0.5451155304908752,
                    2.1974313259124756
                ],
                [
                    0.7842724919319153,
                    0.44605013728141785,
                    0.43122598528862,
                    1.7383276224136353
                ],
                [
                    1.4901161193847656e-08,
                    0.6950590014457703,
                    -0.7189526557922363,
                    -2.898191213607788
                ],
                [
                    0.0,
                    0.0,
                    0.0,
                    1.0
                ]
            ]
        },
        {
            "file_path": "/data/shapenet_blender/all_50_random/02958343/373ddcf15e21eacc3cb72b063dc95295/r_11",
            "rotation": 0.12566370614359174,
            "transform_matrix": [
                [
                    -0.35486507415771484,
                    0.36415743827819824,
                    0.8610807061195374,
                    3.471127510070801
                ],
                [
                    0.9349175691604614,
                    0.1382226198911667,
                    0.3268389403820038,
                    1.3175300359725952
                ],
                [
                    0.0,
                    0.9210231304168701,
                    -0.38950756192207336,
                    -1.570155382156372
                ],
                [
                    0.0,
                    0.0,
                    0.0,
                    1.0
                ]
            ]
        },
        {
            "file_path": "/data/shapenet_blender/all_50_random/02958343/373ddcf15e21eacc3cb72b063dc95295/r_12",
            "rotation": 0.12566370614359174,
            "transform_matrix": [
                [
                    0.17000414431095123,
                    -0.36454713344573975,
                    0.9155347943305969,
                    3.690638780593872
                ],
                [
                    0.9854432940483093,
                    0.06288999319076538,
                    -0.15794385969638824,
                    -0.6366920471191406
                ],
                [
                    3.725290076417309e-09,
                    0.929058849811554,
                    0.36993208527565,
                    1.4912439584732056
                ],
                [
                    0.0,
                    0.0,
                    0.0,
                    1.0
                ]
            ]
        },
        {
            "file_path": "/data/shapenet_blender/all_50_random/02958343/373ddcf15e21eacc3cb72b063dc95295/r_13",
            "rotation": 0.12566370614359174,
            "transform_matrix": [
                [
                    -0.9990600943565369,
                    -0.010173258371651173,
                    0.042136743664741516,
                    0.1698586493730545
                ],
                [
                    0.04334743693470955,
                    -0.23447053134441376,
                    0.9711562991142273,
                    3.914856195449829
                ],
                [
                    9.313225746154785e-10,
                    0.972070038318634,
                    0.23469111323356628,
                    0.94607013463974
                ],
                [
                    0.0,
                    0.0,
                    0.0,
                    1.0
                ]
            ]
        },
        {
            "file_path": "/data/shapenet_blender/all_50_random/02958343/373ddcf15e21eacc3cb72b063dc95295/r_14",
            "rotation": 0.12566370614359174,
            "transform_matrix": [
                [
                    0.3342771530151367,
                    0.009234894998371601,
                    -0.9424294829368591,
                    -3.7990550994873047
                ],
                [
                    -0.9424748420715332,
                    0.003275434486567974,
                    -0.33426105976104736,
                    -1.347449541091919
                ],
                [
                    0.0,
                    0.9999520182609558,
                    0.009798557497560978,
                    0.039499253034591675
                ],
                [
                    0.0,
                    0.0,
                    0.0,
                    1.0
                ]
            ]
        },
        {
            "file_path": "/data/shapenet_blender/all_50_random/02958343/373ddcf15e21eacc3cb72b063dc95295/r_15",
            "rotation": 0.12566370614359174,
            "transform_matrix": [
                [
                    0.7265942692756653,
                    -0.5930700302124023,
                    -0.3468843102455139,
                    -1.398335337638855
                ],
                [
                    -0.6870667934417725,
                    -0.6271898150444031,
                    -0.3668408691883087,
                    -1.4787828922271729
                ],
                [
                    2.9802322387695312e-08,
                    0.5048771500587463,
                    -0.8631911873817444,
                    -3.479635000228882
                ],
                [
                    0.0,
                    0.0,
                    0.0,
                    1.0
                ]
            ]
        },
        {
            "file_path": "/data/shapenet_blender/all_50_random/02958343/373ddcf15e21eacc3cb72b063dc95295/r_16",
            "rotation": 0.12566370614359174,
            "transform_matrix": [
                [
                    0.46803513169288635,
                    0.017452463507652283,
                    -0.8835375308990479,
                    -3.5616536140441895
                ],
                [
                    -0.8837099075317383,
                    0.00924326665699482,
                    -0.46794384717941284,
                    -1.88634192943573
                ],
                [
                    0.0,
                    0.9998048543930054,
                    0.01974909007549286,
                    0.07961113005876541
                ],
                [
                    0.0,
                    0.0,
                    0.0,
                    1.0
                ]
            ]
        },
        {
            "file_path": "/data/shapenet_blender/all_50_random/02958343/373ddcf15e21eacc3cb72b063dc95295/r_17",
            "rotation": 0.12566370614359174,
            "transform_matrix": [
                [
                    0.614937961101532,
                    0.28955063223838806,
                    -0.7334927320480347,
                    -2.956804037094116
                ],
                [
                    -0.7885753512382507,
                    0.22579412162303925,
                    -0.5719839930534363,
                    -2.305741548538208
                ],
                [
                    1.4901160305669237e-08,
                    0.9301490187644958,
                    0.3671818971633911,
                    1.480157732963562
                ],
                [
                    0.0,
                    0.0,
                    0.0,
                    1.0
                ]
            ]
        },
        {
            "file_path": "/data/shapenet_blender/all_50_random/02958343/373ddcf15e21eacc3cb72b063dc95295/r_18",
            "rotation": 0.12566370614359174,
            "transform_matrix": [
                [
                    -0.9985420107841492,
                    -0.011863186955451965,
                    0.052660904824733734,
                    0.2122829109430313
                ],
                [
                    0.053980614989995956,
                    -0.21944712102413177,
                    0.9741297960281372,
                    3.9268431663513184
                ],
                [
                    0.0,
                    0.9755522012710571,
                    0.2197675257921219,
                    0.8859112858772278
                ],
                [
                    0.0,
                    0.0,
                    0.0,
                    1.0
                ]
            ]
        },
        {
            "file_path": "/data/shapenet_blender/all_50_random/02958343/373ddcf15e21eacc3cb72b063dc95295/r_19",
            "rotation": 0.12566370614359174,
            "transform_matrix": [
                [
                    0.9305466413497925,
                    0.2494572252035141,
                    0.26805606484413147,
                    1.0805686712265015
                ],
                [
                    0.3661734461784363,
                    -0.6339389085769653,
                    -0.6812036633491516,
                    -2.7460200786590576
                ],
                [
                    0.0,
                    0.7320468425750732,
                    -0.6812542676925659,
                    -2.7462239265441895
                ],
                [
                    0.0,
                    0.0,
                    0.0,
                    1.0
                ]
            ]
        },
        {
            "file_path": "/data/shapenet_blender/all_50_random/02958343/373ddcf15e21eacc3cb72b063dc95295/r_20",
            "rotation": 0.12566370614359174,
            "transform_matrix": [
                [
                    0.8203615546226501,
                    0.3839409649372101,
                    0.42378801107406616,
                    1.7083441019058228
                ],
                [
                    0.5718451738357544,
                    -0.5507965683937073,
                    -0.6079606413841248,
                    -2.450767755508423
                ],
                [
                    -1.4901161193847656e-08,
                    0.7410886883735657,
                    -0.6714071035385132,
                    -2.706528663635254
                ],
                [
                    0.0,
                    0.0,
                    0.0,
                    1.0
                ]
            ]
        },
        {
            "file_path": "/data/shapenet_blender/all_50_random/02958343/373ddcf15e21eacc3cb72b063dc95295/r_21",
            "rotation": 0.12566370614359174,
            "transform_matrix": [
                [
                    0.25567325949668884,
                    0.8625091910362244,
                    0.43670231103897095,
                    1.7604032754898071
                ],
                [
                    0.9667631983757019,
                    -0.2281019389629364,
                    -0.11549168825149536,
                    -0.4655618965625763
                ],
                [
                    7.450580152834618e-09,
                    0.451715886592865,
                    -0.8921618461608887,
                    -3.596419334411621
                ],
                [
                    0.0,
                    0.0,
                    0.0,
                    1.0
                ]
            ]
        },
        {
            "file_path": "/data/shapenet_blender/all_50_random/02958343/373ddcf15e21eacc3cb72b063dc95295/r_22",
            "rotation": 0.12566370614359174,
            "transform_matrix": [
                [
                    -0.17949259281158447,
                    -0.11269578337669373,
                    0.9772830009460449,
                    3.939553737640381
                ],
                [
                    0.983759343624115,
                    -0.020562000572681427,
                    0.17831096053123474,
                    0.7187944650650024
                ],
                [
                    0.0,
                    0.9934167265892029,
                    0.11455626040697098,
                    0.461791068315506
                ],
                [
                    0.0,
                    0.0,
                    0.0,
                    1.0
                ]
            ]
        },
        {
            "file_path": "/data/shapenet_blender/all_50_random/02958343/373ddcf15e21eacc3cb72b063dc95295/r_23",
            "rotation": 0.12566370614359174,
            "transform_matrix": [
                [
                    -0.21192540228366852,
                    -0.2754015624523163,
                    -0.9376788139343262,
                    -3.779904365539551
                ],
                [
                    -0.9772858619689941,
                    0.05972110480070114,
                    0.20333658158779144,
                    0.8196760416030884
                ],
                [
                    0.0,
                    0.9594723582267761,
                    -0.2818024456501007,
                    -1.1359821557998657
                ],
                [
                    0.0,
                    0.0,
                    0.0,
                    1.0
                ]
            ]
        },
        {
            "file_path": "/data/shapenet_blender/all_50_random/02958343/373ddcf15e21eacc3cb72b063dc95295/r_24",
            "rotation": 0.12566370614359174,
            "transform_matrix": [
                [
                    -0.9970962405204773,
                    0.015305764973163605,
                    -0.07459777593612671,
                    -0.3007132411003113
                ],
                [
                    -0.0761517807841301,
                    -0.20040659606456757,
                    0.9767487645149231,
                    3.9374001026153564
                ],
                [
                    9.313225746154785e-10,
                    0.9795931577682495,
                    0.2009902447462082,
                    0.8102176189422607
                ],
                [
                    0.0,
                    0.0,
                    0.0,
                    1.0
                ]
            ]
        },
        {
            "file_path": "/data/shapenet_blender/all_50_random/02958343/373ddcf15e21eacc3cb72b063dc95295/r_25",
            "rotation": 0.12566370614359174,
            "transform_matrix": [
                [
                    0.716439962387085,
                    -0.0013774875551462173,
                    0.6976474523544312,
                    2.8123064041137695
                ],
                [
                    0.6976487040519714,
                    0.0014145903987810016,
                    -0.7164386510848999,
                    -2.8880562782287598
                ],
                [
                    -1.164152940713592e-10,
                    0.999998152256012,
                    0.0019744716119021177,
                    0.00795934908092022
                ],
                [
                    0.0,
                    0.0,
                    0.0,
                    1.0
                ]
            ]
        },
        {
            "file_path": "/data/shapenet_blender/all_50_random/02958343/373ddcf15e21eacc3cb72b063dc95295/r_26",
            "rotation": 0.12566370614359174,
            "transform_matrix": [
                [
                    -0.5531043410301208,
                    -0.18363507091999054,
                    0.8126214742660522,
                    3.2757818698883057
                ],
                [
                    0.8331118822097778,
                    -0.12191562354564667,
                    0.5395007133483887,
                    2.1747968196868896
                ],
                [
                    -7.450580152834618e-09,
                    0.9754047989845276,
                    0.22042065858840942,
                    0.8885440230369568
                ],
                [
                    0.0,
                    0.0,
                    0.0,
                    1.0
                ]
            ]
        },
        {
            "file_path": "/data/shapenet_blender/all_50_random/02958343/373ddcf15e21eacc3cb72b063dc95295/r_27",
            "rotation": 0.12566370614359174,
            "transform_matrix": [
                [
                    0.3235313594341278,
                    0.0425824336707592,
                    -0.9452587366104126,
                    -3.810460090637207
                ],
                [
                    -0.94621741771698,
                    0.01455981656908989,
                    -0.32320353388786316,
                    -1.302875280380249
                ],
                [
                    0.0,
                    0.9989869594573975,
                    0.04500279203057289,
                    0.18141207098960876
                ],
                [
                    0.0,
                    0.0,
                    0.0,
                    1.0
                ]
            ]
        },
        {
            "file_path": "/data/shapenet_blender/all_50_random/02958343/373ddcf15e21eacc3cb72b063dc95295/r_28",
            "rotation": 0.12566370614359174,
            "transform_matrix": [
                [
                    0.1414695531129837,
                    0.9196450710296631,
                    -0.36638686060905457,
                    -1.4769527912139893
                ],
                [
                    -0.9899426698684692,
                    0.13142354786396027,
                    -0.05235917493700981,
                    -0.2110666036605835
                ],
                [
                    3.725290742551124e-09,
                    0.3701092004776001,
                    0.9289880990982056,
                    3.744871139526367
                ],
                [
                    0.0,
                    0.0,
                    0.0,
                    1.0
                ]
            ]
        },
        {
            "file_path": "/data/shapenet_blender/all_50_random/02958343/373ddcf15e21eacc3cb72b063dc95295/r_29",
            "rotation": 0.12566370614359174,
            "transform_matrix": [
                [
                    0.46469739079475403,
                    0.01871349848806858,
                    0.8852717876434326,
                    3.5686447620391846
                ],
                [
                    0.8854695558547974,
                    -0.0098209073767066,
                    -0.4645936191082001,
                    -1.8728368282318115
                ],
                [
                    0.0,
                    0.9997766613960266,
                    -0.02113398164510727,
                    -0.08519380539655685
                ],
                [
                    0.0,
                    0.0,
                    0.0,
                    1.0
                ]
            ]
        },
        {
            "file_path": "/data/shapenet_blender/all_50_random/02958343/373ddcf15e21eacc3cb72b063dc95295/r_30",
            "rotation": 0.12566370614359174,
            "transform_matrix": [
                [
                    0.42025524377822876,
                    -0.3859430253505707,
                    0.8212390542030334,
                    3.3105201721191406
                ],
                [
                    0.9074059128761292,
                    0.1787453591823578,
                    -0.38034799695014954,
                    -1.5332316160202026
                ],
                [
                    -1.4901159417490817e-08,
                    0.905040442943573,
                    0.4253256916999817,
                    1.7145425081253052
                ],
                [
                    0.0,
                    0.0,
                    0.0,
                    1.0
                ]
            ]
        },
        {
            "file_path": "/data/shapenet_blender/all_50_random/02958343/373ddcf15e21eacc3cb72b063dc95295/r_31",
            "rotation": 0.12566370614359174,
            "transform_matrix": [
                [
                    -0.8088735938072205,
                    -0.22890038788318634,
                    0.5415977835655212,
                    2.1832504272460938
                ],
                [
                    0.5879826545715332,
                    -0.3148927688598633,
                    0.745063066482544,
                    3.0034453868865967
                ],
                [
                    0.0,
                    0.9211119413375854,
                    0.38929787278175354,
                    1.569309949874878
                ],
                [
                    0.0,
                    0.0,
                    0.0,
                    1.0
                ]
            ]
        },
        {
            "file_path": "/data/shapenet_blender/all_50_random/02958343/373ddcf15e21eacc3cb72b063dc95295/r_32",
            "rotation": 0.12566370614359174,
            "transform_matrix": [
                [
                    0.9738386869430542,
                    -0.013705860823392868,
                    0.22682695090770721,
                    0.914368748664856
                ],
                [
                    0.2272406816482544,
                    0.05873639136552811,
                    -0.9720656275749207,
                    -3.9185221195220947
                ],
                [
                    0.0,
                    0.9981794357299805,
                    0.06031429395079613,
                    0.24313470721244812
                ],
                [
                    0.0,
                    0.0,
                    0.0,
                    1.0
                ]
            ]
        },
        {
            "file_path": "/data/shapenet_blender/all_50_random/02958343/373ddcf15e21eacc3cb72b063dc95295/r_33",
            "rotation": 0.12566370614359174,
            "transform_matrix": [
                [
                    -0.5777714252471924,
                    0.34718573093414307,
                    0.7386758923530579,
                    2.9776980876922607
                ],
                [
                    0.8161985278129578,
                    0.24576619267463684,
                    0.5228946208953857,
                    2.107855796813965
                ],
                [
                    0.0,
                    0.9050198793411255,
                    -0.4253690838813782,
                    -1.7147178649902344
                ],
                [
                    0.0,
                    0.0,
                    0.0,
                    1.0
                ]
            ]
        },
        {
            "file_path": "/data/shapenet_blender/all_50_random/02958343/373ddcf15e21eacc3cb72b063dc95295/r_34",
            "rotation": 0.12566370614359174,
            "transform_matrix": [
                [
                    0.298635870218277,
                    -0.4491908550262451,
                    -0.8420477509498596,
                    -3.394402503967285
                ],
                [
                    -0.9543672204017639,
                    -0.14055858552455902,
                    -0.26348942518234253,
                    -1.062159776687622
                ],
                [
                    0.0,
                    0.8823100328445435,
                    -0.47066885232925415,
                    -1.8973265886306763
                ],
                [
                    0.0,
                    0.0,
                    0.0,
                    1.0
                ]
            ]
        },
        {
            "file_path": "/data/shapenet_blender/all_50_random/02958343/373ddcf15e21eacc3cb72b063dc95295/r_35",
            "rotation": 0.12566370614359174,
            "transform_matrix": [
                [
                    -0.2887626886367798,
                    0.4004162847995758,
                    -0.8696452379226685,
                    -3.5056521892547607
                ],
                [
                    -0.9574006795883179,
                    -0.12077001482248306,
                    0.2622946798801422,
                    1.0573437213897705
                ],
                [
                    0.0,
                    0.90833979845047,
                    0.4182327687740326,
                    1.6859501600265503
                ],
                [
                    0.0,
                    0.0,
                    0.0,
                    1.0
                ]
            ]
        },
        {
            "file_path": "/data/shapenet_blender/all_50_random/02958343/373ddcf15e21eacc3cb72b063dc95295/r_36",
            "rotation": 0.12566370614359174,
            "transform_matrix": [
                [
                    0.7237775921821594,
                    0.5265248417854309,
                    0.44600164890289307,
                    1.797890305519104
                ],
                [
                    0.6900332570075989,
                    -0.5522732734680176,
                    -0.4678122401237488,
                    -1.8858115673065186
                ],
                [
                    2.9802320611338473e-08,
                    0.6463479995727539,
                    -0.7630426287651062,
                    -3.075923442840576
                ],
                [
                    0.0,
                    0.0,
                    0.0,
                    1.0
                ]
            ]
        },
        {
            "file_path": "/data/shapenet_blender/all_50_random/02958343/373ddcf15e21eacc3cb72b063dc95295/r_37",
            "rotation": 0.12566370614359174,
            "transform_matrix": [
                [
                    -0.6939355731010437,
                    -0.14440998435020447,
                    -0.7054069638252258,
                    -2.8435866832733154
                ],
                [
                    -0.7200369834899902,
                    0.13917511701583862,
                    0.6798359155654907,
                    2.740506410598755
                ],
                [
                    7.450580152834618e-09,
                    0.9796816110610962,
                    -0.2005591094493866,
                    -0.8084796667098999
                ],
                [
                    0.0,
                    0.0,
                    0.0,
                    1.0
                ]
            ]
        },
        {
            "file_path": "/data/shapenet_blender/all_50_random/02958343/373ddcf15e21eacc3cb72b063dc95295/r_38",
            "rotation": 0.12566370614359174,
            "transform_matrix": [
                [
                    -0.4445013701915741,
                    -0.1579591929912567,
                    -0.8817410469055176,
                    -3.5544121265411377
                ],
                [
                    -0.8957781791687012,
                    0.078382208943367,
                    0.4375359117984772,
                    1.7637637853622437
                ],
                [
                    -7.450580596923828e-09,
                    0.9843297004699707,
                    -0.1763373762369156,
                    -0.7108387351036072
                ],
                [
                    0.0,
                    0.0,
                    0.0,
                    1.0
                ]
            ]
        },
        {
            "file_path": "/data/shapenet_blender/all_50_random/02958343/373ddcf15e21eacc3cb72b063dc95295/r_39",
            "rotation": 0.12566370614359174,
            "transform_matrix": [
                [
                    -0.988349437713623,
                    -0.09648720920085907,
                    -0.11771047860383987,
                    -0.474506139755249
                ],
                [
                    -0.1522023230791092,
                    0.6265546679496765,
                    0.7643712759017944,
                    3.0812795162200928
                ],
                [
                    0.0,
                    0.773381769657135,
                    -0.6339405179023743,
                    -2.5554962158203125
                ],
                [
                    0.0,
                    0.0,
                    0.0,
                    1.0
                ]
            ]
        },
        {
            "file_path": "/data/shapenet_blender/all_50_random/02958343/373ddcf15e21eacc3cb72b063dc95295/r_40",
            "rotation": 0.12566370614359174,
            "transform_matrix": [
                [
                    -0.7735306024551392,
                    -0.15548212826251984,
                    0.61439049243927,
                    2.476687431335449
                ],
                [
                    0.6337590217590332,
                    -0.18977274000644684,
                    0.7498905062675476,
                    3.0229055881500244
                ],
                [
                    -7.450580596923828e-09,
                    0.9694388508796692,
                    0.24533319473266602,
                    0.9889698028564453
                ],
                [
                    0.0,
                    0.0,
                    0.0,
                    1.0
                ]
            ]
        },
        {
            "file_path": "/data/shapenet_blender/all_50_random/02958343/373ddcf15e21eacc3cb72b063dc95295/r_41",
            "rotation": 0.12566370614359174,
            "transform_matrix": [
                [
                    0.8669682741165161,
                    0.4016163647174835,
                    -0.2950769066810608,
                    -1.189493179321289
                ],
                [
                    -0.49836352467536926,
                    0.6986640095710754,
                    -0.5133247375488281,
                    -2.0692784786224365
                ],
