{
    "class": "02958343",
    "model": "abbd90920a240df2ed3696d854eee1ec",
    "remove_doubles": true,
    "edge_split": true,
    "denoise": true,
    "camera_angle_x": 0.6911112070083618,
    "scale_factor": 2.299246892246785,
    "hdri_file": "/data/IndoorHDRDataset2018/9C4A1360-73d1175297.exr",
    "center_offset": [
        0.0,
        -2.3283064365386963e-09,
        -3.725290298461914e-09
    ],
    "lights": [],
    "frames": [
        {
            "file_path": "/data/shapenet_blender/all_50_random/02958343/abbd90920a240df2ed3696d854eee1ec/r_0",
            "rotation": 0.12566370614359174,
            "transform_matrix": [
                [
                    0.9853953719139099,
                    -0.036619238555431366,
                    -0.1662980616092682,
                    -0.6703689098358154
                ],
                [
                    -0.17028215527534485,
                    -0.21190962195396423,
                    -0.9623399972915649,
                    -3.879316568374634
                ],
                [
                    0.0,
                    0.9766029715538025,
                    -0.2150503695011139,
                    -0.8668957948684692
                ],
                [
                    0.0,
                    0.0,
                    0.0,
                    1.0
                ]
            ]
        },
        {
            "file_path": "/data/shapenet_blender/all_50_random/02958343/abbd90920a240df2ed3696d854eee1ec/r_1",
            "rotation": 0.12566370614359174,
            "transform_matrix": [
                [
                    -0.21403545141220093,
                    -0.8336656093597412,
                    -0.5091073513031006,
                    -2.052277088165283
                ],
                [
                    -0.9768259525299072,
                    0.18266712129116058,
                    0.11155212670564651,
                    0.44968095421791077
                ],
                [
                    0.0,
                    0.5211853384971619,
                    -0.8534436225891113,
                    -3.440340757369995
                ],
                [
                    0.0,
                    0.0,
                    0.0,
                    1.0
                ]
            ]
        },
        {
            "file_path": "/data/shapenet_blender/all_50_random/02958343/abbd90920a240df2ed3696d854eee1ec/r_2",
            "rotation": 0.12566370614359174,
            "transform_matrix": [
                [
                    0.6044020056724548,
                    0.43068861961364746,
                    -0.6702278852462769,
                    -2.701775312423706
                ],
                [
                    -0.7966794967651367,
                    0.3267425298690796,
                    -0.5084693431854248,
                    -2.049705743789673
                ],
                [
                    0.0,
                    0.8412767052650452,
                    0.5406045317649841,
                    2.1792469024658203
                ],
                [
                    0.0,
                    0.0,
                    0.0,
                    1.0
                ]
            ]
        },
        {
            "file_path": "/data/shapenet_blender/all_50_random/02958343/abbd90920a240df2ed3696d854eee1ec/r_3",
            "rotation": 0.12566370614359174,
            "transform_matrix": [
                [
                    -0.8611353039741516,
                    0.2391497641801834,
                    0.4486128091812134,
                    1.8084162473678589
                ],
                [
                    0.5083760023117065,
                    0.4050944745540619,
                    0.7599027752876282,
                    3.0632662773132324
                ],
                [
                    0.0,
                    0.8824430108070374,
                    -0.47041913866996765,
                    -1.8963203430175781
                ],
                [
                    0.0,
                    0.0,
                    0.0,
                    1.0
                ]
            ]
        },
        {
            "file_path": "/data/shapenet_blender/all_50_random/02958343/abbd90920a240df2ed3696d854eee1ec/r_4",
            "rotation": 0.12566370614359174,
            "transform_matrix": [
                [
                    -0.5646301507949829,
                    -0.3502148389816284,
                    0.7473568320274353,
                    3.0126917362213135
                ],
                [
                    0.8253440260887146,
                    -0.2395872324705124,
                    0.5112780332565308,
                    2.061027765274048
                ],
                [
                    0.0,
                    0.9055094122886658,
                    0.42432594299316406,
                    1.710512638092041
                ],
                [
                    0.0,
                    0.0,
                    0.0,
                    1.0
                ]
            ]
        },
        {
            "file_path": "/data/shapenet_blender/all_50_random/02958343/abbd90920a240df2ed3696d854eee1ec/r_5",
            "rotation": 0.12566370614359174,
            "transform_matrix": [
                [
                    -0.5844612121582031,
                    -0.38485485315322876,
                    0.7143471240997314,
                    2.8796253204345703
                ],
                [
                    0.8114216327667236,
                    -0.2772081792354584,
                    0.5145391225814819,
                    2.0741734504699707
                ],
                [
                    0.0,
                    0.8803648948669434,
                    0.4742969870567322,
                    1.911952257156372
                ],
                [
                    0.0,
                    0.0,
                    0.0,
                    1.0
                ]
            ]
        },
        {
            "file_path": "/data/shapenet_blender/all_50_random/02958343/abbd90920a240df2ed3696d854eee1ec/r_6",
            "rotation": 0.12566370614359174,
            "transform_matrix": [
                [
                    -0.07122260332107544,
                    -0.02245408110320568,
                    -0.9972076416015625,
                    -4.019872665405273
                ],
                [
                    -0.9974604845046997,
                    0.00160330964718014,
                    0.07120455056428909,
                    0.2870347201824188
                ],
                [
                    -1.1641532182693481e-10,
                    0.9997466802597046,
                    -0.02251124568283558,
                    -0.09074573218822479
                ],
                [
                    0.0,
                    0.0,
                    0.0,
                    1.0
                ]
            ]
        },
        {
            "file_path": "/data/shapenet_blender/all_50_random/02958343/abbd90920a240df2ed3696d854eee1ec/r_7",
            "rotation": 0.12566370614359174,
            "transform_matrix": [
                [
                    0.8614405393600464,
                    0.19923552870750427,
                    0.4671461880207062,
                    1.8831264972686768
                ],
                [
                    0.5078586339950562,
                    -0.3379474878311157,
                    -0.7923831939697266,
                    -3.1941988468170166
                ],
                [
                    -1.4901162970204496e-08,
                    0.919835090637207,
                    -0.3923051357269287,
                    -1.581432580947876
                ],
                [
                    0.0,
                    0.0,
                    0.0,
                    1.0
                ]
            ]
        },
        {
            "file_path": "/data/shapenet_blender/all_50_random/02958343/abbd90920a240df2ed3696d854eee1ec/r_8",
            "rotation": 0.12566370614359174,
            "transform_matrix": [
                [
                    0.4327935576438904,
                    -0.5035747289657593,
                    0.7477313876152039,
                    3.0142016410827637
                ],
                [
                    0.9014930725097656,
                    0.2417588233947754,
                    -0.3589748442173004,
                    -1.4470739364624023
                ],
                [
                    0.0,
                    0.8294366598129272,
                    0.5586007833480835,
                    2.2517917156219482
                ],
                [
                    0.0,
                    0.0,
                    0.0,
                    1.0
                ]
            ]
        },
        {
            "file_path": "/data/shapenet_blender/all_50_random/02958343/abbd90920a240df2ed3696d854eee1ec/r_9",
            "rotation": 0.12566370614359174,
            "transform_matrix": [
                [
                    -0.32069316506385803,
                    0.35289016366004944,
                    -0.8789905905723572,
                    -3.5433244705200195
                ],
                [
                    -0.9471831321716309,
                    -0.11948002129793167,
                    0.29760482907295227,
                    1.199683427810669
                ],
                [
                    7.450580596923828e-09,
                    0.9280049204826355,
                    0.3725679814815521,
                    1.501869559288025
                ],
                [
                    0.0,
                    0.0,
                    0.0,
                    1.0
                ]
            ]
        },
        {
            "file_path": "/data/shapenet_blender/all_50_random/02958343/abbd90920a240df2ed3696d854eee1ec/r_10",
            "rotation": 0.12566370614359174,
            "transform_matrix": [
                [
                    0.9978123903274536,
                    -0.005711803678423166,
                    -0.06586302816867828,
                    -0.265502393245697
                ],
                [
                    -0.06611024588346481,
                    -0.08620915561914444,
                    -0.9940811395645142,
                    -4.007269382476807
                ],
                [
                    0.0,
                    0.9962606430053711,
                    -0.0863981619477272,
                    -0.3482821583747864
                ],
                [
                    0.0,
                    0.0,
                    0.0,
                    1.0
                ]
            ]
        },
        {
            "file_path": "/data/shapenet_blender/all_50_random/02958343/abbd90920a240df2ed3696d854eee1ec/r_11",
            "rotation": 0.12566370614359174,
            "transform_matrix": [
                [
                    -0.5806691646575928,
                    -0.0007210277253761888,
                    0.8141393065452576,
                    3.281900405883789
                ],
                [
                    0.8141396045684814,
                    -0.0005142588634043932,
                    0.5806689262390137,
                    2.3407514095306396
                ],
                [
                    -2.9103826987286752e-11,
                    0.9999996423721313,
                    0.0008856314816512167,
                    0.0035700947046279907
                ],
                [
                    0.0,
                    0.0,
                    0.0,
                    1.0
                ]
            ]
        },
        {
            "file_path": "/data/shapenet_blender/all_50_random/02958343/abbd90920a240df2ed3696d854eee1ec/r_12",
            "rotation": 0.12566370614359174,
            "transform_matrix": [
                [
                    0.7924681901931763,
                    0.4558509886264801,
                    0.40520864725112915,
                    1.6334483623504639
                ],
                [
                    0.6099132299423218,
                    -0.5922930240631104,
                    -0.5264928340911865,
                    -2.1223604679107666
                ],
                [
                    -1.4901161193847656e-08,
                    0.6643710136413574,
                    -0.7474029660224915,
                    -3.0128777027130127
                ],
                [
                    0.0,
                    0.0,
                    0.0,
                    1.0
                ]
            ]
        },
        {
            "file_path": "/data/shapenet_blender/all_50_random/02958343/abbd90920a240df2ed3696d854eee1ec/r_13",
            "rotation": 0.12566370614359174,
            "transform_matrix": [
                [
                    0.7052677869796753,
                    0.4887205958366394,
                    0.5135653614997864,
                    2.0702481269836426
                ],
                [
                    0.708940863609314,
                    -0.48618850111961365,
                    -0.5109045505523682,
                    -2.0595221519470215
                ],
                [
                    0.0,
                    0.7244120836257935,
                    -0.6893671751022339,
                    -2.77892804145813
                ],
                [
                    0.0,
                    0.0,
                    0.0,
                    1.0
                ]
            ]
        },
        {
            "file_path": "/data/shapenet_blender/all_50_random/02958343/abbd90920a240df2ed3696d854eee1ec/r_14",
            "rotation": 0.12566370614359174,
            "transform_matrix": [
                [
                    -0.8193070888519287,
                    -0.15424472093582153,
                    0.5522178411483765,
                    2.2260613441467285
                ],
                [
                    0.5733550786972046,
                    -0.2204110473394394,
                    0.7891026139259338,
                    3.1809744834899902
                ],
                [
                    -7.450580596923828e-09,
                    0.963134229183197,
                    0.26902130246162415,
                    1.0844595432281494
                ],
                [
                    0.0,
                    0.0,
                    0.0,
                    1.0
                ]
            ]
        },
        {
            "file_path": "/data/shapenet_blender/all_50_random/02958343/abbd90920a240df2ed3696d854eee1ec/r_15",
            "rotation": 0.12566370614359174,
            "transform_matrix": [
                [
                    -0.006769843399524689,
                    0.42083069682121277,
                    0.9071138501167297,
                    3.6566929817199707
                ],
                [
                    0.9999771118164062,
                    0.002849023090675473,
                    0.006141159683465958,
                    0.024755805730819702
                ],
                [
                    2.3283067140944524e-10,
                    0.9071345925331116,
                    -0.4208403527736664,
                    -1.6964616775512695
                ],
                [
                    0.0,
                    0.0,
                    0.0,
                    1.0
                ]
            ]
        },
        {
            "file_path": "/data/shapenet_blender/all_50_random/02958343/abbd90920a240df2ed3696d854eee1ec/r_16",
            "rotation": 0.12566370614359174,
            "transform_matrix": [
                [
                    -0.4654761254787445,
                    -0.08495496958494186,
                    -0.8809735774993896,
                    -3.551318407058716
                ],
                [
                    -0.8850603699684143,
                    0.04468001797795296,
                    0.4633267819881439,
                    1.8677301406860352
                ],
                [
                    0.0,
                    0.99538254737854,
                    -0.09598774462938309,
                    -0.38693901896476746
                ],
                [
                    0.0,
                    0.0,
                    0.0,
                    1.0
                ]
            ]
        },
        {
            "file_path": "/data/shapenet_blender/all_50_random/02958343/abbd90920a240df2ed3696d854eee1ec/r_17",
            "rotation": 0.12566370614359174,
            "transform_matrix": [
                [
                    0.01940475031733513,
                    0.7325378060340881,
                    -0.6804497241973877,
                    -2.742980480194092
                ],
                [
                    -0.9998117685317993,
                    0.01421738974750042,
                    -0.013206442818045616,
                    -0.05323687195777893
                ],
                [
                    0.0,
                    0.6805777549743652,
                    0.7326757907867432,
                    2.9535105228424072
                ],
                [
                    0.0,
                    0.0,
                    0.0,
                    1.0
                ]
            ]
        },
        {
            "file_path": "/data/shapenet_blender/all_50_random/02958343/abbd90920a240df2ed3696d854eee1ec/r_18",
            "rotation": 0.12566370614359174,
            "transform_matrix": [
                [
                    -0.6643122434616089,
                    -0.053748439997434616,
                    0.7455200552940369,
                    3.0052876472473145
                ],
                [
                    0.7474550604820251,
                    -0.047769755125045776,
                    0.6625924706459045,
                    2.6709959506988525
                ],
                [
                    -3.725290076417309e-09,
                    0.9974110722541809,
                    0.07190858572721481,
                    0.28987282514572144
                ],
                [
                    0.0,
                    0.0,
                    0.0,
                    1.0
                ]
            ]
        },
        {
            "file_path": "/data/shapenet_blender/all_50_random/02958343/abbd90920a240df2ed3696d854eee1ec/r_19",
            "rotation": 0.12566370614359174,
            "transform_matrix": [
                [
                    0.348609983921051,
                    0.8355119824409485,
                    0.42472437024116516,
                    1.7121187448501587
                ],
                [
                    0.9372678995132446,
                    -0.31076258420944214,
                    -0.15797314047813416,
                    -0.6368101239204407
                ],
                [
                    -1.4901161193847656e-08,
                    0.4531514346599579,
                    -0.8914334774017334,
                    -3.5934832096099854
                ],
                [
                    0.0,
                    0.0,
                    0.0,
                    1.0
                ]
            ]
        },
        {
            "file_path": "/data/shapenet_blender/all_50_random/02958343/abbd90920a240df2ed3696d854eee1ec/r_20",
            "rotation": 0.12566370614359174,
            "transform_matrix": [
                [
                    0.9931778907775879,
                    -0.021506601944565773,
                    -0.11460902541875839,
                    -0.46200379729270935
                ],
                [
                    -0.11660946905612946,
                    -0.1831745207309723,
                    -0.9761399030685425,
                    -3.934946060180664
                ],
                [
                    0.0,
                    0.9828450679779053,
                    -0.1844327449798584,
                    -0.7434722185134888
                ],
                [
                    0.0,
                    0.0,
                    0.0,
                    1.0
                ]
            ]
        },
        {
            "file_path": "/data/shapenet_blender/all_50_random/02958343/abbd90920a240df2ed3696d854eee1ec/r_21",
            "rotation": 0.12566370614359174,
            "transform_matrix": [
                [
                    -0.9894713759422302,
                    -0.058689214289188385,
                    0.13229526579380035,
                    0.5332993268966675
                ],
                [
                    0.14472895860671997,
                    -0.4012417197227478,
                    0.9044657945632935,
                    3.6460185050964355
                ],
                [
                    -3.725290742551124e-09,
                    0.9140899777412415,
                    0.4055112302303314,
                    1.634668231010437
                ],
                [
                    0.0,
                    0.0,
                    0.0,
                    1.0
                ]
            ]
        },
        {
            "file_path": "/data/shapenet_blender/all_50_random/02958343/abbd90920a240df2ed3696d854eee1ec/r_22",
            "rotation": 0.12566370614359174,
            "transform_matrix": [
                [
                    0.9800543785095215,
                    -0.16379904747009277,
                    0.11253120005130768,
                    0.4536277651786804
                ],
                [
                    0.19872944056987762,
                    0.8077915906906128,
                    -0.5549589991569519,
                    -2.2371113300323486
                ],
                [
                    0.0,
                    0.5662533044815063,
                    0.8242312669754028,
                    3.322582483291626
                ],
                [
                    0.0,
                    0.0,
                    0.0,
                    1.0
                ]
            ]
        },
        {
            "file_path": "/data/shapenet_blender/all_50_random/02958343/abbd90920a240df2ed3696d854eee1ec/r_23",
            "rotation": 0.12566370614359174,
            "transform_matrix": [
                [
                    0.10602990537881851,
                    -0.45943841338157654,
                    -0.8818583488464355,
                    -3.554884195327759
                ],
                [
                    -0.9943628907203674,
                    -0.04899037629365921,
                    -0.09403343498706818,
                    -0.37906086444854736
                ],
                [
                    0.0,
                    0.8868575692176819,
                    -0.46204298734664917,
                    -1.862554669380188
                ],
                [
                    0.0,
                    0.0,
                    0.0,
                    1.0
                ]
            ]
        },
        {
            "file_path": "/data/shapenet_blender/all_50_random/02958343/abbd90920a240df2ed3696d854eee1ec/r_24",
            "rotation": 0.12566370614359174,
            "transform_matrix": [
                [
                    0.9951153993606567,
                    0.09793639928102493,
                    0.012408853508532047,
                    0.050021693110466
                ],
                [
                    0.09871940314769745,
                    -0.9872226119041443,
                    -0.12508425116539001,
                    -0.504230797290802
                ],
                [
                    -9.31322685637781e-10,
                    0.1256982982158661,
                    -0.9920684099197388,
                    -3.9991559982299805
                ],
                [
                    0.0,
                    0.0,
                    0.0,
                    1.0
                ]
            ]
        },
        {
            "file_path": "/data/shapenet_blender/all_50_random/02958343/abbd90920a240df2ed3696d854eee1ec/r_25",
            "rotation": 0.12566370614359174,
            "transform_matrix": [
                [
                    -0.6341816782951355,
                    -0.00045890736510045826,
                    -0.7731839418411255,
                    -3.116804361343384
                ],
                [
                    -0.773184061050415,
                    0.00037640531081706285,
                    0.6341814994812012,
                    2.5564675331115723
                ],
                [
                    -2.9103826987286752e-11,
                    0.9999998807907104,
                    -0.0005935291410423815,
                    -0.002392592839896679
                ],
                [
                    0.0,
                    0.0,
                    0.0,
                    1.0
                ]
            ]
        },
        {
            "file_path": "/data/shapenet_blender/all_50_random/02958343/abbd90920a240df2ed3696d854eee1ec/r_26",
            "rotation": 0.12566370614359174,
            "transform_matrix": [
                [
                    0.9629019498825073,
                    0.0622648224234581,
                    0.26257020235061646,
                    1.0584543943405151
                ],
                [
                    0.2698518633842468,
                    -0.2221771478652954,
                    -0.9369190335273743,
                    -3.776841402053833
                ],
                [
                    3.725290742551124e-09,
                    0.9730160236358643,
                    -0.2307370901107788,
                    -0.9301309585571289
                ],
                [
                    0.0,
                    0.0,
                    0.0,
                    1.0
                ]
            ]
        },
        {
            "file_path": "/data/shapenet_blender/all_50_random/02958343/abbd90920a240df2ed3696d854eee1ec/r_27",
            "rotation": 0.12566370614359174,
            "transform_matrix": [
                [
                    -0.9710391759872437,
                    0.05064674839377403,
                    0.2334904968738556,
                    0.941230297088623
                ],
                [
                    0.23892027139663696,
                    0.20584259927272797,
                    0.9489709734916687,
                    3.8254244327545166
                ],
                [
                    3.725290298461914e-09,
                    0.9772735834121704,
                    -0.21198177337646484,
                    -0.8545258641242981
                ],
                [
                    0.0,
                    0.0,
                    0.0,
                    1.0
                ]
            ]
        },
        {
            "file_path": "/data/shapenet_blender/all_50_random/02958343/abbd90920a240df2ed3696d854eee1ec/r_28",
            "rotation": 0.12566370614359174,
            "transform_matrix": [
                [
                    0.9430866241455078,
                    -0.2617923319339752,
                    0.2050672471523285,
                    0.8266525268554688
                ],
                [
                    0.33254745602607727,
                    0.7424288988113403,
                    -0.5815595984458923,
                    -2.34434175491333
                ],
                [
                    0.0,
                    0.6166555285453796,
                    0.7872330546379089,
                    3.1734378337860107
                ],
                [
                    0.0,
                    0.0,
                    0.0,
                    1.0
                ]
            ]
        },
        {
            "file_path": "/data/shapenet_blender/all_50_random/02958343/abbd90920a240df2ed3696d854eee1ec/r_29",
            "rotation": 0.12566370614359174,
            "transform_matrix": [
                [
                    0.47999218106269836,
                    0.8518255949020386,
                    -0.20976316928863525,
                    -0.8455823659896851
                ],
                [
                    -0.8772728443145752,
                    0.46606892347335815,
                    -0.1147700771689415,
                    -0.4626529812812805
                ],
                [
                    0.0,
                    0.23910807073116302,
                    0.970992922782898,
                    3.9141976833343506
                ],
                [
                    0.0,
                    0.0,
                    0.0,
                    1.0
                ]
            ]
        },
        {
            "file_path": "/data/shapenet_blender/all_50_random/02958343/abbd90920a240df2ed3696d854eee1ec/r_30",
            "rotation": 0.12566370614359174,
            "transform_matrix": [
                [
                    -0.05772869288921356,
                    0.25179970264434814,
                    -0.9660559296607971,
                    -3.894296407699585
                ],
                [
                    -0.9983322620391846,
                    -0.01456034928560257,
                    0.05586230754852295,
                    0.22518819570541382
                ],
                [
                    9.313225191043273e-10,
                    0.9676698446273804,
                    0.2522203028202057,
                    1.0167326927185059
                ],
                [
                    0.0,
                    0.0,
                    0.0,
                    1.0
                ]
            ]
        },
        {
            "file_path": "/data/shapenet_blender/all_50_random/02958343/abbd90920a240df2ed3696d854eee1ec/r_31",
            "rotation": 0.12566370614359174,
            "transform_matrix": [
                [
                    -0.9316372275352478,
                    -0.01456151157617569,
                    0.36309802532196045,
                    1.4636949300765991
                ],
                [
                    0.3633899390697479,
                    -0.037331923842430115,
                    0.930888831615448,
                    3.752532958984375
                ],
                [
                    0.0,
                    0.9991967678070068,
                    0.04007131606340408,
                    0.16153264045715332
                ],
                [
                    0.0,
                    0.0,
                    0.0,
                    1.0
                ]
            ]
        },
        {
            "file_path": "/data/shapenet_blender/all_50_random/02958343/abbd90920a240df2ed3696d854eee1ec/r_32",
            "rotation": 0.12566370614359174,
            "transform_matrix": [
                [
                    -0.5773840546607971,
                    -0.07954435050487518,
                    -0.8125886917114258,
                    -3.2756497859954834
                ],
                [
                    -0.8164727091789246,
                    0.05625128373503685,
                    0.5746374130249023,
                    2.3164374828338623
                ],
                [
                    -3.725290298461914e-09,
                    0.9952429533004761,
                    -0.09742439538240433,
                    -0.3927302956581116
                ],
                [
                    0.0,
                    0.0,
                    0.0,
                    1.0
                ]
            ]
        },
        {
            "file_path": "/data/shapenet_blender/all_50_random/02958343/abbd90920a240df2ed3696d854eee1ec/r_33",
            "rotation": 0.12566370614359174,
            "transform_matrix": [
                [
                    0.5420575737953186,
                    -0.014525742270052433,
                    -0.8402156829833984,
                    -3.3870179653167725
                ],
                [
                    -0.8403412699699402,
                    -0.009369751438498497,
                    -0.5419765710830688,
                    -2.1847777366638184
                ],
                [
                    9.313225191043273e-10,
                    0.9998506307601929,
                    -0.01728552207350731,
                    -0.06968017667531967
                ],
                [
                    0.0,
                    0.0,
                    0.0,
                    1.0
                ]
            ]
        },
        {
            "file_path": "/data/shapenet_blender/all_50_random/02958343/abbd90920a240df2ed3696d854eee1ec/r_34",
            "rotation": 0.12566370614359174,
            "transform_matrix": [
                [
                    -0.3115766644477844,
                    -0.5686668157577515,
                    0.7612738609313965,
                    3.068793296813965
                ],
                [
                    0.9502210021018982,
                    -0.18646538257598877,
                    0.24962107837200165,
                    1.00625479221344
                ],
                [
                    0.0,
                    0.8011545538902283,
                    0.598457396030426,
                    2.412459135055542
                ],
                [
                    0.0,
                    0.0,
                    0.0,
                    1.0
                ]
            ]
        },
        {
            "file_path": "/data/shapenet_blender/all_50_random/02958343/abbd90920a240df2ed3696d854eee1ec/r_35",
            "rotation": 0.12566370614359174,
            "transform_matrix": [
                [
                    -0.4668314754962921,
                    -0.1326080709695816,
                    0.874347448348999,
                    3.5246071815490723
                ],
                [
                    0.8843463063240051,
                    -0.07000155746936798,
                    0.4615532457828522,
                    1.860580563545227
                ],
                [
                    -3.7252898543727042e-09,
                    0.9886935353279114,
                    0.14995038509368896,
                    0.6044692993164062
                ],
                [
                    0.0,
                    0.0,
                    0.0,
                    1.0
                ]
            ]
        },
        {
            "file_path": "/data/shapenet_blender/all_50_random/02958343/abbd90920a240df2ed3696d854eee1ec/r_36",
            "rotation": 0.12566370614359174,
            "transform_matrix": [
                [
                    -0.8512194156646729,
                    -0.00039663410279899836,
                    -0.5248098373413086,
                    -2.1155757904052734
                ],
                [
                    -0.5248099565505981,
                    0.0006433236412703991,
                    0.8512192368507385,
                    3.4313740730285645
                ],
                [
                    0.0,
                    0.9999997019767761,
                    -0.0007557671633549035,
                    -0.003046594560146332
                ],
                [
                    0.0,
                    0.0,
                    0.0,
                    1.0
                ]
            ]
        },
        {
            "file_path": "/data/shapenet_blender/all_50_random/02958343/abbd90920a240df2ed3696d854eee1ec/r_37",
            "rotation": 0.12566370614359174,
            "transform_matrix": [
                [
                    -0.9806902408599854,
                    0.07586577534675598,
                    -0.18025285005569458,
                    -0.7266225218772888
                ],
                [
                    -0.19556768238544464,
                    -0.38043519854545593,
                    0.9038928151130676,
                    3.6437087059020996
                ],
                [
                    0.0,
                    0.9216904044151306,
                    0.38792598247528076,
                    1.5637798309326172
                ],
                [
                    0.0,
                    0.0,
                    0.0,
                    1.0
                ]
            ]
        },
        {
            "file_path": "/data/shapenet_blender/all_50_random/02958343/abbd90920a240df2ed3696d854eee1ec/r_38",
            "rotation": 0.12566370614359174,
            "transform_matrix": [
                [
                    -0.6769354939460754,
                    0.6283907294273376,
                    -0.3832535445690155,
                    -1.5449445247650146
                ],
                [
                    -0.7360422611236572,
                    -0.5779287815093994,
                    0.35247695446014404,
                    1.4208801984786987
                ],
                [
                    0.0,
                    0.5206950902938843,
                    0.8537426590919495,
                    3.44154691696167
                ],
                [
                    0.0,
                    0.0,
                    0.0,
                    1.0
                ]
            ]
        },
        {
            "file_path": "/data/shapenet_blender/all_50_random/02958343/abbd90920a240df2ed3696d854eee1ec/r_39",
            "rotation": 0.12566370614359174,
            "transform_matrix": [
                [
                    0.5930505394935608,
                    0.27855148911476135,
                    -0.7554469704627991,
                    -3.0453040599823
                ],
                [
                    -0.8051652312278748,
                    0.205169215798378,
                    -0.5564301609992981,
                    -2.243041753768921
                ],
                [
                    1.4901162970204496e-08,
                    0.938250720500946,
                    0.3459556996822357,
                    1.394592046737671
                ],
                [
                    0.0,
                    0.0,
                    0.0,
                    1.0
                ]
            ]
        },
        {
            "file_path": "/data/shapenet_blender/all_50_random/02958343/abbd90920a240df2ed3696d854eee1ec/r_40",
            "rotation": 0.12566370614359174,
            "transform_matrix": [
                [
                    0.978901743888855,
                    -0.08635084331035614,
                    0.1851893961429596,
                    0.7465223073959351
                ],
                [
                    0.20433206856250763,
                    0.4136844277381897,
                    -0.8871942162513733,
                    -3.5763943195343018
                ],
                [
                    0.0,
                    0.9063160419464111,
                    0.4226005971431732,
                    1.7035574913024902
                ],
                [
                    0.0,
                    0.0,
                    0.0,
                    1.0
                ]
            ]
        },
        {
            "file_path": "/data/shapenet_blender/all_50_random/02958343/abbd90920a240df2ed3696d854eee1ec/r_41",
            "rotation": 0.12566370614359174,
            "transform_matrix": [
                [
                    -0.5401094555854797,
                    -0.07791326195001602,
                    -0.8379805088043213,
                    -3.378007411956787
                ],
                [
                    -0.8415948152542114,
                    0.0500023178756237,
                    0.5377898812294006,
                    2.167900323867798
                ],
