{
    "class": "02958343",
    "model": "dd06b4149a6f876341ca08f10af9385b",
    "remove_doubles": true,
    "edge_split": true,
    "denoise": true,
    "camera_angle_x": 0.6911112070083618,
    "scale_factor": 2.3192599918218004,
    "hdri_file": "/data/IndoorHDRDataset2018/9C4A7874-c584904213.exr",
    "center_offset": [
        0.0,
        -1.862645149230957e-09,
        0.0
    ],
    "lights": [],
    "frames": [
        {
            "file_path": "/data/shapenet_blender/all_50_random/02958343/dd06b4149a6f876341ca08f10af9385b/r_0",
            "rotation": 0.12566370614359174,
            "transform_matrix": [
                [
                    -0.46795013546943665,
                    0.4589041769504547,
                    0.755267858505249,
                    3.0445821285247803
                ],
                [
                    0.8837547898292542,
                    0.24299077689647675,
                    0.39991602301597595,
                    1.6121129989624023
                ],
                [
                    1.4901160305669237e-08,
                    0.8546124696731567,
                    -0.5192663669586182,
                    -2.0932297706604004
                ],
                [
                    0.0,
                    0.0,
                    0.0,
                    1.0
                ]
            ]
        },
        {
            "file_path": "/data/shapenet_blender/all_50_random/02958343/dd06b4149a6f876341ca08f10af9385b/r_1",
            "rotation": 0.12566370614359174,
            "transform_matrix": [
                [
                    -0.15918470919132233,
                    0.48524752259254456,
                    -0.8597645163536072,
                    -3.4658215045928955
                ],
                [
                    -0.9872488379478455,
                    -0.07824166119098663,
                    0.13862904906272888,
                    0.5588315725326538
                ],
                [
                    0.0,
                    0.8708691596984863,
                    0.4915149211883545,
                    1.9813600778579712
                ],
                [
                    0.0,
                    0.0,
                    0.0,
                    1.0
                ]
            ]
        },
        {
            "file_path": "/data/shapenet_blender/all_50_random/02958343/dd06b4149a6f876341ca08f10af9385b/r_2",
            "rotation": 0.12566370614359174,
            "transform_matrix": [
                [
                    -0.5959965586662292,
                    0.7818704843521118,
                    0.18293914198875427,
                    0.7374512553215027
                ],
                [
                    0.8029870390892029,
                    0.580323338508606,
                    0.1357818841934204,
                    0.5473542809486389
                ],
                [
                    -7.450580596923828e-09,
                    0.2278231978416443,
                    -0.9737024903297424,
                    -3.9251203536987305
                ],
                [
                    0.0,
                    0.0,
                    0.0,
                    1.0
                ]
            ]
        },
        {
            "file_path": "/data/shapenet_blender/all_50_random/02958343/dd06b4149a6f876341ca08f10af9385b/r_3",
            "rotation": 0.12566370614359174,
            "transform_matrix": [
                [
                    -0.9967685341835022,
                    -0.014792196452617645,
                    -0.07895401120185852,
                    -0.3182738125324249
                ],
                [
                    -0.08032773435115814,
                    0.18355298042297363,
                    0.979722261428833,
                    3.9493868350982666
                ],
                [
                    0.0,
                    0.9828985333442688,
                    -0.18414805829524994,
                    -0.7423245906829834
                ],
                [
                    0.0,
                    0.0,
                    0.0,
                    1.0
                ]
            ]
        },
        {
            "file_path": "/data/shapenet_blender/all_50_random/02958343/dd06b4149a6f876341ca08f10af9385b/r_4",
            "rotation": 0.12566370614359174,
            "transform_matrix": [
                [
                    0.03725186362862587,
                    0.14548327028751373,
                    0.9886592030525208,
                    3.985412359237671
                ],
                [
                    0.9993059635162354,
                    -0.005423286929726601,
                    -0.036854974925518036,
                    -0.14856714010238647
                ],
                [
                    0.0,
                    0.9893458485603333,
                    -0.1455843299627304,
                    -0.5868691205978394
                ],
                [
                    0.0,
                    0.0,
                    0.0,
                    1.0
                ]
            ]
        },
        {
            "file_path": "/data/shapenet_blender/all_50_random/02958343/dd06b4149a6f876341ca08f10af9385b/r_5",
            "rotation": 0.12566370614359174,
            "transform_matrix": [
                [
                    0.36334550380706787,
                    0.14835083484649658,
                    0.9197673797607422,
                    3.7077009677886963
                ],
                [
                    0.9316544532775879,
                    -0.05785687267780304,
                    -0.35870957374572754,
                    -1.4460045099258423
                ],
                [
                    0.0,
                    0.987240731716156,
                    -0.15923377871513367,
                    -0.6418918967247009
                ],
                [
                    0.0,
                    0.0,
                    0.0,
                    1.0
                ]
            ]
        },
        {
            "file_path": "/data/shapenet_blender/all_50_random/02958343/dd06b4149a6f876341ca08f10af9385b/r_6",
            "rotation": 0.12566370614359174,
            "transform_matrix": [
                [
                    0.4430151581764221,
                    0.27022409439086914,
                    0.8548194766044617,
                    3.445887804031372
                ],
                [
                    0.8965141177177429,
                    -0.1335320621728897,
                    -0.42241162061691284,
                    -1.7027958631515503
                ],
                [
                    7.450580596923828e-09,
                    0.9534926414489746,
                    -0.30141642689704895,
                    -1.2150485515594482
                ],
                [
                    0.0,
                    0.0,
                    0.0,
                    1.0
                ]
            ]
        },
        {
            "file_path": "/data/shapenet_blender/all_50_random/02958343/dd06b4149a6f876341ca08f10af9385b/r_7",
            "rotation": 0.12566370614359174,
            "transform_matrix": [
                [
                    -0.3901732861995697,
                    0.076991006731987,
                    0.917516827583313,
                    3.6986286640167236
                ],
                [
                    0.9207414984703064,
                    0.032625697553157806,
                    0.3888067901134491,
                    1.5673303604125977
                ],
                [
                    0.0,
                    0.9964977502822876,
                    -0.08361849933862686,
                    -0.33707696199417114
                ],
                [
                    0.0,
                    0.0,
                    0.0,
                    1.0
                ]
            ]
        },
        {
            "file_path": "/data/shapenet_blender/all_50_random/02958343/dd06b4149a6f876341ca08f10af9385b/r_8",
            "rotation": 0.12566370614359174,
            "transform_matrix": [
                [
                    0.5495434999465942,
                    -0.3879079520702362,
                    0.7399522662162781,
                    2.9828429222106934
                ],
                [
                    0.8354651927947998,
                    0.255154013633728,
                    -0.4867180585861206,
                    -1.9620232582092285
                ],
                [
                    1.4901162970204496e-08,
                    0.8856770396232605,
                    0.4643017649650574,
                    1.8716602325439453
                ],
                [
                    0.0,
                    0.0,
                    0.0,
                    1.0
                ]
            ]
        },
        {
            "file_path": "/data/shapenet_blender/all_50_random/02958343/dd06b4149a6f876341ca08f10af9385b/r_9",
            "rotation": 0.12566370614359174,
            "transform_matrix": [
                [
                    0.8786599636077881,
                    0.4556773006916046,
                    -0.14253056049346924,
                    -0.5745590925216675
                ],
                [
                    -0.4774481952190399,
                    0.838594377040863,
                    -0.26230257749557495,
                    -1.0573755502700806
                ],
                [
                    0.0,
                    0.2985256314277649,
                    0.9544015526771545,
                    3.847315788269043
                ],
                [
                    0.0,
                    0.0,
                    0.0,
                    1.0
                ]
            ]
        },
        {
            "file_path": "/data/shapenet_blender/all_50_random/02958343/dd06b4149a6f876341ca08f10af9385b/r_10",
            "rotation": 0.12566370614359174,
            "transform_matrix": [
                [
                    -0.7094021439552307,
                    0.5195110440254211,
                    -0.47629493474960327,
                    -1.920006275177002
                ],
                [
                    -0.704804003238678,
                    -0.5229003429412842,
                    0.4794022738933563,
                    1.9325324296951294
                ],
                [
                    -1.4901161193847656e-08,
                    0.6757835149765015,
                    0.7371001243591309,
                    2.9713456630706787
                ],
                [
                    0.0,
                    0.0,
                    0.0,
                    1.0
                ]
            ]
        },
        {
            "file_path": "/data/shapenet_blender/all_50_random/02958343/dd06b4149a6f876341ca08f10af9385b/r_11",
            "rotation": 0.12566370614359174,
            "transform_matrix": [
                [
                    -0.04435833543539047,
                    -0.04679316282272339,
                    0.9979192614555359,
                    4.022740840911865
                ],
                [
                    0.999015748500824,
                    -0.002077711746096611,
                    0.044309649616479874,
                    0.17861789464950562
                ],
                [
                    0.0,
                    0.9989023804664612,
                    0.04683927446603775,
                    0.1888151317834854
                ],
                [
                    0.0,
                    0.0,
                    0.0,
                    1.0
                ]
            ]
        },
        {
            "file_path": "/data/shapenet_blender/all_50_random/02958343/dd06b4149a6f876341ca08f10af9385b/r_12",
            "rotation": 0.12566370614359174,
            "transform_matrix": [
                [
                    -0.6649277210235596,
                    0.4475996196269989,
                    -0.5979344844818115,
                    -2.410351037979126
                ],
                [
                    -0.7469077110290527,
                    -0.3984714448451996,
                    0.5323056578636169,
                    2.1457927227020264
                ],
                [
                    -1.4901162970204496e-08,
                    0.8005465865135193,
                    0.5992704033851624,
                    2.415736198425293
                ],
                [
                    0.0,
                    0.0,
                    0.0,
                    1.0
                ]
            ]
        },
        {
            "file_path": "/data/shapenet_blender/all_50_random/02958343/dd06b4149a6f876341ca08f10af9385b/r_13",
            "rotation": 0.12566370614359174,
            "transform_matrix": [
                [
                    0.6554033160209656,
                    -0.4633353054523468,
                    -0.5964619517326355,
                    -2.4044151306152344
                ],
                [
                    -0.7552790641784668,
                    -0.40206530690193176,
                    -0.5175877213478088,
                    -2.0864627361297607
                ],
                [
                    1.4901161193847656e-08,
                    0.7897239327430725,
                    -0.6134623289108276,
                    -2.4729456901550293
                ],
                [
                    0.0,
                    0.0,
                    0.0,
                    1.0
                ]
            ]
        },
        {
            "file_path": "/data/shapenet_blender/all_50_random/02958343/dd06b4149a6f876341ca08f10af9385b/r_14",
            "rotation": 0.12566370614359174,
            "transform_matrix": [
                [
                    -0.5880007743835449,
                    0.375993549823761,
                    -0.7161591053009033,
                    -2.886929988861084
                ],
                [
                    -0.8088603615760803,
                    -0.27332836389541626,
                    0.520611584186554,
                    2.0986526012420654
                ],
                [
                    0.0,
                    0.8853927254676819,
                    0.4648435711860657,
                    1.8738445043563843
                ],
                [
                    0.0,
                    0.0,
                    0.0,
                    1.0
                ]
            ]
        },
        {
            "file_path": "/data/shapenet_blender/all_50_random/02958343/dd06b4149a6f876341ca08f10af9385b/r_15",
            "rotation": 0.12566370614359174,
            "transform_matrix": [
                [
                    0.9984620809555054,
                    -0.03155383840203285,
                    -0.04558512195944786,
                    -0.18375951051712036
                ],
                [
                    -0.055440500378608704,
                    -0.5682725310325623,
                    -0.8209705948829651,
                    -3.3094382286071777
                ],
                [
                    0.0,
                    0.8222351670265198,
                    -0.5691478848457336,
                    -2.2943084239959717
                ],
                [
                    0.0,
                    0.0,
                    0.0,
                    1.0
                ]
            ]
        },
        {
            "file_path": "/data/shapenet_blender/all_50_random/02958343/dd06b4149a6f876341ca08f10af9385b/r_16",
            "rotation": 0.12566370614359174,
            "transform_matrix": [
                [
                    -0.9842683672904968,
                    0.05696267634630203,
                    0.1672457903623581,
                    0.6741893291473389
                ],
                [
                    0.17668023705482483,
                    0.31733351945877075,
                    0.9317100048065186,
                    3.755843162536621
                ],
                [
                    0.0,
                    0.9466016292572021,
                    -0.32240551710128784,
                    -1.299658179283142
                ],
                [
                    0.0,
                    0.0,
                    0.0,
                    1.0
                ]
            ]
        },
        {
            "file_path": "/data/shapenet_blender/all_50_random/02958343/dd06b4149a6f876341ca08f10af9385b/r_17",
            "rotation": 0.12566370614359174,
            "transform_matrix": [
                [
                    -0.18266461789608002,
                    -0.7620018124580383,
                    0.6212783455848694,
                    2.504453182220459
                ],
                [
                    0.9831752181053162,
                    -0.1415727138519287,
                    0.11542762815952301,
                    0.4653036594390869
                ],
                [
                    0.0,
                    0.6319100856781006,
                    0.7750416994094849,
                    3.124293088912964
                ],
                [
                    0.0,
                    0.0,
                    0.0,
                    1.0
                ]
            ]
        },
        {
            "file_path": "/data/shapenet_blender/all_50_random/02958343/dd06b4149a6f876341ca08f10af9385b/r_18",
            "rotation": 0.12566370614359174,
            "transform_matrix": [
                [
                    -0.9615882039070129,
                    0.007976925931870937,
                    -0.27438053488731384,
                    -1.1060633659362793
                ],
                [
                    -0.274496465921402,
                    -0.027943957597017288,
                    0.9611819982528687,
                    3.8746485710144043
                ],
                [
                    -4.656613428188905e-10,
                    0.9995776414871216,
                    0.02906021662056446,
                    0.11714547872543335
                ],
                [
                    0.0,
                    0.0,
                    0.0,
                    1.0
                ]
            ]
        },
        {
            "file_path": "/data/shapenet_blender/all_50_random/02958343/dd06b4149a6f876341ca08f10af9385b/r_19",
            "rotation": 0.12566370614359174,
            "transform_matrix": [
                [
                    -0.9446156620979309,
                    0.11063732951879501,
                    0.3089672327041626,
                    1.2454867362976074
                ],
                [
                    0.32817888259887695,
                    0.3184535801410675,
                    0.8893176317214966,
                    3.584954023361206
                ],
                [
                    0.0,
                    0.9414597749710083,
                    -0.33712509274482727,
                    -1.358994722366333
                ],
                [
                    0.0,
                    0.0,
                    0.0,
                    1.0
                ]
            ]
        },
        {
            "file_path": "/data/shapenet_blender/all_50_random/02958343/dd06b4149a6f876341ca08f10af9385b/r_20",
            "rotation": 0.12566370614359174,
            "transform_matrix": [
                [
                    -0.028043655678629875,
                    -0.5265844464302063,
                    -0.8496601581573486,
                    -3.4250895977020264
                ],
                [
                    -0.999606728553772,
                    0.014773163944482803,
                    0.023836951702833176,
                    0.09608982503414154
                ],
                [
                    9.313225746154785e-10,
                    0.849994421005249,
                    -0.5267916321754456,
                    -2.1235649585723877
                ],
                [
                    0.0,
                    0.0,
                    0.0,
                    1.0
                ]
            ]
        },
        {
            "file_path": "/data/shapenet_blender/all_50_random/02958343/dd06b4149a6f876341ca08f10af9385b/r_21",
            "rotation": 0.12566370614359174,
            "transform_matrix": [
                [
                    0.963219404220581,
                    -0.024243557825684547,
                    0.2676204442977905,
                    1.078812599182129
                ],
                [
                    0.26871633529663086,
                    0.08690153807401657,
                    -0.9592911601066589,
                    -3.8670265674591064
                ],
                [
                    0.0,
                    0.9959218502044678,
                    0.0902198776602745,
                    0.36368799209594727
                ],
                [
                    0.0,
                    0.0,
                    0.0,
                    1.0
                ]
            ]
        },
        {
            "file_path": "/data/shapenet_blender/all_50_random/02958343/dd06b4149a6f876341ca08f10af9385b/r_22",
            "rotation": 0.12566370614359174,
            "transform_matrix": [
                [
                    -0.9966902136802673,
                    0.011164642870426178,
                    0.08052276074886322,
                    0.32459765672683716
                ],
                [
                    0.08129307627677917,
                    0.13688360154628754,
                    0.9872457981109619,
                    3.979715347290039
                ],
                [
                    9.313224635931761e-10,
                    0.9905242323875427,
                    -0.13733814656734467,
                    -0.5536278486251831
                ],
                [
                    0.0,
                    0.0,
                    0.0,
                    1.0
                ]
            ]
        },
        {
            "file_path": "/data/shapenet_blender/all_50_random/02958343/dd06b4149a6f876341ca08f10af9385b/r_23",
            "rotation": 0.12566370614359174,
            "transform_matrix": [
                [
                    0.13108383119106293,
                    0.48719269037246704,
                    -0.863400399684906,
                    -3.480478286743164
                ],
                [
                    -0.9913713932037354,
                    0.06441892683506012,
                    -0.11416289955377579,
                    -0.4602053761482239
                ],
                [
                    0.0,
                    0.8709152340888977,
                    0.49143317341804504,
                    1.9810304641723633
                ],
                [
                    0.0,
                    0.0,
                    0.0,
                    1.0
                ]
            ]
        },
        {
            "file_path": "/data/shapenet_blender/all_50_random/02958343/dd06b4149a6f876341ca08f10af9385b/r_24",
            "rotation": 0.12566370614359174,
            "transform_matrix": [
                [
                    -0.8283318281173706,
                    0.18136484920978546,
                    -0.5300690531730652,
                    -2.136776924133301
                ],
                [
                    -0.5602379441261292,
                    -0.2681543827056885,
                    0.7837260961532593,
                    3.159301280975342
                ],
                [
                    1.4901162970204496e-08,
                    0.946150004863739,
                    0.3237282633781433,
                    1.304990530014038
                ],
                [
                    0.0,
                    0.0,
                    0.0,
                    1.0
                ]
            ]
        },
        {
            "file_path": "/data/shapenet_blender/all_50_random/02958343/dd06b4149a6f876341ca08f10af9385b/r_25",
            "rotation": 0.12566370614359174,
            "transform_matrix": [
                [
                    -0.9914984107017517,
                    0.08236972987651825,
                    0.10072742402553558,
                    0.40604525804519653
                ],
                [
                    0.13011835515499115,
                    0.6276552081108093,
                    0.7675402760505676,
                    3.0940539836883545
                ],
                [
                    -7.450580152834618e-09,
                    0.7741215825080872,
                    -0.6330369114875793,
                    -2.551853656768799
                ],
                [
                    0.0,
                    0.0,
                    0.0,
                    1.0
                ]
            ]
        },
        {
            "file_path": "/data/shapenet_blender/all_50_random/02958343/dd06b4149a6f876341ca08f10af9385b/r_26",
            "rotation": 0.12566370614359174,
            "transform_matrix": [
                [
                    -0.5801788568496704,
                    0.630859911441803,
                    -0.5151777863502502,
                    -2.0767483711242676
                ],
                [
                    -0.81448894739151,
                    -0.4493757486343384,
                    0.36697274446487427,
                    1.4793145656585693
                ],
                [
                    -1.4901158529312397e-08,
                    0.6325164437294006,
                    0.7745468020439148,
                    3.122298240661621
                ],
                [
                    0.0,
                    0.0,
                    0.0,
                    1.0
                ]
            ]
        },
        {
            "file_path": "/data/shapenet_blender/all_50_random/02958343/dd06b4149a6f876341ca08f10af9385b/r_27",
            "rotation": 0.12566370614359174,
            "transform_matrix": [
                [
                    0.8868541717529297,
                    0.2637284994125366,
                    -0.3793902099132538,
                    -1.529370903968811
                ],
                [
                    -0.4620494842529297,
                    0.5061984658241272,
                    -0.7281987071037292,
                    -2.9354629516601562
                ],
                [
                    0.0,
                    0.8211030960083008,
                    0.5707798600196838,
                    2.300887107849121
                ],
                [
                    0.0,
                    0.0,
                    0.0,
                    1.0
                ]
            ]
        },
        {
            "file_path": "/data/shapenet_blender/all_50_random/02958343/dd06b4149a6f876341ca08f10af9385b/r_28",
            "rotation": 0.12566370614359174,
            "transform_matrix": [
                [
                    -0.8912327885627747,
                    -0.36064520478248596,
                    -0.2750256061553955,
                    -1.10866379737854
                ],
                [
                    -0.45354610681533813,
                    0.7086795568466187,
                    0.5404342412948608,
                    2.178560256958008
                ],
                [
                    0.0,
                    0.606389582157135,
                    -0.7951676249504089,
                    -3.205423355102539
                ],
                [
                    0.0,
                    0.0,
                    0.0,
                    1.0
                ]
            ]
        },
        {
            "file_path": "/data/shapenet_blender/all_50_random/02958343/dd06b4149a6f876341ca08f10af9385b/r_29",
            "rotation": 0.12566370614359174,
            "transform_matrix": [
                [
                    -0.44354987144470215,
                    0.8663510680198669,
                    0.22956301271915436,
                    0.9253981113433838
                ],
                [
                    0.8962497115135193,
                    0.42875319719314575,
                    0.1136096864938736,
                    0.457975298166275
                ],
                [
                    0.0,
                    0.2561373710632324,
                    -0.9666403532028198,
                    -3.8966519832611084
                ],
                [
                    0.0,
                    0.0,
                    0.0,
                    1.0
                ]
            ]
        },
        {
            "file_path": "/data/shapenet_blender/all_50_random/02958343/dd06b4149a6f876341ca08f10af9385b/r_30",
            "rotation": 0.12566370614359174,
            "transform_matrix": [
                [
                    -0.22151890397071838,
                    -0.8874462246894836,
                    0.40418872237205505,
                    1.6293368339538574
                ],
                [
                    0.9751561880111694,
                    -0.2015944868326187,
                    0.09181652218103409,
                    0.3701242506504059
                ],
                [
                    -7.450581485102248e-09,
                    0.41448622941970825,
                    0.9100555777549744,
                    3.668551445007324
                ],
                [
                    0.0,
                    0.0,
                    0.0,
                    1.0
                ]
            ]
        },
        {
            "file_path": "/data/shapenet_blender/all_50_random/02958343/dd06b4149a6f876341ca08f10af9385b/r_31",
            "rotation": 0.12566370614359174,
            "transform_matrix": [
                [
                    0.0778077021241188,
                    0.12696704268455505,
                    0.988850474357605,
                    3.9861838817596436
                ],
                [
                    0.9969683885574341,
                    -0.009909055195748806,
                    -0.07717414200305939,
                    -0.3110989034175873
                ],
                [
                    1.862645149230957e-09,
                    0.9918574690818787,
                    -0.12735313177108765,
                    -0.5133768916130066
                ],
                [
                    0.0,
                    0.0,
                    0.0,
                    1.0
                ]
            ]
        },
        {
            "file_path": "/data/shapenet_blender/all_50_random/02958343/dd06b4149a6f876341ca08f10af9385b/r_32",
            "rotation": 0.12566370614359174,
            "transform_matrix": [
                [
                    -0.04514283314347267,
                    0.48949217796325684,
                    0.8708383440971375,
                    3.5104618072509766
                ],
                [
                    0.9989806413650513,
                    0.022119613364338875,
                    0.03935222700238228,
                    0.15863391757011414
                ],
                [
                    1.862645371275562e-09,
                    0.8717270493507385,
                    -0.489991694688797,
                    -1.9752198457717896
                ],
                [
                    0.0,
                    0.0,
                    0.0,
                    1.0
                ]
            ]
        },
        {
            "file_path": "/data/shapenet_blender/all_50_random/02958343/dd06b4149a6f876341ca08f10af9385b/r_33",
            "rotation": 0.12566370614359174,
            "transform_matrix": [
                [
                    0.9491873979568481,
                    0.2849452495574951,
                    0.13360241055488586,
                    0.5385685563087463
                ],
                [
                    0.31471163034439087,
                    -0.8594104051589966,
                    -0.4029521644115448,
                    -1.6243520975112915
                ],
                [
                    0.0,
                    0.4245232343673706,
                    -0.9054170250892639,
                    -3.649852752685547
                ],
                [
                    0.0,
                    0.0,
                    0.0,
                    1.0
                ]
            ]
        },
        {
            "file_path": "/data/shapenet_blender/all_50_random/02958343/dd06b4149a6f876341ca08f10af9385b/r_34",
            "rotation": 0.12566370614359174,
            "transform_matrix": [
                [
                    -0.03708520904183388,
                    0.17736981809139252,
                    -0.9834453463554382,
                    -3.9643945693969727
                ],
                [
                    -0.9993121027946472,
                    -0.006582324858754873,
                    0.03649638220667839,
                    0.1471216082572937
                ],
                [
                    0.0,
                    0.9841222167015076,
                    0.1774919331073761,
                    0.7154927849769592
                ],
                [
                    0.0,
                    0.0,
                    0.0,
                    1.0
                ]
            ]
        },
        {
            "file_path": "/data/shapenet_blender/all_50_random/02958343/dd06b4149a6f876341ca08f10af9385b/r_35",
            "rotation": 0.12566370614359174,
            "transform_matrix": [
                [
                    -0.07751074433326721,
                    -0.10576695203781128,
                    0.9913654923439026,
                    3.996321678161621
                ],
                [
                    0.9969914555549622,
                    -0.008222813718020916,
                    0.0770733505487442,
                    0.31069257855415344
                ],
                [
                    0.0,
                    0.9943569302558899,
                    0.1060861200094223,
                    0.42764678597450256
                ],
                [
                    0.0,
                    0.0,
                    0.0,
                    1.0
                ]
            ]
        },
        {
            "file_path": "/data/shapenet_blender/all_50_random/02958343/dd06b4149a6f876341ca08f10af9385b/r_36",
            "rotation": 0.12566370614359174,
            "transform_matrix": [
                [
                    -0.9811268448829651,
                    0.0012101070024073124,
                    -0.19336169958114624,
                    -0.7794660329818726
                ],
                [
                    -0.19336551427841187,
                    -0.006140022072941065,
                    0.9811074733734131,
                    3.9549710750579834
                ],
                [
                    0.0,
                    0.9999804496765137,
                    0.0062581319361925125,
                    0.025227338075637817
                ],
                [
                    0.0,
                    0.0,
                    0.0,
                    1.0
                ]
            ]
        },
        {
            "file_path": "/data/shapenet_blender/all_50_random/02958343/dd06b4149a6f876341ca08f10af9385b/r_37",
            "rotation": 0.12566370614359174,
            "transform_matrix": [
                [
                    0.051473330706357956,
                    -0.015733541920781136,
                    0.9985504746437073,
                    4.025285243988037
                ],
                [
                    0.9986743330955505,
                    0.0008109328919090331,
                    -0.05146694928407669,
                    -0.2074698805809021
                ],
                [
                    -5.8207657444020455e-11,
                    0.9998758435249329,
                    0.015754427760839462,
                    0.06350812315940857
                ],
                [
                    0.0,
                    0.0,
                    0.0,
                    1.0
                ]
            ]
        },
        {
            "file_path": "/data/shapenet_blender/all_50_random/02958343/dd06b4149a6f876341ca08f10af9385b/r_38",
            "rotation": 0.12566370614359174,
            "transform_matrix": [
                [
                    -0.9773812890052795,
                    0.002107749693095684,
                    -0.2114742398262024,
                    -0.8524799346923828
                ],
                [
                    -0.21148473024368286,
                    -0.009741011075675488,
                    0.9773327708244324,
                    3.9397544860839844
                ],
                [
                    0.0,
                    0.9999504089355469,
                    0.009966438636183739,
                    0.04017600044608116
                ],
                [
                    0.0,
                    0.0,
                    0.0,
                    1.0
                ]
            ]
        },
        {
            "file_path": "/data/shapenet_blender/all_50_random/02958343/dd06b4149a6f876341ca08f10af9385b/r_39",
            "rotation": 0.12566370614359174,
            "transform_matrix": [
                [
                    -0.19704097509384155,
                    0.31119948625564575,
                    -0.9296932816505432,
                    -3.747713804244995
                ],
                [
                    -0.9803952574729919,
                    -0.06254522502422333,
                    0.18685081601142883,
                    0.7532197833061218
                ],
                [
                    3.725290298461914e-09,
                    0.9482842087745667,
                    0.31742241978645325,
                    1.2795708179473877
                ],
                [
                    0.0,
                    0.0,
                    0.0,
                    1.0
                ]
            ]
        },
        {
            "file_path": "/data/shapenet_blender/all_50_random/02958343/dd06b4149a6f876341ca08f10af9385b/r_40",
            "rotation": 0.12566370614359174,
            "transform_matrix": [
                [
                    0.8121890425682068,
                    0.2101229429244995,
                    -0.5442399382591248,
                    -2.193901538848877
                ],
                [
                    -0.5833941698074341,
                    0.2925287187099457,
                    -0.7576793432235718,
                    -3.0543034076690674
                ],
                [
                    0.0,
                    0.9328854084014893,
                    0.36017313599586487,
                    1.4519044160842896
                ],
                [
                    0.0,
                    0.0,
                    0.0,
                    1.0
                ]
            ]
        },
        {
            "file_path": "/data/shapenet_blender/all_50_random/02958343/dd06b4149a6f876341ca08f10af9385b/r_41",
            "rotation": 0.12566370614359174,
            "transform_matrix": [
                [
                    -0.8533758521080017,
                    0.002315744524821639,
                    0.5212909579277039,
                    2.101391315460205
                ],
                [
                    0.5212962031364441,
                    0.0037909361999481916,
                    0.8533673286437988,
                    3.4400339126586914
                ],
                [
                    0.0,
