{
    "class": "02958343",
    "model": "3776e4d1e2587fd3253c03b7df20edd5",
    "remove_doubles": true,
    "edge_split": true,
    "denoise": true,
    "camera_angle_x": 0.6911112070083618,
    "scale_factor": 2.351104494788104,
    "hdri_file": "/data/IndoorHDRDataset2018/AG8A0924-4484ad8b59.exr",
    "center_offset": [
        0.0,
        0.0,
        3.725290298461914e-09
    ],
    "lights": [],
    "frames": [
        {
            "file_path": "/data/shapenet_blender/all_50_random/02958343/3776e4d1e2587fd3253c03b7df20edd5/r_0",
            "rotation": 0.12566370614359174,
            "transform_matrix": [
                [
                    0.5001460909843445,
                    -0.12901397049427032,
                    0.8562763929367065,
                    3.4517602920532227
                ],
                [
                    0.8659409880638123,
                    0.07451527565717697,
                    -0.49456408619880676,
                    -1.9936515092849731
                ],
                [
                    0.0,
                    0.9888392090797424,
                    0.14898701012134552,
                    0.6005858182907104
                ],
                [
                    0.0,
                    0.0,
                    0.0,
                    1.0
                ]
            ]
        },
        {
            "file_path": "/data/shapenet_blender/all_50_random/02958343/3776e4d1e2587fd3253c03b7df20edd5/r_1",
            "rotation": 0.12566370614359174,
            "transform_matrix": [
                [
                    0.49548131227493286,
                    -0.17465487122535706,
                    0.8508783578872681,
                    3.4300003051757812
                ],
                [
                    0.8686186075210571,
                    0.09962742030620575,
                    -0.48536184430122375,
                    -1.9565562009811401
                ],
                [
                    0.0,
                    0.9795764684677124,
                    0.20107199251651764,
                    0.8105471134185791
                ],
                [
                    0.0,
                    0.0,
                    0.0,
                    1.0
                ]
            ]
        },
        {
            "file_path": "/data/shapenet_blender/all_50_random/02958343/3776e4d1e2587fd3253c03b7df20edd5/r_2",
            "rotation": 0.12566370614359174,
            "transform_matrix": [
                [
                    0.9380226135253906,
                    0.03885795921087265,
                    -0.34438884258270264,
                    -1.3882757425308228
                ],
                [
                    -0.34657415747642517,
                    0.10517127811908722,
                    -0.9321080446243286,
                    -3.7574474811553955
                ],
                [
                    0.0,
                    0.9936946630477905,
                    0.11212019622325897,
                    0.4519709348678589
                ],
                [
                    0.0,
                    0.0,
                    0.0,
                    1.0
                ]
            ]
        },
        {
            "file_path": "/data/shapenet_blender/all_50_random/02958343/3776e4d1e2587fd3253c03b7df20edd5/r_3",
            "rotation": 0.12566370614359174,
            "transform_matrix": [
                [
                    -0.9775879979133606,
                    -0.0404786579310894,
                    0.2065993696451187,
                    0.8328286409378052
                ],
                [
                    0.21052749454975128,
                    -0.1879633218050003,
                    0.959347665309906,
                    3.8672540187835693
                ],
                [
                    0.0,
                    0.981341540813446,
                    0.19227255880832672,
                    0.7750754356384277
                ],
                [
                    0.0,
                    0.0,
                    0.0,
                    1.0
                ]
            ]
        },
        {
            "file_path": "/data/shapenet_blender/all_50_random/02958343/3776e4d1e2587fd3253c03b7df20edd5/r_4",
            "rotation": 0.12566370614359174,
            "transform_matrix": [
                [
                    -0.07611121982336044,
                    0.22511263191699982,
                    -0.9713553786277771,
                    -3.915658950805664
                ],
                [
                    -0.9970993399620056,
                    -0.017183439806103706,
                    0.07414610683917999,
                    0.2988925576210022
                ],
                [
                    -1.862645149230957e-09,
                    0.9741812348365784,
                    0.22576749324798584,
                    0.9100979566574097
                ],
                [
                    0.0,
                    0.0,
                    0.0,
                    1.0
                ]
            ]
        },
        {
            "file_path": "/data/shapenet_blender/all_50_random/02958343/3776e4d1e2587fd3253c03b7df20edd5/r_5",
            "rotation": 0.12566370614359174,
            "transform_matrix": [
                [
                    -0.9498089551925659,
                    0.30596786737442017,
                    0.06516659259796143,
                    0.26269495487213135
                ],
                [
                    0.31283068656921387,
                    0.9289723038673401,
                    0.19785724580287933,
                    0.7975881099700928
                ],
                [
                    -3.725290298461914e-09,
                    0.20831283926963806,
                    -0.9780622124671936,
                    -3.942695140838623
                ],
                [
                    0.0,
                    0.0,
                    0.0,
                    1.0
                ]
            ]
        },
        {
            "file_path": "/data/shapenet_blender/all_50_random/02958343/3776e4d1e2587fd3253c03b7df20edd5/r_6",
            "rotation": 0.12566370614359174,
            "transform_matrix": [
                [
                    -0.8535155653953552,
                    0.025517845526337624,
                    -0.5204421281814575,
                    -2.0979695320129395
                ],
                [
                    -0.5210674405097961,
                    -0.04179857671260834,
                    0.8524913191795349,
                    3.436502695083618
                ],
                [
                    0.0,
                    0.9988000988960266,
                    0.048972249031066895,
                    0.19741345942020416
                ],
                [
                    0.0,
                    0.0,
                    0.0,
                    1.0
                ]
            ]
        },
        {
            "file_path": "/data/shapenet_blender/all_50_random/02958343/3776e4d1e2587fd3253c03b7df20edd5/r_7",
            "rotation": 0.12566370614359174,
            "transform_matrix": [
                [
                    -0.35442817211151123,
                    -0.3479234278202057,
                    -0.8679457902908325,
                    -3.4988014698028564
                ],
                [
                    -0.9350832104682922,
                    0.13187474012374878,
                    0.32898080348968506,
                    1.3261640071868896
                ],
                [
                    0.0,
                    0.9282015562057495,
                    -0.3720775246620178,
                    -1.4998924732208252
                ],
                [
                    0.0,
                    0.0,
                    0.0,
                    1.0
                ]
            ]
        },
        {
            "file_path": "/data/shapenet_blender/all_50_random/02958343/3776e4d1e2587fd3253c03b7df20edd5/r_8",
            "rotation": 0.12566370614359174,
            "transform_matrix": [
                [
                    0.26278460025787354,
                    0.5473238229751587,
                    -0.7945947051048279,
                    -3.2031137943267822
                ],
                [
                    -0.9648545384407043,
                    0.14906731247901917,
                    -0.216413214802742,
                    -0.872389554977417
                ],
                [
                    -1.4901161193847656e-08,
                    0.8235383033752441,
                    0.5672605037689209,
                    2.2867002487182617
                ],
                [
                    0.0,
                    0.0,
                    0.0,
                    1.0
                ]
            ]
        },
        {
            "file_path": "/data/shapenet_blender/all_50_random/02958343/3776e4d1e2587fd3253c03b7df20edd5/r_9",
            "rotation": 0.12566370614359174,
            "transform_matrix": [
                [
                    0.9364259243011475,
                    0.004092473536729813,
                    0.35084131360054016,
                    1.414286732673645
                ],
                [
                    0.3508651852607727,
                    -0.010922424495220184,
                    -0.9363622069358826,
                    -3.774596929550171
                ],
                [
                    2.3283062977608182e-10,
                    0.9999319911003113,
                    -0.011663947254419327,
                    -0.047018878161907196
                ],
                [
                    0.0,
                    0.0,
                    0.0,
                    1.0
                ]
            ]
        },
        {
            "file_path": "/data/shapenet_blender/all_50_random/02958343/3776e4d1e2587fd3253c03b7df20edd5/r_10",
            "rotation": 0.12566370614359174,
            "transform_matrix": [
                [
                    -0.5545976161956787,
                    -0.18803304433822632,
                    0.8105953931808472,
                    3.2676148414611816
                ],
                [
                    0.8321186900138855,
                    -0.1253218799829483,
                    0.5402525663375854,
                    2.177828073501587
                ],
                [
                    7.450580596923828e-09,
                    0.9741344451904297,
                    0.22596900165081024,
                    0.9109102487564087
                ],
                [
                    0.0,
                    0.0,
                    0.0,
                    1.0
                ]
            ]
        },
        {
            "file_path": "/data/shapenet_blender/all_50_random/02958343/3776e4d1e2587fd3253c03b7df20edd5/r_11",
            "rotation": 0.12566370614359174,
            "transform_matrix": [
                [
                    -0.04826511815190315,
                    0.4569244980812073,
                    0.8881950378417969,
                    3.5804286003112793
                ],
                [
                    0.998834490776062,
                    0.02207924611866474,
                    0.042918860912323,
                    0.17301145195960999
                ],
                [
                    1.8626448161640496e-09,
                    0.8892313838005066,
                    -0.45745766162872314,
                    -1.8440706729888916
                ],
                [
                    0.0,
                    0.0,
                    0.0,
                    1.0
                ]
            ]
        },
        {
            "file_path": "/data/shapenet_blender/all_50_random/02958343/3776e4d1e2587fd3253c03b7df20edd5/r_12",
            "rotation": 0.12566370614359174,
            "transform_matrix": [
                [
                    0.37710151076316833,
                    0.05177302658557892,
                    -0.924723744392395,
                    -3.7276806831359863
                ],
                [
                    -0.9261718988418579,
                    0.021079979836940765,
                    -0.3765118718147278,
                    -1.5177679061889648
                ],
                [
                    -1.8626449271863521e-09,
                    0.9984363913536072,
                    0.05590001493692398,
                    0.22534017264842987
                ],
                [
                    0.0,
                    0.0,
                    0.0,
                    1.0
                ]
            ]
        },
        {
            "file_path": "/data/shapenet_blender/all_50_random/02958343/3776e4d1e2587fd3253c03b7df20edd5/r_13",
            "rotation": 0.12566370614359174,
            "transform_matrix": [
                [
                    -0.9733153581619263,
                    0.056874364614486694,
                    -0.2223118543624878,
                    -0.8961677551269531
                ],
                [
                    -0.22947169840335846,
                    -0.2412353903055191,
                    0.9429465532302856,
                    3.8011391162872314
                ],
                [
                    0.0,
                    0.9687986969947815,
                    0.24784913659095764,
                    0.9991118311882019
                ],
                [
                    0.0,
                    0.0,
                    0.0,
                    1.0
                ]
            ]
        },
        {
            "file_path": "/data/shapenet_blender/all_50_random/02958343/3776e4d1e2587fd3253c03b7df20edd5/r_14",
            "rotation": 0.12566370614359174,
            "transform_matrix": [
                [
                    -0.3471086025238037,
                    0.4280744194984436,
                    0.8344266414642334,
                    3.3636813163757324
                ],
                [
                    0.9378248453140259,
                    0.15843930840492249,
                    0.30883875489234924,
                    1.2449688911437988
                ],
                [
                    0.0,
                    0.8897466659545898,
                    -0.4564545452594757,
                    -1.840027093887329
                ],
                [
                    0.0,
                    0.0,
                    0.0,
                    1.0
                ]
            ]
        },
        {
            "file_path": "/data/shapenet_blender/all_50_random/02958343/3776e4d1e2587fd3253c03b7df20edd5/r_15",
            "rotation": 0.12566370614359174,
            "transform_matrix": [
                [
                    0.5589127540588379,
                    -0.23966827988624573,
                    0.7938359975814819,
                    3.2000555992126465
                ],
                [
                    0.8292264938354492,
                    0.16154049336910248,
                    -0.5350589156150818,
                    -2.1568918228149414
                ],
                [
                    0.0,
                    0.9573211669921875,
                    0.28902631998062134,
                    1.165102481842041
                ],
                [
                    0.0,
                    0.0,
                    0.0,
                    1.0
                ]
            ]
        },
        {
            "file_path": "/data/shapenet_blender/all_50_random/02958343/3776e4d1e2587fd3253c03b7df20edd5/r_16",
            "rotation": 0.12566370614359174,
            "transform_matrix": [
                [
                    -0.9166575074195862,
                    -0.027315625920891762,
                    0.3987392783164978,
                    1.6073694229125977
                ],
                [
                    0.3996738791465759,
                    -0.06264876574277878,
                    0.9145140051841736,
                    3.686523914337158
                ],
                [
                    1.862645371275562e-09,
                    0.9976617693901062,
                    0.06834478676319122,
                    0.2755066454410553
                ],
                [
                    0.0,
                    0.0,
                    0.0,
                    1.0
                ]
            ]
        },
        {
            "file_path": "/data/shapenet_blender/all_50_random/02958343/3776e4d1e2587fd3253c03b7df20edd5/r_17",
            "rotation": 0.12566370614359174,
            "transform_matrix": [
                [
                    -0.8411242961883545,
                    -0.14737877249717712,
                    -0.5203742384910583,
                    -2.097695827484131
                ],
                [
                    -0.5408418774604797,
                    0.22920536994934082,
                    0.8092927932739258,
                    3.262363910675049
                ],
                [
                    -7.450580596923828e-09,
                    0.9621561765670776,
                    -0.27249875664711,
                    -1.0984777212142944
                ],
                [
                    0.0,
                    0.0,
                    0.0,
                    1.0
                ]
            ]
        },
        {
            "file_path": "/data/shapenet_blender/all_50_random/02958343/3776e4d1e2587fd3253c03b7df20edd5/r_18",
            "rotation": 0.12566370614359174,
            "transform_matrix": [
                [
                    -0.9246355891227722,
                    0.33756154775619507,
                    -0.17635557055473328,
                    -0.7109121084213257
                ],
                [
                    -0.38085317611694336,
                    -0.8195322155952454,
                    0.42815619707107544,
                    1.7259529829025269
                ],
                [
                    0.0,
                    0.4630538821220398,
                    0.8863299489021301,
                    3.5729105472564697
                ],
                [
                    0.0,
                    0.0,
                    0.0,
                    1.0
                ]
            ]
        },
        {
            "file_path": "/data/shapenet_blender/all_50_random/02958343/3776e4d1e2587fd3253c03b7df20edd5/r_19",
            "rotation": 0.12566370614359174,
            "transform_matrix": [
                [
                    -0.944728672504425,
                    -0.23637628555297852,
                    0.2271871417760849,
                    0.9158206582069397
                ],
                [
                    0.3278532326221466,
                    -0.6811323761940002,
                    0.6546533107757568,
                    2.6389918327331543
                ],
                [
                    0.0,
                    0.6929537653923035,
                    0.720982015132904,
                    2.9063713550567627
                ],
                [
                    0.0,
                    0.0,
                    0.0,
                    1.0
                ]
            ]
        },
        {
            "file_path": "/data/shapenet_blender/all_50_random/02958343/3776e4d1e2587fd3253c03b7df20edd5/r_20",
            "rotation": 0.12566370614359174,
            "transform_matrix": [
                [
                    -0.7001425623893738,
                    0.6061800718307495,
                    -0.3772875666618347,
                    -1.5208948850631714
                ],
                [
                    -0.7140030264854431,
                    -0.5944126844406128,
                    0.36996355652809143,
                    1.4913707971572876
                ],
                [
                    2.980232594040899e-08,
                    0.5284116864204407,
                    0.8489882349967957,
                    3.4223809242248535
                ],
                [
                    0.0,
                    0.0,
                    0.0,
                    1.0
                ]
            ]
        },
        {
            "file_path": "/data/shapenet_blender/all_50_random/02958343/3776e4d1e2587fd3253c03b7df20edd5/r_21",
            "rotation": 0.12566370614359174,
            "transform_matrix": [
                [
                    0.5301831960678101,
                    0.24227602779865265,
                    -0.8125317692756653,
                    -3.275420665740967
                ],
                [
                    -0.8478830456733704,
                    0.15149575471878052,
                    -0.5080779790878296,
                    -2.048128128051758
                ],
                [
                    -7.450580596923828e-09,
                    0.9583064913749695,
                    0.28574222326278687,
                    1.1518638134002686
                ],
                [
                    0.0,
                    0.0,
                    0.0,
                    1.0
                ]
            ]
        },
        {
            "file_path": "/data/shapenet_blender/all_50_random/02958343/3776e4d1e2587fd3253c03b7df20edd5/r_22",
            "rotation": 0.12566370614359174,
            "transform_matrix": [
                [
                    0.940415620803833,
                    -0.05166617035865784,
                    0.33607882261276245,
                    1.354777216911316
                ],
                [
                    0.34002700448036194,
                    0.14289355278015137,
                    -0.9294960498809814,
                    -3.7469186782836914
                ],
                [
                    0.0,
                    0.9883885383605957,
                    0.1519472301006317,
                    0.6125189065933228
                ],
                [
                    0.0,
                    0.0,
                    0.0,
                    1.0
                ]
            ]
        },
        {
            "file_path": "/data/shapenet_blender/all_50_random/02958343/3776e4d1e2587fd3253c03b7df20edd5/r_23",
            "rotation": 0.12566370614359174,
            "transform_matrix": [
                [
                    -0.3582049608230591,
                    -0.26675963401794434,
                    0.894722580909729,
                    3.6067421436309814
                ],
                [
                    0.9336430430412292,
                    -0.10234598815441132,
                    0.3432725667953491,
                    1.3837759494781494
                ],
                [
                    0.0,
                    0.958313524723053,
                    0.285719096660614,
                    1.1517704725265503
                ],
                [
                    0.0,
                    0.0,
                    0.0,
                    1.0
                ]
            ]
        },
        {
            "file_path": "/data/shapenet_blender/all_50_random/02958343/3776e4d1e2587fd3253c03b7df20edd5/r_24",
            "rotation": 0.12566370614359174,
            "transform_matrix": [
                [
                    -0.5200228095054626,
                    0.7170745134353638,
                    -0.4640909731388092,
                    -1.8708105087280273
                ],
                [
                    -0.8541524410247803,
                    -0.43656742572784424,
                    0.28254663944244385,
                    1.1389819383621216
                ],
                [
                    -1.4901162970204496e-08,
                    0.5433350205421448,
                    0.8395159244537354,
                    3.3841969966888428
                ],
                [
                    0.0,
                    0.0,
                    0.0,
                    1.0
                ]
            ]
        },
        {
            "file_path": "/data/shapenet_blender/all_50_random/02958343/3776e4d1e2587fd3253c03b7df20edd5/r_25",
            "rotation": 0.12566370614359174,
            "transform_matrix": [
                [
                    -0.643471360206604,
                    0.2609814405441284,
                    -0.719606339931488,
                    -2.9008259773254395
                ],
                [
                    -0.7654702067375183,
                    -0.21938683092594147,
                    0.6049171686172485,
                    2.4384992122650146
                ],
                [
                    0.0,
                    0.9400840401649475,
                    0.3409426510334015,
                    1.374383807182312
                ],
                [
                    0.0,
                    0.0,
                    0.0,
                    1.0
                ]
            ]
        },
        {
            "file_path": "/data/shapenet_blender/all_50_random/02958343/3776e4d1e2587fd3253c03b7df20edd5/r_26",
            "rotation": 0.12566370614359174,
            "transform_matrix": [
                [
                    0.9758927822113037,
                    -0.030209392309188843,
                    -0.2161494344472885,
                    -0.8713263273239136
                ],
                [
                    -0.2182503044605255,
                    -0.13507942855358124,
                    -0.9664989113807678,
                    -3.8960819244384766
                ],
                [
                    1.8626450382086546e-09,
                    0.9903742074966431,
                    -0.13841623067855835,
                    -0.5579737424850464
                ],
                [
                    0.0,
                    0.0,
                    0.0,
                    1.0
                ]
            ]
        },
        {
            "file_path": "/data/shapenet_blender/all_50_random/02958343/3776e4d1e2587fd3253c03b7df20edd5/r_27",
            "rotation": 0.12566370614359174,
            "transform_matrix": [
                [
                    0.5904471278190613,
                    -0.31254297494888306,
                    0.7441028356552124,
                    2.9995741844177246
                ],
                [
                    0.8070762753486633,
                    0.22865265607833862,
                    -0.5443766117095947,
                    -2.1944520473480225
                ],
                [
                    0.0,
                    0.9219732284545898,
                    0.38725343346595764,
                    1.5610682964324951
                ],
                [
                    0.0,
                    0.0,
                    0.0,
                    1.0
                ]
            ]
        },
        {
            "file_path": "/data/shapenet_blender/all_50_random/02958343/3776e4d1e2587fd3253c03b7df20edd5/r_28",
            "rotation": 0.12566370614359174,
            "transform_matrix": [
                [
                    0.6941192150115967,
                    -0.5629040002822876,
                    0.44870659708976746,
                    1.8087942600250244
                ],
                [
                    0.7198600172996521,
                    0.5427756309509277,
                    -0.4326617121696472,
                    -1.7441152334213257
                ],
                [
                    0.0,
                    0.6233247518539429,
                    0.7819629907608032,
                    3.152193784713745
                ],
                [
                    0.0,
                    0.0,
                    0.0,
                    1.0
                ]
            ]
        },
        {
            "file_path": "/data/shapenet_blender/all_50_random/02958343/3776e4d1e2587fd3253c03b7df20edd5/r_29",
            "rotation": 0.12566370614359174,
            "transform_matrix": [
                [
                    0.6840229630470276,
                    -0.00010144114639842883,
                    -0.7294604778289795,
                    -2.94054913520813
                ],
                [
                    -0.7294604778289795,
                    -9.512245742371306e-05,
                    -0.6840229630470276,
                    -2.757384777069092
                ],
                [
                    0.0,
                    1.0,
                    -0.00013906325330026448,
                    -0.0005605819169431925
                ],
                [
                    0.0,
                    0.0,
                    0.0,
                    1.0
                ]
            ]
        },
        {
            "file_path": "/data/shapenet_blender/all_50_random/02958343/3776e4d1e2587fd3253c03b7df20edd5/r_30",
            "rotation": 0.12566370614359174,
            "transform_matrix": [
                [
                    0.6875602006912231,
                    -0.09819978475570679,
                    0.7194566130638123,
                    2.9002223014831543
                ],
                [
                    0.7261273860931396,
                    0.09298404306173325,
                    -0.6812437176704407,
                    -2.7461812496185303
                ],
                [
                    0.0,
                    0.9908131957054138,
                    0.1352376788854599,
                    0.5451605319976807
                ],
                [
                    0.0,
                    0.0,
                    0.0,
                    1.0
                ]
            ]
        },
        {
            "file_path": "/data/shapenet_blender/all_50_random/02958343/3776e4d1e2587fd3253c03b7df20edd5/r_31",
            "rotation": 0.12566370614359174,
            "transform_matrix": [
                [
                    0.11879369616508484,
                    -0.699884295463562,
                    -0.7043081521987915,
                    -2.8391571044921875
                ],
                [
                    -0.9929189682006836,
                    -0.08373476564884186,
                    -0.08426403999328613,
                    -0.3396792411804199
                ],
                [
                    0.0,
                    0.7093308568000793,
                    -0.7048755288124084,
                    -2.841444492340088
                ],
                [
                    0.0,
                    0.0,
                    0.0,
                    1.0
                ]
            ]
        },
        {
            "file_path": "/data/shapenet_blender/all_50_random/02958343/3776e4d1e2587fd3253c03b7df20edd5/r_32",
            "rotation": 0.12566370614359174,
            "transform_matrix": [
                [
                    0.3587301969528198,
                    -0.3404676616191864,
                    -0.869134247303009,
                    -3.5035922527313232
                ],
                [
                    -0.9334413409233093,
                    -0.13084490597248077,
                    -0.3340164124965668,
                    -1.3464632034301758
                ],
                [
                    -7.450580596923828e-09,
                    0.9311075806617737,
                    -0.3647446036338806,
                    -1.4703325033187866
                ],
                [
                    0.0,
                    0.0,
                    0.0,
                    1.0
                ]
            ]
        },
        {
            "file_path": "/data/shapenet_blender/all_50_random/02958343/3776e4d1e2587fd3253c03b7df20edd5/r_33",
            "rotation": 0.12566370614359174,
            "transform_matrix": [
                [
                    -0.4940015971660614,
                    -0.17333941161632538,
                    0.8520069718360901,
                    3.4345500469207764
                ],
                [
                    0.8694611191749573,
                    -0.09848623722791672,
                    0.48408469557762146,
                    1.951407790184021
                ],
                [
                    7.450581485102248e-09,
                    0.9799254536628723,
                    0.19936423003673553,
                    0.803662896156311
                ],
                [
                    0.0,
                    0.0,
                    0.0,
                    1.0
                ]
            ]
        },
        {
            "file_path": "/data/shapenet_blender/all_50_random/02958343/3776e4d1e2587fd3253c03b7df20edd5/r_34",
            "rotation": 0.12566370614359174,
            "transform_matrix": [
                [
                    -0.21916884183883667,
                    0.4902198016643524,
                    0.843593180179596,
                    3.4006330966949463
                ],
                [
                    0.9756870269775391,
                    0.11011821031570435,
                    0.18949656188488007,
                    0.7638851404190063
                ],
                [
                    -7.450581485102248e-09,
                    0.8646145462989807,
                    -0.5024355053901672,
                    -2.0253825187683105
                ],
                [
                    0.0,
                    0.0,
                    0.0,
                    1.0
                ]
            ]
        },
        {
            "file_path": "/data/shapenet_blender/all_50_random/02958343/3776e4d1e2587fd3253c03b7df20edd5/r_35",
            "rotation": 0.12566370614359174,
            "transform_matrix": [
                [
                    0.9847336411476135,
                    -0.07995699346065521,
                    0.1546172797679901,
                    0.6232821941375732
                ],
                [
                    0.17406785488128662,
                    0.4523312449455261,
                    -0.8746981024742126,
                    -3.5260207653045654
                ],
                [
                    0.0,
                    0.8882586359977722,
                    0.4593437612056732,
                    1.85167396068573
                ],
                [
                    0.0,
                    0.0,
                    0.0,
                    1.0
                ]
            ]
        },
        {
            "file_path": "/data/shapenet_blender/all_50_random/02958343/3776e4d1e2587fd3253c03b7df20edd5/r_36",
            "rotation": 0.12566370614359174,
            "transform_matrix": [
                [
                    0.21440044045448303,
                    -0.21558181941509247,
                    -0.9526578187942505,
                    -3.8402864933013916
                ],
                [
                    -0.9767458438873291,
                    -0.04732125625014305,
                    -0.2091130167245865,
                    -0.8429615497589111
                ],
                [
                    0.0,
                    0.9753384590148926,
                    -0.22071434557437897,
                    -0.8897280097007751
                ],
                [
                    0.0,
                    0.0,
                    0.0,
                    1.0
                ]
            ]
        },
        {
            "file_path": "/data/shapenet_blender/all_50_random/02958343/3776e4d1e2587fd3253c03b7df20edd5/r_37",
            "rotation": 0.12566370614359174,
            "transform_matrix": [
                [
                    -0.95503830909729,
                    -0.2424764484167099,
                    -0.17060790956020355,
                    -0.6877424716949463
                ],
                [
                    -0.29648250341415405,
                    0.7810723781585693,
                    0.5495672821998596,
                    2.215376615524292
                ],
                [
                    0.0,
                    0.575439989566803,
                    -0.8178439140319824,
                    -3.2968342304229736
                ],
                [
                    0.0,
                    0.0,
                    0.0,
                    1.0
                ]
            ]
        },
        {
            "file_path": "/data/shapenet_blender/all_50_random/02958343/3776e4d1e2587fd3253c03b7df20edd5/r_38",
            "rotation": 0.12566370614359174,
            "transform_matrix": [
                [
                    -0.9656544923782349,
                    0.01964774914085865,
                    -0.25908586382865906,
                    -1.0444085597991943
                ],
                [
                    -0.2598297894001007,
                    -0.07302063703536987,
                    0.9628896117210388,
                    3.8815321922302246
                ],
                [
                    -1.862645371275562e-09,
                    0.9971368312835693,
                    0.07561776787042618,
                    0.30482497811317444
                ],
                [
                    0.0,
                    0.0,
                    0.0,
                    1.0
                ]
            ]
        },
        {
            "file_path": "/data/shapenet_blender/all_50_random/02958343/3776e4d1e2587fd3253c03b7df20edd5/r_39",
            "rotation": 0.12566370614359174,
            "transform_matrix": [
                [
                    0.9477254748344421,
                    -0.07043056190013885,
                    0.31121689081192017,
                    1.254555344581604
                ],
                [
                    0.31908684968948364,
                    0.20918704569339752,
                    -0.9243507981300354,
                    -3.7261769771575928
                ],
                [
                    0.0,
                    0.9753358364105225,
                    0.220725417137146,
                    0.8897725939750671
                ],
                [
                    0.0,
                    0.0,
                    0.0,
                    1.0
                ]
            ]
        },
        {
            "file_path": "/data/shapenet_blender/all_50_random/02958343/3776e4d1e2587fd3253c03b7df20edd5/r_40",
            "rotation": 0.12566370614359174,
            "transform_matrix": [
                [
                    -0.20816758275032043,
                    -0.1073211133480072,
                    -0.972187340259552,
                    -3.9190127849578857
                ],
                [
                    -0.9780932068824768,
                    0.02284115180373192,
                    0.2069106251001358,
                    0.8340834975242615
                ],
                [
                    0.0,
                    0.9939619302749634,
                    -0.10972482711076736,
                    -0.4423149526119232
                ],
                [
                    0.0,
                    0.0,
                    0.0,
                    1.0
                ]
            ]
        },
        {
            "file_path": "/data/shapenet_blender/all_50_random/02958343/3776e4d1e2587fd3253c03b7df20edd5/r_41",
            "rotation": 0.12566370614359174,
            "transform_matrix": [
                [
                    -0.3545650243759155,
                    0.39624205231666565,
                    -0.8469215035438538,
                    -3.4140493869781494
                ],
                [
                    -0.9350314140319824,
                    -0.1502554565668106,
                    0.3211536407470703,
                    1.2946115732192993
                ],
                [
                    0.0,
                    0.9057679772377014,
