{
    "class": "02958343",
    "model": "5503658520e08b519b58a6529594c9d",
    "remove_doubles": true,
    "edge_split": true,
    "denoise": true,
    "camera_angle_x": 0.6911112070083618,
    "scale_factor": 2.23764446571908,
    "hdri_file": "/data/IndoorHDRDataset2018/AG8A2294-51a6cdc9f8.exr",
    "center_offset": [
        0.0,
        -1.862645149230957e-09,
        -3.725290298461914e-09
    ],
    "lights": [],
    "frames": [
        {
            "file_path": "/data/shapenet_blender/all_50_random/02958343/5503658520e08b519b58a6529594c9d/r_0",
            "rotation": 0.12566370614359174,
            "transform_matrix": [
                [
                    0.9825997352600098,
                    -0.031190358102321625,
                    -0.18309839069843292,
                    -0.7380931973457336
                ],
                [
                    -0.18573600053787231,
                    -0.16500644385814667,
                    -0.9686459302902222,
                    -3.9047367572784424
                ],
                [
                    0.0,
                    0.9857991933822632,
                    -0.16792844235897064,
                    -0.6769412159919739
                ],
                [
                    0.0,
                    0.0,
                    0.0,
                    1.0
                ]
            ]
        },
        {
            "file_path": "/data/shapenet_blender/all_50_random/02958343/5503658520e08b519b58a6529594c9d/r_1",
            "rotation": 0.12566370614359174,
            "transform_matrix": [
                [
                    0.6869450211524963,
                    -0.5953835844993591,
                    -0.41668322682380676,
                    -1.679703950881958
                ],
                [
                    -0.7267093658447266,
                    -0.56280517578125,
                    -0.39388301968574524,
                    -1.5877933502197266
                ],
                [
                    0.0,
                    0.573383629322052,
                    -0.8192868828773499,
                    -3.3026514053344727
                ],
                [
                    0.0,
                    0.0,
                    0.0,
                    1.0
                ]
            ]
        },
        {
            "file_path": "/data/shapenet_blender/all_50_random/02958343/5503658520e08b519b58a6529594c9d/r_2",
            "rotation": 0.12566370614359174,
            "transform_matrix": [
                [
                    -0.5010626316070557,
                    0.04530772939324379,
                    -0.8642241358757019,
                    -3.4837989807128906
                ],
                [
                    -0.8654110431671143,
                    -0.026232633739709854,
                    0.5003754496574402,
                    2.017077922821045
                ],
                [
                    1.862645149230957e-09,
                    0.998628556728363,
                    0.05235399678349495,
                    0.21104571223258972
                ],
                [
                    0.0,
                    0.0,
                    0.0,
                    1.0
                ]
            ]
        },
        {
            "file_path": "/data/shapenet_blender/all_50_random/02958343/5503658520e08b519b58a6529594c9d/r_3",
            "rotation": 0.12566370614359174,
            "transform_matrix": [
                [
                    -0.9914892315864563,
                    -0.07743719965219498,
                    0.1046549379825592,
                    0.42187756299972534
                ],
                [
                    0.13018900156021118,
                    -0.5897437334060669,
                    0.7970277070999146,
                    3.212921380996704
                ],
                [
                    0.0,
                    0.8038692474365234,
                    0.5948060750961304,
                    2.397739887237549
                ],
                [
                    0.0,
                    0.0,
                    0.0,
                    1.0
                ]
            ]
        },
        {
            "file_path": "/data/shapenet_blender/all_50_random/02958343/5503658520e08b519b58a6529594c9d/r_4",
            "rotation": 0.12566370614359174,
            "transform_matrix": [
                [
                    -0.48928403854370117,
                    -0.3050564229488373,
                    0.8170322775840759,
                    3.293562412261963
                ],
                [
                    0.8721244931221008,
                    -0.17114441096782684,
                    0.4583759009838104,
                    1.8477723598480225
                ],
                [
                    0.0,
                    0.9368298053741455,
                    0.3497854173183441,
                    1.4100301265716553
                ],
                [
                    0.0,
                    0.0,
                    0.0,
                    1.0
                ]
            ]
        },
        {
            "file_path": "/data/shapenet_blender/all_50_random/02958343/5503658520e08b519b58a6529594c9d/r_5",
            "rotation": 0.12566370614359174,
            "transform_matrix": [
                [
                    0.9479429721832275,
                    0.11848604679107666,
                    0.29557594656944275,
                    1.191504716873169
                ],
                [
                    0.3184400498867035,
                    -0.3527131974697113,
                    -0.8798803091049194,
                    -3.5469110012054443
                ],
                [
                    0.0,
                    0.9281995296478271,
                    -0.3720827102661133,
                    -1.4999133348464966
                ],
                [
                    0.0,
                    0.0,
                    0.0,
                    1.0
                ]
            ]
        },
        {
            "file_path": "/data/shapenet_blender/all_50_random/02958343/5503658520e08b519b58a6529594c9d/r_6",
            "rotation": 0.12566370614359174,
            "transform_matrix": [
                [
                    -0.28807732462882996,
                    -0.08559248596429825,
                    0.9537742733955383,
                    3.844787120819092
                ],
                [
                    0.9576071500778198,
                    -0.02574882097542286,
                    0.28692427277565,
                    1.1566287279129028
                ],
                [
                    0.0,
                    0.9959973096847534,
                    0.089381642639637,
                    0.3603089153766632
                ],
                [
                    0.0,
                    0.0,
                    0.0,
                    1.0
                ]
            ]
        },
        {
            "file_path": "/data/shapenet_blender/all_50_random/02958343/5503658520e08b519b58a6529594c9d/r_7",
            "rotation": 0.12566370614359174,
            "transform_matrix": [
                [
                    0.1513623744249344,
                    -0.4454082250595093,
                    0.8824402689933777,
                    3.5572307109832764
                ],
                [
                    0.9884783029556274,
                    0.068203866481781,
                    -0.13512511551380157,
                    -0.5447068214416504
                ],
                [
                    3.725290076417309e-09,
                    0.8927260637283325,
                    0.4505998492240906,
                    1.816426157951355
                ],
                [
                    0.0,
                    0.0,
                    0.0,
                    1.0
                ]
            ]
        },
        {
            "file_path": "/data/shapenet_blender/all_50_random/02958343/5503658520e08b519b58a6529594c9d/r_8",
            "rotation": 0.12566370614359174,
            "transform_matrix": [
                [
                    0.4881690442562103,
                    0.397437185049057,
                    0.7770035862922668,
                    3.132201910018921
                ],
                [
                    0.8727491497993469,
                    -0.2223050445318222,
                    -0.4346141219139099,
                    -1.7519856691360474
                ],
                [
                    0.0,
                    0.8902944326400757,
                    -0.45538529753685,
                    -1.835716962814331
                ],
                [
                    0.0,
                    0.0,
                    0.0,
                    1.0
                ]
            ]
        },
        {
            "file_path": "/data/shapenet_blender/all_50_random/02958343/5503658520e08b519b58a6529594c9d/r_9",
            "rotation": 0.12566370614359174,
            "transform_matrix": [
                [
                    -0.9624207019805908,
                    -0.09300650656223297,
                    0.25513944029808044,
                    1.0285000801086426
                ],
                [
                    0.2715628147125244,
                    -0.3296157717704773,
                    0.9042162299156189,
                    3.645012378692627
                ],
                [
                    0.0,
                    0.9395228624343872,
                    0.3424861431121826,
                    1.380605936050415
                ],
                [
                    0.0,
                    0.0,
                    0.0,
                    1.0
                ]
            ]
        },
        {
            "file_path": "/data/shapenet_blender/all_50_random/02958343/5503658520e08b519b58a6529594c9d/r_10",
            "rotation": 0.12566370614359174,
            "transform_matrix": [
                [
                    -0.06923545151948929,
                    0.628419816493988,
                    0.7747870087623596,
                    3.1232662200927734
                ],
                [
                    0.9976004362106323,
                    0.04361358657479286,
                    0.05377176031470299,
                    0.21676090359687805
                ],
                [
                    0.0,
                    0.7766505479812622,
                    -0.6299315094947815,
                    -2.539335250854492
                ],
                [
                    0.0,
                    0.0,
                    0.0,
                    1.0
                ]
            ]
        },
        {
            "file_path": "/data/shapenet_blender/all_50_random/02958343/5503658520e08b519b58a6529594c9d/r_11",
            "rotation": 0.12566370614359174,
            "transform_matrix": [
                [
                    -0.9958483576774597,
                    0.03562422841787338,
                    -0.0837671309709549,
                    -0.33767610788345337
                ],
                [
                    -0.09102756530046463,
                    -0.3897317051887512,
                    0.9164186716079712,
                    3.694201707839966
                ],
                [
                    0.0,
                    0.9202392101287842,
                    0.39135652780532837,
                    1.577608585357666
                ],
                [
                    0.0,
                    0.0,
                    0.0,
                    1.0
                ]
            ]
        },
        {
            "file_path": "/data/shapenet_blender/all_50_random/02958343/5503658520e08b519b58a6529594c9d/r_12",
            "rotation": 0.12566370614359174,
            "transform_matrix": [
                [
                    0.8332958221435547,
                    -0.24222587049007416,
                    -0.4969352185726166,
                    -2.0032100677490234
                ],
                [
                    -0.5528272986412048,
                    -0.3651154637336731,
                    -0.7490477561950684,
                    -3.0195083618164062
                ],
                [
                    1.4901161193847656e-08,
                    0.8988977074623108,
                    -0.4381583034992218,
                    -1.766272783279419
                ],
                [
                    0.0,
                    0.0,
                    0.0,
                    1.0
                ]
            ]
        },
        {
            "file_path": "/data/shapenet_blender/all_50_random/02958343/5503658520e08b519b58a6529594c9d/r_13",
            "rotation": 0.12566370614359174,
            "transform_matrix": [
                [
                    -0.8895822167396545,
                    -0.43076103925704956,
                    -0.1519487053155899,
                    -0.6125248670578003
                ],
                [
                    -0.456775039434433,
                    0.8389192223548889,
                    0.2959243357181549,
                    1.1929092407226562
                ],
                [
                    1.4901159417490817e-08,
                    0.33265531063079834,
                    -0.9430484175682068,
                    -3.8015499114990234
                ],
                [
                    0.0,
                    0.0,
                    0.0,
                    1.0
                ]
            ]
        },
        {
            "file_path": "/data/shapenet_blender/all_50_random/02958343/5503658520e08b519b58a6529594c9d/r_14",
            "rotation": 0.12566370614359174,
            "transform_matrix": [
                [
                    -0.8839288353919983,
                    -0.017174867913126945,
                    0.467305988073349,
                    1.8837707042694092
                ],
                [
                    0.46762150526046753,
                    -0.03246505558490753,
                    0.883332371711731,
                    3.5608267784118652
                ],
                [
                    -1.862645149230957e-09,
                    0.9993252754211426,
                    0.036728136241436005,
                    0.14805585145950317
                ],
                [
                    0.0,
                    0.0,
                    0.0,
                    1.0
                ]
            ]
        },
        {
            "file_path": "/data/shapenet_blender/all_50_random/02958343/5503658520e08b519b58a6529594c9d/r_15",
            "rotation": 0.12566370614359174,
            "transform_matrix": [
                [
                    0.26463526487350464,
                    -0.03258783370256424,
                    0.9637976884841919,
                    3.885193109512329
                ],
                [
                    0.9643486738204956,
                    0.008942710235714912,
                    -0.26448407769203186,
                    -1.0661695003509521
                ],
                [
                    0.0,
                    0.9994288682937622,
                    0.03379258140921593,
                    0.13622227311134338
                ],
                [
                    0.0,
                    0.0,
                    0.0,
                    1.0
                ]
            ]
        },
        {
            "file_path": "/data/shapenet_blender/all_50_random/02958343/5503658520e08b519b58a6529594c9d/r_16",
            "rotation": 0.12566370614359174,
            "transform_matrix": [
                [
                    -0.4690151512622833,
                    0.39455047249794006,
                    0.7901611328125,
                    3.185241460800171
                ],
                [
                    0.8831900954246521,
                    0.2095247209072113,
                    0.41961243748664856,
                    1.691511869430542
                ],
                [
                    -1.4901161193847656e-08,
                    0.8946670889854431,
                    -0.44673335552215576,
                    -1.8008397817611694
                ],
                [
                    0.0,
                    0.0,
                    0.0,
                    1.0
                ]
            ]
        },
        {
            "file_path": "/data/shapenet_blender/all_50_random/02958343/5503658520e08b519b58a6529594c9d/r_17",
            "rotation": 0.12566370614359174,
            "transform_matrix": [
                [
                    -0.6524478197097778,
                    -0.6126205325126648,
                    0.4461027979850769,
                    1.7982978820800781
                ],
                [
                    0.7578335404396057,
                    -0.5274284482002258,
                    0.38406693935394287,
                    1.5482233762741089
                ],
                [
                    2.9802320611338473e-08,
                    0.5886552929878235,
                    0.808384120464325,
                    3.2587006092071533
                ],
                [
                    0.0,
                    0.0,
                    0.0,
                    1.0
                ]
            ]
        },
        {
            "file_path": "/data/shapenet_blender/all_50_random/02958343/5503658520e08b519b58a6529594c9d/r_18",
            "rotation": 0.12566370614359174,
            "transform_matrix": [
                [
                    0.9569987058639526,
                    0.07322415709495544,
                    0.2806987166404724,
                    1.1315326690673828
                ],
                [
                    0.2900923192501068,
                    -0.24156247079372406,
                    -0.9260097146034241,
                    -3.7328646183013916
                ],
                [
                    -7.450580596923828e-09,
                    0.9676186442375183,
                    -0.2524167001247406,
                    -1.017524242401123
                ],
                [
                    0.0,
                    0.0,
                    0.0,
                    1.0
                ]
            ]
        },
        {
            "file_path": "/data/shapenet_blender/all_50_random/02958343/5503658520e08b519b58a6529594c9d/r_19",
            "rotation": 0.12566370614359174,
            "transform_matrix": [
                [
                    0.9739059209823608,
                    -0.07419805973768234,
                    -0.21448086202144623,
                    -0.8646000027656555
                ],
                [
                    -0.2269524186849594,
                    -0.3184012472629547,
                    -0.9203875660896301,
                    -3.7102010250091553
                ],
                [
                    0.0,
                    0.9450477361679077,
                    -0.32693222165107727,
                    -1.3179059028625488
                ],
                [
                    0.0,
                    0.0,
                    0.0,
                    1.0
                ]
            ]
        },
        {
            "file_path": "/data/shapenet_blender/all_50_random/02958343/5503658520e08b519b58a6529594c9d/r_20",
            "rotation": 0.12566370614359174,
            "transform_matrix": [
                [
                    -0.8444554805755615,
                    0.3937350809574127,
                    -0.36313581466674805,
                    -1.463847279548645
                ],
                [
                    -0.5356257557868958,
                    -0.620753824710846,
                    0.5725117325782776,
                    2.307868719100952
                ],
                [
                    1.4901162970204496e-08,
                    0.6779655814170837,
                    0.7350935935974121,
                    2.963257074356079
                ],
                [
                    0.0,
                    0.0,
                    0.0,
                    1.0
                ]
            ]
        },
        {
            "file_path": "/data/shapenet_blender/all_50_random/02958343/5503658520e08b519b58a6529594c9d/r_21",
            "rotation": 0.12566370614359174,
            "transform_matrix": [
                [
                    -0.8956709504127502,
                    0.03876403719186783,
                    -0.44302478432655334,
                    -1.7858898639678955
                ],
                [
                    -0.4447174370288849,
                    -0.07807165384292603,
                    0.8922619223594666,
                    3.596822500228882
                ],
                [
                    -3.725290298461914e-09,
                    0.9961937069892883,
                    0.08716556429862976,
                    0.3513755798339844
                ],
                [
                    0.0,
                    0.0,
                    0.0,
                    1.0
                ]
            ]
        },
        {
            "file_path": "/data/shapenet_blender/all_50_random/02958343/5503658520e08b519b58a6529594c9d/r_22",
            "rotation": 0.12566370614359174,
            "transform_matrix": [
                [
                    0.9890294075012207,
                    -0.07176250219345093,
                    -0.1291162073612213,
                    -0.5204840898513794
                ],
                [
                    -0.14771883189678192,
                    -0.48047515749931335,
                    -0.8644782900810242,
                    -3.48482346534729
                ],
                [
                    0.0,
                    0.8740673065185547,
                    -0.4858047664165497,
                    -1.9583415985107422
                ],
                [
                    0.0,
                    0.0,
                    0.0,
                    1.0
                ]
            ]
        },
        {
            "file_path": "/data/shapenet_blender/all_50_random/02958343/5503658520e08b519b58a6529594c9d/r_23",
            "rotation": 0.12566370614359174,
            "transform_matrix": [
                [
                    -0.09181956201791763,
                    0.19081926345825195,
                    -0.977321445941925,
                    -3.939708709716797
                ],
                [
                    -0.9957756996154785,
                    -0.01759526878595352,
                    0.090117909014225,
                    0.3632768988609314
                ],
                [
                    -1.862645149230957e-09,
                    0.9814675450325012,
                    0.19162878394126892,
                    0.772480309009552
                ],
                [
                    0.0,
                    0.0,
                    0.0,
                    1.0
                ]
            ]
        },
        {
            "file_path": "/data/shapenet_blender/all_50_random/02958343/5503658520e08b519b58a6529594c9d/r_24",
            "rotation": 0.12566370614359174,
            "transform_matrix": [
                [
                    0.9742913842201233,
                    -0.11206415295600891,
                    -0.19544310867786407,
                    -0.7878564596176147
                ],
                [
                    -0.22529180347919464,
                    -0.4846298396587372,
                    -0.845208466053009,
                    -3.407144546508789
                ],
                [
                    7.450581485102248e-09,
                    0.867510974407196,
                    -0.4974178373813629,
                    -2.005155563354492
                ],
                [
                    0.0,
                    0.0,
                    0.0,
                    1.0
                ]
            ]
        },
        {
            "file_path": "/data/shapenet_blender/all_50_random/02958343/5503658520e08b519b58a6529594c9d/r_25",
            "rotation": 0.12566370614359174,
            "transform_matrix": [
                [
                    -0.9973018765449524,
                    0.047200046479701996,
                    0.05622458830475807,
                    0.22664856910705566
                ],
                [
                    0.07341013848781586,
                    0.6412287950515747,
                    0.7638302445411682,
                    3.0790982246398926
                ],
                [
                    -3.725290298461914e-09,
                    0.765896737575531,
                    -0.6429635882377625,
                    -2.5918691158294678
                ],
                [
                    0.0,
                    0.0,
                    0.0,
                    1.0
                ]
            ]
        },
        {
            "file_path": "/data/shapenet_blender/all_50_random/02958343/5503658520e08b519b58a6529594c9d/r_26",
            "rotation": 0.12566370614359174,
            "transform_matrix": [
                [
                    -0.9836443662643433,
                    0.01875379867851734,
                    0.17914307117462158,
                    0.7221488356590271
                ],
                [
                    0.1801220327615738,
                    0.10241428017616272,
                    0.9782981872558594,
                    3.943646192550659
                ],
                [
                    -1.862645371275562e-09,
                    0.994564950466156,
                    -0.10411719977855682,
                    -0.41970986127853394
                ],
                [
                    0.0,
                    0.0,
                    0.0,
                    1.0
                ]
            ]
        },
        {
            "file_path": "/data/shapenet_blender/all_50_random/02958343/5503658520e08b519b58a6529594c9d/r_27",
            "rotation": 0.12566370614359174,
            "transform_matrix": [
                [
                    -0.9951662421226501,
                    0.0981660708785057,
                    -0.002771682571619749,
                    -0.011173009872436523
                ],
                [
                    -0.09820520132780075,
                    -0.9947696924209595,
                    0.02808695286512375,
                    0.11322212219238281
                ],
                [
                    0.0,
                    0.02822539582848549,
                    0.9996016621589661,
                    4.029522895812988
                ],
                [
                    0.0,
                    0.0,
                    0.0,
                    1.0
                ]
            ]
        },
        {
            "file_path": "/data/shapenet_blender/all_50_random/02958343/5503658520e08b519b58a6529594c9d/r_28",
            "rotation": 0.12566370614359174,
            "transform_matrix": [
                [
                    -0.974845826625824,
                    0.20117217302322388,
                    -0.09594482183456421,
                    -0.3867659568786621
                ],
                [
                    -0.22288036346435547,
                    -0.87989741563797,
                    0.41964849829673767,
                    1.6916571855545044
                ],
                [
                    0.0,
                    0.43047672510147095,
                    0.9026016592979431,
                    3.6385035514831543
                ],
                [
                    0.0,
                    0.0,
                    0.0,
                    1.0
                ]
            ]
        },
        {
            "file_path": "/data/shapenet_blender/all_50_random/02958343/5503658520e08b519b58a6529594c9d/r_29",
            "rotation": 0.12566370614359174,
            "transform_matrix": [
                [
                    0.6232208013534546,
                    0.6451040506362915,
                    -0.44208216667175293,
                    -1.782090187072754
                ],
                [
                    -0.7820459604263306,
                    0.514090359210968,
                    -0.3523000478744507,
                    -1.4201669692993164
                ],
                [
                    0.0,
                    0.5652892589569092,
                    0.8248927593231201,
                    3.325248956680298
                ],
                [
                    0.0,
                    0.0,
                    0.0,
                    1.0
                ]
            ]
        },
        {
            "file_path": "/data/shapenet_blender/all_50_random/02958343/5503658520e08b519b58a6529594c9d/r_30",
            "rotation": 0.12566370614359174,
            "transform_matrix": [
                [
                    0.6191451549530029,
                    0.7521750926971436,
                    -0.22559234499931335,
                    -0.9093918800354004
                ],
                [
                    -0.7852766513824463,
                    0.5930464863777161,
                    -0.17786650359630585,
                    -0.7170028686523438
                ],
                [
                    -1.4901161193847656e-08,
                    0.28727757930755615,
                    0.9578472971916199,
                    3.861206293106079
                ],
                [
                    0.0,
                    0.0,
                    0.0,
                    1.0
                ]
            ]
        },
        {
            "file_path": "/data/shapenet_blender/all_50_random/02958343/5503658520e08b519b58a6529594c9d/r_31",
            "rotation": 0.12566370614359174,
            "transform_matrix": [
                [
                    -0.8829987049102783,
                    0.22554735839366913,
                    -0.4116329848766327,
                    -1.6593457460403442
                ],
                [
                    -0.46937549114227295,
                    -0.4243042469024658,
                    0.7743723392486572,
                    3.1215949058532715
                ],
                [
                    1.4901161193847656e-08,
                    0.876980185508728,
                    0.4805264472961426,
                    1.9370641708374023
                ],
                [
                    0.0,
                    0.0,
                    0.0,
                    1.0
                ]
            ]
        },
        {
            "file_path": "/data/shapenet_blender/all_50_random/02958343/5503658520e08b519b58a6529594c9d/r_32",
            "rotation": 0.12566370614359174,
            "transform_matrix": [
                [
                    0.9946056008338928,
                    0.009285805746912956,
                    0.10331277549266815,
                    0.4164671301841736
                ],
                [
                    0.1037292629480362,
                    -0.0890367403626442,
                    -0.9906122088432312,
                    -3.993285655975342
                ],
                [
                    9.31322685637781e-10,
                    0.9959850907325745,
                    -0.08951964229345322,
                    -0.3608652353286743
                ],
                [
                    0.0,
                    0.0,
                    0.0,
                    1.0
                ]
            ]
        },
        {
            "file_path": "/data/shapenet_blender/all_50_random/02958343/5503658520e08b519b58a6529594c9d/r_33",
            "rotation": 0.12566370614359174,
            "transform_matrix": [
                [
                    0.6161507368087769,
                    0.5737294554710388,
                    0.5396227836608887,
                    2.1752889156341553
                ],
                [
                    0.7876282334327698,
                    -0.44882068037986755,
                    -0.4221394956111908,
                    -1.7016987800598145
                ],
                [
                    0.0,
                    0.6851236820220947,
                    -0.7284266948699951,
                    -2.9363818168640137
                ],
                [
                    0.0,
                    0.0,
                    0.0,
                    1.0
                ]
            ]
        },
        {
            "file_path": "/data/shapenet_blender/all_50_random/02958343/5503658520e08b519b58a6529594c9d/r_34",
            "rotation": 0.12566370614359174,
            "transform_matrix": [
                [
                    -0.9713056087493896,
                    0.15604546666145325,
                    0.17948628962039948,
                    0.7235324382781982
                ],
                [
                    0.2378350794315338,
                    0.6372812390327454,
                    0.7330122590065002,
                    2.954867124557495
                ],
                [
                    -7.450580596923828e-09,
                    0.7546670436859131,
                    -0.6561078429222107,
                    -2.644855499267578
                ],
                [
                    0.0,
                    0.0,
                    0.0,
                    1.0
                ]
            ]
        },
        {
            "file_path": "/data/shapenet_blender/all_50_random/02958343/5503658520e08b519b58a6529594c9d/r_35",
            "rotation": 0.12566370614359174,
            "transform_matrix": [
                [
                    -0.047541286796331406,
                    -0.25088173151016235,
                    0.966849684715271,
                    3.8974952697753906
                ],
                [
                    0.9988693594932556,
                    -0.011940741911530495,
                    0.04601730778813362,
                    0.18550167977809906
                ],
                [
                    9.313225746154785e-10,
                    0.9679440855979919,
                    0.2511657476425171,
                    1.012481451034546
                ],
                [
                    0.0,
                    0.0,
                    0.0,
                    1.0
                ]
            ]
        },
        {
            "file_path": "/data/shapenet_blender/all_50_random/02958343/5503658520e08b519b58a6529594c9d/r_36",
            "rotation": 0.12566370614359174,
            "transform_matrix": [
                [
                    0.2390238642692566,
                    -0.31039825081825256,
                    -0.9200654029846191,
                    -3.708902597427368
                ],
                [
                    -0.9710137248039246,
                    -0.07640735059976578,
                    -0.22648246586322784,
                    -0.9129800796508789
                ],
                [
                    0.0,
                    0.9475308656692505,
                    -0.3196641206741333,
                    -1.2886073589324951
                ],
                [
                    0.0,
                    0.0,
                    0.0,
                    1.0
                ]
            ]
        },
        {
            "file_path": "/data/shapenet_blender/all_50_random/02958343/5503658520e08b519b58a6529594c9d/r_37",
            "rotation": 0.12566370614359174,
            "transform_matrix": [
                [
                    -0.534638524055481,
                    0.06621646881103516,
                    -0.8424826860427856,
                    -3.3961563110351562
                ],
                [
                    -0.8450809717178345,
                    -0.04189169779419899,
                    0.5329947471618652,
                    2.1485705375671387
                ],
                [
                    3.725290742551124e-09,
                    0.996925413608551,
                    0.07835519313812256,
                    0.3158598840236664
                ],
                [
                    0.0,
                    0.0,
                    0.0,
                    1.0
                ]
            ]
        },
        {
            "file_path": "/data/shapenet_blender/all_50_random/02958343/5503658520e08b519b58a6529594c9d/r_38",
            "rotation": 0.12566370614359174,
            "transform_matrix": [
                [
                    0.5467144250869751,
                    0.15150576829910278,
                    0.8234983086585999,
                    3.3196277618408203
                ],
                [
                    0.8373192548751831,
                    -0.09892330318689346,
                    -0.5376902222633362,
                    -2.1674985885620117
                ],
                [
                    0.0,
                    0.9834938049316406,
                    -0.18094149231910706,
                    -0.7293984889984131
                ],
                [
                    0.0,
                    0.0,
                    0.0,
                    1.0
                ]
            ]
        },
        {
            "file_path": "/data/shapenet_blender/all_50_random/02958343/5503658520e08b519b58a6529594c9d/r_39",
            "rotation": 0.12566370614359174,
            "transform_matrix": [
                [
                    -0.3498855531215668,
                    0.00011216240818612278,
                    -0.9367924928665161,
                    -3.7763309478759766
                ],
                [
                    -0.9367924332618713,
                    -4.1891889850376174e-05,
                    0.34988558292388916,
                    1.4104337692260742
                ],
                [
                    0.0,
                    0.9999999403953552,
                    0.00011973028449574485,
                    0.0004826481454074383
                ],
                [
                    0.0,
                    0.0,
                    0.0,
                    1.0
                ]
            ]
        },
        {
            "file_path": "/data/shapenet_blender/all_50_random/02958343/5503658520e08b519b58a6529594c9d/r_40",
            "rotation": 0.12566370614359174,
            "transform_matrix": [
                [
                    -0.9727973937988281,
                    -0.17229290306568146,
                    0.15485642850399017,
                    0.6242462396621704
                ],
                [
                    0.23165787756443024,
                    -0.7235069870948792,
                    0.6502862572669983,
                    2.6213877201080322
                ],
                [
                    0.0,
                    0.6684705018997192,
                    0.7437386512756348,
                    2.9981064796447754
                ],
                [
                    0.0,
                    0.0,
                    0.0,
                    1.0
                ]
            ]
        },
        {
            "file_path": "/data/shapenet_blender/all_50_random/02958343/5503658520e08b519b58a6529594c9d/r_41",
            "rotation": 0.12566370614359174,
            "transform_matrix": [
                [
                    0.5407083034515381,
                    -0.010866125114262104,
                    0.8411400318145752,
                    3.3907439708709717
                ],
                [
                    0.8412102460861206,
                    0.0069844648241996765,
                    -0.5406631231307983,
                    -2.1794826984405518
                ],
                [
                    4.656612873077393e-10,
