{
    "class": "02958343",
    "model": "97970b4b0f351f5a9697635485e4aab7",
    "remove_doubles": true,
    "edge_split": true,
    "denoise": true,
    "camera_angle_x": 0.6911112070083618,
    "scale_factor": 2.2674373989501833,
    "hdri_file": "/data/IndoorHDRDataset2018/9C4A5421-ab2d11d5bb.exr",
    "center_offset": [
        0.0,
        0.0,
        -1.862645149230957e-09
    ],
    "lights": [],
    "frames": [
        {
            "file_path": "/data/shapenet_blender/all_50_random/02958343/97970b4b0f351f5a9697635485e4aab7/r_0",
            "rotation": 0.12566370614359174,
            "transform_matrix": [
                [
                    -0.8366995453834534,
                    -0.5436537861824036,
                    -0.06614004075527191,
                    -0.2666190266609192
                ],
                [
                    -0.5476623177528381,
                    0.8305755257606506,
                    0.10104647278785706,
                    0.40733134746551514
                ],
                [
                    0.0,
                    0.1207679733633995,
                    -0.9926807284355164,
                    -4.00162410736084
                ],
                [
                    0.0,
                    0.0,
                    0.0,
                    1.0
                ]
            ]
        },
        {
            "file_path": "/data/shapenet_blender/all_50_random/02958343/97970b4b0f351f5a9697635485e4aab7/r_1",
            "rotation": 0.12566370614359174,
            "transform_matrix": [
                [
                    0.904036283493042,
                    -0.08865080773830414,
                    0.4181617796421051,
                    1.6856640577316284
                ],
                [
                    0.42745551466941833,
                    0.18748979270458221,
                    -0.8843807578086853,
                    -3.5650527477264404
                ],
                [
                    0.0,
                    0.9782578349113464,
                    0.2073919028043747,
                    0.8360235095024109
                ],
                [
                    0.0,
                    0.0,
                    0.0,
                    1.0
                ]
            ]
        },
        {
            "file_path": "/data/shapenet_blender/all_50_random/02958343/97970b4b0f351f5a9697635485e4aab7/r_2",
            "rotation": 0.12566370614359174,
            "transform_matrix": [
                [
                    0.9371951222419739,
                    -0.051346369087696075,
                    -0.34500566124916077,
                    -1.3907620906829834
                ],
                [
                    -0.34880560636520386,
                    -0.1379609853029251,
                    -0.9269852042198181,
                    -3.7367963790893555
                ],
                [
                    0.0,
                    0.9891058206558228,
                    -0.14720629155635834,
                    -0.5934074521064758
                ],
                [
                    0.0,
                    0.0,
                    0.0,
                    1.0
                ]
            ]
        },
        {
            "file_path": "/data/shapenet_blender/all_50_random/02958343/97970b4b0f351f5a9697635485e4aab7/r_3",
            "rotation": 0.12566370614359174,
            "transform_matrix": [
                [
                    -0.4076805114746094,
                    0.003657654393464327,
                    0.9131172895431519,
                    3.6808934211730957
                ],
                [
                    0.9131245613098145,
                    0.0016330243088304996,
                    0.4076772928237915,
                    1.643399715423584
                ],
                [
                    -1.164153010102531e-10,
                    0.9999920725822449,
                    -0.0040056463330984116,
                    -0.016147276386618614
                ],
                [
                    0.0,
                    0.0,
                    0.0,
                    1.0
                ]
            ]
        },
        {
            "file_path": "/data/shapenet_blender/all_50_random/02958343/97970b4b0f351f5a9697635485e4aab7/r_4",
            "rotation": 0.12566370614359174,
            "transform_matrix": [
                [
                    -0.634290337562561,
                    0.7051734328269958,
                    0.3168690800666809,
                    1.277340292930603
                ],
                [
                    0.7730950117111206,
                    0.5785638093948364,
                    0.2599771320819855,
                    1.0480014085769653
                ],
                [
                    -1.4901162970204496e-08,
                    0.409870982170105,
                    -0.9121434688568115,
                    -3.6769680976867676
                ],
                [
                    0.0,
                    0.0,
                    0.0,
                    1.0
                ]
            ]
        },
        {
            "file_path": "/data/shapenet_blender/all_50_random/02958343/97970b4b0f351f5a9697635485e4aab7/r_5",
            "rotation": 0.12566370614359174,
            "transform_matrix": [
                [
                    0.7393826842308044,
                    0.2556625008583069,
                    0.6228561997413635,
                    2.5108137130737305
                ],
                [
                    0.6732853055000305,
                    -0.2807612717151642,
                    -0.6840028762817383,
                    -2.7573037147521973
                ],
                [
                    1.4901161193847656e-08,
                    0.9250998497009277,
                    -0.37972384691238403,
                    -1.530715823173523
                ],
                [
                    0.0,
                    0.0,
                    0.0,
                    1.0
                ]
            ]
        },
        {
            "file_path": "/data/shapenet_blender/all_50_random/02958343/97970b4b0f351f5a9697635485e4aab7/r_6",
            "rotation": 0.12566370614359174,
            "transform_matrix": [
                [
                    0.9817169904708862,
                    -0.17395086586475372,
                    -0.07728434354066849,
                    -0.31154319643974304
                ],
                [
                    -0.19034646451473236,
                    -0.8971562385559082,
                    -0.3985961079597473,
                    -1.6067924499511719
                ],
                [
                    7.450580596923828e-09,
                    0.40601950883865356,
                    -0.9138643741607666,
                    -3.6839053630828857
                ],
                [
                    0.0,
                    0.0,
                    0.0,
                    1.0
                ]
            ]
        },
        {
            "file_path": "/data/shapenet_blender/all_50_random/02958343/97970b4b0f351f5a9697635485e4aab7/r_7",
            "rotation": 0.12566370614359174,
            "transform_matrix": [
                [
                    0.6729060411453247,
                    0.37872132658958435,
                    -0.6354270577430725,
                    -2.561488628387451
                ],
                [
                    -0.7397279739379883,
                    0.3445102274417877,
                    -0.5780269503593445,
                    -2.330101490020752
                ],
                [
                    -1.4901161193847656e-08,
                    0.8590010404586792,
                    0.5119737386703491,
                    2.0638322830200195
                ],
                [
                    0.0,
                    0.0,
                    0.0,
                    1.0
                ]
            ]
        },
        {
            "file_path": "/data/shapenet_blender/all_50_random/02958343/97970b4b0f351f5a9697635485e4aab7/r_8",
            "rotation": 0.12566370614359174,
            "transform_matrix": [
                [
                    0.6986420154571533,
                    -0.42698296904563904,
                    -0.5740948915481567,
                    -2.3142502307891846
                ],
                [
                    -0.7154715061187744,
                    -0.416939377784729,
                    -0.5605908632278442,
                    -2.2598137855529785
                ],
                [
                    -2.9802322387695312e-08,
                    0.8024007081985474,
                    -0.5967856049537659,
                    -2.405719518661499
                ],
                [
                    0.0,
                    0.0,
                    0.0,
                    1.0
                ]
            ]
        },
        {
            "file_path": "/data/shapenet_blender/all_50_random/02958343/97970b4b0f351f5a9697635485e4aab7/r_9",
            "rotation": 0.12566370614359174,
            "transform_matrix": [
                [
                    -0.9153390526771545,
                    -0.04800136387348175,
                    -0.39981281757354736,
                    -1.6116970777511597
                ],
                [
                    -0.4026840329170227,
                    0.10911165922880173,
                    0.9088125228881836,
                    3.6635403633117676
                ],
                [
                    0.0,
                    0.9928697943687439,
                    -0.11920354515314102,
                    -0.48052486777305603
                ],
                [
                    0.0,
                    0.0,
                    0.0,
                    1.0
                ]
            ]
        },
        {
            "file_path": "/data/shapenet_blender/all_50_random/02958343/97970b4b0f351f5a9697635485e4aab7/r_10",
            "rotation": 0.12566370614359174,
            "transform_matrix": [
                [
                    0.23983977735042572,
                    -0.5218001008033752,
                    -0.8186583518981934,
                    -3.3001174926757812
                ],
                [
                    -0.9708124995231628,
                    -0.12891100347042084,
                    -0.20225000381469727,
                    -0.8152958154678345
                ],
                [
                    0.0,
                    0.8432714343070984,
                    -0.5374879837036133,
                    -2.1666834354400635
                ],
                [
                    0.0,
                    0.0,
                    0.0,
                    1.0
                ]
            ]
        },
        {
            "file_path": "/data/shapenet_blender/all_50_random/02958343/97970b4b0f351f5a9697635485e4aab7/r_11",
            "rotation": 0.12566370614359174,
            "transform_matrix": [
                [
                    0.6698232293128967,
                    0.09648705273866653,
                    -0.736224889755249,
                    -2.967817544937134
                ],
                [
                    -0.7425205111503601,
                    0.08704037964344025,
                    -0.6641439199447632,
                    -2.6772496700286865
                ],
                [
                    7.450580152834618e-09,
                    0.9915211796760559,
                    0.1299452930688858,
                    0.5238262414932251
                ],
                [
                    0.0,
                    0.0,
                    0.0,
                    1.0
                ]
            ]
        },
        {
            "file_path": "/data/shapenet_blender/all_50_random/02958343/97970b4b0f351f5a9697635485e4aab7/r_12",
            "rotation": 0.12566370614359174,
            "transform_matrix": [
                [
                    -0.9582985043525696,
                    0.1504066288471222,
                    0.24298511445522308,
                    0.9795043468475342
                ],
                [
                    0.28576895594596863,
                    0.5043740272521973,
                    0.8148269653320312,
                    3.284672498703003
                ],
                [
                    -7.450580152834618e-09,
                    0.8502850532531738,
                    -0.5263224244117737,
                    -2.121673583984375
                ],
                [
                    0.0,
                    0.0,
                    0.0,
                    1.0
                ]
            ]
        },
        {
            "file_path": "/data/shapenet_blender/all_50_random/02958343/97970b4b0f351f5a9697635485e4aab7/r_13",
            "rotation": 0.12566370614359174,
            "transform_matrix": [
                [
                    0.8295624852180481,
                    0.05515464395284653,
                    -0.5556833148002625,
                    -2.2400310039520264
                ],
                [
                    -0.5584138035774231,
                    0.0819360539317131,
                    -0.8255061507225037,
                    -3.3277218341827393
                ],
                [
                    -3.7252896323280993e-09,
                    0.995110273361206,
                    0.09877020120620728,
                    0.39815542101860046
                ],
                [
                    0.0,
                    0.0,
                    0.0,
                    1.0
                ]
            ]
        },
        {
            "file_path": "/data/shapenet_blender/all_50_random/02958343/97970b4b0f351f5a9697635485e4aab7/r_14",
            "rotation": 0.12566370614359174,
            "transform_matrix": [
                [
                    -0.9637269973754883,
                    -0.020421896129846573,
                    0.2661077380180359,
                    1.0727145671844482
                ],
                [
                    0.2668902277946472,
                    -0.07374243438243866,
                    0.9609014987945557,
                    3.8735177516937256
                ],
                [
                    1.862645371275562e-09,
                    0.9970681667327881,
                    0.0765179693698883,
                    0.3084537982940674
                ],
                [
                    0.0,
                    0.0,
                    0.0,
                    1.0
                ]
            ]
        },
        {
            "file_path": "/data/shapenet_blender/all_50_random/02958343/97970b4b0f351f5a9697635485e4aab7/r_15",
            "rotation": 0.12566370614359174,
            "transform_matrix": [
                [
                    0.281191885471344,
                    0.1693396270275116,
                    0.9445925951004028,
                    3.807774543762207
                ],
                [
                    0.9596514701843262,
                    -0.049618981778621674,
                    -0.2767794132232666,
                    -1.1157335042953491
                ],
                [
                    0.0,
                    0.9843080043792725,
                    -0.17645947635173798,
                    -0.7113308906555176
                ],
                [
                    0.0,
                    0.0,
                    0.0,
                    1.0
                ]
            ]
        },
        {
            "file_path": "/data/shapenet_blender/all_50_random/02958343/97970b4b0f351f5a9697635485e4aab7/r_16",
            "rotation": 0.12566370614359174,
            "transform_matrix": [
                [
                    0.9835491180419922,
                    0.013030648231506348,
                    0.18017041683197021,
                    0.726290225982666
                ],
                [
                    0.1806410402059555,
                    -0.07094889134168625,
                    -0.9809866547584534,
                    -3.954483985900879
                ],
                [
                    0.0,
                    0.9973948001861572,
                    -0.07213558256626129,
                    -0.29078787565231323
                ],
                [
                    0.0,
                    0.0,
                    0.0,
                    1.0
                ]
            ]
        },
        {
            "file_path": "/data/shapenet_blender/all_50_random/02958343/97970b4b0f351f5a9697635485e4aab7/r_17",
            "rotation": 0.12566370614359174,
            "transform_matrix": [
                [
                    0.9989908337593079,
                    0.006829748395830393,
                    0.04439186304807663,
                    0.17894932627677917
                ],
                [
                    0.04491417482495308,
                    -0.1519087553024292,
                    -0.9873734712600708,
                    -3.9802298545837402
                ],
                [
                    0.0,
                    0.9883708953857422,
                    -0.15206220746040344,
                    -0.6129823923110962
                ],
                [
                    0.0,
                    0.0,
                    0.0,
                    1.0
                ]
            ]
        },
        {
            "file_path": "/data/shapenet_blender/all_50_random/02958343/97970b4b0f351f5a9697635485e4aab7/r_18",
            "rotation": 0.12566370614359174,
            "transform_matrix": [
                [
                    0.7946560382843018,
                    0.34363752603530884,
                    -0.5004348158836365,
                    -2.017317295074463
                ],
                [
                    -0.6070599555969238,
                    0.44982975721359253,
                    -0.6550812125205994,
                    -2.640716791152954
                ],
                [
                    -1.4901162970204496e-08,
                    0.8243581056594849,
                    0.5660685300827026,
                    2.281895160675049
                ],
                [
                    0.0,
                    0.0,
                    0.0,
                    1.0
                ]
            ]
        },
        {
            "file_path": "/data/shapenet_blender/all_50_random/02958343/97970b4b0f351f5a9697635485e4aab7/r_19",
            "rotation": 0.12566370614359174,
            "transform_matrix": [
                [
                    -0.7232553958892822,
                    0.15344075858592987,
                    0.6733183264732361,
                    2.714232921600342
                ],
                [
                    0.6905806064605713,
                    0.16070076823234558,
                    0.7051762938499451,
                    2.8426566123962402
                ],
                [
                    1.4901161193847656e-08,
                    0.9750031232833862,
                    -0.22219091653823853,
                    -0.8956802487373352
                ],
                [
                    0.0,
                    0.0,
                    0.0,
                    1.0
                ]
            ]
        },
        {
            "file_path": "/data/shapenet_blender/all_50_random/02958343/97970b4b0f351f5a9697635485e4aab7/r_20",
            "rotation": 0.12566370614359174,
            "transform_matrix": [
                [
                    0.6488994359970093,
                    -0.03404809907078743,
                    0.7601120471954346,
                    3.0641095638275146
                ],
                [
                    0.760874330997467,
                    0.02903737500309944,
                    -0.6482493877410889,
                    -2.6131768226623535
                ],
                [
                    1.862645371275562e-09,
                    0.99899822473526,
                    0.044748660176992416,
                    0.18038761615753174
                ],
                [
                    0.0,
                    0.0,
                    0.0,
                    1.0
                ]
            ]
        },
        {
            "file_path": "/data/shapenet_blender/all_50_random/02958343/97970b4b0f351f5a9697635485e4aab7/r_21",
            "rotation": 0.12566370614359174,
            "transform_matrix": [
                [
                    -0.99945467710495,
                    0.00404310179874301,
                    -0.03277425095438957,
                    -0.13211724162101746
                ],
                [
                    -0.033022698014974594,
                    -0.1223672553896904,
                    0.9919353127479553,
                    3.998619318008423
                ],
                [
                    0.0,
                    0.9924767017364502,
                    0.12243402004241943,
                    0.49354735016822815
                ],
                [
                    0.0,
                    0.0,
                    0.0,
                    1.0
                ]
            ]
        },
        {
            "file_path": "/data/shapenet_blender/all_50_random/02958343/97970b4b0f351f5a9697635485e4aab7/r_22",
            "rotation": 0.12566370614359174,
            "transform_matrix": [
                [
                    0.3669049143791199,
                    -0.03273928910493851,
                    -0.9296821355819702,
                    -3.747668743133545
                ],
                [
                    -0.9302585124969482,
                    -0.01291276142001152,
                    -0.36667758226394653,
                    -1.478124737739563
                ],
                [
                    0.0,
                    0.9993805289268494,
                    -0.035193756222724915,
                    -0.14187058806419373
                ],
                [
                    0.0,
                    0.0,
                    0.0,
                    1.0
                ]
            ]
        },
        {
            "file_path": "/data/shapenet_blender/all_50_random/02958343/97970b4b0f351f5a9697635485e4aab7/r_23",
            "rotation": 0.12566370614359174,
            "transform_matrix": [
                [
                    0.677395761013031,
                    -0.025135528296232224,
                    -0.7351892590522766,
                    -2.9636425971984863
                ],
                [
                    -0.7356188297271729,
                    -0.023146091029047966,
                    -0.6770001649856567,
                    -2.7290749549865723
                ],
                [
                    0.0,
                    0.9994160532951355,
                    -0.03416923061013222,
                    -0.13774056732654572
                ],
                [
                    0.0,
                    0.0,
                    0.0,
                    1.0
                ]
            ]
        },
        {
            "file_path": "/data/shapenet_blender/all_50_random/02958343/97970b4b0f351f5a9697635485e4aab7/r_24",
            "rotation": 0.12566370614359174,
            "transform_matrix": [
                [
                    -0.6960001587867737,
                    0.2569829225540161,
                    0.6704801321029663,
                    2.702791929244995
                ],
                [
                    0.718041718006134,
                    0.24909435212612152,
                    0.6498985290527344,
                    2.6198248863220215
                ],
                [
                    1.4901162970204496e-08,
                    0.9337621927261353,
                    -0.3578941226005554,
                    -1.4427173137664795
                ],
                [
                    0.0,
                    0.0,
                    0.0,
                    1.0
                ]
            ]
        },
        {
            "file_path": "/data/shapenet_blender/all_50_random/02958343/97970b4b0f351f5a9697635485e4aab7/r_25",
            "rotation": 0.12566370614359174,
            "transform_matrix": [
                [
                    0.05664472654461861,
                    0.13773073256015778,
                    -0.9888486862182617,
                    -3.9861762523651123
                ],
                [
                    -0.9983944892883301,
                    0.007814265787601471,
                    -0.056103140115737915,
                    -0.2261589765548706
                ],
                [
                    0.0,
                    0.9904389381408691,
                    0.13795222342014313,
                    0.5561031699180603
                ],
                [
                    0.0,
                    0.0,
                    0.0,
                    1.0
                ]
            ]
        },
        {
            "file_path": "/data/shapenet_blender/all_50_random/02958343/97970b4b0f351f5a9697635485e4aab7/r_26",
            "rotation": 0.12566370614359174,
            "transform_matrix": [
                [
                    -0.6599557995796204,
                    -0.05171601474285126,
                    0.7495223879814148,
                    3.021421432495117
                ],
                [
                    0.7513045072555542,
                    -0.04542803391814232,
                    0.6583904027938843,
                    2.6540565490722656
                ],
                [
                    3.725290298461914e-09,
                    0.9976280331611633,
                    0.06883496046066284,
                    0.2774825990200043
                ],
                [
                    0.0,
                    0.0,
                    0.0,
                    1.0
                ]
            ]
        },
        {
            "file_path": "/data/shapenet_blender/all_50_random/02958343/97970b4b0f351f5a9697635485e4aab7/r_27",
            "rotation": 0.12566370614359174,
            "transform_matrix": [
                [
                    -0.03192957863211632,
                    -0.7197321057319641,
                    0.6935170888900757,
                    2.795657157897949
                ],
                [
                    0.9994902014732361,
                    -0.022992467507719994,
                    0.022155005484819412,
                    0.0893096923828125
                ],
                [
                    0.0,
                    0.6938709020614624,
                    0.7200992703437805,
                    2.902813196182251
                ],
                [
                    0.0,
                    0.0,
                    0.0,
                    1.0
                ]
            ]
        },
        {
            "file_path": "/data/shapenet_blender/all_50_random/02958343/97970b4b0f351f5a9697635485e4aab7/r_28",
            "rotation": 0.12566370614359174,
            "transform_matrix": [
                [
                    0.44134730100631714,
                    -0.7367368936538696,
                    0.5122804045677185,
                    2.065068244934082
                ],
                [
                    0.897336483001709,
                    0.3623577654361725,
                    -0.25196075439453125,
                    -1.015686273574829
                ],
                [
                    0.0,
                    0.5708900094032288,
                    0.8210265040397644,
                    3.309663772583008
                ],
                [
                    0.0,
                    0.0,
                    0.0,
                    1.0
                ]
            ]
        },
        {
            "file_path": "/data/shapenet_blender/all_50_random/02958343/97970b4b0f351f5a9697635485e4aab7/r_29",
            "rotation": 0.12566370614359174,
            "transform_matrix": [
                [
                    -0.9923660755157471,
                    -0.09443742036819458,
                    -0.07931793481111526,
                    -0.3197408616542816
                ],
                [
                    -0.12332788109779358,
                    0.7598970532417297,
                    0.6382371187210083,
                    2.5728163719177246
                ],
                [
                    0.0,
                    0.6431468725204468,
                    -0.7657426595687866,
                    -3.0868077278137207
                ],
                [
                    0.0,
                    0.0,
                    0.0,
                    1.0
                ]
            ]
        },
        {
            "file_path": "/data/shapenet_blender/all_50_random/02958343/97970b4b0f351f5a9697635485e4aab7/r_30",
            "rotation": 0.12566370614359174,
            "transform_matrix": [
                [
                    0.330055296421051,
                    0.8250499963760376,
                    -0.45864588022232056,
                    -1.8488608598709106
                ],
                [
                    -0.9439615607261658,
                    0.28847798705101013,
                    -0.16036511957645416,
                    -0.6464525461196899
                ],
                [
                    -1.4901160305669237e-08,
                    0.48587340116500854,
                    0.8740290403366089,
                    3.5233240127563477
                ],
                [
                    0.0,
                    0.0,
                    0.0,
                    1.0
                ]
            ]
        },
        {
            "file_path": "/data/shapenet_blender/all_50_random/02958343/97970b4b0f351f5a9697635485e4aab7/r_31",
            "rotation": 0.12566370614359174,
            "transform_matrix": [
                [
                    0.5006623864173889,
                    0.7253442406654358,
                    -0.47245386242866516,
                    -1.90452241897583
                ],
                [
                    -0.8656426072120667,
                    0.4195179343223572,
                    -0.27325350046157837,
                    -1.10152006149292
                ],
                [
                    1.4901161193847656e-08,
                    0.5457839369773865,
                    0.837925910949707,
                    3.3777873516082764
                ],
                [
                    0.0,
                    0.0,
                    0.0,
                    1.0
                ]
            ]
        },
        {
            "file_path": "/data/shapenet_blender/all_50_random/02958343/97970b4b0f351f5a9697635485e4aab7/r_32",
            "rotation": 0.12566370614359174,
            "transform_matrix": [
                [
                    -0.6709071397781372,
                    -0.5100170969963074,
                    0.5382992029190063,
                    2.1699535846710205
                ],
                [
                    0.74154132604599,
                    -0.46143636107444763,
                    0.4870244860649109,
                    1.9632585048675537
                ],
                [
                    0.0,
                    0.725919246673584,
                    0.6877798438072205,
                    2.772529125213623
                ],
                [
                    0.0,
                    0.0,
                    0.0,
                    1.0
                ]
            ]
        },
        {
            "file_path": "/data/shapenet_blender/all_50_random/02958343/97970b4b0f351f5a9697635485e4aab7/r_33",
            "rotation": 0.12566370614359174,
            "transform_matrix": [
                [
                    0.4700400233268738,
                    -0.4739473760128021,
                    -0.7446047067642212,
                    -3.0015978813171387
                ],
                [
                    -0.8826451301574707,
                    -0.252393901348114,
                    -0.39652857184410095,
                    -1.598457932472229
                ],
                [
                    -1.4901161193847656e-08,
                    0.8436061143875122,
                    -0.5369625091552734,
                    -2.164565324783325
                ],
                [
                    0.0,
                    0.0,
                    0.0,
                    1.0
                ]
            ]
        },
        {
            "file_path": "/data/shapenet_blender/all_50_random/02958343/97970b4b0f351f5a9697635485e4aab7/r_34",
            "rotation": 0.12566370614359174,
            "transform_matrix": [
                [
                    -0.2516568899154663,
                    -0.27724558115005493,
                    -0.9272559285163879,
                    -3.7378883361816406
                ],
                [
                    -0.9678165316581726,
                    0.07209089398384094,
                    0.24111011624336243,
                    0.9719460010528564
                ],
                [
                    -7.450580596923828e-09,
                    0.958090603351593,
                    -0.28646501898765564,
                    -1.1547775268554688
                ],
                [
                    0.0,
                    0.0,
                    0.0,
                    1.0
                ]
            ]
        },
        {
            "file_path": "/data/shapenet_blender/all_50_random/02958343/97970b4b0f351f5a9697635485e4aab7/r_35",
            "rotation": 0.12566370614359174,
            "transform_matrix": [
                [
                    -0.965055525302887,
                    -0.020061219111084938,
                    -0.2612764537334442,
                    -1.0532392263412476
                ],
                [
                    -0.2620455324649811,
                    0.07388101518154144,
                    0.96222323179245,
                    3.8788461685180664
                ],
                [
                    0.0,
                    0.9970653057098389,
                    -0.07655622065067291,
                    -0.3086080253124237
                ],
                [
                    0.0,
                    0.0,
                    0.0,
                    1.0
                ]
            ]
        },
        {
            "file_path": "/data/shapenet_blender/all_50_random/02958343/97970b4b0f351f5a9697635485e4aab7/r_36",
            "rotation": 0.12566370614359174,
            "transform_matrix": [
                [
                    0.13827577233314514,
                    0.15709638595581055,
                    0.9778550267219543,
                    3.941859722137451
                ],
                [
                    0.9903937578201294,
                    -0.02193332463502884,
                    -0.13652516901493073,
                    -0.550350546836853
                ],
                [
                    1.862645149230957e-09,
                    0.9873395562171936,
                    -0.15862014889717102,
                    -0.6394182443618774
                ],
                [
                    0.0,
                    0.0,
                    0.0,
                    1.0
                ]
            ]
        },
        {
            "file_path": "/data/shapenet_blender/all_50_random/02958343/97970b4b0f351f5a9697635485e4aab7/r_37",
            "rotation": 0.12566370614359174,
            "transform_matrix": [
                [
                    0.13880252838134766,
                    0.29614999890327454,
                    -0.9450021386146545,
                    -3.8094253540039062
                ],
                [
                    -0.990320086479187,
                    0.04150816425681114,
                    -0.13245080411434174,
                    -0.533926248550415
                ],
                [
                    -3.725290298461914e-09,
                    0.9542390704154968,
                    0.29904472827911377,
                    1.205487847328186
                ],
                [
                    0.0,
                    0.0,
                    0.0,
                    1.0
                ]
            ]
        },
        {
            "file_path": "/data/shapenet_blender/all_50_random/02958343/97970b4b0f351f5a9697635485e4aab7/r_38",
            "rotation": 0.12566370614359174,
            "transform_matrix": [
                [
                    -0.7312886714935303,
                    -0.23668062686920166,
                    -0.6396867632865906,
                    -2.578659772872925
                ],
                [
                    -0.6820681095123291,
                    0.2537603974342346,
                    0.6858489513397217,
                    2.7647454738616943
                ],
                [
                    1.4901161193847656e-08,
                    0.9378634691238403,
                    -0.34700438380241394,
                    -1.3988194465637207
                ],
                [
                    0.0,
                    0.0,
                    0.0,
                    1.0
                ]
            ]
        },
        {
            "file_path": "/data/shapenet_blender/all_50_random/02958343/97970b4b0f351f5a9697635485e4aab7/r_39",
            "rotation": 0.12566370614359174,
            "transform_matrix": [
                [
                    -0.6693645715713501,
                    0.21436379849910736,
                    -0.7113362550735474,
                    -2.867487907409668
                ],
                [
                    -0.7429340481758118,
                    -0.1931362897157669,
                    0.6408957242965698,
                    2.5835330486297607
                ],
                [
                    0.0,
                    0.9574686884880066,
                    0.28853681683540344,
                    1.1631289720535278
                ],
                [
                    0.0,
                    0.0,
                    0.0,
                    1.0
                ]
            ]
        },
        {
            "file_path": "/data/shapenet_blender/all_50_random/02958343/97970b4b0f351f5a9697635485e4aab7/r_40",
            "rotation": 0.12566370614359174,
            "transform_matrix": [
                [
                    0.3090677559375763,
                    -0.005972548387944698,
                    0.9510211944580078,
                    3.8336892127990723
                ],
                [
                    0.9510400295257568,
                    0.0019409509841352701,
                    -0.30906161665916443,
                    -1.245867371559143
                ],
                [
                    0.0,
                    0.9999803304672241,
                    0.006280017085373402,
                    0.025315560400485992
                ],
                [
                    0.0,
                    0.0,
                    0.0,
                    1.0
                ]
            ]
        },
        {
            "file_path": "/data/shapenet_blender/all_50_random/02958343/97970b4b0f351f5a9697635485e4aab7/r_41",
            "rotation": 0.12566370614359174,
            "transform_matrix": [
                [
                    0.9569259285926819,
                    -0.02253451943397522,
                    -0.28945639729499817,
                    -1.1668360233306885
                ],
                [
                    -0.29033225774765015,
                    -0.07427306473255157,
                    -0.9540391564369202,
