{
    "class": "02958343",
    "model": "44f30f4c65c3142a16abce8cb03e7794",
    "remove_doubles": true,
    "edge_split": true,
    "denoise": true,
    "camera_angle_x": 0.6911112070083618,
    "scale_factor": 2.1968944402341952,
    "hdri_file": "/data/IndoorHDRDataset2018/9C4A4343-ca396e6daa.exr",
    "center_offset": [
        0.0,
        0.0,
        -1.862645149230957e-09
    ],
    "lights": [],
    "frames": [
        {
            "file_path": "/data/shapenet_blender/all_50_random/02958343/44f30f4c65c3142a16abce8cb03e7794/r_0",
            "rotation": 0.12566370614359174,
            "transform_matrix": [
                [
                    -0.5031200051307678,
                    -0.8011072278022766,
                    0.32418718934059143,
                    1.3068405389785767
                ],
                [
                    0.8642165064811707,
                    -0.4663797914981842,
                    0.18873172998428345,
                    0.7608019709587097
                ],
                [
                    0.0,
                    0.37512266635894775,
                    0.9269750714302063,
                    3.7367563247680664
                ],
                [
                    0.0,
                    0.0,
                    0.0,
                    1.0
                ]
            ]
        },
        {
            "file_path": "/data/shapenet_blender/all_50_random/02958343/44f30f4c65c3142a16abce8cb03e7794/r_1",
            "rotation": 0.12566370614359174,
            "transform_matrix": [
                [
                    -0.7217544913291931,
                    0.31521400809288025,
                    0.6162064671516418,
                    2.4840080738067627
                ],
                [
                    0.6921491622924805,
                    0.32869666814804077,
                    0.64256352186203,
                    2.590256690979004
                ],
                [
                    1.4901162970204496e-08,
                    0.89028000831604,
                    -0.4554133713245392,
                    -1.8358302116394043
                ],
                [
                    0.0,
                    0.0,
                    0.0,
                    1.0
                ]
            ]
        },
        {
            "file_path": "/data/shapenet_blender/all_50_random/02958343/44f30f4c65c3142a16abce8cb03e7794/r_2",
            "rotation": 0.12566370614359174,
            "transform_matrix": [
                [
                    0.7642767429351807,
                    -0.533308207988739,
                    0.3625788688659668,
                    1.4616022109985352
                ],
                [
                    0.6448884606361389,
                    0.6320396065711975,
                    -0.42970314621925354,
                    -1.7321888208389282
                ],
                [
                    0.0,
                    0.5622349977493286,
                    0.8269774317741394,
                    3.3336527347564697
                ],
                [
                    0.0,
                    0.0,
                    0.0,
                    1.0
                ]
            ]
        },
        {
            "file_path": "/data/shapenet_blender/all_50_random/02958343/44f30f4c65c3142a16abce8cb03e7794/r_3",
            "rotation": 0.12566370614359174,
            "transform_matrix": [
                [
                    -0.8686119318008423,
                    -0.041162148118019104,
                    0.49378037452697754,
                    1.9904924631118774
                ],
                [
                    0.4954931139945984,
                    -0.07215827703475952,
                    0.865609347820282,
                    3.4893832206726074
                ],
                [
                    0.0,
                    0.9965433478355408,
                    0.08307310193777084,
                    0.33487841486930847
                ],
                [
                    0.0,
                    0.0,
                    0.0,
                    1.0
                ]
            ]
        },
        {
            "file_path": "/data/shapenet_blender/all_50_random/02958343/44f30f4c65c3142a16abce8cb03e7794/r_4",
            "rotation": 0.12566370614359174,
            "transform_matrix": [
                [
                    -0.9997747540473938,
                    5.720628541894257e-05,
                    -0.021222421899437904,
                    -0.08555030822753906
                ],
                [
                    -0.021222496405243874,
                    -0.0026949422899633646,
                    0.999771237373352,
                    4.030206203460693
                ],
                [
                    -3.6379781565704095e-12,
                    0.9999963641166687,
                    0.0026955492794513702,
                    0.010866105556488037
                ],
                [
                    0.0,
                    0.0,
                    0.0,
                    1.0
                ]
            ]
        },
        {
            "file_path": "/data/shapenet_blender/all_50_random/02958343/44f30f4c65c3142a16abce8cb03e7794/r_5",
            "rotation": 0.12566370614359174,
            "transform_matrix": [
                [
                    -0.7270686626434326,
                    0.6049070954322815,
                    0.3247438371181488,
                    1.309084415435791
                ],
                [
                    0.6865647435188293,
                    0.6405935883522034,
                    0.3439021110534668,
                    1.3863139152526855
                ],
                [
                    0.0,
                    0.4729982316493988,
                    -0.8810633420944214,
                    -3.551680088043213
                ],
                [
                    0.0,
                    0.0,
                    0.0,
                    1.0
                ]
            ]
        },
        {
            "file_path": "/data/shapenet_blender/all_50_random/02958343/44f30f4c65c3142a16abce8cb03e7794/r_6",
            "rotation": 0.12566370614359174,
            "transform_matrix": [
                [
                    -0.8558841347694397,
                    0.22286270558834076,
                    0.46668463945388794,
                    1.8812659978866577
                ],
                [
                    0.5171676278114319,
                    0.3688255846500397,
                    0.7723375558853149,
                    3.1133923530578613
                ],
                [
                    0.0,
                    0.9023857116699219,
                    -0.4309293031692505,
                    -1.7371315956115723
                ],
                [
                    0.0,
                    0.0,
                    0.0,
                    1.0
                ]
            ]
        },
        {
            "file_path": "/data/shapenet_blender/all_50_random/02958343/44f30f4c65c3142a16abce8cb03e7794/r_7",
            "rotation": 0.12566370614359174,
            "transform_matrix": [
                [
                    0.10645678639411926,
                    0.8130393028259277,
                    0.5723931193351746,
                    2.3073906898498535
                ],
                [
                    0.9943174123764038,
                    -0.08704820275306702,
                    -0.06128338351845741,
                    -0.2470412403345108
                ],
                [
                    -3.725290742551124e-09,
                    0.5756644010543823,
                    -0.8176859021186829,
                    -3.2961976528167725
                ],
                [
                    0.0,
                    0.0,
                    0.0,
                    1.0
                ]
            ]
        },
        {
            "file_path": "/data/shapenet_blender/all_50_random/02958343/44f30f4c65c3142a16abce8cb03e7794/r_8",
            "rotation": 0.12566370614359174,
            "transform_matrix": [
                [
                    0.8791043758392334,
                    0.412917822599411,
                    0.23806411027908325,
                    0.9596672058105469
                ],
                [
                    0.47662949562072754,
                    -0.7615934014320374,
                    -0.43908989429473877,
                    -1.7700281143188477
                ],
                [
                    0.0,
                    0.4994741380214691,
                    -0.8663286566734314,
                    -3.4922828674316406
                ],
                [
                    0.0,
                    0.0,
                    0.0,
                    1.0
                ]
            ]
        },
        {
            "file_path": "/data/shapenet_blender/all_50_random/02958343/44f30f4c65c3142a16abce8cb03e7794/r_9",
            "rotation": 0.12566370614359174,
            "transform_matrix": [
                [
                    0.762753963470459,
                    -0.31136491894721985,
                    -0.566796600818634,
                    -2.284830093383789
                ],
                [
                    -0.6466889381408691,
                    -0.3672473728656769,
                    -0.6685228943824768,
                    -2.694901943206787
                ],
                [
                    1.4901162970204496e-08,
                    0.8764594793319702,
                    -0.4814755916595459,
                    -1.9408901929855347
                ],
                [
                    0.0,
                    0.0,
                    0.0,
                    1.0
                ]
            ]
        },
        {
            "file_path": "/data/shapenet_blender/all_50_random/02958343/44f30f4c65c3142a16abce8cb03e7794/r_10",
            "rotation": 0.12566370614359174,
            "transform_matrix": [
                [
                    0.22165583074092865,
                    0.005620930809527636,
                    0.9751087427139282,
                    3.9307892322540283
                ],
                [
                    0.9751250147819519,
                    -0.001277694944292307,
                    -0.22165215015411377,
                    -0.8935084342956543
                ],
                [
                    1.1641530794914701e-10,
                    0.9999834299087524,
                    -0.005764318630099297,
                    -0.0232367143034935
                ],
                [
                    0.0,
                    0.0,
                    0.0,
                    1.0
                ]
            ]
        },
        {
            "file_path": "/data/shapenet_blender/all_50_random/02958343/44f30f4c65c3142a16abce8cb03e7794/r_11",
            "rotation": 0.12566370614359174,
            "transform_matrix": [
                [
                    -0.7462774515151978,
                    -0.4162299931049347,
                    -0.5194445252418518,
                    -2.0939478874206543
                ],
                [
                    -0.6656351089477539,
                    0.4666566848754883,
                    0.5823757648468018,
                    2.3476316928863525
                ],
                [
                    -1.4901161193847656e-08,
                    0.78037428855896,
                    -0.6253126263618469,
                    -2.5207157135009766
                ],
                [
                    0.0,
                    0.0,
                    0.0,
                    1.0
                ]
            ]
        },
        {
            "file_path": "/data/shapenet_blender/all_50_random/02958343/44f30f4c65c3142a16abce8cb03e7794/r_12",
            "rotation": 0.12566370614359174,
            "transform_matrix": [
                [
                    0.9977778792381287,
                    0.0018840667326003313,
                    -0.06660196930170059,
                    -0.26848116517066956
                ],
                [
                    -0.06662862747907639,
                    0.02821430377662182,
                    -0.9973787665367126,
                    -4.020562648773193
                ],
                [
                    1.1641532182693481e-10,
                    0.9996001124382019,
                    0.028277136385440826,
                    0.11398878693580627
                ],
                [
                    0.0,
                    0.0,
                    0.0,
                    1.0
                ]
            ]
        },
        {
            "file_path": "/data/shapenet_blender/all_50_random/02958343/44f30f4c65c3142a16abce8cb03e7794/r_13",
            "rotation": 0.12566370614359174,
            "transform_matrix": [
                [
                    -0.17455272376537323,
                    -0.8295056819915771,
                    -0.5305203199386597,
                    -2.1385958194732666
                ],
                [
                    -0.984647810459137,
                    0.14705000817775726,
                    0.09404759854078293,
                    0.3791179955005646
                ],
                [
                    0.0,
                    0.5387919545173645,
                    -0.8424388766288757,
                    -3.395979642868042
                ],
                [
                    0.0,
                    0.0,
                    0.0,
                    1.0
                ]
            ]
        },
        {
            "file_path": "/data/shapenet_blender/all_50_random/02958343/44f30f4c65c3142a16abce8cb03e7794/r_14",
            "rotation": 0.12566370614359174,
            "transform_matrix": [
                [
                    0.17286820709705353,
                    0.048480961471796036,
                    -0.9837510585784912,
                    -3.965627431869507
                ],
                [
                    -0.9849449992179871,
                    0.00850891787558794,
                    -0.17265865206718445,
                    -0.6960092782974243
                ],
                [
                    -9.313225746154785e-10,
                    0.9987879395484924,
                    0.04922199621796608,
                    0.1984202116727829
                ],
                [
                    0.0,
                    0.0,
                    0.0,
                    1.0
                ]
            ]
        },
        {
            "file_path": "/data/shapenet_blender/all_50_random/02958343/44f30f4c65c3142a16abce8cb03e7794/r_15",
            "rotation": 0.12566370614359174,
            "transform_matrix": [
                [
                    0.1495535522699356,
                    -0.908817708492279,
                    0.3894665241241455,
                    1.569989800453186
                ],
                [
                    0.9887536764144897,
                    0.13746286928653717,
                    -0.058908611536026,
                    -0.23746821284294128
                ],
                [
                    3.725290298461914e-09,
                    0.3938964605331421,
                    0.9191548228263855,
                    3.7052316665649414
                ],
                [
                    0.0,
                    0.0,
                    0.0,
                    1.0
                ]
            ]
        },
        {
            "file_path": "/data/shapenet_blender/all_50_random/02958343/44f30f4c65c3142a16abce8cb03e7794/r_16",
            "rotation": 0.12566370614359174,
            "transform_matrix": [
                [
                    0.3149110674858093,
                    -0.2987782955169678,
                    -0.9008676409721375,
                    -3.6315135955810547
                ],
                [
                    -0.9491212368011475,
                    -0.09913232922554016,
                    -0.29890090227127075,
                    -1.2049081325531006
                ],
                [
                    -7.450581485102248e-09,
                    0.9491596817970276,
                    -0.3147946894168854,
                    -1.2689779996871948
                ],
                [
                    0.0,
                    0.0,
                    0.0,
                    1.0
                ]
            ]
        },
        {
            "file_path": "/data/shapenet_blender/all_50_random/02958343/44f30f4c65c3142a16abce8cb03e7794/r_17",
            "rotation": 0.12566370614359174,
            "transform_matrix": [
                [
                    -0.6597025990486145,
                    0.6412904262542725,
                    0.39184048771858215,
                    1.579559564590454
                ],
                [
                    0.7515267133712769,
                    0.5629354119300842,
                    0.3439640998840332,
                    1.3865636587142944
                ],
                [
                    0.0,
                    0.5213926434516907,
                    -0.8533168435096741,
                    -3.4398303031921387
                ],
                [
                    0.0,
                    0.0,
                    0.0,
                    1.0
                ]
            ]
        },
        {
            "file_path": "/data/shapenet_blender/all_50_random/02958343/44f30f4c65c3142a16abce8cb03e7794/r_18",
            "rotation": 0.12566370614359174,
            "transform_matrix": [
                [
                    0.7669921517372131,
                    0.21209150552749634,
                    0.6055908203125,
                    2.4412147998809814
                ],
                [
                    0.6416564583778381,
                    -0.25351959466934204,
                    -0.7238816618919373,
                    -2.918060302734375
                ],
                [
                    -1.4901161193847656e-08,
                    0.9437927603721619,
                    -0.33053746819496155,
                    -1.3324391841888428
                ],
                [
                    0.0,
                    0.0,
                    0.0,
                    1.0
                ]
            ]
        },
        {
            "file_path": "/data/shapenet_blender/all_50_random/02958343/44f30f4c65c3142a16abce8cb03e7794/r_19",
            "rotation": 0.12566370614359174,
            "transform_matrix": [
                [
                    0.5988283753395081,
                    0.35119369626045227,
                    0.7197690606117249,
                    2.901481866836548
                ],
                [
                    0.8008772730827332,
                    -0.26259297132492065,
                    -0.5381824970245361,
                    -2.169482946395874
                ],
                [
                    0.0,
                    0.8987256288528442,
                    -0.4385112524032593,
                    -1.767695426940918
                ],
                [
                    0.0,
                    0.0,
                    0.0,
                    1.0
                ]
            ]
        },
        {
            "file_path": "/data/shapenet_blender/all_50_random/02958343/44f30f4c65c3142a16abce8cb03e7794/r_20",
            "rotation": 0.12566370614359174,
            "transform_matrix": [
                [
                    0.8381345868110657,
                    0.4919634163379669,
                    0.23558947443962097,
                    0.9496915340423584
                ],
                [
                    0.545463502407074,
                    -0.7559287548065186,
                    -0.3619961440563202,
                    -1.459253191947937
                ],
                [
                    0.0,
                    0.4319068491458893,
                    -0.9019181728363037,
                    -3.6357483863830566
                ],
                [
                    0.0,
                    0.0,
                    0.0,
                    1.0
                ]
            ]
        },
        {
            "file_path": "/data/shapenet_blender/all_50_random/02958343/44f30f4c65c3142a16abce8cb03e7794/r_21",
            "rotation": 0.12566370614359174,
            "transform_matrix": [
                [
                    -0.32060569524765015,
                    0.48888665437698364,
                    -0.8112964034080505,
                    -3.2704405784606934
                ],
                [
                    -0.947212815284729,
                    -0.1654747873544693,
                    0.27460166811943054,
                    1.10695481300354
                ],
                [
                    0.0,
                    0.8565090894699097,
                    0.5161317586898804,
                    2.0805938243865967
                ],
                [
                    0.0,
                    0.0,
                    0.0,
                    1.0
                ]
            ]
        },
        {
            "file_path": "/data/shapenet_blender/all_50_random/02958343/44f30f4c65c3142a16abce8cb03e7794/r_22",
            "rotation": 0.12566370614359174,
            "transform_matrix": [
                [
                    0.5833903551101685,
                    0.29936641454696655,
                    -0.7550068497657776,
                    -3.043530225753784
                ],
                [
                    -0.8121918439865112,
                    0.21503227949142456,
                    -0.5423148274421692,
                    -2.1861412525177
                ],
                [
                    0.0,
                    0.9295918345451355,
                    0.36859068274497986,
                    1.4858367443084717
                ],
                [
                    0.0,
                    0.0,
                    0.0,
                    1.0
                ]
            ]
        },
        {
            "file_path": "/data/shapenet_blender/all_50_random/02958343/44f30f4c65c3142a16abce8cb03e7794/r_23",
            "rotation": 0.12566370614359174,
            "transform_matrix": [
                [
                    -0.9565258622169495,
                    -0.012113954871892929,
                    -0.29139599204063416,
                    -1.1746548414230347
                ],
                [
                    -0.29164770245552063,
                    0.039730504155159,
                    0.9557003378868103,
                    3.852551221847534
                ],
                [
                    -9.313225746154785e-10,
                    0.9991370439529419,
                    -0.04153626412153244,
                    -0.16743803024291992
                ],
                [
                    0.0,
                    0.0,
                    0.0,
                    1.0
                ]
            ]
        },
        {
            "file_path": "/data/shapenet_blender/all_50_random/02958343/44f30f4c65c3142a16abce8cb03e7794/r_24",
            "rotation": 0.12566370614359174,
            "transform_matrix": [
                [
                    0.27308860421180725,
                    0.24780480563640594,
                    -0.9295241832733154,
                    -3.7470321655273438
                ],
                [
                    -0.9619889259338379,
                    0.07034660875797272,
                    -0.26387250423431396,
                    -1.063704252243042
                ],
                [
                    0.0,
                    0.9662525653839111,
                    0.25759628415107727,
                    1.0384039878845215
                ],
                [
                    0.0,
                    0.0,
                    0.0,
                    1.0
                ]
            ]
        },
        {
            "file_path": "/data/shapenet_blender/all_50_random/02958343/44f30f4c65c3142a16abce8cb03e7794/r_25",
            "rotation": 0.12566370614359174,
            "transform_matrix": [
                [
                    0.841200053691864,
                    0.20677098631858826,
                    -0.49962809681892395,
                    -2.0140652656555176
                ],
                [
                    -0.5407240390777588,
                    0.3216719627380371,
                    -0.7772674560546875,
                    -3.133265256881714
                ],
                [
                    0.0,
                    0.9239982962608337,
                    0.38239651918411255,
                    1.5414897203445435
                ],
                [
                    0.0,
                    0.0,
                    0.0,
                    1.0
                ]
            ]
        },
        {
            "file_path": "/data/shapenet_blender/all_50_random/02958343/44f30f4c65c3142a16abce8cb03e7794/r_26",
            "rotation": 0.12566370614359174,
            "transform_matrix": [
                [
                    -0.8541900515556335,
                    0.19658733904361725,
                    -0.4813655912876129,
                    -1.9404467344284058
                ],
                [
                    -0.5199609994888306,
                    -0.3229529857635498,
                    0.7907856702804565,
                    3.1877589225769043
                ],
                [
                    0.0,
                    0.925772488117218,
                    0.37808096408843994,
                    1.5240931510925293
                ],
                [
                    0.0,
                    0.0,
                    0.0,
                    1.0
                ]
            ]
        },
        {
            "file_path": "/data/shapenet_blender/all_50_random/02958343/44f30f4c65c3142a16abce8cb03e7794/r_27",
            "rotation": 0.12566370614359174,
            "transform_matrix": [
                [
                    0.4182683527469635,
                    0.367992103099823,
                    -0.8304416537284851,
                    -3.3476173877716064
                ],
                [
                    -0.9083235263824463,
                    0.169454425573349,
                    -0.38240498304367065,
                    -1.541523814201355
                ],
                [
                    0.0,
                    0.9142574667930603,
                    0.40513336658477783,
                    1.6331448554992676
                ],
                [
                    0.0,
                    0.0,
                    0.0,
                    1.0
                ]
            ]
        },
        {
            "file_path": "/data/shapenet_blender/all_50_random/02958343/44f30f4c65c3142a16abce8cb03e7794/r_28",
            "rotation": 0.12566370614359174,
            "transform_matrix": [
                [
                    0.994238555431366,
                    -0.06298168748617172,
                    0.0867343470454216,
                    0.34963735938072205
                ],
                [
                    0.10718927532434464,
                    0.584189236164093,
                    -0.8045080900192261,
                    -3.2430760860443115
                ],
                [
                    7.450580152834618e-09,
                    0.8091700673103333,
                    0.5875744223594666,
                    2.368588447570801
                ],
                [
                    0.0,
                    0.0,
                    0.0,
                    1.0
                ]
            ]
        },
        {
            "file_path": "/data/shapenet_blender/all_50_random/02958343/44f30f4c65c3142a16abce8cb03e7794/r_29",
            "rotation": 0.12566370614359174,
            "transform_matrix": [
                [
                    -0.8058861494064331,
                    0.32725101709365845,
                    0.493410587310791,
                    1.989001750946045
                ],
                [
                    0.5920702815055847,
                    0.44543206691741943,
                    0.6715973019599915,
                    2.7072954177856445
                ],
                [
                    1.4901159417490817e-08,
                    0.8333649039268494,
                    -0.552723228931427,
                    -2.2280986309051514
                ],
                [
                    0.0,
                    0.0,
                    0.0,
                    1.0
                ]
            ]
        },
        {
            "file_path": "/data/shapenet_blender/all_50_random/02958343/44f30f4c65c3142a16abce8cb03e7794/r_30",
            "rotation": 0.12566370614359174,
            "transform_matrix": [
                [
                    -0.16199369728565216,
                    -0.24919463694095612,
                    0.9548088908195496,
                    3.8489577770233154
                ],
                [
                    0.9867918491363525,
                    -0.04090828076004982,
                    0.15674331784248352,
                    0.6318525075912476
                ],
                [
                    -3.725290742551124e-09,
                    0.9675889611244202,
                    0.25253012776374817,
                    1.0179815292358398
                ],
                [
                    0.0,
                    0.0,
                    0.0,
                    1.0
                ]
            ]
        },
        {
            "file_path": "/data/shapenet_blender/all_50_random/02958343/44f30f4c65c3142a16abce8cb03e7794/r_31",
            "rotation": 0.12566370614359174,
            "transform_matrix": [
                [
                    -0.6869694590568542,
                    0.3747332990169525,
                    0.622613787651062,
                    2.509836435317993
                ],
                [
                    0.7266862988471985,
                    0.35425233840942383,
                    0.5885849595069885,
                    2.372661828994751
                ],
                [
                    0.0,
                    0.8567847609519958,
                    -0.5156741142272949,
                    -2.078748941421509
                ],
                [
                    0.0,
                    0.0,
                    0.0,
                    1.0
                ]
            ]
        },
        {
            "file_path": "/data/shapenet_blender/all_50_random/02958343/44f30f4c65c3142a16abce8cb03e7794/r_32",
            "rotation": 0.12566370614359174,
            "transform_matrix": [
                [
                    0.8037141561508179,
                    0.07303876429796219,
                    0.5905158519744873,
                    2.3804454803466797
                ],
                [
                    0.5950156450271606,
                    -0.09865670651197433,
                    -0.7976360321044922,
                    -3.2153737545013428
                ],
                [
                    0.0,
                    0.992437481880188,
                    -0.12275099754333496,
                    -0.4948250949382782
                ],
                [
                    0.0,
                    0.0,
                    0.0,
                    1.0
                ]
            ]
        },
        {
            "file_path": "/data/shapenet_blender/all_50_random/02958343/44f30f4c65c3142a16abce8cb03e7794/r_33",
            "rotation": 0.12566370614359174,
            "transform_matrix": [
                [
                    -0.8683691620826721,
                    -0.2835405170917511,
                    -0.4068657159805298,
                    -1.6401280164718628
                ],
                [
                    -0.4959182143211365,
                    0.4964887499809265,
                    0.7124353051185608,
                    2.871918201446533
                ],
                [
                    -1.4901159417490817e-08,
                    0.8204289674758911,
                    -0.5717484951019287,
                    -2.3047916889190674
                ],
                [
                    0.0,
                    0.0,
                    0.0,
                    1.0
                ]
            ]
        },
        {
            "file_path": "/data/shapenet_blender/all_50_random/02958343/44f30f4c65c3142a16abce8cb03e7794/r_34",
            "rotation": 0.12566370614359174,
            "transform_matrix": [
                [
                    0.5555663704872131,
                    0.34294503927230835,
                    -0.7574527859687805,
                    -3.053389549255371
                ],
                [
                    -0.8314722180366516,
                    0.22914625704288483,
                    -0.5061087012290955,
                    -2.040189266204834
                ],
                [
                    0.0,
                    0.910977840423584,
                    0.4124552309513092,
                    1.662660002708435
                ],
                [
                    0.0,
                    0.0,
                    0.0,
                    1.0
                ]
            ]
        },
        {
            "file_path": "/data/shapenet_blender/all_50_random/02958343/44f30f4c65c3142a16abce8cb03e7794/r_35",
            "rotation": 0.12566370614359174,
            "transform_matrix": [
                [
                    0.001967905554920435,
                    -0.005705084186047316,
                    -0.999981701374054,
                    -4.031055450439453
                ],
                [
                    -0.9999980330467224,
                    -1.1227089999010786e-05,
                    -0.0019678734242916107,
                    -0.00793275237083435
                ],
                [
                    -9.094946475628196e-13,
                    0.9999836683273315,
                    -0.005705094430595636,
                    -0.02299797348678112
                ],
                [
                    0.0,
                    0.0,
                    0.0,
                    1.0
                ]
            ]
        },
        {
            "file_path": "/data/shapenet_blender/all_50_random/02958343/44f30f4c65c3142a16abce8cb03e7794/r_36",
            "rotation": 0.12566370614359174,
            "transform_matrix": [
                [
                    -0.849216639995575,
                    -0.0005173329263925552,
                    -0.5280444025993347,
                    -2.128614902496338
                ],
                [
                    -0.5280447006225586,
                    0.0008319897460751235,
                    0.8492162227630615,
                    3.423299789428711
                ],
                [
                    0.0,
                    0.999999463558197,
                    -0.000979714561253786,
                    -0.003949355334043503
                ],
                [
                    0.0,
                    0.0,
                    0.0,
                    1.0
                ]
            ]
        },
        {
            "file_path": "/data/shapenet_blender/all_50_random/02958343/44f30f4c65c3142a16abce8cb03e7794/r_37",
            "rotation": 0.12566370614359174,
            "transform_matrix": [
                [
                    -0.24783359467983246,
                    0.8644195795059204,
                    -0.43744391202926636,
                    -1.7633929252624512
                ],
                [
                    -0.9688026309013367,
                    -0.22113090753555298,
                    0.11190441995859146,
                    0.4511011838912964
                ],
                [
                    0.0,
                    0.4515305459499359,
                    0.8922556042671204,
                    3.5967977046966553
                ],
                [
                    0.0,
                    0.0,
                    0.0,
                    1.0
                ]
            ]
        },
        {
            "file_path": "/data/shapenet_blender/all_50_random/02958343/44f30f4c65c3142a16abce8cb03e7794/r_38",
            "rotation": 0.12566370614359174,
            "transform_matrix": [
                [
                    0.8636724352836609,
                    0.1556408703327179,
                    -0.47942253947257996,
                    -1.9326140880584717
                ],
                [
                    -0.5040536522865295,
                    0.26668334007263184,
                    -0.82146817445755,
                    -3.311444044113159
                ],
                [
                    -1.4901161193847656e-08,
                    0.9511339664459229,
                    0.30877840518951416,
                    1.2447255849838257
                ],
                [
                    0.0,
                    0.0,
                    0.0,
                    1.0
                ]
            ]
        },
        {
            "file_path": "/data/shapenet_blender/all_50_random/02958343/44f30f4c65c3142a16abce8cb03e7794/r_39",
            "rotation": 0.12566370614359174,
            "transform_matrix": [
                [
                    -0.3794577717781067,
                    -0.33268922567367554,
                    -0.863324761390686,
                    -3.480173349380493
                ],
                [
                    -0.9252091646194458,
                    0.13644644618034363,
                    0.354077011346817,
                    1.4273301362991333
                ],
                [
                    -7.450581485102248e-09,
                    0.933113157749176,
                    -0.3595827519893646,
                    -1.4495244026184082
                ],
                [
                    0.0,
                    0.0,
                    0.0,
                    1.0
                ]
            ]
        },
        {
            "file_path": "/data/shapenet_blender/all_50_random/02958343/44f30f4c65c3142a16abce8cb03e7794/r_40",
            "rotation": 0.12566370614359174,
            "transform_matrix": [
                [
                    -0.9932599663734436,
                    -0.0552436001598835,
                    -0.10189592838287354,
                    -0.41075563430786133
                ],
                [
                    -0.11590787768363953,
                    0.47340402007102966,
                    0.8731861114501953,
                    3.519925832748413
                ],
                [
                    -3.725290298461914e-09,
                    0.8791113495826721,
                    -0.47661644220352173,
                    -1.921302318572998
                ],
                [
                    0.0,
                    0.0,
                    0.0,
                    1.0
                ]
            ]
        },
        {
            "file_path": "/data/shapenet_blender/all_50_random/02958343/44f30f4c65c3142a16abce8cb03e7794/r_41",
            "rotation": 0.12566370614359174,
            "transform_matrix": [
                [
                    0.9630511999130249,
                    0.034377459436655045,
                    0.26711544394493103,
                    1.0767767429351807
                ],
                [
                    0.269318550825119,
                    -0.12292972952127457,
                    -0.9551731944084167,
                    -3.850426197052002
                ],
                [
