{
    "class": "02958343",
    "model": "3a3f3ee1eb027cdca413908c0e169330",
    "remove_doubles": true,
    "edge_split": true,
    "denoise": true,
    "camera_angle_x": 0.6911112070083618,
    "scale_factor": 2.2721618589422374,
    "hdri_file": "/data/IndoorHDRDataset2018/9C4A5931-d172119da1.exr",
    "center_offset": [
        0.0,
        -4.656612873077393e-10,
        0.0
    ],
    "lights": [],
    "frames": [
        {
            "file_path": "/data/shapenet_blender/all_50_random/02958343/3a3f3ee1eb027cdca413908c0e169330/r_0",
            "rotation": 0.12566370614359174,
            "transform_matrix": [
                [
                    -0.5021820068359375,
                    0.4946528673171997,
                    -0.7093177437782288,
                    -2.859351634979248
                ],
                [
                    -0.8647620677947998,
                    -0.28725335001945496,
                    0.41191285848617554,
                    1.6604739427566528
                ],
                [
                    -2.980232594040899e-08,
                    0.8202463388442993,
                    0.5720103979110718,
                    2.3058478832244873
                ],
                [
                    0.0,
                    0.0,
                    0.0,
                    1.0
                ]
            ]
        },
        {
            "file_path": "/data/shapenet_blender/all_50_random/02958343/3a3f3ee1eb027cdca413908c0e169330/r_1",
            "rotation": 0.12566370614359174,
            "transform_matrix": [
                [
                    -0.17009316384792328,
                    0.581247091293335,
                    -0.7957512736320496,
                    -3.2077760696411133
                ],
                [
                    -0.985427975654602,
                    -0.10032814741134644,
                    0.13735337555408478,
                    0.553689181804657
                ],
                [
                    0.0,
                    0.8075183629989624,
                    0.5898423194885254,
                    2.377730369567871
                ],
                [
                    0.0,
                    0.0,
                    0.0,
                    1.0
                ]
            ]
        },
        {
            "file_path": "/data/shapenet_blender/all_50_random/02958343/3a3f3ee1eb027cdca413908c0e169330/r_2",
            "rotation": 0.12566370614359174,
            "transform_matrix": [
                [
                    0.7283464074134827,
                    -0.4612123370170593,
                    0.5067490935325623,
                    2.042771100997925
                ],
                [
                    0.6852091550827026,
                    0.490247905254364,
                    -0.5386514067649841,
                    -2.1713736057281494
                ],
                [
                    -1.4901162970204496e-08,
                    0.7395538687705994,
                    0.6730971932411194,
                    2.71334171295166
                ],
                [
                    0.0,
                    0.0,
                    0.0,
                    1.0
                ]
            ]
        },
        {
            "file_path": "/data/shapenet_blender/all_50_random/02958343/3a3f3ee1eb027cdca413908c0e169330/r_3",
            "rotation": 0.12566370614359174,
            "transform_matrix": [
                [
                    0.895269513130188,
                    0.1671527773141861,
                    -0.41298002004623413,
                    -1.6647758483886719
                ],
                [
                    -0.44552507996559143,
                    0.3358885645866394,
                    -0.8298711776733398,
                    -3.345317840576172
                ],
                [
                    -1.4901161193847656e-08,
                    0.9269513487815857,
                    0.37518149614334106,
                    1.5124051570892334
                ],
                [
                    0.0,
                    0.0,
                    0.0,
                    1.0
                ]
            ]
        },
        {
            "file_path": "/data/shapenet_blender/all_50_random/02958343/3a3f3ee1eb027cdca413908c0e169330/r_4",
            "rotation": 0.12566370614359174,
            "transform_matrix": [
                [
                    0.2511289417743683,
                    -0.011816739104688168,
                    0.967881441116333,
                    3.9016549587249756
                ],
                [
                    0.9679536819458008,
                    0.0030657718889415264,
                    -0.2511101961135864,
                    -1.0122575759887695
                ],
                [
                    0.0,
                    0.999925434589386,
                    0.012207959778606892,
                    0.049211859703063965
                ],
                [
                    0.0,
                    0.0,
                    0.0,
                    1.0
                ]
            ]
        },
        {
            "file_path": "/data/shapenet_blender/all_50_random/02958343/3a3f3ee1eb027cdca413908c0e169330/r_5",
            "rotation": 0.12566370614359174,
            "transform_matrix": [
                [
                    0.7967516183853149,
                    -0.1308867633342743,
                    0.5899623036384583,
                    2.3782143592834473
                ],
                [
                    0.6043069958686829,
                    0.17256830632686615,
                    -0.7778387665748596,
                    -3.135568618774414
                ],
                [
                    0.0,
                    0.9762627482414246,
                    0.21658983826637268,
                    0.8731016516685486
                ],
                [
                    0.0,
                    0.0,
                    0.0,
                    1.0
                ]
            ]
        },
        {
            "file_path": "/data/shapenet_blender/all_50_random/02958343/3a3f3ee1eb027cdca413908c0e169330/r_6",
            "rotation": 0.12566370614359174,
            "transform_matrix": [
                [
                    -0.46735361218452454,
                    0.8560023307800293,
                    0.22099918127059937,
                    0.8908761739730835
                ],
                [
                    0.8840704560279846,
                    0.45251569151878357,
                    0.11682865023612976,
                    0.4709513485431671
                ],
                [
                    0.0,
                    0.2499791383743286,
                    -0.9682512283325195,
                    -3.9031455516815186
                ],
                [
                    0.0,
                    0.0,
                    0.0,
                    1.0
                ]
            ]
        },
        {
            "file_path": "/data/shapenet_blender/all_50_random/02958343/3a3f3ee1eb027cdca413908c0e169330/r_7",
            "rotation": 0.12566370614359174,
            "transform_matrix": [
                [
                    -0.0038645174354314804,
                    -0.8572750091552734,
                    -0.5148440599441528,
                    -2.0754027366638184
                ],
                [
                    -0.9999925494194031,
                    0.003312978893518448,
                    0.001989638665691018,
                    0.008020490407943726
                ],
                [
                    0.0,
                    0.5148479342460632,
                    -0.857281506061554,
                    -3.4558122158050537
                ],
                [
                    0.0,
                    0.0,
                    0.0,
                    1.0
                ]
            ]
        },
        {
            "file_path": "/data/shapenet_blender/all_50_random/02958343/3a3f3ee1eb027cdca413908c0e169330/r_8",
            "rotation": 0.12566370614359174,
            "transform_matrix": [
                [
                    -0.9004830121994019,
                    0.02719573676586151,
                    0.4340401887893677,
                    1.7496719360351562
                ],
                [
                    0.43489140272140503,
                    0.05631129816174507,
                    0.8987205028533936,
                    3.6228582859039307
                ],
                [
                    0.0,
                    0.9980427622795105,
                    -0.06253455579280853,
                    -0.2520848512649536
                ],
                [
                    0.0,
                    0.0,
                    0.0,
                    1.0
                ]
            ]
        },
        {
            "file_path": "/data/shapenet_blender/all_50_random/02958343/3a3f3ee1eb027cdca413908c0e169330/r_9",
            "rotation": 0.12566370614359174,
            "transform_matrix": [
                [
                    0.8819291591644287,
                    -0.0005046234582550824,
                    0.47138169407844543,
                    1.9002004861831665
                ],
                [
                    0.4713819921016693,
                    0.0009441222064197063,
                    -0.8819286227226257,
                    -3.5551681518554688
                ],
                [
                    -5.8207657444020455e-11,
                    0.999999463558197,
                    0.0010705192107707262,
                    0.004315401427447796
                ],
                [
                    0.0,
                    0.0,
                    0.0,
                    1.0
                ]
            ]
        },
        {
            "file_path": "/data/shapenet_blender/all_50_random/02958343/3a3f3ee1eb027cdca413908c0e169330/r_10",
            "rotation": 0.12566370614359174,
            "transform_matrix": [
                [
                    0.07630344480276108,
                    -0.426466166973114,
                    0.9012792110443115,
                    3.6331729888916016
                ],
                [
                    0.9970846176147461,
                    0.03263598307967186,
                    -0.06897178292274475,
                    -0.27803418040275574
                ],
                [
                    1.862645149230957e-09,
                    0.9039145708084106,
                    0.427713006734848,
                    1.7241663932800293
                ],
                [
                    0.0,
                    0.0,
                    0.0,
                    1.0
                ]
            ]
        },
        {
            "file_path": "/data/shapenet_blender/all_50_random/02958343/3a3f3ee1eb027cdca413908c0e169330/r_11",
            "rotation": 0.12566370614359174,
            "transform_matrix": [
                [
                    -0.9765840768814087,
                    -0.027167197316884995,
                    -0.21341390907764435,
                    -0.8602989912033081
                ],
                [
                    -0.21513612568378448,
                    0.12332215905189514,
                    0.9687662720680237,
                    3.905221700668335
                ],
                [
                    0.0,
                    0.9919947981834412,
                    -0.1262791007757187,
                    -0.5090473294258118
                ],
                [
                    0.0,
                    0.0,
                    0.0,
                    1.0
                ]
            ]
        },
        {
            "file_path": "/data/shapenet_blender/all_50_random/02958343/3a3f3ee1eb027cdca413908c0e169330/r_12",
            "rotation": 0.12566370614359174,
            "transform_matrix": [
                [
                    -0.5638639330863953,
                    -0.11317858099937439,
                    -0.8180758953094482,
                    -3.297769069671631
                ],
                [
                    -0.8258677124977112,
                    0.07727305591106415,
                    0.5585440397262573,
                    2.2515628337860107
                ],
                [
                    7.450580152834618e-09,
                    0.990565299987793,
                    -0.13704201579093933,
                    -0.552433967590332
                ],
                [
                    0.0,
                    0.0,
                    0.0,
                    1.0
                ]
            ]
        },
        {
            "file_path": "/data/shapenet_blender/all_50_random/02958343/3a3f3ee1eb027cdca413908c0e169330/r_13",
            "rotation": 0.12566370614359174,
            "transform_matrix": [
                [
                    -0.8816884756088257,
                    -0.03277374431490898,
                    0.47069230675697327,
                    1.8974214792251587
                ],
                [
                    0.4718319773674011,
                    -0.061242636293172836,
                    0.879558801651001,
                    3.5456151962280273
                ],
                [
                    1.862645149230957e-09,
                    0.9975846409797668,
                    0.06946061551570892,
                    0.28000473976135254
                ],
                [
                    0.0,
                    0.0,
                    0.0,
                    1.0
                ]
            ]
        },
        {
            "file_path": "/data/shapenet_blender/all_50_random/02958343/3a3f3ee1eb027cdca413908c0e169330/r_14",
            "rotation": 0.12566370614359174,
            "transform_matrix": [
                [
                    -0.15724816918373108,
                    0.19531159102916718,
                    -0.968052864074707,
                    -3.902345895767212
                ],
                [
                    -0.9875591993331909,
                    -0.031099287793040276,
                    0.15414218604564667,
                    0.6213670372962952
                ],
                [
                    1.862645371275562e-09,
                    0.980247974395752,
                    0.1977720558643341,
                    0.797244668006897
                ],
                [
                    0.0,
                    0.0,
                    0.0,
                    1.0
                ]
            ]
        },
        {
            "file_path": "/data/shapenet_blender/all_50_random/02958343/3a3f3ee1eb027cdca413908c0e169330/r_15",
            "rotation": 0.12566370614359174,
            "transform_matrix": [
                [
                    -0.7746490836143494,
                    -0.47163334488868713,
                    -0.421284556388855,
                    -1.6982524394989014
                ],
                [
                    -0.6323912143707275,
                    0.5777283310890198,
                    0.5160534381866455,
                    2.080278158187866
                ],
                [
                    0.0,
                    0.6661770939826965,
                    -0.7457935214042664,
                    -3.00639009475708
                ],
                [
                    0.0,
                    0.0,
                    0.0,
                    1.0
                ]
            ]
        },
        {
            "file_path": "/data/shapenet_blender/all_50_random/02958343/3a3f3ee1eb027cdca413908c0e169330/r_16",
            "rotation": 0.12566370614359174,
            "transform_matrix": [
                [
                    -0.9694716334342957,
                    -0.03044774755835533,
                    0.24330571293830872,
                    0.980796754360199
                ],
                [
                    0.24520348012447357,
                    -0.12038257718086243,
                    0.9619683623313904,
                    3.8778188228607178
                ],
                [
                    0.0,
                    0.9922604560852051,
                    0.12417338788509369,
                    0.5005589723587036
                ],
                [
                    0.0,
                    0.0,
                    0.0,
                    1.0
                ]
            ]
        },
        {
            "file_path": "/data/shapenet_blender/all_50_random/02958343/3a3f3ee1eb027cdca413908c0e169330/r_17",
            "rotation": 0.12566370614359174,
            "transform_matrix": [
                [
                    0.9532105326652527,
                    -0.2923140227794647,
                    -0.07708469778299332,
                    -0.31073838472366333
                ],
                [
                    -0.30230700969696045,
                    -0.9217013716697693,
                    -0.24305735528469086,
                    -0.9797955751419067
                ],
                [
                    0.0,
                    0.2549881339073181,
                    -0.9669440984725952,
                    -3.897876501083374
                ],
                [
                    0.0,
                    0.0,
                    0.0,
                    1.0
                ]
            ]
        },
        {
            "file_path": "/data/shapenet_blender/all_50_random/02958343/3a3f3ee1eb027cdca413908c0e169330/r_18",
            "rotation": 0.12566370614359174,
            "transform_matrix": [
                [
                    0.9654709696769714,
                    -0.1532626748085022,
                    0.21065670251846313,
                    0.8491843938827515
                ],
                [
                    0.2605104446411133,
                    0.5680027604103088,
                    -0.7807092666625977,
                    -3.1471400260925293
                ],
                [
                    0.0,
                    0.8086304664611816,
                    0.5883167386054993,
                    2.3715808391571045
                ],
                [
                    0.0,
                    0.0,
                    0.0,
                    1.0
                ]
            ]
        },
        {
            "file_path": "/data/shapenet_blender/all_50_random/02958343/3a3f3ee1eb027cdca413908c0e169330/r_19",
            "rotation": 0.12566370614359174,
            "transform_matrix": [
                [
                    -0.9302704930305481,
                    0.1796591579914093,
                    -0.3198740780353546,
                    -1.2894536256790161
                ],
                [
                    -0.3668743968009949,
                    -0.45555534958839417,
                    0.8110933899879456,
                    3.2696220874786377
                ],
                [
                    1.4901161193847656e-08,
                    0.8718898892402649,
                    0.4897020161151886,
                    1.9740519523620605
                ],
                [
                    0.0,
                    0.0,
                    0.0,
                    1.0
                ]
            ]
        },
        {
            "file_path": "/data/shapenet_blender/all_50_random/02958343/3a3f3ee1eb027cdca413908c0e169330/r_20",
            "rotation": 0.12566370614359174,
            "transform_matrix": [
                [
                    -0.5993639826774597,
                    -0.3292739987373352,
                    -0.7296173572540283,
                    -2.9411816596984863
                ],
                [
                    -0.8004767298698425,
                    0.24654683470726013,
                    0.5463074445724487,
                    2.202235698699951
                ],
                [
                    1.4901162970204496e-08,
                    0.911478579044342,
                    -0.4113474190235138,
                    -1.6581945419311523
                ],
                [
                    0.0,
                    0.0,
                    0.0,
                    1.0
                ]
            ]
        },
        {
            "file_path": "/data/shapenet_blender/all_50_random/02958343/3a3f3ee1eb027cdca413908c0e169330/r_21",
            "rotation": 0.12566370614359174,
            "transform_matrix": [
                [
                    0.3336217701435089,
                    -0.16636723279953003,
                    0.9279108047485352,
                    3.740528106689453
                ],
                [
                    0.9427070617675781,
                    0.058876968920230865,
                    -0.3283854126930237,
                    -1.3237639665603638
                ],
                [
                    0.0,
                    0.9843044281005859,
                    0.17647822201251984,
                    0.7114064693450928
                ],
                [
                    0.0,
                    0.0,
                    0.0,
                    1.0
                ]
            ]
        },
        {
            "file_path": "/data/shapenet_blender/all_50_random/02958343/3a3f3ee1eb027cdca413908c0e169330/r_22",
            "rotation": 0.12566370614359174,
            "transform_matrix": [
                [
                    0.8792365193367004,
                    0.2973739206790924,
                    -0.37217167019844055,
                    -1.5002720355987549
                ],
                [
                    -0.47638532519340515,
                    0.548845648765564,
                    -0.686895489692688,
                    -2.7689642906188965
                ],
                [
                    0.0,
                    0.7812407612800598,
                    0.6242297887802124,
                    2.516350746154785
                ],
                [
                    0.0,
                    0.0,
                    0.0,
                    1.0
                ]
            ]
        },
        {
            "file_path": "/data/shapenet_blender/all_50_random/02958343/3a3f3ee1eb027cdca413908c0e169330/r_23",
            "rotation": 0.12566370614359174,
            "transform_matrix": [
                [
                    -0.338325172662735,
                    -0.6706722378730774,
                    -0.660102128982544,
                    -2.660956859588623
                ],
                [
                    -0.9410293102264404,
                    0.24112460017204285,
                    0.23732435703277588,
                    0.9566850662231445
                ],
                [
                    0.0,
                    0.7014682292938232,
                    -0.7127007246017456,
                    -2.87298846244812
                ],
                [
                    0.0,
                    0.0,
                    0.0,
                    1.0
                ]
            ]
        },
        {
            "file_path": "/data/shapenet_blender/all_50_random/02958343/3a3f3ee1eb027cdca413908c0e169330/r_24",
            "rotation": 0.12566370614359174,
            "transform_matrix": [
                [
                    -0.8556548357009888,
                    -0.1792854219675064,
                    0.4855012893676758,
                    1.957118272781372
                ],
                [
                    0.5175468325614929,
                    -0.2964106798171997,
                    0.8026741743087769,
                    3.2356832027435303
                ],
                [
                    0.0,
                    0.938081681728363,
                    0.34641388058662415,
                    1.3964390754699707
                ],
                [
                    0.0,
                    0.0,
                    0.0,
                    1.0
                ]
            ]
        },
        {
            "file_path": "/data/shapenet_blender/all_50_random/02958343/3a3f3ee1eb027cdca413908c0e169330/r_25",
            "rotation": 0.12566370614359174,
            "transform_matrix": [
                [
                    -0.592413067817688,
                    0.3642657995223999,
                    0.7185798287391663,
                    2.896688222885132
                ],
                [
                    0.8056342601776123,
                    0.2678582966327667,
                    0.5283986926078796,
                    2.1300435066223145
                ],
                [
                    0.0,
                    0.8919429779052734,
                    -0.45214778184890747,
                    -1.8226661682128906
                ],
                [
                    0.0,
                    0.0,
                    0.0,
                    1.0
                ]
            ]
        },
        {
            "file_path": "/data/shapenet_blender/all_50_random/02958343/3a3f3ee1eb027cdca413908c0e169330/r_26",
            "rotation": 0.12566370614359174,
            "transform_matrix": [
                [
                    0.35259416699409485,
                    -0.16439199447631836,
                    0.921223521232605,
                    3.7135703563690186
                ],
                [
                    0.9357763528823853,
                    0.06194177642464638,
                    -0.34711071848869324,
                    -1.3992478847503662
                ],
                [
                    3.7252898543727042e-09,
                    0.9844483137130737,
                    0.1756744533777237,
                    0.7081663012504578
                ],
                [
                    0.0,
                    0.0,
                    0.0,
                    1.0
                ]
            ]
        },
        {
            "file_path": "/data/shapenet_blender/all_50_random/02958343/3a3f3ee1eb027cdca413908c0e169330/r_27",
            "rotation": 0.12566370614359174,
            "transform_matrix": [
                [
                    0.663911759853363,
                    0.049616869539022446,
                    -0.7461631298065186,
                    -3.0078797340393066
                ],
                [
                    -0.747810959815979,
                    0.044050198048353195,
                    -0.6624487638473511,
                    -2.6704163551330566
                ],
                [
                    0.0,
                    0.9977964758872986,
                    0.06634947657585144,
                    0.2674632966518402
                ],
                [
                    0.0,
                    0.0,
                    0.0,
                    1.0
                ]
            ]
        },
        {
            "file_path": "/data/shapenet_blender/all_50_random/02958343/3a3f3ee1eb027cdca413908c0e169330/r_28",
            "rotation": 0.12566370614359174,
            "transform_matrix": [
                [
                    -0.8377348184585571,
                    0.13813911378383636,
                    0.5283160209655762,
                    2.1297101974487305
                ],
                [
                    0.5460771322250366,
                    0.2119186669588089,
                    0.8104875087738037,
                    3.2671799659729004
                ],
                [
                    -7.450580152834618e-09,
                    0.9674751162528992,
                    -0.2529662251472473,
                    -1.0197396278381348
                ],
                [
                    0.0,
                    0.0,
                    0.0,
                    1.0
                ]
            ]
        },
        {
            "file_path": "/data/shapenet_blender/all_50_random/02958343/3a3f3ee1eb027cdca413908c0e169330/r_29",
            "rotation": 0.12566370614359174,
            "transform_matrix": [
                [
                    -0.28712910413742065,
                    -0.41604095697402954,
                    0.8628249764442444,
                    3.4781582355499268
                ],
                [
                    0.9578918814659119,
                    -0.12470870465040207,
                    0.25863268971443176,
                    1.042581558227539
                ],
                [
                    -7.4505797087454084e-09,
                    0.9007539749145508,
                    0.4343298077583313,
                    1.7508392333984375
                ],
                [
                    0.0,
                    0.0,
                    0.0,
                    1.0
                ]
            ]
        },
        {
            "file_path": "/data/shapenet_blender/all_50_random/02958343/3a3f3ee1eb027cdca413908c0e169330/r_30",
            "rotation": 0.12566370614359174,
            "transform_matrix": [
                [
                    -0.9924274682998657,
                    -0.0300286915153265,
                    0.11910572648048401,
                    0.48013052344322205
                ],
                [
                    0.12283281981945038,
                    -0.24261674284934998,
                    0.9623144865036011,
                    3.879213571548462
                ],
                [
                    -1.862645371275562e-09,
                    0.9696572422981262,
                    0.24446804821491241,
                    0.9854821562767029
                ],
                [
                    0.0,
                    0.0,
                    0.0,
                    1.0
                ]
            ]
        },
        {
            "file_path": "/data/shapenet_blender/all_50_random/02958343/3a3f3ee1eb027cdca413908c0e169330/r_31",
            "rotation": 0.12566370614359174,
            "transform_matrix": [
                [
                    -0.09635300934314728,
                    0.2694806158542633,
                    0.958173394203186,
                    3.862520456314087
                ],
                [
                    0.995347261428833,
                    0.02608664520084858,
                    0.09275446087121964,
                    0.3739051818847656
                ],
                [
                    0.0,
                    0.9626523852348328,
                    -0.2707403004169464,
                    -1.0913890600204468
                ],
                [
                    0.0,
                    0.0,
                    0.0,
                    1.0
                ]
            ]
        },
        {
            "file_path": "/data/shapenet_blender/all_50_random/02958343/3a3f3ee1eb027cdca413908c0e169330/r_32",
            "rotation": 0.12566370614359174,
            "transform_matrix": [
                [
                    -0.9433016777038574,
                    -0.009140710346400738,
                    -0.33181098103523254,
                    -1.3375728130340576
                ],
                [
                    -0.33193686604499817,
                    0.025976164266467094,
                    0.9429438710212708,
                    3.801128387451172
                ],
                [
                    -9.31322685637781e-10,
                    0.9996206760406494,
                    -0.027537500485777855,
                    -0.1110072135925293
                ],
                [
                    0.0,
                    0.0,
                    0.0,
                    1.0
                ]
            ]
        },
        {
            "file_path": "/data/shapenet_blender/all_50_random/02958343/3a3f3ee1eb027cdca413908c0e169330/r_33",
            "rotation": 0.12566370614359174,
            "transform_matrix": [
                [
                    0.44030746817588806,
                    -0.2595835030078888,
                    -0.8595032095909119,
                    -3.464768171310425
                ],
                [
                    -0.8978471159934998,
                    -0.1273006796836853,
                    -0.4215034544467926,
                    -1.6991348266601562
                ],
                [
                    0.0,
                    0.9572936296463013,
                    -0.2891176640987396,
                    -1.1654706001281738
                ],
                [
                    0.0,
                    0.0,
                    0.0,
                    1.0
                ]
            ]
        },
        {
            "file_path": "/data/shapenet_blender/all_50_random/02958343/3a3f3ee1eb027cdca413908c0e169330/r_34",
            "rotation": 0.12566370614359174,
            "transform_matrix": [
                [
                    0.7303496599197388,
                    -0.6783619523048401,
                    0.0800902470946312,
                    0.32285410165786743
                ],
                [
                    0.6830734610557556,
                    0.7253120541572571,
                    -0.08563337475061417,
                    -0.3451991677284241
                ],
                [
                    0.0,
                    0.1172497496008873,
                    0.9931024312973022,
                    4.003324031829834
                ],
                [
                    0.0,
                    0.0,
                    0.0,
                    1.0
                ]
            ]
        },
        {
            "file_path": "/data/shapenet_blender/all_50_random/02958343/3a3f3ee1eb027cdca413908c0e169330/r_35",
            "rotation": 0.12566370614359174,
            "transform_matrix": [
                [
                    -0.9994962215423584,
                    -0.004860440269112587,
                    -0.03136315196752548,
                    -0.12642890214920044
                ],
                [
                    -0.03173753246665001,
                    0.1530676931142807,
                    0.9877059459686279,
                    3.98157000541687
                ],
                [
                    -4.6566123179658803e-10,
                    0.9882038235664368,
                    -0.15314483642578125,
                    -0.6173465847969055
                ],
                [
                    0.0,
                    0.0,
                    0.0,
                    1.0
                ]
            ]
        },
        {
            "file_path": "/data/shapenet_blender/all_50_random/02958343/3a3f3ee1eb027cdca413908c0e169330/r_36",
            "rotation": 0.12566370614359174,
            "transform_matrix": [
                [
                    0.5886353850364685,
                    -0.047723401337862015,
                    -0.8069887161254883,
                    -3.25307559967041
                ],
                [
                    -0.8083986639976501,
                    -0.03474979102611542,
                    -0.5876087546348572,
                    -2.3687267303466797
                ],
                [
                    -1.862645149230957e-09,
                    0.9982559084892273,
                    -0.05903449282050133,
                    -0.23797565698623657
                ],
                [
                    0.0,
                    0.0,
                    0.0,
                    1.0
                ]
            ]
        },
        {
            "file_path": "/data/shapenet_blender/all_50_random/02958343/3a3f3ee1eb027cdca413908c0e169330/r_37",
            "rotation": 0.12566370614359174,
            "transform_matrix": [
                [
                    0.9721893668174744,
                    0.08024855703115463,
                    0.22001862525939941,
                    0.8869234323501587
                ],
                [
                    0.23419657349586487,
                    -0.3331252634525299,
                    -0.913334310054779,
                    -3.6817684173583984
                ],
                [
                    0.0,
                    0.939461350440979,
                    -0.3426547348499298,
                    -1.3812854290008545
                ],
                [
                    0.0,
                    0.0,
                    0.0,
                    1.0
                ]
            ]
        },
        {
            "file_path": "/data/shapenet_blender/all_50_random/02958343/3a3f3ee1eb027cdca413908c0e169330/r_38",
            "rotation": 0.12566370614359174,
            "transform_matrix": [
                [
                    -0.7333969473838806,
                    0.028650490567088127,
                    0.6791965961456299,
                    2.737929344177246
                ],
                [
                    0.6798006892204285,
                    0.030909325927495956,
                    0.7327452301979065,
                    2.9537906646728516
                ],
                [
                    1.862645371275562e-09,
                    0.9991114735603333,
                    -0.04214542359113693,
                    -0.16989365220069885
                ],
                [
                    0.0,
                    0.0,
                    0.0,
                    1.0
                ]
            ]
        },
        {
            "file_path": "/data/shapenet_blender/all_50_random/02958343/3a3f3ee1eb027cdca413908c0e169330/r_39",
            "rotation": 0.12566370614359174,
            "transform_matrix": [
                [
                    -0.06273794174194336,
                    -0.9322890043258667,
                    -0.356231689453125,
                    -1.4360158443450928
                ],
                [
                    -0.9980300664901733,
                    0.058605339378118515,
                    0.022393353283405304,
                    0.09027049690485
                ],
                [
                    1.862645371275562e-09,
                    0.3569348454475403,
                    -0.9341292381286621,
                    -3.7655954360961914
                ],
                [
                    0.0,
                    0.0,
                    0.0,
                    1.0
                ]
            ]
        },
        {
            "file_path": "/data/shapenet_blender/all_50_random/02958343/3a3f3ee1eb027cdca413908c0e169330/r_40",
            "rotation": 0.12566370614359174,
            "transform_matrix": [
                [
                    0.9143087267875671,
                    -0.16934074461460114,
                    0.36791762709617615,
                    1.483123540878296
                ],
                [
                    0.4050181806087494,
                    0.3822784423828125,
                    -0.8305560350418091,
                    -3.348078727722168
                ],
                [
                    0.0,
                    0.908397912979126,
                    0.4181065559387207,
                    1.6854416131973267
                ],
                [
                    0.0,
                    0.0,
                    0.0,
                    1.0
                ]
            ]
        },
        {
            "file_path": "/data/shapenet_blender/all_50_random/02958343/3a3f3ee1eb027cdca413908c0e169330/r_41",
            "rotation": 0.12566370614359174,
            "transform_matrix": [
                [
                    0.7576313614845276,
                    0.15039575099945068,
                    0.6351187229156494,
                    2.5602455139160156
                ],
                [
                    0.6526827216148376,
                    -0.17457877099514008,
                    -0.7372431755065918,
                    -2.9719223976135254
                ],
                [
                    0.0,
