{
    "class": "02958343",
    "model": "406ff3d73672bb2b21669bcdba443569",
    "remove_doubles": true,
    "edge_split": true,
    "denoise": true,
    "camera_angle_x": 0.6911112070083618,
    "scale_factor": 2.2408512052951632,
    "hdri_file": "/data/IndoorHDRDataset2018/AG8A3980-23713ee947.exr",
    "center_offset": [
        0.0,
        -1.862645149230957e-09,
        -3.725290298461914e-09
    ],
    "lights": [],
    "frames": [
        {
            "file_path": "/data/shapenet_blender/all_50_random/02958343/406ff3d73672bb2b21669bcdba443569/r_0",
            "rotation": 0.12566370614359174,
            "transform_matrix": [
                [
                    -0.617057204246521,
                    -0.1242145225405693,
                    0.7770528197288513,
                    3.1324002742767334
                ],
                [
                    0.7869184017181396,
                    -0.09740205109119415,
                    0.6093211770057678,
                    2.4562525749206543
                ],
                [
                    0.0,
                    0.987463116645813,
                    0.15784932672977448,
                    0.6363110542297363
                ],
                [
                    0.0,
                    0.0,
                    0.0,
                    1.0
                ]
            ]
        },
        {
            "file_path": "/data/shapenet_blender/all_50_random/02958343/406ff3d73672bb2b21669bcdba443569/r_1",
            "rotation": 0.12566370614359174,
            "transform_matrix": [
                [
                    -0.6926047801971436,
                    -0.05695817247033119,
                    0.7190649509429932,
                    2.8986434936523438
                ],
                [
                    0.7213173508644104,
                    -0.05469090864062309,
                    0.6904420256614685,
                    2.7832608222961426
                ],
                [
                    0.0,
                    0.9968774318695068,
                    0.07896409928798676,
                    0.31831446290016174
                ],
                [
                    0.0,
                    0.0,
                    0.0,
                    1.0
                ]
            ]
        },
        {
            "file_path": "/data/shapenet_blender/all_50_random/02958343/406ff3d73672bb2b21669bcdba443569/r_2",
            "rotation": 0.12566370614359174,
            "transform_matrix": [
                [
                    -0.515799880027771,
                    0.8334798216819763,
                    0.19814574718475342,
                    0.7987510561943054
                ],
                [
                    0.8567092418670654,
                    0.5018141269683838,
                    0.11929783225059509,
                    0.4809049367904663
                ],
                [
                    -7.450581485102248e-09,
                    0.2312871664762497,
                    -0.9728855490684509,
                    -3.9218270778656006
                ],
                [
                    0.0,
                    0.0,
                    0.0,
                    1.0
                ]
            ]
        },
        {
            "file_path": "/data/shapenet_blender/all_50_random/02958343/406ff3d73672bb2b21669bcdba443569/r_3",
            "rotation": 0.12566370614359174,
            "transform_matrix": [
                [
                    0.0957297682762146,
                    -0.06288111209869385,
                    0.9934192299842834,
                    4.004601001739502
                ],
                [
                    0.9954073429107666,
                    0.006047367583960295,
                    -0.09553857147693634,
                    -0.38512828946113586
                ],
                [
                    4.6566125955216364e-10,
                    0.9980027079582214,
                    0.06317123025655746,
                    0.25465136766433716
                ],
                [
                    0.0,
                    0.0,
                    0.0,
                    1.0
                ]
            ]
        },
        {
            "file_path": "/data/shapenet_blender/all_50_random/02958343/406ff3d73672bb2b21669bcdba443569/r_4",
            "rotation": 0.12566370614359174,
            "transform_matrix": [
                [
                    0.574614942073822,
                    -0.16534054279327393,
                    -0.8015486001968384,
                    -3.2311458587646484
                ],
                [
                    -0.8184238076210022,
                    -0.11608550697565079,
                    -0.5627668499946594,
                    -2.268585681915283
                ],
                [
                    0.0,
                    0.9793806672096252,
                    -0.20202313363552094,
                    -0.8143813014030457
                ],
                [
                    0.0,
                    0.0,
                    0.0,
                    1.0
                ]
            ]
        },
        {
            "file_path": "/data/shapenet_blender/all_50_random/02958343/406ff3d73672bb2b21669bcdba443569/r_5",
            "rotation": 0.12566370614359174,
            "transform_matrix": [
                [
                    0.713149905204773,
                    0.3023126721382141,
                    -0.6324746608734131,
                    -2.5495870113372803
                ],
                [
                    -0.7010114789009094,
                    0.307547390460968,
                    -0.6434262990951538,
                    -2.5937342643737793
                ],
                [
                    0.0,
                    0.9022315144538879,
                    0.43125206232070923,
                    1.7384326457977295
                ],
                [
                    0.0,
                    0.0,
                    0.0,
                    1.0
                ]
            ]
        },
        {
            "file_path": "/data/shapenet_blender/all_50_random/02958343/406ff3d73672bb2b21669bcdba443569/r_6",
            "rotation": 0.12566370614359174,
            "transform_matrix": [
                [
                    -0.505362868309021,
                    0.86055588722229,
                    -0.06365595757961273,
                    -0.2566053867340088
                ],
                [
                    -0.8629069924354553,
                    -0.5039859414100647,
                    0.037280213087797165,
                    0.15028133988380432
                ],
                [
                    0.0,
                    0.07376851886510849,
                    0.9972753524780273,
                    4.020145416259766
                ],
                [
                    0.0,
                    0.0,
                    0.0,
                    1.0
                ]
            ]
        },
        {
            "file_path": "/data/shapenet_blender/all_50_random/02958343/406ff3d73672bb2b21669bcdba443569/r_7",
            "rotation": 0.12566370614359174,
            "transform_matrix": [
                [
                    0.9653507471084595,
                    0.24645192921161652,
                    -0.08578768372535706,
                    -0.34582120180130005
                ],
                [
                    -0.2609561085700989,
                    0.911695659160614,
                    -0.3173529803752899,
                    -1.279290795326233
                ],
                [
                    0.0,
                    0.3287437856197357,
                    0.9444191455841064,
                    3.807075262069702
                ],
                [
                    0.0,
                    0.0,
                    0.0,
                    1.0
                ]
            ]
        },
        {
            "file_path": "/data/shapenet_blender/all_50_random/02958343/406ff3d73672bb2b21669bcdba443569/r_8",
            "rotation": 0.12566370614359174,
            "transform_matrix": [
                [
                    0.9966607093811035,
                    0.010192498564720154,
                    0.08101563900709152,
                    0.32658448815345764
                ],
                [
                    0.08165426552295685,
                    -0.12440822273492813,
                    -0.9888656139373779,
                    -3.9862446784973145
                ],
                [
                    0.0,
                    0.992178738117218,
                    -0.12482505291700363,
                    -0.5031858682632446
                ],
                [
                    0.0,
                    0.0,
                    0.0,
                    1.0
                ]
            ]
        },
        {
            "file_path": "/data/shapenet_blender/all_50_random/02958343/406ff3d73672bb2b21669bcdba443569/r_9",
            "rotation": 0.12566370614359174,
            "transform_matrix": [
                [
                    -0.5310220718383789,
                    -0.6220351457595825,
                    0.5754023194313049,
                    2.319520950317383
                ],
                [
                    0.8473579287528992,
                    -0.3898168206214905,
                    0.3605929911136627,
                    1.453596830368042
                ],
                [
                    -1.4901159417490817e-08,
                    0.6790545582771301,
                    0.7340877652168274,
                    2.959202527999878
                ],
                [
                    0.0,
                    0.0,
                    0.0,
                    1.0
                ]
            ]
        },
        {
            "file_path": "/data/shapenet_blender/all_50_random/02958343/406ff3d73672bb2b21669bcdba443569/r_10",
            "rotation": 0.12566370614359174,
            "transform_matrix": [
                [
                    -0.7859694957733154,
                    0.06408873945474625,
                    -0.6149346828460693,
                    -2.4788808822631836
                ],
                [
                    -0.6182653307914734,
                    -0.08147276937961578,
                    0.781735360622406,
                    3.151276111602783
                ],
                [
                    3.725290298461914e-09,
                    0.9946128726005554,
                    0.10365896672010422,
                    0.4178626537322998
                ],
                [
                    0.0,
                    0.0,
                    0.0,
                    1.0
                ]
            ]
        },
        {
            "file_path": "/data/shapenet_blender/all_50_random/02958343/406ff3d73672bb2b21669bcdba443569/r_11",
            "rotation": 0.12566370614359174,
            "transform_matrix": [
                [
                    -0.9945188760757446,
                    -0.09425092488527298,
                    0.04526587575674057,
                    0.18247255682945251
                ],
                [
                    0.1045573428273201,
                    -0.8964872360229492,
                    0.4305557906627655,
                    1.7356257438659668
                ],
                [
                    0.0,
                    0.4329287111759186,
                    0.90142822265625,
                    3.633772850036621
                ],
                [
                    0.0,
                    0.0,
                    0.0,
                    1.0
                ]
            ]
        },
        {
            "file_path": "/data/shapenet_blender/all_50_random/02958343/406ff3d73672bb2b21669bcdba443569/r_12",
            "rotation": 0.12566370614359174,
            "transform_matrix": [
                [
                    0.19452236592769623,
                    -0.055342912673950195,
                    -0.979335606098175,
                    -3.9478280544281006
                ],
                [
                    -0.9808981418609619,
                    -0.010975079610943794,
                    -0.19421251118183136,
                    -0.7828956842422485
                ],
                [
                    0.0,
                    0.9984070658683777,
                    -0.05642065778374672,
                    -0.22743894159793854
                ],
                [
                    0.0,
                    0.0,
                    0.0,
                    1.0
                ]
            ]
        },
        {
            "file_path": "/data/shapenet_blender/all_50_random/02958343/406ff3d73672bb2b21669bcdba443569/r_13",
            "rotation": 0.12566370614359174,
            "transform_matrix": [
                [
                    0.5297560095787048,
                    0.582983136177063,
                    0.6160269379615784,
                    2.4832839965820312
                ],
                [
                    0.8481500744819641,
                    -0.3641323149204254,
                    -0.38477152585983276,
                    -1.5510636568069458
                ],
                [
                    0.0,
                    0.7263182997703552,
                    -0.6873584389686584,
                    -2.7708303928375244
                ],
                [
                    0.0,
                    0.0,
                    0.0,
                    1.0
                ]
            ]
        },
        {
            "file_path": "/data/shapenet_blender/all_50_random/02958343/406ff3d73672bb2b21669bcdba443569/r_14",
            "rotation": 0.12566370614359174,
            "transform_matrix": [
                [
                    0.6807680130004883,
                    0.6210510730743408,
                    0.3883947432041168,
                    1.565669298171997
                ],
                [
                    0.7324990630149841,
                    -0.5771907567977905,
                    -0.3609652519226074,
                    -1.4550974369049072
                ],
                [
                    0.0,
                    0.5302324295043945,
                    -0.847852349281311,
                    -3.417802095413208
                ],
                [
                    0.0,
                    0.0,
                    0.0,
                    1.0
                ]
            ]
        },
        {
            "file_path": "/data/shapenet_blender/all_50_random/02958343/406ff3d73672bb2b21669bcdba443569/r_15",
            "rotation": 0.12566370614359174,
            "transform_matrix": [
                [
                    -0.9493120908737183,
                    -0.18716329336166382,
                    -0.2525399923324585,
                    -1.0180213451385498
                ],
                [
                    -0.3143351078033447,
                    0.5652450323104858,
                    0.7626869082450867,
                    3.0744895935058594
                ],
                [
                    0.0,
                    0.8034101128578186,
                    -0.5954259037971497,
                    -2.4002387523651123
                ],
                [
                    0.0,
                    0.0,
                    0.0,
                    1.0
                ]
            ]
        },
        {
            "file_path": "/data/shapenet_blender/all_50_random/02958343/406ff3d73672bb2b21669bcdba443569/r_16",
            "rotation": 0.12566370614359174,
            "transform_matrix": [
                [
                    -0.45899051427841187,
                    0.8736836314201355,
                    -0.16125966608524323,
                    -0.6500585079193115
                ],
                [
                    -0.8884410262107849,
                    -0.45136648416519165,
                    0.08331071585416794,
                    0.3358362317085266
                ],
                [
                    0.0,
                    0.18150843679904938,
                    0.9833893775939941,
                    3.9641692638397217
                ],
                [
                    0.0,
                    0.0,
                    0.0,
                    1.0
                ]
            ]
        },
        {
            "file_path": "/data/shapenet_blender/all_50_random/02958343/406ff3d73672bb2b21669bcdba443569/r_17",
            "rotation": 0.12566370614359174,
            "transform_matrix": [
                [
                    -0.616455078125,
                    -0.6191616654396057,
                    0.48643800616264343,
                    1.9608943462371826
                ],
                [
                    0.7873901128768921,
                    -0.4847474992275238,
                    0.3808368742465973,
                    1.5352025032043457
                ],
                [
                    1.4901161193847656e-08,
                    0.6177852749824524,
                    0.7863467931747437,
                    3.169865369796753
                ],
                [
                    0.0,
                    0.0,
                    0.0,
                    1.0
                ]
            ]
        },
        {
            "file_path": "/data/shapenet_blender/all_50_random/02958343/406ff3d73672bb2b21669bcdba443569/r_18",
            "rotation": 0.12566370614359174,
            "transform_matrix": [
                [
                    -0.3317568898200989,
                    -0.777391254901886,
                    0.534415602684021,
                    2.1542985439300537
                ],
                [
                    0.9433649778366089,
                    -0.2733882665634155,
                    0.18794004619121552,
                    0.7576106190681458
                ],
                [
                    2.980232594040899e-08,
                    0.5664992332458496,
                    0.8240620493888855,
                    3.3219006061553955
                ],
                [
                    0.0,
                    0.0,
                    0.0,
                    1.0
                ]
            ]
        },
        {
            "file_path": "/data/shapenet_blender/all_50_random/02958343/406ff3d73672bb2b21669bcdba443569/r_19",
            "rotation": 0.12566370614359174,
            "transform_matrix": [
                [
                    -0.42295244336128235,
                    0.5597857236862183,
                    0.7125665545463562,
                    2.8724477291107178
                ],
                [
                    0.9061518907546997,
                    0.2612837255001068,
                    0.33259522914886475,
                    1.3407342433929443
                ],
                [
                    2.9802322387695312e-08,
                    0.7863655686378479,
                    -0.617761492729187,
                    -2.490276336669922
                ],
                [
                    0.0,
                    0.0,
                    0.0,
                    1.0
                ]
            ]
        },
        {
            "file_path": "/data/shapenet_blender/all_50_random/02958343/406ff3d73672bb2b21669bcdba443569/r_20",
            "rotation": 0.12566370614359174,
            "transform_matrix": [
                [
                    0.9292040467262268,
                    -0.24697065353393555,
                    0.2749280631542206,
                    1.1082706451416016
                ],
                [
                    0.36956727504730225,
                    0.6209589838981628,
                    -0.6912524104118347,
                    -2.7865278720855713
                ],
                [
                    0.0,
                    0.7439189553260803,
                    0.6682697534561157,
                    2.6938817501068115
                ],
                [
                    0.0,
                    0.0,
                    0.0,
                    1.0
                ]
            ]
        },
        {
            "file_path": "/data/shapenet_blender/all_50_random/02958343/406ff3d73672bb2b21669bcdba443569/r_21",
            "rotation": 0.12566370614359174,
            "transform_matrix": [
                [
                    0.9995219707489014,
                    -0.007401809561997652,
                    -0.03001798503100872,
                    -0.12100636959075928
                ],
                [
                    -0.03091708943247795,
                    -0.2392939180135727,
                    -0.970454752445221,
                    -3.9120283126831055
                ],
                [
                    0.0,
                    0.9709189534187317,
                    -0.23940835893154144,
                    -0.9650859832763672
                ],
                [
                    0.0,
                    0.0,
                    0.0,
                    1.0
                ]
            ]
        },
        {
            "file_path": "/data/shapenet_blender/all_50_random/02958343/406ff3d73672bb2b21669bcdba443569/r_22",
            "rotation": 0.12566370614359174,
            "transform_matrix": [
                [
                    0.2977099120616913,
                    -0.9110246300697327,
                    0.2853120267391205,
                    1.1501295566558838
                ],
                [
                    0.9546564221382141,
                    0.28410330414772034,
                    -0.08897463977336884,
                    -0.3586682379245758
                ],
                [
                    -7.450580596923828e-09,
                    0.2988634705543518,
                    0.9542958736419678,
                    3.8468897342681885
                ],
                [
                    0.0,
                    0.0,
                    0.0,
                    1.0
                ]
            ]
        },
        {
            "file_path": "/data/shapenet_blender/all_50_random/02958343/406ff3d73672bb2b21669bcdba443569/r_23",
            "rotation": 0.12566370614359174,
            "transform_matrix": [
                [
                    0.8722697496414185,
                    0.12150351703166962,
                    0.4736901819705963,
                    1.9095062017440796
                ],
                [
                    0.4890250563621521,
                    -0.21672476828098297,
                    -0.8449170589447021,
                    -3.4059696197509766
                ],
                [
                    0.0,
                    0.9686418771743774,
                    -0.24846073985099792,
                    -1.0015772581100464
                ],
                [
                    0.0,
                    0.0,
                    0.0,
                    1.0
                ]
            ]
        },
        {
            "file_path": "/data/shapenet_blender/all_50_random/02958343/406ff3d73672bb2b21669bcdba443569/r_24",
            "rotation": 0.12566370614359174,
            "transform_matrix": [
                [
                    -0.5425105690956116,
                    0.47849681973457336,
                    0.6904513239860535,
                    2.7832982540130615
                ],
                [
                    0.8400489091873169,
                    0.30901724100112915,
                    0.44589921832084656,
                    1.7974772453308105
                ],
                [
                    -1.4901159417490817e-08,
                    0.8219180107116699,
                    -0.5696058869361877,
                    -2.296154737472534
                ],
                [
                    0.0,
                    0.0,
                    0.0,
                    1.0
                ]
            ]
        },
        {
            "file_path": "/data/shapenet_blender/all_50_random/02958343/406ff3d73672bb2b21669bcdba443569/r_25",
            "rotation": 0.12566370614359174,
            "transform_matrix": [
                [
                    -0.008728446438908577,
                    0.2619902491569519,
                    -0.9650309681892395,
                    -3.890164375305176
                ],
                [
                    -0.9999619722366333,
                    -0.002286854898557067,
                    0.008423540741205215,
                    0.033956378698349
                ],
                [
                    -2.3283069916502086e-10,
                    0.9650676846504211,
                    0.2620002329349518,
                    1.0561567544937134
                ],
                [
                    0.0,
                    0.0,
                    0.0,
                    1.0
                ]
            ]
        },
        {
            "file_path": "/data/shapenet_blender/all_50_random/02958343/406ff3d73672bb2b21669bcdba443569/r_26",
            "rotation": 0.12566370614359174,
            "transform_matrix": [
                [
                    -0.3667861223220825,
                    -0.08016203343868256,
                    0.9268451929092407,
                    3.736232280731201
                ],
                [
                    0.9303053021430969,
                    -0.03160502016544342,
                    0.3654218912124634,
                    1.4730627536773682
                ],
                [
                    0.0,
                    0.9962806105613708,
                    0.08616744726896286,
                    0.3473520874977112
                ],
                [
                    0.0,
                    0.0,
                    0.0,
                    1.0
                ]
            ]
        },
        {
            "file_path": "/data/shapenet_blender/all_50_random/02958343/406ff3d73672bb2b21669bcdba443569/r_27",
            "rotation": 0.12566370614359174,
            "transform_matrix": [
                [
                    0.947870671749115,
                    -0.2675013244152069,
                    0.1731599122285843,
                    0.6980299949645996
                ],
                [
                    0.31865552067756653,
                    0.7957077026367188,
                    -0.5150803327560425,
                    -2.076355457305908
                ],
                [
                    0.0,
                    0.5434079170227051,
                    0.8394687175750732,
                    3.384006977081299
                ],
                [
                    0.0,
                    0.0,
                    0.0,
                    1.0
                ]
            ]
        },
        {
            "file_path": "/data/shapenet_blender/all_50_random/02958343/406ff3d73672bb2b21669bcdba443569/r_28",
            "rotation": 0.12566370614359174,
            "transform_matrix": [
                [
                    0.48901665210723877,
                    0.6806085705757141,
                    -0.5455590486526489,
                    -2.199218988418579
                ],
                [
                    -0.8722743988037109,
                    0.3815644681453705,
                    -0.3058526813983917,
                    -1.2329316139221191
                ],
                [
                    -1.4901159417490817e-08,
                    0.625444233417511,
                    0.7802688479423523,
                    3.145364284515381
                ],
                [
                    0.0,
                    0.0,
                    0.0,
                    1.0
                ]
            ]
        },
        {
            "file_path": "/data/shapenet_blender/all_50_random/02958343/406ff3d73672bb2b21669bcdba443569/r_29",
            "rotation": 0.12566370614359174,
            "transform_matrix": [
                [
                    -0.738913357257843,
                    -0.4338182210922241,
                    -0.5155664682388306,
                    -2.078315258026123
                ],
                [
                    -0.673800528049469,
                    0.47574031352996826,
                    0.5653883218765259,
                    2.27915358543396
                ],
                [
                    0.0,
                    0.7651619911193848,
                    -0.6438377499580383,
                    -2.595393180847168
                ],
                [
                    0.0,
                    0.0,
                    0.0,
                    1.0
                ]
            ]
        },
        {
            "file_path": "/data/shapenet_blender/all_50_random/02958343/406ff3d73672bb2b21669bcdba443569/r_30",
            "rotation": 0.12566370614359174,
            "transform_matrix": [
                [
                    0.10673894733190536,
                    0.21549834311008453,
                    -0.9706529974937439,
                    -3.912827491760254
                ],
                [
                    -0.9942870736122131,
                    0.023134231567382812,
                    -0.1042017787694931,
                    -0.42005079984664917
                ],
                [
                    0.0,
                    0.9762301445007324,
                    0.2167365401983261,
                    0.8736929297447205
                ],
                [
                    0.0,
                    0.0,
                    0.0,
                    1.0
                ]
            ]
        },
        {
            "file_path": "/data/shapenet_blender/all_50_random/02958343/406ff3d73672bb2b21669bcdba443569/r_31",
            "rotation": 0.12566370614359174,
            "transform_matrix": [
                [
                    0.6762546300888062,
                    -0.4388885796070099,
                    0.5916557312011719,
                    2.385040521621704
                ],
                [
                    0.7366679906845093,
                    0.4028957486152649,
                    -0.5431346297264099,
                    -2.189445734024048
                ],
                [
                    1.4901161193847656e-08,
                    0.8031510710716248,
                    0.5957752466201782,
                    2.401646852493286
                ],
                [
                    0.0,
                    0.0,
                    0.0,
                    1.0
                ]
            ]
        },
        {
            "file_path": "/data/shapenet_blender/all_50_random/02958343/406ff3d73672bb2b21669bcdba443569/r_32",
            "rotation": 0.12566370614359174,
            "transform_matrix": [
                [
                    0.1344534009695053,
                    -0.015717072412371635,
                    -0.9907953143119812,
                    -3.994023561477661
                ],
                [
                    -0.9909199476242065,
                    -0.002132577821612358,
                    -0.1344364881515503,
                    -0.5419307947158813
                ],
                [
                    0.0,
                    0.9998741745948792,
                    -0.015861092135310173,
                    -0.06393811106681824
                ],
                [
                    0.0,
                    0.0,
                    0.0,
                    1.0
                ]
            ]
        },
        {
            "file_path": "/data/shapenet_blender/all_50_random/02958343/406ff3d73672bb2b21669bcdba443569/r_33",
            "rotation": 0.12566370614359174,
            "transform_matrix": [
                [
                    0.7470090985298157,
                    -0.0608733594417572,
                    0.6620210409164429,
                    2.668692111968994
                ],
                [
                    0.6648138761520386,
                    0.06839953362941742,
                    -0.7438710331916809,
                    -2.9986400604248047
                ],
                [
                    -3.725290298461914e-09,
                    0.9957991242408752,
                    0.09156453609466553,
                    0.3691084384918213
                ],
                [
                    0.0,
                    0.0,
                    0.0,
                    1.0
                ]
            ]
        },
        {
            "file_path": "/data/shapenet_blender/all_50_random/02958343/406ff3d73672bb2b21669bcdba443569/r_34",
            "rotation": 0.12566370614359174,
            "transform_matrix": [
                [
                    -0.9238618612289429,
                    -0.25567877292633057,
                    0.2847940921783447,
                    1.1480417251586914
                ],
                [
                    0.38272619247436523,
                    -0.6171824336051941,
                    0.6874638199806213,
                    2.7712552547454834
                ],
                [
                    0.0,
                    0.7441197037696838,
                    0.668046236038208,
                    2.6929805278778076
                ],
                [
                    0.0,
                    0.0,
                    0.0,
                    1.0
                ]
            ]
        },
        {
            "file_path": "/data/shapenet_blender/all_50_random/02958343/406ff3d73672bb2b21669bcdba443569/r_35",
            "rotation": 0.12566370614359174,
            "transform_matrix": [
                [
                    0.5604252219200134,
                    -0.10198254883289337,
                    0.8219020962715149,
                    3.3131935596466064
                ],
                [
                    0.8282051682472229,
                    0.0690089762210846,
                    -0.5561600923538208,
                    -2.2419533729553223
                ],
                [
                    0.0,
                    0.9923896789550781,
                    0.12313682585954666,
                    0.49638044834136963
                ],
                [
                    0.0,
                    0.0,
                    0.0,
                    1.0
                ]
            ]
        },
        {
            "file_path": "/data/shapenet_blender/all_50_random/02958343/406ff3d73672bb2b21669bcdba443569/r_36",
            "rotation": 0.12566370614359174,
            "transform_matrix": [
                [
                    0.2342459261417389,
                    0.33858564496040344,
                    0.9113114476203918,
                    3.673614025115967
                ],
                [
                    0.9721773266792297,
                    -0.08158214390277863,
                    -0.21958030760288239,
                    -0.885156512260437
                ],
                [
                    7.450580152834618e-09,
                    0.9373921751976013,
                    -0.3482755720615387,
                    -1.4039437770843506
                ],
                [
                    0.0,
                    0.0,
                    0.0,
                    1.0
                ]
            ]
        },
        {
            "file_path": "/data/shapenet_blender/all_50_random/02958343/406ff3d73672bb2b21669bcdba443569/r_37",
            "rotation": 0.12566370614359174,
            "transform_matrix": [
                [
                    0.8061413168907166,
                    -0.29982179403305054,
                    -0.5101402401924133,
                    -2.056441068649292
                ],
                [
                    -0.5917230844497681,
                    -0.4084659516811371,
                    -0.6949958801269531,
                    -2.8016180992126465
                ],
                [
                    0.0,
                    0.8621266484260559,
                    -0.5066927671432495,
                    -2.042543888092041
                ],
                [
                    0.0,
                    0.0,
                    0.0,
                    1.0
                ]
            ]
        },
        {
            "file_path": "/data/shapenet_blender/all_50_random/02958343/406ff3d73672bb2b21669bcdba443569/r_38",
            "rotation": 0.12566370614359174,
            "transform_matrix": [
                [
                    0.20151901245117188,
                    -0.7207632064819336,
                    -0.6632423400878906,
                    -2.6736154556274414
                ],
                [
                    -0.9794846773147583,
                    -0.14828969538211823,
                    -0.13645535707473755,
                    -0.5500691533088684
                ],
                [
                    -7.450581485102248e-09,
                    0.6771340370178223,
                    -0.7358596920967102,
                    -2.9663453102111816
                ],
                [
                    0.0,
                    0.0,
                    0.0,
                    1.0
                ]
            ]
        },
        {
            "file_path": "/data/shapenet_blender/all_50_random/02958343/406ff3d73672bb2b21669bcdba443569/r_39",
            "rotation": 0.12566370614359174,
            "transform_matrix": [
                [
                    -0.9775406122207642,
                    -0.08398675918579102,
                    0.19328927993774414,
                    0.7791740894317627
                ],
                [
                    0.21074756979942322,
                    -0.3895677924156189,
                    0.896561324596405,
                    3.614154577255249
                ],
                [
                    0.0,
                    0.9171603322029114,
                    0.39851826429367065,
                    1.6064785718917847
                ],
                [
                    0.0,
                    0.0,
                    0.0,
                    1.0
                ]
            ]
        },
        {
            "file_path": "/data/shapenet_blender/all_50_random/02958343/406ff3d73672bb2b21669bcdba443569/r_40",
            "rotation": 0.12566370614359174,
            "transform_matrix": [
                [
                    0.5214911699295044,
                    0.23094482719898224,
                    0.8214080333709717,
                    3.311202049255371
                ],
                [
                    0.8532565832138062,
                    -0.14114826917648315,
                    -0.5020260810852051,
                    -2.0237321853637695
                ],
                [
                    -7.450580596923828e-09,
                    0.962674081325531,
                    -0.27066275477409363,
                    -1.0910766124725342
                ],
                [
                    0.0,
                    0.0,
                    0.0,
                    1.0
                ]
            ]
        },
        {
            "file_path": "/data/shapenet_blender/all_50_random/02958343/406ff3d73672bb2b21669bcdba443569/r_41",
            "rotation": 0.12566370614359174,
            "transform_matrix": [
                [
                    -0.9969906210899353,
                    -0.03971121087670326,
                    0.06657850742340088,
                    0.2683865427970886
                ],
                [
                    0.07752210646867752,
                    -0.5107149481773376,
                    0.8562479019165039,
                    3.451645612716675
                ],
                [
                    0.0,
                    0.8588322997093201,
                    0.5122566223144531,
