{
    "class": "02958343",
    "model": "1f7393970917e558b4a20251cec15600",
    "remove_doubles": true,
    "edge_split": true,
    "denoise": true,
    "camera_angle_x": 0.6911112070083618,
    "scale_factor": 2.2818443381114712,
    "hdri_file": "/data/IndoorHDRDataset2018/9C4A9463-2d25f69bba.exr",
    "center_offset": [
        0.0,
        -1.862645149230957e-09,
        0.0
    ],
    "lights": [],
    "frames": [
        {
            "file_path": "/data/shapenet_blender/all_50_random/02958343/1f7393970917e558b4a20251cec15600/r_0",
            "rotation": 0.12566370614359174,
            "transform_matrix": [
                [
                    -0.4697757065296173,
                    -0.08467705547809601,
                    -0.8787152767181396,
                    -3.5422146320343018
                ],
                [
                    -0.8827858567237854,
                    0.045061010867357254,
                    0.46760955452919006,
                    1.884994387626648
                ],
                [
                    -3.725290298461914e-09,
                    0.9953890442848206,
                    -0.09592026472091675,
                    -0.3866669535636902
                ],
                [
                    0.0,
                    0.0,
                    0.0,
                    1.0
                ]
            ]
        },
        {
            "file_path": "/data/shapenet_blender/all_50_random/02958343/1f7393970917e558b4a20251cec15600/r_1",
            "rotation": 0.12566370614359174,
            "transform_matrix": [
                [
                    0.22033260762691498,
                    -0.600222110748291,
                    0.7688866853713989,
                    3.0994815826416016
                ],
                [
                    0.9754248261451721,
                    0.1355804055929184,
                    -0.17367899417877197,
                    -0.7001224756240845
                ],
                [
                    0.0,
                    0.7882582545280457,
                    0.6153443455696106,
                    2.480532646179199
                ],
                [
                    0.0,
                    0.0,
                    0.0,
                    1.0
                ]
            ]
        },
        {
            "file_path": "/data/shapenet_blender/all_50_random/02958343/1f7393970917e558b4a20251cec15600/r_2",
            "rotation": 0.12566370614359174,
            "transform_matrix": [
                [
                    -0.4307032823562622,
                    -0.6733188629150391,
                    -0.6009462475776672,
                    -2.4224915504455566
                ],
                [
                    -0.9024935960769653,
                    0.3213326632976532,
                    0.2867937684059143,
                    1.1561025381088257
                ],
                [
                    0.0,
                    0.665873110294342,
                    -0.7460650205612183,
                    -3.007483959197998
                ],
                [
                    0.0,
                    0.0,
                    0.0,
                    1.0
                ]
            ]
        },
        {
            "file_path": "/data/shapenet_blender/all_50_random/02958343/1f7393970917e558b4a20251cec15600/r_3",
            "rotation": 0.12566370614359174,
            "transform_matrix": [
                [
                    -0.33066755533218384,
                    -0.1990777552127838,
                    0.9225112199783325,
                    3.718761682510376
                ],
                [
                    0.943747341632843,
                    -0.06975231319665909,
                    0.3232269287109375,
                    1.3029694557189941
                ],
                [
                    0.0,
                    0.9774980545043945,
                    0.21094395220279694,
                    0.8503422737121582
                ],
                [
                    0.0,
                    0.0,
                    0.0,
                    1.0
                ]
            ]
        },
        {
            "file_path": "/data/shapenet_blender/all_50_random/02958343/1f7393970917e558b4a20251cec15600/r_4",
            "rotation": 0.12566370614359174,
            "transform_matrix": [
                [
                    0.755805253982544,
                    -0.2360435426235199,
                    -0.6107715368270874,
                    -2.4620988368988037
                ],
                [
                    -0.6547965407371521,
                    -0.2724555432796478,
                    -0.704988956451416,
                    -2.8419013023376465
                ],
                [
                    0.0,
                    0.9327653050422668,
                    -0.36048391461372375,
                    -1.4531570672988892
                ],
                [
                    0.0,
                    0.0,
                    0.0,
                    1.0
                ]
            ]
        },
        {
            "file_path": "/data/shapenet_blender/all_50_random/02958343/1f7393970917e558b4a20251cec15600/r_5",
            "rotation": 0.12566370614359174,
            "transform_matrix": [
                [
                    -0.3435075581073761,
                    0.7055481672286987,
                    -0.6198421716690063,
                    -2.498663902282715
                ],
                [
                    -0.9391499757766724,
                    -0.258064329624176,
                    0.22671614587306976,
                    0.9139220714569092
                ],
                [
                    0.0,
                    0.6600033640861511,
                    0.7512624263763428,
                    3.0284359455108643
                ],
                [
                    0.0,
                    0.0,
                    0.0,
                    1.0
                ]
            ]
        },
        {
            "file_path": "/data/shapenet_blender/all_50_random/02958343/1f7393970917e558b4a20251cec15600/r_6",
            "rotation": 0.12566370614359174,
            "transform_matrix": [
                [
                    0.08700494468212128,
                    -0.5719736814498901,
                    -0.8156446218490601,
                    -3.287968635559082
                ],
                [
                    -0.9962078928947449,
                    -0.049953971058130264,
                    -0.07123524695634842,
                    -0.28715845942497253
                ],
                [
                    -3.725290298461914e-09,
                    0.8187494874000549,
                    -0.5741509795188904,
                    -2.314476728439331
                ],
                [
                    0.0,
                    0.0,
                    0.0,
                    1.0
                ]
            ]
        },
        {
            "file_path": "/data/shapenet_blender/all_50_random/02958343/1f7393970917e558b4a20251cec15600/r_7",
            "rotation": 0.12566370614359174,
            "transform_matrix": [
                [
                    0.8543949723243713,
                    -0.10066781938076019,
                    0.509779691696167,
                    2.0549874305725098
                ],
                [
                    0.5196242332458496,
                    0.16552361845970154,
                    -0.8382080793380737,
                    -3.3789243698120117
                ],
                [
                    0.0,
                    0.9810544848442078,
                    0.19373200833797455,
                    0.7809585928916931
                ],
                [
                    0.0,
                    0.0,
                    0.0,
                    1.0
                ]
            ]
        },
        {
            "file_path": "/data/shapenet_blender/all_50_random/02958343/1f7393970917e558b4a20251cec15600/r_8",
            "rotation": 0.12566370614359174,
            "transform_matrix": [
                [
                    0.7183263301849365,
                    0.3771218955516815,
                    0.5846248269081116,
                    2.3566982746124268
                ],
                [
                    0.6957061886787415,
                    -0.38938361406326294,
                    -0.6036332845687866,
                    -2.433323860168457
                ],
                [
                    0.0,
                    0.8403329849243164,
                    -0.5420705080032349,
                    -2.1851563453674316
                ],
                [
                    0.0,
                    0.0,
                    0.0,
                    1.0
                ]
            ]
        },
        {
            "file_path": "/data/shapenet_blender/all_50_random/02958343/1f7393970917e558b4a20251cec15600/r_9",
            "rotation": 0.12566370614359174,
            "transform_matrix": [
                [
                    0.3966425955295563,
                    0.6722865104675293,
                    0.6250642538070679,
                    2.519714593887329
                ],
                [
                    0.9179731011390686,
                    -0.29048505425453186,
                    -0.2700810134410858,
                    -1.0887314081192017
                ],
                [
                    0.0,
                    0.6809177398681641,
                    -0.7323598265647888,
                    -2.9522368907928467
                ],
                [
                    0.0,
                    0.0,
                    0.0,
                    1.0
                ]
            ]
        },
        {
            "file_path": "/data/shapenet_blender/all_50_random/02958343/1f7393970917e558b4a20251cec15600/r_10",
            "rotation": 0.12566370614359174,
            "transform_matrix": [
                [
                    -0.899910032749176,
                    0.08254867047071457,
                    0.4281911849975586,
                    1.7260938882827759
                ],
                [
                    0.4360756576061249,
                    0.170352041721344,
                    0.8836391568183899,
                    3.562063455581665
                ],
                [
                    0.0,
                    0.981919527053833,
                    -0.18929895758628845,
                    -0.7630885243415833
                ],
                [
                    0.0,
                    0.0,
                    0.0,
                    1.0
                ]
            ]
        },
        {
            "file_path": "/data/shapenet_blender/all_50_random/02958343/1f7393970917e558b4a20251cec15600/r_11",
            "rotation": 0.12566370614359174,
            "transform_matrix": [
                [
                    0.9386018514633179,
                    0.23357219994068146,
                    -0.2539105713367462,
                    -1.0235463380813599
                ],
                [
                    -0.34500229358673096,
                    0.6354488134384155,
                    -0.690780758857727,
                    -2.7846264839172363
                ],
                [
                    0.0,
                    0.7359678745269775,
                    0.6770163774490356,
                    2.729140520095825
                ],
                [
                    0.0,
                    0.0,
                    0.0,
                    1.0
                ]
            ]
        },
        {
            "file_path": "/data/shapenet_blender/all_50_random/02958343/1f7393970917e558b4a20251cec15600/r_12",
            "rotation": 0.12566370614359174,
            "transform_matrix": [
                [
                    -0.39012646675109863,
                    -0.4571407437324524,
                    -0.7992644906044006,
                    -3.221938133239746
                ],
                [
                    -0.9207613468170166,
                    0.1936904639005661,
                    0.33864825963974,
                    1.365134835243225
                ],
                [
                    0.0,
                    0.8680473566055298,
                    -0.496481329202652,
                    -2.001380205154419
                ],
                [
                    0.0,
                    0.0,
                    0.0,
                    1.0
                ]
            ]
        },
        {
            "file_path": "/data/shapenet_blender/all_50_random/02958343/1f7393970917e558b4a20251cec15600/r_13",
            "rotation": 0.12566370614359174,
            "transform_matrix": [
                [
                    -0.25995978713035583,
                    0.07616914063692093,
                    0.96261066198349,
                    3.8804073333740234
                ],
                [
                    0.9656195044517517,
                    0.020505918189883232,
                    0.25914978981018066,
                    1.044666051864624
                ],
                [
                    0.0,
                    0.9968839287757874,
                    -0.07888112962245941,
                    -0.31797996163368225
                ],
                [
                    0.0,
                    0.0,
                    0.0,
                    1.0
                ]
            ]
        },
        {
            "file_path": "/data/shapenet_blender/all_50_random/02958343/1f7393970917e558b4a20251cec15600/r_14",
            "rotation": 0.12566370614359174,
            "transform_matrix": [
                [
                    0.9945088028907776,
                    0.07935187220573425,
                    0.06823055446147919,
                    0.2750461995601654
                ],
                [
                    0.10465241968631744,
                    -0.7540784478187561,
                    -0.648392915725708,
                    -2.613755702972412
                ],
                [
                    -3.725290076417309e-09,
                    0.6519730091094971,
                    -0.7582420706748962,
                    -3.0565717220306396
                ],
                [
                    0.0,
                    0.0,
                    0.0,
                    1.0
                ]
            ]
        },
        {
            "file_path": "/data/shapenet_blender/all_50_random/02958343/1f7393970917e558b4a20251cec15600/r_15",
            "rotation": 0.12566370614359174,
            "transform_matrix": [
                [
                    0.3035927712917328,
                    0.3256218135356903,
                    -0.8954338431358337,
                    -3.609609365463257
                ],
                [
                    -0.9528018832206726,
                    0.10375340282917023,
                    -0.28531351685523987,
                    -1.1501355171203613
                ],
                [
                    7.450580596923828e-09,
                    0.9397900700569153,
                    0.34175190329551697,
                    1.3776459693908691
                ],
                [
                    0.0,
                    0.0,
                    0.0,
                    1.0
                ]
            ]
        },
        {
            "file_path": "/data/shapenet_blender/all_50_random/02958343/1f7393970917e558b4a20251cec15600/r_16",
            "rotation": 0.12566370614359174,
            "transform_matrix": [
                [
                    0.2812374532222748,
                    -0.5189908146858215,
                    -0.8071889877319336,
                    -3.253882884979248
                ],
                [
                    -0.959638237953186,
                    -0.1520986109972,
                    -0.23655971884727478,
                    -0.9536027312278748
                ],
                [
                    0.0,
                    0.8411387801170349,
                    -0.5408192276954651,
                    -2.18011212348938
                ],
                [
                    0.0,
                    0.0,
                    0.0,
                    1.0
                ]
            ]
        },
        {
            "file_path": "/data/shapenet_blender/all_50_random/02958343/1f7393970917e558b4a20251cec15600/r_17",
            "rotation": 0.12566370614359174,
            "transform_matrix": [
                [
                    0.9978982210159302,
                    -0.04771864414215088,
                    0.043841686099767685,
                    0.17673149704933167
                ],
                [
                    0.0648009404540062,
                    0.7348403334617615,
                    -0.6751373410224915,
                    -2.7215657234191895
                ],
                [
                    0.0,
                    0.676559329032898,
                    0.736388087272644,
                    2.968475341796875
                ],
                [
                    0.0,
                    0.0,
                    0.0,
                    1.0
                ]
            ]
        },
        {
            "file_path": "/data/shapenet_blender/all_50_random/02958343/1f7393970917e558b4a20251cec15600/r_18",
            "rotation": 0.12566370614359174,
            "transform_matrix": [
                [
                    -0.9067521095275879,
                    -0.27462515234947205,
                    0.3199712634086609,
                    1.2898454666137695
                ],
                [
                    0.4216640591621399,
                    -0.5905576348304749,
                    0.68807053565979,
                    2.7737009525299072
                ],
                [
                    0.0,
                    0.7588298320770264,
                    0.6512889266014099,
                    2.625429630279541
                ],
                [
                    0.0,
                    0.0,
                    0.0,
                    1.0
                ]
            ]
        },
        {
            "file_path": "/data/shapenet_blender/all_50_random/02958343/1f7393970917e558b4a20251cec15600/r_19",
            "rotation": 0.12566370614359174,
            "transform_matrix": [
                [
                    -0.7225366234779358,
                    0.053676288574934006,
                    0.6892456412315369,
                    2.7784383296966553
                ],
                [
                    0.6913325786590576,
                    0.056099019944667816,
                    0.7203554511070251,
                    2.903846025466919
                ],
                [
                    0.0,
                    0.9969813227653503,
                    -0.07764175534248352,
                    -0.3129839599132538
                ],
                [
                    0.0,
                    0.0,
                    0.0,
                    1.0
                ]
            ]
        },
        {
            "file_path": "/data/shapenet_blender/all_50_random/02958343/1f7393970917e558b4a20251cec15600/r_20",
            "rotation": 0.12566370614359174,
            "transform_matrix": [
                [
                    0.9240425229072571,
                    -0.1983841359615326,
                    -0.3267861604690552,
                    -1.3173171281814575
                ],
                [
                    -0.3822897672653198,
                    -0.47951942682266235,
                    -0.7898833155632019,
                    -3.184121608734131
                ],
                [
                    0.0,
                    0.8548128008842468,
                    -0.5189365148544312,
                    -2.091900110244751
                ],
                [
                    0.0,
                    0.0,
                    0.0,
                    1.0
                ]
            ]
        },
        {
            "file_path": "/data/shapenet_blender/all_50_random/02958343/1f7393970917e558b4a20251cec15600/r_21",
            "rotation": 0.12566370614359174,
            "transform_matrix": [
                [
                    0.1502353549003601,
                    -0.5401511788368225,
                    -0.8280495405197144,
                    -3.3379743099212646
                ],
                [
                    -0.9886503219604492,
                    -0.0820813924074173,
                    -0.12583044171333313,
                    -0.5072387456893921
                ],
                [
                    0.0,
                    0.8375555872917175,
                    -0.5463520884513855,
                    -2.202415704727173
                ],
                [
                    0.0,
                    0.0,
                    0.0,
                    1.0
                ]
            ]
        },
        {
            "file_path": "/data/shapenet_blender/all_50_random/02958343/1f7393970917e558b4a20251cec15600/r_22",
            "rotation": 0.12566370614359174,
            "transform_matrix": [
                [
                    -0.6270755529403687,
                    -0.03940923139452934,
                    0.7779608368873596,
                    3.1360604763031006
                ],
                [
                    0.7789583802223206,
                    -0.03172514587640762,
                    0.6262725591659546,
                    2.524585485458374
                ],
                [
                    1.862645149230957e-09,
                    0.9987192749977112,
                    0.05059221759438515,
                    0.20394375920295715
                ],
                [
                    0.0,
                    0.0,
                    0.0,
                    1.0
                ]
            ]
        },
        {
            "file_path": "/data/shapenet_blender/all_50_random/02958343/1f7393970917e558b4a20251cec15600/r_23",
            "rotation": 0.12566370614359174,
            "transform_matrix": [
                [
                    0.851395845413208,
                    -0.061039358377456665,
                    -0.5209600329399109,
                    -2.1000571250915527
                ],
                [
                    -0.5245237350463867,
                    -0.09907779097557068,
                    -0.8456112742424011,
                    -3.4087681770324707
                ],
                [
                    0.0,
                    0.9932057857513428,
                    -0.11637101322412491,
                    -0.4691065549850464
                ],
                [
                    0.0,
                    0.0,
                    0.0,
                    1.0
                ]
            ]
        },
        {
            "file_path": "/data/shapenet_blender/all_50_random/02958343/1f7393970917e558b4a20251cec15600/r_24",
            "rotation": 0.12566370614359174,
            "transform_matrix": [
                [
                    0.9188635349273682,
                    -0.03431370109319687,
                    -0.3930804431438446,
                    -1.5845580101013184
                ],
                [
                    -0.3945753276348114,
                    -0.07990771532058716,
                    -0.9153823852539062,
                    -3.6900246143341064
                ],
                [
                    -3.725290298461914e-09,
                    0.9962113499641418,
                    -0.08696362376213074,
                    -0.35056161880493164
                ],
                [
                    0.0,
                    0.0,
                    0.0,
                    1.0
                ]
            ]
        },
        {
            "file_path": "/data/shapenet_blender/all_50_random/02958343/1f7393970917e558b4a20251cec15600/r_25",
            "rotation": 0.12566370614359174,
            "transform_matrix": [
                [
                    -0.9999866485595703,
                    0.0022531403228640556,
                    -0.004670807626098394,
                    -0.018828630447387695
                ],
                [
                    -0.005185855086892843,
                    -0.4344722628593445,
                    0.9006702303886414,
                    3.6307179927825928
                ],
                [
                    0.0,
                    0.9006823301315308,
                    0.43447810411453247,
                    1.7514374256134033
                ],
                [
                    0.0,
                    0.0,
                    0.0,
                    1.0
                ]
            ]
        },
        {
            "file_path": "/data/shapenet_blender/all_50_random/02958343/1f7393970917e558b4a20251cec15600/r_26",
            "rotation": 0.12566370614359174,
            "transform_matrix": [
                [
                    -0.1438014656305313,
                    -0.5120862722396851,
                    -0.8468109369277954,
                    -3.4136040210723877
                ],
                [
                    -0.9896065592765808,
                    0.07441215962171555,
                    0.12305159121751785,
                    0.4960368275642395
                ],
                [
                    0.0,
                    0.8557045459747314,
                    -0.5174645781517029,
                    -2.0859663486480713
                ],
                [
                    0.0,
                    0.0,
                    0.0,
                    1.0
                ]
            ]
        },
        {
            "file_path": "/data/shapenet_blender/all_50_random/02958343/1f7393970917e558b4a20251cec15600/r_27",
            "rotation": 0.12566370614359174,
            "transform_matrix": [
                [
                    -0.5489563345909119,
                    0.11778407543897629,
                    0.8275106549263,
                    3.3358020782470703
                ],
                [
                    0.8358510732650757,
                    0.0773562639951706,
                    0.5434786677360535,
                    2.1908326148986816
                ],
                [
                    0.0,
                    0.9900217056274414,
                    -0.1409151405096054,
                    -0.5680471062660217
                ],
                [
                    0.0,
                    0.0,
                    0.0,
                    1.0
                ]
            ]
        },
        {
            "file_path": "/data/shapenet_blender/all_50_random/02958343/1f7393970917e558b4a20251cec15600/r_28",
            "rotation": 0.12566370614359174,
            "transform_matrix": [
                [
                    0.8569480776786804,
                    -0.5030310153961182,
                    0.11224845796823502,
                    0.4524880051612854
                ],
                [
                    0.5154027342796326,
                    0.8363779187202454,
                    -0.1866328865289688,
                    -0.7523412108421326
                ],
                [
                    7.450580596923828e-09,
                    0.2177877426147461,
                    0.9759961366653442,
                    3.934366226196289
                ],
                [
                    0.0,
                    0.0,
                    0.0,
                    1.0
                ]
            ]
        },
        {
            "file_path": "/data/shapenet_blender/all_50_random/02958343/1f7393970917e558b4a20251cec15600/r_29",
            "rotation": 0.12566370614359174,
            "transform_matrix": [
                [
                    0.9297125935554504,
                    0.11300387978553772,
                    -0.35052046179771423,
                    -1.4129931926727295
                ],
                [
                    -0.3682858645915985,
                    0.2852706015110016,
                    -0.8848650455474854,
                    -3.567005157470703
                ],
                [
                    0.0,
                    0.9517619609832764,
                    0.30683737993240356,
                    1.236901044845581
                ],
                [
                    0.0,
                    0.0,
                    0.0,
                    1.0
                ]
            ]
        },
        {
            "file_path": "/data/shapenet_blender/all_50_random/02958343/1f7393970917e558b4a20251cec15600/r_30",
            "rotation": 0.12566370614359174,
            "transform_matrix": [
                [
                    0.8655956387519836,
                    0.06635907292366028,
                    -0.4963272213935852,
                    -2.0007591247558594
                ],
                [
                    -0.5007437467575073,
                    0.11470962315797806,
                    -0.857961118221283,
                    -3.458552122116089
                ],
                [
                    0.0,
                    0.9911801815032959,
                    0.13252101838588715,
                    0.5342093706130981
                ],
                [
                    0.0,
                    0.0,
                    0.0,
                    1.0
                ]
            ]
        },
        {
            "file_path": "/data/shapenet_blender/all_50_random/02958343/1f7393970917e558b4a20251cec15600/r_31",
            "rotation": 0.12566370614359174,
            "transform_matrix": [
                [
                    -0.9772932529449463,
                    -0.13193276524543762,
                    0.16580606997013092,
                    0.6683856248855591
                ],
                [
                    0.21189124882221222,
                    -0.6085055470466614,
                    0.7647373080253601,
                    3.082754611968994
                ],
                [
                    7.450580596923828e-09,
                    0.7825053930282593,
                    0.6226437091827393,
                    2.5099570751190186
                ],
                [
                    0.0,
                    0.0,
                    0.0,
                    1.0
                ]
            ]
        },
        {
            "file_path": "/data/shapenet_blender/all_50_random/02958343/1f7393970917e558b4a20251cec15600/r_32",
            "rotation": 0.12566370614359174,
            "transform_matrix": [
                [
                    -0.5338771939277649,
                    -0.3006022572517395,
                    0.7903248071670532,
                    3.185901403427124
                ],
                [
                    0.8455620408058167,
                    -0.18979646265506744,
                    0.499001145362854,
                    2.011538028717041
                ],
                [
                    -1.4901161193847656e-08,
                    0.934674084186554,
                    0.3555058240890503,
                    1.4330899715423584
                ],
                [
                    0.0,
                    0.0,
                    0.0,
                    1.0
                ]
            ]
        },
        {
            "file_path": "/data/shapenet_blender/all_50_random/02958343/1f7393970917e558b4a20251cec15600/r_33",
            "rotation": 0.12566370614359174,
            "transform_matrix": [
                [
                    -0.8969447612762451,
                    0.22233368456363678,
                    -0.38217514753341675,
                    -1.5405974388122559
                ],
                [
                    -0.44214269518852234,
                    -0.45103323459625244,
                    0.775292694568634,
                    3.12530517578125
                ],
                [
                    0.0,
                    0.8643706440925598,
                    0.5028550028800964,
                    2.027073621749878
                ],
                [
                    0.0,
                    0.0,
                    0.0,
                    1.0
                ]
            ]
        },
        {
            "file_path": "/data/shapenet_blender/all_50_random/02958343/1f7393970917e558b4a20251cec15600/r_34",
            "rotation": 0.12566370614359174,
            "transform_matrix": [
                [
                    -0.7650847434997559,
                    -0.03638060763478279,
                    0.6429010629653931,
                    2.5916171073913574
                ],
                [
                    0.6439295411109924,
                    -0.04322560876607895,
                    0.763862669467926,
                    3.0792288780212402
                ],
                [
                    1.862645149230957e-09,
                    0.9984025955200195,
                    0.056497812271118164,
                    0.22774997353553772
                ],
                [
                    0.0,
                    0.0,
                    0.0,
                    1.0
                ]
            ]
        },
        {
            "file_path": "/data/shapenet_blender/all_50_random/02958343/1f7393970917e558b4a20251cec15600/r_35",
            "rotation": 0.12566370614359174,
            "transform_matrix": [
                [
                    0.991062581539154,
                    0.05307886004447937,
                    -0.1223829910159111,
                    -0.4933416247367859
                ],
                [
                    -0.13339775800704956,
                    0.39434298872947693,
                    -0.9092296957969666,
                    -3.66522216796875
                ],
                [
                    0.0,
                    0.9174291491508484,
                    0.39789918065071106,
                    1.603982925415039
                ],
                [
                    0.0,
                    0.0,
                    0.0,
                    1.0
                ]
            ]
        },
        {
            "file_path": "/data/shapenet_blender/all_50_random/02958343/1f7393970917e558b4a20251cec15600/r_36",
            "rotation": 0.12566370614359174,
            "transform_matrix": [
                [
                    0.8456223607063293,
                    0.008777282200753689,
                    -0.5337095856666565,
                    -2.15145206451416
                ],
                [
                    -0.5337817668914795,
                    0.01390505488961935,
                    -0.8455079197883606,
                    -3.408351421356201
                ],
                [
                    -4.656613428188905e-10,
                    0.9998647570610046,
                    0.01644357666373253,
                    0.06628617644309998
                ],
                [
                    0.0,
                    0.0,
                    0.0,
                    1.0
                ]
            ]
        },
        {
            "file_path": "/data/shapenet_blender/all_50_random/02958343/1f7393970917e558b4a20251cec15600/r_37",
            "rotation": 0.12566370614359174,
            "transform_matrix": [
                [
                    0.7813642621040344,
                    -0.047688692808151245,
                    -0.6222504377365112,
                    -2.5083718299865723
                ],
                [
                    -0.624075174331665,
                    -0.059707943350076675,
                    -0.7790796756744385,
                    -3.140570640563965
                ],
                [
                    0.0,
                    0.9970760941505432,
                    -0.07641498744487762,
                    -0.3080386817455292
                ],
                [
                    0.0,
                    0.0,
                    0.0,
                    1.0
                ]
            ]
        },
        {
            "file_path": "/data/shapenet_blender/all_50_random/02958343/1f7393970917e558b4a20251cec15600/r_38",
            "rotation": 0.12566370614359174,
            "transform_matrix": [
                [
                    0.9074743986129761,
                    -0.0500146746635437,
                    0.41711950302124023,
                    1.6814625263214111
                ],
                [
                    0.42010727524757385,
                    0.10803677886724472,
                    -0.9010204672813416,
                    -3.632129669189453
                ],
                [
                    -3.725290076417309e-09,
                    0.9928880333900452,
                    0.11905214935541153,
                    0.4799145758152008
                ],
                [
                    0.0,
                    0.0,
                    0.0,
                    1.0
                ]
            ]
        },
        {
            "file_path": "/data/shapenet_blender/all_50_random/02958343/1f7393970917e558b4a20251cec15600/r_39",
            "rotation": 0.12566370614359174,
            "transform_matrix": [
                [
                    0.9945418834686279,
                    0.02763947658240795,
                    -0.10061104595661163,
                    -0.40557610988616943
                ],
                [
                    -0.10433851182460785,
                    0.2634560763835907,
                    -0.9590121507644653,
                    -3.8659017086029053
                ],
                [
                    -1.862645149230957e-09,
                    0.9642754197120667,
                    0.2649019658565521,
                    1.0678539276123047
                ],
                [
                    0.0,
                    0.0,
                    0.0,
                    1.0
                ]
            ]
        },
        {
            "file_path": "/data/shapenet_blender/all_50_random/02958343/1f7393970917e558b4a20251cec15600/r_40",
            "rotation": 0.12566370614359174,
            "transform_matrix": [
                [
                    -0.1417851448059082,
                    0.6862306594848633,
                    0.7134314179420471,
                    2.875934362411499
                ],
                [
                    0.9898974895477295,
                    0.09829028695821762,
                    0.10218631476163864,
                    0.4119262397289276
                ],
                [
                    7.450580596923828e-09,
                    0.7207126021385193,
                    -0.6932339668273926,
                    -2.79451584815979
                ],
                [
                    0.0,
                    0.0,
                    0.0,
                    1.0
                ]
            ]
        },
        {
            "file_path": "/data/shapenet_blender/all_50_random/02958343/1f7393970917e558b4a20251cec15600/r_41",
            "rotation": 0.12566370614359174,
            "transform_matrix": [
                [
                    -0.6811987161636353,
                    -0.0880306139588356,
                    -0.726786732673645,
                    -2.9297709465026855
                ],
                [
                    -0.7320986390113831,
                    0.08191019296646118,
                    0.6762561202049255,
                    2.7260756492614746
                ],
                [
                    0.0,
                    0.9927443861961365,
                    -0.12024418264627457,
                    -0.48471981287002563
