{
    "class": "02958343",
    "model": "ee1f5ba95a6bed7bbda733a39f84326d",
    "remove_doubles": true,
    "edge_split": true,
    "denoise": true,
    "camera_angle_x": 0.6911112070083618,
    "scale_factor": 2.232399406599498,
    "hdri_file": "/data/IndoorHDRDataset2018/AG8A8752-5cd7fafa87.exr",
    "center_offset": [
        0.0,
        0.0,
        -1.862645149230957e-09
    ],
    "lights": [],
    "frames": [
        {
            "file_path": "/data/shapenet_blender/all_50_random/02958343/ee1f5ba95a6bed7bbda733a39f84326d/r_0",
            "rotation": 0.12566370614359174,
            "transform_matrix": [
                [
                    0.7623634338378906,
                    -0.5034923553466797,
                    0.40656808018684387,
                    1.6389284133911133
                ],
                [
                    0.6471492648124695,
                    0.5931307077407837,
                    -0.4789506793022156,
                    -1.9307119846343994
                ],
                [
                    0.0,
                    0.6282446980476379,
                    0.7780157923698425,
                    3.136281967163086
                ],
                [
                    0.0,
                    0.0,
                    0.0,
                    1.0
                ]
            ]
        },
        {
            "file_path": "/data/shapenet_blender/all_50_random/02958343/ee1f5ba95a6bed7bbda733a39f84326d/r_1",
            "rotation": 0.12566370614359174,
            "transform_matrix": [
                [
                    0.7481328845024109,
                    0.11442357301712036,
                    0.6536087393760681,
                    2.6347811222076416
                ],
                [
                    0.6635488867759705,
                    -0.12900938093662262,
                    -0.7369256019592285,
                    -2.97064208984375
                ],
                [
                    7.450580596923828e-09,
                    0.9850196838378906,
                    -0.17244179546833038,
                    -0.6951351165771484
                ],
                [
                    0.0,
                    0.0,
                    0.0,
                    1.0
                ]
            ]
        },
        {
            "file_path": "/data/shapenet_blender/all_50_random/02958343/ee1f5ba95a6bed7bbda733a39f84326d/r_2",
            "rotation": 0.12566370614359174,
            "transform_matrix": [
                [
                    -0.6336395144462585,
                    -0.5587458610534668,
                    -0.5350736975669861,
                    -2.1569509506225586
                ],
                [
                    -0.773628294467926,
                    0.45764023065567017,
                    0.4382515847682953,
                    1.766648530960083
                ],
                [
                    0.0,
                    0.6916417479515076,
                    -0.7222407460212708,
                    -2.911445379257202
                ],
                [
                    0.0,
                    0.0,
                    0.0,
                    1.0
                ]
            ]
        },
        {
            "file_path": "/data/shapenet_blender/all_50_random/02958343/ee1f5ba95a6bed7bbda733a39f84326d/r_3",
            "rotation": 0.12566370614359174,
            "transform_matrix": [
                [
                    -0.44092822074890137,
                    0.7001602053642273,
                    0.5615673661231995,
                    2.2637505531311035
                ],
                [
                    0.8975423574447632,
                    0.3439618945121765,
                    0.27587655186653137,
                    1.1120939254760742
                ],
                [
                    1.4901161193847656e-08,
                    0.6256721615791321,
                    -0.7800860404968262,
                    -3.144627332687378
                ],
                [
                    0.0,
                    0.0,
                    0.0,
                    1.0
                ]
            ]
        },
        {
            "file_path": "/data/shapenet_blender/all_50_random/02958343/ee1f5ba95a6bed7bbda733a39f84326d/r_4",
            "rotation": 0.12566370614359174,
            "transform_matrix": [
                [
                    0.18700826168060303,
                    -0.0065885200165212154,
                    0.982336163520813,
                    3.9599239826202393
                ],
                [
                    0.9823583364486694,
                    0.0012542344629764557,
                    -0.18700402975082397,
                    -0.7538374066352844
                ],
                [
                    0.0,
                    0.9999774098396301,
                    0.006706839893013239,
                    0.027036137878894806
                ],
                [
                    0.0,
                    0.0,
                    0.0,
                    1.0
                ]
            ]
        },
        {
            "file_path": "/data/shapenet_blender/all_50_random/02958343/ee1f5ba95a6bed7bbda733a39f84326d/r_5",
            "rotation": 0.12566370614359174,
            "transform_matrix": [
                [
                    0.1367436647415161,
                    -0.23371785879135132,
                    -0.9626407027244568,
                    -3.880528688430786
                ],
                [
                    -0.9906064867973328,
                    -0.032262496650218964,
                    -0.13288326561450958,
                    -0.5356695652008057
                ],
                [
                    0.0,
                    0.9717689156532288,
                    -0.23593413829803467,
                    -0.9510809183120728
                ],
                [
                    0.0,
                    0.0,
                    0.0,
                    1.0
                ]
            ]
        },
        {
            "file_path": "/data/shapenet_blender/all_50_random/02958343/ee1f5ba95a6bed7bbda733a39f84326d/r_6",
            "rotation": 0.12566370614359174,
            "transform_matrix": [
                [
                    -0.29853856563568115,
                    -0.5913193821907043,
                    -0.7491434812545776,
                    -3.0198941230773926
                ],
                [
                    -0.9543975591659546,
                    0.18496659398078918,
                    0.23433445394039154,
                    0.9446324706077576
                ],
                [
                    1.4901161193847656e-08,
                    0.7849385142326355,
                    -0.6195734739303589,
                    -2.4975807666778564
                ],
                [
                    0.0,
                    0.0,
                    0.0,
                    1.0
                ]
            ]
        },
        {
            "file_path": "/data/shapenet_blender/all_50_random/02958343/ee1f5ba95a6bed7bbda733a39f84326d/r_7",
            "rotation": 0.12566370614359174,
            "transform_matrix": [
                [
                    0.6153281331062317,
                    -0.002132107736542821,
                    0.7882680892944336,
                    3.177610397338867
                ],
                [
                    0.7882709503173828,
                    0.0016643338603898883,
                    -0.615325927734375,
                    -2.4804582595825195
                ],
                [
                    -1.1641531488804091e-10,
                    0.9999963045120239,
                    0.0027047903276979923,
                    0.010903358459472656
                ],
                [
                    0.0,
                    0.0,
                    0.0,
                    1.0
                ]
            ]
        },
        {
            "file_path": "/data/shapenet_blender/all_50_random/02958343/ee1f5ba95a6bed7bbda733a39f84326d/r_8",
            "rotation": 0.12566370614359174,
            "transform_matrix": [
                [
                    0.6805683374404907,
                    0.06539197266101837,
                    0.7297605872154236,
                    2.9417593479156494
                ],
                [
                    0.7326846122741699,
                    -0.06074060872197151,
                    -0.6778523325920105,
                    -2.7325103282928467
                ],
                [
                    0.0,
                    0.996009349822998,
                    -0.08924981206655502,
                    -0.3597775399684906
                ],
                [
                    0.0,
                    0.0,
                    0.0,
                    1.0
                ]
            ]
        },
        {
            "file_path": "/data/shapenet_blender/all_50_random/02958343/ee1f5ba95a6bed7bbda733a39f84326d/r_9",
            "rotation": 0.12566370614359174,
            "transform_matrix": [
                [
                    -0.6747509837150574,
                    0.48347020149230957,
                    0.557644784450531,
                    2.2479379177093506
                ],
                [
                    0.7380454540252686,
                    0.44200798869132996,
                    0.5098214149475098,
                    2.0551557540893555
                ],
                [
                    1.4901160305669237e-08,
                    0.7555696964263916,
                    -0.6550682783126831,
                    -2.640664577484131
                ],
                [
                    0.0,
                    0.0,
                    0.0,
                    1.0
                ]
            ]
        },
        {
            "file_path": "/data/shapenet_blender/all_50_random/02958343/ee1f5ba95a6bed7bbda733a39f84326d/r_10",
            "rotation": 0.12566370614359174,
            "transform_matrix": [
                [
                    0.603958249092102,
                    0.23319846391677856,
                    -0.7621370553970337,
                    -3.072272777557373
                ],
                [
                    -0.7970159649848938,
                    0.1767118126153946,
                    -0.5775279402732849,
                    -2.328089475631714
                ],
                [
                    -1.4901161193847656e-08,
                    0.9562381505966187,
                    0.2925894558429718,
                    1.1794657707214355
                ],
                [
                    0.0,
                    0.0,
                    0.0,
                    1.0
                ]
            ]
        },
        {
            "file_path": "/data/shapenet_blender/all_50_random/02958343/ee1f5ba95a6bed7bbda733a39f84326d/r_11",
            "rotation": 0.12566370614359174,
            "transform_matrix": [
                [
                    0.7178825736045837,
                    -0.2281605750322342,
                    -0.6577136516571045,
                    -2.6513285636901855
                ],
                [
                    -0.696164071559906,
                    -0.23527859151363373,
                    -0.6782326102256775,
                    -2.7340431213378906
                ],
                [
                    0.0,
                    0.9447680711746216,
                    -0.3277396261692047,
                    -1.3211606740951538
                ],
                [
                    0.0,
                    0.0,
                    0.0,
                    1.0
                ]
            ]
        },
        {
            "file_path": "/data/shapenet_blender/all_50_random/02958343/ee1f5ba95a6bed7bbda733a39f84326d/r_12",
            "rotation": 0.12566370614359174,
            "transform_matrix": [
                [
                    0.08321309834718704,
                    -0.4199424088001251,
                    0.9037277698516846,
                    3.643043279647827
                ],
                [
                    0.9965317845344543,
                    0.03506632521748543,
                    -0.07546371221542358,
                    -0.30420395731925964
                ],
                [
                    0.0,
                    0.9068730473518372,
                    0.4214038848876953,
                    1.6987334489822388
                ],
                [
                    0.0,
                    0.0,
                    0.0,
                    1.0
                ]
            ]
        },
        {
            "file_path": "/data/shapenet_blender/all_50_random/02958343/ee1f5ba95a6bed7bbda733a39f84326d/r_13",
            "rotation": 0.12566370614359174,
            "transform_matrix": [
                [
                    -0.35444310307502747,
                    -0.20013096928596497,
                    -0.9134098887443542,
                    -3.6820731163024902
                ],
                [
                    -0.9350775480270386,
                    0.07586006075143814,
                    0.3462299406528473,
                    1.3956974744796753
                ],
                [
                    0.0,
                    0.9768279194831848,
                    -0.2140260636806488,
                    -0.862766683101654
                ],
                [
                    0.0,
                    0.0,
                    0.0,
                    1.0
                ]
            ]
        },
        {
            "file_path": "/data/shapenet_blender/all_50_random/02958343/ee1f5ba95a6bed7bbda733a39f84326d/r_14",
            "rotation": 0.12566370614359174,
            "transform_matrix": [
                [
                    0.4589379131793976,
                    0.23976865410804749,
                    -0.8555039763450623,
                    -3.4486467838287354
                ],
                [
                    -0.888468325138092,
                    0.12385237962007523,
                    -0.44191017746925354,
                    -1.7813968658447266
                ],
                [
                    -7.450580596923828e-09,
                    0.9628974795341492,
                    0.2698674201965332,
                    1.0878703594207764
                ],
                [
                    0.0,
                    0.0,
                    0.0,
                    1.0
                ]
            ]
        },
        {
            "file_path": "/data/shapenet_blender/all_50_random/02958343/ee1f5ba95a6bed7bbda733a39f84326d/r_15",
            "rotation": 0.12566370614359174,
            "transform_matrix": [
                [
                    -0.22839027643203735,
                    -0.5406618118286133,
                    0.8096434473991394,
                    3.263777256011963
                ],
                [
                    0.9735696911811829,
                    -0.12683416903018951,
                    0.18993473052978516,
                    0.7656514644622803
                ],
                [
                    0.0,
                    0.8316235542297363,
                    0.5553396344184875,
                    2.2386460304260254
                ],
                [
                    0.0,
                    0.0,
                    0.0,
                    1.0
                ]
            ]
        },
        {
            "file_path": "/data/shapenet_blender/all_50_random/02958343/ee1f5ba95a6bed7bbda733a39f84326d/r_16",
            "rotation": 0.12566370614359174,
            "transform_matrix": [
                [
                    0.5701112747192383,
                    -0.2987920343875885,
                    0.7653080821037292,
                    3.0850555896759033
                ],
                [
                    0.8215675950050354,
                    0.2073410600423813,
                    -0.5310710668563843,
                    -2.1408159732818604
                ],
                [
                    1.4901162970204496e-08,
                    0.9315217733383179,
                    0.36368533968925476,
                    1.4660625457763672
                ],
                [
                    0.0,
                    0.0,
                    0.0,
                    1.0
                ]
            ]
        },
        {
            "file_path": "/data/shapenet_blender/all_50_random/02958343/ee1f5ba95a6bed7bbda733a39f84326d/r_17",
            "rotation": 0.12566370614359174,
            "transform_matrix": [
                [
                    -0.20488376915454865,
                    0.0533442422747612,
                    -0.9773315787315369,
                    -3.9397497177124023
                ],
                [
                    -0.9787864089012146,
                    -0.011166244745254517,
                    0.20457923412322998,
                    0.824685275554657
                ],
                [
                    9.31322685637781e-10,
                    0.9985137581825256,
                    0.05450039356946945,
                    0.21969811618328094
                ],
                [
                    0.0,
                    0.0,
                    0.0,
                    1.0
                ]
            ]
        },
        {
            "file_path": "/data/shapenet_blender/all_50_random/02958343/ee1f5ba95a6bed7bbda733a39f84326d/r_18",
            "rotation": 0.12566370614359174,
            "transform_matrix": [
                [
                    0.4120498299598694,
                    -0.8687477111816406,
                    -0.27475887537002563,
                    -1.1075884103775024
                ],
                [
                    -0.9111614227294922,
                    -0.3928692936897278,
                    -0.1242527961730957,
                    -0.5008790493011475
                ],
                [
                    7.450581485102248e-09,
                    0.30154791474342346,
                    -0.9534509778022766,
                    -3.8434839248657227
                ],
                [
                    0.0,
                    0.0,
                    0.0,
                    1.0
                ]
            ]
        },
        {
            "file_path": "/data/shapenet_blender/all_50_random/02958343/ee1f5ba95a6bed7bbda733a39f84326d/r_19",
            "rotation": 0.12566370614359174,
            "transform_matrix": [
                [
                    0.41806119680404663,
                    -0.5351420640945435,
                    -0.7340625524520874,
                    -2.9591007232666016
                ],
                [
                    -0.9084188342094421,
                    -0.24627642333507538,
                    -0.3378211259841919,
                    -1.3618005514144897
                ],
                [
                    0.0,
                    0.8080661296844482,
                    -0.5890917778015137,
                    -2.3747048377990723
                ],
                [
                    0.0,
                    0.0,
                    0.0,
                    1.0
                ]
            ]
        },
        {
            "file_path": "/data/shapenet_blender/all_50_random/02958343/ee1f5ba95a6bed7bbda733a39f84326d/r_20",
            "rotation": 0.12566370614359174,
            "transform_matrix": [
                [
                    -0.20896445214748383,
                    -0.05213315412402153,
                    -0.9765325784683228,
                    -3.9365289211273193
                ],
                [
                    -0.9779233336448669,
                    0.011139907874166965,
                    0.20866727828979492,
                    0.841164767742157
                ],
                [
                    0.0,
                    0.9985779523849487,
                    -0.05331006273627281,
                    -0.21489974856376648
                ],
                [
                    0.0,
                    0.0,
                    0.0,
                    1.0
                ]
            ]
        },
        {
            "file_path": "/data/shapenet_blender/all_50_random/02958343/ee1f5ba95a6bed7bbda733a39f84326d/r_21",
            "rotation": 0.12566370614359174,
            "transform_matrix": [
                [
                    0.9453776478767395,
                    -0.01276464108377695,
                    0.3257274031639099,
                    1.3130491971969604
                ],
                [
                    0.32597747445106506,
                    0.037019144743680954,
                    -0.9446524381637573,
                    -3.808015823364258
                ],
                [
                    -9.313227966600834e-10,
                    0.9992329478263855,
                    0.03915805369615555,
                    0.15785115957260132
                ],
                [
                    0.0,
                    0.0,
                    0.0,
                    1.0
                ]
            ]
        },
        {
            "file_path": "/data/shapenet_blender/all_50_random/02958343/ee1f5ba95a6bed7bbda733a39f84326d/r_22",
            "rotation": 0.12566370614359174,
            "transform_matrix": [
                [
                    -0.7626116275787354,
                    0.04126328229904175,
                    -0.6455392241477966,
                    -2.6022515296936035
                ],
                [
                    -0.6468566656112671,
                    -0.04864735156297684,
                    0.761058509349823,
                    3.0679244995117188
                ],
                [
                    0.0,
                    0.9979633688926697,
                    0.063790462911129,
                    0.25714755058288574
                ],
                [
                    0.0,
                    0.0,
                    0.0,
                    1.0
                ]
            ]
        },
        {
            "file_path": "/data/shapenet_blender/all_50_random/02958343/ee1f5ba95a6bed7bbda733a39f84326d/r_23",
            "rotation": 0.12566370614359174,
            "transform_matrix": [
                [
                    0.5809779167175293,
                    -0.8060803413391113,
                    -0.11268995702266693,
                    -0.4542677700519562
                ],
                [
                    -0.8139193058013916,
                    -0.5753824710845947,
                    -0.08043841272592545,
                    -0.32425764203071594
                ],
                [
                    0.0,
                    0.1384536325931549,
                    -0.9903688430786133,
                    -3.992304801940918
                ],
                [
                    0.0,
                    0.0,
                    0.0,
                    1.0
                ]
            ]
        },
        {
            "file_path": "/data/shapenet_blender/all_50_random/02958343/ee1f5ba95a6bed7bbda733a39f84326d/r_24",
            "rotation": 0.12566370614359174,
            "transform_matrix": [
                [
                    0.6016750335693359,
                    -0.6460976600646973,
                    -0.4696221649646759,
                    -1.8931076526641846
                ],
                [
                    -0.7987410426139832,
                    -0.486691951751709,
                    -0.3537566363811493,
                    -1.4260387420654297
                ],
                [
                    1.4901161193847656e-08,
                    0.5879531502723694,
                    -0.8088949918746948,
                    -3.2607603073120117
                ],
                [
                    0.0,
                    0.0,
                    0.0,
                    1.0
                ]
            ]
        },
        {
            "file_path": "/data/shapenet_blender/all_50_random/02958343/ee1f5ba95a6bed7bbda733a39f84326d/r_25",
            "rotation": 0.12566370614359174,
            "transform_matrix": [
                [
                    0.3870891332626343,
                    0.4011186957359314,
                    0.8302203416824341,
                    3.3467252254486084
                ],
                [
                    0.9220423102378845,
                    -0.1683964878320694,
                    -0.34854069352149963,
                    -1.4050124883651733
                ],
                [
                    1.4901161193847656e-08,
                    0.9004145860671997,
                    -0.43503284454345703,
                    -1.7536734342575073
                ],
                [
                    0.0,
                    0.0,
                    0.0,
                    1.0
                ]
            ]
        },
        {
            "file_path": "/data/shapenet_blender/all_50_random/02958343/ee1f5ba95a6bed7bbda733a39f84326d/r_26",
            "rotation": 0.12566370614359174,
            "transform_matrix": [
                [
                    -0.2220565378665924,
                    0.8366097807884216,
                    0.5007743239402771,
                    2.018685817718506
                ],
                [
                    0.9750338196754456,
                    0.19053150713443756,
                    0.11404753476381302,
                    0.4597403109073639
                ],
                [
                    -7.450581485102248e-09,
                    0.5135967135429382,
                    -0.8580315709114075,
                    -3.4588358402252197
                ],
                [
                    0.0,
                    0.0,
                    0.0,
                    1.0
                ]
            ]
        },
        {
            "file_path": "/data/shapenet_blender/all_50_random/02958343/ee1f5ba95a6bed7bbda733a39f84326d/r_27",
            "rotation": 0.12566370614359174,
            "transform_matrix": [
                [
                    -0.46210405230522156,
                    0.4893128573894501,
                    0.7396165728569031,
                    2.981489658355713
                ],
                [
                    0.8868256211280823,
                    0.25496944785118103,
                    0.3853968679904938,
                    1.5535844564437866
                ],
                [
                    0.0,
                    0.8340044021606445,
                    -0.5517576932907104,
                    -2.2242064476013184
                ],
                [
                    0.0,
                    0.0,
                    0.0,
                    1.0
                ]
            ]
        },
        {
            "file_path": "/data/shapenet_blender/all_50_random/02958343/ee1f5ba95a6bed7bbda733a39f84326d/r_28",
            "rotation": 0.12566370614359174,
            "transform_matrix": [
                [
                    -0.9700775146484375,
                    -0.021576665341854095,
                    0.24183490872383118,
                    0.9748677015304565
                ],
                [
                    0.24279555678367615,
                    -0.08620847761631012,
                    0.9662392735481262,
                    3.8950350284576416
                ],
                [
                    -1.862645149230957e-09,
                    0.9960435032844543,
                    0.08886761963367462,
                    0.35823681950569153
                ],
                [
                    0.0,
                    0.0,
                    0.0,
                    1.0
                ]
            ]
        },
        {
            "file_path": "/data/shapenet_blender/all_50_random/02958343/ee1f5ba95a6bed7bbda733a39f84326d/r_29",
            "rotation": 0.12566370614359174,
            "transform_matrix": [
                [
                    0.5266398191452026,
                    -0.6686319708824158,
                    0.5249589085578918,
                    2.1161770820617676
                ],
                [
                    0.8500885367393494,
                    0.41422536969184875,
                    -0.32521820068359375,
                    -1.3109965324401855
                ],
                [
                    -1.4901161193847656e-08,
                    0.6175343990325928,
                    0.7865438461303711,
                    3.1706595420837402
                ],
                [
                    0.0,
                    0.0,
                    0.0,
                    1.0
                ]
            ]
        },
        {
            "file_path": "/data/shapenet_blender/all_50_random/02958343/ee1f5ba95a6bed7bbda733a39f84326d/r_30",
            "rotation": 0.12566370614359174,
            "transform_matrix": [
                [
                    0.8801515102386475,
                    0.37200257182121277,
                    0.2948685586452484,
                    1.1886532306671143
                ],
                [
                    0.4746929407119751,
                    -0.6897482872009277,
                    -0.5467302799224854,
                    -2.2039401531219482
                ],
                [
                    1.4901161193847656e-08,
                    0.6211773753166199,
                    -0.7836699485778809,
                    -3.159074544906616
                ],
                [
                    0.0,
                    0.0,
                    0.0,
                    1.0
                ]
            ]
        },
        {
            "file_path": "/data/shapenet_blender/all_50_random/02958343/ee1f5ba95a6bed7bbda733a39f84326d/r_31",
            "rotation": 0.12566370614359174,
            "transform_matrix": [
                [
                    0.9992825388908386,
                    0.006676781456917524,
                    -0.037280041724443436,
                    -0.1502806395292282
                ],
                [
                    -0.03787321597337723,
                    0.17616645991802216,
                    -0.9836316108703613,
                    -3.9651453495025635
                ],
                [
                    0.0,
                    0.9843376874923706,
                    0.17629295587539673,
                    0.7106595635414124
                ],
                [
                    0.0,
                    0.0,
                    0.0,
                    1.0
                ]
            ]
        },
        {
            "file_path": "/data/shapenet_blender/all_50_random/02958343/ee1f5ba95a6bed7bbda733a39f84326d/r_32",
            "rotation": 0.12566370614359174,
            "transform_matrix": [
                [
                    0.7234181761741638,
                    -0.3302062153816223,
                    -0.6063249707221985,
                    -2.44417405128479
                ],
                [
                    -0.6904100179672241,
                    -0.34599319100379944,
                    -0.6353130340576172,
                    -2.5610287189483643
                ],
                [
                    0.0,
                    0.8782098889350891,
                    -0.47827547788619995,
                    -1.9279900789260864
                ],
                [
                    0.0,
                    0.0,
                    0.0,
                    1.0
                ]
            ]
        },
        {
            "file_path": "/data/shapenet_blender/all_50_random/02958343/ee1f5ba95a6bed7bbda733a39f84326d/r_33",
            "rotation": 0.12566370614359174,
            "transform_matrix": [
                [
                    0.09577935189008713,
                    0.2528148293495178,
                    -0.962762176990509,
                    -3.8810181617736816
                ],
                [
                    -0.9954026341438293,
                    0.024326277896761894,
                    -0.09263862669467926,
                    -0.3734382390975952
                ],
                [
                    0.0,
                    0.9672088027000427,
                    0.2539824843406677,
                    1.0238361358642578
                ],
                [
                    0.0,
                    0.0,
                    0.0,
                    1.0
                ]
            ]
        },
        {
            "file_path": "/data/shapenet_blender/all_50_random/02958343/ee1f5ba95a6bed7bbda733a39f84326d/r_34",
            "rotation": 0.12566370614359174,
            "transform_matrix": [
                [
                    0.37347543239593506,
                    0.03444546088576317,
                    -0.9270004034042358,
                    -3.7368576526641846
                ],
                [
                    -0.9276401400566101,
                    0.01386802177876234,
                    -0.3732178807258606,
                    -1.5044891834259033
                ],
                [
                    0.0,
                    0.999310314655304,
                    0.03713235631585121,
                    0.14968529343605042
                ],
                [
                    0.0,
                    0.0,
                    0.0,
                    1.0
                ]
            ]
        },
        {
            "file_path": "/data/shapenet_blender/all_50_random/02958343/ee1f5ba95a6bed7bbda733a39f84326d/r_35",
            "rotation": 0.12566370614359174,
            "transform_matrix": [
                [
                    -0.02770191617310047,
                    -0.5817345380783081,
                    0.8129066824913025,
                    3.2769320011138916
                ],
                [
                    0.999616265296936,
                    -0.01612134836614132,
                    0.02252771705389023,
                    0.09081213921308517
                ],
                [
                    9.31322685637781e-10,
                    0.8132187724113464,
                    0.5819578766822815,
                    2.345947504043579
                ],
                [
                    0.0,
                    0.0,
                    0.0,
                    1.0
                ]
            ]
        },
        {
            "file_path": "/data/shapenet_blender/all_50_random/02958343/ee1f5ba95a6bed7bbda733a39f84326d/r_36",
            "rotation": 0.12566370614359174,
            "transform_matrix": [
                [
                    0.6628469228744507,
                    -0.1357109695672989,
                    -0.7363535165786743,
                    -2.9683358669281006
                ],
                [
                    -0.7487549185752869,
                    -0.12014024704694748,
                    -0.6518683433532715,
                    -2.627765417098999
                ],
                [
                    0.0,
                    0.983437180519104,
                    -0.18124885857105255,
                    -0.7306374907493591
                ],
                [
                    0.0,
                    0.0,
                    0.0,
                    1.0
                ]
            ]
        },
        {
            "file_path": "/data/shapenet_blender/all_50_random/02958343/ee1f5ba95a6bed7bbda733a39f84326d/r_37",
            "rotation": 0.12566370614359174,
            "transform_matrix": [
                [
                    -0.42915284633636475,
                    -0.7960907220840454,
                    -0.42669355869293213,
                    -1.7200567722320557
                ],
                [
                    -0.9032319784164429,
                    0.3782467842102051,
                    0.20273500680923462,
                    0.8172509670257568
                ],
                [
                    0.0,
                    0.47240743041038513,
                    -0.8813802003860474,
                    -3.55295729637146
                ],
                [
                    0.0,
                    0.0,
                    0.0,
                    1.0
                ]
            ]
        },
        {
            "file_path": "/data/shapenet_blender/all_50_random/02958343/ee1f5ba95a6bed7bbda733a39f84326d/r_38",
            "rotation": 0.12566370614359174,
            "transform_matrix": [
                [
                    -0.5027306079864502,
                    -0.6685540080070496,
                    -0.5479940176010132,
                    -2.2090344429016113
                ],
                [
                    -0.8644431829452515,
                    0.38880816102027893,
                    0.3186945915222168,
                    1.2846989631652832
                ],
                [
                    0.0,
                    0.6339271664619446,
                    -0.7733927965164185,
                    -3.1176459789276123
                ],
                [
                    0.0,
                    0.0,
                    0.0,
                    1.0
                ]
            ]
        },
        {
            "file_path": "/data/shapenet_blender/all_50_random/02958343/ee1f5ba95a6bed7bbda733a39f84326d/r_39",
            "rotation": 0.12566370614359174,
            "transform_matrix": [
                [
                    0.27861660718917847,
                    -0.9174864888191223,
                    -0.28388604521751404,
                    -1.1443812847137451
                ],
                [
                    -0.9604024291038513,
                    -0.2661665081977844,
                    -0.08235648274421692,
                    -0.331989586353302
                ],
                [
                    0.0,
                    0.2955905795097351,
                    -0.9553146362304688,
                    -3.850996494293213
                ],
                [
                    0.0,
                    0.0,
                    0.0,
                    1.0
                ]
            ]
        },
        {
            "file_path": "/data/shapenet_blender/all_50_random/02958343/ee1f5ba95a6bed7bbda733a39f84326d/r_40",
            "rotation": 0.12566370614359174,
            "transform_matrix": [
                [
                    0.7964878082275391,
                    -0.3599186837673187,
                    -0.4858658015727997,
                    -1.958587646484375
                ],
                [
                    -0.6046544313430786,
                    -0.47410690784454346,
                    -0.6400121450424194,
                    -2.5799715518951416
                ],
                [
                    0.0,
                    0.8035429120063782,
                    -0.5952468514442444,
                    -2.3995168209075928
                ],
                [
                    0.0,
                    0.0,
                    0.0,
                    1.0
                ]
            ]
        },
        {
            "file_path": "/data/shapenet_blender/all_50_random/02958343/ee1f5ba95a6bed7bbda733a39f84326d/r_41",
            "rotation": 0.12566370614359174,
            "transform_matrix": [
                [
                    -0.7355535626411438,
                    -0.468093603849411,
                    -0.4897441864013672,
                    -1.9742218255996704
                ],
                [
                    -0.677466630935669,
                    0.508228600025177,
                    0.5317354798316956,
                    2.1434943675994873
                ],
                [
