{
    "class": "02958343",
    "model": "e4bc9cf3aaff441f19d740e0f6a9a113",
    "remove_doubles": true,
    "edge_split": true,
    "denoise": true,
    "camera_angle_x": 0.6911112070083618,
    "scale_factor": 2.2908799790700622,
    "hdri_file": "/data/IndoorHDRDataset2018/9C4A1901-0eeb44294b.exr",
    "center_offset": [
        0.0,
        -1.862645149230957e-09,
        0.0
    ],
    "lights": [],
    "frames": [
        {
            "file_path": "/data/shapenet_blender/all_50_random/02958343/e4bc9cf3aaff441f19d740e0f6a9a113/r_0",
            "rotation": 0.12566370614359174,
            "transform_matrix": [
                [
                    -0.07441191375255585,
                    -0.0017899516969919205,
                    0.9972259998321533,
                    4.019946575164795
                ],
                [
                    0.9972276091575623,
                    -0.0001335640117758885,
                    0.0744117945432663,
                    0.2999635338783264
                ],
                [
                    0.0,
                    0.9999983906745911,
                    0.0017949278699234128,
                    0.0072355857118964195
                ],
                [
                    0.0,
                    0.0,
                    0.0,
                    1.0
                ]
            ]
        },
        {
            "file_path": "/data/shapenet_blender/all_50_random/02958343/e4bc9cf3aaff441f19d740e0f6a9a113/r_1",
            "rotation": 0.12566370614359174,
            "transform_matrix": [
                [
                    0.06886259466409683,
                    0.978428065776825,
                    -0.19477234780788422,
                    -0.7851524949073792
                ],
                [
                    -0.9976260662078857,
                    0.06753742694854736,
                    -0.0134444460272789,
                    -0.054196298122406006
                ],
                [
                    9.313225191043273e-10,
                    0.19523562490940094,
                    0.9807562828063965,
                    3.9535553455352783
                ],
                [
                    0.0,
                    0.0,
                    0.0,
                    1.0
                ]
            ]
        },
        {
            "file_path": "/data/shapenet_blender/all_50_random/02958343/e4bc9cf3aaff441f19d740e0f6a9a113/r_2",
            "rotation": 0.12566370614359174,
            "transform_matrix": [
                [
                    -0.3234981894493103,
                    0.6249569058418274,
                    0.7104771137237549,
                    2.8640248775482178
                ],
                [
                    0.9462288618087769,
                    0.21366123855113983,
                    0.24289903044700623,
                    0.9791573286056519
                ],
                [
                    0.0,
                    0.7508512735366821,
                    -0.6604712605476379,
                    -2.662444829940796
                ],
                [
                    0.0,
                    0.0,
                    0.0,
                    1.0
                ]
            ]
        },
        {
            "file_path": "/data/shapenet_blender/all_50_random/02958343/e4bc9cf3aaff441f19d740e0f6a9a113/r_3",
            "rotation": 0.12566370614359174,
            "transform_matrix": [
                [
                    0.2396463006734848,
                    -0.5677651762962341,
                    0.7875356078147888,
                    3.1746575832366943
                ],
                [
                    0.9708603024482727,
                    0.1401466578245163,
                    -0.19439458847045898,
                    -0.7836296558380127
                ],
                [
                    -7.450580596923828e-09,
                    0.8111729621887207,
                    0.5848062634468079,
                    2.3574295043945312
                ],
                [
                    0.0,
                    0.0,
                    0.0,
                    1.0
                ]
            ]
        },
        {
            "file_path": "/data/shapenet_blender/all_50_random/02958343/e4bc9cf3aaff441f19d740e0f6a9a113/r_4",
            "rotation": 0.12566370614359174,
            "transform_matrix": [
                [
                    -0.7658175826072693,
                    0.17876502871513367,
                    -0.6177106499671936,
                    -2.4900710582733154
                ],
                [
                    -0.6430578231811523,
                    -0.21289129555225372,
                    0.7356317043304443,
                    2.965425968170166
                ],
                [
                    0.0,
                    0.9605833292007446,
                    0.2779921889305115,
                    1.1206222772598267
                ],
                [
                    0.0,
                    0.0,
                    0.0,
                    1.0
                ]
            ]
        },
        {
            "file_path": "/data/shapenet_blender/all_50_random/02958343/e4bc9cf3aaff441f19d740e0f6a9a113/r_5",
            "rotation": 0.12566370614359174,
            "transform_matrix": [
                [
                    -0.7541693449020386,
                    -0.4359455406665802,
                    -0.49110084772109985,
                    -1.9796909093856812
                ],
                [
                    -0.6566799879074097,
                    0.5006651282310486,
                    0.5640086531639099,
                    2.2735917568206787
                ],
                [
                    0.0,
                    0.7478541731834412,
                    -0.663862943649292,
                    -2.676117420196533
                ],
                [
                    0.0,
                    0.0,
                    0.0,
                    1.0
                ]
            ]
        },
        {
            "file_path": "/data/shapenet_blender/all_50_random/02958343/e4bc9cf3aaff441f19d740e0f6a9a113/r_6",
            "rotation": 0.12566370614359174,
            "transform_matrix": [
                [
                    -0.7415739297866821,
                    -0.04024546593427658,
                    -0.6696628332138062,
                    -2.6994974613189697
                ],
                [
                    -0.6708711385726929,
                    0.04448692128062248,
                    0.7402383089065552,
                    2.9839963912963867
                ],
                [
                    1.8626449271863521e-09,
                    0.9981989860534668,
                    -0.05998985841870308,
                    -0.2418268620967865
                ],
                [
                    0.0,
                    0.0,
                    0.0,
                    1.0
                ]
            ]
        },
        {
            "file_path": "/data/shapenet_blender/all_50_random/02958343/e4bc9cf3aaff441f19d740e0f6a9a113/r_7",
            "rotation": 0.12566370614359174,
            "transform_matrix": [
                [
                    0.16187402606010437,
                    -0.07943800091743469,
                    -0.9836088418960571,
                    -3.9650540351867676
                ],
                [
                    -0.9868115186691284,
                    -0.013030805625021458,
                    -0.16134865581989288,
                    -0.6504172086715698
                ],
                [
                    0.0,
                    0.9967545866966248,
                    -0.08049968630075455,
                    -0.3245046138763428
                ],
                [
                    0.0,
                    0.0,
                    0.0,
                    1.0
                ]
            ]
        },
        {
            "file_path": "/data/shapenet_blender/all_50_random/02958343/e4bc9cf3aaff441f19d740e0f6a9a113/r_8",
            "rotation": 0.12566370614359174,
            "transform_matrix": [
                [
                    0.9550423622131348,
                    -0.10597207397222519,
                    0.27688249945640564,
                    1.1161490678787231
                ],
                [
                    0.29646918177604675,
                    0.3413771688938141,
                    -0.8919459581375122,
                    -3.5955491065979004
                ],
                [
                    -7.450580152834618e-09,
                    0.9339333176612854,
                    0.3574471175670624,
                    1.4409154653549194
                ],
                [
                    0.0,
                    0.0,
                    0.0,
                    1.0
                ]
            ]
        },
        {
            "file_path": "/data/shapenet_blender/all_50_random/02958343/e4bc9cf3aaff441f19d740e0f6a9a113/r_9",
            "rotation": 0.12566370614359174,
            "transform_matrix": [
                [
                    -0.8990797996520996,
                    -0.1974216103553772,
                    -0.3907431960105896,
                    -1.5751363039016724
                ],
                [
                    -0.4377848505973816,
                    0.4054452180862427,
                    0.8024702072143555,
                    3.234861135482788
                ],
                [
                    0.0,
                    0.8925461769104004,
                    -0.4509557783603668,
                    -1.8178609609603882
                ],
                [
                    0.0,
                    0.0,
                    0.0,
                    1.0
                ]
            ]
        },
        {
            "file_path": "/data/shapenet_blender/all_50_random/02958343/e4bc9cf3aaff441f19d740e0f6a9a113/r_10",
            "rotation": 0.12566370614359174,
            "transform_matrix": [
                [
                    0.6501637101173401,
                    -0.04514877125620842,
                    -0.7584514617919922,
                    -3.0574159622192383
                ],
                [
                    -0.7597941756248474,
                    -0.038634274154901505,
                    -0.6490147709846497,
                    -2.616262435913086
                ],
                [
                    -1.862645149230957e-09,
                    0.9982329607009888,
                    -0.059422366321086884,
                    -0.239539235830307
                ],
                [
                    0.0,
                    0.0,
                    0.0,
                    1.0
                ]
            ]
        },
        {
            "file_path": "/data/shapenet_blender/all_50_random/02958343/e4bc9cf3aaff441f19d740e0f6a9a113/r_11",
            "rotation": 0.12566370614359174,
            "transform_matrix": [
                [
                    -0.3358248174190521,
                    0.3011796772480011,
                    0.8924754858016968,
                    3.5976836681365967
                ],
                [
                    0.941924512386322,
                    0.1073797345161438,
                    0.318194717168808,
                    1.2826838493347168
                ],
                [
                    7.450580596923828e-09,
                    0.9475021958351135,
                    -0.31974923610687256,
                    -1.2889503240585327
                ],
                [
                    0.0,
                    0.0,
                    0.0,
                    1.0
                ]
            ]
        },
        {
            "file_path": "/data/shapenet_blender/all_50_random/02958343/e4bc9cf3aaff441f19d740e0f6a9a113/r_12",
            "rotation": 0.12566370614359174,
            "transform_matrix": [
                [
                    0.8152124285697937,
                    -0.3671669363975525,
                    -0.44790297746658325,
                    -1.8055546283721924
                ],
                [
                    -0.579162061214447,
                    -0.5168139934539795,
                    -0.6304557919502258,
                    -2.5414485931396484
                ],
                [
                    -1.4901161193847656e-08,
                    0.7733637690544128,
                    -0.6339624524116516,
                    -2.55558443069458
                ],
                [
                    0.0,
                    0.0,
                    0.0,
                    1.0
                ]
            ]
        },
        {
            "file_path": "/data/shapenet_blender/all_50_random/02958343/e4bc9cf3aaff441f19d740e0f6a9a113/r_13",
            "rotation": 0.12566370614359174,
            "transform_matrix": [
                [
                    0.7659509181976318,
                    -0.2809082865715027,
                    -0.5782816410064697,
                    -2.3311281204223633
                ],
                [
                    -0.6428990960121155,
                    -0.334674596786499,
                    -0.6889656186103821,
                    -2.7773094177246094
                ],
                [
                    -1.4901161193847656e-08,
                    0.8994905948638916,
                    -0.4369400441646576,
                    -1.7613617181777954
                ],
                [
                    0.0,
                    0.0,
                    0.0,
                    1.0
                ]
            ]
        },
        {
            "file_path": "/data/shapenet_blender/all_50_random/02958343/e4bc9cf3aaff441f19d740e0f6a9a113/r_14",
            "rotation": 0.12566370614359174,
            "transform_matrix": [
                [
                    0.8926473259925842,
                    -0.20468883216381073,
                    0.40160098671913147,
                    1.6189054250717163
                ],
                [
                    0.4507559835910797,
                    0.40535223484039307,
                    -0.7953040599822998,
                    -3.2059733867645264
                ],
                [
                    0.0,
                    0.8909499645233154,
                    0.4541012942790985,
                    1.8305410146713257
                ],
                [
                    0.0,
                    0.0,
                    0.0,
                    1.0
                ]
            ]
        },
        {
            "file_path": "/data/shapenet_blender/all_50_random/02958343/e4bc9cf3aaff441f19d740e0f6a9a113/r_15",
            "rotation": 0.12566370614359174,
            "transform_matrix": [
                [
                    0.3866207003593445,
                    -0.1504324972629547,
                    0.9098871350288391,
                    3.6678719520568848
                ],
                [
                    0.922238826751709,
                    0.06306426227092743,
                    -0.3814426064491272,
                    -1.5376441478729248
                ],
                [
                    3.725290076417309e-09,
                    0.9866068363189697,
                    0.16311663389205933,
                    0.6575440764427185
                ],
                [
                    0.0,
                    0.0,
                    0.0,
                    1.0
                ]
            ]
        },
        {
            "file_path": "/data/shapenet_blender/all_50_random/02958343/e4bc9cf3aaff441f19d740e0f6a9a113/r_16",
            "rotation": 0.12566370614359174,
            "transform_matrix": [
                [
                    0.901184618473053,
                    -0.037315335124731064,
                    -0.43182629346847534,
                    -1.7407475709915161
                ],
                [
                    -0.4334356188774109,
                    -0.07758477330207825,
                    -0.8978385329246521,
                    -3.6193032264709473
                ],
                [
                    0.0,
                    0.9962872266769409,
                    -0.08609198778867722,
                    -0.34704792499542236
                ],
                [
                    0.0,
                    0.0,
                    0.0,
                    1.0
                ]
            ]
        },
        {
            "file_path": "/data/shapenet_blender/all_50_random/02958343/e4bc9cf3aaff441f19d740e0f6a9a113/r_17",
            "rotation": 0.12566370614359174,
            "transform_matrix": [
                [
                    -0.5230877995491028,
                    -0.824398934841156,
                    0.21620690822601318,
                    0.8715578317642212
                ],
                [
                    0.8522787690162659,
                    -0.5059764981269836,
                    0.1326974332332611,
                    0.5349203944206238
                ],
                [
                    0.0,
                    0.2536808252334595,
                    0.9672880172729492,
                    3.8992621898651123
                ],
                [
                    0.0,
                    0.0,
                    0.0,
                    1.0
                ]
            ]
        },
        {
            "file_path": "/data/shapenet_blender/all_50_random/02958343/e4bc9cf3aaff441f19d740e0f6a9a113/r_18",
            "rotation": 0.12566370614359174,
            "transform_matrix": [
                [
                    0.7677801251411438,
                    0.015737520530819893,
                    0.6405199766159058,
                    2.5820188522338867
                ],
                [
                    0.6407132744789124,
                    -0.01885860040783882,
                    -0.7675485014915466,
                    -3.0940871238708496
                ],
                [
                    0.0,
                    0.9996983408927917,
                    -0.024562496691942215,
                    -0.09901459515094757
                ],
                [
                    0.0,
                    0.0,
                    0.0,
                    1.0
                ]
            ]
        },
        {
            "file_path": "/data/shapenet_blender/all_50_random/02958343/e4bc9cf3aaff441f19d740e0f6a9a113/r_19",
            "rotation": 0.12566370614359174,
            "transform_matrix": [
                [
                    -0.8350195288658142,
                    0.16053807735443115,
                    -0.526279091835022,
                    -2.1214990615844727
                ],
                [
                    -0.5502200722694397,
                    -0.2436341941356659,
                    0.7986864447593689,
                    3.2196083068847656
                ],
                [
                    0.0,
                    0.956488311290741,
                    0.2917705774307251,
                    1.176164984703064
                ],
                [
                    0.0,
                    0.0,
                    0.0,
                    1.0
                ]
            ]
        },
        {
            "file_path": "/data/shapenet_blender/all_50_random/02958343/e4bc9cf3aaff441f19d740e0f6a9a113/r_20",
            "rotation": 0.12566370614359174,
            "transform_matrix": [
                [
                    -0.2786637842655182,
                    -0.4156626760959625,
                    -0.8657776117324829,
                    -3.4900615215301514
                ],
                [
                    -0.9603886604309082,
                    0.12060756981372833,
                    0.2512117028236389,
                    1.012666940689087
                ],
                [
                    0.0,
                    0.9014866948127747,
                    -0.4328066408634186,
                    -1.744699478149414
                ],
                [
                    0.0,
                    0.0,
                    0.0,
                    1.0
                ]
            ]
        },
        {
            "file_path": "/data/shapenet_blender/all_50_random/02958343/e4bc9cf3aaff441f19d740e0f6a9a113/r_21",
            "rotation": 0.12566370614359174,
            "transform_matrix": [
                [
                    -0.9965370893478394,
                    -0.05880860984325409,
                    0.05878265202045441,
                    0.23696047067642212
                ],
                [
                    0.08314958214759827,
                    -0.7048135995864868,
                    0.704502522945404,
                    2.8399407863616943
                ],
                [
                    0.0,
                    0.7069506645202637,
                    0.7072627544403076,
                    2.851067543029785
                ],
                [
                    0.0,
                    0.0,
                    0.0,
                    1.0
                ]
            ]
        },
        {
            "file_path": "/data/shapenet_blender/all_50_random/02958343/e4bc9cf3aaff441f19d740e0f6a9a113/r_22",
            "rotation": 0.12566370614359174,
            "transform_matrix": [
                [
                    0.48625168204307556,
                    -0.3106403350830078,
                    0.816738486289978,
                    3.2923781871795654
                ],
                [
                    0.8738187551498413,
                    0.1728612333536148,
                    -0.4544883668422699,
                    -1.8321012258529663
                ],
                [
                    0.0,
                    0.9346771240234375,
                    0.35549744963645935,
                    1.433056116104126
                ],
                [
                    0.0,
                    0.0,
                    0.0,
                    1.0
                ]
            ]
        },
        {
            "file_path": "/data/shapenet_blender/all_50_random/02958343/e4bc9cf3aaff441f19d740e0f6a9a113/r_23",
            "rotation": 0.12566370614359174,
            "transform_matrix": [
                [
                    0.8740904331207275,
                    -0.06072889640927315,
                    -0.4819522798061371,
                    -1.9428118467330933
                ],
                [
                    -0.4857633709907532,
                    -0.10927655547857285,
                    -0.8672326803207397,
                    -3.495927095413208
                ],
                [
                    0.0,
                    0.9921545386314392,
                    -0.125017449259758,
                    -0.5039615035057068
                ],
                [
                    0.0,
                    0.0,
                    0.0,
                    1.0
                ]
            ]
        },
        {
            "file_path": "/data/shapenet_blender/all_50_random/02958343/e4bc9cf3aaff441f19d740e0f6a9a113/r_24",
            "rotation": 0.12566370614359174,
            "transform_matrix": [
                [
                    0.05855194106698036,
                    0.22418494522571564,
                    -0.9727860689163208,
                    -3.9214260578155518
                ],
                [
                    -0.9982843995094299,
                    0.013149022124707699,
                    -0.05705639719963074,
                    -0.23000168800354004
                ],
                [
                    0.0,
                    0.9744579195976257,
                    0.22457021474838257,
                    0.9052714705467224
                ],
                [
                    0.0,
                    0.0,
                    0.0,
                    1.0
                ]
            ]
        },
        {
            "file_path": "/data/shapenet_blender/all_50_random/02958343/e4bc9cf3aaff441f19d740e0f6a9a113/r_25",
            "rotation": 0.12566370614359174,
            "transform_matrix": [
                [
                    -0.21251602470874786,
                    -0.14788073301315308,
                    -0.9659027457237244,
                    -3.893678665161133
                ],
                [
                    -0.9771576523780823,
                    0.03216167166829109,
                    0.21006827056407928,
                    0.84681236743927
                ],
                [
                    -1.862645371275562e-09,
                    0.9884819984436035,
                    -0.1513376533985138,
                    -0.6100616455078125
                ],
                [
                    0.0,
                    0.0,
                    0.0,
                    1.0
                ]
            ]
        },
        {
            "file_path": "/data/shapenet_blender/all_50_random/02958343/e4bc9cf3aaff441f19d740e0f6a9a113/r_26",
            "rotation": 0.12566370614359174,
            "transform_matrix": [
                [
                    -0.9499801397323608,
                    -0.18990552425384521,
                    0.24793905019760132,
                    0.9994743466377258
                ],
                [
                    0.3123105764389038,
                    -0.5776508450508118,
                    0.7541760206222534,
                    3.0401809215545654
                ],
                [
                    1.4901162970204496e-08,
                    0.7938861846923828,
                    0.6080662608146667,
                    2.4511938095092773
                ],
                [
                    0.0,
                    0.0,
                    0.0,
                    1.0
                ]
            ]
        },
        {
            "file_path": "/data/shapenet_blender/all_50_random/02958343/e4bc9cf3aaff441f19d740e0f6a9a113/r_27",
            "rotation": 0.12566370614359174,
            "transform_matrix": [
                [
                    -0.7082666158676147,
                    0.5264706611633301,
                    -0.4703052341938019,
                    -1.895861029624939
                ],
                [
                    -0.7059450149536133,
                    -0.5282020568847656,
                    0.4718519151210785,
                    1.902095913887024
                ],
                [
                    0.0,
                    0.6662065982818604,
                    0.7457671761512756,
                    3.006283760070801
                ],
                [
                    0.0,
                    0.0,
                    0.0,
                    1.0
                ]
            ]
        },
        {
            "file_path": "/data/shapenet_blender/all_50_random/02958343/e4bc9cf3aaff441f19d740e0f6a9a113/r_28",
            "rotation": 0.12566370614359174,
            "transform_matrix": [
                [
                    0.5996651649475098,
                    0.4927445352077484,
                    -0.6305588483810425,
                    -2.5418641567230225
                ],
                [
                    -0.8002510070800781,
                    0.3692363202571869,
                    -0.47250697016716003,
                    -1.9047366380691528
                ],
                [
                    0.0,
                    0.7879512906074524,
                    0.6157374382019043,
                    2.482117176055908
                ],
                [
                    0.0,
                    0.0,
                    0.0,
                    1.0
                ]
            ]
        },
        {
            "file_path": "/data/shapenet_blender/all_50_random/02958343/e4bc9cf3aaff441f19d740e0f6a9a113/r_29",
            "rotation": 0.12566370614359174,
            "transform_matrix": [
                [
                    -0.2165537178516388,
                    -0.3190194070339203,
                    0.9226760268211365,
                    3.719426155090332
                ],
                [
                    0.9762707352638245,
                    -0.07076400518417358,
                    0.20466548204421997,
                    0.8250330090522766
                ],
                [
                    -1.4901161193847656e-08,
                    0.9451026916503906,
                    0.326773464679718,
                    1.3172661066055298
                ],
                [
                    0.0,
                    0.0,
                    0.0,
                    1.0
                ]
            ]
        },
        {
            "file_path": "/data/shapenet_blender/all_50_random/02958343/e4bc9cf3aaff441f19d740e0f6a9a113/r_30",
            "rotation": 0.12566370614359174,
            "transform_matrix": [
                [
                    0.8852719068527222,
                    -0.0024864235892891884,
                    0.4650672674179077,
                    1.8747462034225464
                ],
                [
                    0.46507394313812256,
                    0.0047329263761639595,
                    -0.8852591514587402,
                    -3.568593978881836
                ],
                [
                    2.3283064365386963e-10,
                    0.9999856948852539,
                    0.005346297286450863,
                    0.021551616489887238
                ],
                [
                    0.0,
                    0.0,
                    0.0,
                    1.0
                ]
            ]
        },
        {
            "file_path": "/data/shapenet_blender/all_50_random/02958343/e4bc9cf3aaff441f19d740e0f6a9a113/r_31",
            "rotation": 0.12566370614359174,
            "transform_matrix": [
                [
                    -0.0994635820388794,
                    0.056754786521196365,
                    0.9934213757514954,
                    4.004609107971191
                ],
                [
                    0.9950411915779114,
                    0.005673167295753956,
                    0.09930167347192764,
                    0.40029779076576233
                ],
                [
                    0.0,
                    0.998371958732605,
                    -0.057037632912397385,
                    -0.22992601990699768
                ],
                [
                    0.0,
                    0.0,
                    0.0,
                    1.0
                ]
            ]
        },
        {
            "file_path": "/data/shapenet_blender/all_50_random/02958343/e4bc9cf3aaff441f19d740e0f6a9a113/r_32",
            "rotation": 0.12566370614359174,
            "transform_matrix": [
                [
                    -0.9101384282112122,
                    -0.0029679860454052687,
                    -0.41429373621940613,
                    -1.6700714826583862
                ],
                [
                    -0.41430434584617615,
                    0.006520033348351717,
                    0.9101150631904602,
                    3.6687910556793213
                ],
                [
                    2.3283061589829401e-10,
                    0.9999744296073914,
                    -0.007163782138377428,
                    -0.02887813001871109
                ],
                [
                    0.0,
                    0.0,
                    0.0,
                    1.0
                ]
            ]
        },
        {
            "file_path": "/data/shapenet_blender/all_50_random/02958343/e4bc9cf3aaff441f19d740e0f6a9a113/r_33",
            "rotation": 0.12566370614359174,
            "transform_matrix": [
                [
                    0.011498521082103252,
                    0.19299794733524323,
                    0.9811317920684814,
                    3.955068826675415
                ],
                [
                    0.9999339580535889,
                    -0.002219337737187743,
                    -0.011282309889793396,
                    -0.04548044502735138
                ],
                [
                    2.3283064365386963e-10,
                    0.9811966419219971,
                    -0.19301071763038635,
                    -0.7780510783195496
                ],
                [
                    0.0,
                    0.0,
                    0.0,
                    1.0
                ]
            ]
        },
        {
            "file_path": "/data/shapenet_blender/all_50_random/02958343/e4bc9cf3aaff441f19d740e0f6a9a113/r_34",
            "rotation": 0.12566370614359174,
            "transform_matrix": [
                [
                    -0.3982957899570465,
                    -0.18414641916751862,
                    -0.8985825181007385,
                    -3.6223020553588867
                ],
                [
                    -0.9172570109367371,
                    0.07996094971895218,
                    0.3901868462562561,
                    1.572893500328064
                ],
                [
                    7.450580596923828e-09,
                    0.9796407222747803,
                    -0.2007577121257782,
                    -0.8092802166938782
                ],
                [
                    0.0,
                    0.0,
                    0.0,
                    1.0
                ]
            ]
        },
        {
            "file_path": "/data/shapenet_blender/all_50_random/02958343/e4bc9cf3aaff441f19d740e0f6a9a113/r_35",
            "rotation": 0.12566370614359174,
            "transform_matrix": [
                [
                    -0.28966012597084045,
                    -0.10222689062356949,
                    -0.9516546130180359,
                    -3.83624267578125
                ],
                [
                    -0.9571294784545898,
                    0.030937358736991882,
                    0.28800326585769653,
                    1.1609784364700317
                ],
                [
                    1.8626448161640496e-09,
                    0.9942799210548401,
                    -0.10680568963289261,
                    -0.4305475354194641
                ],
                [
                    0.0,
                    0.0,
                    0.0,
                    1.0
                ]
            ]
        },
        {
            "file_path": "/data/shapenet_blender/all_50_random/02958343/e4bc9cf3aaff441f19d740e0f6a9a113/r_36",
            "rotation": 0.12566370614359174,
            "transform_matrix": [
                [
                    0.6681551337242126,
                    -0.05004061013460159,
                    -0.7423372864723206,
                    -2.992457389831543
                ],
                [
                    -0.744022011756897,
                    -0.04493803530931473,
                    -0.6666421890258789,
                    -2.6873207092285156
                ],
                [
                    3.725290298461914e-09,
                    0.9977357387542725,
                    -0.06725689023733139,
                    -0.27112120389938354
                ],
                [
                    0.0,
                    0.0,
                    0.0,
                    1.0
                ]
            ]
        },
        {
            "file_path": "/data/shapenet_blender/all_50_random/02958343/e4bc9cf3aaff441f19d740e0f6a9a113/r_37",
            "rotation": 0.12566370614359174,
            "transform_matrix": [
                [
                    -0.8626794219017029,
                    0.31748610734939575,
                    -0.39368346333503723,
                    -1.5869888067245483
                ],
                [
                    -0.5057509541511536,
                    -0.5415485501289368,
                    0.6715214252471924,
                    2.7069895267486572
                ],
                [
                    1.4901160305669237e-08,
                    0.7784136533737183,
                    0.6277517080307007,
                    2.530548095703125
                ],
                [
                    0.0,
                    0.0,
                    0.0,
                    1.0
                ]
            ]
        },
        {
            "file_path": "/data/shapenet_blender/all_50_random/02958343/e4bc9cf3aaff441f19d740e0f6a9a113/r_38",
            "rotation": 0.12566370614359174,
            "transform_matrix": [
                [
                    0.6484858393669128,
                    -0.14167270064353943,
                    -0.7479271292686462,
                    -3.01499080657959
                ],
                [
                    -0.7612267732620239,
                    -0.12069036066532135,
                    -0.6371558904647827,
                    -2.56845760345459
                ],
                [
                    0.0,
                    0.9825286269187927,
                    -0.18611106276512146,
                    -0.7502377033233643
                ],
                [
                    0.0,
                    0.0,
                    0.0,
                    1.0
                ]
            ]
        },
        {
            "file_path": "/data/shapenet_blender/all_50_random/02958343/e4bc9cf3aaff441f19d740e0f6a9a113/r_39",
            "rotation": 0.12566370614359174,
            "transform_matrix": [
                [
                    -0.23999620974063873,
                    0.4591313302516937,
                    -0.8553363084793091,
                    -3.4479708671569824
                ],
                [
                    -0.9707738161087036,
                    -0.11350715905427933,
                    0.21145756542682648,
                    0.8524127006530762
                ],
                [
                    0.0,
                    0.881087064743042,
                    0.4729539752006531,
                    1.906538486480713
                ],
                [
                    0.0,
                    0.0,
                    0.0,
                    1.0
                ]
            ]
        },
        {
            "file_path": "/data/shapenet_blender/all_50_random/02958343/e4bc9cf3aaff441f19d740e0f6a9a113/r_40",
            "rotation": 0.12566370614359174,
            "transform_matrix": [
                [
                    -0.09219349175691605,
                    -0.9575437903404236,
                    -0.2731485962867737,
                    -1.1010971069335938
                ],
                [
                    -0.995741069316864,
                    0.08865688741207123,
                    0.02529023215174675,
                    0.10194817185401917
                ],
                [
                    0.0,
                    0.27431702613830566,
                    -0.961639404296875,
                    -3.8764920234680176
                ],
                [
                    0.0,
                    0.0,
                    0.0,
                    1.0
                ]
            ]
        },
        {
            "file_path": "/data/shapenet_blender/all_50_random/02958343/e4bc9cf3aaff441f19d740e0f6a9a113/r_41",
            "rotation": 0.12566370614359174,
            "transform_matrix": [
                [
                    0.5930929183959961,
                    0.21893525123596191,
                    0.774795413017273,
                    3.123300552368164
                ],
                [
                    0.8051339387893677,
                    -0.1612762063741684,
                    -0.5707443952560425,
                    -2.3007445335388184
                ],
