{
    "class": "02958343",
    "model": "57ce5193c3ecd067c05c2f3d0d461abf",
    "remove_doubles": true,
    "edge_split": true,
    "denoise": true,
    "camera_angle_x": 0.6911112070083618,
    "scale_factor": 2.245382016510981,
    "hdri_file": "/data/IndoorHDRDataset2018/9C4A8409-d9db60cd58.exr",
    "center_offset": [
        0.0,
        0.0,
        2.7939677238464355e-09
    ],
    "lights": [],
    "frames": [
        {
            "file_path": "/data/shapenet_blender/all_50_random/02958343/57ce5193c3ecd067c05c2f3d0d461abf/r_0",
            "rotation": 0.12566370614359174,
            "transform_matrix": [
                [
                    0.4557027518749237,
                    0.1379423439502716,
                    0.8793786764144897,
                    3.544888973236084
                ],
                [
                    0.8901321291923523,
                    -0.07061952352523804,
                    -0.4501975178718567,
                    -1.8148043155670166
                ],
                [
                    3.725290742551124e-09,
                    0.9879193902015686,
                    -0.15496841073036194,
                    -0.6246976852416992
                ],
                [
                    0.0,
                    0.0,
                    0.0,
                    1.0
                ]
            ]
        },
        {
            "file_path": "/data/shapenet_blender/all_50_random/02958343/57ce5193c3ecd067c05c2f3d0d461abf/r_1",
            "rotation": 0.12566370614359174,
            "transform_matrix": [
                [
                    0.099180206656456,
                    0.026065807789564133,
                    0.9947280883789062,
                    4.009876728057861
                ],
                [
                    0.9950695633888245,
                    -0.002598021412268281,
                    -0.09914616495370865,
                    -0.39967092871665955
                ],
                [
                    0.0,
                    0.9996567368507385,
                    -0.026194969192147255,
                    -0.10559528321027756
                ],
                [
                    0.0,
                    0.0,
                    0.0,
                    1.0
                ]
            ]
        },
        {
            "file_path": "/data/shapenet_blender/all_50_random/02958343/57ce5193c3ecd067c05c2f3d0d461abf/r_2",
            "rotation": 0.12566370614359174,
            "transform_matrix": [
                [
                    0.40154945850372314,
                    -0.23705041408538818,
                    -0.8846269845962524,
                    -3.5660459995269775
                ],
                [
                    -0.915837287902832,
                    -0.10393490642309189,
                    -0.38786524534225464,
                    -1.5635350942611694
                ],
                [
                    -7.450580152834618e-09,
                    0.9659217000007629,
                    -0.2588346004486084,
                    -1.043395757675171
                ],
                [
                    0.0,
                    0.0,
                    0.0,
                    1.0
                ]
            ]
        },
        {
            "file_path": "/data/shapenet_blender/all_50_random/02958343/57ce5193c3ecd067c05c2f3d0d461abf/r_3",
            "rotation": 0.12566370614359174,
            "transform_matrix": [
                [
                    0.40718919038772583,
                    -0.19358739256858826,
                    0.892592191696167,
                    3.598154306411743
                ],
                [
                    0.9133437871932983,
                    0.08630560338497162,
                    -0.3979376256465912,
                    -1.604137897491455
                ],
                [
                    0.0,
                    0.9772794842720032,
                    0.21195454895496368,
                    0.8544161319732666
                ],
                [
                    0.0,
                    0.0,
                    0.0,
                    1.0
                ]
            ]
        },
        {
            "file_path": "/data/shapenet_blender/all_50_random/02958343/57ce5193c3ecd067c05c2f3d0d461abf/r_4",
            "rotation": 0.12566370614359174,
            "transform_matrix": [
                [
                    -0.8072929382324219,
                    0.41664308309555054,
                    0.4179554283618927,
                    1.684832215309143
                ],
                [
                    0.5901509523391724,
                    0.5699439644813538,
                    0.571739137172699,
                    2.3047542572021484
                ],
                [
                    -1.4901161193847656e-08,
                    0.7082177996635437,
                    -0.7059940099716187,
                    -2.8459529876708984
                ],
                [
                    0.0,
                    0.0,
                    0.0,
                    1.0
                ]
            ]
        },
        {
            "file_path": "/data/shapenet_blender/all_50_random/02958343/57ce5193c3ecd067c05c2f3d0d461abf/r_5",
            "rotation": 0.12566370614359174,
            "transform_matrix": [
                [
                    -0.8577878475189209,
                    0.4886283576488495,
                    0.159506693482399,
                    0.6429920196533203
                ],
                [
                    0.5140039920806885,
                    0.8154400587081909,
                    0.2661903500556946,
                    1.0730476379394531
                ],
                [
                    1.4901162970204496e-08,
                    0.31032174825668335,
                    -0.9506315588951111,
                    -3.832118272781372
                ],
                [
                    0.0,
                    0.0,
                    0.0,
                    1.0
                ]
            ]
        },
        {
            "file_path": "/data/shapenet_blender/all_50_random/02958343/57ce5193c3ecd067c05c2f3d0d461abf/r_6",
            "rotation": 0.12566370614359174,
            "transform_matrix": [
                [
                    0.034325357526540756,
                    -0.8288942575454712,
                    0.5583510398864746,
                    2.2507853507995605
                ],
                [
                    0.9994106888771057,
                    0.028468871489167213,
                    -0.019176902249455452,
                    -0.07730457186698914
                ],
                [
                    0.0,
                    0.5586802363395691,
                    0.8293829560279846,
                    3.3433499336242676
                ],
                [
                    0.0,
                    0.0,
                    0.0,
                    1.0
                ]
            ]
        },
        {
            "file_path": "/data/shapenet_blender/all_50_random/02958343/57ce5193c3ecd067c05c2f3d0d461abf/r_7",
            "rotation": 0.12566370614359174,
            "transform_matrix": [
                [
                    -0.8499201536178589,
                    -0.20888052880764008,
                    -0.4837404191493988,
                    -1.9500198364257812
                ],
                [
                    -0.5269116759300232,
                    0.3369288742542267,
                    0.7802839279174805,
                    3.1454250812530518
                ],
                [
                    0.0,
                    0.918067455291748,
                    -0.39642420411109924,
                    -1.5980370044708252
                ],
                [
                    0.0,
                    0.0,
                    0.0,
                    1.0
                ]
            ]
        },
        {
            "file_path": "/data/shapenet_blender/all_50_random/02958343/57ce5193c3ecd067c05c2f3d0d461abf/r_8",
            "rotation": 0.12566370614359174,
            "transform_matrix": [
                [
                    0.7266879081726074,
                    -0.22521963715553284,
                    -0.6489997506141663,
                    -2.616201639175415
                ],
                [
                    -0.6869676113128662,
                    -0.2382417768239975,
                    -0.6865247488021851,
                    -2.767469644546509
                ],
                [
                    0.0,
                    0.9447311162948608,
                    -0.32784610986709595,
                    -1.3215899467468262
                ],
                [
                    0.0,
                    0.0,
                    0.0,
                    1.0
                ]
            ]
        },
        {
            "file_path": "/data/shapenet_blender/all_50_random/02958343/57ce5193c3ecd067c05c2f3d0d461abf/r_9",
            "rotation": 0.12566370614359174,
            "transform_matrix": [
                [
                    -0.955021321773529,
                    0.05501106381416321,
                    0.29138994216918945,
                    1.1746304035186768
                ],
                [
                    0.29653722047805786,
                    0.17716743052005768,
                    0.9384441375732422,
                    3.782989263534546
                ],
                [
                    3.725290298461914e-09,
                    0.9826421141624451,
                    -0.1855114996433258,
                    -0.7478207945823669
                ],
                [
                    0.0,
                    0.0,
                    0.0,
                    1.0
                ]
            ]
        },
        {
            "file_path": "/data/shapenet_blender/all_50_random/02958343/57ce5193c3ecd067c05c2f3d0d461abf/r_10",
            "rotation": 0.12566370614359174,
            "transform_matrix": [
                [
                    -0.9085473418235779,
                    -0.09613131731748581,
                    0.40657156705856323,
                    1.6389424800872803
                ],
                [
                    0.41778185963630676,
                    -0.209056094288826,
                    0.8841683864593506,
                    3.564197063446045
                ],
                [
                    -7.450580596923828e-09,
                    0.9731670618057251,
                    0.23009929060935974,
                    0.9275599718093872
                ],
                [
                    0.0,
                    0.0,
                    0.0,
                    1.0
                ]
            ]
        },
        {
            "file_path": "/data/shapenet_blender/all_50_random/02958343/57ce5193c3ecd067c05c2f3d0d461abf/r_11",
            "rotation": 0.12566370614359174,
            "transform_matrix": [
                [
                    0.8252061605453491,
                    0.2543177902698517,
                    0.5043383836746216,
                    2.033053398132324
                ],
                [
                    0.5648316740989685,
                    -0.3715524673461914,
                    -0.7368268370628357,
                    -2.9702441692352295
                ],
                [
                    0.0,
                    0.8929003477096558,
                    -0.4502541124820709,
                    -1.8150324821472168
                ],
                [
                    0.0,
                    0.0,
                    0.0,
                    1.0
                ]
            ]
        },
        {
            "file_path": "/data/shapenet_blender/all_50_random/02958343/57ce5193c3ecd067c05c2f3d0d461abf/r_12",
            "rotation": 0.12566370614359174,
            "transform_matrix": [
                [
                    0.39563223719596863,
                    0.15703804790973663,
                    -0.9048835635185242,
                    -3.647702217102051
                ],
                [
                    -0.9184091091156006,
                    0.06764885038137436,
                    -0.38980570435523987,
                    -1.571357011795044
                ],
                [
                    3.725290298461914e-09,
                    0.9852729439735413,
                    0.17098921537399292,
                    0.6892795562744141
                ],
                [
                    0.0,
                    0.0,
                    0.0,
                    1.0
                ]
            ]
        },
        {
            "file_path": "/data/shapenet_blender/all_50_random/02958343/57ce5193c3ecd067c05c2f3d0d461abf/r_13",
            "rotation": 0.12566370614359174,
            "transform_matrix": [
                [
                    0.9320878982543945,
                    0.0045003038831055164,
                    0.3622041344642639,
                    1.460091471672058
                ],
                [
                    0.3622320890426636,
                    -0.01158008724451065,
                    -0.9320160150527954,
                    -3.7570765018463135
                ],
                [
                    0.0,
                    0.9999228119850159,
                    -0.01242381427437067,
                    -0.050081994384527206
                ],
                [
                    0.0,
                    0.0,
                    0.0,
                    1.0
                ]
            ]
        },
        {
            "file_path": "/data/shapenet_blender/all_50_random/02958343/57ce5193c3ecd067c05c2f3d0d461abf/r_14",
            "rotation": 0.12566370614359174,
            "transform_matrix": [
                [
                    -0.9995040893554688,
                    -0.003375414526090026,
                    -0.03130755200982094,
                    -0.12620478868484497
                ],
                [
                    -0.03148898854851723,
                    0.10714032500982285,
                    0.9937450289726257,
                    4.005914688110352
                ],
                [
                    0.0,
                    0.9942381978034973,
                    -0.1071934625506401,
                    -0.4321106970310211
                ],
                [
                    0.0,
                    0.0,
                    0.0,
                    1.0
                ]
            ]
        },
        {
            "file_path": "/data/shapenet_blender/all_50_random/02958343/57ce5193c3ecd067c05c2f3d0d461abf/r_15",
            "rotation": 0.12566370614359174,
            "transform_matrix": [
                [
                    0.4110293686389923,
                    0.6397839784622192,
                    0.6494083404541016,
                    2.617849111557007
                ],
                [
                    0.9116221070289612,
                    -0.2884638011455536,
                    -0.29280322790145874,
                    -1.1803276538848877
                ],
                [
                    -1.4901161193847656e-08,
                    0.7123658657073975,
                    -0.7018082141876221,
                    -2.8290796279907227
                ],
                [
                    0.0,
                    0.0,
                    0.0,
                    1.0
                ]
            ]
        },
        {
            "file_path": "/data/shapenet_blender/all_50_random/02958343/57ce5193c3ecd067c05c2f3d0d461abf/r_16",
            "rotation": 0.12566370614359174,
            "transform_matrix": [
                [
                    -0.4753928482532501,
                    -0.7075486183166504,
                    -0.522854208946228,
                    -2.1076927185058594
                ],
                [
                    -0.8797735571861267,
                    0.38232970237731934,
                    0.2825285494327545,
                    1.1389089822769165
                ],
                [
                    1.4901161193847656e-08,
                    0.5943052768707275,
                    -0.8042393922805786,
                    -3.241992712020874
                ],
                [
                    0.0,
                    0.0,
                    0.0,
                    1.0
                ]
            ]
        },
        {
            "file_path": "/data/shapenet_blender/all_50_random/02958343/57ce5193c3ecd067c05c2f3d0d461abf/r_17",
            "rotation": 0.12566370614359174,
            "transform_matrix": [
                [
                    -0.008881740272045135,
                    -0.898250937461853,
                    -0.43939316272735596,
                    -1.7712502479553223
                ],
                [
                    -0.9999605417251587,
                    0.0079783471301198,
                    0.0039027302991598845,
                    0.015732407569885254
                ],
                [
                    0.0,
                    0.4394104480743408,
                    -0.8982864618301392,
                    -3.621108055114746
                ],
                [
                    0.0,
                    0.0,
                    0.0,
                    1.0
                ]
            ]
        },
        {
            "file_path": "/data/shapenet_blender/all_50_random/02958343/57ce5193c3ecd067c05c2f3d0d461abf/r_18",
            "rotation": 0.12566370614359174,
            "transform_matrix": [
                [
                    0.27615049481391907,
                    -0.013204616494476795,
                    0.9610238075256348,
                    3.8740103244781494
                ],
                [
                    0.9611144661903381,
                    0.003793992567807436,
                    -0.2761244475841522,
                    -1.1130931377410889
                ],
                [
                    2.3283061589829401e-10,
                    0.9999056458473206,
                    0.013738861307501793,
                    0.055383116006851196
                ],
                [
                    0.0,
                    0.0,
                    0.0,
                    1.0
                ]
            ]
        },
        {
            "file_path": "/data/shapenet_blender/all_50_random/02958343/57ce5193c3ecd067c05c2f3d0d461abf/r_19",
            "rotation": 0.12566370614359174,
            "transform_matrix": [
                [
                    -0.014051420614123344,
                    0.6815568804740906,
                    -0.7316300868988037,
                    -2.9492952823638916
                ],
                [
                    -0.999901294708252,
                    -0.009577787481248379,
                    0.01028145756572485,
                    0.04144588112831116
                ],
                [
                    4.656613428188905e-10,
                    0.7317022681236267,
                    0.6816242337226868,
                    2.7477152347564697
                ],
                [
                    0.0,
                    0.0,
                    0.0,
                    1.0
                ]
            ]
        },
        {
            "file_path": "/data/shapenet_blender/all_50_random/02958343/57ce5193c3ecd067c05c2f3d0d461abf/r_20",
            "rotation": 0.12566370614359174,
            "transform_matrix": [
                [
                    -0.9117409586906433,
                    -0.058046139776706696,
                    -0.4066436290740967,
                    -1.639232873916626
                ],
                [
                    -0.4107656180858612,
                    0.12883999943733215,
                    0.9025917649269104,
                    3.6384637355804443
                ],
                [
                    0.0,
                    0.98996502161026,
                    -0.14131207764148712,
                    -0.5696471929550171
                ],
                [
                    0.0,
                    0.0,
                    0.0,
                    1.0
                ]
            ]
        },
        {
            "file_path": "/data/shapenet_blender/all_50_random/02958343/57ce5193c3ecd067c05c2f3d0d461abf/r_21",
            "rotation": 0.12566370614359174,
            "transform_matrix": [
                [
                    0.9999316334724426,
                    -0.0034806274343281984,
                    0.011155376210808754,
                    0.044968754053115845
                ],
                [
                    0.011685766279697418,
                    0.2978314757347107,
                    -0.9545469880104065,
                    -3.8479015827178955
                ],
                [
                    2.328306020205062e-10,
                    0.9546120762825012,
                    0.2978518605232239,
                    1.200679063796997
                ],
                [
                    0.0,
                    0.0,
                    0.0,
                    1.0
                ]
            ]
        },
        {
            "file_path": "/data/shapenet_blender/all_50_random/02958343/57ce5193c3ecd067c05c2f3d0d461abf/r_22",
            "rotation": 0.12566370614359174,
            "transform_matrix": [
                [
                    -0.28167465329170227,
                    -0.36670398712158203,
                    -0.8866721987724304,
                    -3.5742900371551514
                ],
                [
                    -0.9595100283622742,
                    0.10764995217323303,
                    0.26029229164123535,
                    1.049271821975708
                ],
                [
                    0.0,
                    0.9240885376930237,
                    -0.3821783661842346,
                    -1.5406103134155273
                ],
                [
                    0.0,
                    0.0,
                    0.0,
                    1.0
                ]
            ]
        },
        {
            "file_path": "/data/shapenet_blender/all_50_random/02958343/57ce5193c3ecd067c05c2f3d0d461abf/r_23",
            "rotation": 0.12566370614359174,
            "transform_matrix": [
                [
                    0.07714519649744034,
                    0.15135478973388672,
                    -0.9854645133018494,
                    -3.972534418106079
                ],
                [
                    -0.9970199465751648,
                    0.011711196042597294,
                    -0.0762510895729065,
                    -0.30737796425819397
                ],
                [
                    0.0,
                    0.9884101152420044,
                    0.15180720388889313,
                    0.611954391002655
                ],
                [
                    0.0,
                    0.0,
                    0.0,
                    1.0
                ]
            ]
        },
        {
            "file_path": "/data/shapenet_blender/all_50_random/02958343/57ce5193c3ecd067c05c2f3d0d461abf/r_24",
            "rotation": 0.12566370614359174,
            "transform_matrix": [
                [
                    0.973694920539856,
                    -0.03693569824099541,
                    -0.22484207153320312,
                    -0.9063674211502075
                ],
                [
                    -0.22785568237304688,
                    -0.15783719718456268,
                    -0.9608169198036194,
                    -3.8731770515441895
                ],
                [
                    0.0,
                    0.9867741465568542,
                    -0.16210128366947174,
                    -0.6534512639045715
                ],
                [
                    0.0,
                    0.0,
                    0.0,
                    1.0
                ]
            ]
        },
        {
            "file_path": "/data/shapenet_blender/all_50_random/02958343/57ce5193c3ecd067c05c2f3d0d461abf/r_25",
            "rotation": 0.12566370614359174,
            "transform_matrix": [
                [
                    -0.8662685751914978,
                    -0.21544836461544037,
                    -0.450733482837677,
                    -1.8169647455215454
                ],
                [
                    -0.4995785355567932,
                    0.3735872209072113,
                    0.7815713882446289,
                    3.1506149768829346
                ],
                [
                    -1.4901161193847656e-08,
                    0.9022274613380432,
                    -0.4312603175640106,
                    -1.7384659051895142
                ],
                [
                    0.0,
                    0.0,
                    0.0,
                    1.0
                ]
            ]
        },
        {
            "file_path": "/data/shapenet_blender/all_50_random/02958343/57ce5193c3ecd067c05c2f3d0d461abf/r_26",
            "rotation": 0.12566370614359174,
            "transform_matrix": [
                [
                    0.7020422220230103,
                    0.035673707723617554,
                    0.7112413644790649,
                    2.86710524559021
                ],
                [
                    0.712135374546051,
                    -0.03516810014843941,
                    -0.7011608481407166,
                    -2.8264694213867188
                ],
                [
                    0.0,
                    0.9987444877624512,
                    -0.05009400099515915,
                    -0.20193535089492798
                ],
                [
                    0.0,
                    0.0,
                    0.0,
                    1.0
                ]
            ]
        },
        {
            "file_path": "/data/shapenet_blender/all_50_random/02958343/57ce5193c3ecd067c05c2f3d0d461abf/r_27",
            "rotation": 0.12566370614359174,
            "transform_matrix": [
                [
                    0.05620782822370529,
                    0.39844566583633423,
                    -0.9154679775238037,
                    -3.6903696060180664
                ],
                [
                    -0.9984191656112671,
                    0.022431226447224617,
                    -0.05153794214129448,
                    -0.20775610208511353
                ],
                [
                    0.0,
                    0.916917622089386,
                    0.39907655119895935,
                    1.6087291240692139
                ],
                [
                    0.0,
                    0.0,
                    0.0,
                    1.0
                ]
            ]
        },
        {
            "file_path": "/data/shapenet_blender/all_50_random/02958343/57ce5193c3ecd067c05c2f3d0d461abf/r_28",
            "rotation": 0.12566370614359174,
            "transform_matrix": [
                [
                    -0.794041633605957,
                    -0.02077501267194748,
                    -0.6075081825256348,
                    -2.448944091796875
                ],
                [
                    -0.6078633069992065,
                    0.02713805064558983,
                    0.7935776710510254,
                    3.199014186859131
                ],
                [
                    1.862645149230957e-09,
                    0.9994156956672668,
                    -0.034177109599113464,
                    -0.1377723515033722
                ],
                [
                    0.0,
                    0.0,
                    0.0,
                    1.0
                ]
            ]
        },
        {
            "file_path": "/data/shapenet_blender/all_50_random/02958343/57ce5193c3ecd067c05c2f3d0d461abf/r_29",
            "rotation": 0.12566370614359174,
            "transform_matrix": [
                [
                    -0.534066915512085,
                    -0.13367708027362823,
                    -0.8348071575164795,
                    -3.365215301513672
                ],
                [
                    -0.8454422354698181,
                    0.08444396406412125,
                    0.5273486971855164,
                    2.1258106231689453
                ],
                [
                    -7.450580596923828e-09,
                    0.9874207377433777,
                    -0.1581149697303772,
                    -0.6373818516731262
                ],
                [
                    0.0,
                    0.0,
                    0.0,
                    1.0
                ]
            ]
        },
        {
            "file_path": "/data/shapenet_blender/all_50_random/02958343/57ce5193c3ecd067c05c2f3d0d461abf/r_30",
            "rotation": 0.12566370614359174,
            "transform_matrix": [
                [
                    0.22571340203285217,
                    0.28941071033477783,
                    -0.9302122592926025,
                    -3.7498056888580322
                ],
                [
                    -0.9741937518119812,
                    0.06705428659915924,
                    -0.21552321314811707,
                    -0.8688019514083862
                ],
                [
                    -7.450580152834618e-09,
                    0.9548534750938416,
                    0.29707711935043335,
                    1.1975562572479248
                ],
                [
                    0.0,
                    0.0,
                    0.0,
                    1.0
                ]
            ]
        },
        {
            "file_path": "/data/shapenet_blender/all_50_random/02958343/57ce5193c3ecd067c05c2f3d0d461abf/r_31",
            "rotation": 0.12566370614359174,
            "transform_matrix": [
                [
                    0.8915753364562988,
                    -0.0839853286743164,
                    0.44501668214797974,
                    1.7939196825027466
                ],
                [
                    0.4528723955154419,
                    0.16534295678138733,
                    -0.8761097192764282,
                    -3.5317113399505615
                ],
                [
                    -1.4901161193847656e-08,
                    0.9826536178588867,
                    0.18545033037662506,
                    0.7475742101669312
                ],
                [
                    0.0,
                    0.0,
                    0.0,
                    1.0
                ]
            ]
        },
        {
            "file_path": "/data/shapenet_blender/all_50_random/02958343/57ce5193c3ecd067c05c2f3d0d461abf/r_32",
            "rotation": 0.12566370614359174,
            "transform_matrix": [
                [
                    -0.9344510436058044,
                    -0.23878636956214905,
                    -0.26416343450546265,
                    -1.064876914024353
                ],
                [
                    -0.35609158873558044,
                    0.6266201138496399,
                    0.6932142972946167,
                    2.79443621635437
                ],
                [
                    -1.4901160305669237e-08,
                    0.7418412566184998,
                    -0.6705755591392517,
                    -2.703176498413086
                ],
                [
                    0.0,
                    0.0,
                    0.0,
                    1.0
                ]
            ]
        },
        {
            "file_path": "/data/shapenet_blender/all_50_random/02958343/57ce5193c3ecd067c05c2f3d0d461abf/r_33",
            "rotation": 0.12566370614359174,
            "transform_matrix": [
                [
                    -0.9842851161956787,
                    -0.14033852517604828,
                    -0.10718254745006561,
                    -0.4320666790008545
                ],
                [
                    -0.1765870898962021,
                    0.7822378873825073,
                    0.5974286198616028,
                    2.4083118438720703
                ],
                [
                    0.0,
                    0.6069670915603638,
                    -0.7947269082069397,
                    -3.203646659851074
                ],
                [
                    0.0,
                    0.0,
                    0.0,
                    1.0
                ]
            ]
        },
        {
            "file_path": "/data/shapenet_blender/all_50_random/02958343/57ce5193c3ecd067c05c2f3d0d461abf/r_34",
            "rotation": 0.12566370614359174,
            "transform_matrix": [
                [
                    0.7533596158027649,
                    0.12440485507249832,
                    -0.6457342505455017,
                    -2.6030383110046387
                ],
                [
                    -0.6576089262962341,
                    0.14251872897148132,
                    -0.7397559285163879,
                    -2.9820518493652344
                ],
                [
                    0.0,
                    0.9819427728652954,
                    0.18917757272720337,
                    0.7625992298126221
                ],
                [
                    0.0,
                    0.0,
                    0.0,
                    1.0
                ]
            ]
        },
        {
            "file_path": "/data/shapenet_blender/all_50_random/02958343/57ce5193c3ecd067c05c2f3d0d461abf/r_35",
            "rotation": 0.12566370614359174,
            "transform_matrix": [
                [
                    -0.28162550926208496,
                    0.40187808871269226,
                    0.8713099360466003,
                    3.5123627185821533
                ],
                [
                    0.9595243334770203,
                    0.1179533526301384,
                    0.2557341158390045,
                    1.0308971405029297
                ],
                [
                    7.450580152834618e-09,
                    0.9080644249916077,
                    -0.4188304841518402,
                    -1.6883597373962402
                ],
                [
                    0.0,
                    0.0,
                    0.0,
                    1.0
                ]
            ]
        },
        {
            "file_path": "/data/shapenet_blender/all_50_random/02958343/57ce5193c3ecd067c05c2f3d0d461abf/r_36",
            "rotation": 0.12566370614359174,
            "transform_matrix": [
                [
                    0.428634911775589,
                    0.18084074556827545,
                    0.8851941227912903,
                    3.5683319568634033
                ],
                [
                    0.9034778475761414,
                    -0.08579585701227188,
                    -0.4199605882167816,
                    -1.692915439605713
                ],
                [
                    7.450581485102248e-09,
                    0.9797630310058594,
                    -0.2001606822013855,
                    -0.8068735599517822
                ],
                [
                    0.0,
                    0.0,
                    0.0,
                    1.0
                ]
            ]
        },
        {
            "file_path": "/data/shapenet_blender/all_50_random/02958343/57ce5193c3ecd067c05c2f3d0d461abf/r_37",
            "rotation": 0.12566370614359174,
            "transform_matrix": [
                [
                    -0.2755395174026489,
                    -0.7200798392295837,
                    0.6368381977081299,
                    2.5671770572662354
                ],
                [
                    0.9612897634506226,
                    -0.20640026032924652,
                    0.18254026770591736,
                    0.7358434200286865
                ],
                [
                    0.0,
                    0.6624832153320312,
                    0.7490767240524292,
                    3.019625186920166
                ],
                [
                    0.0,
                    0.0,
                    0.0,
                    1.0
                ]
            ]
        },
        {
            "file_path": "/data/shapenet_blender/all_50_random/02958343/57ce5193c3ecd067c05c2f3d0d461abf/r_38",
            "rotation": 0.12566370614359174,
            "transform_matrix": [
                [
                    -0.36377179622650146,
                    -0.17185845971107483,
                    -0.9154970049858093,
                    -3.690486431121826
                ],
                [
                    -0.9314882159233093,
                    0.06711546331644058,
                    0.35752683877944946,
                    1.4412367343902588
                ],
                [
                    -3.725290742551124e-09,
                    0.982832670211792,
                    -0.1844988316297531,
                    -0.74373859167099
                ],
                [
                    0.0,
                    0.0,
                    0.0,
                    1.0
                ]
            ]
        },
        {
            "file_path": "/data/shapenet_blender/all_50_random/02958343/57ce5193c3ecd067c05c2f3d0d461abf/r_39",
            "rotation": 0.12566370614359174,
            "transform_matrix": [
                [
                    -0.9230591654777527,
                    -0.12887008488178253,
                    0.362428218126297,
                    1.4609949588775635
                ],
                [
                    0.38465797901153564,
                    -0.30924805998802185,
                    0.8697146773338318,
                    3.505932569503784
                ],
                [
                    1.4901161193847656e-08,
                    0.9422091841697693,
                    0.3350251019001007,
                    1.3505295515060425
                ],
                [
                    0.0,
                    0.0,
                    0.0,
                    1.0
                ]
            ]
        },
        {
            "file_path": "/data/shapenet_blender/all_50_random/02958343/57ce5193c3ecd067c05c2f3d0d461abf/r_40",
            "rotation": 0.12566370614359174,
            "transform_matrix": [
                [
                    -0.42232266068458557,
                    0.34316501021385193,
                    -0.8389763832092285,
                    -3.382021903991699
                ],
                [
                    -0.9064456820487976,
                    -0.15988421440124512,
                    0.390887975692749,
                    1.5757198333740234
                ],
                [
                    0.0,
                    0.9255672097206116,
                    0.378583163022995,
                    1.5261175632476807
                ],
                [
                    0.0,
                    0.0,
                    0.0,
                    1.0
                ]
            ]
        },
        {
            "file_path": "/data/shapenet_blender/all_50_random/02958343/57ce5193c3ecd067c05c2f3d0d461abf/r_41",
            "rotation": 0.12566370614359174,
            "transform_matrix": [
                [
                    -0.39657604694366455,
                    0.2319352924823761,
                    0.8882192373275757,
                    3.580526351928711
                ],
                [
                    0.9180018901824951,
                    0.10019584745168686,
                    0.38370993733406067,
