{
    "class": "02958343",
    "model": "f478cd5a04d2220a25af19d380ae3a",
    "remove_doubles": true,
    "edge_split": true,
    "denoise": true,
    "camera_angle_x": 0.6911112070083618,
    "scale_factor": 2.2175086689501895,
    "hdri_file": "/data/IndoorHDRDataset2018/AG8A9246-a469e1224f.exr",
    "center_offset": [
        0.0,
        0.0,
        -1.862645149230957e-09
    ],
    "lights": [],
    "frames": [
        {
            "file_path": "/data/shapenet_blender/all_50_random/02958343/f478cd5a04d2220a25af19d380ae3a/r_0",
            "rotation": 0.12566370614359174,
            "transform_matrix": [
                [
                    0.9137264490127563,
                    -0.287190318107605,
                    -0.2874467074871063,
                    -1.1587347984313965
                ],
                [
                    -0.4063297510147095,
                    -0.6458138227462769,
                    -0.6463903784751892,
                    -2.605682849884033
                ],
                [
                    0.0,
                    0.7074221968650818,
                    -0.7067912220954895,
                    -2.8491666316986084
                ],
                [
                    0.0,
                    0.0,
                    0.0,
                    1.0
                ]
            ]
        },
        {
            "file_path": "/data/shapenet_blender/all_50_random/02958343/f478cd5a04d2220a25af19d380ae3a/r_1",
            "rotation": 0.12566370614359174,
            "transform_matrix": [
                [
                    -0.6076720952987671,
                    -0.22672709822654724,
                    -0.7611369490623474,
                    -3.0682411193847656
                ],
                [
                    -0.7941880226135254,
                    0.17347997426986694,
                    0.5823830962181091,
                    2.347661256790161
                ],
                [
                    0.0,
                    0.9583837389945984,
                    -0.28548288345336914,
                    -1.1508183479309082
                ],
                [
                    0.0,
                    0.0,
                    0.0,
                    1.0
                ]
            ]
        },
        {
            "file_path": "/data/shapenet_blender/all_50_random/02958343/f478cd5a04d2220a25af19d380ae3a/r_2",
            "rotation": 0.12566370614359174,
            "transform_matrix": [
                [
                    0.6072447299957275,
                    0.21374940872192383,
                    0.7652222514152527,
                    3.084709644317627
                ],
                [
                    0.7945148944854736,
                    -0.1633678525686264,
                    -0.5848564505577087,
                    -2.3576316833496094
                ],
                [
                    -1.4901159417490817e-08,
                    0.9631315469741821,
                    -0.2690313458442688,
                    -1.0845000743865967
                ],
                [
                    0.0,
                    0.0,
                    0.0,
                    1.0
                ]
            ]
        },
        {
            "file_path": "/data/shapenet_blender/all_50_random/02958343/f478cd5a04d2220a25af19d380ae3a/r_3",
            "rotation": 0.12566370614359174,
            "transform_matrix": [
                [
                    0.6343333721160889,
                    0.4104600250720978,
                    0.6550906300544739,
                    2.6407546997070312
                ],
                [
                    0.7730597257614136,
                    -0.33680254220962524,
                    -0.5375339388847351,
                    -2.1668686866760254
                ],
                [
                    0.0,
                    0.8473998308181763,
                    -0.5309551954269409,
                    -2.1403489112854004
                ],
                [
                    0.0,
                    0.0,
                    0.0,
                    1.0
                ]
            ]
        },
        {
            "file_path": "/data/shapenet_blender/all_50_random/02958343/f478cd5a04d2220a25af19d380ae3a/r_4",
            "rotation": 0.12566370614359174,
            "transform_matrix": [
                [
                    -0.3200708329677582,
                    0.7199204564094543,
                    -0.6158483028411865,
                    -2.4825639724731445
                ],
                [
                    -0.9473935961723328,
                    -0.2432205080986023,
                    0.20806041359901428,
                    0.8387183547019958
                ],
                [
                    1.4901160305669237e-08,
                    0.6500447988510132,
                    0.7598958015441895,
                    3.0632379055023193
                ],
                [
                    0.0,
                    0.0,
                    0.0,
                    1.0
                ]
            ]
        },
        {
            "file_path": "/data/shapenet_blender/all_50_random/02958343/f478cd5a04d2220a25af19d380ae3a/r_5",
            "rotation": 0.12566370614359174,
            "transform_matrix": [
                [
                    0.8537689447402954,
                    0.1415698528289795,
                    -0.5010354518890381,
                    -2.0197386741638184
                ],
                [
                    -0.5206521153450012,
                    0.2321472465991974,
                    -0.8216014504432678,
                    -3.311981678009033
                ],
                [
                    7.450580596923828e-09,
                    0.962323009967804,
                    0.2719087302684784,
                    1.0960992574691772
                ],
                [
                    0.0,
                    0.0,
                    0.0,
                    1.0
                ]
            ]
        },
        {
            "file_path": "/data/shapenet_blender/all_50_random/02958343/f478cd5a04d2220a25af19d380ae3a/r_6",
            "rotation": 0.12566370614359174,
            "transform_matrix": [
                [
                    -0.7555150985717773,
                    0.16146516799926758,
                    0.6349218487739563,
                    2.5594520568847656
                ],
                [
                    0.6551311016082764,
                    0.18620604276657104,
                    0.7322092652320862,
                    2.951630115509033
                ],
                [
                    7.450580152834618e-09,
                    0.9691523313522339,
                    -0.24646234512329102,
                    -0.9935215711593628
                ],
                [
                    0.0,
                    0.0,
                    0.0,
                    1.0
                ]
            ]
        },
        {
            "file_path": "/data/shapenet_blender/all_50_random/02958343/f478cd5a04d2220a25af19d380ae3a/r_7",
            "rotation": 0.12566370614359174,
            "transform_matrix": [
                [
                    -0.8272208571434021,
                    0.13891595602035522,
                    -0.5444336533546448,
                    -2.1946825981140137
                ],
                [
                    -0.5618770122528076,
                    -0.2045184075832367,
                    0.8015400171279907,
                    3.2311112880706787
                ],
                [
                    -7.450581485102248e-09,
                    0.9689553380012512,
                    0.24723555147647858,
                    0.9966384172439575
                ],
                [
                    0.0,
                    0.0,
                    0.0,
                    1.0
                ]
            ]
        },
        {
            "file_path": "/data/shapenet_blender/all_50_random/02958343/f478cd5a04d2220a25af19d380ae3a/r_8",
            "rotation": 0.12566370614359174,
            "transform_matrix": [
                [
                    0.33955901861190796,
                    -0.1489020735025406,
                    0.9287237524986267,
                    3.743805170059204
                ],
                [
                    0.9405847191810608,
                    0.053754910826683044,
                    -0.33527711033821106,
                    -1.3515452146530151
                ],
                [
                    -3.725290298461914e-09,
                    0.9873896837234497,
                    0.1583079993724823,
                    0.6381599307060242
                ],
                [
                    0.0,
                    0.0,
                    0.0,
                    1.0
                ]
            ]
        },
        {
            "file_path": "/data/shapenet_blender/all_50_random/02958343/f478cd5a04d2220a25af19d380ae3a/r_9",
            "rotation": 0.12566370614359174,
            "transform_matrix": [
                [
                    0.4274526536464691,
                    0.5932770371437073,
                    0.6821337938308716,
                    2.749769449234009
                ],
                [
                    0.9040376543998718,
                    -0.2805168926715851,
                    -0.32253068685531616,
                    -1.3001629114151
                ],
                [
                    0.0,
                    0.7545413970947266,
                    -0.6562524437904358,
                    -2.6454384326934814
                ],
                [
                    0.0,
                    0.0,
                    0.0,
                    1.0
                ]
            ]
        },
        {
            "file_path": "/data/shapenet_blender/all_50_random/02958343/f478cd5a04d2220a25af19d380ae3a/r_10",
            "rotation": 0.12566370614359174,
            "transform_matrix": [
                [
                    -0.12659434974193573,
                    -0.7706710696220398,
                    -0.6245317459106445,
                    -2.5175681114196777
                ],
                [
                    -0.9919545650482178,
                    0.09835390746593475,
                    0.0797034427523613,
                    0.3212948441505432
                ],
                [
                    0.0,
                    0.629597008228302,
                    -0.7769217491149902,
                    -3.1318717002868652
                ],
                [
                    0.0,
                    0.0,
                    0.0,
                    1.0
                ]
            ]
        },
        {
            "file_path": "/data/shapenet_blender/all_50_random/02958343/f478cd5a04d2220a25af19d380ae3a/r_11",
            "rotation": 0.12566370614359174,
            "transform_matrix": [
                [
                    -0.44106653332710266,
                    0.06427377462387085,
                    0.8951698541641235,
                    3.6085453033447266
                ],
                [
                    0.897474467754364,
                    0.03158753737807274,
                    0.4399339258670807,
                    1.7734304666519165
                ],
                [
                    3.725290742551124e-09,
                    0.9974321126937866,
                    -0.0716162770986557,
                    -0.28869447112083435
                ],
                [
                    0.0,
                    0.0,
                    0.0,
                    1.0
                ]
            ]
        },
        {
            "file_path": "/data/shapenet_blender/all_50_random/02958343/f478cd5a04d2220a25af19d380ae3a/r_12",
            "rotation": 0.12566370614359174,
            "transform_matrix": [
                [
                    0.9201590418815613,
                    0.3502536714076996,
                    0.17501391470432281,
                    0.7055037021636963
                ],
                [
                    0.3915450870990753,
                    -0.8231213092803955,
                    -0.4112952649593353,
                    -1.6579843759536743
                ],
                [
                    0.0,
                    0.44698289036750793,
                    -0.8945424556732178,
                    -3.606016159057617
                ],
                [
                    0.0,
                    0.0,
                    0.0,
                    1.0
                ]
            ]
        },
        {
            "file_path": "/data/shapenet_blender/all_50_random/02958343/f478cd5a04d2220a25af19d380ae3a/r_13",
            "rotation": 0.12566370614359174,
            "transform_matrix": [
                [
                    0.9134899973869324,
                    0.18225693702697754,
                    -0.3637557625770569,
                    -1.4663465023040771
                ],
                [
                    -0.40686091780662537,
                    0.409205824136734,
                    -0.8167096376419067,
                    -3.292262077331543
                ],
                [
                    -2.9802317058624794e-08,
                    0.8940542340278625,
                    0.44795867800712585,
                    1.8057793378829956
                ],
                [
                    0.0,
                    0.0,
                    0.0,
                    1.0
                ]
            ]
        },
        {
            "file_path": "/data/shapenet_blender/all_50_random/02958343/f478cd5a04d2220a25af19d380ae3a/r_14",
            "rotation": 0.12566370614359174,
            "transform_matrix": [
                [
                    0.7862837910652161,
                    0.005265246145427227,
                    0.6178430914878845,
                    2.490605115890503
                ],
                [
                    0.6178655624389648,
                    -0.006700450554490089,
                    -0.7862551808357239,
                    -3.1694960594177246
                ],
                [
                    0.0,
                    0.9999637603759766,
                    -0.008521668612957,
                    -0.03435194492340088
                ],
                [
                    0.0,
                    0.0,
                    0.0,
                    1.0
                ]
            ]
        },
        {
            "file_path": "/data/shapenet_blender/all_50_random/02958343/f478cd5a04d2220a25af19d380ae3a/r_15",
            "rotation": 0.12566370614359174,
            "transform_matrix": [
                [
                    0.8835398554801941,
                    -0.020043734461069107,
                    -0.4679268002510071,
                    -1.8862733840942383
                ],
                [
                    -0.4683559238910675,
                    -0.037811923772096634,
                    -0.8827303647994995,
                    -3.5584001541137695
                ],
                [
                    0.0,
                    0.999083936214447,
                    -0.04279593750834465,
                    -0.17251595854759216
                ],
                [
                    0.0,
                    0.0,
                    0.0,
                    1.0
                ]
            ]
        },
        {
            "file_path": "/data/shapenet_blender/all_50_random/02958343/f478cd5a04d2220a25af19d380ae3a/r_16",
            "rotation": 0.12566370614359174,
            "transform_matrix": [
                [
                    -0.4160661995410919,
                    0.24783587455749512,
                    -0.8749092817306519,
                    -3.526872158050537
                ],
                [
                    -0.9093343615531921,
                    -0.11339737474918365,
                    0.40031498670578003,
                    1.6137213706970215
                ],
                [
                    0.0,
                    0.9621425867080688,
                    0.2725464701652527,
                    1.0986700057983398
                ],
                [
                    0.0,
                    0.0,
                    0.0,
                    1.0
                ]
            ]
        },
        {
            "file_path": "/data/shapenet_blender/all_50_random/02958343/f478cd5a04d2220a25af19d380ae3a/r_17",
            "rotation": 0.12566370614359174,
            "transform_matrix": [
                [
                    -0.9621584415435791,
                    0.24053697288036346,
                    -0.12803621590137482,
                    -0.5161305069923401
                ],
                [
                    -0.2724909782409668,
                    -0.8493297100067139,
                    0.4520924985408783,
                    1.8224431276321411
                ],
                [
                    0.0,
                    0.4698732793331146,
                    0.8827338814735413,
                    3.5584139823913574
                ],
                [
                    0.0,
                    0.0,
                    0.0,
                    1.0
                ]
            ]
        },
        {
            "file_path": "/data/shapenet_blender/all_50_random/02958343/f478cd5a04d2220a25af19d380ae3a/r_18",
            "rotation": 0.12566370614359174,
            "transform_matrix": [
                [
                    0.19167877733707428,
                    0.5599997043609619,
                    -0.8060146570205688,
                    -3.2491493225097656
                ],
                [
                    -0.9814577102661133,
                    0.1093679815530777,
                    -0.1574147343635559,
                    -0.634559154510498
                ],
                [
                    -1.4901159417490817e-08,
                    0.8212424516677856,
                    0.5705794095993042,
                    2.300079345703125
                ],
                [
                    0.0,
                    0.0,
                    0.0,
                    1.0
                ]
            ]
        },
        {
            "file_path": "/data/shapenet_blender/all_50_random/02958343/f478cd5a04d2220a25af19d380ae3a/r_19",
            "rotation": 0.12566370614359174,
            "transform_matrix": [
                [
                    -0.7715661525726318,
                    0.048627570271492004,
                    -0.6342877745628357,
                    -2.5568959712982178
                ],
                [
                    -0.6361491084098816,
                    -0.058978915214538574,
                    0.7693085670471191,
                    3.101182222366333
                ],
                [
                    0.0,
                    0.9970740675926208,
                    0.07644052058458328,
                    0.3081416189670563
                ],
                [
                    0.0,
                    0.0,
                    0.0,
                    1.0
                ]
            ]
        },
        {
            "file_path": "/data/shapenet_blender/all_50_random/02958343/f478cd5a04d2220a25af19d380ae3a/r_20",
            "rotation": 0.12566370614359174,
            "transform_matrix": [
                [
                    0.14994561672210693,
                    -0.9396752715110779,
                    0.3074522912502289,
                    1.2393798828125
                ],
                [
                    0.9886942505836487,
                    0.14251138269901276,
                    -0.04662828519940376,
                    -0.18796463310718536
                ],
                [
                    -7.4505797087454084e-09,
                    0.31096798181533813,
                    0.9504203796386719,
                    3.8312671184539795
                ],
                [
                    0.0,
                    0.0,
                    0.0,
                    1.0
                ]
            ]
        },
        {
            "file_path": "/data/shapenet_blender/all_50_random/02958343/f478cd5a04d2220a25af19d380ae3a/r_21",
            "rotation": 0.12566370614359174,
            "transform_matrix": [
                [
                    -0.5647763013839722,
                    -0.09277484565973282,
                    0.8200125098228455,
                    3.3055760860443115
                ],
                [
                    0.8252440094947815,
                    -0.0634927749633789,
                    0.561195969581604,
                    2.2622532844543457
                ],
                [
                    0.0,
                    0.9936606884002686,
                    0.11242110282182693,
                    0.45318394899368286
                ],
                [
                    0.0,
                    0.0,
                    0.0,
                    1.0
                ]
            ]
        },
        {
            "file_path": "/data/shapenet_blender/all_50_random/02958343/f478cd5a04d2220a25af19d380ae3a/r_22",
            "rotation": 0.12566370614359174,
            "transform_matrix": [
                [
                    0.8825473189353943,
                    0.03221362829208374,
                    -0.46911904215812683,
                    -1.8910794258117676
                ],
                [
                    -0.4702238440513611,
                    0.06046067550778389,
                    -0.8804737329483032,
                    -3.5493032932281494
                ],
                [
                    -1.862645371275562e-09,
                    0.9976505637168884,
                    0.06850701570510864,
                    0.27616065740585327
                ],
                [
                    0.0,
                    0.0,
                    0.0,
                    1.0
                ]
            ]
        },
        {
            "file_path": "/data/shapenet_blender/all_50_random/02958343/f478cd5a04d2220a25af19d380ae3a/r_23",
            "rotation": 0.12566370614359174,
            "transform_matrix": [
                [
                    -0.2624606192111969,
                    -0.1908814162015915,
                    -0.9458745718002319,
                    -3.8129422664642334
                ],
                [
                    -0.9649428129196167,
                    0.051918987184762955,
                    0.25727415084838867,
                    1.0371053218841553
                ],
                [
                    -7.450581485102248e-09,
                    0.9802390336990356,
                    -0.19781632721424103,
                    -0.7974231243133545
                ],
                [
                    0.0,
                    0.0,
                    0.0,
                    1.0
                ]
            ]
        },
        {
            "file_path": "/data/shapenet_blender/all_50_random/02958343/f478cd5a04d2220a25af19d380ae3a/r_24",
            "rotation": 0.12566370614359174,
            "transform_matrix": [
                [
                    0.8903681039810181,
                    0.11923845112323761,
                    -0.4393482506275177,
                    -1.7710694074630737
                ],
                [
                    -0.4552413523197174,
                    0.23320841789245605,
                    -0.8592841029167175,
                    -3.4638850688934326
                ],
                [
                    0.0,
                    0.9650885462760925,
                    0.261923611164093,
                    1.0558478832244873
                ],
                [
                    0.0,
                    0.0,
                    0.0,
                    1.0
                ]
            ]
        },
        {
            "file_path": "/data/shapenet_blender/all_50_random/02958343/f478cd5a04d2220a25af19d380ae3a/r_25",
            "rotation": 0.12566370614359174,
            "transform_matrix": [
                [
                    -0.41067641973495483,
                    -0.027954719960689545,
                    -0.9113524556159973,
                    -3.6737794876098633
                ],
                [
                    -0.9117811918258667,
                    0.012591117061674595,
                    0.41048330068588257,
                    1.6547112464904785
                ],
                [
                    0.0,
                    0.9995297789573669,
                    -0.03065946325659752,
                    -0.12359225749969482
                ],
                [
                    0.0,
                    0.0,
                    0.0,
                    1.0
                ]
            ]
        },
        {
            "file_path": "/data/shapenet_blender/all_50_random/02958343/f478cd5a04d2220a25af19d380ae3a/r_26",
            "rotation": 0.12566370614359174,
            "transform_matrix": [
                [
                    -0.039643265306949615,
                    -0.9120932817459106,
                    0.4080613851547241,
                    1.644948124885559
                ],
                [
                    0.9992139339447021,
                    -0.03618679568171501,
                    0.016189608722925186,
                    0.06526240706443787
                ],
                [
                    9.313225746154785e-10,
                    0.40838247537612915,
                    0.9128109216690063,
                    3.6796586513519287
                ],
                [
                    0.0,
                    0.0,
                    0.0,
                    1.0
                ]
            ]
        },
        {
            "file_path": "/data/shapenet_blender/all_50_random/02958343/f478cd5a04d2220a25af19d380ae3a/r_27",
            "rotation": 0.12566370614359174,
            "transform_matrix": [
                [
                    -0.6534506678581238,
                    -0.014371258206665516,
                    -0.7568326592445374,
                    -3.0508899688720703
                ],
                [
                    -0.7569690942764282,
                    0.012405933812260628,
                    0.6533328890800476,
                    2.633669137954712
                ],
                [
                    0.0,
                    0.9998197555541992,
                    -0.018985262140631676,
                    -0.0765320360660553
                ],
                [
                    0.0,
                    0.0,
                    0.0,
                    1.0
                ]
            ]
        },
        {
            "file_path": "/data/shapenet_blender/all_50_random/02958343/f478cd5a04d2220a25af19d380ae3a/r_28",
            "rotation": 0.12566370614359174,
            "transform_matrix": [
                [
                    -0.2931097149848938,
                    0.4654355049133301,
                    -0.8351384997367859,
                    -3.366551160812378
                ],
                [
                    -0.956078827381134,
                    -0.14269082248210907,
                    0.25603246688842773,
                    1.032099962234497
                ],
                [
                    0.0,
                    0.8735038638114929,
                    0.4868170917034149,
                    1.9624226093292236
                ],
                [
                    0.0,
                    0.0,
                    0.0,
                    1.0
                ]
            ]
        },
        {
            "file_path": "/data/shapenet_blender/all_50_random/02958343/f478cd5a04d2220a25af19d380ae3a/r_29",
            "rotation": 0.12566370614359174,
            "transform_matrix": [
                [
                    0.6565125584602356,
                    0.33709490299224854,
                    0.6748023629188538,
                    2.7202155590057373
                ],
                [
                    0.7543151378631592,
                    -0.2933880090713501,
                    -0.5873091816902161,
                    -2.3675193786621094
                ],
                [
                    -1.4901161193847656e-08,
                    0.8945895433425903,
                    -0.44688865542411804,
                    -1.8014658689498901
                ],
                [
                    0.0,
                    0.0,
                    0.0,
                    1.0
                ]
            ]
        },
        {
            "file_path": "/data/shapenet_blender/all_50_random/02958343/f478cd5a04d2220a25af19d380ae3a/r_30",
            "rotation": 0.12566370614359174,
            "transform_matrix": [
                [
                    -0.988354504108429,
                    -0.011051670648157597,
                    0.1517675369977951,
                    0.6117945313453674
                ],
                [
                    0.1521693915128708,
                    -0.07178163528442383,
                    0.9857443571090698,
                    3.9736626148223877
                ],
                [
                    9.313225746154785e-10,
                    0.9973590970039368,
                    0.07262743264436722,
                    0.29277053475379944
                ],
                [
                    0.0,
                    0.0,
                    0.0,
                    1.0
                ]
            ]
        },
        {
            "file_path": "/data/shapenet_blender/all_50_random/02958343/f478cd5a04d2220a25af19d380ae3a/r_31",
            "rotation": 0.12566370614359174,
            "transform_matrix": [
                [
                    0.9021337628364563,
                    0.011044525541365147,
                    -0.4313150644302368,
                    -1.7386868000030518
                ],
                [
                    -0.4314565062522888,
                    0.023093033581972122,
                    -0.9018380045890808,
                    -3.635425567626953
                ],
                [
                    0.0,
                    0.9996721744537354,
                    0.025598235428333282,
                    0.10318979620933533
                ],
                [
                    0.0,
                    0.0,
                    0.0,
                    1.0
                ]
            ]
        },
        {
            "file_path": "/data/shapenet_blender/all_50_random/02958343/f478cd5a04d2220a25af19d380ae3a/r_32",
            "rotation": 0.12566370614359174,
            "transform_matrix": [
                [
                    -0.9186813235282898,
                    -0.3899245262145996,
                    -0.06311586499214172,
                    -0.2544282078742981
                ],
                [
                    -0.3949997127056122,
                    0.9068775177001953,
                    0.1467934250831604,
                    0.5917432904243469
                ],
                [
                    3.725290742551124e-09,
                    0.15978723764419556,
                    -0.9871513843536377,
                    -3.979334831237793
                ],
                [
                    0.0,
                    0.0,
                    0.0,
                    1.0
                ]
            ]
        },
        {
            "file_path": "/data/shapenet_blender/all_50_random/02958343/f478cd5a04d2220a25af19d380ae3a/r_33",
            "rotation": 0.12566370614359174,
            "transform_matrix": [
                [
                    0.8248741030693054,
                    0.39293792843818665,
                    0.40642666816711426,
                    1.6383583545684814
                ],
                [
                    0.5653166770935059,
                    -0.5733500123023987,
                    -0.5930319428443909,
                    -2.3905882835388184
                ],
                [
                    -1.4901162970204496e-08,
                    0.7189363837242126,
                    -0.6950758695602417,
                    -2.801940441131592
                ],
                [
                    0.0,
                    0.0,
                    0.0,
                    1.0
                ]
            ]
        },
        {
            "file_path": "/data/shapenet_blender/all_50_random/02958343/f478cd5a04d2220a25af19d380ae3a/r_34",
            "rotation": 0.12566370614359174,
            "transform_matrix": [
                [
                    -0.443950891494751,
                    0.3570973873138428,
                    -0.8218205571174622,
                    -3.3128645420074463
                ],
                [
                    -0.8960511088371277,
                    -0.17692482471466064,
                    0.40717315673828125,
                    1.6413674354553223
                ],
                [
                    1.4901161193847656e-08,
                    0.9171580672264099,
                    0.3985234797000885,
                    1.6064995527267456
                ],
                [
                    0.0,
                    0.0,
                    0.0,
                    1.0
                ]
            ]
        },
        {
            "file_path": "/data/shapenet_blender/all_50_random/02958343/f478cd5a04d2220a25af19d380ae3a/r_35",
            "rotation": 0.12566370614359174,
            "transform_matrix": [
                [
                    0.6949712038040161,
                    -0.34628453850746155,
                    0.630160391330719,
                    2.540257453918457
                ],
                [
                    0.7190375924110413,
                    0.3346942663192749,
                    -0.609068751335144,
                    -2.4552342891693115
                ],
                [
                    2.9802322387695312e-08,
                    0.8763941526412964,
                    0.4815945625305176,
                    1.9413695335388184
                ],
                [
                    0.0,
                    0.0,
                    0.0,
                    1.0
                ]
            ]
        },
        {
            "file_path": "/data/shapenet_blender/all_50_random/02958343/f478cd5a04d2220a25af19d380ae3a/r_36",
            "rotation": 0.12566370614359174,
            "transform_matrix": [
                [
                    0.8913694024085999,
                    -0.048270657658576965,
                    -0.4507000148296356,
                    -1.8168299198150635
                ],
                [
                    -0.453277587890625,
                    -0.09492413699626923,
                    -0.8863006234169006,
                    -3.5727920532226562
                ],
                [
                    3.725290298461914e-09,
                    0.9943134784698486,
                    -0.10649248212575912,
                    -0.429284930229187
                ],
                [
                    0.0,
                    0.0,
                    0.0,
                    1.0
                ]
            ]
        },
        {
            "file_path": "/data/shapenet_blender/all_50_random/02958343/f478cd5a04d2220a25af19d380ae3a/r_37",
            "rotation": 0.12566370614359174,
            "transform_matrix": [
                [
                    -0.6073424816131592,
                    0.677582859992981,
                    -0.4147487282752991,
                    -1.671905755996704
                ],
                [
                    -0.7944400310516357,
                    -0.5180062055587769,
                    0.3170717656612396,
                    1.2781572341918945
                ],
                [
                    -1.4901160305669237e-08,
                    0.5220642685890198,
                    0.8529061079025269,
                    3.4381747245788574
                ],
                [
                    0.0,
                    0.0,
                    0.0,
                    1.0
                ]
            ]
        },
        {
            "file_path": "/data/shapenet_blender/all_50_random/02958343/f478cd5a04d2220a25af19d380ae3a/r_38",
            "rotation": 0.12566370614359174,
            "transform_matrix": [
                [
                    0.9394310116767883,
                    0.32665127515792847,
                    -0.10377012193202972,
                    -0.4183107316493988
                ],
                [
                    -0.34273794293403625,
                    0.8953381180763245,
                    -0.28442975878715515,
                    -1.1465730667114258
                ],
                [
                    0.0,
                    0.30276817083358765,
                    0.9530642032623291,
                    3.8419246673583984
                ],
                [
                    0.0,
                    0.0,
                    0.0,
                    1.0
                ]
            ]
        },
        {
            "file_path": "/data/shapenet_blender/all_50_random/02958343/f478cd5a04d2220a25af19d380ae3a/r_39",
            "rotation": 0.12566370614359174,
            "transform_matrix": [
                [
                    -0.655882716178894,
                    0.20541708171367645,
                    -0.7263756990432739,
                    -2.928114175796509
                ],
                [
                    -0.754862904548645,
                    -0.17848211526870728,
                    0.6311309337615967,
                    2.5441701412200928
                ],
                [
                    1.4901162970204496e-08,
                    0.9622618556022644,
                    0.2721250355243683,
                    1.0969711542129517
                ],
                [
                    0.0,
                    0.0,
                    0.0,
                    1.0
                ]
            ]
        },
        {
            "file_path": "/data/shapenet_blender/all_50_random/02958343/f478cd5a04d2220a25af19d380ae3a/r_40",
            "rotation": 0.12566370614359174,
            "transform_matrix": [
                [
                    -0.9983090162277222,
                    -0.013608758337795734,
                    0.05651586130261421,
                    0.2278226912021637
                ],
                [
                    0.05813123285770416,
                    -0.2337081879377365,
                    0.9705675840377808,
                    3.912482500076294
                ],
                [
                    0.0,
                    0.9722115397453308,
                    0.23410411179065704,
                    0.9437037706375122
                ],
                [
                    0.0,
                    0.0,
                    0.0,
                    1.0
                ]
            ]
        },
        {
            "file_path": "/data/shapenet_blender/all_50_random/02958343/f478cd5a04d2220a25af19d380ae3a/r_41",
            "rotation": 0.12566370614359174,
            "transform_matrix": [
                [
                    -0.4826727509498596,
                    0.383547842502594,
                    -0.787348747253418,
                    -3.1739044189453125
                ],
                [
                    -0.8758008480072021,
                    -0.21138150990009308,
                    0.43392491340637207,
                    1.7492072582244873
                ],
                [
                    0.0,
