{
    "class": "02958343",
    "model": "4d39e6f28ce8970530515cb6d98a6c44",
    "remove_doubles": true,
    "edge_split": true,
    "denoise": true,
    "camera_angle_x": 0.6911112070083618,
    "scale_factor": 2.4091131857939825,
    "hdri_file": "/data/IndoorHDRDataset2018/AG8A0840-ac19e220f1.exr",
    "center_offset": [
        0.0,
        -1.280568540096283e-09,
        0.0
    ],
    "lights": [],
    "frames": [
        {
            "file_path": "/data/shapenet_blender/all_50_random/02958343/4d39e6f28ce8970530515cb6d98a6c44/r_0",
            "rotation": 0.12566370614359174,
            "transform_matrix": [
                [
                    -0.39977172017097473,
                    -0.10827638953924179,
                    -0.9101970791816711,
                    -3.669121742248535
                ],
                [
                    -0.9166147708892822,
                    0.047223590314388275,
                    0.39697274565696716,
                    1.6002483367919922
                ],
                [
                    -3.725290298461914e-09,
                    0.9929985404014587,
                    -0.11812638491392136,
                    -0.4761826992034912
                ],
                [
                    0.0,
                    0.0,
                    0.0,
                    1.0
                ]
            ]
        },
        {
            "file_path": "/data/shapenet_blender/all_50_random/02958343/4d39e6f28ce8970530515cb6d98a6c44/r_1",
            "rotation": 0.12566370614359174,
            "transform_matrix": [
                [
                    -0.02982397936284542,
                    0.9275182485580444,
                    0.37258586287498474,
                    1.5019418001174927
                ],
                [
                    0.999555230140686,
                    0.027674593031406403,
                    0.01111693773418665,
                    0.04481381177902222
                ],
                [
                    0.0,
                    0.3727516829967499,
                    -0.927931010723114,
                    -3.740609884262085
                ],
                [
                    0.0,
                    0.0,
                    0.0,
                    1.0
                ]
            ]
        },
        {
            "file_path": "/data/shapenet_blender/all_50_random/02958343/4d39e6f28ce8970530515cb6d98a6c44/r_2",
            "rotation": 0.12566370614359174,
            "transform_matrix": [
                [
                    0.7138522267341614,
                    0.26964306831359863,
                    0.6463029384613037,
                    2.6053307056427
                ],
                [
                    0.7002963423728943,
                    -0.2748626470565796,
                    -0.6588136553764343,
                    -2.6557631492614746
                ],
                [
                    0.0,
                    0.9228993058204651,
                    -0.38504135608673096,
                    -1.5521514415740967
                ],
                [
                    0.0,
                    0.0,
                    0.0,
                    1.0
                ]
            ]
        },
        {
            "file_path": "/data/shapenet_blender/all_50_random/02958343/4d39e6f28ce8970530515cb6d98a6c44/r_3",
            "rotation": 0.12566370614359174,
            "transform_matrix": [
                [
                    0.5869195461273193,
                    -0.20431219041347504,
                    -0.7834422588348389,
                    -3.1581571102142334
                ],
                [
                    -0.8096451759338379,
                    -0.1481078565120697,
                    -0.5679247975349426,
                    -2.2893784046173096
                ],
                [
                    7.450580152834618e-09,
                    0.9676366448402405,
                    -0.2523477375507355,
                    -1.0172463655471802
                ],
                [
                    0.0,
                    0.0,
                    0.0,
                    1.0
                ]
            ]
        },
        {
            "file_path": "/data/shapenet_blender/all_50_random/02958343/4d39e6f28ce8970530515cb6d98a6c44/r_4",
            "rotation": 0.12566370614359174,
            "transform_matrix": [
                [
                    -0.6454241871833801,
                    0.012963796965777874,
                    -0.7637142539024353,
                    -3.0786306858062744
                ],
                [
                    -0.7638242244720459,
                    -0.01095428504049778,
                    0.6453312635421753,
                    2.6014134883880615
                ],
                [
                    -9.313225191043273e-10,
                    0.9998559951782227,
                    0.016972221434116364,
                    0.06841721385717392
                ],
                [
                    0.0,
                    0.0,
                    0.0,
                    1.0
                ]
            ]
        },
        {
            "file_path": "/data/shapenet_blender/all_50_random/02958343/4d39e6f28ce8970530515cb6d98a6c44/r_5",
            "rotation": 0.12566370614359174,
            "transform_matrix": [
                [
                    -0.9206507205963135,
                    -0.05160900577902794,
                    -0.3869608938694,
                    -1.559889316558838
                ],
                [
                    -0.39038726687431335,
                    0.12170957773923874,
                    0.9125702977180481,
                    3.6786885261535645
                ],
                [
                    0.0,
                    0.9912230968475342,
                    -0.1321994960308075,
                    -0.5329132080078125
                ],
                [
                    0.0,
                    0.0,
                    0.0,
                    1.0
                ]
            ]
        },
        {
            "file_path": "/data/shapenet_blender/all_50_random/02958343/4d39e6f28ce8970530515cb6d98a6c44/r_6",
            "rotation": 0.12566370614359174,
            "transform_matrix": [
                [
                    0.9684956073760986,
                    -0.1856960952281952,
                    0.1659317910671234,
                    0.668892502784729
                ],
                [
                    0.2490309476852417,
                    0.7221827507019043,
                    -0.6453182697296143,
                    -2.6013612747192383
                ],
                [
                    7.450580596923828e-09,
                    0.6663100719451904,
                    0.7456747889518738,
                    3.005911350250244
                ],
                [
                    0.0,
                    0.0,
                    0.0,
                    1.0
                ]
            ]
        },
        {
            "file_path": "/data/shapenet_blender/all_50_random/02958343/4d39e6f28ce8970530515cb6d98a6c44/r_7",
            "rotation": 0.12566370614359174,
            "transform_matrix": [
                [
                    -0.5395941138267517,
                    0.519344687461853,
                    0.6626607179641724,
                    2.6712708473205566
                ],
                [
                    0.8419252038002014,
                    0.3328506350517273,
                    0.42470264434814453,
                    1.7120311260223389
                ],
                [
                    1.4901160305669237e-08,
                    0.7870779037475586,
                    -0.616853654384613,
                    -2.486616611480713
                ],
                [
                    0.0,
                    0.0,
                    0.0,
                    1.0
                ]
            ]
        },
        {
            "file_path": "/data/shapenet_blender/all_50_random/02958343/4d39e6f28ce8970530515cb6d98a6c44/r_8",
            "rotation": 0.12566370614359174,
            "transform_matrix": [
                [
                    0.9911817908287048,
                    -0.08019335567951202,
                    -0.10548804700374603,
                    -0.42523595690727234
                ],
                [
                    -0.1325092613697052,
                    -0.5998538732528687,
                    -0.7890605330467224,
                    -3.180804967880249
                ],
                [
                    0.0,
                    0.7960806488990784,
                    -0.6051905155181885,
                    -2.439601182937622
                ],
                [
                    0.0,
                    0.0,
                    0.0,
                    1.0
                ]
            ]
        },
        {
            "file_path": "/data/shapenet_blender/all_50_random/02958343/4d39e6f28ce8970530515cb6d98a6c44/r_9",
            "rotation": 0.12566370614359174,
            "transform_matrix": [
                [
                    0.9536410570144653,
                    -0.0928945317864418,
                    -0.2862507104873657,
                    -1.1539134979248047
                ],
                [
                    -0.3009466230869293,
                    -0.2943646013736725,
                    -0.9070725440979004,
                    -3.6565263271331787
                ],
                [
                    0.0,
                    0.9511677026748657,
                    -0.30867448449134827,
                    -1.2443066835403442
                ],
                [
                    0.0,
                    0.0,
                    0.0,
                    1.0
                ]
            ]
        },
        {
            "file_path": "/data/shapenet_blender/all_50_random/02958343/4d39e6f28ce8970530515cb6d98a6c44/r_10",
            "rotation": 0.12566370614359174,
            "transform_matrix": [
                [
                    -0.4414583444595337,
                    -0.17023882269859314,
                    0.8809842467308044,
                    3.551361083984375
                ],
                [
                    0.8972817063331604,
                    -0.0837566927075386,
                    0.43344005942344666,
                    1.7472528219223022
                ],
                [
                    7.450580596923828e-09,
                    0.9818367958068848,
                    0.1897272765636444,
                    0.764815092086792
                ],
                [
                    0.0,
                    0.0,
                    0.0,
                    1.0
                ]
            ]
        },
        {
            "file_path": "/data/shapenet_blender/all_50_random/02958343/4d39e6f28ce8970530515cb6d98a6c44/r_11",
            "rotation": 0.12566370614359174,
            "transform_matrix": [
                [
                    0.9707919359207153,
                    -0.059719957411289215,
                    0.23237141966819763,
                    0.9367191791534424
                ],
                [
                    0.23992279171943665,
                    0.24164295196533203,
                    -0.9402370452880859,
                    -3.7902166843414307
                ],
                [
                    0.0,
                    0.9685258269309998,
                    0.2489132136106491,
                    1.003401279449463
                ],
                [
                    0.0,
                    0.0,
                    0.0,
                    1.0
                ]
            ]
        },
        {
            "file_path": "/data/shapenet_blender/all_50_random/02958343/4d39e6f28ce8970530515cb6d98a6c44/r_12",
            "rotation": 0.12566370614359174,
            "transform_matrix": [
                [
                    0.8894916772842407,
                    0.00514276884496212,
                    0.4569225609302521,
                    1.8419137001037598
                ],
                [
                    0.4569515287876129,
                    -0.010010800324380398,
                    -0.8894352912902832,
                    -3.585428237915039
                ],
                [
                    4.656612873077393e-10,
                    0.9999366998672485,
                    -0.01125451922416687,
                    -0.04536841809749603
                ],
                [
                    0.0,
                    0.0,
                    0.0,
                    1.0
                ]
            ]
        },
        {
            "file_path": "/data/shapenet_blender/all_50_random/02958343/4d39e6f28ce8970530515cb6d98a6c44/r_13",
            "rotation": 0.12566370614359174,
            "transform_matrix": [
                [
                    0.3174073398113251,
                    0.05859466269612312,
                    -0.9464772939682007,
                    -3.8153719902038574
                ],
                [
                    -0.9482893347740173,
                    0.01961255446076393,
                    -0.3168008327484131,
                    -1.2770650386810303
                ],
                [
                    -1.862645149230957e-09,
                    0.9980891942977905,
                    0.0617898590862751,
                    0.24908289313316345
                ],
                [
                    0.0,
                    0.0,
                    0.0,
                    1.0
                ]
            ]
        },
        {
            "file_path": "/data/shapenet_blender/all_50_random/02958343/4d39e6f28ce8970530515cb6d98a6c44/r_14",
            "rotation": 0.12566370614359174,
            "transform_matrix": [
                [
                    0.01326078362762928,
                    -0.11684863269329071,
                    0.9930611252784729,
                    4.003157615661621
                ],
                [
                    0.9999120831489563,
                    0.0015496407868340611,
                    -0.013169927522540092,
                    -0.053089678287506104
                ],
                [
                    0.0,
                    0.9931485056877136,
                    0.11685889959335327,
                    0.47107332944869995
                ],
                [
                    0.0,
                    0.0,
                    0.0,
                    1.0
                ]
            ]
        },
        {
            "file_path": "/data/shapenet_blender/all_50_random/02958343/4d39e6f28ce8970530515cb6d98a6c44/r_15",
            "rotation": 0.12566370614359174,
            "transform_matrix": [
                [
                    -0.5539873242378235,
                    0.44293835759162903,
                    -0.704913854598999,
                    -2.8415989875793457
                ],
                [
                    -0.8325251936912537,
                    -0.2947445213794708,
                    0.4690709114074707,
                    1.8908854722976685
                ],
                [
                    0.0,
                    0.846717894077301,
                    0.5320419073104858,
                    2.1447298526763916
                ],
                [
                    0.0,
                    0.0,
                    0.0,
                    1.0
                ]
            ]
        },
        {
            "file_path": "/data/shapenet_blender/all_50_random/02958343/4d39e6f28ce8970530515cb6d98a6c44/r_16",
            "rotation": 0.12566370614359174,
            "transform_matrix": [
                [
                    0.8685469031333923,
                    -0.07115472108125687,
                    -0.49047261476516724,
                    -1.9771583080291748
                ],
                [
                    -0.4956071078777313,
                    -0.12469799816608429,
                    -0.8595487475395203,
                    -3.464951753616333
                ],
                [
                    0.0,
                    0.9896399974822998,
                    -0.14357084035873413,
                    -0.5787525773048401
                ],
                [
                    0.0,
                    0.0,
                    0.0,
                    1.0
                ]
            ]
        },
        {
            "file_path": "/data/shapenet_blender/all_50_random/02958343/4d39e6f28ce8970530515cb6d98a6c44/r_17",
            "rotation": 0.12566370614359174,
            "transform_matrix": [
                [
                    -0.8801124095916748,
                    -0.19560222327709198,
                    -0.4325990378856659,
                    -1.743862509727478
                ],
                [
                    -0.4747653305530548,
                    0.3626042604446411,
                    0.801945149898529,
                    3.2327442169189453
                ],
                [
                    0.0,
                    0.9111848473548889,
                    -0.4119976758956909,
                    -1.660815715789795
                ],
                [
                    0.0,
                    0.0,
                    0.0,
                    1.0
                ]
            ]
        },
        {
            "file_path": "/data/shapenet_blender/all_50_random/02958343/4d39e6f28ce8970530515cb6d98a6c44/r_18",
            "rotation": 0.12566370614359174,
            "transform_matrix": [
                [
                    -0.6163474321365356,
                    -0.12959712743759155,
                    -0.7767370343208313,
                    -3.131127119064331
                ],
                [
                    -0.7874744534492493,
                    0.10143423825502396,
                    0.6079434156417847,
                    2.4506983757019043
                ],
                [
                    7.450581485102248e-09,
                    0.9863648414611816,
                    -0.16457316279411316,
                    -0.6634156107902527
                ],
                [
                    0.0,
                    0.0,
                    0.0,
                    1.0
                ]
            ]
        },
        {
            "file_path": "/data/shapenet_blender/all_50_random/02958343/4d39e6f28ce8970530515cb6d98a6c44/r_19",
            "rotation": 0.12566370614359174,
            "transform_matrix": [
                [
                    -0.33274558186531067,
                    -0.7225886583328247,
                    -0.6059256196022034,
                    -2.4425644874572754
                ],
                [
                    -0.9430165886878967,
                    0.25496706366539,
                    0.2138022631406784,
                    0.8618645668029785
                ],
                [
                    0.0,
                    0.6425397396087646,
                    -0.7662522792816162,
                    -3.0888619422912598
                ],
                [
                    0.0,
                    0.0,
                    0.0,
                    1.0
                ]
            ]
        },
        {
            "file_path": "/data/shapenet_blender/all_50_random/02958343/4d39e6f28ce8970530515cb6d98a6c44/r_20",
            "rotation": 0.12566370614359174,
            "transform_matrix": [
                [
                    0.9778783321380615,
                    0.2008097916841507,
                    -0.05856262147426605,
                    -0.23607349395751953
                ],
                [
                    -0.20917494595050812,
                    0.9387718439102173,
                    -0.27377617359161377,
                    -1.1036272048950195
                ],
                [
                    0.0,
                    0.27996954321861267,
                    0.9600087404251099,
                    3.8699193000793457
                ],
                [
                    0.0,
                    0.0,
                    0.0,
                    1.0
                ]
            ]
        },
        {
            "file_path": "/data/shapenet_blender/all_50_random/02958343/4d39e6f28ce8970530515cb6d98a6c44/r_21",
            "rotation": 0.12566370614359174,
            "transform_matrix": [
                [
                    0.9229565858840942,
                    -0.0064094774425029755,
                    -0.38485080003738403,
                    -1.551383137702942
                ],
                [
                    -0.3849041759967804,
                    -0.015369200147688389,
                    -0.9228285551071167,
                    -3.720040798187256
                ],
                [
                    0.0,
                    0.9998612403869629,
                    -0.016652138903737068,
                    -0.06712691485881805
                ],
                [
                    0.0,
                    0.0,
                    0.0,
                    1.0
                ]
            ]
        },
        {
            "file_path": "/data/shapenet_blender/all_50_random/02958343/4d39e6f28ce8970530515cb6d98a6c44/r_22",
            "rotation": 0.12566370614359174,
            "transform_matrix": [
                [
                    -0.0650564581155777,
                    0.38526099920272827,
                    -0.9205114841461182,
                    -3.710700750350952
                ],
                [
                    -0.9978816509246826,
                    -0.025116924196481705,
                    0.060012347996234894,
                    0.24191752076148987
                ],
                [
                    0.0,
                    0.9224656820297241,
                    0.3860788643360138,
                    1.5563337802886963
                ],
                [
                    0.0,
                    0.0,
                    0.0,
                    1.0
                ]
            ]
        },
        {
            "file_path": "/data/shapenet_blender/all_50_random/02958343/4d39e6f28ce8970530515cb6d98a6c44/r_23",
            "rotation": 0.12566370614359174,
            "transform_matrix": [
                [
                    0.7418143153190613,
                    0.19849126040935516,
                    -0.6405564546585083,
                    -2.5821659564971924
                ],
                [
                    -0.6706053614616394,
                    0.21956829726696014,
                    -0.7085747122764587,
                    -2.856356382369995
                ],
                [
                    0.0,
                    0.955191433429718,
                    0.29598820209503174,
                    1.193166732788086
                ],
                [
                    0.0,
                    0.0,
                    0.0,
                    1.0
                ]
            ]
        },
        {
            "file_path": "/data/shapenet_blender/all_50_random/02958343/4d39e6f28ce8970530515cb6d98a6c44/r_24",
            "rotation": 0.12566370614359174,
            "transform_matrix": [
                [
                    -0.9668490886688232,
                    0.20788565278053284,
                    0.14827759563922882,
                    0.5977261066436768
                ],
                [
                    0.2553481459617615,
                    0.7871373295783997,
                    0.5614376068115234,
                    2.2632274627685547
                ],
                [
                    -7.450580152834618e-09,
                    0.5806878805160522,
                    -0.8141262531280518,
                    -3.2818479537963867
                ],
                [
                    0.0,
                    0.0,
                    0.0,
                    1.0
                ]
            ]
        },
        {
            "file_path": "/data/shapenet_blender/all_50_random/02958343/4d39e6f28ce8970530515cb6d98a6c44/r_25",
            "rotation": 0.12566370614359174,
            "transform_matrix": [
                [
                    0.6393836736679077,
                    -0.1897076517343521,
                    0.7451170682907104,
                    3.0036630630493164
                ],
                [
                    0.7688878178596497,
                    0.15775510668754578,
                    -0.619616687297821,
                    -2.4977548122406006
                ],
                [
                    7.450580596923828e-09,
                    0.9690842628479004,
                    0.24672994017601013,
                    0.9946001768112183
                ],
                [
                    0.0,
                    0.0,
                    0.0,
                    1.0
                ]
            ]
        },
        {
            "file_path": "/data/shapenet_blender/all_50_random/02958343/4d39e6f28ce8970530515cb6d98a6c44/r_26",
            "rotation": 0.12566370614359174,
            "transform_matrix": [
                [
                    0.9949890375137329,
                    0.01752995327115059,
                    -0.09843496978282928,
                    -0.3968040943145752
                ],
                [
                    -0.09998372197151184,
                    0.17444953322410583,
                    -0.9795766472816467,
                    -3.9488000869750977
                ],
                [
                    1.862645149230957e-09,
                    0.9845099449157715,
                    0.1753280907869339,
                    0.7067701816558838
                ],
                [
                    0.0,
                    0.0,
                    0.0,
                    1.0
                ]
            ]
        },
        {
            "file_path": "/data/shapenet_blender/all_50_random/02958343/4d39e6f28ce8970530515cb6d98a6c44/r_27",
            "rotation": 0.12566370614359174,
            "transform_matrix": [
                [
                    0.6453823447227478,
                    -0.03498029336333275,
                    0.7630582451820374,
                    3.075986385345459
                ],
                [
                    0.7638595104217529,
                    0.029554730281233788,
                    -0.6447052359580994,
                    -2.5988900661468506
                ],
                [
                    -1.8626449271863521e-09,
                    0.9989508986473083,
                    0.045794133096933365,
                    0.1846020668745041
                ],
                [
                    0.0,
                    0.0,
                    0.0,
                    1.0
                ]
            ]
        },
        {
            "file_path": "/data/shapenet_blender/all_50_random/02958343/4d39e6f28ce8970530515cb6d98a6c44/r_28",
            "rotation": 0.12566370614359174,
            "transform_matrix": [
                [
                    -0.4456976056098938,
                    0.14938870072364807,
                    0.8826305270195007,
                    3.557997226715088
                ],
                [
                    0.8951835632324219,
                    0.07437824457883835,
                    0.43944764137268066,
                    1.771470069885254
                ],
                [
                    7.4505797087454084e-09,
                    0.9859771132469177,
                    -0.1668805181980133,
                    -0.6727168560028076
                ],
                [
                    0.0,
                    0.0,
                    0.0,
                    1.0
                ]
            ]
        },
        {
            "file_path": "/data/shapenet_blender/all_50_random/02958343/4d39e6f28ce8970530515cb6d98a6c44/r_29",
            "rotation": 0.12566370614359174,
            "transform_matrix": [
                [
                    0.06464030593633652,
                    0.6761526465415955,
                    0.7339203357696533,
                    2.9585278034210205
                ],
                [
                    0.9979087114334106,
                    -0.043798308819532394,
                    -0.04754025489091873,
                    -0.1916409134864807
                ],
                [
                    0.0,
                    0.7354585528373718,
                    -0.6775696873664856,
                    -2.7313709259033203
                ],
                [
                    0.0,
                    0.0,
                    0.0,
                    1.0
                ]
            ]
        },
        {
            "file_path": "/data/shapenet_blender/all_50_random/02958343/4d39e6f28ce8970530515cb6d98a6c44/r_30",
            "rotation": 0.12566370614359174,
            "transform_matrix": [
                [
                    -0.931160569190979,
                    0.15337474644184113,
                    -0.33078134059906006,
                    -1.3334221839904785
                ],
                [
                    -0.36460956931114197,
                    -0.39169713854789734,
                    0.8447681069374084,
                    3.405369281768799
                ],
                [
                    -1.4901162970204496e-08,
                    0.9072207808494568,
                    0.420654833316803,
                    1.6957138776779175
                ],
                [
                    0.0,
                    0.0,
                    0.0,
                    1.0
                ]
            ]
        },
        {
            "file_path": "/data/shapenet_blender/all_50_random/02958343/4d39e6f28ce8970530515cb6d98a6c44/r_31",
            "rotation": 0.12566370614359174,
            "transform_matrix": [
                [
                    -0.07146855443716049,
                    0.6092133522033691,
                    0.7897792458534241,
                    3.183701992034912
                ],
                [
                    0.9974428415298462,
                    0.04365122318267822,
                    0.05658908933401108,
                    0.2281179130077362
                ],
                [
                    -3.725290298461914e-09,
                    0.7918040156364441,
                    -0.6107752323150635,
                    -2.462113618850708
                ],
                [
                    0.0,
                    0.0,
                    0.0,
                    1.0
                ]
            ]
        },
        {
            "file_path": "/data/shapenet_blender/all_50_random/02958343/4d39e6f28ce8970530515cb6d98a6c44/r_32",
            "rotation": 0.12566370614359174,
            "transform_matrix": [
                [
                    -0.05521359294652939,
                    -0.9366618990898132,
                    -0.34585562348365784,
                    -1.394188642501831
                ],
                [
                    -0.9984745979309082,
                    0.05179547518491745,
                    0.01912510395050049,
                    0.07709576189517975
                ],
                [
                    0.0,
                    0.34638386964797974,
                    -0.938092827796936,
                    -3.7815730571746826
                ],
                [
                    0.0,
                    0.0,
                    0.0,
                    1.0
                ]
            ]
        },
        {
            "file_path": "/data/shapenet_blender/all_50_random/02958343/4d39e6f28ce8970530515cb6d98a6c44/r_33",
            "rotation": 0.12566370614359174,
            "transform_matrix": [
                [
                    0.2168603241443634,
                    -0.2717621326446533,
                    0.9376123547554016,
                    3.7796361446380615
                ],
                [
                    0.976202666759491,
                    0.060371093451976776,
                    -0.20828761160373688,
                    -0.8396341800689697
                ],
                [
                    3.725290298461914e-09,
                    0.9604688882827759,
                    0.2783869802951813,
                    1.1222138404846191
                ],
                [
                    0.0,
                    0.0,
                    0.0,
                    1.0
                ]
            ]
        },
        {
            "file_path": "/data/shapenet_blender/all_50_random/02958343/4d39e6f28ce8970530515cb6d98a6c44/r_34",
            "rotation": 0.12566370614359174,
            "transform_matrix": [
                [
                    0.6735115051269531,
                    -0.003738291095942259,
                    0.7391672730445862,
                    2.9796788692474365
                ],
                [
                    0.7391768097877502,
                    0.003406197065487504,
                    -0.6735028028488159,
                    -2.7149770259857178
                ],
                [
                    2.3283064365386963e-10,
                    0.9999873042106628,
                    0.005057369824498892,
                    0.020386911928653717
                ],
                [
                    0.0,
                    0.0,
                    0.0,
                    1.0
                ]
            ]
        },
        {
            "file_path": "/data/shapenet_blender/all_50_random/02958343/4d39e6f28ce8970530515cb6d98a6c44/r_35",
            "rotation": 0.12566370614359174,
            "transform_matrix": [
                [
                    -0.926247775554657,
                    0.12452282011508942,
                    -0.3557513356208801,
                    -1.4340795278549194
                ],
                [
                    -0.37691500782966614,
                    -0.30600792169570923,
                    0.8742392063140869,
                    3.5241708755493164
                ],
                [
                    7.450580152834618e-09,
                    0.9438501000404358,
                    0.33037373423576355,
                    1.3317791223526
                ],
                [
                    0.0,
                    0.0,
                    0.0,
                    1.0
                ]
            ]
        },
        {
            "file_path": "/data/shapenet_blender/all_50_random/02958343/4d39e6f28ce8970530515cb6d98a6c44/r_36",
            "rotation": 0.12566370614359174,
            "transform_matrix": [
                [
                    -0.9776608943939209,
                    -0.019347986206412315,
                    0.20929589867591858,
                    0.8436987400054932
                ],
                [
                    0.21018831431865692,
                    -0.0899944081902504,
                    0.9735100269317627,
                    3.924344539642334
                ],
                [
                    1.862645149230957e-09,
                    0.9957542419433594,
                    0.09205073863267899,
                    0.37106838822364807
                ],
                [
                    0.0,
                    0.0,
                    0.0,
                    1.0
                ]
            ]
        },
        {
            "file_path": "/data/shapenet_blender/all_50_random/02958343/4d39e6f28ce8970530515cb6d98a6c44/r_37",
            "rotation": 0.12566370614359174,
            "transform_matrix": [
                [
                    -0.4283427894115448,
                    -0.6105070114135742,
                    0.6661858558654785,
                    2.685481309890747
                ],
                [
                    0.9036162495613098,
                    -0.2893996834754944,
                    0.3157932460308075,
                    1.2730034589767456
                ],
                [
                    -1.4901160305669237e-08,
                    0.7372443079948425,
                    0.6756262183189392,
                    2.723536729812622
                ],
                [
                    0.0,
                    0.0,
                    0.0,
                    1.0
                ]
            ]
        },
        {
            "file_path": "/data/shapenet_blender/all_50_random/02958343/4d39e6f28ce8970530515cb6d98a6c44/r_38",
            "rotation": 0.12566370614359174,
            "transform_matrix": [
                [
                    -0.9715400338172913,
                    -0.16513432562351227,
                    0.169825479388237,
                    0.6845884323120117
                ],
                [
                    0.23687560856342316,
                    -0.6772947907447815,
                    0.6965354681015015,
                    2.8078243732452393
                ],
                [
                    0.0,
                    0.7169395089149475,
                    0.697135329246521,
                    2.8102424144744873
                ],
                [
                    0.0,
                    0.0,
                    0.0,
                    1.0
                ]
            ]
        },
        {
            "file_path": "/data/shapenet_blender/all_50_random/02958343/4d39e6f28ce8970530515cb6d98a6c44/r_39",
            "rotation": 0.12566370614359174,
            "transform_matrix": [
                [
                    -0.6250173449516296,
                    -0.5812354683876038,
                    0.5210744738578796,
                    2.1005184650421143
                ],
                [
                    0.780610978603363,
                    -0.46538200974464417,
                    0.41721242666244507,
                    1.6818370819091797
                ],
                [
                    1.4901162970204496e-08,
                    0.6675213575363159,
                    0.7445905804634094,
                    3.0015406608581543
                ],
                [
                    0.0,
                    0.0,
                    0.0,
                    1.0
                ]
            ]
        },
        {
            "file_path": "/data/shapenet_blender/all_50_random/02958343/4d39e6f28ce8970530515cb6d98a6c44/r_40",
            "rotation": 0.12566370614359174,
            "transform_matrix": [
                [
                    -0.2315400391817093,
                    0.2901727259159088,
                    -0.9285413026809692,
                    -3.743069887161255
                ],
                [
                    -0.9728254675865173,
                    -0.06906336545944214,
                    0.2210000604391098,
                    0.8908798098564148
                ],
                [
                    7.450580596923828e-09,
                    0.9544789791107178,
                    0.2982783019542694,
                    1.202398419380188
                ],
                [
                    0.0,
                    0.0,
                    0.0,
                    1.0
                ]
            ]
        },
        {
            "file_path": "/data/shapenet_blender/all_50_random/02958343/4d39e6f28ce8970530515cb6d98a6c44/r_41",
            "rotation": 0.12566370614359174,
            "transform_matrix": [
                [
                    -0.7146462798118591,
                    0.12058493494987488,
                    -0.6890137195587158,
                    -2.777503252029419
                ],
                [
                    -0.6994859576225281,
                    -0.12319842725992203,
                    0.7039470672607422,
