{
    "class": "02958343",
    "model": "7e7f0637d6798113ddb4014f0e8d0dac",
    "remove_doubles": true,
    "edge_split": true,
    "denoise": true,
    "camera_angle_x": 0.6911112070083618,
    "scale_factor": 2.639605434650586,
    "hdri_file": "/data/IndoorHDRDataset2018/AG8A0865-f1e24d9db3.exr",
    "center_offset": [
        0.0,
        -3.725290298461914e-09,
        0.0
    ],
    "lights": [],
    "frames": [
        {
            "file_path": "/data/shapenet_blender/all_50_random/02958343/7e7f0637d6798113ddb4014f0e8d0dac/r_0",
            "rotation": 0.12566370614359174,
            "transform_matrix": [
                [
                    0.8771469593048096,
                    -0.46960511803627014,
                    -0.10041992366313934,
                    -0.40480560064315796
                ],
                [
                    -0.48022201657295227,
                    -0.8577547073364258,
                    -0.18342147767543793,
                    -0.7393955588340759
                ],
                [
                    0.0,
                    0.20911161601543427,
                    -0.9778918623924255,
                    -3.9420077800750732
                ],
                [
                    0.0,
                    0.0,
                    0.0,
                    1.0
                ]
            ]
        },
        {
            "file_path": "/data/shapenet_blender/all_50_random/02958343/7e7f0637d6798113ddb4014f0e8d0dac/r_1",
            "rotation": 0.12566370614359174,
            "transform_matrix": [
                [
                    -0.7979142665863037,
                    -0.4402046799659729,
                    0.4117676317691803,
                    1.6598883867263794
                ],
                [
                    0.6027708053588867,
                    -0.5827183127403259,
                    0.5450749397277832,
                    2.1972672939300537
                ],
                [
                    0.0,
                    0.6831246018409729,
                    0.7303017973899841,
                    2.9439406394958496
                ],
                [
                    0.0,
                    0.0,
                    0.0,
                    1.0
                ]
            ]
        },
        {
            "file_path": "/data/shapenet_blender/all_50_random/02958343/7e7f0637d6798113ddb4014f0e8d0dac/r_2",
            "rotation": 0.12566370614359174,
            "transform_matrix": [
                [
                    0.5225114226341248,
                    -0.5561855435371399,
                    -0.6462503671646118,
                    -2.6051185131073
                ],
                [
                    -0.8526322841644287,
                    -0.34084245562553406,
                    -0.3960361182689667,
                    -1.5964726209640503
                ],
                [
                    0.0,
                    0.7579472661018372,
                    -0.6523157954216003,
                    -2.6295690536499023
                ],
                [
                    0.0,
                    0.0,
                    0.0,
                    1.0
                ]
            ]
        },
        {
            "file_path": "/data/shapenet_blender/all_50_random/02958343/7e7f0637d6798113ddb4014f0e8d0dac/r_3",
            "rotation": 0.12566370614359174,
            "transform_matrix": [
                [
                    -0.9991885423660278,
                    0.015358816832304,
                    0.03723495081067085,
                    0.15009890496730804
                ],
                [
                    0.040278222411870956,
                    0.38100871443748474,
                    0.9236935973167419,
                    3.7235281467437744
                ],
                [
                    -9.313225746154785e-10,
                    0.9244439005851746,
                    -0.3813181221485138,
                    -1.5371426343917847
                ],
                [
                    0.0,
                    0.0,
                    0.0,
                    1.0
                ]
            ]
        },
        {
            "file_path": "/data/shapenet_blender/all_50_random/02958343/7e7f0637d6798113ddb4014f0e8d0dac/r_4",
            "rotation": 0.12566370614359174,
            "transform_matrix": [
                [
                    0.9907567501068115,
                    -0.10680583864450455,
                    -0.08362862467765808,
                    -0.3371177911758423
                ],
                [
                    -0.13565115630626678,
                    -0.7800788879394531,
                    -0.6107991933822632,
                    -2.4622106552124023
                ],
                [
                    -7.450581485102248e-09,
                    0.6164976954460144,
                    -0.7873565554618835,
                    -3.173936128616333
                ],
                [
                    0.0,
                    0.0,
                    0.0,
                    1.0
                ]
            ]
        },
        {
            "file_path": "/data/shapenet_blender/all_50_random/02958343/7e7f0637d6798113ddb4014f0e8d0dac/r_5",
            "rotation": 0.12566370614359174,
            "transform_matrix": [
                [
                    0.9542778730392456,
                    0.028646985068917274,
                    0.29754510521888733,
                    1.1994425058364868
                ],
                [
                    0.2989208996295929,
                    -0.09145288914442062,
                    -0.9498856663703918,
                    -3.829111099243164
                ],
                [
                    0.0,
                    0.9953972697257996,
                    -0.0958346575498581,
                    -0.3863218128681183
                ],
                [
                    0.0,
                    0.0,
                    0.0,
                    1.0
                ]
            ]
        },
        {
            "file_path": "/data/shapenet_blender/all_50_random/02958343/7e7f0637d6798113ddb4014f0e8d0dac/r_6",
            "rotation": 0.12566370614359174,
            "transform_matrix": [
                [
                    -0.9981682896614075,
                    0.018178017809987068,
                    0.05770179256796837,
                    0.23260337114334106
                ],
                [
                    0.06049741432070732,
                    0.2999255359172821,
                    0.9520423412322998,
                    3.8378055095672607
                ],
                [
                    1.8626450382086546e-09,
                    0.9537893533706665,
                    -0.30047592520713806,
                    -1.2112572193145752
                ],
                [
                    0.0,
                    0.0,
                    0.0,
                    1.0
                ]
            ]
        },
        {
            "file_path": "/data/shapenet_blender/all_50_random/02958343/7e7f0637d6798113ddb4014f0e8d0dac/r_7",
            "rotation": 0.12566370614359174,
            "transform_matrix": [
                [
                    -0.23392347991466522,
                    0.4791699945926666,
                    0.8459762930870056,
                    3.4102394580841064
                ],
                [
                    0.9722550511360168,
                    0.11528775840997696,
                    0.20354095101356506,
                    0.820499837398529
                ],
                [
                    7.450580596923828e-09,
                    0.8701176643371582,
                    -0.49284395575523376,
                    -1.9867175817489624
                ],
                [
                    0.0,
                    0.0,
                    0.0,
                    1.0
                ]
            ]
        },
        {
            "file_path": "/data/shapenet_blender/all_50_random/02958343/7e7f0637d6798113ddb4014f0e8d0dac/r_8",
            "rotation": 0.12566370614359174,
            "transform_matrix": [
                [
                    -0.1294040083885193,
                    0.4344359040260315,
                    0.891358494758606,
                    3.5931811332702637
                ],
                [
                    0.9915920495986938,
                    0.056694433093070984,
                    0.11632340401411057,
                    0.46891462802886963
                ],
                [
                    0.0,
                    0.8989166021347046,
                    -0.4381196200847626,
                    -1.766116738319397
                ],
                [
                    0.0,
                    0.0,
                    0.0,
                    1.0
                ]
            ]
        },
        {
            "file_path": "/data/shapenet_blender/all_50_random/02958343/7e7f0637d6798113ddb4014f0e8d0dac/r_9",
            "rotation": 0.12566370614359174,
            "transform_matrix": [
                [
                    -0.837196409702301,
                    0.08744124323129654,
                    0.5398666858673096,
                    2.176272392272949
                ],
                [
                    0.5469022393226624,
                    0.13385480642318726,
                    0.8264264464378357,
                    3.3314318656921387
                ],
                [
                    0.0,
                    0.9871357679367065,
                    -0.15988455712795258,
                    -0.644515335559845
                ],
                [
                    0.0,
                    0.0,
                    0.0,
                    1.0
                ]
            ]
        },
        {
            "file_path": "/data/shapenet_blender/all_50_random/02958343/7e7f0637d6798113ddb4014f0e8d0dac/r_10",
            "rotation": 0.12566370614359174,
            "transform_matrix": [
                [
                    0.7704660296440125,
                    0.4110013246536255,
                    -0.4872986972332001,
                    -1.964363932609558
                ],
                [
                    -0.6374810338020325,
                    0.49674034118652344,
                    -0.5889540910720825,
                    -2.374149799346924
                ],
                [
                    0.0,
                    0.7644128799438477,
                    0.6447271108627319,
                    2.598978042602539
                ],
                [
                    0.0,
                    0.0,
                    0.0,
                    1.0
                ]
            ]
        },
        {
            "file_path": "/data/shapenet_blender/all_50_random/02958343/7e7f0637d6798113ddb4014f0e8d0dac/r_11",
            "rotation": 0.12566370614359174,
            "transform_matrix": [
                [
                    0.1401241421699524,
                    0.031716685742139816,
                    0.9896258115768433,
                    3.989309310913086
                ],
                [
                    0.9901340007781982,
                    -0.004488557577133179,
                    -0.1400522142648697,
                    -0.5645685195922852
                ],
                [
                    4.656613428188905e-10,
                    0.9994868040084839,
                    -0.03203272446990013,
                    -0.12912803888320923
                ],
                [
                    0.0,
                    0.0,
                    0.0,
                    1.0
                ]
            ]
        },
        {
            "file_path": "/data/shapenet_blender/all_50_random/02958343/7e7f0637d6798113ddb4014f0e8d0dac/r_12",
            "rotation": 0.12566370614359174,
            "transform_matrix": [
                [
                    -0.7424779534339905,
                    0.3397725224494934,
                    0.577305018901825,
                    2.327191114425659
                ],
                [
                    0.6698705554008484,
                    0.3766005337238312,
                    0.6398792266845703,
                    2.5794358253479004
                ],
                [
                    1.4901162970204496e-08,
                    0.8618157505989075,
                    -0.5072212219238281,
                    -2.0446743965148926
                ],
                [
                    0.0,
                    0.0,
                    0.0,
                    1.0
                ]
            ]
        },
        {
            "file_path": "/data/shapenet_blender/all_50_random/02958343/7e7f0637d6798113ddb4014f0e8d0dac/r_13",
            "rotation": 0.12566370614359174,
            "transform_matrix": [
                [
                    0.98281329870224,
                    -0.0432838536798954,
                    -0.1794559508562088,
                    -0.7234100103378296
                ],
                [
                    -0.1846020668745041,
                    -0.23044134676456451,
                    -0.9554156064987183,
                    -3.851402997970581
                ],
                [
                    -3.725290076417309e-09,
                    0.9721229672431946,
                    -0.2344711571931839,
                    -0.9451833367347717
                ],
                [
                    0.0,
                    0.0,
                    0.0,
                    1.0
                ]
            ]
        },
        {
            "file_path": "/data/shapenet_blender/all_50_random/02958343/7e7f0637d6798113ddb4014f0e8d0dac/r_14",
            "rotation": 0.12566370614359174,
            "transform_matrix": [
                [
                    -0.48952534794807434,
                    0.0028084530495107174,
                    0.8719845414161682,
                    3.5150821208953857
                ],
                [
                    0.8719890713691711,
                    0.0015766355209052563,
                    0.4895228147506714,
                    1.9733295440673828
                ],
                [
                    1.1641531488804091e-10,
                    0.9999948143959045,
                    -0.0032207434996962547,
                    -0.012983232736587524
                ],
                [
                    0.0,
                    0.0,
                    0.0,
                    1.0
                ]
            ]
        },
        {
            "file_path": "/data/shapenet_blender/all_50_random/02958343/7e7f0637d6798113ddb4014f0e8d0dac/r_15",
            "rotation": 0.12566370614359174,
            "transform_matrix": [
                [
                    0.8518130779266357,
                    -0.0406547375023365,
                    0.5222659111022949,
                    2.105320930480957
                ],
                [
                    0.5238457918167114,
                    0.06610769033432007,
                    -0.8492440581321716,
                    -3.4234118461608887
                ],
                [
                    0.0,
                    0.9969838261604309,
                    0.07760822772979736,
                    0.3128487467765808
                ],
                [
                    0.0,
                    0.0,
                    0.0,
                    1.0
                ]
            ]
        },
        {
            "file_path": "/data/shapenet_blender/all_50_random/02958343/7e7f0637d6798113ddb4014f0e8d0dac/r_16",
            "rotation": 0.12566370614359174,
            "transform_matrix": [
                [
                    0.47983619570732117,
                    -0.056798532605171204,
                    -0.8755176067352295,
                    -3.529324531555176
                ],
                [
                    -0.8773581385612488,
                    -0.031063701957464218,
                    -0.47882959246635437,
                    -1.9302239418029785
                ],
                [
                    1.862645149230957e-09,
                    0.9979022741317749,
                    -0.06473813205957413,
                    -0.26096779108047485
                ],
                [
                    0.0,
                    0.0,
                    0.0,
                    1.0
                ]
            ]
        },
        {
            "file_path": "/data/shapenet_blender/all_50_random/02958343/7e7f0637d6798113ddb4014f0e8d0dac/r_17",
            "rotation": 0.12566370614359174,
            "transform_matrix": [
                [
                    -0.47078660130500793,
                    -0.15420277416706085,
                    -0.868666410446167,
                    -3.501706600189209
                ],
                [
                    -0.8822470307350159,
                    0.08228603005409241,
                    0.4635396897792816,
                    1.8685883283615112
                ],
                [
                    0.0,
                    0.9846067428588867,
                    -0.1747841089963913,
                    -0.7045773267745972
                ],
                [
                    0.0,
                    0.0,
                    0.0,
                    1.0
                ]
            ]
        },
        {
            "file_path": "/data/shapenet_blender/all_50_random/02958343/7e7f0637d6798113ddb4014f0e8d0dac/r_18",
            "rotation": 0.12566370614359174,
            "transform_matrix": [
                [
                    0.9967722296714783,
                    -0.05629325658082962,
                    -0.05723686143755913,
                    -0.23072917759418488
                ],
                [
                    -0.08028068393468857,
                    -0.6989421248435974,
                    -0.7106580138206482,
                    -2.8647544384002686
                ],
                [
                    0.0,
                    0.7129592895507812,
                    -0.701205313205719,
                    -2.8266491889953613
                ],
                [
                    0.0,
                    0.0,
                    0.0,
                    1.0
                ]
            ]
        },
        {
            "file_path": "/data/shapenet_blender/all_50_random/02958343/7e7f0637d6798113ddb4014f0e8d0dac/r_19",
            "rotation": 0.12566370614359174,
            "transform_matrix": [
                [
                    -0.7129552960395813,
                    0.23950904607772827,
                    -0.6590373516082764,
                    -2.6566641330718994
                ],
                [
                    -0.701209545135498,
                    -0.24352100491523743,
                    0.6700767278671265,
                    2.7011654376983643
                ],
                [
                    0.0,
                    0.9398578405380249,
                    0.34156563878059387,
                    1.3768949508666992
                ],
                [
                    0.0,
                    0.0,
                    0.0,
                    1.0
                ]
            ]
        },
        {
            "file_path": "/data/shapenet_blender/all_50_random/02958343/7e7f0637d6798113ddb4014f0e8d0dac/r_20",
            "rotation": 0.12566370614359174,
            "transform_matrix": [
                [
                    0.9507354497909546,
                    -0.18713919818401337,
                    0.24714577198028564,
                    0.9962765574455261
                ],
                [
                    0.310003399848938,
                    0.573928713798523,
                    -0.7579602003097534,
                    -3.0554354190826416
                ],
                [
                    1.4901160305669237e-08,
                    0.7972357273101807,
                    0.6036680936813354,
                    2.4334640502929688
                ],
                [
                    0.0,
                    0.0,
                    0.0,
                    1.0
                ]
            ]
        },
        {
            "file_path": "/data/shapenet_blender/all_50_random/02958343/7e7f0637d6798113ddb4014f0e8d0dac/r_21",
            "rotation": 0.12566370614359174,
            "transform_matrix": [
                [
                    -0.09147704392671585,
                    -0.43857985734939575,
                    -0.8940243124961853,
                    -3.6039273738861084
                ],
                [
                    -0.9958071112632751,
                    0.04028892144560814,
                    0.08212705701589584,
                    0.33106476068496704
                ],
                [
                    0.0,
                    0.8977884650230408,
                    -0.4404265284538269,
                    -1.7754161357879639
                ],
                [
                    0.0,
                    0.0,
                    0.0,
                    1.0
                ]
            ]
        },
        {
            "file_path": "/data/shapenet_blender/all_50_random/02958343/7e7f0637d6798113ddb4014f0e8d0dac/r_22",
            "rotation": 0.12566370614359174,
            "transform_matrix": [
                [
                    -0.41016247868537903,
                    -0.7459328174591064,
                    0.5247387886047363,
                    2.1152899265289307
                ],
                [
                    0.91201251745224,
                    -0.33547091484069824,
                    0.23599258065223694,
                    0.9513165950775146
                ],
                [
                    1.4901161193847656e-08,
                    0.5753636360168457,
                    0.817897617816925,
                    3.297050952911377
                ],
                [
                    0.0,
                    0.0,
                    0.0,
                    1.0
                ]
            ]
        },
        {
            "file_path": "/data/shapenet_blender/all_50_random/02958343/7e7f0637d6798113ddb4014f0e8d0dac/r_23",
            "rotation": 0.12566370614359174,
            "transform_matrix": [
                [
                    0.1415167599916458,
                    -0.29974570870399475,
                    0.9434646964073181,
                    3.803227424621582
                ],
                [
                    0.9899358749389648,
                    0.042850296944379807,
                    -0.13487344980239868,
                    -0.5436922311782837
                ],
                [
                    -3.725290076417309e-09,
                    0.953056275844574,
                    0.30279311537742615,
                    1.2205979824066162
                ],
                [
                    0.0,
                    0.0,
                    0.0,
                    1.0
                ]
            ]
        },
        {
            "file_path": "/data/shapenet_blender/all_50_random/02958343/7e7f0637d6798113ddb4014f0e8d0dac/r_24",
            "rotation": 0.12566370614359174,
            "transform_matrix": [
                [
                    0.5871756672859192,
                    -0.16597437858581543,
                    0.7922607660293579,
                    3.1937053203582764
                ],
                [
                    0.809459388256073,
                    0.12039655447006226,
                    -0.5746999382972717,
                    -2.3166894912719727
                ],
                [
                    0.0,
                    0.9787527322769165,
                    0.2050434947013855,
                    0.8265567421913147
                ],
                [
                    0.0,
                    0.0,
                    0.0,
                    1.0
                ]
            ]
        },
        {
            "file_path": "/data/shapenet_blender/all_50_random/02958343/7e7f0637d6798113ddb4014f0e8d0dac/r_25",
            "rotation": 0.12566370614359174,
            "transform_matrix": [
                [
                    0.7358015179634094,
                    -0.6450656056404114,
                    -0.20612257719039917,
                    -0.8309067487716675
                ],
                [
                    -0.6771973371505737,
                    -0.7008891105651855,
                    -0.223960280418396,
                    -0.9028128385543823
                ],
                [
                    0.0,
                    0.3043760657310486,
                    -0.9525519609451294,
                    -3.839859962463379
                ],
                [
                    0.0,
                    0.0,
                    0.0,
                    1.0
                ]
            ]
        },
        {
            "file_path": "/data/shapenet_blender/all_50_random/02958343/7e7f0637d6798113ddb4014f0e8d0dac/r_26",
            "rotation": 0.12566370614359174,
            "transform_matrix": [
                [
                    -0.8841602206230164,
                    -0.28338420391082764,
                    0.37142178416252136,
                    1.4972491264343262
                ],
                [
                    0.4671838879585266,
                    -0.536313533782959,
                    0.7029274702072144,
                    2.8335912227630615
                ],
                [
                    -1.4901161193847656e-08,
                    0.7950228452682495,
                    0.6065795421600342,
                    2.4452004432678223
                ],
                [
                    0.0,
                    0.0,
                    0.0,
                    1.0
                ]
            ]
        },
        {
            "file_path": "/data/shapenet_blender/all_50_random/02958343/7e7f0637d6798113ddb4014f0e8d0dac/r_27",
            "rotation": 0.12566370614359174,
            "transform_matrix": [
                [
                    -0.5402708053588867,
                    -0.8407930731773376,
                    0.03427065163850784,
                    0.1381494104862213
                ],
                [
                    0.8414913415908813,
                    -0.5398224592208862,
                    0.022003117948770523,
                    0.0886974036693573
                ],
                [
                    -1.862645371275562e-09,
                    0.040726181119680405,
                    0.9991703033447266,
                    4.02778434753418
                ],
                [
                    0.0,
                    0.0,
                    0.0,
                    1.0
                ]
            ]
        },
        {
            "file_path": "/data/shapenet_blender/all_50_random/02958343/7e7f0637d6798113ddb4014f0e8d0dac/r_28",
            "rotation": 0.12566370614359174,
            "transform_matrix": [
                [
                    0.7983704805374146,
                    0.1675349771976471,
                    0.578391432762146,
                    2.331570625305176
                ],
                [
                    0.6021667122840881,
                    -0.22212283313274384,
                    -0.7668485045433044,
                    -3.0912654399871826
                ],
                [
                    0.0,
                    0.9605172872543335,
                    -0.2782202661037445,
                    -1.1215418577194214
                ],
                [
                    0.0,
                    0.0,
                    0.0,
                    1.0
                ]
            ]
        },
        {
            "file_path": "/data/shapenet_blender/all_50_random/02958343/7e7f0637d6798113ddb4014f0e8d0dac/r_29",
            "rotation": 0.12566370614359174,
            "transform_matrix": [
                [
                    0.18988104164600372,
                    -0.40517258644104004,
                    -0.8943043947219849,
                    -3.6050562858581543
                ],
                [
                    -0.9818070530891418,
                    -0.0783601924777031,
                    -0.17295806109905243,
                    -0.697216272354126
                ],
                [
                    0.0,
                    0.9108759164810181,
                    -0.41268041729927063,
                    -1.6635680198669434
                ],
                [
                    0.0,
                    0.0,
                    0.0,
                    1.0
                ]
            ]
        },
        {
            "file_path": "/data/shapenet_blender/all_50_random/02958343/7e7f0637d6798113ddb4014f0e8d0dac/r_30",
            "rotation": 0.12566370614359174,
            "transform_matrix": [
                [
                    -0.30859825015068054,
                    -0.7869957089424133,
                    -0.5342327356338501,
                    -2.1535611152648926
                ],
                [
                    -0.9511924386024475,
                    0.25532740354537964,
                    0.17332275211811066,
                    0.6986863613128662
                ],
                [
                    0.0,
                    0.5616453289985657,
                    -0.8273780941963196,
                    -3.3352675437927246
                ],
                [
                    0.0,
                    0.0,
                    0.0,
                    1.0
                ]
            ]
        },
        {
            "file_path": "/data/shapenet_blender/all_50_random/02958343/7e7f0637d6798113ddb4014f0e8d0dac/r_31",
            "rotation": 0.12566370614359174,
            "transform_matrix": [
                [
                    -0.17729459702968597,
                    -0.7040587067604065,
                    -0.6876538395881653,
                    -2.7720212936401367
                ],
                [
                    -0.9841578006744385,
                    0.1268351525068283,
                    0.12387984246015549,
                    0.4993756115436554
                ],
                [
                    0.0,
                    0.6987231373786926,
                    -0.7153921127319336,
                    -2.883837938308716
                ],
                [
                    0.0,
                    0.0,
                    0.0,
                    1.0
                ]
            ]
        },
        {
            "file_path": "/data/shapenet_blender/all_50_random/02958343/7e7f0637d6798113ddb4014f0e8d0dac/r_32",
            "rotation": 0.12566370614359174,
            "transform_matrix": [
                [
                    0.9054009318351746,
                    -0.1228945404291153,
                    0.40638190507888794,
                    1.6381779909133911
                ],
                [
                    0.4245578646659851,
                    0.2620816230773926,
                    -0.8666393160820007,
                    -3.493535041809082
                ],
                [
                    0.0,
                    0.957188606262207,
                    0.2894647717475891,
                    1.166869878768921
                ],
                [
                    0.0,
                    0.0,
                    0.0,
                    1.0
                ]
            ]
        },
        {
            "file_path": "/data/shapenet_blender/all_50_random/02958343/7e7f0637d6798113ddb4014f0e8d0dac/r_33",
            "rotation": 0.12566370614359174,
            "transform_matrix": [
                [
                    -0.10257609933614731,
                    0.03729178383946419,
                    0.9940259456634521,
                    4.007046222686768
                ],
                [
                    0.9947251677513123,
                    0.0038455298636108637,
                    0.10250398516654968,
                    0.41320672631263733
                ],
                [
                    2.3283064365386963e-10,
                    0.9992969036102295,
                    -0.03748954087495804,
                    -0.15112514793872833
                ],
                [
                    0.0,
                    0.0,
                    0.0,
                    1.0
                ]
            ]
        },
        {
            "file_path": "/data/shapenet_blender/all_50_random/02958343/7e7f0637d6798113ddb4014f0e8d0dac/r_34",
            "rotation": 0.12566370614359174,
            "transform_matrix": [
                [
                    -0.1269366294145584,
                    -0.6495919823646545,
                    -0.7496114373207092,
                    -3.021780252456665
                ],
                [
                    -0.9919108152389526,
                    0.08312946557998657,
                    0.09592913836240768,
                    0.3867027163505554
                ],
                [
                    0.0,
                    0.7557246685028076,
                    -0.6548894643783569,
                    -2.639943838119507
                ],
                [
                    0.0,
                    0.0,
                    0.0,
                    1.0
                ]
            ]
        },
        {
            "file_path": "/data/shapenet_blender/all_50_random/02958343/7e7f0637d6798113ddb4014f0e8d0dac/r_35",
            "rotation": 0.12566370614359174,
            "transform_matrix": [
                [
                    -0.024487029761075974,
                    -0.6165481805801392,
                    0.786936342716217,
                    3.172241449356079
                ],
                [
                    0.999700129032135,
                    -0.0151019636541605,
                    0.019275514408946037,
                    0.07770207524299622
                ],
                [
                    9.313224635931761e-10,
                    0.7871723771095276,
                    0.6167331337928772,
                    2.486130475997925
                ],
                [
                    0.0,
                    0.0,
                    0.0,
                    1.0
                ]
            ]
        },
        {
            "file_path": "/data/shapenet_blender/all_50_random/02958343/7e7f0637d6798113ddb4014f0e8d0dac/r_36",
            "rotation": 0.12566370614359174,
            "transform_matrix": [
                [
                    -0.4335296154022217,
                    -0.053178273141384125,
                    -0.8995688557624817,
                    -3.6262781620025635
                ],
                [
                    -0.9011394381523132,
                    0.025583559647202492,
                    0.43277400732040405,
                    1.74456787109375
                ],
                [
                    -1.862645371275562e-09,
                    0.9982572793960571,
                    -0.05901226028800011,
                    -0.23788602650165558
                ],
                [
                    0.0,
                    0.0,
                    0.0,
                    1.0
                ]
            ]
        },
        {
            "file_path": "/data/shapenet_blender/all_50_random/02958343/7e7f0637d6798113ddb4014f0e8d0dac/r_37",
            "rotation": 0.12566370614359174,
            "transform_matrix": [
                [
                    0.4366872310638428,
                    0.24980665743350983,
                    -0.8642342686653137,
                    -3.483839750289917
                ],
                [
                    -0.8996133804321289,
                    0.12126027792692184,
                    -0.41951361298561096,
                    -1.6911134719848633
                ],
                [
                    0.0,
                    0.960672914981842,
                    0.27768221497535706,
                    1.119372844696045
                ],
                [
                    0.0,
                    0.0,
                    0.0,
                    1.0
                ]
            ]
        },
        {
            "file_path": "/data/shapenet_blender/all_50_random/02958343/7e7f0637d6798113ddb4014f0e8d0dac/r_38",
            "rotation": 0.12566370614359174,
            "transform_matrix": [
                [
                    0.05439843609929085,
                    -0.16797159612178802,
                    -0.9842897653579712,
                    -3.9677987098693848
                ],
                [
                    -0.9985193014144897,
                    -0.009150941856205463,
                    -0.053623221814632416,
                    -0.21616211533546448
                ],
                [
                    0.0,
                    0.9857493042945862,
                    -0.16822068393230438,
                    -0.6781192421913147
                ],
                [
                    0.0,
                    0.0,
                    0.0,
                    1.0
                ]
            ]
        },
        {
            "file_path": "/data/shapenet_blender/all_50_random/02958343/7e7f0637d6798113ddb4014f0e8d0dac/r_39",
            "rotation": 0.12566370614359174,
            "transform_matrix": [
                [
                    -0.3375263512134552,
                    0.7402461767196655,
                    0.5814734697341919,
                    2.343994617462158
                ],
                [
                    0.9413161277770996,
                    0.26542899012565613,
                    0.20849809050559998,
                    0.8404827117919922
                ],
                [
                    -1.4901162970204496e-08,
                    0.617723822593689,
                    -0.7863950133323669,
                    -3.1700596809387207
                ],
                [
                    0.0,
                    0.0,
                    0.0,
                    1.0
                ]
            ]
        },
        {
            "file_path": "/data/shapenet_blender/all_50_random/02958343/7e7f0637d6798113ddb4014f0e8d0dac/r_40",
            "rotation": 0.12566370614359174,
            "transform_matrix": [
                [
                    -0.13806940615177155,
                    -0.2408621907234192,
                    -0.9606884717941284,
                    -3.8726587295532227
                ],
                [
                    -0.9904226064682007,
                    0.03357728570699692,
                    0.13392433524131775,
                    0.5398662090301514
                ],
                [
                    3.725290298461914e-09,
                    0.9699783325195312,
                    -0.24319136142730713,
                    -0.9803355932235718
                ],
                [
                    0.0,
                    0.0,
                    0.0,
                    1.0
                ]
            ]
        },
        {
            "file_path": "/data/shapenet_blender/all_50_random/02958343/7e7f0637d6798113ddb4014f0e8d0dac/r_41",
            "rotation": 0.12566370614359174,
            "transform_matrix": [
                [
                    0.8815969228744507,
                    0.18396274745464325,
                    0.43467774987220764,
                    1.752242088317871
                ],
                [
                    0.4720032811164856,
                    -0.34360137581825256,
                    -0.8118811249732971,
                    -3.2727975845336914
                ],
                [
