{
    "class": "02958343",
    "model": "c38cba0ec9d1a74f38f3979791e64082",
    "remove_doubles": true,
    "edge_split": true,
    "denoise": true,
    "camera_angle_x": 0.6911112070083618,
    "scale_factor": 2.1764182405291934,
    "hdri_file": "/data/IndoorHDRDataset2018/9C4A0683-1fe1107e87.exr",
    "center_offset": [
        0.0,
        0.0,
        -1.862645149230957e-09
    ],
    "lights": [],
    "frames": [
        {
            "file_path": "/data/shapenet_blender/all_50_random/02958343/c38cba0ec9d1a74f38f3979791e64082/r_0",
            "rotation": 0.12566370614359174,
            "transform_matrix": [
                [
                    -0.7301782965660095,
                    0.17052271962165833,
                    0.6616355180740356,
                    2.66713809967041
                ],
                [
                    0.6832565069198608,
                    0.18223313987255096,
                    0.7070724964141846,
                    2.8503003120422363
                ],
                [
                    7.450580596923828e-09,
                    0.9683557152748108,
                    -0.2495734840631485,
                    -1.0060628652572632
                ],
                [
                    0.0,
                    0.0,
                    0.0,
                    1.0
                ]
            ]
        },
        {
            "file_path": "/data/shapenet_blender/all_50_random/02958343/c38cba0ec9d1a74f38f3979791e64082/r_1",
            "rotation": 0.12566370614359174,
            "transform_matrix": [
                [
                    0.6403310298919678,
                    -0.23830978572368622,
                    -0.7301948666572571,
                    -2.943509578704834
                ],
                [
                    -0.7680990695953369,
                    -0.19866859912872314,
                    -0.6087319850921631,
                    -2.4538772106170654
                ],
                [
                    -1.4901161193847656e-08,
                    0.950652003288269,
                    -0.3102591633796692,
                    -1.250694751739502
                ],
                [
                    0.0,
                    0.0,
                    0.0,
                    1.0
                ]
            ]
        },
        {
            "file_path": "/data/shapenet_blender/all_50_random/02958343/c38cba0ec9d1a74f38f3979791e64082/r_2",
            "rotation": 0.12566370614359174,
            "transform_matrix": [
                [
                    0.41164106130599976,
                    -0.605340838432312,
                    -0.681259274482727,
                    -2.746243953704834
                ],
                [
                    -0.9113460779190063,
                    -0.2734231948852539,
                    -0.3077143728733063,
                    -1.240436315536499
                ],
                [
                    -1.4901161193847656e-08,
                    0.7475307583808899,
                    -0.6642271876335144,
                    -2.6775853633880615
                ],
                [
                    0.0,
                    0.0,
                    0.0,
                    1.0
                ]
            ]
        },
        {
            "file_path": "/data/shapenet_blender/all_50_random/02958343/c38cba0ec9d1a74f38f3979791e64082/r_3",
            "rotation": 0.12566370614359174,
            "transform_matrix": [
                [
                    -0.9882287979125977,
                    0.04413052648305893,
                    -0.14647994935512543,
                    -0.5904796123504639
                ],
                [
                    -0.15298327803611755,
                    -0.2850707471370697,
                    0.9462191462516785,
                    3.814331531524658
                ],
                [
                    0.0,
                    0.957490086555481,
                    0.28846630454063416,
                    1.1628450155258179
                ],
                [
                    0.0,
                    0.0,
                    0.0,
                    1.0
                ]
            ]
        },
        {
            "file_path": "/data/shapenet_blender/all_50_random/02958343/c38cba0ec9d1a74f38f3979791e64082/r_4",
            "rotation": 0.12566370614359174,
            "transform_matrix": [
                [
                    0.669240415096283,
                    -0.2580459415912628,
                    -0.6967995166778564,
                    -2.8088884353637695
                ],
                [
                    -0.7430458664894104,
                    -0.23241466283798218,
                    -0.627587616443634,
                    -2.529886245727539
                ],
                [
                    0.0,
                    0.9377610087394714,
                    -0.347281277179718,
                    -1.3999354839324951
                ],
                [
                    0.0,
                    0.0,
                    0.0,
                    1.0
                ]
            ]
        },
        {
            "file_path": "/data/shapenet_blender/all_50_random/02958343/c38cba0ec9d1a74f38f3979791e64082/r_5",
            "rotation": 0.12566370614359174,
            "transform_matrix": [
                [
                    0.2809257507324219,
                    -0.7865894436836243,
                    -0.5498705506324768,
                    -2.2165989875793457
                ],
                [
                    -0.9597294926643372,
                    -0.23024532198905945,
                    -0.1609545201063156,
                    -0.6488284468650818
                ],
                [
                    1.4901161193847656e-08,
                    0.5729432106018066,
                    -0.8195950388908386,
                    -3.3038933277130127
                ],
                [
                    0.0,
                    0.0,
                    0.0,
                    1.0
                ]
            ]
        },
        {
            "file_path": "/data/shapenet_blender/all_50_random/02958343/c38cba0ec9d1a74f38f3979791e64082/r_6",
            "rotation": 0.12566370614359174,
            "transform_matrix": [
                [
                    0.8765183091163635,
                    0.4652206301689148,
                    -0.1236334964632988,
                    -0.4983825981616974
                ],
                [
                    -0.4813682734966278,
                    0.8471152782440186,
                    -0.22512291371822357,
                    -0.9074995517730713
                ],
                [
                    0.0,
                    0.25683772563934326,
                    0.9664545059204102,
                    3.8959028720855713
                ],
                [
                    0.0,
                    0.0,
                    0.0,
                    1.0
                ]
            ]
        },
        {
            "file_path": "/data/shapenet_blender/all_50_random/02958343/c38cba0ec9d1a74f38f3979791e64082/r_7",
            "rotation": 0.12566370614359174,
            "transform_matrix": [
                [
                    -0.9869325757026672,
                    -0.09014319628477097,
                    0.1335606724023819,
                    0.5384002923965454
                ],
                [
                    0.1611342579126358,
                    -0.5521187782287598,
                    0.8180468678474426,
                    3.29765248298645
                ],
                [
                    -7.450580596923828e-09,
                    0.8288782238960266,
                    0.5594291090965271,
                    2.2551307678222656
                ],
                [
                    0.0,
                    0.0,
                    0.0,
                    1.0
                ]
            ]
        },
        {
            "file_path": "/data/shapenet_blender/all_50_random/02958343/c38cba0ec9d1a74f38f3979791e64082/r_8",
            "rotation": 0.12566370614359174,
            "transform_matrix": [
                [
                    0.9881427884101868,
                    0.12226316332817078,
                    -0.09287408739328384,
                    -0.3743874132633209
                ],
                [
                    -0.15353788435459137,
                    0.7868642210960388,
                    -0.59772127866745,
                    -2.409491539001465
                ],
                [
                    0.0,
                    0.6048936247825623,
                    0.7963062524795532,
                    3.2100131511688232
                ],
                [
                    0.0,
                    0.0,
                    0.0,
                    1.0
                ]
            ]
        },
        {
            "file_path": "/data/shapenet_blender/all_50_random/02958343/c38cba0ec9d1a74f38f3979791e64082/r_9",
            "rotation": 0.12566370614359174,
            "transform_matrix": [
                [
                    -0.8840635418891907,
                    -0.03512873873114586,
                    -0.4660448133945465,
                    -1.878686785697937
                ],
                [
                    -0.4673669636249542,
                    0.06644893437623978,
                    0.8815625905990601,
                    3.553692579269409
                ],
                [
                    0.0,
                    0.9971712827682495,
                    -0.07516308128833771,
                    -0.3029920756816864
                ],
                [
                    0.0,
                    0.0,
                    0.0,
                    1.0
                ]
            ]
        },
        {
            "file_path": "/data/shapenet_blender/all_50_random/02958343/c38cba0ec9d1a74f38f3979791e64082/r_10",
            "rotation": 0.12566370614359174,
            "transform_matrix": [
                [
                    -0.9955941438674927,
                    0.01847093738615513,
                    0.09192945063114166,
                    0.3705795109272003
                ],
                [
                    0.09376673400402069,
                    0.1961202621459961,
                    0.9760863184928894,
                    3.934730052947998
                ],
                [
                    0.0,
                    0.9804059267044067,
                    -0.19698813557624817,
                    -0.7940846085548401
                ],
                [
                    0.0,
                    0.0,
                    0.0,
                    1.0
                ]
            ]
        },
        {
            "file_path": "/data/shapenet_blender/all_50_random/02958343/c38cba0ec9d1a74f38f3979791e64082/r_11",
            "rotation": 0.12566370614359174,
            "transform_matrix": [
                [
                    -0.7439346313476562,
                    -0.10344313830137253,
                    0.6601974368095398,
                    2.6613409519195557
                ],
                [
                    0.6682522892951965,
                    -0.11515850573778152,
                    0.7349675893783569,
                    2.9627490043640137
                ],
                [
                    -7.4505792646561986e-09,
                    0.9879463911056519,
                    0.1547965258359909,
                    0.6240047216415405
                ],
                [
                    0.0,
                    0.0,
                    0.0,
                    1.0
                ]
            ]
        },
        {
            "file_path": "/data/shapenet_blender/all_50_random/02958343/c38cba0ec9d1a74f38f3979791e64082/r_12",
            "rotation": 0.12566370614359174,
            "transform_matrix": [
                [
                    -0.4026957154273987,
                    -0.038567136973142624,
                    0.9145209789276123,
                    3.6865522861480713
                ],
                [
                    0.9153338670730591,
                    -0.01696738414466381,
                    0.4023381173610687,
                    1.6218769550323486
                ],
                [
                    -9.313225191043273e-10,
                    0.9991119503974915,
                    0.042134497314691544,
                    0.16984960436820984
                ],
                [
                    0.0,
                    0.0,
                    0.0,
                    1.0
                ]
            ]
        },
        {
            "file_path": "/data/shapenet_blender/all_50_random/02958343/c38cba0ec9d1a74f38f3979791e64082/r_13",
            "rotation": 0.12566370614359174,
            "transform_matrix": [
                [
                    -0.9816599488258362,
                    -0.0003528982924763113,
                    -0.19064033031463623,
                    -0.7684957385063171
                ],
                [
                    -0.1906406730413437,
                    0.001817168085835874,
                    0.9816582202911377,
                    3.957190752029419
                ],
                [
                    0.0,
                    0.9999983310699463,
                    -0.001851117704063654,
                    -0.007462094072252512
                ],
                [
                    0.0,
                    0.0,
                    0.0,
                    1.0
                ]
            ]
        },
        {
            "file_path": "/data/shapenet_blender/all_50_random/02958343/c38cba0ec9d1a74f38f3979791e64082/r_14",
            "rotation": 0.12566370614359174,
            "transform_matrix": [
                [
                    -0.26695284247398376,
                    -0.2504674196243286,
                    0.93059241771698,
                    3.751337766647339
                ],
                [
                    0.9637095928192139,
                    -0.06938085705041885,
                    0.25777921080589294,
                    1.0391411781311035
                ],
                [
                    0.0,
                    0.9656357169151306,
                    0.2598992586135864,
                    1.0476874113082886
                ],
                [
                    0.0,
                    0.0,
                    0.0,
                    1.0
                ]
            ]
        },
        {
            "file_path": "/data/shapenet_blender/all_50_random/02958343/c38cba0ec9d1a74f38f3979791e64082/r_15",
            "rotation": 0.12566370614359174,
            "transform_matrix": [
                [
                    -0.6602802276611328,
                    0.18136833608150482,
                    0.7287905216217041,
                    2.9378483295440674
                ],
                [
                    0.7510193586349487,
                    0.15945516526699066,
                    0.6407371163368225,
                    2.5828936100006104
                ],
                [
                    7.450580596923828e-09,
                    0.9704017043113708,
                    -0.2414962500333786,
                    -0.9735023975372314
                ],
                [
                    0.0,
                    0.0,
                    0.0,
                    1.0
                ]
            ]
        },
        {
            "file_path": "/data/shapenet_blender/all_50_random/02958343/c38cba0ec9d1a74f38f3979791e64082/r_16",
            "rotation": 0.12566370614359174,
            "transform_matrix": [
                [
                    0.2664681673049927,
                    -0.5779737830162048,
                    -0.7713242769241333,
                    -3.109307289123535
                ],
                [
                    -0.9638437628746033,
                    -0.15978898108005524,
                    -0.21324345469474792,
                    -0.8596117496490479
                ],
                [
                    7.450580596923828e-09,
                    0.8002585768699646,
                    -0.5996550917625427,
                    -2.4172866344451904
                ],
                [
                    0.0,
                    0.0,
                    0.0,
                    1.0
                ]
            ]
        },
        {
            "file_path": "/data/shapenet_blender/all_50_random/02958343/c38cba0ec9d1a74f38f3979791e64082/r_17",
            "rotation": 0.12566370614359174,
            "transform_matrix": [
                [
                    0.399508535861969,
                    0.7658774852752686,
                    0.5038102269172668,
                    2.030924081802368
                ],
                [
                    0.9167295098304749,
                    -0.3337675631046295,
                    -0.21955928206443787,
                    -0.8850717544555664
                ],
                [
                    0.0,
                    0.5495734214782715,
                    -0.8354453444480896,
                    -3.3677878379821777
                ],
                [
                    0.0,
                    0.0,
                    0.0,
                    1.0
                ]
            ]
        },
        {
            "file_path": "/data/shapenet_blender/all_50_random/02958343/c38cba0ec9d1a74f38f3979791e64082/r_18",
            "rotation": 0.12566370614359174,
            "transform_matrix": [
                [
                    -0.12036792933940887,
                    0.5367193818092346,
                    0.8351309895515442,
                    3.366520643234253
                ],
                [
                    0.9927293658256531,
                    0.06507694721221924,
                    0.10125920176506042,
                    0.40818890929222107
                ],
                [
                    0.0,
                    0.8412474393844604,
                    -0.5406503081321716,
                    -2.179431200027466
                ],
                [
                    0.0,
                    0.0,
                    0.0,
                    1.0
                ]
            ]
        },
        {
            "file_path": "/data/shapenet_blender/all_50_random/02958343/c38cba0ec9d1a74f38f3979791e64082/r_19",
            "rotation": 0.12566370614359174,
            "transform_matrix": [
                [
                    -0.9758965969085693,
                    -0.16184495389461517,
                    -0.14639738202095032,
                    -0.5901467800140381
                ],
                [
                    -0.21823379397392273,
                    0.7237372994422913,
                    0.6546589136123657,
                    2.639014720916748
                ],
                [
                    7.450580596923828e-09,
                    0.6708282232284546,
                    -0.7416126728057861,
                    -2.9895365238189697
                ],
                [
                    0.0,
                    0.0,
                    0.0,
                    1.0
                ]
            ]
        },
        {
            "file_path": "/data/shapenet_blender/all_50_random/02958343/c38cba0ec9d1a74f38f3979791e64082/r_20",
            "rotation": 0.12566370614359174,
            "transform_matrix": [
                [
                    -0.7532076239585876,
                    0.22914567589759827,
                    -0.6165797114372253,
                    -2.4855122566223145
                ],
                [
                    -0.6577828526496887,
                    -0.2623879015445709,
                    0.7060271501541138,
                    2.8460865020751953
                ],
                [
                    1.4901161193847656e-08,
                    0.9373605251312256,
                    0.34836065769195557,
                    1.4042867422103882
                ],
                [
                    0.0,
                    0.0,
                    0.0,
                    1.0
                ]
            ]
        },
        {
            "file_path": "/data/shapenet_blender/all_50_random/02958343/c38cba0ec9d1a74f38f3979791e64082/r_21",
            "rotation": 0.12566370614359174,
            "transform_matrix": [
                [
                    -0.9950342178344727,
                    -0.023980874568223953,
                    0.09660088270902634,
                    0.3894106149673462
                ],
                [
                    0.09953296929597855,
                    -0.23973757028579712,
                    0.9657220244407654,
                    3.8929500579833984
                ],
                [
                    1.8626450382086546e-09,
                    0.9705414772033691,
                    0.24093396961688995,
                    0.9712358713150024
                ],
                [
                    0.0,
                    0.0,
                    0.0,
                    1.0
                ]
            ]
        },
        {
            "file_path": "/data/shapenet_blender/all_50_random/02958343/c38cba0ec9d1a74f38f3979791e64082/r_22",
            "rotation": 0.12566370614359174,
            "transform_matrix": [
                [
                    -0.999778687953949,
                    0.0017022164538502693,
                    -0.020968571305274963,
                    -0.08452701568603516
                ],
                [
                    -0.021037548780441284,
                    -0.08089534193277359,
                    0.996500551700592,
                    4.017022132873535
                ],
                [
                    -1.1641532182693481e-10,
                    0.996721088886261,
                    0.0809132531285286,
                    0.32617175579071045
                ],
                [
                    0.0,
                    0.0,
                    0.0,
                    1.0
                ]
            ]
        },
        {
            "file_path": "/data/shapenet_blender/all_50_random/02958343/c38cba0ec9d1a74f38f3979791e64082/r_23",
            "rotation": 0.12566370614359174,
            "transform_matrix": [
                [
                    -0.3112984299659729,
                    -0.8274535536766052,
                    -0.4673476219177246,
                    -1.8839385509490967
                ],
                [
                    -0.9503122568130493,
                    0.2710530161857605,
                    0.15309134125709534,
                    0.6171309351921082
                ],
                [
                    0.0,
                    0.4917832911014557,
                    -0.8707176446914673,
                    -3.5099751949310303
                ],
                [
                    0.0,
                    0.0,
                    0.0,
                    1.0
                ]
            ]
        },
        {
            "file_path": "/data/shapenet_blender/all_50_random/02958343/c38cba0ec9d1a74f38f3979791e64082/r_24",
            "rotation": 0.12566370614359174,
            "transform_matrix": [
                [
                    -0.9788008332252502,
                    -0.05650172010064125,
                    0.19686710834503174,
                    0.7935966849327087
                ],
                [
                    0.2048148363828659,
                    -0.27001920342445374,
                    0.9408190846443176,
                    3.792562961578369
                ],
                [
                    3.725290742551124e-09,
                    0.961195707321167,
                    0.27586737275123596,
                    1.1120569705963135
                ],
                [
                    0.0,
                    0.0,
                    0.0,
                    1.0
                ]
            ]
        },
        {
            "file_path": "/data/shapenet_blender/all_50_random/02958343/c38cba0ec9d1a74f38f3979791e64082/r_25",
            "rotation": 0.12566370614359174,
            "transform_matrix": [
                [
                    -0.9119332432746887,
                    -0.24920766055583954,
                    -0.3259957730770111,
                    -1.3141311407089233
                ],
                [
                    -0.41033855080604553,
                    0.5538371801376343,
                    0.7244904637336731,
                    2.9205148220062256
                ],
                [
                    0.0,
                    0.7944557070732117,
                    -0.6073219776153564,
                    -2.4481935501098633
                ],
                [
                    0.0,
                    0.0,
                    0.0,
                    1.0
                ]
            ]
        },
        {
            "file_path": "/data/shapenet_blender/all_50_random/02958343/c38cba0ec9d1a74f38f3979791e64082/r_26",
            "rotation": 0.12566370614359174,
            "transform_matrix": [
                [
                    0.9517181515693665,
                    -0.23770703375339508,
                    -0.19423674046993256,
                    -0.7829933166503906
                ],
                [
                    -0.3069732189178467,
                    -0.7369701862335205,
                    -0.6021979451179504,
                    -2.427537679672241
                ],
                [
                    0.0,
                    0.6327482461929321,
                    -0.7743576169013977,
                    -3.121535301208496
                ],
                [
                    0.0,
                    0.0,
                    0.0,
                    1.0
                ]
            ]
        },
        {
            "file_path": "/data/shapenet_blender/all_50_random/02958343/c38cba0ec9d1a74f38f3979791e64082/r_27",
            "rotation": 0.12566370614359174,
            "transform_matrix": [
                [
                    -0.46526941657066345,
                    -0.8725751042366028,
                    0.1487848311662674,
                    0.5997709035873413
                ],
                [
                    0.8851690888404846,
                    -0.4586496651172638,
                    0.07820543646812439,
                    0.3152562379837036
                ],
                [
                    -7.450580596923828e-09,
                    0.16808630526065826,
                    0.9857721924781799,
                    3.9737751483917236
                ],
                [
                    0.0,
                    0.0,
                    0.0,
                    1.0
                ]
            ]
        },
        {
            "file_path": "/data/shapenet_blender/all_50_random/02958343/c38cba0ec9d1a74f38f3979791e64082/r_28",
            "rotation": 0.12566370614359174,
            "transform_matrix": [
                [
                    -0.3410557508468628,
                    0.27625319361686707,
                    -0.8985349535942078,
                    -3.622110366821289
                ],
                [
                    -0.9400430917739868,
                    -0.10022705048322678,
                    0.3259962499141693,
                    1.3141329288482666
                ],
                [
                    0.0,
                    0.9558444619178772,
                    0.2938729226589203,
                    1.1846396923065186
                ],
                [
                    0.0,
                    0.0,
                    0.0,
                    1.0
                ]
            ]
        },
        {
            "file_path": "/data/shapenet_blender/all_50_random/02958343/c38cba0ec9d1a74f38f3979791e64082/r_29",
            "rotation": 0.12566370614359174,
            "transform_matrix": [
                [
                    0.9509394764900208,
                    -0.013846003450453281,
                    -0.309067040681839,
                    -1.2458890676498413
                ],
                [
                    -0.3093770444393158,
                    -0.042558785527944565,
                    -0.9499866366386414,
                    -3.8295185565948486
                ],
                [
                    0.0,
                    0.9989978671073914,
                    -0.04475447162985802,
                    -0.18041104078292847
                ],
                [
                    0.0,
                    0.0,
                    0.0,
                    1.0
                ]
            ]
        },
        {
            "file_path": "/data/shapenet_blender/all_50_random/02958343/c38cba0ec9d1a74f38f3979791e64082/r_30",
            "rotation": 0.12566370614359174,
            "transform_matrix": [
                [
                    0.32905489206314087,
                    0.12890322506427765,
                    -0.9354714155197144,
                    -3.771005868911743
                ],
                [
                    -0.94431072473526,
                    0.04491766542196274,
                    -0.3259747326374054,
                    -1.3140461444854736
                ],
                [
                    -3.725290076417309e-09,
                    0.9906393885612488,
                    0.13650506734848022,
                    0.5502695441246033
                ],
                [
                    0.0,
                    0.0,
                    0.0,
                    1.0
                ]
            ]
        },
        {
            "file_path": "/data/shapenet_blender/all_50_random/02958343/c38cba0ec9d1a74f38f3979791e64082/r_31",
            "rotation": 0.12566370614359174,
            "transform_matrix": [
                [
                    0.7897822856903076,
                    -0.44458436965942383,
                    -0.42259764671325684,
                    -1.7035455703735352
                ],
                [
                    -0.6133873462677002,
                    -0.5724357962608337,
                    -0.5441262125968933,
                    -2.1934428215026855
                ],
                [
                    -1.4901161193847656e-08,
                    0.6889572143554688,
                    -0.7248020172119141,
                    -2.9217703342437744
                ],
                [
                    0.0,
                    0.0,
                    0.0,
                    1.0
                ]
            ]
        },
        {
            "file_path": "/data/shapenet_blender/all_50_random/02958343/c38cba0ec9d1a74f38f3979791e64082/r_32",
            "rotation": 0.12566370614359174,
            "transform_matrix": [
                [
                    0.11960702389478683,
                    0.35020697116851807,
                    -0.9290043115615845,
                    -3.744936466217041
                ],
                [
                    -0.9928213357925415,
                    0.0421900749206543,
                    -0.1119188591837883,
                    -0.45115938782691956
                ],
                [
                    -3.725290742551124e-09,
                    0.9357216358184814,
                    0.352739155292511,
                    1.421937108039856
                ],
                [
                    0.0,
                    0.0,
                    0.0,
                    1.0
                ]
            ]
        },
        {
            "file_path": "/data/shapenet_blender/all_50_random/02958343/c38cba0ec9d1a74f38f3979791e64082/r_33",
            "rotation": 0.12566370614359174,
            "transform_matrix": [
                [
                    0.5945769548416138,
                    0.5289333462715149,
                    0.6055638790130615,
                    2.441106081008911
                ],
                [
                    0.8040387034416199,
                    -0.3911398947238922,
                    -0.4478071928024292,
                    -1.8051685094833374
                ],
                [
                    2.9802322387695312e-08,
                    0.7531525492668152,
                    -0.6578457951545715,
                    -2.6518611907958984
                ],
                [
                    0.0,
                    0.0,
                    0.0,
                    1.0
                ]
            ]
        },
        {
            "file_path": "/data/shapenet_blender/all_50_random/02958343/c38cba0ec9d1a74f38f3979791e64082/r_34",
            "rotation": 0.12566370614359174,
            "transform_matrix": [
                [
                    -0.7564528584480286,
                    -0.13349762558937073,
                    0.6402792930603027,
                    2.5810484886169434
                ],
                [
                    0.6540483236312866,
                    -0.15439938008785248,
                    0.7405279874801636,
                    2.985163688659668
                ],
                [
                    0.0,
                    0.9789480566978455,
                    0.20410971343517303,
                    0.8227925896644592
                ],
                [
                    0.0,
                    0.0,
                    0.0,
                    1.0
                ]
            ]
        },
        {
            "file_path": "/data/shapenet_blender/all_50_random/02958343/c38cba0ec9d1a74f38f3979791e64082/r_35",
            "rotation": 0.12566370614359174,
            "transform_matrix": [
                [
                    0.04388453811407089,
                    0.10389800369739532,
                    0.9936193823814392,
                    4.005407333374023
                ],
                [
                    0.9990365505218506,
                    -0.004563912749290466,
                    -0.04364657774567604,
                    -0.1759449541568756
                ],
                [
                    0.0,
                    0.9945774674415588,
                    -0.10399820655584335,
                    -0.4192301332950592
                ],
                [
                    0.0,
                    0.0,
                    0.0,
                    1.0
                ]
            ]
        },
        {
            "file_path": "/data/shapenet_blender/all_50_random/02958343/c38cba0ec9d1a74f38f3979791e64082/r_36",
            "rotation": 0.12566370614359174,
            "transform_matrix": [
                [
                    -0.32291924953460693,
                    -0.9174080491065979,
                    0.23256322741508484,
                    0.9374922513961792
                ],
                [
                    0.946426510810852,
                    -0.31301817297935486,
                    0.07935021072626114,
                    0.31987088918685913
                ],
                [
                    -7.4505797087454084e-09,
                    0.2457278072834015,
                    0.9693389534950256,
                    3.907529830932617
                ],
                [
                    0.0,
                    0.0,
                    0.0,
                    1.0
                ]
            ]
        },
        {
            "file_path": "/data/shapenet_blender/all_50_random/02958343/c38cba0ec9d1a74f38f3979791e64082/r_37",
            "rotation": 0.12566370614359174,
            "transform_matrix": [
                [
                    0.8554885387420654,
                    -0.15070244669914246,
                    0.49540701508522034,
                    1.9970496892929077
                ],
                [
                    0.517821729183197,
                    0.24897412955760956,
                    -0.8184573650360107,
                    -3.299307346343994
                ],
                [
                    0.0,
                    0.9567133188247681,
                    0.29103153944015503,
                    1.1731858253479004
                ],
                [
                    0.0,
                    0.0,
                    0.0,
                    1.0
                ]
            ]
        },
        {
            "file_path": "/data/shapenet_blender/all_50_random/02958343/c38cba0ec9d1a74f38f3979791e64082/r_38",
            "rotation": 0.12566370614359174,
            "transform_matrix": [
                [
                    0.6088215112686157,
                    0.40164878964424133,
                    -0.6841159462928772,
                    -2.7577595710754395
                ],
                [
                    -0.7933071851730347,
                    0.3082443177700043,
                    -0.5250229835510254,
                    -2.1164352893829346
                ],
                [
                    1.4901159417490817e-08,
                    0.8623594045639038,
                    0.5062966346740723,
                    2.0409469604492188
                ],
                [
                    0.0,
                    0.0,
                    0.0,
                    1.0
                ]
            ]
        },
        {
            "file_path": "/data/shapenet_blender/all_50_random/02958343/c38cba0ec9d1a74f38f3979791e64082/r_39",
            "rotation": 0.12566370614359174,
            "transform_matrix": [
                [
                    -0.9977265000343323,
                    -0.011330952867865562,
                    -0.06643322110176086,
                    -0.26780086755752563
                ],
                [
                    -0.06739260256290436,
                    0.1677512228488922,
                    0.9835231304168701,
                    3.9647085666656494
                ],
                [
                    0.0,
                    0.98576420545578,
                    -0.16813348233699799,
                    -0.6777677536010742
                ],
                [
                    0.0,
                    0.0,
                    0.0,
                    1.0
                ]
            ]
        },
        {
            "file_path": "/data/shapenet_blender/all_50_random/02958343/c38cba0ec9d1a74f38f3979791e64082/r_40",
            "rotation": 0.12566370614359174,
            "transform_matrix": [
                [
                    -0.978966474533081,
                    -0.1492399275302887,
                    0.13911204040050507,
                    0.5607786178588867
                ],
                [
                    0.2040213942527771,
                    -0.7161056995391846,
                    0.667508602142334,
                    2.6908135414123535
                ],
                [
                    -7.450581485102248e-09,
                    0.6818504929542542,
                    0.7314915060997009,
                    2.9487369060516357
                ],
                [
                    0.0,
                    0.0,
                    0.0,
                    1.0
                ]
            ]
        },
        {
            "file_path": "/data/shapenet_blender/all_50_random/02958343/c38cba0ec9d1a74f38f3979791e64082/r_41",
            "rotation": 0.12566370614359174,
            "transform_matrix": [
                [
                    -0.6537371873855591,
                    0.6961082816123962,
                    0.2967505156993866,
                    1.196239709854126
                ],
                [
                    0.756721556186676,
                    0.6013728976249695,
                    0.2563648819923401,
                    1.0334399938583374
