{
    "class": "02958343",
    "model": "296a15d4e4b903db94b42287616a3ea7",
    "remove_doubles": true,
    "edge_split": true,
    "denoise": true,
    "camera_angle_x": 0.6911112070083618,
    "scale_factor": 2.2442305977780435,
    "hdri_file": "/data/IndoorHDRDataset2018/9C4A7485-41d0302617.exr",
    "center_offset": [
        0.0,
        -2.270098775625229e-09,
        -3.725290298461914e-09
    ],
    "lights": [],
    "frames": [
        {
            "file_path": "/data/shapenet_blender/all_50_random/02958343/296a15d4e4b903db94b42287616a3ea7/r_0",
            "rotation": 0.12566370614359174,
            "transform_matrix": [
                [
                    0.4853418469429016,
                    -0.4668149948120117,
                    0.7392746210098267,
                    2.980111598968506
                ],
                [
                    0.8743245005607605,
                    0.2591312825679779,
                    -0.4103749990463257,
                    -1.6542747020721436
                ],
                [
                    0.0,
                    0.8455380797386169,
                    0.5339149832725525,
                    2.152280330657959
                ],
                [
                    0.0,
                    0.0,
                    0.0,
                    1.0
                ]
            ]
        },
        {
            "file_path": "/data/shapenet_blender/all_50_random/02958343/296a15d4e4b903db94b42287616a3ea7/r_1",
            "rotation": 0.12566370614359174,
            "transform_matrix": [
                [
                    -0.330966979265213,
                    0.17968294024467468,
                    0.9263772368431091,
                    3.7343461513519287
                ],
                [
                    0.9436424374580383,
                    0.06302081793546677,
                    0.324911504983902,
                    1.3097602128982544
                ],
                [
                    0.0,
                    0.9817036986351013,
                    -0.19041424989700317,
                    -0.7675843834877014
                ],
                [
                    0.0,
                    0.0,
                    0.0,
                    1.0
                ]
            ]
        },
        {
            "file_path": "/data/shapenet_blender/all_50_random/02958343/296a15d4e4b903db94b42287616a3ea7/r_2",
            "rotation": 0.12566370614359174,
            "transform_matrix": [
                [
                    -0.6726956367492676,
                    -0.4190821051597595,
                    -0.6097956299781799,
                    -2.458164691925049
                ],
                [
                    -0.7399191856384277,
                    0.38100743293762207,
                    0.5543941259384155,
                    2.2348341941833496
                ],
                [
                    1.4901160305669237e-08,
                    0.8241381049156189,
                    -0.5663889050483704,
                    -2.283186674118042
                ],
                [
                    0.0,
                    0.0,
                    0.0,
                    1.0
                ]
            ]
        },
        {
            "file_path": "/data/shapenet_blender/all_50_random/02958343/296a15d4e4b903db94b42287616a3ea7/r_3",
            "rotation": 0.12566370614359174,
            "transform_matrix": [
                [
                    0.3175286054611206,
                    0.8099035620689392,
                    -0.49318546056747437,
                    -1.9880942106246948
                ],
                [
                    -0.9482487440109253,
                    0.27120262384414673,
                    -0.16514705121517181,
                    -0.6657290458679199
                ],
                [
                    1.4901161193847656e-08,
                    0.5201013684272766,
                    0.8541045188903809,
                    3.4430055618286133
                ],
                [
                    0.0,
                    0.0,
                    0.0,
                    1.0
                ]
            ]
        },
        {
            "file_path": "/data/shapenet_blender/all_50_random/02958343/296a15d4e4b903db94b42287616a3ea7/r_4",
            "rotation": 0.12566370614359174,
            "transform_matrix": [
                [
                    -0.38326409459114075,
                    -0.804804265499115,
                    -0.45320916175842285,
                    -1.8269447088241577
                ],
                [
                    -0.9236388802528381,
                    0.3339536488056183,
                    0.18805921077728271,
                    0.7580909729003906
                ],
                [
                    -1.4901162970204496e-08,
                    0.49067792296409607,
                    -0.8713409304618835,
                    -3.5124878883361816
                ],
                [
                    0.0,
                    0.0,
                    0.0,
                    1.0
                ]
            ]
        },
        {
            "file_path": "/data/shapenet_blender/all_50_random/02958343/296a15d4e4b903db94b42287616a3ea7/r_5",
            "rotation": 0.12566370614359174,
            "transform_matrix": [
                [
                    0.9717588424682617,
                    -0.1576535701751709,
                    0.1755850613117218,
                    0.7078060507774353
                ],
                [
                    0.2359761744737625,
                    0.6492233276367188,
                    -0.7230659127235413,
                    -2.9147720336914062
                ],
                [
                    0.0,
                    0.74407958984375,
                    0.6680909395217896,
                    2.6931607723236084
                ],
                [
                    0.0,
                    0.0,
                    0.0,
                    1.0
                ]
            ]
        },
        {
            "file_path": "/data/shapenet_blender/all_50_random/02958343/296a15d4e4b903db94b42287616a3ea7/r_6",
            "rotation": 0.12566370614359174,
            "transform_matrix": [
                [
                    0.9351632595062256,
                    -0.13101959228515625,
                    0.32909518480300903,
                    1.326625108718872
                ],
                [
                    0.35421714186668396,
                    0.34590283036231995,
                    -0.8688391447067261,
                    -3.5024025440216064
                ],
                [
                    -7.450580596923828e-09,
                    0.9290775656700134,
                    0.36988499760627747,
                    1.4910541772842407
                ],
                [
                    0.0,
                    0.0,
                    0.0,
                    1.0
                ]
            ]
        },
        {
            "file_path": "/data/shapenet_blender/all_50_random/02958343/296a15d4e4b903db94b42287616a3ea7/r_7",
            "rotation": 0.12566370614359174,
            "transform_matrix": [
                [
                    0.8059895038604736,
                    -0.05043451860547066,
                    0.589777410030365,
                    2.3774688243865967
                ],
                [
                    0.5919299721717834,
                    0.06867314875125885,
                    -0.8030585050582886,
                    -3.2372324466705322
                ],
                [
                    0.0,
                    0.9963635206222534,
                    0.08520352840423584,
                    0.3434664011001587
                ],
                [
                    0.0,
                    0.0,
                    0.0,
                    1.0
                ]
            ]
        },
        {
            "file_path": "/data/shapenet_blender/all_50_random/02958343/296a15d4e4b903db94b42287616a3ea7/r_8",
            "rotation": 0.12566370614359174,
            "transform_matrix": [
                [
                    -0.9753322005271912,
                    -0.2204345166683197,
                    0.011651766486465931,
                    0.04696977138519287
                ],
                [
                    0.22074224054813385,
                    -0.973972499370575,
                    0.05148240923881531,
                    0.20753222703933716
                ],
                [
                    0.0,
                    0.052784815430641174,
                    0.9986059665679932,
                    4.025509357452393
                ],
                [
                    0.0,
                    0.0,
                    0.0,
                    1.0
                ]
            ]
        },
        {
            "file_path": "/data/shapenet_blender/all_50_random/02958343/296a15d4e4b903db94b42287616a3ea7/r_9",
            "rotation": 0.12566370614359174,
            "transform_matrix": [
                [
                    0.5199361443519592,
                    -0.6557562351226807,
                    -0.54740309715271,
                    -2.2066524028778076
                ],
                [
                    -0.8542052507400513,
                    -0.39914456009864807,
                    -0.333192378282547,
                    -1.3431414365768433
                ],
                [
                    1.4901162970204496e-08,
                    0.6408333778381348,
                    -0.7676800489425659,
                    -3.0946173667907715
                ],
                [
                    0.0,
                    0.0,
                    0.0,
                    1.0
                ]
            ]
        },
        {
            "file_path": "/data/shapenet_blender/all_50_random/02958343/296a15d4e4b903db94b42287616a3ea7/r_10",
            "rotation": 0.12566370614359174,
            "transform_matrix": [
                [
                    0.5358019471168518,
                    0.09482458233833313,
                    0.8390020132064819,
                    3.3821256160736084
                ],
                [
                    0.8443436026573181,
                    -0.060173604637384415,
                    -0.5324122905731201,
                    -2.1462228298187256
                ],
                [
                    0.0,
                    0.9936737418174744,
                    -0.1123056635260582,
                    -0.4527186453342438
                ],
                [
                    0.0,
                    0.0,
                    0.0,
                    1.0
                ]
            ]
        },
        {
            "file_path": "/data/shapenet_blender/all_50_random/02958343/296a15d4e4b903db94b42287616a3ea7/r_11",
            "rotation": 0.12566370614359174,
            "transform_matrix": [
                [
                    0.3958563506603241,
                    0.8860527276992798,
                    0.24126380681991577,
                    0.9725655317306519
                ],
                [
                    0.9183125495910645,
                    -0.38195011019706726,
                    -0.10400141030550003,
                    -0.41924309730529785
                ],
                [
                    7.450582373280668e-09,
                    0.2627250850200653,
                    -0.9648706912994385,
                    -3.8895182609558105
                ],
                [
                    0.0,
                    0.0,
                    0.0,
                    1.0
                ]
            ]
        },
        {
            "file_path": "/data/shapenet_blender/all_50_random/02958343/296a15d4e4b903db94b42287616a3ea7/r_12",
            "rotation": 0.12566370614359174,
            "transform_matrix": [
                [
                    0.8852017521858215,
                    -0.1977970153093338,
                    0.4210631251335144,
                    1.6973598003387451
                ],
                [
                    0.4652073085308075,
                    0.3763704299926758,
                    -0.801203727722168,
                    -3.2297556400299072
                ],
                [
                    -1.4901161193847656e-08,
                    0.9051085710525513,
                    0.4251803457736969,
                    1.7139568328857422
                ],
                [
                    0.0,
                    0.0,
                    0.0,
                    1.0
                ]
            ]
        },
        {
            "file_path": "/data/shapenet_blender/all_50_random/02958343/296a15d4e4b903db94b42287616a3ea7/r_13",
            "rotation": 0.12566370614359174,
            "transform_matrix": [
                [
                    0.4853146970272064,
                    0.2001512050628662,
                    0.851122260093689,
                    3.430983543395996
                ],
                [
                    0.8743395209312439,
                    -0.11109679937362671,
                    -0.4724276065826416,
                    -1.904416561126709
                ],
                [
                    0.0,
                    0.9734459519386292,
                    -0.22891701757907867,
                    -0.922793984413147
                ],
                [
                    0.0,
                    0.0,
                    0.0,
                    1.0
                ]
            ]
        },
        {
            "file_path": "/data/shapenet_blender/all_50_random/02958343/296a15d4e4b903db94b42287616a3ea7/r_14",
            "rotation": 0.12566370614359174,
            "transform_matrix": [
                [
                    -0.5753316283226013,
                    0.3239299952983856,
                    -0.7510411739349365,
                    -3.027543544769287
                ],
                [
                    -0.8179201483726501,
                    -0.22785498201847076,
                    0.5282884240150452,
                    2.129598617553711
                ],
                [
                    0.0,
                    0.9182326793670654,
                    0.3960411250591278,
                    1.5964926481246948
                ],
                [
                    0.0,
                    0.0,
                    0.0,
                    1.0
                ]
            ]
        },
        {
            "file_path": "/data/shapenet_blender/all_50_random/02958343/296a15d4e4b903db94b42287616a3ea7/r_15",
            "rotation": 0.12566370614359174,
            "transform_matrix": [
                [
                    0.9612280130386353,
                    -0.22247441112995148,
                    -0.16292917728424072,
                    -0.6567885875701904
                ],
                [
                    -0.2757549285888672,
                    -0.7755024433135986,
                    -0.5679393410682678,
                    -2.2894370555877686
                ],
                [
                    0.0,
                    0.5908476710319519,
                    -0.8067829608917236,
                    -3.252246379852295
                ],
                [
                    0.0,
                    0.0,
                    0.0,
                    1.0
                ]
            ]
        },
        {
            "file_path": "/data/shapenet_blender/all_50_random/02958343/296a15d4e4b903db94b42287616a3ea7/r_16",
            "rotation": 0.12566370614359174,
            "transform_matrix": [
                [
                    -0.931178092956543,
                    0.013798638246953487,
                    -0.36430349946022034,
                    -1.4685542583465576
                ],
                [
                    -0.3645647466182709,
                    -0.03524474427103996,
                    0.9305108785629272,
                    3.751008987426758
                ],
                [
                    -9.313225746154785e-10,
                    0.9992834329605103,
                    0.037849631160497665,
                    0.1525767296552658
                ],
                [
                    0.0,
                    0.0,
                    0.0,
                    1.0
                ]
            ]
        },
        {
            "file_path": "/data/shapenet_blender/all_50_random/02958343/296a15d4e4b903db94b42287616a3ea7/r_17",
            "rotation": 0.12566370614359174,
            "transform_matrix": [
                [
                    -0.7250248789787292,
                    0.2760336697101593,
                    0.6309866905212402,
                    2.543588638305664
                ],
                [
                    0.688722550868988,
                    0.2905833423137665,
                    0.6642457842826843,
                    2.6776604652404785
                ],
                [
                    -2.9802320611338473e-08,
                    0.9161695837974548,
                    -0.400790810585022,
                    -1.6156394481658936
                ],
                [
                    0.0,
                    0.0,
                    0.0,
                    1.0
                ]
            ]
        },
        {
            "file_path": "/data/shapenet_blender/all_50_random/02958343/296a15d4e4b903db94b42287616a3ea7/r_18",
            "rotation": 0.12566370614359174,
            "transform_matrix": [
                [
                    -0.9725660681724548,
                    0.20251435041427612,
                    0.11446976661682129,
                    0.46144241094589233
                ],
                [
                    0.23262718319892883,
                    0.8466705679893494,
                    0.47857439517974854,
                    1.9291951656341553
                ],
                [
                    0.0,
                    0.49207401275634766,
                    -0.8705533146858215,
                    -3.509312868118286
                ],
                [
                    0.0,
                    0.0,
                    0.0,
                    1.0
                ]
            ]
        },
        {
            "file_path": "/data/shapenet_blender/all_50_random/02958343/296a15d4e4b903db94b42287616a3ea7/r_19",
            "rotation": 0.12566370614359174,
            "transform_matrix": [
                [
                    -0.9075238108634949,
                    0.38257449865341187,
                    -0.1733129769563675,
                    -0.6986469030380249
                ],
                [
                    -0.42000076174736023,
                    -0.8266543745994568,
                    0.3744889497756958,
                    1.509613037109375
                ],
                [
                    0.0,
                    0.41264912486076355,
                    0.9108901023864746,
                    3.671915054321289
                ],
                [
                    0.0,
                    0.0,
                    0.0,
                    1.0
                ]
            ]
        },
        {
            "file_path": "/data/shapenet_blender/all_50_random/02958343/296a15d4e4b903db94b42287616a3ea7/r_20",
            "rotation": 0.12566370614359174,
            "transform_matrix": [
                [
                    -0.7776549458503723,
                    -0.5683237910270691,
                    -0.2688137888908386,
                    -1.083622932434082
                ],
                [
                    -0.6286913156509399,
                    0.7029836773872375,
                    0.3325071334838867,
                    1.340378999710083
                ],
                [
                    0.0,
                    0.4275767505168915,
                    -0.9039791226387024,
                    -3.6440560817718506
                ],
                [
                    0.0,
                    0.0,
                    0.0,
                    1.0
                ]
            ]
        },
        {
            "file_path": "/data/shapenet_blender/all_50_random/02958343/296a15d4e4b903db94b42287616a3ea7/r_21",
            "rotation": 0.12566370614359174,
            "transform_matrix": [
                [
                    -0.5708434581756592,
                    -0.5638315081596375,
                    0.5968514680862427,
                    2.405985116958618
                ],
                [
                    0.8210589289665222,
                    -0.39200544357299805,
                    0.41496264934539795,
                    1.672767996788025
                ],
                [
                    0.0,
                    0.7269288897514343,
                    0.6867127418518066,
                    2.7682275772094727
                ],
                [
                    0.0,
                    0.0,
                    0.0,
                    1.0
                ]
            ]
        },
        {
            "file_path": "/data/shapenet_blender/all_50_random/02958343/296a15d4e4b903db94b42287616a3ea7/r_22",
            "rotation": 0.12566370614359174,
            "transform_matrix": [
                [
                    0.7275915145874023,
                    0.01867552101612091,
                    0.6857564449310303,
                    2.7643725872039795
                ],
                [
                    0.6860106587409973,
                    -0.019807489588856697,
                    -0.7273218631744385,
                    -2.9319281578063965
                ],
                [
                    -9.313225746154785e-10,
                    0.9996292591094971,
                    -0.02722337283194065,
                    -0.10974092781543732
                ],
                [
                    0.0,
                    0.0,
                    0.0,
                    1.0
                ]
            ]
        },
        {
            "file_path": "/data/shapenet_blender/all_50_random/02958343/296a15d4e4b903db94b42287616a3ea7/r_23",
            "rotation": 0.12566370614359174,
            "transform_matrix": [
                [
                    0.6711495518684387,
                    0.37675464153289795,
                    0.6384467482566833,
                    2.5736610889434814
                ],
                [
                    0.7413220405578613,
                    -0.3410915732383728,
                    -0.5780122876167297,
                    -2.3300421237945557
                ],
                [
                    -1.4901162970204496e-08,
                    0.8612273335456848,
                    -0.5082198977470398,
                    -2.0486998558044434
                ],
                [
                    0.0,
                    0.0,
                    0.0,
                    1.0
                ]
            ]
        },
        {
            "file_path": "/data/shapenet_blender/all_50_random/02958343/296a15d4e4b903db94b42287616a3ea7/r_24",
            "rotation": 0.12566370614359174,
            "transform_matrix": [
                [
                    0.24001279473304749,
                    0.7813467979431152,
                    -0.5760998129844666,
                    -2.3223326206207275
                ],
                [
                    -0.9707697629928589,
                    0.1931799203157425,
                    -0.1424347162246704,
                    -0.5741727352142334
                ],
                [
                    7.450581485102248e-09,
                    0.5934463739395142,
                    0.8048734664916992,
                    3.244548797607422
                ],
                [
                    0.0,
                    0.0,
                    0.0,
                    1.0
                ]
            ]
        },
        {
            "file_path": "/data/shapenet_blender/all_50_random/02958343/296a15d4e4b903db94b42287616a3ea7/r_25",
            "rotation": 0.12566370614359174,
            "transform_matrix": [
                [
                    -0.39346036314964294,
                    0.8335790038108826,
                    -0.38773059844970703,
                    -1.562991976737976
                ],
                [
                    -0.9193415641784668,
                    -0.35675564408302307,
                    0.16594117879867554,
                    0.6689302921295166
                ],
                [
                    0.0,
                    0.42174825072288513,
                    0.9067130088806152,
                    3.6550769805908203
                ],
                [
                    0.0,
                    0.0,
                    0.0,
                    1.0
                ]
            ]
        },
        {
            "file_path": "/data/shapenet_blender/all_50_random/02958343/296a15d4e4b903db94b42287616a3ea7/r_26",
            "rotation": 0.12566370614359174,
            "transform_matrix": [
                [
                    0.9015746712684631,
                    -0.012427812442183495,
                    0.4324449896812439,
                    1.743241548538208
                ],
                [
                    0.43262356519699097,
                    0.025899194180965424,
                    -0.9012025594711304,
                    -3.632863759994507
                ],
                [
                    0.0,
                    0.9995872378349304,
                    0.028726620599627495,
                    0.11580070853233337
                ],
                [
                    0.0,
                    0.0,
                    0.0,
                    1.0
                ]
            ]
        },
        {
            "file_path": "/data/shapenet_blender/all_50_random/02958343/296a15d4e4b903db94b42287616a3ea7/r_27",
            "rotation": 0.12566370614359174,
            "transform_matrix": [
                [
                    0.6109558939933777,
                    -0.4816601276397705,
                    0.6282805800437927,
                    2.532680034637451
                ],
                [
                    0.7916646003723145,
                    0.371714323759079,
                    -0.48486658930778503,
                    -1.9545596837997437
                ],
                [
                    1.4901159417490817e-08,
                    0.7936195731163025,
                    0.6084142923355103,
                    2.452596426010132
                ],
                [
                    0.0,
                    0.0,
                    0.0,
                    1.0
                ]
            ]
        },
        {
            "file_path": "/data/shapenet_blender/all_50_random/02958343/296a15d4e4b903db94b42287616a3ea7/r_28",
            "rotation": 0.12566370614359174,
            "transform_matrix": [
                [
                    -0.9795083403587341,
                    0.05159183219075203,
                    -0.1946839988231659,
                    -0.7847963571548462
                ],
                [
                    -0.20140404999256134,
                    -0.250911682844162,
                    0.9468260407447815,
                    3.8167781829833984
                ],
                [
                    0.0,
                    0.9666341543197632,
                    0.25616082549095154,
                    1.032617449760437
                ],
                [
                    0.0,
                    0.0,
                    0.0,
                    1.0
                ]
            ]
        },
        {
            "file_path": "/data/shapenet_blender/all_50_random/02958343/296a15d4e4b903db94b42287616a3ea7/r_29",
            "rotation": 0.12566370614359174,
            "transform_matrix": [
                [
                    -0.5331057906150818,
                    -0.25977009534835815,
                    -0.8051817417144775,
                    -3.2457916736602783
                ],
                [
                    -0.8460485935211182,
                    0.16368436813354492,
                    0.5073550343513489,
                    2.0452136993408203
                ],
                [
                    0.0,
                    0.9516968727111816,
                    -0.30703917145729065,
                    -1.2377146482467651
                ],
                [
                    0.0,
                    0.0,
                    0.0,
                    1.0
                ]
            ]
        },
        {
            "file_path": "/data/shapenet_blender/all_50_random/02958343/296a15d4e4b903db94b42287616a3ea7/r_30",
            "rotation": 0.12566370614359174,
            "transform_matrix": [
                [
                    0.8967810869216919,
                    0.2782644033432007,
                    0.3440242409706116,
                    1.3868061304092407
                ],
                [
                    0.4424746632575989,
                    -0.563969612121582,
                    -0.6972477436065674,
                    -2.8106956481933594
                ],
                [
                    -1.4901162970204496e-08,
                    0.7775006294250488,
                    -0.6288821697235107,
                    -2.5351052284240723
                ],
                [
                    0.0,
                    0.0,
                    0.0,
                    1.0
                ]
            ]
        },
        {
            "file_path": "/data/shapenet_blender/all_50_random/02958343/296a15d4e4b903db94b42287616a3ea7/r_31",
            "rotation": 0.12566370614359174,
            "transform_matrix": [
                [
                    0.6077340841293335,
                    -0.1317034661769867,
                    -0.7831433415412903,
                    -3.156951904296875
                ],
                [
                    -0.794140636920929,
                    -0.10078906267881393,
                    -0.5993181467056274,
                    -2.415928840637207
                ],
                [
                    -7.450580596923828e-09,
                    0.9861519932746887,
                    -0.16584402322769165,
                    -0.6685386300086975
                ],
                [
                    0.0,
                    0.0,
                    0.0,
                    1.0
                ]
            ]
        },
        {
            "file_path": "/data/shapenet_blender/all_50_random/02958343/296a15d4e4b903db94b42287616a3ea7/r_32",
            "rotation": 0.12566370614359174,
            "transform_matrix": [
                [
                    -0.6805845499038696,
                    -0.027492042630910873,
                    -0.732153594493866,
                    -2.9514055252075195
                ],
                [
                    -0.7326695919036865,
                    0.025537649169564247,
                    0.6801052093505859,
                    2.741591691970825
                ],
                [
                    0.0,
                    0.999295711517334,
                    -0.03752311319112778,
                    -0.15126051008701324
                ],
                [
                    0.0,
                    0.0,
                    0.0,
                    1.0
                ]
            ]
        },
        {
            "file_path": "/data/shapenet_blender/all_50_random/02958343/296a15d4e4b903db94b42287616a3ea7/r_33",
            "rotation": 0.12566370614359174,
            "transform_matrix": [
                [
                    0.8214380145072937,
                    0.5457870364189148,
                    -0.1653968095779419,
                    -0.6667358875274658
                ],
                [
                    -0.5702977776527405,
                    0.7861334681510925,
                    -0.23823204636573792,
                    -0.9603440761566162
                ],
                [
                    1.4901161193847656e-08,
                    0.2900182902812958,
                    0.9570210576057434,
                    3.857875347137451
                ],
                [
                    0.0,
                    0.0,
                    0.0,
                    1.0
                ]
            ]
        },
        {
            "file_path": "/data/shapenet_blender/all_50_random/02958343/296a15d4e4b903db94b42287616a3ea7/r_34",
            "rotation": 0.12566370614359174,
            "transform_matrix": [
                [
                    -0.695733368396759,
                    -0.06819324940443039,
                    0.7150557041168213,
                    2.8824820518493652
                ],
                [
                    0.7183001637458801,
                    -0.06605083495378494,
                    0.6925908923149109,
                    2.7919235229492188
                ],
                [
                    3.725290298461914e-09,
                    0.9954832792282104,
                    0.09493698179721832,
                    0.3827032446861267
                ],
                [
                    0.0,
                    0.0,
                    0.0,
                    1.0
                ]
            ]
        },
        {
            "file_path": "/data/shapenet_blender/all_50_random/02958343/296a15d4e4b903db94b42287616a3ea7/r_35",
            "rotation": 0.12566370614359174,
            "transform_matrix": [
                [
                    -0.15551593899726868,
                    -0.5820318460464478,
                    0.7981564998626709,
                    3.2174718379974365
                ],
                [
                    0.9878333806991577,
                    -0.09163006395101547,
                    0.12565486133098602,
                    0.5065309405326843
                ],
                [
                    0.0,
                    0.8079869747161865,
                    0.5892003774642944,
                    2.3751425743103027
                ],
                [
                    0.0,
                    0.0,
                    0.0,
                    1.0
                ]
            ]
        },
        {
            "file_path": "/data/shapenet_blender/all_50_random/02958343/296a15d4e4b903db94b42287616a3ea7/r_36",
            "rotation": 0.12566370614359174,
            "transform_matrix": [
                [
                    0.453613817691803,
                    0.13023652136325836,
                    0.8816308379173279,
                    3.5539674758911133
                ],
                [
                    0.8911983966827393,
                    -0.0662894919514656,
                    -0.448743999004364,
                    -1.8089449405670166
                ],
                [
                    3.725290298461914e-09,
                    0.9892644286155701,
                    -0.14613641798496246,
                    -0.5890947580337524
                ],
                [
                    0.0,
                    0.0,
                    0.0,
                    1.0
                ]
            ]
        },
        {
            "file_path": "/data/shapenet_blender/all_50_random/02958343/296a15d4e4b903db94b42287616a3ea7/r_37",
            "rotation": 0.12566370614359174,
            "transform_matrix": [
                [
                    0.22420622408390045,
                    0.1179267093539238,
                    0.9673804044723511,
                    3.899635076522827
                ],
                [
                    0.9745417237281799,
                    -0.027130600064992905,
                    -0.2225586622953415,
                    -0.897162675857544
                ],
                [
                    0.0,
                    0.9926515817642212,
                    -0.12100735306739807,
                    -0.48779624700546265
                ],
                [
                    0.0,
                    0.0,
                    0.0,
                    1.0
                ]
            ]
        },
        {
            "file_path": "/data/shapenet_blender/all_50_random/02958343/296a15d4e4b903db94b42287616a3ea7/r_38",
            "rotation": 0.12566370614359174,
            "transform_matrix": [
                [
                    -0.8291016221046448,
                    -0.07589324563741684,
                    -0.5539229512214661,
                    -2.2329351902008057
                ],
                [
                    -0.559097945690155,
                    0.11254417151212692,
                    0.8214275240898132,
                    3.3112804889678955
                ],
                [
                    0.0,
                    0.9907441139221191,
                    -0.13574230670928955,
                    -0.54719477891922
                ],
                [
                    0.0,
                    0.0,
                    0.0,
                    1.0
                ]
            ]
        },
        {
            "file_path": "/data/shapenet_blender/all_50_random/02958343/296a15d4e4b903db94b42287616a3ea7/r_39",
            "rotation": 0.12566370614359174,
            "transform_matrix": [
                [
                    -0.9151400923728943,
                    -0.03999611362814903,
                    0.4011470377445221,
                    1.6170752048492432
                ],
                [
                    0.4031359851360321,
                    -0.09079329669475555,
                    0.9106251001358032,
                    3.670846700668335
                ],
                [
                    -3.725290298461914e-09,
                    0.995066225528717,
                    0.09921247512102127,
                    0.3999382257461548
                ],
                [
                    0.0,
                    0.0,
                    0.0,
                    1.0
                ]
            ]
        },
        {
            "file_path": "/data/shapenet_blender/all_50_random/02958343/296a15d4e4b903db94b42287616a3ea7/r_40",
            "rotation": 0.12566370614359174,
            "transform_matrix": [
                [
                    0.28969308733940125,
                    0.07999144494533539,
                    -0.9537711143493652,
                    -3.844774007797241
                ],
                [
                    -0.9571195244789124,
                    0.024211153388023376,
                    -0.2886795997619629,
                    -1.1637046337127686
                ],
                [
                    0.0,
                    0.9965015053749084,
                    0.08357518911361694,
                    0.33690235018730164
                ],
                [
                    0.0,
                    0.0,
                    0.0,
                    1.0
                ]
            ]
        },
        {
            "file_path": "/data/shapenet_blender/all_50_random/02958343/296a15d4e4b903db94b42287616a3ea7/r_41",
            "rotation": 0.12566370614359174,
            "transform_matrix": [
                [
                    -0.4733162522315979,
                    -0.18324290215969086,
                    0.86162269115448,
                    3.4733123779296875
                ],
                [
                    0.8808925747871399,
                    -0.09845905750989914,
                    0.4629622995853424,
                    1.8662608861923218
                ],
                [
                    0.0,
