{
    "class": "02958343",
    "model": "139df45393b6847838805e546aa28d99",
    "remove_doubles": true,
    "edge_split": true,
    "denoise": true,
    "camera_angle_x": 0.6911112070083618,
    "scale_factor": 2.320492435433133,
    "hdri_file": "/data/IndoorHDRDataset2018/9C4A9610-51a296f674.exr",
    "center_offset": [
        0.0,
        0.0,
        -9.313225746154785e-10
    ],
    "lights": [],
    "frames": [
        {
            "file_path": "/data/shapenet_blender/all_50_random/02958343/139df45393b6847838805e546aa28d99/r_0",
            "rotation": 0.12566370614359174,
            "transform_matrix": [
                [
                    0.877502977848053,
                    0.28225693106651306,
                    0.38771072030067444,
                    1.562911868095398
                ],
                [
                    0.47957128286361694,
                    -0.5164639949798584,
                    -0.7094196677207947,
                    -2.859762191772461
                ],
                [
                    1.4901162970204496e-08,
                    0.8084527850151062,
                    -0.5885609984397888,
                    -2.372565269470215
                ],
                [
                    0.0,
                    0.0,
                    0.0,
                    1.0
                ]
            ]
        },
        {
            "file_path": "/data/shapenet_blender/all_50_random/02958343/139df45393b6847838805e546aa28d99/r_1",
            "rotation": 0.12566370614359174,
            "transform_matrix": [
                [
                    0.8822740912437439,
                    0.4644637405872345,
                    0.07658892124891281,
                    0.3087398409843445
                ],
                [
                    0.4707361161708832,
                    -0.870518147945404,
                    -0.14354629814624786,
                    -0.5786536931991577
                ],
                [
                    -7.450581485102248e-09,
                    0.16270051896572113,
                    -0.9866754412651062,
                    -3.9774162769317627
                ],
                [
                    0.0,
                    0.0,
                    0.0,
                    1.0
                ]
            ]
        },
        {
            "file_path": "/data/shapenet_blender/all_50_random/02958343/139df45393b6847838805e546aa28d99/r_2",
            "rotation": 0.12566370614359174,
            "transform_matrix": [
                [
                    -0.18021291494369507,
                    0.23944781720638275,
                    -0.9540377855300903,
                    -3.8458492755889893
                ],
                [
                    -0.9836276173591614,
                    -0.04386984184384346,
                    0.17479167878627777,
                    0.7046077847480774
                ],
                [
                    -3.725290298461914e-09,
                    0.9699175357818604,
                    0.24343341588974,
                    0.9813115000724792
                ],
                [
                    0.0,
                    0.0,
                    0.0,
                    1.0
                ]
            ]
        },
        {
            "file_path": "/data/shapenet_blender/all_50_random/02958343/139df45393b6847838805e546aa28d99/r_3",
            "rotation": 0.12566370614359174,
            "transform_matrix": [
                [
                    0.9907859563827515,
                    -0.08212967216968536,
                    -0.10769448429346085,
                    -0.43413034081459045
                ],
                [
                    -0.1354377567768097,
                    -0.6008141040802002,
                    -0.7878318428993225,
                    -3.175851821899414
                ],
                [
                    0.0,
                    0.7951585054397583,
                    -0.6064016222953796,
                    -2.4444830417633057
                ],
                [
                    0.0,
                    0.0,
                    0.0,
                    1.0
                ]
            ]
        },
        {
            "file_path": "/data/shapenet_blender/all_50_random/02958343/139df45393b6847838805e546aa28d99/r_4",
            "rotation": 0.12566370614359174,
            "transform_matrix": [
                [
                    0.18859797716140747,
                    -0.31598401069641113,
                    0.9298305511474609,
                    3.7482669353485107
                ],
                [
                    0.9820544719696045,
                    0.06068292632699013,
                    -0.17856866121292114,
                    -0.7198333144187927
                ],
                [
                    3.725290742551124e-09,
                    0.9468218684196472,
                    0.32175812125205994,
                    1.2970484495162964
                ],
                [
                    0.0,
                    0.0,
                    0.0,
                    1.0
                ]
            ]
        },
        {
            "file_path": "/data/shapenet_blender/all_50_random/02958343/139df45393b6847838805e546aa28d99/r_5",
            "rotation": 0.12566370614359174,
            "transform_matrix": [
                [
                    0.9290637373924255,
                    0.17096680402755737,
                    -0.3280409872531891,
                    -1.3223755359649658
                ],
                [
                    -0.36991962790489197,
                    0.42938804626464844,
                    -0.8238843083381653,
                    -3.321183919906616
                ],
                [
                    1.4901160305669237e-08,
                    0.886789858341217,
                    0.46217280626296997,
                    1.8630781173706055
                ],
                [
                    0.0,
                    0.0,
                    0.0,
                    1.0
                ]
            ]
        },
        {
            "file_path": "/data/shapenet_blender/all_50_random/02958343/139df45393b6847838805e546aa28d99/r_6",
            "rotation": 0.12566370614359174,
            "transform_matrix": [
                [
                    -0.9313609600067139,
                    -0.0626458078622818,
                    -0.3586674630641937,
                    -1.4458348751068115
                ],
                [
                    -0.36409732699394226,
                    0.16024795174598694,
                    0.9174712896347046,
                    3.6984453201293945
                ],
                [
                    -3.725290742551124e-09,
                    0.9850867986679077,
                    -0.1720578372478485,
                    -0.6935873627662659
                ],
                [
                    0.0,
                    0.0,
                    0.0,
                    1.0
                ]
            ]
        },
        {
            "file_path": "/data/shapenet_blender/all_50_random/02958343/139df45393b6847838805e546aa28d99/r_7",
            "rotation": 0.12566370614359174,
            "transform_matrix": [
                [
                    -0.25501003861427307,
                    -0.37709614634513855,
                    -0.8903754353523254,
                    -3.5892181396484375
                ],
                [
                    -0.9669384360313416,
                    0.09945131093263626,
                    0.23481811583042145,
                    0.9465820789337158
                ],
                [
                    0.0,
                    0.9208191633224487,
                    -0.38998982310295105,
                    -1.572099208831787
                ],
                [
                    0.0,
                    0.0,
                    0.0,
                    1.0
                ]
            ]
        },
        {
            "file_path": "/data/shapenet_blender/all_50_random/02958343/139df45393b6847838805e546aa28d99/r_8",
            "rotation": 0.12566370614359174,
            "transform_matrix": [
                [
                    0.6459700465202332,
                    -0.4814688265323639,
                    0.5923770070075989,
                    2.3879480361938477
                ],
                [
                    0.7633628845214844,
                    0.40742674469947815,
                    -0.5012790560722351,
                    -2.0207204818725586
                ],
                [
                    0.0,
                    0.7760097980499268,
                    0.630720853805542,
                    2.5425171852111816
                ],
                [
                    0.0,
                    0.0,
                    0.0,
                    1.0
                ]
            ]
        },
        {
            "file_path": "/data/shapenet_blender/all_50_random/02958343/139df45393b6847838805e546aa28d99/r_9",
            "rotation": 0.12566370614359174,
            "transform_matrix": [
                [
                    0.8615785837173462,
                    -0.16970191895961761,
                    -0.47841787338256836,
                    -1.928564190864563
                ],
                [
                    -0.5076242685317993,
                    -0.2880310118198395,
                    -0.8120072484016418,
                    -3.273305892944336
                ],
                [
                    0.0,
                    0.9424645304679871,
                    -0.33430618047714233,
                    -1.3476313352584839
                ],
                [
                    0.0,
                    0.0,
                    0.0,
                    1.0
                ]
            ]
        },
        {
            "file_path": "/data/shapenet_blender/all_50_random/02958343/139df45393b6847838805e546aa28d99/r_10",
            "rotation": 0.12566370614359174,
            "transform_matrix": [
                [
                    -0.9993337392807007,
                    0.03442275524139404,
                    -0.0121359433978796,
                    -0.048921555280685425
                ],
                [
                    -0.036499422043561935,
                    -0.9424757957458496,
                    0.3322753608226776,
                    1.3394449949264526
                ],
                [
                    1.862645371275562e-09,
                    0.33249691128730774,
                    0.9431042671203613,
                    3.8017752170562744
                ],
                [
                    0.0,
                    0.0,
                    0.0,
                    1.0
                ]
            ]
        },
        {
            "file_path": "/data/shapenet_blender/all_50_random/02958343/139df45393b6847838805e546aa28d99/r_11",
            "rotation": 0.12566370614359174,
            "transform_matrix": [
                [
                    -0.960243821144104,
                    -0.003532614093273878,
                    -0.2791403830051422,
                    -1.1252509355545044
                ],
                [
                    -0.279162734746933,
                    0.012151231057941914,
                    0.9601669311523438,
                    3.870556592941284
                ],
                [
                    2.3283064365386963e-10,
                    0.9999199509620667,
                    -0.01265431847423315,
                    -0.05101118981838226
                ],
                [
                    0.0,
                    0.0,
                    0.0,
                    1.0
                ]
            ]
        },
        {
            "file_path": "/data/shapenet_blender/all_50_random/02958343/139df45393b6847838805e546aa28d99/r_12",
            "rotation": 0.12566370614359174,
            "transform_matrix": [
                [
                    0.7440711855888367,
                    0.029133934527635574,
                    0.6674647927284241,
                    2.69063663482666
                ],
                [
                    0.6681003570556641,
                    -0.03244680538773537,
                    -0.7433633804321289,
                    -2.996593713760376
                ],
                [
                    0.0,
                    0.9990487694740295,
                    -0.04360712319612503,
                    -0.17578592896461487
                ],
                [
                    0.0,
                    0.0,
                    0.0,
                    1.0
                ]
            ]
        },
        {
            "file_path": "/data/shapenet_blender/all_50_random/02958343/139df45393b6847838805e546aa28d99/r_13",
            "rotation": 0.12566370614359174,
            "transform_matrix": [
                [
                    0.6158954501152039,
                    -0.34088999032974243,
                    -0.7102583050727844,
                    -2.863142728805542
                ],
                [
                    -0.7878279089927673,
                    -0.2664954960346222,
                    -0.555254340171814,
                    -2.2383017539978027
                ],
                [
                    0.0,
                    0.9015398621559143,
                    -0.43269601464271545,
                    -1.744253396987915
                ],
                [
                    0.0,
                    0.0,
                    0.0,
                    1.0
                ]
            ]
        },
        {
            "file_path": "/data/shapenet_blender/all_50_random/02958343/139df45393b6847838805e546aa28d99/r_14",
            "rotation": 0.12566370614359174,
            "transform_matrix": [
                [
                    0.9198355078697205,
                    -0.0114893214777112,
                    -0.3921357989311218,
                    -1.5807499885559082
                ],
                [
                    -0.392304003238678,
                    -0.026939019560813904,
                    -0.9194410443305969,
                    -3.706385374069214
                ],
                [
                    0.0,
                    0.9995710253715515,
                    -0.029286781325936317,
                    -0.11805879324674606
                ],
                [
                    0.0,
                    0.0,
                    0.0,
                    1.0
                ]
            ]
        },
        {
            "file_path": "/data/shapenet_blender/all_50_random/02958343/139df45393b6847838805e546aa28d99/r_15",
            "rotation": 0.12566370614359174,
            "transform_matrix": [
                [
                    -0.9638929963111877,
                    -0.03340142220258713,
                    -0.2641867399215698,
                    -1.0649709701538086
                ],
                [
                    -0.2662898898124695,
                    0.12090357393026352,
                    0.9562802314758301,
                    3.854889154434204
                ],
                [
                    0.0,
                    0.9921020865440369,
                    -0.125432550907135,
                    -0.5056348443031311
                ],
                [
                    0.0,
                    0.0,
                    0.0,
                    1.0
                ]
            ]
        },
        {
            "file_path": "/data/shapenet_blender/all_50_random/02958343/139df45393b6847838805e546aa28d99/r_16",
            "rotation": 0.12566370614359174,
            "transform_matrix": [
                [
                    -0.9999412894248962,
                    0.006840383168309927,
                    -0.008405537344515324,
                    -0.03388381004333496
                ],
                [
                    -0.01083715446293354,
                    -0.631160318851471,
                    0.775576651096344,
                    3.1264498233795166
                ],
                [
                    -4.656612873077393e-10,
                    0.7756222486495972,
                    0.6311972737312317,
                    2.544437885284424
                ],
                [
                    0.0,
                    0.0,
                    0.0,
                    1.0
                ]
            ]
        },
        {
            "file_path": "/data/shapenet_blender/all_50_random/02958343/139df45393b6847838805e546aa28d99/r_17",
            "rotation": 0.12566370614359174,
            "transform_matrix": [
                [
                    0.056771617382764816,
                    0.10878637433052063,
                    0.9924426674842834,
                    4.000664710998535
                ],
                [
                    0.9983871579170227,
                    -0.0061859549023211,
                    -0.05643359199166298,
                    -0.227491095662117
                ],
                [
                    -4.6566125955216364e-10,
                    0.9940459132194519,
                    -0.10896208882331848,
                    -0.4392402470111847
                ],
                [
                    0.0,
                    0.0,
                    0.0,
                    1.0
                ]
            ]
        },
        {
            "file_path": "/data/shapenet_blender/all_50_random/02958343/139df45393b6847838805e546aa28d99/r_18",
            "rotation": 0.12566370614359174,
            "transform_matrix": [
                [
                    -0.17660515010356903,
                    -0.7370975017547607,
                    -0.6523019671440125,
                    -2.6295135021209717
                ],
                [
                    -0.9842817783355713,
                    0.1322540044784546,
                    0.11703953891992569,
                    0.4718014895915985
                ],
                [
                    0.0,
                    0.662718653678894,
                    -0.7488683462142944,
                    -3.018784999847412
                ],
                [
                    0.0,
                    0.0,
                    0.0,
                    1.0
                ]
            ]
        },
        {
            "file_path": "/data/shapenet_blender/all_50_random/02958343/139df45393b6847838805e546aa28d99/r_19",
            "rotation": 0.12566370614359174,
            "transform_matrix": [
                [
                    0.9672921299934387,
                    0.03392985463142395,
                    0.25138553977012634,
                    1.0133676528930664
                ],
                [
                    0.2536650002002716,
                    -0.12938354909420013,
                    -0.9585999250411987,
                    -3.8642401695251465
                ],
                [
                    -3.725290298461914e-09,
                    0.9910139441490173,
                    -0.13375847041606903,
                    -0.5391976833343506
                ],
                [
                    0.0,
                    0.0,
                    0.0,
                    1.0
                ]
            ]
        },
        {
            "file_path": "/data/shapenet_blender/all_50_random/02958343/139df45393b6847838805e546aa28d99/r_20",
            "rotation": 0.12566370614359174,
            "transform_matrix": [
                [
                    -0.3286822736263275,
                    0.5406641364097595,
                    0.7743707299232483,
                    3.1215884685516357
                ],
                [
                    0.9444406032562256,
                    0.18816082179546356,
                    0.269494891166687,
                    1.0863687992095947
                ],
                [
                    0.0,
                    0.8199253082275391,
                    -0.5724703669548035,
                    -2.30770206451416
                ],
                [
                    0.0,
                    0.0,
                    0.0,
                    1.0
                ]
            ]
        },
        {
            "file_path": "/data/shapenet_blender/all_50_random/02958343/139df45393b6847838805e546aa28d99/r_21",
            "rotation": 0.12566370614359174,
            "transform_matrix": [
                [
                    -0.7071876525878906,
                    0.14176875352859497,
                    -0.69266676902771,
                    -2.792229175567627
                ],
                [
                    -0.707025945186615,
                    -0.14180117845535278,
                    0.692825198173523,
                    2.792867660522461
                ],
                [
                    0.0,
                    0.9796907901763916,
                    0.20051424205303192,
                    0.8082987666130066
                ],
                [
                    0.0,
                    0.0,
                    0.0,
                    1.0
                ]
            ]
        },
        {
            "file_path": "/data/shapenet_blender/all_50_random/02958343/139df45393b6847838805e546aa28d99/r_22",
            "rotation": 0.12566370614359174,
            "transform_matrix": [
                [
                    0.13599571585655212,
                    0.4174852669239044,
                    0.8984492421150208,
                    3.621764898300171
                ],
                [
                    0.9907094240188599,
                    -0.05730864033102989,
                    -0.12333106994628906,
                    -0.49716347455978394
                ],
                [
                    0.0,
                    0.9068746566772461,
                    -0.4214003384113312,
                    -1.6987192630767822
                ],
                [
                    0.0,
                    0.0,
                    0.0,
                    1.0
                ]
            ]
        },
        {
            "file_path": "/data/shapenet_blender/all_50_random/02958343/139df45393b6847838805e546aa28d99/r_23",
            "rotation": 0.12566370614359174,
            "transform_matrix": [
                [
                    -0.43231260776519775,
                    -0.3449806571006775,
                    0.8331230878829956,
                    3.358426570892334
                ],
                [
                    0.9017238020896912,
                    -0.16539375483989716,
                    0.39942342042922974,
                    1.610127329826355
                ],
                [
                    0.0,
                    0.9239226579666138,
                    0.38257911801338196,
                    1.54222571849823
                ],
                [
                    0.0,
                    0.0,
                    0.0,
                    1.0
                ]
            ]
        },
        {
            "file_path": "/data/shapenet_blender/all_50_random/02958343/139df45393b6847838805e546aa28d99/r_24",
            "rotation": 0.12566370614359174,
            "transform_matrix": [
                [
                    -0.8302173614501953,
                    -0.24446800351142883,
                    -0.5009735226631165,
                    -2.019489049911499
                ],
                [
                    -0.5574398040771484,
                    0.3640959560871124,
                    0.7461198568344116,
                    3.0077056884765625
                ],
                [
                    1.4901161193847656e-08,
                    0.8987043499946594,
                    -0.43855494260787964,
                    -1.767871618270874
                ],
                [
                    0.0,
                    0.0,
                    0.0,
                    1.0
                ]
            ]
        },
        {
            "file_path": "/data/shapenet_blender/all_50_random/02958343/139df45393b6847838805e546aa28d99/r_25",
            "rotation": 0.12566370614359174,
            "transform_matrix": [
                [
                    -0.1354893147945404,
                    -0.09659147262573242,
                    0.9860591888427734,
                    3.9749317169189453
                ],
                [
                    0.9907788634300232,
                    -0.013208913616836071,
                    0.13484390079975128,
                    0.5435731410980225
                ],
                [
                    0.0,
                    0.9952363967895508,
                    0.09749045968055725,
                    0.392996609210968
                ],
                [
                    0.0,
                    0.0,
                    0.0,
                    1.0
                ]
            ]
        },
        {
            "file_path": "/data/shapenet_blender/all_50_random/02958343/139df45393b6847838805e546aa28d99/r_26",
            "rotation": 0.12566370614359174,
            "transform_matrix": [
                [
                    0.2691259980201721,
                    -0.6099849939346313,
                    0.7453116774559021,
                    3.0044474601745605
                ],
                [
                    0.9631050825119019,
                    0.17045162618160248,
                    -0.2082667201757431,
                    -0.8395500183105469
                ],
                [
                    -1.4901162970204496e-08,
                    0.7738633751869202,
                    0.633352518081665,
                    2.5531256198883057
                ],
                [
                    0.0,
                    0.0,
                    0.0,
                    1.0
                ]
            ]
        },
        {
            "file_path": "/data/shapenet_blender/all_50_random/02958343/139df45393b6847838805e546aa28d99/r_27",
            "rotation": 0.12566370614359174,
            "transform_matrix": [
                [
                    0.8525511026382446,
                    0.31482768058776855,
                    0.41718125343322754,
                    1.681711196899414
                ],
                [
                    0.5226438641548157,
                    -0.5135555863380432,
                    -0.6805175542831421,
                    -2.743253707885742
                ],
                [
                    -1.4901161193847656e-08,
                    0.7982131242752075,
                    -0.6023752093315125,
                    -2.4282519817352295
                ],
                [
                    0.0,
                    0.0,
                    0.0,
                    1.0
                ]
            ]
        },
        {
            "file_path": "/data/shapenet_blender/all_50_random/02958343/139df45393b6847838805e546aa28d99/r_28",
            "rotation": 0.12566370614359174,
            "transform_matrix": [
                [
                    -0.9136943221092224,
                    -0.06038111075758934,
                    0.4018915593624115,
                    1.6200766563415527
                ],
                [
                    0.4064021706581116,
                    -0.13575193285942078,
                    0.9035533666610718,
                    3.6423399448394775
                ],
                [
                    3.725290298461914e-09,
                    0.9889010787010193,
                    0.14857478439807892,
                    0.5989241003990173
                ],
                [
                    0.0,
                    0.0,
                    0.0,
                    1.0
                ]
            ]
        },
        {
            "file_path": "/data/shapenet_blender/all_50_random/02958343/139df45393b6847838805e546aa28d99/r_29",
            "rotation": 0.12566370614359174,
            "transform_matrix": [
                [
                    0.9942936301231384,
                    0.025453606620430946,
                    0.1035974994301796,
                    0.4176148772239685
                ],
                [
                    0.10667863488197327,
                    -0.23723925650119781,
                    -0.9655760526657104,
                    -3.892361640930176
                ],
                [
                    1.862645371275562e-09,
                    0.9711177349090576,
                    -0.23860080540180206,
                    -0.9618306159973145
                ],
                [
                    0.0,
                    0.0,
                    0.0,
                    1.0
                ]
            ]
        },
        {
            "file_path": "/data/shapenet_blender/all_50_random/02958343/139df45393b6847838805e546aa28d99/r_30",
            "rotation": 0.12566370614359174,
            "transform_matrix": [
                [
                    0.9870555400848389,
                    -0.10695581883192062,
                    0.1195073202252388,
                    0.48174941539764404
                ],
                [
                    0.16037939488887787,
                    0.6582599878311157,
                    -0.7355082035064697,
                    -2.964928388595581
                ],
                [
                    -7.450581485102248e-09,
                    0.7451539039611816,
                    0.6668925285339355,
                    2.6883296966552734
                ],
                [
                    0.0,
                    0.0,
                    0.0,
                    1.0
                ]
            ]
        },
        {
            "file_path": "/data/shapenet_blender/all_50_random/02958343/139df45393b6847838805e546aa28d99/r_31",
            "rotation": 0.12566370614359174,
            "transform_matrix": [
                [
                    -9.941900498233736e-05,
                    0.5495468974113464,
                    0.8354628086090088,
                    3.367858409881592
                ],
                [
                    1.0,
                    5.4635402193525806e-05,
                    8.306087693199515e-05,
                    0.00033482909202575684
                ],
                [
                    0.0,
                    0.8354628086090088,
                    -0.5495468974113464,
                    -2.215294361114502
                ],
                [
                    0.0,
                    0.0,
                    0.0,
                    1.0
                ]
            ]
        },
        {
            "file_path": "/data/shapenet_blender/all_50_random/02958343/139df45393b6847838805e546aa28d99/r_32",
            "rotation": 0.12566370614359174,
            "transform_matrix": [
                [
                    -0.4779142439365387,
                    -0.8164875507354736,
                    0.3239535987377167,
                    1.3058987855911255
                ],
                [
                    0.8784065246582031,
                    -0.44422605633735657,
                    0.1762533038854599,
                    0.7104998230934143
                ],
                [
                    0.0,
                    0.3687969148159027,
                    0.9295099377632141,
                    3.746974468231201
                ],
                [
                    0.0,
                    0.0,
                    0.0,
                    1.0
                ]
            ]
        },
        {
            "file_path": "/data/shapenet_blender/all_50_random/02958343/139df45393b6847838805e546aa28d99/r_33",
            "rotation": 0.12566370614359174,
            "transform_matrix": [
                [
                    -0.5134633183479309,
                    0.5045097470283508,
                    -0.694136381149292,
                    -2.7981529235839844
                ],
                [
                    -0.858111560344696,
                    -0.3018806576728821,
                    0.4153464734554291,
                    1.6743149757385254
                ],
                [
                    -1.4901161193847656e-08,
                    0.8089114427566528,
                    0.58793044090271,
                    2.370023250579834
                ],
                [
                    0.0,
                    0.0,
                    0.0,
                    1.0
                ]
            ]
        },
        {
            "file_path": "/data/shapenet_blender/all_50_random/02958343/139df45393b6847838805e546aa28d99/r_34",
            "rotation": 0.12566370614359174,
            "transform_matrix": [
                [
                    0.5317147374153137,
                    0.0925142765045166,
                    0.8418554067611694,
                    3.393627643585205
                ],
                [
                    0.8469235301017761,
                    -0.0580822229385376,
                    -0.528532862663269,
                    -2.1305840015411377
                ],
                [
                    0.0,
                    0.9940159320831299,
                    -0.10923568159341812,
                    -0.44034311175346375
                ],
                [
                    0.0,
                    0.0,
                    0.0,
                    1.0
                ]
            ]
        },
        {
            "file_path": "/data/shapenet_blender/all_50_random/02958343/139df45393b6847838805e546aa28d99/r_35",
            "rotation": 0.12566370614359174,
            "transform_matrix": [
                [
                    -0.9553186297416687,
                    0.29403507709503174,
                    -0.03016146644949913,
                    -0.12158474326133728
                ],
                [
                    -0.2955780029296875,
                    -0.9503318667411804,
                    0.09748294204473495,
                    0.39296627044677734
                ],
                [
                    1.862645149230957e-09,
                    0.1020422875881195,
                    0.9947801232337952,
                    4.010086536407471
                ],
                [
                    0.0,
                    0.0,
                    0.0,
                    1.0
                ]
            ]
        },
        {
            "file_path": "/data/shapenet_blender/all_50_random/02958343/139df45393b6847838805e546aa28d99/r_36",
            "rotation": 0.12566370614359174,
            "transform_matrix": [
                [
                    -0.897630512714386,
                    0.17628493905067444,
                    0.40395915508270264,
                    1.6284114122390747
                ],
                [
                    0.4407486617565155,
                    0.3590226471424103,
                    0.8227049112319946,
                    3.316429615020752
                ],
                [
                    0.0,
                    0.9165295362472534,
                    -0.3999670445919037,
                    -1.612318754196167
                ],
                [
                    0.0,
                    0.0,
                    0.0,
                    1.0
                ]
            ]
        },
        {
            "file_path": "/data/shapenet_blender/all_50_random/02958343/139df45393b6847838805e546aa28d99/r_37",
            "rotation": 0.12566370614359174,
            "transform_matrix": [
                [
                    -0.879281759262085,
                    -0.2615358233451843,
                    -0.3980737328529358,
                    -1.6046866178512573
                ],
                [
                    -0.4763021171092987,
                    0.48281052708625793,
                    0.7348675727844238,
                    2.962346076965332
                ],
                [
                    0.0,
                    0.8357589840888977,
                    -0.549096405506134,
                    -2.2134785652160645
                ],
                [
                    0.0,
                    0.0,
                    0.0,
                    1.0
                ]
            ]
        },
        {
            "file_path": "/data/shapenet_blender/all_50_random/02958343/139df45393b6847838805e546aa28d99/r_38",
            "rotation": 0.12566370614359174,
            "transform_matrix": [
                [
                    -0.9673140048980713,
                    0.03893747180700302,
                    -0.25057435035705566,
                    -1.0100975036621094
                ],
                [
                    -0.25358161330223083,
                    -0.14853112399578094,
                    0.9558424949645996,
                    3.8531241416931152
                ],
                [
                    0.0,
                    0.9881408214569092,
                    0.15355007350444794,
                    0.6189801096916199
                ],
                [
                    0.0,
                    0.0,
                    0.0,
                    1.0
                ]
            ]
        },
        {
            "file_path": "/data/shapenet_blender/all_50_random/02958343/139df45393b6847838805e546aa28d99/r_39",
            "rotation": 0.12566370614359174,
            "transform_matrix": [
                [
                    -0.731909453868866,
                    -0.12141002714633942,
                    -0.6704983115196228,
                    -2.7028653621673584
                ],
                [
                    -0.6814017295837402,
                    0.1304093301296234,
                    0.7201977968215942,
                    2.903210401535034
                ],
                [
                    7.450580152834618e-09,
                    0.9839984774589539,
                    -0.17817683517932892,
                    -0.7182538509368896
                ],
                [
                    0.0,
                    0.0,
                    0.0,
                    1.0
                ]
            ]
        },
        {
            "file_path": "/data/shapenet_blender/all_50_random/02958343/139df45393b6847838805e546aa28d99/r_40",
            "rotation": 0.12566370614359174,
            "transform_matrix": [
                [
                    0.8653737902641296,
                    -0.2829900085926056,
                    0.41357579827308655,
                    1.667177438735962
                ],
                [
                    0.5011271238327026,
                    0.48868268728256226,
                    -0.714185357093811,
                    -2.8789734840393066
                ],
                [
                    0.0,
                    0.8252913355827332,
                    0.5647070407867432,
                    2.276407241821289
                ],
                [
                    0.0,
                    0.0,
                    0.0,
                    1.0
                ]
            ]
        },
        {
            "file_path": "/data/shapenet_blender/all_50_random/02958343/139df45393b6847838805e546aa28d99/r_41",
            "rotation": 0.12566370614359174,
            "transform_matrix": [
                [
                    0.994213342666626,
                    0.04367440938949585,
                    0.09814469516277313,
                    0.39563390612602234
                ],
                [
                    0.10742363333702087,
                    -0.40420979261398315,
                    -0.9083361625671387,
                    -3.6616201400756836
                ],
                [
                    0.0,
