{
    "class": "02958343",
    "model": "a16ff37768fe676473d32960f279a9cb",
    "remove_doubles": true,
    "edge_split": true,
    "denoise": true,
    "camera_angle_x": 0.6911112070083618,
    "scale_factor": 2.2839810814688843,
    "hdri_file": "/data/IndoorHDRDataset2018/AG8A3200-96c7ca1d02.exr",
    "center_offset": [
        0.0,
        0.0,
        0.0
    ],
    "lights": [],
    "frames": [
        {
            "file_path": "/data/shapenet_blender/all_50_random/02958343/a16ff37768fe676473d32960f279a9cb/r_0",
            "rotation": 0.12566370614359174,
            "transform_matrix": [
                [
                    0.4843831956386566,
                    0.6118252277374268,
                    -0.6253342032432556,
                    -2.5208027362823486
                ],
                [
                    -0.8748560547828674,
                    0.338750422000885,
                    -0.3462299704551697,
                    -1.3956975936889648
                ],
                [
                    0.0,
                    0.7147852182388306,
                    0.6993439793586731,
                    2.819145679473877
                ],
                [
                    0.0,
                    0.0,
                    0.0,
                    1.0
                ]
            ]
        },
        {
            "file_path": "/data/shapenet_blender/all_50_random/02958343/a16ff37768fe676473d32960f279a9cb/r_1",
            "rotation": 0.12566370614359174,
            "transform_matrix": [
                [
                    0.9803525805473328,
                    -0.06565911322832108,
                    -0.1860046237707138,
                    -0.749808669090271
                ],
                [
                    -0.1972532570362091,
                    -0.3263270854949951,
                    -0.9244466423988342,
                    -3.7265639305114746
                ],
                [
                    -3.725290298461914e-09,
                    0.9429737329483032,
                    -0.3328670263290405,
                    -1.3418300151824951
                ],
                [
                    0.0,
                    0.0,
                    0.0,
                    1.0
                ]
            ]
        },
        {
            "file_path": "/data/shapenet_blender/all_50_random/02958343/a16ff37768fe676473d32960f279a9cb/r_2",
            "rotation": 0.12566370614359174,
            "transform_matrix": [
                [
                    -0.9980666041374207,
                    0.0020009351428598166,
                    -0.06212124601006508,
                    -0.2504187524318695
                ],
                [
                    -0.06215346232056618,
                    -0.032131217420101166,
                    0.997549295425415,
                    4.021249771118164
                ],
                [
                    2.3283064365386963e-10,
                    0.9994815587997437,
                    0.03219347074627876,
                    0.1297760307788849
                ],
                [
                    0.0,
                    0.0,
                    0.0,
                    1.0
                ]
            ]
        },
        {
            "file_path": "/data/shapenet_blender/all_50_random/02958343/a16ff37768fe676473d32960f279a9cb/r_3",
            "rotation": 0.12566370614359174,
            "transform_matrix": [
                [
                    -0.13130827248096466,
                    0.416595458984375,
                    -0.8995589017868042,
                    -3.6262381076812744
                ],
                [
                    -0.9913415908813477,
                    -0.055180203169584274,
                    0.11915118992328644,
                    0.48031383752822876
                ],
                [
                    0.0,
                    0.9074156880378723,
                    0.42023396492004395,
                    1.6940174102783203
                ],
                [
                    0.0,
                    0.0,
                    0.0,
                    1.0
                ]
            ]
        },
        {
            "file_path": "/data/shapenet_blender/all_50_random/02958343/a16ff37768fe676473d32960f279a9cb/r_4",
            "rotation": 0.12566370614359174,
            "transform_matrix": [
                [
                    0.936479389667511,
                    0.2602827250957489,
                    0.23507265746593475,
                    0.947608232498169
                ],
                [
                    0.3507224917411804,
                    -0.694992184638977,
                    -0.6276776790618896,
                    -2.530249834060669
                ],
                [
                    -1.4901161193847656e-08,
                    0.6702525019645691,
                    -0.7421329617500305,
                    -2.991633892059326
                ],
                [
                    0.0,
                    0.0,
                    0.0,
                    1.0
                ]
            ]
        },
        {
            "file_path": "/data/shapenet_blender/all_50_random/02958343/a16ff37768fe676473d32960f279a9cb/r_5",
            "rotation": 0.12566370614359174,
            "transform_matrix": [
                [
                    0.8669597506523132,
                    0.0850146934390068,
                    0.49107369780540466,
                    1.979581356048584
                ],
                [
                    0.49837827682495117,
                    -0.14788830280303955,
                    -0.8542529940605164,
                    -3.443603992462158
                ],
                [
                    0.0,
                    0.985343337059021,
                    -0.17058268189430237,
                    -0.6876407861709595
                ],
                [
                    0.0,
                    0.0,
                    0.0,
                    1.0
                ]
            ]
        },
        {
            "file_path": "/data/shapenet_blender/all_50_random/02958343/a16ff37768fe676473d32960f279a9cb/r_6",
            "rotation": 0.12566370614359174,
            "transform_matrix": [
                [
                    0.37859097123146057,
                    -0.6564571857452393,
                    -0.6524819135665894,
                    -2.6302390098571777
                ],
                [
                    -0.9255639910697937,
                    -0.26851603388786316,
                    -0.2668899893760681,
                    -1.0758681297302246
                ],
                [
                    0.0,
                    0.7049561142921448,
                    -0.7092508673667908,
                    -2.859081983566284
                ],
                [
                    0.0,
                    0.0,
                    0.0,
                    1.0
                ]
            ]
        },
        {
            "file_path": "/data/shapenet_blender/all_50_random/02958343/a16ff37768fe676473d32960f279a9cb/r_7",
            "rotation": 0.12566370614359174,
            "transform_matrix": [
                [
                    0.8712145686149597,
                    -0.013325869105756283,
                    0.49072152376174927,
                    1.9781616926193237
                ],
                [
                    0.49090245366096497,
                    0.02364969067275524,
                    -0.8708934783935547,
                    -3.510684013366699
                ],
                [
                    9.313225746154785e-10,
                    0.9996314644813538,
                    0.02714565582573414,
                    0.10942763835191727
                ],
                [
                    0.0,
                    0.0,
                    0.0,
                    1.0
                ]
            ]
        },
        {
            "file_path": "/data/shapenet_blender/all_50_random/02958343/a16ff37768fe676473d32960f279a9cb/r_8",
            "rotation": 0.12566370614359174,
            "transform_matrix": [
                [
                    -0.32803454995155334,
                    -0.798072099685669,
                    0.5054444670677185,
                    2.0375120639801025
                ],
                [
                    0.9446657299995422,
                    -0.27713000774383545,
                    0.17551524937152863,
                    0.7075246572494507
                ],
                [
                    1.4901162970204496e-08,
                    0.535051167011261,
                    0.8448195457458496,
                    3.405576705932617
                ],
                [
                    0.0,
                    0.0,
                    0.0,
                    1.0
                ]
            ]
        },
        {
            "file_path": "/data/shapenet_blender/all_50_random/02958343/a16ff37768fe676473d32960f279a9cb/r_9",
            "rotation": 0.12566370614359174,
            "transform_matrix": [
                [
                    0.9968865513801575,
                    0.016613349318504333,
                    -0.0770791694521904,
                    -0.31071606278419495
                ],
                [
                    -0.07884923368692398,
                    0.21004167199134827,
                    -0.9745076894760132,
                    -3.928366184234619
                ],
                [
                    1.862645149230957e-09,
                    0.9775511622428894,
                    0.21069768071174622,
                    0.8493494987487793
                ],
                [
                    0.0,
                    0.0,
                    0.0,
                    1.0
                ]
            ]
        },
        {
            "file_path": "/data/shapenet_blender/all_50_random/02958343/a16ff37768fe676473d32960f279a9cb/r_10",
            "rotation": 0.12566370614359174,
            "transform_matrix": [
                [
                    0.6009711027145386,
                    0.7392255067825317,
                    -0.3039398491382599,
                    -1.2252206802368164
                ],
                [
                    -0.7992708683013916,
                    0.555823028087616,
                    -0.2285321205854416,
                    -0.9212424159049988
                ],
                [
                    0.0,
                    0.38027137517929077,
                    0.9248749017715454,
                    3.72829008102417
                ],
                [
                    0.0,
                    0.0,
                    0.0,
                    1.0
                ]
            ]
        },
        {
            "file_path": "/data/shapenet_blender/all_50_random/02958343/a16ff37768fe676473d32960f279a9cb/r_11",
            "rotation": 0.12566370614359174,
            "transform_matrix": [
                [
                    -0.9663355350494385,
                    -0.20764082670211792,
                    0.1519239842891693,
                    0.6124251484870911
                ],
                [
                    0.25728505849838257,
                    -0.7798770666122437,
                    0.5706104636192322,
                    2.300204277038574
                ],
                [
                    0.0,
                    0.590488851070404,
                    0.8070457577705383,
                    3.253305435180664
                ],
                [
                    0.0,
                    0.0,
                    0.0,
                    1.0
                ]
            ]
        },
        {
            "file_path": "/data/shapenet_blender/all_50_random/02958343/a16ff37768fe676473d32960f279a9cb/r_12",
            "rotation": 0.12566370614359174,
            "transform_matrix": [
                [
                    0.4323415756225586,
                    0.6533089876174927,
                    -0.6215047240257263,
                    -2.5053656101226807
                ],
                [
                    -0.9017099142074585,
                    0.3132411241531372,
                    -0.2979919910430908,
                    -1.2012441158294678
                ],
                [
                    -1.4901159417490817e-08,
                    0.6892513632774353,
                    0.7245223522186279,
                    2.920642852783203
                ],
                [
                    0.0,
                    0.0,
                    0.0,
                    1.0
                ]
            ]
        },
        {
            "file_path": "/data/shapenet_blender/all_50_random/02958343/a16ff37768fe676473d32960f279a9cb/r_13",
            "rotation": 0.12566370614359174,
            "transform_matrix": [
                [
                    -0.3704211115837097,
                    -0.8500103950500488,
                    0.3745266795158386,
                    1.5097651481628418
                ],
                [
                    0.9288639426231384,
                    -0.3389751613140106,
                    0.14935727417469025,
                    0.602078378200531
                ],
                [
                    1.4901161193847656e-08,
                    0.40320947766304016,
                    0.9151078462600708,
                    3.6889171600341797
                ],
                [
                    0.0,
                    0.0,
                    0.0,
                    1.0
                ]
            ]
        },
        {
            "file_path": "/data/shapenet_blender/all_50_random/02958343/a16ff37768fe676473d32960f279a9cb/r_14",
            "rotation": 0.12566370614359174,
            "transform_matrix": [
                [
                    0.906327486038208,
                    -0.16617046296596527,
                    -0.38853299617767334,
                    -1.566226601600647
                ],
                [
                    -0.42257606983184814,
                    -0.35639703273773193,
                    -0.83331298828125,
                    -3.359192132949829
                ],
                [
                    0.0,
                    0.9194391369819641,
                    -0.3932320773601532,
                    -1.5851691961288452
                ],
                [
                    0.0,
                    0.0,
                    0.0,
                    1.0
                ]
            ]
        },
        {
            "file_path": "/data/shapenet_blender/all_50_random/02958343/a16ff37768fe676473d32960f279a9cb/r_15",
            "rotation": 0.12566370614359174,
            "transform_matrix": [
                [
                    0.7303329706192017,
                    -0.03061804734170437,
                    0.6824046969413757,
                    2.750861406326294
                ],
                [
                    0.6830912828445435,
                    0.03273555263876915,
                    -0.7295989394187927,
                    -2.9411075115203857
                ],
                [
                    0.0,
                    0.9989948868751526,
                    0.044822774827480316,
                    0.18068638443946838
                ],
                [
                    0.0,
                    0.0,
                    0.0,
                    1.0
                ]
            ]
        },
        {
            "file_path": "/data/shapenet_blender/all_50_random/02958343/a16ff37768fe676473d32960f279a9cb/r_16",
            "rotation": 0.12566370614359174,
            "transform_matrix": [
                [
                    0.992999255657196,
                    0.10330840200185776,
                    0.0572701096534729,
                    0.23086321353912354
                ],
                [
                    0.11812067031860352,
                    -0.8684776425361633,
                    -0.48144984245300293,
                    -1.9407864809036255
                ],
                [
                    -3.725290298461914e-09,
                    0.4848441481590271,
                    -0.8746004700660706,
                    -3.525627613067627
                ],
                [
                    0.0,
                    0.0,
                    0.0,
                    1.0
                ]
            ]
        },
        {
            "file_path": "/data/shapenet_blender/all_50_random/02958343/a16ff37768fe676473d32960f279a9cb/r_17",
            "rotation": 0.12566370614359174,
            "transform_matrix": [
                [
                    -0.3923932909965515,
                    0.8301154971122742,
                    0.3961513638496399,
                    1.5969371795654297
                ],
                [
                    0.9197975397109985,
                    0.3541341722011566,
                    0.16900146007537842,
                    0.6812666654586792
                ],
                [
                    0.0,
                    0.4306941032409668,
                    -0.9024979472160339,
                    -3.6380856037139893
                ],
                [
                    0.0,
                    0.0,
                    0.0,
                    1.0
                ]
            ]
        },
        {
            "file_path": "/data/shapenet_blender/all_50_random/02958343/a16ff37768fe676473d32960f279a9cb/r_18",
            "rotation": 0.12566370614359174,
            "transform_matrix": [
                [
                    -0.935071587562561,
                    0.2425796091556549,
                    -0.2584497630596161,
                    -1.041844367980957
                ],
                [
                    -0.3544589579105377,
                    -0.6399310827255249,
                    0.6817969679832458,
                    2.7484114170074463
                ],
                [
                    1.4901159417490817e-08,
                    0.7291388511657715,
                    0.6843658685684204,
                    2.7587671279907227
                ],
                [
                    0.0,
                    0.0,
                    0.0,
                    1.0
                ]
            ]
        },
        {
            "file_path": "/data/shapenet_blender/all_50_random/02958343/a16ff37768fe676473d32960f279a9cb/r_19",
            "rotation": 0.12566370614359174,
            "transform_matrix": [
                [
                    -0.8730766177177429,
                    -0.4820750951766968,
                    -0.0730804055929184,
                    -0.29459652304649353
                ],
                [
                    -0.4875829517841339,
                    0.8632140755653381,
                    0.1308593451976776,
                    0.5275108814239502
                ],
                [
                    0.0,
                    0.14988310635089874,
                    -0.988703727722168,
                    -3.9855921268463135
                ],
                [
                    0.0,
                    0.0,
                    0.0,
                    1.0
                ]
            ]
        },
        {
            "file_path": "/data/shapenet_blender/all_50_random/02958343/a16ff37768fe676473d32960f279a9cb/r_20",
            "rotation": 0.12566370614359174,
            "transform_matrix": [
                [
                    -0.41013672947883606,
                    -0.29848361015319824,
                    0.8617976903915405,
                    3.474017858505249
                ],
                [
                    0.9120239615440369,
                    -0.1342279314994812,
                    0.3875499963760376,
                    1.562264084815979
                ],
                [
                    -7.450580152834618e-09,
                    0.944928765296936,
                    0.32727599143981934,
                    1.3192918300628662
                ],
                [
                    0.0,
                    0.0,
                    0.0,
                    1.0
                ]
            ]
        },
        {
            "file_path": "/data/shapenet_blender/all_50_random/02958343/a16ff37768fe676473d32960f279a9cb/r_21",
            "rotation": 0.12566370614359174,
            "transform_matrix": [
                [
                    -0.5374011397361755,
                    0.5658274292945862,
                    0.6253312230110168,
                    2.5207910537719727
                ],
                [
                    0.8433268070220947,
                    0.3605675995349884,
                    0.3984857499599457,
                    1.6063475608825684
                ],
                [
                    -1.4901162970204496e-08,
                    0.7415052652359009,
                    -0.6709468960762024,
                    -2.7046737670898438
                ],
                [
                    0.0,
                    0.0,
                    0.0,
                    1.0
                ]
            ]
        },
        {
            "file_path": "/data/shapenet_blender/all_50_random/02958343/a16ff37768fe676473d32960f279a9cb/r_22",
            "rotation": 0.12566370614359174,
            "transform_matrix": [
                [
                    0.9994872808456421,
                    0.008923996239900589,
                    0.030749114230275154,
                    0.12395364046096802
                ],
                [
                    0.032017894089221954,
                    -0.278576135635376,
                    -0.9598802924156189,
                    -3.869400978088379
                ],
                [
                    9.313225191043273e-10,
                    0.9603726267814636,
                    -0.278719037771225,
                    -1.1235523223876953
                ],
                [
                    0.0,
                    0.0,
                    0.0,
                    1.0
                ]
            ]
        },
        {
            "file_path": "/data/shapenet_blender/all_50_random/02958343/a16ff37768fe676473d32960f279a9cb/r_23",
            "rotation": 0.12566370614359174,
            "transform_matrix": [
                [
                    0.9972700476646423,
                    -0.03716657683253288,
                    -0.06380581855773926,
                    -0.25720950961112976
                ],
                [
                    -0.07384130358695984,
                    -0.5019564032554626,
                    -0.8617349863052368,
                    -3.4737651348114014
                ],
                [
                    -3.725290298461914e-09,
                    0.8640940189361572,
                    -0.5033303499221802,
                    -2.028989791870117
                ],
                [
                    0.0,
                    0.0,
                    0.0,
                    1.0
                ]
            ]
        },
        {
            "file_path": "/data/shapenet_blender/all_50_random/02958343/a16ff37768fe676473d32960f279a9cb/r_24",
            "rotation": 0.12566370614359174,
            "transform_matrix": [
                [
                    0.8971561789512634,
                    -0.0763060450553894,
                    -0.4350726902484894,
                    -1.7538342475891113
                ],
                [
                    -0.4417136013507843,
                    -0.1549837738275528,
                    -0.8836679458618164,
                    -3.5621795654296875
                ],
                [
                    -7.450580596923828e-09,
                    0.9849657416343689,
                    -0.17275002598762512,
                    -0.696377694606781
                ],
                [
                    0.0,
                    0.0,
                    0.0,
                    1.0
                ]
            ]
        },
        {
            "file_path": "/data/shapenet_blender/all_50_random/02958343/a16ff37768fe676473d32960f279a9cb/r_25",
            "rotation": 0.12566370614359174,
            "transform_matrix": [
                [
                    0.5173847675323486,
                    0.2008981555700302,
                    0.8318370580673218,
                    3.3532423973083496
                ],
                [
                    0.8557529449462891,
                    -0.12146221846342087,
                    -0.5029253363609314,
                    -2.0273568630218506
                ],
                [
                    0.0,
                    0.972052812576294,
                    -0.23476190865039825,
                    -0.9463555216789246
                ],
                [
                    0.0,
                    0.0,
                    0.0,
                    1.0
                ]
            ]
        },
        {
            "file_path": "/data/shapenet_blender/all_50_random/02958343/a16ff37768fe676473d32960f279a9cb/r_26",
            "rotation": 0.12566370614359174,
            "transform_matrix": [
                [
                    -0.0354873351752758,
                    -0.6933555603027344,
                    0.7197211980819702,
                    2.901289224624634
                ],
                [
                    0.9993700981140137,
                    -0.024620849639177322,
                    0.025557085871696472,
                    0.10302391648292542
                ],
                [
                    0.0,
                    0.7201748490333557,
                    0.6937925219535828,
                    2.796767234802246
                ],
                [
                    0.0,
                    0.0,
                    0.0,
                    1.0
                ]
            ]
        },
        {
            "file_path": "/data/shapenet_blender/all_50_random/02958343/a16ff37768fe676473d32960f279a9cb/r_27",
            "rotation": 0.12566370614359174,
            "transform_matrix": [
                [
                    -0.7434418797492981,
                    -0.6553764343261719,
                    0.13332624733448029,
                    0.5374553799629211
                ],
                [
                    0.6688005328178406,
                    -0.7285195589065552,
                    0.14820609986782074,
                    0.5974379777908325
                ],
                [
                    -7.450580596923828e-09,
                    0.19935117661952972,
                    0.9799280166625977,
                    3.95021653175354
                ],
                [
                    0.0,
                    0.0,
                    0.0,
                    1.0
                ]
            ]
        },
        {
            "file_path": "/data/shapenet_blender/all_50_random/02958343/a16ff37768fe676473d32960f279a9cb/r_28",
            "rotation": 0.12566370614359174,
            "transform_matrix": [
                [
                    0.9935094118118286,
                    0.023571353405714035,
                    0.1112813949584961,
                    0.44858965277671814
                ],
                [
                    0.11375042051076889,
                    -0.20587493479251862,
                    -0.9719446301460266,
                    -3.918034076690674
                ],
                [
                    -1.862645371275562e-09,
                    0.978294312953949,
                    -0.2072199285030365,
                    -0.8353302478790283
                ],
                [
                    0.0,
                    0.0,
                    0.0,
                    1.0
                ]
            ]
        },
        {
            "file_path": "/data/shapenet_blender/all_50_random/02958343/a16ff37768fe676473d32960f279a9cb/r_29",
            "rotation": 0.12566370614359174,
            "transform_matrix": [
                [
                    0.6001368761062622,
                    0.5577680468559265,
                    -0.573350191116333,
                    -2.311248540878296
                ],
                [
                    -0.799897313117981,
                    0.4184752404689789,
                    -0.43016600608825684,
                    -1.734054684638977
                ],
                [
                    0.0,
                    0.7167796492576599,
                    0.697299599647522,
                    2.8109045028686523
                ],
                [
                    0.0,
                    0.0,
                    0.0,
                    1.0
                ]
            ]
        },
        {
            "file_path": "/data/shapenet_blender/all_50_random/02958343/a16ff37768fe676473d32960f279a9cb/r_30",
            "rotation": 0.12566370614359174,
            "transform_matrix": [
                [
                    0.7819378972053528,
                    -3.6390640161698684e-05,
                    -0.6233564019203186,
                    -2.5128300189971924
                ],
                [
                    -0.6233564615249634,
                    -4.564839036902413e-05,
                    -0.7819377779960632,
                    -3.1520919799804688
                ],
                [
                    0.0,
                    1.0,
                    -5.8378536778036505e-05,
                    -0.0002353314048377797
                ],
                [
                    0.0,
                    0.0,
                    0.0,
                    1.0
                ]
            ]
        },
        {
            "file_path": "/data/shapenet_blender/all_50_random/02958343/a16ff37768fe676473d32960f279a9cb/r_31",
            "rotation": 0.12566370614359174,
            "transform_matrix": [
                [
                    0.6803026795387268,
                    0.42364469170570374,
                    -0.5980914831161499,
                    -2.4109840393066406
                ],
                [
                    -0.7329313158988953,
                    0.3932245969772339,
                    -0.5551450848579407,
                    -2.2378616333007812
                ],
                [
                    1.4901161193847656e-08,
                    0.8160267472267151,
                    0.5780141353607178,
                    2.330049753189087
                ],
                [
                    0.0,
                    0.0,
                    0.0,
                    1.0
                ]
            ]
        },
        {
            "file_path": "/data/shapenet_blender/all_50_random/02958343/a16ff37768fe676473d32960f279a9cb/r_32",
            "rotation": 0.12566370614359174,
            "transform_matrix": [
                [
                    -0.8577851057052612,
                    0.1805030107498169,
                    0.48127278685569763,
                    1.9400726556777954
                ],
                [
                    0.5140085816383362,
                    0.30122607946395874,
                    0.8031550645828247,
                    3.237621545791626
                ],
                [
                    0.0,
                    0.9363126754760742,
                    -0.35116732120513916,
                    -1.4156007766723633
                ],
                [
                    0.0,
                    0.0,
                    0.0,
                    1.0
                ]
            ]
        },
        {
            "file_path": "/data/shapenet_blender/all_50_random/02958343/a16ff37768fe676473d32960f279a9cb/r_33",
            "rotation": 0.12566370614359174,
            "transform_matrix": [
                [
                    -0.4590528607368469,
                    0.30567601323127747,
                    0.8341658711433411,
                    3.3626298904418945
                ],
                [
                    0.8884089589118958,
                    0.1579468995332718,
                    0.4310247302055359,
                    1.7375160455703735
                ],
                [
                    1.4901160305669237e-08,
                    0.9389434456825256,
                    -0.34407132863998413,
                    -1.3869956731796265
                ],
                [
                    0.0,
                    0.0,
                    0.0,
                    1.0
                ]
            ]
        },
        {
            "file_path": "/data/shapenet_blender/all_50_random/02958343/a16ff37768fe676473d32960f279a9cb/r_34",
            "rotation": 0.12566370614359174,
            "transform_matrix": [
                [
                    0.5608981251716614,
                    -0.1625027358531952,
                    0.8117796182632446,
                    3.272388219833374
                ],
                [
                    0.8278847932815552,
                    0.11009681969881058,
                    -0.549986720085144,
                    -2.2170674800872803
                ],
                [
                    -7.450580152834618e-09,
                    0.9805465340614319,
                    0.1962866634130478,
                    0.791256844997406
                ],
                [
                    0.0,
                    0.0,
                    0.0,
                    1.0
                ]
            ]
        },
        {
            "file_path": "/data/shapenet_blender/all_50_random/02958343/a16ff37768fe676473d32960f279a9cb/r_35",
            "rotation": 0.12566370614359174,
            "transform_matrix": [
                [
                    0.21408897638320923,
                    -0.3163365423679352,
                    -0.9241736531257629,
                    -3.725463390350342
                ],
                [
                    -0.9768142104148865,
                    -0.06933166831731796,
                    -0.2025517076253891,
                    -0.8165121078491211
                ],
                [
                    7.450580596923828e-09,
                    0.9461100697517395,
                    -0.32384511828422546,
                    -1.3054615259170532
                ],
                [
                    0.0,
                    0.0,
                    0.0,
                    1.0
                ]
            ]
        },
        {
            "file_path": "/data/shapenet_blender/all_50_random/02958343/a16ff37768fe676473d32960f279a9cb/r_36",
            "rotation": 0.12566370614359174,
            "transform_matrix": [
                [
                    0.6747130751609802,
                    0.2686777710914612,
                    0.6874405145645142,
                    2.7711613178253174
                ],
                [
                    0.7380801439285278,
                    -0.24561074376106262,
                    -0.6284210681915283,
                    -2.5332462787628174
                ],
                [
                    0.0,
                    0.9313900470733643,
                    -0.36402255296707153,
                    -1.4674218893051147
                ],
                [
                    0.0,
                    0.0,
                    0.0,
                    1.0
                ]
            ]
        },
        {
            "file_path": "/data/shapenet_blender/all_50_random/02958343/a16ff37768fe676473d32960f279a9cb/r_37",
            "rotation": 0.12566370614359174,
            "transform_matrix": [
                [
                    0.99458909034729,
                    -0.0001852903515100479,
                    0.10388745367527008,
                    0.4187837243080139
                ],
                [
                    0.10388762503862381,
                    0.001773914322257042,
                    -0.9945874214172363,
                    -4.009310245513916
                ],
                [
                    1.4551915228366852e-11,
                    0.9999984502792358,
                    0.0017835651524364948,
                    0.007189780939370394
                ],
                [
                    0.0,
                    0.0,
                    0.0,
                    1.0
                ]
            ]
        },
        {
            "file_path": "/data/shapenet_blender/all_50_random/02958343/a16ff37768fe676473d32960f279a9cb/r_38",
            "rotation": 0.12566370614359174,
            "transform_matrix": [
                [
                    0.9790998101234436,
                    -0.10208205878734589,
                    0.1759062111377716,
                    0.709100604057312
                ],
                [
                    0.2033807933330536,
                    0.49143537878990173,
                    -0.8468338251113892,
                    -3.4136962890625
                ],
                [
                    7.450581485102248e-09,
                    0.8649106025695801,
                    0.5019257664680481,
                    2.023327589035034
                ],
                [
                    0.0,
                    0.0,
                    0.0,
                    1.0
                ]
            ]
        },
        {
            "file_path": "/data/shapenet_blender/all_50_random/02958343/a16ff37768fe676473d32960f279a9cb/r_39",
            "rotation": 0.12566370614359174,
            "transform_matrix": [
                [
                    0.9854013919830322,
                    -0.0013063338119536638,
                    0.17024262249469757,
                    0.6862699389457703
                ],
                [
                    0.1702476590871811,
                    0.007561121601611376,
                    -0.9853723049163818,
                    -3.9721627235412598
                ],
                [
                    0.0,
                    0.999970555305481,
                    0.007673139218240976,
                    0.030931413173675537
                ],
                [
                    0.0,
                    0.0,
                    0.0,
                    1.0
                ]
            ]
        },
        {
            "file_path": "/data/shapenet_blender/all_50_random/02958343/a16ff37768fe676473d32960f279a9cb/r_40",
            "rotation": 0.12566370614359174,
            "transform_matrix": [
                [
                    0.8494481444358826,
                    0.42640364170074463,
                    0.31083399057388306,
                    1.25301194190979
                ],
                [
                    0.5276721119880676,
                    -0.6864258050918579,
                    -0.5003814697265625,
                    -2.0171022415161133
                ],
                [
                    -1.4901162970204496e-08,
                    0.5890665054321289,
                    -0.8080844879150391,
                    -3.257492780685425
                ],
                [
                    0.0,
                    0.0,
                    0.0,
                    1.0
                ]
            ]
        },
        {
            "file_path": "/data/shapenet_blender/all_50_random/02958343/a16ff37768fe676473d32960f279a9cb/r_41",
            "rotation": 0.12566370614359174,
            "transform_matrix": [
                [
                    -0.8050314784049988,
                    -0.028065938502550125,
                    0.5925677418708801,
                    2.38871693611145
                ],
                [
                    0.5932320356369019,
                    -0.038086216896772385,
                    0.8041300773620605,
                    3.2415518760681152
                ],
