{
    "class": "02958343",
    "model": "3bfa196d1b48f1e0c5dccef20baf829a",
    "remove_doubles": true,
    "edge_split": true,
    "denoise": true,
    "camera_angle_x": 0.6911112070083618,
    "scale_factor": 2.3166138023777263,
    "hdri_file": "/data/IndoorHDRDataset2018/9C4A8854-c4d1835943.exr",
    "center_offset": [
        0.0,
        -2.3283064365386963e-10,
        0.0
    ],
    "lights": [],
    "frames": [
        {
            "file_path": "/data/shapenet_blender/all_50_random/02958343/3bfa196d1b48f1e0c5dccef20baf829a/r_0",
            "rotation": 0.12566370614359174,
            "transform_matrix": [
                [
                    -0.9501508474349976,
                    0.07478774338960648,
                    0.3026880621910095,
                    1.2201745510101318
                ],
                [
                    0.311790406703949,
                    0.22790835797786713,
                    0.9224123358726501,
                    3.718363046646118
                ],
                [
                    -7.450580152834618e-09,
                    0.9708061218261719,
                    -0.23986543715000153,
                    -0.9669284820556641
                ],
                [
                    0.0,
                    0.0,
                    0.0,
                    1.0
                ]
            ]
        },
        {
            "file_path": "/data/shapenet_blender/all_50_random/02958343/3bfa196d1b48f1e0c5dccef20baf829a/r_1",
            "rotation": 0.12566370614359174,
            "transform_matrix": [
                [
                    -0.8286923170089722,
                    -0.3994232714176178,
                    0.39208441972732544,
                    1.5805429220199585
                ],
                [
                    0.559704601764679,
                    -0.5913815498352051,
                    0.5805157423019409,
                    2.3401341438293457
                ],
                [
                    -1.4901162970204496e-08,
                    0.7005202770233154,
                    0.713632345199585,
                    2.876744270324707
                ],
                [
                    0.0,
                    0.0,
                    0.0,
                    1.0
                ]
            ]
        },
        {
            "file_path": "/data/shapenet_blender/all_50_random/02958343/3bfa196d1b48f1e0c5dccef20baf829a/r_2",
            "rotation": 0.12566370614359174,
            "transform_matrix": [
                [
                    -0.8907699584960938,
                    -0.0770856961607933,
                    0.4478691816329956,
                    1.8054183721542358
                ],
                [
                    0.4544546604156494,
                    -0.15109455585479736,
                    0.8778618574142456,
                    3.538774251937866
                ],
                [
                    0.0,
                    0.9855089783668518,
                    0.16962245106697083,
                    0.683769941329956
                ],
                [
                    0.0,
                    0.0,
                    0.0,
                    1.0
                ]
            ]
        },
        {
            "file_path": "/data/shapenet_blender/all_50_random/02958343/3bfa196d1b48f1e0c5dccef20baf829a/r_3",
            "rotation": 0.12566370614359174,
            "transform_matrix": [
                [
                    0.9979455471038818,
                    -0.025494370609521866,
                    -0.058776114135980606,
                    -0.236934095621109
                ],
                [
                    -0.06406710296869278,
                    -0.39711475372314453,
                    -0.9155300855636597,
                    -3.690619707107544
                ],
                [
                    1.8626450382086546e-09,
                    0.9174147844314575,
                    -0.3979322612285614,
                    -1.6041162014007568
                ],
                [
                    0.0,
                    0.0,
                    0.0,
                    1.0
                ]
            ]
        },
        {
            "file_path": "/data/shapenet_blender/all_50_random/02958343/3bfa196d1b48f1e0c5dccef20baf829a/r_4",
            "rotation": 0.12566370614359174,
            "transform_matrix": [
                [
                    0.5733214020729065,
                    0.3739183843135834,
                    -0.7290318608283997,
                    -2.93882155418396
                ],
                [
                    -0.8193303942680359,
                    0.2616470754146576,
                    -0.5101355314254761,
                    -2.056422233581543
                ],
                [
                    0.0,
                    0.8897897601127625,
                    0.45637065172195435,
                    1.839689016342163
                ],
                [
                    0.0,
                    0.0,
                    0.0,
                    1.0
                ]
            ]
        },
        {
            "file_path": "/data/shapenet_blender/all_50_random/02958343/3bfa196d1b48f1e0c5dccef20baf829a/r_5",
            "rotation": 0.12566370614359174,
            "transform_matrix": [
                [
                    -0.7988024950027466,
                    0.1846814602613449,
                    0.5725446939468384,
                    2.3080015182495117
                ],
                [
                    0.6015934944152832,
                    0.2452220767736435,
                    0.7602311372756958,
                    3.064589738845825
                ],
                [
                    0.0,
                    0.9517136216163635,
                    -0.30698713660240173,
                    -1.2375047206878662
                ],
                [
                    0.0,
                    0.0,
                    0.0,
                    1.0
                ]
            ]
        },
        {
            "file_path": "/data/shapenet_blender/all_50_random/02958343/3bfa196d1b48f1e0c5dccef20baf829a/r_6",
            "rotation": 0.12566370614359174,
            "transform_matrix": [
                [
                    0.9788241982460022,
                    0.018554754555225372,
                    0.2038600891828537,
                    0.8217862844467163
                ],
                [
                    0.2047027349472046,
                    -0.08872300386428833,
                    -0.974794864654541,
                    -3.9295237064361572
                ],
                [
                    0.0,
                    0.9958834052085876,
                    -0.09064244478940964,
                    -0.3653913736343384
                ],
                [
                    0.0,
                    0.0,
                    0.0,
                    1.0
                ]
            ]
        },
        {
            "file_path": "/data/shapenet_blender/all_50_random/02958343/3bfa196d1b48f1e0c5dccef20baf829a/r_7",
            "rotation": 0.12566370614359174,
            "transform_matrix": [
                [
                    0.7182494401931763,
                    -0.1707458794116974,
                    0.6745098829269409,
                    2.719036340713501
                ],
                [
                    0.6957857608795166,
                    0.17625845968723297,
                    -0.696286678314209,
                    -2.806821346282959
                ],
                [
                    1.4901161193847656e-08,
                    0.969421923160553,
                    0.24540004134178162,
                    0.9892391562461853
                ],
                [
                    0.0,
                    0.0,
                    0.0,
                    1.0
                ]
            ]
        },
        {
            "file_path": "/data/shapenet_blender/all_50_random/02958343/3bfa196d1b48f1e0c5dccef20baf829a/r_8",
            "rotation": 0.12566370614359174,
            "transform_matrix": [
                [
                    -0.6731683015823364,
                    -0.2719773054122925,
                    -0.6876575350761414,
                    -2.772036075592041
                ],
                [
                    -0.7394893765449524,
                    0.24758502840995789,
                    0.6259849667549133,
                    2.523426055908203
                ],
                [
                    0.0,
                    0.9299085736274719,
                    -0.36779072880744934,
                    -1.482611894607544
                ],
                [
                    0.0,
                    0.0,
                    0.0,
                    1.0
                ]
            ]
        },
        {
            "file_path": "/data/shapenet_blender/all_50_random/02958343/3bfa196d1b48f1e0c5dccef20baf829a/r_9",
            "rotation": 0.12566370614359174,
            "transform_matrix": [
                [
                    0.7072755098342896,
                    -0.3231509029865265,
                    0.6287564635276794,
                    2.5345985889434814
                ],
                [
                    0.7069379091262817,
                    0.32330521941185,
                    -0.6290566921234131,
                    -2.535808801651001
                ],
                [
                    -1.4901160305669237e-08,
                    0.8894083499908447,
                    0.45711350440979004,
                    1.8426835536956787
                ],
                [
                    0.0,
                    0.0,
                    0.0,
                    1.0
                ]
            ]
        },
        {
            "file_path": "/data/shapenet_blender/all_50_random/02958343/3bfa196d1b48f1e0c5dccef20baf829a/r_10",
            "rotation": 0.12566370614359174,
            "transform_matrix": [
                [
                    -0.6912024021148682,
                    -0.17585591971874237,
                    -0.7009379267692566,
                    -2.825571060180664
                ],
                [
                    -0.7226612567901611,
                    0.16820058226585388,
                    0.67042475938797,
                    2.702568531036377
                ],
                [
                    0.0,
                    0.9699398279190063,
                    -0.24334488809108734,
                    -0.980954647064209
                ],
                [
                    0.0,
                    0.0,
                    0.0,
                    1.0
                ]
            ]
        },
        {
            "file_path": "/data/shapenet_blender/all_50_random/02958343/3bfa196d1b48f1e0c5dccef20baf829a/r_11",
            "rotation": 0.12566370614359174,
            "transform_matrix": [
                [
                    -0.9235837459564209,
                    0.07839922606945038,
                    -0.3752952218055725,
                    -1.5128635168075562
                ],
                [
                    -0.38339656591415405,
                    -0.18885992467403412,
                    0.9040679335594177,
                    3.6444146633148193
                ],
                [
                    0.0,
                    0.9788694977760315,
                    0.2044859379529953,
                    0.824309229850769
                ],
                [
                    0.0,
                    0.0,
                    0.0,
                    1.0
                ]
            ]
        },
        {
            "file_path": "/data/shapenet_blender/all_50_random/02958343/3bfa196d1b48f1e0c5dccef20baf829a/r_12",
            "rotation": 0.12566370614359174,
            "transform_matrix": [
                [
                    0.8337859511375427,
                    0.004603378474712372,
                    -0.5520687103271484,
                    -2.2254600524902344
                ],
                [
                    -0.5520879626274109,
                    0.006952211726456881,
                    -0.8337569236755371,
                    -3.3609814643859863
                ],
                [
                    2.3283061589829401e-10,
                    0.9999653100967407,
                    0.008338124491274357,
                    0.03361205384135246
                ],
                [
                    0.0,
                    0.0,
                    0.0,
                    1.0
                ]
            ]
        },
        {
            "file_path": "/data/shapenet_blender/all_50_random/02958343/3bfa196d1b48f1e0c5dccef20baf829a/r_13",
            "rotation": 0.12566370614359174,
            "transform_matrix": [
                [
                    -0.8800498247146606,
                    -0.41264399886131287,
                    0.23502616584300995,
                    0.9474206566810608
                ],
                [
                    0.47488144040107727,
                    -0.7647114396095276,
                    0.4355502426624298,
                    1.7557590007781982
                ],
                [
                    1.4901162970204496e-08,
                    0.49491530656814575,
                    0.8689412474632263,
                    3.5028138160705566
                ],
                [
                    0.0,
                    0.0,
                    0.0,
                    1.0
                ]
            ]
        },
        {
            "file_path": "/data/shapenet_blender/all_50_random/02958343/3bfa196d1b48f1e0c5dccef20baf829a/r_14",
            "rotation": 0.12566370614359174,
            "transform_matrix": [
                [
                    -0.39495593309402466,
                    0.5183690190315247,
                    0.7584875226020813,
                    3.057560920715332
                ],
                [
                    0.9187001585960388,
                    0.22285063564777374,
                    0.3260793089866638,
                    1.3144677877426147
                ],
                [
                    -1.4901162970204496e-08,
                    0.8256094455718994,
                    -0.564241886138916,
                    -2.274531841278076
                ],
                [
                    0.0,
                    0.0,
                    0.0,
                    1.0
                ]
            ]
        },
        {
            "file_path": "/data/shapenet_blender/all_50_random/02958343/3bfa196d1b48f1e0c5dccef20baf829a/r_15",
            "rotation": 0.12566370614359174,
            "transform_matrix": [
                [
                    0.21290798485279083,
                    0.500962495803833,
                    0.8388722538948059,
                    3.3816025257110596
                ],
                [
                    0.9770722985267639,
                    -0.10916174203157425,
                    -0.18279364705085754,
                    -0.7368648052215576
                ],
                [
                    -7.450580596923828e-09,
                    0.8585571050643921,
                    -0.5127178430557251,
                    -2.0668320655822754
                ],
                [
                    0.0,
                    0.0,
                    0.0,
                    1.0
                ]
            ]
        },
        {
            "file_path": "/data/shapenet_blender/all_50_random/02958343/3bfa196d1b48f1e0c5dccef20baf829a/r_16",
            "rotation": 0.12566370614359174,
            "transform_matrix": [
                [
                    0.6687397956848145,
                    -0.6779099106788635,
                    -0.3053279519081116,
                    -1.23081636428833
                ],
                [
                    -0.7434964179992676,
                    -0.6097478270530701,
                    -0.27462801337242126,
                    -1.1070609092712402
                ],
                [
                    0.0,
                    0.41066500544548035,
                    -0.9117862582206726,
                    -3.675528049468994
                ],
                [
                    0.0,
                    0.0,
                    0.0,
                    1.0
                ]
            ]
        },
        {
            "file_path": "/data/shapenet_blender/all_50_random/02958343/3bfa196d1b48f1e0c5dccef20baf829a/r_17",
            "rotation": 0.12566370614359174,
            "transform_matrix": [
                [
                    0.9942586421966553,
                    0.04512743279337883,
                    -0.09702242165803909,
                    -0.3911098837852478
                ],
                [
                    -0.10700391232967377,
                    0.419314980506897,
                    -0.9015126824378967,
                    -3.6341137886047363
                ],
                [
                    3.725290298461914e-09,
                    0.9067185521125793,
                    0.42173632979393005,
                    1.700073480606079
                ],
                [
                    0.0,
                    0.0,
                    0.0,
                    1.0
                ]
            ]
        },
        {
            "file_path": "/data/shapenet_blender/all_50_random/02958343/3bfa196d1b48f1e0c5dccef20baf829a/r_18",
            "rotation": 0.12566370614359174,
            "transform_matrix": [
                [
                    -0.9955282211303711,
                    0.0864696055650711,
                    -0.03803521394729614,
                    -0.15332487225532532
                ],
                [
                    -0.09446518123149872,
                    -0.9112662672996521,
                    0.40083691477775574,
                    1.6158254146575928
                ],
                [
                    0.0,
                    0.40263739228248596,
                    0.9153594970703125,
                    3.689932346343994
                ],
                [
                    0.0,
                    0.0,
                    0.0,
                    1.0
                ]
            ]
        },
        {
            "file_path": "/data/shapenet_blender/all_50_random/02958343/3bfa196d1b48f1e0c5dccef20baf829a/r_19",
            "rotation": 0.12566370614359174,
            "transform_matrix": [
                [
                    -0.9937565326690674,
                    0.006898682098835707,
                    0.11135698109865189,
                    0.44889435172080994
                ],
                [
                    0.11157047748565674,
                    0.06144645810127258,
                    0.9918549656867981,
                    3.998295307159424
                ],
                [
                    0.0,
                    0.9980865120887756,
                    -0.06183250993490219,
                    -0.24925482273101807
                ],
                [
                    0.0,
                    0.0,
                    0.0,
                    1.0
                ]
            ]
        },
        {
            "file_path": "/data/shapenet_blender/all_50_random/02958343/3bfa196d1b48f1e0c5dccef20baf829a/r_20",
            "rotation": 0.12566370614359174,
            "transform_matrix": [
                [
                    -0.15532170236110687,
                    0.44541364908218384,
                    0.8817492723464966,
                    3.5544450283050537
                ],
                [
                    0.9878640174865723,
                    0.07003232091665268,
                    0.13863730430603027,
                    0.5588648319244385
                ],
                [
                    -3.725290742551124e-09,
                    0.8925817012786865,
                    -0.4508855938911438,
                    -1.8175779581069946
                ],
                [
                    0.0,
                    0.0,
                    0.0,
                    1.0
                ]
            ]
        },
        {
            "file_path": "/data/shapenet_blender/all_50_random/02958343/3bfa196d1b48f1e0c5dccef20baf829a/r_21",
            "rotation": 0.12566370614359174,
            "transform_matrix": [
                [
                    -0.5073140263557434,
                    0.13319243490695953,
                    -0.851405918598175,
                    -3.4321272373199463
                ],
                [
                    -0.8617611527442932,
                    -0.07840965688228607,
                    0.5012179613113403,
                    2.020474433898926
                ],
                [
                    0.0,
                    0.9879835844039917,
                    0.15455840528011322,
                    0.6230449080467224
                ],
                [
                    0.0,
                    0.0,
                    0.0,
                    1.0
                ]
            ]
        },
        {
            "file_path": "/data/shapenet_blender/all_50_random/02958343/3bfa196d1b48f1e0c5dccef20baf829a/r_22",
            "rotation": 0.12566370614359174,
            "transform_matrix": [
                [
                    0.44378602504730225,
                    0.7674298882484436,
                    0.46271517872810364,
                    1.8652645349502563
                ],
                [
                    0.8961328268051147,
                    -0.38004931807518005,
                    -0.22914743423461914,
                    -0.9237228631973267
                ],
                [
                    0.0,
                    0.51634681224823,
                    -0.8563795685768127,
                    -3.452176570892334
                ],
                [
                    0.0,
                    0.0,
                    0.0,
                    1.0
                ]
            ]
        },
        {
            "file_path": "/data/shapenet_blender/all_50_random/02958343/3bfa196d1b48f1e0c5dccef20baf829a/r_23",
            "rotation": 0.12566370614359174,
            "transform_matrix": [
                [
                    0.9784759283065796,
                    0.13851280510425568,
                    -0.15296736359596252,
                    -0.6166311502456665
                ],
                [
                    -0.20636087656021118,
                    0.6567690968513489,
                    -0.725306510925293,
                    -2.9238040447235107
                ],
                [
                    0.0,
                    0.74126136302948,
                    0.6712163686752319,
                    2.7057597637176514
                ],
                [
                    0.0,
                    0.0,
                    0.0,
                    1.0
                ]
            ]
        },
        {
            "file_path": "/data/shapenet_blender/all_50_random/02958343/3bfa196d1b48f1e0c5dccef20baf829a/r_24",
            "rotation": 0.12566370614359174,
            "transform_matrix": [
                [
                    0.9997548460960388,
                    -0.008914284408092499,
                    0.020268509164452553,
                    0.08170497417449951
                ],
                [
                    0.0221421979367733,
                    0.4024938642978668,
                    -0.9151548743247986,
                    -3.6891071796417236
                ],
                [
                    9.313225191043273e-10,
                    0.9153792262077332,
                    0.40259259939193726,
                    1.6229026317596436
                ],
                [
                    0.0,
                    0.0,
                    0.0,
                    1.0
                ]
            ]
        },
        {
            "file_path": "/data/shapenet_blender/all_50_random/02958343/3bfa196d1b48f1e0c5dccef20baf829a/r_25",
            "rotation": 0.12566370614359174,
            "transform_matrix": [
                [
                    0.9549769759178162,
                    0.02145460806787014,
                    0.29590293765068054,
                    1.192823052406311
                ],
                [
                    0.29667970538139343,
                    -0.06905984878540039,
                    -0.9524766206741333,
                    -3.8395562171936035
                ],
                [
                    0.0,
                    0.9973818063735962,
                    -0.07231570780277252,
                    -0.29151397943496704
                ],
                [
                    0.0,
                    0.0,
                    0.0,
                    1.0
                ]
            ]
        },
        {
            "file_path": "/data/shapenet_blender/all_50_random/02958343/3bfa196d1b48f1e0c5dccef20baf829a/r_26",
            "rotation": 0.12566370614359174,
            "transform_matrix": [
                [
                    0.9991292953491211,
                    -0.005943349562585354,
                    -0.04129594936966896,
                    -0.16646930575370789
                ],
                [
                    -0.041721444576978683,
                    -0.14232906699180603,
                    -0.9889395833015442,
                    -3.9865434169769287
                ],
                [
                    0.0,
                    0.9898015260696411,
                    -0.14245307445526123,
                    -0.5742467641830444
                ],
                [
                    0.0,
                    0.0,
                    0.0,
                    1.0
                ]
            ]
        },
        {
            "file_path": "/data/shapenet_blender/all_50_random/02958343/3bfa196d1b48f1e0c5dccef20baf829a/r_27",
            "rotation": 0.12566370614359174,
            "transform_matrix": [
                [
                    0.9105727672576904,
                    -0.3030812740325928,
                    -0.28106746077537537,
                    -1.133019208908081
                ],
                [
                    -0.4133487045764923,
                    -0.6676627993583679,
                    -0.619168221950531,
                    -2.4959468841552734
                ],
                [
                    0.0,
                    0.6799765229225159,
                    -0.7332338690757751,
                    -2.9557602405548096
                ],
                [
                    0.0,
                    0.0,
                    0.0,
                    1.0
                ]
            ]
        },
        {
            "file_path": "/data/shapenet_blender/all_50_random/02958343/3bfa196d1b48f1e0c5dccef20baf829a/r_28",
            "rotation": 0.12566370614359174,
            "transform_matrix": [
                [
                    -0.7508097887039185,
                    0.2957700192928314,
                    -0.5905969142913818,
                    -2.380772352218628
                ],
                [
                    -0.6605184674263,
                    -0.3362010717391968,
                    0.6713301539421082,
                    2.7062184810638428
                ],
                [
                    1.4901161193847656e-08,
                    0.894141435623169,
                    0.4477846026420593,
                    1.8050774335861206
                ],
                [
                    0.0,
                    0.0,
                    0.0,
                    1.0
                ]
            ]
        },
        {
            "file_path": "/data/shapenet_blender/all_50_random/02958343/3bfa196d1b48f1e0c5dccef20baf829a/r_29",
            "rotation": 0.12566370614359174,
            "transform_matrix": [
                [
                    0.9844426512718201,
                    -0.08035002648830414,
                    0.1562574803829193,
                    0.6298941373825073
                ],
                [
                    0.17570580542087555,
                    0.45018431544303894,
                    -0.8754777908325195,
                    -3.5291640758514404
                ],
                [
                    -7.450580152834618e-09,
                    0.8893131017684937,
                    0.4572986364364624,
                    1.8434299230575562
                ],
                [
                    0.0,
                    0.0,
                    0.0,
                    1.0
                ]
            ]
        },
        {
            "file_path": "/data/shapenet_blender/all_50_random/02958343/3bfa196d1b48f1e0c5dccef20baf829a/r_30",
            "rotation": 0.12566370614359174,
            "transform_matrix": [
                [
                    -0.8249515295028687,
                    -0.0639195442199707,
                    -0.5615774989128113,
                    -2.26379132270813
                ],
                [
                    -0.5652035474777222,
                    0.09329475462436676,
                    0.8196591138839722,
                    3.3041515350341797
                ],
                [
                    0.0,
                    0.9935845732688904,
                    -0.11309120804071426,
                    -0.45588523149490356
                ],
                [
                    0.0,
                    0.0,
                    0.0,
                    1.0
                ]
            ]
        },
        {
            "file_path": "/data/shapenet_blender/all_50_random/02958343/3bfa196d1b48f1e0c5dccef20baf829a/r_31",
            "rotation": 0.12566370614359174,
            "transform_matrix": [
                [
                    -0.7046123743057251,
                    -0.5167598128318787,
                    0.4862927496433258,
                    1.9603087902069092
                ],
                [
                    0.7095924019813538,
                    -0.5131331086158752,
                    0.4828798174858093,
                    1.9465508460998535
                ],
                [
                    2.9802322387695312e-08,
                    0.6853126287460327,
                    0.7282488942146301,
                    2.9356651306152344
                ],
                [
                    0.0,
                    0.0,
                    0.0,
                    1.0
                ]
            ]
        },
        {
            "file_path": "/data/shapenet_blender/all_50_random/02958343/3bfa196d1b48f1e0c5dccef20baf829a/r_32",
            "rotation": 0.12566370614359174,
            "transform_matrix": [
                [
                    -0.6982914805412292,
                    -0.14658787846565247,
                    0.7006433010101318,
                    2.824383497238159
                ],
                [
                    0.7158135771751404,
                    -0.14299960434436798,
                    0.6834925413131714,
                    2.755246639251709
                ],
                [
                    -7.450581485102248e-09,
                    0.9788069725036621,
                    0.20478498935699463,
                    0.8255146741867065
                ],
                [
                    0.0,
                    0.0,
                    0.0,
                    1.0
                ]
            ]
        },
        {
            "file_path": "/data/shapenet_blender/all_50_random/02958343/3bfa196d1b48f1e0c5dccef20baf829a/r_33",
            "rotation": 0.12566370614359174,
            "transform_matrix": [
                [
                    0.7484682202339172,
                    -0.6334510445594788,
                    -0.1963033676147461,
                    -0.791324257850647
                ],
                [
                    -0.663170576095581,
                    -0.7149260640144348,
                    -0.2215520739555359,
                    -0.8931050300598145
                ],
                [
                    0.0,
                    0.2960074245929718,
                    -0.95518559217453,
                    -3.8504765033721924
                ],
                [
                    0.0,
                    0.0,
                    0.0,
                    1.0
                ]
            ]
        },
        {
            "file_path": "/data/shapenet_blender/all_50_random/02958343/3bfa196d1b48f1e0c5dccef20baf829a/r_34",
            "rotation": 0.12566370614359174,
            "transform_matrix": [
                [
                    0.7276930809020996,
                    0.02041279338300228,
                    0.6855990290641785,
                    2.7637381553649902
                ],
                [
                    0.6859028935432434,
                    -0.021656490862369537,
                    -0.7273707389831543,
                    -2.9321253299713135
                ],
                [
                    0.0,
                    0.9995570182800293,
                    -0.029760470613837242,
                    -0.11996829509735107
                ],
                [
                    0.0,
                    0.0,
                    0.0,
                    1.0
                ]
            ]
        },
        {
            "file_path": "/data/shapenet_blender/all_50_random/02958343/3bfa196d1b48f1e0c5dccef20baf829a/r_35",
            "rotation": 0.12566370614359174,
            "transform_matrix": [
                [
                    0.9634665846824646,
                    -0.06731009483337402,
                    0.2592325806617737,
                    1.0450000762939453
                ],
                [
                    0.26782867312431335,
                    0.24213624000549316,
                    -0.9325436949729919,
                    -3.759204149246216
                ],
                [
                    0.0,
                    0.9679046273231506,
                    0.25131770968437195,
                    1.013094186782837
                ],
                [
                    0.0,
                    0.0,
                    0.0,
                    1.0
                ]
            ]
        },
        {
            "file_path": "/data/shapenet_blender/all_50_random/02958343/3bfa196d1b48f1e0c5dccef20baf829a/r_36",
            "rotation": 0.12566370614359174,
            "transform_matrix": [
                [
                    0.942208468914032,
                    0.08233188837766647,
                    -0.3247533142566681,
                    -1.3091224431991577
                ],
                [
                    -0.33502721786499023,
                    0.23154474794864655,
                    -0.9133147597312927,
                    -3.681689500808716
                ],
                [
                    -7.450580596923828e-09,
                    0.9693340063095093,
                    0.24574686586856842,
                    0.9906373023986816
                ],
                [
                    0.0,
                    0.0,
                    0.0,
                    1.0
                ]
            ]
        },
        {
            "file_path": "/data/shapenet_blender/all_50_random/02958343/3bfa196d1b48f1e0c5dccef20baf829a/r_37",
            "rotation": 0.12566370614359174,
            "transform_matrix": [
                [
                    -0.9979488849639893,
                    -0.04643958434462547,
                    0.044059500098228455,
                    0.17760953307151794
                ],
                [
                    0.06401463598012924,
                    -0.7239645719528198,
                    0.6868605017662048,
                    2.7688231468200684
                ],
                [
                    0.0,
                    0.6882721185684204,
                    0.7254525423049927,
                    2.9243927001953125
                ],
                [
                    0.0,
                    0.0,
                    0.0,
                    1.0
                ]
            ]
        },
        {
            "file_path": "/data/shapenet_blender/all_50_random/02958343/3bfa196d1b48f1e0c5dccef20baf829a/r_38",
            "rotation": 0.12566370614359174,
            "transform_matrix": [
                [
                    0.7750094532966614,
                    0.1751508116722107,
                    -0.60719233751297,
                    -2.4476702213287354
                ],
                [
                    -0.6319495439529419,
                    0.21480122208595276,
                    -0.744647741317749,
                    -3.0017707347869873
                ],
                [
                    0.0,
                    0.9608240127563477,
                    0.2771594822406769,
                    1.1172654628753662
                ],
                [
                    0.0,
                    0.0,
                    0.0,
                    1.0
                ]
            ]
        },
        {
            "file_path": "/data/shapenet_blender/all_50_random/02958343/3bfa196d1b48f1e0c5dccef20baf829a/r_39",
            "rotation": 0.12566370614359174,
            "transform_matrix": [
                [
                    -0.9531382322311401,
                    0.24186420440673828,
                    -0.181739941239357,
                    -0.7326171398162842
                ],
                [
                    -0.3025354743003845,
                    -0.7619932889938354,
                    0.5725718140602112,
                    2.3081107139587402
                ],
                [
                    1.4901162970204496e-08,
                    0.6007228493690491,
                    0.7994573712348938,
                    3.2227158546447754
                ],
                [
                    0.0,
                    0.0,
                    0.0,
                    1.0
                ]
            ]
        },
        {
            "file_path": "/data/shapenet_blender/all_50_random/02958343/3bfa196d1b48f1e0c5dccef20baf829a/r_40",
            "rotation": 0.12566370614359174,
            "transform_matrix": [
                [
                    0.061134591698646545,
                    0.10671470314264297,
                    0.9924084544181824,
                    4.000526428222656
                ],
                [
                    0.9981296062469482,
                    -0.006536184810101986,
                    -0.060784172266721725,
                    -0.24502883851528168
                ],
                [
                    0.0,
                    0.9942681193351746,
                    -0.1069146916270256,
                    -0.4309869110584259
                ],
                [
                    0.0,
                    0.0,
                    0.0,
                    1.0
                ]
            ]
        },
        {
            "file_path": "/data/shapenet_blender/all_50_random/02958343/3bfa196d1b48f1e0c5dccef20baf829a/r_41",
            "rotation": 0.12566370614359174,
            "transform_matrix": [
                [
                    0.9085691571235657,
                    -0.04050334170460701,
                    0.4157661199569702,
                    1.67600679397583
                ],
                [
                    0.4177343547344208,
                    0.08809448033571243,
                    -0.9042882919311523,
                    -3.6453027725219727
                ],
                [
                    -3.725290076417309e-09,
