{
    "class": "02958343",
    "model": "a1d85821a0666a4d8dc995728b1ad443",
    "remove_doubles": true,
    "edge_split": true,
    "denoise": true,
    "camera_angle_x": 0.6911112070083618,
    "scale_factor": 2.2833292436176276,
    "hdri_file": "/data/IndoorHDRDataset2018/9C4A6985-ab452edfac.exr",
    "center_offset": [
        0.0,
        0.0,
        3.725290298461914e-09
    ],
    "lights": [],
    "frames": [
        {
            "file_path": "/data/shapenet_blender/all_50_random/02958343/a1d85821a0666a4d8dc995728b1ad443/r_0",
            "rotation": 0.12566370614359174,
            "transform_matrix": [
                [
                    0.9065622687339783,
                    0.3057534694671631,
                    0.2909632921218872,
                    1.1729106903076172
                ],
                [
                    0.42207208275794983,
                    -0.6567232608795166,
                    -0.6249556541442871,
                    -2.5192770957946777
                ],
                [
                    0.0,
                    0.689368724822998,
                    -0.7244104743003845,
                    -2.920192241668701
                ],
                [
                    0.0,
                    0.0,
                    0.0,
                    1.0
                ]
            ]
        },
        {
            "file_path": "/data/shapenet_blender/all_50_random/02958343/a1d85821a0666a4d8dc995728b1ad443/r_1",
            "rotation": 0.12566370614359174,
            "transform_matrix": [
                [
                    -0.9385539293289185,
                    0.09255802631378174,
                    -0.3324897885322571,
                    -1.3403093814849854
                ],
                [
                    -0.3451325297355652,
                    -0.2517023980617523,
                    0.9041731953620911,
                    3.64483904838562
                ],
                [
                    0.0,
                    0.9633684158325195,
                    0.26818108558654785,
                    1.0810726881027222
                ],
                [
                    0.0,
                    0.0,
                    0.0,
                    1.0
                ]
            ]
        },
        {
            "file_path": "/data/shapenet_blender/all_50_random/02958343/a1d85821a0666a4d8dc995728b1ad443/r_2",
            "rotation": 0.12566370614359174,
            "transform_matrix": [
                [
                    -0.9398847818374634,
                    0.21638600528240204,
                    0.26418501138687134,
                    1.0649638175964355
                ],
                [
                    0.3414917588233948,
                    0.5955573320388794,
                    0.7271140813827515,
                    2.9310905933380127
                ],
                [
                    -1.4901161193847656e-08,
                    0.7736204862594604,
                    -0.6336492300033569,
                    -2.554321765899658
                ],
                [
                    0.0,
                    0.0,
                    0.0,
                    1.0
                ]
            ]
        },
        {
            "file_path": "/data/shapenet_blender/all_50_random/02958343/a1d85821a0666a4d8dc995728b1ad443/r_3",
            "rotation": 0.12566370614359174,
            "transform_matrix": [
                [
                    0.9750377535820007,
                    -0.003151703393086791,
                    0.22201715409755707,
                    0.8949797749519348
                ],
                [
                    0.22203955054283142,
                    0.013840011321008205,
                    -0.9749394059181213,
                    -3.9301064014434814
                ],
                [
                    -2.3283067140944524e-10,
                    0.9998992681503296,
                    0.014194334857165813,
                    0.05721919238567352
                ],
                [
                    0.0,
                    0.0,
                    0.0,
                    1.0
                ]
            ]
        },
        {
            "file_path": "/data/shapenet_blender/all_50_random/02958343/a1d85821a0666a4d8dc995728b1ad443/r_4",
            "rotation": 0.12566370614359174,
            "transform_matrix": [
                [
                    -0.6816697716712952,
                    0.5992422103881836,
                    -0.419803649187088,
                    -1.692282795906067
                ],
                [
                    -0.7316600680351257,
                    -0.5582993030548096,
                    0.3911207914352417,
                    1.5766584873199463
                ],
                [
                    0.0,
                    0.5737687945365906,
                    0.819017231464386,
                    3.3015642166137695
                ],
                [
                    0.0,
                    0.0,
                    0.0,
                    1.0
                ]
            ]
        },
        {
            "file_path": "/data/shapenet_blender/all_50_random/02958343/a1d85821a0666a4d8dc995728b1ad443/r_5",
            "rotation": 0.12566370614359174,
            "transform_matrix": [
                [
                    -0.8279626369476318,
                    -0.1368812620639801,
                    0.5438212156295776,
                    2.192213535308838
                ],
                [
                    0.5607833862304688,
                    -0.2020968645811081,
                    0.8029189705848694,
                    3.2366697788238525
                ],
                [
                    0.0,
                    0.9697526097297668,
                    0.24408940970897675,
                    0.9839558601379395
                ],
                [
                    0.0,
                    0.0,
                    0.0,
                    1.0
                ]
            ]
        },
        {
            "file_path": "/data/shapenet_blender/all_50_random/02958343/a1d85821a0666a4d8dc995728b1ad443/r_6",
            "rotation": 0.12566370614359174,
            "transform_matrix": [
                [
                    -0.9842851161956787,
                    0.027965322136878967,
                    -0.17435775697231293,
                    -0.7028586268424988
                ],
                [
                    -0.17658619582653046,
                    -0.1558777093887329,
                    0.971863865852356,
                    3.9177086353302
                ],
                [
                    -1.862645149230957e-09,
                    0.98738032579422,
                    0.15836641192436218,
                    0.6383954286575317
                ],
                [
                    0.0,
                    0.0,
                    0.0,
                    1.0
                ]
            ]
        },
        {
            "file_path": "/data/shapenet_blender/all_50_random/02958343/a1d85821a0666a4d8dc995728b1ad443/r_7",
            "rotation": 0.12566370614359174,
            "transform_matrix": [
                [
                    -0.9821104407310486,
                    0.058867841958999634,
                    -0.1788678914308548,
                    -0.7210395336151123
                ],
                [
                    -0.18830600380897522,
                    -0.30702534317970276,
                    0.9328859448432922,
                    3.7605836391448975
                ],
                [
                    3.725290742551124e-09,
                    0.9498788118362427,
                    0.3126179873943329,
                    1.2602033615112305
                ],
                [
                    0.0,
                    0.0,
                    0.0,
                    1.0
                ]
            ]
        },
        {
            "file_path": "/data/shapenet_blender/all_50_random/02958343/a1d85821a0666a4d8dc995728b1ad443/r_8",
            "rotation": 0.12566370614359174,
            "transform_matrix": [
                [
                    -0.533652663230896,
                    -0.5683572292327881,
                    -0.6262466907501221,
                    -2.5244810581207275
                ],
                [
                    -0.8457038402557373,
                    0.3586425185203552,
                    0.3951717019081116,
                    1.592988133430481
                ],
                [
                    0.0,
                    0.7405036091804504,
                    -0.6720523238182068,
                    -2.709129571914673
                ],
                [
                    0.0,
                    0.0,
                    0.0,
                    1.0
                ]
            ]
        },
        {
            "file_path": "/data/shapenet_blender/all_50_random/02958343/a1d85821a0666a4d8dc995728b1ad443/r_9",
            "rotation": 0.12566370614359174,
            "transform_matrix": [
                [
                    -0.4344458281993866,
                    -0.5466230511665344,
                    0.7158631086349487,
                    2.8857364654541016
                ],
                [
                    0.9006980061531067,
                    -0.2636600732803345,
                    0.3452919125556946,
                    1.391916275024414
                ],
                [
                    0.0,
                    0.7947871088981628,
                    0.6068882942199707,
                    2.4464449882507324
                ],
                [
                    0.0,
                    0.0,
                    0.0,
                    1.0
                ]
            ]
        },
        {
            "file_path": "/data/shapenet_blender/all_50_random/02958343/a1d85821a0666a4d8dc995728b1ad443/r_10",
            "rotation": 0.12566370614359174,
            "transform_matrix": [
                [
                    0.011884654872119427,
                    0.5559382438659668,
                    0.8311384916305542,
                    3.35042667388916
                ],
                [
                    0.9999294281005859,
                    -0.006607600953429937,
                    -0.009878491051495075,
                    -0.039821475744247437
                ],
                [
                    4.656613428188905e-10,
                    0.8311973214149475,
                    -0.555977463722229,
                    -2.2412171363830566
                ],
                [
                    0.0,
                    0.0,
                    0.0,
                    1.0
                ]
            ]
        },
        {
            "file_path": "/data/shapenet_blender/all_50_random/02958343/a1d85821a0666a4d8dc995728b1ad443/r_11",
            "rotation": 0.12566370614359174,
            "transform_matrix": [
                [
                    0.010826176032423973,
                    -0.2458493560552597,
                    -0.969247579574585,
                    -3.9071619510650635
                ],
                [
                    -0.9999414086341858,
                    -0.0026617643889039755,
                    -0.010493859648704529,
                    -0.042302101850509644
                ],
                [
                    0.0,
                    0.9693043828010559,
                    -0.24586378037929535,
                    -0.9911085963249207
                ],
                [
                    0.0,
                    0.0,
                    0.0,
                    1.0
                ]
            ]
        },
        {
            "file_path": "/data/shapenet_blender/all_50_random/02958343/a1d85821a0666a4d8dc995728b1ad443/r_12",
            "rotation": 0.12566370614359174,
            "transform_matrix": [
                [
                    0.7132775783538818,
                    0.33327022194862366,
                    0.6165760159492493,
                    2.48549747467041
                ],
                [
                    0.7008816003799438,
                    -0.33916449546813965,
                    -0.6274809241294861,
                    -2.529456615447998
                ],
                [
                    -1.4901161193847656e-08,
                    0.879714846611023,
                    -0.4755014479160309,
                    -1.9168076515197754
                ],
                [
                    0.0,
                    0.0,
                    0.0,
                    1.0
                ]
            ]
        },
        {
            "file_path": "/data/shapenet_blender/all_50_random/02958343/a1d85821a0666a4d8dc995728b1ad443/r_13",
            "rotation": 0.12566370614359174,
            "transform_matrix": [
                [
                    -0.9837232232093811,
                    0.08188331127166748,
                    0.15994885563850403,
                    0.6447744369506836
                ],
                [
                    0.17969001829624176,
                    0.44827479124069214,
                    0.8756490349769592,
                    3.5298540592193604
                ],
                [
                    0.0,
                    0.8901374936103821,
                    -0.45569196343421936,
                    -1.836953043937683
                ],
                [
                    0.0,
                    0.0,
                    0.0,
                    1.0
                ]
            ]
        },
        {
            "file_path": "/data/shapenet_blender/all_50_random/02958343/a1d85821a0666a4d8dc995728b1ad443/r_14",
            "rotation": 0.12566370614359174,
            "transform_matrix": [
                [
                    -0.8834243416786194,
                    -0.1826838254928589,
                    0.43149515986442566,
                    1.7394129037857056
                ],
                [
                    0.4685738980770111,
                    -0.3444223701953888,
                    0.8135179877281189,
                    3.2793962955474854
                ],
                [
                    1.4901161193847656e-08,
                    0.9208691120147705,
                    0.38987183570861816,
                    1.5716239213943481
                ],
                [
                    0.0,
                    0.0,
                    0.0,
                    1.0
                ]
            ]
        },
        {
            "file_path": "/data/shapenet_blender/all_50_random/02958343/a1d85821a0666a4d8dc995728b1ad443/r_15",
            "rotation": 0.12566370614359174,
            "transform_matrix": [
                [
                    -0.9375072717666626,
                    0.03881089389324188,
                    0.3457944095134735,
                    1.393941879272461
                ],
                [
                    0.3479655981063843,
                    0.10456635057926178,
                    0.9316575527191162,
                    3.755631685256958
                ],
                [
                    0.0,
                    0.9937604069709778,
                    -0.11153656244277954,
                    -0.44961825013160706
                ],
                [
                    0.0,
                    0.0,
                    0.0,
                    1.0
                ]
            ]
        },
        {
            "file_path": "/data/shapenet_blender/all_50_random/02958343/a1d85821a0666a4d8dc995728b1ad443/r_16",
            "rotation": 0.12566370614359174,
            "transform_matrix": [
                [
                    -0.693764865398407,
                    0.203473299741745,
                    -0.69086092710495,
                    -2.784949779510498
                ],
                [
                    -0.7202014923095703,
                    -0.19600433111190796,
                    0.6655012369155884,
                    2.6827216148376465
                ],
                [
                    0.0,
                    0.9592606425285339,
                    0.28252267837524414,
                    1.138885498046875
                ],
                [
                    0.0,
                    0.0,
                    0.0,
                    1.0
                ]
            ]
        },
        {
            "file_path": "/data/shapenet_blender/all_50_random/02958343/a1d85821a0666a4d8dc995728b1ad443/r_17",
            "rotation": 0.12566370614359174,
            "transform_matrix": [
                [
                    -0.15194423496723175,
                    -0.9819187521934509,
                    0.11290930211544037,
                    0.4551519453525543
                ],
                [
                    0.9883890748023987,
                    -0.15094955265522003,
                    0.01735745370388031,
                    0.06997013092041016
                ],
                [
                    0.0,
                    0.11423558741807938,
                    0.9934536218643188,
                    4.004739761352539
                ],
                [
                    0.0,
                    0.0,
                    0.0,
                    1.0
                ]
            ]
        },
        {
            "file_path": "/data/shapenet_blender/all_50_random/02958343/a1d85821a0666a4d8dc995728b1ad443/r_18",
            "rotation": 0.12566370614359174,
            "transform_matrix": [
                [
                    0.9091954231262207,
                    0.038819849491119385,
                    0.41455620527267456,
                    1.671129584312439
                ],
                [
                    0.41636988520622253,
                    -0.08476796746253967,
                    -0.9052350521087646,
                    -3.6491193771362305
                ],
                [
                    -3.725290742551124e-09,
                    0.9956441521644592,
                    -0.09323406219482422,
                    -0.3758385479450226
                ],
                [
                    0.0,
                    0.0,
                    0.0,
                    1.0
                ]
            ]
        },
        {
            "file_path": "/data/shapenet_blender/all_50_random/02958343/a1d85821a0666a4d8dc995728b1ad443/r_19",
            "rotation": 0.12566370614359174,
            "transform_matrix": [
                [
                    -0.8878932595252991,
                    -0.39781540632247925,
                    0.23105914890766144,
                    0.9314292073249817
                ],
                [
                    0.46004942059516907,
                    -0.7677819132804871,
                    0.44594311714172363,
                    1.797654151916504
                ],
                [
                    -1.4901161193847656e-08,
                    0.5022485256195068,
                    0.864723265171051,
                    3.4858109951019287
                ],
                [
                    0.0,
                    0.0,
                    0.0,
                    1.0
                ]
            ]
        },
        {
            "file_path": "/data/shapenet_blender/all_50_random/02958343/a1d85821a0666a4d8dc995728b1ad443/r_20",
            "rotation": 0.12566370614359174,
            "transform_matrix": [
                [
                    0.8798874616622925,
                    -0.19706250727176666,
                    0.4323936700820923,
                    1.7430346012115479
                ],
                [
                    0.4751819670200348,
                    0.364897757768631,
                    -0.8006570339202881,
                    -3.2275516986846924
                ],
                [
                    0.0,
                    0.9099538326263428,
                    0.41470956802368164,
                    1.6717476844787598
                ],
                [
                    0.0,
                    0.0,
                    0.0,
                    1.0
                ]
            ]
        },
        {
            "file_path": "/data/shapenet_blender/all_50_random/02958343/a1d85821a0666a4d8dc995728b1ad443/r_21",
            "rotation": 0.12566370614359174,
            "transform_matrix": [
                [
                    -0.08045346289873123,
                    -0.18129655718803406,
                    0.9801320433616638,
                    3.951038360595703
                ],
                [
                    0.9967584013938904,
                    -0.01463337056338787,
                    0.07911145687103271,
                    0.3189084827899933
                ],
                [
                    -9.313225746154785e-10,
                    0.9833195209503174,
                    0.18188616633415222,
                    0.733206570148468
                ],
                [
                    0.0,
                    0.0,
                    0.0,
                    1.0
                ]
            ]
        },
        {
            "file_path": "/data/shapenet_blender/all_50_random/02958343/a1d85821a0666a4d8dc995728b1ad443/r_22",
            "rotation": 0.12566370614359174,
            "transform_matrix": [
                [
                    -0.29524874687194824,
                    -0.05796799808740616,
                    0.953660249710083,
                    3.844327449798584
                ],
                [
                    0.9554204344749451,
                    -0.01791355572640896,
                    0.294704794883728,
                    1.187993049621582
                ],
                [
                    0.0,
                    0.9981576800346375,
                    0.06067276746034622,
                    0.2445797473192215
                ],
                [
                    0.0,
                    0.0,
                    0.0,
                    1.0
                ]
            ]
        },
        {
            "file_path": "/data/shapenet_blender/all_50_random/02958343/a1d85821a0666a4d8dc995728b1ad443/r_23",
            "rotation": 0.12566370614359174,
            "transform_matrix": [
                [
                    -0.5796490907669067,
                    -0.157724991440773,
                    0.7994559407234192,
                    3.222709894180298
                ],
                [
                    0.8148661851882935,
                    -0.11219651252031326,
                    0.5686870813369751,
                    2.2924509048461914
                ],
                [
                    7.450580596923828e-09,
                    0.9810885190963745,
                    0.19355937838554382,
                    0.78026282787323
                ],
                [
                    0.0,
                    0.0,
                    0.0,
                    1.0
                ]
            ]
        },
        {
            "file_path": "/data/shapenet_blender/all_50_random/02958343/a1d85821a0666a4d8dc995728b1ad443/r_24",
            "rotation": 0.12566370614359174,
            "transform_matrix": [
                [
                    0.5540190935134888,
                    -0.17963410913944244,
                    -0.8128926753997803,
                    -3.2768752574920654
                ],
                [
                    -0.8325040936470032,
                    -0.11954382807016373,
                    -0.5409680008888245,
                    -2.1807117462158203
                ],
                [
                    0.0,
                    0.9764429330825806,
                    -0.21577566862106323,
                    -0.8698195219039917
                ],
                [
                    0.0,
                    0.0,
                    0.0,
                    1.0
                ]
            ]
        },
        {
            "file_path": "/data/shapenet_blender/all_50_random/02958343/a1d85821a0666a4d8dc995728b1ad443/r_25",
            "rotation": 0.12566370614359174,
            "transform_matrix": [
                [
                    0.3422357439994812,
                    -0.0003581151831895113,
                    -0.9396140575408936,
                    -3.787705421447754
                ],
                [
                    -0.9396141767501831,
                    -0.00013043632498010993,
                    -0.3422356843948364,
                    -1.3795961141586304
                ],
                [
                    -1.4551915228366852e-11,
                    1.0,
                    -0.000381130026653409,
                    -0.0015363842248916626
                ],
                [
                    0.0,
                    0.0,
                    0.0,
                    1.0
                ]
            ]
        },
        {
            "file_path": "/data/shapenet_blender/all_50_random/02958343/a1d85821a0666a4d8dc995728b1ad443/r_26",
            "rotation": 0.12566370614359174,
            "transform_matrix": [
                [
                    0.04526282846927643,
                    -0.6993269324302673,
                    -0.7133673429489136,
                    -2.875675916671753
                ],
                [
                    -0.9989751577377319,
                    -0.03168598562479019,
                    -0.032322149723768234,
                    -0.1302947700023651
                ],
                [
                    1.862645371275562e-09,
                    0.7140991687774658,
                    -0.7000443935394287,
                    -2.821969509124756
                ],
                [
                    0.0,
                    0.0,
                    0.0,
                    1.0
                ]
            ]
        },
        {
            "file_path": "/data/shapenet_blender/all_50_random/02958343/a1d85821a0666a4d8dc995728b1ad443/r_27",
            "rotation": 0.12566370614359174,
            "transform_matrix": [
                [
                    0.6113210320472717,
                    -0.0904916524887085,
                    -0.786191999912262,
                    -3.169241189956665
                ],
                [
                    -0.7913827300071716,
                    -0.06990227103233337,
                    -0.6073113083839417,
                    -2.448150157928467
                ],
                [
                    -3.725290298461914e-09,
                    0.9934409260749817,
                    -0.11434626579284668,
                    -0.4609445035457611
                ],
                [
                    0.0,
                    0.0,
                    0.0,
                    1.0
                ]
            ]
        },
        {
            "file_path": "/data/shapenet_blender/all_50_random/02958343/a1d85821a0666a4d8dc995728b1ad443/r_28",
            "rotation": 0.12566370614359174,
            "transform_matrix": [
                [
                    -0.3779929578304291,
                    -0.7084998488426208,
                    0.5959439873695374,
                    2.402327060699463
                ],
                [
                    0.9258084297180176,
                    -0.28926926851272583,
                    0.24331450462341309,
                    0.9808321595191956
                ],
                [
                    0.0,
                    0.6437011957168579,
                    0.7652769088745117,
                    3.084929943084717
                ],
                [
                    0.0,
                    0.0,
                    0.0,
                    1.0
                ]
            ]
        },
        {
            "file_path": "/data/shapenet_blender/all_50_random/02958343/a1d85821a0666a4d8dc995728b1ad443/r_29",
            "rotation": 0.12566370614359174,
            "transform_matrix": [
                [
                    -0.050695497542619705,
                    -0.041455600410699844,
                    0.9978533983230591,
                    4.022475719451904
                ],
                [
                    0.9987141489982605,
                    -0.0021043180022388697,
                    0.050651807337999344,
                    0.20418396592140198
                ],
                [
                    -2.3283064365386963e-10,
                    0.9991380572319031,
                    0.04150897637009621,
                    0.16732802987098694
                ],
                [
                    0.0,
                    0.0,
                    0.0,
                    1.0
                ]
            ]
        },
        {
            "file_path": "/data/shapenet_blender/all_50_random/02958343/a1d85821a0666a4d8dc995728b1ad443/r_30",
            "rotation": 0.12566370614359174,
            "transform_matrix": [
                [
                    -0.8424410820007324,
                    -0.4356389045715332,
                    -0.31703582406044006,
                    -1.2780122756958008
                ],
                [
                    -0.538788378238678,
                    0.681158185005188,
                    0.4957122802734375,
                    1.9982801675796509
                ],
                [
                    -1.4901159417490817e-08,
                    0.5884236693382263,
                    -0.8085528016090393,
                    -3.259380578994751
                ],
                [
                    0.0,
                    0.0,
                    0.0,
                    1.0
                ]
            ]
        },
        {
            "file_path": "/data/shapenet_blender/all_50_random/02958343/a1d85821a0666a4d8dc995728b1ad443/r_31",
            "rotation": 0.12566370614359174,
            "transform_matrix": [
                [
                    0.6590782999992371,
                    -0.11305771768093109,
                    0.7435279488563538,
                    2.9972569942474365
                ],
                [
                    0.7520743012428284,
                    0.09907782822847366,
                    -0.6515886783599854,
                    -2.6266379356384277
                ],
                [
                    0.0,
                    0.9886361956596375,
                    0.1503278613090515,
                    0.605991005897522
                ],
                [
                    0.0,
                    0.0,
                    0.0,
                    1.0
                ]
            ]
        },
        {
            "file_path": "/data/shapenet_blender/all_50_random/02958343/a1d85821a0666a4d8dc995728b1ad443/r_32",
            "rotation": 0.12566370614359174,
            "transform_matrix": [
                [
                    0.1150665432214737,
                    -0.5858878493309021,
                    -0.8021814823150635,
                    -3.233696937561035
                ],
                [
                    -0.9933578968048096,
                    -0.06786686182022095,
                    -0.0929214358329773,
                    -0.3745782971382141
                ],
                [
                    0.0,
                    0.8075453639030457,
                    -0.5898054838180542,
                    -2.377581834793091
                ],
                [
                    0.0,
                    0.0,
                    0.0,
                    1.0
                ]
            ]
        },
        {
            "file_path": "/data/shapenet_blender/all_50_random/02958343/a1d85821a0666a4d8dc995728b1ad443/r_33",
            "rotation": 0.12566370614359174,
            "transform_matrix": [
                [
                    0.978205144405365,
                    -0.007709977682679892,
                    -0.2074977606534958,
                    -0.8364500999450684
                ],
                [
                    -0.20764094591140747,
                    -0.03632202744483948,
                    -0.9775305986404419,
                    -3.940551519393921
                ],
                [
                    0.0,
                    0.9993101954460144,
                    -0.037131309509277344,
                    -0.14968107640743256
                ],
                [
                    0.0,
                    0.0,
                    0.0,
                    1.0
                ]
            ]
        },
        {
            "file_path": "/data/shapenet_blender/all_50_random/02958343/a1d85821a0666a4d8dc995728b1ad443/r_34",
            "rotation": 0.12566370614359174,
            "transform_matrix": [
                [
                    0.34654852747917175,
                    0.6127073168754578,
                    -0.7102773785591125,
                    -2.863219738006592
                ],
                [
                    -0.9380321502685547,
                    0.22635985910892487,
                    -0.2624063193798065,
                    -1.0577937364578247
                ],
                [
                    1.4901162970204496e-08,
                    0.7571994066238403,
                    0.6531837582588196,
                    2.6330678462982178
                ],
                [
                    0.0,
                    0.0,
                    0.0,
                    1.0
                ]
            ]
        },
        {
            "file_path": "/data/shapenet_blender/all_50_random/02958343/a1d85821a0666a4d8dc995728b1ad443/r_35",
            "rotation": 0.12566370614359174,
            "transform_matrix": [
                [
                    -0.8848325610160828,
                    0.13559123873710632,
                    0.44574248790740967,
                    1.7968454360961914
                ],
                [
                    0.4659091830253601,
                    0.25750842690467834,
                    0.846532940864563,
                    3.4124834537506104
                ],
                [
                    7.450580596923828e-09,
                    0.95671546459198,
                    -0.2910250127315521,
                    -1.1731593608856201
                ],
                [
                    0.0,
                    0.0,
                    0.0,
                    1.0
                ]
            ]
        },
        {
            "file_path": "/data/shapenet_blender/all_50_random/02958343/a1d85821a0666a4d8dc995728b1ad443/r_36",
            "rotation": 0.12566370614359174,
            "transform_matrix": [
                [
                    0.6048327684402466,
                    0.4308255910873413,
                    -0.6697511076927185,
                    -2.6998531818389893
                ],
                [
                    -0.7963525056838989,
                    0.32721370458602905,
                    -0.5086785554885864,
                    -2.050548791885376
                ],
                [
                    1.4901161193847656e-08,
                    0.8410234451293945,
                    0.540998637676239,
                    2.180835247039795
                ],
                [
                    0.0,
                    0.0,
                    0.0,
                    1.0
                ]
            ]
        },
        {
            "file_path": "/data/shapenet_blender/all_50_random/02958343/a1d85821a0666a4d8dc995728b1ad443/r_37",
            "rotation": 0.12566370614359174,
            "transform_matrix": [
                [
                    0.13181072473526,
                    0.6314740777015686,
                    0.764111340045929,
                    3.0802319049835205
                ],
                [
                    0.9912749528884888,
                    -0.08396768569946289,
                    -0.10160458087921143,
                    -0.4095812141895294
                ],
                [
                    0.0,
                    0.7708370089530945,
                    -0.637032151222229,
                    -2.5679590702056885
                ],
                [
                    0.0,
                    0.0,
                    0.0,
                    1.0
                ]
            ]
        },
        {
            "file_path": "/data/shapenet_blender/all_50_random/02958343/a1d85821a0666a4d8dc995728b1ad443/r_38",
            "rotation": 0.12566370614359174,
            "transform_matrix": [
                [
                    0.13617542386054993,
                    -0.1925586313009262,
                    0.9717909097671509,
                    3.9174139499664307
                ],
                [
                    0.9906848073005676,
                    0.0264683086425066,
                    -0.1335783451795578,
                    -0.5384714603424072
                ],
                [
                    1.862645149230957e-09,
                    0.980928361415863,
                    0.19436927139759064,
                    0.7835274934768677
                ],
                [
                    0.0,
                    0.0,
                    0.0,
                    1.0
                ]
            ]
        },
        {
            "file_path": "/data/shapenet_blender/all_50_random/02958343/a1d85821a0666a4d8dc995728b1ad443/r_39",
            "rotation": 0.12566370614359174,
            "transform_matrix": [
                [
                    0.8275558948516846,
                    0.11251077055931091,
                    0.5499931573867798,
                    2.217092990875244
                ],
                [
                    0.5613831281661987,
                    -0.16585633158683777,
                    -0.8107655048370361,
                    -3.2682998180389404
                ],
                [
                    0.0,
                    0.9797106981277466,
                    -0.20041707158088684,
                    -0.807906985282898
                ],
                [
                    0.0,
                    0.0,
                    0.0,
                    1.0
                ]
            ]
        },
        {
            "file_path": "/data/shapenet_blender/all_50_random/02958343/a1d85821a0666a4d8dc995728b1ad443/r_40",
            "rotation": 0.12566370614359174,
            "transform_matrix": [
                [
                    0.9972203373908997,
                    -0.00894979014992714,
                    0.07396845519542694,
                    0.2981763780117035
                ],
                [
                    0.07450791448354721,
                    0.11978475749492645,
                    -0.9900000691413879,
                    -3.9908180236816406
                ],
                [
                    0.0,
                    0.9927594661712646,
                    0.120118647813797,
                    0.48421376943588257
                ],
                [
                    0.0,
                    0.0,
                    0.0,
                    1.0
                ]
            ]
        },
        {
            "file_path": "/data/shapenet_blender/all_50_random/02958343/a1d85821a0666a4d8dc995728b1ad443/r_41",
            "rotation": 0.12566370614359174,
            "transform_matrix": [
                [
                    -0.8045258522033691,
                    -0.3311033546924591,
                    -0.4930606484413147,
                    -1.987591028213501
                ],
                [
                    -0.593917727470398,
                    0.4485153257846832,
                    0.6679040193557739,
                    2.6924071311950684
                ],
                [
                    0.0,
