{
    "class": "02958343",
    "model": "5f32aca282eb9167ff1370452e3a0154",
    "remove_doubles": true,
    "edge_split": true,
    "denoise": true,
    "camera_angle_x": 0.6911112070083618,
    "scale_factor": 2.246547402249598,
    "hdri_file": "/data/IndoorHDRDataset2018/9C4A9390-8dd62fba45.exr",
    "center_offset": [
        0.0,
        -1.862645149230957e-09,
        -3.725290298461914e-09
    ],
    "lights": [],
    "frames": [
        {
            "file_path": "/data/shapenet_blender/all_50_random/02958343/5f32aca282eb9167ff1370452e3a0154/r_0",
            "rotation": 0.12566370614359174,
            "transform_matrix": [
                [
                    0.21018366515636444,
                    -0.20606261491775513,
                    0.9556992053985596,
                    3.8525466918945312
                ],
                [
                    0.9776619672775269,
                    0.04430058225989342,
                    -0.20546197891235352,
                    -0.8282437324523926
                ],
                [
                    0.0,
                    0.9775354862213135,
                    0.21077083051204681,
                    0.8496444225311279
                ],
                [
                    0.0,
                    0.0,
                    0.0,
                    1.0
                ]
            ]
        },
        {
            "file_path": "/data/shapenet_blender/all_50_random/02958343/5f32aca282eb9167ff1370452e3a0154/r_1",
            "rotation": 0.12566370614359174,
            "transform_matrix": [
                [
                    -0.7737115621566772,
                    -0.2851210832595825,
                    -0.5657529830932617,
                    -2.280623197555542
                ],
                [
                    -0.6335380673408508,
                    0.3482055366039276,
                    0.6909286379814148,
                    2.7852225303649902
                ],
                [
                    0.0,
                    0.8930055499076843,
                    -0.4500456750392914,
                    -1.8141921758651733
                ],
                [
                    0.0,
                    0.0,
                    0.0,
                    1.0
                ]
            ]
        },
        {
            "file_path": "/data/shapenet_blender/all_50_random/02958343/5f32aca282eb9167ff1370452e3a0154/r_2",
            "rotation": 0.12566370614359174,
            "transform_matrix": [
                [
                    0.808625340461731,
                    -0.19303490221500397,
                    -0.5557540059089661,
                    -2.240316390991211
                ],
                [
                    -0.5883239507675171,
                    -0.26531797647476196,
                    -0.7638593316078186,
                    -3.0792160034179688
                ],
                [
                    -1.4901161193847656e-08,
                    0.9446395039558411,
                    -0.32810986042022705,
                    -1.3226532936096191
                ],
                [
                    0.0,
                    0.0,
                    0.0,
                    1.0
                ]
            ]
        },
        {
            "file_path": "/data/shapenet_blender/all_50_random/02958343/5f32aca282eb9167ff1370452e3a0154/r_3",
            "rotation": 0.12566370614359174,
            "transform_matrix": [
                [
                    0.7627495527267456,
                    -0.6144024133682251,
                    0.20179900527000427,
                    0.8134778738021851
                ],
                [
                    0.646694004535675,
                    0.7246628999710083,
                    -0.23801378905773163,
                    -0.9594643115997314
                ],
                [
                    0.0,
                    0.31204715371131897,
                    0.9500665068626404,
                    3.829840898513794
                ],
                [
                    0.0,
                    0.0,
                    0.0,
                    1.0
                ]
            ]
        },
        {
            "file_path": "/data/shapenet_blender/all_50_random/02958343/5f32aca282eb9167ff1370452e3a0154/r_4",
            "rotation": 0.12566370614359174,
            "transform_matrix": [
                [
                    -0.6580417156219482,
                    0.3778136372566223,
                    -0.6513355374336243,
                    -2.625617504119873
                ],
                [
                    -0.7529815435409546,
                    -0.3301769495010376,
                    0.5692117810249329,
                    2.2945661544799805
                ],
                [
                    -1.4901161193847656e-08,
                    0.8650087714195251,
                    0.5017568469047546,
                    2.022646427154541
                ],
                [
                    0.0,
                    0.0,
                    0.0,
                    1.0
                ]
            ]
        },
        {
            "file_path": "/data/shapenet_blender/all_50_random/02958343/5f32aca282eb9167ff1370452e3a0154/r_5",
            "rotation": 0.12566370614359174,
            "transform_matrix": [
                [
                    0.6434750556945801,
                    -0.1653333604335785,
                    -0.7473986148834229,
                    -3.0128602981567383
                ],
                [
                    -0.7654671669006348,
                    -0.13898426294326782,
                    -0.6282861232757568,
                    -2.5327024459838867
                ],
                [
                    1.4901162970204496e-08,
                    0.9763955473899841,
                    -0.21599014103412628,
                    -0.8706840872764587
                ],
                [
                    0.0,
                    0.0,
                    0.0,
                    1.0
                ]
            ]
        },
        {
            "file_path": "/data/shapenet_blender/all_50_random/02958343/5f32aca282eb9167ff1370452e3a0154/r_6",
            "rotation": 0.12566370614359174,
            "transform_matrix": [
                [
                    -0.8438632488250732,
                    -0.19769695401191711,
                    0.49880942702293396,
                    2.0107650756835938
                ],
                [
                    0.5365584492683411,
                    -0.31092455983161926,
                    0.7844941020011902,
                    3.1623969078063965
                ],
                [
                    1.4901161193847656e-08,
                    0.9296461343765259,
                    0.3684537410736084,
                    1.4852845668792725
                ],
                [
                    0.0,
                    0.0,
                    0.0,
                    1.0
                ]
            ]
        },
        {
            "file_path": "/data/shapenet_blender/all_50_random/02958343/5f32aca282eb9167ff1370452e3a0154/r_7",
            "rotation": 0.12566370614359174,
            "transform_matrix": [
                [
                    -0.8041012287139893,
                    0.5321162939071655,
                    -0.2650916278362274,
                    -1.0686185359954834
                ],
                [
                    -0.5944925546646118,
                    -0.7197320461273193,
                    0.35855868458747864,
                    1.4453963041305542
                ],
                [
                    -2.980232594040899e-08,
                    0.4459124803543091,
                    0.89507657289505,
                    3.6081690788269043
                ],
                [
                    0.0,
                    0.0,
                    0.0,
                    1.0
                ]
            ]
        },
        {
            "file_path": "/data/shapenet_blender/all_50_random/02958343/5f32aca282eb9167ff1370452e3a0154/r_8",
            "rotation": 0.12566370614359174,
            "transform_matrix": [
                [
                    -0.8868669271469116,
                    0.011808113195002079,
                    -0.4618740379810333,
                    -1.8618738651275635
                ],
                [
                    -0.462024986743927,
                    -0.022665929049253464,
                    0.8865771293640137,
                    3.573906898498535
                ],
                [
                    -1.862645149230957e-09,
                    0.9996733665466309,
                    0.025557300075888634,
                    0.10302478075027466
                ],
                [
                    0.0,
                    0.0,
                    0.0,
                    1.0
                ]
            ]
        },
        {
            "file_path": "/data/shapenet_blender/all_50_random/02958343/5f32aca282eb9167ff1370452e3a0154/r_9",
            "rotation": 0.12566370614359174,
            "transform_matrix": [
                [
                    -0.07958906888961792,
                    0.8788634538650513,
                    -0.47038763761520386,
                    -1.896193265914917
                ],
                [
                    -0.9968278408050537,
                    -0.07017052173614502,
                    0.03755685314536095,
                    0.1513965129852295
                ],
                [
                    0.0,
                    0.47188451886177063,
                    0.8816603422164917,
                    3.554086446762085
                ],
                [
                    0.0,
                    0.0,
                    0.0,
                    1.0
                ]
            ]
        },
        {
            "file_path": "/data/shapenet_blender/all_50_random/02958343/5f32aca282eb9167ff1370452e3a0154/r_10",
            "rotation": 0.12566370614359174,
            "transform_matrix": [
                [
                    0.6586161851882935,
                    0.04765724390745163,
                    0.7509682178497314,
                    3.027250289916992
                ],
                [
                    0.7524790167808533,
                    -0.041712574660778046,
                    -0.6572939157485962,
                    -2.649636745452881
                ],
                [
                    3.725290076417309e-09,
                    0.9979924559593201,
                    -0.06333364546298981,
                    -0.2553061246871948
                ],
                [
                    0.0,
                    0.0,
                    0.0,
                    1.0
                ]
            ]
        },
        {
            "file_path": "/data/shapenet_blender/all_50_random/02958343/5f32aca282eb9167ff1370452e3a0154/r_11",
            "rotation": 0.12566370614359174,
            "transform_matrix": [
                [
                    -0.6487979888916016,
                    0.10744214802980423,
                    -0.7533374428749084,
                    -3.0368001461029053
                ],
                [
                    -0.7609606981277466,
                    -0.09160558879375458,
                    0.6422984004020691,
                    2.5891876220703125
                ],
                [
                    7.450580596923828e-09,
                    0.9899820685386658,
                    0.14119277894496918,
                    0.5691663026809692
                ],
                [
                    0.0,
                    0.0,
                    0.0,
                    1.0
                ]
            ]
        },
        {
            "file_path": "/data/shapenet_blender/all_50_random/02958343/5f32aca282eb9167ff1370452e3a0154/r_12",
            "rotation": 0.12566370614359174,
            "transform_matrix": [
                [
                    0.9652890563011169,
                    0.051551833748817444,
                    -0.2560458183288574,
                    -1.0321537256240845
                ],
                [
                    -0.2611839473247528,
                    0.1905263364315033,
                    -0.9462994337081909,
                    -3.814655065536499
                ],
                [
                    3.725290298461914e-09,
                    0.9803274869918823,
                    0.1973775029182434,
                    0.7956541776657104
                ],
                [
                    0.0,
                    0.0,
                    0.0,
                    1.0
                ]
            ]
        },
        {
            "file_path": "/data/shapenet_blender/all_50_random/02958343/5f32aca282eb9167ff1370452e3a0154/r_13",
            "rotation": 0.12566370614359174,
            "transform_matrix": [
                [
                    0.17363876104354858,
                    0.008555586449801922,
                    -0.984772264957428,
                    -3.9697439670562744
                ],
                [
                    -0.984809398651123,
                    0.001508496468886733,
                    -0.17363221943378448,
                    -0.6999338865280151
                ],
                [
                    0.0,
                    0.9999622702598572,
                    0.00868755578994751,
                    0.03502065688371658
                ],
                [
                    0.0,
                    0.0,
                    0.0,
                    1.0
                ]
            ]
        },
        {
            "file_path": "/data/shapenet_blender/all_50_random/02958343/5f32aca282eb9167ff1370452e3a0154/r_14",
            "rotation": 0.12566370614359174,
            "transform_matrix": [
                [
                    0.7420862317085266,
                    -0.13564680516719818,
                    0.6564357280731201,
                    2.646177291870117
                ],
                [
                    0.6703044176101685,
                    0.15017300844192505,
                    -0.7267324328422546,
                    -2.9295523166656494
                ],
                [
                    7.450581485102248e-09,
                    0.9793097972869873,
                    0.20236599445343018,
                    0.8157634735107422
                ],
                [
                    0.0,
                    0.0,
                    0.0,
                    1.0
                ]
            ]
        },
        {
            "file_path": "/data/shapenet_blender/all_50_random/02958343/5f32aca282eb9167ff1370452e3a0154/r_15",
            "rotation": 0.12566370614359174,
            "transform_matrix": [
                [
                    -0.69005286693573,
                    -0.022716723382472992,
                    0.7234024405479431,
                    2.916128396987915
                ],
                [
                    0.7237590551376343,
                    -0.021658780053257942,
                    0.6897128224372864,
                    2.7803211212158203
                ],
                [
                    0.0,
                    0.9995072484016418,
                    0.03138713911175728,
                    0.1265256106853485
                ],
                [
                    0.0,
                    0.0,
                    0.0,
                    1.0
                ]
            ]
        },
        {
            "file_path": "/data/shapenet_blender/all_50_random/02958343/5f32aca282eb9167ff1370452e3a0154/r_16",
            "rotation": 0.12566370614359174,
            "transform_matrix": [
                [
                    -0.7974588871002197,
                    0.16518273949623108,
                    -0.580322265625,
                    -2.3393537998199463
                ],
                [
                    -0.6033732295036316,
                    -0.2183166742324829,
                    0.7669932246208191,
                    3.091848611831665
                ],
                [
                    1.4901160305669237e-08,
                    0.9617965221405029,
                    0.2737654149532318,
                    1.1035836935043335
                ],
                [
                    0.0,
                    0.0,
                    0.0,
                    1.0
                ]
            ]
        },
        {
            "file_path": "/data/shapenet_blender/all_50_random/02958343/5f32aca282eb9167ff1370452e3a0154/r_17",
            "rotation": 0.12566370614359174,
            "transform_matrix": [
                [
                    -0.9851993322372437,
                    0.02168050780892372,
                    0.17003659904003143,
                    0.6854394674301147
                ],
                [
                    0.17141322791576385,
                    0.12460895627737045,
                    0.9772871136665344,
                    3.939570426940918
                ],
                [
                    -1.862645371275562e-09,
                    0.9919689893722534,
                    -0.12648096680641174,
                    -0.5098611116409302
                ],
                [
                    0.0,
                    0.0,
                    0.0,
                    1.0
                ]
            ]
        },
        {
            "file_path": "/data/shapenet_blender/all_50_random/02958343/5f32aca282eb9167ff1370452e3a0154/r_18",
            "rotation": 0.12566370614359174,
            "transform_matrix": [
                [
                    0.7118915915489197,
                    0.07183828204870224,
                    0.698605477809906,
                    2.816168785095215
                ],
                [
                    0.7022894024848938,
                    -0.0728204995393753,
                    -0.7081573009490967,
                    -2.854673385620117
                ],
                [
                    -3.725290298461914e-09,
                    0.994754433631897,
                    -0.10229156166315079,
                    -0.41235047578811646
                ],
                [
                    0.0,
                    0.0,
                    0.0,
                    1.0
                ]
            ]
        },
        {
            "file_path": "/data/shapenet_blender/all_50_random/02958343/5f32aca282eb9167ff1370452e3a0154/r_19",
            "rotation": 0.12566370614359174,
            "transform_matrix": [
                [
                    -0.9568808078765869,
                    -0.19859637320041656,
                    -0.21198736131191254,
                    -0.854548454284668
                ],
                [
                    -0.29048094153404236,
                    0.6542014479637146,
                    0.6983130574226379,
                    2.814990282058716
                ],
                [
                    0.0,
                    0.7297806739807129,
                    -0.6836812496185303,
                    -2.756007432937622
                ],
                [
                    0.0,
                    0.0,
                    0.0,
                    1.0
                ]
            ]
        },
        {
            "file_path": "/data/shapenet_blender/all_50_random/02958343/5f32aca282eb9167ff1370452e3a0154/r_20",
            "rotation": 0.12566370614359174,
            "transform_matrix": [
                [
                    -0.4056679308414459,
                    -0.10677466541528702,
                    -0.9077624678611755,
                    -3.6593077182769775
                ],
                [
                    -0.9140205383300781,
                    0.04738958925008774,
                    0.4028904139995575,
                    1.624103307723999
                ],
                [
                    0.0,
                    0.9931532144546509,
                    -0.11681868135929108,
                    -0.4709112048149109
                ],
                [
                    0.0,
                    0.0,
                    0.0,
                    1.0
                ]
            ]
        },
        {
            "file_path": "/data/shapenet_blender/all_50_random/02958343/5f32aca282eb9167ff1370452e3a0154/r_21",
            "rotation": 0.12566370614359174,
            "transform_matrix": [
                [
                    0.6910068392753601,
                    -0.5812628269195557,
                    0.4297010600566864,
                    1.7321802377700806
                ],
                [
                    0.7228482365608215,
                    0.5556582808494568,
                    -0.41077280044555664,
                    -1.6558780670166016
                ],
                [
                    0.0,
                    0.5944554209709167,
                    0.8041285276412964,
                    3.2415456771850586
                ],
                [
                    0.0,
                    0.0,
                    0.0,
                    1.0
                ]
            ]
        },
        {
            "file_path": "/data/shapenet_blender/all_50_random/02958343/5f32aca282eb9167ff1370452e3a0154/r_22",
            "rotation": 0.12566370614359174,
            "transform_matrix": [
                [
                    -0.9544602036476135,
                    0.19023844599723816,
                    0.2298152595758438,
                    0.926414966583252
                ],
                [
                    0.29833826422691345,
                    0.6086212992668152,
                    0.7352375984191895,
                    2.9638376235961914
                ],
                [
                    -1.4901161193847656e-08,
                    0.7703176736831665,
                    -0.6376602053642273,
                    -2.570490598678589
                ],
                [
                    0.0,
                    0.0,
                    0.0,
                    1.0
                ]
            ]
        },
        {
            "file_path": "/data/shapenet_blender/all_50_random/02958343/5f32aca282eb9167ff1370452e3a0154/r_23",
            "rotation": 0.12566370614359174,
            "transform_matrix": [
                [
                    0.5683574080467224,
                    0.14350886642932892,
                    0.8101698160171509,
                    3.2658989429473877
                ],
                [
                    0.8227818608283997,
                    -0.09913237392902374,
                    -0.5596452951431274,
                    -2.256002426147461
                ],
                [
                    -7.450580596923828e-09,
                    0.9846715927124023,
                    -0.1744190901517868,
                    -0.7031058669090271
                ],
                [
                    0.0,
                    0.0,
                    0.0,
                    1.0
                ]
            ]
        },
        {
            "file_path": "/data/shapenet_blender/all_50_random/02958343/5f32aca282eb9167ff1370452e3a0154/r_24",
            "rotation": 0.12566370614359174,
            "transform_matrix": [
                [
                    -0.9991589784622192,
                    -0.00978164654225111,
                    0.03982143849134445,
                    0.1605253517627716
                ],
                [
                    0.0410052165389061,
                    -0.23834580183029175,
                    0.9703143239021301,
                    3.9114620685577393
                ],
                [
                    9.313225746154785e-10,
                    0.9711311459541321,
                    0.23854641616344452,
                    0.9616113901138306
                ],
                [
                    0.0,
                    0.0,
                    0.0,
                    1.0
                ]
            ]
        },
        {
            "file_path": "/data/shapenet_blender/all_50_random/02958343/5f32aca282eb9167ff1370452e3a0154/r_25",
            "rotation": 0.12566370614359174,
            "transform_matrix": [
                [
                    0.41139912605285645,
                    -0.5148997902870178,
                    0.7520830631256104,
                    3.0317437648773193
                ],
                [
                    0.9114552736282349,
                    0.2324078232049942,
                    -0.33946409821510315,
                    -1.368423581123352
                ],
                [
                    1.4901159417490817e-08,
                    0.8251453042030334,
                    0.5649205446243286,
                    2.2772674560546875
                ],
                [
                    0.0,
                    0.0,
                    0.0,
                    1.0
                ]
            ]
        },
        {
            "file_path": "/data/shapenet_blender/all_50_random/02958343/5f32aca282eb9167ff1370452e3a0154/r_26",
            "rotation": 0.12566370614359174,
            "transform_matrix": [
                [
                    -0.9938889741897583,
                    0.04592319205403328,
                    0.1003781259059906,
                    0.4046371877193451
                ],
                [
                    0.11038437485694885,
                    0.4134874641895294,
                    0.9037938117980957,
                    3.6433095932006836
                ],
                [
                    0.0,
                    0.9093509912490845,
                    -0.41602981090545654,
                    -1.677069902420044
                ],
                [
                    0.0,
                    0.0,
                    0.0,
                    1.0
                ]
            ]
        },
        {
            "file_path": "/data/shapenet_blender/all_50_random/02958343/5f32aca282eb9167ff1370452e3a0154/r_27",
            "rotation": 0.12566370614359174,
            "transform_matrix": [
                [
                    -0.43721193075180054,
                    0.8552879095077515,
                    0.27807965874671936,
                    1.120975136756897
                ],
                [
                    0.8993585109710693,
                    0.41578754782676697,
                    0.13518497347831726,
                    0.5449481010437012
                ],
                [
                    1.4901161193847656e-08,
                    0.3091977834701538,
                    -0.9509976506233215,
                    -3.83359432220459
                ],
                [
                    0.0,
                    0.0,
                    0.0,
                    1.0
                ]
            ]
        },
        {
            "file_path": "/data/shapenet_blender/all_50_random/02958343/5f32aca282eb9167ff1370452e3a0154/r_28",
            "rotation": 0.12566370614359174,
            "transform_matrix": [
                [
                    0.14365017414093018,
                    0.28432509303092957,
                    0.9479049444198608,
                    3.82112717628479
                ],
                [
                    0.9896285533905029,
                    -0.0412713885307312,
                    -0.13759374618530273,
                    -0.5546581745147705
                ],
                [
                    -3.725290298461914e-09,
                    0.9578391313552856,
                    -0.2873048484325409,
                    -1.1581629514694214
                ],
                [
                    0.0,
                    0.0,
                    0.0,
                    1.0
                ]
            ]
        },
        {
            "file_path": "/data/shapenet_blender/all_50_random/02958343/5f32aca282eb9167ff1370452e3a0154/r_29",
            "rotation": 0.12566370614359174,
            "transform_matrix": [
                [
                    -0.5024986267089844,
                    -0.04192261025309563,
                    0.8635610342025757,
                    3.481125831604004
                ],
                [
                    0.8645780682563782,
                    -0.024365704506635666,
                    0.5019075274467468,
                    2.023253917694092
                ],
                [
                    -1.862645149230957e-09,
                    0.9988237619400024,
                    0.048489101231098175,
                    0.1954658180475235
                ],
                [
                    0.0,
                    0.0,
                    0.0,
                    1.0
                ]
            ]
        },
        {
            "file_path": "/data/shapenet_blender/all_50_random/02958343/5f32aca282eb9167ff1370452e3a0154/r_30",
            "rotation": 0.12566370614359174,
            "transform_matrix": [
                [
                    -0.9181659817695618,
                    0.20981314778327942,
                    0.3360796272754669,
                    1.3547804355621338
                ],
                [
                    0.39619573950767517,
                    0.48623257875442505,
                    0.7788495421409607,
                    3.1396431922912598
                ],
                [
                    1.4901160305669237e-08,
                    0.8482665419578552,
                    -0.5295693278312683,
                    -2.1347625255584717
                ],
                [
                    0.0,
                    0.0,
                    0.0,
                    1.0
                ]
            ]
        },
        {
            "file_path": "/data/shapenet_blender/all_50_random/02958343/5f32aca282eb9167ff1370452e3a0154/r_31",
            "rotation": 0.12566370614359174,
            "transform_matrix": [
                [
                    0.14042851328849792,
                    -0.012806085869669914,
                    0.9900080561637878,
                    3.990849733352661
                ],
                [
                    0.9900909066200256,
                    0.0018163378117606044,
                    -0.14041675627231598,
                    -0.5660379528999329
                ],
                [
                    0.0,
                    0.9999163150787354,
                    0.012934255413711071,
                    0.05213964357972145
                ],
                [
                    0.0,
                    0.0,
                    0.0,
                    1.0
                ]
            ]
        },
        {
            "file_path": "/data/shapenet_blender/all_50_random/02958343/5f32aca282eb9167ff1370452e3a0154/r_32",
            "rotation": 0.12566370614359174,
            "transform_matrix": [
                [
                    -0.9790535569190979,
                    0.0030321194790303707,
                    0.20358061790466309,
                    0.8206596374511719
                ],
                [
                    0.20360317826271057,
                    0.014580357819795609,
                    0.9789450168609619,
                    3.9462530612945557
                ],
                [
                    0.0,
                    0.9998891949653625,
                    -0.014892300590872765,
                    -0.06003277748823166
                ],
                [
                    0.0,
                    0.0,
                    0.0,
                    1.0
                ]
            ]
        },
        {
            "file_path": "/data/shapenet_blender/all_50_random/02958343/5f32aca282eb9167ff1370452e3a0154/r_33",
            "rotation": 0.12566370614359174,
            "transform_matrix": [
                [
                    0.4650648236274719,
                    -0.3187839984893799,
                    -0.8258883357048035,
                    -3.3292622566223145
                ],
                [
                    -0.8852766156196594,
                    -0.16746768355369568,
                    -0.4338662028312683,
                    -1.748970627784729
                ],
                [
                    -1.4901159417490817e-08,
                    0.9329155683517456,
                    -0.3600953221321106,
                    -1.451590657234192
                ],
                [
                    0.0,
                    0.0,
                    0.0,
                    1.0
                ]
            ]
        },
        {
            "file_path": "/data/shapenet_blender/all_50_random/02958343/5f32aca282eb9167ff1370452e3a0154/r_34",
            "rotation": 0.12566370614359174,
            "transform_matrix": [
                [
                    -0.3525477349758148,
                    -0.5621861219406128,
                    -0.7481021285057068,
                    -3.0156960487365723
                ],
                [
                    -0.9357938170433044,
                    0.21179607510566711,
                    0.2818374037742615,
                    1.1361229419708252
                ],
                [
                    1.4901160305669237e-08,
                    0.7994304299354553,
                    -0.6007585525512695,
                    -2.4217350482940674
                ],
                [
                    0.0,
                    0.0,
                    0.0,
                    1.0
                ]
            ]
        },
        {
            "file_path": "/data/shapenet_blender/all_50_random/02958343/5f32aca282eb9167ff1370452e3a0154/r_35",
            "rotation": 0.12566370614359174,
            "transform_matrix": [
                [
                    0.032342247664928436,
                    0.050222426652908325,
                    0.9982143044471741,
                    4.023930549621582
                ],
                [
                    0.9994768500328064,
                    -0.0016251562628895044,
                    -0.032301392406225204,
                    -0.13021108508110046
                ],
                [
                    0.0,
                    0.9987366795539856,
                    -0.05024871975183487,
                    -0.20255906879901886
                ],
                [
                    0.0,
                    0.0,
                    0.0,
                    1.0
                ]
            ]
        },
        {
            "file_path": "/data/shapenet_blender/all_50_random/02958343/5f32aca282eb9167ff1370452e3a0154/r_36",
            "rotation": 0.12566370614359174,
            "transform_matrix": [
                [
                    0.6958726048469543,
                    -0.08401623368263245,
                    -0.7132338285446167,
                    -2.8751378059387207
                ],
                [
                    -0.7181652188301086,
                    -0.08140826225280762,
                    -0.6910942196846008,
                    -2.7858901023864746
                ],
                [
                    3.725290298461914e-09,
                    0.9931333661079407,
                    -0.11698730289936066,
                    -0.47159093618392944
                ],
                [
                    0.0,
                    0.0,
                    0.0,
                    1.0
                ]
            ]
        },
        {
            "file_path": "/data/shapenet_blender/all_50_random/02958343/5f32aca282eb9167ff1370452e3a0154/r_37",
            "rotation": 0.12566370614359174,
            "transform_matrix": [
                [
                    -0.9498888850212097,
                    -0.013757816515862942,
                    0.3122848570346832,
                    1.2588605880737305
                ],
                [
                    0.31258776783943176,
                    -0.04180712252855301,
                    0.9489683508872986,
                    3.825413942337036
                ],
                [
                    -9.313225746154785e-10,
                    0.9990308284759521,
                    0.044012650847435,
                    0.1774206906557083
                ],
                [
                    0.0,
                    0.0,
                    0.0,
                    1.0
                ]
            ]
        },
        {
            "file_path": "/data/shapenet_blender/all_50_random/02958343/5f32aca282eb9167ff1370452e3a0154/r_38",
            "rotation": 0.12566370614359174,
            "transform_matrix": [
                [
                    -0.9837037324905396,
                    -0.003866393119096756,
                    0.1797558069229126,
                    0.7246189117431641
                ],
                [
                    0.17979741096496582,
                    -0.021153725683689117,
                    0.9834761023521423,
                    3.9645192623138428
                ],
                [
                    -2.3283067140944524e-10,
                    0.9997687339782715,
                    0.02150416187942028,
                    0.08668605983257294
                ],
                [
                    0.0,
                    0.0,
                    0.0,
                    1.0
                ]
            ]
        },
        {
            "file_path": "/data/shapenet_blender/all_50_random/02958343/5f32aca282eb9167ff1370452e3a0154/r_39",
            "rotation": 0.12566370614359174,
            "transform_matrix": [
                [
                    0.8693829774856567,
                    0.024937044829130173,
                    0.4935092329978943,
                    1.9893993139266968
                ],
                [
                    0.4941388964653015,
                    -0.04387398809194565,
                    -0.8682751655578613,
                    -3.500129222869873
                ],
                [
                    1.862645149230957e-09,
                    0.9987258315086365,
                    -0.0504656545817852,
                    -0.203433558344841
                ],
                [
                    0.0,
                    0.0,
                    0.0,
                    1.0
                ]
            ]
        },
        {
            "file_path": "/data/shapenet_blender/all_50_random/02958343/5f32aca282eb9167ff1370452e3a0154/r_40",
            "rotation": 0.12566370614359174,
            "transform_matrix": [
                [
                    -0.15126900374889374,
                    0.3438005745410919,
                    -0.9267786741256714,
                    -3.73596453666687
                ],
                [
                    -0.9884926676750183,
                    -0.05261179432272911,
                    0.14182491600513458,
                    0.5717145800590515
                ],
                [
                    3.725290742551124e-09,
                    0.9375675320625305,
                    0.34780287742614746,
                    1.402038335800171
                ],
                [
                    0.0,
                    0.0,
                    0.0,
                    1.0
                ]
            ]
        },
        {
            "file_path": "/data/shapenet_blender/all_50_random/02958343/5f32aca282eb9167ff1370452e3a0154/r_41",
            "rotation": 0.12566370614359174,
            "transform_matrix": [
                [
                    -0.9537818431854248,
                    0.17802341282367706,
                    0.2420908361673355,
                    0.975899338722229
                ],
                [
                    0.30050012469291687,
