{
    "class": "02958343",
    "model": "a7f8cb46717528edace5721ccacba16",
    "remove_doubles": true,
    "edge_split": true,
    "denoise": true,
    "camera_angle_x": 0.6911112070083618,
    "scale_factor": 2.2633958811501094,
    "hdri_file": "/data/IndoorHDRDataset2018/9C4A2985-372e17a63d.exr",
    "center_offset": [
        0.0,
        0.0,
        -3.259629011154175e-09
    ],
    "lights": [],
    "frames": [
        {
            "file_path": "/data/shapenet_blender/all_50_random/02958343/a7f8cb46717528edace5721ccacba16/r_0",
            "rotation": 0.12566370614359174,
            "transform_matrix": [
                [
                    0.05760491266846657,
                    0.10159225016832352,
                    0.9931569695472717,
                    4.003543376922607
                ],
                [
                    0.9983394742012024,
                    -0.005861946381628513,
                    -0.05730587616562843,
                    -0.23100735247135162
                ],
                [
                    0.0,
                    0.9948088526725769,
                    -0.10176123678684235,
                    -0.41021260619163513
                ],
                [
                    0.0,
                    0.0,
                    0.0,
                    1.0
                ]
            ]
        },
        {
            "file_path": "/data/shapenet_blender/all_50_random/02958343/a7f8cb46717528edace5721ccacba16/r_1",
            "rotation": 0.12566370614359174,
            "transform_matrix": [
                [
                    -0.4514014720916748,
                    -0.4211932122707367,
                    -0.7866593599319458,
                    -3.1711254119873047
                ],
                [
                    -0.8923209309577942,
                    0.21307045221328735,
                    0.39795008301734924,
                    1.604188084602356
                ],
                [
                    -1.4901161193847656e-08,
                    0.8815878629684448,
                    -0.47201985120773315,
                    -1.9027729034423828
                ],
                [
                    0.0,
                    0.0,
                    0.0,
                    1.0
                ]
            ]
        },
        {
            "file_path": "/data/shapenet_blender/all_50_random/02958343/a7f8cb46717528edace5721ccacba16/r_2",
            "rotation": 0.12566370614359174,
            "transform_matrix": [
                [
                    -0.5621753931045532,
                    -0.21806880831718445,
                    0.7977498173713684,
                    3.215832471847534
                ],
                [
                    0.827018141746521,
                    -0.14823488891124725,
                    0.5422799587249756,
                    2.186000347137451
                ],
                [
                    1.4901162970204496e-08,
                    0.9646099209785461,
                    0.2636808454990387,
                    1.0629315376281738
                ],
                [
                    0.0,
                    0.0,
                    0.0,
                    1.0
                ]
            ]
        },
        {
            "file_path": "/data/shapenet_blender/all_50_random/02958343/a7f8cb46717528edace5721ccacba16/r_3",
            "rotation": 0.12566370614359174,
            "transform_matrix": [
                [
                    -0.9235606789588928,
                    -0.32597899436950684,
                    -0.20192435383796692,
                    -0.8139830827713013
                ],
                [
                    -0.38345247507095337,
                    0.7851336002349854,
                    0.4863429665565491,
                    1.9605112075805664
                ],
                [
                    0.0,
                    0.5265955328941345,
                    -0.8501158952713013,
                    -3.426926851272583
                ],
                [
                    0.0,
                    0.0,
                    0.0,
                    1.0
                ]
            ]
        },
        {
            "file_path": "/data/shapenet_blender/all_50_random/02958343/a7f8cb46717528edace5721ccacba16/r_4",
            "rotation": 0.12566370614359174,
            "transform_matrix": [
                [
                    -0.783619225025177,
                    -0.205222949385643,
                    0.5863654017448425,
                    2.3637146949768066
                ],
                [
                    0.6212413907051086,
                    -0.25886332988739014,
                    0.7396274209022522,
                    2.9815337657928467
                ],
                [
                    -1.4901161193847656e-08,
                    0.9438607692718506,
                    0.3303433060646057,
                    1.331656575202942
                ],
                [
                    0.0,
                    0.0,
                    0.0,
                    1.0
                ]
            ]
        },
        {
            "file_path": "/data/shapenet_blender/all_50_random/02958343/a7f8cb46717528edace5721ccacba16/r_5",
            "rotation": 0.12566370614359174,
            "transform_matrix": [
                [
                    -0.6902156472206116,
                    -0.7162853479385376,
                    -0.10265398770570755,
                    -0.41381150484085083
                ],
                [
                    -0.7236037850379944,
                    0.6832348704338074,
                    0.09791737794876099,
                    0.39471760392189026
                ],
                [
                    0.0,
                    0.14186471700668335,
                    -0.9898859262466431,
                    -3.9903581142425537
                ],
                [
                    0.0,
                    0.0,
                    0.0,
                    1.0
                ]
            ]
        },
        {
            "file_path": "/data/shapenet_blender/all_50_random/02958343/a7f8cb46717528edace5721ccacba16/r_6",
            "rotation": 0.12566370614359174,
            "transform_matrix": [
                [
                    0.5640148520469666,
                    -0.7647469639778137,
                    -0.31152740120887756,
                    -1.2558072805404663
                ],
                [
                    -0.8257646560668945,
                    -0.5223384499549866,
                    -0.21277984976768494,
                    -0.8577430844306946
                ],
                [
                    0.0,
                    0.37725940346717834,
                    -0.9261075854301453,
                    -3.733259439468384
                ],
                [
                    0.0,
                    0.0,
                    0.0,
                    1.0
                ]
            ]
        },
        {
            "file_path": "/data/shapenet_blender/all_50_random/02958343/a7f8cb46717528edace5721ccacba16/r_7",
            "rotation": 0.12566370614359174,
            "transform_matrix": [
                [
                    -0.9966360330581665,
                    -0.06659151613712311,
                    -0.04777413234114647,
                    -0.19258368015289307
                ],
                [
                    -0.08195608854293823,
                    0.8097935318946838,
                    0.580962598323822,
                    2.341935157775879
                ],
                [
                    0.0,
                    0.5829234719276428,
                    -0.8125270009040833,
                    -3.2754011154174805
                ],
                [
                    0.0,
                    0.0,
                    0.0,
                    1.0
                ]
            ]
        },
        {
            "file_path": "/data/shapenet_blender/all_50_random/02958343/a7f8cb46717528edace5721ccacba16/r_8",
            "rotation": 0.12566370614359174,
            "transform_matrix": [
                [
                    -0.753523051738739,
                    0.19788038730621338,
                    0.6269341707229614,
                    2.527252435684204
                ],
                [
                    0.6574215888977051,
                    0.2268064320087433,
                    0.7185789942741394,
                    2.8966846466064453
                ],
                [
                    -1.4901161193847656e-08,
                    0.9536258578300476,
                    -0.3009946644306183,
                    -1.2133482694625854
                ],
                [
                    0.0,
                    0.0,
                    0.0,
                    1.0
                ]
            ]
        },
        {
            "file_path": "/data/shapenet_blender/all_50_random/02958343/a7f8cb46717528edace5721ccacba16/r_9",
            "rotation": 0.12566370614359174,
            "transform_matrix": [
                [
                    0.2880202531814575,
                    -0.4947621524333954,
                    -0.8199113607406616,
                    -3.305168628692627
                ],
                [
                    -0.9576242566108704,
                    -0.1488073468208313,
                    -0.24660101532936096,
                    -0.9940805435180664
                ],
                [
                    1.4901160305669237e-08,
                    0.8561931848526001,
                    -0.516655683517456,
                    -2.0827059745788574
                ],
                [
                    0.0,
                    0.0,
                    0.0,
                    1.0
                ]
            ]
        },
        {
            "file_path": "/data/shapenet_blender/all_50_random/02958343/a7f8cb46717528edace5721ccacba16/r_10",
            "rotation": 0.12566370614359174,
            "transform_matrix": [
                [
                    0.9944155216217041,
                    -0.07583760470151901,
                    -0.07339231669902802,
                    -0.2958538830280304
                ],
                [
                    -0.10553565621376038,
                    -0.7145840525627136,
                    -0.6915431618690491,
                    -2.7876996994018555
                ],
                [
                    -3.725290298461914e-09,
                    0.6954267621040344,
                    -0.7185969352722168,
                    -2.896756887435913
                ],
                [
                    0.0,
                    0.0,
                    0.0,
                    1.0
                ]
            ]
        },
        {
            "file_path": "/data/shapenet_blender/all_50_random/02958343/a7f8cb46717528edace5721ccacba16/r_11",
            "rotation": 0.12566370614359174,
            "transform_matrix": [
                [
                    0.6727760434150696,
                    0.4964832067489624,
                    0.5485222935676575,
                    2.2111639976501465
                ],
                [
                    0.7398460507392883,
                    -0.45147499442100525,
                    -0.49879658222198486,
                    -2.0107133388519287
                ],
                [
                    -2.9802320611338473e-08,
                    0.7414005398750305,
                    -0.6710627675056458,
                    -2.7051405906677246
                ],
                [
                    0.0,
                    0.0,
                    0.0,
                    1.0
                ]
            ]
        },
        {
            "file_path": "/data/shapenet_blender/all_50_random/02958343/a7f8cb46717528edace5721ccacba16/r_12",
            "rotation": 0.12566370614359174,
            "transform_matrix": [
                [
                    0.8956113457679749,
                    0.3630311191082001,
                    -0.25707685947418213,
                    -1.036310076713562
                ],
                [
                    -0.44483715295791626,
                    0.7309074401855469,
                    -0.5175848007202148,
                    -2.086451292037964
                ],
                [
                    0.0,
                    0.5779123306274414,
                    0.8160988092422485,
                    3.289799690246582
                ],
                [
                    0.0,
                    0.0,
                    0.0,
                    1.0
                ]
            ]
        },
        {
            "file_path": "/data/shapenet_blender/all_50_random/02958343/a7f8cb46717528edace5721ccacba16/r_13",
            "rotation": 0.12566370614359174,
            "transform_matrix": [
                [
                    -0.23990610241889954,
                    -0.0673532485961914,
                    -0.9684567451477051,
                    -3.9039742946624756
                ],
                [
                    -0.9707961678504944,
                    0.016644539311528206,
                    0.23932796716690063,
                    0.9647619724273682
                ],
                [
                    0.0,
                    0.9975903034210205,
                    -0.06937938928604126,
                    -0.27967730164527893
                ],
                [
                    0.0,
                    0.0,
                    0.0,
                    1.0
                ]
            ]
        },
        {
            "file_path": "/data/shapenet_blender/all_50_random/02958343/a7f8cb46717528edace5721ccacba16/r_14",
            "rotation": 0.12566370614359174,
            "transform_matrix": [
                [
                    -0.9132105708122253,
                    -0.3450060188770294,
                    -0.21683494746685028,
                    -0.8740896582603455
                ],
                [
                    -0.4074881076812744,
                    0.7731836438179016,
                    0.48594290018081665,
                    1.9588985443115234
                ],
                [
                    1.4901161193847656e-08,
                    0.5321257710456848,
                    -0.8466652631759644,
                    -3.4130167961120605
                ],
                [
                    0.0,
                    0.0,
                    0.0,
                    1.0
                ]
            ]
        },
        {
            "file_path": "/data/shapenet_blender/all_50_random/02958343/a7f8cb46717528edace5721ccacba16/r_15",
            "rotation": 0.12566370614359174,
            "transform_matrix": [
                [
                    0.7136858701705933,
                    0.057904381304979324,
                    -0.6980684399604797,
                    -2.8140039443969727
                ],
                [
                    -0.7004659175872803,
                    0.05899721756577492,
                    -0.7112431526184082,
                    -2.867112874984741
                ],
                [
                    0.0,
                    0.9965773224830627,
                    0.08266552537679672,
                    0.33323538303375244
                ],
                [
                    0.0,
                    0.0,
                    0.0,
                    1.0
                ]
            ]
        },
        {
            "file_path": "/data/shapenet_blender/all_50_random/02958343/a7f8cb46717528edace5721ccacba16/r_16",
            "rotation": 0.12566370614359174,
            "transform_matrix": [
                [
                    0.9958807826042175,
                    0.0025617419742047787,
                    -0.0906367227435112,
                    -0.3653683066368103
                ],
                [
                    -0.09067291766405106,
                    0.028136182576417923,
                    -0.9954832196235657,
                    -4.012921333312988
                ],
                [
                    0.0,
                    0.9996007680892944,
                    0.028252562507987022,
                    0.11388972401618958
                ],
                [
                    0.0,
                    0.0,
                    0.0,
                    1.0
                ]
            ]
        },
        {
            "file_path": "/data/shapenet_blender/all_50_random/02958343/a7f8cb46717528edace5721ccacba16/r_17",
            "rotation": 0.12566370614359174,
            "transform_matrix": [
                [
                    0.6853854656219482,
                    -0.1491161286830902,
                    0.7127489447593689,
                    2.873183250427246
                ],
                [
                    0.7281804084777832,
                    0.14035262167453766,
                    -0.6708608865737915,
                    -2.704326868057251
                ],
                [
                    0.0,
                    0.9788081645965576,
                    0.20477911829948425,
                    0.8254910707473755
                ],
                [
                    0.0,
                    0.0,
                    0.0,
                    1.0
                ]
            ]
        },
        {
            "file_path": "/data/shapenet_blender/all_50_random/02958343/a7f8cb46717528edace5721ccacba16/r_18",
            "rotation": 0.12566370614359174,
            "transform_matrix": [
                [
                    0.4391078054904938,
                    -0.26283523440361023,
                    0.8591285943984985,
                    3.4632580280303955
                ],
                [
                    0.8984344601631165,
                    0.1284601241350174,
                    -0.4198971688747406,
                    -1.692659616470337
                ],
                [
                    0.0,
                    0.9562507271766663,
                    0.2925480604171753,
                    1.179298996925354
                ],
                [
                    0.0,
                    0.0,
                    0.0,
                    1.0
                ]
            ]
        },
        {
            "file_path": "/data/shapenet_blender/all_50_random/02958343/a7f8cb46717528edace5721ccacba16/r_19",
            "rotation": 0.12566370614359174,
            "transform_matrix": [
                [
                    -0.998130202293396,
                    0.04501311108469963,
                    0.041351884603500366,
                    0.1666947603225708
                ],
                [
                    0.06112411990761757,
                    0.7350444793701172,
                    0.675258219242096,
                    2.722052574157715
                ],
                [
                    -1.8626449271863521e-09,
                    0.6765231490135193,
                    -0.7364214062690735,
                    -2.96860933303833
                ],
                [
                    0.0,
                    0.0,
                    0.0,
                    1.0
                ]
            ]
        },
        {
            "file_path": "/data/shapenet_blender/all_50_random/02958343/a7f8cb46717528edace5721ccacba16/r_20",
            "rotation": 0.12566370614359174,
            "transform_matrix": [
                [
                    0.9813336730003357,
                    0.03565177321434021,
                    0.18897955119609833,
                    0.7618008255958557
                ],
                [
                    0.1923130750656128,
                    -0.18192359805107117,
                    -0.9643234014511108,
                    -3.8873114585876465
                ],
                [
                    0.0,
                    0.982666015625,
                    -0.18538405001163483,
                    -0.7473069429397583
                ],
                [
                    0.0,
                    0.0,
                    0.0,
                    1.0
                ]
            ]
        },
        {
            "file_path": "/data/shapenet_blender/all_50_random/02958343/a7f8cb46717528edace5721ccacba16/r_21",
            "rotation": 0.12566370614359174,
            "transform_matrix": [
                [
                    0.9999324083328247,
                    0.010412796400487423,
                    0.005188195966184139,
                    0.020914286375045776
                ],
                [
                    0.011633731424808502,
                    -0.8949915766716003,
                    -0.4459312856197357,
                    -1.7976064682006836
                ],
                [
                    0.0,
                    0.4459614157676697,
                    -0.8950521349906921,
                    -3.6080706119537354
                ],
                [
                    0.0,
                    0.0,
                    0.0,
                    1.0
                ]
            ]
        },
        {
            "file_path": "/data/shapenet_blender/all_50_random/02958343/a7f8cb46717528edace5721ccacba16/r_22",
            "rotation": 0.12566370614359174,
            "transform_matrix": [
                [
                    0.27919334173202515,
                    -0.2953689694404602,
                    0.9136783480644226,
                    3.6831555366516113
                ],
                [
                    0.9602349996566772,
                    0.08588007092475891,
                    -0.2656567394733429,
                    -1.0708967447280884
                ],
                [
                    0.0,
                    0.9515154957771301,
                    0.307600736618042,
                    1.239978313446045
                ],
                [
                    0.0,
                    0.0,
                    0.0,
                    1.0
                ]
            ]
        },
        {
            "file_path": "/data/shapenet_blender/all_50_random/02958343/a7f8cb46717528edace5721ccacba16/r_23",
            "rotation": 0.12566370614359174,
            "transform_matrix": [
                [
                    0.29737135767936707,
                    0.1070493757724762,
                    0.948741614818573,
                    3.8244998455047607
                ],
                [
                    0.9547618627548218,
                    -0.03334173932671547,
                    -0.2954963147640228,
                    -1.1911836862564087
                ],
                [
                    0.0,
                    0.993694543838501,
                    -0.11212153732776642,
                    -0.45197638869285583
                ],
                [
                    0.0,
                    0.0,
                    0.0,
                    1.0
                ]
            ]
        },
        {
            "file_path": "/data/shapenet_blender/all_50_random/02958343/a7f8cb46717528edace5721ccacba16/r_24",
            "rotation": 0.12566370614359174,
            "transform_matrix": [
                [
                    0.9119985699653625,
                    0.09926728159189224,
                    -0.3980005979537964,
                    -1.6043916940689087
                ],
                [
                    -0.41019317507743835,
                    0.2207048386335373,
                    -0.8848903179168701,
                    -3.5671069622039795
                ],
                [
                    0.0,
                    0.97027587890625,
                    0.24200129508972168,
                    0.975538432598114
                ],
                [
                    0.0,
                    0.0,
                    0.0,
                    1.0
                ]
            ]
        },
        {
            "file_path": "/data/shapenet_blender/all_50_random/02958343/a7f8cb46717528edace5721ccacba16/r_25",
            "rotation": 0.12566370614359174,
            "transform_matrix": [
                [
                    -0.1569766402244568,
                    -0.9063836336135864,
                    -0.3922077417373657,
                    -1.5810400247573853
                ],
                [
                    -0.9876022934913635,
                    0.14406715333461761,
                    0.062340330332517624,
                    0.25130191445350647
                ],
                [
                    0.0,
                    0.39713120460510254,
                    -0.9177618026733398,
                    -3.6996161937713623
                ],
                [
                    0.0,
                    0.0,
                    0.0,
                    1.0
                ]
            ]
        },
        {
            "file_path": "/data/shapenet_blender/all_50_random/02958343/a7f8cb46717528edace5721ccacba16/r_26",
            "rotation": 0.12566370614359174,
            "transform_matrix": [
                [
                    0.43647500872612,
                    0.006317862309515476,
                    -0.8996942043304443,
                    -3.6267833709716797
                ],
                [
                    -0.8997163772583008,
                    0.0030649537220597267,
                    -0.43646425008773804,
                    -1.7594436407089233
                ],
                [
                    0.0,
                    0.9999753832817078,
                    0.0070220595225691795,
                    0.028306826949119568
                ],
                [
                    0.0,
                    0.0,
                    0.0,
                    1.0
                ]
            ]
        },
        {
            "file_path": "/data/shapenet_blender/all_50_random/02958343/a7f8cb46717528edace5721ccacba16/r_27",
            "rotation": 0.12566370614359174,
            "transform_matrix": [
                [
                    -0.9931445717811584,
                    0.06147153303027153,
                    -0.09942347556352615,
                    -0.4007888436317444
                ],
                [
                    -0.11689215153455734,
                    -0.5222773551940918,
                    0.8447263836860657,
                    3.405200958251953
                ],
                [
                    -7.450580152834618e-09,
                    0.8505573272705078,
                    0.525882363319397,
                    2.1198995113372803
                ],
                [
                    0.0,
                    0.0,
                    0.0,
                    1.0
                ]
            ]
        },
        {
            "file_path": "/data/shapenet_blender/all_50_random/02958343/a7f8cb46717528edace5721ccacba16/r_28",
            "rotation": 0.12566370614359174,
            "transform_matrix": [
                [
                    0.9978991150856018,
                    -0.019828204065561295,
                    -0.06167735904455185,
                    -0.2486293911933899
                ],
                [
                    -0.06478621810674667,
                    -0.3054129183292389,
                    -0.9500135183334351,
                    -3.82962703704834
                ],
                [
                    0.0,
                    0.9520134925842285,
                    -0.3060559034347534,
                    -1.233750820159912
                ],
                [
                    0.0,
                    0.0,
                    0.0,
                    1.0
                ]
            ]
        },
        {
            "file_path": "/data/shapenet_blender/all_50_random/02958343/a7f8cb46717528edace5721ccacba16/r_29",
            "rotation": 0.12566370614359174,
            "transform_matrix": [
                [
                    -0.720671534538269,
                    -0.010582213290035725,
                    -0.6931959390640259,
                    -2.7943623065948486
                ],
                [
                    -0.6932767629623413,
                    0.011000367812812328,
                    0.7205874919891357,
                    2.9047811031341553
                ],
                [
                    0.0,
                    0.9998835921287537,
                    -0.015264051035046577,
                    -0.06153135746717453
                ],
                [
                    0.0,
                    0.0,
                    0.0,
                    1.0
                ]
            ]
        },
        {
            "file_path": "/data/shapenet_blender/all_50_random/02958343/a7f8cb46717528edace5721ccacba16/r_30",
            "rotation": 0.12566370614359174,
            "transform_matrix": [
                [
                    0.8633933067321777,
                    -0.0105287441983819,
                    0.5044216513633728,
                    2.03338885307312
                ],
                [
                    0.5045316219329834,
                    0.018017595633864403,
                    -0.8632051348686218,
                    -3.479691505432129
                ],
                [
                    0.0,
                    0.9997820854187012,
                    0.02086835354566574,
                    0.08412303030490875
                ],
                [
                    0.0,
                    0.0,
                    0.0,
                    1.0
                ]
            ]
        },
        {
            "file_path": "/data/shapenet_blender/all_50_random/02958343/a7f8cb46717528edace5721ccacba16/r_31",
            "rotation": 0.12566370614359174,
            "transform_matrix": [
                [
                    -0.8943606019020081,
                    -0.05293618142604828,
                    -0.4442037045955658,
                    -1.7906423807144165
                ],
                [
                    -0.44734683632850647,
                    0.10583294928073883,
                    0.888076663017273,
                    3.579951524734497
                ],
                [
                    0.0,
                    0.9929739236831665,
                    -0.11833363771438599,
                    -0.4770181477069855
                ],
                [
                    0.0,
                    0.0,
                    0.0,
                    1.0
                ]
            ]
        },
        {
            "file_path": "/data/shapenet_blender/all_50_random/02958343/a7f8cb46717528edace5721ccacba16/r_32",
            "rotation": 0.12566370614359174,
            "transform_matrix": [
                [
                    0.9986396431922913,
                    0.04112541675567627,
                    -0.03205515444278717,
                    -0.1292184591293335
                ],
                [
                    -0.0521424263715744,
                    0.7876401543617249,
                    -0.6139251589775085,
                    -2.474811553955078
                ],
                [
                    -1.862645149230957e-09,
                    0.6147614121437073,
                    0.7887130379676819,
                    3.1794040203094482
                ],
                [
                    0.0,
                    0.0,
                    0.0,
                    1.0
                ]
            ]
        },
        {
            "file_path": "/data/shapenet_blender/all_50_random/02958343/a7f8cb46717528edace5721ccacba16/r_33",
            "rotation": 0.12566370614359174,
            "transform_matrix": [
                [
                    0.720719039440155,
                    -0.46600812673568726,
                    0.5132256150245667,
                    2.0688788890838623
                ],
                [
                    0.6932273507118225,
                    0.484488844871521,
                    -0.5335788726806641,
                    -2.150925397872925
                ],
                [
                    0.0,
                    0.7403425574302673,
                    0.6722297668457031,
                    2.7098450660705566
                ],
                [
                    0.0,
                    0.0,
                    0.0,
                    1.0
                ]
            ]
        },
        {
            "file_path": "/data/shapenet_blender/all_50_random/02958343/a7f8cb46717528edace5721ccacba16/r_34",
            "rotation": 0.12566370614359174,
            "transform_matrix": [
                [
                    0.7557008862495422,
                    -0.3164187967777252,
                    -0.5734066963195801,
                    -2.311476469039917
                ],
                [
                    -0.6549168825149536,
                    -0.36511194705963135,
                    -0.6616472601890564,
                    -2.6671855449676514
                ],
                [
                    -1.4901161193847656e-08,
                    0.8755411505699158,
                    -0.4831433892250061,
                    -1.9476133584976196
                ],
                [
                    0.0,
                    0.0,
                    0.0,
                    1.0
                ]
            ]
        },
        {
            "file_path": "/data/shapenet_blender/all_50_random/02958343/a7f8cb46717528edace5721ccacba16/r_35",
            "rotation": 0.12566370614359174,
            "transform_matrix": [
                [
                    -0.9770023822784424,
                    -0.17941555380821228,
                    -0.11522340774536133,
                    -0.4644804000854492
                ],
                [
                    -0.21322846412658691,
                    0.8220732808113098,
                    0.5279480218887329,
                    2.1282265186309814
                ],
                [
                    0.0,
                    0.540375292301178,
                    -0.8414240479469299,
                    -3.3918888568878174
                ],
                [
                    0.0,
                    0.0,
                    0.0,
                    1.0
                ]
            ]
        },
        {
            "file_path": "/data/shapenet_blender/all_50_random/02958343/a7f8cb46717528edace5721ccacba16/r_36",
            "rotation": 0.12566370614359174,
            "transform_matrix": [
                [
                    0.9231892228126526,
                    0.15434801578521729,
                    0.351992130279541,
                    1.4189256429672241
                ],
                [
                    0.3843459188938141,
                    -0.37074002623558044,
                    -0.8454762101173401,
                    -3.4082236289978027
                ],
                [
                    -1.4901161193847656e-08,
                    0.9158211946487427,
                    -0.40158623456954956,
                    -1.6188459396362305
                ],
                [
                    0.0,
                    0.0,
                    0.0,
                    1.0
                ]
            ]
        },
        {
            "file_path": "/data/shapenet_blender/all_50_random/02958343/a7f8cb46717528edace5721ccacba16/r_37",
            "rotation": 0.12566370614359174,
            "transform_matrix": [
                [
                    0.32798945903778076,
                    0.31665366888046265,
                    -0.8900299072265625,
                    -3.5878255367279053
                ],
                [
                    -0.9446812868118286,
                    0.10994086414575577,
                    -0.3090147376060486,
                    -1.245678424835205
                ],
                [
                    7.4505792646561986e-09,
                    0.9421483278274536,
                    0.33519622683525085,
                    1.3512192964553833
                ],
                [
                    0.0,
                    0.0,
                    0.0,
                    1.0
                ]
            ]
        },
        {
            "file_path": "/data/shapenet_blender/all_50_random/02958343/a7f8cb46717528edace5721ccacba16/r_38",
            "rotation": 0.12566370614359174,
            "transform_matrix": [
                [
                    -0.992292582988739,
                    -0.027800302952528,
                    -0.1207585260272026,
                    -0.48679319024086
                ],
                [
                    -0.12391722947359085,
                    0.22261662781238556,
                    0.9669986367225647,
                    3.8980960845947266
                ],
                [
                    0.0,
                    0.974509596824646,
                    -0.22434577345848083,
                    -0.9043667316436768
                ],
                [
                    0.0,
                    0.0,
                    0.0,
                    1.0
                ]
            ]
        },
        {
            "file_path": "/data/shapenet_blender/all_50_random/02958343/a7f8cb46717528edace5721ccacba16/r_39",
            "rotation": 0.12566370614359174,
            "transform_matrix": [
                [
                    0.15975263714790344,
                    0.13674336671829224,
                    -0.9776402115821838,
                    -3.9409937858581543
                ],
                [
                    -0.9871571660041809,
                    0.02212931588292122,
                    -0.15821249783039093,
                    -0.6377750039100647
                ],
                [
                    0.0,
                    0.990359365940094,
                    0.13852238655090332,
                    0.5584015846252441
                ],
                [
                    0.0,
                    0.0,
                    0.0,
                    1.0
                ]
            ]
        },
        {
            "file_path": "/data/shapenet_blender/all_50_random/02958343/a7f8cb46717528edace5721ccacba16/r_40",
            "rotation": 0.12566370614359174,
            "transform_matrix": [
                [
                    -0.17648884654045105,
                    -0.43803054094314575,
                    0.8814651370048523,
                    3.553299903869629
                ],
                [
                    0.9843026995658875,
                    -0.0785403773188591,
                    0.15804971754550934,
                    0.6371188759803772
                ],
                [
                    0.0,
                    0.89552241563797,
                    0.44501614570617676,
                    1.7939175367355347
                ],
                [
                    0.0,
                    0.0,
                    0.0,
                    1.0
                ]
            ]
        },
        {
            "file_path": "/data/shapenet_blender/all_50_random/02958343/a7f8cb46717528edace5721ccacba16/r_41",
            "rotation": 0.12566370614359174,
            "transform_matrix": [
                [
                    -0.8120995759963989,
                    0.5321080684661865,
                    -0.23948970437049866,
                    -0.9654139280319214
                ],
                [
                    -0.5835189819335938,
                    -0.740549623966217,
                    0.3333044648170471,
                    1.3435933589935303
                ],
                [
                    0.0,
                    0.4104231894016266,
                    0.9118950963020325,
