{
    "class": "02958343",
    "model": "a471cdae8ec5df5c9e317a6cc797b629",
    "remove_doubles": true,
    "edge_split": true,
    "denoise": true,
    "camera_angle_x": 0.6911112070083618,
    "scale_factor": 2.309778199028121,
    "hdri_file": "/data/IndoorHDRDataset2018/9C4A0311-381df788be.exr",
    "center_offset": [
        0.0,
        -9.313225746154785e-10,
        -3.725290298461914e-09
    ],
    "lights": [],
    "frames": [
        {
            "file_path": "/data/shapenet_blender/all_50_random/02958343/a471cdae8ec5df5c9e317a6cc797b629/r_0",
            "rotation": 0.12566370614359174,
            "transform_matrix": [
                [
                    0.9897469282150269,
                    0.07111658900976181,
                    0.12386873364448547,
                    0.4993308484554291
                ],
                [
                    0.1428322046995163,
                    -0.4927980601787567,
                    -0.8583407998085022,
                    -3.460082530975342
                ],
                [
                    0.0,
                    0.8672325611114502,
                    -0.49790313839912415,
                    -2.0071117877960205
                ],
                [
                    0.0,
                    0.0,
                    0.0,
                    1.0
                ]
            ]
        },
        {
            "file_path": "/data/shapenet_blender/all_50_random/02958343/a471cdae8ec5df5c9e317a6cc797b629/r_1",
            "rotation": 0.12566370614359174,
            "transform_matrix": [
                [
                    -0.2917213439941406,
                    0.7136210799217224,
                    -0.6369015574455261,
                    -2.567432403564453
                ],
                [
                    -0.9565034508705139,
                    -0.2176453322172165,
                    0.19424685835838318,
                    0.7830341458320618
                ],
                [
                    0.0,
                    0.6658644080162048,
                    0.7460727691650391,
                    3.0075154304504395
                ],
                [
                    0.0,
                    0.0,
                    0.0,
                    1.0
                ]
            ]
        },
        {
            "file_path": "/data/shapenet_blender/all_50_random/02958343/a471cdae8ec5df5c9e317a6cc797b629/r_2",
            "rotation": 0.12566370614359174,
            "transform_matrix": [
                [
                    -0.9782588481903076,
                    -0.07334915548563004,
                    -0.19398365914821625,
                    -0.781973123550415
                ],
                [
                    -0.20738795399665833,
                    0.34599146246910095,
                    0.9150301814079285,
                    3.6886045932769775
                ],
                [
                    0.0,
                    0.9353662133216858,
                    -0.35368087887763977,
                    -1.425733208656311
                ],
                [
                    0.0,
                    0.0,
                    0.0,
                    1.0
                ]
            ]
        },
        {
            "file_path": "/data/shapenet_blender/all_50_random/02958343/a471cdae8ec5df5c9e317a6cc797b629/r_3",
            "rotation": 0.12566370614359174,
            "transform_matrix": [
                [
                    0.09988251328468323,
                    -0.7516879439353943,
                    0.6519114375114441,
                    2.627938985824585
                ],
                [
                    0.9949992299079895,
                    0.07545782625675201,
                    -0.0654418095946312,
                    -0.2638043761253357
                ],
                [
                    -3.725290298461914e-09,
                    0.6551877856254578,
                    0.7554659843444824,
                    3.0453808307647705
                ],
                [
                    0.0,
                    0.0,
                    0.0,
                    1.0
                ]
            ]
        },
        {
            "file_path": "/data/shapenet_blender/all_50_random/02958343/a471cdae8ec5df5c9e317a6cc797b629/r_4",
            "rotation": 0.12566370614359174,
            "transform_matrix": [
                [
                    0.9075503945350647,
                    0.4172504246234894,
                    -0.04747973755002022,
                    -0.19139693677425385
                ],
                [
                    -0.4199431538581848,
                    0.9017310738563538,
                    -0.10260973870754242,
                    -0.4136330783367157
                ],
                [
                    -3.725290298461914e-09,
                    0.11306200921535492,
                    0.9935879111289978,
                    4.0052809715271
                ],
                [
                    0.0,
                    0.0,
                    0.0,
                    1.0
                ]
            ]
        },
        {
            "file_path": "/data/shapenet_blender/all_50_random/02958343/a471cdae8ec5df5c9e317a6cc797b629/r_5",
            "rotation": 0.12566370614359174,
            "transform_matrix": [
                [
                    -0.7047644257545471,
                    0.3835909068584442,
                    0.5967957377433777,
                    2.4057605266571045
                ],
                [
                    0.7094414234161377,
                    0.3810620903968811,
                    0.5928613543510437,
                    2.3899004459381104
                ],
                [
                    0.0,
                    0.8412191271781921,
                    -0.5406942963600159,
                    -2.1796083450317383
                ],
                [
                    0.0,
                    0.0,
                    0.0,
                    1.0
                ]
            ]
        },
        {
            "file_path": "/data/shapenet_blender/all_50_random/02958343/a471cdae8ec5df5c9e317a6cc797b629/r_6",
            "rotation": 0.12566370614359174,
            "transform_matrix": [
                [
                    0.038849398493766785,
                    -0.5107132792472839,
                    -0.8588727712631226,
                    -3.4622271060943604
                ],
                [
                    -0.9992450475692749,
                    -0.01985589601099491,
                    -0.03339190036058426,
                    -0.13460707664489746
                ],
                [
                    0.0,
                    0.8595216274261475,
                    -0.5110991597175598,
                    -2.0603067874908447
                ],
                [
                    0.0,
                    0.0,
                    0.0,
                    1.0
                ]
            ]
        },
        {
            "file_path": "/data/shapenet_blender/all_50_random/02958343/a471cdae8ec5df5c9e317a6cc797b629/r_7",
            "rotation": 0.12566370614359174,
            "transform_matrix": [
                [
                    0.846905529499054,
                    0.03844987228512764,
                    -0.530351459980011,
                    -2.1379151344299316
                ],
                [
                    -0.5317433476448059,
                    0.06123895198106766,
                    -0.8446885347366333,
                    -3.405048370361328
                ],
                [
                    3.725290298461914e-09,
                    0.9973822236061096,
                    0.07230906933546066,
                    0.2914871871471405
                ],
                [
                    0.0,
                    0.0,
                    0.0,
                    1.0
                ]
            ]
        },
        {
            "file_path": "/data/shapenet_blender/all_50_random/02958343/a471cdae8ec5df5c9e317a6cc797b629/r_8",
            "rotation": 0.12566370614359174,
            "transform_matrix": [
                [
                    0.4521385431289673,
                    -0.3140334486961365,
                    -0.8348374962806702,
                    -3.36533784866333
                ],
                [
                    -0.8919477462768555,
                    -0.1591871678829193,
                    -0.423188716173172,
                    -1.7059284448623657
                ],
                [
                    0.0,
                    0.9359713792800903,
                    -0.35207605361938477,
                    -1.4192640781402588
                ],
                [
                    0.0,
                    0.0,
                    0.0,
                    1.0
                ]
            ]
        },
        {
            "file_path": "/data/shapenet_blender/all_50_random/02958343/a471cdae8ec5df5c9e317a6cc797b629/r_9",
            "rotation": 0.12566370614359174,
            "transform_matrix": [
                [
                    0.03927125409245491,
                    -0.7784332036972046,
                    -0.6264976263046265,
                    -2.5254929065704346
                ],
                [
                    -0.9992285370826721,
                    -0.03059365414083004,
                    -0.024622345343232155,
                    -0.09925585985183716
                ],
                [
                    -1.8626450382086546e-09,
                    0.6269813179969788,
                    -0.7790341973304749,
                    -3.140387535095215
                ],
                [
                    0.0,
                    0.0,
                    0.0,
                    1.0
                ]
            ]
        },
        {
            "file_path": "/data/shapenet_blender/all_50_random/02958343/a471cdae8ec5df5c9e317a6cc797b629/r_10",
            "rotation": 0.12566370614359174,
            "transform_matrix": [
                [
                    -0.990608811378479,
                    0.02797364443540573,
                    -0.13383449614048004,
                    -0.5395040512084961
                ],
                [
                    -0.13672670722007751,
                    -0.20267392694950104,
                    0.9696542024612427,
                    3.9088006019592285
                ],
                [
                    0.0,
                    0.978846549987793,
                    0.20459535717964172,
                    0.8247501850128174
                ],
                [
                    0.0,
                    0.0,
                    0.0,
                    1.0
                ]
            ]
        },
        {
            "file_path": "/data/shapenet_blender/all_50_random/02958343/a471cdae8ec5df5c9e317a6cc797b629/r_11",
            "rotation": 0.12566370614359174,
            "transform_matrix": [
                [
                    0.5880042910575867,
                    -0.22847914695739746,
                    -0.7759175896644592,
                    -3.127823829650879
                ],
                [
                    -0.8088577389717102,
                    -0.16609437763690948,
                    -0.5640583038330078,
                    -2.273791790008545
                ],
                [
                    0.0,
                    0.9592757821083069,
                    -0.28247132897377014,
                    -1.1386783123016357
                ],
                [
                    0.0,
                    0.0,
                    0.0,
                    1.0
                ]
            ]
        },
        {
            "file_path": "/data/shapenet_blender/all_50_random/02958343/a471cdae8ec5df5c9e317a6cc797b629/r_12",
            "rotation": 0.12566370614359174,
            "transform_matrix": [
                [
                    0.624022901058197,
                    0.7802319526672363,
                    -0.042820993810892105,
                    -0.17261695861816406
                ],
                [
                    -0.7814059853553772,
                    0.6230852603912354,
                    -0.0341964066028595,
                    -0.13785013556480408
                ],
                [
                    0.0,
                    0.05479936674237251,
                    0.9984973073005676,
                    4.025071620941162
                ],
                [
                    0.0,
                    0.0,
                    0.0,
                    1.0
                ]
            ]
        },
        {
            "file_path": "/data/shapenet_blender/all_50_random/02958343/a471cdae8ec5df5c9e317a6cc797b629/r_13",
            "rotation": 0.12566370614359174,
            "transform_matrix": [
                [
                    -0.8918253779411316,
                    0.25587892532348633,
                    -0.37305957078933716,
                    -1.5038511753082275
                ],
                [
                    -0.4523797631263733,
                    -0.5044419169425964,
                    0.7354528307914734,
                    2.964705228805542
                ],
                [
                    0.0,
                    0.8246601223945618,
                    0.5656285881996155,
                    2.2801218032836914
                ],
                [
                    0.0,
                    0.0,
                    0.0,
                    1.0
                ]
            ]
        },
        {
            "file_path": "/data/shapenet_blender/all_50_random/02958343/a471cdae8ec5df5c9e317a6cc797b629/r_14",
            "rotation": 0.12566370614359174,
            "transform_matrix": [
                [
                    -0.5131943821907043,
                    -0.6136975884437561,
                    0.6000056862831116,
                    2.4187002182006836
                ],
                [
                    0.8582723736763,
                    -0.36695364117622375,
                    0.35876670479774475,
                    1.4462348222732544
                ],
                [
                    0.0,
                    0.6990853548049927,
                    0.7150381803512573,
                    2.882411003112793
                ],
                [
                    0.0,
                    0.0,
                    0.0,
                    1.0
                ]
            ]
        },
        {
            "file_path": "/data/shapenet_blender/all_50_random/02958343/a471cdae8ec5df5c9e317a6cc797b629/r_15",
            "rotation": 0.12566370614359174,
            "transform_matrix": [
                [
                    0.21718856692314148,
                    -0.1749470978975296,
                    -0.960324227809906,
                    -3.8711907863616943
                ],
                [
                    -0.9761297106742859,
                    -0.03892567753791809,
                    -0.21367184817790985,
                    -0.8613387942314148
                ],
                [
                    -3.725290298461914e-09,
                    0.9838080406188965,
                    -0.17922526597976685,
                    -0.7224801778793335
                ],
                [
                    0.0,
                    0.0,
                    0.0,
                    1.0
                ]
            ]
        },
        {
            "file_path": "/data/shapenet_blender/all_50_random/02958343/a471cdae8ec5df5c9e317a6cc797b629/r_16",
            "rotation": 0.12566370614359174,
            "transform_matrix": [
                [
                    -0.9289402961730957,
                    0.22608251869678497,
                    -0.2931835651397705,
                    -1.1818609237670898
                ],
                [
                    -0.3702295422554016,
                    -0.5672619938850403,
                    0.7356247305870056,
                    2.9653983116149902
                ],
                [
                    -1.4901161193847656e-08,
                    0.7918967008590698,
                    0.610654890537262,
                    2.4616289138793945
                ],
                [
                    0.0,
                    0.0,
                    0.0,
                    1.0
                ]
            ]
        },
        {
            "file_path": "/data/shapenet_blender/all_50_random/02958343/a471cdae8ec5df5c9e317a6cc797b629/r_17",
            "rotation": 0.12566370614359174,
            "transform_matrix": [
                [
                    0.6580983400344849,
                    0.4282960891723633,
                    -0.6192487478256226,
                    -2.4962716102600098
                ],
                [
                    -0.752932071685791,
                    0.3743511140346527,
                    -0.5412527918815613,
                    -2.1818597316741943
                ],
                [
                    0.0,
                    0.822449803352356,
                    0.5688376426696777,
                    2.293057918548584
                ],
                [
                    0.0,
                    0.0,
                    0.0,
                    1.0
                ]
            ]
        },
        {
            "file_path": "/data/shapenet_blender/all_50_random/02958343/a471cdae8ec5df5c9e317a6cc797b629/r_18",
            "rotation": 0.12566370614359174,
            "transform_matrix": [
                [
                    -0.4579108655452728,
                    -0.30847200751304626,
                    -0.8337641358375549,
                    -3.361010789871216
                ],
                [
                    -0.8889980912208557,
                    0.1588897556066513,
                    0.4294606149196625,
                    1.7312110662460327
                ],
                [
                    0.0,
                    0.9378693699836731,
                    -0.34698840975761414,
                    -1.3987550735473633
                ],
                [
                    0.0,
                    0.0,
                    0.0,
                    1.0
                ]
            ]
        },
        {
            "file_path": "/data/shapenet_blender/all_50_random/02958343/a471cdae8ec5df5c9e317a6cc797b629/r_19",
            "rotation": 0.12566370614359174,
            "transform_matrix": [
                [
                    -0.002495793392881751,
                    -0.5690546631813049,
                    0.8222959041595459,
                    3.3147807121276855
                ],
                [
                    0.9999968409538269,
                    -0.0014202474849298596,
                    0.0020522873383015394,
                    0.008273035287857056
                ],
                [
                    0.0,
                    0.8222984671592712,
                    0.5690564513206482,
                    2.2939398288726807
                ],
                [
                    0.0,
                    0.0,
                    0.0,
                    1.0
                ]
            ]
        },
        {
            "file_path": "/data/shapenet_blender/all_50_random/02958343/a471cdae8ec5df5c9e317a6cc797b629/r_20",
            "rotation": 0.12566370614359174,
            "transform_matrix": [
                [
                    -0.983267068862915,
                    0.06845565140247345,
                    -0.16881820559501648,
                    -0.680527925491333
                ],
                [
                    -0.1821696013212204,
                    -0.3694918751716614,
                    0.9112024903297424,
                    3.6731746196746826
                ],
                [
                    7.450580152834618e-09,
                    0.9267089366912842,
                    0.37577980756759644,
                    1.5148168802261353
                ],
                [
                    0.0,
                    0.0,
                    0.0,
                    1.0
                ]
            ]
        },
        {
            "file_path": "/data/shapenet_blender/all_50_random/02958343/a471cdae8ec5df5c9e317a6cc797b629/r_21",
            "rotation": 0.12566370614359174,
            "transform_matrix": [
                [
                    -0.719184398651123,
                    -0.16863152384757996,
                    -0.6740453839302063,
                    -2.7171638011932373
                ],
                [
                    -0.6948192119598389,
                    0.17454491555690765,
                    0.6976820826530457,
                    2.812446355819702
                ],
                [
                    0.0,
                    0.9701017737388611,
                    -0.24269841611385345,
                    -0.9783486127853394
                ],
                [
                    0.0,
                    0.0,
                    0.0,
                    1.0
                ]
            ]
        },
        {
            "file_path": "/data/shapenet_blender/all_50_random/02958343/a471cdae8ec5df5c9e317a6cc797b629/r_22",
            "rotation": 0.12566370614359174,
            "transform_matrix": [
                [
                    -0.9952020645141602,
                    -0.08252276480197906,
                    -0.052562493830919266,
                    -0.2118861973285675
                ],
                [
                    -0.0978407934308052,
                    0.8393924236297607,
                    0.5346471071243286,
                    2.155231475830078
                ],
                [
                    0.0,
                    0.5372246503829956,
                    -0.8434391617774963,
                    -3.4000120162963867
                ],
                [
                    0.0,
                    0.0,
                    0.0,
                    1.0
                ]
            ]
        },
        {
            "file_path": "/data/shapenet_blender/all_50_random/02958343/a471cdae8ec5df5c9e317a6cc797b629/r_23",
            "rotation": 0.12566370614359174,
            "transform_matrix": [
                [
                    -0.1851104199886322,
                    0.25117141008377075,
                    0.9500774145126343,
                    3.8298845291137695
                ],
                [
                    0.982717752456665,
                    0.04731210693717003,
                    0.1789621114730835,
                    0.7214193344116211
                ],
                [
                    0.0,
                    0.9667856097221375,
                    -0.255588561296463,
                    -1.0303103923797607
                ],
                [
                    0.0,
                    0.0,
                    0.0,
                    1.0
                ]
            ]
        },
        {
            "file_path": "/data/shapenet_blender/all_50_random/02958343/a471cdae8ec5df5c9e317a6cc797b629/r_24",
            "rotation": 0.12566370614359174,
            "transform_matrix": [
                [
                    -0.8327679634094238,
                    0.08984284102916718,
                    0.5462836623191833,
                    2.2021398544311523
                ],
                [
                    0.5536222457885742,
                    0.13514313101768494,
                    0.8217291831970215,
                    3.3124961853027344
                ],
                [
                    0.0,
                    0.9867444038391113,
                    -0.16228187084197998,
                    -0.6541791558265686
                ],
                [
                    0.0,
                    0.0,
                    0.0,
                    1.0
                ]
            ]
        },
        {
            "file_path": "/data/shapenet_blender/all_50_random/02958343/a471cdae8ec5df5c9e317a6cc797b629/r_25",
            "rotation": 0.12566370614359174,
            "transform_matrix": [
                [
                    0.08113320171833038,
                    -0.14784802496433258,
                    0.9856765866279602,
                    3.9733893871307373
                ],
                [
                    0.9967033267021179,
                    0.012035060673952103,
                    -0.08023560792207718,
                    -0.3234400749206543
                ],
                [
                    -9.313225746154785e-10,
                    0.9889368414878845,
                    0.14833706617355347,
                    0.5979658365249634
                ],
                [
                    0.0,
                    0.0,
                    0.0,
                    1.0
                ]
            ]
        },
        {
            "file_path": "/data/shapenet_blender/all_50_random/02958343/a471cdae8ec5df5c9e317a6cc797b629/r_26",
            "rotation": 0.12566370614359174,
            "transform_matrix": [
                [
                    -0.993643045425415,
                    0.07318491488695145,
                    0.08554302901029587,
                    0.34483498334884644
                ],
                [
                    0.11257728934288025,
                    0.645953357219696,
                    0.75503009557724,
                    3.043623685836792
                ],
                [
                    7.450581485102248e-09,
                    0.7598605155944824,
                    -0.6500860452651978,
                    -2.6205806732177734
                ],
                [
                    0.0,
                    0.0,
                    0.0,
                    1.0
                ]
            ]
        },
        {
            "file_path": "/data/shapenet_blender/all_50_random/02958343/a471cdae8ec5df5c9e317a6cc797b629/r_27",
            "rotation": 0.12566370614359174,
            "transform_matrix": [
                [
                    -0.7832546830177307,
                    0.24246537685394287,
                    -0.5724706649780273,
                    -2.3077030181884766
                ],
                [
                    -0.6217010617256165,
                    -0.305471807718277,
                    0.7212314605712891,
                    2.907377004623413
                ],
                [
                    0.0,
                    0.9208135008811951,
                    0.39000317454338074,
                    1.572153091430664
                ],
                [
                    0.0,
                    0.0,
                    0.0,
                    1.0
                ]
            ]
        },
        {
            "file_path": "/data/shapenet_blender/all_50_random/02958343/a471cdae8ec5df5c9e317a6cc797b629/r_28",
            "rotation": 0.12566370614359174,
            "transform_matrix": [
                [
                    -0.8952003121376038,
                    -0.16785497963428497,
                    -0.41284507513046265,
                    -1.664231777191162
                ],
                [
                    -0.4456639587879181,
                    0.33716848492622375,
                    0.8292773962020874,
                    3.342924118041992
                ],
                [
                    1.4901161193847656e-08,
                    0.9263594746589661,
                    -0.37664029002189636,
                    -1.5182855129241943
                ],
                [
                    0.0,
                    0.0,
                    0.0,
                    1.0
                ]
            ]
        },
        {
            "file_path": "/data/shapenet_blender/all_50_random/02958343/a471cdae8ec5df5c9e317a6cc797b629/r_29",
            "rotation": 0.12566370614359174,
            "transform_matrix": [
                [
                    0.45208945870399475,
                    0.044876206666231155,
                    0.8908429741859436,
                    3.5911030769348145
                ],
                [
                    0.8919727206230164,
                    -0.02274515852332115,
                    -0.4515168368816376,
                    -1.8201227188110352
                ],
                [
                    1.862645371275562e-09,
                    0.9987335205078125,
                    -0.050311192870140076,
                    -0.20281091332435608
                ],
                [
                    0.0,
                    0.0,
                    0.0,
                    1.0
                ]
            ]
        },
        {
            "file_path": "/data/shapenet_blender/all_50_random/02958343/a471cdae8ec5df5c9e317a6cc797b629/r_30",
            "rotation": 0.12566370614359174,
            "transform_matrix": [
                [
                    -0.9451078772544861,
                    -0.07359452545642853,
                    0.3183630406856537,
                    1.2833625078201294
                ],
                [
                    0.32675859332084656,
                    -0.21286281943321228,
                    0.9208247065544128,
                    3.711963176727295
                ],
                [
                    0.0,
                    0.974306583404541,
                    0.22522595524787903,
                    0.9079148769378662
                ],
                [
                    0.0,
                    0.0,
                    0.0,
                    1.0
                ]
            ]
        },
        {
            "file_path": "/data/shapenet_blender/all_50_random/02958343/a471cdae8ec5df5c9e317a6cc797b629/r_31",
            "rotation": 0.12566370614359174,
            "transform_matrix": [
                [
                    -0.4691513180732727,
                    -0.1566176563501358,
                    -0.8691189885139465,
                    -3.503530979156494
                ],
                [
                    -0.8831178545951843,
                    0.08320223540067673,
                    0.461714506149292,
                    1.8612308502197266
                ],
                [
                    0.0,
                    0.9841485023498535,
                    -0.17734627425670624,
                    -0.7149057388305664
                ],
                [
                    0.0,
                    0.0,
                    0.0,
                    1.0
                ]
            ]
        },
        {
            "file_path": "/data/shapenet_blender/all_50_random/02958343/a471cdae8ec5df5c9e317a6cc797b629/r_32",
            "rotation": 0.12566370614359174,
            "transform_matrix": [
                [
                    -0.9967164993286133,
                    0.0648377537727356,
                    -0.048500511795282364,
                    -0.1955118179321289
                ],
                [
                    -0.08097057789564133,
                    -0.7981277108192444,
                    0.597022533416748,
                    2.406674861907959
                ],
                [
                    -3.725290298461914e-09,
                    0.5989892482757568,
                    0.8007569909095764,
                    3.227954626083374
                ],
                [
                    0.0,
                    0.0,
                    0.0,
                    1.0
                ]
            ]
        },
        {
            "file_path": "/data/shapenet_blender/all_50_random/02958343/a471cdae8ec5df5c9e317a6cc797b629/r_33",
            "rotation": 0.12566370614359174,
            "transform_matrix": [
                [
                    0.8510701656341553,
                    -0.005147309973835945,
                    -0.5250266194343567,
                    -2.116450309753418
                ],
                [
                    -0.5250519514083862,
                    -0.008343406952917576,
                    -0.8510292172431946,
                    -3.4306087493896484
                ],
                [
                    4.656612873077393e-10,
                    0.999951958656311,
                    -0.009803429245948792,
                    -0.039518892765045166
                ],
                [
                    0.0,
                    0.0,
                    0.0,
                    1.0
                ]
            ]
        },
        {
            "file_path": "/data/shapenet_blender/all_50_random/02958343/a471cdae8ec5df5c9e317a6cc797b629/r_34",
            "rotation": 0.12566370614359174,
            "transform_matrix": [
                [
                    -0.9773452281951904,
                    -0.016500528901815414,
                    -0.2110072672367096,
                    -0.8505975008010864
                ],
                [
                    -0.21165145933628082,
                    0.07619466632604599,
                    0.974370539188385,
                    3.9278132915496826
                ],
                [
                    0.0,
                    0.9969563484191895,
                    -0.07796086370944977,
                    -0.3142702877521515
                ],
                [
                    0.0,
                    0.0,
                    0.0,
                    1.0
                ]
            ]
        },
        {
            "file_path": "/data/shapenet_blender/all_50_random/02958343/a471cdae8ec5df5c9e317a6cc797b629/r_35",
            "rotation": 0.12566370614359174,
            "transform_matrix": [
                [
                    -0.2264954000711441,
                    0.06985297799110413,
                    0.9715040922164917,
                    3.9162585735321045
                ],
                [
                    0.9740122556686401,
                    0.01624351181089878,
                    0.2259121686220169,
                    0.9106811285018921
                ],
                [
                    0.0,
                    0.9974250197410583,
                    -0.07171672582626343,
                    -0.28909939527511597
                ],
                [
                    0.0,
                    0.0,
                    0.0,
                    1.0
                ]
            ]
        },
        {
            "file_path": "/data/shapenet_blender/all_50_random/02958343/a471cdae8ec5df5c9e317a6cc797b629/r_36",
            "rotation": 0.12566370614359174,
            "transform_matrix": [
                [
                    -0.266785204410553,
                    0.6095002889633179,
                    0.7465486526489258,
                    3.009434223175049
                ],
                [
                    0.9637560844421387,
                    0.16872075200080872,
                    0.2066582441329956,
                    0.8330661058425903
                ],
                [
                    1.4901162970204496e-08,
                    0.7746241092681885,
                    -0.6324217319488525,
                    -2.5493738651275635
                ],
                [
                    0.0,
                    0.0,
                    0.0,
                    1.0
                ]
            ]
        },
        {
            "file_path": "/data/shapenet_blender/all_50_random/02958343/a471cdae8ec5df5c9e317a6cc797b629/r_37",
            "rotation": 0.12566370614359174,
            "transform_matrix": [
                [
                    0.15733368694782257,
                    0.2970167398452759,
                    0.941821277141571,
                    3.796602487564087
                ],
                [
                    0.9875454306602478,
                    -0.04732009395956993,
                    -0.15004901587963104,
                    -0.6048668622970581
                ],
                [
                    0.0,
                    0.9536990523338318,
                    -0.3007626235485077,
                    -1.212412714958191
                ],
                [
                    0.0,
                    0.0,
                    0.0,
                    1.0
                ]
            ]
        },
        {
            "file_path": "/data/shapenet_blender/all_50_random/02958343/a471cdae8ec5df5c9e317a6cc797b629/r_38",
            "rotation": 0.12566370614359174,
            "transform_matrix": [
                [
                    0.08214332908391953,
                    0.00030249010887928307,
                    0.9966204762458801,
                    4.017505645751953
                ],
                [
                    0.9966205954551697,
                    -2.4931801817729138e-05,
                    -0.08214332163333893,
                    -0.33113032579421997
                ],
                [
                    1.8189894035458565e-12,
                    0.9999999403953552,
                    -0.0003035158442799002,
                    -0.001223511528223753
                ],
                [
                    0.0,
                    0.0,
                    0.0,
                    1.0
                ]
            ]
        },
        {
            "file_path": "/data/shapenet_blender/all_50_random/02958343/a471cdae8ec5df5c9e317a6cc797b629/r_39",
            "rotation": 0.12566370614359174,
            "transform_matrix": [
                [
                    0.5829474329948425,
                    -0.37680041790008545,
                    0.7198567390441895,
                    2.9018354415893555
                ],
                [
                    0.8125099539756775,
                    0.27034109830856323,
                    -0.5164719820022583,
                    -2.081965208053589
                ],
                [
                    -1.4901162970204496e-08,
                    0.8859666585922241,
                    0.4637487530708313,
                    1.8694310188293457
                ],
                [
                    0.0,
                    0.0,
                    0.0,
                    1.0
                ]
            ]
        },
        {
            "file_path": "/data/shapenet_blender/all_50_random/02958343/a471cdae8ec5df5c9e317a6cc797b629/r_40",
            "rotation": 0.12566370614359174,
            "transform_matrix": [
                [
                    0.7817527651786804,
                    -0.5106826424598694,
                    0.35786283016204834,
                    1.4425913095474243
                ],
                [
                    0.623588502407074,
                    0.6402099132537842,
                    -0.44862955808639526,
                    -1.8084837198257446
                ],
                [
                    0.0,
                    0.5738765597343445,
                    0.8189416527748108,
                    3.301259756088257
                ],
                [
                    0.0,
                    0.0,
                    0.0,
                    1.0
                ]
            ]
        },
        {
            "file_path": "/data/shapenet_blender/all_50_random/02958343/a471cdae8ec5df5c9e317a6cc797b629/r_41",
            "rotation": 0.12566370614359174,
            "transform_matrix": [
                [
                    0.9712514877319336,
                    -0.05168028548359871,
                    0.23237858712673187,
                    0.9367480278015137
                ],
                [
                    0.238056018948555,
                    0.21085187792778015,
                    -0.9480879902839661,
                    -3.8218648433685303
                ],
                [
                    -3.725290742551124e-09,
