{
    "class": "02958343",
    "model": "2d817a6f23d35494d991a658ca89186",
    "remove_doubles": true,
    "edge_split": true,
    "denoise": true,
    "camera_angle_x": 0.6911112070083618,
    "scale_factor": 2.259675030939317,
    "hdri_file": "/data/IndoorHDRDataset2018/AG8A1466-8d4acf0f64.exr",
    "center_offset": [
        0.0,
        -1.57160684466362e-09,
        -3.725290298461914e-09
    ],
    "lights": [],
    "frames": [
        {
            "file_path": "/data/shapenet_blender/all_50_random/02958343/2d817a6f23d35494d991a658ca89186/r_0",
            "rotation": 0.12566370614359174,
            "transform_matrix": [
                [
                    0.14543113112449646,
                    0.7383227944374084,
                    0.6585812568664551,
                    2.6548259258270264
                ],
                [
                    0.9893684387207031,
                    -0.10852894932031631,
                    -0.09680743515491486,
                    -0.390243262052536
                ],
                [
                    0.0,
                    0.6656582355499268,
                    -0.7462567090988159,
                    -3.0082569122314453
                ],
                [
                    0.0,
                    0.0,
                    0.0,
                    1.0
                ]
            ]
        },
        {
            "file_path": "/data/shapenet_blender/all_50_random/02958343/2d817a6f23d35494d991a658ca89186/r_1",
            "rotation": 0.12566370614359174,
            "transform_matrix": [
                [
                    -0.828742265701294,
                    -0.5402822494506836,
                    -0.14588108658790588,
                    -0.588065505027771
                ],
                [
                    -0.5596304535865784,
                    0.8000900149345398,
                    0.2160315215587616,
                    0.8708509802818298
                ],
                [
                    7.450580596923828e-09,
                    0.2606741487979889,
                    -0.9654268622398376,
                    -3.8917603492736816
                ],
                [
                    0.0,
                    0.0,
                    0.0,
                    1.0
                ]
            ]
        },
        {
            "file_path": "/data/shapenet_blender/all_50_random/02958343/2d817a6f23d35494d991a658ca89186/r_2",
            "rotation": 0.12566370614359174,
            "transform_matrix": [
                [
                    0.9793868064880371,
                    0.1378934383392334,
                    -0.14760373532772064,
                    -0.5950097441673279
                ],
                [
                    -0.20199374854564667,
                    0.6685900688171387,
                    -0.7156714200973511,
                    -2.8849639892578125
                ],
                [
                    0.0,
                    0.7307342886924744,
                    0.6826619505882263,
                    2.7518985271453857
                ],
                [
                    0.0,
                    0.0,
                    0.0,
                    1.0
                ]
            ]
        },
        {
            "file_path": "/data/shapenet_blender/all_50_random/02958343/2d817a6f23d35494d991a658ca89186/r_3",
            "rotation": 0.12566370614359174,
            "transform_matrix": [
                [
                    -0.9581159353256226,
                    0.13276894390583038,
                    0.2537444531917572,
                    1.0228766202926636
                ],
                [
                    0.2863805890083313,
                    0.4441922903060913,
                    0.8489283323287964,
                    3.4221396446228027
                ],
                [
                    -1.4901161193847656e-08,
                    0.8860392570495605,
                    -0.4636101722717285,
                    -1.8688724040985107
                ],
                [
                    0.0,
                    0.0,
                    0.0,
                    1.0
                ]
            ]
        },
        {
            "file_path": "/data/shapenet_blender/all_50_random/02958343/2d817a6f23d35494d991a658ca89186/r_4",
            "rotation": 0.12566370614359174,
            "transform_matrix": [
                [
                    -0.6971362233161926,
                    -0.6424211263656616,
                    -0.31827038526535034,
                    -1.2829890251159668
                ],
                [
                    -0.7169386148452759,
                    0.6246770024299622,
                    0.3094795346260071,
                    1.2475520372390747
                ],
                [
                    0.0,
                    0.44392988085746765,
                    -0.8960614800453186,
                    -3.6121397018432617
                ],
                [
                    0.0,
                    0.0,
                    0.0,
                    1.0
                ]
            ]
        },
        {
            "file_path": "/data/shapenet_blender/all_50_random/02958343/2d817a6f23d35494d991a658ca89186/r_5",
            "rotation": 0.12566370614359174,
            "transform_matrix": [
                [
                    -0.3362661898136139,
                    0.28203481435775757,
                    0.8985440135002136,
                    3.6221468448638916
                ],
                [
                    0.9417669773101807,
                    0.10070300102233887,
                    0.3208330273628235,
                    1.2933193445205688
                ],
                [
                    0.0,
                    0.9541043639183044,
                    -0.2994740903377533,
                    -1.2072186470031738
                ],
                [
                    0.0,
                    0.0,
                    0.0,
                    1.0
                ]
            ]
        },
        {
            "file_path": "/data/shapenet_blender/all_50_random/02958343/2d817a6f23d35494d991a658ca89186/r_6",
            "rotation": 0.12566370614359174,
            "transform_matrix": [
                [
                    -0.6387414336204529,
                    -0.0898122489452362,
                    0.7641617655754089,
                    3.0804343223571777
                ],
                [
                    0.7694213390350342,
                    -0.07455836981534958,
                    0.6343750953674316,
                    2.5572474002838135
                ],
                [
                    3.7252896323280993e-09,
                    0.9931640625,
                    0.11672699451446533,
                    0.47054150700569153
                ],
                [
                    0.0,
                    0.0,
                    0.0,
                    1.0
                ]
            ]
        },
        {
            "file_path": "/data/shapenet_blender/all_50_random/02958343/2d817a6f23d35494d991a658ca89186/r_7",
            "rotation": 0.12566370614359174,
            "transform_matrix": [
                [
                    -0.9871741533279419,
                    -0.04767093434929848,
                    0.15236346423625946,
                    0.6141967177391052
                ],
                [
                    0.1596469134092331,
                    -0.2947724461555481,
                    0.9421370625495911,
                    3.79787540435791
                ],
                [
                    -3.7252898543727042e-09,
                    0.9543776512145996,
                    0.29860231280326843,
                    1.2037042379379272
                ],
                [
                    0.0,
                    0.0,
                    0.0,
                    1.0
                ]
            ]
        },
        {
            "file_path": "/data/shapenet_blender/all_50_random/02958343/2d817a6f23d35494d991a658ca89186/r_8",
            "rotation": 0.12566370614359174,
            "transform_matrix": [
                [
                    0.25090155005455017,
                    0.00491518946364522,
                    -0.9680001139640808,
                    -3.9021332263946533
                ],
                [
                    -0.9680126309394836,
                    0.0012739800149574876,
                    -0.2508983314037323,
                    -1.0114035606384277
                ],
                [
                    -1.1641531488804091e-10,
                    0.9999870657920837,
                    0.005077608861029148,
                    0.020468495786190033
                ],
                [
                    0.0,
                    0.0,
                    0.0,
                    1.0
                ]
            ]
        },
        {
            "file_path": "/data/shapenet_blender/all_50_random/02958343/2d817a6f23d35494d991a658ca89186/r_9",
            "rotation": 0.12566370614359174,
            "transform_matrix": [
                [
                    -0.5105737447738647,
                    -0.5943785905838013,
                    0.6213119626045227,
                    2.5045888423919678
                ],
                [
                    0.8598340153694153,
                    -0.3529449999332428,
                    0.3689381778240204,
                    1.4872374534606934
                ],
                [
                    0.0,
                    0.7225952744483948,
                    0.6912712454795837,
                    2.7866036891937256
                ],
                [
                    0.0,
                    0.0,
                    0.0,
                    1.0
                ]
            ]
        },
        {
            "file_path": "/data/shapenet_blender/all_50_random/02958343/2d817a6f23d35494d991a658ca89186/r_10",
            "rotation": 0.12566370614359174,
            "transform_matrix": [
                [
                    -0.8058651685714722,
                    0.11711478233337402,
                    -0.5804011225700378,
                    -2.3396716117858887
                ],
                [
                    -0.5920990705490112,
                    -0.15939682722091675,
                    0.7899438738822937,
                    3.1843655109405518
                ],
                [
                    7.450580152834618e-09,
                    0.9802431464195251,
                    0.19779592752456665,
                    0.7973408699035645
                ],
                [
                    0.0,
                    0.0,
                    0.0,
                    1.0
                ]
            ]
        },
        {
            "file_path": "/data/shapenet_blender/all_50_random/02958343/2d817a6f23d35494d991a658ca89186/r_11",
            "rotation": 0.12566370614359174,
            "transform_matrix": [
                [
                    0.7983202934265137,
                    0.5902805328369141,
                    0.11938782781362534,
                    0.4812677502632141
                ],
                [
                    0.6022330522537231,
                    -0.7824760675430298,
                    -0.1582605391740799,
                    -0.6379687190055847
                ],
                [
                    0.0,
                    0.19824181497097015,
                    -0.9801530241966248,
                    -3.9511234760284424
                ],
                [
                    0.0,
                    0.0,
                    0.0,
                    1.0
                ]
            ]
        },
        {
            "file_path": "/data/shapenet_blender/all_50_random/02958343/2d817a6f23d35494d991a658ca89186/r_12",
            "rotation": 0.12566370614359174,
            "transform_matrix": [
                [
                    0.056582700461149216,
                    0.6436944007873535,
                    0.7631879448890686,
                    3.0765089988708496
                ],
                [
                    0.9983980059623718,
                    -0.036480408161878586,
                    -0.043252523988485336,
                    -0.17435650527477264
                ],
                [
                    0.0,
                    0.7644124627113342,
                    -0.6447274088859558,
                    -2.5989792346954346
                ],
                [
                    0.0,
                    0.0,
                    0.0,
                    1.0
                ]
            ]
        },
        {
            "file_path": "/data/shapenet_blender/all_50_random/02958343/2d817a6f23d35494d991a658ca89186/r_13",
            "rotation": 0.12566370614359174,
            "transform_matrix": [
                [
                    -0.3655734658241272,
                    0.3213352859020233,
                    0.8735557198524475,
                    3.5214157104492188
                ],
                [
                    0.9307825565338135,
                    0.1262074112892151,
                    0.34309712052345276,
                    1.3830686807632446
                ],
                [
                    7.450581485102248e-09,
                    0.9385175704956055,
                    -0.3452313542366028,
                    -1.391672134399414
                ],
                [
                    0.0,
                    0.0,
                    0.0,
                    1.0
                ]
            ]
        },
        {
            "file_path": "/data/shapenet_blender/all_50_random/02958343/2d817a6f23d35494d991a658ca89186/r_14",
            "rotation": 0.12566370614359174,
            "transform_matrix": [
                [
                    0.4381389915943146,
                    0.07506458461284637,
                    0.8957675695419312,
                    3.610954523086548
                ],
                [
                    0.8989071846008301,
                    -0.03658745437860489,
                    -0.4366087019443512,
                    -1.760025978088379
                ],
                [
                    3.725290076417309e-09,
                    0.9965072274208069,
                    -0.0835064947605133,
                    -0.33662545680999756
                ],
                [
                    0.0,
                    0.0,
                    0.0,
                    1.0
                ]
            ]
        },
        {
            "file_path": "/data/shapenet_blender/all_50_random/02958343/2d817a6f23d35494d991a658ca89186/r_15",
            "rotation": 0.12566370614359174,
            "transform_matrix": [
                [
                    0.7489709854125977,
                    -0.05768792703747749,
                    0.6600866317749023,
                    2.6608946323394775
                ],
                [
                    0.6626027226448059,
                    0.06520737707614899,
                    -0.7461270093917847,
                    -3.007734537124634
                ],
                [
                    3.725290742551124e-09,
                    0.9962027668952942,
                    0.08706261962652206,
                    0.3509606719017029
                ],
                [
                    0.0,
                    0.0,
                    0.0,
                    1.0
                ]
            ]
        },
        {
            "file_path": "/data/shapenet_blender/all_50_random/02958343/2d817a6f23d35494d991a658ca89186/r_16",
            "rotation": 0.12566370614359174,
            "transform_matrix": [
                [
                    -0.9938856363296509,
                    0.014826295897364616,
                    0.10941481590270996,
                    0.4410652816295624
                ],
                [
                    0.1104147881269455,
                    0.13345713913440704,
                    0.98488450050354,
                    3.9701969623565674
                ],
                [
                    9.313225746154785e-10,
                    0.9909437298774719,
                    -0.13427813351154327,
                    -0.5412925481796265
                ],
                [
                    0.0,
                    0.0,
                    0.0,
                    1.0
                ]
            ]
        },
        {
            "file_path": "/data/shapenet_blender/all_50_random/02958343/2d817a6f23d35494d991a658ca89186/r_17",
            "rotation": 0.12566370614359174,
            "transform_matrix": [
                [
                    0.45427483320236206,
                    -0.3081665337085724,
                    -0.835863471031189,
                    -3.369473457336426
                ],
                [
                    -0.8908616900444031,
                    -0.15714257955551147,
                    -0.4262297451496124,
                    -1.7181870937347412
                ],
                [
                    0.0,
                    0.9382641315460205,
                    -0.3459196388721466,
                    -1.394446611404419
                ],
                [
                    0.0,
                    0.0,
                    0.0,
                    1.0
                ]
            ]
        },
        {
            "file_path": "/data/shapenet_blender/all_50_random/02958343/2d817a6f23d35494d991a658ca89186/r_18",
            "rotation": 0.12566370614359174,
            "transform_matrix": [
                [
                    -0.9995282292366028,
                    0.0008250186801888049,
                    0.03070010058581829,
                    0.12375606596469879
                ],
                [
                    0.030711183324456215,
                    0.026851115748286247,
                    0.9991675615310669,
                    4.027773380279541
                ],
                [
                    -5.8207657444020455e-11,
                    0.999639093875885,
                    -0.026863787323236465,
                    -0.1082913875579834
                ],
                [
                    0.0,
                    0.0,
                    0.0,
                    1.0
                ]
            ]
        },
        {
            "file_path": "/data/shapenet_blender/all_50_random/02958343/2d817a6f23d35494d991a658ca89186/r_19",
            "rotation": 0.12566370614359174,
            "transform_matrix": [
                [
                    -0.3898332715034485,
                    0.2112392634153366,
                    0.8963302969932556,
                    3.613223075866699
                ],
                [
                    0.920885443687439,
                    0.08942274004220963,
                    0.37943848967552185,
                    1.529565453529358
                ],
                [
                    0.0,
                    0.973335325717926,
                    -0.22938714921474457,
                    -0.9246891736984253
                ],
                [
                    0.0,
                    0.0,
                    0.0,
                    1.0
                ]
            ]
        },
        {
            "file_path": "/data/shapenet_blender/all_50_random/02958343/2d817a6f23d35494d991a658ca89186/r_20",
            "rotation": 0.12566370614359174,
            "transform_matrix": [
                [
                    -0.004833496641367674,
                    -0.35925933718681335,
                    -0.9332252144813538,
                    -3.761951208114624
                ],
                [
                    -0.9999883770942688,
                    0.0017364989034831524,
                    0.004510793369263411,
                    0.018183588981628418
                ],
                [
                    -1.1641533570472262e-10,
                    0.9332360625267029,
                    -0.35926353931427,
                    -1.448237657546997
                ],
                [
                    0.0,
                    0.0,
                    0.0,
                    1.0
                ]
            ]
        },
        {
            "file_path": "/data/shapenet_blender/all_50_random/02958343/2d817a6f23d35494d991a658ca89186/r_21",
            "rotation": 0.12566370614359174,
            "transform_matrix": [
                [
                    0.7674726247787476,
                    -0.18761706352233887,
                    -0.6130135655403137,
                    -2.4711365699768066
                ],
                [
                    -0.6410817503929138,
                    -0.2246062308549881,
                    -0.7338707447052002,
                    -2.958327531814575
                ],
                [
                    0.0,
                    0.9562175273895264,
                    -0.29265695810317993,
                    -1.17973792552948
                ],
                [
                    0.0,
                    0.0,
                    0.0,
                    1.0
                ]
            ]
        },
        {
            "file_path": "/data/shapenet_blender/all_50_random/02958343/2d817a6f23d35494d991a658ca89186/r_22",
            "rotation": 0.12566370614359174,
            "transform_matrix": [
                [
                    -0.9987527132034302,
                    -0.037234555929899216,
                    0.033266544342041016,
                    0.1341017484664917
                ],
                [
                    0.04993070662021637,
                    -0.744794487953186,
                    0.6654232740402222,
                    2.6824071407318115
                ],
                [
                    0.0,
                    0.6662542819976807,
                    0.7457245588302612,
                    3.0061120986938477
                ],
                [
                    0.0,
                    0.0,
                    0.0,
                    1.0
                ]
            ]
        },
        {
            "file_path": "/data/shapenet_blender/all_50_random/02958343/2d817a6f23d35494d991a658ca89186/r_23",
            "rotation": 0.12566370614359174,
            "transform_matrix": [
                [
                    -0.41245707869529724,
                    0.11920923739671707,
                    0.903143584728241,
                    3.640688180923462
                ],
                [
                    0.9109771251678467,
                    0.05397357419133186,
                    0.40891033411026,
                    1.6483702659606934
                ],
                [
                    3.725290742551124e-09,
                    0.991400957107544,
                    -0.1308586746454239,
                    -0.5275081992149353
                ],
                [
                    0.0,
                    0.0,
                    0.0,
                    1.0
                ]
            ]
        },
        {
            "file_path": "/data/shapenet_blender/all_50_random/02958343/2d817a6f23d35494d991a658ca89186/r_24",
            "rotation": 0.12566370614359174,
            "transform_matrix": [
                [
                    0.03837745264172554,
                    -0.4684849679470062,
                    -0.8826375007629395,
                    -3.55802583694458
                ],
                [
                    -0.9992634057998657,
                    -0.01799251139163971,
                    -0.03389834612607956,
                    -0.13664862513542175
                ],
                [
                    0.0,
                    0.8832882642745972,
                    -0.46883028745651245,
                    -1.8899154663085938
                ],
                [
                    0.0,
                    0.0,
                    0.0,
                    1.0
                ]
            ]
        },
        {
            "file_path": "/data/shapenet_blender/all_50_random/02958343/2d817a6f23d35494d991a658ca89186/r_25",
            "rotation": 0.12566370614359174,
            "transform_matrix": [
                [
                    0.5860786437988281,
                    -0.514927864074707,
                    -0.6255885362625122,
                    -2.5218281745910645
                ],
                [
                    -0.8102540373802185,
                    -0.3724612295627594,
                    -0.45250508189201355,
                    -1.8241064548492432
                ],
                [
                    0.0,
                    0.7720892429351807,
                    -0.635513961315155,
                    -2.5618388652801514
                ],
                [
                    0.0,
                    0.0,
                    0.0,
                    1.0
                ]
            ]
        },
        {
            "file_path": "/data/shapenet_blender/all_50_random/02958343/2d817a6f23d35494d991a658ca89186/r_26",
            "rotation": 0.12566370614359174,
            "transform_matrix": [
                [
                    -0.9285544157028198,
                    -0.05822722613811493,
                    -0.36660119891166687,
                    -1.4778167009353638
                ],
                [
                    -0.3711965084075928,
                    0.14565637707710266,
                    0.917059063911438,
                    3.6967833042144775
                ],
                [
                    0.0,
                    0.9876201748847961,
                    -0.15686361491680145,
                    -0.6323374509811401
                ],
                [
                    0.0,
                    0.0,
                    0.0,
                    1.0
                ]
            ]
        },
        {
            "file_path": "/data/shapenet_blender/all_50_random/02958343/2d817a6f23d35494d991a658ca89186/r_27",
            "rotation": 0.12566370614359174,
            "transform_matrix": [
                [
                    -0.6088181734085083,
                    0.6341073513031006,
                    -0.47670552134513855,
                    -1.9216612577438354
                ],
                [
                    -0.7933096289634705,
                    -0.4866397976875305,
                    0.3658432364463806,
                    1.4747612476348877
                ],
                [
                    0.0,
                    0.6009072065353394,
                    0.799318790435791,
                    3.2221570014953613
                ],
                [
                    0.0,
                    0.0,
                    0.0,
                    1.0
                ]
            ]
        },
        {
            "file_path": "/data/shapenet_blender/all_50_random/02958343/2d817a6f23d35494d991a658ca89186/r_28",
            "rotation": 0.12566370614359174,
            "transform_matrix": [
                [
                    -0.29494255781173706,
                    0.4012913703918457,
                    0.8671643733978271,
                    3.4956514835357666
                ],
                [
                    0.9555150270462036,
                    0.1238681748509407,
                    0.26767101883888245,
                    1.0790164470672607
                ],
                [
                    0.0,
                    0.9075360298156738,
                    -0.4199739694595337,
                    -1.6929692029953003
                ],
                [
                    0.0,
                    0.0,
                    0.0,
                    1.0
                ]
            ]
        },
        {
            "file_path": "/data/shapenet_blender/all_50_random/02958343/2d817a6f23d35494d991a658ca89186/r_29",
            "rotation": 0.12566370614359174,
            "transform_matrix": [
                [
                    0.9200749397277832,
                    0.3116574287414551,
                    -0.23734329640865326,
                    -0.9567614793777466
                ],
                [
                    -0.3917425572872162,
                    0.7319812178611755,
                    -0.5574415922164917,
                    -2.247119188308716
                ],
                [
                    1.4901162970204496e-08,
                    0.6058655977249146,
                    0.7955669164657593,
                    3.207033157348633
                ],
                [
                    0.0,
                    0.0,
                    0.0,
                    1.0
                ]
            ]
        },
        {
            "file_path": "/data/shapenet_blender/all_50_random/02958343/2d817a6f23d35494d991a658ca89186/r_30",
            "rotation": 0.12566370614359174,
            "transform_matrix": [
                [
                    0.28394049406051636,
                    -0.48326313495635986,
                    0.8281512260437012,
                    3.3383846282958984
                ],
                [
                    0.958841860294342,
                    0.1431080400943756,
                    -0.2452392727136612,
                    -0.988591194152832
                ],
                [
                    0.0,
                    0.8636995553970337,
                    0.5040069818496704,
                    2.031717300415039
                ],
                [
                    0.0,
                    0.0,
                    0.0,
                    1.0
                ]
            ]
        },
        {
            "file_path": "/data/shapenet_blender/all_50_random/02958343/2d817a6f23d35494d991a658ca89186/r_31",
            "rotation": 0.12566370614359174,
            "transform_matrix": [
                [
                    0.924129068851471,
                    0.1890900433063507,
                    -0.33200958371162415,
                    -1.3383734226226807
                ],
                [
                    -0.38208040595054626,
                    0.4573477804660797,
                    -0.8030239939689636,
                    -3.237093210220337
                ],
                [
                    1.4901160305669237e-08,
                    0.868952214717865,
                    0.4948959946632385,
                    1.9949893951416016
                ],
                [
                    0.0,
                    0.0,
                    0.0,
                    1.0
                ]
            ]
        },
        {
            "file_path": "/data/shapenet_blender/all_50_random/02958343/2d817a6f23d35494d991a658ca89186/r_32",
            "rotation": 0.12566370614359174,
            "transform_matrix": [
                [
                    0.7892209887504578,
                    0.25274860858917236,
                    0.5596858859062195,
                    2.2561662197113037
                ],
                [
                    0.6141092777252197,
                    -0.3248192071914673,
                    -0.719278872013092,
                    -2.899506092071533
                ],
                [
                    -1.4901161193847656e-08,
                    0.9113782644271851,
                    -0.4115694463253021,
                    -1.6590896844863892
                ],
                [
                    0.0,
                    0.0,
                    0.0,
                    1.0
                ]
            ]
        },
        {
            "file_path": "/data/shapenet_blender/all_50_random/02958343/2d817a6f23d35494d991a658ca89186/r_33",
            "rotation": 0.12566370614359174,
            "transform_matrix": [
                [
                    0.02862452156841755,
                    0.3104281723499298,
                    0.9501657485961914,
                    3.8302407264709473
                ],
                [
                    0.999590277671814,
                    -0.008889500051736832,
                    -0.027209188789129257,
                    -0.10968375205993652
                ],
                [
                    0.0,
                    0.950555145740509,
                    -0.31055542826652527,
                    -1.2518889904022217
                ],
                [
                    0.0,
                    0.0,
                    0.0,
                    1.0
                ]
            ]
        },
        {
            "file_path": "/data/shapenet_blender/all_50_random/02958343/2d817a6f23d35494d991a658ca89186/r_34",
            "rotation": 0.12566370614359174,
            "transform_matrix": [
                [
                    -0.9692225456237793,
                    -0.006974116899073124,
                    0.24608762562274933,
                    0.9920109510421753
                ],
                [
                    0.24618643522262573,
                    -0.02745671570301056,
                    0.9688335061073303,
                    3.9054927825927734
                ],
                [
                    -4.656612873077393e-10,
                    0.9995986223220825,
                    0.028328601270914078,
                    0.11419624090194702
                ],
                [
                    0.0,
                    0.0,
                    0.0,
                    1.0
                ]
            ]
        },
        {
            "file_path": "/data/shapenet_blender/all_50_random/02958343/2d817a6f23d35494d991a658ca89186/r_35",
            "rotation": 0.12566370614359174,
            "transform_matrix": [
                [
                    0.9895839095115662,
                    0.022684412077069283,
                    0.14215843379497528,
                    0.5730589628219604
                ],
                [
                    0.14395694434642792,
                    -0.15593641996383667,
                    -0.9772206544876099,
                    -3.939302444458008
                ],
                [
                    1.8626450382086546e-09,
                    0.9875065684318542,
                    -0.1575777530670166,
                    -0.635216236114502
                ],
                [
                    0.0,
                    0.0,
                    0.0,
                    1.0
                ]
            ]
        },
        {
            "file_path": "/data/shapenet_blender/all_50_random/02958343/2d817a6f23d35494d991a658ca89186/r_36",
            "rotation": 0.12566370614359174,
            "transform_matrix": [
                [
                    0.920944333076477,
                    -0.14307260513305664,
                    -0.3624802529811859,
                    -1.4612046480178833
                ],
                [
                    -0.3896943926811218,
                    -0.33811596035957336,
                    -0.8566305637359619,
                    -3.453188180923462
                ],
                [
                    7.450580596923828e-09,
                    0.9301655292510986,
                    -0.367140531539917,
                    -1.479990839958191
                ],
                [
                    0.0,
                    0.0,
                    0.0,
                    1.0
                ]
            ]
        },
        {
            "file_path": "/data/shapenet_blender/all_50_random/02958343/2d817a6f23d35494d991a658ca89186/r_37",
            "rotation": 0.12566370614359174,
            "transform_matrix": [
                [
                    0.1753842830657959,
                    0.24014808237552643,
                    0.9547613263130188,
                    3.8487660884857178
                ],
                [
                    0.9845000505447388,
                    -0.04278130829334259,
                    -0.17008645832538605,
                    -0.6856404542922974
                ],
                [
                    0.0,
                    0.9697931408882141,
                    -0.2439289540052414,
                    -0.9833090901374817
                ],
                [
                    0.0,
                    0.0,
                    0.0,
                    1.0
                ]
            ]
        },
        {
            "file_path": "/data/shapenet_blender/all_50_random/02958343/2d817a6f23d35494d991a658ca89186/r_38",
            "rotation": 0.12566370614359174,
            "transform_matrix": [
                [
                    -0.5559547543525696,
                    0.5195240378379822,
                    0.6488521099090576,
                    2.6156065464019775
                ],
                [
                    0.8312125205993652,
                    0.3474825918674469,
                    0.43398338556289673,
                    1.7494429349899292
                ],
                [
                    0.0,
                    0.7806091904640198,
                    -0.6250194907188416,
                    -2.519534111022949
                ],
                [
                    0.0,
                    0.0,
                    0.0,
                    1.0
                ]
            ]
        },
        {
            "file_path": "/data/shapenet_blender/all_50_random/02958343/2d817a6f23d35494d991a658ca89186/r_39",
            "rotation": 0.12566370614359174,
            "transform_matrix": [
                [
                    0.41426488757133484,
                    0.4506895840167999,
                    0.7907360196113586,
                    3.187558889389038
                ],
                [
                    0.9101563096046448,
                    -0.20513495802879333,
                    -0.3599098026752472,
                    -1.4508428573608398
                ],
                [
                    0.0,
                    0.8687914609909058,
                    -0.4951781928539276,
                    -1.9961271286010742
                ],
                [
                    0.0,
                    0.0,
                    0.0,
                    1.0
                ]
            ]
        },
        {
            "file_path": "/data/shapenet_blender/all_50_random/02958343/2d817a6f23d35494d991a658ca89186/r_40",
            "rotation": 0.12566370614359174,
            "transform_matrix": [
                [
                    0.8381637930870056,
                    -0.026879917830228806,
                    0.5447558164596558,
                    2.19598126411438
                ],
                [
                    0.5454186201095581,
                    0.04130730405449867,
                    -0.837145209312439,
                    -3.374640464782715
                ],
                [
                    1.862645149230957e-09,
                    0.9987847208976746,
                    0.049283094704151154,
                    0.1986665278673172
                ],
                [
                    0.0,
                    0.0,
                    0.0,
                    1.0
                ]
            ]
        },
        {
            "file_path": "/data/shapenet_blender/all_50_random/02958343/2d817a6f23d35494d991a658ca89186/r_41",
            "rotation": 0.12566370614359174,
            "transform_matrix": [
                [
                    -0.9551398158073425,
                    -0.021144840866327286,
                    -0.29539963603019714,
                    -1.1907939910888672
                ],
                [
                    -0.29615548253059387,
                    0.06819485872983932,
                    0.9527021646499634,
                    3.8404650688171387
                ],
                [
                    1.862645149230957e-09,
