{
    "class": "02958343",
    "model": "8fadf13734ff86b5f9e6f9c7735c6b41",
    "remove_doubles": true,
    "edge_split": true,
    "denoise": true,
    "camera_angle_x": 0.6911112070083618,
    "scale_factor": 2.250012354993117,
    "hdri_file": "/data/IndoorHDRDataset2018/AG8A3554-d4197d3321.exr",
    "center_offset": [
        0.0,
        -1.862645149230957e-09,
        -3.725290298461914e-09
    ],
    "lights": [],
    "frames": [
        {
            "file_path": "/data/shapenet_blender/all_50_random/02958343/8fadf13734ff86b5f9e6f9c7735c6b41/r_0",
            "rotation": 0.12566370614359174,
            "transform_matrix": [
                [
                    0.7655449509620667,
                    0.0655781477689743,
                    0.640031635761261,
                    2.580049991607666
                ],
                [
                    0.6433824300765991,
                    -0.0780298188328743,
                    -0.7615578770637512,
                    -3.0699379444122314
                ],
                [
                    -3.725290298461914e-09,
                    0.9947918653488159,
                    -0.10192715376615524,
                    -0.41088148951530457
                ],
                [
                    0.0,
                    0.0,
                    0.0,
                    1.0
                ]
            ]
        },
        {
            "file_path": "/data/shapenet_blender/all_50_random/02958343/8fadf13734ff86b5f9e6f9c7735c6b41/r_1",
            "rotation": 0.12566370614359174,
            "transform_matrix": [
                [
                    0.8680115342140198,
                    0.18460413813591003,
                    -0.4609527289867401,
                    -1.8581598997116089
                ],
                [
                    -0.4965442419052124,
                    0.3227074444293976,
                    -0.805793821811676,
                    -3.2482588291168213
                ],
                [
                    1.4901162970204496e-08,
                    0.9283216595649719,
                    0.37177789211273193,
                    1.4986846446990967
                ],
                [
                    0.0,
                    0.0,
                    0.0,
                    1.0
                ]
            ]
        },
        {
            "file_path": "/data/shapenet_blender/all_50_random/02958343/8fadf13734ff86b5f9e6f9c7735c6b41/r_2",
            "rotation": 0.12566370614359174,
            "transform_matrix": [
                [
                    -0.8999494314193726,
                    0.10872290283441544,
                    0.422220915555954,
                    1.7020269632339478
                ],
                [
                    0.43599453568458557,
                    0.22441822290420532,
                    0.8715189695358276,
                    3.5132052898406982
                ],
                [
                    0.0,
                    0.9684088826179504,
                    -0.2493676245212555,
                    -1.0052330493927002
                ],
                [
                    0.0,
                    0.0,
                    0.0,
                    1.0
                ]
            ]
        },
        {
            "file_path": "/data/shapenet_blender/all_50_random/02958343/8fadf13734ff86b5f9e6f9c7735c6b41/r_3",
            "rotation": 0.12566370614359174,
            "transform_matrix": [
                [
                    -0.8937433362007141,
                    0.2197635918855667,
                    -0.39105868339538574,
                    -1.5764080286026
                ],
                [
                    -0.4485788345336914,
                    -0.43785446882247925,
                    0.779140830039978,
                    3.140817165374756
                ],
                [
                    0.0,
                    0.8717724680900574,
                    0.4899108111858368,
                    1.9748936891555786
                ],
                [
                    0.0,
                    0.0,
                    0.0,
                    1.0
                ]
            ]
        },
        {
            "file_path": "/data/shapenet_blender/all_50_random/02958343/8fadf13734ff86b5f9e6f9c7735c6b41/r_4",
            "rotation": 0.12566370614359174,
            "transform_matrix": [
                [
                    0.9823838472366333,
                    -0.08188531547784805,
                    0.16797873377799988,
                    0.677143931388855
                ],
                [
                    0.18687446415424347,
                    0.4304644465446472,
                    -0.8830505609512329,
                    -3.5596907138824463
                ],
                [
                    0.0,
                    0.8988854885101318,
                    0.43818357586860657,
                    1.7663744688034058
                ],
                [
                    0.0,
                    0.0,
                    0.0,
                    1.0
                ]
            ]
        },
        {
            "file_path": "/data/shapenet_blender/all_50_random/02958343/8fadf13734ff86b5f9e6f9c7735c6b41/r_5",
            "rotation": 0.12566370614359174,
            "transform_matrix": [
                [
                    0.2420063018798828,
                    0.6976860165596008,
                    -0.6742900013923645,
                    -2.7181499004364014
                ],
                [
                    -0.9702746868133545,
                    0.17401713132858276,
                    -0.16818168759346008,
                    -0.677962064743042
                ],
                [
                    0.0,
                    0.6949476003646851,
                    0.7190603613853455,
                    2.898625135421753
                ],
                [
                    0.0,
                    0.0,
                    0.0,
                    1.0
                ]
            ]
        },
        {
            "file_path": "/data/shapenet_blender/all_50_random/02958343/8fadf13734ff86b5f9e6f9c7735c6b41/r_6",
            "rotation": 0.12566370614359174,
            "transform_matrix": [
                [
                    -0.9742184281349182,
                    0.07879173010587692,
                    0.21140095591545105,
                    0.852184534072876
                ],
                [
                    0.2256069779396057,
                    0.3402392864227295,
                    0.9128738641738892,
                    3.6799123287200928
                ],
                [
                    7.450580596923828e-09,
                    0.9370320439338684,
                    -0.3492433428764343,
                    -1.4078449010849
                ],
                [
                    0.0,
                    0.0,
                    0.0,
                    1.0
                ]
            ]
        },
        {
            "file_path": "/data/shapenet_blender/all_50_random/02958343/8fadf13734ff86b5f9e6f9c7735c6b41/r_7",
            "rotation": 0.12566370614359174,
            "transform_matrix": [
                [
                    -0.9752796292304993,
                    -0.06392881274223328,
                    0.2115250527858734,
                    0.852684736251831
                ],
                [
                    0.22097453474998474,
                    -0.28215229511260986,
                    0.9335739612579346,
                    3.763356924057007
                ],
                [
                    3.725290298461914e-09,
                    0.9572372436523438,
                    0.2893039882183075,
                    1.1662217378616333
                ],
                [
                    0.0,
                    0.0,
                    0.0,
                    1.0
                ]
            ]
        },
        {
            "file_path": "/data/shapenet_blender/all_50_random/02958343/8fadf13734ff86b5f9e6f9c7735c6b41/r_8",
            "rotation": 0.12566370614359174,
            "transform_matrix": [
                [
                    -0.20336417853832245,
                    -0.9334573745727539,
                    -0.2954665720462799,
                    -1.1910638809204102
                ],
                [
                    -0.9791030883789062,
                    0.19388335943222046,
                    0.06136975809931755,
                    0.24738940596580505
                ],
                [
                    -3.7252896323280993e-09,
                    0.3017725944519043,
                    -0.9533799290657043,
                    -3.8431973457336426
                ],
                [
                    0.0,
                    0.0,
                    0.0,
                    1.0
                ]
            ]
        },
        {
            "file_path": "/data/shapenet_blender/all_50_random/02958343/8fadf13734ff86b5f9e6f9c7735c6b41/r_9",
            "rotation": 0.12566370614359174,
            "transform_matrix": [
                [
                    0.7789662480354309,
                    0.016030509024858475,
                    -0.6268609762191772,
                    -2.5269575119018555
                ],
                [
                    -0.627065896987915,
                    0.01991373300552368,
                    -0.7787115573883057,
                    -3.1390867233276367
                ],
                [
                    0.0,
                    0.9996731281280518,
                    0.02556431107223034,
                    0.1030530333518982
                ],
                [
                    0.0,
                    0.0,
                    0.0,
                    1.0
                ]
            ]
        },
        {
            "file_path": "/data/shapenet_blender/all_50_random/02958343/8fadf13734ff86b5f9e6f9c7735c6b41/r_10",
            "rotation": 0.12566370614359174,
            "transform_matrix": [
                [
                    0.476203590631485,
                    -0.010224349796772003,
                    -0.8792755007743835,
                    -3.544473171234131
                ],
                [
                    -0.8793349862098694,
                    -0.005536993965506554,
                    -0.4761714041233063,
                    -1.919508457183838
                ],
                [
                    0.0,
                    0.9999324083328247,
                    -0.011627363972365856,
                    -0.04687140882015228
                ],
                [
                    0.0,
                    0.0,
                    0.0,
                    1.0
                ]
            ]
        },
        {
            "file_path": "/data/shapenet_blender/all_50_random/02958343/8fadf13734ff86b5f9e6f9c7735c6b41/r_11",
            "rotation": 0.12566370614359174,
            "transform_matrix": [
                [
                    -0.1861586719751358,
                    -0.24877458810806274,
                    -0.9505030512809753,
                    -3.8316006660461426
                ],
                [
                    -0.9825196862220764,
                    0.04713549092411995,
                    0.180092453956604,
                    0.7259759902954102
                ],
                [
                    0.0,
                    0.9674139022827148,
                    -0.2532005310058594,
                    -1.0206841230392456
                ],
                [
                    0.0,
                    0.0,
                    0.0,
                    1.0
                ]
            ]
        },
        {
            "file_path": "/data/shapenet_blender/all_50_random/02958343/8fadf13734ff86b5f9e6f9c7735c6b41/r_12",
            "rotation": 0.12566370614359174,
            "transform_matrix": [
                [
                    -0.5924943089485168,
                    0.5463162660598755,
                    -0.592021107673645,
                    -2.3865137100219727
                ],
                [
                    -0.8055747151374817,
                    -0.4018116295337677,
                    0.4354272186756134,
                    1.755263328552246
                ],
                [
                    1.4901161193847656e-08,
                    0.7349053621292114,
                    0.6781695485115051,
                    2.7337892055511475
                ],
                [
                    0.0,
                    0.0,
                    0.0,
                    1.0
                ]
            ]
        },
        {
            "file_path": "/data/shapenet_blender/all_50_random/02958343/8fadf13734ff86b5f9e6f9c7735c6b41/r_13",
            "rotation": 0.12566370614359174,
            "transform_matrix": [
                [
                    -0.7962841391563416,
                    0.1370958387851715,
                    -0.5891827344894409,
                    -2.3750717639923096
                ],
                [
                    -0.6049228310585022,
                    -0.1804647296667099,
                    0.7755647897720337,
                    3.126401901245117
                ],
                [
                    0.0,
                    0.9739800691604614,
                    0.22663357853889465,
                    0.9135892391204834
                ],
                [
                    0.0,
                    0.0,
                    0.0,
                    1.0
                ]
            ]
        },
        {
            "file_path": "/data/shapenet_blender/all_50_random/02958343/8fadf13734ff86b5f9e6f9c7735c6b41/r_14",
            "rotation": 0.12566370614359174,
            "transform_matrix": [
                [
                    -0.11856105178594589,
                    -0.21714535355567932,
                    0.9689123034477234,
                    3.905810594558716
                ],
                [
                    0.9929466843605042,
                    -0.02592785842716694,
                    0.11569126695394516,
                    0.4663664400577545
                ],
                [
                    0.0,
                    0.975794792175293,
                    0.21868781745433807,
                    0.8815588355064392
                ],
                [
                    0.0,
                    0.0,
                    0.0,
                    1.0
                ]
            ]
        },
        {
            "file_path": "/data/shapenet_blender/all_50_random/02958343/8fadf13734ff86b5f9e6f9c7735c6b41/r_15",
            "rotation": 0.12566370614359174,
            "transform_matrix": [
                [
                    0.42756420373916626,
                    0.3287157118320465,
                    0.8421014547348022,
                    3.3946194648742676
                ],
                [
                    0.9039850234985352,
                    -0.15547500550746918,
                    -0.39829471707344055,
                    -1.6055773496627808
                ],
                [
                    0.0,
                    0.9315436482429504,
                    -0.36362960934638977,
                    -1.465837836265564
                ],
                [
                    0.0,
                    0.0,
                    0.0,
                    1.0
                ]
            ]
        },
        {
            "file_path": "/data/shapenet_blender/all_50_random/02958343/8fadf13734ff86b5f9e6f9c7735c6b41/r_16",
            "rotation": 0.12566370614359174,
            "transform_matrix": [
                [
                    -0.9991626143455505,
                    -0.002882530214264989,
                    0.04081330448389053,
                    0.1645236760377884
                ],
                [
                    0.04091496765613556,
                    -0.07039272785186768,
                    0.996679961681366,
                    4.017745018005371
                ],
                [
                    -2.3283062977608182e-10,
                    0.9975152015686035,
                    0.07045172899961472,
                    0.2839999794960022
                ],
                [
                    0.0,
                    0.0,
                    0.0,
                    1.0
                ]
            ]
        },
        {
            "file_path": "/data/shapenet_blender/all_50_random/02958343/8fadf13734ff86b5f9e6f9c7735c6b41/r_17",
            "rotation": 0.12566370614359174,
            "transform_matrix": [
                [
                    -0.3450281322002411,
                    -0.1177925318479538,
                    0.9311715364456177,
                    3.7536725997924805
                ],
                [
                    0.9385923743247986,
                    -0.04330073297023773,
                    0.3423002362251282,
                    1.3798563480377197
                ],
                [
                    0.0,
                    0.9920936822891235,
                    0.12549912929534912,
                    0.5059031844139099
                ],
                [
                    0.0,
                    0.0,
                    0.0,
                    1.0
                ]
            ]
        },
        {
            "file_path": "/data/shapenet_blender/all_50_random/02958343/8fadf13734ff86b5f9e6f9c7735c6b41/r_18",
            "rotation": 0.12566370614359174,
            "transform_matrix": [
                [
                    -0.9813287854194641,
                    -0.05509725213050842,
                    0.18427713215351105,
                    0.7428449392318726
                ],
                [
                    0.19233766198158264,
                    -0.2811124920845032,
                    0.940203070640564,
                    3.7900800704956055
                ],
                [
                    0.0,
                    0.9580919146537781,
                    0.2864610254764557,
                    1.1547614336013794
                ],
                [
                    0.0,
                    0.0,
                    0.0,
                    1.0
                ]
            ]
        },
        {
            "file_path": "/data/shapenet_blender/all_50_random/02958343/8fadf13734ff86b5f9e6f9c7735c6b41/r_19",
            "rotation": 0.12566370614359174,
            "transform_matrix": [
                [
                    0.664692223072052,
                    -0.3688756227493286,
                    0.6497037410736084,
                    2.61903977394104
                ],
                [
                    0.747117280960083,
                    0.3281797468662262,
                    -0.578025758266449,
                    -2.330096483230591
                ],
                [
                    0.0,
                    0.8696141839027405,
                    0.49373188614845276,
                    1.9902969598770142
                ],
                [
                    0.0,
                    0.0,
                    0.0,
                    1.0
                ]
            ]
        },
        {
            "file_path": "/data/shapenet_blender/all_50_random/02958343/8fadf13734ff86b5f9e6f9c7735c6b41/r_20",
            "rotation": 0.12566370614359174,
            "transform_matrix": [
                [
                    -0.9997143745422363,
                    -0.0023336270824074745,
                    0.023785537108778954,
                    0.09588256478309631
                ],
                [
                    0.023899739608168602,
                    -0.09761445969343185,
                    0.9949373006820679,
                    4.010720252990723
                ],
                [
                    -2.3283061589829401e-10,
                    0.9952215552330017,
                    0.09764236211776733,
                    0.3936089277267456
                ],
                [
                    0.0,
                    0.0,
                    0.0,
                    1.0
                ]
            ]
        },
        {
            "file_path": "/data/shapenet_blender/all_50_random/02958343/8fadf13734ff86b5f9e6f9c7735c6b41/r_21",
            "rotation": 0.12566370614359174,
            "transform_matrix": [
                [
                    -0.9999047517776489,
                    -0.004968269262462854,
                    -0.012872187420725822,
                    -0.05188944935798645
                ],
                [
                    -0.013797715306282043,
                    0.3600448668003082,
                    0.9328328371047974,
                    3.7603697776794434
                ],
                [
                    0.0,
                    0.9329215884208679,
                    -0.3600791394710541,
                    -1.4515255689620972
                ],
                [
                    0.0,
                    0.0,
                    0.0,
                    1.0
                ]
            ]
        },
        {
            "file_path": "/data/shapenet_blender/all_50_random/02958343/8fadf13734ff86b5f9e6f9c7735c6b41/r_22",
            "rotation": 0.12566370614359174,
            "transform_matrix": [
                [
                    -0.1416381299495697,
                    0.8957250118255615,
                    -0.42144450545310974,
                    -1.698897123336792
                ],
                [
                    -0.98991858959198,
                    -0.12816086411476135,
                    0.06030052900314331,
                    0.24307920038700104
                ],
                [
                    0.0,
                    0.4257366359233856,
                    0.9048471450805664,
                    3.6475555896759033
                ],
                [
                    0.0,
                    0.0,
                    0.0,
                    1.0
                ]
            ]
        },
        {
            "file_path": "/data/shapenet_blender/all_50_random/02958343/8fadf13734ff86b5f9e6f9c7735c6b41/r_23",
            "rotation": 0.12566370614359174,
            "transform_matrix": [
                [
                    0.9805833101272583,
                    -0.010739668272435665,
                    0.19580864906311035,
                    0.7893298864364624
                ],
                [
                    0.19610296189785004,
                    0.05370209738612175,
                    -0.9791116714477539,
                    -3.946925401687622
                ],
                [
                    -9.313225746154785e-10,
                    0.9984991550445557,
                    0.05476546287536621,
                    0.22076664865016937
                ],
                [
                    0.0,
                    0.0,
                    0.0,
                    1.0
                ]
            ]
        },
        {
            "file_path": "/data/shapenet_blender/all_50_random/02958343/8fadf13734ff86b5f9e6f9c7735c6b41/r_24",
            "rotation": 0.12566370614359174,
            "transform_matrix": [
                [
                    -0.4149516224861145,
                    0.09074835479259491,
                    0.9053065180778503,
                    3.649407386779785
                ],
                [
                    0.9098434448242188,
                    0.04138753563165665,
                    0.4128825068473816,
                    1.6643825769424438
                ],
                [
                    3.7252898543727042e-09,
                    0.9950134754180908,
                    -0.0997406393289566,
                    -0.4020673632621765
                ],
                [
                    0.0,
                    0.0,
                    0.0,
                    1.0
                ]
            ]
        },
        {
            "file_path": "/data/shapenet_blender/all_50_random/02958343/8fadf13734ff86b5f9e6f9c7735c6b41/r_25",
            "rotation": 0.12566370614359174,
            "transform_matrix": [
                [
                    -0.33991754055023193,
                    -0.471677303314209,
                    0.8136193752288818,
                    3.2798049449920654
                ],
                [
                    0.9404551982879639,
                    -0.17048273980617523,
                    0.29407408833503723,
                    1.1854506731033325
                ],
                [
                    -1.4901160305669237e-08,
                    0.86513352394104,
                    0.5015414357185364,
                    2.0217783451080322
                ],
                [
                    0.0,
                    0.0,
                    0.0,
                    1.0
                ]
            ]
        },
        {
            "file_path": "/data/shapenet_blender/all_50_random/02958343/8fadf13734ff86b5f9e6f9c7735c6b41/r_26",
            "rotation": 0.12566370614359174,
            "transform_matrix": [
                [
                    -0.3850589990615845,
                    0.09792041033506393,
                    -0.9176824688911438,
                    -3.699296474456787
                ],
                [
                    -0.9228919744491577,
                    -0.04085541516542435,
                    0.3828854262828827,
                    1.543460488319397
                ],
                [
                    0.0,
                    0.9943552017211914,
                    0.10610171407461166,
                    0.427709698677063
                ],
                [
                    0.0,
                    0.0,
                    0.0,
                    1.0
                ]
            ]
        },
        {
            "file_path": "/data/shapenet_blender/all_50_random/02958343/8fadf13734ff86b5f9e6f9c7735c6b41/r_27",
            "rotation": 0.12566370614359174,
            "transform_matrix": [
                [
                    -0.45610883831977844,
                    -0.2609850764274597,
                    -0.8507946133613586,
                    -3.4296629428863525
                ],
                [
                    -0.8899241089820862,
                    0.13376152515411377,
                    0.43605396151542664,
                    1.7577898502349854
                ],
                [
                    7.450581485102248e-09,
                    0.9560304880142212,
                    -0.29326674342155457,
                    -1.1821961402893066
                ],
                [
                    0.0,
                    0.0,
                    0.0,
                    1.0
                ]
            ]
        },
        {
            "file_path": "/data/shapenet_blender/all_50_random/02958343/8fadf13734ff86b5f9e6f9c7735c6b41/r_28",
            "rotation": 0.12566370614359174,
            "transform_matrix": [
                [
                    0.5758389234542847,
                    0.09710491448640823,
                    0.8117759227752686,
                    3.2723734378814697
                ],
                [
                    0.8175632357597351,
                    -0.06839445233345032,
                    -0.57176274061203,
                    -2.30484938621521
                ],
                [
                    0.0,
                    0.9929213523864746,
                    -0.11877358704805374,
                    -0.47879165410995483
                ],
                [
                    0.0,
                    0.0,
                    0.0,
                    1.0
                ]
            ]
        },
        {
            "file_path": "/data/shapenet_blender/all_50_random/02958343/8fadf13734ff86b5f9e6f9c7735c6b41/r_29",
            "rotation": 0.12566370614359174,
            "transform_matrix": [
                [
                    -0.8067345023155212,
                    -0.3602047562599182,
                    0.4684356451034546,
                    1.888324499130249
                ],
                [
                    0.5909140110015869,
                    -0.4917629361152649,
                    0.6395231485366821,
                    2.57800030708313
                ],
                [
                    0.0,
                    0.7927306294441223,
                    0.609572172164917,
                    2.457263946533203
                ],
                [
                    0.0,
                    0.0,
                    0.0,
                    1.0
                ]
            ]
        },
        {
            "file_path": "/data/shapenet_blender/all_50_random/02958343/8fadf13734ff86b5f9e6f9c7735c6b41/r_30",
            "rotation": 0.12566370614359174,
            "transform_matrix": [
                [
                    0.43218734860420227,
                    -0.07441344857215881,
                    0.8987084031105042,
                    3.6228091716766357
                ],
                [
                    0.9017838835716248,
                    0.03566325828433037,
                    -0.430713415145874,
                    -1.736261248588562
                ],
                [
                    3.7252898543727042e-09,
                    0.9965896010398865,
                    0.0825180634856224,
                    0.33264094591140747
                ],
                [
                    0.0,
                    0.0,
                    0.0,
                    1.0
                ]
            ]
        },
        {
            "file_path": "/data/shapenet_blender/all_50_random/02958343/8fadf13734ff86b5f9e6f9c7735c6b41/r_31",
            "rotation": 0.12566370614359174,
            "transform_matrix": [
                [
                    -0.9559260606765747,
                    0.09671323746442795,
                    0.2772217392921448,
                    1.1175166368484497
                ],
                [
                    0.2936075031757355,
                    0.31487858295440674,
                    0.9025773406028748,
                    3.6384060382843018
                ],
                [
                    0.0,
                    0.9441916346549988,
                    -0.3293963372707367,
                    -1.3278392553329468
                ],
                [
                    0.0,
                    0.0,
                    0.0,
                    1.0
                ]
            ]
        },
        {
            "file_path": "/data/shapenet_blender/all_50_random/02958343/8fadf13734ff86b5f9e6f9c7735c6b41/r_32",
            "rotation": 0.12566370614359174,
            "transform_matrix": [
                [
                    -0.5148722529411316,
                    0.051524948328733444,
                    0.855717122554779,
                    3.4495058059692383
                ],
                [
                    0.8572668433189392,
                    0.03094574622809887,
                    0.5139414072036743,
                    2.0717639923095703
                ],
                [
                    0.0,
                    0.9981921315193176,
                    -0.06010374426841736,
                    -0.24228592216968536
                ],
                [
                    0.0,
                    0.0,
                    0.0,
                    1.0
                ]
            ]
        },
        {
            "file_path": "/data/shapenet_blender/all_50_random/02958343/8fadf13734ff86b5f9e6f9c7735c6b41/r_33",
            "rotation": 0.12566370614359174,
            "transform_matrix": [
                [
                    -0.6154327392578125,
                    -0.513586163520813,
                    0.5978894233703613,
                    2.4101693630218506
                ],
                [
                    0.7881893515586853,
                    -0.40101751685142517,
                    0.46684300899505615,
                    1.8819043636322021
                ],
                [
                    1.4901159417490817e-08,
                    0.7585605978965759,
                    0.6516025066375732,
                    2.6266937255859375
                ],
                [
                    0.0,
                    0.0,
                    0.0,
                    1.0
                ]
            ]
        },
        {
            "file_path": "/data/shapenet_blender/all_50_random/02958343/8fadf13734ff86b5f9e6f9c7735c6b41/r_34",
            "rotation": 0.12566370614359174,
            "transform_matrix": [
                [
                    -0.4593212902545929,
                    0.7739048004150391,
                    0.4359990954399109,
                    1.7575687170028687
                ],
                [
                    0.8882701992988586,
                    0.40018337965011597,
                    0.22545355558395386,
                    0.9088324308395386
                ],
                [
                    0.0,
                    0.49084070324897766,
                    -0.871249258518219,
                    -3.512118339538574
                ],
                [
                    0.0,
                    0.0,
                    0.0,
                    1.0
                ]
            ]
        },
        {
            "file_path": "/data/shapenet_blender/all_50_random/02958343/8fadf13734ff86b5f9e6f9c7735c6b41/r_35",
            "rotation": 0.12566370614359174,
            "transform_matrix": [
                [
                    -0.7241631150245667,
                    0.16619764268398285,
                    -0.6693027019500732,
                    -2.698045492172241
                ],
                [
                    -0.6896287798881531,
                    -0.17452028393745422,
                    0.7028192281723022,
                    2.8331549167633057
                ],
                [
                    0.0,
                    0.9705260396003723,
                    0.240995854139328,
                    0.9714853763580322
                ],
                [
                    0.0,
                    0.0,
                    0.0,
                    1.0
                ]
            ]
        },
        {
            "file_path": "/data/shapenet_blender/all_50_random/02958343/8fadf13734ff86b5f9e6f9c7735c6b41/r_36",
            "rotation": 0.12566370614359174,
            "transform_matrix": [
                [
                    -0.6033389568328857,
                    -0.20319074392318726,
                    0.7711650133132935,
                    3.108665943145752
                ],
                [
                    0.7974849343299866,
                    -0.15372441709041595,
                    0.5834265947341919,
                    2.351868152618408
                ],
                [
                    7.450581485102248e-09,
                    0.9669965505599976,
                    0.25478941202163696,
                    1.0270891189575195
                ],
                [
                    0.0,
                    0.0,
                    0.0,
                    1.0
                ]
            ]
        },
        {
            "file_path": "/data/shapenet_blender/all_50_random/02958343/8fadf13734ff86b5f9e6f9c7735c6b41/r_37",
            "rotation": 0.12566370614359174,
            "transform_matrix": [
                [
                    0.1423139125108719,
                    -0.7734928727149963,
                    0.6176206469535828,
                    2.489708423614502
                ],
                [
                    0.9898216128349304,
                    0.11121074110269547,
                    -0.088799849152565,
                    -0.3579636514186859
                ],
                [
                    0.0,
                    0.623971700668335,
                    0.7814468741416931,
                    3.150113105773926
                ],
                [
                    0.0,
                    0.0,
                    0.0,
                    1.0
                ]
            ]
        },
        {
            "file_path": "/data/shapenet_blender/all_50_random/02958343/8fadf13734ff86b5f9e6f9c7735c6b41/r_38",
            "rotation": 0.12566370614359174,
            "transform_matrix": [
                [
                    -0.28442057967185974,
                    0.8322494626045227,
                    0.4758841097354889,
                    1.9183502197265625
                ],
                [
                    0.958699643611908,
                    0.24690619111061096,
                    0.14118210971355438,
                    0.5691232681274414
                ],
                [
                    0.0,
                    0.49638500809669495,
                    -0.868102490901947,
                    -3.4994330406188965
                ],
                [
                    0.0,
                    0.0,
                    0.0,
                    1.0
                ]
            ]
        },
        {
            "file_path": "/data/shapenet_blender/all_50_random/02958343/8fadf13734ff86b5f9e6f9c7735c6b41/r_39",
            "rotation": 0.12566370614359174,
            "transform_matrix": [
                [
                    -0.9631960988044739,
                    0.15780168771743774,
                    -0.21760497987270355,
                    -0.877193808555603
                ],
                [
                    -0.268799751996994,
                    -0.5654543042182922,
                    0.7797487378120422,
                    3.143267869949341
                ],
                [
                    -7.450580152834618e-09,
                    0.8095431923866272,
                    0.5870603322982788,
                    2.36651611328125
                ],
                [
                    0.0,
                    0.0,
                    0.0,
                    1.0
                ]
            ]
        },
        {
            "file_path": "/data/shapenet_blender/all_50_random/02958343/8fadf13734ff86b5f9e6f9c7735c6b41/r_40",
            "rotation": 0.12566370614359174,
            "transform_matrix": [
                [
                    -0.4626542329788208,
                    0.6539798378944397,
                    0.598549485206604,
                    2.412830114364624
                ],
                [
                    0.8865388631820679,
                    0.3412896394729614,
                    0.3123624622821808,
                    1.2591733932495117
                ],
                [
                    1.4901161193847656e-08,
                    0.6751531958580017,
                    -0.7376775741577148,
                    -2.9736733436584473
                ],
                [
                    0.0,
                    0.0,
                    0.0,
                    1.0
                ]
            ]
        },
        {
            "file_path": "/data/shapenet_blender/all_50_random/02958343/8fadf13734ff86b5f9e6f9c7735c6b41/r_41",
            "rotation": 0.12566370614359174,
            "transform_matrix": [
                [
                    -0.9999966621398926,
                    -0.00023391556169372052,
                    -0.002565823495388031,
                    -0.010343164205551147
                ],
                [
                    -0.002576463855803013,
                    0.0907890722155571,
                    0.9958668351173401,
                    4.014467239379883
                ],
                [
                    -1.4551914361005114e-11,
                    0.9958701729774475,
