{
    "class": "02958343",
    "model": "26c382bda051376daebb91b7dc4caa91",
    "remove_doubles": true,
    "edge_split": true,
    "denoise": true,
    "camera_angle_x": 0.6911112070083618,
    "scale_factor": 2.2844141360618866,
    "hdri_file": "/data/IndoorHDRDataset2018/9C4A4987-d943ae67ef.exr",
    "center_offset": [
        0.0,
        -3.725290298461914e-09,
        0.0
    ],
    "lights": [],
    "frames": [
        {
            "file_path": "/data/shapenet_blender/all_50_random/02958343/26c382bda051376daebb91b7dc4caa91/r_0",
            "rotation": 0.12566370614359174,
            "transform_matrix": [
                [
                    -0.988244354724884,
                    0.14756593108177185,
                    -0.03996621444821358,
                    -0.16110897064208984
                ],
                [
                    -0.15288229286670685,
                    -0.9538788199424744,
                    0.2583450376987457,
                    1.0414221286773682
                ],
                [
                    0.0,
                    0.2614182233810425,
                    0.9652256369590759,
                    3.890949010848999
                ],
                [
                    0.0,
                    0.0,
                    0.0,
                    1.0
                ]
            ]
        },
        {
            "file_path": "/data/shapenet_blender/all_50_random/02958343/26c382bda051376daebb91b7dc4caa91/r_1",
            "rotation": 0.12566370614359174,
            "transform_matrix": [
                [
                    -0.1846894919872284,
                    -0.9473552107810974,
                    -0.26154857873916626,
                    -1.0543360710144043
                ],
                [
                    -0.9827969074249268,
                    0.17802920937538147,
                    0.049150820821523666,
                    0.19813328981399536
                ],
                [
                    0.0,
                    0.2661268413066864,
                    -0.9639379978179932,
                    -3.885758399963379
                ],
                [
                    0.0,
                    0.0,
                    0.0,
                    1.0
                ]
            ]
        },
        {
            "file_path": "/data/shapenet_blender/all_50_random/02958343/26c382bda051376daebb91b7dc4caa91/r_2",
            "rotation": 0.12566370614359174,
            "transform_matrix": [
                [
                    -0.32298365235328674,
                    -0.8630072474479675,
                    -0.3884584903717041,
                    -1.5659263134002686
                ],
                [
                    -0.9464046359062195,
                    0.2945222556591034,
                    0.13257093727588654,
                    0.5344105362892151
                ],
                [
                    0.0,
                    0.4104570150375366,
                    -0.91187983751297,
                    -3.675905227661133
                ],
                [
                    0.0,
                    0.0,
                    0.0,
                    1.0
                ]
            ]
        },
        {
            "file_path": "/data/shapenet_blender/all_50_random/02958343/26c382bda051376daebb91b7dc4caa91/r_3",
            "rotation": 0.12566370614359174,
            "transform_matrix": [
                [
                    -0.7681527137756348,
                    -0.3293515145778656,
                    -0.5490618944168091,
                    -2.213339328765869
                ],
                [
                    -0.6402667164802551,
                    0.395135760307312,
                    0.6587308049201965,
                    2.655428886413574
                ],
                [
                    0.0,
                    0.8575518727302551,
                    -0.514397382736206,
                    -2.0736021995544434
                ],
                [
                    0.0,
                    0.0,
                    0.0,
                    1.0
                ]
            ]
        },
        {
            "file_path": "/data/shapenet_blender/all_50_random/02958343/26c382bda051376daebb91b7dc4caa91/r_4",
            "rotation": 0.12566370614359174,
            "transform_matrix": [
                [
                    -0.01685057207942009,
                    -0.9260838031768799,
                    -0.3769412636756897,
                    -1.5194988250732422
                ],
                [
                    -0.9998579621315002,
                    0.015607258304953575,
                    0.006352578289806843,
                    0.025608062744140625
                ],
                [
                    -4.656612873077393e-10,
                    0.3769947290420532,
                    -0.9262153506278992,
                    -3.7336935997009277
                ],
                [
                    0.0,
                    0.0,
                    0.0,
                    1.0
                ]
            ]
        },
        {
            "file_path": "/data/shapenet_blender/all_50_random/02958343/26c382bda051376daebb91b7dc4caa91/r_5",
            "rotation": 0.12566370614359174,
            "transform_matrix": [
                [
                    -0.6257873773574829,
                    0.5267384648323059,
                    -0.5752710103988647,
                    -2.3189916610717773
                ],
                [
                    -0.7799937129020691,
                    -0.42260122299194336,
                    0.46153879165649414,
                    1.8605223894119263
                ],
                [
                    1.4901161193847656e-08,
                    0.7375327944755554,
                    0.6753112077713013,
                    2.722266435623169
                ],
                [
                    0.0,
                    0.0,
                    0.0,
                    1.0
                ]
            ]
        },
        {
            "file_path": "/data/shapenet_blender/all_50_random/02958343/26c382bda051376daebb91b7dc4caa91/r_6",
            "rotation": 0.12566370614359174,
            "transform_matrix": [
                [
                    -0.635834813117981,
                    -0.04214299097657204,
                    -0.7706736922264099,
                    -3.106685161590576
                ],
                [
                    -0.7718251347541809,
                    0.03471768647432327,
                    0.6348862648010254,
                    2.5593085289001465
                ],
                [
                    1.8626450382086546e-09,
                    0.9985081553459167,
                    -0.05460173636674881,
                    -0.22010666131973267
                ],
                [
                    0.0,
                    0.0,
                    0.0,
                    1.0
                ]
            ]
        },
        {
            "file_path": "/data/shapenet_blender/all_50_random/02958343/26c382bda051376daebb91b7dc4caa91/r_7",
            "rotation": 0.12566370614359174,
            "transform_matrix": [
                [
                    -0.2641398012638092,
                    0.11072400212287903,
                    -0.958107590675354,
                    -3.862255573272705
                ],
                [
                    -0.9644845128059387,
                    -0.0303235724568367,
                    0.26239335536956787,
                    1.0577415227890015
                ],
                [
                    0.0,
                    0.9933884739875793,
                    0.11480122059583664,
                    0.4627785384654999
                ],
                [
                    0.0,
                    0.0,
                    0.0,
                    1.0
                ]
            ]
        },
        {
            "file_path": "/data/shapenet_blender/all_50_random/02958343/26c382bda051376daebb91b7dc4caa91/r_8",
            "rotation": 0.12566370614359174,
            "transform_matrix": [
                [
                    -0.503831684589386,
                    -0.6610786318778992,
                    0.5559931993484497,
                    2.2412803173065186
                ],
                [
                    0.8638017773628235,
                    -0.3855889141559601,
                    0.3242954611778259,
                    1.3072768449783325
                ],
                [
                    0.0,
                    0.6436582207679749,
                    0.7653129696846008,
                    3.0850753784179688
                ],
                [
                    0.0,
                    0.0,
                    0.0,
                    1.0
                ]
            ]
        },
        {
            "file_path": "/data/shapenet_blender/all_50_random/02958343/26c382bda051376daebb91b7dc4caa91/r_9",
            "rotation": 0.12566370614359174,
            "transform_matrix": [
                [
                    0.9995121359825134,
                    0.0022071865387260914,
                    0.031154673546552658,
                    0.12558850646018982
                ],
                [
                    0.031232761219143867,
                    -0.07063447684049606,
                    -0.9970132112503052,
                    -4.0190887451171875
                ],
                [
                    0.0,
                    0.9974998235702515,
                    -0.07066896557807922,
                    -0.2848757207393646
                ],
                [
                    0.0,
                    0.0,
                    0.0,
                    1.0
                ]
            ]
        },
        {
            "file_path": "/data/shapenet_blender/all_50_random/02958343/26c382bda051376daebb91b7dc4caa91/r_10",
            "rotation": 0.12566370614359174,
            "transform_matrix": [
                [
                    0.7217161655426025,
                    0.4760350286960602,
                    0.5025100708007812,
                    2.0256829261779785
                ],
                [
                    0.69218909740448,
                    -0.4963415265083313,
                    -0.5239459276199341,
                    -2.112093687057495
                ],
                [
                    0.0,
                    0.7259721755981445,
                    -0.6877239346504211,
                    -2.772303819656372
                ],
                [
                    0.0,
                    0.0,
                    0.0,
                    1.0
                ]
            ]
        },
        {
            "file_path": "/data/shapenet_blender/all_50_random/02958343/26c382bda051376daebb91b7dc4caa91/r_11",
            "rotation": 0.12566370614359174,
            "transform_matrix": [
                [
                    0.9235942959785461,
                    0.37195077538490295,
                    0.09287791699171066,
                    0.37440282106399536
                ],
                [
                    0.383371502161026,
                    -0.8960801959037781,
                    -0.22375556826591492,
                    -0.9019874334335327
                ],
                [
                    7.450580596923828e-09,
                    0.24226614832878113,
                    -0.9702098965644836,
                    -3.911040782928467
                ],
                [
                    0.0,
                    0.0,
                    0.0,
                    1.0
                ]
            ]
        },
        {
            "file_path": "/data/shapenet_blender/all_50_random/02958343/26c382bda051376daebb91b7dc4caa91/r_12",
            "rotation": 0.12566370614359174,
            "transform_matrix": [
                [
                    -0.8878666758537292,
                    0.38301339745521545,
                    0.2549380660057068,
                    1.0276882648468018
                ],
                [
                    0.46010076999664307,
                    0.7391095161437988,
                    0.49195969104766846,
                    1.9831528663635254
                ],
                [
                    -1.4901161193847656e-08,
                    0.5540916919708252,
                    -0.8324555158615112,
                    -3.3557353019714355
                ],
                [
                    0.0,
                    0.0,
                    0.0,
                    1.0
                ]
            ]
        },
        {
            "file_path": "/data/shapenet_blender/all_50_random/02958343/26c382bda051376daebb91b7dc4caa91/r_13",
            "rotation": 0.12566370614359174,
            "transform_matrix": [
                [
                    0.8435710668563843,
                    -0.021839236840605736,
                    0.5365732908248901,
                    2.1629960536956787
                ],
                [
                    0.5370175242424011,
                    0.03430604562163353,
                    -0.842873215675354,
                    -3.397730588912964
                ],
                [
                    0.0,
                    0.9991726875305176,
                    0.04066764563322067,
                    0.1639365255832672
                ],
                [
                    0.0,
                    0.0,
                    0.0,
                    1.0
                ]
            ]
        },
        {
            "file_path": "/data/shapenet_blender/all_50_random/02958343/26c382bda051376daebb91b7dc4caa91/r_14",
            "rotation": 0.12566370614359174,
            "transform_matrix": [
                [
                    -0.37265127897262573,
                    0.24266482889652252,
                    0.8956812024116516,
                    3.6106064319610596
                ],
                [
                    0.9279715418815613,
                    0.0974484235048294,
                    0.3596842586994171,
                    1.449933648109436
                ],
                [
                    -7.450581485102248e-09,
                    0.9652033448219299,
                    -0.2615003287792206,
                    -1.0541415214538574
                ],
                [
                    0.0,
                    0.0,
                    0.0,
                    1.0
                ]
            ]
        },
        {
            "file_path": "/data/shapenet_blender/all_50_random/02958343/26c382bda051376daebb91b7dc4caa91/r_15",
            "rotation": 0.12566370614359174,
            "transform_matrix": [
                [
                    0.9996175765991211,
                    -0.023244120180606842,
                    0.014980662614107132,
                    0.06038898229598999
                ],
                [
                    0.027653377503156662,
                    0.8402312397956848,
                    -0.541522741317749,
                    -2.182948112487793
                ],
                [
                    -9.313225746154785e-10,
                    0.5417298674583435,
                    0.840552568435669,
                    3.388375759124756
                ],
                [
                    0.0,
                    0.0,
                    0.0,
                    1.0
                ]
            ]
        },
        {
            "file_path": "/data/shapenet_blender/all_50_random/02958343/26c382bda051376daebb91b7dc4caa91/r_16",
            "rotation": 0.12566370614359174,
            "transform_matrix": [
                [
                    0.8221186995506287,
                    0.33080655336380005,
                    -0.46334415674209595,
                    -1.867799997329712
                ],
                [
                    -0.5693160891532898,
                    0.4776999056339264,
                    -0.6690903306007385,
                    -2.6971893310546875
                ],
                [
                    0.0,
                    0.8138608932495117,
                    0.5810596346855164,
                    2.3423264026641846
                ],
                [
                    0.0,
                    0.0,
                    0.0,
                    1.0
                ]
            ]
        },
        {
            "file_path": "/data/shapenet_blender/all_50_random/02958343/26c382bda051376daebb91b7dc4caa91/r_17",
            "rotation": 0.12566370614359174,
            "transform_matrix": [
                [
                    0.8257502913475037,
                    -0.5631276369094849,
                    -0.03199528157711029,
                    -0.12897709012031555
                ],
                [
                    -0.5640358924865723,
                    -0.8244206309318542,
                    -0.04684118926525116,
                    -0.18882285058498383
                ],
                [
                    0.0,
                    0.05672493204474449,
                    -0.9983898401260376,
                    -4.024637699127197
                ],
                [
                    0.0,
                    0.0,
                    0.0,
                    1.0
                ]
            ]
        },
        {
            "file_path": "/data/shapenet_blender/all_50_random/02958343/26c382bda051376daebb91b7dc4caa91/r_18",
            "rotation": 0.12566370614359174,
            "transform_matrix": [
                [
                    0.6700193285942078,
                    0.3214424252510071,
                    0.6691402792930603,
                    2.6973907947540283
                ],
                [
                    0.742343544960022,
                    -0.2901252806186676,
                    -0.6039480566978455,
                    -2.4345924854278564
                ],
                [
                    -1.4901161193847656e-08,
                    0.9013888239860535,
                    -0.4330103397369385,
                    -1.7455204725265503
                ],
                [
                    0.0,
                    0.0,
                    0.0,
                    1.0
                ]
            ]
        },
        {
            "file_path": "/data/shapenet_blender/all_50_random/02958343/26c382bda051376daebb91b7dc4caa91/r_19",
            "rotation": 0.12566370614359174,
            "transform_matrix": [
                [
                    -0.13305887579917908,
                    0.49613621830940247,
                    0.8579884171485901,
                    3.4586620330810547
                ],
                [
                    0.9911081790924072,
                    0.06660758703947067,
                    0.11518719792366028,
                    0.4643344581127167
                ],
                [
                    0.0,
                    0.8656859993934631,
                    -0.5005873441696167,
                    -2.017932176589966
                ],
                [
                    0.0,
                    0.0,
                    0.0,
                    1.0
                ]
            ]
        },
        {
            "file_path": "/data/shapenet_blender/all_50_random/02958343/26c382bda051376daebb91b7dc4caa91/r_20",
            "rotation": 0.12566370614359174,
            "transform_matrix": [
                [
                    0.11833501607179642,
                    -0.8881094455718994,
                    -0.4441378116607666,
                    -1.7903767824172974
                ],
                [
                    -0.992973804473877,
                    -0.10583809018135071,
                    -0.052928946912288666,
                    -0.2133634090423584
                ],
                [
                    0.0,
                    0.4472804069519043,
                    -0.8943937420845032,
                    -3.6054165363311768
                ],
                [
                    0.0,
                    0.0,
                    0.0,
                    1.0
                ]
            ]
        },
        {
            "file_path": "/data/shapenet_blender/all_50_random/02958343/26c382bda051376daebb91b7dc4caa91/r_21",
            "rotation": 0.12566370614359174,
            "transform_matrix": [
                [
                    -0.19990597665309906,
                    -0.9111855030059814,
                    -0.36024782061576843,
                    -1.4522054195404053
                ],
                [
                    -0.9798151254653931,
                    0.185903862118721,
                    0.07349926233291626,
                    0.2962850034236908
                ],
                [
                    -7.450581485102248e-09,
                    0.3676691949367523,
                    -0.9299566149711609,
                    -3.748775005340576
                ],
                [
                    0.0,
                    0.0,
                    0.0,
                    1.0
                ]
            ]
        },
        {
            "file_path": "/data/shapenet_blender/all_50_random/02958343/26c382bda051376daebb91b7dc4caa91/r_22",
            "rotation": 0.12566370614359174,
            "transform_matrix": [
                [
                    0.8510457873344421,
                    -0.029803907498717308,
                    0.5242448449134827,
                    2.1132986545562744
                ],
                [
                    0.525091290473938,
                    0.04830491542816162,
                    -0.849673867225647,
                    -3.425144910812378
                ],
                [
                    -1.8626450382086546e-09,
                    0.9983878135681152,
                    0.05675947666168213,
                    0.22880476713180542
                ],
                [
                    0.0,
                    0.0,
                    0.0,
                    1.0
                ]
            ]
        },
        {
            "file_path": "/data/shapenet_blender/all_50_random/02958343/26c382bda051376daebb91b7dc4caa91/r_23",
            "rotation": 0.12566370614359174,
            "transform_matrix": [
                [
                    -0.982410192489624,
                    0.027850782498717308,
                    -0.1846476048231125,
                    -0.7443383932113647
                ],
                [
                    -0.18673621118068695,
                    -0.14652161300182343,
                    0.9714220762252808,
                    3.9159278869628906
                ],
                [
                    0.0,
                    0.9888153076171875,
                    0.14914505183696747,
                    0.6012229919433594
                ],
                [
                    0.0,
                    0.0,
                    0.0,
                    1.0
                ]
            ]
        },
        {
            "file_path": "/data/shapenet_blender/all_50_random/02958343/26c382bda051376daebb91b7dc4caa91/r_24",
            "rotation": 0.12566370614359174,
            "transform_matrix": [
                [
                    0.05686881020665169,
                    0.9455810189247131,
                    0.3203786611557007,
                    1.291487693786621
                ],
                [
                    0.9983817338943481,
                    -0.05386122688651085,
                    -0.018249083310365677,
                    -0.07356441020965576
                ],
                [
                    1.862645371275562e-09,
                    0.3208978772163391,
                    -0.9471137523651123,
                    -3.8179376125335693
                ],
                [
                    0.0,
                    0.0,
                    0.0,
                    1.0
                ]
            ]
        },
        {
            "file_path": "/data/shapenet_blender/all_50_random/02958343/26c382bda051376daebb91b7dc4caa91/r_25",
            "rotation": 0.12566370614359174,
            "transform_matrix": [
                [
                    -0.4959883987903595,
                    0.009870734065771103,
                    0.8682730793952942,
                    3.5001206398010254
                ],
                [
                    0.8683291077613831,
                    0.005638149566948414,
                    0.4959563612937927,
                    1.9992640018463135
                ],
                [
                    0.0,
                    0.9999353289604187,
                    -0.011367503553628922,
                    -0.045823872089385986
                ],
                [
                    0.0,
                    0.0,
                    0.0,
                    1.0
                ]
            ]
        },
        {
            "file_path": "/data/shapenet_blender/all_50_random/02958343/26c382bda051376daebb91b7dc4caa91/r_26",
            "rotation": 0.12566370614359174,
            "transform_matrix": [
                [
                    -0.7792863845825195,
                    -0.14024385809898376,
                    -0.6107735633850098,
                    -2.462106943130493
                ],
                [
                    -0.6266679167747498,
                    0.1743987798690796,
                    0.7595211267471313,
                    3.061727523803711
                ],
                [
                    -7.450580596923828e-09,
                    0.9746366739273071,
                    -0.2237929403781891,
                    -0.9021381735801697
                ],
                [
                    0.0,
                    0.0,
                    0.0,
                    1.0
                ]
            ]
        },
        {
            "file_path": "/data/shapenet_blender/all_50_random/02958343/26c382bda051376daebb91b7dc4caa91/r_27",
            "rotation": 0.12566370614359174,
            "transform_matrix": [
                [
                    -0.975292980670929,
                    0.026410076767206192,
                    -0.21933090686798096,
                    -0.8841512203216553
                ],
                [
                    -0.22091524302959442,
                    -0.11659476906061172,
                    0.9682984948158264,
                    3.9033362865448
                ],
                [
                    0.0,
                    0.9928284287452698,
                    0.11954843997955322,
                    0.4819152057170868
                ],
                [
                    0.0,
                    0.0,
                    0.0,
                    1.0
                ]
            ]
        },
        {
            "file_path": "/data/shapenet_blender/all_50_random/02958343/26c382bda051376daebb91b7dc4caa91/r_28",
            "rotation": 0.12566370614359174,
            "transform_matrix": [
                [
                    0.9899870157241821,
                    -0.029078010469675064,
                    0.13813133537769318,
                    0.5568252801895142
                ],
                [
                    0.141158789396286,
                    0.20393240451812744,
                    -0.9687546491622925,
                    -3.90517520904541
                ],
                [
                    0.0,
                    0.9785531163215637,
                    0.20599500834941864,
                    0.8303924798965454
                ],
                [
                    0.0,
                    0.0,
                    0.0,
                    1.0
                ]
            ]
        },
        {
            "file_path": "/data/shapenet_blender/all_50_random/02958343/26c382bda051376daebb91b7dc4caa91/r_29",
            "rotation": 0.12566370614359174,
            "transform_matrix": [
                [
                    0.4147661626338959,
                    0.5591257214546204,
                    -0.7178770303726196,
                    -2.893854856491089
                ],
                [
                    -0.9099280834197998,
                    0.25486239790916443,
                    -0.32722488045692444,
                    -1.319085717201233
                ],
                [
                    1.4901161193847656e-08,
                    0.7889381647109985,
                    0.614472508430481,
                    2.477017879486084
                ],
                [
                    0.0,
                    0.0,
                    0.0,
                    1.0
                ]
            ]
        },
        {
            "file_path": "/data/shapenet_blender/all_50_random/02958343/26c382bda051376daebb91b7dc4caa91/r_30",
            "rotation": 0.12566370614359174,
            "transform_matrix": [
                [
                    0.974055290222168,
                    -0.14859049022197723,
                    -0.17069655656814575,
                    -0.6880998015403748
                ],
                [
                    -0.22631055116653442,
                    -0.6395431160926819,
                    -0.7346891164779663,
                    -2.9616265296936035
                ],
                [
                    7.450581485102248e-09,
                    0.7542582154273987,
                    -0.6565778851509094,
                    -2.6467502117156982
                ],
                [
                    0.0,
                    0.0,
                    0.0,
                    1.0
                ]
            ]
        },
        {
            "file_path": "/data/shapenet_blender/all_50_random/02958343/26c382bda051376daebb91b7dc4caa91/r_31",
            "rotation": 0.12566370614359174,
            "transform_matrix": [
                [
                    0.9803760051727295,
                    0.0428866446018219,
                    -0.1924155205488205,
                    -0.775651752948761
                ],
                [
                    -0.1971370130777359,
                    0.21327824890613556,
                    -0.9568957090377808,
                    -3.857369899749756
                ],
                [
                    -3.725290298461914e-09,
                    0.9760497808456421,
                    0.21754741668701172,
                    0.8769617080688477
                ],
                [
                    0.0,
                    0.0,
                    0.0,
                    1.0
                ]
            ]
        },
        {
            "file_path": "/data/shapenet_blender/all_50_random/02958343/26c382bda051376daebb91b7dc4caa91/r_32",
            "rotation": 0.12566370614359174,
            "transform_matrix": [
                [
                    -0.9903233647346497,
                    0.03362176939845085,
                    0.1346447467803955,
                    0.5427703261375427
                ],
                [
                    0.13877907395362854,
                    0.23992396891117096,
                    0.9608209133148193,
                    3.8731930255889893
                ],
                [
                    -3.725290298461914e-09,
                    0.9702093005180359,
                    -0.24226830899715424,
                    -0.976614773273468
                ],
                [
                    0.0,
                    0.0,
                    0.0,
                    1.0
                ]
            ]
        },
        {
            "file_path": "/data/shapenet_blender/all_50_random/02958343/26c382bda051376daebb91b7dc4caa91/r_33",
            "rotation": 0.12566370614359174,
            "transform_matrix": [
                [
                    -0.6070269346237183,
                    0.20413999259471893,
                    -0.7680137753486633,
                    -3.0959627628326416
                ],
                [
                    -0.7946813702583313,
                    -0.15593479573726654,
                    0.5866565704345703,
                    2.3648884296417236
                ],
                [
                    0.0,
                    0.9664424061775208,
                    0.25688284635543823,
                    1.0355279445648193
                ],
                [
                    0.0,
                    0.0,
                    0.0,
                    1.0
                ]
            ]
        },
        {
            "file_path": "/data/shapenet_blender/all_50_random/02958343/26c382bda051376daebb91b7dc4caa91/r_34",
            "rotation": 0.12566370614359174,
            "transform_matrix": [
                [
                    0.7713526487350464,
                    -0.058912184089422226,
                    -0.633675217628479,
                    -2.554426670074463
                ],
                [
                    -0.6364078521728516,
                    -0.07140400260686874,
                    -0.7680405378341675,
                    -3.0960707664489746
                ],
                [
                    -3.725290298461914e-09,
                    0.9957061409950256,
                    -0.09256984293460846,
                    -0.3731609880924225
                ],
                [
                    0.0,
                    0.0,
                    0.0,
                    1.0
                ]
            ]
        },
        {
            "file_path": "/data/shapenet_blender/all_50_random/02958343/26c382bda051376daebb91b7dc4caa91/r_35",
            "rotation": 0.12566370614359174,
            "transform_matrix": [
                [
                    -0.40397945046424866,
                    -0.7168909311294556,
                    0.5682145953178406,
                    2.290546417236328
                ],
                [
                    0.9147680997848511,
                    -0.3165930211544037,
                    0.2509346604347229,
                    1.011549949645996
                ],
                [
                    0.0,
                    0.6211569309234619,
                    0.783686101436615,
                    3.159139633178711
                ],
                [
                    0.0,
                    0.0,
                    0.0,
                    1.0
                ]
            ]
        },
        {
            "file_path": "/data/shapenet_blender/all_50_random/02958343/26c382bda051376daebb91b7dc4caa91/r_36",
            "rotation": 0.12566370614359174,
            "transform_matrix": [
                [
                    0.09431478381156921,
                    -0.15185341238975525,
                    0.9838929176330566,
                    3.9661991596221924
                ],
                [
                    0.9955425262451172,
                    0.014386148191988468,
                    -0.09321112930774689,
                    -0.37574607133865356
                ],
                [
                    -1.862645371275562e-09,
                    0.9882982969284058,
                    0.15253335237503052,
                    0.6148816347122192
                ],
                [
                    0.0,
                    0.0,
                    0.0,
                    1.0
                ]
            ]
        },
        {
            "file_path": "/data/shapenet_blender/all_50_random/02958343/26c382bda051376daebb91b7dc4caa91/r_37",
            "rotation": 0.12566370614359174,
            "transform_matrix": [
                [
                    0.3247571587562561,
                    0.02369537204504013,
                    -0.9455005526542664,
                    -3.811434745788574
                ],
                [
                    -0.9457974433898926,
                    0.008136246353387833,
                    -0.3246552050113678,
                    -1.3087270259857178
                ],
                [
                    0.0,
                    0.999686062335968,
                    0.02505332976579666,
                    0.10099320113658905
                ],
                [
                    0.0,
                    0.0,
                    0.0,
                    1.0
                ]
            ]
        },
        {
            "file_path": "/data/shapenet_blender/all_50_random/02958343/26c382bda051376daebb91b7dc4caa91/r_38",
            "rotation": 0.12566370614359174,
            "transform_matrix": [
                [
                    -0.6260602474212646,
                    0.34089168906211853,
                    -0.7013140320777893,
                    -2.82708740234375
                ],
                [
                    -0.7797746658325195,
                    -0.2736928462982178,
                    0.563066303730011,
                    2.2697927951812744
                ],
                [
                    -1.4901161193847656e-08,
                    0.8993802666664124,
                    0.4371669888496399,
                    1.762276530265808
                ],
                [
                    0.0,
                    0.0,
                    0.0,
                    1.0
                ]
            ]
        },
        {
            "file_path": "/data/shapenet_blender/all_50_random/02958343/26c382bda051376daebb91b7dc4caa91/r_39",
            "rotation": 0.12566370614359174,
            "transform_matrix": [
                [
                    -0.3638111352920532,
                    0.3013535141944885,
                    0.881378173828125,
                    3.5529489517211914
                ],
                [
                    0.9314727187156677,
                    0.11770153790712357,
                    0.34424540400505066,
                    1.3876975774765015
                ],
                [
                    -7.450580596923828e-09,
                    0.9462200403213501,
                    -0.32352373003959656,
                    -1.3041658401489258
                ],
                [
                    0.0,
                    0.0,
                    0.0,
                    1.0
                ]
            ]
        },
        {
            "file_path": "/data/shapenet_blender/all_50_random/02958343/26c382bda051376daebb91b7dc4caa91/r_40",
            "rotation": 0.12566370614359174,
            "transform_matrix": [
                [
                    0.13650478422641754,
                    0.5697620511054993,
                    -0.8103934526443481,
                    -3.26680064201355
                ],
                [
                    -0.9906393885612488,
                    0.07851015776395798,
                    -0.11166786402463913,
                    -0.4501475989818573
                ],
                [
                    7.450580152834618e-09,
                    0.8180509209632874,
                    0.5751457214355469,
                    2.3184866905212402
                ],
                [
                    0.0,
                    0.0,
                    0.0,
                    1.0
                ]
            ]
        },
        {
            "file_path": "/data/shapenet_blender/all_50_random/02958343/26c382bda051376daebb91b7dc4caa91/r_41",
            "rotation": 0.12566370614359174,
            "transform_matrix": [
                [
                    -0.6204991936683655,
                    -0.2027883529663086,
                    0.7575339674949646,
                    3.0537166595458984
                ],
                [
                    0.7842070460319519,
                    -0.16045506298542023,
                    0.5993942618370056,
                    2.4162352085113525
                ],
