{
    "class": "02958343",
    "model": "a2d50ee31621c3e059139efcde1fedcb",
    "remove_doubles": true,
    "edge_split": true,
    "denoise": true,
    "camera_angle_x": 0.6911112070083618,
    "scale_factor": 2.769603395654798,
    "hdri_file": "/data/IndoorHDRDataset2018/9C4A1632-254b17a8df.exr",
    "center_offset": [
        0.0,
        1.862645149230957e-09,
        -7.450580596923828e-09
    ],
    "lights": [],
    "frames": [
        {
            "file_path": "/data/shapenet_blender/all_50_random/02958343/a2d50ee31621c3e059139efcde1fedcb/r_0",
            "rotation": 0.12566370614359174,
            "transform_matrix": [
                [
                    0.17623940110206604,
                    -0.02361728623509407,
                    0.9840639233589172,
                    3.966888666152954
                ],
                [
                    0.9843473434448242,
                    0.004228483885526657,
                    -0.176188662648201,
                    -0.7102392315864563
                ],
                [
                    -4.656612873077393e-10,
                    0.9997121095657349,
                    0.023992838338017464,
                    0.09671822190284729
                ],
                [
                    0.0,
                    0.0,
                    0.0,
                    1.0
                ]
            ]
        },
        {
            "file_path": "/data/shapenet_blender/all_50_random/02958343/a2d50ee31621c3e059139efcde1fedcb/r_1",
            "rotation": 0.12566370614359174,
            "transform_matrix": [
                [
                    -0.5680001974105835,
                    -0.5341392755508423,
                    0.6261557936668396,
                    2.5241148471832275
                ],
                [
                    0.823028564453125,
                    -0.36862778663635254,
                    0.4321315288543701,
                    1.7419779300689697
                ],
                [
                    0.0,
                    0.7607948780059814,
                    0.6489924788475037,
                    2.6161723136901855
                ],
                [
                    0.0,
                    0.0,
                    0.0,
                    1.0
                ]
            ]
        },
        {
            "file_path": "/data/shapenet_blender/all_50_random/02958343/a2d50ee31621c3e059139efcde1fedcb/r_2",
            "rotation": 0.12566370614359174,
            "transform_matrix": [
                [
                    -0.6981630325317383,
                    0.601326048374176,
                    0.3885553479194641,
                    1.566316843032837
                ],
                [
                    0.7159386873245239,
                    0.5863960385322571,
                    0.3789081275463104,
                    1.5274276733398438
                ],
                [
                    0.0,
                    0.5427215099334717,
                    -0.8399125337600708,
                    -3.385796070098877
                ],
                [
                    0.0,
                    0.0,
                    0.0,
                    1.0
                ]
            ]
        },
        {
            "file_path": "/data/shapenet_blender/all_50_random/02958343/a2d50ee31621c3e059139efcde1fedcb/r_3",
            "rotation": 0.12566370614359174,
            "transform_matrix": [
                [
                    0.8273192644119263,
                    0.02064281329512596,
                    -0.5613524913787842,
                    -2.2628841400146484
                ],
                [
                    -0.5617319345474243,
                    0.030402757227420807,
                    -0.8267605304718018,
                    -3.332778215408325
                ],
                [
                    0.0,
                    0.9993245005607605,
                    0.03674851357936859,
                    0.14813798666000366
                ],
                [
                    0.0,
                    0.0,
                    0.0,
                    1.0
                ]
            ]
        },
        {
            "file_path": "/data/shapenet_blender/all_50_random/02958343/a2d50ee31621c3e059139efcde1fedcb/r_4",
            "rotation": 0.12566370614359174,
            "transform_matrix": [
                [
                    -0.4186081886291504,
                    0.4601099193096161,
                    0.7829853296279907,
                    3.1563148498535156
                ],
                [
                    0.9081669449806213,
                    0.2120819091796875,
                    0.36090728640556335,
                    1.4548637866973877
                ],
                [
                    0.0,
                    0.8621601462364197,
                    -0.5066357851028442,
                    -2.042314291000366
                ],
                [
                    0.0,
                    0.0,
                    0.0,
                    1.0
                ]
            ]
        },
        {
            "file_path": "/data/shapenet_blender/all_50_random/02958343/a2d50ee31621c3e059139efcde1fedcb/r_5",
            "rotation": 0.12566370614359174,
            "transform_matrix": [
                [
                    -0.15698036551475525,
                    -0.7343253493309021,
                    0.6603965163230896,
                    2.6621434688568115
                ],
                [
                    0.9876016974449158,
                    -0.11672181636095047,
                    0.10497074574232101,
                    0.42315059900283813
                ],
                [
                    0.0,
                    0.6686870455741882,
                    0.7435439825057983,
                    2.997321605682373
                ],
                [
                    0.0,
                    0.0,
                    0.0,
                    1.0
                ]
            ]
        },
        {
            "file_path": "/data/shapenet_blender/all_50_random/02958343/a2d50ee31621c3e059139efcde1fedcb/r_6",
            "rotation": 0.12566370614359174,
            "transform_matrix": [
                [
                    -0.15644733607769012,
                    0.09373406320810318,
                    -0.9832284450531006,
                    -3.9635205268859863
                ],
                [
                    -0.9876863360404968,
                    -0.014847271144390106,
                    0.15574122965335846,
                    0.6278129816055298
                ],
                [
                    -1.862645149230957e-09,
                    0.9954865574836731,
                    0.09490267187356949,
                    0.382564902305603
                ],
                [
                    0.0,
                    0.0,
                    0.0,
                    1.0
                ]
            ]
        },
        {
            "file_path": "/data/shapenet_blender/all_50_random/02958343/a2d50ee31621c3e059139efcde1fedcb/r_7",
            "rotation": 0.12566370614359174,
            "transform_matrix": [
                [
                    -0.6887990832328796,
                    -0.4367891848087311,
                    0.5785940289497375,
                    2.3323872089385986
                ],
                [
                    0.7249523401260376,
                    -0.4150066077709198,
                    0.54973965883255,
                    2.216071367263794
                ],
                [
                    1.4901161193847656e-08,
                    0.798113226890564,
                    0.602507472038269,
                    2.4287853240966797
                ],
                [
                    0.0,
                    0.0,
                    0.0,
                    1.0
                ]
            ]
        },
        {
            "file_path": "/data/shapenet_blender/all_50_random/02958343/a2d50ee31621c3e059139efcde1fedcb/r_8",
            "rotation": 0.12566370614359174,
            "transform_matrix": [
                [
                    -0.9998595714569092,
                    0.00111617601942271,
                    -0.01672150194644928,
                    -0.0674065351486206
                ],
                [
                    -0.016758715733885765,
                    -0.06659336388111115,
                    0.9976393580436707,
                    4.021613121032715
                ],
                [
                    0.0,
                    0.9977794885635376,
                    0.06660271435976028,
                    0.2684841454029083
                ],
                [
                    0.0,
                    0.0,
                    0.0,
                    1.0
                ]
            ]
        },
        {
            "file_path": "/data/shapenet_blender/all_50_random/02958343/a2d50ee31621c3e059139efcde1fedcb/r_9",
            "rotation": 0.12566370614359174,
            "transform_matrix": [
                [
                    0.9975589513778687,
                    -0.010610614903271198,
                    -0.0690191388130188,
                    -0.2782250642776489
                ],
                [
                    -0.06982999294996262,
                    -0.15157833695411682,
                    -0.9859755039215088,
                    -3.9745945930480957
                ],
                [
                    0.0,
                    0.9883882403373718,
                    -0.15194925665855408,
                    -0.6125271320343018
                ],
                [
                    0.0,
                    0.0,
                    0.0,
                    1.0
                ]
            ]
        },
        {
            "file_path": "/data/shapenet_blender/all_50_random/02958343/a2d50ee31621c3e059139efcde1fedcb/r_10",
            "rotation": 0.12566370614359174,
            "transform_matrix": [
                [
                    -0.9999441504478455,
                    -0.0022659788373857737,
                    0.010319901630282402,
                    0.04160085320472717
                ],
                [
                    0.010565747506916523,
                    -0.2144526243209839,
                    0.9766772389411926,
                    3.9371118545532227
                ],
                [
                    0.0,
                    0.9767317175865173,
                    0.21446460485458374,
                    0.8645344972610474
                ],
                [
                    0.0,
                    0.0,
                    0.0,
                    1.0
                ]
            ]
        },
        {
            "file_path": "/data/shapenet_blender/all_50_random/02958343/a2d50ee31621c3e059139efcde1fedcb/r_11",
            "rotation": 0.12566370614359174,
            "transform_matrix": [
                [
                    -0.9965025186538696,
                    -0.010960488580167294,
                    0.08284205943346024,
                    0.3339470624923706
                ],
                [
                    0.08356399834156036,
                    -0.13070406019687653,
                    0.9878934025764465,
                    3.982326030731201
                ],
                [
                    0.0,
                    0.9913608431816101,
                    0.13116280734539032,
                    0.5287342667579651
                ],
                [
                    0.0,
                    0.0,
                    0.0,
                    1.0
                ]
            ]
        },
        {
            "file_path": "/data/shapenet_blender/all_50_random/02958343/a2d50ee31621c3e059139efcde1fedcb/r_12",
            "rotation": 0.12566370614359174,
            "transform_matrix": [
                [
                    0.3236137926578522,
                    -0.15376031398773193,
                    0.9336122274398804,
                    3.7635114192962646
                ],
                [
                    0.9461893439292908,
                    0.05258879438042641,
                    -0.319312185049057,
                    -1.2871887683868408
                ],
                [
                    0.0,
                    0.9867078065872192,
                    0.16250479221343994,
                    0.6550778150558472
                ],
                [
                    0.0,
                    0.0,
                    0.0,
                    1.0
                ]
            ]
        },
        {
            "file_path": "/data/shapenet_blender/all_50_random/02958343/a2d50ee31621c3e059139efcde1fedcb/r_13",
            "rotation": 0.12566370614359174,
            "transform_matrix": [
                [
                    0.8965920209884644,
                    -0.04829554632306099,
                    -0.4402161240577698,
                    -1.7745680809020996
                ],
                [
                    -0.4428574740886688,
                    -0.09777729213237762,
                    -0.8912444710731506,
                    -3.592721700668335
                ],
                [
                    -3.725290298461914e-09,
                    0.9940358400344849,
                    -0.10905436426401138,
                    -0.4396122395992279
                ],
                [
                    0.0,
                    0.0,
                    0.0,
                    1.0
                ]
            ]
        },
        {
            "file_path": "/data/shapenet_blender/all_50_random/02958343/a2d50ee31621c3e059139efcde1fedcb/r_14",
            "rotation": 0.12566370614359174,
            "transform_matrix": [
                [
                    0.945135235786438,
                    0.22713129222393036,
                    0.23479941487312317,
                    0.9465067386627197
                ],
                [
                    0.3266793191432953,
                    -0.6571269035339355,
                    -0.679311990737915,
                    -2.738394260406494
                ],
                [
                    1.4901160305669237e-08,
                    0.7187458276748657,
                    -0.6952729225158691,
                    -2.802734851837158
                ],
                [
                    0.0,
                    0.0,
                    0.0,
                    1.0
                ]
            ]
        },
        {
            "file_path": "/data/shapenet_blender/all_50_random/02958343/a2d50ee31621c3e059139efcde1fedcb/r_15",
            "rotation": 0.12566370614359174,
            "transform_matrix": [
                [
                    -0.8938888311386108,
                    0.1979580819606781,
                    0.40221312642097473,
                    1.6213730573654175
                ],
                [
                    0.44828879833221436,
                    0.3947288393974304,
                    0.8020138144493103,
                    3.2330212593078613
                ],
                [
                    0.0,
                    0.8972188234329224,
                    -0.44158607721328735,
                    -1.780090570449829
                ],
                [
                    0.0,
                    0.0,
                    0.0,
                    1.0
                ]
            ]
        },
        {
            "file_path": "/data/shapenet_blender/all_50_random/02958343/a2d50ee31621c3e059139efcde1fedcb/r_16",
            "rotation": 0.12566370614359174,
            "transform_matrix": [
                [
                    0.9704157710075378,
                    0.0898510292172432,
                    0.2240982949733734,
                    0.9033691883087158
                ],
                [
                    0.24143996834754944,
                    -0.361136794090271,
                    -0.900714635848999,
                    -3.630897045135498
                ],
                [
                    0.0,
                    0.9281740188598633,
                    -0.37214645743370056,
                    -1.5001704692840576
                ],
                [
                    0.0,
                    0.0,
                    0.0,
                    1.0
                ]
            ]
        },
        {
            "file_path": "/data/shapenet_blender/all_50_random/02958343/a2d50ee31621c3e059139efcde1fedcb/r_17",
            "rotation": 0.12566370614359174,
            "transform_matrix": [
                [
                    0.1248512789607048,
                    -0.3768951892852783,
                    0.9178028106689453,
                    3.699781656265259
                ],
                [
                    0.9921754598617554,
                    0.04742693901062012,
                    -0.11549253016710281,
                    -0.4655653238296509
                ],
                [
                    3.725290298461914e-09,
                    0.9250407814979553,
                    0.37986746430397034,
                    1.531294822692871
                ],
                [
                    0.0,
                    0.0,
                    0.0,
                    1.0
                ]
            ]
        },
        {
            "file_path": "/data/shapenet_blender/all_50_random/02958343/a2d50ee31621c3e059139efcde1fedcb/r_18",
            "rotation": 0.12566370614359174,
            "transform_matrix": [
                [
                    0.14379404485225677,
                    0.0067743537947535515,
                    0.9895844459533691,
                    3.989142417907715
                ],
                [
                    0.9896076917648315,
                    -0.000984341255389154,
                    -0.14379066228866577,
                    -0.5796387195587158
                ],
                [
                    0.0,
                    0.9999765753746033,
                    -0.006845494732260704,
                    -0.027595071122050285
                ],
                [
                    0.0,
                    0.0,
                    0.0,
                    1.0
                ]
            ]
        },
        {
            "file_path": "/data/shapenet_blender/all_50_random/02958343/a2d50ee31621c3e059139efcde1fedcb/r_19",
            "rotation": 0.12566370614359174,
            "transform_matrix": [
                [
                    -0.5577777624130249,
                    0.44214367866516113,
                    -0.7024192214012146,
                    -2.831542730331421
                ],
                [
                    -0.8299903273582458,
                    -0.29713353514671326,
                    0.4720463454723358,
                    1.9028798341751099
                ],
                [
                    0.0,
                    0.8462981581687927,
                    0.5327093601226807,
                    2.1474204063415527
                ],
                [
                    0.0,
                    0.0,
                    0.0,
                    1.0
                ]
            ]
        },
        {
            "file_path": "/data/shapenet_blender/all_50_random/02958343/a2d50ee31621c3e059139efcde1fedcb/r_20",
            "rotation": 0.12566370614359174,
            "transform_matrix": [
                [
                    0.1948755383491516,
                    0.7847572565078735,
                    0.5883703231811523,
                    2.3717966079711914
                ],
                [
                    0.9808279871940613,
                    -0.15591928362846375,
                    -0.11690020561218262,
                    -0.4712398052215576
                ],
                [
                    -7.450580152834618e-09,
                    0.599871039390564,
                    -0.8000966906547546,
                    -3.225292921066284
                ],
                [
                    0.0,
                    0.0,
                    0.0,
                    1.0
                ]
            ]
        },
        {
            "file_path": "/data/shapenet_blender/all_50_random/02958343/a2d50ee31621c3e059139efcde1fedcb/r_21",
            "rotation": 0.12566370614359174,
            "transform_matrix": [
                [
                    0.4237072765827179,
                    -0.1231456771492958,
                    -0.8973891139030457,
                    -3.6174912452697754
                ],
                [
                    -0.905799150466919,
                    -0.057604074478149414,
                    -0.41977331042289734,
                    -1.6921603679656982
                ],
                [
                    0.0,
                    0.9907152652740479,
                    -0.13595251739025116,
                    -0.5480421185493469
                ],
                [
                    0.0,
                    0.0,
                    0.0,
                    1.0
                ]
            ]
        },
        {
            "file_path": "/data/shapenet_blender/all_50_random/02958343/a2d50ee31621c3e059139efcde1fedcb/r_22",
            "rotation": 0.12566370614359174,
            "transform_matrix": [
                [
                    -0.8174406290054321,
                    0.04433688521385193,
                    0.5743038654327393,
                    2.3150930404663086
                ],
                [
                    0.5760127305984497,
                    0.06292008608579636,
                    0.8150155544281006,
                    3.285432815551758
                ],
                [
                    3.725290076417309e-09,
                    0.9970332384109497,
                    -0.07697205245494843,
                    -0.31028425693511963
                ],
                [
                    0.0,
                    0.0,
                    0.0,
                    1.0
                ]
            ]
        },
        {
            "file_path": "/data/shapenet_blender/all_50_random/02958343/a2d50ee31621c3e059139efcde1fedcb/r_23",
            "rotation": 0.12566370614359174,
            "transform_matrix": [
                [
                    -0.4019218683242798,
                    0.7943111658096313,
                    0.4555530548095703,
                    1.8363932371139526
                ],
                [
                    0.9156739711761475,
                    0.3486514091491699,
                    0.1999584287405014,
                    0.8060582876205444
                ],
                [
                    0.0,
                    0.4975057542324066,
                    -0.8674606084823608,
                    -3.4968457221984863
                ],
                [
                    0.0,
                    0.0,
                    0.0,
                    1.0
                ]
            ]
        },
        {
            "file_path": "/data/shapenet_blender/all_50_random/02958343/a2d50ee31621c3e059139efcde1fedcb/r_24",
            "rotation": 0.12566370614359174,
            "transform_matrix": [
                [
                    0.6023828983306885,
                    0.09512174129486084,
                    -0.792519211769104,
                    -3.19474720954895
                ],
                [
                    -0.7982072830200195,
                    0.07178550213575363,
                    -0.5980902910232544,
                    -2.4109790325164795
                ],
                [
                    0.0,
                    0.9928739070892334,
                    0.11916923522949219,
                    0.48038655519485474
                ],
                [
                    0.0,
                    0.0,
                    0.0,
                    1.0
                ]
            ]
        },
        {
            "file_path": "/data/shapenet_blender/all_50_random/02958343/a2d50ee31621c3e059139efcde1fedcb/r_25",
            "rotation": 0.12566370614359174,
            "transform_matrix": [
                [
                    -0.645263671875,
                    0.6923269629478455,
                    0.3229829668998718,
                    1.3019859790802002
                ],
                [
                    0.7639598250389099,
                    0.584760308265686,
                    0.2728012204170227,
                    1.0996968746185303
                ],
                [
                    1.4901158529312397e-08,
                    0.4227749705314636,
                    -0.9062348008155823,
                    -3.653149127960205
                ],
                [
                    0.0,
                    0.0,
                    0.0,
                    1.0
                ]
            ]
        },
        {
            "file_path": "/data/shapenet_blender/all_50_random/02958343/a2d50ee31621c3e059139efcde1fedcb/r_26",
            "rotation": 0.12566370614359174,
            "transform_matrix": [
                [
                    0.656339704990387,
                    0.04915628582239151,
                    -0.7528625130653381,
                    -3.034885883331299
                ],
                [
                    -0.7544655799865723,
                    0.042763013392686844,
                    -0.6549451351165771,
                    -2.6401681900024414
                ],
                [
                    0.0,
                    0.9978751540184021,
                    0.06515379250049591,
                    0.26264333724975586
                ],
                [
                    0.0,
                    0.0,
                    0.0,
                    1.0
                ]
            ]
        },
        {
            "file_path": "/data/shapenet_blender/all_50_random/02958343/a2d50ee31621c3e059139efcde1fedcb/r_27",
            "rotation": 0.12566370614359174,
            "transform_matrix": [
                [
                    0.8370277881622314,
                    0.10036634653806686,
                    -0.5378763675689697,
                    -2.1682491302490234
                ],
                [
                    -0.5471603870391846,
                    0.1535370945930481,
                    -0.8228254318237305,
                    -3.31691575050354
                ],
                [
                    0.0,
                    0.9830324053764343,
                    0.18343129754066467,
                    0.7394352555274963
                ],
                [
                    0.0,
                    0.0,
                    0.0,
                    1.0
                ]
            ]
        },
        {
            "file_path": "/data/shapenet_blender/all_50_random/02958343/a2d50ee31621c3e059139efcde1fedcb/r_28",
            "rotation": 0.12566370614359174,
            "transform_matrix": [
                [
                    0.9913650751113892,
                    0.07187866419553757,
                    0.10967613756656647,
                    0.44211867451667786
                ],
                [
                    0.13113124668598175,
                    -0.5434097647666931,
                    -0.8291623592376709,
                    -3.3424606323242188
                ],
                [
                    0.0,
                    0.8363845348358154,
                    -0.5481429696083069,
                    -2.2096352577209473
                ],
                [
                    0.0,
                    0.0,
                    0.0,
                    1.0
                ]
            ]
        },
        {
            "file_path": "/data/shapenet_blender/all_50_random/02958343/a2d50ee31621c3e059139efcde1fedcb/r_29",
            "rotation": 0.12566370614359174,
            "transform_matrix": [
                [
                    0.2823981046676636,
                    -0.1172625869512558,
                    -0.952103316783905,
                    -3.8380513191223145
                ],
                [
                    -0.9592972993850708,
                    -0.03451978415250778,
                    -0.28028035163879395,
                    -1.129846215248108
                ],
                [
                    0.0,
                    0.9925008416175842,
                    -0.12223799526691437,
                    -0.492757111787796
                ],
                [
                    0.0,
                    0.0,
                    0.0,
                    1.0
                ]
            ]
        },
        {
            "file_path": "/data/shapenet_blender/all_50_random/02958343/a2d50ee31621c3e059139efcde1fedcb/r_30",
            "rotation": 0.12566370614359174,
            "transform_matrix": [
                [
                    0.03156064450740814,
                    0.20695514976978302,
                    0.977841317653656,
                    3.9418039321899414
                ],
                [
                    0.9995018839836121,
                    -0.006534893997013569,
                    -0.030876684933900833,
                    -0.1244678795337677
                ],
                [
                    0.0,
                    0.9783286452293396,
                    -0.20705832540988922,
                    -0.8346787095069885
                ],
                [
                    0.0,
                    0.0,
                    0.0,
                    1.0
                ]
            ]
        },
        {
            "file_path": "/data/shapenet_blender/all_50_random/02958343/a2d50ee31621c3e059139efcde1fedcb/r_31",
            "rotation": 0.12566370614359174,
            "transform_matrix": [
                [
                    0.856171190738678,
                    0.010368119925260544,
                    -0.5165880918502808,
                    -2.0824332237243652
                ],
                [
                    -0.5166921019554138,
                    0.017180224880576134,
                    -0.8559988737106323,
                    -3.4506418704986572
                ],
                [
                    9.313225191043273e-10,
                    0.9997986555099487,
                    0.020066339522600174,
                    0.0808899998664856
                ],
                [
                    0.0,
                    0.0,
                    0.0,
                    1.0
                ]
            ]
        },
        {
            "file_path": "/data/shapenet_blender/all_50_random/02958343/a2d50ee31621c3e059139efcde1fedcb/r_32",
            "rotation": 0.12566370614359174,
            "transform_matrix": [
                [
                    0.9225216507911682,
                    -0.3812045156955719,
                    0.060307081788778305,
                    0.24310562014579773
                ],
                [
                    0.3859453797340393,
                    0.9111895561218262,
                    -0.1441514492034912,
                    -0.5810930728912354
                ],
                [
                    0.0,
                    0.15625794231891632,
                    0.9877162575721741,
                    3.981611490249634
                ],
                [
                    0.0,
                    0.0,
                    0.0,
                    1.0
                ]
            ]
        },
        {
            "file_path": "/data/shapenet_blender/all_50_random/02958343/a2d50ee31621c3e059139efcde1fedcb/r_33",
            "rotation": 0.12566370614359174,
            "transform_matrix": [
                [
                    -0.5531107783317566,
                    0.11880452930927277,
                    -0.824593186378479,
                    -3.3240413665771484
                ],
                [
                    -0.8331077098846436,
                    -0.0788758397102356,
                    0.5474579334259033,
                    2.2068734169006348
                ],
                [
                    7.450580596923828e-09,
                    0.9897797703742981,
                    0.1426040530204773,
                    0.5748553276062012
                ],
                [
                    0.0,
                    0.0,
                    0.0,
                    1.0
                ]
            ]
        },
        {
            "file_path": "/data/shapenet_blender/all_50_random/02958343/a2d50ee31621c3e059139efcde1fedcb/r_34",
            "rotation": 0.12566370614359174,
            "transform_matrix": [
                [
                    -0.3622749447822571,
                    -0.1031283438205719,
                    0.9263484477996826,
                    3.734229803085327
                ],
                [
                    0.932071328163147,
                    -0.040083643049001694,
                    0.36005058884620667,
                    1.4514102935791016
                ],
                [
                    0.0,
                    0.9938600659370422,
                    0.11064428836107254,
                    0.4460213780403137
                ],
                [
                    0.0,
                    0.0,
                    0.0,
                    1.0
                ]
            ]
        },
        {
            "file_path": "/data/shapenet_blender/all_50_random/02958343/a2d50ee31621c3e059139efcde1fedcb/r_35",
            "rotation": 0.12566370614359174,
            "transform_matrix": [
                [
                    0.24743741750717163,
                    0.008895408362150192,
                    0.9688629508018494,
                    3.905611753463745
                ],
                [
                    0.9689038395881653,
                    -0.0022716980893164873,
                    -0.24742697179317474,
                    -0.9974100589752197
                ],
                [
                    0.0,
                    0.9999578595161438,
                    -0.00918089784681797,
                    -0.03700938820838928
                ],
                [
                    0.0,
                    0.0,
                    0.0,
                    1.0
                ]
            ]
        },
        {
            "file_path": "/data/shapenet_blender/all_50_random/02958343/a2d50ee31621c3e059139efcde1fedcb/r_36",
            "rotation": 0.12566370614359174,
            "transform_matrix": [
                [
                    -0.03705913573503494,
                    -0.045119863003492355,
                    -0.9982939958572388,
                    -4.024251461029053
                ],
                [
                    -0.9993131160736084,
                    0.0016732524381950498,
                    0.03702133893966675,
                    0.14923778176307678
                ],
                [
                    0.0,
                    0.9989801645278931,
                    -0.04515088349580765,
                    -0.1820090264081955
                ],
                [
                    0.0,
                    0.0,
                    0.0,
                    1.0
                ]
            ]
        },
        {
            "file_path": "/data/shapenet_blender/all_50_random/02958343/a2d50ee31621c3e059139efcde1fedcb/r_37",
            "rotation": 0.12566370614359174,
            "transform_matrix": [
                [
                    0.8884811401367188,
                    0.26587367057800293,
                    0.3740488588809967,
                    1.5078392028808594
                ],
                [
                    0.45891326665878296,
                    -0.5147458910942078,
                    -0.7241789698600769,
                    -2.9192588329315186
                ],
                [
                    0.0,
                    0.8150752186775208,
                    -0.579355001449585,
                    -2.3354547023773193
                ],
                [
                    0.0,
                    0.0,
                    0.0,
                    1.0
                ]
            ]
        },
        {
            "file_path": "/data/shapenet_blender/all_50_random/02958343/a2d50ee31621c3e059139efcde1fedcb/r_38",
            "rotation": 0.12566370614359174,
            "transform_matrix": [
                [
                    0.852794885635376,
                    0.18254581093788147,
                    0.48930349946022034,
                    1.9724452495574951
                ],
                [
                    0.5222459435462952,
                    -0.2980858385562897,
                    -0.799001932144165,
                    -3.220879316329956
                ],
                [
                    -1.4901160305669237e-08,
                    0.9369214177131653,
                    -0.34953993558883667,
                    -1.4090403318405151
                ],
                [
                    0.0,
                    0.0,
                    0.0,
                    1.0
                ]
            ]
        },
        {
            "file_path": "/data/shapenet_blender/all_50_random/02958343/a2d50ee31621c3e059139efcde1fedcb/r_39",
            "rotation": 0.12566370614359174,
            "transform_matrix": [
                [
                    -0.542870819568634,
                    -0.6481305360794067,
                    -0.5340580940246582,
                    -2.1528570652008057
                ],
                [
                    -0.8398162722587585,
                    0.4189620614051819,
                    0.3452237844467163,
                    1.391641616821289
                ],
                [
                    0.0,
                    0.6359226107597351,
                    -0.7717528343200684,
                    -3.111035108566284
                ],
                [
                    0.0,
                    0.0,
                    0.0,
                    1.0
                ]
            ]
        },
        {
            "file_path": "/data/shapenet_blender/all_50_random/02958343/a2d50ee31621c3e059139efcde1fedcb/r_40",
            "rotation": 0.12566370614359174,
            "transform_matrix": [
                [
                    0.7735579013824463,
                    -0.05682722479104996,
                    -0.6311725974082947,
                    -2.5443384647369385
                ],
                [
                    -0.6337257027626038,
                    -0.0693662017583847,
                    -0.7704414129257202,
                    -3.1057488918304443
                ],
                [
                    0.0,
                    0.9959712624549866,
                    -0.08967164158821106,
                    -0.36147797107696533
                ],
                [
                    0.0,
                    0.0,
                    0.0,
                    1.0
                ]
            ]
        },
        {
            "file_path": "/data/shapenet_blender/all_50_random/02958343/a2d50ee31621c3e059139efcde1fedcb/r_41",
            "rotation": 0.12566370614359174,
            "transform_matrix": [
                [
                    0.5198683142662048,
                    0.22025112807750702,
                    0.825364351272583,
                    3.3271501064300537
                ],
                [
                    0.8542463183403015,
                    -0.13403813540935516,
                    -0.5022916793823242,
                    -2.0248024463653564
                ],
                [
                    -1.4901160305669237e-08,
                    0.9661900401115417,
                    -0.2578309178352356,
