{
    "class": "02958343",
    "model": "2ba7ea78b9b6e2a6b420256a03f575c0",
    "remove_doubles": true,
    "edge_split": true,
    "denoise": true,
    "camera_angle_x": 0.6911112070083618,
    "scale_factor": 2.1875064051897617,
    "hdri_file": "/data/IndoorHDRDataset2018/AG8A4341-85df8326c0.exr",
    "center_offset": [
        0.0,
        -3.725290298461914e-09,
        0.0
    ],
    "lights": [],
    "frames": [
        {
            "file_path": "/data/shapenet_blender/all_50_random/02958343/2ba7ea78b9b6e2a6b420256a03f575c0/r_0",
            "rotation": 0.12566370614359174,
            "transform_matrix": [
                [
                    -0.5664504170417786,
                    -0.3285461962223053,
                    0.7557719945907593,
                    3.046614646911621
                ],
                [
                    0.8240957856178284,
                    -0.22582946717739105,
                    0.5194873213768005,
                    2.094120502471924
                ],
                [
                    0.0,
                    0.9170924425125122,
                    0.3986746668815613,
                    1.6071090698242188
                ],
                [
                    0.0,
                    0.0,
                    0.0,
                    1.0
                ]
            ]
        },
        {
            "file_path": "/data/shapenet_blender/all_50_random/02958343/2ba7ea78b9b6e2a6b420256a03f575c0/r_1",
            "rotation": 0.12566370614359174,
            "transform_matrix": [
                [
                    -0.21452830731868744,
                    0.354021817445755,
                    -0.9102998971939087,
                    -3.669536590576172
                ],
                [
                    -0.9767177700996399,
                    -0.07775808870792389,
                    0.19994015991687775,
                    0.805984616279602
                ],
                [
                    0.0,
                    0.9319989681243896,
                    0.3624606728553772,
                    1.4611258506774902
                ],
                [
                    0.0,
                    0.0,
                    0.0,
                    1.0
                ]
            ]
        },
        {
            "file_path": "/data/shapenet_blender/all_50_random/02958343/2ba7ea78b9b6e2a6b420256a03f575c0/r_2",
            "rotation": 0.12566370614359174,
            "transform_matrix": [
                [
                    0.7144894599914551,
                    0.10516202449798584,
                    -0.6916977763175964,
                    -2.788322687149048
                ],
                [
                    -0.6996462345123291,
                    0.1073930636048317,
                    -0.7063723802566528,
                    -2.847477912902832
                ],
                [
                    -7.450580596923828e-09,
                    0.9886392951011658,
                    0.15030743181705475,
                    0.6059085726737976
                ],
                [
                    0.0,
                    0.0,
                    0.0,
                    1.0
                ]
            ]
        },
        {
            "file_path": "/data/shapenet_blender/all_50_random/02958343/2ba7ea78b9b6e2a6b420256a03f575c0/r_3",
            "rotation": 0.12566370614359174,
            "transform_matrix": [
                [
                    -0.7619057297706604,
                    -0.2050735205411911,
                    0.6143651008605957,
                    2.4765849113464355
                ],
                [
                    0.6476879119873047,
                    -0.24123762547969818,
                    0.7227065563201904,
                    2.913323402404785
                ],
                [
                    0.0,
                    0.9485511183738708,
                    0.3166239857673645,
                    1.2763521671295166
                ],
                [
                    0.0,
                    0.0,
                    0.0,
                    1.0
                ]
            ]
        },
        {
            "file_path": "/data/shapenet_blender/all_50_random/02958343/2ba7ea78b9b6e2a6b420256a03f575c0/r_4",
            "rotation": 0.12566370614359174,
            "transform_matrix": [
                [
                    -0.999602735042572,
                    0.008756568655371666,
                    0.026791540905833244,
                    0.10800015926361084
                ],
                [
                    0.028186243027448654,
                    0.3105447590351105,
                    0.9501407742500305,
                    3.8301398754119873
                ],
                [
                    9.313225746154785e-10,
                    0.9505184292793274,
                    -0.3106681704521179,
                    -1.2523434162139893
                ],
                [
                    0.0,
                    0.0,
                    0.0,
                    1.0
                ]
            ]
        },
        {
            "file_path": "/data/shapenet_blender/all_50_random/02958343/2ba7ea78b9b6e2a6b420256a03f575c0/r_5",
            "rotation": 0.12566370614359174,
            "transform_matrix": [
                [
                    -0.8653004169464111,
                    -0.4739670753479004,
                    -0.163127139210701,
                    -0.6575865745544434
                ],
                [
                    -0.5012537240982056,
                    0.8181962966918945,
                    0.2816018760204315,
                    1.1351735591888428
                ],
                [
                    0.0,
                    0.32543838024139404,
                    -0.9455631971359253,
                    -3.811687469482422
                ],
                [
                    0.0,
                    0.0,
                    0.0,
                    1.0
                ]
            ]
        },
        {
            "file_path": "/data/shapenet_blender/all_50_random/02958343/2ba7ea78b9b6e2a6b420256a03f575c0/r_6",
            "rotation": 0.12566370614359174,
            "transform_matrix": [
                [
                    -0.6685977578163147,
                    -0.34000611305236816,
                    0.661341667175293,
                    2.6659536361694336
                ],
                [
                    0.7436242699623108,
                    -0.30570188164711,
                    0.5946169495582581,
                    2.396977663040161
                ],
                [
                    0.0,
                    0.8893492817878723,
                    0.4572283923625946,
                    1.843146562576294
                ],
                [
                    0.0,
                    0.0,
                    0.0,
                    1.0
                ]
            ]
        },
        {
            "file_path": "/data/shapenet_blender/all_50_random/02958343/2ba7ea78b9b6e2a6b420256a03f575c0/r_7",
            "rotation": 0.12566370614359174,
            "transform_matrix": [
                [
                    -0.9993905425071716,
                    -0.0010355842532590032,
                    0.03489262983202934,
                    0.1406567096710205
                ],
                [
                    0.034908000379800797,
                    -0.02964802086353302,
                    0.9989506006240845,
                    4.0268988609313965
                ],
                [
                    0.0,
                    0.9995598793029785,
                    0.029666097834706306,
                    0.11958787590265274
                ],
                [
                    0.0,
                    0.0,
                    0.0,
                    1.0
                ]
            ]
        },
        {
            "file_path": "/data/shapenet_blender/all_50_random/02958343/2ba7ea78b9b6e2a6b420256a03f575c0/r_8",
            "rotation": 0.12566370614359174,
            "transform_matrix": [
                [
                    0.9727157354354858,
                    0.04478693753480911,
                    -0.2276362031698227,
                    -0.9176309108734131
                ],
                [
                    -0.23200026154518127,
                    0.18777979910373688,
                    -0.954418420791626,
                    -3.847383737564087
                ],
                [
                    0.0,
                    0.9811894297599792,
                    0.1930469572544098,
                    0.778197169303894
                ],
                [
                    0.0,
                    0.0,
                    0.0,
                    1.0
                ]
            ]
        },
        {
            "file_path": "/data/shapenet_blender/all_50_random/02958343/2ba7ea78b9b6e2a6b420256a03f575c0/r_9",
            "rotation": 0.12566370614359174,
            "transform_matrix": [
                [
                    0.9584527015686035,
                    -0.11150923371315002,
                    0.26255306601524353,
                    1.0583851337432861
                ],
                [
                    0.2852514982223511,
                    0.3746740221977234,
                    -0.8821853995323181,
                    -3.5562026500701904
                ],
                [
                    7.4505797087454084e-09,
                    0.9204265475273132,
                    0.39091548323631287,
                    1.5758305788040161
                ],
                [
                    0.0,
                    0.0,
                    0.0,
                    1.0
                ]
            ]
        },
        {
            "file_path": "/data/shapenet_blender/all_50_random/02958343/2ba7ea78b9b6e2a6b420256a03f575c0/r_10",
            "rotation": 0.12566370614359174,
            "transform_matrix": [
                [
                    -0.9768431186676025,
                    -0.04062686860561371,
                    -0.21006442606449127,
                    -0.8467968106269836
                ],
                [
                    -0.2139570266008377,
                    0.18548621237277985,
                    0.9590710401535034,
                    3.8661389350891113
                ],
                [
                    3.725290298461914e-09,
                    0.9818066358566284,
                    -0.18988333642482758,
                    -0.7654442191123962
                ],
                [
                    0.0,
                    0.0,
                    0.0,
                    1.0
                ]
            ]
        },
        {
            "file_path": "/data/shapenet_blender/all_50_random/02958343/2ba7ea78b9b6e2a6b420256a03f575c0/r_11",
            "rotation": 0.12566370614359174,
            "transform_matrix": [
                [
                    -0.10139304399490356,
                    0.6095468401908875,
                    0.7862392663955688,
                    3.169431447982788
                ],
                [
                    0.9948464632034302,
                    0.06212397292256355,
                    0.08013216406106949,
                    0.3230230510234833
                ],
                [
                    0.0,
                    0.7903120517730713,
                    -0.6127045154571533,
                    -2.469890594482422
                ],
                [
                    0.0,
                    0.0,
                    0.0,
                    1.0
                ]
            ]
        },
        {
            "file_path": "/data/shapenet_blender/all_50_random/02958343/2ba7ea78b9b6e2a6b420256a03f575c0/r_12",
            "rotation": 0.12566370614359174,
            "transform_matrix": [
                [
                    -0.5535807013511658,
                    0.22954276204109192,
                    -0.8005364537239075,
                    -3.227065324783325
                ],
                [
                    -0.8327956199645996,
                    -0.15258298814296722,
                    0.5321372151374817,
                    2.145113468170166
                ],
                [
                    0.0,
                    0.9612640738487244,
                    0.2756291925907135,
                    1.111096739768982
                ],
                [
                    0.0,
                    0.0,
                    0.0,
                    1.0
                ]
            ]
        },
        {
            "file_path": "/data/shapenet_blender/all_50_random/02958343/2ba7ea78b9b6e2a6b420256a03f575c0/r_13",
            "rotation": 0.12566370614359174,
            "transform_matrix": [
                [
                    -0.9753113985061646,
                    0.02113780938088894,
                    0.219820037484169,
                    0.88612300157547
                ],
                [
                    0.22083400189876556,
                    0.09335494041442871,
                    0.9708331823348999,
                    3.9135539531707764
                ],
                [
                    0.0,
                    0.9954084753990173,
                    -0.09571807086467743,
                    -0.3858519196510315
                ],
                [
                    0.0,
                    0.0,
                    0.0,
                    1.0
                ]
            ]
        },
        {
            "file_path": "/data/shapenet_blender/all_50_random/02958343/2ba7ea78b9b6e2a6b420256a03f575c0/r_14",
            "rotation": 0.12566370614359174,
            "transform_matrix": [
                [
                    -0.9142601490020752,
                    -0.3234056234359741,
                    -0.24400269985198975,
                    -0.9836063385009766
                ],
                [
                    -0.4051278531551361,
                    0.7298359870910645,
                    0.5506457686424255,
                    2.219724178314209
                ],
                [
                    0.0,
                    0.602285623550415,
                    -0.7982805967330933,
                    -3.2179720401763916
                ],
                [
                    0.0,
                    0.0,
                    0.0,
                    1.0
                ]
            ]
        },
        {
            "file_path": "/data/shapenet_blender/all_50_random/02958343/2ba7ea78b9b6e2a6b420256a03f575c0/r_15",
            "rotation": 0.12566370614359174,
            "transform_matrix": [
                [
                    0.6510748863220215,
                    0.34985071420669556,
                    -0.6735770106315613,
                    -2.715275764465332
                ],
                [
                    -0.7590135335922241,
                    0.3000987768173218,
                    -0.577788233757019,
                    -2.32913875579834
                ],
                [
                    0.0,
                    0.8874374628067017,
                    0.46092817187309265,
                    1.8580608367919922
                ],
                [
                    0.0,
                    0.0,
                    0.0,
                    1.0
                ]
            ]
        },
        {
            "file_path": "/data/shapenet_blender/all_50_random/02958343/2ba7ea78b9b6e2a6b420256a03f575c0/r_16",
            "rotation": 0.12566370614359174,
            "transform_matrix": [
                [
                    0.713106095790863,
                    0.3315710723400116,
                    0.6176894307136536,
                    2.489985704421997
                ],
                [
                    0.7010560631752014,
                    -0.3372702896595001,
                    -0.6283065676689148,
                    -2.5327847003936768
                ],
                [
                    1.4901160305669237e-08,
                    0.8810842037200928,
                    -0.47295942902565,
                    -1.9065604209899902
                ],
                [
                    0.0,
                    0.0,
                    0.0,
                    1.0
                ]
            ]
        },
        {
            "file_path": "/data/shapenet_blender/all_50_random/02958343/2ba7ea78b9b6e2a6b420256a03f575c0/r_17",
            "rotation": 0.12566370614359174,
            "transform_matrix": [
                [
                    0.7741972804069519,
                    -0.22484898567199707,
                    0.5916599035263062,
                    2.3850574493408203
                ],
                [
                    0.6329443454742432,
                    0.2750280797481537,
                    -0.7236995100975037,
                    -2.917325973510742
                ],
                [
                    0.0,
                    0.9347739815711975,
                    0.35524290800094604,
                    1.4320299625396729
                ],
                [
                    0.0,
                    0.0,
                    0.0,
                    1.0
                ]
            ]
        },
        {
            "file_path": "/data/shapenet_blender/all_50_random/02958343/2ba7ea78b9b6e2a6b420256a03f575c0/r_18",
            "rotation": 0.12566370614359174,
            "transform_matrix": [
                [
                    -0.14875102043151855,
                    0.7267902493476868,
                    -0.6705586910247803,
                    -2.703108549118042
                ],
                [
                    -0.9888746738433838,
                    -0.10932710021734238,
                    0.10086848586797714,
                    0.40661388635635376
                ],
                [
                    0.0,
                    0.6781027913093567,
                    0.734967052936554,
                    2.9627468585968018
                ],
                [
                    0.0,
                    0.0,
                    0.0,
                    1.0
                ]
            ]
        },
        {
            "file_path": "/data/shapenet_blender/all_50_random/02958343/2ba7ea78b9b6e2a6b420256a03f575c0/r_19",
            "rotation": 0.12566370614359174,
            "transform_matrix": [
                [
                    0.906266450881958,
                    -0.07475117594003677,
                    -0.41604509949684143,
                    -1.6771314144134521
                ],
                [
                    -0.42270711064338684,
                    -0.16026340425014496,
                    -0.8919833898544312,
                    -3.5957000255584717
                ],
                [
                    7.450581485102248e-09,
                    0.9842396974563599,
                    -0.1768392026424408,
                    -0.7128616571426392
                ],
                [
                    0.0,
                    0.0,
                    0.0,
                    1.0
                ]
            ]
        },
        {
            "file_path": "/data/shapenet_blender/all_50_random/02958343/2ba7ea78b9b6e2a6b420256a03f575c0/r_20",
            "rotation": 0.12566370614359174,
            "transform_matrix": [
                [
                    -0.15993987023830414,
                    -0.4390372037887573,
                    -0.8841185569763184,
                    -3.563995838165283
                ],
                [
                    -0.9871268272399902,
                    0.07113528251647949,
                    0.14324988424777985,
                    0.5774587392807007
                ],
                [
                    -7.450580596923828e-09,
                    0.8956484198570251,
                    -0.4447627365589142,
                    -1.7928959131240845
                ],
                [
                    0.0,
                    0.0,
                    0.0,
                    1.0
                ]
            ]
        },
        {
            "file_path": "/data/shapenet_blender/all_50_random/02958343/2ba7ea78b9b6e2a6b420256a03f575c0/r_21",
            "rotation": 0.12566370614359174,
            "transform_matrix": [
                [
                    -0.8322294354438782,
                    -0.0693872794508934,
                    -0.5500723719596863,
                    -2.2174127101898193
                ],
                [
                    -0.5544314980506897,
                    0.10415379703044891,
                    0.8256862163543701,
                    3.3284475803375244
                ],
                [
                    3.725290298461914e-09,
                    0.9921377897262573,
                    -0.12515033781528473,
                    -0.5044971704483032
                ],
                [
                    0.0,
                    0.0,
                    0.0,
                    1.0
                ]
            ]
        },
        {
            "file_path": "/data/shapenet_blender/all_50_random/02958343/2ba7ea78b9b6e2a6b420256a03f575c0/r_22",
            "rotation": 0.12566370614359174,
            "transform_matrix": [
                [
                    0.8837602138519287,
                    -0.33163467049598694,
                    -0.3301308751106262,
                    -1.3308002948760986
                ],
                [
                    -0.46794015169143677,
                    -0.6263312101364136,
                    -0.623491108417511,
                    -2.513373374938965
                ],
                [
                    -1.4901161193847656e-08,
                    0.7054980993270874,
                    -0.7087116837501526,
                    -2.8569083213806152
                ],
                [
                    0.0,
                    0.0,
                    0.0,
                    1.0
                ]
            ]
        },
        {
            "file_path": "/data/shapenet_blender/all_50_random/02958343/2ba7ea78b9b6e2a6b420256a03f575c0/r_23",
            "rotation": 0.12566370614359174,
            "transform_matrix": [
                [
                    0.952205240726471,
                    -0.03679538890719414,
                    -0.30323484539985657,
                    -1.2223786115646362
                ],
                [
                    -0.3054591119289398,
                    -0.11470197141170502,
                    -0.9452715516090393,
                    -3.8105111122131348
                ],
                [
                    0.0,
                    0.9927182793617249,
                    -0.12045930325984955,
                    -0.48558691143989563
                ],
                [
                    0.0,
                    0.0,
                    0.0,
                    1.0
                ]
            ]
        },
        {
            "file_path": "/data/shapenet_blender/all_50_random/02958343/2ba7ea78b9b6e2a6b420256a03f575c0/r_24",
            "rotation": 0.12566370614359174,
            "transform_matrix": [
                [
                    -0.5382580757141113,
                    -0.6216440200805664,
                    0.5690665245056152,
                    2.293980836868286
                ],
                [
                    0.8427800536155701,
                    -0.39702528715133667,
                    0.36344560980796814,
                    1.4650962352752686
                ],
                [
                    0.0,
                    0.6752254366874695,
                    0.7376112341880798,
                    2.9734063148498535
                ],
                [
                    0.0,
                    0.0,
                    0.0,
                    1.0
                ]
            ]
        },
        {
            "file_path": "/data/shapenet_blender/all_50_random/02958343/2ba7ea78b9b6e2a6b420256a03f575c0/r_25",
            "rotation": 0.12566370614359174,
            "transform_matrix": [
                [
                    -0.7632452845573425,
                    -0.056790757924318314,
                    -0.6436081528663635,
                    -2.5944671630859375
                ],
                [
                    -0.6461088061332703,
                    0.06708665937185287,
                    0.760291337966919,
                    3.0648319721221924
                ],
                [
                    3.7252898543727042e-09,
                    0.99612957239151,
                    -0.08789660036563873,
                    -0.35432249307632446
                ],
                [
                    0.0,
                    0.0,
                    0.0,
                    1.0
                ]
            ]
        },
        {
            "file_path": "/data/shapenet_blender/all_50_random/02958343/2ba7ea78b9b6e2a6b420256a03f575c0/r_26",
            "rotation": 0.12566370614359174,
            "transform_matrix": [
                [
                    0.14968964457511902,
                    -0.1634279042482376,
                    -0.9751330018043518,
                    -3.930886745452881
                ],
                [
                    -0.9887331128120422,
                    -0.024742236360907555,
                    -0.14763066172599792,
                    -0.5951182246208191
                ],
                [
                    -1.862645149230957e-09,
                    0.9862449169158936,
                    -0.1652902364730835,
                    -0.6663062572479248
                ],
                [
                    0.0,
                    0.0,
                    0.0,
                    1.0
                ]
            ]
        },
        {
            "file_path": "/data/shapenet_blender/all_50_random/02958343/2ba7ea78b9b6e2a6b420256a03f575c0/r_27",
            "rotation": 0.12566370614359174,
            "transform_matrix": [
                [
                    -0.7416051030158997,
                    0.5323554873466492,
                    0.40819039940834045,
                    1.6454681158065796
                ],
                [
                    0.6708366274833679,
                    0.5885152220726013,
                    0.4512515962123871,
                    1.8190534114837646
                ],
                [
                    0.0,
                    0.6084795594215393,
                    -0.7935694456100464,
                    -3.1989808082580566
                ],
                [
                    0.0,
                    0.0,
                    0.0,
                    1.0
                ]
            ]
        },
        {
            "file_path": "/data/shapenet_blender/all_50_random/02958343/2ba7ea78b9b6e2a6b420256a03f575c0/r_28",
            "rotation": 0.12566370614359174,
            "transform_matrix": [
                [
                    -0.3461506962776184,
                    0.0880913957953453,
                    0.934033989906311,
                    3.765211582183838
                ],
                [
                    0.9381788969039917,
                    0.032502222806215286,
                    0.3446213901042938,
                    1.3892133235931396
                ],
                [
                    -1.8626450382086546e-09,
                    0.9955819249153137,
                    -0.09389616549015045,
                    -0.3785075843334198
                ],
                [
                    0.0,
                    0.0,
                    0.0,
                    1.0
                ]
            ]
        },
        {
            "file_path": "/data/shapenet_blender/all_50_random/02958343/2ba7ea78b9b6e2a6b420256a03f575c0/r_29",
            "rotation": 0.12566370614359174,
            "transform_matrix": [
                [
                    0.9810787439346313,
                    0.04403796046972275,
                    -0.18853433430194855,
                    -0.7600061893463135
                ],
                [
                    -0.19360923767089844,
                    0.22315415740013123,
                    -0.9553626179695129,
                    -3.8511898517608643
                ],
                [
                    0.0,
                    0.9737879037857056,
                    0.2274579405784607,
                    0.9169122576713562
                ],
                [
                    0.0,
                    0.0,
                    0.0,
                    1.0
                ]
            ]
        },
        {
            "file_path": "/data/shapenet_blender/all_50_random/02958343/2ba7ea78b9b6e2a6b420256a03f575c0/r_30",
            "rotation": 0.12566370614359174,
            "transform_matrix": [
                [
                    0.5247974395751953,
                    0.07690217345952988,
                    0.8477462530136108,
                    3.4173743724823
                ],
                [
                    0.8512272238731384,
                    -0.04741162434220314,
                    -0.5226513743400574,
                    -2.10687518119812
                ],
                [
                    0.0,
                    0.9959107041358948,
                    -0.09034271538257599,
                    -0.36418312788009644
                ],
                [
                    0.0,
                    0.0,
                    0.0,
                    1.0
                ]
            ]
        },
        {
            "file_path": "/data/shapenet_blender/all_50_random/02958343/2ba7ea78b9b6e2a6b420256a03f575c0/r_31",
            "rotation": 0.12566370614359174,
            "transform_matrix": [
                [
                    -0.09713546186685562,
                    -0.6999347805976868,
                    -0.7075703740119934,
                    -2.8523075580596924
                ],
                [
                    -0.9952711462974548,
                    0.06831152737140656,
                    0.06905674189329147,
                    0.27837666869163513
                ],
                [
                    -3.725290076417309e-09,
                    0.7109322547912598,
                    -0.7032603621482849,
                    -2.8349335193634033
                ],
                [
                    0.0,
                    0.0,
                    0.0,
                    1.0
                ]
            ]
        },
        {
            "file_path": "/data/shapenet_blender/all_50_random/02958343/2ba7ea78b9b6e2a6b420256a03f575c0/r_32",
            "rotation": 0.12566370614359174,
            "transform_matrix": [
                [
                    -0.31717562675476074,
                    -0.032543543726205826,
                    0.9478082060813904,
                    3.820737361907959
                ],
                [
                    0.9483668804168701,
                    -0.010883993469178677,
                    0.3169887959957123,
                    1.2778228521347046
                ],
                [
                    -9.31322685637781e-10,
                    0.9994109272956848,
                    0.034315355122089386,
                    0.1383296400308609
                ],
                [
                    0.0,
                    0.0,
                    0.0,
                    1.0
                ]
            ]
        },
        {
            "file_path": "/data/shapenet_blender/all_50_random/02958343/2ba7ea78b9b6e2a6b420256a03f575c0/r_33",
            "rotation": 0.12566370614359174,
            "transform_matrix": [
                [
                    -0.6840828657150269,
                    -0.5423566699028015,
                    -0.4877292811870575,
                    -1.9660996198654175
                ],
                [
                    -0.7294042706489563,
                    0.5086574554443359,
                    0.4574242830276489,
                    1.8439362049102783
                ],
                [
                    2.9802317058624794e-08,
                    0.6686679124832153,
                    -0.7435612082481384,
                    -2.9973909854888916
                ],
                [
                    0.0,
                    0.0,
                    0.0,
                    1.0
                ]
            ]
        },
        {
            "file_path": "/data/shapenet_blender/all_50_random/02958343/2ba7ea78b9b6e2a6b420256a03f575c0/r_34",
            "rotation": 0.12566370614359174,
            "transform_matrix": [
                [
                    0.5274039506912231,
                    -0.6710488796234131,
                    -0.5210936069488525,
                    -2.100595474243164
                ],
                [
                    -0.8496147394180298,
                    -0.41655802726745605,
                    -0.3234722912311554,
                    -1.303958535194397
                ],
                [
                    0.0,
                    0.613329291343689,
                    -0.7898272275924683,
                    -3.1838953495025635
                ],
                [
                    0.0,
                    0.0,
                    0.0,
                    1.0
                ]
            ]
        },
        {
            "file_path": "/data/shapenet_blender/all_50_random/02958343/2ba7ea78b9b6e2a6b420256a03f575c0/r_35",
            "rotation": 0.12566370614359174,
            "transform_matrix": [
                [
                    -0.811294436454773,
                    -0.14671622216701508,
                    0.5659290552139282,
                    2.2813329696655273
                ],
                [
                    0.5846377611160278,
                    -0.20359623432159424,
                    0.7853325605392456,
                    3.1657767295837402
                ],
                [
                    -7.450580596923828e-09,
                    0.9679993391036987,
                    0.2509523630142212,
                    1.011621356010437
                ],
                [
                    0.0,
                    0.0,
                    0.0,
                    1.0
                ]
            ]
        },
        {
            "file_path": "/data/shapenet_blender/all_50_random/02958343/2ba7ea78b9b6e2a6b420256a03f575c0/r_36",
            "rotation": 0.12566370614359174,
            "transform_matrix": [
                [
                    -0.48354485630989075,
                    -0.5962115526199341,
                    0.6408713459968567,
                    2.58343505859375
                ],
                [
                    0.8753195405006409,
                    -0.3293597400188446,
                    0.3540307581424713,
                    1.4271436929702759
                ],
                [
                    0.0,
                    0.7321569919586182,
                    0.681135892868042,
                    2.745746612548828
                ],
                [
                    0.0,
                    0.0,
                    0.0,
                    1.0
                ]
            ]
        },
        {
            "file_path": "/data/shapenet_blender/all_50_random/02958343/2ba7ea78b9b6e2a6b420256a03f575c0/r_37",
            "rotation": 0.12566370614359174,
            "transform_matrix": [
                [
                    0.23819516599178314,
                    -0.1168801411986351,
                    -0.9641587138175964,
                    -3.886648178100586
                ],
                [
                    -0.9712173938751221,
                    -0.028665345162153244,
                    -0.2364639788866043,
                    -0.9532167911529541
                ],
                [
                    1.862645371275562e-09,
                    0.9927322268486023,
                    -0.12034396082162857,
                    -0.48512202501296997
                ],
                [
                    0.0,
                    0.0,
                    0.0,
                    1.0
                ]
            ]
        },
        {
            "file_path": "/data/shapenet_blender/all_50_random/02958343/2ba7ea78b9b6e2a6b420256a03f575c0/r_38",
            "rotation": 0.12566370614359174,
            "transform_matrix": [
                [
                    0.8823291659355164,
                    -0.40239474177360535,
                    -0.2440769225358963,
                    -0.983905553817749
                ],
                [
                    -0.4706325829029083,
                    -0.754398763179779,
                    -0.457588791847229,
                    -1.8445993661880493
                ],
                [
                    0.0,
                    0.5186144709587097,
                    -0.8550081849098206,
                    -3.446648120880127
                ],
                [
                    0.0,
                    0.0,
                    0.0,
                    1.0
                ]
            ]
        },
        {
            "file_path": "/data/shapenet_blender/all_50_random/02958343/2ba7ea78b9b6e2a6b420256a03f575c0/r_39",
            "rotation": 0.12566370614359174,
            "transform_matrix": [
                [
                    -0.3591057062149048,
                    0.7282387614250183,
                    0.583704948425293,
                    2.352989912033081
                ],
                [
                    0.9332969188690186,
                    0.28020524978637695,
                    0.22459280490875244,
                    0.9053625464439392
                ],
                [
                    0.0,
                    0.6254225373268127,
                    -0.7802862524986267,
                    -3.1454343795776367
                ],
                [
                    0.0,
                    0.0,
                    0.0,
                    1.0
                ]
            ]
        },
        {
            "file_path": "/data/shapenet_blender/all_50_random/02958343/2ba7ea78b9b6e2a6b420256a03f575c0/r_40",
            "rotation": 0.12566370614359174,
            "transform_matrix": [
                [
                    -0.5873868465423584,
                    -0.5424935817718506,
                    -0.6005642414093018,
                    -2.4209518432617188
                ],
                [
                    -0.8093063235282898,
                    0.39373666048049927,
                    0.4358838200569153,
                    1.7571039199829102
                ],
                [
                    -1.4901161193847656e-08,
                    0.7420728802680969,
                    -0.6703191995620728,
                    -2.7021431922912598
                ],
                [
                    0.0,
                    0.0,
                    0.0,
                    1.0
                ]
            ]
        },
        {
            "file_path": "/data/shapenet_blender/all_50_random/02958343/2ba7ea78b9b6e2a6b420256a03f575c0/r_41",
            "rotation": 0.12566370614359174,
            "transform_matrix": [
                [
                    0.9999938011169434,
                    0.0006735285860486329,
                    0.0034707023296505213,
                    0.013990849256515503
                ],
                [
                    0.0035354518331587315,
                    -0.19050592184066772,
                    -0.9816796183586121,
                    -3.957277297973633
                ],
                [
                    5.820766091346741e-11,
