{
    "class": "02958343",
    "model": "846e6c678f53bf422e877e82c90c24d",
    "remove_doubles": true,
    "edge_split": true,
    "denoise": true,
    "camera_angle_x": 0.6911112070083618,
    "scale_factor": 2.2730940236159194,
    "hdri_file": "/data/IndoorHDRDataset2018/AG8A7674-390df1d3ae.exr",
    "center_offset": [
        0.0,
        0.0,
        3.725290298461914e-09
    ],
    "lights": [],
    "frames": [
        {
            "file_path": "/data/shapenet_blender/all_50_random/02958343/846e6c678f53bf422e877e82c90c24d/r_0",
            "rotation": 0.12566370614359174,
            "transform_matrix": [
                [
                    0.9979491829872131,
                    0.02135498821735382,
                    0.06034352630376816,
                    0.24325254559516907
                ],
                [
                    0.06401076167821884,
                    -0.33293139934539795,
                    -0.9407758116722107,
                    -3.792388916015625
                ],
                [
                    -1.862645149230957e-09,
                    0.9427091479301453,
                    -0.33361560106277466,
                    -1.3448476791381836
                ],
                [
                    0.0,
                    0.0,
                    0.0,
                    1.0
                ]
            ]
        },
        {
            "file_path": "/data/shapenet_blender/all_50_random/02958343/846e6c678f53bf422e877e82c90c24d/r_1",
            "rotation": 0.12566370614359174,
            "transform_matrix": [
                [
                    -0.9032518863677979,
                    0.009148571640253067,
                    0.42901334166526794,
                    1.7294082641601562
                ],
                [
                    0.42911094427108765,
                    0.01925717294216156,
                    0.9030464291572571,
                    3.6402969360351562
                ],
                [
                    9.31322685637781e-10,
                    0.9997726082801819,
                    -0.021319828927516937,
                    -0.08594298362731934
                ],
                [
                    0.0,
                    0.0,
                    0.0,
                    1.0
                ]
            ]
        },
        {
            "file_path": "/data/shapenet_blender/all_50_random/02958343/846e6c678f53bf422e877e82c90c24d/r_2",
            "rotation": 0.12566370614359174,
            "transform_matrix": [
                [
                    0.7397735714912415,
                    0.30612319707870483,
                    0.5991857647895813,
                    2.4153952598571777
                ],
                [
                    0.6728559732437134,
                    -0.33656811714172363,
                    -0.6587767004966736,
                    -2.655614137649536
                ],
                [
                    0.0,
                    0.8905113339424133,
                    -0.4549609422683716,
                    -1.8340063095092773
                ],
                [
                    0.0,
                    0.0,
                    0.0,
                    1.0
                ]
            ]
        },
        {
            "file_path": "/data/shapenet_blender/all_50_random/02958343/846e6c678f53bf422e877e82c90c24d/r_3",
            "rotation": 0.12566370614359174,
            "transform_matrix": [
                [
                    -0.043025318533182144,
                    0.34209153056144714,
                    0.9386810064315796,
                    3.7839443683624268
                ],
                [
                    0.9990739822387695,
                    0.014732240699231625,
                    0.04042448475956917,
                    0.1629563271999359
                ],
                [
                    0.0,
                    0.9395511746406555,
                    -0.34240856766700745,
                    -1.3802932500839233
                ],
                [
                    0.0,
                    0.0,
                    0.0,
                    1.0
                ]
            ]
        },
        {
            "file_path": "/data/shapenet_blender/all_50_random/02958343/846e6c678f53bf422e877e82c90c24d/r_4",
            "rotation": 0.12566370614359174,
            "transform_matrix": [
                [
                    0.532860279083252,
                    0.4029454290866852,
                    0.7441067695617676,
                    2.9995903968811035
                ],
                [
                    0.8462033271789551,
                    -0.25373759865760803,
                    -0.4685693383216858,
                    -1.888863444328308
                ],
                [
                    0.0,
                    0.8793475031852722,
                    -0.47618046402931213,
                    -1.9195448160171509
                ],
                [
                    0.0,
                    0.0,
                    0.0,
                    1.0
                ]
            ]
        },
        {
            "file_path": "/data/shapenet_blender/all_50_random/02958343/846e6c678f53bf422e877e82c90c24d/r_5",
            "rotation": 0.12566370614359174,
            "transform_matrix": [
                [
                    -0.6041826009750366,
                    0.00741570582613349,
                    0.7968114018440247,
                    3.2120494842529297
                ],
                [
                    0.7968458533287048,
                    0.005622718948870897,
                    0.6041564345359802,
                    2.4354324340820312
                ],
                [
                    0.0,
                    0.9999567866325378,
                    -0.00930632371455431,
                    -0.03751499205827713
                ],
                [
                    0.0,
                    0.0,
                    0.0,
                    1.0
                ]
            ]
        },
        {
            "file_path": "/data/shapenet_blender/all_50_random/02958343/846e6c678f53bf422e877e82c90c24d/r_6",
            "rotation": 0.12566370614359174,
            "transform_matrix": [
                [
                    -0.9859111309051514,
                    0.1336117684841156,
                    0.10063417255878448,
                    0.40566936135292053
                ],
                [
                    0.16727028787136078,
                    0.7875238060951233,
                    0.5931498408317566,
                    2.391063690185547
                ],
                [
                    -7.450580596923828e-09,
                    0.6016262769699097,
                    -0.7987777590751648,
                    -3.2199764251708984
                ],
                [
                    0.0,
                    0.0,
                    0.0,
                    1.0
                ]
            ]
        },
        {
            "file_path": "/data/shapenet_blender/all_50_random/02958343/846e6c678f53bf422e877e82c90c24d/r_7",
            "rotation": 0.12566370614359174,
            "transform_matrix": [
                [
                    0.917969286441803,
                    -0.39616286754608154,
                    0.019682252779603004,
                    0.07934170961380005
                ],
                [
                    0.3966515064239502,
                    0.9168384671211243,
                    -0.045550573617219925,
                    -0.18362024426460266
                ],
                [
                    0.0,
                    0.049620259553194046,
                    0.9987680912017822,
                    4.026163101196289
                ],
                [
                    0.0,
                    0.0,
                    0.0,
                    1.0
                ]
            ]
        },
        {
            "file_path": "/data/shapenet_blender/all_50_random/02958343/846e6c678f53bf422e877e82c90c24d/r_8",
            "rotation": 0.12566370614359174,
            "transform_matrix": [
                [
                    0.0024230298586189747,
                    -0.0904165506362915,
                    0.9959009885787964,
                    4.014605522155762
                ],
                [
                    0.999997079372406,
                    0.00021908263443037868,
                    -0.0024131047539412975,
                    -0.009727537631988525
                ],
                [
                    1.4551915228366852e-11,
                    0.9959040284156799,
                    0.0904168039560318,
                    0.3644818365573883
                ],
                [
                    0.0,
                    0.0,
                    0.0,
                    1.0
                ]
            ]
        },
        {
            "file_path": "/data/shapenet_blender/all_50_random/02958343/846e6c678f53bf422e877e82c90c24d/r_9",
            "rotation": 0.12566370614359174,
            "transform_matrix": [
                [
                    0.9979662299156189,
                    0.028889808803796768,
                    0.05682039633393288,
                    0.22905035316944122
                ],
                [
                    0.06374306231737137,
                    -0.4523010551929474,
                    -0.8895844221115112,
                    -3.5860297679901123
                ],
                [
                    1.8626449271863521e-09,
                    0.8913973569869995,
                    -0.4532226324081421,
                    -1.8269989490509033
                ],
                [
                    0.0,
                    0.0,
                    0.0,
                    1.0
                ]
            ]
        },
        {
            "file_path": "/data/shapenet_blender/all_50_random/02958343/846e6c678f53bf422e877e82c90c24d/r_10",
            "rotation": 0.12566370614359174,
            "transform_matrix": [
                [
                    -0.9882140755653381,
                    -0.015980016440153122,
                    0.15224187076091766,
                    0.613706648349762
                ],
                [
                    0.15307824313640594,
                    -0.1031608060002327,
                    0.9828147292137146,
                    3.96185302734375
                ],
                [
                    -1.862645149230957e-09,
                    0.994536280632019,
                    0.10439115017652512,
                    0.4208142161369324
                ],
                [
                    0.0,
                    0.0,
                    0.0,
                    1.0
                ]
            ]
        },
        {
            "file_path": "/data/shapenet_blender/all_50_random/02958343/846e6c678f53bf422e877e82c90c24d/r_11",
            "rotation": 0.12566370614359174,
            "transform_matrix": [
                [
                    0.7853819131851196,
                    0.34010717272758484,
                    0.5172063112258911,
                    2.0849251747131348
                ],
                [
                    0.6190114617347717,
                    -0.4315170645713806,
                    -0.6562148332595825,
                    -2.6452863216400146
                ],
                [
                    -2.9802318834981634e-08,
                    0.8355358839035034,
                    -0.5494359135627747,
                    -2.2148468494415283
                ],
                [
                    0.0,
                    0.0,
                    0.0,
                    1.0
                ]
            ]
        },
        {
            "file_path": "/data/shapenet_blender/all_50_random/02958343/846e6c678f53bf422e877e82c90c24d/r_12",
            "rotation": 0.12566370614359174,
            "transform_matrix": [
                [
                    -0.9960861206054688,
                    0.06143937259912491,
                    -0.06354356557130814,
                    -0.25615233182907104
                ],
                [
                    -0.0883888229727745,
                    -0.6923828721046448,
                    0.7160958051681519,
                    2.8866748809814453
                ],
                [
                    -3.725290742551124e-09,
                    0.7189096808433533,
                    0.6951034069061279,
                    2.8020517826080322
                ],
                [
                    0.0,
                    0.0,
                    0.0,
                    1.0
                ]
            ]
        },
        {
            "file_path": "/data/shapenet_blender/all_50_random/02958343/846e6c678f53bf422e877e82c90c24d/r_13",
            "rotation": 0.12566370614359174,
            "transform_matrix": [
                [
                    -0.9890024662017822,
                    0.0854729413986206,
                    -0.12070074677467346,
                    -0.48656028509140015
                ],
                [
                    -0.14789961278438568,
                    -0.5715562105178833,
                    0.8071240186691284,
                    3.2536211013793945
                ],
                [
                    7.450581485102248e-09,
                    0.816099226474762,
                    0.5779117941856384,
                    2.329637050628662
                ],
                [
                    0.0,
                    0.0,
                    0.0,
                    1.0
                ]
            ]
        },
        {
            "file_path": "/data/shapenet_blender/all_50_random/02958343/846e6c678f53bf422e877e82c90c24d/r_14",
            "rotation": 0.12566370614359174,
            "transform_matrix": [
                [
                    -0.8798551559448242,
                    0.18416620790958405,
                    0.4381069839000702,
                    1.7660657167434692
                ],
                [
                    0.4752419888973236,
                    0.340962290763855,
                    0.8111040592193604,
                    3.269665002822876
                ],
                [
                    0.0,
                    0.9218608736991882,
                    -0.3875209391117096,
                    -1.5621469020843506
                ],
                [
                    0.0,
                    0.0,
                    0.0,
                    1.0
                ]
            ]
        },
        {
            "file_path": "/data/shapenet_blender/all_50_random/02958343/846e6c678f53bf422e877e82c90c24d/r_15",
            "rotation": 0.12566370614359174,
            "transform_matrix": [
                [
                    -0.9782940745353699,
                    -0.009814953431487083,
                    0.20698900520801544,
                    0.8343993425369263
                ],
                [
                    0.2072215974330902,
                    -0.04633643850684166,
                    0.9771960377693176,
                    3.9392032623291016
                ],
                [
                    0.0,
                    0.998877763748169,
                    0.047364525496959686,
                    0.1909325122833252
                ],
                [
                    0.0,
                    0.0,
                    0.0,
                    1.0
                ]
            ]
        },
        {
            "file_path": "/data/shapenet_blender/all_50_random/02958343/846e6c678f53bf422e877e82c90c24d/r_16",
            "rotation": 0.12566370614359174,
            "transform_matrix": [
                [
                    0.8793975114822388,
                    -0.1522451937198639,
                    0.45108920335769653,
                    1.8183987140655518
                ],
                [
                    0.47608834505081177,
                    0.2812168002128601,
                    -0.8332208395004272,
                    -3.358820676803589
                ],
                [
                    0.0,
                    0.9474906325340271,
                    0.3197835087776184,
                    1.2890886068344116
                ],
                [
                    0.0,
                    0.0,
                    0.0,
                    1.0
                ]
            ]
        },
        {
            "file_path": "/data/shapenet_blender/all_50_random/02958343/846e6c678f53bf422e877e82c90c24d/r_17",
            "rotation": 0.12566370614359174,
            "transform_matrix": [
                [
                    0.9959893226623535,
                    -0.02574314922094345,
                    0.08568841218948364,
                    0.34542104601860046
                ],
                [
                    0.08947186172008514,
                    0.28656941652297974,
                    -0.9538724422454834,
                    -3.8451828956604004
                ],
                [
                    1.862645149230957e-09,
                    0.9577134847640991,
                    0.2877233922481537,
                    1.1598501205444336
                ],
                [
                    0.0,
                    0.0,
                    0.0,
                    1.0
                ]
            ]
        },
        {
            "file_path": "/data/shapenet_blender/all_50_random/02958343/846e6c678f53bf422e877e82c90c24d/r_18",
            "rotation": 0.12566370614359174,
            "transform_matrix": [
                [
                    0.9969555735588074,
                    -0.006794388871639967,
                    -0.07767419517040253,
                    -0.313114732503891
                ],
                [
                    -0.07797080278396606,
                    -0.08687487989664078,
                    -0.9931631684303284,
                    -4.00356912612915
                ],
                [
                    0.0,
                    0.9961959719657898,
                    -0.08714016526937485,
                    -0.3512732684612274
                ],
                [
                    0.0,
                    0.0,
                    0.0,
                    1.0
                ]
            ]
        },
        {
            "file_path": "/data/shapenet_blender/all_50_random/02958343/846e6c678f53bf422e877e82c90c24d/r_19",
            "rotation": 0.12566370614359174,
            "transform_matrix": [
                [
                    -0.5886351466178894,
                    0.02029535174369812,
                    0.8081439733505249,
                    3.25773286819458
                ],
                [
                    0.8083988428115845,
                    0.014778047800064087,
                    0.5884495377540588,
                    2.3721160888671875
                ],
                [
                    9.313225746154785e-10,
                    0.9996848106384277,
                    -0.025105614215135574,
                    -0.10120397806167603
                ],
                [
                    0.0,
                    0.0,
                    0.0,
                    1.0
                ]
            ]
        },
        {
            "file_path": "/data/shapenet_blender/all_50_random/02958343/846e6c678f53bf422e877e82c90c24d/r_20",
            "rotation": 0.12566370614359174,
            "transform_matrix": [
                [
                    0.936779260635376,
                    -0.29805174469947815,
                    -0.18333016335964203,
                    -0.7390275001525879
                ],
                [
                    -0.34992116689682007,
                    -0.7979188561439514,
                    -0.4907959997653961,
                    -1.9784619808197021
                ],
                [
                    0.0,
                    0.5239185690879822,
                    -0.8517683744430542,
                    -3.4335880279541016
                ],
                [
                    0.0,
                    0.0,
                    0.0,
                    1.0
                ]
            ]
        },
        {
            "file_path": "/data/shapenet_blender/all_50_random/02958343/846e6c678f53bf422e877e82c90c24d/r_21",
            "rotation": 0.12566370614359174,
            "transform_matrix": [
                [
                    -0.556984543800354,
                    0.15565793216228485,
                    -0.8158056139945984,
                    -3.2886176109313965
                ],
                [
                    -0.830522894859314,
                    -0.104390949010849,
                    0.5471145510673523,
                    2.20548939704895
                ],
                [
                    0.0,
                    0.9822795987129211,
                    0.18742159008979797,
                    0.7555205821990967
                ],
                [
                    0.0,
                    0.0,
                    0.0,
                    1.0
                ]
            ]
        },
        {
            "file_path": "/data/shapenet_blender/all_50_random/02958343/846e6c678f53bf422e877e82c90c24d/r_22",
            "rotation": 0.12566370614359174,
            "transform_matrix": [
                [
                    0.944584846496582,
                    0.23645257949829102,
                    0.2277054786682129,
                    0.9179102182388306
                ],
                [
                    0.3282676339149475,
                    -0.6803884506225586,
                    -0.6552188396453857,
                    -2.6412718296051025
                ],
                [
                    0.0,
                    0.6936580538749695,
                    -0.7203043103218079,
                    -2.903639793395996
                ],
                [
                    0.0,
                    0.0,
                    0.0,
                    1.0
                ]
            ]
        },
        {
            "file_path": "/data/shapenet_blender/all_50_random/02958343/846e6c678f53bf422e877e82c90c24d/r_23",
            "rotation": 0.12566370614359174,
            "transform_matrix": [
                [
                    -0.5618371963500977,
                    0.08136953413486481,
                    -0.8232362270355225,
                    -3.3185713291168213
                ],
                [
                    -0.8272477984428406,
                    -0.05526329204440117,
                    0.5591127276420593,
                    2.2538554668426514
                ],
                [
                    0.0,
                    0.9951506853103638,
                    0.09836174547672272,
                    0.3965088725090027
                ],
                [
                    0.0,
                    0.0,
                    0.0,
                    1.0
                ]
            ]
        },
        {
            "file_path": "/data/shapenet_blender/all_50_random/02958343/846e6c678f53bf422e877e82c90c24d/r_24",
            "rotation": 0.12566370614359174,
            "transform_matrix": [
                [
                    -0.08224666863679886,
                    0.09419019520282745,
                    -0.9921510219573975,
                    -3.999488592147827
                ],
                [
                    -0.996612012386322,
                    -0.007773165125399828,
                    0.08187852054834366,
                    0.3300628662109375
                ],
                [
                    4.656613428188905e-10,
                    0.9955237507820129,
                    0.09451040625572205,
                    0.3809836208820343
                ],
                [
                    0.0,
                    0.0,
                    0.0,
                    1.0
                ]
            ]
        },
        {
            "file_path": "/data/shapenet_blender/all_50_random/02958343/846e6c678f53bf422e877e82c90c24d/r_25",
            "rotation": 0.12566370614359174,
            "transform_matrix": [
                [
                    0.501115620136261,
                    0.8643003702163696,
                    0.04321747645735741,
                    0.1742151975631714
                ],
                [
                    0.8653804063796997,
                    -0.5004901885986328,
                    -0.025025933980941772,
                    -0.10088275372982025
                ],
                [
                    0.0,
                    0.049941424280405045,
                    -0.9987522959709167,
                    -4.026098728179932
                ],
                [
                    0.0,
                    0.0,
                    0.0,
                    1.0
                ]
            ]
        },
        {
            "file_path": "/data/shapenet_blender/all_50_random/02958343/846e6c678f53bf422e877e82c90c24d/r_26",
            "rotation": 0.12566370614359174,
            "transform_matrix": [
                [
                    -0.6314475536346436,
                    -0.550937831401825,
                    0.5456570386886597,
                    2.1996138095855713
                ],
                [
                    0.7754186391830444,
                    -0.44864580035209656,
                    0.44434550404548645,
                    1.7912139892578125
                ],
                [
                    -1.4901161193847656e-08,
                    0.7036934494972229,
                    0.7105036973953247,
                    2.8641319274902344
                ],
                [
                    0.0,
                    0.0,
                    0.0,
                    1.0
                ]
            ]
        },
        {
            "file_path": "/data/shapenet_blender/all_50_random/02958343/846e6c678f53bf422e877e82c90c24d/r_27",
            "rotation": 0.12566370614359174,
            "transform_matrix": [
                [
                    -0.5494382381439209,
                    0.21625211834907532,
                    -0.8070641756057739,
                    -3.2533798217773438
                ],
                [
                    -0.8355344533920288,
                    -0.14220501482486725,
                    0.5307165384292603,
                    2.1393868923187256
                ],
                [
                    0.0,
                    0.965925931930542,
                    0.2588188946247101,
                    1.0433323383331299
                ],
                [
                    0.0,
                    0.0,
                    0.0,
                    1.0
                ]
            ]
        },
        {
            "file_path": "/data/shapenet_blender/all_50_random/02958343/846e6c678f53bf422e877e82c90c24d/r_28",
            "rotation": 0.12566370614359174,
            "transform_matrix": [
                [
                    0.9965032935142517,
                    0.003384113311767578,
                    -0.08348514139652252,
                    -0.3365393280982971
                ],
                [
                    -0.08355369418859482,
                    0.04036062955856323,
                    -0.9956856369972229,
                    -4.013736724853516
                ],
                [
                    0.0,
                    0.9991794228553772,
                    0.04050225391983986,
                    0.1632697880268097
                ],
                [
                    0.0,
                    0.0,
                    0.0,
                    1.0
                ]
            ]
        },
        {
            "file_path": "/data/shapenet_blender/all_50_random/02958343/846e6c678f53bf422e877e82c90c24d/r_29",
            "rotation": 0.12566370614359174,
            "transform_matrix": [
                [
                    -0.5434396266937256,
                    0.37577012181282043,
                    0.7506464123725891,
                    3.0259528160095215
                ],
                [
                    0.8394483327865601,
                    0.24326498806476593,
                    0.48595130443573,
                    1.9589325189590454
                ],
                [
                    0.0,
                    0.8942140340805054,
                    -0.44763943552970886,
                    -1.8044923543930054
                ],
                [
                    0.0,
                    0.0,
                    0.0,
                    1.0
                ]
            ]
        },
        {
            "file_path": "/data/shapenet_blender/all_50_random/02958343/846e6c678f53bf422e877e82c90c24d/r_30",
            "rotation": 0.12566370614359174,
            "transform_matrix": [
                [
                    -0.9854574203491211,
                    0.07043968886137009,
                    0.154635488986969,
                    0.6233556270599365
                ],
                [
                    0.16992320120334625,
                    0.40850991010665894,
                    0.8967974185943604,
                    3.6151063442230225
                ],
                [
                    0.0,
                    0.910031795501709,
                    -0.4145384132862091,
                    -1.671057939529419
                ],
                [
                    0.0,
                    0.0,
                    0.0,
                    1.0
                ]
            ]
        },
        {
            "file_path": "/data/shapenet_blender/all_50_random/02958343/846e6c678f53bf422e877e82c90c24d/r_31",
            "rotation": 0.12566370614359174,
            "transform_matrix": [
                [
                    0.5412315726280212,
                    -0.14014141261577606,
                    -0.8291131258010864,
                    -3.3422622680664062
                ],
                [
                    -0.8408735990524292,
                    -0.09020258486270905,
                    -0.533661961555481,
                    -2.1512603759765625
                ],
                [
                    0.0,
                    0.9860141277313232,
                    -0.16666167974472046,
                    -0.6718347668647766
                ],
                [
                    0.0,
                    0.0,
                    0.0,
                    1.0
                ]
            ]
        },
        {
            "file_path": "/data/shapenet_blender/all_50_random/02958343/846e6c678f53bf422e877e82c90c24d/r_32",
            "rotation": 0.12566370614359174,
            "transform_matrix": [
                [
                    0.4321487843990326,
                    0.7725574374198914,
                    0.4651906490325928,
                    1.8752436637878418
                ],
                [
                    0.9018024206161499,
                    -0.3702138662338257,
                    -0.2229219526052475,
                    -0.8986272215843201
                ],
                [
                    0.0,
                    0.5158453583717346,
                    -0.8566815853118896,
                    -3.4533941745758057
                ],
                [
                    0.0,
                    0.0,
                    0.0,
                    1.0
                ]
            ]
        },
        {
            "file_path": "/data/shapenet_blender/all_50_random/02958343/846e6c678f53bf422e877e82c90c24d/r_33",
            "rotation": 0.12566370614359174,
            "transform_matrix": [
                [
                    -0.5830323100090027,
                    -0.09416728466749191,
                    -0.8069732785224915,
                    -3.2530133724212646
                ],
                [
                    -0.812449038028717,
                    0.06757663190364838,
                    0.5791027545928955,
                    2.334437847137451
                ],
                [
                    3.725290298461914e-09,
                    0.9932602643966675,
                    -0.11590547114610672,
                    -0.4672299027442932
                ],
                [
                    0.0,
                    0.0,
                    0.0,
                    1.0
                ]
            ]
        },
        {
            "file_path": "/data/shapenet_blender/all_50_random/02958343/846e6c678f53bf422e877e82c90c24d/r_34",
            "rotation": 0.12566370614359174,
            "transform_matrix": [
                [
                    -0.5004539489746094,
                    0.17236106097698212,
                    0.8484323620796204,
                    3.420140266418457
                ],
                [
                    0.8657631874084473,
                    0.09963321685791016,
                    0.4904358983039856,
                    1.9770103693008423
                ],
                [
                    7.450580596923828e-09,
                    0.9799821376800537,
                    -0.19908568263053894,
                    -0.8025400638580322
                ],
                [
                    0.0,
                    0.0,
                    0.0,
                    1.0
                ]
            ]
        },
        {
            "file_path": "/data/shapenet_blender/all_50_random/02958343/846e6c678f53bf422e877e82c90c24d/r_35",
            "rotation": 0.12566370614359174,
            "transform_matrix": [
                [
                    0.7641410231590271,
                    -0.16348512470722198,
                    -0.623988151550293,
                    -2.5153768062591553
                ],
                [
                    -0.6450493335723877,
                    -0.1936684101819992,
                    -0.7391914129257202,
                    -2.979775905609131
                ],
                [
                    7.450580596923828e-09,
                    0.9673495292663574,
                    -0.25344592332839966,
                    -1.0216732025146484
                ],
                [
                    0.0,
                    0.0,
                    0.0,
                    1.0
                ]
            ]
        },
        {
            "file_path": "/data/shapenet_blender/all_50_random/02958343/846e6c678f53bf422e877e82c90c24d/r_36",
            "rotation": 0.12566370614359174,
            "transform_matrix": [
                [
                    0.9712474942207336,
                    -0.22254639863967896,
                    -0.08456585556268692,
                    -0.3408958613872528
                ],
                [
                    -0.238072007894516,
                    -0.9079086184501648,
                    -0.3449980318546295,
                    -1.3907315731048584
                ],
                [
                    0.0,
                    0.3552112877368927,
                    -0.9347860217094421,
                    -3.7682430744171143
                ],
                [
                    0.0,
                    0.0,
                    0.0,
                    1.0
                ]
            ]
        },
        {
            "file_path": "/data/shapenet_blender/all_50_random/02958343/846e6c678f53bf422e877e82c90c24d/r_37",
            "rotation": 0.12566370614359174,
            "transform_matrix": [
                [
                    -0.35795101523399353,
                    -0.875335156917572,
                    0.32505273818969727,
                    1.3103296756744385
                ],
                [
                    0.9337403178215027,
                    -0.3355613052845001,
                    0.1246095523238182,
                    0.5023171901702881
                ],
                [
                    7.450580152834618e-09,
                    0.34811902046203613,
                    0.9374502897262573,
                    3.7789831161499023
                ],
                [
                    0.0,
                    0.0,
                    0.0,
                    1.0
                ]
            ]
        },
        {
            "file_path": "/data/shapenet_blender/all_50_random/02958343/846e6c678f53bf422e877e82c90c24d/r_38",
            "rotation": 0.12566370614359174,
            "transform_matrix": [
                [
                    0.12474483996629715,
                    -0.11327281594276428,
                    -0.9857017397880554,
                    -3.9734907150268555
                ],
                [
                    -0.9921889305114746,
                    -0.01424144022166729,
                    -0.1239292249083519,
                    -0.4995746910572052
                ],
                [
                    0.0,
                    0.9934618473052979,
                    -0.1141645684838295,
                    -0.4602120816707611
                ],
                [
                    0.0,
                    0.0,
                    0.0,
                    1.0
                ]
            ]
        },
        {
            "file_path": "/data/shapenet_blender/all_50_random/02958343/846e6c678f53bf422e877e82c90c24d/r_39",
            "rotation": 0.12566370614359174,
            "transform_matrix": [
                [
                    0.524575412273407,
                    -0.31689706444740295,
                    -0.7901878952980042,
                    -3.185349225997925
                ],
                [
                    -0.851364016532898,
                    -0.19525891542434692,
                    -0.48688122630119324,
                    -1.9626810550689697
                ],
                [
                    0.0,
                    0.9281433820724487,
                    -0.37222281098365784,
                    -1.5004781484603882
                ],
                [
                    0.0,
                    0.0,
                    0.0,
                    1.0
                ]
            ]
        },
        {
            "file_path": "/data/shapenet_blender/all_50_random/02958343/846e6c678f53bf422e877e82c90c24d/r_40",
            "rotation": 0.12566370614359174,
            "transform_matrix": [
                [
                    -0.5945000052452087,
                    0.4258824586868286,
                    -0.6820511221885681,
                    -2.749436140060425
                ],
                [
                    -0.8040955066680908,
                    -0.31487196683883667,
                    0.504267692565918,
                    2.0327682495117188
                ],
                [
                    0.0,
                    0.8482214212417603,
                    0.5296415686607361,
                    2.1350536346435547
                ],
                [
                    0.0,
                    0.0,
                    0.0,
                    1.0
                ]
            ]
        },
        {
            "file_path": "/data/shapenet_blender/all_50_random/02958343/846e6c678f53bf422e877e82c90c24d/r_41",
            "rotation": 0.12566370614359174,
            "transform_matrix": [
                [
                    -0.8710156679153442,
                    0.1213272288441658,
                    -0.47603726387023926,
                    -1.918967604637146
                ],
                [
                    -0.49125534296035767,
                    -0.21511809527873993,
                    0.844033420085907,
                    3.402407646179199
                ],
                [
                    7.450581485102248e-09,
                    0.9690220355987549,
