{
    "class": "02958343",
    "model": "1cb102a066270f79db1230abb5fc0167",
    "remove_doubles": true,
    "edge_split": true,
    "denoise": true,
    "camera_angle_x": 0.6911112070083618,
    "scale_factor": 2.3753419545087593,
    "hdri_file": "/data/IndoorHDRDataset2018/9C4A4307-c23de2b5b2.exr",
    "center_offset": [
        0.0,
        0.0,
        -2.3283064365386963e-09
    ],
    "lights": [],
    "frames": [
        {
            "file_path": "/data/shapenet_blender/all_50_random/02958343/1cb102a066270f79db1230abb5fc0167/r_0",
            "rotation": 0.12566370614359174,
            "transform_matrix": [
                [
                    0.7400818467140198,
                    -0.05244581773877144,
                    0.6704687476158142,
                    2.7027456760406494
                ],
                [
                    0.6725167632102966,
                    0.05771483853459358,
                    -0.7378280758857727,
                    -2.9742796421051025
                ],
                [
                    0.0,
                    0.9969545006752014,
                    0.07798440009355545,
                    0.3143651485443115
                ],
                [
                    0.0,
                    0.0,
                    0.0,
                    1.0
                ]
            ]
        },
        {
            "file_path": "/data/shapenet_blender/all_50_random/02958343/1cb102a066270f79db1230abb5fc0167/r_1",
            "rotation": 0.12566370614359174,
            "transform_matrix": [
                [
                    -0.9691362977027893,
                    -0.029813136905431747,
                    0.24471591413021088,
                    0.9864813089370728
                ],
                [
                    0.24652524292469025,
                    -0.11720096319913864,
                    0.9620235562324524,
                    3.8780405521392822
                ],
                [
                    1.8626448161640496e-09,
                    0.9926607012748718,
                    0.12093339115381241,
                    0.48749804496765137
                ],
                [
                    0.0,
                    0.0,
                    0.0,
                    1.0
                ]
            ]
        },
        {
            "file_path": "/data/shapenet_blender/all_50_random/02958343/1cb102a066270f79db1230abb5fc0167/r_2",
            "rotation": 0.12566370614359174,
            "transform_matrix": [
                [
                    -0.4750397205352783,
                    0.47170326113700867,
                    -0.7428548336029053,
                    -2.9945435523986816
                ],
                [
                    -0.8799643516540527,
                    -0.25464415550231934,
                    0.4010225534439087,
                    1.6165735721588135
                ],
                [
                    0.0,
                    0.8441874384880066,
                    0.536048173904419,
                    2.160879373550415
                ],
                [
                    0.0,
                    0.0,
                    0.0,
                    1.0
                ]
            ]
        },
        {
            "file_path": "/data/shapenet_blender/all_50_random/02958343/1cb102a066270f79db1230abb5fc0167/r_3",
            "rotation": 0.12566370614359174,
            "transform_matrix": [
                [
                    0.011232007294893265,
                    -0.9521766304969788,
                    0.305341899394989,
                    1.2308725118637085
                ],
                [
                    0.9999369978904724,
                    0.01069552917033434,
                    -0.0034298188984394073,
                    -0.013826042413711548
                ],
                [
                    2.3283064365386963e-10,
                    0.3053610026836395,
                    0.9522366523742676,
                    3.8385887145996094
                ],
                [
                    0.0,
                    0.0,
                    0.0,
                    1.0
                ]
            ]
        },
        {
            "file_path": "/data/shapenet_blender/all_50_random/02958343/1cb102a066270f79db1230abb5fc0167/r_4",
            "rotation": 0.12566370614359174,
            "transform_matrix": [
                [
                    0.4197317063808441,
                    0.425591379404068,
                    -0.8016839623451233,
                    -3.231691360473633
                ],
                [
                    -0.9076482653617859,
                    0.19680993258953094,
                    -0.3707297146320343,
                    -1.4944592714309692
                ],
                [
                    0.0,
                    0.8832539916038513,
                    0.46889469027519226,
                    1.8901748657226562
                ],
                [
                    0.0,
                    0.0,
                    0.0,
                    1.0
                ]
            ]
        },
        {
            "file_path": "/data/shapenet_blender/all_50_random/02958343/1cb102a066270f79db1230abb5fc0167/r_5",
            "rotation": 0.12566370614359174,
            "transform_matrix": [
                [
                    -0.5888394713401794,
                    0.03500870242714882,
                    0.8074914216995239,
                    3.2551019191741943
                ],
                [
                    0.8082500100135803,
                    0.02550511248409748,
                    0.5882868766784668,
                    2.371460199356079
                ],
                [
                    0.0,
                    0.9990614652633667,
                    -0.04331419616937637,
                    -0.1746051162481308
                ],
                [
                    0.0,
                    0.0,
                    0.0,
                    1.0
                ]
            ]
        },
        {
            "file_path": "/data/shapenet_blender/all_50_random/02958343/1cb102a066270f79db1230abb5fc0167/r_6",
            "rotation": 0.12566370614359174,
            "transform_matrix": [
                [
                    -0.9285889267921448,
                    0.20604053139686584,
                    0.30865809321403503,
                    1.244240641593933
                ],
                [
                    0.37110987305641174,
                    0.5155534148216248,
                    0.7723224759101868,
                    3.1133317947387695
                ],
                [
                    -1.4901160305669237e-08,
                    0.8317162394523621,
                    -0.5552008748054504,
                    -2.238086462020874
                ],
                [
                    0.0,
                    0.0,
                    0.0,
                    1.0
                ]
            ]
        },
        {
            "file_path": "/data/shapenet_blender/all_50_random/02958343/1cb102a066270f79db1230abb5fc0167/r_7",
            "rotation": 0.12566370614359174,
            "transform_matrix": [
                [
                    0.6861258149147034,
                    0.006492604501545429,
                    -0.7274538278579712,
                    -2.932460308074951
                ],
                [
                    -0.727482795715332,
                    0.00612350320443511,
                    -0.6860984563827515,
                    -2.765751600265503
                ],
                [
                    0.0,
                    0.99996018409729,
                    0.008924751542508602,
                    0.0359768271446228
                ],
                [
                    0.0,
                    0.0,
                    0.0,
                    1.0
                ]
            ]
        },
        {
            "file_path": "/data/shapenet_blender/all_50_random/02958343/1cb102a066270f79db1230abb5fc0167/r_8",
            "rotation": 0.12566370614359174,
            "transform_matrix": [
                [
                    -0.20052608847618103,
                    0.415568083524704,
                    -0.8871822953224182,
                    -3.5763461589813232
                ],
                [
                    -0.9796883463859558,
                    -0.08505995571613312,
                    0.18159162998199463,
                    0.7320192456245422
                ],
                [
                    -7.450580596923828e-09,
                    0.9055759906768799,
                    0.4241839647293091,
                    1.7099403142929077
                ],
                [
                    0.0,
                    0.0,
                    0.0,
                    1.0
                ]
            ]
        },
        {
            "file_path": "/data/shapenet_blender/all_50_random/02958343/1cb102a066270f79db1230abb5fc0167/r_9",
            "rotation": 0.12566370614359174,
            "transform_matrix": [
                [
                    -0.8459009528160095,
                    -0.058854877948760986,
                    -0.5300828218460083,
                    -2.1368322372436523
                ],
                [
                    -0.5333401560783386,
                    0.09334641695022583,
                    0.840734601020813,
                    3.3891096115112305
                ],
                [
                    0.0,
                    0.9938925504684448,
                    -0.11035149544477463,
                    -0.4448411166667938
                ],
                [
                    0.0,
                    0.0,
                    0.0,
                    1.0
                ]
            ]
        },
        {
            "file_path": "/data/shapenet_blender/all_50_random/02958343/1cb102a066270f79db1230abb5fc0167/r_10",
            "rotation": 0.12566370614359174,
            "transform_matrix": [
                [
                    0.8162716627120972,
                    -0.2969377338886261,
                    -0.49550843238830566,
                    -1.9974583387374878
                ],
                [
                    -0.577668309211731,
                    -0.4195865988731384,
                    -0.7001760601997375,
                    -2.822499990463257
                ],
                [
                    -1.4901161193847656e-08,
                    0.8577733635902405,
                    -0.5140281319618225,
                    -2.0721137523651123
                ],
                [
                    0.0,
                    0.0,
                    0.0,
                    1.0
                ]
            ]
        },
        {
            "file_path": "/data/shapenet_blender/all_50_random/02958343/1cb102a066270f79db1230abb5fc0167/r_11",
            "rotation": 0.12566370614359174,
            "transform_matrix": [
                [
                    -0.9725302457809448,
                    -0.19133810698986053,
                    -0.13256984949111938,
                    -0.5344061851501465
                ],
                [
                    -0.23277679085731506,
                    0.7994013428688049,
                    0.553870439529419,
                    2.2327232360839844
                ],
                [
                    -7.450581485102248e-09,
                    0.569514811038971,
                    -0.8219809532165527,
                    -3.3135111331939697
                ],
                [
                    0.0,
                    0.0,
                    0.0,
                    1.0
                ]
            ]
        },
        {
            "file_path": "/data/shapenet_blender/all_50_random/02958343/1cb102a066270f79db1230abb5fc0167/r_12",
            "rotation": 0.12566370614359174,
            "transform_matrix": [
                [
                    -0.8929455876350403,
                    -0.13572853803634644,
                    0.4292156398296356,
                    1.7302236557006836
                ],
                [
                    0.4501648247241974,
                    -0.2692306935787201,
                    0.8513908386230469,
                    3.4320664405822754
                ],
                [
                    -1.4901162970204496e-08,
                    0.9534633755683899,
                    0.3015085756778717,
                    1.2154200077056885
                ],
                [
                    0.0,
                    0.0,
                    0.0,
                    1.0
                ]
            ]
        },
        {
            "file_path": "/data/shapenet_blender/all_50_random/02958343/1cb102a066270f79db1230abb5fc0167/r_13",
            "rotation": 0.12566370614359174,
            "transform_matrix": [
                [
                    0.47578898072242737,
                    -0.12853430211544037,
                    -0.8701170682907104,
                    -3.507554292678833
                ],
                [
                    -0.8795595169067383,
                    -0.06952935457229614,
                    -0.47068119049072266,
                    -1.8973766565322876
                ],
                [
                    0.0,
                    0.989264726638794,
                    -0.14613483846187592,
                    -0.5890884399414062
                ],
                [
                    0.0,
                    0.0,
                    0.0,
                    1.0
                ]
            ]
        },
        {
            "file_path": "/data/shapenet_blender/all_50_random/02958343/1cb102a066270f79db1230abb5fc0167/r_14",
            "rotation": 0.12566370614359174,
            "transform_matrix": [
                [
                    -0.9466329216957092,
                    -0.31162717938423157,
                    0.08230806887149811,
                    0.3317944407463074
                ],
                [
                    0.32231372594833374,
                    -0.9152466058731079,
                    0.24173815548419952,
                    0.9744776487350464
                ],
                [
                    0.0,
                    0.2553662657737732,
                    0.966844379901886,
                    3.8974742889404297
                ],
                [
                    0.0,
                    0.0,
                    0.0,
                    1.0
                ]
            ]
        },
        {
            "file_path": "/data/shapenet_blender/all_50_random/02958343/1cb102a066270f79db1230abb5fc0167/r_15",
            "rotation": 0.12566370614359174,
            "transform_matrix": [
                [
                    -0.5055292248725891,
                    -0.23762674629688263,
                    -0.8294418454170227,
                    -3.3435869216918945
                ],
                [
                    -0.8628095388412476,
                    0.13922801613807678,
                    0.48597875237464905,
                    1.959043025970459
                ],
                [
                    0.0,
                    0.9613267183303833,
                    -0.2754104733467102,
                    -1.110215187072754
                ],
                [
                    0.0,
                    0.0,
                    0.0,
                    1.0
                ]
            ]
        },
        {
            "file_path": "/data/shapenet_blender/all_50_random/02958343/1cb102a066270f79db1230abb5fc0167/r_16",
            "rotation": 0.12566370614359174,
            "transform_matrix": [
                [
                    0.6591292023658752,
                    -0.7077873945236206,
                    -0.25413715839385986,
                    -1.0244596004486084
                ],
                [
                    -0.7520298361778259,
                    -0.6203522682189941,
                    -0.22274281084537506,
                    -0.8979049921035767
                ],
                [
                    -1.4901162970204496e-08,
                    0.3379350006580353,
                    -0.9411694407463074,
                    -3.793975353240967
                ],
                [
                    0.0,
                    0.0,
                    0.0,
                    1.0
                ]
            ]
        },
        {
            "file_path": "/data/shapenet_blender/all_50_random/02958343/1cb102a066270f79db1230abb5fc0167/r_17",
            "rotation": 0.12566370614359174,
            "transform_matrix": [
                [
                    -0.9585530161857605,
                    -0.17154407501220703,
                    -0.22748352587223053,
                    -0.9170154333114624
                ],
                [
                    -0.2849142253398895,
                    0.5771353244781494,
                    0.7653356194496155,
                    3.0851664543151855
                ],
                [
                    0.0,
                    0.798427939414978,
                    -0.6020902395248413,
                    -2.427103281021118
                ],
                [
                    0.0,
                    0.0,
                    0.0,
                    1.0
                ]
            ]
        },
        {
            "file_path": "/data/shapenet_blender/all_50_random/02958343/1cb102a066270f79db1230abb5fc0167/r_18",
            "rotation": 0.12566370614359174,
            "transform_matrix": [
                [
                    -0.6176373958587646,
                    0.12253839522600174,
                    0.7768580317497253,
                    3.131614923477173
                ],
                [
                    0.7864629626274109,
                    0.09623375535011292,
                    0.6100942492485046,
                    2.4593684673309326
                ],
                [
                    0.0,
                    0.987787127494812,
                    -0.15580947697162628,
                    -0.628088116645813
                ],
                [
                    0.0,
                    0.0,
                    0.0,
                    1.0
                ]
            ]
        },
        {
            "file_path": "/data/shapenet_blender/all_50_random/02958343/1cb102a066270f79db1230abb5fc0167/r_19",
            "rotation": 0.12566370614359174,
            "transform_matrix": [
                [
                    -0.9253466129302979,
                    -0.3507111370563507,
                    -0.14399828016757965,
                    -0.5804756879806519
                ],
                [
                    -0.37912246584892273,
                    0.8560014367103577,
                    0.3514651358127594,
                    1.4168014526367188
                ],
                [
                    0.0,
                    0.3798200190067291,
                    -0.9250602722167969,
                    -3.7290375232696533
                ],
                [
                    0.0,
                    0.0,
                    0.0,
                    1.0
                ]
            ]
        },
        {
            "file_path": "/data/shapenet_blender/all_50_random/02958343/1cb102a066270f79db1230abb5fc0167/r_20",
            "rotation": 0.12566370614359174,
            "transform_matrix": [
                [
                    0.7604957818984985,
                    0.2362634390592575,
                    -0.6048353314399719,
                    -2.438169240951538
                ],
                [
                    -0.6493428945541382,
                    0.27670639753341675,
                    -0.7083694338798523,
                    -2.8555285930633545
                ],
                [
                    1.4901162970204496e-08,
                    0.93145751953125,
                    0.36385002732276917,
                    1.4667264223098755
                ],
                [
                    0.0,
                    0.0,
                    0.0,
                    1.0
                ]
            ]
        },
        {
            "file_path": "/data/shapenet_blender/all_50_random/02958343/1cb102a066270f79db1230abb5fc0167/r_21",
            "rotation": 0.12566370614359174,
            "transform_matrix": [
                [
                    0.22887741029262543,
                    -0.0005570456269197166,
                    0.9734549522399902,
                    3.9241228103637695
                ],
                [
                    0.9734553098678589,
                    0.0001309717627009377,
                    -0.22887732088565826,
                    -0.9226341247558594
                ],
                [
                    0.0,
                    0.9999998807907104,
                    0.0005722353816963732,
                    0.002306754933670163
                ],
                [
                    0.0,
                    0.0,
                    0.0,
                    1.0
                ]
            ]
        },
        {
            "file_path": "/data/shapenet_blender/all_50_random/02958343/1cb102a066270f79db1230abb5fc0167/r_22",
            "rotation": 0.12566370614359174,
            "transform_matrix": [
                [
                    0.8965478539466858,
                    0.012708880007266998,
                    0.44276463985443115,
                    1.7848412990570068
                ],
                [
                    0.44294703006744385,
                    -0.02572343684732914,
                    -0.8961787223815918,
                    -3.612611770629883
                ],
                [
                    0.0,
                    0.9995883107185364,
                    -0.028691653162240982,
                    -0.11565974354743958
                ],
                [
                    0.0,
                    0.0,
                    0.0,
                    1.0
                ]
            ]
        },
        {
            "file_path": "/data/shapenet_blender/all_50_random/02958343/1cb102a066270f79db1230abb5fc0167/r_23",
            "rotation": 0.12566370614359174,
            "transform_matrix": [
                [
                    0.9938308596611023,
                    0.030923375859856606,
                    -0.10650800913572311,
                    -0.42934754490852356
                ],
                [
                    -0.11090633273124695,
                    0.27710413932800293,
                    -0.9544175863265991,
                    -3.8473806381225586
                ],
                [
                    -1.862645149230957e-09,
                    0.9603420495986938,
                    0.2788242697715759,
                    1.123976707458496
                ],
                [
                    0.0,
                    0.0,
                    0.0,
                    1.0
                ]
            ]
        },
        {
            "file_path": "/data/shapenet_blender/all_50_random/02958343/1cb102a066270f79db1230abb5fc0167/r_24",
            "rotation": 0.12566370614359174,
            "transform_matrix": [
                [
                    0.9759107232093811,
                    0.07452496141195297,
                    0.20504702627658844,
                    0.826570987701416
                ],
                [
                    0.21817025542259216,
                    -0.3333621621131897,
                    -0.9172084331512451,
                    -3.697385549545288
                ],
                [
                    0.0,
                    0.9398486614227295,
                    -0.34159088134765625,
                    -1.3769968748092651
                ],
                [
                    0.0,
                    0.0,
                    0.0,
                    1.0
                ]
            ]
        },
        {
            "file_path": "/data/shapenet_blender/all_50_random/02958343/1cb102a066270f79db1230abb5fc0167/r_25",
            "rotation": 0.12566370614359174,
            "transform_matrix": [
                [
                    0.05502268671989441,
                    -0.6606729626655579,
                    0.7486546039581299,
                    3.017923355102539
                ],
                [
                    0.9984850883483887,
                    0.03640715777873993,
                    -0.041255488991737366,
                    -0.16630619764328003
                ],
                [
                    0.0,
                    0.7497903108596802,
                    0.6616753339767456,
                    2.6672985553741455
                ],
                [
                    0.0,
                    0.0,
                    0.0,
                    1.0
                ]
            ]
        },
        {
            "file_path": "/data/shapenet_blender/all_50_random/02958343/1cb102a066270f79db1230abb5fc0167/r_26",
            "rotation": 0.12566370614359174,
            "transform_matrix": [
                [
                    0.6090378761291504,
                    0.41325539350509644,
                    -0.676973283290863,
                    -2.728966474533081
                ],
                [
                    -0.79314124584198,
                    0.31733089685440063,
                    -0.5198347568511963,
                    -2.0955209732055664
                ],
                [
                    2.980232594040899e-08,
                    0.8535343408584595,
                    0.5210364460945129,
                    2.100365161895752
                ],
                [
                    0.0,
                    0.0,
                    0.0,
                    1.0
                ]
            ]
        },
        {
            "file_path": "/data/shapenet_blender/all_50_random/02958343/1cb102a066270f79db1230abb5fc0167/r_27",
            "rotation": 0.12566370614359174,
            "transform_matrix": [
                [
                    0.9278094172477722,
                    -0.3281867206096649,
                    -0.17737837135791779,
                    -0.715035080909729
                ],
                [
                    -0.3730544447898865,
                    -0.8162206411361694,
                    -0.4411509335041046,
                    -1.7783362865447998
                ],
                [
                    -1.4901161193847656e-08,
                    0.47547581791877747,
                    -0.8797287940979004,
                    -3.546300172805786
                ],
                [
                    0.0,
                    0.0,
                    0.0,
                    1.0
                ]
            ]
        },
        {
            "file_path": "/data/shapenet_blender/all_50_random/02958343/1cb102a066270f79db1230abb5fc0167/r_28",
            "rotation": 0.12566370614359174,
            "transform_matrix": [
                [
                    0.8543793559074402,
                    0.18142062425613403,
                    0.4869522154331207,
                    1.9629672765731812
                ],
                [
                    0.5196498036384583,
                    -0.2982816696166992,
                    -0.8006197214126587,
                    -3.2274014949798584
                ],
                [
                    0.0,
                    0.9370775818824768,
                    -0.3491208851337433,
                    -1.4073513746261597
                ],
                [
                    0.0,
                    0.0,
                    0.0,
                    1.0
                ]
            ]
        },
        {
            "file_path": "/data/shapenet_blender/all_50_random/02958343/1cb102a066270f79db1230abb5fc0167/r_29",
            "rotation": 0.12566370614359174,
            "transform_matrix": [
                [
                    0.08910918235778809,
                    0.03534466400742531,
                    -0.9953944683074951,
                    -4.012563705444336
                ],
                [
                    -0.9960219264030457,
                    0.003162113018333912,
                    -0.08905304223299026,
                    -0.3589843213558197
                ],
                [
                    -2.3283064365386963e-10,
                    0.9993702173233032,
                    0.035485826432704926,
                    0.14304795861244202
                ],
                [
                    0.0,
                    0.0,
                    0.0,
                    1.0
                ]
            ]
        },
        {
            "file_path": "/data/shapenet_blender/all_50_random/02958343/1cb102a066270f79db1230abb5fc0167/r_30",
            "rotation": 0.12566370614359174,
            "transform_matrix": [
                [
                    -0.24464194476604462,
                    0.8593478798866272,
                    -0.44907861948013306,
                    -1.8102939128875732
                ],
                [
                    -0.9696134924888611,
                    -0.21682097017765045,
                    0.1133064553141594,
                    0.4567529559135437
                ],
                [
                    0.0,
                    0.4631521999835968,
                    0.8862786889076233,
                    3.5727038383483887
                ],
                [
                    0.0,
                    0.0,
                    0.0,
                    1.0
                ]
            ]
        },
        {
            "file_path": "/data/shapenet_blender/all_50_random/02958343/1cb102a066270f79db1230abb5fc0167/r_31",
            "rotation": 0.12566370614359174,
            "transform_matrix": [
                [
                    -0.6254096627235413,
                    0.3725172281265259,
                    -0.6856337785720825,
                    -2.763878107070923
                ],
                [
                    -0.7802965641021729,
                    -0.29857349395751953,
                    0.549537181854248,
                    2.2152552604675293
                ],
                [
                    -1.4901159417490817e-08,
                    0.8786836266517639,
                    0.4774046242237091,
                    1.924479603767395
                ],
                [
                    0.0,
                    0.0,
                    0.0,
                    1.0
                ]
            ]
        },
        {
            "file_path": "/data/shapenet_blender/all_50_random/02958343/1cb102a066270f79db1230abb5fc0167/r_32",
            "rotation": 0.12566370614359174,
            "transform_matrix": [
                [
                    0.9727061986923218,
                    -0.04216347262263298,
                    0.22817768156528473,
                    0.9198136329650879
                ],
                [
                    0.23204055428504944,
                    0.1767478734254837,
                    -0.9565131664276123,
                    -3.855827569961548
                ],
                [
                    -3.725290298461914e-09,
                    0.983352541923523,
                    0.18170736730098724,
                    0.7324857711791992
                ],
                [
                    0.0,
                    0.0,
                    0.0,
                    1.0
                ]
            ]
        },
        {
            "file_path": "/data/shapenet_blender/all_50_random/02958343/1cb102a066270f79db1230abb5fc0167/r_33",
            "rotation": 0.12566370614359174,
            "transform_matrix": [
                [
                    -0.5486810207366943,
                    0.091947540640831,
                    -0.8309600949287415,
                    -3.3497073650360107
                ],
                [
                    -0.8360316753387451,
                    -0.060344450175762177,
                    0.545352578163147,
                    2.1983866691589355
                ],
                [
                    -3.725290076417309e-09,
                    0.9939337372779846,
                    0.10998090356588364,
                    0.4433472156524658
                ],
                [
                    0.0,
                    0.0,
                    0.0,
                    1.0
                ]
            ]
        },
        {
            "file_path": "/data/shapenet_blender/all_50_random/02958343/1cb102a066270f79db1230abb5fc0167/r_34",
            "rotation": 0.12566370614359174,
            "transform_matrix": [
                [
                    -0.715233325958252,
                    -0.1435098499059677,
                    -0.6839928030967712,
                    -2.75726318359375
                ],
                [
                    -0.6988857388496399,
                    0.14686667919158936,
                    0.6999920606613159,
                    2.821758270263672
                ],
                [
                    -7.450581485102248e-09,
                    0.9786903858184814,
                    -0.20534096658229828,
                    -0.8277559280395508
                ],
                [
                    0.0,
                    0.0,
                    0.0,
                    1.0
                ]
            ]
        },
        {
            "file_path": "/data/shapenet_blender/all_50_random/02958343/1cb102a066270f79db1230abb5fc0167/r_35",
            "rotation": 0.12566370614359174,
            "transform_matrix": [
                [
                    -0.2540493607521057,
                    0.2054111510515213,
                    -0.9451270699501038,
                    -3.809929132461548
                ],
                [
                    -0.9671913385391235,
                    -0.053954754024744034,
                    0.24825382232666016,
                    1.0007431507110596
                ],
                [
                    3.725290298461914e-09,
                    0.9771873354911804,
                    0.21237903833389282,
                    0.8561272621154785
                ],
                [
                    0.0,
                    0.0,
                    0.0,
                    1.0
                ]
            ]
        },
        {
            "file_path": "/data/shapenet_blender/all_50_random/02958343/1cb102a066270f79db1230abb5fc0167/r_36",
            "rotation": 0.12566370614359174,
            "transform_matrix": [
                [
                    0.8733192682266235,
                    -0.32235878705978394,
                    -0.3652375042438507,
                    -1.4723196029663086
                ],
                [
                    -0.4871485233306885,
                    -0.5778979659080505,
                    -0.6547673344612122,
                    -2.639451742172241
                ],
                [
                    -1.4901162970204496e-08,
                    0.749745786190033,
                    -0.6617258787155151,
                    -2.6675026416778564
                ],
                [
                    0.0,
                    0.0,
                    0.0,
                    1.0
                ]
            ]
        },
        {
            "file_path": "/data/shapenet_blender/all_50_random/02958343/1cb102a066270f79db1230abb5fc0167/r_37",
            "rotation": 0.12566370614359174,
            "transform_matrix": [
                [
                    0.9300983548164368,
                    -0.0173934493213892,
                    -0.3668985664844513,
                    -1.4790152311325073
                ],
                [
                    -0.36731061339378357,
                    -0.04404342919588089,
                    -0.9290550351142883,
                    -3.7451400756835938
                ],
                [
                    0.0,
                    0.9988781809806824,
                    -0.04735352471470833,
                    -0.19088813662528992
                ],
                [
                    0.0,
                    0.0,
                    0.0,
                    1.0
                ]
            ]
        },
        {
            "file_path": "/data/shapenet_blender/all_50_random/02958343/1cb102a066270f79db1230abb5fc0167/r_38",
            "rotation": 0.12566370614359174,
            "transform_matrix": [
                [
                    0.8690425753593445,
                    0.06351646035909653,
                    0.49064314365386963,
                    1.9778459072113037
                ],
                [
                    0.4947373867034912,
                    -0.11157132685184479,
                    -0.8618506789207458,
                    -3.474231481552124
                ],
                [
                    3.725290298461914e-09,
                    0.9917244911193848,
                    -0.12838417291641235,
                    -0.5175332427024841
                ],
                [
                    0.0,
                    0.0,
                    0.0,
                    1.0
                ]
            ]
        },
        {
            "file_path": "/data/shapenet_blender/all_50_random/02958343/1cb102a066270f79db1230abb5fc0167/r_39",
            "rotation": 0.12566370614359174,
            "transform_matrix": [
                [
                    0.831528902053833,
                    -0.5326331257820129,
                    -0.15767578780651093,
                    -0.6356114149093628
                ],
                [
                    -0.555481493473053,
                    -0.7973259687423706,
                    -0.23603300750255585,
                    -0.9514794945716858
                ],
                [
                    0.0,
                    0.28385433554649353,
                    -0.9588674306869507,
                    -3.8653182983398438
                ],
                [
                    0.0,
                    0.0,
                    0.0,
                    1.0
                ]
            ]
        },
        {
            "file_path": "/data/shapenet_blender/all_50_random/02958343/1cb102a066270f79db1230abb5fc0167/r_40",
            "rotation": 0.12566370614359174,
            "transform_matrix": [
                [
                    0.5950520038604736,
                    0.7633411288261414,
                    -0.25144240260124207,
                    -1.013596773147583
                ],
                [
                    -0.8036872744560242,
                    0.5651795864105225,
                    -0.18616856634616852,
                    -0.7504695057868958
                ],
                [
                    -1.4901164746561335e-08,
                    0.31286099553108215,
                    0.9497988820075989,
                    3.8287618160247803
                ],
                [
                    0.0,
                    0.0,
                    0.0,
                    1.0
                ]
            ]
        },
        {
            "file_path": "/data/shapenet_blender/all_50_random/02958343/1cb102a066270f79db1230abb5fc0167/r_41",
            "rotation": 0.12566370614359174,
            "transform_matrix": [
                [
                    -0.8046103715896606,
                    -0.2819531559944153,
                    -0.522594153881073,
                    -2.10664439201355
                ],
                [
                    -0.5938032269477844,
                    0.3820498287677765,
                    0.7081212401390076,
                    2.8545279502868652
