{
    "class": "02958343",
    "model": "706671ef8c7b5e28a6c2c95b41a5446d",
    "remove_doubles": true,
    "edge_split": true,
    "denoise": true,
    "camera_angle_x": 0.6911112070083618,
    "scale_factor": 2.2893747741630524,
    "hdri_file": "/data/IndoorHDRDataset2018/AG8A0586-185409b4af.exr",
    "center_offset": [
        0.0,
        0.0,
        -1.3969838619232178e-09
    ],
    "lights": [],
    "frames": [
        {
            "file_path": "/data/shapenet_blender/all_50_random/02958343/706671ef8c7b5e28a6c2c95b41a5446d/r_0",
            "rotation": 0.12566370614359174,
            "transform_matrix": [
                [
                    -0.19174368679523468,
                    0.4143381118774414,
                    0.8896956443786621,
                    3.586477756500244
                ],
                [
                    0.9814450144767761,
                    0.08094872534275055,
                    0.17381873726844788,
                    0.7006857395172119
                ],
                [
                    0.0,
                    0.906515896320343,
                    -0.4221715033054352,
                    -1.7018277645111084
                ],
                [
                    0.0,
                    0.0,
                    0.0,
                    1.0
                ]
            ]
        },
        {
            "file_path": "/data/shapenet_blender/all_50_random/02958343/706671ef8c7b5e28a6c2c95b41a5446d/r_1",
            "rotation": 0.12566370614359174,
            "transform_matrix": [
                [
                    0.1721429079771042,
                    0.5393005013465881,
                    0.8243310451507568,
                    3.3229849338531494
                ],
                [
                    0.9850720763206482,
                    -0.094243623316288,
                    -0.1440531611442566,
                    -0.5806969404220581
                ],
                [
                    0.0,
                    0.8368232250213623,
                    -0.547473132610321,
                    -2.206934928894043
                ],
                [
                    0.0,
                    0.0,
                    0.0,
                    1.0
                ]
            ]
        },
        {
            "file_path": "/data/shapenet_blender/all_50_random/02958343/706671ef8c7b5e28a6c2c95b41a5446d/r_2",
            "rotation": 0.12566370614359174,
            "transform_matrix": [
                [
                    -0.019891835749149323,
                    0.7865224480628967,
                    -0.6172412037849426,
                    -2.4881792068481445
                ],
                [
                    -0.9998020529747009,
                    -0.01564847305417061,
                    0.01228049211204052,
                    0.049504250288009644
                ],
                [
                    0.0,
                    0.617363452911377,
                    0.7866780161857605,
                    3.171200752258301
                ],
                [
                    0.0,
                    0.0,
                    0.0,
                    1.0
                ]
            ]
        },
        {
            "file_path": "/data/shapenet_blender/all_50_random/02958343/706671ef8c7b5e28a6c2c95b41a5446d/r_3",
            "rotation": 0.12566370614359174,
            "transform_matrix": [
                [
                    -0.45976510643959045,
                    0.7314233779907227,
                    -0.503622829914093,
                    -2.0301685333251953
                ],
                [
                    -0.8880406618118286,
                    -0.37867966294288635,
                    0.2607405185699463,
                    1.0510786771774292
                ],
                [
                    -1.4901162970204496e-08,
                    0.567116916179657,
                    0.8236372470855713,
                    3.320188045501709
                ],
                [
                    0.0,
                    0.0,
                    0.0,
                    1.0
                ]
            ]
        },
        {
            "file_path": "/data/shapenet_blender/all_50_random/02958343/706671ef8c7b5e28a6c2c95b41a5446d/r_4",
            "rotation": 0.12566370614359174,
            "transform_matrix": [
                [
                    -0.7797746658325195,
                    0.26358187198638916,
                    -0.5678696632385254,
                    -2.289155960083008
                ],
                [
                    -0.6260602474212646,
                    -0.3282982409000397,
                    0.7072967886924744,
                    2.8512048721313477
                ],
                [
                    0.0,
                    0.9070528149604797,
                    0.42101675271987915,
                    1.6971728801727295
                ],
                [
                    0.0,
                    0.0,
                    0.0,
                    1.0
                ]
            ]
        },
        {
            "file_path": "/data/shapenet_blender/all_50_random/02958343/706671ef8c7b5e28a6c2c95b41a5446d/r_5",
            "rotation": 0.12566370614359174,
            "transform_matrix": [
                [
                    0.7506434917449951,
                    0.23474201560020447,
                    0.6176006197929382,
                    2.4896275997161865
                ],
                [
                    0.6607075333595276,
                    -0.2666952610015869,
                    -0.701668918132782,
                    -2.8285176753997803
                ],
                [
                    -1.4901161193847656e-08,
                    0.9347564578056335,
                    -0.35528892278671265,
                    -1.4322154521942139
                ],
                [
                    0.0,
                    0.0,
                    0.0,
                    1.0
                ]
            ]
        },
        {
            "file_path": "/data/shapenet_blender/all_50_random/02958343/706671ef8c7b5e28a6c2c95b41a5446d/r_6",
            "rotation": 0.12566370614359174,
            "transform_matrix": [
                [
                    -0.9999638795852661,
                    -0.005304605234414339,
                    0.006648222450166941,
                    0.026799842715263367
                ],
                [
                    0.008505158126354218,
                    -0.623670220375061,
                    0.7816412448883057,
                    3.1508965492248535
                ],
                [
                    0.0,
                    0.781669557094574,
                    0.6236928105354309,
                    2.514186143875122
                ],
                [
                    0.0,
                    0.0,
                    0.0,
                    1.0
                ]
            ]
        },
        {
            "file_path": "/data/shapenet_blender/all_50_random/02958343/706671ef8c7b5e28a6c2c95b41a5446d/r_7",
            "rotation": 0.12566370614359174,
            "transform_matrix": [
                [
                    0.11067944765090942,
                    0.8396282196044922,
                    -0.5317652821540833,
                    -2.1436147689819336
                ],
                [
                    -0.9938562512397766,
                    0.09350405633449554,
                    -0.05921931937336922,
                    -0.23872074484825134
                ],
                [
                    0.0,
                    0.5350526571273804,
                    0.8448185920715332,
                    3.4055731296539307
                ],
                [
                    0.0,
                    0.0,
                    0.0,
                    1.0
                ]
            ]
        },
        {
            "file_path": "/data/shapenet_blender/all_50_random/02958343/706671ef8c7b5e28a6c2c95b41a5446d/r_8",
            "rotation": 0.12566370614359174,
            "transform_matrix": [
                [
                    -0.23445215821266174,
                    0.06991879642009735,
                    -0.9696100354194641,
                    -3.908622980117798
                ],
                [
                    -0.9721277356147766,
                    -0.01686261035501957,
                    0.23384493589401245,
                    0.9426590800285339
                ],
                [
                    0.0,
                    0.9974100589752197,
                    0.07192349433898926,
                    0.28993287682533264
                ],
                [
                    0.0,
                    0.0,
                    0.0,
                    1.0
                ]
            ]
        },
        {
            "file_path": "/data/shapenet_blender/all_50_random/02958343/706671ef8c7b5e28a6c2c95b41a5446d/r_9",
            "rotation": 0.12566370614359174,
            "transform_matrix": [
                [
                    -0.7773873209953308,
                    -0.5894291400909424,
                    -0.21964094042778015,
                    -0.8854010105133057
                ],
                [
                    -0.6290221810340881,
                    0.7284556031227112,
                    0.2714468240737915,
                    1.094237208366394
                ],
                [
                    0.0,
                    0.3491785526275635,
                    -0.9370562434196472,
                    -3.7773947715759277
                ],
                [
                    0.0,
                    0.0,
                    0.0,
                    1.0
                ]
            ]
        },
        {
            "file_path": "/data/shapenet_blender/all_50_random/02958343/706671ef8c7b5e28a6c2c95b41a5446d/r_10",
            "rotation": 0.12566370614359174,
            "transform_matrix": [
                [
                    -0.9997968673706055,
                    0.006073004566133022,
                    -0.019214488565921783,
                    -0.07745608687400818
                ],
                [
                    -0.020151376724243164,
                    -0.3013079762458801,
                    0.9533138275146484,
                    3.8429312705993652
                ],
                [
                    4.6566125955216364e-10,
                    0.9535074830055237,
                    0.30136919021606445,
                    1.2148581743240356
                ],
                [
                    0.0,
                    0.0,
                    0.0,
                    1.0
                ]
            ]
        },
        {
            "file_path": "/data/shapenet_blender/all_50_random/02958343/706671ef8c7b5e28a6c2c95b41a5446d/r_11",
            "rotation": 0.12566370614359174,
            "transform_matrix": [
                [
                    0.818303644657135,
                    0.2923688292503357,
                    -0.49487340450286865,
                    -1.9948986768722534
                ],
                [
                    -0.574786365032196,
                    0.4162355363368988,
                    -0.7045342922210693,
                    -2.840068817138672
                ],
                [
                    1.4901162970204496e-08,
                    0.8609693646430969,
                    0.5086566209793091,
                    2.0504605770111084
                ],
                [
                    0.0,
                    0.0,
                    0.0,
                    1.0
                ]
            ]
        },
        {
            "file_path": "/data/shapenet_blender/all_50_random/02958343/706671ef8c7b5e28a6c2c95b41a5446d/r_12",
            "rotation": 0.12566370614359174,
            "transform_matrix": [
                [
                    -0.3590461015701294,
                    -0.8282480835914612,
                    -0.4302220046520233,
                    -1.7342801094055176
                ],
                [
                    -0.9333199262619019,
                    0.31862521171569824,
                    0.16550545394420624,
                    0.6671737432479858
                ],
                [
                    1.4901161193847656e-08,
                    0.4609587490558624,
                    -0.8874216079711914,
                    -3.577310562133789
                ],
                [
                    0.0,
                    0.0,
                    0.0,
                    1.0
                ]
            ]
        },
        {
            "file_path": "/data/shapenet_blender/all_50_random/02958343/706671ef8c7b5e28a6c2c95b41a5446d/r_13",
            "rotation": 0.12566370614359174,
            "transform_matrix": [
                [
                    -0.3158445954322815,
                    0.21059256792068481,
                    -0.9251447916030884,
                    -3.7293779850006104
                ],
                [
                    -0.948810875415802,
                    -0.07010304182767868,
                    0.30796653032302856,
                    1.2414528131484985
                ],
                [
                    0.0,
                    0.9750570058822632,
                    0.22195421159267426,
                    0.894726037979126
                ],
                [
                    0.0,
                    0.0,
                    0.0,
                    1.0
                ]
            ]
        },
        {
            "file_path": "/data/shapenet_blender/all_50_random/02958343/706671ef8c7b5e28a6c2c95b41a5446d/r_14",
            "rotation": 0.12566370614359174,
            "transform_matrix": [
                [
                    -0.8688485622406006,
                    -0.05650777369737625,
                    -0.4918425679206848,
                    -1.9826807975769043
                ],
                [
                    -0.49507802724838257,
                    0.09916961193084717,
                    0.8631704449653625,
                    3.479551315307617
                ],
                [
                    -3.725290298461914e-09,
                    0.9934647679328918,
                    -0.1141391396522522,
                    -0.4601095914840698
                ],
                [
                    0.0,
                    0.0,
                    0.0,
                    1.0
                ]
            ]
        },
        {
            "file_path": "/data/shapenet_blender/all_50_random/02958343/706671ef8c7b5e28a6c2c95b41a5446d/r_15",
            "rotation": 0.12566370614359174,
            "transform_matrix": [
                [
                    0.953840970993042,
                    -0.07158570736646652,
                    -0.2916552424430847,
                    -1.1756998300552368
                ],
                [
                    -0.30031198263168335,
                    -0.22736816108226776,
                    -0.926345705986023,
                    -3.7342190742492676
                ],
                [
                    -7.450580152834618e-09,
                    0.9711741209030151,
                    -0.2383711338043213,
                    -0.9609047770500183
                ],
                [
                    0.0,
                    0.0,
                    0.0,
                    1.0
                ]
            ]
        },
        {
            "file_path": "/data/shapenet_blender/all_50_random/02958343/706671ef8c7b5e28a6c2c95b41a5446d/r_16",
            "rotation": 0.12566370614359174,
            "transform_matrix": [
                [
                    -0.4156484603881836,
                    -0.12278356403112411,
                    0.901199460029602,
                    3.6328513622283936
                ],
                [
                    0.9095253348350525,
                    -0.05611146241426468,
                    0.41184356808662415,
                    1.6601946353912354
                ],
                [
                    0.0,
                    0.9908458590507507,
                    0.1349973976612091,
                    0.5441919565200806
                ],
                [
                    0.0,
                    0.0,
                    0.0,
                    1.0
                ]
            ]
        },
        {
            "file_path": "/data/shapenet_blender/all_50_random/02958343/706671ef8c7b5e28a6c2c95b41a5446d/r_17",
            "rotation": 0.12566370614359174,
            "transform_matrix": [
                [
                    -0.3371724784374237,
                    -0.5829943418502808,
                    0.7392105460166931,
                    2.9798531532287598
                ],
                [
                    0.9414429664611816,
                    -0.20879612863063812,
                    0.2647440731525421,
                    1.0672175884246826
                ],
                [
                    -1.4901162970204496e-08,
                    0.7851889729499817,
                    0.6192561388015747,
                    2.4963016510009766
                ],
                [
                    0.0,
                    0.0,
                    0.0,
                    1.0
                ]
            ]
        },
        {
            "file_path": "/data/shapenet_blender/all_50_random/02958343/706671ef8c7b5e28a6c2c95b41a5446d/r_18",
            "rotation": 0.12566370614359174,
            "transform_matrix": [
                [
                    0.6837242245674133,
                    -0.04158826544880867,
                    -0.7285544872283936,
                    -2.936897039413452
                ],
                [
                    -0.7297405004501343,
                    -0.038965772837400436,
                    -0.682612955570221,
                    -2.7517006397247314
                ],
                [
                    0.0,
                    0.9983746409416199,
                    -0.05699048936367035,
                    -0.22973600029945374
                ],
                [
                    0.0,
                    0.0,
                    0.0,
                    1.0
                ]
            ]
        },
        {
            "file_path": "/data/shapenet_blender/all_50_random/02958343/706671ef8c7b5e28a6c2c95b41a5446d/r_19",
            "rotation": 0.12566370614359174,
            "transform_matrix": [
                [
                    0.8560636043548584,
                    -0.46763673424720764,
                    0.2201613038778305,
                    0.8874984979629517
                ],
                [
                    0.5168705582618713,
                    0.7745204567909241,
                    -0.3646408021450043,
                    -1.4699139595031738
                ],
                [
                    0.0,
                    0.4259506165981293,
                    0.9047464728355408,
                    3.6471493244171143
                ],
                [
                    0.0,
                    0.0,
                    0.0,
                    1.0
                ]
            ]
        },
        {
            "file_path": "/data/shapenet_blender/all_50_random/02958343/706671ef8c7b5e28a6c2c95b41a5446d/r_20",
            "rotation": 0.12566370614359174,
            "transform_matrix": [
                [
                    0.805313766002655,
                    0.2086496502161026,
                    -0.5549190044403076,
                    -2.236950159072876
                ],
                [
                    -0.5928488969802856,
                    0.2834254205226898,
                    -0.753790557384491,
                    -3.0386269092559814
                ],
                [
                    1.4901161193847656e-08,
                    0.9360210299491882,
                    0.35194408893585205,
                    1.4187320470809937
                ],
                [
                    0.0,
                    0.0,
                    0.0,
                    1.0
                ]
            ]
        },
        {
            "file_path": "/data/shapenet_blender/all_50_random/02958343/706671ef8c7b5e28a6c2c95b41a5446d/r_21",
            "rotation": 0.12566370614359174,
            "transform_matrix": [
                [
                    -0.7198241949081421,
                    -0.3807351589202881,
                    -0.5804256200790405,
                    -2.339770555496216
                ],
                [
                    -0.6941564679145813,
                    0.39481356739997864,
                    0.6018879413604736,
                    2.426287889480591
                ],
                [
                    0.0,
                    0.8361596465110779,
                    -0.5484861135482788,
                    -2.2110183238983154
                ],
                [
                    0.0,
                    0.0,
                    0.0,
                    1.0
                ]
            ]
        },
        {
            "file_path": "/data/shapenet_blender/all_50_random/02958343/706671ef8c7b5e28a6c2c95b41a5446d/r_22",
            "rotation": 0.12566370614359174,
            "transform_matrix": [
                [
                    0.9966343641281128,
                    0.003546464489772916,
                    0.08189820498228073,
                    0.3301422595977783
                ],
                [
                    0.08197495341300964,
                    -0.04311716929078102,
                    -0.9957011938095093,
                    -4.013800144195557
                ],
                [
                    0.0,
                    0.9990637302398682,
                    -0.04326276853680611,
                    -0.174397811293602
                ],
                [
                    0.0,
                    0.0,
                    0.0,
                    1.0
                ]
            ]
        },
        {
            "file_path": "/data/shapenet_blender/all_50_random/02958343/706671ef8c7b5e28a6c2c95b41a5446d/r_23",
            "rotation": 0.12566370614359174,
            "transform_matrix": [
                [
                    -0.9997256994247437,
                    -0.021506091579794884,
                    0.00928466022014618,
                    0.037427663803100586
                ],
                [
                    0.023424705490469933,
                    -0.9178425073623657,
                    0.3962531089782715,
                    1.597347378730774
                ],
                [
                    0.0,
                    0.3963617980480194,
                    0.9180943965911865,
                    3.7009568214416504
                ],
                [
                    0.0,
                    0.0,
                    0.0,
                    1.0
                ]
            ]
        },
        {
            "file_path": "/data/shapenet_blender/all_50_random/02958343/706671ef8c7b5e28a6c2c95b41a5446d/r_24",
            "rotation": 0.12566370614359174,
            "transform_matrix": [
                [
                    0.867909848690033,
                    0.4354211688041687,
                    -0.23904170095920563,
                    -0.9636079668998718
                ],
                [
                    -0.4967218041419983,
                    0.7608007192611694,
                    -0.41767171025276184,
                    -1.6836886405944824
                ],
                [
                    0.0,
                    0.4812385141849518,
                    0.8765895962715149,
                    3.5336458683013916
                ],
                [
                    0.0,
                    0.0,
                    0.0,
                    1.0
                ]
            ]
        },
        {
            "file_path": "/data/shapenet_blender/all_50_random/02958343/706671ef8c7b5e28a6c2c95b41a5446d/r_25",
            "rotation": 0.12566370614359174,
            "transform_matrix": [
                [
                    0.9999945759773254,
                    0.0004346919304225594,
                    0.0032803979702293873,
                    0.013223707675933838
                ],
                [
                    0.003309073857963085,
                    -0.1313629001379013,
                    -0.991328775882721,
                    -3.9961743354797363
                ],
                [
                    0.0,
                    0.9913341999053955,
                    -0.1313636153936386,
                    -0.5295437574386597
                ],
                [
                    0.0,
                    0.0,
                    0.0,
                    1.0
                ]
            ]
        },
        {
            "file_path": "/data/shapenet_blender/all_50_random/02958343/706671ef8c7b5e28a6c2c95b41a5446d/r_26",
            "rotation": 0.12566370614359174,
            "transform_matrix": [
                [
                    -0.7504526376724243,
                    0.5338296294212341,
                    0.38967522978782654,
                    1.570831060409546
                ],
                [
                    0.6609242558479309,
                    0.6061418056488037,
                    0.4424603581428528,
                    1.7836147546768188
                ],
                [
                    0.0,
                    0.5895912647247314,
                    -0.8077017068862915,
                    -3.2559497356414795
                ],
                [
                    0.0,
                    0.0,
                    0.0,
                    1.0
                ]
            ]
        },
        {
            "file_path": "/data/shapenet_blender/all_50_random/02958343/706671ef8c7b5e28a6c2c95b41a5446d/r_27",
            "rotation": 0.12566370614359174,
            "transform_matrix": [
                [
                    -0.7298247218132019,
                    0.27625349164009094,
                    0.6253318190574646,
                    2.5207934379577637
                ],
                [
                    0.6836344003677368,
                    0.2949187755584717,
                    0.6675828695297241,
                    2.691112756729126
                ],
                [
                    1.4901161193847656e-08,
                    0.914716899394989,
                    -0.404095321893692,
                    -1.6289604902267456
                ],
                [
                    0.0,
                    0.0,
                    0.0,
                    1.0
                ]
            ]
        },
        {
            "file_path": "/data/shapenet_blender/all_50_random/02958343/706671ef8c7b5e28a6c2c95b41a5446d/r_28",
            "rotation": 0.12566370614359174,
            "transform_matrix": [
                [
                    0.794339656829834,
                    0.01908976398408413,
                    -0.6071738004684448,
                    -2.4475955963134766
                ],
                [
                    -0.6074737906455994,
                    0.024961993098258972,
                    -0.7939474582672119,
                    -3.2005043029785156
                ],
                [
                    -1.8626448161640496e-09,
                    0.9995061755180359,
                    0.031424835324287415,
                    0.12667754292488098
                ],
                [
                    0.0,
                    0.0,
                    0.0,
                    1.0
                ]
            ]
        },
        {
            "file_path": "/data/shapenet_blender/all_50_random/02958343/706671ef8c7b5e28a6c2c95b41a5446d/r_29",
            "rotation": 0.12566370614359174,
            "transform_matrix": [
                [
                    0.40840232372283936,
                    0.22998031973838806,
                    0.8833552598953247,
                    3.5609190464019775
                ],
                [
                    0.91280198097229,
                    -0.10289689898490906,
                    -0.3952274024486542,
                    -1.593212604522705
                ],
                [
                    -7.450580596923828e-09,
                    0.9677401185035706,
                    -0.25194987654685974,
                    -1.0156424045562744
                ],
                [
                    0.0,
                    0.0,
                    0.0,
                    1.0
                ]
            ]
        },
        {
            "file_path": "/data/shapenet_blender/all_50_random/02958343/706671ef8c7b5e28a6c2c95b41a5446d/r_30",
            "rotation": 0.12566370614359174,
            "transform_matrix": [
                [
                    0.999872624874115,
                    0.006141462828963995,
                    -0.014737799763679504,
                    -0.0594099760055542
                ],
                [
                    -0.015966227278113365,
                    0.3846043646335602,
                    -0.9229433536529541,
                    -3.720503807067871
                ],
                [
                    0.0,
                    0.9230610132217407,
                    0.38465335965156555,
                    1.5505874156951904
                ],
                [
                    0.0,
                    0.0,
                    0.0,
                    1.0
                ]
            ]
        },
        {
            "file_path": "/data/shapenet_blender/all_50_random/02958343/706671ef8c7b5e28a6c2c95b41a5446d/r_31",
            "rotation": 0.12566370614359174,
            "transform_matrix": [
                [
                    0.978875994682312,
                    0.18863430619239807,
                    -0.07886049151420593,
                    -0.3178968131542206
                ],
                [
                    -0.20445510745048523,
                    0.903130292892456,
                    -0.3775627911090851,
                    -1.522004246711731
                ],
                [
                    7.450581485102248e-09,
                    0.38571059703826904,
                    0.9226198196411133,
                    3.7191994190216064
                ],
                [
                    0.0,
                    0.0,
                    0.0,
                    1.0
                ]
            ]
        },
        {
            "file_path": "/data/shapenet_blender/all_50_random/02958343/706671ef8c7b5e28a6c2c95b41a5446d/r_32",
            "rotation": 0.12566370614359174,
            "transform_matrix": [
                [
                    0.44010865688323975,
                    -0.5669696927070618,
                    0.6963115334510803,
                    2.8069214820861816
                ],
                [
                    0.8979445695877075,
                    0.2778882682323456,
                    -0.341282457113266,
                    -1.37575364112854
                ],
                [
                    0.0,
                    0.7754503488540649,
                    0.6314084529876709,
                    2.5452888011932373
                ],
                [
                    0.0,
                    0.0,
                    0.0,
                    1.0
                ]
            ]
        },
        {
            "file_path": "/data/shapenet_blender/all_50_random/02958343/706671ef8c7b5e28a6c2c95b41a5446d/r_33",
            "rotation": 0.12566370614359174,
            "transform_matrix": [
                [
                    -0.9985772967338562,
                    -0.03951587900519371,
                    -0.035802192986011505,
                    -0.14432325959205627
                ],
                [
                    -0.053322624415159225,
                    0.7400172352790833,
                    0.6704707741737366,
                    2.702754259109497
                ],
                [
                    -1.862645149230957e-09,
                    0.6714258193969727,
                    -0.7410716414451599,
                    -2.9873552322387695
                ],
                [
                    0.0,
                    0.0,
                    0.0,
                    1.0
                ]
            ]
        },
        {
            "file_path": "/data/shapenet_blender/all_50_random/02958343/706671ef8c7b5e28a6c2c95b41a5446d/r_34",
            "rotation": 0.12566370614359174,
            "transform_matrix": [
                [
                    -0.8923248052597046,
                    0.17560189962387085,
                    -0.4158370792865753,
                    -1.6762930154800415
                ],
                [
                    -0.4513939917087555,
                    -0.3471333980560303,
                    0.8220351338386536,
                    3.313729763031006
                ],
                [
                    0.0,
                    0.9212287664413452,
                    0.38902127742767334,
                    1.568195104598999
                ],
                [
                    0.0,
                    0.0,
                    0.0,
                    1.0
                ]
            ]
        },
        {
            "file_path": "/data/shapenet_blender/all_50_random/02958343/706671ef8c7b5e28a6c2c95b41a5446d/r_35",
            "rotation": 0.12566370614359174,
            "transform_matrix": [
                [
                    -0.7508019208908081,
                    -0.6325517296791077,
                    -0.1901966780424118,
                    -0.7667074203491211
                ],
                [
                    -0.6605274677276611,
                    0.7190026640892029,
                    0.216190904378891,
                    0.8714934587478638
                ],
                [
                    -1.4901161193847656e-08,
                    0.28794658184051514,
                    -0.957646369934082,
                    -3.860396146774292
                ],
                [
                    0.0,
                    0.0,
                    0.0,
                    1.0
                ]
            ]
        },
        {
            "file_path": "/data/shapenet_blender/all_50_random/02958343/706671ef8c7b5e28a6c2c95b41a5446d/r_36",
            "rotation": 0.12566370614359174,
            "transform_matrix": [
                [
                    -0.8209138512611389,
                    -0.3267451822757721,
                    -0.46833547949790955,
                    -1.8879207372665405
                ],
                [
                    -0.5710521936416626,
                    0.4697113037109375,
                    0.6732538342475891,
                    2.713973045349121
                ],
                [
                    2.980232594040899e-08,
                    0.8201273083686829,
                    -0.5721810460090637,
                    -2.306535482406616
                ],
                [
                    0.0,
                    0.0,
                    0.0,
                    1.0
                ]
            ]
        },
        {
            "file_path": "/data/shapenet_blender/all_50_random/02958343/706671ef8c7b5e28a6c2c95b41a5446d/r_37",
            "rotation": 0.12566370614359174,
            "transform_matrix": [
                [
                    -0.4154982566833496,
                    -0.4801466464996338,
                    0.7725415229797363,
                    3.1142144203186035
                ],
                [
                    0.9095940589904785,
                    -0.21932870149612427,
                    0.35289329290390015,
                    1.422558307647705
                ],
                [
                    -1.4901162970204496e-08,
                    0.8493256568908691,
                    0.5278692245483398,
                    2.127908945083618
                ],
                [
                    0.0,
                    0.0,
                    0.0,
                    1.0
                ]
            ]
        },
        {
            "file_path": "/data/shapenet_blender/all_50_random/02958343/706671ef8c7b5e28a6c2c95b41a5446d/r_38",
            "rotation": 0.12566370614359174,
            "transform_matrix": [
                [
                    0.7799157500267029,
                    0.2865743339061737,
                    -0.556423008441925,
                    -2.2430129051208496
                ],
                [
                    -0.625884473323822,
                    0.3571007549762726,
                    -0.6933596134185791,
                    -2.7950220108032227
                ],
                [
                    0.0,
                    0.8890186548233032,
                    0.4578709602355957,
                    1.8457368612289429
                ],
                [
                    0.0,
                    0.0,
                    0.0,
                    1.0
                ]
            ]
        },
        {
            "file_path": "/data/shapenet_blender/all_50_random/02958343/706671ef8c7b5e28a6c2c95b41a5446d/r_39",
            "rotation": 0.12566370614359174,
            "transform_matrix": [
                [
                    -0.7126172184944153,
                    0.019902676343917847,
                    -0.701270580291748,
                    -2.8269124031066895
                ],
                [
                    -0.7015530467033386,
                    -0.02021656185388565,
                    0.7123303413391113,
                    2.8714957237243652
                ],
                [
                    0.0,
                    0.9995975494384766,
                    0.028369449079036713,
                    0.11436091363430023
                ],
                [
                    0.0,
                    0.0,
                    0.0,
                    1.0
                ]
            ]
        },
        {
            "file_path": "/data/shapenet_blender/all_50_random/02958343/706671ef8c7b5e28a6c2c95b41a5446d/r_40",
            "rotation": 0.12566370614359174,
            "transform_matrix": [
                [
                    0.3980098068714142,
                    -0.21726472675800323,
                    -0.891282320022583,
                    -3.592874050140381
                ],
                [
                    -0.9173811674118042,
                    -0.09426125138998032,
                    -0.3866867125034332,
                    -1.558784008026123
                ],
                [
                    -7.450580596923828e-09,
                    0.9715507626533508,
                    -0.2368314415216446,
                    -0.9546980857849121
                ],
                [
                    0.0,
                    0.0,
                    0.0,
                    1.0
                ]
            ]
        },
        {
            "file_path": "/data/shapenet_blender/all_50_random/02958343/706671ef8c7b5e28a6c2c95b41a5446d/r_41",
            "rotation": 0.12566370614359174,
            "transform_matrix": [
                [
                    0.9980088472366333,
                    -0.038375306874513626,
                    0.050057124346494675,
                    0.20178674161434174
                ],
                [
                    0.06307440251111984,
                    0.607201874256134,
                    -0.7920399904251099,
                    -3.1928155422210693
                ],
                [
                    -1.862645149230957e-09,
