{
    "class": "02958343",
    "model": "8361aa7ae1f7dcb582ea71649733f2a6",
    "remove_doubles": true,
    "edge_split": true,
    "denoise": true,
    "camera_angle_x": 0.6911112070083618,
    "scale_factor": 2.2871962827301933,
    "hdri_file": "/data/IndoorHDRDataset2018/AG8A1550-3d74fa5285.exr",
    "center_offset": [
        0.0,
        -1.862645149230957e-09,
        0.0
    ],
    "lights": [],
    "frames": [
        {
            "file_path": "/data/shapenet_blender/all_50_random/02958343/8361aa7ae1f7dcb582ea71649733f2a6/r_0",
            "rotation": 0.12566370614359174,
            "transform_matrix": [
                [
                    0.48387494683265686,
                    0.3335523009300232,
                    -0.8090783953666687,
                    -3.2614994049072266
                ],
                [
                    -0.8751370906829834,
                    0.1844255030155182,
                    -0.4473502039909363,
                    -1.8033263683319092
                ],
                [
                    0.0,
                    0.9245162010192871,
                    0.38114282488822937,
                    1.536435842514038
                ],
                [
                    0.0,
                    0.0,
                    0.0,
                    1.0
                ]
            ]
        },
        {
            "file_path": "/data/shapenet_blender/all_50_random/02958343/8361aa7ae1f7dcb582ea71649733f2a6/r_1",
            "rotation": 0.12566370614359174,
            "transform_matrix": [
                [
                    -0.08702021837234497,
                    -0.9813738465309143,
                    0.17126861214637756,
                    0.6904058456420898
                ],
                [
                    0.9962065815925598,
                    -0.08572455495595932,
                    0.014960583299398422,
                    0.06030803918838501
                ],
                [
                    9.313225746154785e-10,
                    0.1719207465648651,
                    0.9851107597351074,
                    3.9711084365844727
                ],
                [
                    0.0,
                    0.0,
                    0.0,
                    1.0
                ]
            ]
        },
        {
            "file_path": "/data/shapenet_blender/all_50_random/02958343/8361aa7ae1f7dcb582ea71649733f2a6/r_2",
            "rotation": 0.12566370614359174,
            "transform_matrix": [
                [
                    0.29417499899864197,
                    0.01812293380498886,
                    -0.9555796384811401,
                    -3.852065086364746
                ],
                [
                    -0.9557515978813171,
                    0.005578137934207916,
                    -0.2941220700740814,
                    -1.1856441497802734
                ],
                [
                    0.0,
                    0.9998201131820679,
                    0.018961971625685692,
                    0.07643815875053406
                ],
                [
                    0.0,
                    0.0,
                    0.0,
                    1.0
                ]
            ]
        },
        {
            "file_path": "/data/shapenet_blender/all_50_random/02958343/8361aa7ae1f7dcb582ea71649733f2a6/r_3",
            "rotation": 0.12566370614359174,
            "transform_matrix": [
                [
                    -0.7698827981948853,
                    0.6068011522293091,
                    -0.19766877591609955,
                    -0.7968283891677856
                ],
                [
                    -0.638185441493988,
                    -0.7320219874382019,
                    0.23846013844013214,
                    0.9612635970115662
                ],
                [
                    -1.4901162970204496e-08,
                    0.30973562598228455,
                    0.950822651386261,
                    3.8328888416290283
                ],
                [
                    0.0,
                    0.0,
                    0.0,
                    1.0
                ]
            ]
        },
        {
            "file_path": "/data/shapenet_blender/all_50_random/02958343/8361aa7ae1f7dcb582ea71649733f2a6/r_4",
            "rotation": 0.12566370614359174,
            "transform_matrix": [
                [
                    -0.1184287890791893,
                    0.6760809421539307,
                    0.7272475361824036,
                    2.931628704071045
                ],
                [
                    0.9929624795913696,
                    0.08063491433858871,
                    0.08673745393753052,
                    0.3496498465538025
                ],
                [
                    -3.725290298461914e-09,
                    0.7324018478393555,
                    -0.6808726191520691,
                    -2.744685411453247
                ],
                [
                    0.0,
                    0.0,
                    0.0,
                    1.0
                ]
            ]
        },
        {
            "file_path": "/data/shapenet_blender/all_50_random/02958343/8361aa7ae1f7dcb582ea71649733f2a6/r_5",
            "rotation": 0.12566370614359174,
            "transform_matrix": [
                [
                    0.8719154000282288,
                    0.10097751021385193,
                    -0.4791315793991089,
                    -1.9314409494400024
                ],
                [
                    -0.4896564781665802,
                    0.1798073649406433,
                    -0.8531740307807922,
                    -3.43925404548645
                ],
                [
                    -7.450580152834618e-09,
                    0.9785053133964539,
                    0.20622114837169647,
                    0.8313039541244507
                ],
                [
                    0.0,
                    0.0,
                    0.0,
                    1.0
                ]
            ]
        },
        {
            "file_path": "/data/shapenet_blender/all_50_random/02958343/8361aa7ae1f7dcb582ea71649733f2a6/r_6",
            "rotation": 0.12566370614359174,
            "transform_matrix": [
                [
                    -0.9564122557640076,
                    -0.05908409506082535,
                    0.2859802544116974,
                    1.1528234481811523
                ],
                [
                    0.29201996326446533,
                    -0.19350989162921906,
                    0.9366312623023987,
                    3.775681734085083
                ],
                [
                    0.0,
                    0.9793176054954529,
                    0.20232893526554108,
                    0.8156141042709351
                ],
                [
                    0.0,
                    0.0,
                    0.0,
                    1.0
                ]
            ]
        },
        {
            "file_path": "/data/shapenet_blender/all_50_random/02958343/8361aa7ae1f7dcb582ea71649733f2a6/r_7",
            "rotation": 0.12566370614359174,
            "transform_matrix": [
                [
                    -0.7665131092071533,
                    -0.26573607325553894,
                    0.5846725702285767,
                    2.3568904399871826
                ],
                [
                    0.6422287225723267,
                    -0.3171614408493042,
                    0.6978186964988708,
                    2.8129971027374268
                ],
                [
                    -1.4901161193847656e-08,
                    0.9103806018829346,
                    0.41377177834510803,
                    1.667967438697815
                ],
                [
                    0.0,
                    0.0,
                    0.0,
                    1.0
                ]
            ]
        },
        {
            "file_path": "/data/shapenet_blender/all_50_random/02958343/8361aa7ae1f7dcb582ea71649733f2a6/r_8",
            "rotation": 0.12566370614359174,
            "transform_matrix": [
                [
                    -0.9911261796951294,
                    0.07633575797080994,
                    -0.10881972312927246,
                    -0.43866634368896484
                ],
                [
                    -0.13292433321475983,
                    -0.5691836476325989,
                    0.811394453048706,
                    3.2708356380462646
                ],
                [
                    3.725290298461914e-09,
                    0.8186590075492859,
                    0.57427978515625,
                    2.314995765686035
                ],
                [
                    0.0,
                    0.0,
                    0.0,
                    1.0
                ]
            ]
        },
        {
            "file_path": "/data/shapenet_blender/all_50_random/02958343/8361aa7ae1f7dcb582ea71649733f2a6/r_9",
            "rotation": 0.12566370614359174,
            "transform_matrix": [
                [
                    0.9917482733726501,
                    -0.028741206973791122,
                    0.12493711709976196,
                    0.5036376118659973
                ],
                [
                    0.12820038199424744,
                    0.22233976423740387,
                    -0.9665038585662842,
                    -3.896101474761963
                ],
                [
                    -1.8626449271863521e-09,
                    0.9745454788208008,
                    0.22418971359729767,
                    0.9037376046180725
                ],
                [
                    0.0,
                    0.0,
                    0.0,
                    1.0
                ]
            ]
        },
        {
            "file_path": "/data/shapenet_blender/all_50_random/02958343/8361aa7ae1f7dcb582ea71649733f2a6/r_10",
            "rotation": 0.12566370614359174,
            "transform_matrix": [
                [
                    -0.7907840609550476,
                    -0.5253295302391052,
                    0.3141487240791321,
                    1.2663739919662476
                ],
                [
                    0.6120952367782593,
                    -0.6786888241767883,
                    0.40585803985595703,
                    1.6360660791397095
                ],
                [
                    0.0,
                    0.5132348537445068,
                    0.8582480549812317,
                    3.4597086906433105
                ],
                [
                    0.0,
                    0.0,
                    0.0,
                    1.0
                ]
            ]
        },
        {
            "file_path": "/data/shapenet_blender/all_50_random/02958343/8361aa7ae1f7dcb582ea71649733f2a6/r_11",
            "rotation": 0.12566370614359174,
            "transform_matrix": [
                [
                    -0.29254528880119324,
                    -0.035957641899585724,
                    -0.9555752873420715,
                    -3.8520474433898926
                ],
                [
                    -0.9562516808509827,
                    0.011000491678714752,
                    0.2923383414745331,
                    1.1784536838531494
                ],
                [
                    0.0,
                    0.9992927312850952,
                    -0.03760269284248352,
                    -0.1515813171863556
                ],
                [
                    0.0,
                    0.0,
                    0.0,
                    1.0
                ]
            ]
        },
        {
            "file_path": "/data/shapenet_blender/all_50_random/02958343/8361aa7ae1f7dcb582ea71649733f2a6/r_12",
            "rotation": 0.12566370614359174,
            "transform_matrix": [
                [
                    -0.9917882084846497,
                    0.04267770051956177,
                    -0.1205604150891304,
                    -0.4859946072101593
                ],
                [
                    -0.12789136171340942,
                    -0.3309624493122101,
                    0.9349371790885925,
                    3.768852472305298
                ],
                [
                    -3.725290298461914e-09,
                    0.9426782727241516,
                    0.3337027430534363,
                    1.3451988697052002
                ],
                [
                    0.0,
                    0.0,
                    0.0,
                    1.0
                ]
            ]
        },
        {
            "file_path": "/data/shapenet_blender/all_50_random/02958343/8361aa7ae1f7dcb582ea71649733f2a6/r_13",
            "rotation": 0.12566370614359174,
            "transform_matrix": [
                [
                    -0.3632824718952179,
                    -0.07862114161252975,
                    -0.928355872631073,
                    -3.7423219680786133
                ],
                [
                    -0.9316789507865906,
                    0.03065614029765129,
                    0.3619866967201233,
                    1.4592150449752808
                ],
                [
                    0.0,
                    0.9964331388473511,
                    -0.08438649028539658,
                    -0.34017282724380493
                ],
                [
                    0.0,
                    0.0,
                    0.0,
                    1.0
                ]
            ]
        },
        {
            "file_path": "/data/shapenet_blender/all_50_random/02958343/8361aa7ae1f7dcb582ea71649733f2a6/r_14",
            "rotation": 0.12566370614359174,
            "transform_matrix": [
                [
                    -0.43577468395233154,
                    -0.5577908158302307,
                    0.7063778638839722,
                    2.8475003242492676
                ],
                [
                    0.9000557065010071,
                    -0.27006229758262634,
                    0.34200283885002136,
                    1.378657579421997
                ],
                [
                    -1.4901160305669237e-08,
                    0.7848156094551086,
                    0.619729220867157,
                    2.4982082843780518
                ],
                [
                    0.0,
                    0.0,
                    0.0,
                    1.0
                ]
            ]
        },
        {
            "file_path": "/data/shapenet_blender/all_50_random/02958343/8361aa7ae1f7dcb582ea71649733f2a6/r_15",
            "rotation": 0.12566370614359174,
            "transform_matrix": [
                [
                    0.9929895997047424,
                    -0.009673244319856167,
                    -0.11780570447444916,
                    -0.47488999366760254
                ],
                [
                    -0.11820218712091446,
                    -0.08126271516084671,
                    -0.9896588325500488,
                    -3.9894423484802246
                ],
                [
                    9.313225746154785e-10,
                    0.9966457486152649,
                    -0.08183642476797104,
                    -0.32989317178726196
                ],
                [
                    0.0,
                    0.0,
                    0.0,
                    1.0
                ]
            ]
        },
        {
            "file_path": "/data/shapenet_blender/all_50_random/02958343/8361aa7ae1f7dcb582ea71649733f2a6/r_16",
            "rotation": 0.12566370614359174,
            "transform_matrix": [
                [
                    -0.7009388208389282,
                    0.09419373422861099,
                    -0.7069739103317261,
                    -2.8499033451080322
                ],
                [
                    -0.7132213115692139,
                    -0.09257160872220993,
                    0.69479900598526,
                    2.8008246421813965
                ],
                [
                    0.0,
                    0.9912405610084534,
                    0.13206800818443298,
                    0.5323832035064697
                ],
                [
                    0.0,
                    0.0,
                    0.0,
                    1.0
                ]
            ]
        },
        {
            "file_path": "/data/shapenet_blender/all_50_random/02958343/8361aa7ae1f7dcb582ea71649733f2a6/r_17",
            "rotation": 0.12566370614359174,
            "transform_matrix": [
                [
                    0.8310503363609314,
                    -0.21148952841758728,
                    0.5144195556640625,
                    2.0736918449401855
                ],
                [
                    0.5561972260475159,
                    0.31600016355514526,
                    -0.7686275839805603,
                    -3.0984370708465576
                ],
                [
                    1.4901161193847656e-08,
                    0.92488694190979,
                    0.3802420198917389,
                    1.5328047275543213
                ],
                [
                    0.0,
                    0.0,
                    0.0,
                    1.0
                ]
            ]
        },
        {
            "file_path": "/data/shapenet_blender/all_50_random/02958343/8361aa7ae1f7dcb582ea71649733f2a6/r_18",
            "rotation": 0.12566370614359174,
            "transform_matrix": [
                [
                    -0.004404928535223007,
                    -0.23606255650520325,
                    0.9717278480529785,
                    3.9171602725982666
                ],
                [
                    0.9999902844429016,
                    -0.0010398487793281674,
                    0.0042804330587387085,
                    0.01725497841835022
                ],
                [
                    1.1641532182693481e-10,
                    0.9717373251914978,
                    0.2360648363828659,
                    0.9516078233718872
                ],
                [
                    0.0,
                    0.0,
                    0.0,
                    1.0
                ]
            ]
        },
        {
            "file_path": "/data/shapenet_blender/all_50_random/02958343/8361aa7ae1f7dcb582ea71649733f2a6/r_19",
            "rotation": 0.12566370614359174,
            "transform_matrix": [
                [
                    -0.8615844249725342,
                    -0.09612153470516205,
                    0.498430460691452,
                    2.00923752784729
                ],
                [
                    0.5076143145561218,
                    -0.16314910352230072,
                    0.8459964394569397,
                    3.410320997238159
                ],
                [
                    7.450580596923828e-09,
                    0.981907844543457,
                    0.1893593817949295,
                    0.7633321285247803
                ],
                [
                    0.0,
                    0.0,
                    0.0,
                    1.0
                ]
            ]
        },
        {
            "file_path": "/data/shapenet_blender/all_50_random/02958343/8361aa7ae1f7dcb582ea71649733f2a6/r_20",
            "rotation": 0.12566370614359174,
            "transform_matrix": [
                [
                    0.039448585361242294,
                    0.5410466194152832,
                    0.8400668501853943,
                    3.3864176273345947
                ],
                [
                    0.9992216229438782,
                    -0.02136015146970749,
                    -0.03316526487469673,
                    -0.13369345664978027
                ],
                [
                    0.0,
                    0.8407212495803833,
                    -0.5414681434631348,
                    -2.182727813720703
                ],
                [
                    0.0,
                    0.0,
                    0.0,
                    1.0
                ]
            ]
        },
        {
            "file_path": "/data/shapenet_blender/all_50_random/02958343/8361aa7ae1f7dcb582ea71649733f2a6/r_21",
            "rotation": 0.12566370614359174,
            "transform_matrix": [
                [
                    0.3693903982639313,
                    0.04548504948616028,
                    0.9281604290008545,
                    3.741534471511841
                ],
                [
                    0.9292742609977722,
                    -0.018080497160553932,
                    -0.3689476549625397,
                    -1.4872756004333496
                ],
                [
                    0.0,
                    0.9988014101982117,
                    -0.04894684627652168,
                    -0.19731104373931885
                ],
                [
                    0.0,
                    0.0,
                    0.0,
                    1.0
                ]
            ]
        },
        {
            "file_path": "/data/shapenet_blender/all_50_random/02958343/8361aa7ae1f7dcb582ea71649733f2a6/r_22",
            "rotation": 0.12566370614359174,
            "transform_matrix": [
                [
                    -0.6817225217819214,
                    -0.36520934104919434,
                    -0.6339373588562012,
                    -2.555483341217041
                ],
                [
                    -0.731610894203186,
                    0.34030580520629883,
                    0.5907093286514282,
                    2.3812255859375
                ],
                [
                    0.0,
                    0.8664952516555786,
                    -0.4991852343082428,
                    -2.012279987335205
                ],
                [
                    0.0,
                    0.0,
                    0.0,
                    1.0
                ]
            ]
        },
        {
            "file_path": "/data/shapenet_blender/all_50_random/02958343/8361aa7ae1f7dcb582ea71649733f2a6/r_23",
            "rotation": 0.12566370614359174,
            "transform_matrix": [
                [
                    -0.8469603061676025,
                    0.4288000464439392,
                    -0.31430697441101074,
                    -1.2670118808746338
                ],
                [
                    -0.5316562056541443,
                    -0.6831042170524597,
                    0.5007098913192749,
                    2.0184261798858643
                ],
                [
                    0.0,
                    0.591184675693512,
                    0.8065361976623535,
                    3.251251459121704
                ],
                [
                    0.0,
                    0.0,
                    0.0,
                    1.0
                ]
            ]
        },
        {
            "file_path": "/data/shapenet_blender/all_50_random/02958343/8361aa7ae1f7dcb582ea71649733f2a6/r_24",
            "rotation": 0.12566370614359174,
            "transform_matrix": [
                [
                    -0.8423256278038025,
                    0.3384670615196228,
                    -0.4194371700286865,
                    -1.6908053159713745
                ],
                [
                    -0.5389688611030579,
                    -0.5289720892906189,
                    0.6555159091949463,
                    2.6424691677093506
                ],
                [
                    -1.4901160305669237e-08,
                    0.7782214879989624,
                    0.6279899477958679,
                    2.531508445739746
                ],
                [
                    0.0,
                    0.0,
                    0.0,
                    1.0
                ]
            ]
        },
        {
            "file_path": "/data/shapenet_blender/all_50_random/02958343/8361aa7ae1f7dcb582ea71649733f2a6/r_25",
            "rotation": 0.12566370614359174,
            "transform_matrix": [
                [
                    0.6232852339744568,
                    6.254233448999003e-05,
                    0.7819945812225342,
                    3.1523211002349854
                ],
                [
                    0.7819945812225342,
                    -4.984908810001798e-05,
                    -0.6232852339744568,
                    -2.512543201446533
                ],
                [
                    0.0,
                    0.9999999403953552,
                    -7.997797365533188e-05,
                    -0.0003224015235900879
                ],
                [
                    0.0,
                    0.0,
                    0.0,
                    1.0
                ]
            ]
        },
        {
            "file_path": "/data/shapenet_blender/all_50_random/02958343/8361aa7ae1f7dcb582ea71649733f2a6/r_26",
            "rotation": 0.12566370614359174,
            "transform_matrix": [
                [
                    -0.15549658238887787,
                    0.6438995599746704,
                    0.7491422891616821,
                    3.0198893547058105
                ],
                [
                    0.987836480140686,
                    0.10135703533887863,
                    0.11792343109846115,
                    0.4753645956516266
                ],
                [
                    0.0,
                    0.7583667635917664,
                    -0.6518280506134033,
                    -2.627603054046631
                ],
                [
                    0.0,
                    0.0,
                    0.0,
                    1.0
                ]
            ]
        },
        {
            "file_path": "/data/shapenet_blender/all_50_random/02958343/8361aa7ae1f7dcb582ea71649733f2a6/r_27",
            "rotation": 0.12566370614359174,
            "transform_matrix": [
                [
                    -0.8909529447555542,
                    0.05814715847373009,
                    0.45035749673843384,
                    1.8154491186141968
                ],
                [
                    0.45409584045410156,
                    0.11408689618110657,
                    0.8836182355880737,
                    3.561979055404663
                ],
                [
                    0.0,
                    0.9917676448822021,
                    -0.12805043160915375,
                    -0.5161877870559692
                ],
                [
                    0.0,
                    0.0,
                    0.0,
                    1.0
                ]
            ]
        },
        {
            "file_path": "/data/shapenet_blender/all_50_random/02958343/8361aa7ae1f7dcb582ea71649733f2a6/r_28",
            "rotation": 0.12566370614359174,
            "transform_matrix": [
                [
                    0.8828684687614441,
                    0.032951291650533676,
                    0.4684629440307617,
                    1.8884344100952148
                ],
                [
                    0.4696204364299774,
                    -0.06194717809557915,
                    -0.8806924819946289,
                    -3.550184726715088
                ],
                [
                    1.862645149230957e-09,
                    0.9975353479385376,
                    -0.07016580551862717,
                    -0.28284740447998047
                ],
                [
                    0.0,
                    0.0,
                    0.0,
                    1.0
                ]
            ]
        },
        {
            "file_path": "/data/shapenet_blender/all_50_random/02958343/8361aa7ae1f7dcb582ea71649733f2a6/r_29",
            "rotation": 0.12566370614359174,
            "transform_matrix": [
                [
                    0.032184943556785583,
                    0.2686762809753418,
                    0.9626926183700562,
                    3.8807382583618164
                ],
                [
                    0.9994819164276123,
                    -0.008651812560856342,
                    -0.03100026771426201,
                    -0.1249660849571228
                ],
                [
                    -9.313225746154785e-10,
                    0.963191568851471,
                    -0.2688155472278595,
                    -1.0836302042007446
                ],
                [
                    0.0,
                    0.0,
                    0.0,
                    1.0
                ]
            ]
        },
        {
            "file_path": "/data/shapenet_blender/all_50_random/02958343/8361aa7ae1f7dcb582ea71649733f2a6/r_30",
            "rotation": 0.12566370614359174,
            "transform_matrix": [
                [
                    0.8279520273208618,
                    -0.32125064730644226,
                    -0.45966681838035583,
                    -1.8529763221740723
                ],
                [
                    -0.5607990622520447,
                    -0.4742876887321472,
                    -0.6786424517631531,
                    -2.7356953620910645
                ],
                [
                    1.4901161193847656e-08,
                    0.8196641206741333,
                    -0.572844386100769,
                    -2.3092098236083984
                ],
                [
                    0.0,
                    0.0,
                    0.0,
                    1.0
                ]
            ]
        },
        {
            "file_path": "/data/shapenet_blender/all_50_random/02958343/8361aa7ae1f7dcb582ea71649733f2a6/r_31",
            "rotation": 0.12566370614359174,
            "transform_matrix": [
                [
                    -0.45102787017822266,
                    -0.5044525265693665,
                    -0.7362754940986633,
                    -2.9680213928222656
                ],
                [
                    -0.892509937286377,
                    0.25492390990257263,
                    0.3720751404762268,
                    1.4998828172683716
                ],
                [
                    -2.9802322387695312e-08,
                    0.8249494433403015,
                    -0.5652065873146057,
                    -2.2784206867218018
                ],
                [
                    0.0,
                    0.0,
                    0.0,
                    1.0
                ]
            ]
        },
        {
            "file_path": "/data/shapenet_blender/all_50_random/02958343/8361aa7ae1f7dcb582ea71649733f2a6/r_32",
            "rotation": 0.12566370614359174,
            "transform_matrix": [
                [
                    0.445711225271225,
                    -0.22886702418327332,
                    0.8654254674911499,
                    3.4886419773101807
                ],
                [
                    0.8951767683029175,
                    0.1139535903930664,
                    -0.430897980928421,
                    -1.7370054721832275
                ],
                [
                    0.0,
                    0.9667649269104004,
                    0.2556668221950531,
                    1.0306260585784912
                ],
                [
                    0.0,
                    0.0,
                    0.0,
                    1.0
                ]
            ]
        },
        {
            "file_path": "/data/shapenet_blender/all_50_random/02958343/8361aa7ae1f7dcb582ea71649733f2a6/r_33",
            "rotation": 0.12566370614359174,
            "transform_matrix": [
                [
                    -0.978386640548706,
                    -0.19603243470191956,
                    0.06580830365419388,
                    0.2652817666530609
                ],
                [
                    0.20678356289863586,
                    -0.9275181889533997,
                    0.311368852853775,
                    1.2551679611206055
                ],
                [
                    3.725290076417309e-09,
                    0.3182471990585327,
                    0.9480077624320984,
                    3.8215415477752686
                ],
                [
                    0.0,
                    0.0,
                    0.0,
                    1.0
                ]
            ]
        },
        {
            "file_path": "/data/shapenet_blender/all_50_random/02958343/8361aa7ae1f7dcb582ea71649733f2a6/r_34",
            "rotation": 0.12566370614359174,
            "transform_matrix": [
                [
                    -0.9998325109481812,
                    -0.0038410546258091927,
                    0.017897123470902443,
                    0.07214561104774475
                ],
                [
                    0.01830466464161873,
                    -0.20980505645275116,
                    0.9775718450546265,
                    3.940718173980713
                ],
                [
                    2.3283067140944524e-10,
                    0.9777356386184692,
                    0.20984020829200745,
                    0.8458929657936096
                ],
                [
                    0.0,
                    0.0,
                    0.0,
                    1.0
                ]
            ]
        },
        {
            "file_path": "/data/shapenet_blender/all_50_random/02958343/8361aa7ae1f7dcb582ea71649733f2a6/r_35",
            "rotation": 0.12566370614359174,
            "transform_matrix": [
                [
                    -0.8140377402305603,
                    -0.4358614981174469,
                    -0.3838846683502197,
                    -1.5474886894226074
                ],
                [
                    -0.5808121562004089,
                    0.6108819842338562,
                    0.5380338430404663,
                    2.168884038925171
                ],
                [
                    -1.4901162970204496e-08,
                    0.6609447002410889,
                    -0.7504345178604126,
                    -3.0250985622406006
                ],
                [
                    0.0,
                    0.0,
                    0.0,
                    1.0
                ]
            ]
        },
        {
            "file_path": "/data/shapenet_blender/all_50_random/02958343/8361aa7ae1f7dcb582ea71649733f2a6/r_36",
            "rotation": 0.12566370614359174,
            "transform_matrix": [
                [
                    0.2999172508716583,
                    0.9506825804710388,
                    -0.07907023280858994,
                    -0.3187423050403595
                ],
                [
                    -0.9539651870727539,
                    0.2988852262496948,
                    -0.024858903139829636,
                    -0.10020944476127625
                ],
                [
                    0.0,
                    0.08288615196943283,
                    0.9965590834617615,
                    4.017258167266846
                ],
                [
                    0.0,
                    0.0,
                    0.0,
                    1.0
                ]
            ]
        },
        {
            "file_path": "/data/shapenet_blender/all_50_random/02958343/8361aa7ae1f7dcb582ea71649733f2a6/r_37",
            "rotation": 0.12566370614359174,
            "transform_matrix": [
                [
                    -0.6913203597068787,
                    0.02239268459379673,
                    -0.7222012877464294,
                    -2.9112865924835205
                ],
                [
                    -0.7225483655929565,
                    -0.02142488956451416,
                    0.6909882426261902,
                    2.7854626178741455
                ],
                [
                    -9.31322685637781e-10,
                    0.9995195865631104,
                    0.030991259962320328,
                    0.1249297633767128
                ],
                [
                    0.0,
                    0.0,
                    0.0,
                    1.0
                ]
            ]
        },
        {
            "file_path": "/data/shapenet_blender/all_50_random/02958343/8361aa7ae1f7dcb582ea71649733f2a6/r_38",
            "rotation": 0.12566370614359174,
            "transform_matrix": [
                [
                    0.9716041088104248,
                    -0.07587975263595581,
                    0.22411547601222992,
                    0.9034383893013
                ],
                [
                    0.23661251366138458,
                    0.3115856945514679,
                    -0.9202873706817627,
                    -3.7097971439361572
                ],
                [
                    0.0,
                    0.9471835494041443,
                    0.3206920325756073,
                    1.2927509546279907
                ],
                [
                    0.0,
                    0.0,
                    0.0,
                    1.0
                ]
            ]
        },
        {
            "file_path": "/data/shapenet_blender/all_50_random/02958343/8361aa7ae1f7dcb582ea71649733f2a6/r_39",
            "rotation": 0.12566370614359174,
            "transform_matrix": [
                [
                    0.14213526248931885,
                    -0.8532305955886841,
                    0.5017917156219482,
                    2.02278733253479
                ],
                [
                    0.9898472428321838,
                    0.12251806259155273,
                    -0.07205384969711304,
                    -0.2904583811759949
                ],
                [
                    0.0,
                    0.5069385766983032,
                    0.8619820475578308,
                    3.4747612476348877
                ],
                [
                    0.0,
                    0.0,
                    0.0,
                    1.0
                ]
            ]
        },
        {
            "file_path": "/data/shapenet_blender/all_50_random/02958343/8361aa7ae1f7dcb582ea71649733f2a6/r_40",
            "rotation": 0.12566370614359174,
            "transform_matrix": [
                [
                    0.8519754409790039,
                    -0.4794211685657501,
                    0.21045947074890137,
                    0.8483892679214478
                ],
                [
                    0.5235817432403564,
                    0.7801170945167542,
                    -0.342460960149765,
                    -1.3805042505264282
                ],
                [
                    0.0,
                    0.4019610583782196,
                    0.9156567454338074,
                    3.6911303997039795
                ],
                [
                    0.0,
                    0.0,
                    0.0,
                    1.0
                ]
            ]
        },
        {
            "file_path": "/data/shapenet_blender/all_50_random/02958343/8361aa7ae1f7dcb582ea71649733f2a6/r_41",
            "rotation": 0.12566370614359174,
            "transform_matrix": [
                [
                    -0.4143788814544678,
                    0.22927625477313995,
                    -0.8807510137557983,
                    -3.5504212379455566
                ],
                [
                    -0.9101044535636902,
                    -0.10439158231019974,
                    0.4010140001773834,
                    1.6165392398834229
