{
    "class": "02958343",
    "model": "133b51a2dcecd83c7c3c6f82a395b347",
    "remove_doubles": true,
    "edge_split": true,
    "denoise": true,
    "camera_angle_x": 0.6911112070083618,
    "scale_factor": 2.2493468873385605,
    "hdri_file": "/data/IndoorHDRDataset2018/9C4A5837-2cdcca1797.exr",
    "center_offset": [
        0.0,
        -1.862645149230957e-09,
        -3.725290298461914e-09
    ],
    "lights": [],
    "frames": [
        {
            "file_path": "/data/shapenet_blender/all_50_random/02958343/133b51a2dcecd83c7c3c6f82a395b347/r_0",
            "rotation": 0.12566370614359174,
            "transform_matrix": [
                [
                    0.11639685928821564,
                    0.23924683034420013,
                    0.9639568328857422,
                    3.885834217071533
                ],
                [
                    0.993202805519104,
                    -0.028038160875439644,
                    -0.11296942085027695,
                    -0.45539429783821106
                ],
                [
                    1.862645149230957e-09,
                    0.9705538153648376,
                    -0.2408841848373413,
                    -0.9710351824760437
                ],
                [
                    0.0,
                    0.0,
                    0.0,
                    1.0
                ]
            ]
        },
        {
            "file_path": "/data/shapenet_blender/all_50_random/02958343/133b51a2dcecd83c7c3c6f82a395b347/r_1",
            "rotation": 0.12566370614359174,
            "transform_matrix": [
                [
                    0.4856557250022888,
                    0.012427892535924911,
                    0.8740618824958801,
                    3.52345609664917
                ],
                [
                    0.8741502165794373,
                    -0.006904622074216604,
                    -0.4856066107749939,
                    -1.957542896270752
                ],
                [
                    4.656612873077393e-10,
                    0.9998989105224609,
                    -0.014217115938663483,
                    -0.057311028242111206
                ],
                [
                    0.0,
                    0.0,
                    0.0,
                    1.0
                ]
            ]
        },
        {
            "file_path": "/data/shapenet_blender/all_50_random/02958343/133b51a2dcecd83c7c3c6f82a395b347/r_2",
            "rotation": 0.12566370614359174,
            "transform_matrix": [
                [
                    -0.8260571956634521,
                    -0.15795989334583282,
                    0.5409975051879883,
                    2.180830717086792
                ],
                [
                    0.5635864734649658,
                    -0.23152418434619904,
                    0.7929481863975525,
                    3.196476459503174
                ],
                [
                    0.0,
                    0.9599193930625916,
                    0.28027623891830444,
                    1.1298296451568604
                ],
                [
                    0.0,
                    0.0,
                    0.0,
                    1.0
                ]
            ]
        },
        {
            "file_path": "/data/shapenet_blender/all_50_random/02958343/133b51a2dcecd83c7c3c6f82a395b347/r_3",
            "rotation": 0.12566370614359174,
            "transform_matrix": [
                [
                    0.9731106758117676,
                    -0.041984982788562775,
                    0.22647932171821594,
                    0.912967324256897
                ],
                [
                    0.23033806681632996,
                    0.1773742288351059,
                    -0.9568086266517639,
                    -3.8570189476013184
                ],
                [
                    0.0,
                    0.9832474589347839,
                    0.18227550387382507,
                    0.7347760796546936
                ],
                [
                    0.0,
                    0.0,
                    0.0,
                    1.0
                ]
            ]
        },
        {
            "file_path": "/data/shapenet_blender/all_50_random/02958343/133b51a2dcecd83c7c3c6f82a395b347/r_4",
            "rotation": 0.12566370614359174,
            "transform_matrix": [
                [
                    0.8514637351036072,
                    -0.002429861342534423,
                    -0.5244078040122986,
                    -2.113955497741699
                ],
                [
                    -0.5244134664535522,
                    -0.0039452435448765755,
                    -0.8514545559883118,
                    -3.4323232173919678
                ],
                [
                    0.0,
                    0.9999892115592957,
                    -0.0046334839425981045,
                    -0.018678171560168266
                ],
                [
                    0.0,
                    0.0,
                    0.0,
                    1.0
                ]
            ]
        },
        {
            "file_path": "/data/shapenet_blender/all_50_random/02958343/133b51a2dcecd83c7c3c6f82a395b347/r_5",
            "rotation": 0.12566370614359174,
            "transform_matrix": [
                [
                    0.012443658895790577,
                    -0.9826748371124268,
                    -0.18491967022418976,
                    -0.7454351186752319
                ],
                [
                    -0.9999226331710815,
                    -0.012229016982018948,
                    -0.0023012554738670588,
                    -0.009276658296585083
                ],
                [
                    0.0,
                    0.18493378162384033,
                    -0.9827508926391602,
                    -3.9615957736968994
                ],
                [
                    0.0,
                    0.0,
                    0.0,
                    1.0
                ]
            ]
        },
        {
            "file_path": "/data/shapenet_blender/all_50_random/02958343/133b51a2dcecd83c7c3c6f82a395b347/r_6",
            "rotation": 0.12566370614359174,
            "transform_matrix": [
                [
                    -0.9994404315948486,
                    -0.008621332235634327,
                    -0.03232015669345856,
                    -0.13028672337532043
                ],
                [
                    -0.03345026448369026,
                    0.2575916349887848,
                    0.9656746983528137,
                    3.892759323120117
                ],
                [
                    -9.31322685637781e-10,
                    0.9662153720855713,
                    -0.25773584842681885,
                    -1.038966417312622
                ],
                [
                    0.0,
                    0.0,
                    0.0,
                    1.0
                ]
            ]
        },
        {
            "file_path": "/data/shapenet_blender/all_50_random/02958343/133b51a2dcecd83c7c3c6f82a395b347/r_7",
            "rotation": 0.12566370614359174,
            "transform_matrix": [
                [
                    -0.9959034323692322,
                    -0.0004826473305001855,
                    -0.09042144566774368,
                    -0.3645004630088806
                ],
                [
                    -0.09042273461818695,
                    0.0053158109076321125,
                    0.9958893060684204,
                    4.014557838439941
                ],
                [
                    0.0,
                    0.9999857544898987,
                    -0.005337676964700222,
                    -0.021516861394047737
                ],
                [
                    0.0,
                    0.0,
                    0.0,
                    1.0
                ]
            ]
        },
        {
            "file_path": "/data/shapenet_blender/all_50_random/02958343/133b51a2dcecd83c7c3c6f82a395b347/r_8",
            "rotation": 0.12566370614359174,
            "transform_matrix": [
                [
                    -0.9999427795410156,
                    0.0007487753173336387,
                    0.010677148588001728,
                    0.043040961027145386
                ],
                [
                    0.010703371837735176,
                    0.06995294243097305,
                    0.9974928498268127,
                    4.021022319793701
                ],
                [
                    0.0,
                    0.9975498914718628,
                    -0.0699569582939148,
                    -0.28200551867485046
                ],
                [
                    0.0,
                    0.0,
                    0.0,
                    1.0
                ]
            ]
        },
        {
            "file_path": "/data/shapenet_blender/all_50_random/02958343/133b51a2dcecd83c7c3c6f82a395b347/r_9",
            "rotation": 0.12566370614359174,
            "transform_matrix": [
                [
                    -0.6955593228340149,
                    0.5847465395927429,
                    0.41745510697364807,
                    1.6828153133392334
                ],
                [
                    0.7184687256813049,
                    0.56610107421875,
                    0.40414395928382874,
                    1.6291563510894775
                ],
                [
                    0.0,
                    0.5810344219207764,
                    -0.8138789534568787,
                    -3.280850887298584
                ],
                [
                    0.0,
                    0.0,
                    0.0,
                    1.0
                ]
            ]
        },
        {
            "file_path": "/data/shapenet_blender/all_50_random/02958343/133b51a2dcecd83c7c3c6f82a395b347/r_10",
            "rotation": 0.12566370614359174,
            "transform_matrix": [
                [
                    0.7734448313713074,
                    -0.046197570860385895,
                    -0.6321779489517212,
                    -2.5483906269073486
                ],
                [
                    -0.633863627910614,
                    -0.05637059733271599,
                    -0.7713879346847534,
                    -3.1095638275146484
                ],
                [
                    0.0,
                    0.9973404407501221,
                    -0.0728825256228447,
                    -0.2937988340854645
                ],
                [
                    0.0,
                    0.0,
                    0.0,
                    1.0
                ]
            ]
        },
        {
            "file_path": "/data/shapenet_blender/all_50_random/02958343/133b51a2dcecd83c7c3c6f82a395b347/r_11",
            "rotation": 0.12566370614359174,
            "transform_matrix": [
                [
                    0.397368460893631,
                    -0.11781106144189835,
                    0.9100652933120728,
                    3.668590545654297
                ],
                [
                    0.9176591634750366,
                    0.05101501941680908,
                    -0.39408013224601746,
                    -1.5885878801345825
                ],
                [
                    0.0,
                    0.9917247891426086,
                    0.12838216125965118,
                    0.5175250172615051
                ],
                [
                    0.0,
                    0.0,
                    0.0,
                    1.0
                ]
            ]
        },
        {
            "file_path": "/data/shapenet_blender/all_50_random/02958343/133b51a2dcecd83c7c3c6f82a395b347/r_12",
            "rotation": 0.12566370614359174,
            "transform_matrix": [
                [
                    0.4182833135128021,
                    -0.42258554697036743,
                    -0.8040276169776917,
                    -3.2411389350891113
                ],
                [
                    -0.9083165526390076,
                    -0.19460231065750122,
                    -0.3702578544616699,
                    -1.4925570487976074
                ],
                [
                    -1.4901160305669237e-08,
                    0.8851842880249023,
                    -0.4652404189109802,
                    -1.8754440546035767
                ],
                [
                    0.0,
                    0.0,
                    0.0,
                    1.0
                ]
            ]
        },
        {
            "file_path": "/data/shapenet_blender/all_50_random/02958343/133b51a2dcecd83c7c3c6f82a395b347/r_13",
            "rotation": 0.12566370614359174,
            "transform_matrix": [
                [
                    0.31271618604660034,
                    -0.04310118034482002,
                    0.9488682150840759,
                    3.825010061264038
                ],
                [
                    0.9498466849327087,
                    0.01419011875987053,
                    -0.31239405274391174,
                    -1.259300708770752
                ],
                [
                    0.0,
                    0.9989697933197021,
                    0.04537699371576309,
                    0.18292051553726196
                ],
                [
                    0.0,
                    0.0,
                    0.0,
                    1.0
                ]
            ]
        },
        {
            "file_path": "/data/shapenet_blender/all_50_random/02958343/133b51a2dcecd83c7c3c6f82a395b347/r_14",
            "rotation": 0.12566370614359174,
            "transform_matrix": [
                [
                    0.673760175704956,
                    0.011566665023565292,
                    0.7388594746589661,
                    2.978437900543213
                ],
                [
                    0.7389499545097351,
                    -0.010546260513365269,
                    -0.6736776828765869,
                    -2.715681552886963
                ],
                [
                    4.6566125955216364e-10,
                    0.999877393245697,
                    -0.015652839094400406,
                    -0.06309860944747925
                ],
                [
                    0.0,
                    0.0,
                    0.0,
                    1.0
                ]
            ]
        },
        {
            "file_path": "/data/shapenet_blender/all_50_random/02958343/133b51a2dcecd83c7c3c6f82a395b347/r_15",
            "rotation": 0.12566370614359174,
            "transform_matrix": [
                [
                    -0.9485719799995422,
                    -0.011663424782454967,
                    0.3163469135761261,
                    1.2752351760864258
                ],
                [
                    0.31656184792518616,
                    -0.03494924306869507,
                    0.9479278326034546,
                    3.8212192058563232
                ],
                [
                    0.0,
                    0.9993209838867188,
                    0.03684406727552414,
                    0.14852318167686462
                ],
                [
                    0.0,
                    0.0,
                    0.0,
                    1.0
                ]
            ]
        },
        {
            "file_path": "/data/shapenet_blender/all_50_random/02958343/133b51a2dcecd83c7c3c6f82a395b347/r_16",
            "rotation": 0.12566370614359174,
            "transform_matrix": [
                [
                    -0.5950029492378235,
                    0.057414114475250244,
                    0.8016701340675354,
                    3.231635808944702
                ],
                [
                    0.8037235736846924,
                    0.04250412806868553,
                    0.5934827923774719,
                    2.3924059867858887
                ],
                [
                    0.0,
                    0.9974452257156372,
                    -0.07143515348434448,
                    -0.2879643440246582
                ],
                [
                    0.0,
                    0.0,
                    0.0,
                    1.0
                ]
            ]
        },
        {
            "file_path": "/data/shapenet_blender/all_50_random/02958343/133b51a2dcecd83c7c3c6f82a395b347/r_17",
            "rotation": 0.12566370614359174,
            "transform_matrix": [
                [
                    0.9387831687927246,
                    0.2735055387020111,
                    -0.20947791635990143,
                    -0.8444324731826782
                ],
                [
                    -0.3445087671279907,
                    0.7452999949455261,
                    -0.5708253383636475,
                    -2.30107045173645
                ],
                [
                    0.0,
                    0.6080482006072998,
                    0.7939001321792603,
                    3.2003135681152344
                ],
                [
                    0.0,
                    0.0,
                    0.0,
                    1.0
                ]
            ]
        },
        {
            "file_path": "/data/shapenet_blender/all_50_random/02958343/133b51a2dcecd83c7c3c6f82a395b347/r_18",
            "rotation": 0.12566370614359174,
            "transform_matrix": [
                [
                    -0.9382991194725037,
                    -0.05333787947893143,
                    0.34168657660484314,
                    1.3773826360702515
                ],
                [
                    0.34582456946372986,
                    -0.14471755921840668,
                    0.9270718693733215,
                    3.7371461391448975
                ],
                [
                    3.7252896323280993e-09,
                    0.9880343675613403,
                    0.1542339324951172,
                    0.6217368841171265
                ],
                [
                    0.0,
                    0.0,
                    0.0,
                    1.0
                ]
            ]
        },
        {
            "file_path": "/data/shapenet_blender/all_50_random/02958343/133b51a2dcecd83c7c3c6f82a395b347/r_19",
            "rotation": 0.12566370614359174,
            "transform_matrix": [
                [
                    0.6885563731193542,
                    0.10610370337963104,
                    -0.717378556728363,
                    -2.891845703125
                ],
                [
                    -0.7251827716827393,
                    0.10074479132890701,
                    -0.6811463236808777,
                    -2.745788812637329
                ],
                [
                    7.450580596923828e-09,
                    0.9892383217811584,
                    0.14631304144859314,
                    0.5898067951202393
                ],
                [
                    0.0,
                    0.0,
                    0.0,
                    1.0
                ]
            ]
        },
        {
            "file_path": "/data/shapenet_blender/all_50_random/02958343/133b51a2dcecd83c7c3c6f82a395b347/r_20",
            "rotation": 0.12566370614359174,
            "transform_matrix": [
                [
                    -0.4772927463054657,
                    -0.4336135685443878,
                    -0.7643107771873474,
                    -3.0810353755950928
                ],
                [
                    -0.8787444829940796,
                    0.23551853001117706,
                    0.41513773798942566,
                    1.6734737157821655
                ],
                [
                    0.0,
                    0.8697760105133057,
                    -0.4934467375278473,
                    -1.989147424697876
                ],
                [
                    0.0,
                    0.0,
                    0.0,
                    1.0
                ]
            ]
        },
        {
            "file_path": "/data/shapenet_blender/all_50_random/02958343/133b51a2dcecd83c7c3c6f82a395b347/r_21",
            "rotation": 0.12566370614359174,
            "transform_matrix": [
                [
                    -0.3531367778778076,
                    0.37673163414001465,
                    -0.8563688397407532,
                    -3.4521334171295166
                ],
                [
                    -0.9355716705322266,
                    -0.14219947159290314,
                    0.3232412338256836,
                    1.3030272722244263
                ],
                [
                    7.450580152834618e-09,
                    0.9153429269790649,
                    0.40267524123191833,
                    1.6232359409332275
                ],
                [
                    0.0,
                    0.0,
                    0.0,
                    1.0
                ]
            ]
        },
        {
            "file_path": "/data/shapenet_blender/all_50_random/02958343/133b51a2dcecd83c7c3c6f82a395b347/r_22",
            "rotation": 0.12566370614359174,
            "transform_matrix": [
                [
                    -0.9972702264785767,
                    0.04001602157950401,
                    0.06205571070313454,
                    0.250154584646225
                ],
                [
                    0.0738389790058136,
                    0.5404569506645203,
                    0.8381253480911255,
                    3.378591537475586
                ],
                [
                    3.725290298461914e-09,
                    0.840419590473175,
                    -0.5419362783432007,
                    -2.184615135192871
                ],
                [
                    0.0,
                    0.0,
                    0.0,
                    1.0
                ]
            ]
        },
        {
            "file_path": "/data/shapenet_blender/all_50_random/02958343/133b51a2dcecd83c7c3c6f82a395b347/r_23",
            "rotation": 0.12566370614359174,
            "transform_matrix": [
                [
                    -0.30349281430244446,
                    -0.877061128616333,
                    -0.37236514687538147,
                    -1.501051902770996
                ],
                [
                    -0.9528337717056274,
                    0.27935799956321716,
                    0.11860425770282745,
                    0.47810906171798706
                ],
                [
                    7.450580596923828e-09,
                    0.39079761505126953,
                    -0.9204766154289246,
                    -3.710559844970703
                ],
                [
                    0.0,
                    0.0,
                    0.0,
                    1.0
                ]
            ]
        },
        {
            "file_path": "/data/shapenet_blender/all_50_random/02958343/133b51a2dcecd83c7c3c6f82a395b347/r_24",
            "rotation": 0.12566370614359174,
            "transform_matrix": [
                [
                    0.8844342231750488,
                    0.3053297996520996,
                    0.3529161512851715,
                    1.4226505756378174
                ],
                [
                    0.4666648805141449,
                    -0.5786681175231934,
                    -0.6688549518585205,
                    -2.6962409019470215
                ],
                [
                    -2.9802322387695312e-08,
                    0.7562519311904907,
                    -0.6542804837226868,
                    -2.6374893188476562
                ],
                [
                    0.0,
                    0.0,
                    0.0,
                    1.0
                ]
            ]
        },
        {
            "file_path": "/data/shapenet_blender/all_50_random/02958343/133b51a2dcecd83c7c3c6f82a395b347/r_25",
            "rotation": 0.12566370614359174,
            "transform_matrix": [
                [
                    0.7982892990112305,
                    -0.20581968128681183,
                    0.5660145282745361,
                    2.281677484512329
                ],
                [
                    0.6022741198539734,
                    0.27280542254447937,
                    -0.7502287030220032,
                    -3.024268627166748
                ],
                [
                    0.0,
                    0.9397954940795898,
                    0.3417374789714813,
                    1.3775877952575684
                ],
                [
                    0.0,
                    0.0,
                    0.0,
                    1.0
                ]
            ]
        },
        {
            "file_path": "/data/shapenet_blender/all_50_random/02958343/133b51a2dcecd83c7c3c6f82a395b347/r_26",
            "rotation": 0.12566370614359174,
            "transform_matrix": [
                [
                    -0.8388659358024597,
                    -0.054669830948114395,
                    -0.5415856838226318,
                    -2.183201789855957
                ],
                [
                    -0.5443378686904907,
                    0.08425034582614899,
                    0.8346245288848877,
                    3.364478826522827
                ],
                [
                    0.0,
                    0.9949436783790588,
                    -0.10043363273143768,
                    -0.4048609137535095
                ],
                [
                    0.0,
                    0.0,
                    0.0,
                    1.0
                ]
            ]
        },
        {
            "file_path": "/data/shapenet_blender/all_50_random/02958343/133b51a2dcecd83c7c3c6f82a395b347/r_27",
            "rotation": 0.12566370614359174,
            "transform_matrix": [
                [
                    -0.4535219073295593,
                    -0.6824139952659607,
                    0.5732616186141968,
                    2.3108913898468018
                ],
                [
                    0.8912451267242432,
                    -0.3472554087638855,
                    0.2917117774486542,
                    1.175927758216858
                ],
                [
                    0.0,
                    0.643214225769043,
                    0.7656861543655396,
                    3.0865795612335205
                ],
                [
                    0.0,
                    0.0,
                    0.0,
                    1.0
                ]
            ]
        },
        {
            "file_path": "/data/shapenet_blender/all_50_random/02958343/133b51a2dcecd83c7c3c6f82a395b347/r_28",
            "rotation": 0.12566370614359174,
            "transform_matrix": [
                [
                    0.9883694052696228,
                    -0.006704126019030809,
                    0.15192441642284393,
                    0.6124269962310791
                ],
                [
                    0.15207228064537048,
                    0.04357239231467247,
                    -0.9874083399772644,
                    -3.9803707599639893
                ],
                [
                    0.0,
                    0.999027669429779,
                    0.044085126370191574,
                    0.1777128428220749
                ],
                [
                    0.0,
                    0.0,
                    0.0,
                    1.0
                ]
            ]
        },
        {
            "file_path": "/data/shapenet_blender/all_50_random/02958343/133b51a2dcecd83c7c3c6f82a395b347/r_29",
            "rotation": 0.12566370614359174,
            "transform_matrix": [
                [
                    -0.942131519317627,
                    -0.07811234146356583,
                    -0.32601630687713623,
                    -1.3142138719558716
                ],
                [
                    -0.33524346351623535,
                    0.21951836347579956,
                    0.9162005186080933,
                    3.6933226585388184
                ],
                [
                    -7.450580596923828e-09,
                    0.9724761843681335,
                    -0.23300182819366455,
                    -0.9392604827880859
                ],
                [
                    0.0,
                    0.0,
                    0.0,
                    1.0
                ]
            ]
        },
        {
            "file_path": "/data/shapenet_blender/all_50_random/02958343/133b51a2dcecd83c7c3c6f82a395b347/r_30",
            "rotation": 0.12566370614359174,
            "transform_matrix": [
                [
                    0.9247869849205017,
                    0.1194758266210556,
                    0.36124029755592346,
                    1.4562063217163086
                ],
                [
                    0.38048529624938965,
                    -0.2903915047645569,
                    -0.878011167049408,
                    -3.5393764972686768
                ],
                [
                    0.0,
                    0.9494199752807617,
                    -0.31400904059410095,
                    -1.2658110857009888
                ],
                [
                    0.0,
                    0.0,
                    0.0,
                    1.0
                ]
            ]
        },
        {
            "file_path": "/data/shapenet_blender/all_50_random/02958343/133b51a2dcecd83c7c3c6f82a395b347/r_31",
            "rotation": 0.12566370614359174,
            "transform_matrix": [
                [
                    -0.5892007946968079,
                    -0.5978980660438538,
                    -0.543470561504364,
                    -2.190800189971924
                ],
                [
                    -0.8079867362976074,
                    0.4359997808933258,
                    0.39631012082099915,
                    1.5975773334503174
                ],
                [
                    -1.4901162970204496e-08,
                    0.6726232767105103,
                    -0.7399849891662598,
                    -2.9829752445220947
                ],
                [
                    0.0,
                    0.0,
                    0.0,
                    1.0
                ]
            ]
        },
        {
            "file_path": "/data/shapenet_blender/all_50_random/02958343/133b51a2dcecd83c7c3c6f82a395b347/r_32",
            "rotation": 0.12566370614359174,
            "transform_matrix": [
                [
                    -0.8032996654510498,
                    0.0842064619064331,
                    -0.5895922780036926,
                    -2.3767220973968506
                ],
                [
                    -0.5955751538276672,
                    -0.11357596516609192,
                    0.7952300906181335,
                    3.205674648284912
                ],
                [
                    0.0,
                    0.9899544715881348,
                    0.14138682186603546,
                    0.5699484348297119
                ],
                [
                    0.0,
                    0.0,
                    0.0,
                    1.0
                ]
            ]
        },
        {
            "file_path": "/data/shapenet_blender/all_50_random/02958343/133b51a2dcecd83c7c3c6f82a395b347/r_33",
            "rotation": 0.12566370614359174,
            "transform_matrix": [
                [
                    0.7427045702934265,
                    -0.5727254152297974,
                    -0.3469516336917877,
                    -1.398606777191162
                ],
                [
                    -0.6696192026138306,
                    -0.6352353692054749,
                    -0.38481953740119934,
                    -1.5512571334838867
                ],
                [
                    -2.980232594040899e-08,
                    0.5181326866149902,
                    -0.8553001880645752,
                    -3.4478254318237305
                ],
                [
                    0.0,
                    0.0,
                    0.0,
                    1.0
                ]
            ]
        },
        {
            "file_path": "/data/shapenet_blender/all_50_random/02958343/133b51a2dcecd83c7c3c6f82a395b347/r_34",
            "rotation": 0.12566370614359174,
            "transform_matrix": [
                [
                    -0.30903202295303345,
                    -0.6598726511001587,
                    0.684884786605835,
                    2.7608587741851807
                ],
                [
                    0.951051652431488,
                    -0.21441715955734253,
                    0.22254452109336853,
                    0.8971056342124939
                ],
                [
                    1.4901161193847656e-08,
                    0.7201340794563293,
                    0.6938347816467285,
                    2.7969374656677246
                ],
                [
                    0.0,
                    0.0,
                    0.0,
                    1.0
                ]
            ]
        },
        {
            "file_path": "/data/shapenet_blender/all_50_random/02958343/133b51a2dcecd83c7c3c6f82a395b347/r_35",
            "rotation": 0.12566370614359174,
            "transform_matrix": [
                [
                    0.7099737524986267,
                    -0.12202010303735733,
                    -0.6935763955116272,
                    -2.795896053314209
                ],
                [
                    -0.7042280435562134,
                    -0.12301565706729889,
                    -0.699235200881958,
                    -2.8187074661254883
                ],
                [
                    -7.4505792646561986e-09,
                    0.9848748445510864,
                    -0.17326784133911133,
                    -0.6984650492668152
                ],
                [
                    0.0,
                    0.0,
                    0.0,
                    1.0
                ]
            ]
        },
        {
            "file_path": "/data/shapenet_blender/all_50_random/02958343/133b51a2dcecd83c7c3c6f82a395b347/r_36",
            "rotation": 0.12566370614359174,
            "transform_matrix": [
                [
                    0.0599062517285347,
                    -0.05138258635997772,
                    -0.9968806505203247,
                    -4.018554210662842
                ],
                [
                    -0.9982039928436279,
                    -0.0030836763326078653,
                    -0.05982683226466179,
                    -0.24116966128349304
                ],
                [
                    2.3283062977608182e-10,
                    0.9986743330955505,
                    -0.05147503316402435,
                    -0.20750248432159424
                ],
                [
                    0.0,
                    0.0,
                    0.0,
                    1.0
                ]
            ]
        },
        {
            "file_path": "/data/shapenet_blender/all_50_random/02958343/133b51a2dcecd83c7c3c6f82a395b347/r_37",
            "rotation": 0.12566370614359174,
            "transform_matrix": [
                [
                    -0.8356385827064514,
                    -0.2951796352863312,
                    -0.4632245898246765,
                    -1.867318034172058
                ],
                [
                    -0.549279510974884,
                    0.4490673542022705,
                    0.704720139503479,
                    2.84081768989563
                ],
                [
                    1.4901160305669237e-08,
                    0.8433311581611633,
                    -0.5373941659927368,
                    -2.1663050651550293
                ],
                [
                    0.0,
                    0.0,
                    0.0,
                    1.0
                ]
            ]
        },
        {
            "file_path": "/data/shapenet_blender/all_50_random/02958343/133b51a2dcecd83c7c3c6f82a395b347/r_38",
            "rotation": 0.12566370614359174,
            "transform_matrix": [
                [
                    0.9619566202163696,
                    0.17998868227005005,
                    0.20553244650363922,
                    0.8285278081893921
                ],
                [
                    0.2732023596763611,
                    -0.6337474584579468,
                    -0.7236881256103516,
                    -2.9172801971435547
                ],
                [
                    0.0,
                    0.7523084878921509,
                    -0.6588109135627747,
                    -2.6557517051696777
                ],
                [
                    0.0,
                    0.0,
                    0.0,
                    1.0
                ]
            ]
        },
        {
            "file_path": "/data/shapenet_blender/all_50_random/02958343/133b51a2dcecd83c7c3c6f82a395b347/r_39",
            "rotation": 0.12566370614359174,
            "transform_matrix": [
                [
                    0.7231127619743347,
                    0.3500119149684906,
                    0.595482587814331,
                    2.4004673957824707
                ],
                [
                    0.6907300353050232,
                    -0.3664211332798004,
                    -0.6233999133110046,
                    -2.5130057334899902
                ],
                [
                    1.4901162970204496e-08,
                    0.8621061444282532,
                    -0.5067275166511536,
                    -2.042684316635132
                ],
                [
                    0.0,
                    0.0,
                    0.0,
                    1.0
                ]
            ]
        },
        {
            "file_path": "/data/shapenet_blender/all_50_random/02958343/133b51a2dcecd83c7c3c6f82a395b347/r_40",
            "rotation": 0.12566370614359174,
            "transform_matrix": [
                [
                    0.15682964026927948,
                    0.5246061086654663,
                    -0.8367752432823181,
                    -3.3731489181518555
                ],
                [
                    -0.9876257181167603,
                    0.08330462872982025,
                    -0.13287539780139923,
                    -0.5356378555297852
                ],
                [
                    7.450581485102248e-09,
                    0.8472594022750854,
                    0.5311791300773621,
                    2.141251564025879
                ],
                [
                    0.0,
                    0.0,
                    0.0,
                    1.0
                ]
            ]
        },
        {
            "file_path": "/data/shapenet_blender/all_50_random/02958343/133b51a2dcecd83c7c3c6f82a395b347/r_41",
            "rotation": 0.12566370614359174,
            "transform_matrix": [
                [
                    0.7188741564750671,
                    -0.5229669213294983,
                    -0.4579579532146454,
                    -1.8460875749588013
                ],
                [
                    -0.6951403021812439,
                    -0.5408223867416382,
                    -0.4735938012599945,
