{
    "class": "02958343",
    "model": "cd5223d35c9cf611ea7efa739175072",
    "remove_doubles": true,
    "edge_split": true,
    "denoise": true,
    "camera_angle_x": 0.6911112070083618,
    "scale_factor": 2.1750407531297653,
    "hdri_file": "/data/IndoorHDRDataset2018/9C4A0792-5b369124ba.exr",
    "center_offset": [
        0.0,
        0.0,
        -1.0477378964424133e-09
    ],
    "lights": [],
    "frames": [
        {
            "file_path": "/data/shapenet_blender/all_50_random/02958343/cd5223d35c9cf611ea7efa739175072/r_0",
            "rotation": 0.12566370614359174,
            "transform_matrix": [
                [
                    -0.9490149021148682,
                    -0.11245537549257278,
                    0.2944903075695038,
                    1.1871284246444702
                ],
                [
                    0.3152312636375427,
                    -0.338550865650177,
                    0.8865734934806824,
                    3.573892116546631
                ],
                [
                    0.0,
                    0.9342039823532104,
                    0.35673925280570984,
                    1.4380619525909424
                ],
                [
                    0.0,
                    0.0,
                    0.0,
                    1.0
                ]
            ]
        },
        {
            "file_path": "/data/shapenet_blender/all_50_random/02958343/cd5223d35c9cf611ea7efa739175072/r_1",
            "rotation": 0.12566370614359174,
            "transform_matrix": [
                [
                    -0.5084902048110962,
                    -0.03817164897918701,
                    -0.860221266746521,
                    -3.467662811279297
                ],
                [
                    -0.8610677123069763,
                    0.022541677579283714,
                    0.5079903602600098,
                    2.04777455329895
                ],
                [
                    1.8626450382086546e-09,
                    0.9990169405937195,
                    -0.044330596923828125,
                    -0.17870235443115234
                ],
                [
                    0.0,
                    0.0,
                    0.0,
                    1.0
                ]
            ]
        },
        {
            "file_path": "/data/shapenet_blender/all_50_random/02958343/cd5223d35c9cf611ea7efa739175072/r_2",
            "rotation": 0.12566370614359174,
            "transform_matrix": [
                [
                    -0.8286219835281372,
                    0.41293007135391235,
                    -0.3779872953891754,
                    -1.5237154960632324
                ],
                [
                    -0.5598085522651672,
                    -0.6112141609191895,
                    0.559492290019989,
                    2.255385637283325
                ],
                [
                    0.0,
                    0.6752080917358398,
                    0.7376272678375244,
                    2.973470687866211
                ],
                [
                    0.0,
                    0.0,
                    0.0,
                    1.0
                ]
            ]
        },
        {
            "file_path": "/data/shapenet_blender/all_50_random/02958343/cd5223d35c9cf611ea7efa739175072/r_3",
            "rotation": 0.12566370614359174,
            "transform_matrix": [
                [
                    -0.2246304601430893,
                    0.3618856370449066,
                    0.9047539830207825,
                    3.6471803188323975
                ],
                [
                    0.9744440317153931,
                    0.0834224745631218,
                    0.2085653841495514,
                    0.8407540321350098
                ],
                [
                    7.450580596923828e-09,
                    0.9284823536872864,
                    -0.37137648463249207,
                    -1.497066617012024
                ],
                [
                    0.0,
                    0.0,
                    0.0,
                    1.0
                ]
            ]
        },
        {
            "file_path": "/data/shapenet_blender/all_50_random/02958343/cd5223d35c9cf611ea7efa739175072/r_4",
            "rotation": 0.12566370614359174,
            "transform_matrix": [
                [
                    -0.8350827693939209,
                    0.35949766635894775,
                    0.4164111614227295,
                    1.6786072254180908
                ],
                [
                    0.55012446641922,
                    0.545713484287262,
                    0.6321074962615967,
                    2.548107147216797
                ],
                [
                    -1.4901162970204496e-08,
                    0.7569400072097778,
                    -0.6534842252731323,
                    -2.634279489517212
                ],
                [
                    0.0,
                    0.0,
                    0.0,
                    1.0
                ]
            ]
        },
        {
            "file_path": "/data/shapenet_blender/all_50_random/02958343/cd5223d35c9cf611ea7efa739175072/r_5",
            "rotation": 0.12566370614359174,
            "transform_matrix": [
                [
                    -0.4490019381046295,
                    -0.005496550351381302,
                    0.8935138583183289,
                    3.601869583129883
                ],
                [
                    0.8935307860374451,
                    -0.0027620333712548018,
                    0.448993444442749,
                    1.8099504709243774
                ],
                [
                    0.0,
                    0.9999811053276062,
                    0.006151495035737753,
                    0.0247974693775177
                ],
                [
                    0.0,
                    0.0,
                    0.0,
                    1.0
                ]
            ]
        },
        {
            "file_path": "/data/shapenet_blender/all_50_random/02958343/cd5223d35c9cf611ea7efa739175072/r_6",
            "rotation": 0.12566370614359174,
            "transform_matrix": [
                [
                    -0.7555028200149536,
                    -0.08999566733837128,
                    -0.6489347219467163,
                    -2.6159396171569824
                ],
                [
                    -0.6551454663276672,
                    0.10378149896860123,
                    0.7483406662940979,
                    3.016657829284668
                ],
                [
                    0.0,
                    0.990520179271698,
                    -0.13736744225025177,
                    -0.5537458658218384
                ],
                [
                    0.0,
                    0.0,
                    0.0,
                    1.0
                ]
            ]
        },
        {
            "file_path": "/data/shapenet_blender/all_50_random/02958343/cd5223d35c9cf611ea7efa739175072/r_7",
            "rotation": 0.12566370614359174,
            "transform_matrix": [
                [
                    -0.3178946375846863,
                    -0.7679005861282349,
                    -0.5561218857765198,
                    -2.2417991161346436
                ],
                [
                    -0.9481260180473328,
                    0.2574673295021057,
                    0.18646062910556793,
                    0.7516468167304993
                ],
                [
                    0.0,
                    0.5865484476089478,
                    -0.8099140524864197,
                    -3.2648680210113525
                ],
                [
                    0.0,
                    0.0,
                    0.0,
                    1.0
                ]
            ]
        },
        {
            "file_path": "/data/shapenet_blender/all_50_random/02958343/cd5223d35c9cf611ea7efa739175072/r_8",
            "rotation": 0.12566370614359174,
            "transform_matrix": [
                [
                    0.9937901496887207,
                    -0.04196188598871231,
                    0.10305601358413696,
                    0.41543206572532654
                ],
                [
                    0.11127150058746338,
                    0.3747708201408386,
                    -0.9204158782958984,
                    -3.710314989089966
                ],
                [
                    -3.725290742551124e-09,
                    0.9261673092842102,
                    0.3771127164363861,
                    1.520189881324768
                ],
                [
                    0.0,
                    0.0,
                    0.0,
                    1.0
                ]
            ]
        },
        {
            "file_path": "/data/shapenet_blender/all_50_random/02958343/cd5223d35c9cf611ea7efa739175072/r_9",
            "rotation": 0.12566370614359174,
            "transform_matrix": [
                [
                    0.9998722076416016,
                    0.0006654479075223207,
                    -0.0159746203571558,
                    -0.06439575552940369
                ],
                [
                    -0.01598847284913063,
                    0.04161515459418297,
                    -0.9990057945251465,
                    -4.027121067047119
                ],
                [
                    0.0,
                    0.9991334676742554,
                    0.04162047430872917,
                    0.16777749359607697
                ],
                [
                    0.0,
                    0.0,
                    0.0,
                    1.0
                ]
            ]
        },
        {
            "file_path": "/data/shapenet_blender/all_50_random/02958343/cd5223d35c9cf611ea7efa739175072/r_10",
            "rotation": 0.12566370614359174,
            "transform_matrix": [
                [
                    0.5058832764625549,
                    0.32371535897254944,
                    0.7995564341545105,
                    3.2231149673461914
                ],
                [
                    0.8626019358634949,
                    -0.18984676897525787,
                    -0.46890947222709656,
                    -1.8902345895767212
                ],
                [
                    0.0,
                    0.9269123077392578,
                    -0.3752778172492981,
                    -1.5127933025360107
                ],
                [
                    0.0,
                    0.0,
                    0.0,
                    1.0
                ]
            ]
        },
        {
            "file_path": "/data/shapenet_blender/all_50_random/02958343/cd5223d35c9cf611ea7efa739175072/r_11",
            "rotation": 0.12566370614359174,
            "transform_matrix": [
                [
                    0.7846075892448425,
                    0.25307998061180115,
                    0.5659870505332947,
                    2.281567096710205
                ],
                [
                    0.6199925541877747,
                    -0.32027554512023926,
                    -0.716262936592102,
                    -2.8873484134674072
                ],
                [
                    0.0,
                    0.9128931760787964,
                    -0.40819835662841797,
                    -1.6455003023147583
                ],
                [
                    0.0,
                    0.0,
                    0.0,
                    1.0
                ]
            ]
        },
        {
            "file_path": "/data/shapenet_blender/all_50_random/02958343/cd5223d35c9cf611ea7efa739175072/r_12",
            "rotation": 0.12566370614359174,
            "transform_matrix": [
                [
                    0.7672592997550964,
                    -0.44500887393951416,
                    0.46182262897491455,
                    1.8616666793823242
                ],
                [
                    0.6413369178771973,
                    0.5323834419250488,
                    -0.552498459815979,
                    -2.2271928787231445
                ],
                [
                    0.0,
                    0.7200936675071716,
                    0.6938768029212952,
                    2.797107219696045
                ],
                [
                    0.0,
                    0.0,
                    0.0,
                    1.0
                ]
            ]
        },
        {
            "file_path": "/data/shapenet_blender/all_50_random/02958343/cd5223d35c9cf611ea7efa739175072/r_13",
            "rotation": 0.12566370614359174,
            "transform_matrix": [
                [
                    0.8711844682693481,
                    -0.11570335924625397,
                    0.47712722420692444,
                    1.9233615398406982
                ],
                [
                    0.4909559190273285,
                    0.2053116410970688,
                    -0.8466458916664124,
                    -3.4129390716552734
                ],
                [
                    0.0,
                    0.9718332290649414,
                    0.23566953837871552,
                    0.9500143527984619
                ],
                [
                    0.0,
                    0.0,
                    0.0,
                    1.0
                ]
            ]
        },
        {
            "file_path": "/data/shapenet_blender/all_50_random/02958343/cd5223d35c9cf611ea7efa739175072/r_14",
            "rotation": 0.12566370614359174,
            "transform_matrix": [
                [
                    0.6637910008430481,
                    0.012718528509140015,
                    -0.747809886932373,
                    -3.0145182609558105
                ],
                [
                    -0.7479181289672852,
                    0.011287927627563477,
                    -0.6636949777603149,
                    -2.6754403114318848
                ],
                [
                    0.0,
                    0.9998554587364197,
                    0.01700523868203163,
                    0.06855031847953796
                ],
                [
                    0.0,
                    0.0,
                    0.0,
                    1.0
                ]
            ]
        },
        {
            "file_path": "/data/shapenet_blender/all_50_random/02958343/cd5223d35c9cf611ea7efa739175072/r_15",
            "rotation": 0.12566370614359174,
            "transform_matrix": [
                [
                    0.674913227558136,
                    0.6677564382553101,
                    -0.3139958381652832,
                    -1.2657577991485596
                ],
                [
                    -0.7378971576690674,
                    0.610759437084198,
                    -0.2871944308280945,
                    -1.1577179431915283
                ],
                [
                    0.0,
                    0.42552798986434937,
                    0.9049451947212219,
                    3.6479508876800537
                ],
                [
                    0.0,
                    0.0,
                    0.0,
                    1.0
                ]
            ]
        },
        {
            "file_path": "/data/shapenet_blender/all_50_random/02958343/cd5223d35c9cf611ea7efa739175072/r_16",
            "rotation": 0.12566370614359174,
            "transform_matrix": [
                [
                    0.9612078666687012,
                    -0.03290264308452606,
                    0.2738554775714874,
                    1.1039466857910156
                ],
                [
                    0.27582496404647827,
                    0.11466070264577866,
                    -0.9543445706367493,
                    -3.847085952758789
                ],
                [
                    -3.725290298461914e-09,
                    0.9928596019744873,
                    0.11928816139698029,
                    0.4808659553527832
                ],
                [
                    0.0,
                    0.0,
                    0.0,
                    1.0
                ]
            ]
        },
        {
            "file_path": "/data/shapenet_blender/all_50_random/02958343/cd5223d35c9cf611ea7efa739175072/r_17",
            "rotation": 0.12566370614359174,
            "transform_matrix": [
                [
                    0.6252303719520569,
                    0.7801669239997864,
                    0.020651880651712418,
                    0.08325040340423584
                ],
                [
                    0.7804403901100159,
                    -0.6250113844871521,
                    -0.01654474064707756,
                    -0.0666939914226532
                ],
                [
                    9.31322685637781e-10,
                    0.02646208554506302,
                    -0.9996497631072998,
                    -4.029717445373535
                ],
                [
                    0.0,
                    0.0,
                    0.0,
                    1.0
                ]
            ]
        },
        {
            "file_path": "/data/shapenet_blender/all_50_random/02958343/cd5223d35c9cf611ea7efa739175072/r_18",
            "rotation": 0.12566370614359174,
            "transform_matrix": [
                [
                    -0.8953647613525391,
                    -0.019590308889746666,
                    0.44490236043930054,
                    1.7934588193893433
                ],
                [
                    0.44533348083496094,
                    -0.03938727825880051,
                    0.8944980502128601,
                    3.605836868286133
                ],
                [
                    0.0,
                    0.9990319013595581,
                    0.043990205973386765,
                    0.17733019590377808
                ],
                [
                    0.0,
                    0.0,
                    0.0,
                    1.0
                ]
            ]
        },
        {
            "file_path": "/data/shapenet_blender/all_50_random/02958343/cd5223d35c9cf611ea7efa739175072/r_19",
            "rotation": 0.12566370614359174,
            "transform_matrix": [
                [
                    0.9188776016235352,
                    0.3721640408039093,
                    0.13098809123039246,
                    0.5280299186706543
                ],
                [
                    0.3945428133010864,
                    -0.8667582273483276,
                    -0.3050670921802521,
                    -1.2297649383544922
                ],
                [
                    0.0,
                    0.33199965953826904,
                    -0.9432793259620667,
                    -3.802481174468994
                ],
                [
                    0.0,
                    0.0,
                    0.0,
                    1.0
                ]
            ]
        },
        {
            "file_path": "/data/shapenet_blender/all_50_random/02958343/cd5223d35c9cf611ea7efa739175072/r_20",
            "rotation": 0.12566370614359174,
            "transform_matrix": [
                [
                    -0.9683045148849487,
                    -0.09605354070663452,
                    0.23056480288505554,
                    0.929436445236206
                ],
                [
                    0.24977274239063263,
                    -0.37237483263015747,
                    0.8938403129577637,
                    3.6031856536865234
                ],
                [
                    0.0,
                    0.9230984449386597,
                    0.38456371426582336,
                    1.5502259731292725
                ],
                [
                    0.0,
                    0.0,
                    0.0,
                    1.0
                ]
            ]
        },
        {
            "file_path": "/data/shapenet_blender/all_50_random/02958343/cd5223d35c9cf611ea7efa739175072/r_21",
            "rotation": 0.12566370614359174,
            "transform_matrix": [
                [
                    0.9579537510871887,
                    -0.056029390543699265,
                    -0.2813992202281952,
                    -1.1343564987182617
                ],
                [
                    -0.28692305088043213,
                    -0.18706606328487396,
                    -0.939511239528656,
                    -3.7872910499572754
                ],
                [
                    -3.725290742551124e-09,
                    0.980748176574707,
                    -0.19527672231197357,
                    -0.7871856689453125
                ],
                [
                    0.0,
                    0.0,
                    0.0,
                    1.0
                ]
            ]
        },
        {
            "file_path": "/data/shapenet_blender/all_50_random/02958343/cd5223d35c9cf611ea7efa739175072/r_22",
            "rotation": 0.12566370614359174,
            "transform_matrix": [
                [
                    -0.849770188331604,
                    -0.019543031230568886,
                    0.5267907977104187,
                    2.1235616207122803
                ],
                [
                    0.5271531343460083,
                    -0.0315033420920372,
                    0.84918612241745,
                    3.4231786727905273
                ],
                [
                    0.0,
                    0.9993125200271606,
                    0.03707277774810791,
                    0.14944514632225037
                ],
                [
                    0.0,
                    0.0,
                    0.0,
                    1.0
                ]
            ]
        },
        {
            "file_path": "/data/shapenet_blender/all_50_random/02958343/cd5223d35c9cf611ea7efa739175072/r_23",
            "rotation": 0.12566370614359174,
            "transform_matrix": [
                [
                    0.3861823081970215,
                    0.501693844795227,
                    0.7740584015846252,
                    3.1203293800354004
                ],
                [
                    0.9224223494529724,
                    -0.2100396752357483,
                    -0.3240681290626526,
                    -1.3063604831695557
                ],
                [
                    0.0,
                    0.8391583561897278,
                    -0.543887197971344,
                    -2.1924796104431152
                ],
                [
                    0.0,
                    0.0,
                    0.0,
                    1.0
                ]
            ]
        },
        {
            "file_path": "/data/shapenet_blender/all_50_random/02958343/cd5223d35c9cf611ea7efa739175072/r_24",
            "rotation": 0.12566370614359174,
            "transform_matrix": [
                [
                    -0.6980901956558228,
                    -0.6338006258010864,
                    0.3331168591976166,
                    1.342836856842041
                ],
                [
                    0.716009795665741,
                    -0.6179384589195251,
                    0.3247799277305603,
                    1.3092296123504639
                ],
                [
                    -1.4901161193847656e-08,
                    0.465240478515625,
                    0.8851842880249023,
                    3.568291664123535
                ],
                [
                    0.0,
                    0.0,
                    0.0,
                    1.0
                ]
            ]
        },
        {
            "file_path": "/data/shapenet_blender/all_50_random/02958343/cd5223d35c9cf611ea7efa739175072/r_25",
            "rotation": 0.12566370614359174,
            "transform_matrix": [
                [
                    -0.9943652749061584,
                    0.003475043224170804,
                    0.10595101863145828,
                    0.4271022379398346
                ],
                [
                    0.10600799322128296,
                    0.03259623795747757,
                    0.9938308000564575,
                    4.006260395050049
                ],
                [
                    0.0,
                    0.9994624853134155,
                    -0.03278094902634621,
                    -0.1321442425251007
                ],
                [
                    0.0,
                    0.0,
                    0.0,
                    1.0
                ]
            ]
        },
        {
            "file_path": "/data/shapenet_blender/all_50_random/02958343/cd5223d35c9cf611ea7efa739175072/r_26",
            "rotation": 0.12566370614359174,
            "transform_matrix": [
                [
                    0.04385330528020859,
                    -0.3254365026950836,
                    0.9445463418960571,
                    3.8075883388519287
                ],
                [
                    0.9990379810333252,
                    0.014285209588706493,
                    -0.04146136716008186,
                    -0.16713613271713257
                ],
                [
                    9.313225746154785e-10,
                    0.9454559087753296,
                    0.32574987411499023,
                    1.3131399154663086
                ],
                [
                    0.0,
                    0.0,
                    0.0,
                    1.0
                ]
            ]
        },
        {
            "file_path": "/data/shapenet_blender/all_50_random/02958343/cd5223d35c9cf611ea7efa739175072/r_27",
            "rotation": 0.12566370614359174,
            "transform_matrix": [
                [
                    -0.9314351677894592,
                    0.19126684963703156,
                    0.3095890283584595,
                    1.2479933500289917
                ],
                [
                    0.3639070689678192,
                    0.4895554184913635,
                    0.7924058437347412,
                    3.1942901611328125
                ],
                [
                    -1.4901160305669237e-08,
                    0.8507364392280579,
                    -0.5255925059318542,
                    -2.1187312602996826
                ],
                [
                    0.0,
                    0.0,
                    0.0,
                    1.0
                ]
            ]
        },
        {
            "file_path": "/data/shapenet_blender/all_50_random/02958343/cd5223d35c9cf611ea7efa739175072/r_28",
            "rotation": 0.12566370614359174,
            "transform_matrix": [
                [
                    -0.7163677215576172,
                    -0.16445645689964294,
                    0.6780644059181213,
                    2.733365058898926
                ],
                [
                    0.6977229118347168,
                    -0.1688511222600937,
                    0.6961838603019714,
                    2.8064069747924805
                ],
                [
                    7.450581485102248e-09,
                    0.9718247056007385,
                    0.23570454120635986,
                    0.9501553773880005
                ],
                [
                    0.0,
                    0.0,
                    0.0,
                    1.0
                ]
            ]
        },
        {
            "file_path": "/data/shapenet_blender/all_50_random/02958343/cd5223d35c9cf611ea7efa739175072/r_29",
            "rotation": 0.12566370614359174,
            "transform_matrix": [
                [
                    0.41092348098754883,
                    -0.5854722261428833,
                    0.6988305449485779,
                    2.8170762062072754
                ],
                [
                    0.9116698503494263,
                    0.26389408111572266,
                    -0.3149888813495636,
                    -1.2697609663009644
                ],
                [
                    0.0,
                    0.7665391564369202,
                    0.6421975493431091,
                    2.5887813568115234
                ],
                [
                    0.0,
                    0.0,
                    0.0,
                    1.0
                ]
            ]
        },
        {
            "file_path": "/data/shapenet_blender/all_50_random/02958343/cd5223d35c9cf611ea7efa739175072/r_30",
            "rotation": 0.12566370614359174,
            "transform_matrix": [
                [
                    -0.6814526915550232,
                    -0.006931193172931671,
                    -0.7318293452262878,
                    -2.950098752975464
                ],
                [
                    -0.7318622469902039,
                    0.006453783251345158,
                    0.6814220547676086,
                    2.7469003200531006
                ],
                [
                    0.0,
                    0.9999552369117737,
                    -0.009470623917877674,
                    -0.038177311420440674
                ],
                [
                    0.0,
                    0.0,
                    0.0,
                    1.0
                ]
            ]
        },
        {
            "file_path": "/data/shapenet_blender/all_50_random/02958343/cd5223d35c9cf611ea7efa739175072/r_31",
            "rotation": 0.12566370614359174,
            "transform_matrix": [
                [
                    -0.000636787386611104,
                    -0.41992536187171936,
                    0.9075583815574646,
                    3.658484935760498
                ],
                [
                    0.9999998807907104,
                    -0.0002674032002687454,
                    0.0005779218045063317,
                    0.0023296773433685303
                ],
                [
                    0.0,
                    0.9075585007667542,
                    0.4199255108833313,
                    1.6927739381790161
                ],
                [
                    0.0,
                    0.0,
                    0.0,
                    1.0
                ]
            ]
        },
        {
            "file_path": "/data/shapenet_blender/all_50_random/02958343/cd5223d35c9cf611ea7efa739175072/r_32",
            "rotation": 0.12566370614359174,
            "transform_matrix": [
                [
                    -0.688823938369751,
                    -0.6162986159324646,
                    -0.381703644990921,
                    -1.5386966466903687
                ],
                [
                    -0.7249287366867065,
                    0.5856040716171265,
                    0.36269304156303406,
                    1.4620623588562012
                ],
                [
                    -1.4901162970204496e-08,
                    0.5265394449234009,
                    -0.8501506447792053,
                    -3.4270668029785156
                ],
                [
                    0.0,
                    0.0,
                    0.0,
                    1.0
                ]
            ]
        },
        {
            "file_path": "/data/shapenet_blender/all_50_random/02958343/cd5223d35c9cf611ea7efa739175072/r_33",
            "rotation": 0.12566370614359174,
            "transform_matrix": [
                [
                    -0.6584668755531311,
                    -0.036934323608875275,
                    0.7517028450965881,
                    3.0302112102508545
                ],
                [
                    0.7526096701622009,
                    -0.03231426328420639,
                    0.6576734781265259,
                    2.6511666774749756
                ],
                [
                    -1.862645149230957e-09,
                    0.9987950921058655,
                    0.04907499626278877,
                    0.19782763719558716
                ],
                [
                    0.0,
                    0.0,
                    0.0,
                    1.0
                ]
            ]
        },
        {
            "file_path": "/data/shapenet_blender/all_50_random/02958343/cd5223d35c9cf611ea7efa739175072/r_34",
            "rotation": 0.12566370614359174,
            "transform_matrix": [
                [
                    0.9988526105880737,
                    -0.01344706304371357,
                    0.04596545547246933,
                    0.18529269099235535
                ],
                [
                    0.04789204150438309,
                    0.2804565131664276,
                    -0.9586711525917053,
                    -3.8645272254943848
                ],
                [
                    0.0,
                    0.959772527217865,
                    0.2807786762714386,
                    1.1318551301956177
                ],
                [
                    0.0,
                    0.0,
                    0.0,
                    1.0
                ]
            ]
        },
        {
            "file_path": "/data/shapenet_blender/all_50_random/02958343/cd5223d35c9cf611ea7efa739175072/r_35",
            "rotation": 0.12566370614359174,
            "transform_matrix": [
                [
                    0.8436349630355835,
                    -0.07818058133125305,
                    0.5311947464942932,
                    2.1413145065307617
                ],
                [
                    0.5369172692298889,
                    0.12284179031848907,
                    -0.8346434831619263,
                    -3.3645553588867188
                ],
                [
                    0.0,
                    0.9893420338630676,
                    0.14561010897159576,
                    0.5869731307029724
                ],
                [
                    0.0,
                    0.0,
                    0.0,
                    1.0
                ]
            ]
        },
        {
            "file_path": "/data/shapenet_blender/all_50_random/02958343/cd5223d35c9cf611ea7efa739175072/r_36",
            "rotation": 0.12566370614359174,
            "transform_matrix": [
                [
                    -0.7052992582321167,
                    0.13709132373332977,
                    0.6955277919769287,
                    2.803762197494507
                ],
                [
                    0.7089096903800964,
                    0.13639311492443085,
                    0.6919854879379272,
                    2.789482831954956
                ],
                [
                    7.450580596923828e-09,
                    0.9811232089996338,
                    -0.1933833658695221,
                    -0.7795532941818237
                ],
                [
                    0.0,
                    0.0,
                    0.0,
                    1.0
                ]
            ]
        },
        {
            "file_path": "/data/shapenet_blender/all_50_random/02958343/cd5223d35c9cf611ea7efa739175072/r_37",
            "rotation": 0.12566370614359174,
            "transform_matrix": [
                [
                    -0.9355508685112,
                    0.003187492024153471,
                    -0.35317766666412354,
                    -1.423704743385315
                ],
                [
                    -0.3531920611858368,
                    -0.00844317115843296,
                    0.9355127215385437,
                    3.771172285079956
                ],
                [
                    -2.3283064365386963e-10,
                    0.9999592900276184,
                    0.009024811908602715,
                    0.03638017922639847
                ],
                [
                    0.0,
                    0.0,
                    0.0,
                    1.0
                ]
            ]
        },
        {
            "file_path": "/data/shapenet_blender/all_50_random/02958343/cd5223d35c9cf611ea7efa739175072/r_38",
            "rotation": 0.12566370614359174,
            "transform_matrix": [
                [
                    0.9996659755706787,
                    0.005180864129215479,
                    0.02532094530761242,
                    0.10207200050354004
                ],
                [
                    0.025845536962151527,
                    -0.20038792490959167,
                    -0.9793756008148193,
                    -3.9479894638061523
                ],
                [
                    0.0,
                    0.9797028303146362,
                    -0.20045489072799683,
                    -0.808059573173523
                ],
                [
                    0.0,
                    0.0,
                    0.0,
                    1.0
                ]
            ]
        },
        {
            "file_path": "/data/shapenet_blender/all_50_random/02958343/cd5223d35c9cf611ea7efa739175072/r_39",
            "rotation": 0.12566370614359174,
            "transform_matrix": [
                [
                    -0.30939629673957825,
                    0.03689073771238327,
                    -0.9502173662185669,
                    -3.830448627471924
                ],
                [
                    -0.9509331583976746,
                    -0.012002797797322273,
                    0.3091634213924408,
                    1.2462775707244873
                ],
                [
                    0.0,
                    0.9992472529411316,
                    0.038794245570898056,
                    0.15638460218906403
                ],
                [
                    0.0,
                    0.0,
                    0.0,
                    1.0
                ]
            ]
        },
        {
            "file_path": "/data/shapenet_blender/all_50_random/02958343/cd5223d35c9cf611ea7efa739175072/r_40",
            "rotation": 0.12566370614359174,
            "transform_matrix": [
                [
                    -0.9887959361076355,
                    -0.10567335784435272,
                    0.10543178766965866,
                    0.4250091314315796
                ],
                [
                    0.14927399158477783,
                    -0.6999838948249817,
                    0.6983836889266968,
                    2.815274715423584
                ],
                [
                    7.450581485102248e-09,
                    0.7062970995903015,
                    0.7079154849052429,
                    2.853698492050171
                ],
                [
                    0.0,
                    0.0,
                    0.0,
                    1.0
                ]
            ]
        },
        {
            "file_path": "/data/shapenet_blender/all_50_random/02958343/cd5223d35c9cf611ea7efa739175072/r_41",
            "rotation": 0.12566370614359174,
            "transform_matrix": [
                [
                    0.5622344017028809,
                    -0.41208791732788086,
                    -0.7169908285140991,
                    -2.89028263092041
                ],
                [
                    -0.8269779086112976,
                    -0.2801646888256073,
                    -0.48745793104171753,
                    -1.965005874633789
                ],
                [
                    0.0,
                    0.8670011758804321,
                    -0.4983058273792267,
