{
    "class": "02958343",
    "model": "2c8e9ff5fd58ff3fcd046ccc4d5c3da2",
    "remove_doubles": true,
    "edge_split": true,
    "denoise": true,
    "camera_angle_x": 0.6911112070083618,
    "scale_factor": 2.595963056317608,
    "hdri_file": "/data/IndoorHDRDataset2018/9C4A6943-ab654cb2a4.exr",
    "center_offset": [
        0.0,
        0.0,
        9.313225746154785e-10
    ],
    "lights": [],
    "frames": [
        {
            "file_path": "/data/shapenet_blender/all_50_random/02958343/2c8e9ff5fd58ff3fcd046ccc4d5c3da2/r_0",
            "rotation": 0.12566370614359174,
            "transform_matrix": [
                [
                    -0.8235300779342651,
                    -0.2598384916782379,
                    -0.5042638182640076,
                    -2.032752752304077
                ],
                [
                    -0.5672724843025208,
                    0.37721699476242065,
                    0.7320581674575806,
                    2.951021194458008
                ],
                [
                    0.0,
                    0.8889270424842834,
                    -0.4580487608909607,
                    -1.8464537858963013
                ],
                [
                    0.0,
                    0.0,
                    0.0,
                    1.0
                ]
            ]
        },
        {
            "file_path": "/data/shapenet_blender/all_50_random/02958343/2c8e9ff5fd58ff3fcd046ccc4d5c3da2/r_1",
            "rotation": 0.12566370614359174,
            "transform_matrix": [
                [
                    0.6121446490287781,
                    -0.2922305762767792,
                    0.734765350818634,
                    2.9619340896606445
                ],
                [
                    0.7907459139823914,
                    0.22622615098953247,
                    -0.5688081383705139,
                    -2.2929391860961914
                ],
                [
                    0.0,
                    0.9292054772377014,
                    0.3695632517337799,
                    1.4897571802139282
                ],
                [
                    0.0,
                    0.0,
                    0.0,
                    1.0
                ]
            ]
        },
        {
            "file_path": "/data/shapenet_blender/all_50_random/02958343/2c8e9ff5fd58ff3fcd046ccc4d5c3da2/r_2",
            "rotation": 0.12566370614359174,
            "transform_matrix": [
                [
                    -0.10181358456611633,
                    0.9037918448448181,
                    -0.4156852960586548,
                    -1.6756809949874878
                ],
                [
                    -0.9948034286499023,
                    -0.09249896556138992,
                    0.04254349321126938,
                    0.17149831354618073
                ],
                [
                    0.0,
                    0.41785672307014465,
                    0.9085129499435425,
                    3.662332773208618
                ],
                [
                    0.0,
                    0.0,
                    0.0,
                    1.0
                ]
            ]
        },
        {
            "file_path": "/data/shapenet_blender/all_50_random/02958343/2c8e9ff5fd58ff3fcd046ccc4d5c3da2/r_3",
            "rotation": 0.12566370614359174,
            "transform_matrix": [
                [
                    0.09375516325235367,
                    -0.11264738440513611,
                    0.9892019629478455,
                    3.987600564956665
                ],
                [
                    0.9955953359603882,
                    0.010607996955513954,
                    -0.09315308928489685,
                    -0.37551212310791016
                ],
                [
                    0.0,
                    0.993578314781189,
                    0.11314576864242554,
                    0.45610517263412476
                ],
                [
                    0.0,
                    0.0,
                    0.0,
                    1.0
                ]
            ]
        },
        {
            "file_path": "/data/shapenet_blender/all_50_random/02958343/2c8e9ff5fd58ff3fcd046ccc4d5c3da2/r_4",
            "rotation": 0.12566370614359174,
            "transform_matrix": [
                [
                    -0.046503081917762756,
                    0.1840694546699524,
                    0.981812596321106,
                    3.957812786102295
                ],
                [
                    0.9989181756973267,
                    0.008569066412746906,
                    0.04570675641298294,
                    0.18424980342388153
                ],
                [
                    0.0,
                    0.9828758239746094,
                    -0.18426883220672607,
                    -0.7428113222122192
                ],
                [
                    0.0,
                    0.0,
                    0.0,
                    1.0
                ]
            ]
        },
        {
            "file_path": "/data/shapenet_blender/all_50_random/02958343/2c8e9ff5fd58ff3fcd046ccc4d5c3da2/r_5",
            "rotation": 0.12566370614359174,
            "transform_matrix": [
                [
                    -0.4999111294746399,
                    -0.7838274240493774,
                    -0.3683794140815735,
                    -1.4849848747253418
                ],
                [
                    -0.866076648235321,
                    0.45243576169013977,
                    0.21263356506824493,
                    0.8571532964706421
                ],
                [
                    1.4901161193847656e-08,
                    0.4253426790237427,
                    -0.9050323367118835,
                    -3.6483020782470703
                ],
                [
                    0.0,
                    0.0,
                    0.0,
                    1.0
                ]
            ]
        },
        {
            "file_path": "/data/shapenet_blender/all_50_random/02958343/2c8e9ff5fd58ff3fcd046ccc4d5c3da2/r_6",
            "rotation": 0.12566370614359174,
            "transform_matrix": [
                [
                    -0.312985360622406,
                    -0.22936545312404633,
                    0.9216461777687073,
                    3.7152745723724365
                ],
                [
                    0.9497580528259277,
                    -0.07558559626340866,
                    0.3037213087081909,
                    1.2243397235870361
                ],
                [
                    0.0,
                    0.9704010486602783,
                    0.24149885773658752,
                    0.9735130071640015
                ],
                [
                    0.0,
                    0.0,
                    0.0,
                    1.0
                ]
            ]
        },
        {
            "file_path": "/data/shapenet_blender/all_50_random/02958343/2c8e9ff5fd58ff3fcd046ccc4d5c3da2/r_7",
            "rotation": 0.12566370614359174,
            "transform_matrix": [
                [
                    -0.7442970275878906,
                    -0.40816637873649597,
                    0.5286040306091309,
                    2.130871057510376
                ],
                [
                    0.6678488254547119,
                    -0.4548889398574829,
                    0.5891129970550537,
                    2.3747904300689697
                ],
                [
                    1.4901161193847656e-08,
                    0.7915025949478149,
                    0.6111658811569214,
                    2.463688373565674
                ],
                [
                    0.0,
                    0.0,
                    0.0,
                    1.0
                ]
            ]
        },
        {
            "file_path": "/data/shapenet_blender/all_50_random/02958343/2c8e9ff5fd58ff3fcd046ccc4d5c3da2/r_8",
            "rotation": 0.12566370614359174,
            "transform_matrix": [
                [
                    0.9189961552619934,
                    -0.3648930788040161,
                    -0.14932912588119507,
                    -0.6019649505615234
                ],
                [
                    -0.39426660537719727,
                    -0.8505293726921082,
                    -0.34807127714157104,
                    -1.4031201601028442
                ],
                [
                    0.0,
                    0.3787514865398407,
                    -0.925498366355896,
                    -3.7308032512664795
                ],
                [
                    0.0,
                    0.0,
                    0.0,
                    1.0
                ]
            ]
        },
        {
            "file_path": "/data/shapenet_blender/all_50_random/02958343/2c8e9ff5fd58ff3fcd046ccc4d5c3da2/r_9",
            "rotation": 0.12566370614359174,
            "transform_matrix": [
                [
                    0.5044373869895935,
                    0.1671377718448639,
                    -0.8471173644065857,
                    -3.414839506149292
                ],
                [
                    -0.8634483814239502,
                    0.09764399379491806,
                    -0.49489662051200867,
                    -1.9949922561645508
                ],
                [
                    7.450581485102248e-09,
                    0.9810863733291626,
                    0.1935701072216034,
                    0.7803061008453369
                ],
                [
                    0.0,
                    0.0,
                    0.0,
                    1.0
                ]
            ]
        },
        {
            "file_path": "/data/shapenet_blender/all_50_random/02958343/2c8e9ff5fd58ff3fcd046ccc4d5c3da2/r_10",
            "rotation": 0.12566370614359174,
            "transform_matrix": [
                [
                    0.6089346408843994,
                    0.030019816011190414,
                    -0.7926521301269531,
                    -3.1952826976776123
                ],
                [
                    -0.7932204008102417,
                    0.023045431822538376,
                    -0.6084983944892883,
                    -2.4529354572296143
                ],
                [
                    0.0,
                    0.9992835521697998,
                    0.037845492362976074,
                    0.1525600552558899
                ],
                [
                    0.0,
                    0.0,
                    0.0,
                    1.0
                ]
            ]
        },
        {
            "file_path": "/data/shapenet_blender/all_50_random/02958343/2c8e9ff5fd58ff3fcd046ccc4d5c3da2/r_11",
            "rotation": 0.12566370614359174,
            "transform_matrix": [
                [
                    0.030671877786517143,
                    0.14595931768417358,
                    -0.9888150095939636,
                    -3.9860405921936035
                ],
                [
                    -0.9995295405387878,
                    0.004478953778743744,
                    -0.030343089252710342,
                    -0.12231689691543579
                ],
                [
                    0.0,
                    0.9892804026603699,
                    0.14602802693843842,
                    0.588657796382904
                ],
                [
                    0.0,
                    0.0,
                    0.0,
                    1.0
                ]
            ]
        },
        {
            "file_path": "/data/shapenet_blender/all_50_random/02958343/2c8e9ff5fd58ff3fcd046ccc4d5c3da2/r_12",
            "rotation": 0.12566370614359174,
            "transform_matrix": [
                [
                    0.5610573887825012,
                    0.17025527358055115,
                    -0.8100788593292236,
                    -3.2655322551727295
                ],
                [
                    -0.8277769684791565,
                    0.11539699882268906,
                    -0.5490618348121643,
                    -2.21333909034729
                ],
                [
                    -7.450580596923828e-09,
                    0.9786197543144226,
                    0.20567773282527924,
                    0.8291134834289551
                ],
                [
                    0.0,
                    0.0,
                    0.0,
                    1.0
                ]
            ]
        },
        {
            "file_path": "/data/shapenet_blender/all_50_random/02958343/2c8e9ff5fd58ff3fcd046ccc4d5c3da2/r_13",
            "rotation": 0.12566370614359174,
            "transform_matrix": [
                [
                    -0.229598268866539,
                    -0.13714951276779175,
                    0.9635738730430603,
                    3.8842904567718506
                ],
                [
                    0.9732854962348938,
                    -0.03235359862446785,
                    0.2273073047399521,
                    0.9163050651550293
                ],
                [
                    -3.725290298461914e-09,
                    0.9900218844413757,
                    0.1409139335155487,
                    0.5680422186851501
                ],
                [
                    0.0,
                    0.0,
                    0.0,
                    1.0
                ]
            ]
        },
        {
            "file_path": "/data/shapenet_blender/all_50_random/02958343/2c8e9ff5fd58ff3fcd046ccc4d5c3da2/r_14",
            "rotation": 0.12566370614359174,
            "transform_matrix": [
                [
                    -0.5498273372650146,
                    -0.7730871438980103,
                    0.316269189119339,
                    1.2749220132827759
                ],
                [
                    0.835278332233429,
                    -0.5088895559310913,
                    0.20818623900413513,
                    0.8392256498336792
                ],
                [
                    -1.4901161193847656e-08,
                    0.37863925099372864,
                    0.925544261932373,
                    3.7309885025024414
                ],
                [
                    0.0,
                    0.0,
                    0.0,
                    1.0
                ]
            ]
        },
        {
            "file_path": "/data/shapenet_blender/all_50_random/02958343/2c8e9ff5fd58ff3fcd046ccc4d5c3da2/r_15",
            "rotation": 0.12566370614359174,
            "transform_matrix": [
                [
                    -0.05255032330751419,
                    -0.00019624075503088534,
                    -0.9986183643341064,
                    -4.025558948516846
                ],
                [
                    -0.9986181855201721,
                    1.0326784831704572e-05,
                    0.052550334483385086,
                    0.21183714270591736
                ],
                [
                    -9.094944849324937e-13,
                    0.9999999403953552,
                    -0.00019651227921713144,
                    -0.000792166218161583
                ],
                [
                    0.0,
                    0.0,
                    0.0,
                    1.0
                ]
            ]
        },
        {
            "file_path": "/data/shapenet_blender/all_50_random/02958343/2c8e9ff5fd58ff3fcd046ccc4d5c3da2/r_16",
            "rotation": 0.12566370614359174,
            "transform_matrix": [
                [
                    0.39284175634384155,
                    0.022572334855794907,
                    0.919329047203064,
                    3.7059338092803955
                ],
                [
                    0.91960608959198,
                    -0.009642558172345161,
                    -0.3927233815193176,
                    -1.5831185579299927
                ],
                [
                    0.0,
                    0.9996986985206604,
                    -0.024545660242438316,
                    -0.0989467203617096
                ],
                [
                    0.0,
                    0.0,
                    0.0,
                    1.0
                ]
            ]
        },
        {
            "file_path": "/data/shapenet_blender/all_50_random/02958343/2c8e9ff5fd58ff3fcd046ccc4d5c3da2/r_17",
            "rotation": 0.12566370614359174,
            "transform_matrix": [
                [
                    -0.8593511581420898,
                    -0.33303770422935486,
                    0.38807398080825806,
                    1.5643762350082397
                ],
                [
                    0.5113859176635742,
                    -0.5596484541893005,
                    0.6521333456039429,
                    2.628833532333374
                ],
                [
                    1.4901161193847656e-08,
                    0.7588670253753662,
                    0.6512455344200134,
                    2.6252546310424805
                ],
                [
                    0.0,
                    0.0,
                    0.0,
                    1.0
                ]
            ]
        },
        {
            "file_path": "/data/shapenet_blender/all_50_random/02958343/2c8e9ff5fd58ff3fcd046ccc4d5c3da2/r_18",
            "rotation": 0.12566370614359174,
            "transform_matrix": [
                [
                    0.7753123641014099,
                    -0.24638423323631287,
                    -0.5815372467041016,
                    -2.344251871109009
                ],
                [
                    -0.6315780878067017,
                    -0.30245620012283325,
                    -0.7138832211494446,
                    -2.877755641937256
                ],
                [
                    1.4901162970204496e-08,
                    0.920768678188324,
                    -0.3901088535785675,
                    -1.572579264640808
                ],
                [
                    0.0,
                    0.0,
                    0.0,
                    1.0
                ]
            ]
        },
        {
            "file_path": "/data/shapenet_blender/all_50_random/02958343/2c8e9ff5fd58ff3fcd046ccc4d5c3da2/r_19",
            "rotation": 0.12566370614359174,
            "transform_matrix": [
                [
                    -0.2252696454524994,
                    -0.0845705196261406,
                    0.9706190824508667,
                    3.9126906394958496
                ],
                [
                    0.9742965698242188,
                    -0.019553769379854202,
                    0.22441935539245605,
                    0.9046633839607239
                ],
                [
                    1.862645371275562e-09,
                    0.9962256550788879,
                    0.08680162578821182,
                    0.3499085307121277
                ],
                [
                    0.0,
                    0.0,
                    0.0,
                    1.0
                ]
            ]
        },
        {
            "file_path": "/data/shapenet_blender/all_50_random/02958343/2c8e9ff5fd58ff3fcd046ccc4d5c3da2/r_20",
            "rotation": 0.12566370614359174,
            "transform_matrix": [
                [
                    0.16912442445755005,
                    0.4415568709373474,
                    0.8811495304107666,
                    3.552027463912964
                ],
                [
                    0.9855947494506836,
                    -0.07576952874660492,
                    -0.1512020081281662,
                    -0.6095147728919983
                ],
                [
                    0.0,
                    0.8940281867980957,
                    -0.44801056385040283,
                    -1.8059883117675781
                ],
                [
                    0.0,
                    0.0,
                    0.0,
                    1.0
                ]
            ]
        },
        {
            "file_path": "/data/shapenet_blender/all_50_random/02958343/2c8e9ff5fd58ff3fcd046ccc4d5c3da2/r_21",
            "rotation": 0.12566370614359174,
            "transform_matrix": [
                [
                    0.9852795004844666,
                    0.02729370817542076,
                    0.16875852644443512,
                    0.6802873611450195
                ],
                [
                    0.17095142602920532,
                    -0.157307431101799,
                    -0.9726406931877136,
                    -3.92084002494812
                ],
                [
                    -1.862645149230957e-09,
                    0.9871724247932434,
                    -0.15965768694877625,
                    -0.6436007022857666
                ],
                [
                    0.0,
                    0.0,
                    0.0,
                    1.0
                ]
            ]
        },
        {
            "file_path": "/data/shapenet_blender/all_50_random/02958343/2c8e9ff5fd58ff3fcd046ccc4d5c3da2/r_22",
            "rotation": 0.12566370614359174,
            "transform_matrix": [
                [
                    0.8616467714309692,
                    0.2317417860031128,
                    0.45150917768478394,
                    1.8200918436050415
                ],
                [
                    0.5075084567070007,
                    -0.39345070719718933,
                    -0.7665712833404541,
                    -3.0901479721069336
                ],
                [
                    1.4901161193847656e-08,
                    0.8896583914756775,
                    -0.45662644505500793,
                    -1.8407201766967773
                ],
                [
                    0.0,
                    0.0,
                    0.0,
                    1.0
                ]
            ]
        },
        {
            "file_path": "/data/shapenet_blender/all_50_random/02958343/2c8e9ff5fd58ff3fcd046ccc4d5c3da2/r_23",
            "rotation": 0.12566370614359174,
            "transform_matrix": [
                [
                    -0.4126628041267395,
                    -0.05706390365958214,
                    -0.9090946912765503,
                    -3.664677858352661
                ],
                [
                    -0.910883903503418,
                    0.02585197612643242,
                    0.4118522107601166,
                    1.6602293252944946
                ],
                [
                    -1.862645371275562e-09,
                    0.9980356097221375,
                    -0.06264674663543701,
                    -0.2525371015071869
                ],
                [
                    0.0,
                    0.0,
                    0.0,
                    1.0
                ]
            ]
        },
        {
            "file_path": "/data/shapenet_blender/all_50_random/02958343/2c8e9ff5fd58ff3fcd046ccc4d5c3da2/r_24",
            "rotation": 0.12566370614359174,
            "transform_matrix": [
                [
                    0.5216471552848816,
                    0.5102266073226929,
                    0.6837784647941589,
                    2.756399154663086
                ],
                [
                    0.8531613349914551,
                    -0.3119671046733856,
                    -0.418081670999527,
                    -1.6853411197662354
                ],
                [
                    0.0,
                    0.8014643788337708,
                    -0.5980424284934998,
                    -2.4107861518859863
                ],
                [
                    0.0,
                    0.0,
                    0.0,
                    1.0
                ]
            ]
        },
        {
            "file_path": "/data/shapenet_blender/all_50_random/02958343/2c8e9ff5fd58ff3fcd046ccc4d5c3da2/r_25",
            "rotation": 0.12566370614359174,
            "transform_matrix": [
                [
                    -0.2855038344860077,
                    -0.261733740568161,
                    -0.9219451546669006,
                    -3.716480016708374
                ],
                [
                    -0.9583775997161865,
                    0.07797134667634964,
                    0.274650514125824,
                    1.107151746749878
                ],
                [
                    -7.450580596923828e-09,
                    0.9619854092597961,
                    -0.2731007933616638,
                    -1.1009045839309692
                ],
                [
                    0.0,
                    0.0,
                    0.0,
                    1.0
                ]
            ]
        },
        {
            "file_path": "/data/shapenet_blender/all_50_random/02958343/2c8e9ff5fd58ff3fcd046ccc4d5c3da2/r_26",
            "rotation": 0.12566370614359174,
            "transform_matrix": [
                [
                    -0.8065769076347351,
                    0.14072251319885254,
                    -0.5741347074508667,
                    -2.314411163330078
                ],
                [
                    -0.5911290049552917,
                    -0.19201144576072693,
                    0.7833887338638306,
                    3.1579413414001465
                ],
                [
                    -7.450580152834618e-09,
                    0.9712511301040649,
                    0.23805716633796692,
                    0.9596391916275024
                ],
                [
                    0.0,
                    0.0,
                    0.0,
                    1.0
                ]
            ]
        },
        {
            "file_path": "/data/shapenet_blender/all_50_random/02958343/2c8e9ff5fd58ff3fcd046ccc4d5c3da2/r_27",
            "rotation": 0.12566370614359174,
            "transform_matrix": [
                [
                    0.570936381816864,
                    -0.5274015069007874,
                    0.6291894316673279,
                    2.536343812942505
                ],
                [
                    0.8209943771362305,
                    0.3667658269405365,
                    -0.43755125999450684,
                    -1.763825535774231
                ],
                [
                    1.4901162970204496e-08,
                    0.7663748264312744,
                    0.6423935890197754,
                    2.589571475982666
                ],
                [
                    0.0,
                    0.0,
                    0.0,
                    1.0
                ]
            ]
        },
        {
            "file_path": "/data/shapenet_blender/all_50_random/02958343/2c8e9ff5fd58ff3fcd046ccc4d5c3da2/r_28",
            "rotation": 0.12566370614359174,
            "transform_matrix": [
                [
                    -0.09230116009712219,
                    -0.04041634127497673,
                    0.9949105978012085,
                    4.010612964630127
                ],
                [
                    0.9957311749458313,
                    -0.0037464683409780264,
                    0.0922250971198082,
                    0.3717712461948395
                ],
                [
                    2.3283064365386963e-10,
                    0.9991757869720459,
                    0.04058961942791939,
                    0.16362199187278748
                ],
                [
                    0.0,
                    0.0,
                    0.0,
                    1.0
                ]
            ]
        },
        {
            "file_path": "/data/shapenet_blender/all_50_random/02958343/2c8e9ff5fd58ff3fcd046ccc4d5c3da2/r_29",
            "rotation": 0.12566370614359174,
            "transform_matrix": [
                [
                    -0.8680464029312134,
                    -0.40388721227645874,
                    0.2887393832206726,
                    1.1639457941055298
                ],
                [
                    0.4964829683303833,
                    -0.7061527967453003,
                    0.5048293471336365,
                    2.0350325107574463
                ],
                [
                    1.4901161193847656e-08,
                    0.581569492816925,
                    0.8134965300559998,
                    3.2793097496032715
                ],
                [
                    0.0,
                    0.0,
                    0.0,
                    1.0
                ]
            ]
        },
        {
            "file_path": "/data/shapenet_blender/all_50_random/02958343/2c8e9ff5fd58ff3fcd046ccc4d5c3da2/r_30",
            "rotation": 0.12566370614359174,
            "transform_matrix": [
                [
                    -0.9889545440673828,
                    0.1125633642077446,
                    -0.09642884135246277,
                    -0.3887171149253845
                ],
                [
                    -0.14821955561637878,
                    -0.7510483860969543,
                    0.6433951258659363,
                    2.593608856201172
                ],
                [
                    0.0,
                    0.6505811810493469,
                    0.7594366669654846,
                    3.061387300491333
                ],
                [
                    0.0,
                    0.0,
                    0.0,
                    1.0
                ]
            ]
        },
        {
            "file_path": "/data/shapenet_blender/all_50_random/02958343/2c8e9ff5fd58ff3fcd046ccc4d5c3da2/r_31",
            "rotation": 0.12566370614359174,
            "transform_matrix": [
                [
                    -0.7059003114700317,
                    0.11190426349639893,
                    0.6994155645370483,
                    2.819434404373169
                ],
                [
                    0.708311140537262,
                    0.11152337491512299,
                    0.6970349550247192,
                    2.809837818145752
                ],
                [
                    0.0,
                    0.9874409437179565,
                    -0.15798744559288025,
                    -0.6368677616119385
                ],
                [
                    0.0,
                    0.0,
                    0.0,
                    1.0
                ]
            ]
        },
        {
            "file_path": "/data/shapenet_blender/all_50_random/02958343/2c8e9ff5fd58ff3fcd046ccc4d5c3da2/r_32",
            "rotation": 0.12566370614359174,
            "transform_matrix": [
                [
                    -0.4600938558578491,
                    -0.41474074125289917,
                    -0.7850501537322998,
                    -3.1646382808685303
                ],
                [
                    -0.8878702521324158,
                    0.21491841971874237,
                    0.40681254863739014,
                    1.63991379737854
                ],
                [
                    0.0,
                    0.8841946125030518,
                    -0.46711865067481995,
                    -1.883015513420105
                ],
                [
                    0.0,
                    0.0,
                    0.0,
                    1.0
                ]
            ]
        },
        {
            "file_path": "/data/shapenet_blender/all_50_random/02958343/2c8e9ff5fd58ff3fcd046ccc4d5c3da2/r_33",
            "rotation": 0.12566370614359174,
            "transform_matrix": [
                [
                    0.286924809217453,
                    -0.24176821112632751,
                    -0.9269424676895142,
                    -3.736624240875244
                ],
                [
                    -0.9579530954360962,
                    -0.0724140927195549,
                    -0.2776365578174591,
                    -1.119188666343689
                ],
                [
                    0.0,
                    0.9676281809806824,
                    -0.25238001346588135,
                    -1.0173763036727905
                ],
                [
                    0.0,
                    0.0,
                    0.0,
                    1.0
                ]
            ]
        },
        {
            "file_path": "/data/shapenet_blender/all_50_random/02958343/2c8e9ff5fd58ff3fcd046ccc4d5c3da2/r_34",
            "rotation": 0.12566370614359174,
            "transform_matrix": [
                [
                    -0.7861660718917847,
                    -0.19914311170578003,
                    0.5850512385368347,
                    2.35841703414917
                ],
                [
                    0.6180152893066406,
                    -0.2533263564109802,
                    0.7442330718040466,
                    3.0000994205474854
                ],
                [
                    1.4901161193847656e-08,
                    0.9466613531112671,
                    0.3222300708293915,
                    1.2989509105682373
                ],
                [
                    0.0,
                    0.0,
                    0.0,
                    1.0
                ]
            ]
        },
        {
            "file_path": "/data/shapenet_blender/all_50_random/02958343/2c8e9ff5fd58ff3fcd046ccc4d5c3da2/r_35",
            "rotation": 0.12566370614359174,
            "transform_matrix": [
                [
                    -0.7241976261138916,
                    0.363567590713501,
                    -0.5859662890434265,
                    -2.36210560798645
                ],
                [
                    -0.6895925402641296,
                    -0.38181209564208984,
                    0.6153711676597595,
                    2.480640411376953
                ],
                [
                    0.0,
                    0.8497282266616821,
                    0.5272209644317627,
                    2.125295639038086
                ],
                [
                    0.0,
                    0.0,
                    0.0,
                    1.0
                ]
            ]
        },
        {
            "file_path": "/data/shapenet_blender/all_50_random/02958343/2c8e9ff5fd58ff3fcd046ccc4d5c3da2/r_36",
            "rotation": 0.12566370614359174,
            "transform_matrix": [
                [
                    0.2936791479587555,
                    -0.1442617028951645,
                    0.9449556469917297,
                    3.8092379570007324
                ],
                [
                    0.9559041261672974,
                    0.044321026653051376,
                    -0.2903154790401459,
                    -1.1702991724014282
                ],
                [
                    0.0,
                    0.9885465502738953,
                    0.15091650187969208,
                    0.6083638668060303
                ],
                [
                    0.0,
                    0.0,
                    0.0,
                    1.0
                ]
            ]
        },
        {
            "file_path": "/data/shapenet_blender/all_50_random/02958343/2c8e9ff5fd58ff3fcd046ccc4d5c3da2/r_37",
            "rotation": 0.12566370614359174,
            "transform_matrix": [
                [
                    -0.19193875789642334,
                    0.002162244636565447,
                    -0.9814044833183289,
                    -3.9561681747436523
                ],
                [
                    -0.9814069271087646,
                    -0.0004228812176734209,
                    0.19193828105926514,
                    0.7737280130386353
                ],
                [
                    2.9103826987286752e-11,
                    0.999997615814209,
                    0.0022032088600099087,
                    0.008881419897079468
                ],
                [
                    0.0,
                    0.0,
                    0.0,
                    1.0
                ]
            ]
        },
        {
            "file_path": "/data/shapenet_blender/all_50_random/02958343/2c8e9ff5fd58ff3fcd046ccc4d5c3da2/r_38",
            "rotation": 0.12566370614359174,
            "transform_matrix": [
                [
                    0.6342811584472656,
                    0.017952250316739082,
                    -0.7728939056396484,
                    -3.1156351566314697
                ],
                [
                    -0.7731024622917175,
                    0.014728675596415997,
                    -0.6341100335121155,
                    -2.5561795234680176
                ],
                [
                    9.313225746154785e-10,
                    0.9997303485870361,
                    0.023221049457788467,
                    0.09360705316066742
                ],
                [
                    0.0,
                    0.0,
                    0.0,
                    1.0
                ]
            ]
        },
        {
            "file_path": "/data/shapenet_blender/all_50_random/02958343/2c8e9ff5fd58ff3fcd046ccc4d5c3da2/r_39",
            "rotation": 0.12566370614359174,
            "transform_matrix": [
                [
                    -0.34830108284950256,
                    -0.750554621219635,
                    -0.5615639686584473,
                    -2.2637367248535156
                ],
                [
                    -0.9373828172683716,
                    0.2788817882537842,
                    0.20865899324417114,
                    0.841131329536438
                ],
                [
                    0.0,
                    0.5990764498710632,
                    -0.8006917238235474,
                    -3.227691650390625
                ],
                [
                    0.0,
                    0.0,
                    0.0,
                    1.0
                ]
            ]
        },
        {
            "file_path": "/data/shapenet_blender/all_50_random/02958343/2c8e9ff5fd58ff3fcd046ccc4d5c3da2/r_40",
            "rotation": 0.12566370614359174,
            "transform_matrix": [
                [
                    0.9883535504341125,
                    0.03691829741001129,
                    -0.147629052400589,
                    -0.5951117277145386
                ],
                [
                    -0.15217521786689758,
                    0.23977838456630707,
                    -0.9588268995285034,
                    -3.86515474319458
                ],
                [
                    0.0,
                    0.9701254367828369,
                    0.2426038682460785,
                    0.9779675006866455
                ],
                [
                    0.0,
                    0.0,
                    0.0,
                    1.0
                ]
            ]
        },
        {
            "file_path": "/data/shapenet_blender/all_50_random/02958343/2c8e9ff5fd58ff3fcd046ccc4d5c3da2/r_41",
            "rotation": 0.12566370614359174,
            "transform_matrix": [
                [
                    -0.6917238235473633,
                    0.5707222819328308,
                    0.4424864649772644,
                    1.7837201356887817
                ],
                [
                    0.7221622467041016,
                    0.5466668605804443,
                    0.4238361120223999,
                    1.7085381746292114
                ],
                [
