{
    "class": "02958343",
    "model": "b6345c309ba64f97e97c6bb243ef67d",
    "remove_doubles": true,
    "edge_split": true,
    "denoise": true,
    "camera_angle_x": 0.6911112070083618,
    "scale_factor": 2.2102988561715646,
    "hdri_file": "/data/IndoorHDRDataset2018/9C4A6723-87ef41ab55.exr",
    "center_offset": [
        0.0,
        -1.862645149230957e-09,
        -3.725290298461914e-09
    ],
    "lights": [],
    "frames": [
        {
            "file_path": "/data/shapenet_blender/all_50_random/02958343/b6345c309ba64f97e97c6bb243ef67d/r_0",
            "rotation": 0.12566370614359174,
            "transform_matrix": [
                [
                    -0.8878946900367737,
                    -0.2638901174068451,
                    -0.37683534622192383,
                    -1.5190719366073608
                ],
                [
                    -0.4600466191768646,
                    0.5093106627464294,
                    0.7272961139678955,
                    2.9318246841430664
                ],
                [
                    0.0,
                    0.8191244006156921,
                    -0.5736159086227417,
                    -2.3123199939727783
                ],
                [
                    0.0,
                    0.0,
                    0.0,
                    1.0
                ]
            ]
        },
        {
            "file_path": "/data/shapenet_blender/all_50_random/02958343/b6345c309ba64f97e97c6bb243ef67d/r_1",
            "rotation": 0.12566370614359174,
            "transform_matrix": [
                [
                    -0.04284636676311493,
                    0.5119259357452393,
                    0.8579603433609009,
                    3.4585487842559814
                ],
                [
                    0.9990816712379456,
                    0.021954329684376717,
                    0.0367942750453949,
                    0.1483224630355835
                ],
                [
                    0.0,
                    0.8587488532066345,
                    -0.5123965740203857,
                    -2.0655367374420166
                ],
                [
                    0.0,
                    0.0,
                    0.0,
                    1.0
                ]
            ]
        },
        {
            "file_path": "/data/shapenet_blender/all_50_random/02958343/b6345c309ba64f97e97c6bb243ef67d/r_2",
            "rotation": 0.12566370614359174,
            "transform_matrix": [
                [
                    -0.8713454008102417,
                    0.32301875948905945,
                    -0.3693457245826721,
                    -1.4888800382614136
                ],
                [
                    -0.490670382976532,
                    -0.5736252069473267,
                    0.655893862247467,
                    2.6439924240112305
                ],
                [
                    0.0,
                    0.7527368664741516,
                    0.6583214402198792,
                    2.653778314590454
                ],
                [
                    0.0,
                    0.0,
                    0.0,
                    1.0
                ]
            ]
        },
        {
            "file_path": "/data/shapenet_blender/all_50_random/02958343/b6345c309ba64f97e97c6bb243ef67d/r_3",
            "rotation": 0.12566370614359174,
            "transform_matrix": [
                [
                    0.6266050338745117,
                    -0.17655618488788605,
                    -0.7590744495391846,
                    -3.059926986694336
                ],
                [
                    -0.7793370485305786,
                    -0.14195527136325836,
                    -0.6103134751319885,
                    -2.460252285003662
                ],
                [
                    0.0,
                    0.9740002751350403,
                    -0.22654666006565094,
                    -0.9132388234138489
                ],
                [
                    0.0,
                    0.0,
                    0.0,
                    1.0
                ]
            ]
        },
        {
            "file_path": "/data/shapenet_blender/all_50_random/02958343/b6345c309ba64f97e97c6bb243ef67d/r_4",
            "rotation": 0.12566370614359174,
            "transform_matrix": [
                [
                    -0.5489411950111389,
                    0.4512062072753906,
                    -0.703616738319397,
                    -2.836369752883911
                ],
                [
                    -0.8358610272407532,
                    -0.2963240146636963,
                    0.46209144592285156,
                    1.8627501726150513
                ],
                [
                    -1.4901161193847656e-08,
                    0.8417868614196777,
                    0.5398101210594177,
                    2.176044225692749
                ],
                [
                    0.0,
                    0.0,
                    0.0,
                    1.0
                ]
            ]
        },
        {
            "file_path": "/data/shapenet_blender/all_50_random/02958343/b6345c309ba64f97e97c6bb243ef67d/r_5",
            "rotation": 0.12566370614359174,
            "transform_matrix": [
                [
                    -0.15184840559959412,
                    0.028256990015506744,
                    -0.9879997372627258,
                    -3.9827544689178467
                ],
                [
                    -0.9884037971496582,
                    -0.004341119434684515,
                    0.15178632736206055,
                    0.611870288848877
                ],
                [
                    0.0,
                    0.9995911717414856,
                    0.028588509187102318,
                    0.11524397134780884
                ],
                [
                    0.0,
                    0.0,
                    0.0,
                    1.0
                ]
            ]
        },
        {
            "file_path": "/data/shapenet_blender/all_50_random/02958343/b6345c309ba64f97e97c6bb243ef67d/r_6",
            "rotation": 0.12566370614359174,
            "transform_matrix": [
                [
                    -0.9990218281745911,
                    0.03155648335814476,
                    -0.030977314338088036,
                    -0.12487354874610901
                ],
                [
                    -0.044219970703125,
                    -0.7129271030426025,
                    0.6998423933982849,
                    2.821154832839966
                ],
                [
                    -1.862645149230957e-09,
                    0.700527548789978,
                    0.7136252522468567,
                    2.8767154216766357
                ],
                [
                    0.0,
                    0.0,
                    0.0,
                    1.0
                ]
            ]
        },
        {
            "file_path": "/data/shapenet_blender/all_50_random/02958343/b6345c309ba64f97e97c6bb243ef67d/r_7",
            "rotation": 0.12566370614359174,
            "transform_matrix": [
                [
                    -0.8646478652954102,
                    -0.013939488679170609,
                    0.5021849870681763,
                    2.024372100830078
                ],
                [
                    0.5023783445358276,
                    -0.023991376161575317,
                    0.8643150329589844,
                    3.4841649532318115
                ],
                [
                    -9.313225191043273e-10,
                    0.999614953994751,
                    0.02774699218571186,
                    0.11185169219970703
                ],
                [
                    0.0,
                    0.0,
                    0.0,
                    1.0
                ]
            ]
        },
        {
            "file_path": "/data/shapenet_blender/all_50_random/02958343/b6345c309ba64f97e97c6bb243ef67d/r_8",
            "rotation": 0.12566370614359174,
            "transform_matrix": [
                [
                    0.9514859914779663,
                    -0.00661983760073781,
                    0.3076207935810089,
                    1.2400591373443604
                ],
                [
                    0.3076919913291931,
                    0.020470740273594856,
                    -0.9512657523155212,
                    -3.834674835205078
                ],
                [
                    -9.313225746154785e-10,
                    0.9997684955596924,
                    0.021514492109417915,
                    0.08672769367694855
                ],
                [
                    0.0,
                    0.0,
                    0.0,
                    1.0
                ]
            ]
        },
        {
            "file_path": "/data/shapenet_blender/all_50_random/02958343/b6345c309ba64f97e97c6bb243ef67d/r_9",
            "rotation": 0.12566370614359174,
            "transform_matrix": [
                [
                    -0.6744332909584045,
                    -0.6796384453773499,
                    -0.28849828243255615,
                    -1.1629737615585327
                ],
                [
                    -0.7383358478546143,
                    0.6208161115646362,
                    0.2635289132595062,
                    1.062319040298462
                ],
                [
                    0.0,
                    0.39074137806892395,
                    -0.9205005764961243,
                    -3.7106564044952393
                ],
                [
                    0.0,
                    0.0,
                    0.0,
                    1.0
                ]
            ]
        },
        {
            "file_path": "/data/shapenet_blender/all_50_random/02958343/b6345c309ba64f97e97c6bb243ef67d/r_10",
            "rotation": 0.12566370614359174,
            "transform_matrix": [
                [
                    -0.8949557542800903,
                    -0.17578303813934326,
                    0.4100664556026459,
                    1.6530308723449707
                ],
                [
                    0.4461548924446106,
                    -0.3526085615158081,
                    0.8225648403167725,
                    3.3158652782440186
                ],
                [
                    0.0,
                    0.9191123247146606,
                    0.3939954936504364,
                    1.5882467031478882
                ],
                [
                    0.0,
                    0.0,
                    0.0,
                    1.0
                ]
            ]
        },
        {
            "file_path": "/data/shapenet_blender/all_50_random/02958343/b6345c309ba64f97e97c6bb243ef67d/r_11",
            "rotation": 0.12566370614359174,
            "transform_matrix": [
                [
                    -0.29921308159828186,
                    -0.5802479386329651,
                    -0.7574852108955383,
                    -3.053520441055298
                ],
                [
                    -0.9541862607002258,
                    0.18195374310016632,
                    0.23753170669078827,
                    0.9575209617614746
                ],
                [
                    -1.4901160305669237e-08,
                    0.7938545942306519,
                    -0.6081075668334961,
                    -2.451359987258911
                ],
                [
                    0.0,
                    0.0,
                    0.0,
                    1.0
                ]
            ]
        },
        {
            "file_path": "/data/shapenet_blender/all_50_random/02958343/b6345c309ba64f97e97c6bb243ef67d/r_12",
            "rotation": 0.12566370614359174,
            "transform_matrix": [
                [
                    0.9876108169555664,
                    0.02424631081521511,
                    -0.15503926575183868,
                    -0.6249833106994629
                ],
                [
                    -0.15692375600337982,
                    0.1525958776473999,
                    -0.9757506251335144,
                    -3.9333767890930176
                ],
                [
                    1.862645371275562e-09,
                    0.9879911541938782,
                    0.15451012551784515,
                    0.6228502988815308
                ],
                [
                    0.0,
                    0.0,
                    0.0,
                    1.0
                ]
            ]
        },
        {
            "file_path": "/data/shapenet_blender/all_50_random/02958343/b6345c309ba64f97e97c6bb243ef67d/r_13",
            "rotation": 0.12566370614359174,
            "transform_matrix": [
                [
                    0.7885708212852478,
                    0.29630225896835327,
                    -0.5388516187667847,
                    -2.172180414199829
                ],
                [
                    -0.6149440407752991,
                    0.37996190786361694,
                    -0.6909940242767334,
                    -2.7854859828948975
                ],
                [
                    -1.4901162970204496e-08,
                    0.8762611746788025,
                    0.481836199760437,
                    1.942343831062317
                ],
                [
                    0.0,
                    0.0,
                    0.0,
                    1.0
                ]
            ]
        },
        {
            "file_path": "/data/shapenet_blender/all_50_random/02958343/b6345c309ba64f97e97c6bb243ef67d/r_14",
            "rotation": 0.12566370614359174,
            "transform_matrix": [
                [
                    -0.8325970768928528,
                    -0.4762112498283386,
                    0.2828514277935028,
                    1.1402106285095215
                ],
                [
                    0.5538790822029114,
                    -0.7158458828926086,
                    0.42518529295921326,
                    1.7139767408370972
                ],
                [
                    1.4901161193847656e-08,
                    0.5106734037399292,
                    0.859774649143219,
                    3.465862512588501
                ],
                [
                    0.0,
                    0.0,
                    0.0,
                    1.0
                ]
            ]
        },
        {
            "file_path": "/data/shapenet_blender/all_50_random/02958343/b6345c309ba64f97e97c6bb243ef67d/r_15",
            "rotation": 0.12566370614359174,
            "transform_matrix": [
                [
                    0.8642281293869019,
                    -0.030194245278835297,
                    0.5021932125091553,
                    2.0244054794311523
                ],
                [
                    0.5031001567840576,
                    0.05186783894896507,
                    -0.8626702427864075,
                    -3.4775350093841553
                ],
                [
                    0.0,
                    0.9981973767280579,
                    0.06001637130975723,
                    0.24193373322486877
                ],
                [
                    0.0,
                    0.0,
                    0.0,
                    1.0
                ]
            ]
        },
        {
            "file_path": "/data/shapenet_blender/all_50_random/02958343/b6345c309ba64f97e97c6bb243ef67d/r_16",
            "rotation": 0.12566370614359174,
            "transform_matrix": [
                [
                    -0.7506564855575562,
                    0.33943888545036316,
                    -0.5668298602104187,
                    -2.2849645614624023
                ],
                [
                    -0.6606928110122681,
                    -0.38565874099731445,
                    0.6440125703811646,
                    2.596097946166992
                ],
                [
                    2.980232594040899e-08,
                    0.8579326272010803,
                    0.5137619972229004,
                    2.0710411071777344
                ],
                [
                    0.0,
                    0.0,
                    0.0,
                    1.0
                ]
            ]
        },
        {
            "file_path": "/data/shapenet_blender/all_50_random/02958343/b6345c309ba64f97e97c6bb243ef67d/r_17",
            "rotation": 0.12566370614359174,
            "transform_matrix": [
                [
                    -0.15709033608436584,
                    0.5846299529075623,
                    -0.7959461808204651,
                    -3.208561897277832
                ],
                [
                    -0.9875842332839966,
                    -0.0929943174123764,
                    0.12660737335681915,
                    0.5103707313537598
                ],
                [
                    -7.450580596923828e-09,
                    0.8059526681900024,
                    0.5919798612594604,
                    2.3863472938537598
                ],
                [
                    0.0,
                    0.0,
                    0.0,
                    1.0
                ]
            ]
        },
        {
            "file_path": "/data/shapenet_blender/all_50_random/02958343/b6345c309ba64f97e97c6bb243ef67d/r_18",
            "rotation": 0.12566370614359174,
            "transform_matrix": [
                [
                    0.9501422643661499,
                    0.17819583415985107,
                    -0.25588279962539673,
                    -1.031496524810791
                ],
                [
                    -0.31181687116622925,
                    0.5429834127426147,
                    -0.7797046303749084,
                    -3.143090009689331
                ],
                [
                    0.0,
                    0.8206188678741455,
                    0.5714759230613708,
                    2.3036930561065674
                ],
                [
                    0.0,
                    0.0,
                    0.0,
                    1.0
                ]
            ]
        },
        {
            "file_path": "/data/shapenet_blender/all_50_random/02958343/b6345c309ba64f97e97c6bb243ef67d/r_19",
            "rotation": 0.12566370614359174,
            "transform_matrix": [
                [
                    0.8605150580406189,
                    -0.24985752999782562,
                    0.44394269585609436,
                    1.7895902395248413
                ],
                [
                    0.5094251036643982,
                    0.4220564663410187,
                    -0.7499029040336609,
                    -3.0229554176330566
                ],
                [
                    0.0,
                    0.8714582920074463,
                    0.4904695749282837,
                    1.9771461486816406
                ],
                [
                    0.0,
                    0.0,
                    0.0,
                    1.0
                ]
            ]
        },
        {
            "file_path": "/data/shapenet_blender/all_50_random/02958343/b6345c309ba64f97e97c6bb243ef67d/r_20",
            "rotation": 0.12566370614359174,
            "transform_matrix": [
                [
                    -0.6372635364532471,
                    0.7011231780052185,
                    -0.3198770582675934,
                    -1.2894657850265503
                ],
                [
                    -0.7706459760665894,
                    -0.5797737240791321,
                    0.26451316475868225,
                    1.0662868022918701
                ],
                [
                    0.0,
                    0.4150765836238861,
                    0.9097863435745239,
                    3.667466402053833
                ],
                [
                    0.0,
                    0.0,
                    0.0,
                    1.0
                ]
            ]
        },
        {
            "file_path": "/data/shapenet_blender/all_50_random/02958343/b6345c309ba64f97e97c6bb243ef67d/r_21",
            "rotation": 0.12566370614359174,
            "transform_matrix": [
                [
                    -0.5507593750953674,
                    0.24922208487987518,
                    0.7965880036354065,
                    3.211148977279663
                ],
                [
                    0.8346641659736633,
                    0.16445106267929077,
                    0.5256345868110657,
                    2.118900775909424
                ],
                [
                    0.0,
                    0.95438152551651,
                    -0.29858967661857605,
                    -1.2036534547805786
                ],
                [
                    0.0,
                    0.0,
                    0.0,
                    1.0
                ]
            ]
        },
        {
            "file_path": "/data/shapenet_blender/all_50_random/02958343/b6345c309ba64f97e97c6bb243ef67d/r_22",
            "rotation": 0.12566370614359174,
            "transform_matrix": [
                [
                    -0.9441609382629395,
                    -0.033796194940805435,
                    0.32774683833122253,
                    1.3211897611618042
                ],
                [
                    0.3294847309589386,
                    -0.09684530645608902,
                    0.9391809105873108,
                    3.785959243774414
                ],
                [
                    0.0,
                    0.9947254061698914,
                    0.10257290303707123,
                    0.4134845733642578
                ],
                [
                    0.0,
                    0.0,
                    0.0,
                    1.0
                ]
            ]
        },
        {
            "file_path": "/data/shapenet_blender/all_50_random/02958343/b6345c309ba64f97e97c6bb243ef67d/r_23",
            "rotation": 0.12566370614359174,
            "transform_matrix": [
                [
                    0.18031902611255646,
                    -0.9057627320289612,
                    0.38350847363471985,
                    1.545972228050232
                ],
                [
                    0.9836082458496094,
                    0.1660480797290802,
                    -0.07030631601810455,
                    -0.2834138572216034
                ],
                [
                    -7.450581485102248e-09,
                    0.38989967107772827,
                    0.9208572506904602,
                    3.71209454536438
                ],
                [
                    0.0,
                    0.0,
                    0.0,
                    1.0
                ]
            ]
        },
        {
            "file_path": "/data/shapenet_blender/all_50_random/02958343/b6345c309ba64f97e97c6bb243ef67d/r_24",
            "rotation": 0.12566370614359174,
            "transform_matrix": [
                [
                    -0.26927292346954346,
                    -0.8437846302986145,
                    -0.4642407298088074,
                    -1.871414303779602
                ],
                [
                    -0.9630638957023621,
                    0.23592239618301392,
                    0.12980182468891144,
                    0.5232479572296143
                ],
                [
                    0.0,
                    0.48204556107521057,
                    -0.8761460185050964,
                    -3.53185772895813
                ],
                [
                    0.0,
                    0.0,
                    0.0,
                    1.0
                ]
            ]
        },
        {
            "file_path": "/data/shapenet_blender/all_50_random/02958343/b6345c309ba64f97e97c6bb243ef67d/r_25",
            "rotation": 0.12566370614359174,
            "transform_matrix": [
                [
                    0.6429440379142761,
                    -0.05816221982240677,
                    -0.7637015581130981,
                    -3.0785796642303467
                ],
                [
                    -0.765913188457489,
                    -0.048824138939380646,
                    -0.6410874724388123,
                    -2.584306478500366
                ],
                [
                    0.0,
                    0.997112512588501,
                    -0.0759383887052536,
                    -0.3061174750328064
                ],
                [
                    0.0,
                    0.0,
                    0.0,
                    1.0
                ]
            ]
        },
        {
            "file_path": "/data/shapenet_blender/all_50_random/02958343/b6345c309ba64f97e97c6bb243ef67d/r_26",
            "rotation": 0.12566370614359174,
            "transform_matrix": [
                [
                    0.7676848769187927,
                    0.4750252664089203,
                    0.43012896180152893,
                    1.73390531539917
                ],
                [
                    0.640827476978302,
                    -0.5690606236457825,
                    -0.5152767300605774,
                    -2.0771470069885254
                ],
                [
                    0.0,
                    0.6712085604667664,
                    -0.741268515586853,
                    -2.9881489276885986
                ],
                [
                    0.0,
                    0.0,
                    0.0,
                    1.0
                ]
            ]
        },
        {
            "file_path": "/data/shapenet_blender/all_50_random/02958343/b6345c309ba64f97e97c6bb243ef67d/r_27",
            "rotation": 0.12566370614359174,
            "transform_matrix": [
                [
                    0.9923981428146362,
                    -0.0014140581479296088,
                    -0.12306131422519684,
                    -0.4960760474205017
                ],
                [
                    -0.12306946516036987,
                    -0.011402575299143791,
                    -0.9923324584960938,
                    -4.00022029876709
                ],
                [
                    -1.1641533570472262e-10,
                    0.9999340176582336,
                    -0.01148991845548153,
                    -0.04631734639406204
                ],
                [
                    0.0,
                    0.0,
                    0.0,
                    1.0
                ]
            ]
        },
        {
            "file_path": "/data/shapenet_blender/all_50_random/02958343/b6345c309ba64f97e97c6bb243ef67d/r_28",
            "rotation": 0.12566370614359174,
            "transform_matrix": [
                [
                    -0.7017691731452942,
                    -0.23033948242664337,
                    0.6741392016410828,
                    2.7175421714782715
                ],
                [
                    0.7124043107032776,
                    -0.2269008606672287,
                    0.6640753149986267,
                    2.676973342895508
                ],
                [
                    0.0,
                    0.9462873339653015,
                    0.32332685589790344,
                    1.3033723831176758
                ],
                [
                    0.0,
                    0.0,
                    0.0,
                    1.0
                ]
            ]
        },
        {
            "file_path": "/data/shapenet_blender/all_50_random/02958343/b6345c309ba64f97e97c6bb243ef67d/r_29",
            "rotation": 0.12566370614359174,
            "transform_matrix": [
                [
                    0.6080485582351685,
                    -0.4168740510940552,
                    0.6756425499916077,
                    2.723602533340454
                ],
                [
                    0.7938998341560364,
                    0.31928420066833496,
                    -0.5174751877784729,
                    -2.0860095024108887
                ],
                [
                    1.4901161193847656e-08,
                    0.8510425090789795,
                    0.5250964760780334,
                    2.116731882095337
                ],
                [
                    0.0,
                    0.0,
                    0.0,
                    1.0
                ]
            ]
        },
        {
            "file_path": "/data/shapenet_blender/all_50_random/02958343/b6345c309ba64f97e97c6bb243ef67d/r_30",
            "rotation": 0.12566370614359174,
            "transform_matrix": [
                [
                    0.8850927352905273,
                    0.13964639604091644,
                    -0.443970650434494,
                    -1.7897028923034668
                ],
                [
                    -0.46541497111320496,
                    0.26556944847106934,
                    -0.8443114161491394,
                    -3.4035282135009766
                ],
                [
                    0.0,
                    0.9539243578910828,
                    0.3000470995903015,
                    1.2095285654067993
                ],
                [
                    0.0,
                    0.0,
                    0.0,
                    1.0
                ]
            ]
        },
        {
            "file_path": "/data/shapenet_blender/all_50_random/02958343/b6345c309ba64f97e97c6bb243ef67d/r_31",
            "rotation": 0.12566370614359174,
            "transform_matrix": [
                [
                    -0.3364434838294983,
                    -0.13316096365451813,
                    -0.9322413802146912,
                    -3.7579848766326904
                ],
                [
                    -0.9417036771774292,
                    0.04757455736398697,
                    0.3330628573894501,
                    1.3426192998886108
                ],
                [
                    0.0,
                    0.9899519681930542,
                    -0.14140431582927704,
                    -0.570019006729126
                ],
                [
                    0.0,
                    0.0,
                    0.0,
                    1.0
                ]
            ]
        },
        {
            "file_path": "/data/shapenet_blender/all_50_random/02958343/b6345c309ba64f97e97c6bb243ef67d/r_32",
            "rotation": 0.12566370614359174,
            "transform_matrix": [
                [
                    -0.9987425804138184,
                    0.04698440432548523,
                    0.017480893060564995,
                    0.0704677402973175
                ],
                [
                    0.05013098567724228,
                    0.9360542893409729,
                    0.3482658863067627,
                    1.4039047956466675
                ],
                [
                    0.0,
                    0.3487043082714081,
                    -0.9372326731681824,
                    -3.7781059741973877
                ],
                [
                    0.0,
                    0.0,
                    0.0,
                    1.0
                ]
            ]
        },
        {
            "file_path": "/data/shapenet_blender/all_50_random/02958343/b6345c309ba64f97e97c6bb243ef67d/r_33",
            "rotation": 0.12566370614359174,
            "transform_matrix": [
                [
                    -0.9626017212867737,
                    -0.08979860693216324,
                    -0.2556055784225464,
                    -1.030379056930542
                ],
                [
                    -0.27092066407203674,
                    0.3190612494945526,
                    0.9081860184669495,
                    3.661015033721924
                ],
                [
                    -7.450580596923828e-09,
                    0.943470299243927,
                    -0.3314571678638458,
                    -1.336146593093872
                ],
                [
                    0.0,
                    0.0,
                    0.0,
                    1.0
                ]
            ]
        },
        {
            "file_path": "/data/shapenet_blender/all_50_random/02958343/b6345c309ba64f97e97c6bb243ef67d/r_34",
            "rotation": 0.12566370614359174,
            "transform_matrix": [
                [
                    -0.5225347280502319,
                    0.34894832968711853,
                    0.7779411673545837,
                    3.1359810829162598
                ],
                [
                    0.8526179790496826,
                    0.21385619044303894,
                    0.4767683744430542,
                    1.92191481590271
                ],
                [
                    0.0,
                    0.9124146103858948,
                    -0.40926697850227356,
                    -1.6498079299926758
                ],
                [
                    0.0,
                    0.0,
                    0.0,
                    1.0
                ]
            ]
        },
        {
            "file_path": "/data/shapenet_blender/all_50_random/02958343/b6345c309ba64f97e97c6bb243ef67d/r_35",
            "rotation": 0.12566370614359174,
            "transform_matrix": [
                [
                    0.7455786466598511,
                    -0.41665011644363403,
                    -0.5201107859611511,
                    -2.0966336727142334
                ],
                [
                    -0.6664177179336548,
                    -0.4661422371864319,
                    -0.5818925499916077,
                    -2.3456838130950928
                ],
                [
                    0.0,
                    0.780457615852356,
                    -0.6252086758613586,
                    -2.520296812057495
                ],
                [
                    0.0,
                    0.0,
                    0.0,
                    1.0
                ]
            ]
        },
        {
            "file_path": "/data/shapenet_blender/all_50_random/02958343/b6345c309ba64f97e97c6bb243ef67d/r_36",
            "rotation": 0.12566370614359174,
            "transform_matrix": [
                [
                    0.9999850392341614,
                    0.0019444759236648679,
                    0.005109489429742098,
                    0.020597010850906372
                ],
                [
                    0.005466979928314686,
                    -0.35567113757133484,
                    -0.9345951676368713,
                    -3.7674736976623535
                ],
                [
                    1.1641532182693481e-10,
                    0.9346091151237488,
                    -0.35567641258239746,
                    -1.4337774515151978
                ],
                [
                    0.0,
                    0.0,
                    0.0,
                    1.0
                ]
            ]
        },
        {
            "file_path": "/data/shapenet_blender/all_50_random/02958343/b6345c309ba64f97e97c6bb243ef67d/r_37",
            "rotation": 0.12566370614359174,
            "transform_matrix": [
                [
                    -0.3076465129852295,
                    0.7179665565490723,
                    -0.624401867389679,
                    -2.51704478263855
                ],
                [
                    -0.9515007138252258,
                    -0.2321384698152542,
                    0.20188641548156738,
                    0.8138302564620972
                ],
                [
                    0.0,
                    0.6562284827232361,
                    0.7545620799064636,
                    3.0417373180389404
                ],
                [
                    0.0,
                    0.0,
                    0.0,
                    1.0
                ]
            ]
        },
        {
            "file_path": "/data/shapenet_blender/all_50_random/02958343/b6345c309ba64f97e97c6bb243ef67d/r_38",
            "rotation": 0.12566370614359174,
            "transform_matrix": [
                [
                    0.587592363357544,
                    -0.6061395406723022,
                    0.5360317826271057,
                    2.160813331604004
                ],
                [
                    0.8091570734977722,
                    0.4401654303073883,
                    -0.3892546594142914,
                    -1.5691356658935547
                ],
                [
                    -1.4901160305669237e-08,
                    0.6624569296836853,
                    0.7490999698638916,
                    3.019718647003174
                ],
                [
                    0.0,
                    0.0,
                    0.0,
                    1.0
                ]
            ]
        },
        {
            "file_path": "/data/shapenet_blender/all_50_random/02958343/b6345c309ba64f97e97c6bb243ef67d/r_39",
            "rotation": 0.12566370614359174,
            "transform_matrix": [
                [
                    -0.10698261857032776,
                    -0.4922301769256592,
                    0.8638656735420227,
                    3.4823544025421143
                ],
                [
                    0.9942609071731567,
                    -0.05296403542160988,
                    0.09295207262039185,
                    0.3747018277645111
                ],
                [
                    0.0,
                    0.8688521385192871,
                    0.4950714409351349,
                    1.995697021484375
                ],
                [
                    0.0,
                    0.0,
                    0.0,
                    1.0
                ]
            ]
        },
        {
            "file_path": "/data/shapenet_blender/all_50_random/02958343/b6345c309ba64f97e97c6bb243ef67d/r_40",
            "rotation": 0.12566370614359174,
            "transform_matrix": [
                [
                    -0.18948706984519958,
                    -0.9396617412567139,
                    0.2848340570926666,
                    1.1482027769088745
                ],
                [
                    0.9818832874298096,
                    -0.18133901059627533,
                    0.05496821179986,
                    0.22158394753932953
                ],
                [
                    0.0,
                    0.2900896966457367,
                    0.9569995403289795,
                    3.857788562774658
                ],
                [
                    0.0,
                    0.0,
                    0.0,
                    1.0
                ]
            ]
        },
        {
            "file_path": "/data/shapenet_blender/all_50_random/02958343/b6345c309ba64f97e97c6bb243ef67d/r_41",
            "rotation": 0.12566370614359174,
            "transform_matrix": [
                [
                    0.9310581088066101,
                    0.11388389021158218,
                    0.34664270281791687,
                    1.397361397743225
                ],
                [
                    0.3648707866668701,
                    -0.2906029224395752,
                    -0.8845446109771729,
                    -3.565713405609131
                ],
                [
                    7.450580596923828e-09,
                    0.950042188167572,
                    -0.3121211528778076,
