{
    "class": "02958343",
    "model": "12cf05b9f5f2d2c195c8d3a7db4dbe65",
    "remove_doubles": true,
    "edge_split": true,
    "denoise": true,
    "camera_angle_x": 0.6911112070083618,
    "scale_factor": 2.4453107612256275,
    "hdri_file": "/data/IndoorHDRDataset2018/9C4A3740-52f4fa8bb1.exr",
    "center_offset": [
        0.0,
        -9.313225746154785e-10,
        0.0
    ],
    "lights": [],
    "frames": [
        {
            "file_path": "/data/shapenet_blender/all_50_random/02958343/12cf05b9f5f2d2c195c8d3a7db4dbe65/r_0",
            "rotation": 0.12566370614359174,
            "transform_matrix": [
                [
                    0.8143269419670105,
                    -0.42571473121643066,
                    -0.39451050758361816,
                    -1.590322732925415
                ],
                [
                    -0.5804063677787781,
                    -0.5972900986671448,
                    -0.5535096526145935,
                    -2.231268882751465
                ],
                [
                    0.0,
                    0.6797143220901489,
                    -0.733476996421814,
                    -2.956740379333496
                ],
                [
                    0.0,
                    0.0,
                    0.0,
                    1.0
                ]
            ]
        },
        {
            "file_path": "/data/shapenet_blender/all_50_random/02958343/12cf05b9f5f2d2c195c8d3a7db4dbe65/r_1",
            "rotation": 0.12566370614359174,
            "transform_matrix": [
                [
                    -0.7610862851142883,
                    0.41364115476608276,
                    0.49964842200279236,
                    2.0141472816467285
                ],
                [
                    0.648650586605072,
                    0.4853408932685852,
                    0.5862564444541931,
                    2.3632755279541016
                ],
                [
                    -1.4901159417490817e-08,
                    0.7702890038490295,
                    -0.6376948356628418,
                    -2.5706303119659424
                ],
                [
                    0.0,
                    0.0,
                    0.0,
                    1.0
                ]
            ]
        },
        {
            "file_path": "/data/shapenet_blender/all_50_random/02958343/12cf05b9f5f2d2c195c8d3a7db4dbe65/r_2",
            "rotation": 0.12566370614359174,
            "transform_matrix": [
                [
                    -0.3695249557495117,
                    0.027112798765301704,
                    0.9288251996040344,
                    3.7442140579223633
                ],
                [
                    0.9292207956314087,
                    0.010781996883451939,
                    0.3693676292896271,
                    1.4889684915542603
                ],
                [
                    0.0,
                    0.9995741844177246,
                    -0.02917799912393093,
                    -0.11762027442455292
                ],
                [
                    0.0,
                    0.0,
                    0.0,
                    1.0
                ]
            ]
        },
        {
            "file_path": "/data/shapenet_blender/all_50_random/02958343/12cf05b9f5f2d2c195c8d3a7db4dbe65/r_3",
            "rotation": 0.12566370614359174,
            "transform_matrix": [
                [
                    0.7833898067474365,
                    0.15977531671524048,
                    -0.6006430983543396,
                    -2.4212701320648193
                ],
                [
                    -0.6215306520462036,
                    0.201384037733078,
                    -0.7570627331733704,
                    -3.0518176555633545
                ],
                [
                    0.0,
                    0.9663935303688049,
                    0.25706741213798523,
                    1.0362720489501953
                ],
                [
                    0.0,
                    0.0,
                    0.0,
                    1.0
                ]
            ]
        },
        {
            "file_path": "/data/shapenet_blender/all_50_random/02958343/12cf05b9f5f2d2c195c8d3a7db4dbe65/r_4",
            "rotation": 0.12566370614359174,
            "transform_matrix": [
                [
                    -0.17181918025016785,
                    0.21442155539989471,
                    -0.9615099430084229,
                    -3.8759708404541016
                ],
                [
                    -0.9851285815238953,
                    -0.03739789500832558,
                    0.16769978404045105,
                    0.6760194897651672
                ],
                [
                    0.0,
                    0.9760249853134155,
                    0.21765843033790588,
                    0.8774092793464661
                ],
                [
                    0.0,
                    0.0,
                    0.0,
                    1.0
                ]
            ]
        },
        {
            "file_path": "/data/shapenet_blender/all_50_random/02958343/12cf05b9f5f2d2c195c8d3a7db4dbe65/r_5",
            "rotation": 0.12566370614359174,
            "transform_matrix": [
                [
                    -0.7115799188613892,
                    0.15368185937404633,
                    -0.6855916976928711,
                    -2.7637085914611816
                ],
                [
                    -0.7026052474975586,
                    -0.15564490854740143,
                    0.6943490505218506,
                    2.7990105152130127
                ],
                [
                    -7.450581485102248e-09,
                    0.9757850170135498,
                    0.21873149275779724,
                    0.8817348480224609
                ],
                [
                    0.0,
                    0.0,
                    0.0,
                    1.0
                ]
            ]
        },
        {
            "file_path": "/data/shapenet_blender/all_50_random/02958343/12cf05b9f5f2d2c195c8d3a7db4dbe65/r_6",
            "rotation": 0.12566370614359174,
            "transform_matrix": [
                [
                    -0.5215646028518677,
                    -0.011032565496861935,
                    -0.8531403541564941,
                    -3.4391191005706787
                ],
                [
                    -0.8532118201255798,
                    0.006744158919900656,
                    0.5215209126472473,
                    2.102318286895752
                ],
                [
                    4.656612873077393e-10,
                    0.9999164342880249,
                    -0.012930628843605518,
                    -0.05212503671646118
                ],
                [
                    0.0,
                    0.0,
                    0.0,
                    1.0
                ]
            ]
        },
        {
            "file_path": "/data/shapenet_blender/all_50_random/02958343/12cf05b9f5f2d2c195c8d3a7db4dbe65/r_7",
            "rotation": 0.12566370614359174,
            "transform_matrix": [
                [
                    0.3026222884654999,
                    0.7370885014533997,
                    0.6042518019676208,
                    2.435817003250122
                ],
                [
                    0.9531105160713196,
                    -0.23403310775756836,
                    -0.19185611605644226,
                    -0.7733967304229736
                ],
                [
                    -1.4901160305669237e-08,
                    0.633978545665741,
                    -0.7733505368232727,
                    -3.117475748062134
                ],
                [
                    0.0,
                    0.0,
                    0.0,
                    1.0
                ]
            ]
        },
        {
            "file_path": "/data/shapenet_blender/all_50_random/02958343/12cf05b9f5f2d2c195c8d3a7db4dbe65/r_8",
            "rotation": 0.12566370614359174,
            "transform_matrix": [
                [
                    -0.47100532054901123,
                    -0.09480595588684082,
                    -0.8770209550857544,
                    -3.5353846549987793
                ],
                [
                    -0.8821303844451904,
                    0.050620757043361664,
                    0.4682771861553192,
                    1.887685775756836
                ],
                [
                    0.0,
                    0.9942079782485962,
                    -0.10747384279966354,
                    -0.4332409203052521
                ],
                [
                    0.0,
                    0.0,
                    0.0,
                    1.0
                ]
            ]
        },
        {
            "file_path": "/data/shapenet_blender/all_50_random/02958343/12cf05b9f5f2d2c195c8d3a7db4dbe65/r_9",
            "rotation": 0.12566370614359174,
            "transform_matrix": [
                [
                    -0.023275787010788918,
                    0.6837942600250244,
                    0.7293034791946411,
                    2.9399163722991943
                ],
                [
                    0.9997290968894958,
                    0.015920162200927734,
                    0.01697971299290657,
                    0.06844741106033325
                ],
                [
                    0.0,
                    0.7295010685920715,
                    -0.6839795708656311,
                    -2.7572097778320312
                ],
                [
                    0.0,
                    0.0,
                    0.0,
                    1.0
                ]
            ]
        },
        {
            "file_path": "/data/shapenet_blender/all_50_random/02958343/12cf05b9f5f2d2c195c8d3a7db4dbe65/r_10",
            "rotation": 0.12566370614359174,
            "transform_matrix": [
                [
                    0.8211228251457214,
                    0.13866804540157318,
                    0.5536500811576843,
                    2.231835126876831
                ],
                [
                    0.5707515478134155,
                    -0.19949747622013092,
                    -0.7965195178985596,
                    -3.2108731269836426
                ],
                [
                    -7.450580596923828e-09,
                    0.9700369834899902,
                    -0.2429569661617279,
                    -0.9793909192085266
                ],
                [
                    0.0,
                    0.0,
                    0.0,
                    1.0
                ]
            ]
        },
        {
            "file_path": "/data/shapenet_blender/all_50_random/02958343/12cf05b9f5f2d2c195c8d3a7db4dbe65/r_11",
            "rotation": 0.12566370614359174,
            "transform_matrix": [
                [
                    0.453093558549881,
                    -0.09554902464151382,
                    0.8863275051116943,
                    3.5729007720947266
                ],
                [
                    0.8914629220962524,
                    0.048563603311777115,
                    -0.45048344135284424,
                    -1.815956950187683
                ],
                [
                    -3.725290298461914e-09,
                    0.994239330291748,
                    0.10718226432800293,
                    0.43206554651260376
                ],
                [
                    0.0,
                    0.0,
                    0.0,
                    1.0
                ]
            ]
        },
        {
            "file_path": "/data/shapenet_blender/all_50_random/02958343/12cf05b9f5f2d2c195c8d3a7db4dbe65/r_12",
            "rotation": 0.12566370614359174,
            "transform_matrix": [
                [
                    -0.7704704999923706,
                    0.16662003099918365,
                    -0.6153153777122498,
                    -2.4804155826568604
                ],
                [
                    -0.6374756693840027,
                    -0.20138150453567505,
                    0.7436869144439697,
                    2.9978978633880615
                ],
                [
                    0.0,
                    0.9652373194694519,
                    0.2613747715950012,
                    1.0536353588104248
                ],
                [
                    0.0,
                    0.0,
                    0.0,
                    1.0
                ]
            ]
        },
        {
            "file_path": "/data/shapenet_blender/all_50_random/02958343/12cf05b9f5f2d2c195c8d3a7db4dbe65/r_13",
            "rotation": 0.12566370614359174,
            "transform_matrix": [
                [
                    0.24953387677669525,
                    -0.017685221508145332,
                    -0.9682044982910156,
                    -3.9029574394226074
                ],
                [
                    -0.9683661460876465,
                    -0.004557224456220865,
                    -0.24949222803115845,
                    -1.0057353973388672
                ],
                [
                    0.0,
                    0.9998331069946289,
                    -0.0182629507035017,
                    -0.07362031936645508
                ],
                [
                    0.0,
                    0.0,
                    0.0,
                    1.0
                ]
            ]
        },
        {
            "file_path": "/data/shapenet_blender/all_50_random/02958343/12cf05b9f5f2d2c195c8d3a7db4dbe65/r_14",
            "rotation": 0.12566370614359174,
            "transform_matrix": [
                [
                    -0.1179686039686203,
                    -0.7574642896652222,
                    -0.6421301960945129,
                    -2.5885095596313477
                ],
                [
                    -0.993017315864563,
                    0.08998534828424454,
                    0.07628387212753296,
                    0.3075101375579834
                ],
                [
                    0.0,
                    0.6466454267501831,
                    -0.7627906203269958,
                    -3.0749073028564453
                ],
                [
                    0.0,
                    0.0,
                    0.0,
                    1.0
                ]
            ]
        },
        {
            "file_path": "/data/shapenet_blender/all_50_random/02958343/12cf05b9f5f2d2c195c8d3a7db4dbe65/r_15",
            "rotation": 0.12566370614359174,
            "transform_matrix": [
                [
                    -0.4928249716758728,
                    0.778028666973114,
                    -0.38960862159729004,
                    -1.5705626010894775
                ],
                [
                    -0.8701285123825073,
                    -0.44066131114959717,
                    0.2206672579050064,
                    0.8895381689071655
                ],
                [
                    1.4901162970204496e-08,
                    0.44775983691215515,
                    0.8941537737846375,
                    3.6044492721557617
                ],
                [
                    0.0,
                    0.0,
                    0.0,
                    1.0
                ]
            ]
        },
        {
            "file_path": "/data/shapenet_blender/all_50_random/02958343/12cf05b9f5f2d2c195c8d3a7db4dbe65/r_16",
            "rotation": 0.12566370614359174,
            "transform_matrix": [
                [
                    0.6189818382263184,
                    -0.5144727230072021,
                    0.5934469103813171,
                    2.392261028289795
                ],
                [
                    0.7854052782058716,
                    0.40545856952667236,
                    -0.46769851446151733,
                    -1.8853529691696167
                ],
                [
                    -1.4901161193847656e-08,
                    0.7555932998657227,
                    0.6550410389900208,
                    2.640554904937744
                ],
                [
                    0.0,
                    0.0,
                    0.0,
                    1.0
                ]
            ]
        },
        {
            "file_path": "/data/shapenet_blender/all_50_random/02958343/12cf05b9f5f2d2c195c8d3a7db4dbe65/r_17",
            "rotation": 0.12566370614359174,
            "transform_matrix": [
                [
                    -0.023136913776397705,
                    0.1996581107378006,
                    -0.9795923233032227,
                    -3.9488632678985596
                ],
                [
                    -0.9997323751449585,
                    -0.004620708990842104,
                    0.022670811042189598,
                    0.09138897061347961
                ],
                [
                    4.656613428188905e-10,
                    0.9798547029495239,
                    0.19971154630184174,
                    0.8050630688667297
                ],
                [
                    0.0,
                    0.0,
                    0.0,
                    1.0
                ]
            ]
        },
        {
            "file_path": "/data/shapenet_blender/all_50_random/02958343/12cf05b9f5f2d2c195c8d3a7db4dbe65/r_18",
            "rotation": 0.12566370614359174,
            "transform_matrix": [
                [
                    -0.8278990983963013,
                    0.14632679522037506,
                    0.5414530634880066,
                    2.1826670169830322
                ],
                [
                    0.5608769059181213,
                    0.21599003672599792,
                    0.7992279529571533,
                    3.2217910289764404
                ],
                [
                    0.0,
                    0.9653686285018921,
                    -0.26088929176330566,
                    -1.0516784191131592
                ],
                [
                    0.0,
                    0.0,
                    0.0,
                    1.0
                ]
            ]
        },
        {
            "file_path": "/data/shapenet_blender/all_50_random/02958343/12cf05b9f5f2d2c195c8d3a7db4dbe65/r_19",
            "rotation": 0.12566370614359174,
            "transform_matrix": [
                [
                    -0.27933189272880554,
                    0.3988410532474518,
                    0.8734411597251892,
                    3.520953893661499
                ],
                [
                    0.9601945877075195,
                    0.11602755635976791,
                    0.25409430265426636,
                    1.0242868661880493
                ],
                [
                    -7.4505797087454084e-09,
                    0.9096502065658569,
                    -0.4153752326965332,
                    -1.6744310855865479
                ],
                [
                    0.0,
                    0.0,
                    0.0,
                    1.0
                ]
            ]
        },
        {
            "file_path": "/data/shapenet_blender/all_50_random/02958343/12cf05b9f5f2d2c195c8d3a7db4dbe65/r_20",
            "rotation": 0.12566370614359174,
            "transform_matrix": [
                [
                    -0.9716939926147461,
                    0.14272132515907288,
                    -0.1882588416337967,
                    -0.7588956952095032
                ],
                [
                    -0.23624306917190552,
                    -0.5870286822319031,
                    0.7743296027183533,
                    3.12142276763916
                ],
                [
                    0.0,
                    0.7968863248825073,
                    0.6041291356086731,
                    2.4353227615356445
                ],
                [
                    0.0,
                    0.0,
                    0.0,
                    1.0
                ]
            ]
        },
        {
            "file_path": "/data/shapenet_blender/all_50_random/02958343/12cf05b9f5f2d2c195c8d3a7db4dbe65/r_21",
            "rotation": 0.12566370614359174,
            "transform_matrix": [
                [
                    0.9198512434959412,
                    0.08082962036132812,
                    -0.38384926319122314,
                    -1.5473456382751465
                ],
                [
                    -0.39226728677749634,
                    0.1895422637462616,
                    -0.9001113176345825,
                    -3.6284642219543457
                ],
                [
                    0.0,
                    0.9785398840904236,
                    0.20605754852294922,
                    0.830644428730011
                ],
                [
                    0.0,
                    0.0,
                    0.0,
                    1.0
                ]
            ]
        },
        {
            "file_path": "/data/shapenet_blender/all_50_random/02958343/12cf05b9f5f2d2c195c8d3a7db4dbe65/r_22",
            "rotation": 0.12566370614359174,
            "transform_matrix": [
                [
                    0.7088897228240967,
                    -0.25025004148483276,
                    0.6594318151473999,
                    2.658254623413086
                ],
                [
                    0.7053194046020508,
                    0.25151681900024414,
                    -0.6627699136734009,
                    -2.671710968017578
                ],
                [
                    0.0,
                    0.934940755367279,
                    0.3548038601875305,
                    1.4302600622177124
                ],
                [
                    0.0,
                    0.0,
                    0.0,
                    1.0
                ]
            ]
        },
        {
            "file_path": "/data/shapenet_blender/all_50_random/02958343/12cf05b9f5f2d2c195c8d3a7db4dbe65/r_23",
            "rotation": 0.12566370614359174,
            "transform_matrix": [
                [
                    0.8383336067199707,
                    0.26420319080352783,
                    0.47685784101486206,
                    1.922275424003601
                ],
                [
                    0.5451574921607971,
                    -0.4062870442867279,
                    -0.7333035469055176,
                    -2.956041097640991
                ],
                [
                    1.4901160305669237e-08,
                    0.8747156262397766,
                    -0.48463648557662964,
                    -1.953632116317749
                ],
                [
                    0.0,
                    0.0,
                    0.0,
                    1.0
                ]
            ]
        },
        {
            "file_path": "/data/shapenet_blender/all_50_random/02958343/12cf05b9f5f2d2c195c8d3a7db4dbe65/r_24",
            "rotation": 0.12566370614359174,
            "transform_matrix": [
                [
                    0.08300856500864029,
                    0.6399863362312317,
                    -0.7638893723487854,
                    -3.079336643218994
                ],
                [
                    -0.9965488314628601,
                    0.05330832675099373,
                    -0.06362895667552948,
                    -0.25649651885032654
                ],
                [
                    3.725290298461914e-09,
                    0.7665348052978516,
                    0.6422027349472046,
                    2.5888020992279053
                ],
                [
                    0.0,
                    0.0,
                    0.0,
                    1.0
                ]
            ]
        },
        {
            "file_path": "/data/shapenet_blender/all_50_random/02958343/12cf05b9f5f2d2c195c8d3a7db4dbe65/r_25",
            "rotation": 0.12566370614359174,
            "transform_matrix": [
                [
                    -0.965787947177887,
                    0.24602444469928741,
                    0.08201027661561966,
                    0.330594003200531
                ],
                [
                    0.25933319330215454,
                    0.9162245392799377,
                    0.3054161071777344,
                    1.231171727180481
                ],
                [
                    0.0,
                    0.31623515486717224,
                    -0.9486808180809021,
                    -3.8242547512054443
                ],
                [
                    0.0,
                    0.0,
                    0.0,
                    1.0
                ]
            ]
        },
        {
            "file_path": "/data/shapenet_blender/all_50_random/02958343/12cf05b9f5f2d2c195c8d3a7db4dbe65/r_26",
            "rotation": 0.12566370614359174,
            "transform_matrix": [
                [
                    -0.6630091071128845,
                    0.3028206527233124,
                    -0.6846300959587097,
                    -2.7598323822021484
                ],
                [
                    -0.7486112117767334,
                    -0.2681937515735626,
                    0.6063441038131714,
                    2.444251537322998
                ],
                [
                    0.0,
                    0.9145336151123047,
                    0.4045098125934601,
                    1.6306313276290894
                ],
                [
                    0.0,
                    0.0,
                    0.0,
                    1.0
                ]
            ]
        },
        {
            "file_path": "/data/shapenet_blender/all_50_random/02958343/12cf05b9f5f2d2c195c8d3a7db4dbe65/r_27",
            "rotation": 0.12566370614359174,
            "transform_matrix": [
                [
                    0.6369589567184448,
                    0.6492311954498291,
                    0.415670782327652,
                    1.675622582435608
                ],
                [
                    0.7708978056907654,
                    -0.5364311933517456,
                    -0.34345048666000366,
                    -1.384493350982666
                ],
                [
                    0.0,
                    0.5392034649848938,
                    -0.8421754240989685,
                    -3.3949179649353027
                ],
                [
                    0.0,
                    0.0,
                    0.0,
                    1.0
                ]
            ]
        },
        {
            "file_path": "/data/shapenet_blender/all_50_random/02958343/12cf05b9f5f2d2c195c8d3a7db4dbe65/r_28",
            "rotation": 0.12566370614359174,
            "transform_matrix": [
                [
                    -0.11115412414073944,
                    -0.5680617690086365,
                    -0.815445065498352,
                    -3.2871642112731934
                ],
                [
                    -0.9938032627105713,
                    0.0635361298918724,
                    0.09120526909828186,
                    0.36766019463539124
                ],
                [
                    -3.725290298461914e-09,
                    0.8205297589302063,
                    -0.5716038346290588,
                    -2.304208755493164
                ],
                [
                    0.0,
                    0.0,
                    0.0,
                    1.0
                ]
            ]
        },
        {
            "file_path": "/data/shapenet_blender/all_50_random/02958343/12cf05b9f5f2d2c195c8d3a7db4dbe65/r_29",
            "rotation": 0.12566370614359174,
            "transform_matrix": [
                [
                    0.18269754946231842,
                    0.7282618284225464,
                    0.6604969501495361,
                    2.662548542022705
                ],
                [
                    0.9831691980361938,
                    -0.13532935082912445,
                    -0.12273693084716797,
                    -0.4947684109210968
                ],
                [
                    0.0,
                    0.6718040108680725,
                    -0.7407288551330566,
                    -2.985973834991455
                ],
                [
                    0.0,
                    0.0,
                    0.0,
                    1.0
                ]
            ]
        },
        {
            "file_path": "/data/shapenet_blender/all_50_random/02958343/12cf05b9f5f2d2c195c8d3a7db4dbe65/r_30",
            "rotation": 0.12566370614359174,
            "transform_matrix": [
                [
                    0.1546756476163864,
                    0.02078854851424694,
                    -0.9877465963363647,
                    -3.981733560562134
                ],
                [
                    -0.9879652261734009,
                    0.0032546515576541424,
                    -0.15464141964912415,
                    -0.6233794689178467
                ],
                [
                    2.3283061589829401e-10,
                    0.9997784495353699,
                    0.021041786298155785,
                    0.0848221480846405
                ],
                [
                    0.0,
                    0.0,
                    0.0,
                    1.0
                ]
            ]
        },
        {
            "file_path": "/data/shapenet_blender/all_50_random/02958343/12cf05b9f5f2d2c195c8d3a7db4dbe65/r_31",
            "rotation": 0.12566370614359174,
            "transform_matrix": [
                [
                    0.9396224021911621,
                    -0.027344567701220512,
                    -0.34111878275871277,
                    -1.3750938177108765
                ],
                [
                    -0.3422130048274994,
                    -0.07508061826229095,
                    -0.936617910861969,
                    -3.775627613067627
                ],
                [
                    1.862645149230957e-09,
                    0.9968024492263794,
                    -0.07990510016679764,
                    -0.3221077620983124
                ],
                [
                    0.0,
                    0.0,
                    0.0,
                    1.0
                ]
            ]
        },
        {
            "file_path": "/data/shapenet_blender/all_50_random/02958343/12cf05b9f5f2d2c195c8d3a7db4dbe65/r_32",
            "rotation": 0.12566370614359174,
            "transform_matrix": [
                [
                    -0.6049783825874329,
                    0.5685068964958191,
                    -0.5574952363967896,
                    -2.247335433959961
                ],
                [
                    -0.7962418794631958,
                    -0.43194714188575745,
                    0.423580527305603,
                    1.707507848739624
                ],
                [
                    -2.9802322387695312e-08,
                    0.7001581192016602,
                    0.7139876484870911,
                    2.87817645072937
                ],
                [
                    0.0,
                    0.0,
                    0.0,
                    1.0
                ]
            ]
        },
        {
            "file_path": "/data/shapenet_blender/all_50_random/02958343/12cf05b9f5f2d2c195c8d3a7db4dbe65/r_33",
            "rotation": 0.12566370614359174,
            "transform_matrix": [
                [
                    -0.5703859329223633,
                    0.5726383328437805,
                    -0.5888507962226868,
                    -2.3737335205078125
                ],
                [
                    -0.8213768005371094,
                    -0.39765527844429016,
                    0.40891364216804504,
                    1.648383617401123
                ],
                [
                    0.0,
                    0.7169069647789001,
                    0.6971688270568848,
                    2.810377359390259
                ],
                [
                    0.0,
                    0.0,
                    0.0,
                    1.0
                ]
            ]
        },
        {
            "file_path": "/data/shapenet_blender/all_50_random/02958343/12cf05b9f5f2d2c195c8d3a7db4dbe65/r_34",
            "rotation": 0.12566370614359174,
            "transform_matrix": [
                [
                    -0.43205270171165466,
                    0.5283553600311279,
                    -0.7308700084686279,
                    -2.9462313652038574
                ],
                [
                    -0.9018482565879822,
                    -0.2531217038631439,
                    0.35014137625694275,
                    1.4114651679992676
                ],
                [
                    1.4901158529312397e-08,
                    0.8104135990142822,
                    0.5858582258224487,
                    2.3616702556610107
                ],
                [
                    0.0,
                    0.0,
                    0.0,
                    1.0
                ]
            ]
        },
        {
            "file_path": "/data/shapenet_blender/all_50_random/02958343/12cf05b9f5f2d2c195c8d3a7db4dbe65/r_35",
            "rotation": 0.12566370614359174,
            "transform_matrix": [
                [
                    -0.9715495109558105,
                    -0.07284682989120483,
                    0.225355327129364,
                    0.9084364175796509
                ],
                [
                    0.23683686554431915,
                    -0.2988314628601074,
                    0.9244500994682312,
                    3.7265777587890625
                ],
                [
                    0.0,
                    0.9515215754508972,
                    0.307582288980484,
                    1.2399040460586548
                ],
                [
                    0.0,
                    0.0,
                    0.0,
                    1.0
                ]
            ]
        },
        {
            "file_path": "/data/shapenet_blender/all_50_random/02958343/12cf05b9f5f2d2c195c8d3a7db4dbe65/r_36",
            "rotation": 0.12566370614359174,
            "transform_matrix": [
                [
                    0.9951088428497314,
                    0.08428046852350235,
                    0.05152919143438339,
                    0.2077208161354065
                ],
                [
                    0.09878489375114441,
                    -0.8489986062049866,
                    -0.5190789103507996,
                    -2.0924739837646484
                ],
                [
                    -3.725290298461914e-09,
                    0.5216303467750549,
                    -0.8531715869903564,
                    -3.4392447471618652
                ],
                [
                    0.0,
                    0.0,
                    0.0,
                    1.0
                ]
            ]
        },
        {
            "file_path": "/data/shapenet_blender/all_50_random/02958343/12cf05b9f5f2d2c195c8d3a7db4dbe65/r_37",
            "rotation": 0.12566370614359174,
            "transform_matrix": [
                [
                    0.9433126449584961,
                    -0.21591031551361084,
                    0.25207945704460144,
                    1.0161648988723755
                ],
                [
                    0.3319056034088135,
                    0.6136411428451538,
                    -0.7164378762245178,
                    -2.8880536556243896
                ],
                [
                    0.0,
                    0.759491503238678,
                    0.6505171656608582,
                    2.622318744659424
                ],
                [
                    0.0,
                    0.0,
                    0.0,
                    1.0
                ]
            ]
        },
        {
            "file_path": "/data/shapenet_blender/all_50_random/02958343/12cf05b9f5f2d2c195c8d3a7db4dbe65/r_38",
            "rotation": 0.12566370614359174,
            "transform_matrix": [
                [
                    0.23646818101406097,
                    -0.3043346703052521,
                    0.9227476119995117,
                    3.719714641571045
                ],
                [
                    0.9716393351554871,
                    0.07406603544950485,
                    -0.2245693802833557,
                    -0.905268132686615
                ],
                [
                    -7.450581485102248e-09,
                    0.9496813416481018,
                    0.31321775913238525,
                    1.2626211643218994
                ],
                [
                    0.0,
                    0.0,
                    0.0,
                    1.0
                ]
            ]
        },
        {
            "file_path": "/data/shapenet_blender/all_50_random/02958343/12cf05b9f5f2d2c195c8d3a7db4dbe65/r_39",
            "rotation": 0.12566370614359174,
            "transform_matrix": [
                [
                    -0.9854158163070679,
                    0.01909177377820015,
                    -0.1690894216299057,
                    -0.681621253490448
                ],
                [
                    -0.1701638251543045,
                    -0.11056014150381088,
                    0.979193925857544,
                    3.9472570419311523
                ],
                [
                    0.0,
                    0.9936860799789429,
                    0.1121964305639267,
                    0.4522782862186432
                ],
                [
                    0.0,
                    0.0,
                    0.0,
                    1.0
                ]
            ]
        },
        {
            "file_path": "/data/shapenet_blender/all_50_random/02958343/12cf05b9f5f2d2c195c8d3a7db4dbe65/r_40",
            "rotation": 0.12566370614359174,
            "transform_matrix": [
                [
                    -0.30424004793167114,
                    -0.7619998455047607,
                    0.5716592669487,
                    2.3044321537017822
                ],
                [
                    0.9525954723358154,
                    -0.24336758255958557,
                    0.18257659673690796,
                    0.7359898090362549
                ],
                [
                    0.0,
                    0.6001071333885193,
                    0.7999196648597717,
                    3.224579334259033
                ],
                [
                    0.0,
                    0.0,
                    0.0,
                    1.0
                ]
            ]
        },
        {
            "file_path": "/data/shapenet_blender/all_50_random/02958343/12cf05b9f5f2d2c195c8d3a7db4dbe65/r_41",
            "rotation": 0.12566370614359174,
            "transform_matrix": [
                [
                    0.9442567825317383,
                    0.09086810052394867,
                    -0.31642088294029236,
                    -1.2755334377288818
                ],
                [
                    -0.32920998334884644,
                    0.2606324851512909,
                    -0.907574474811554,
                    -3.6585497856140137
                ],
                [
