{
    "class": "02958343",
    "model": "51c957fc4a2690ea7af49dac67ce8f",
    "remove_doubles": true,
    "edge_split": true,
    "denoise": true,
    "camera_angle_x": 0.6911112070083618,
    "scale_factor": 2.2549415338297356,
    "hdri_file": "/data/IndoorHDRDataset2018/AG8A1744-0777e0621c.exr",
    "center_offset": [
        0.0,
        -1.862645149230957e-09,
        0.0
    ],
    "lights": [],
    "frames": [
        {
            "file_path": "/data/shapenet_blender/all_50_random/02958343/51c957fc4a2690ea7af49dac67ce8f/r_0",
            "rotation": 0.12566370614359174,
            "transform_matrix": [
                [
                    0.9325804710388184,
                    -0.21511080861091614,
                    -0.28986403346061707,
                    -1.1684794425964355
                ],
                [
                    -0.3609624207019806,
                    -0.555759072303772,
                    -0.7488911151885986,
                    -3.018876791000366
                ],
                [
                    -1.4901162970204496e-08,
                    0.8030311465263367,
                    -0.5959368944168091,
                    -2.40229868888855
                ],
                [
                    0.0,
                    0.0,
                    0.0,
                    1.0
                ]
            ]
        },
        {
            "file_path": "/data/shapenet_blender/all_50_random/02958343/51c957fc4a2690ea7af49dac67ce8f/r_1",
            "rotation": 0.12566370614359174,
            "transform_matrix": [
                [
                    0.057154979556798935,
                    -0.2448761761188507,
                    -0.9678682088851929,
                    -3.901601791381836
                ],
                [
                    -0.9983653426170349,
                    -0.01401880756020546,
                    -0.055409058928489685,
                    -0.223361074924469
                ],
                [
                    0.0,
                    0.9694529175758362,
                    -0.24527715146541595,
                    -0.9887439012527466
                ],
                [
                    0.0,
                    0.0,
                    0.0,
                    1.0
                ]
            ]
        },
        {
            "file_path": "/data/shapenet_blender/all_50_random/02958343/51c957fc4a2690ea7af49dac67ce8f/r_2",
            "rotation": 0.12566370614359174,
            "transform_matrix": [
                [
                    -0.8439911603927612,
                    0.3560631573200226,
                    0.4011210501194,
                    1.6169706583023071
                ],
                [
                    0.5363572835922241,
                    0.5602872371673584,
                    0.6311886310577393,
                    2.544402837753296
                ],
                [
                    1.4901162970204496e-08,
                    0.7478618025779724,
                    -0.6638544797897339,
                    -2.6760830879211426
                ],
                [
                    0.0,
                    0.0,
                    0.0,
                    1.0
                ]
            ]
        },
        {
            "file_path": "/data/shapenet_blender/all_50_random/02958343/51c957fc4a2690ea7af49dac67ce8f/r_3",
            "rotation": 0.12566370614359174,
            "transform_matrix": [
                [
                    -0.8952432870864868,
                    -0.03954450413584709,
                    0.44381943345069885,
                    1.7890934944152832
                ],
                [
                    0.4455777406692505,
                    -0.0794517993927002,
                    0.8917105793952942,
                    3.5946006774902344
                ],
                [
                    -3.725290298461914e-09,
                    0.9960540533065796,
                    0.08874882757663727,
                    0.3577579855918884
                ],
                [
                    0.0,
                    0.0,
                    0.0,
                    1.0
                ]
            ]
        },
        {
            "file_path": "/data/shapenet_blender/all_50_random/02958343/51c957fc4a2690ea7af49dac67ce8f/r_4",
            "rotation": 0.12566370614359174,
            "transform_matrix": [
                [
                    -0.9968302845954895,
                    -0.07719939202070236,
                    -0.019229484722018242,
                    -0.07751653343439102
                ],
                [
                    -0.07955828309059143,
                    0.9672743678092957,
                    0.2409369796514511,
                    0.9712480306625366
                ],
                [
                    -1.862645371275562e-09,
                    0.24170292913913727,
                    -0.9703502655029297,
                    -3.911607027053833
                ],
                [
                    0.0,
                    0.0,
                    0.0,
                    1.0
                ]
            ]
        },
        {
            "file_path": "/data/shapenet_blender/all_50_random/02958343/51c957fc4a2690ea7af49dac67ce8f/r_5",
            "rotation": 0.12566370614359174,
            "transform_matrix": [
                [
                    0.9682010412216187,
                    0.08759649097919464,
                    0.23433642089366913,
                    0.9446403384208679
                ],
                [
                    0.2501733601093292,
                    -0.33900901675224304,
                    -0.906910240650177,
                    -3.655872106552124
                ],
                [
                    7.450580596923828e-09,
                    0.9366961121559143,
                    -0.3501432240009308,
                    -1.4114724397659302
                ],
                [
                    0.0,
                    0.0,
                    0.0,
                    1.0
                ]
            ]
        },
        {
            "file_path": "/data/shapenet_blender/all_50_random/02958343/51c957fc4a2690ea7af49dac67ce8f/r_6",
            "rotation": 0.12566370614359174,
            "transform_matrix": [
                [
                    0.8884528279304504,
                    -0.18423184752464294,
                    -0.4203691780567169,
                    -1.6945624351501465
                ],
                [
                    -0.45896804332733154,
                    -0.35662898421287537,
                    -0.8137345910072327,
                    -3.2802693843841553
                ],
                [
                    0.0,
                    0.9159008264541626,
                    -0.4014045000076294,
                    -1.618113398551941
                ],
                [
                    0.0,
                    0.0,
                    0.0,
                    1.0
                ]
            ]
        },
        {
            "file_path": "/data/shapenet_blender/all_50_random/02958343/51c957fc4a2690ea7af49dac67ce8f/r_7",
            "rotation": 0.12566370614359174,
            "transform_matrix": [
                [
                    -0.935213565826416,
                    -0.12998837232589722,
                    0.3293609023094177,
                    1.3276963233947754
                ],
                [
                    0.35408416390419006,
                    -0.34332767128944397,
                    0.8699140548706055,
                    3.5067358016967773
                ],
                [
                    0.0,
                    0.9301769733428955,
                    0.3671115040779114,
                    1.479873776435852
                ],
                [
                    0.0,
                    0.0,
                    0.0,
                    1.0
                ]
            ]
        },
        {
            "file_path": "/data/shapenet_blender/all_50_random/02958343/51c957fc4a2690ea7af49dac67ce8f/r_8",
            "rotation": 0.12566370614359174,
            "transform_matrix": [
                [
                    -0.6400778293609619,
                    0.18264570832252502,
                    -0.7462846636772156,
                    -3.0083696842193604
                ],
                [
                    -0.7683099508285522,
                    -0.1521618515253067,
                    0.6217285990715027,
                    2.506268262863159
                ],
                [
                    0.0,
                    0.9713327884674072,
                    0.2377239614725113,
                    0.9582959413528442
                ],
                [
                    0.0,
                    0.0,
                    0.0,
                    1.0
                ]
            ]
        },
        {
            "file_path": "/data/shapenet_blender/all_50_random/02958343/51c957fc4a2690ea7af49dac67ce8f/r_9",
            "rotation": 0.12566370614359174,
            "transform_matrix": [
                [
                    0.9430150389671326,
                    -0.11546640843153,
                    -0.3120739161968231,
                    -1.2580100297927856
                ],
                [
                    -0.3327500820159912,
                    -0.3272322714328766,
                    -0.8844187259674072,
                    -3.5652055740356445
                ],
                [
                    -7.450580152834618e-09,
                    0.937862753868103,
                    -0.3470064103603363,
                    -1.3988274335861206
                ],
                [
                    0.0,
                    0.0,
                    0.0,
                    1.0
                ]
            ]
        },
        {
            "file_path": "/data/shapenet_blender/all_50_random/02958343/51c957fc4a2690ea7af49dac67ce8f/r_10",
            "rotation": 0.12566370614359174,
            "transform_matrix": [
                [
                    -0.9464770555496216,
                    0.22536921501159668,
                    0.23106274008750916,
                    0.9314436912536621
                ],
                [
                    0.32277125120162964,
                    0.660860538482666,
                    0.6775559186935425,
                    2.7313153743743896
                ],
                [
                    0.0,
                    0.7158714532852173,
                    -0.6982320547103882,
                    -2.8146634101867676
                ],
                [
                    0.0,
                    0.0,
                    0.0,
                    1.0
                ]
            ]
        },
        {
            "file_path": "/data/shapenet_blender/all_50_random/02958343/51c957fc4a2690ea7af49dac67ce8f/r_11",
            "rotation": 0.12566370614359174,
            "transform_matrix": [
                [
                    -0.9459619522094727,
                    0.19787172973155975,
                    0.25691014528274536,
                    1.0356380939483643
                ],
                [
                    0.32427775859832764,
                    0.5772185325622559,
                    0.7494415640830994,
                    3.0210957527160645
                ],
                [
                    0.0,
                    0.7922534942626953,
                    -0.610192060470581,
                    -2.4597630500793457
                ],
                [
                    0.0,
                    0.0,
                    0.0,
                    1.0
                ]
            ]
        },
        {
            "file_path": "/data/shapenet_blender/all_50_random/02958343/51c957fc4a2690ea7af49dac67ce8f/r_12",
            "rotation": 0.12566370614359174,
            "transform_matrix": [
                [
                    -0.6944171786308289,
                    -0.3993070125579834,
                    -0.5986140370368958,
                    -2.413090467453003
                ],
                [
                    -0.7195727229118347,
                    0.3853476345539093,
                    0.5776870846748352,
                    2.328731060028076
                ],
                [
                    0.0,
                    0.8319021463394165,
                    -0.5549224019050598,
                    -2.2369637489318848
                ],
                [
                    0.0,
                    0.0,
                    0.0,
                    1.0
                ]
            ]
        },
        {
            "file_path": "/data/shapenet_blender/all_50_random/02958343/51c957fc4a2690ea7af49dac67ce8f/r_13",
            "rotation": 0.12566370614359174,
            "transform_matrix": [
                [
                    -0.9185259938240051,
                    0.0812416821718216,
                    -0.386923611164093,
                    -1.5597387552261353
                ],
                [
                    -0.39536070823669434,
                    -0.18874560296535492,
                    0.8989244103431702,
                    3.6236798763275146
                ],
                [
                    0.0,
                    0.9786597490310669,
                    0.20548751950263977,
                    0.8283466100692749
                ],
                [
                    0.0,
                    0.0,
                    0.0,
                    1.0
                ]
            ]
        },
        {
            "file_path": "/data/shapenet_blender/all_50_random/02958343/51c957fc4a2690ea7af49dac67ce8f/r_14",
            "rotation": 0.12566370614359174,
            "transform_matrix": [
                [
                    -0.3042210340499878,
                    0.010475870221853256,
                    -0.9525437951087952,
                    -3.839827060699463
                ],
                [
                    -0.952601432800293,
                    -0.0033455542288720608,
                    0.3042025864124298,
                    1.2262799739837646
                ],
                [
                    2.3283061589829401e-10,
                    0.9999395608901978,
                    0.010997116565704346,
                    0.04433079808950424
                ],
                [
                    0.0,
                    0.0,
                    0.0,
                    1.0
                ]
            ]
        },
        {
            "file_path": "/data/shapenet_blender/all_50_random/02958343/51c957fc4a2690ea7af49dac67ce8f/r_15",
            "rotation": 0.12566370614359174,
            "transform_matrix": [
                [
                    0.2409200221300125,
                    0.031978536397218704,
                    -0.9700179100036621,
                    -3.9102675914764404
                ],
                [
                    -0.9705449938774109,
                    0.007938086055219173,
                    -0.24078918993473053,
                    -0.9706523418426514
                ],
                [
                    -4.656612873077393e-10,
                    0.9994570016860962,
                    0.032949045300483704,
                    0.13282185792922974
                ],
                [
                    0.0,
                    0.0,
                    0.0,
                    1.0
                ]
            ]
        },
        {
            "file_path": "/data/shapenet_blender/all_50_random/02958343/51c957fc4a2690ea7af49dac67ce8f/r_16",
            "rotation": 0.12566370614359174,
            "transform_matrix": [
                [
                    0.9393495321273804,
                    0.029929805546998978,
                    -0.34165266156196594,
                    -1.3772459030151367
                ],
                [
                    -0.3429611027240753,
                    0.08197589963674545,
                    -0.9357657432556152,
                    -3.7721924781799316
                ],
                [
                    -1.8626450382086546e-09,
                    0.996184766292572,
                    0.08726879209280014,
                    0.35179173946380615
                ],
                [
                    0.0,
                    0.0,
                    0.0,
                    1.0
                ]
            ]
        },
        {
            "file_path": "/data/shapenet_blender/all_50_random/02958343/51c957fc4a2690ea7af49dac67ce8f/r_17",
            "rotation": 0.12566370614359174,
            "transform_matrix": [
                [
                    0.997422456741333,
                    -0.003598888637498021,
                    0.07166247814893723,
                    0.2888806462287903
                ],
                [
                    0.07175278663635254,
                    0.05002749711275101,
                    -0.9961670637130737,
                    -4.015677452087402
                ],
                [
                    0.0,
                    0.9987413287162781,
                    0.05015677958726883,
                    0.2021884173154831
                ],
                [
                    0.0,
                    0.0,
                    0.0,
                    1.0
                ]
            ]
        },
        {
            "file_path": "/data/shapenet_blender/all_50_random/02958343/51c957fc4a2690ea7af49dac67ce8f/r_18",
            "rotation": 0.12566370614359174,
            "transform_matrix": [
                [
                    -0.7787560820579529,
                    -0.15786024928092957,
                    -0.607140064239502,
                    -2.4474596977233887
                ],
                [
                    -0.6273267865180969,
                    0.19596588611602783,
                    0.753696620464325,
                    3.03824782371521
                ],
                [
                    0.0,
                    0.967820942401886,
                    -0.2516396641731262,
                    -1.0143917798995972
                ],
                [
                    0.0,
                    0.0,
                    0.0,
                    1.0
                ]
            ]
        },
        {
            "file_path": "/data/shapenet_blender/all_50_random/02958343/51c957fc4a2690ea7af49dac67ce8f/r_19",
            "rotation": 0.12566370614359174,
            "transform_matrix": [
                [
                    0.42614710330963135,
                    -0.29526299238204956,
                    -0.8551130890846252,
                    -3.447071075439453
                ],
                [
                    -0.9046539068222046,
                    -0.13908685743808746,
                    -0.40281036496162415,
                    -1.6237804889678955
                ],
                [
                    0.0,
                    0.9452378749847412,
                    -0.32638227939605713,
                    -1.3156890869140625
                ],
                [
                    0.0,
                    0.0,
                    0.0,
                    1.0
                ]
            ]
        },
        {
            "file_path": "/data/shapenet_blender/all_50_random/02958343/51c957fc4a2690ea7af49dac67ce8f/r_20",
            "rotation": 0.12566370614359174,
            "transform_matrix": [
                [
                    0.22938977181911469,
                    0.6103830337524414,
                    -0.7581641674041748,
                    -3.056257486343384
                ],
                [
                    -0.9733346700668335,
                    0.14385147392749786,
                    -0.1786796599626541,
                    -0.7202807664871216
                ],
                [
                    0.0,
                    0.7789347171783447,
                    0.6271049976348877,
                    2.5279409885406494
                ],
                [
                    0.0,
                    0.0,
                    0.0,
                    1.0
                ]
            ]
        },
        {
            "file_path": "/data/shapenet_blender/all_50_random/02958343/51c957fc4a2690ea7af49dac67ce8f/r_21",
            "rotation": 0.12566370614359174,
            "transform_matrix": [
                [
                    0.9973080158233643,
                    -0.06212621182203293,
                    0.03895071521401405,
                    0.1570153534412384
                ],
                [
                    0.07332682609558105,
                    0.8449699878692627,
                    -0.5297632813453674,
                    -2.1355440616607666
                ],
                [
                    3.725290298461914e-09,
                    0.531193196773529,
                    0.8472506403923035,
                    3.415376663208008
                ],
                [
                    0.0,
                    0.0,
                    0.0,
                    1.0
                ]
            ]
        },
        {
            "file_path": "/data/shapenet_blender/all_50_random/02958343/51c957fc4a2690ea7af49dac67ce8f/r_22",
            "rotation": 0.12566370614359174,
            "transform_matrix": [
                [
                    -0.23552876710891724,
                    0.002952049719169736,
                    0.9718628525733948,
                    3.9177045822143555
                ],
                [
                    0.9718674421310425,
                    0.0007154191262088716,
                    0.2355276495218277,
                    0.9494423270225525
                ],
                [
                    5.820766785236131e-11,
                    0.9999954104423523,
                    -0.0030375022906810045,
                    -0.012244563549757004
                ],
                [
                    0.0,
                    0.0,
                    0.0,
                    1.0
                ]
            ]
        },
        {
            "file_path": "/data/shapenet_blender/all_50_random/02958343/51c957fc4a2690ea7af49dac67ce8f/r_23",
            "rotation": 0.12566370614359174,
            "transform_matrix": [
                [
                    -0.7342417240142822,
                    0.03430802375078201,
                    -0.6780206561088562,
                    -2.7331888675689697
                ],
                [
                    -0.6788881421089172,
                    -0.03710534796118736,
                    0.7333034873008728,
                    2.956041097640991
                ],
                [
                    0.0,
                    0.99872225522995,
                    0.05053560063242912,
                    0.20371553301811218
                ],
                [
                    0.0,
                    0.0,
                    0.0,
                    1.0
                ]
            ]
        },
        {
            "file_path": "/data/shapenet_blender/all_50_random/02958343/51c957fc4a2690ea7af49dac67ce8f/r_24",
            "rotation": 0.12566370614359174,
            "transform_matrix": [
                [
                    0.74370276927948,
                    0.3526104986667633,
                    -0.5679542422294617,
                    -2.289496898651123
                ],
                [
                    -0.6685104966163635,
                    0.3922712206840515,
                    -0.6318362355232239,
                    -2.547013282775879
                ],
                [
                    1.4901162970204496e-08,
                    0.8495815992355347,
                    0.527457058429718,
                    2.1262474060058594
                ],
                [
                    0.0,
                    0.0,
                    0.0,
                    1.0
                ]
            ]
        },
        {
            "file_path": "/data/shapenet_blender/all_50_random/02958343/51c957fc4a2690ea7af49dac67ce8f/r_25",
            "rotation": 0.12566370614359174,
            "transform_matrix": [
                [
                    0.9763004779815674,
                    0.10474835336208344,
                    0.18938085436820984,
                    0.7634186744689941
                ],
                [
                    0.21641932427883148,
                    -0.47253578901290894,
                    -0.8543258309364319,
                    -3.4438977241516113
                ],
                [
                    7.4505797087454084e-09,
                    0.875064492225647,
                    -0.484006404876709,
                    -1.9510923624038696
                ],
                [
                    0.0,
                    0.0,
                    0.0,
                    1.0
                ]
            ]
        },
        {
            "file_path": "/data/shapenet_blender/all_50_random/02958343/51c957fc4a2690ea7af49dac67ce8f/r_26",
            "rotation": 0.12566370614359174,
            "transform_matrix": [
                [
                    -0.3173351585865021,
                    -0.3893456757068634,
                    0.8647012710571289,
                    3.485722541809082
                ],
                [
                    0.9483134746551514,
                    -0.13028717041015625,
                    0.28935593366622925,
                    1.166431188583374
                ],
                [
                    0.0,
                    0.9118306636810303,
                    0.41056638956069946,
                    1.6550462245941162
                ],
                [
                    0.0,
                    0.0,
                    0.0,
                    1.0
                ]
            ]
        },
        {
            "file_path": "/data/shapenet_blender/all_50_random/02958343/51c957fc4a2690ea7af49dac67ce8f/r_27",
            "rotation": 0.12566370614359174,
            "transform_matrix": [
                [
                    -0.060362789779901505,
                    -0.31080666184425354,
                    0.9485544562339783,
                    3.8237452507019043
                ],
                [
                    0.9981765151023865,
                    -0.018795430660247803,
                    0.057361993938684464,
                    0.2312335968017578
                ],
                [
                    -1.862645149230957e-09,
                    0.9502872824668884,
                    0.3113744556903839,
                    1.2551906108856201
                ],
                [
                    0.0,
                    0.0,
                    0.0,
                    1.0
                ]
            ]
        },
        {
            "file_path": "/data/shapenet_blender/all_50_random/02958343/51c957fc4a2690ea7af49dac67ce8f/r_28",
            "rotation": 0.12566370614359174,
            "transform_matrix": [
                [
                    0.043228909373283386,
                    -0.21281437575817108,
                    -0.9761358499526978,
                    -3.934929609298706
                ],
                [
                    -0.9990652203559875,
                    -0.00920834206044674,
                    -0.04223677143454552,
                    -0.17026188969612122
                ],
                [
                    -9.313225746154785e-10,
                    0.9770492315292358,
                    -0.21301348507404327,
                    -0.8586848974227905
                ],
                [
                    0.0,
                    0.0,
                    0.0,
                    1.0
                ]
            ]
        },
        {
            "file_path": "/data/shapenet_blender/all_50_random/02958343/51c957fc4a2690ea7af49dac67ce8f/r_29",
            "rotation": 0.12566370614359174,
            "transform_matrix": [
                [
                    -0.9831326007843018,
                    0.13213227689266205,
                    -0.1264575719833374,
                    -0.5097667574882507
                ],
                [
                    -0.18289466202259064,
                    -0.710264265537262,
                    0.6797604560852051,
                    2.740201950073242
                ],
                [
                    7.450581485102248e-09,
                    0.6914229393005371,
                    0.7224501967430115,
                    2.91228985786438
                ],
                [
                    0.0,
                    0.0,
                    0.0,
                    1.0
                ]
            ]
        },
        {
            "file_path": "/data/shapenet_blender/all_50_random/02958343/51c957fc4a2690ea7af49dac67ce8f/r_30",
            "rotation": 0.12566370614359174,
            "transform_matrix": [
                [
                    0.46933212876319885,
                    -0.5981138348579407,
                    0.6496053338050842,
                    2.618642807006836
                ],
                [
                    0.8830217719078064,
                    0.3179016411304474,
                    -0.34526970982551575,
                    -1.3918267488479614
                ],
                [
                    -1.4901161193847656e-08,
                    0.7356616854667664,
                    0.6773490309715271,
                    2.7304813861846924
                ],
                [
                    0.0,
                    0.0,
                    0.0,
                    1.0
                ]
            ]
        },
        {
            "file_path": "/data/shapenet_blender/all_50_random/02958343/51c957fc4a2690ea7af49dac67ce8f/r_31",
            "rotation": 0.12566370614359174,
            "transform_matrix": [
                [
                    0.8868106603622437,
                    0.10310591757297516,
                    -0.4504842758178711,
                    -1.8159602880477905
                ],
                [
                    -0.4621330797672272,
                    0.19785520434379578,
                    -0.8644572496414185,
                    -3.484738826751709
                ],
                [
                    0.0,
                    0.974793553352356,
                    0.22310872375965118,
                    0.899380087852478
                ],
                [
                    0.0,
                    0.0,
                    0.0,
                    1.0
                ]
            ]
        },
        {
            "file_path": "/data/shapenet_blender/all_50_random/02958343/51c957fc4a2690ea7af49dac67ce8f/r_32",
            "rotation": 0.12566370614359174,
            "transform_matrix": [
                [
                    -0.9057222604751587,
                    -0.014012806117534637,
                    -0.42364007234573364,
                    -1.7077476978302002
                ],
                [
                    -0.4238717555999756,
                    0.029942333698272705,
                    0.9052271842956543,
                    3.649087429046631
                ],
                [
                    -9.313225746154785e-10,
                    0.9994533061981201,
                    -0.033059071749448776,
                    -0.13326537609100342
                ],
                [
                    0.0,
                    0.0,
                    0.0,
                    1.0
                ]
            ]
        },
        {
            "file_path": "/data/shapenet_blender/all_50_random/02958343/51c957fc4a2690ea7af49dac67ce8f/r_33",
            "rotation": 0.12566370614359174,
            "transform_matrix": [
                [
                    -0.6176691055297852,
                    -0.2659025192260742,
                    -0.7401220798492432,
                    -2.983527660369873
                ],
                [
                    -0.7864380478858948,
                    0.20884007215499878,
                    0.581292450428009,
                    2.3432650566101074
                ],
                [
                    2.9802320611338473e-08,
                    0.9411066770553589,
                    -0.3381098806858063,
                    -1.3629646301269531
                ],
                [
                    0.0,
                    0.0,
                    0.0,
                    1.0
                ]
            ]
        },
        {
            "file_path": "/data/shapenet_blender/all_50_random/02958343/51c957fc4a2690ea7af49dac67ce8f/r_34",
            "rotation": 0.12566370614359174,
            "transform_matrix": [
                [
                    -0.7141216397285461,
                    0.09160840511322021,
                    0.6940015554428101,
                    2.797609806060791
                ],
                [
                    0.7000216245651245,
                    0.09345360845327377,
                    0.7079803347587585,
                    2.8539600372314453
                ],
                [
                    0.0,
                    0.9914001226425171,
                    -0.13086511194705963,
                    -0.5275341272354126
                ],
                [
                    0.0,
                    0.0,
                    0.0,
                    1.0
                ]
            ]
        },
        {
            "file_path": "/data/shapenet_blender/all_50_random/02958343/51c957fc4a2690ea7af49dac67ce8f/r_35",
            "rotation": 0.12566370614359174,
            "transform_matrix": [
                [
                    0.4399726390838623,
                    -0.6990182995796204,
                    0.56373530626297,
                    2.2724900245666504
                ],
                [
                    0.8980112075805664,
                    0.34247782826423645,
                    -0.2761971354484558,
                    -1.1133863925933838
                ],
                [
                    1.4901161193847656e-08,
                    0.6277598738670349,
                    0.7784069776535034,
                    3.1378591060638428
                ],
                [
                    0.0,
                    0.0,
                    0.0,
                    1.0
                ]
            ]
        },
        {
            "file_path": "/data/shapenet_blender/all_50_random/02958343/51c957fc4a2690ea7af49dac67ce8f/r_36",
            "rotation": 0.12566370614359174,
            "transform_matrix": [
                [
                    -0.9568868279457092,
                    -0.07140479981899261,
                    0.281547486782074,
                    1.1349542140960693
                ],
                [
                    0.29046106338500977,
                    -0.23523397743701935,
                    0.9275221228599548,
                    3.7389612197875977
                ],
                [
                    7.450580596923828e-09,
                    0.9693122506141663,
                    0.24583259224891663,
                    0.9909828901290894
                ],
                [
                    0.0,
                    0.0,
                    0.0,
                    1.0
                ]
            ]
        },
        {
            "file_path": "/data/shapenet_blender/all_50_random/02958343/51c957fc4a2690ea7af49dac67ce8f/r_37",
            "rotation": 0.12566370614359174,
            "transform_matrix": [
                [
                    0.11837819963693619,
                    -0.6294420957565308,
                    0.7679772973060608,
                    3.095815420150757
                ],
                [
                    0.9929685592651367,
                    0.07503985613584518,
                    -0.09155553579330444,
                    -0.36907216906547546
                ],
                [
                    3.725290298461914e-09,
                    0.7734154462814331,
                    0.6338993310928345,
                    2.5553300380706787
                ],
                [
                    0.0,
                    0.0,
                    0.0,
                    1.0
                ]
            ]
        },
        {
            "file_path": "/data/shapenet_blender/all_50_random/02958343/51c957fc4a2690ea7af49dac67ce8f/r_38",
            "rotation": 0.12566370614359174,
            "transform_matrix": [
                [
                    -0.9494427442550659,
                    -0.2109186351299286,
                    0.23253339529037476,
                    0.937372088432312
                ],
                [
                    0.31394022703170776,
                    -0.6378768086433411,
                    0.7032458782196045,
                    2.8348748683929443
                ],
                [
                    0.0,
                    0.7406933307647705,
                    0.6718432903289795,
                    2.708287000656128
                ],
                [
                    0.0,
                    0.0,
                    0.0,
                    1.0
                ]
            ]
        },
        {
            "file_path": "/data/shapenet_blender/all_50_random/02958343/51c957fc4a2690ea7af49dac67ce8f/r_39",
            "rotation": 0.12566370614359174,
            "transform_matrix": [
                [
                    0.9663282632827759,
                    -0.16255290806293488,
                    -0.19946511089801788,
                    -0.8040696382522583
                ],
                [
                    -0.2573126256465912,
                    -0.6104615330696106,
                    -0.749083936214447,
                    -3.0196542739868164
                ],
                [
                    0.0,
                    0.7751859426498413,
                    -0.6317330598831177,
                    -2.546597719192505
                ],
                [
                    0.0,
                    0.0,
                    0.0,
                    1.0
                ]
            ]
        },
        {
            "file_path": "/data/shapenet_blender/all_50_random/02958343/51c957fc4a2690ea7af49dac67ce8f/r_40",
            "rotation": 0.12566370614359174,
            "transform_matrix": [
                [
                    0.8162078261375427,
                    0.018152816221117973,
                    0.5774732828140259,
                    2.327869176864624
                ],
                [
                    0.5777585506439209,
                    -0.02564474567770958,
                    -0.8158047795295715,
                    -3.288614273071289
                ],
                [
                    9.313225746154785e-10,
                    0.9995062947273254,
                    -0.031419385224580765,
                    -0.12665559351444244
                ],
                [
                    0.0,
                    0.0,
                    0.0,
                    1.0
                ]
            ]
        },
        {
            "file_path": "/data/shapenet_blender/all_50_random/02958343/51c957fc4a2690ea7af49dac67ce8f/r_41",
            "rotation": 0.12566370614359174,
            "transform_matrix": [
                [
                    0.22731149196624756,
                    0.3060387074947357,
                    0.9244834780693054,
                    3.726712226867676
                ],
                [
                    0.9738221168518066,
                    -0.07143615931272507,
                    -0.21579475700855255,
                    -0.8698965311050415
                ],
                [
                    0.0,
