{
    "class": "02958343",
    "model": "4271d0c8cdad6a84e572d3df5e4fc85f",
    "remove_doubles": true,
    "edge_split": true,
    "denoise": true,
    "camera_angle_x": 0.6911112070083618,
    "scale_factor": 2.232698572139975,
    "hdri_file": "/data/IndoorHDRDataset2018/9C4A6729-b4e7c82b9a.exr",
    "center_offset": [
        0.0,
        0.0,
        9.313225746154785e-10
    ],
    "lights": [],
    "frames": [
        {
            "file_path": "/data/shapenet_blender/all_50_random/02958343/4271d0c8cdad6a84e572d3df5e4fc85f/r_0",
            "rotation": 0.12566370614359174,
            "transform_matrix": [
                [
                    -0.33855170011520386,
                    -0.3461421728134155,
                    -0.874967634677887,
                    -3.5271072387695312
                ],
                [
                    -0.9409478306770325,
                    0.12454146891832352,
                    0.3148121237754822,
                    1.2690482139587402
                ],
                [
                    0.0,
                    0.9298789501190186,
                    -0.36786550283432007,
                    -1.4829132556915283
                ],
                [
                    0.0,
                    0.0,
                    0.0,
                    1.0
                ]
            ]
        },
        {
            "file_path": "/data/shapenet_blender/all_50_random/02958343/4271d0c8cdad6a84e572d3df5e4fc85f/r_1",
            "rotation": 0.12566370614359174,
            "transform_matrix": [
                [
                    -0.877691924571991,
                    0.03108326904475689,
                    -0.47821637988090515,
                    -1.9277517795562744
                ],
                [
                    -0.4792255461215973,
                    -0.056928377598524094,
                    0.8758436441421509,
                    3.5306384563446045
                ],
                [
                    0.0,
                    0.9978941679000854,
                    0.0648614689707756,
                    0.2614649534225464
                ],
                [
                    0.0,
                    0.0,
                    0.0,
                    1.0
                ]
            ]
        },
        {
            "file_path": "/data/shapenet_blender/all_50_random/02958343/4271d0c8cdad6a84e572d3df5e4fc85f/r_2",
            "rotation": 0.12566370614359174,
            "transform_matrix": [
                [
                    -0.16079607605934143,
                    0.5719743371009827,
                    -0.8043568134307861,
                    -3.2424662113189697
                ],
                [
                    -0.9869877099990845,
                    -0.09318376332521439,
                    0.13104256987571716,
                    0.5282495617866516
                ],
                [
                    0.0,
                    0.8149613738059998,
                    0.5795151591300964,
                    2.3361005783081055
                ],
                [
                    0.0,
                    0.0,
                    0.0,
                    1.0
                ]
            ]
        },
        {
            "file_path": "/data/shapenet_blender/all_50_random/02958343/4271d0c8cdad6a84e572d3df5e4fc85f/r_3",
            "rotation": 0.12566370614359174,
            "transform_matrix": [
                [
                    -0.046666473150253296,
                    -0.6821172833442688,
                    -0.7297521233558655,
                    -2.941725015640259
                ],
                [
                    -0.9989105463027954,
                    0.03186672553420067,
                    0.03409210219979286,
                    0.13742965459823608
                ],
                [
                    0.0,
                    0.730548083782196,
                    -0.6828612685203552,
                    -2.752701759338379
                ],
                [
                    0.0,
                    0.0,
                    0.0,
                    1.0
                ]
            ]
        },
        {
            "file_path": "/data/shapenet_blender/all_50_random/02958343/4271d0c8cdad6a84e572d3df5e4fc85f/r_4",
            "rotation": 0.12566370614359174,
            "transform_matrix": [
                [
                    0.12432903796434402,
                    0.382693350315094,
                    0.9154714941978455,
                    3.6903836727142334
                ],
                [
                    0.9922410845756531,
                    -0.04795195162296295,
                    -0.11470970511436462,
                    -0.4624096155166626
                ],
                [
                    3.725290742551124e-09,
                    0.9226301312446594,
                    -0.38568586111068726,
                    -1.5547494888305664
                ],
                [
                    0.0,
                    0.0,
                    0.0,
                    1.0
                ]
            ]
        },
        {
            "file_path": "/data/shapenet_blender/all_50_random/02958343/4271d0c8cdad6a84e572d3df5e4fc85f/r_5",
            "rotation": 0.12566370614359174,
            "transform_matrix": [
                [
                    0.9860571026802063,
                    -0.10641412436962128,
                    -0.1279350221157074,
                    -0.5157226324081421
                ],
                [
                    -0.16640712320804596,
                    -0.6305643320083618,
                    -0.7580879330635071,
                    -3.055950403213501
                ],
                [
                    0.0,
                    0.7688073515892029,
                    -0.6394804120063782,
                    -2.5778281688690186
                ],
                [
                    0.0,
                    0.0,
                    0.0,
                    1.0
                ]
            ]
        },
        {
            "file_path": "/data/shapenet_blender/all_50_random/02958343/4271d0c8cdad6a84e572d3df5e4fc85f/r_6",
            "rotation": 0.12566370614359174,
            "transform_matrix": [
                [
                    0.3125440776348114,
                    0.18427826464176178,
                    0.931857168674469,
                    3.756436347961426
                ],
                [
                    0.9499031901359558,
                    -0.060632575303316116,
                    -0.3066064417362213,
                    -1.235970139503479
                ],
                [
                    -3.725290076417309e-09,
                    0.981002151966095,
                    -0.193996861577034,
                    -0.7820263504981995
                ],
                [
                    0.0,
                    0.0,
                    0.0,
                    1.0
                ]
            ]
        },
        {
            "file_path": "/data/shapenet_blender/all_50_random/02958343/4271d0c8cdad6a84e572d3df5e4fc85f/r_7",
            "rotation": 0.12566370614359174,
            "transform_matrix": [
                [
                    -0.6766727566719055,
                    -0.17140741646289825,
                    0.7160541415214539,
                    2.8865065574645996
                ],
                [
                    0.7362840175628662,
                    -0.15752987563610077,
                    0.6580807566642761,
                    2.652808427810669
                ],
                [
                    -7.450580596923828e-09,
                    0.9725245237350464,
                    0.2328006625175476,
                    0.938449501991272
                ],
                [
                    0.0,
                    0.0,
                    0.0,
                    1.0
                ]
            ]
        },
        {
            "file_path": "/data/shapenet_blender/all_50_random/02958343/4271d0c8cdad6a84e572d3df5e4fc85f/r_8",
            "rotation": 0.12566370614359174,
            "transform_matrix": [
                [
                    -0.8518589735031128,
                    0.06325144320726395,
                    -0.5199381709098816,
                    -2.095937728881836
                ],
                [
                    -0.5237714052200317,
                    -0.10287179797887802,
                    0.845624566078186,
                    3.4088215827941895
                ],
                [
                    3.725290742551124e-09,
                    0.9926814436912537,
                    0.12076156586408615,
                    0.48680543899536133
                ],
                [
                    0.0,
                    0.0,
                    0.0,
                    1.0
                ]
            ]
        },
        {
            "file_path": "/data/shapenet_blender/all_50_random/02958343/4271d0c8cdad6a84e572d3df5e4fc85f/r_9",
            "rotation": 0.12566370614359174,
            "transform_matrix": [
                [
                    0.2834799885749817,
                    0.876070499420166,
                    -0.3900507986545563,
                    -1.5723450183868408
                ],
                [
                    -0.9589782357215881,
                    0.2589719295501709,
                    -0.1153014674782753,
                    -0.4647950828075409
                ],
                [
                    0.0,
                    0.4067358374595642,
                    0.9135457873344421,
                    3.6826207637786865
                ],
                [
                    0.0,
                    0.0,
                    0.0,
                    1.0
                ]
            ]
        },
        {
            "file_path": "/data/shapenet_blender/all_50_random/02958343/4271d0c8cdad6a84e572d3df5e4fc85f/r_10",
            "rotation": 0.12566370614359174,
            "transform_matrix": [
                [
                    -0.9496774077415466,
                    -0.03657393157482147,
                    0.3110872507095337,
                    1.254032850265503
                ],
                [
                    0.31322985887527466,
                    -0.11088801175355911,
                    0.9431812167167664,
                    3.8020851612091064
                ],
                [
                    0.0,
                    0.9931596517562866,
                    0.1167638823390007,
                    0.4706902503967285
                ],
                [
                    0.0,
                    0.0,
                    0.0,
                    1.0
                ]
            ]
        },
        {
            "file_path": "/data/shapenet_blender/all_50_random/02958343/4271d0c8cdad6a84e572d3df5e4fc85f/r_11",
            "rotation": 0.12566370614359174,
            "transform_matrix": [
                [
                    0.9372648000717163,
                    0.29756414890289307,
                    0.18163280189037323,
                    0.7321852445602417
                ],
                [
                    0.34861859679222107,
                    -0.8000043630599976,
                    -0.4883216917514801,
                    -1.9684877395629883
                ],
                [
                    0.0,
                    0.5210071802139282,
                    -0.8535522222518921,
                    -3.440778970718384
                ],
                [
                    0.0,
                    0.0,
                    0.0,
                    1.0
                ]
            ]
        },
        {
            "file_path": "/data/shapenet_blender/all_50_random/02958343/4271d0c8cdad6a84e572d3df5e4fc85f/r_12",
            "rotation": 0.12566370614359174,
            "transform_matrix": [
                [
                    0.33709633350372314,
                    -0.10522163659334183,
                    -0.9355717301368713,
                    -3.7714102268218994
                ],
                [
                    -0.9414702653884888,
                    -0.037674929946660995,
                    -0.33498433232307434,
                    -1.3503650426864624
                ],
                [
                    0.0,
                    0.9937348961830139,
                    -0.1117631047964096,
                    -0.4505314826965332
                ],
                [
                    0.0,
                    0.0,
                    0.0,
                    1.0
                ]
            ]
        },
        {
            "file_path": "/data/shapenet_blender/all_50_random/02958343/4271d0c8cdad6a84e572d3df5e4fc85f/r_13",
            "rotation": 0.12566370614359174,
            "transform_matrix": [
                [
                    -0.9665471315383911,
                    0.001672440324909985,
                    -0.25648385286331177,
                    -1.0339194536209106
                ],
                [
                    -0.2564893364906311,
                    -0.006302376743406057,
                    0.9665265083312988,
                    3.896193027496338
                ],
                [
                    1.1641532182693481e-10,
                    0.99997878074646,
                    0.006520506460219622,
                    0.026285002008080482
                ],
                [
                    0.0,
                    0.0,
                    0.0,
                    1.0
                ]
            ]
        },
        {
            "file_path": "/data/shapenet_blender/all_50_random/02958343/4271d0c8cdad6a84e572d3df5e4fc85f/r_14",
            "rotation": 0.12566370614359174,
            "transform_matrix": [
                [
                    0.9990838766098022,
                    0.03173765912652016,
                    -0.028706161305308342,
                    -0.11571824550628662
                ],
                [
                    -0.04279395937919617,
                    0.7409593462944031,
                    -0.670184850692749,
                    -2.70160174369812
                ],
                [
                    0.0,
                    0.6707993149757385,
                    0.741638720035553,
                    2.9896416664123535
                ],
                [
                    0.0,
                    0.0,
                    0.0,
                    1.0
                ]
            ]
        },
        {
            "file_path": "/data/shapenet_blender/all_50_random/02958343/4271d0c8cdad6a84e572d3df5e4fc85f/r_15",
            "rotation": 0.12566370614359174,
            "transform_matrix": [
                [
                    0.7466616034507751,
                    -0.2733454406261444,
                    -0.6064475178718567,
                    -2.4446680545806885
                ],
                [
                    -0.6652039289474487,
                    -0.30681800842285156,
                    -0.6807101964950562,
                    -2.744030475616455
                ],
                [
                    0.0,
                    0.91167151927948,
                    -0.4109196960926056,
                    -1.6564702987670898
                ],
                [
                    0.0,
                    0.0,
                    0.0,
                    1.0
                ]
            ]
        },
        {
            "file_path": "/data/shapenet_blender/all_50_random/02958343/4271d0c8cdad6a84e572d3df5e4fc85f/r_16",
            "rotation": 0.12566370614359174,
            "transform_matrix": [
                [
                    -0.8175297975540161,
                    0.4283173084259033,
                    -0.3849535882472992,
                    -1.5517975091934204
                ],
                [
                    -0.5758862495422363,
                    -0.6080405116081238,
                    0.5464812517166138,
                    2.2029364109039307
                ],
                [
                    0.0,
                    0.6684541702270508,
                    0.7437533140182495,
                    2.9981656074523926
                ],
                [
                    0.0,
                    0.0,
                    0.0,
                    1.0
                ]
            ]
        },
        {
            "file_path": "/data/shapenet_blender/all_50_random/02958343/4271d0c8cdad6a84e572d3df5e4fc85f/r_17",
            "rotation": 0.12566370614359174,
            "transform_matrix": [
                [
                    -0.26525744795799255,
                    0.16878323256969452,
                    -0.9492895007133484,
                    -3.8267085552215576
                ],
                [
                    -0.9641776084899902,
                    -0.04643440991640091,
                    0.26116156578063965,
                    1.0527760982513428
                ],
                [
                    -3.725290298461914e-09,
                    0.9845587611198425,
                    0.17505407333374023,
                    0.7056655883789062
                ],
                [
                    0.0,
                    0.0,
                    0.0,
                    1.0
                ]
            ]
        },
        {
            "file_path": "/data/shapenet_blender/all_50_random/02958343/4271d0c8cdad6a84e572d3df5e4fc85f/r_18",
            "rotation": 0.12566370614359174,
            "transform_matrix": [
                [
                    0.7301901578903198,
                    -0.43451958894729614,
                    0.5272712707519531,
                    2.1254985332489014
                ],
                [
                    0.6832439303398132,
                    0.464375764131546,
                    -0.5635004639625549,
                    -2.271543025970459
                ],
                [
                    -1.4901161193847656e-08,
                    0.771717369556427,
                    0.6359655261039734,
                    2.5636589527130127
                ],
                [
                    0.0,
                    0.0,
                    0.0,
                    1.0
                ]
            ]
        },
        {
            "file_path": "/data/shapenet_blender/all_50_random/02958343/4271d0c8cdad6a84e572d3df5e4fc85f/r_19",
            "rotation": 0.12566370614359174,
            "transform_matrix": [
                [
                    0.5045905709266663,
                    -0.01722876913845539,
                    0.8631868362426758,
                    3.4796173572540283
                ],
                [
                    0.863358736038208,
                    0.010069365613162518,
                    -0.5044901371002197,
                    -2.0336647033691406
                ],
                [
                    0.0,
                    0.9998009204864502,
                    0.01995551772415638,
                    0.08044326305389404
                ],
                [
                    0.0,
                    0.0,
                    0.0,
                    1.0
                ]
            ]
        },
        {
            "file_path": "/data/shapenet_blender/all_50_random/02958343/4271d0c8cdad6a84e572d3df5e4fc85f/r_20",
            "rotation": 0.12566370614359174,
            "transform_matrix": [
                [
                    -0.5350421667098999,
                    -0.5338364243507385,
                    -0.6547889709472656,
                    -2.6395387649536133
                ],
                [
                    -0.8448253870010376,
                    0.33808761835098267,
                    0.41468891501426697,
                    1.6716644763946533
                ],
                [
                    0.0,
                    0.775058388710022,
                    -0.6318896412849426,
                    -2.5472285747528076
                ],
                [
                    0.0,
                    0.0,
                    0.0,
                    1.0
                ]
            ]
        },
        {
            "file_path": "/data/shapenet_blender/all_50_random/02958343/4271d0c8cdad6a84e572d3df5e4fc85f/r_21",
            "rotation": 0.12566370614359174,
            "transform_matrix": [
                [
                    -0.9483169913291931,
                    0.11236599087715149,
                    -0.2967638671398163,
                    -1.1962933540344238
                ],
                [
                    -0.31732460856437683,
                    -0.3358030319213867,
                    0.8868716359138489,
                    3.575093984603882
                ],
                [
                    7.450580596923828e-09,
                    0.93520587682724,
                    0.35410425066947937,
                    1.4274399280548096
                ],
                [
                    0.0,
                    0.0,
                    0.0,
                    1.0
                ]
            ]
        },
        {
            "file_path": "/data/shapenet_blender/all_50_random/02958343/4271d0c8cdad6a84e572d3df5e4fc85f/r_22",
            "rotation": 0.12566370614359174,
            "transform_matrix": [
                [
                    0.2650425434112549,
                    0.787539541721344,
                    0.5563576817512512,
                    2.2427496910095215
                ],
                [
                    0.9642367362976074,
                    -0.2164732813835144,
                    -0.15292765200138092,
                    -0.6164711713790894
                ],
                [
                    0.0,
                    0.5769927501678467,
                    -0.8167491555213928,
                    -3.292421340942383
                ],
                [
                    0.0,
                    0.0,
                    0.0,
                    1.0
                ]
            ]
        },
        {
            "file_path": "/data/shapenet_blender/all_50_random/02958343/4271d0c8cdad6a84e572d3df5e4fc85f/r_23",
            "rotation": 0.12566370614359174,
            "transform_matrix": [
                [
                    0.8450061678886414,
                    -0.29155001044273376,
                    -0.4482889175415039,
                    -1.8071104288101196
                ],
                [
                    -0.5347563028335571,
                    -0.4606987535953522,
                    -0.708372950553894,
                    -2.8555426597595215
                ],
                [
                    0.0,
                    0.8383049368858337,
                    -0.5452015995979309,
                    -2.1977779865264893
                ],
                [
                    0.0,
                    0.0,
                    0.0,
                    1.0
                ]
            ]
        },
        {
            "file_path": "/data/shapenet_blender/all_50_random/02958343/4271d0c8cdad6a84e572d3df5e4fc85f/r_24",
            "rotation": 0.12566370614359174,
            "transform_matrix": [
                [
                    -0.8971177339553833,
                    0.033163391053676605,
                    -0.4405451714992523,
                    -1.7758945226669312
                ],
                [
                    -0.44179171323776245,
                    -0.06734274327754974,
                    0.894586443901062,
                    3.6061935424804688
                ],
                [
                    0.0,
                    0.9971785545349121,
                    0.07506566494703293,
                    0.30259940028190613
                ],
                [
                    0.0,
                    0.0,
                    0.0,
                    1.0
                ]
            ]
        },
        {
            "file_path": "/data/shapenet_blender/all_50_random/02958343/4271d0c8cdad6a84e572d3df5e4fc85f/r_25",
            "rotation": 0.12566370614359174,
            "transform_matrix": [
                [
                    -0.9555197954177856,
                    -0.24441228806972504,
                    0.16505925357341766,
                    0.6653751134872437
                ],
                [
                    0.2949270009994507,
                    -0.7918596267700195,
                    0.5347675681114197,
                    2.155717134475708
                ],
                [
                    -1.4901161193847656e-08,
                    0.5596613883972168,
                    0.8287213444709778,
                    3.3406825065612793
                ],
                [
                    0.0,
                    0.0,
                    0.0,
                    1.0
                ]
            ]
        },
        {
            "file_path": "/data/shapenet_blender/all_50_random/02958343/4271d0c8cdad6a84e572d3df5e4fc85f/r_26",
            "rotation": 0.12566370614359174,
            "transform_matrix": [
                [
                    0.5573549866676331,
                    0.5193418264389038,
                    -0.6477957963943481,
                    -2.6113483905792236
                ],
                [
                    -0.830274224281311,
                    0.3486291170120239,
                    -0.4348589777946472,
                    -1.7529726028442383
                ],
                [
                    1.4901160305669237e-08,
                    0.7802190184593201,
                    0.6255063414573669,
                    2.5214967727661133
                ],
                [
                    0.0,
                    0.0,
                    0.0,
                    1.0
                ]
            ]
        },
        {
            "file_path": "/data/shapenet_blender/all_50_random/02958343/4271d0c8cdad6a84e572d3df5e4fc85f/r_27",
            "rotation": 0.12566370614359174,
            "transform_matrix": [
                [
                    0.5409594774246216,
                    -0.8088670969009399,
                    0.2304275631904602,
                    0.9288831949234009
                ],
                [
                    0.8410486578941345,
                    0.5202604532241821,
                    -0.14821019768714905,
                    -0.5974544286727905
                ],
                [
                    7.450580596923828e-09,
                    0.2739764451980591,
                    0.9617363810539246,
                    3.8768832683563232
                ],
                [
                    0.0,
                    0.0,
                    0.0,
                    1.0
                ]
            ]
        },
        {
            "file_path": "/data/shapenet_blender/all_50_random/02958343/4271d0c8cdad6a84e572d3df5e4fc85f/r_28",
            "rotation": 0.12566370614359174,
            "transform_matrix": [
                [
                    -0.34597229957580566,
                    0.5681785941123962,
                    -0.7466433048248291,
                    -3.0098154544830322
                ],
                [
                    -0.938244640827179,
                    -0.2095125913619995,
                    0.2753204107284546,
                    1.1098520755767822
                ],
                [
                    0.0,
                    0.7957872748374939,
                    0.6055760979652405,
                    2.441155433654785
                ],
                [
                    0.0,
                    0.0,
                    0.0,
                    1.0
                ]
            ]
        },
        {
            "file_path": "/data/shapenet_blender/all_50_random/02958343/4271d0c8cdad6a84e572d3df5e4fc85f/r_29",
            "rotation": 0.12566370614359174,
            "transform_matrix": [
                [
                    -0.32304060459136963,
                    -0.793176531791687,
                    -0.5162515640258789,
                    -2.0810766220092773
                ],
                [
                    -0.9463850855827332,
                    0.2707441449165344,
                    0.17621812224388123,
                    0.7103579640388489
                ],
                [
                    1.4901160305669237e-08,
                    0.5454983711242676,
                    -0.8381118774414062,
                    -3.3785369396209717
                ],
                [
                    0.0,
                    0.0,
                    0.0,
                    1.0
                ]
            ]
        },
        {
            "file_path": "/data/shapenet_blender/all_50_random/02958343/4271d0c8cdad6a84e572d3df5e4fc85f/r_30",
            "rotation": 0.12566370614359174,
            "transform_matrix": [
                [
                    0.4842299520969391,
                    0.004297935403883457,
                    0.8749301433563232,
                    3.526956558227539
                ],
                [
                    0.874940812587738,
                    -0.0023786628153175116,
                    -0.4842240512371063,
                    -1.9519697427749634
                ],
                [
                    0.0,
                    0.9999879598617554,
                    -0.004912258125841618,
                    -0.019801948219537735
                ],
                [
                    0.0,
                    0.0,
                    0.0,
                    1.0
                ]
            ]
        },
        {
            "file_path": "/data/shapenet_blender/all_50_random/02958343/4271d0c8cdad6a84e572d3df5e4fc85f/r_31",
            "rotation": 0.12566370614359174,
            "transform_matrix": [
                [
                    0.5045791864395142,
                    0.2825261652469635,
                    0.8158301115036011,
                    3.2887163162231445
                ],
                [
                    0.8633653521537781,
                    -0.16511762142181396,
                    -0.47679805755615234,
                    -1.922034502029419
                ],
                [
                    0.0,
                    0.9449418783187866,
                    -0.3272382616996765,
                    -1.3191395998001099
                ],
                [
                    0.0,
                    0.0,
                    0.0,
                    1.0
                ]
            ]
        },
        {
            "file_path": "/data/shapenet_blender/all_50_random/02958343/4271d0c8cdad6a84e572d3df5e4fc85f/r_32",
            "rotation": 0.12566370614359174,
            "transform_matrix": [
                [
                    -0.43087247014045715,
                    0.01702260784804821,
                    0.902252197265625,
                    3.6370949745178223
                ],
                [
                    0.9024128317832947,
                    0.008127736859023571,
                    0.4307957887649536,
                    1.7365933656692505
                ],
                [
                    -9.313225746154785e-10,
                    0.9998220205307007,
                    -0.018863439559936523,
                    -0.07604095339775085
                ],
                [
                    0.0,
                    0.0,
                    0.0,
                    1.0
                ]
            ]
        },
        {
            "file_path": "/data/shapenet_blender/all_50_random/02958343/4271d0c8cdad6a84e572d3df5e4fc85f/r_33",
            "rotation": 0.12566370614359174,
            "transform_matrix": [
                [
                    0.7960465550422668,
                    0.13019278645515442,
                    -0.5910664796829224,
                    -2.3826651573181152
                ],
                [
                    -0.60523521900177,
                    0.17123842239379883,
                    -0.7774108648300171,
                    -3.133843421936035
                ],
                [
                    0.0,
                    0.9765895009040833,
                    0.21511106193065643,
                    0.8671404123306274
                ],
                [
                    0.0,
                    0.0,
                    0.0,
                    1.0
                ]
            ]
        },
        {
            "file_path": "/data/shapenet_blender/all_50_random/02958343/4271d0c8cdad6a84e572d3df5e4fc85f/r_34",
            "rotation": 0.12566370614359174,
            "transform_matrix": [
                [
                    -0.9290509819984436,
                    0.029913833364844322,
                    0.3687402606010437,
                    1.4864397048950195
                ],
                [
                    0.36995166540145874,
                    0.07512190192937851,
                    0.9260087609291077,
                    3.732861042022705
                ],
                [
                    0.0,
                    0.9967255592346191,
                    -0.0808587446808815,
                    -0.32595205307006836
                ],
                [
                    0.0,
                    0.0,
                    0.0,
                    1.0
                ]
            ]
        },
        {
            "file_path": "/data/shapenet_blender/all_50_random/02958343/4271d0c8cdad6a84e572d3df5e4fc85f/r_35",
            "rotation": 0.12566370614359174,
            "transform_matrix": [
                [
                    -0.9758246541023254,
                    0.038514163345098495,
                    0.21513432264328003,
                    0.8672341704368591
                ],
                [
                    0.21855460107326508,
                    0.1719619184732437,
                    0.9605534672737122,
                    3.872114658355713
                ],
                [
                    3.725290076417309e-09,
                    0.984350323677063,
                    -0.17622216045856476,
                    -0.7103742361068726
                ],
                [
                    0.0,
                    0.0,
                    0.0,
                    1.0
                ]
            ]
        },
        {
            "file_path": "/data/shapenet_blender/all_50_random/02958343/4271d0c8cdad6a84e572d3df5e4fc85f/r_36",
            "rotation": 0.12566370614359174,
            "transform_matrix": [
                [
                    -0.7116291522979736,
                    -0.2365598976612091,
                    0.6615310907363892,
                    2.666717052459717
                ],
                [
                    0.7025553584098816,
                    -0.23961517214775085,
                    0.6700750589370728,
                    2.7011587619781494
                ],
                [
                    0.0,
                    0.9416070580482483,
                    0.3367135524749756,
                    1.3573356866836548
                ],
                [
                    0.0,
                    0.0,
                    0.0,
                    1.0
                ]
            ]
        },
        {
            "file_path": "/data/shapenet_blender/all_50_random/02958343/4271d0c8cdad6a84e572d3df5e4fc85f/r_37",
            "rotation": 0.12566370614359174,
            "transform_matrix": [
                [
                    -0.8407708406448364,
                    -0.3766510486602783,
                    -0.38889381289482117,
                    -1.567681074142456
                ],
                [
                    -0.5413912534713745,
                    0.5849323272705078,
                    0.6039450764656067,
                    2.4345805644989014
                ],
                [
                    1.4901161193847656e-08,
                    0.7183231115341187,
                    -0.6957096457481384,
                    -2.804495334625244
                ],
                [
                    0.0,
                    0.0,
                    0.0,
                    1.0
                ]
            ]
        },
        {
            "file_path": "/data/shapenet_blender/all_50_random/02958343/4271d0c8cdad6a84e572d3df5e4fc85f/r_38",
            "rotation": 0.12566370614359174,
            "transform_matrix": [
                [
                    0.9880312085151672,
                    0.1483730971813202,
                    -0.04218924045562744,
                    -0.17007029056549072
                ],
                [
                    -0.15425468981266022,
                    0.9503583908081055,
                    -0.270230233669281,
                    -1.0893330574035645
                ],
                [
                    0.0,
                    0.27350372076034546,
                    0.9618707895278931,
                    3.8774256706237793
                ],
                [
                    0.0,
                    0.0,
                    0.0,
                    1.0
                ]
            ]
        },
        {
            "file_path": "/data/shapenet_blender/all_50_random/02958343/4271d0c8cdad6a84e572d3df5e4fc85f/r_39",
            "rotation": 0.12566370614359174,
            "transform_matrix": [
                [
                    0.9963418841362,
                    -0.017191091552376747,
                    0.08370981365442276,
                    0.33744508028030396
                ],
                [
                    0.08545681834220886,
                    0.20043109357357025,
                    -0.9759735465049744,
                    -3.9342753887176514
                ],
                [
                    1.862645149230957e-09,
                    0.9795568585395813,
                    0.2011670172214508,
                    0.8109302520751953
                ],
                [
                    0.0,
                    0.0,
                    0.0,
                    1.0
                ]
            ]
        },
        {
            "file_path": "/data/shapenet_blender/all_50_random/02958343/4271d0c8cdad6a84e572d3df5e4fc85f/r_40",
            "rotation": 0.12566370614359174,
            "transform_matrix": [
                [
                    0.4271404445171356,
                    0.11221960932016373,
                    -0.8971943259239197,
                    -3.616706371307373
                ],
                [
                    -0.90418541431427,
                    0.053012948483228683,
                    -0.4238378405570984,
                    -1.7085450887680054
                ],
                [
                    0.0,
                    0.9922682046890259,
                    0.12411128729581833,
                    0.500308632850647
                ],
                [
                    0.0,
                    0.0,
                    0.0,
                    1.0
                ]
            ]
        },
        {
            "file_path": "/data/shapenet_blender/all_50_random/02958343/4271d0c8cdad6a84e572d3df5e4fc85f/r_41",
            "rotation": 0.12566370614359174,
            "transform_matrix": [
                [
                    -0.5363795161247253,
                    0.15775740146636963,
                    -0.8291016817092896,
                    -3.3422155380249023
                ],
                [
                    -0.8439768552780151,
                    -0.10026084631681442,
                    0.5269257426261902,
                    2.12410569190979
                ],
                [
                    7.4505797087454084e-09,
                    0.9823748469352722,
