{
    "class": "02958343",
    "model": "1b5b5a43e0281030b96212c8f6cd06e",
    "remove_doubles": true,
    "edge_split": true,
    "denoise": true,
    "camera_angle_x": 0.6911112070083618,
    "scale_factor": 2.416868682037698,
    "hdri_file": "/data/IndoorHDRDataset2018/9C4A7489-1ac6f25129.exr",
    "center_offset": [
        0.0,
        -1.862645149230957e-09,
        0.0
    ],
    "lights": [],
    "frames": [
        {
            "file_path": "/data/shapenet_blender/all_50_random/02958343/1b5b5a43e0281030b96212c8f6cd06e/r_0",
            "rotation": 0.12566370614359174,
            "transform_matrix": [
                [
                    0.21903753280639648,
                    -0.4615599513053894,
                    0.8596423268318176,
                    3.465329170227051
                ],
                [
                    0.9757164716720581,
                    0.10361509025096893,
                    -0.19298015534877777,
                    -0.7779278755187988
                ],
                [
                    0.0,
                    0.881037175655365,
                    0.4730471968650818,
                    1.906914234161377
                ],
                [
                    0.0,
                    0.0,
                    0.0,
                    1.0
                ]
            ]
        },
        {
            "file_path": "/data/shapenet_blender/all_50_random/02958343/1b5b5a43e0281030b96212c8f6cd06e/r_1",
            "rotation": 0.12566370614359174,
            "transform_matrix": [
                [
                    0.637631893157959,
                    0.312797486782074,
                    0.7039767503738403,
                    2.8378210067749023
                ],
                [
                    0.7703412175178528,
                    -0.25891080498695374,
                    -0.582700252532959,
                    -2.348939895629883
                ],
                [
                    1.4901162970204496e-08,
                    0.9138504266738892,
                    -0.40605059266090393,
                    -1.6368422508239746
                ],
                [
                    0.0,
                    0.0,
                    0.0,
                    1.0
                ]
            ]
        },
        {
            "file_path": "/data/shapenet_blender/all_50_random/02958343/1b5b5a43e0281030b96212c8f6cd06e/r_2",
            "rotation": 0.12566370614359174,
            "transform_matrix": [
                [
                    -0.8834412693977356,
                    0.2841128408908844,
                    -0.37257394194602966,
                    -1.5018937587738037
                ],
                [
                    -0.46854183077812195,
                    -0.5356981754302979,
                    0.7024926543235779,
                    2.831838607788086
                ],
                [
                    0.0,
                    0.7951776385307312,
                    0.6063765287399292,
                    2.4443821907043457
                ],
                [
                    0.0,
                    0.0,
                    0.0,
                    1.0
                ]
            ]
        },
        {
            "file_path": "/data/shapenet_blender/all_50_random/02958343/1b5b5a43e0281030b96212c8f6cd06e/r_3",
            "rotation": 0.12566370614359174,
            "transform_matrix": [
                [
                    0.993806004524231,
                    0.08602156490087509,
                    -0.07035646587610245,
                    -0.28361600637435913
                ],
                [
                    -0.11112940311431885,
                    0.7692720890045166,
                    -0.6291825175285339,
                    -2.536316156387329
                ],
                [
                    0.0,
                    0.633104145526886,
                    0.7740666270256042,
                    3.1203625202178955
                ],
                [
                    0.0,
                    0.0,
                    0.0,
                    1.0
                ]
            ]
        },
        {
            "file_path": "/data/shapenet_blender/all_50_random/02958343/1b5b5a43e0281030b96212c8f6cd06e/r_4",
            "rotation": 0.12566370614359174,
            "transform_matrix": [
                [
                    -0.20378142595291138,
                    0.47789719700813293,
                    -0.8544514775276184,
                    -3.444404125213623
                ],
                [
                    -0.9790164828300476,
                    -0.09947388619184494,
                    0.17785333096981049,
                    0.7169497013092041
                ],
                [
                    -7.450581485102248e-09,
                    0.8727651834487915,
                    0.48814016580581665,
                    1.967755913734436
                ],
                [
                    0.0,
                    0.0,
                    0.0,
                    1.0
                ]
            ]
        },
        {
            "file_path": "/data/shapenet_blender/all_50_random/02958343/1b5b5a43e0281030b96212c8f6cd06e/r_5",
            "rotation": 0.12566370614359174,
            "transform_matrix": [
                [
                    -0.9638367295265198,
                    -0.04639634117484093,
                    -0.26242393255233765,
                    -1.057864785194397
                ],
                [
                    -0.26649385690689087,
                    0.1678031086921692,
                    0.9491169452667236,
                    3.8260130882263184
                ],
                [
                    0.0,
                    0.9847279787063599,
                    -0.1740991175174713,
                    -0.7018160223960876
                ],
                [
                    0.0,
                    0.0,
                    0.0,
                    1.0
                ]
            ]
        },
        {
            "file_path": "/data/shapenet_blender/all_50_random/02958343/1b5b5a43e0281030b96212c8f6cd06e/r_6",
            "rotation": 0.12566370614359174,
            "transform_matrix": [
                [
                    -0.8199189901351929,
                    -0.06779138743877411,
                    0.5684516429901123,
                    2.291501760482788
                ],
                [
                    0.5724796652793884,
                    -0.09709243476390839,
                    0.8141499757766724,
                    3.2819435596466064
                ],
                [
                    0.0,
                    0.992963969707489,
                    0.11841712146997452,
                    0.47735467553138733
                ],
                [
                    0.0,
                    0.0,
                    0.0,
                    1.0
                ]
            ]
        },
        {
            "file_path": "/data/shapenet_blender/all_50_random/02958343/1b5b5a43e0281030b96212c8f6cd06e/r_7",
            "rotation": 0.12566370614359174,
            "transform_matrix": [
                [
                    -0.24265709519386292,
                    -0.21425078809261322,
                    0.9461575746536255,
                    3.8140830993652344
                ],
                [
                    0.970112144947052,
                    -0.05359119921922684,
                    0.2366652637720108,
                    0.9540281891822815
                ],
                [
                    0.0,
                    0.9753074645996094,
                    0.22085155546665192,
                    0.890281081199646
                ],
                [
                    0.0,
                    0.0,
                    0.0,
                    1.0
                ]
            ]
        },
        {
            "file_path": "/data/shapenet_blender/all_50_random/02958343/1b5b5a43e0281030b96212c8f6cd06e/r_8",
            "rotation": 0.12566370614359174,
            "transform_matrix": [
                [
                    0.9962712526321411,
                    0.00691132852807641,
                    0.08599887043237686,
                    0.34667253494262695
                ],
                [
                    0.08627614378929138,
                    -0.07980836927890778,
                    -0.9930695295333862,
                    -4.003190994262695
                ],
                [
                    0.0,
                    0.9967862963676453,
                    -0.08010705560445786,
                    -0.32292187213897705
                ],
                [
                    0.0,
                    0.0,
                    0.0,
                    1.0
                ]
            ]
        },
        {
            "file_path": "/data/shapenet_blender/all_50_random/02958343/1b5b5a43e0281030b96212c8f6cd06e/r_9",
            "rotation": 0.12566370614359174,
            "transform_matrix": [
                [
                    0.9227888584136963,
                    0.09797830879688263,
                    -0.3726405203342438,
                    -1.502161979675293
                ],
                [
                    -0.3853060007095337,
                    0.23465321958065033,
                    -0.8924556374549866,
                    -3.5976037979125977
                ],
                [
                    0.0,
                    0.9671288728713989,
                    0.2542869746685028,
                    1.0250636339187622
                ],
                [
                    0.0,
                    0.0,
                    0.0,
                    1.0
                ]
            ]
        },
        {
            "file_path": "/data/shapenet_blender/all_50_random/02958343/1b5b5a43e0281030b96212c8f6cd06e/r_10",
            "rotation": 0.12566370614359174,
            "transform_matrix": [
                [
                    -0.7238078713417053,
                    -0.5204950571060181,
                    0.4529757499694824,
                    1.8260036706924438
                ],
                [
                    0.6900014877319336,
                    -0.5459964871406555,
                    0.4751691222190857,
                    1.9154679775238037
                ],
                [
                    -1.4901160305669237e-08,
                    0.6564850211143494,
                    0.7543389201164246,
                    3.040837526321411
                ],
                [
                    0.0,
                    0.0,
                    0.0,
                    1.0
                ]
            ]
        },
        {
            "file_path": "/data/shapenet_blender/all_50_random/02958343/1b5b5a43e0281030b96212c8f6cd06e/r_11",
            "rotation": 0.12566370614359174,
            "transform_matrix": [
                [
                    -0.39194822311401367,
                    0.09689157456159592,
                    0.9148707985877991,
                    3.687962293624878
                ],
                [
                    0.9199873805046082,
                    0.041279349476099014,
                    0.3897683620452881,
                    1.5712066888809204
                ],
                [
                    0.0,
                    0.9944384098052979,
                    -0.10531838983297348,
                    -0.4245520532131195
                ],
                [
                    0.0,
                    0.0,
                    0.0,
                    1.0
                ]
            ]
        },
        {
            "file_path": "/data/shapenet_blender/all_50_random/02958343/1b5b5a43e0281030b96212c8f6cd06e/r_12",
            "rotation": 0.12566370614359174,
            "transform_matrix": [
                [
                    -0.954645037651062,
                    -0.2222215086221695,
                    0.19816803932189941,
                    0.7988409996032715
                ],
                [
                    0.29774656891822815,
                    -0.7124941349029541,
                    0.635373055934906,
                    2.5612709522247314
                ],
                [
                    0.0,
                    0.6655595898628235,
                    0.7463446259498596,
                    3.0086116790771484
                ],
                [
                    0.0,
                    0.0,
                    0.0,
                    1.0
                ]
            ]
        },
        {
            "file_path": "/data/shapenet_blender/all_50_random/02958343/1b5b5a43e0281030b96212c8f6cd06e/r_13",
            "rotation": 0.12566370614359174,
            "transform_matrix": [
                [
                    0.9687247276306152,
                    0.06335444748401642,
                    -0.23991380631923676,
                    -0.9671233892440796
                ],
                [
                    -0.24813789129257202,
                    0.2473343312740326,
                    -0.9366180896759033,
                    -3.775627851486206
                ],
                [
                    0.0,
                    0.9668567776679993,
                    0.2553195357322693,
                    1.0292258262634277
                ],
                [
                    0.0,
                    0.0,
                    0.0,
                    1.0
                ]
            ]
        },
        {
            "file_path": "/data/shapenet_blender/all_50_random/02958343/1b5b5a43e0281030b96212c8f6cd06e/r_14",
            "rotation": 0.12566370614359174,
            "transform_matrix": [
                [
                    0.22782321274280548,
                    0.6093123555183411,
                    0.7594965100288391,
                    3.0616283416748047
                ],
                [
                    0.9737024903297424,
                    -0.142564594745636,
                    -0.1777040958404541,
                    -0.7163481116294861
                ],
                [
                    1.4901161193847656e-08,
                    0.7800087332725525,
                    -0.6257685422897339,
                    -2.5225536823272705
                ],
                [
                    0.0,
                    0.0,
                    0.0,
                    1.0
                ]
            ]
        },
        {
            "file_path": "/data/shapenet_blender/all_50_random/02958343/1b5b5a43e0281030b96212c8f6cd06e/r_15",
            "rotation": 0.12566370614359174,
            "transform_matrix": [
                [
                    -0.64109206199646,
                    -0.3995015323162079,
                    0.6552857756614685,
                    2.6415414810180664
                ],
                [
                    0.7674639821052551,
                    -0.3337189257144928,
                    0.5473853349685669,
                    2.206580877304077
                ],
                [
                    0.0,
                    0.8538326025009155,
                    0.52054762840271,
                    2.0983946323394775
                ],
                [
                    0.0,
                    0.0,
                    0.0,
                    1.0
                ]
            ]
        },
        {
            "file_path": "/data/shapenet_blender/all_50_random/02958343/1b5b5a43e0281030b96212c8f6cd06e/r_16",
            "rotation": 0.12566370614359174,
            "transform_matrix": [
                [
                    0.8279628157615662,
                    -0.29625576734542847,
                    0.4761408865451813,
                    1.919385313987732
                ],
                [
                    0.5607830286026001,
                    0.43740397691726685,
                    -0.702993631362915,
                    -2.833858013153076
                ],
                [
                    1.4901161193847656e-08,
                    0.849064290523529,
                    0.5282894372940063,
                    2.1296029090881348
                ],
                [
                    0.0,
                    0.0,
                    0.0,
                    1.0
                ]
            ]
        },
        {
            "file_path": "/data/shapenet_blender/all_50_random/02958343/1b5b5a43e0281030b96212c8f6cd06e/r_17",
            "rotation": 0.12566370614359174,
            "transform_matrix": [
                [
                    -0.8226053714752197,
                    0.026956725865602493,
                    -0.5679731965065002,
                    -2.2895731925964355
                ],
                [
                    -0.5686124563217163,
                    -0.03899800032377243,
                    0.8216805458068848,
                    3.312300205230713
                ],
                [
                    0.0,
                    0.9988756775856018,
                    0.04740789532661438,
                    0.19110733270645142
                ],
                [
                    0.0,
                    0.0,
                    0.0,
                    1.0
                ]
            ]
        },
        {
            "file_path": "/data/shapenet_blender/all_50_random/02958343/1b5b5a43e0281030b96212c8f6cd06e/r_18",
            "rotation": 0.12566370614359174,
            "transform_matrix": [
                [
                    0.18055236339569092,
                    0.008756226859986782,
                    -0.9835264086723328,
                    -3.9647216796875
                ],
                [
                    -0.9835653901100159,
                    0.0016073741717264056,
                    -0.18054522573947906,
                    -0.7278010845184326
                ],
                [
                    0.0,
                    0.9999604225158691,
                    0.008902535773813725,
                    0.03588727116584778
                ],
                [
                    0.0,
                    0.0,
                    0.0,
                    1.0
                ]
            ]
        },
        {
            "file_path": "/data/shapenet_blender/all_50_random/02958343/1b5b5a43e0281030b96212c8f6cd06e/r_19",
            "rotation": 0.12566370614359174,
            "transform_matrix": [
                [
                    -0.01772044412791729,
                    0.604476809501648,
                    -0.7964255809783936,
                    -3.2104945182800293
                ],
                [
                    -0.9998430013656616,
                    -0.01071328017860651,
                    0.014115232042968273,
                    0.05690032243728638
                ],
                [
                    0.0,
                    0.7965508103370667,
                    0.6045716404914856,
                    2.4371063709259033
                ],
                [
                    0.0,
                    0.0,
                    0.0,
                    1.0
                ]
            ]
        },
        {
            "file_path": "/data/shapenet_blender/all_50_random/02958343/1b5b5a43e0281030b96212c8f6cd06e/r_20",
            "rotation": 0.12566370614359174,
            "transform_matrix": [
                [
                    -0.06679213047027588,
                    0.501687228679657,
                    0.8624666333198547,
                    3.4767141342163086
                ],
                [
                    0.99776691198349,
                    0.033583756536245346,
                    0.05773491412401199,
                    0.23273688554763794
                ],
                [
                    0.0,
                    0.8643968105316162,
                    -0.5028101205825806,
                    -2.0268924236297607
                ],
                [
                    0.0,
                    0.0,
                    0.0,
                    1.0
                ]
            ]
        },
        {
            "file_path": "/data/shapenet_blender/all_50_random/02958343/1b5b5a43e0281030b96212c8f6cd06e/r_21",
            "rotation": 0.12566370614359174,
            "transform_matrix": [
                [
                    0.9000839591026306,
                    0.17395371198654175,
                    0.39948582649230957,
                    1.6103788614273071
                ],
                [
                    0.435716450214386,
                    -0.359345942735672,
                    -0.8252403736114502,
                    -3.326650381088257
                ],
                [
                    -1.4901160305669237e-08,
                    0.9168482422828674,
                    -0.3992360234260559,
                    -1.6093719005584717
                ],
                [
                    0.0,
                    0.0,
                    0.0,
                    1.0
                ]
            ]
        },
        {
            "file_path": "/data/shapenet_blender/all_50_random/02958343/1b5b5a43e0281030b96212c8f6cd06e/r_22",
            "rotation": 0.12566370614359174,
            "transform_matrix": [
                [
                    -0.9997509717941284,
                    -0.001766816945746541,
                    0.02224690280854702,
                    0.08968014270067215
                ],
                [
                    0.022316953167319298,
                    -0.07914955168962479,
                    0.9966128468513489,
                    4.017475128173828
                ],
                [
                    -1.1641532182693481e-10,
                    0.9968611598014832,
                    0.07916925847530365,
                    0.3191415071487427
                ],
                [
                    0.0,
                    0.0,
                    0.0,
                    1.0
                ]
            ]
        },
        {
            "file_path": "/data/shapenet_blender/all_50_random/02958343/1b5b5a43e0281030b96212c8f6cd06e/r_23",
            "rotation": 0.12566370614359174,
            "transform_matrix": [
                [
                    -0.33205902576446533,
                    -0.3391832113265991,
                    0.8801655173301697,
                    3.548060894012451
                ],
                [
                    0.94325852394104,
                    -0.11940402537584305,
                    0.3098481595516205,
                    1.2490379810333252
                ],
                [
                    7.450580596923828e-09,
                    0.9331116080284119,
                    0.3595866858959198,
                    1.449540376663208
                ],
                [
                    0.0,
                    0.0,
                    0.0,
                    1.0
                ]
            ]
        },
        {
            "file_path": "/data/shapenet_blender/all_50_random/02958343/1b5b5a43e0281030b96212c8f6cd06e/r_24",
            "rotation": 0.12566370614359174,
            "transform_matrix": [
                [
                    0.9997389316558838,
                    0.006864973809570074,
                    -0.02179468236863613,
                    -0.08785717189311981
                ],
                [
                    -0.022850297391414642,
                    0.30035415291786194,
                    -0.9535540342330933,
                    -3.8438992500305176
                ],
                [
                    0.0,
                    0.9538030624389648,
                    0.30043259263038635,
                    1.2110824584960938
                ],
                [
                    0.0,
                    0.0,
                    0.0,
                    1.0
                ]
            ]
        },
        {
            "file_path": "/data/shapenet_blender/all_50_random/02958343/1b5b5a43e0281030b96212c8f6cd06e/r_25",
            "rotation": 0.12566370614359174,
            "transform_matrix": [
                [
                    0.5995882153511047,
                    -0.7112856507301331,
                    0.3668331503868103,
                    1.4787517786026
                ],
                [
                    0.8003086447715759,
                    0.5328925251960754,
                    -0.27483004331588745,
                    -1.1078753471374512
                ],
                [
                    1.4901161193847656e-08,
                    0.4583645164966583,
                    0.8887642621994019,
                    3.582723379135132
                ],
                [
                    0.0,
                    0.0,
                    0.0,
                    1.0
                ]
            ]
        },
        {
            "file_path": "/data/shapenet_blender/all_50_random/02958343/1b5b5a43e0281030b96212c8f6cd06e/r_26",
            "rotation": 0.12566370614359174,
            "transform_matrix": [
                [
                    0.4636404514312744,
                    -0.7719326615333557,
                    0.43492236733436584,
                    1.7532281875610352
                ],
                [
                    0.8860235214233398,
                    0.4039387106895447,
                    -0.22758717834949493,
                    -0.9174332618713379
                ],
                [
                    0.0,
                    0.4908699691295624,
                    0.8712327480316162,
                    3.512051582336426
                ],
                [
                    0.0,
                    0.0,
                    0.0,
                    1.0
                ]
            ]
        },
        {
            "file_path": "/data/shapenet_blender/all_50_random/02958343/1b5b5a43e0281030b96212c8f6cd06e/r_27",
            "rotation": 0.12566370614359174,
            "transform_matrix": [
                [
                    0.7183119058609009,
                    -0.4129452407360077,
                    -0.5599144101142883,
                    -2.257087469100952
                ],
                [
                    -0.6957212090492249,
                    -0.42635393142700195,
                    -0.5780953168869019,
                    -2.3303771018981934
                ],
                [
                    0.0,
                    0.8047971725463867,
                    -0.5935498476028442,
                    -2.3926761150360107
                ],
                [
                    0.0,
                    0.0,
                    0.0,
                    1.0
                ]
            ]
        },
        {
            "file_path": "/data/shapenet_blender/all_50_random/02958343/1b5b5a43e0281030b96212c8f6cd06e/r_28",
            "rotation": 0.12566370614359174,
            "transform_matrix": [
                [
                    -0.9962013363838196,
                    0.0006444237660616636,
                    0.08707796037197113,
                    0.35102248191833496
                ],
                [
                    0.08708035200834274,
                    0.00737222284078598,
                    0.9961739778518677,
                    4.015705585479736
                ],
                [
                    5.820766091346741e-11,
                    0.9999725818634033,
                    -0.007400334347039461,
                    -0.029831700026988983
                ],
                [
                    0.0,
                    0.0,
                    0.0,
                    1.0
                ]
            ]
        },
        {
            "file_path": "/data/shapenet_blender/all_50_random/02958343/1b5b5a43e0281030b96212c8f6cd06e/r_29",
            "rotation": 0.12566370614359174,
            "transform_matrix": [
                [
                    -0.2785285711288452,
                    0.07649651914834976,
                    -0.9573766589164734,
                    -3.8593087196350098
                ],
                [
                    -0.9604280591011047,
                    -0.02218434400856495,
                    0.2776436507701874,
                    1.1192173957824707
                ],
                [
                    -1.862645371275562e-09,
                    0.9968230128288269,
                    0.07964836806058884,
                    0.32107284665107727
                ],
                [
                    0.0,
                    0.0,
                    0.0,
                    1.0
                ]
            ]
        },
        {
            "file_path": "/data/shapenet_blender/all_50_random/02958343/1b5b5a43e0281030b96212c8f6cd06e/r_30",
            "rotation": 0.12566370614359174,
            "transform_matrix": [
                [
                    -0.7102944850921631,
                    -0.1533883810043335,
                    -0.6869889497756958,
                    -2.769340991973877
                ],
                [
                    -0.7039046883583069,
                    0.154780775308609,
                    0.6932251453399658,
                    2.7944798469543457
                ],
                [
                    0.0,
                    0.9759687185287476,
                    -0.21791072189807892,
                    -0.878426194190979
                ],
                [
                    0.0,
                    0.0,
                    0.0,
                    1.0
                ]
            ]
        },
        {
            "file_path": "/data/shapenet_blender/all_50_random/02958343/1b5b5a43e0281030b96212c8f6cd06e/r_31",
            "rotation": 0.12566370614359174,
            "transform_matrix": [
                [
                    0.892318844795227,
                    0.30659106373786926,
                    -0.33131420612335205,
                    -1.3355703353881836
                ],
                [
                    -0.451405793428421,
                    0.6060555577278137,
                    -0.6549271941184998,
                    -2.6400959491729736
                ],
                [
                    -1.4901161193847656e-08,
                    0.7339609861373901,
                    0.6791916489601135,
                    2.7379090785980225
                ],
                [
                    0.0,
                    0.0,
                    0.0,
                    1.0
                ]
            ]
        },
        {
            "file_path": "/data/shapenet_blender/all_50_random/02958343/1b5b5a43e0281030b96212c8f6cd06e/r_32",
            "rotation": 0.12566370614359174,
            "transform_matrix": [
                [
                    -0.1284441202878952,
                    0.345327228307724,
                    -0.9296510815620422,
                    -3.7475435733795166
                ],
                [
                    -0.9917168021202087,
                    -0.04472571983933449,
                    0.12040555477142334,
                    0.48537033796310425
                ],
                [
                    0.0,
                    0.9374160170555115,
                    0.34821149706840515,
                    1.4036855697631836
                ],
                [
                    0.0,
                    0.0,
                    0.0,
                    1.0
                ]
            ]
        },
        {
            "file_path": "/data/shapenet_blender/all_50_random/02958343/1b5b5a43e0281030b96212c8f6cd06e/r_33",
            "rotation": 0.12566370614359174,
            "transform_matrix": [
                [
                    0.9373615980148315,
                    0.10035011172294617,
                    0.3335914611816406,
                    1.344750165939331
                ],
                [
                    0.3483581840991974,
                    -0.270021915435791,
                    -0.8976272940635681,
                    -3.6184513568878174
                ],
                [
                    7.450581485102248e-09,
                    0.957610547542572,
                    -0.28806591033935547,
                    -1.1612308025360107
                ],
                [
                    0.0,
                    0.0,
                    0.0,
                    1.0
                ]
            ]
        },
        {
            "file_path": "/data/shapenet_blender/all_50_random/02958343/1b5b5a43e0281030b96212c8f6cd06e/r_34",
            "rotation": 0.12566370614359174,
            "transform_matrix": [
                [
                    0.9743058681488037,
                    -0.016055695712566376,
                    -0.2246556133031845,
                    -0.9056158065795898
                ],
                [
                    -0.22522862255573273,
                    -0.06945457309484482,
                    -0.9718270897865295,
                    -3.917560577392578
                ],
                [
                    0.0,
                    0.997455894947052,
                    -0.07128620147705078,
                    -0.2873638868331909
                ],
                [
                    0.0,
                    0.0,
                    0.0,
                    1.0
                ]
            ]
        },
        {
            "file_path": "/data/shapenet_blender/all_50_random/02958343/1b5b5a43e0281030b96212c8f6cd06e/r_35",
            "rotation": 0.12566370614359174,
            "transform_matrix": [
                [
                    -0.22717629373073578,
                    -0.47485634684562683,
                    -0.8502366542816162,
                    -3.4274134635925293
                ],
                [
                    -0.9738537073135376,
                    0.11077238619327545,
                    0.19833944737911224,
                    0.799531877040863
                ],
                [
                    0.0,
                    0.8730639815330505,
                    -0.4876055121421814,
                    -1.9656007289886475
                ],
                [
                    0.0,
                    0.0,
                    0.0,
                    1.0
                ]
            ]
        },
        {
            "file_path": "/data/shapenet_blender/all_50_random/02958343/1b5b5a43e0281030b96212c8f6cd06e/r_36",
            "rotation": 0.12566370614359174,
            "transform_matrix": [
                [
                    0.9771444201469421,
                    -0.16301672160625458,
                    0.1364346146583557,
                    0.5499855279922485
                ],
                [
                    0.2125767171382904,
                    0.7493335604667664,
                    -0.6271445155143738,
                    -2.5281004905700684
                ],
                [
                    7.450581485102248e-09,
                    0.6418136358261108,
                    0.7668606042861938,
                    3.0913140773773193
                ],
                [
                    0.0,
                    0.0,
                    0.0,
                    1.0
                ]
            ]
        },
        {
            "file_path": "/data/shapenet_blender/all_50_random/02958343/1b5b5a43e0281030b96212c8f6cd06e/r_37",
            "rotation": 0.12566370614359174,
            "transform_matrix": [
                [
                    0.7362234592437744,
                    -0.0012518709991127253,
                    -0.676737368106842,
                    -2.728015422821045
                ],
                [
                    -0.6767385601997375,
                    -0.0013619097881019115,
                    -0.7362222075462341,
                    -2.967806577682495
                ],
                [
                    0.0,
                    0.9999983310699463,
                    -0.0018498594872653484,
                    -0.007457021623849869
                ],
                [
                    0.0,
                    0.0,
                    0.0,
                    1.0
                ]
            ]
        },
        {
            "file_path": "/data/shapenet_blender/all_50_random/02958343/1b5b5a43e0281030b96212c8f6cd06e/r_38",
            "rotation": 0.12566370614359174,
            "transform_matrix": [
                [
                    -0.2649945020675659,
                    -0.35640260577201843,
                    0.8959659934043884,
                    3.6117544174194336
                ],
                [
                    0.9642499685287476,
                    -0.09794632345438004,
                    0.24622876942157745,
                    0.9925799369812012
                ],
                [
                    0.0,
                    0.9291843175888062,
                    0.36961644887924194,
                    1.4899715185165405
                ],
                [
                    0.0,
                    0.0,
                    0.0,
                    1.0
                ]
            ]
        },
        {
            "file_path": "/data/shapenet_blender/all_50_random/02958343/1b5b5a43e0281030b96212c8f6cd06e/r_39",
            "rotation": 0.12566370614359174,
            "transform_matrix": [
                [
                    0.985078752040863,
                    8.552036160835996e-05,
                    0.17210473120212555,
                    0.6937763690948486
                ],
                [
                    0.17210477590560913,
                    -0.0004894942394457757,
                    -0.9850785136222839,
                    -3.9709784984588623
                ],
                [
                    7.275958481545164e-12,
                    0.9999998211860657,
                    -0.0004969087895005941,
                    -0.002003103494644165
                ],
                [
                    0.0,
                    0.0,
                    0.0,
                    1.0
                ]
            ]
        },
        {
            "file_path": "/data/shapenet_blender/all_50_random/02958343/1b5b5a43e0281030b96212c8f6cd06e/r_40",
            "rotation": 0.12566370614359174,
            "transform_matrix": [
                [
                    0.5590636730194092,
                    -0.787283182144165,
                    -0.26006338000297546,
                    -1.048349142074585
                ],
                [
                    -0.8291247487068176,
                    -0.5308505892753601,
                    -0.17535598576068878,
                    -0.706882655620575
                ],
                [
                    1.4901161193847656e-08,
                    0.3136601746082306,
                    -0.9495352506637573,
                    -3.8276991844177246
                ],
                [
                    0.0,
                    0.0,
                    0.0,
                    1.0
                ]
            ]
        },
        {
            "file_path": "/data/shapenet_blender/all_50_random/02958343/1b5b5a43e0281030b96212c8f6cd06e/r_41",
            "rotation": 0.12566370614359174,
            "transform_matrix": [
                [
                    -0.6750797033309937,
                    0.178200364112854,
                    -0.7158994674682617,
                    -2.885882616043091
                ],
                [
                    -0.7377446889877319,
                    -0.16306377947330475,
                    0.6550900340080261,
                    2.640752077102661
                ],
                [
                    7.4505792646561986e-09,
                    0.9703889489173889,
                    0.24154746532440186,
