{
    "class": "02958343",
    "model": "6d493677c8dfb9d8321338b7ef756ea5",
    "remove_doubles": true,
    "edge_split": true,
    "denoise": true,
    "camera_angle_x": 0.6911112070083618,
    "scale_factor": 2.2360185335121914,
    "hdri_file": "/data/IndoorHDRDataset2018/AG8A2462-25d762f046.exr",
    "center_offset": [
        0.0,
        0.0,
        -4.6566128730773926e-09
    ],
    "lights": [],
    "frames": [
        {
            "file_path": "/data/shapenet_blender/all_50_random/02958343/6d493677c8dfb9d8321338b7ef756ea5/r_0",
            "rotation": 0.12566370614359174,
            "transform_matrix": [
                [
                    -0.4736229479312897,
                    -0.02648155763745308,
                    0.880329430103302,
                    3.5487215518951416
                ],
                [
                    0.8807276487350464,
                    -0.014240807853639126,
                    0.4734088182449341,
                    1.9083720445632935
                ],
                [
                    -9.313225191043273e-10,
                    0.9995478987693787,
                    0.03006781078875065,
                    0.12120722234249115
                ],
                [
                    0.0,
                    0.0,
                    0.0,
                    1.0
                ]
            ]
        },
        {
            "file_path": "/data/shapenet_blender/all_50_random/02958343/6d493677c8dfb9d8321338b7ef756ea5/r_1",
            "rotation": 0.12566370614359174,
            "transform_matrix": [
                [
                    0.13950015604496002,
                    0.7200967073440552,
                    0.6797060370445251,
                    2.7399826049804688
                ],
                [
                    0.9902219772338867,
                    -0.10144553333520889,
                    -0.09575539082288742,
                    -0.3860023021697998
                ],
                [
                    0.0,
                    0.6864177584648132,
                    -0.727207362651825,
                    -2.931466579437256
                ],
                [
                    0.0,
                    0.0,
                    0.0,
                    1.0
                ]
            ]
        },
        {
            "file_path": "/data/shapenet_blender/all_50_random/02958343/6d493677c8dfb9d8321338b7ef756ea5/r_2",
            "rotation": 0.12566370614359174,
            "transform_matrix": [
                [
                    -0.06392185389995575,
                    -0.3944399654865265,
                    0.9166956543922424,
                    3.6953186988830566
                ],
                [
                    0.9979548454284668,
                    -0.025265006348490715,
                    0.05871697515249252,
                    0.23669570684432983
                ],
                [
                    0.0,
                    0.9185742735862732,
                    0.39524826407432556,
                    1.5932968854904175
                ],
                [
                    0.0,
                    0.0,
                    0.0,
                    1.0
                ]
            ]
        },
        {
            "file_path": "/data/shapenet_blender/all_50_random/02958343/6d493677c8dfb9d8321338b7ef756ea5/r_3",
            "rotation": 0.12566370614359174,
            "transform_matrix": [
                [
                    -0.9765440821647644,
                    -0.041257672011852264,
                    -0.2113281488418579,
                    -0.851891040802002
                ],
                [
                    -0.21531787514686584,
                    0.18711839616298676,
                    0.9584492444992065,
                    3.8636324405670166
                ],
                [
                    0.0,
                    0.9814705848693848,
                    -0.1916128695011139,
                    -0.7724161744117737
                ],
                [
                    0.0,
                    0.0,
                    0.0,
                    1.0
                ]
            ]
        },
        {
            "file_path": "/data/shapenet_blender/all_50_random/02958343/6d493677c8dfb9d8321338b7ef756ea5/r_4",
            "rotation": 0.12566370614359174,
            "transform_matrix": [
                [
                    0.5491991639137268,
                    0.5923291444778442,
                    0.5895136594772339,
                    2.376405715942383
                ],
                [
                    0.8356913924217224,
                    -0.3892665207386017,
                    -0.3874162435531616,
                    -1.5617249011993408
                ],
                [
                    0.0,
                    0.7054202556610107,
                    -0.7087891697883606,
                    -2.8572208881378174
                ],
                [
                    0.0,
                    0.0,
                    0.0,
                    1.0
                ]
            ]
        },
        {
            "file_path": "/data/shapenet_blender/all_50_random/02958343/6d493677c8dfb9d8321338b7ef756ea5/r_5",
            "rotation": 0.12566370614359174,
            "transform_matrix": [
                [
                    0.33223018050193787,
                    -0.5211796760559082,
                    -0.7861263751983643,
                    -3.1689770221710205
                ],
                [
                    -0.9431983232498169,
                    -0.1835792362689972,
                    -0.2769034802913666,
                    -1.1162337064743042
                ],
                [
                    -1.4901161193847656e-08,
                    0.8334687948226929,
                    -0.5525663495063782,
                    -2.227466344833374
                ],
                [
                    0.0,
                    0.0,
                    0.0,
                    1.0
                ]
            ]
        },
        {
            "file_path": "/data/shapenet_blender/all_50_random/02958343/6d493677c8dfb9d8321338b7ef756ea5/r_6",
            "rotation": 0.12566370614359174,
            "transform_matrix": [
                [
                    0.907570481300354,
                    -0.22354985773563385,
                    -0.3554452955722809,
                    -1.4328455924987793
                ],
                [
                    -0.4198998808860779,
                    -0.48318007588386536,
                    -0.7682585120201111,
                    -3.0969488620758057
                ],
                [
                    0.0,
                    0.8465000987052917,
                    -0.5323885679244995,
                    -2.1461267471313477
                ],
                [
                    0.0,
                    0.0,
                    0.0,
                    1.0
                ]
            ]
        },
        {
            "file_path": "/data/shapenet_blender/all_50_random/02958343/6d493677c8dfb9d8321338b7ef756ea5/r_7",
            "rotation": 0.12566370614359174,
            "transform_matrix": [
                [
                    0.9222850799560547,
                    0.2779309153556824,
                    -0.26859772205352783,
                    -1.0827521085739136
                ],
                [
                    -0.3865104913711548,
                    0.6631942391395569,
                    -0.6409235596656799,
                    -2.5836455821990967
                ],
                [
                    -1.4901162970204496e-08,
                    0.6949300169944763,
                    0.7190773487091064,
                    2.898693561553955
                ],
                [
                    0.0,
                    0.0,
                    0.0,
                    1.0
                ]
            ]
        },
        {
            "file_path": "/data/shapenet_blender/all_50_random/02958343/6d493677c8dfb9d8321338b7ef756ea5/r_8",
            "rotation": 0.12566370614359174,
            "transform_matrix": [
                [
                    0.9879433512687683,
                    -0.023315712809562683,
                    0.15304958820343018,
                    0.6169626116752625
                ],
                [
                    0.15481536090373993,
                    0.14878760278224945,
                    -0.9766752123832703,
                    -3.937103748321533
                ],
                [
                    -3.725290076417309e-09,
                    0.9885942339897156,
                    0.15060336887836456,
                    0.6071016192436218
                ],
                [
                    0.0,
                    0.0,
                    0.0,
                    1.0
                ]
            ]
        },
        {
            "file_path": "/data/shapenet_blender/all_50_random/02958343/6d493677c8dfb9d8321338b7ef756ea5/r_9",
            "rotation": 0.12566370614359174,
            "transform_matrix": [
                [
                    -0.36998361349105835,
                    -0.6872990131378174,
                    -0.6250856518745422,
                    -2.519800901412964
                ],
                [
                    -0.9290382266044617,
                    0.27371251583099365,
                    0.24893642961978912,
                    1.0034948587417603
                ],
                [
                    0.0,
                    0.6728308796882629,
                    -0.7397962808609009,
                    -2.9822142124176025
                ],
                [
                    0.0,
                    0.0,
                    0.0,
                    1.0
                ]
            ]
        },
        {
            "file_path": "/data/shapenet_blender/all_50_random/02958343/6d493677c8dfb9d8321338b7ef756ea5/r_10",
            "rotation": 0.12566370614359174,
            "transform_matrix": [
                [
                    0.5861228704452515,
                    -0.24642637372016907,
                    -0.7718381285667419,
                    -3.1113789081573486
                ],
                [
                    -0.8102222084999084,
                    -0.17826728522777557,
                    -0.5583553910255432,
                    -2.250802516937256
                ],
                [
                    1.4901161193847656e-08,
                    0.9526251554489136,
                    -0.3041466772556305,
                    -1.2260544300079346
                ],
                [
                    0.0,
                    0.0,
                    0.0,
                    1.0
                ]
            ]
        },
        {
            "file_path": "/data/shapenet_blender/all_50_random/02958343/6d493677c8dfb9d8321338b7ef756ea5/r_11",
            "rotation": 0.12566370614359174,
            "transform_matrix": [
                [
                    -0.8279331922531128,
                    -0.3244757056236267,
                    0.45743000507354736,
                    1.8439593315124512
                ],
                [
                    0.5608267784118652,
                    -0.4790145456790924,
                    0.6752912998199463,
                    2.722186326980591
                ],
                [
                    1.4901161193847656e-08,
                    0.8156350255012512,
                    0.5785667300224304,
                    2.3322770595550537
                ],
                [
                    0.0,
                    0.0,
                    0.0,
                    1.0
                ]
            ]
        },
        {
            "file_path": "/data/shapenet_blender/all_50_random/02958343/6d493677c8dfb9d8321338b7ef756ea5/r_12",
            "rotation": 0.12566370614359174,
            "transform_matrix": [
                [
                    0.08368853479623795,
                    -0.04014421999454498,
                    -0.995682954788208,
                    -4.013726711273193
                ],
                [
                    -0.9964919686317444,
                    -0.0033714380115270615,
                    -0.0836205929517746,
                    -0.33708542585372925
                ],
                [
                    2.3283061589829401e-10,
                    0.9991883039474487,
                    -0.04028553515672684,
                    -0.16239620745182037
                ],
                [
                    0.0,
                    0.0,
                    0.0,
                    1.0
                ]
            ]
        },
        {
            "file_path": "/data/shapenet_blender/all_50_random/02958343/6d493677c8dfb9d8321338b7ef756ea5/r_13",
            "rotation": 0.12566370614359174,
            "transform_matrix": [
                [
                    0.7200947403907776,
                    0.26108238101005554,
                    0.6428837776184082,
                    2.5915474891662598
                ],
                [
                    0.693875789642334,
                    -0.27094772458076477,
                    -0.6671759486198425,
                    -2.689472198486328
                ],
                [
                    1.4901161193847656e-08,
                    0.9265114068984985,
                    -0.3762667179107666,
                    -1.5167796611785889
                ],
                [
                    0.0,
                    0.0,
                    0.0,
                    1.0
                ]
            ]
        },
        {
            "file_path": "/data/shapenet_blender/all_50_random/02958343/6d493677c8dfb9d8321338b7ef756ea5/r_14",
            "rotation": 0.12566370614359174,
            "transform_matrix": [
                [
                    -0.18593502044677734,
                    -0.5269576907157898,
                    -0.8293031454086304,
                    -3.3430278301239014
                ],
                [
                    -0.9825620055198669,
                    0.09971879422664642,
                    0.15693309903144836,
                    0.6326175332069397
                ],
                [
                    0.0,
                    0.8440210819244385,
                    -0.5363098978996277,
                    -2.1619343757629395
                ],
                [
                    0.0,
                    0.0,
                    0.0,
                    1.0
                ]
            ]
        },
        {
            "file_path": "/data/shapenet_blender/all_50_random/02958343/6d493677c8dfb9d8321338b7ef756ea5/r_15",
            "rotation": 0.12566370614359174,
            "transform_matrix": [
                [
                    0.5802667140960693,
                    0.294742614030838,
                    -0.7592214345932007,
                    -3.0605194568634033
                ],
                [
                    -0.8144264221191406,
                    0.20999974012374878,
                    -0.5409340262413025,
                    -2.180574893951416
                ],
                [
                    -1.4901160305669237e-08,
                    0.9322161078453064,
                    0.36190205812454224,
                    1.4588738679885864
                ],
                [
                    0.0,
                    0.0,
                    0.0,
                    1.0
                ]
            ]
        },
        {
            "file_path": "/data/shapenet_blender/all_50_random/02958343/6d493677c8dfb9d8321338b7ef756ea5/r_16",
            "rotation": 0.12566370614359174,
            "transform_matrix": [
                [
                    0.03108365274965763,
                    -0.3244444727897644,
                    0.9453938603401184,
                    3.811004638671875
                ],
                [
                    0.9995167255401611,
                    0.010089795105159283,
                    -0.029400503262877464,
                    -0.11851722002029419
                ],
                [
                    9.313225191043273e-10,
                    0.9458509683609009,
                    0.32460129261016846,
                    1.3085097074508667
                ],
                [
                    0.0,
                    0.0,
                    0.0,
                    1.0
                ]
            ]
        },
        {
            "file_path": "/data/shapenet_blender/all_50_random/02958343/6d493677c8dfb9d8321338b7ef756ea5/r_17",
            "rotation": 0.12566370614359174,
            "transform_matrix": [
                [
                    0.0037225366104394197,
                    -0.5474454164505005,
                    -0.8368331789970398,
                    -3.373382091522217
                ],
                [
                    -0.999993085861206,
                    -0.002037899801507592,
                    -0.0031151638831943274,
                    -0.012557625770568848
                ],
                [
                    0.0,
                    0.836838960647583,
                    -0.5474492311477661,
                    -2.2068381309509277
                ],
                [
                    0.0,
                    0.0,
                    0.0,
                    1.0
                ]
            ]
        },
        {
            "file_path": "/data/shapenet_blender/all_50_random/02958343/6d493677c8dfb9d8321338b7ef756ea5/r_18",
            "rotation": 0.12566370614359174,
            "transform_matrix": [
                [
                    0.997836172580719,
                    -0.03223893418908119,
                    0.05730202794075012,
                    0.2309918999671936
                ],
                [
                    0.06574854254722595,
                    0.48927584290504456,
                    -0.8696470856666565,
                    -3.505660057067871
                ],
                [
                    0.0,
                    0.8715329766273499,
                    0.49033671617507935,
                    1.976610779762268
                ],
                [
                    0.0,
                    0.0,
                    0.0,
                    1.0
                ]
            ]
        },
        {
            "file_path": "/data/shapenet_blender/all_50_random/02958343/6d493677c8dfb9d8321338b7ef756ea5/r_19",
            "rotation": 0.12566370614359174,
            "transform_matrix": [
                [
                    0.4286123812198639,
                    0.5085794925689697,
                    -0.7467517852783203,
                    -3.0102529525756836
                ],
                [
                    -0.9034884572029114,
                    0.24126866459846497,
                    -0.35425692796707153,
                    -1.4280555248260498
                ],
                [
                    0.0,
                    0.8265206217765808,
                    0.5629064440727234,
                    2.269148588180542
                ],
                [
                    0.0,
                    0.0,
                    0.0,
                    1.0
                ]
            ]
        },
        {
            "file_path": "/data/shapenet_blender/all_50_random/02958343/6d493677c8dfb9d8321338b7ef756ea5/r_20",
            "rotation": 0.12566370614359174,
            "transform_matrix": [
                [
                    -0.5682671666145325,
                    0.49561622738838196,
                    -0.656838595867157,
                    -2.647801160812378
                ],
                [
                    -0.8228442072868347,
                    -0.34227919578552246,
                    0.4536215364933014,
                    1.8286068439483643
                ],
                [
                    0.0,
                    0.7982540130615234,
                    0.6023209095001221,
                    2.4280333518981934
                ],
                [
                    0.0,
                    0.0,
                    0.0,
                    1.0
                ]
            ]
        },
        {
            "file_path": "/data/shapenet_blender/all_50_random/02958343/6d493677c8dfb9d8321338b7ef756ea5/r_21",
            "rotation": 0.12566370614359174,
            "transform_matrix": [
                [
                    -0.856054425239563,
                    -0.22537465393543243,
                    0.46516361832618713,
                    1.8751344680786133
                ],
                [
                    0.5168858766555786,
                    -0.3732602894306183,
                    0.7703932523727417,
                    3.1055545806884766
                ],
                [
                    0.0,
                    0.8999350666999817,
                    0.436024010181427,
                    1.7576689720153809
                ],
                [
                    0.0,
                    0.0,
                    0.0,
                    1.0
                ]
            ]
        },
        {
            "file_path": "/data/shapenet_blender/all_50_random/02958343/6d493677c8dfb9d8321338b7ef756ea5/r_22",
            "rotation": 0.12566370614359174,
            "transform_matrix": [
                [
                    0.4572716951370239,
                    -0.05365736410021782,
                    0.8877069354057312,
                    3.578460693359375
                ],
                [
                    0.8893270492553711,
                    0.02758939191699028,
                    -0.45643866062164307,
                    -1.8399628400802612
                ],
                [
                    0.0,
                    0.9981781840324402,
                    0.06033479794859886,
                    0.2432173192501068
                ],
                [
                    0.0,
                    0.0,
                    0.0,
                    1.0
                ]
            ]
        },
        {
            "file_path": "/data/shapenet_blender/all_50_random/02958343/6d493677c8dfb9d8321338b7ef756ea5/r_23",
            "rotation": 0.12566370614359174,
            "transform_matrix": [
                [
                    0.738683819770813,
                    -0.12436484545469284,
                    -0.662479817867279,
                    -2.670541524887085
                ],
                [
                    -0.6740519404411316,
                    -0.13628964126110077,
                    -0.7260020971298218,
                    -2.926608085632324
                ],
                [
                    0.0,
                    0.9828318953514099,
                    -0.18450336158275604,
                    -0.7437568306922913
                ],
                [
                    0.0,
                    0.0,
                    0.0,
                    1.0
                ]
            ]
        },
        {
            "file_path": "/data/shapenet_blender/all_50_random/02958343/6d493677c8dfb9d8321338b7ef756ea5/r_24",
            "rotation": 0.12566370614359174,
            "transform_matrix": [
                [
                    0.9944589138031006,
                    -0.03236416354775429,
                    -0.1000206470489502,
                    -0.40319615602493286
                ],
                [
                    -0.10512645542621613,
                    -0.30615347623825073,
                    -0.9461597800254822,
                    -3.8140923976898193
                ],
                [
                    1.862645149230957e-09,
                    0.951431930065155,
                    -0.30785930156707764,
                    -1.241020679473877
                ],
                [
                    0.0,
                    0.0,
                    0.0,
                    1.0
                ]
            ]
        },
        {
            "file_path": "/data/shapenet_blender/all_50_random/02958343/6d493677c8dfb9d8321338b7ef756ea5/r_25",
            "rotation": 0.12566370614359174,
            "transform_matrix": [
                [
                    -0.9831387996673584,
                    -0.03698907047510147,
                    -0.1790812462568283,
                    -0.7218996286392212
                ],
                [
                    -0.18286141753196716,
                    0.19886858761310577,
                    0.9628150463104248,
                    3.8812317848205566
                ],
                [
                    0.0,
                    0.9793278574943542,
                    -0.20227926969528198,
                    -0.8154138922691345
                ],
                [
                    0.0,
                    0.0,
                    0.0,
                    1.0
                ]
            ]
        },
        {
            "file_path": "/data/shapenet_blender/all_50_random/02958343/6d493677c8dfb9d8321338b7ef756ea5/r_26",
            "rotation": 0.12566370614359174,
            "transform_matrix": [
                [
                    0.009334559552371502,
                    -0.14869378507137299,
                    0.9888392090797424,
                    3.986138343811035
                ],
                [
                    0.999956488609314,
                    0.0013880515471100807,
                    -0.00923078041523695,
                    -0.03721046447753906
                ],
                [
                    -1.1641532182693481e-10,
                    0.9888823628425598,
                    0.1487002670764923,
                    0.5994299650192261
                ],
                [
                    0.0,
                    0.0,
                    0.0,
                    1.0
                ]
            ]
        },
        {
            "file_path": "/data/shapenet_blender/all_50_random/02958343/6d493677c8dfb9d8321338b7ef756ea5/r_27",
            "rotation": 0.12566370614359174,
            "transform_matrix": [
                [
                    0.03867630288004875,
                    0.13758520781993866,
                    -0.9897344708442688,
                    -3.9897475242614746
                ],
                [
                    -0.9992517828941345,
                    0.0053252712823450565,
                    -0.038307931274175644,
                    -0.15442422032356262
                ],
                [
                    0.0,
                    0.990475594997406,
                    0.13768821954727173,
                    0.5550390481948853
                ],
                [
                    0.0,
                    0.0,
                    0.0,
                    1.0
                ]
            ]
        },
        {
            "file_path": "/data/shapenet_blender/all_50_random/02958343/6d493677c8dfb9d8321338b7ef756ea5/r_28",
            "rotation": 0.12566370614359174,
            "transform_matrix": [
                [
                    -0.6778380870819092,
                    -0.20865373313426971,
                    0.7049816250801086,
                    2.841871976852417
                ],
                [
                    0.7352112531661987,
                    -0.1923711597919464,
                    0.6499674320220947,
                    2.620102882385254
                ],
                [
                    0.0,
                    0.9588831663131714,
                    0.28380104899406433,
                    1.1440387964248657
                ],
                [
                    0.0,
                    0.0,
                    0.0,
                    1.0
                ]
            ]
        },
        {
            "file_path": "/data/shapenet_blender/all_50_random/02958343/6d493677c8dfb9d8321338b7ef756ea5/r_29",
            "rotation": 0.12566370614359174,
            "transform_matrix": [
                [
                    0.1918867826461792,
                    0.10351849347352982,
                    -0.9759423136711121,
                    -3.9341492652893066
                ],
                [
                    -0.9814171195030212,
                    0.020239949226379395,
                    -0.19081635773181915,
                    -0.7692053318023682
                ],
                [
                    0.0,
                    0.9944215416908264,
                    0.10547859966754913,
                    0.4251978397369385
                ],
                [
                    0.0,
                    0.0,
                    0.0,
                    1.0
                ]
            ]
        },
        {
            "file_path": "/data/shapenet_blender/all_50_random/02958343/6d493677c8dfb9d8321338b7ef756ea5/r_30",
            "rotation": 0.12566370614359174,
            "transform_matrix": [
                [
                    0.9380364418029785,
                    -0.007355213165283203,
                    0.3464585840702057,
                    1.3966193199157715
                ],
                [
                    0.34653666615486145,
                    0.019909746944904327,
                    -0.9378250241279602,
                    -3.78049373626709
                ],
                [
                    0.0,
                    0.999774694442749,
                    0.021224915981292725,
                    0.0855603814125061
                ],
                [
                    0.0,
                    0.0,
                    0.0,
                    1.0
                ]
            ]
        },
        {
            "file_path": "/data/shapenet_blender/all_50_random/02958343/6d493677c8dfb9d8321338b7ef756ea5/r_31",
            "rotation": 0.12566370614359174,
            "transform_matrix": [
                [
                    -0.03608548641204834,
                    0.7360352277755737,
                    -0.6759807467460632,
                    -2.7249655723571777
                ],
                [
                    -0.9993487000465393,
                    -0.026577500626444817,
                    0.024408992379903793,
                    0.09839579463005066
                ],
                [
                    -1.862645149230957e-09,
                    0.6764213442802429,
                    0.7365148663520813,
                    2.9689865112304688
                ],
                [
                    0.0,
                    0.0,
                    0.0,
                    1.0
                ]
            ]
        },
        {
            "file_path": "/data/shapenet_blender/all_50_random/02958343/6d493677c8dfb9d8321338b7ef756ea5/r_32",
            "rotation": 0.12566370614359174,
            "transform_matrix": [
                [
                    -0.9854837656021118,
                    -0.10657844692468643,
                    -0.13214685022830963,
                    -0.5327010154724121
                ],
                [
                    -0.16976970434188843,
                    0.6186693906784058,
                    0.7670895457267761,
                    3.0922367572784424
                ],
                [
                    0.0,
                    0.7783888578414917,
                    -0.6277824640274048,
                    -2.530672073364258
                ],
                [
                    0.0,
                    0.0,
                    0.0,
                    1.0
                ]
            ]
        },
        {
            "file_path": "/data/shapenet_blender/all_50_random/02958343/6d493677c8dfb9d8321338b7ef756ea5/r_33",
            "rotation": 0.12566370614359174,
            "transform_matrix": [
                [
                    0.9247478246688843,
                    -0.20227257907390594,
                    -0.3223775625228882,
                    -1.2995455265045166
                ],
                [
                    -0.38058045506477356,
                    -0.491489052772522,
                    -0.7833243608474731,
                    -3.157681465148926
                ],
                [
                    0.0,
                    0.8470680117607117,
                    -0.5314844250679016,
                    -2.142482280731201
                ],
                [
                    0.0,
                    0.0,
                    0.0,
                    1.0
                ]
            ]
        },
        {
            "file_path": "/data/shapenet_blender/all_50_random/02958343/6d493677c8dfb9d8321338b7ef756ea5/r_34",
            "rotation": 0.12566370614359174,
            "transform_matrix": [
                [
                    0.3942357897758484,
                    0.13208027184009552,
                    -0.9094685316085815,
                    -3.666184902191162
                ],
                [
                    -0.9190094470977783,
                    0.05665966123342514,
                    -0.39014288783073425,
                    -1.572716236114502
                ],
                [
                    0.0,
                    0.9896183609962463,
                    0.14372026920318604,
                    0.5793549418449402
                ],
                [
                    0.0,
                    0.0,
                    0.0,
                    1.0
                ]
            ]
        },
        {
            "file_path": "/data/shapenet_blender/all_50_random/02958343/6d493677c8dfb9d8321338b7ef756ea5/r_35",
            "rotation": 0.12566370614359174,
            "transform_matrix": [
                [
                    -0.8426462411880493,
                    0.13611134886741638,
                    0.5209806561470032,
                    2.100140333175659
                ],
                [
                    0.5384674072265625,
                    0.21300029754638672,
                    0.8152812719345093,
                    3.2865042686462402
                ],
                [
                    0.0,
                    0.9675249457359314,
                    -0.2527754008769989,
                    -1.0189703702926636
                ],
                [
                    0.0,
                    0.0,
                    0.0,
                    1.0
                ]
            ]
        },
        {
            "file_path": "/data/shapenet_blender/all_50_random/02958343/6d493677c8dfb9d8321338b7ef756ea5/r_36",
            "rotation": 0.12566370614359174,
            "transform_matrix": [
                [
                    0.966845691204071,
                    0.10141298919916153,
                    0.2343604564666748,
                    0.9447371959686279
                ],
                [
                    0.2553613483905792,
                    -0.3839684724807739,
                    -0.8873323798179626,
                    -3.576951265335083
                ],
                [
                    -7.450580596923828e-09,
                    0.9177601337432861,
                    -0.3971352279186249,
                    -1.6009032726287842
                ],
                [
                    0.0,
                    0.0,
                    0.0,
                    1.0
                ]
            ]
        },
        {
            "file_path": "/data/shapenet_blender/all_50_random/02958343/6d493677c8dfb9d8321338b7ef756ea5/r_37",
            "rotation": 0.12566370614359174,
            "transform_matrix": [
                [
                    -0.12969236075878143,
                    0.9324746131896973,
                    -0.33715149760246277,
                    -1.3591011762619019
                ],
                [
                    -0.991554319858551,
                    -0.12196491658687592,
                    0.044098418205976486,
                    0.17776641249656677
                ],
                [
                    0.0,
                    0.3400231897830963,
                    0.9404169917106628,
                    3.7909421920776367
                ],
                [
                    0.0,
                    0.0,
                    0.0,
                    1.0
                ]
            ]
        },
        {
            "file_path": "/data/shapenet_blender/all_50_random/02958343/6d493677c8dfb9d8321338b7ef756ea5/r_38",
            "rotation": 0.12566370614359174,
            "transform_matrix": [
                [
                    -0.7051942944526672,
                    -0.22477170825004578,
                    -0.6724421977996826,
                    -2.7107014656066895
                ],
                [
                    -0.7090139985084534,
                    0.22356079518795013,
                    0.6688195466995239,
                    2.6960980892181396
                ],
                [
                    0.0,
                    0.9484187960624695,
                    -0.317020058631897,
                    -1.2779488563537598
                ],
                [
                    0.0,
                    0.0,
                    0.0,
                    1.0
                ]
            ]
        },
        {
            "file_path": "/data/shapenet_blender/all_50_random/02958343/6d493677c8dfb9d8321338b7ef756ea5/r_39",
            "rotation": 0.12566370614359174,
            "transform_matrix": [
                [
                    0.2620834708213806,
                    0.5609329342842102,
                    0.7852810621261597,
                    3.165569305419922
                ],
                [
                    0.9650452136993408,
                    -0.15233615040779114,
                    -0.21326379477977753,
                    -0.8596938848495483
                ],
                [
                    7.450580596923828e-09,
                    0.8137246370315552,
                    -0.5812504291534424,
                    -2.343095541000366
                ],
                [
                    0.0,
                    0.0,
                    0.0,
                    1.0
                ]
            ]
        },
        {
            "file_path": "/data/shapenet_blender/all_50_random/02958343/6d493677c8dfb9d8321338b7ef756ea5/r_40",
            "rotation": 0.12566370614359174,
            "transform_matrix": [
                [
                    0.040909674018621445,
                    -0.055452555418014526,
                    -0.9976228475570679,
                    -4.021546363830566
                ],
                [
                    -0.9991629123687744,
                    -0.0022704466246068478,
                    -0.04084661602973938,
                    -0.16465798020362854
                ],
                [
                    -2.3283067140944524e-10,
                    0.9984586834907532,
                    -0.05549902096390724,
                    -0.22372370958328247
                ],
                [
                    0.0,
                    0.0,
                    0.0,
                    1.0
                ]
            ]
        },
        {
            "file_path": "/data/shapenet_blender/all_50_random/02958343/6d493677c8dfb9d8321338b7ef756ea5/r_41",
            "rotation": 0.12566370614359174,
            "transform_matrix": [
                [
                    -0.7322490215301514,
                    0.429077684879303,
                    0.528870165348053,
                    2.131944179534912
                ],
                [
                    0.6810370087623596,
                    0.46134305000305176,
                    0.5686396360397339,
                    2.292259931564331
                ],
                [
                    0.0,
