{
    "class": "02958343",
    "model": "491df319c52dccdafb5c1b0f759e2bc1",
    "remove_doubles": true,
    "edge_split": true,
    "denoise": true,
    "camera_angle_x": 0.6911112070083618,
    "scale_factor": 2.243794937677549,
    "hdri_file": "/data/IndoorHDRDataset2018/9C4A6435-79444159dd.exr",
    "center_offset": [
        0.0,
        -3.725290298461914e-09,
        -3.725290298461914e-09
    ],
    "lights": [],
    "frames": [
        {
            "file_path": "/data/shapenet_blender/all_50_random/02958343/491df319c52dccdafb5c1b0f759e2bc1/r_0",
            "rotation": 0.12566370614359174,
            "transform_matrix": [
                [
                    0.8193894028663635,
                    0.008934110403060913,
                    -0.5731677412986755,
                    -2.3105127811431885
                ],
                [
                    -0.5732372999191284,
                    0.01277048047631979,
                    -0.8192899823188782,
                    -3.3026630878448486
                ],
                [
                    0.0,
                    0.9998785853385925,
                    0.01558536384254694,
                    0.06282660365104675
                ],
                [
                    0.0,
                    0.0,
                    0.0,
                    1.0
                ]
            ]
        },
        {
            "file_path": "/data/shapenet_blender/all_50_random/02958343/491df319c52dccdafb5c1b0f759e2bc1/r_1",
            "rotation": 0.12566370614359174,
            "transform_matrix": [
                [
                    -0.08798815310001373,
                    0.856086790561676,
                    0.5092871785163879,
                    2.05300235748291
                ],
                [
                    0.9961215257644653,
                    0.07561878114938736,
                    0.04498571529984474,
                    0.181343212723732
                ],
                [
                    0.0,
                    0.5112701058387756,
                    -0.8594200015068054,
                    -3.464432954788208
                ],
                [
                    0.0,
                    0.0,
                    0.0,
                    1.0
                ]
            ]
        },
        {
            "file_path": "/data/shapenet_blender/all_50_random/02958343/491df319c52dccdafb5c1b0f759e2bc1/r_2",
            "rotation": 0.12566370614359174,
            "transform_matrix": [
                [
                    0.9931328296661377,
                    -0.08956491947174072,
                    0.07526890188455582,
                    0.30341866612434387
                ],
                [
                    0.11699268221855164,
                    0.7603027820587158,
                    -0.6389461159706116,
                    -2.575674533843994
                ],
                [
                    3.725290742551124e-09,
                    0.6433642506599426,
                    0.7655600309371948,
                    3.086071491241455
                ],
                [
                    0.0,
                    0.0,
                    0.0,
                    1.0
                ]
            ]
        },
        {
            "file_path": "/data/shapenet_blender/all_50_random/02958343/491df319c52dccdafb5c1b0f759e2bc1/r_3",
            "rotation": 0.12566370614359174,
            "transform_matrix": [
                [
                    0.47177454829216003,
                    -0.15913841128349304,
                    0.8672391176223755,
                    3.495952844619751
                ],
                [
                    0.8817192316055298,
                    0.08514893054962158,
                    -0.4640268087387085,
                    -1.8705520629882812
                ],
                [
                    7.450580596923828e-09,
                    0.9835774302482605,
                    0.18048648536205292,
                    0.7275643348693848
                ],
                [
                    0.0,
                    0.0,
                    0.0,
                    1.0
                ]
            ]
        },
        {
            "file_path": "/data/shapenet_blender/all_50_random/02958343/491df319c52dccdafb5c1b0f759e2bc1/r_4",
            "rotation": 0.12566370614359174,
            "transform_matrix": [
                [
                    0.6434298753738403,
                    0.30878204107284546,
                    -0.7004652619361877,
                    -2.8236656188964844
                ],
                [
                    -0.7655049562454224,
                    0.2595405876636505,
                    -0.5887620449066162,
                    -2.373375654220581
                ],
                [
                    2.9802317058624794e-08,
                    0.9150367975234985,
                    0.4033704102039337,
                    1.6260380744934082
                ],
                [
                    0.0,
                    0.0,
                    0.0,
                    1.0
                ]
            ]
        },
        {
            "file_path": "/data/shapenet_blender/all_50_random/02958343/491df319c52dccdafb5c1b0f759e2bc1/r_5",
            "rotation": 0.12566370614359174,
            "transform_matrix": [
                [
                    -0.9434243440628052,
                    -0.11667758226394653,
                    -0.3103816509246826,
                    -1.2511885166168213
                ],
                [
                    -0.3315877616405487,
                    0.331967830657959,
                    0.8830893635749817,
                    3.559847354888916
                ],
                [
                    -7.4505797087454084e-09,
                    0.9360468983650208,
                    -0.351875364780426,
                    -1.4184551239013672
                ],
                [
                    0.0,
                    0.0,
                    0.0,
                    1.0
                ]
            ]
        },
        {
            "file_path": "/data/shapenet_blender/all_50_random/02958343/491df319c52dccdafb5c1b0f759e2bc1/r_6",
            "rotation": 0.12566370614359174,
            "transform_matrix": [
                [
                    0.6023825407028198,
                    0.7807919383049011,
                    -0.16582925617694855,
                    -0.6684791445732117
                ],
                [
                    -0.7982075810432434,
                    0.5892394781112671,
                    -0.12514619529247284,
                    -0.5044804811477661
                ],
                [
                    0.0,
                    0.2077520340681076,
                    0.9781814217567444,
                    3.943175792694092
                ],
                [
                    0.0,
                    0.0,
                    0.0,
                    1.0
                ]
            ]
        },
        {
            "file_path": "/data/shapenet_blender/all_50_random/02958343/491df319c52dccdafb5c1b0f759e2bc1/r_7",
            "rotation": 0.12566370614359174,
            "transform_matrix": [
                [
                    -0.7276716232299805,
                    0.16768598556518555,
                    0.6651131510734558,
                    2.681156873703003
                ],
                [
                    0.6859257817268372,
                    0.17789144814014435,
                    0.7055922746658325,
                    2.8443334102630615
                ],
                [
                    -7.450580596923828e-09,
                    0.9696577191352844,
                    -0.24446667730808258,
                    -0.9854766726493835
                ],
                [
                    0.0,
                    0.0,
                    0.0,
                    1.0
                ]
            ]
        },
        {
            "file_path": "/data/shapenet_blender/all_50_random/02958343/491df319c52dccdafb5c1b0f759e2bc1/r_8",
            "rotation": 0.12566370614359174,
            "transform_matrix": [
                [
                    -0.9387966990470886,
                    0.2940213680267334,
                    0.17947791516780853,
                    0.7234987020492554
                ],
                [
                    0.3444719612598419,
                    0.8013026714324951,
                    0.4891349673271179,
                    1.9717662334442139
                ],
                [
                    0.0,
                    0.5210232734680176,
                    -0.8535423278808594,
                    -3.440739393234253
                ],
                [
                    0.0,
                    0.0,
                    0.0,
                    1.0
                ]
            ]
        },
        {
            "file_path": "/data/shapenet_blender/all_50_random/02958343/491df319c52dccdafb5c1b0f759e2bc1/r_9",
            "rotation": 0.12566370614359174,
            "transform_matrix": [
                [
                    -0.8463718295097351,
                    0.14889800548553467,
                    -0.5113552212715149,
                    -2.0613386631011963
                ],
                [
                    -0.5325924754142761,
                    -0.23662196099758148,
                    0.8126225471496582,
                    3.2757859230041504
                ],
                [
                    7.4505797087454084e-09,
                    0.960124671459198,
                    0.27957212924957275,
                    1.1269911527633667
                ],
                [
                    0.0,
                    0.0,
                    0.0,
                    1.0
                ]
            ]
        },
        {
            "file_path": "/data/shapenet_blender/all_50_random/02958343/491df319c52dccdafb5c1b0f759e2bc1/r_10",
            "rotation": 0.12566370614359174,
            "transform_matrix": [
                [
                    0.9533868432044983,
                    0.16041792929172516,
                    0.2555771470069885,
                    1.0302643775939941
                ],
                [
                    0.30175089836120605,
                    -0.5068430304527283,
                    -0.8075001239776611,
                    -3.2551372051239014
                ],
                [
                    0.0,
                    0.846980631351471,
                    -0.5316237211227417,
                    -2.1430437564849854
                ],
                [
                    0.0,
                    0.0,
                    0.0,
                    1.0
                ]
            ]
        },
        {
            "file_path": "/data/shapenet_blender/all_50_random/02958343/491df319c52dccdafb5c1b0f759e2bc1/r_11",
            "rotation": 0.12566370614359174,
            "transform_matrix": [
                [
                    0.2743912935256958,
                    -0.380795419216156,
                    0.8830086588859558,
                    3.5595216751098633
                ],
                [
                    0.9616180658340454,
                    0.10865743458271027,
                    -0.2519606351852417,
                    -1.015685796737671
                ],
                [
                    0.0,
                    0.9182529449462891,
                    0.3959943950176239,
                    1.5963044166564941
                ],
                [
                    0.0,
                    0.0,
                    0.0,
                    1.0
                ]
            ]
        },
        {
            "file_path": "/data/shapenet_blender/all_50_random/02958343/491df319c52dccdafb5c1b0f759e2bc1/r_12",
            "rotation": 0.12566370614359174,
            "transform_matrix": [
                [
                    0.3427354395389557,
                    0.06659611314535141,
                    0.937068521976471,
                    3.7774438858032227
                ],
                [
                    0.9394319653511047,
                    -0.024296434596180916,
                    -0.3418731689453125,
                    -1.3781347274780273
                ],
                [
                    -1.8626450382086546e-09,
                    0.9974840879440308,
                    -0.07088977098464966,
                    -0.28576579689979553
                ],
                [
                    0.0,
                    0.0,
                    0.0,
                    1.0
                ]
            ]
        },
        {
            "file_path": "/data/shapenet_blender/all_50_random/02958343/491df319c52dccdafb5c1b0f759e2bc1/r_13",
            "rotation": 0.12566370614359174,
            "transform_matrix": [
                [
                    -0.9688284397125244,
                    0.1020435243844986,
                    0.22574006021022797,
                    0.9099873304367065
                ],
                [
                    0.24773262441158295,
                    0.39907002449035645,
                    0.8828202486038208,
                    3.558762550354004
                ],
                [
                    0.0,
                    0.9112245440483093,
                    -0.41190987825393677,
                    -1.6604619026184082
                ],
                [
                    0.0,
                    0.0,
                    0.0,
                    1.0
                ]
            ]
        },
        {
            "file_path": "/data/shapenet_blender/all_50_random/02958343/491df319c52dccdafb5c1b0f759e2bc1/r_14",
            "rotation": 0.12566370614359174,
            "transform_matrix": [
                [
                    -0.17740720510482788,
                    0.11145208030939102,
                    0.9778062701225281,
                    3.9416632652282715
                ],
                [
                    0.9841375350952148,
                    0.020091097801923752,
                    0.1762658953666687,
                    0.7105505466461182
                ],
                [
                    0.0,
                    0.993566632270813,
                    -0.11324848979711533,
                    -0.4565192759037018
                ],
                [
                    0.0,
                    0.0,
                    0.0,
                    1.0
                ]
            ]
        },
        {
            "file_path": "/data/shapenet_blender/all_50_random/02958343/491df319c52dccdafb5c1b0f759e2bc1/r_15",
            "rotation": 0.12566370614359174,
            "transform_matrix": [
                [
                    -0.4756368100643158,
                    0.3972929120063782,
                    0.7848107218742371,
                    3.163673162460327
                ],
                [
                    0.8796417117118835,
                    0.21482285857200623,
                    0.42436012625694275,
                    1.7106504440307617
                ],
                [
                    -1.4901160305669237e-08,
                    0.892193615436554,
                    -0.4516531229019165,
                    -1.8206719160079956
                ],
                [
                    0.0,
                    0.0,
                    0.0,
                    1.0
                ]
            ]
        },
        {
            "file_path": "/data/shapenet_blender/all_50_random/02958343/491df319c52dccdafb5c1b0f759e2bc1/r_16",
            "rotation": 0.12566370614359174,
            "transform_matrix": [
                [
                    0.9712562561035156,
                    -0.2143840193748474,
                    0.10344457626342773,
                    0.4169984459877014
                ],
                [
                    0.23803630471229553,
                    0.8747481107711792,
                    -0.42208346724510193,
                    -1.7014729976654053
                ],
                [
                    0.0,
                    0.4345748722553253,
                    0.9006356000900269,
                    3.6305785179138184
                ],
                [
                    0.0,
                    0.0,
                    0.0,
                    1.0
                ]
            ]
        },
        {
            "file_path": "/data/shapenet_blender/all_50_random/02958343/491df319c52dccdafb5c1b0f759e2bc1/r_17",
            "rotation": 0.12566370614359174,
            "transform_matrix": [
                [
                    0.26957130432128906,
                    0.4715074598789215,
                    -0.8396498560905457,
                    -3.384737014770508
                ],
                [
                    -0.9629804491996765,
                    0.13199113309383392,
                    -0.23504683375358582,
                    -0.9475041627883911
                ],
                [
                    7.450580596923828e-09,
                    0.8719282746315002,
                    0.4896334707736969,
                    1.9737757444381714
                ],
                [
                    0.0,
                    0.0,
                    0.0,
                    1.0
                ]
            ]
        },
        {
            "file_path": "/data/shapenet_blender/all_50_random/02958343/491df319c52dccdafb5c1b0f759e2bc1/r_18",
            "rotation": 0.12566370614359174,
            "transform_matrix": [
                [
                    -0.5686675310134888,
                    -0.0530158206820488,
                    -0.8208572268486023,
                    -3.308981418609619
                ],
                [
                    -0.8225675225257874,
                    0.036651551723480225,
                    0.5674851536750793,
                    2.2876057624816895
                ],
                [
                    0.0,
                    0.9979208707809448,
                    -0.06445163488388062,
                    -0.2598128616809845
                ],
                [
                    0.0,
                    0.0,
                    0.0,
                    1.0
                ]
            ]
        },
        {
            "file_path": "/data/shapenet_blender/all_50_random/02958343/491df319c52dccdafb5c1b0f759e2bc1/r_19",
            "rotation": 0.12566370614359174,
            "transform_matrix": [
                [
                    0.8405656814575195,
                    -0.444038450717926,
                    -0.31028902530670166,
                    -1.2508150339126587
                ],
                [
                    -0.5417097210884094,
                    -0.6890100836753845,
                    -0.4814724028110504,
                    -1.9408773183822632
                ],
                [
                    0.0,
                    0.5727957487106323,
                    -0.8196981549263,
                    -3.3043088912963867
                ],
                [
                    0.0,
                    0.0,
                    0.0,
                    1.0
                ]
            ]
        },
        {
            "file_path": "/data/shapenet_blender/all_50_random/02958343/491df319c52dccdafb5c1b0f759e2bc1/r_20",
            "rotation": 0.12566370614359174,
            "transform_matrix": [
                [
                    -0.1431543081998825,
                    -0.12926097214221954,
                    -0.9812228679656982,
                    -3.9554362297058105
                ],
                [
                    -0.9897003769874573,
                    0.01869683340191841,
                    0.1419280767440796,
                    0.5721304416656494
                ],
                [
                    -1.862645371275562e-09,
                    0.9914341568946838,
                    -0.13060615956783295,
                    -0.526490330696106
                ],
                [
                    0.0,
                    0.0,
                    0.0,
                    1.0
                ]
            ]
        },
        {
            "file_path": "/data/shapenet_blender/all_50_random/02958343/491df319c52dccdafb5c1b0f759e2bc1/r_21",
            "rotation": 0.12566370614359174,
            "transform_matrix": [
                [
                    -0.9794425964355469,
                    -0.048434168100357056,
                    0.19582249224185944,
                    0.7893857955932617
                ],
                [
                    0.2017233818769455,
                    -0.2351660430431366,
                    0.9507915377616882,
                    3.832763433456421
                ],
                [
                    3.725290298461914e-09,
                    0.9707476496696472,
                    0.2401019036769867,
                    0.9678817987442017
                ],
                [
                    0.0,
                    0.0,
                    0.0,
                    1.0
                ]
            ]
        },
        {
            "file_path": "/data/shapenet_blender/all_50_random/02958343/491df319c52dccdafb5c1b0f759e2bc1/r_22",
            "rotation": 0.12566370614359174,
            "transform_matrix": [
                [
                    -0.9813615083694458,
                    -0.16180923581123352,
                    0.10366982966661453,
                    0.4179064631462097
                ],
                [
                    0.1921709179878235,
                    -0.8263131380081177,
                    0.5294119715690613,
                    2.1341278553009033
                ],
                [
                    0.0,
                    0.5394667983055115,
                    0.8420068621635437,
                    3.394238233566284
                ],
                [
                    0.0,
                    0.0,
                    0.0,
                    1.0
                ]
            ]
        },
        {
            "file_path": "/data/shapenet_blender/all_50_random/02958343/491df319c52dccdafb5c1b0f759e2bc1/r_23",
            "rotation": 0.12566370614359174,
            "transform_matrix": [
                [
                    -0.23499391973018646,
                    0.028144460171461105,
                    -0.9715892672538757,
                    -3.9166016578674316
                ],
                [
                    -0.9719968438148499,
                    -0.0068043190985918045,
                    0.23489537835121155,
                    0.946893572807312
                ],
                [
                    0.0,
                    0.9995806217193604,
                    0.028955301269888878,
                    0.11672255396842957
                ],
                [
                    0.0,
                    0.0,
                    0.0,
                    1.0
                ]
            ]
        },
        {
            "file_path": "/data/shapenet_blender/all_50_random/02958343/491df319c52dccdafb5c1b0f759e2bc1/r_24",
            "rotation": 0.12566370614359174,
            "transform_matrix": [
                [
                    0.30315592885017395,
                    0.5979341864585876,
                    -0.7420048117637634,
                    -2.991117000579834
                ],
                [
                    -0.9529410600662231,
                    0.19021877646446228,
                    -0.23605148494243622,
                    -0.951554000377655
                ],
                [
                    0.0,
                    0.7786471843719482,
                    0.6274619698524475,
                    2.5293800830841064
                ],
                [
                    0.0,
                    0.0,
                    0.0,
                    1.0
                ]
            ]
        },
        {
            "file_path": "/data/shapenet_blender/all_50_random/02958343/491df319c52dccdafb5c1b0f759e2bc1/r_25",
            "rotation": 0.12566370614359174,
            "transform_matrix": [
                [
                    -0.8695128560066223,
                    0.4501815140247345,
                    0.20318461954593658,
                    0.8190634846687317
                ],
                [
                    0.4939103126525879,
                    0.7925297617912292,
                    0.35769984126091003,
                    1.44193434715271
                ],
                [
                    0.0,
                    0.4113796353340149,
                    -0.9114640355110168,
                    -3.674229383468628
                ],
                [
                    0.0,
                    0.0,
                    0.0,
                    1.0
                ]
            ]
        },
        {
            "file_path": "/data/shapenet_blender/all_50_random/02958343/491df319c52dccdafb5c1b0f759e2bc1/r_26",
            "rotation": 0.12566370614359174,
            "transform_matrix": [
                [
                    0.7705105543136597,
                    0.25121408700942993,
                    0.5858368873596191,
                    2.361584186553955
                ],
                [
                    0.6374272108078003,
                    -0.30366307497024536,
                    -0.7081491351127625,
                    -2.8546407222747803
                ],
                [
                    0.0,
                    0.9190648794174194,
                    -0.39410626888275146,
                    -1.5886932611465454
                ],
                [
                    0.0,
                    0.0,
                    0.0,
                    1.0
                ]
            ]
        },
        {
            "file_path": "/data/shapenet_blender/all_50_random/02958343/491df319c52dccdafb5c1b0f759e2bc1/r_27",
            "rotation": 0.12566370614359174,
            "transform_matrix": [
                [
                    0.07115761190652847,
                    -0.4230658710002899,
                    -0.9033005833625793,
                    -3.6413207054138184
                ],
                [
                    -0.9974650740623474,
                    -0.03018086403608322,
                    -0.06444006413221359,
                    -0.259766161441803
                ],
                [
                    0.0,
                    0.9055960774421692,
                    -0.4241410791873932,
                    -1.70976722240448
                ],
                [
                    0.0,
                    0.0,
                    0.0,
                    1.0
                ]
            ]
        },
        {
            "file_path": "/data/shapenet_blender/all_50_random/02958343/491df319c52dccdafb5c1b0f759e2bc1/r_28",
            "rotation": 0.12566370614359174,
            "transform_matrix": [
                [
                    0.9805144667625427,
                    0.042503420263528824,
                    0.19179421663284302,
                    0.7731472253799438
                ],
                [
                    0.19644738733768463,
                    -0.21214444935321808,
                    -0.957289457321167,
                    -3.858957290649414
                ],
                [
                    3.725290742551124e-09,
                    0.9763135313987732,
                    -0.21636036038398743,
                    -0.8721765279769897
                ],
                [
                    0.0,
                    0.0,
                    0.0,
                    1.0
                ]
            ]
        },
        {
            "file_path": "/data/shapenet_blender/all_50_random/02958343/491df319c52dccdafb5c1b0f759e2bc1/r_29",
            "rotation": 0.12566370614359174,
            "transform_matrix": [
                [
                    -0.6704602837562561,
                    0.023906555026769638,
                    -0.741560161113739,
                    -2.9893245697021484
                ],
                [
                    -0.7419454455375671,
                    -0.02160320058465004,
                    0.670112133026123,
                    2.701308488845825
                ],
                [
                    0.0,
                    0.9994807243347168,
                    0.03222145140171051,
                    0.12988883256912231
                ],
                [
                    0.0,
                    0.0,
                    0.0,
                    1.0
                ]
            ]
        },
        {
            "file_path": "/data/shapenet_blender/all_50_random/02958343/491df319c52dccdafb5c1b0f759e2bc1/r_30",
            "rotation": 0.12566370614359174,
            "transform_matrix": [
                [
                    -0.7126016020774841,
                    -0.607445478439331,
                    -0.3510112166404724,
                    -1.4149714708328247
                ],
                [
                    -0.7015689611434937,
                    0.616998016834259,
                    0.35653114318847656,
                    1.437222957611084
                ],
                [
                    -1.4901162970204496e-08,
                    0.5003231763839722,
                    -0.8658386468887329,
                    -3.490307331085205
                ],
                [
                    0.0,
                    0.0,
                    0.0,
                    1.0
                ]
            ]
        },
        {
            "file_path": "/data/shapenet_blender/all_50_random/02958343/491df319c52dccdafb5c1b0f759e2bc1/r_31",
            "rotation": 0.12566370614359174,
            "transform_matrix": [
                [
                    -0.26954391598701477,
                    -0.29171180725097656,
                    -0.9177419543266296,
                    -3.699536085128784
                ],
                [
                    -0.9629881978034973,
                    0.08165120333433151,
                    0.2568793296813965,
                    1.0355137586593628
                ],
                [
                    0.0,
                    0.9530148506164551,
                    -0.3029235899448395,
                    -1.2211240530014038
                ],
                [
                    0.0,
                    0.0,
                    0.0,
                    1.0
                ]
            ]
        },
        {
            "file_path": "/data/shapenet_blender/all_50_random/02958343/491df319c52dccdafb5c1b0f759e2bc1/r_32",
            "rotation": 0.12566370614359174,
            "transform_matrix": [
                [
                    -0.12071287631988525,
                    -0.15381376445293427,
                    -0.9806985855102539,
                    -3.953322410583496
                ],
                [
                    -0.992687463760376,
                    0.01870407722890377,
                    0.11925501376390457,
                    0.48073235154151917
                ],
                [
                    -1.8626449271863521e-09,
                    0.9879229068756104,
                    -0.15494680404663086,
                    -0.6246105432510376
                ],
                [
                    0.0,
                    0.0,
                    0.0,
                    1.0
                ]
            ]
        },
        {
            "file_path": "/data/shapenet_blender/all_50_random/02958343/491df319c52dccdafb5c1b0f759e2bc1/r_33",
            "rotation": 0.12566370614359174,
            "transform_matrix": [
                [
                    -0.9488297700881958,
                    0.024188503623008728,
                    -0.31486034393310547,
                    -1.269242763519287
                ],
                [
                    -0.3157881200313568,
                    -0.07267775386571884,
                    0.9460421204566956,
                    3.8136179447174072
                ],
                [
                    0.0,
                    0.9970620274543762,
                    0.07659725844860077,
                    0.3087734580039978
                ],
                [
                    0.0,
                    0.0,
                    0.0,
                    1.0
                ]
            ]
        },
        {
            "file_path": "/data/shapenet_blender/all_50_random/02958343/491df319c52dccdafb5c1b0f759e2bc1/r_34",
            "rotation": 0.12566370614359174,
            "transform_matrix": [
                [
                    0.8913143277168274,
                    0.14162272214889526,
                    -0.43069905042648315,
                    -1.7362034320831299
                ],
                [
                    -0.45338577032089233,
                    0.2784171402454376,
                    -0.8467143177986145,
                    -3.413214683532715
                ],
                [
                    7.450580596923828e-09,
                    0.9499614834785461,
                    0.31236690282821655,
                    1.2591912746429443
                ],
                [
                    0.0,
                    0.0,
                    0.0,
                    1.0
                ]
            ]
        },
        {
            "file_path": "/data/shapenet_blender/all_50_random/02958343/491df319c52dccdafb5c1b0f759e2bc1/r_35",
            "rotation": 0.12566370614359174,
            "transform_matrix": [
                [
                    -0.6278073191642761,
                    -0.24580346047878265,
                    -0.7385380864143372,
                    -2.977142333984375
                ],
                [
                    -0.7783687710762024,
                    0.1982572227716446,
                    0.5956812500953674,
                    2.4012680053710938
                ],
                [
                    0.0,
                    0.9488280415534973,
                    -0.31579309701919556,
                    -1.2730027437210083
                ],
                [
                    0.0,
                    0.0,
                    0.0,
                    1.0
                ]
            ]
        },
        {
            "file_path": "/data/shapenet_blender/all_50_random/02958343/491df319c52dccdafb5c1b0f759e2bc1/r_36",
            "rotation": 0.12566370614359174,
            "transform_matrix": [
                [
                    0.438856840133667,
                    -0.44470420479774475,
                    -0.780796229839325,
                    -3.1474905014038086
                ],
                [
                    -0.8985570669174194,
                    -0.2171943038702011,
                    -0.3813422620296478,
                    -1.537239909172058
                ],
                [
                    1.4901161193847656e-08,
                    0.8689446449279785,
                    -0.49490922689437866,
                    -1.9950430393218994
                ],
                [
                    0.0,
                    0.0,
                    0.0,
                    1.0
                ]
            ]
        },
        {
            "file_path": "/data/shapenet_blender/all_50_random/02958343/491df319c52dccdafb5c1b0f759e2bc1/r_37",
            "rotation": 0.12566370614359174,
            "transform_matrix": [
                [
                    0.4811384975910187,
                    0.6776424646377563,
                    -0.5561531186103821,
                    -2.2419252395629883
                ],
                [
                    -0.8766446113586426,
                    0.3719179630279541,
                    -0.30523961782455444,
                    -1.2304604053497314
                ],
                [
                    1.4901161193847656e-08,
                    0.6344112157821655,
                    0.77299565076828,
                    3.1160454750061035
                ],
                [
                    0.0,
                    0.0,
                    0.0,
                    1.0
                ]
            ]
        },
        {
            "file_path": "/data/shapenet_blender/all_50_random/02958343/491df319c52dccdafb5c1b0f759e2bc1/r_38",
            "rotation": 0.12566370614359174,
            "transform_matrix": [
                [
                    0.6754300594329834,
                    -0.06749849021434784,
                    0.7343283295631409,
                    2.960172176361084
                ],
                [
                    0.7374240159988403,
                    0.0618240162730217,
                    -0.6725946664810181,
                    -2.711315870285034
                ],
                [
                    0.0,
                    0.9958019256591797,
                    0.09153281897306442,
                    0.3689805865287781
                ],
                [
                    0.0,
                    0.0,
                    0.0,
                    1.0
                ]
            ]
        },
        {
            "file_path": "/data/shapenet_blender/all_50_random/02958343/491df319c52dccdafb5c1b0f759e2bc1/r_39",
            "rotation": 0.12566370614359174,
            "transform_matrix": [
                [
                    0.7412803173065186,
                    0.6553515791893005,
                    -0.14497508108615875,
                    -0.5844131708145142
                ],
                [
                    -0.6711954474449158,
                    0.7237820625305176,
                    -0.16011308133602142,
                    -0.6454364061355591
                ],
                [
                    0.0,
                    0.21599511802196503,
                    0.9763944745063782,
                    3.93597149848938
                ],
                [
                    0.0,
                    0.0,
                    0.0,
                    1.0
                ]
            ]
        },
        {
            "file_path": "/data/shapenet_blender/all_50_random/02958343/491df319c52dccdafb5c1b0f759e2bc1/r_40",
            "rotation": 0.12566370614359174,
            "transform_matrix": [
                [
                    0.47077709436416626,
                    0.17564301192760468,
                    -0.8645914793014526,
                    -3.4852797985076904
                ],
                [
                    -0.8822522759437561,
                    0.0937245637178421,
                    -0.4613531529903412,
                    -1.8597739934921265
                ],
                [
                    7.450581485102248e-09,
                    0.9799821972846985,
                    0.1990848183631897,
                    0.8025365471839905
                ],
                [
                    0.0,
                    0.0,
                    0.0,
                    1.0
                ]
            ]
        },
        {
            "file_path": "/data/shapenet_blender/all_50_random/02958343/491df319c52dccdafb5c1b0f759e2bc1/r_41",
            "rotation": 0.12566370614359174,
            "transform_matrix": [
                [
                    -0.5208389163017273,
                    -0.02485947124660015,
                    0.8532928824424744,
                    3.4397337436676025
                ],
                [
                    0.8536550402641296,
                    -0.015167463570833206,
                    0.5206180214881897,
                    2.0986783504486084
                ],
                [
                    0.0,
