{
    "class": "02958343",
    "model": "b67af8c92198eab432e9b7d6df5ccd43",
    "remove_doubles": true,
    "edge_split": true,
    "denoise": true,
    "camera_angle_x": 0.6911112070083618,
    "scale_factor": 2.2197877832402555,
    "hdri_file": "/data/IndoorHDRDataset2018/AG8A4492-e7f6a9eb3b.exr",
    "center_offset": [
        0.0,
        0.0,
        3.725290298461914e-09
    ],
    "lights": [],
    "frames": [
        {
            "file_path": "/data/shapenet_blender/all_50_random/02958343/b67af8c92198eab432e9b7d6df5ccd43/r_0",
            "rotation": 0.12566370614359174,
            "transform_matrix": [
                [
                    0.14399954676628113,
                    -0.08249767124652863,
                    -0.9861329793930054,
                    -3.975229263305664
                ],
                [
                    -0.9895777702331543,
                    -0.012004743330180645,
                    -0.1434982717037201,
                    -0.5784600377082825
                ],
                [
                    0.0,
                    0.9965189695358276,
                    -0.08336653560400009,
                    -0.3360612690448761
                ],
                [
                    0.0,
                    0.0,
                    0.0,
                    1.0
                ]
            ]
        },
        {
            "file_path": "/data/shapenet_blender/all_50_random/02958343/b67af8c92198eab432e9b7d6df5ccd43/r_1",
            "rotation": 0.12566370614359174,
            "transform_matrix": [
                [
                    -0.22418007254600525,
                    -0.802718997001648,
                    -0.5526169538497925,
                    -2.2276699542999268
                ],
                [
                    -0.9745477437973022,
                    0.18465344607830048,
                    0.1271212249994278,
                    0.5124419927597046
                ],
                [
                    0.0,
                    0.5670496821403503,
                    -0.8236836791038513,
                    -3.3203747272491455
                ],
                [
                    0.0,
                    0.0,
                    0.0,
                    1.0
                ]
            ]
        },
        {
            "file_path": "/data/shapenet_blender/all_50_random/02958343/b67af8c92198eab432e9b7d6df5ccd43/r_2",
            "rotation": 0.12566370614359174,
            "transform_matrix": [
                [
                    -0.4897245168685913,
                    -0.6475963592529297,
                    -0.5837711691856384,
                    -2.353257179260254
                ],
                [
                    -0.8718771934509277,
                    0.3637482523918152,
                    0.3278982937335968,
                    1.3218004703521729
                ],
                [
                    0.0,
                    0.6695566773414612,
                    -0.7427608966827393,
                    -2.9941651821136475
                ],
                [
                    0.0,
                    0.0,
                    0.0,
                    1.0
                ]
            ]
        },
        {
            "file_path": "/data/shapenet_blender/all_50_random/02958343/b67af8c92198eab432e9b7d6df5ccd43/r_3",
            "rotation": 0.12566370614359174,
            "transform_matrix": [
                [
                    -0.8386542201042175,
                    -0.0358063168823719,
                    0.5434859395027161,
                    2.190861940383911
                ],
                [
                    0.5446641445159912,
                    -0.05513327941298485,
                    0.836840033531189,
                    3.3734099864959717
                ],
                [
                    1.8626450382086546e-09,
                    0.9978368282318115,
                    0.06574016809463501,
                    0.2650071084499359
                ],
                [
                    0.0,
                    0.0,
                    0.0,
                    1.0
                ]
            ]
        },
        {
            "file_path": "/data/shapenet_blender/all_50_random/02958343/b67af8c92198eab432e9b7d6df5ccd43/r_4",
            "rotation": 0.12566370614359174,
            "transform_matrix": [
                [
                    -0.787265419960022,
                    0.1349611133337021,
                    0.6016631722450256,
                    2.425381660461426
                ],
                [
                    0.6166142225265503,
                    0.17231231927871704,
                    0.7681766152381897,
                    3.096618890762329
                ],
                [
                    -7.4505797087454084e-09,
                    0.9757530093193054,
                    -0.2188744992017746,
                    -0.8823112845420837
                ],
                [
                    0.0,
                    0.0,
                    0.0,
                    1.0
                ]
            ]
        },
        {
            "file_path": "/data/shapenet_blender/all_50_random/02958343/b67af8c92198eab432e9b7d6df5ccd43/r_5",
            "rotation": 0.12566370614359174,
            "transform_matrix": [
                [
                    -0.5575677156448364,
                    -0.7667247653007507,
                    -0.31820011138916016,
                    -1.2827057838439941
                ],
                [
                    -0.8301315307617188,
                    0.5149797797203064,
                    0.21372288465499878,
                    0.8615445494651794
                ],
                [
                    0.0,
                    0.38331303000450134,
                    -0.9236184358596802,
                    -3.7232253551483154
                ],
                [
                    0.0,
                    0.0,
                    0.0,
                    1.0
                ]
            ]
        },
        {
            "file_path": "/data/shapenet_blender/all_50_random/02958343/b67af8c92198eab432e9b7d6df5ccd43/r_6",
            "rotation": 0.12566370614359174,
            "transform_matrix": [
                [
                    0.32825255393981934,
                    -0.8444541692733765,
                    -0.4232580363750458,
                    -1.7062076330184937
                ],
                [
                    -0.9445899128913879,
                    -0.2934545874595642,
                    -0.14708556234836578,
                    -0.5929208397865295
                ],
                [
                    0.0,
                    0.44808635115623474,
                    -0.8939902186393738,
                    -3.6037895679473877
                ],
                [
                    0.0,
                    0.0,
                    0.0,
                    1.0
                ]
            ]
        },
        {
            "file_path": "/data/shapenet_blender/all_50_random/02958343/b67af8c92198eab432e9b7d6df5ccd43/r_7",
            "rotation": 0.12566370614359174,
            "transform_matrix": [
                [
                    -0.9858054518699646,
                    -0.16370882093906403,
                    -0.037242986261844635,
                    -0.1501312553882599
                ],
                [
                    -0.16789168119430542,
                    0.9612450003623962,
                    0.21867871284484863,
                    0.881521999835968
                ],
                [
                    0.0,
                    0.22182762622833252,
                    -0.9750860333442688,
                    -3.930696964263916
                ],
                [
                    0.0,
                    0.0,
                    0.0,
                    1.0
                ]
            ]
        },
        {
            "file_path": "/data/shapenet_blender/all_50_random/02958343/b67af8c92198eab432e9b7d6df5ccd43/r_8",
            "rotation": 0.12566370614359174,
            "transform_matrix": [
                [
                    -0.06590628623962402,
                    0.04344900697469711,
                    0.9968793392181396,
                    4.01854944229126
                ],
                [
                    0.9978258609771729,
                    0.00286980252712965,
                    0.06584376841783524,
                    0.2654247581958771
                ],
                [
                    -2.3283064365386963e-10,
                    0.9990515112876892,
                    -0.043543677777051926,
                    -0.17553019523620605
                ],
                [
                    0.0,
                    0.0,
                    0.0,
                    1.0
                ]
            ]
        },
        {
            "file_path": "/data/shapenet_blender/all_50_random/02958343/b67af8c92198eab432e9b7d6df5ccd43/r_9",
            "rotation": 0.12566370614359174,
            "transform_matrix": [
                [
                    -0.36394959688186646,
                    0.5074566006660461,
                    -0.7810432314872742,
                    -3.1484856605529785
                ],
                [
                    -0.9314187169075012,
                    -0.19828744232654572,
                    0.3051907420158386,
                    1.230263113975525
                ],
                [
                    0.0,
                    0.8385521769523621,
                    0.5448212623596191,
                    2.196244478225708
                ],
                [
                    0.0,
                    0.0,
                    0.0,
                    1.0
                ]
            ]
        },
        {
            "file_path": "/data/shapenet_blender/all_50_random/02958343/b67af8c92198eab432e9b7d6df5ccd43/r_10",
            "rotation": 0.12566370614359174,
            "transform_matrix": [
                [
                    -0.7648023366928101,
                    0.3725517988204956,
                    -0.5256258249282837,
                    -2.118865489959717
                ],
                [
                    -0.6442649960517883,
                    -0.44225355982780457,
                    0.623966634273529,
                    2.5152900218963623
                ],
                [
                    1.4901161193847656e-08,
                    0.815853476524353,
                    0.5782586336135864,
                    2.3310351371765137
                ],
                [
                    0.0,
                    0.0,
                    0.0,
                    1.0
                ]
            ]
        },
        {
            "file_path": "/data/shapenet_blender/all_50_random/02958343/b67af8c92198eab432e9b7d6df5ccd43/r_11",
            "rotation": 0.12566370614359174,
            "transform_matrix": [
                [
                    0.8749983310699463,
                    -0.12375424057245255,
                    0.46804141998291016,
                    1.886735439300537
                ],
                [
                    0.48412594199180603,
                    0.22367063164710999,
                    -0.8459275364875793,
                    -3.410043239593506
                ],
                [
                    0.0,
                    0.9667762517929077,
                    0.25562405586242676,
                    1.0304536819458008
                ],
                [
                    0.0,
                    0.0,
                    0.0,
                    1.0
                ]
            ]
        },
        {
            "file_path": "/data/shapenet_blender/all_50_random/02958343/b67af8c92198eab432e9b7d6df5ccd43/r_12",
            "rotation": 0.12566370614359174,
            "transform_matrix": [
                [
                    0.5872430801391602,
                    -0.31967848539352417,
                    -0.7436069250106812,
                    -2.997575283050537
                ],
                [
                    -0.8094106912612915,
                    -0.23193292319774628,
                    -0.5395011901855469,
                    -2.1747989654541016
                ],
                [
                    -1.4901161193847656e-08,
                    0.918701708316803,
                    -0.3949521481990814,
                    -1.5921030044555664
                ],
                [
                    0.0,
                    0.0,
                    0.0,
                    1.0
                ]
            ]
        },
        {
            "file_path": "/data/shapenet_blender/all_50_random/02958343/b67af8c92198eab432e9b7d6df5ccd43/r_13",
            "rotation": 0.12566370614359174,
            "transform_matrix": [
                [
                    0.25801482796669006,
                    -0.3786695599555969,
                    0.8888405561447144,
                    3.583031177520752
                ],
                [
                    0.9661410450935364,
                    0.10112640261650085,
                    -0.23737119138240814,
                    -0.9568739533424377
                ],
                [
                    0.0,
                    0.919990599155426,
                    0.39194026589393616,
                    1.579961895942688
                ],
                [
                    0.0,
                    0.0,
                    0.0,
                    1.0
                ]
            ]
        },
        {
            "file_path": "/data/shapenet_blender/all_50_random/02958343/b67af8c92198eab432e9b7d6df5ccd43/r_14",
            "rotation": 0.12566370614359174,
            "transform_matrix": [
                [
                    0.9641531705856323,
                    -0.051675520837306976,
                    -0.2602657377719879,
                    -1.0491647720336914
                ],
                [
                    -0.2653462290763855,
                    -0.1877664476633072,
                    -0.9456928968429565,
                    -3.8122100830078125
                ],
                [
                    0.0,
                    0.9808533787727356,
                    -0.19474750757217407,
                    -0.7850522994995117
                ],
                [
                    0.0,
                    0.0,
                    0.0,
                    1.0
                ]
            ]
        },
        {
            "file_path": "/data/shapenet_blender/all_50_random/02958343/b67af8c92198eab432e9b7d6df5ccd43/r_15",
            "rotation": 0.12566370614359174,
            "transform_matrix": [
                [
                    -0.09944017976522446,
                    -0.016532331705093384,
                    -0.9949062466621399,
                    -4.010595321655273
                ],
                [
                    -0.9950435161590576,
                    0.0016521670622751117,
                    0.09942646324634552,
                    0.400800883769989
                ],
                [
                    0.0,
                    0.9998619556427002,
                    -0.016614682972431183,
                    -0.06697592884302139
                ],
                [
                    0.0,
                    0.0,
                    0.0,
                    1.0
                ]
            ]
        },
        {
            "file_path": "/data/shapenet_blender/all_50_random/02958343/b67af8c92198eab432e9b7d6df5ccd43/r_16",
            "rotation": 0.12566370614359174,
            "transform_matrix": [
                [
                    -0.5722551345825195,
                    0.7657449245452881,
                    0.29352810978889465,
                    1.183249831199646
                ],
                [
                    0.8200756311416626,
                    0.5343427062034607,
                    0.20482617616653442,
                    0.8256808519363403
                ],
                [
                    1.4901159417490817e-08,
                    0.3579281270503998,
                    -0.9337490200996399,
                    -3.7640631198883057
                ],
                [
                    0.0,
                    0.0,
                    0.0,
                    1.0
                ]
            ]
        },
        {
            "file_path": "/data/shapenet_blender/all_50_random/02958343/b67af8c92198eab432e9b7d6df5ccd43/r_17",
            "rotation": 0.12566370614359174,
            "transform_matrix": [
                [
                    -0.9958412647247314,
                    0.049460239708423615,
                    0.07651090621948242,
                    0.30842533707618713
                ],
                [
                    0.0911056250333786,
                    0.5406312346458435,
                    0.836311936378479,
                    3.371281147003174
                ],
                [
                    3.725290298461914e-09,
                    0.839804470539093,
                    -0.5428889989852905,
                    -2.188455581665039
                ],
                [
                    0.0,
                    0.0,
                    0.0,
                    1.0
                ]
            ]
        },
        {
            "file_path": "/data/shapenet_blender/all_50_random/02958343/b67af8c92198eab432e9b7d6df5ccd43/r_18",
            "rotation": 0.12566370614359174,
            "transform_matrix": [
                [
                    0.061680302023887634,
                    -0.7219078540802002,
                    0.689234733581543,
                    2.7783939838409424
                ],
                [
                    0.9980959892272949,
                    0.04461243748664856,
                    -0.04259330406785011,
                    -0.17169910669326782
                ],
                [
                    0.0,
                    0.6905494928359985,
                    0.7232851386070251,
                    2.9156556129455566
                ],
                [
                    0.0,
                    0.0,
                    0.0,
                    1.0
                ]
            ]
        },
        {
            "file_path": "/data/shapenet_blender/all_50_random/02958343/b67af8c92198eab432e9b7d6df5ccd43/r_19",
            "rotation": 0.12566370614359174,
            "transform_matrix": [
                [
                    -0.5281752943992615,
                    -0.09829031676054001,
                    0.8434274196624756,
                    3.3999648094177246
                ],
                [
                    0.8491354584693909,
                    -0.0611380897462368,
                    0.5246248245239258,
                    2.114830493927002
                ],
                [
                    0.0,
                    0.9932780265808105,
                    0.1157534196972847,
                    0.46661698818206787
                ],
                [
                    0.0,
                    0.0,
                    0.0,
                    1.0
                ]
            ]
        },
        {
            "file_path": "/data/shapenet_blender/all_50_random/02958343/b67af8c92198eab432e9b7d6df5ccd43/r_20",
            "rotation": 0.12566370614359174,
            "transform_matrix": [
                [
                    -0.16896817088127136,
                    -0.28264614939689636,
                    -0.9442248940467834,
                    -3.806292772293091
                ],
                [
                    -0.9856215715408325,
                    0.04845491424202919,
                    0.16187141835689545,
                    0.6525245904922485
                ],
                [
                    3.725290298461914e-09,
                    0.957999587059021,
                    -0.28676944971084595,
                    -1.156004786491394
                ],
                [
                    0.0,
                    0.0,
                    0.0,
                    1.0
                ]
            ]
        },
        {
            "file_path": "/data/shapenet_blender/all_50_random/02958343/b67af8c92198eab432e9b7d6df5ccd43/r_21",
            "rotation": 0.12566370614359174,
            "transform_matrix": [
                [
                    0.9705424308776855,
                    0.0028993277810513973,
                    0.2409130036830902,
                    0.9711513519287109
                ],
                [
                    0.2409304529428482,
                    -0.011679389514029026,
                    -0.9704720973968506,
                    -3.9120981693267822
                ],
                [
                    2.3283064365386963e-10,
                    0.9999276399612427,
                    -0.012033877894282341,
                    -0.0485101118683815
                ],
                [
                    0.0,
                    0.0,
                    0.0,
                    1.0
                ]
            ]
        },
        {
            "file_path": "/data/shapenet_blender/all_50_random/02958343/b67af8c92198eab432e9b7d6df5ccd43/r_22",
            "rotation": 0.12566370614359174,
            "transform_matrix": [
                [
                    0.0009635271853767335,
                    -0.1715843230485916,
                    0.9851689338684082,
                    3.9713430404663086
                ],
                [
                    0.999999463558197,
                    0.00016532624431420118,
                    -0.0009492375538684428,
                    -0.0038264989852905273
                ],
                [
                    1.4551914361005114e-11,
                    0.9851694703102112,
                    0.1715843826532364,
                    0.6916787624359131
                ],
                [
                    0.0,
                    0.0,
                    0.0,
                    1.0
                ]
            ]
        },
        {
            "file_path": "/data/shapenet_blender/all_50_random/02958343/b67af8c92198eab432e9b7d6df5ccd43/r_23",
            "rotation": 0.12566370614359174,
            "transform_matrix": [
                [
                    0.7665048241615295,
                    -0.4080429673194885,
                    -0.4959549605846405,
                    -1.9992583990097046
                ],
                [
                    -0.6422385573387146,
                    -0.4869948625564575,
                    -0.5919168591499329,
                    -2.3860931396484375
                ],
                [
                    0.0,
                    0.7722285389900208,
                    -0.6353448629379272,
                    -2.561156988143921
                ],
                [
                    0.0,
                    0.0,
                    0.0,
                    1.0
                ]
            ]
        },
        {
            "file_path": "/data/shapenet_blender/all_50_random/02958343/b67af8c92198eab432e9b7d6df5ccd43/r_24",
            "rotation": 0.12566370614359174,
            "transform_matrix": [
                [
                    -0.15730290114879608,
                    -0.5346096754074097,
                    -0.8303301930427551,
                    -3.347168207168579
                ],
                [
                    -0.9875504374504089,
                    0.08515579998493195,
                    0.13225992023944855,
                    0.5331568717956543
                ],
                [
                    0.0,
                    0.8407978415489197,
                    -0.5413491725921631,
                    -2.182248592376709
                ],
                [
                    0.0,
                    0.0,
                    0.0,
                    1.0
                ]
            ]
        },
        {
            "file_path": "/data/shapenet_blender/all_50_random/02958343/b67af8c92198eab432e9b7d6df5ccd43/r_25",
            "rotation": 0.12566370614359174,
            "transform_matrix": [
                [
                    -0.28785449266433716,
                    0.6426926255226135,
                    0.7099900841712952,
                    2.8620617389678955
                ],
                [
                    0.9576742649078369,
                    0.19317838549613953,
                    0.21340641379356384,
                    0.8602688312530518
                ],
                [
                    0.0,
                    0.7413691878318787,
                    -0.6710973381996155,
                    -2.705280065536499
                ],
                [
                    0.0,
                    0.0,
                    0.0,
                    1.0
                ]
            ]
        },
        {
            "file_path": "/data/shapenet_blender/all_50_random/02958343/b67af8c92198eab432e9b7d6df5ccd43/r_26",
            "rotation": 0.12566370614359174,
            "transform_matrix": [
                [
                    -0.9643000960350037,
                    0.10169857740402222,
                    0.24450482428073883,
                    0.9856303334236145
                ],
                [
                    0.26481160521507263,
                    0.3703309893608093,
                    0.8903537392616272,
                    3.589130401611328
                ],
                [
                    0.0,
                    0.9233159422874451,
                    -0.3840412497520447,
                    -1.5481196641921997
                ],
                [
                    0.0,
                    0.0,
                    0.0,
                    1.0
                ]
            ]
        },
        {
            "file_path": "/data/shapenet_blender/all_50_random/02958343/b67af8c92198eab432e9b7d6df5ccd43/r_27",
            "rotation": 0.12566370614359174,
            "transform_matrix": [
                [
                    -0.9772734045982361,
                    -0.0036403625272214413,
                    0.2119516283273697,
                    0.8544043302536011
                ],
                [
                    0.2119828760623932,
                    -0.016782624647021294,
                    0.9771292805671692,
                    3.938934087753296
                ],
                [
                    0.0,
                    0.9998525381088257,
                    0.017172906547784805,
                    0.06922619789838791
                ],
                [
                    0.0,
                    0.0,
                    0.0,
                    1.0
                ]
            ]
        },
        {
            "file_path": "/data/shapenet_blender/all_50_random/02958343/b67af8c92198eab432e9b7d6df5ccd43/r_28",
            "rotation": 0.12566370614359174,
            "transform_matrix": [
                [
                    -0.9742529988288879,
                    -0.05219513177871704,
                    0.21933254599571228,
                    0.8841578364372253
                ],
                [
                    0.22545753419399261,
                    -0.2255469411611557,
                    0.947785496711731,
                    3.820645809173584
                ],
                [
                    -3.725290076417309e-09,
                    0.9728331565856934,
                    0.2315075546503067,
                    0.933236837387085
                ],
                [
                    0.0,
                    0.0,
                    0.0,
                    1.0
                ]
            ]
        },
        {
            "file_path": "/data/shapenet_blender/all_50_random/02958343/b67af8c92198eab432e9b7d6df5ccd43/r_29",
            "rotation": 0.12566370614359174,
            "transform_matrix": [
                [
                    -0.8144479393959045,
                    0.04599712789058685,
                    -0.5784105658531189,
                    -2.3316476345062256
                ],
                [
                    -0.5802366137504578,
                    -0.06456377357244492,
                    0.8118848204612732,
                    3.2728123664855957
                ],
                [
                    0.0,
                    0.9968528747558594,
                    0.07927305996417999,
                    0.3195599317550659
                ],
                [
                    0.0,
                    0.0,
                    0.0,
                    1.0
                ]
            ]
        },
        {
            "file_path": "/data/shapenet_blender/all_50_random/02958343/b67af8c92198eab432e9b7d6df5ccd43/r_30",
            "rotation": 0.12566370614359174,
            "transform_matrix": [
                [
                    0.9590156674385071,
                    0.00022957655892241746,
                    -0.2833528518676758,
                    -1.142231822013855
                ],
                [
                    -0.28335291147232056,
                    0.0007770081283524632,
                    -0.959015429019928,
                    -3.865914821624756
                ],
                [
                    0.0,
                    0.9999997019767761,
                    0.0008102142019197345,
                    0.0032660779543220997
                ],
                [
                    0.0,
                    0.0,
                    0.0,
                    1.0
                ]
            ]
        },
        {
            "file_path": "/data/shapenet_blender/all_50_random/02958343/b67af8c92198eab432e9b7d6df5ccd43/r_31",
            "rotation": 0.12566370614359174,
            "transform_matrix": [
                [
                    0.8747174143791199,
                    -0.09067735075950623,
                    0.4760745167732239,
                    1.91911780834198
                ],
                [
                    0.4846331775188446,
                    0.1636640876531601,
                    -0.8592698574066162,
                    -3.463827610015869
                ],
                [
                    1.4901160305669237e-08,
                    0.9823398590087891,
                    0.18710510432720184,
                    0.7542448043823242
                ],
                [
                    0.0,
                    0.0,
                    0.0,
                    1.0
                ]
            ]
        },
        {
            "file_path": "/data/shapenet_blender/all_50_random/02958343/b67af8c92198eab432e9b7d6df5ccd43/r_32",
            "rotation": 0.12566370614359174,
            "transform_matrix": [
                [
                    0.542607307434082,
                    0.2479819655418396,
                    -0.8025473952293396,
                    -3.2351720333099365
                ],
                [
                    -0.8399865627288818,
                    0.16018924117088318,
                    -0.5184226632118225,
                    -2.0898284912109375
                ],
                [
                    -1.4901161193847656e-08,
                    0.9554288387298584,
                    0.29522135853767395,
                    1.190075397491455
                ],
                [
                    0.0,
                    0.0,
                    0.0,
                    1.0
                ]
            ]
        },
        {
            "file_path": "/data/shapenet_blender/all_50_random/02958343/b67af8c92198eab432e9b7d6df5ccd43/r_33",
            "rotation": 0.12566370614359174,
            "transform_matrix": [
                [
                    0.7582495808601379,
                    -0.5022876858711243,
                    0.4156493842601776,
                    1.6755363941192627
                ],
                [
                    0.6519641876220703,
                    0.5841723680496216,
                    -0.48340997099876404,
                    -1.94868803024292
                ],
                [
                    0.0,
                    0.6375340819358826,
                    0.770422101020813,
                    3.1056711673736572
                ],
                [
                    0.0,
                    0.0,
                    0.0,
                    1.0
                ]
            ]
        },
        {
            "file_path": "/data/shapenet_blender/all_50_random/02958343/b67af8c92198eab432e9b7d6df5ccd43/r_34",
            "rotation": 0.12566370614359174,
            "transform_matrix": [
                [
                    0.6270992159843445,
                    0.6593087911605835,
                    0.4147992730140686,
                    1.6721094846725464
                ],
                [
                    0.7789393067359924,
                    -0.5307884812355042,
                    -0.33394166827201843,
                    -1.3461620807647705
                ],
                [
                    0.0,
                    0.532518208026886,
                    -0.8464184999465942,
                    -3.412022352218628
                ],
                [
                    0.0,
                    0.0,
                    0.0,
                    1.0
                ]
            ]
        },
        {
            "file_path": "/data/shapenet_blender/all_50_random/02958343/b67af8c92198eab432e9b7d6df5ccd43/r_35",
            "rotation": 0.12566370614359174,
            "transform_matrix": [
                [
                    -0.9700630903244019,
                    -0.09250792115926743,
                    -0.22454366087913513,
                    -0.9051644802093506
                ],
                [
                    -0.24285301566123962,
                    0.36951786279678345,
                    0.8969274163246155,
                    3.6156303882598877
                ],
                [
                    0.0,
                    0.9246072769165039,
                    -0.3809214234352112,
                    -1.535543441772461
                ],
                [
                    0.0,
                    0.0,
                    0.0,
                    1.0
                ]
            ]
        },
        {
            "file_path": "/data/shapenet_blender/all_50_random/02958343/b67af8c92198eab432e9b7d6df5ccd43/r_36",
            "rotation": 0.12566370614359174,
            "transform_matrix": [
                [
                    -0.9950889945030212,
                    0.007089221850037575,
                    -0.09872956573963165,
                    -0.3979915976524353
                ],
                [
                    -0.0989837497472763,
                    -0.07126832753419876,
                    0.9925336241722107,
                    4.001030921936035
                ],
                [
                    -4.6566125955216364e-10,
                    0.9974319338798523,
                    0.07162004709243774,
                    0.2887096405029297
                ],
                [
                    0.0,
                    0.0,
                    0.0,
                    1.0
                ]
            ]
        },
        {
            "file_path": "/data/shapenet_blender/all_50_random/02958343/b67af8c92198eab432e9b7d6df5ccd43/r_37",
            "rotation": 0.12566370614359174,
            "transform_matrix": [
                [
                    0.2145494669675827,
                    -0.7209094762802124,
                    0.6589826345443726,
                    2.6564440727233887
                ],
                [
                    0.9767131805419922,
                    0.1583583950996399,
                    -0.1447552591562271,
                    -0.5835270881652832
                ],
                [
                    7.450580596923828e-09,
                    0.6746941208839417,
                    0.7380974292755127,
                    2.9753658771514893
                ],
                [
                    0.0,
                    0.0,
                    0.0,
                    1.0
                ]
            ]
        },
        {
            "file_path": "/data/shapenet_blender/all_50_random/02958343/b67af8c92198eab432e9b7d6df5ccd43/r_38",
            "rotation": 0.12566370614359174,
            "transform_matrix": [
                [
                    0.12683646380901337,
                    0.9189916253089905,
                    -0.37331828474998474,
                    -1.5048941373825073
                ],
                [
                    -0.9919236302375793,
                    0.11751071363687515,
                    -0.04773590341210365,
                    -0.1924295723438263
                ],
                [
                    0.0,
                    0.37635794281959534,
                    0.9264743328094482,
                    3.7347373962402344
                ],
                [
                    0.0,
                    0.0,
                    0.0,
                    1.0
                ]
            ]
        },
        {
            "file_path": "/data/shapenet_blender/all_50_random/02958343/b67af8c92198eab432e9b7d6df5ccd43/r_39",
            "rotation": 0.12566370614359174,
            "transform_matrix": [
                [
                    0.5053433179855347,
                    -0.1995069533586502,
                    0.83953857421875,
                    3.3842883110046387
                ],
                [
                    0.8629183173179626,
                    0.11683551967144012,
                    -0.49165165424346924,
                    -1.9819111824035645
                ],
                [
                    0.0,
                    0.9729061722755432,
                    0.23120027780532837,
                    0.9319981336593628
                ],
                [
                    0.0,
                    0.0,
                    0.0,
                    1.0
                ]
            ]
        },
        {
            "file_path": "/data/shapenet_blender/all_50_random/02958343/b67af8c92198eab432e9b7d6df5ccd43/r_40",
            "rotation": 0.12566370614359174,
            "transform_matrix": [
                [
                    -0.8966119885444641,
                    0.10037466883659363,
                    -0.43129104375839233,
                    -1.7385897636413574
                ],
                [
                    -0.44281718134880066,
                    -0.20323768258094788,
                    0.8732739686965942,
                    3.520279884338379
                ],
                [
                    -7.450580596923828e-09,
                    0.9739709496498108,
                    0.2266729474067688,
                    0.9137479066848755
                ],
                [
                    0.0,
                    0.0,
                    0.0,
                    1.0
                ]
            ]
        },
        {
            "file_path": "/data/shapenet_blender/all_50_random/02958343/b67af8c92198eab432e9b7d6df5ccd43/r_41",
            "rotation": 0.12566370614359174,
            "transform_matrix": [
                [
                    -0.8812472224235535,
                    0.24087806046009064,
                    -0.4066709280014038,
                    -1.6393429040908813
                ],
                [
                    -0.4726558029651642,
                    -0.44910717010498047,
                    0.7582210898399353,
                    3.0564870834350586
                ],
                [
                    0.0,
                    0.8603954911231995,
