{
    "class": "02958343",
    "model": "e7b9a6485b15921d51a95aaa6caba1d3",
    "remove_doubles": true,
    "edge_split": true,
    "denoise": true,
    "camera_angle_x": 0.6911112070083618,
    "scale_factor": 2.304325241218281,
    "hdri_file": "/data/IndoorHDRDataset2018/9C4A8210-d02b7e05c7.exr",
    "center_offset": [
        0.0,
        -1.862645149230957e-09,
        -3.725290298461914e-09
    ],
    "lights": [],
    "frames": [
        {
            "file_path": "/data/shapenet_blender/all_50_random/02958343/e7b9a6485b15921d51a95aaa6caba1d3/r_0",
            "rotation": 0.12566370614359174,
            "transform_matrix": [
                [
                    0.28933537006378174,
                    0.6764975786209106,
                    -0.6772267818450928,
                    -2.7299880981445312
                ],
                [
                    -0.9572278261184692,
                    0.20448076725006104,
                    -0.20470117032527924,
                    -0.8251767158508301
                ],
                [
                    0.0,
                    0.7074874043464661,
                    0.7067258358001709,
                    2.848902702331543
                ],
                [
                    0.0,
                    0.0,
                    0.0,
                    1.0
                ]
            ]
        },
        {
            "file_path": "/data/shapenet_blender/all_50_random/02958343/e7b9a6485b15921d51a95aaa6caba1d3/r_1",
            "rotation": 0.12566370614359174,
            "transform_matrix": [
                [
                    0.8450978398323059,
                    -0.04337504878640175,
                    -0.5328492522239685,
                    -2.1479837894439697
                ],
                [
                    -0.534611701965332,
                    -0.06856594979763031,
                    -0.8423117995262146,
                    -3.3954670429229736
                ],
                [
                    0.0,
                    0.9967032670974731,
                    -0.08113374561071396,
                    -0.3270605504512787
                ],
                [
                    0.0,
                    0.0,
                    0.0,
                    1.0
                ]
            ]
        },
        {
            "file_path": "/data/shapenet_blender/all_50_random/02958343/e7b9a6485b15921d51a95aaa6caba1d3/r_2",
            "rotation": 0.12566370614359174,
            "transform_matrix": [
                [
                    0.9908627271652222,
                    -0.09108621627092361,
                    -0.09947074204683304,
                    -0.4009793996810913
                ],
                [
                    -0.13487449288368225,
                    -0.6691697835922241,
                    -0.7307671308517456,
                    -2.9458165168762207
                ],
                [
                    -7.450580596923828e-09,
                    0.7375059127807617,
                    -0.6753405928611755,
                    -2.7223849296569824
                ],
                [
                    0.0,
                    0.0,
                    0.0,
                    1.0
                ]
            ]
        },
        {
            "file_path": "/data/shapenet_blender/all_50_random/02958343/e7b9a6485b15921d51a95aaa6caba1d3/r_3",
            "rotation": 0.12566370614359174,
            "transform_matrix": [
                [
                    0.9995624423027039,
                    -0.029136955738067627,
                    -0.00511069456115365,
                    -0.020601868629455566
                ],
                [
                    -0.02958177961409092,
                    -0.9845319390296936,
                    -0.17268934845924377,
                    -0.696133017539978
                ],
                [
                    -4.656613428188905e-10,
                    0.17276498675346375,
                    -0.984963059425354,
                    -3.970513105392456
                ],
                [
                    0.0,
                    0.0,
                    0.0,
                    1.0
                ]
            ]
        },
        {
            "file_path": "/data/shapenet_blender/all_50_random/02958343/e7b9a6485b15921d51a95aaa6caba1d3/r_4",
            "rotation": 0.12566370614359174,
            "transform_matrix": [
                [
                    0.9017618298530579,
                    0.3801155984401703,
                    -0.20576171576976776,
                    -0.8294519782066345
                ],
                [
                    -0.4322335124015808,
                    0.7930290102958679,
                    -0.42927733063697815,
                    -1.7304723262786865
                ],
                [
                    0.0,
                    0.4760429263114929,
                    0.8794220089912415,
                    3.5450634956359863
                ],
                [
                    0.0,
                    0.0,
                    0.0,
                    1.0
                ]
            ]
        },
        {
            "file_path": "/data/shapenet_blender/all_50_random/02958343/e7b9a6485b15921d51a95aaa6caba1d3/r_5",
            "rotation": 0.12566370614359174,
            "transform_matrix": [
                [
                    0.29864704608917236,
                    0.7435616254806519,
                    -0.598268985748291,
                    -2.4116997718811035
                ],
                [
                    -0.9543636441230774,
                    0.23268121480941772,
                    -0.18721508979797363,
                    -0.7546882033348083
                ],
                [
                    0.0,
                    0.6268774271011353,
                    0.77911776304245,
                    3.1407244205474854
                ],
                [
                    0.0,
                    0.0,
                    0.0,
                    1.0
                ]
            ]
        },
        {
            "file_path": "/data/shapenet_blender/all_50_random/02958343/e7b9a6485b15921d51a95aaa6caba1d3/r_6",
            "rotation": 0.12566370614359174,
            "transform_matrix": [
                [
                    -0.9755417704582214,
                    0.06390541046857834,
                    0.21031971275806427,
                    0.8478258848190308
                ],
                [
                    0.2198142111301422,
                    0.28361403942108154,
                    0.9334049224853516,
                    3.7626755237579346
                ],
                [
                    0.0,
                    0.9568067193031311,
                    -0.2907246947288513,
                    -1.1719486713409424
                ],
                [
                    0.0,
                    0.0,
                    0.0,
                    1.0
                ]
            ]
        },
        {
            "file_path": "/data/shapenet_blender/all_50_random/02958343/e7b9a6485b15921d51a95aaa6caba1d3/r_7",
            "rotation": 0.12566370614359174,
            "transform_matrix": [
                [
                    0.9854198694229126,
                    -0.13006015121936798,
                    -0.10969076305627823,
                    -0.4421776235103607
                ],
                [
                    -0.17014026641845703,
                    -0.7532835602760315,
                    -0.6353079080581665,
                    -2.5610079765319824
                ],
                [
                    -7.450580596923828e-09,
                    0.6447076797485352,
                    -0.7644290924072266,
                    -3.081512212753296
                ],
                [
                    0.0,
                    0.0,
                    0.0,
                    1.0
                ]
            ]
        },
        {
            "file_path": "/data/shapenet_blender/all_50_random/02958343/e7b9a6485b15921d51a95aaa6caba1d3/r_8",
            "rotation": 0.12566370614359174,
            "transform_matrix": [
                [
                    -0.6561440229415894,
                    -0.19867205619812012,
                    -0.7280139327049255,
                    -2.934718370437622
                ],
                [
                    -0.7546356320381165,
                    0.17274227738380432,
                    0.6329968571662903,
                    2.551692247390747
                ],
                [
                    0.0,
                    0.9647224545478821,
                    -0.2632687985897064,
                    -1.0612705945968628
                ],
                [
                    0.0,
                    0.0,
                    0.0,
                    1.0
                ]
            ]
        },
        {
            "file_path": "/data/shapenet_blender/all_50_random/02958343/e7b9a6485b15921d51a95aaa6caba1d3/r_9",
            "rotation": 0.12566370614359174,
            "transform_matrix": [
                [
                    0.9794665575027466,
                    -0.18407180905342102,
                    0.08223659545183182,
                    0.33150631189346313
                ],
                [
                    0.20160676538944244,
                    0.8942763805389404,
                    -0.39953020215034485,
                    -1.6105577945709229
                ],
                [
                    0.0,
                    0.4079059660434723,
                    0.9130239486694336,
                    3.6805171966552734
                ],
                [
                    0.0,
                    0.0,
                    0.0,
                    1.0
                ]
            ]
        },
        {
            "file_path": "/data/shapenet_blender/all_50_random/02958343/e7b9a6485b15921d51a95aaa6caba1d3/r_10",
            "rotation": 0.12566370614359174,
            "transform_matrix": [
                [
                    -0.8946394324302673,
                    -0.17550620436668396,
                    -0.41087454557418823,
                    -1.6562883853912354
                ],
                [
                    -0.4467889368534088,
                    0.35142937302589417,
                    0.8227252960205078,
                    3.316512107849121
                ],
                [
                    0.0,
                    0.9196168184280396,
                    -0.3928167521953583,
                    -1.5834951400756836
                ],
                [
                    0.0,
                    0.0,
                    0.0,
                    1.0
                ]
            ]
        },
        {
            "file_path": "/data/shapenet_blender/all_50_random/02958343/e7b9a6485b15921d51a95aaa6caba1d3/r_11",
            "rotation": 0.12566370614359174,
            "transform_matrix": [
                [
                    -0.680729329586029,
                    -0.0417962372303009,
                    0.7313416004180908,
                    2.9481325149536133
                ],
                [
                    0.7325350642204285,
                    -0.038840360939502716,
                    0.6796203255653381,
                    2.7396373748779297
                ],
                [
                    0.0,
                    0.998370885848999,
                    0.057056982070207596,
                    0.23000407218933105
                ],
                [
                    0.0,
                    0.0,
                    0.0,
                    1.0
                ]
            ]
        },
        {
            "file_path": "/data/shapenet_blender/all_50_random/02958343/e7b9a6485b15921d51a95aaa6caba1d3/r_12",
            "rotation": 0.12566370614359174,
            "transform_matrix": [
                [
                    -0.462466299533844,
                    -0.8440485596656799,
                    -0.27149027585983276,
                    -1.0944123268127441
                ],
                [
                    -0.8866369724273682,
                    0.44025230407714844,
                    0.14160823822021484,
                    0.5708410739898682
                ],
                [
                    -1.4901162970204496e-08,
                    0.3062022030353546,
                    -0.9519664645195007,
                    -3.8374996185302734
                ],
                [
                    0.0,
                    0.0,
                    0.0,
                    1.0
                ]
            ]
        },
        {
            "file_path": "/data/shapenet_blender/all_50_random/02958343/e7b9a6485b15921d51a95aaa6caba1d3/r_13",
            "rotation": 0.12566370614359174,
            "transform_matrix": [
                [
                    0.7622767686843872,
                    0.287233829498291,
                    -0.5800265669822693,
                    -2.3381619453430176
                ],
                [
                    -0.6472511887550354,
                    0.3382793068885803,
                    -0.6831054091453552,
                    -2.75368595123291
                ],
                [
                    0.0,
                    0.8961383104324341,
                    0.44377487897872925,
                    1.7889137268066406
                ],
                [
                    0.0,
                    0.0,
                    0.0,
                    1.0
                ]
            ]
        },
        {
            "file_path": "/data/shapenet_blender/all_50_random/02958343/e7b9a6485b15921d51a95aaa6caba1d3/r_14",
            "rotation": 0.12566370614359174,
            "transform_matrix": [
                [
                    0.6496816277503967,
                    0.4901696741580963,
                    -0.5810743570327759,
                    -2.34238600730896
                ],
                [
                    -0.7602063417434692,
                    0.41890496015548706,
                    -0.4965932369232178,
                    -2.001831531524658
                ],
                [
                    0.0,
                    0.7643640637397766,
                    0.6447848677635193,
                    2.5992112159729004
                ],
                [
                    0.0,
                    0.0,
                    0.0,
                    1.0
                ]
            ]
        },
        {
            "file_path": "/data/shapenet_blender/all_50_random/02958343/e7b9a6485b15921d51a95aaa6caba1d3/r_15",
            "rotation": 0.12566370614359174,
            "transform_matrix": [
                [
                    0.8449602723121643,
                    0.0007423585630021989,
                    0.5348285436630249,
                    2.1559629440307617
                ],
                [
                    0.5348290801048279,
                    -0.0011728297686204314,
                    -0.8449594378471375,
                    -3.4061405658721924
                ],
                [
                    0.0,
                    0.9999989867210388,
                    -0.0013880295446142554,
                    -0.0055953264236450195
                ],
                [
                    0.0,
                    0.0,
                    0.0,
                    1.0
                ]
            ]
        },
        {
            "file_path": "/data/shapenet_blender/all_50_random/02958343/e7b9a6485b15921d51a95aaa6caba1d3/r_16",
            "rotation": 0.12566370614359174,
            "transform_matrix": [
                [
                    0.9841811060905457,
                    0.09253139048814774,
                    0.15108132362365723,
                    0.6090282797813416
                ],
                [
                    0.17716552317142487,
                    -0.5140257477760315,
                    -0.8392793536186218,
                    -3.3832433223724365
                ],
                [
                    7.450581485102248e-09,
                    0.852769136428833,
                    -0.5222877860069275,
                    -2.1054093837738037
                ],
                [
                    0.0,
                    0.0,
                    0.0,
                    1.0
                ]
            ]
        },
        {
            "file_path": "/data/shapenet_blender/all_50_random/02958343/e7b9a6485b15921d51a95aaa6caba1d3/r_17",
            "rotation": 0.12566370614359174,
            "transform_matrix": [
                [
                    -0.6689403057098389,
                    0.0434274859726429,
                    -0.7420463562011719,
                    -2.9912848472595215
                ],
                [
                    -0.743316113948822,
                    -0.039082154631614685,
                    0.6677975654602051,
                    2.6919782161712646
                ],
                [
                    -1.862645149230957e-09,
                    0.9982918500900269,
                    0.058423977345228195,
                    0.2355145961046219
                ],
                [
                    0.0,
                    0.0,
                    0.0,
                    1.0
                ]
            ]
        },
        {
            "file_path": "/data/shapenet_blender/all_50_random/02958343/e7b9a6485b15921d51a95aaa6caba1d3/r_18",
            "rotation": 0.12566370614359174,
            "transform_matrix": [
                [
                    0.487740159034729,
                    -0.20441582798957825,
                    0.8487188220024109,
                    3.421294927597046
                ],
                [
                    0.8729887008666992,
                    0.1142074391245842,
                    -0.47418051958084106,
                    -1.911482810974121
                ],
                [
                    0.0,
                    0.9721989035606384,
                    0.2341562956571579,
                    0.9439142346382141
                ],
                [
                    0.0,
                    0.0,
                    0.0,
                    1.0
                ]
            ]
        },
        {
            "file_path": "/data/shapenet_blender/all_50_random/02958343/e7b9a6485b15921d51a95aaa6caba1d3/r_19",
            "rotation": 0.12566370614359174,
            "transform_matrix": [
                [
                    -0.6667061448097229,
                    -0.0641346126794815,
                    0.7425560355186462,
                    2.9933393001556396
                ],
                [
                    0.7453205585479736,
                    -0.05736987292766571,
                    0.6642332673072815,
                    2.677610158920288
                ],
                [
                    0.0,
                    0.9962908029556274,
                    0.08604969829320908,
                    0.34687745571136475
                ],
                [
                    0.0,
                    0.0,
                    0.0,
                    1.0
                ]
            ]
        },
        {
            "file_path": "/data/shapenet_blender/all_50_random/02958343/e7b9a6485b15921d51a95aaa6caba1d3/r_20",
            "rotation": 0.12566370614359174,
            "transform_matrix": [
                [
                    -0.14320799708366394,
                    0.9083383083343506,
                    0.3929539620876312,
                    1.5840481519699097
                ],
                [
                    0.9896926283836365,
                    0.1314360648393631,
                    0.05686022713780403,
                    0.22921092808246613
                ],
                [
                    0.0,
                    0.3970465064048767,
                    -0.9177983999252319,
                    -3.6997640132904053
                ],
                [
                    0.0,
                    0.0,
                    0.0,
                    1.0
                ]
            ]
        },
        {
            "file_path": "/data/shapenet_blender/all_50_random/02958343/e7b9a6485b15921d51a95aaa6caba1d3/r_21",
            "rotation": 0.12566370614359174,
            "transform_matrix": [
                [
                    -0.9463487267494202,
                    0.0005176423583179712,
                    -0.32314661145210266,
                    -1.3026456832885742
                ],
                [
                    -0.3231469988822937,
                    -0.0015159358736127615,
                    0.9463475346565247,
                    3.8148488998413086
                ],
                [
                    0.0,
                    0.9999987483024597,
                    0.0016018785536289215,
                    0.006457379087805748
                ],
                [
                    0.0,
                    0.0,
                    0.0,
                    1.0
                ]
            ]
        },
        {
            "file_path": "/data/shapenet_blender/all_50_random/02958343/e7b9a6485b15921d51a95aaa6caba1d3/r_22",
            "rotation": 0.12566370614359174,
            "transform_matrix": [
                [
                    0.9600881934165955,
                    -0.059467822313308716,
                    -0.2733027935028076,
                    -1.101718783378601
                ],
                [
                    -0.2796977758407593,
                    -0.20412874221801758,
                    -0.9381368160247803,
                    -3.781750440597534
                ],
                [
                    -3.725290298461914e-09,
                    0.9771361947059631,
                    -0.21261458098888397,
                    -0.8570767641067505
                ],
                [
                    0.0,
                    0.0,
                    0.0,
                    1.0
                ]
            ]
        },
        {
            "file_path": "/data/shapenet_blender/all_50_random/02958343/e7b9a6485b15921d51a95aaa6caba1d3/r_23",
            "rotation": 0.12566370614359174,
            "transform_matrix": [
                [
                    0.029674233868718147,
                    0.012724664062261581,
                    -0.9994785785675049,
                    -4.029026985168457
                ],
                [
                    -0.9995596408843994,
                    0.00037776099634356797,
                    -0.02967182733118534,
                    -0.11961096525192261
                ],
                [
                    0.0,
                    0.9999189376831055,
                    0.012730270624160767,
                    0.05131736397743225
                ],
                [
                    0.0,
                    0.0,
                    0.0,
                    1.0
                ]
            ]
        },
        {
            "file_path": "/data/shapenet_blender/all_50_random/02958343/e7b9a6485b15921d51a95aaa6caba1d3/r_24",
            "rotation": 0.12566370614359174,
            "transform_matrix": [
                [
                    -0.9998400211334229,
                    -0.003579234005883336,
                    -0.017524778842926025,
                    -0.07064464688301086
                ],
                [
                    -0.017886552959680557,
                    0.20007550716400146,
                    0.979617178440094,
                    3.948963165283203
                ],
                [
                    0.0,
                    0.9797738790512085,
                    -0.20010752975940704,
                    -0.8066592812538147
                ],
                [
                    0.0,
                    0.0,
                    0.0,
                    1.0
                ]
            ]
        },
        {
            "file_path": "/data/shapenet_blender/all_50_random/02958343/e7b9a6485b15921d51a95aaa6caba1d3/r_25",
            "rotation": 0.12566370614359174,
            "transform_matrix": [
                [
                    0.3819461762905121,
                    -0.05356229841709137,
                    -0.9226310849189758,
                    -3.719244956970215
                ],
                [
                    -0.9241845607757568,
                    -0.022136179730296135,
                    -0.38130417466163635,
                    -1.5370862483978271
                ],
                [
                    0.0,
                    0.998319149017334,
                    -0.0579562745988369,
                    -0.23362921178340912
                ],
                [
                    0.0,
                    0.0,
                    0.0,
                    1.0
                ]
            ]
        },
        {
            "file_path": "/data/shapenet_blender/all_50_random/02958343/e7b9a6485b15921d51a95aaa6caba1d3/r_26",
            "rotation": 0.12566370614359174,
            "transform_matrix": [
                [
                    -0.9988718628883362,
                    -0.0007563462131656706,
                    0.047481048852205276,
                    0.19140222668647766
                ],
                [
                    0.04748707264661789,
                    -0.01590944454073906,
                    0.9987452030181885,
                    4.026070594787598
                ],
                [
                    0.0,
                    0.9998731017112732,
                    0.01592741534113884,
                    0.06420546770095825
                ],
                [
                    0.0,
                    0.0,
                    0.0,
                    1.0
                ]
            ]
        },
        {
            "file_path": "/data/shapenet_blender/all_50_random/02958343/e7b9a6485b15921d51a95aaa6caba1d3/r_27",
            "rotation": 0.12566370614359174,
            "transform_matrix": [
                [
                    -0.5150042176246643,
                    -0.17568504810333252,
                    -0.8389906287193298,
                    -3.382079601287842
                ],
                [
                    -0.8571876883506775,
                    0.1055527776479721,
                    0.5040712952613831,
                    2.0319766998291016
                ],
                [
                    -7.450580596923828e-09,
                    0.9787713289260864,
                    -0.20495517551898956,
                    -0.8262007832527161
                ],
                [
                    0.0,
                    0.0,
                    0.0,
                    1.0
                ]
            ]
        },
        {
            "file_path": "/data/shapenet_blender/all_50_random/02958343/e7b9a6485b15921d51a95aaa6caba1d3/r_28",
            "rotation": 0.12566370614359174,
            "transform_matrix": [
                [
                    0.13306957483291626,
                    -0.042739883065223694,
                    0.9901847839355469,
                    3.9915621280670166
                ],
                [
                    0.9911066293716431,
                    0.0057384115643799305,
                    -0.13294580578804016,
                    -0.5359216332435608
                ],
                [
                    4.656612040410124e-10,
                    0.9990697503089905,
                    0.04312339425086975,
                    0.17383594810962677
                ],
                [
                    0.0,
                    0.0,
                    0.0,
                    1.0
                ]
            ]
        },
        {
            "file_path": "/data/shapenet_blender/all_50_random/02958343/e7b9a6485b15921d51a95aaa6caba1d3/r_29",
            "rotation": 0.12566370614359174,
            "transform_matrix": [
                [
                    -0.9744487404823303,
                    0.019832685589790344,
                    0.2237328737974167,
                    0.9018959999084473
                ],
                [
                    0.22461017966270447,
                    0.08604211360216141,
                    0.970642626285553,
                    3.912785291671753
                ],
                [
                    0.0,
                    0.9960939288139343,
                    -0.0882982686161995,
                    -0.35594168305397034
                ],
                [
                    0.0,
                    0.0,
                    0.0,
                    1.0
                ]
            ]
        },
        {
            "file_path": "/data/shapenet_blender/all_50_random/02958343/e7b9a6485b15921d51a95aaa6caba1d3/r_30",
            "rotation": 0.12566370614359174,
            "transform_matrix": [
                [
                    0.28412556648254395,
                    0.10403621196746826,
                    0.9531259536743164,
                    3.8421735763549805
                ],
                [
                    0.9587871432304382,
                    -0.030829936265945435,
                    -0.2824479341506958,
                    -1.138584017753601
                ],
                [
                    0.0,
                    0.9940955638885498,
                    -0.1085081472992897,
                    -0.4374103248119354
                ],
                [
                    0.0,
                    0.0,
                    0.0,
                    1.0
                ]
            ]
        },
        {
            "file_path": "/data/shapenet_blender/all_50_random/02958343/e7b9a6485b15921d51a95aaa6caba1d3/r_31",
            "rotation": 0.12566370614359174,
            "transform_matrix": [
                [
                    0.951765775680542,
                    -0.25024279952049255,
                    0.17754030227661133,
                    0.7156878709793091
                ],
                [
                    0.3068256974220276,
                    0.776246964931488,
                    -0.5507256388664246,
                    -2.220046043395996
                ],
                [
                    1.4901161193847656e-08,
                    0.5786356925964355,
                    0.8155861496925354,
                    3.2877328395843506
                ],
                [
                    0.0,
                    0.0,
                    0.0,
                    1.0
                ]
            ]
        },
        {
            "file_path": "/data/shapenet_blender/all_50_random/02958343/e7b9a6485b15921d51a95aaa6caba1d3/r_32",
            "rotation": 0.12566370614359174,
            "transform_matrix": [
                [
                    0.9816390872001648,
                    -0.024181190878152847,
                    0.1892084926366806,
                    0.7627238035202026
                ],
                [
                    0.1907474249601364,
                    0.12444309890270233,
                    -0.9737192988395691,
                    -3.9251880645751953
                ],
                [
                    1.8626450382086546e-09,
                    0.9919320344924927,
                    0.1267707198858261,
                    0.5110291242599487
                ],
                [
                    0.0,
                    0.0,
                    0.0,
                    1.0
                ]
            ]
        },
        {
            "file_path": "/data/shapenet_blender/all_50_random/02958343/e7b9a6485b15921d51a95aaa6caba1d3/r_33",
            "rotation": 0.12566370614359174,
            "transform_matrix": [
                [
                    -0.7007105350494385,
                    0.40012410283088684,
                    0.5906822085380554,
                    2.3811161518096924
                ],
                [
                    0.7134456634521484,
                    0.3929818272590637,
                    0.5801384449005127,
                    2.3386127948760986
                ],
                [
                    0.0,
                    0.8279287815093994,
                    -0.560833215713501,
                    -2.260791063308716
                ],
                [
                    0.0,
                    0.0,
                    0.0,
                    1.0
                ]
            ]
        },
        {
            "file_path": "/data/shapenet_blender/all_50_random/02958343/e7b9a6485b15921d51a95aaa6caba1d3/r_34",
            "rotation": 0.12566370614359174,
            "transform_matrix": [
                [
                    0.10926707088947296,
                    0.315949946641922,
                    -0.9424628615379333,
                    -3.799189329147339
                ],
                [
                    -0.9940124750137329,
                    0.034730877727270126,
                    -0.10360046476125717,
                    -0.41762682795524597
                ],
                [
                    0.0,
                    0.9481399655342102,
                    0.3178531229496002,
                    1.2813069820404053
                ],
                [
                    0.0,
                    0.0,
                    0.0,
                    1.0
                ]
            ]
        },
        {
            "file_path": "/data/shapenet_blender/all_50_random/02958343/e7b9a6485b15921d51a95aaa6caba1d3/r_35",
            "rotation": 0.12566370614359174,
            "transform_matrix": [
                [
                    -0.11407841742038727,
                    0.5599904656410217,
                    0.8206074833869934,
                    3.3079748153686523
                ],
                [
                    0.9934716820716858,
                    0.06430261582136154,
                    0.09422875940799713,
                    0.37984830141067505
                ],
                [
                    -3.725290076417309e-09,
                    0.825999915599823,
                    -0.5636702179908752,
                    -2.2722275257110596
                ],
                [
                    0.0,
                    0.0,
                    0.0,
                    1.0
                ]
            ]
        },
        {
            "file_path": "/data/shapenet_blender/all_50_random/02958343/e7b9a6485b15921d51a95aaa6caba1d3/r_36",
            "rotation": 0.12566370614359174,
            "transform_matrix": [
                [
                    0.9921003580093384,
                    0.0587366446852684,
                    0.1108463853597641,
                    0.44683611392974854
                ],
                [
                    0.1254468709230423,
                    -0.46452054381370544,
                    -0.8766319751739502,
                    -3.5338168144226074
                ],
                [
                    0.0,
                    0.8836122155189514,
                    -0.4682192802429199,
                    -1.8874523639678955
                ],
                [
                    0.0,
                    0.0,
                    0.0,
                    1.0
                ]
            ]
        },
        {
            "file_path": "/data/shapenet_blender/all_50_random/02958343/e7b9a6485b15921d51a95aaa6caba1d3/r_37",
            "rotation": 0.12566370614359174,
            "transform_matrix": [
                [
                    -0.5986349582672119,
                    -0.017057990655303,
                    -0.8008403182029724,
                    -3.228290557861328
                ],
                [
                    -0.8010220527648926,
                    0.012748099863529205,
                    0.5984991192817688,
                    2.4126272201538086
                ],
                [
                    0.0,
                    0.9997731447219849,
                    -0.02129528485238552,
                    -0.08584403991699219
                ],
                [
                    0.0,
                    0.0,
                    0.0,
                    1.0
                ]
            ]
        },
        {
            "file_path": "/data/shapenet_blender/all_50_random/02958343/e7b9a6485b15921d51a95aaa6caba1d3/r_38",
            "rotation": 0.12566370614359174,
            "transform_matrix": [
                [
                    -0.3635410964488983,
                    -0.09355203807353973,
                    -0.9268688559532166,
                    -3.736327886581421
                ],
                [
                    -0.9315781593322754,
                    0.036507945507764816,
                    0.3617033064365387,
                    1.4580726623535156
                ],
                [
                    -3.725290742551124e-09,
                    0.9949447512626648,
                    -0.1004231721162796,
                    -0.40481874346733093
                ],
                [
                    0.0,
                    0.0,
                    0.0,
                    1.0
                ]
            ]
        },
        {
            "file_path": "/data/shapenet_blender/all_50_random/02958343/e7b9a6485b15921d51a95aaa6caba1d3/r_39",
            "rotation": 0.12566370614359174,
            "transform_matrix": [
                [
                    0.49771443009376526,
                    0.08973066508769989,
                    -0.8626870512962341,
                    -3.477602243423462
                ],
                [
                    -0.8673410415649414,
                    0.05149098485708237,
                    -0.4950437843799591,
                    -1.9955850839614868
                ],
                [
                    -3.725290298461914e-09,
                    0.9946340918540955,
                    0.10345490276813507,
                    0.41703999042510986
                ],
                [
                    0.0,
                    0.0,
                    0.0,
                    1.0
                ]
            ]
        },
        {
            "file_path": "/data/shapenet_blender/all_50_random/02958343/e7b9a6485b15921d51a95aaa6caba1d3/r_40",
            "rotation": 0.12566370614359174,
            "transform_matrix": [
                [
                    -0.7866618037223816,
                    -0.035832300782203674,
                    -0.6163434386253357,
                    -2.4845597743988037
                ],
                [
                    -0.617384135723114,
                    0.04565698653459549,
                    0.7853357195854187,
                    3.1657896041870117
                ],
                [
                    -1.862645149230957e-09,
                    0.9983143210411072,
                    -0.058038901537656784,
                    -0.2339622974395752
                ],
                [
                    0.0,
                    0.0,
                    0.0,
                    1.0
                ]
            ]
        },
        {
            "file_path": "/data/shapenet_blender/all_50_random/02958343/e7b9a6485b15921d51a95aaa6caba1d3/r_41",
            "rotation": 0.12566370614359174,
            "transform_matrix": [
                [
                    0.05376068875193596,
                    0.12052742391824722,
                    -0.9912532567977905,
                    -3.9958696365356445
                ],
                [
                    -0.9985539317131042,
                    0.0064890203066170216,
                    -0.053367629647254944,
                    -0.21513178944587708
                ],
                [
