{
    "class": "02958343",
    "model": "35d1938e4ab14fa79ea5c205086e2a63",
    "remove_doubles": true,
    "edge_split": true,
    "denoise": true,
    "camera_angle_x": 0.6911112070083618,
    "scale_factor": 2.253251943147923,
    "hdri_file": "/data/IndoorHDRDataset2018/9C4A0692-ece81c6374.exr",
    "center_offset": [
        0.0,
        -1.862645149230957e-09,
        0.0
    ],
    "lights": [],
    "frames": [
        {
            "file_path": "/data/shapenet_blender/all_50_random/02958343/35d1938e4ab14fa79ea5c205086e2a63/r_0",
            "rotation": 0.12566370614359174,
            "transform_matrix": [
                [
                    -0.5064389109611511,
                    -0.6212665438652039,
                    -0.5979527831077576,
                    -2.4104247093200684
                ],
                [
                    -0.8622759580612183,
                    0.3648873269557953,
                    0.35119447112083435,
                    1.415710210800171
                ],
                [
                    1.4901162970204496e-08,
                    0.6934587955474854,
                    -0.7204962968826294,
                    -2.9044134616851807
                ],
                [
                    0.0,
                    0.0,
                    0.0,
                    1.0
                ]
            ]
        },
        {
            "file_path": "/data/shapenet_blender/all_50_random/02958343/35d1938e4ab14fa79ea5c205086e2a63/r_1",
            "rotation": 0.12566370614359174,
            "transform_matrix": [
                [
                    -0.12100137025117874,
                    -0.23497429490089417,
                    -0.964440643787384,
                    -3.887784481048584
                ],
                [
                    -0.992652416229248,
                    0.028642665594816208,
                    0.117562435567379,
                    0.4739093482494354
                ],
                [
                    0.0,
                    0.9715794324874878,
                    -0.23671360313892365,
                    -0.9542230367660522
                ],
                [
                    0.0,
                    0.0,
                    0.0,
                    1.0
                ]
            ]
        },
        {
            "file_path": "/data/shapenet_blender/all_50_random/02958343/35d1938e4ab14fa79ea5c205086e2a63/r_2",
            "rotation": 0.12566370614359174,
            "transform_matrix": [
                [
                    -0.5664530396461487,
                    -0.027055302634835243,
                    0.8236497640609741,
                    3.3202383518218994
                ],
                [
                    0.8240939974784851,
                    -0.018596859648823738,
                    0.5661477446556091,
                    2.282214641571045
                ],
                [
                    9.313225746154785e-10,
                    0.9994608759880066,
                    0.032830361276865005,
                    0.13234342634677887
                ],
                [
                    0.0,
                    0.0,
                    0.0,
                    1.0
                ]
            ]
        },
        {
            "file_path": "/data/shapenet_blender/all_50_random/02958343/35d1938e4ab14fa79ea5c205086e2a63/r_3",
            "rotation": 0.12566370614359174,
            "transform_matrix": [
                [
                    -0.9561774134635925,
                    -0.25172722339630127,
                    -0.14952653646469116,
                    -0.6027607321739197
                ],
                [
                    -0.29278790950775146,
                    0.8220826387405396,
                    0.4883189797401428,
                    1.9684767723083496
                ],
                [
                    -7.450580596923828e-09,
                    0.5106990933418274,
                    -0.8597594499588013,
                    -3.465801239013672
                ],
                [
                    0.0,
                    0.0,
                    0.0,
                    1.0
                ]
            ]
        },
        {
            "file_path": "/data/shapenet_blender/all_50_random/02958343/35d1938e4ab14fa79ea5c205086e2a63/r_4",
            "rotation": 0.12566370614359174,
            "transform_matrix": [
                [
                    -0.6680524349212646,
                    0.0249496977776289,
                    0.7436957359313965,
                    2.9979336261749268
                ],
                [
                    0.7441142201423645,
                    0.02239939197897911,
                    0.6676767468452454,
                    2.6914913654327393
                ],
                [
                    0.0,
                    0.9994376301765442,
                    -0.03352938964962959,
                    -0.13516131043434143
                ],
                [
                    0.0,
                    0.0,
                    0.0,
                    1.0
                ]
            ]
        },
        {
            "file_path": "/data/shapenet_blender/all_50_random/02958343/35d1938e4ab14fa79ea5c205086e2a63/r_5",
            "rotation": 0.12566370614359174,
            "transform_matrix": [
                [
                    0.9784111976623535,
                    -0.11371318995952606,
                    -0.17257146537303925,
                    -0.6956579089164734
                ],
                [
                    -0.20666787028312683,
                    -0.5383432507514954,
                    -0.8169913291931152,
                    -3.2933976650238037
                ],
                [
                    7.450581485102248e-09,
                    0.8350184559822083,
                    -0.5502218008041382,
                    -2.218015193939209
                ],
                [
                    0.0,
                    0.0,
                    0.0,
                    1.0
                ]
            ]
        },
        {
            "file_path": "/data/shapenet_blender/all_50_random/02958343/35d1938e4ab14fa79ea5c205086e2a63/r_6",
            "rotation": 0.12566370614359174,
            "transform_matrix": [
                [
                    0.5065463781356812,
                    -0.06856415420770645,
                    -0.8594821691513062,
                    -3.464683771133423
                ],
                [
                    -0.8622128367424011,
                    -0.04028115049004555,
                    -0.5049421191215515,
                    -2.035486936569214
                ],
                [
                    0.0,
                    0.9968332052230835,
                    -0.07952114194631577,
                    -0.3205600082874298
                ],
                [
                    0.0,
                    0.0,
                    0.0,
                    1.0
                ]
            ]
        },
        {
            "file_path": "/data/shapenet_blender/all_50_random/02958343/35d1938e4ab14fa79ea5c205086e2a63/r_7",
            "rotation": 0.12566370614359174,
            "transform_matrix": [
                [
                    0.4118421673774719,
                    0.06571105867624283,
                    0.9088828563690186,
                    3.6638240814208984
                ],
                [
                    0.9112552404403687,
                    -0.029698139056563377,
                    -0.4107699692249298,
                    -1.6558667421340942
                ],
                [
                    0.0,
                    0.9973965883255005,
                    -0.07211048901081085,
                    -0.2906866669654846
                ],
                [
                    0.0,
                    0.0,
                    0.0,
                    1.0
                ]
            ]
        },
        {
            "file_path": "/data/shapenet_blender/all_50_random/02958343/35d1938e4ab14fa79ea5c205086e2a63/r_8",
            "rotation": 0.12566370614359174,
            "transform_matrix": [
                [
                    -0.6222364902496338,
                    0.5934722423553467,
                    0.5105021595954895,
                    2.0578999519348145
                ],
                [
                    0.7828294038772583,
                    0.47172489762306213,
                    0.40577563643455505,
                    1.635733962059021
                ],
                [
                    1.4901161193847656e-08,
                    0.6521243453025818,
                    -0.7581119537353516,
                    -3.056046962738037
                ],
                [
                    0.0,
                    0.0,
                    0.0,
                    1.0
                ]
            ]
        },
        {
            "file_path": "/data/shapenet_blender/all_50_random/02958343/35d1938e4ab14fa79ea5c205086e2a63/r_9",
            "rotation": 0.12566370614359174,
            "transform_matrix": [
                [
                    0.20024725794792175,
                    0.24090270698070526,
                    -0.9496666789054871,
                    -3.8282289505004883
                ],
                [
                    -0.9797453880310059,
                    0.049237389117479324,
                    -0.1940995454788208,
                    -0.7824403047561646
                ],
                [
                    0.0,
                    0.9692994952201843,
                    0.24588295817375183,
                    0.9911859035491943
                ],
                [
                    0.0,
                    0.0,
                    0.0,
                    1.0
                ]
            ]
        },
        {
            "file_path": "/data/shapenet_blender/all_50_random/02958343/35d1938e4ab14fa79ea5c205086e2a63/r_10",
            "rotation": 0.12566370614359174,
            "transform_matrix": [
                [
                    0.8920677304267883,
                    0.10497477650642395,
                    -0.43953993916511536,
                    -1.771842360496521
                ],
                [
                    -0.4519016444683075,
                    0.20722343027591705,
                    -0.8676653504371643,
                    -3.497671365737915
                ],
                [
                    -7.4505797087454084e-09,
                    0.9726452827453613,
                    0.23229557275772095,
                    0.9364135265350342
                ],
                [
                    0.0,
                    0.0,
                    0.0,
                    1.0
                ]
            ]
        },
        {
            "file_path": "/data/shapenet_blender/all_50_random/02958343/35d1938e4ab14fa79ea5c205086e2a63/r_11",
            "rotation": 0.12566370614359174,
            "transform_matrix": [
                [
                    0.9989221692085266,
                    0.013781803660094738,
                    -0.04432542994618416,
                    -0.17868152260780334
                ],
                [
                    -0.046418555080890656,
                    0.2965828776359558,
                    -0.9538783431053162,
                    -3.8452064990997314
                ],
                [
                    0.0,
                    0.9549075961112976,
                    0.29690295457839966,
                    1.1968541145324707
                ],
                [
                    0.0,
                    0.0,
                    0.0,
                    1.0
                ]
            ]
        },
        {
            "file_path": "/data/shapenet_blender/all_50_random/02958343/35d1938e4ab14fa79ea5c205086e2a63/r_12",
            "rotation": 0.12566370614359174,
            "transform_matrix": [
                [
                    0.42755746841430664,
                    -0.16336049139499664,
                    0.8891052007675171,
                    3.5840976238250732
                ],
                [
                    0.903988242149353,
                    0.07726427167654037,
                    -0.42051824927330017,
                    -1.6951632499694824
                ],
                [
                    0.0,
                    0.9835363030433655,
                    0.18071085214614868,
                    0.7284687757492065
                ],
                [
                    0.0,
                    0.0,
                    0.0,
                    1.0
                ]
            ]
        },
        {
            "file_path": "/data/shapenet_blender/all_50_random/02958343/35d1938e4ab14fa79ea5c205086e2a63/r_13",
            "rotation": 0.12566370614359174,
            "transform_matrix": [
                [
                    -0.8786424994468689,
                    -0.33913034200668335,
                    0.33612215518951416,
                    1.3549518585205078
                ],
                [
                    0.4774804711341858,
                    -0.6240555644035339,
                    0.6185199618339539,
                    2.4933340549468994
                ],
                [
                    1.4901162970204496e-08,
                    0.7039496302604675,
                    0.7102497816085815,
                    2.8631086349487305
                ],
                [
                    0.0,
                    0.0,
                    0.0,
                    1.0
                ]
            ]
        },
        {
            "file_path": "/data/shapenet_blender/all_50_random/02958343/35d1938e4ab14fa79ea5c205086e2a63/r_14",
            "rotation": 0.12566370614359174,
            "transform_matrix": [
                [
                    0.8424835801124573,
                    -0.07260624319314957,
                    -0.5338068008422852,
                    -2.1518442630767822
                ],
                [
                    -0.538722038269043,
                    -0.11354568600654602,
                    -0.8347968459129333,
                    -3.3651740550994873
                ],
                [
                    -3.725290298461914e-09,
                    0.9908760786056519,
                    -0.13477495312690735,
                    -0.5432952642440796
                ],
                [
                    0.0,
                    0.0,
                    0.0,
                    1.0
                ]
            ]
        },
        {
            "file_path": "/data/shapenet_blender/all_50_random/02958343/35d1938e4ab14fa79ea5c205086e2a63/r_15",
            "rotation": 0.12566370614359174,
            "transform_matrix": [
                [
                    0.7687714099884033,
                    0.03085298463702202,
                    0.6387790441513062,
                    2.575000524520874
                ],
                [
                    0.6395237445831299,
                    -0.037088364362716675,
                    -0.7678762078285217,
                    -3.0954079627990723
                ],
                [
                    -1.862645149230957e-09,
                    0.9988355040550232,
                    -0.0482436940073967,
                    -0.19447654485702515
                ],
                [
                    0.0,
                    0.0,
                    0.0,
                    1.0
                ]
            ]
        },
        {
            "file_path": "/data/shapenet_blender/all_50_random/02958343/35d1938e4ab14fa79ea5c205086e2a63/r_16",
            "rotation": 0.12566370614359174,
            "transform_matrix": [
                [
                    0.5181934833526611,
                    -0.41085630655288696,
                    -0.7501150369644165,
                    -3.023810386657715
                ],
                [
                    -0.8552634119987488,
                    -0.24893274903297424,
                    -0.4544854462146759,
                    -1.8320894241333008
                ],
                [
                    1.4901161193847656e-08,
                    0.8770571947097778,
                    -0.4803857207298279,
                    -1.9364967346191406
                ],
                [
                    0.0,
                    0.0,
                    0.0,
                    1.0
                ]
            ]
        },
        {
            "file_path": "/data/shapenet_blender/all_50_random/02958343/35d1938e4ab14fa79ea5c205086e2a63/r_17",
            "rotation": 0.12566370614359174,
            "transform_matrix": [
                [
                    -0.780708372592926,
                    -0.14983172714710236,
                    0.6066669225692749,
                    2.4455528259277344
                ],
                [
                    0.624895453453064,
                    -0.18719112873077393,
                    0.7579346895217896,
                    3.055332660675049
                ],
                [
                    7.450580152834618e-09,
                    0.9708295464515686,
                    0.23977084457874298,
                    0.9665472507476807
                ],
                [
                    0.0,
                    0.0,
                    0.0,
                    1.0
                ]
            ]
        },
        {
            "file_path": "/data/shapenet_blender/all_50_random/02958343/35d1938e4ab14fa79ea5c205086e2a63/r_18",
            "rotation": 0.12566370614359174,
            "transform_matrix": [
                [
                    -0.0785239115357399,
                    -0.9419678449630737,
                    -0.3263900578022003,
                    -1.3157204389572144
                ],
                [
                    -0.9969123005867004,
                    0.07419609278440475,
                    0.02570880576968193,
                    0.1036355122923851
                ],
                [
                    0.0,
                    0.32740089297294617,
                    -0.9448854923248291,
                    -3.808955192565918
                ],
                [
                    0.0,
                    0.0,
                    0.0,
                    1.0
                ]
            ]
        },
        {
            "file_path": "/data/shapenet_blender/all_50_random/02958343/35d1938e4ab14fa79ea5c205086e2a63/r_19",
            "rotation": 0.12566370614359174,
            "transform_matrix": [
                [
                    0.01894654892385006,
                    -0.8981941342353821,
                    -0.4391905963420868,
                    -1.7704339027404785
                ],
                [
                    -0.9998205304145813,
                    -0.017020734027028084,
                    -0.0083226403221488,
                    -0.03354963660240173
                ],
                [
                    4.656612873077393e-10,
                    0.43926945328712463,
                    -0.8983553647994995,
                    -3.6213862895965576
                ],
                [
                    0.0,
                    0.0,
                    0.0,
                    1.0
                ]
            ]
        },
        {
            "file_path": "/data/shapenet_blender/all_50_random/02958343/35d1938e4ab14fa79ea5c205086e2a63/r_20",
            "rotation": 0.12566370614359174,
            "transform_matrix": [
                [
                    0.930910050868988,
                    -0.12558980286121368,
                    -0.34297773241996765,
                    -1.3825875520706177
                ],
                [
                    -0.36524859070777893,
                    -0.32009103894233704,
                    -0.8741481900215149,
                    -3.5238044261932373
                ],
                [
                    0.0,
                    0.9390254020690918,
                    -0.34384745359420776,
                    -1.3860934972763062
                ],
                [
                    0.0,
                    0.0,
                    0.0,
                    1.0
                ]
            ]
        },
        {
            "file_path": "/data/shapenet_blender/all_50_random/02958343/35d1938e4ab14fa79ea5c205086e2a63/r_21",
            "rotation": 0.12566370614359174,
            "transform_matrix": [
                [
                    -0.5817227959632874,
                    0.06906720995903015,
                    -0.8104494214057922,
                    -3.267026424407959
                ],
                [
                    -0.8133871555328369,
                    -0.04939586669206619,
                    0.5796216726303101,
                    2.3365299701690674
                ],
                [
                    3.725290298461914e-09,
                    0.9963883757591248,
                    0.08491306751966476,
                    0.3422955572605133
                ],
                [
                    0.0,
                    0.0,
                    0.0,
                    1.0
                ]
            ]
        },
        {
            "file_path": "/data/shapenet_blender/all_50_random/02958343/35d1938e4ab14fa79ea5c205086e2a63/r_22",
            "rotation": 0.12566370614359174,
            "transform_matrix": [
                [
                    -0.5597030520439148,
                    0.6032386422157288,
                    -0.5681861639022827,
                    -2.2904319763183594
                ],
                [
                    -0.8286932706832886,
                    -0.4074300527572632,
                    0.3837554454803467,
                    1.54696786403656
                ],
                [
                    1.4901162970204496e-08,
                    0.6856411695480347,
                    0.7279395461082458,
                    2.9344184398651123
                ],
                [
                    0.0,
                    0.0,
                    0.0,
                    1.0
                ]
            ]
        },
        {
            "file_path": "/data/shapenet_blender/all_50_random/02958343/35d1938e4ab14fa79ea5c205086e2a63/r_23",
            "rotation": 0.12566370614359174,
            "transform_matrix": [
                [
                    -0.6985886693000793,
                    -0.03782423958182335,
                    -0.7145230174064636,
                    -2.8803343772888184
                ],
                [
                    -0.7155234217643738,
                    0.03692902997136116,
                    0.697611927986145,
                    2.8121635913848877
                ],
                [
                    1.862645149230957e-09,
                    0.9986016750335693,
                    -0.052862342447042465,
                    -0.21309491991996765
                ],
                [
                    0.0,
                    0.0,
                    0.0,
                    1.0
                ]
            ]
        },
        {
            "file_path": "/data/shapenet_blender/all_50_random/02958343/35d1938e4ab14fa79ea5c205086e2a63/r_24",
            "rotation": 0.12566370614359174,
            "transform_matrix": [
                [
                    -0.8931903839111328,
                    -0.3157915472984314,
                    0.3201354742050171,
                    1.290507435798645
                ],
                [
                    0.449678897857666,
                    -0.6272519826889038,
                    0.6358802318572998,
                    2.5633153915405273
                ],
                [
                    1.4901162970204496e-08,
                    0.7119203209877014,
                    0.7022601962089539,
                    2.830901622772217
                ],
                [
                    0.0,
                    0.0,
                    0.0,
                    1.0
                ]
            ]
        },
        {
            "file_path": "/data/shapenet_blender/all_50_random/02958343/35d1938e4ab14fa79ea5c205086e2a63/r_25",
            "rotation": 0.12566370614359174,
            "transform_matrix": [
                [
                    0.9478527903556824,
                    -0.13922744989395142,
                    0.2866891324520111,
                    1.1556810140609741
                ],
                [
                    0.31870827078819275,
                    0.4140687584877014,
                    -0.8526264429092407,
                    -3.4370474815368652
                ],
                [
                    -7.450580596923828e-09,
                    0.8995346426963806,
                    0.4368492066860199,
                    1.760995626449585
                ],
                [
                    0.0,
                    0.0,
                    0.0,
                    1.0
                ]
            ]
        },
        {
            "file_path": "/data/shapenet_blender/all_50_random/02958343/35d1938e4ab14fa79ea5c205086e2a63/r_26",
            "rotation": 0.12566370614359174,
            "transform_matrix": [
                [
                    -0.7634122967720032,
                    0.14953552186489105,
                    0.6283636093139648,
                    2.5330147743225098
                ],
                [
                    0.6459115147590637,
                    0.1767382025718689,
                    0.7426720857620239,
                    2.993806838989258
                ],
                [
                    0.0,
                    0.9728321433067322,
                    -0.23151084780693054,
                    -0.9332500696182251
                ],
                [
                    0.0,
                    0.0,
                    0.0,
                    1.0
                ]
            ]
        },
        {
            "file_path": "/data/shapenet_blender/all_50_random/02958343/35d1938e4ab14fa79ea5c205086e2a63/r_27",
            "rotation": 0.12566370614359174,
            "transform_matrix": [
                [
                    -0.013403809629380703,
                    -0.16795027256011963,
                    -0.985704243183136,
                    -3.973501205444336
                ],
                [
                    -0.9999102354049683,
                    0.0022513752337545156,
                    0.013213376514613628,
                    0.05326482653617859
                ],
                [
                    0.0,
                    0.985792875289917,
                    -0.1679653525352478,
                    -0.677090048789978
                ],
                [
                    0.0,
                    0.0,
                    0.0,
                    1.0
                ]
            ]
        },
        {
            "file_path": "/data/shapenet_blender/all_50_random/02958343/35d1938e4ab14fa79ea5c205086e2a63/r_28",
            "rotation": 0.12566370614359174,
            "transform_matrix": [
                [
                    0.7999852895736694,
                    -0.5499916672706604,
                    0.23986002802848816,
                    0.966906726360321
                ],
                [
                    0.6000197529792786,
                    0.733284592628479,
                    -0.31979697942733765,
                    -1.2891428470611572
                ],
                [
                    1.4901162970204496e-08,
                    0.39975351095199585,
                    0.9166225790977478,
                    3.695023775100708
                ],
                [
                    0.0,
                    0.0,
                    0.0,
                    1.0
                ]
            ]
        },
        {
            "file_path": "/data/shapenet_blender/all_50_random/02958343/35d1938e4ab14fa79ea5c205086e2a63/r_29",
            "rotation": 0.12566370614359174,
            "transform_matrix": [
                [
                    -0.9841424822807312,
                    -0.12012099474668503,
                    -0.13051575422286987,
                    -0.526125967502594
                ],
                [
                    -0.1773792952299118,
                    0.6664597988128662,
                    0.7241324186325073,
                    2.919071674346924
                ],
                [
                    0.0,
                    0.7358003854751587,
                    -0.6771983504295349,
                    -2.7298743724823
                ],
                [
                    0.0,
                    0.0,
                    0.0,
                    1.0
                ]
            ]
        },
        {
            "file_path": "/data/shapenet_blender/all_50_random/02958343/35d1938e4ab14fa79ea5c205086e2a63/r_30",
            "rotation": 0.12566370614359174,
            "transform_matrix": [
                [
                    -0.06644035875797272,
                    0.04096151888370514,
                    0.9969492554664612,
                    4.0188307762146
                ],
                [
                    0.9977903366088867,
                    0.0027275255415588617,
                    0.06638436019420624,
                    0.26760390400886536
                ],
                [
                    0.0,
                    0.9991569519042969,
                    -0.04105222970247269,
                    -0.16548682749271393
                ],
                [
                    0.0,
                    0.0,
                    0.0,
                    1.0
                ]
            ]
        },
        {
            "file_path": "/data/shapenet_blender/all_50_random/02958343/35d1938e4ab14fa79ea5c205086e2a63/r_31",
            "rotation": 0.12566370614359174,
            "transform_matrix": [
                [
                    0.7159886956214905,
                    0.06665527820587158,
                    -0.6949224472045898,
                    -2.8013222217559814
                ],
                [
                    -0.698111891746521,
                    0.06836214661598206,
                    -0.712717592716217,
                    -2.873056650161743
                ],
                [
                    0.0,
                    0.9954313635826111,
                    0.09547936171293259,
                    0.3848896622657776
                ],
                [
                    0.0,
                    0.0,
                    0.0,
                    1.0
                ]
            ]
        },
        {
            "file_path": "/data/shapenet_blender/all_50_random/02958343/35d1938e4ab14fa79ea5c205086e2a63/r_32",
            "rotation": 0.12566370614359174,
            "transform_matrix": [
                [
                    0.8680281043052673,
                    0.2109222561120987,
                    0.44948747754096985,
                    1.8119419813156128
                ],
                [
                    0.49651506543159485,
                    -0.368742972612381,
                    -0.7858125567436218,
                    -3.1677117347717285
                ],
                [
                    -1.4901161193847656e-08,
                    0.9052847623825073,
                    -0.42480531334877014,
                    -1.7124450206756592
                ],
                [
                    0.0,
                    0.0,
                    0.0,
                    1.0
                ]
            ]
        },
        {
            "file_path": "/data/shapenet_blender/all_50_random/02958343/35d1938e4ab14fa79ea5c205086e2a63/r_33",
            "rotation": 0.12566370614359174,
            "transform_matrix": [
                [
                    -0.9392659068107605,
                    -0.12141416221857071,
                    0.3209957182407379,
                    1.2939751148223877
                ],
                [
                    0.34319043159484863,
                    -0.33229419589042664,
                    0.8785219788551331,
                    3.541435480117798
                ],
                [
                    7.450580596923828e-09,
                    0.9353283643722534,
                    0.35378074645996094,
                    1.426135778427124
                ],
                [
                    0.0,
                    0.0,
                    0.0,
                    1.0
                ]
            ]
        },
        {
            "file_path": "/data/shapenet_blender/all_50_random/02958343/35d1938e4ab14fa79ea5c205086e2a63/r_34",
            "rotation": 0.12566370614359174,
            "transform_matrix": [
                [
                    -0.08474518358707428,
                    0.7802338600158691,
                    -0.6197203993797302,
                    -2.4981727600097656
                ],
                [
                    -0.9964026808738708,
                    -0.06635978072881699,
                    0.05270792543888092,
                    0.21247243881225586
                ],
                [
                    -3.725290298461914e-09,
                    0.6219577193260193,
                    0.7830507755279541,
                    3.156578540802002
                ],
                [
                    0.0,
                    0.0,
                    0.0,
                    1.0
                ]
            ]
        },
        {
            "file_path": "/data/shapenet_blender/all_50_random/02958343/35d1938e4ab14fa79ea5c205086e2a63/r_35",
            "rotation": 0.12566370614359174,
            "transform_matrix": [
                [
                    0.9939087629318237,
                    0.03045530430972576,
                    0.10591434687376022,
                    0.4269544184207916
                ],
                [
                    0.11020606011152267,
                    -0.2746654152870178,
                    -0.9552033543586731,
                    -3.850548028945923
                ],
                [
                    1.8626450382086546e-09,
                    0.9610573649406433,
                    -0.27634871006011963,
                    -1.113997459411621
                ],
                [
                    0.0,
                    0.0,
                    0.0,
                    1.0
                ]
            ]
        },
        {
            "file_path": "/data/shapenet_blender/all_50_random/02958343/35d1938e4ab14fa79ea5c205086e2a63/r_36",
            "rotation": 0.12566370614359174,
            "transform_matrix": [
                [
                    -0.7388976812362671,
                    -0.35544949769973755,
                    -0.5724384784698486,
                    -2.3075733184814453
                ],
                [
                    -0.6738176345825195,
                    0.38978028297424316,
                    0.6277269124984741,
                    2.5304481983184814
                ],
                [
                    1.4901162970204496e-08,
                    0.8495451211929321,
                    -0.5275158882141113,
                    -2.1264846324920654
                ],
                [
                    0.0,
                    0.0,
                    0.0,
                    1.0
                ]
            ]
        },
        {
            "file_path": "/data/shapenet_blender/all_50_random/02958343/35d1938e4ab14fa79ea5c205086e2a63/r_37",
            "rotation": 0.12566370614359174,
            "transform_matrix": [
                [
                    0.9843631982803345,
                    0.028858758509159088,
                    0.17377078533172607,
                    0.7004925012588501
                ],
                [
                    0.176150843501091,
                    -0.16126802563667297,
                    -0.9710630178451538,
                    -3.914480447769165
                ],
                [
                    0.0,
                    0.9864885210990906,
                    -0.16382980346679688,
                    -0.6604191064834595
                ],
                [
                    0.0,
                    0.0,
                    0.0,
                    1.0
                ]
            ]
        },
        {
            "file_path": "/data/shapenet_blender/all_50_random/02958343/35d1938e4ab14fa79ea5c205086e2a63/r_38",
            "rotation": 0.12566370614359174,
            "transform_matrix": [
                [
                    -0.12240511178970337,
                    -0.6023232340812683,
                    0.788811445236206,
                    3.1798009872436523
                ],
                [
                    0.9924802780151367,
                    -0.07428605109453201,
                    0.09728612005710602,
                    0.3921729326248169
                ],
                [
                    -3.725290742551124e-09,
                    0.7947882413864136,
                    0.6068868041038513,
                    2.446439266204834
                ],
                [
                    0.0,
                    0.0,
                    0.0,
                    1.0
                ]
            ]
        },
        {
            "file_path": "/data/shapenet_blender/all_50_random/02958343/35d1938e4ab14fa79ea5c205086e2a63/r_39",
            "rotation": 0.12566370614359174,
            "transform_matrix": [
                [
                    -0.33383485674858093,
                    -0.3693028688430786,
                    -0.8672771453857422,
                    -3.496105909347534
                ],
                [
                    -0.9426315426826477,
                    0.1307893544435501,
                    0.30714794993400574,
                    1.2381529808044434
                ],
                [
                    0.0,
                    0.9200595617294312,
                    -0.3917785584926605,
                    -1.5793099403381348
                ],
                [
                    0.0,
                    0.0,
                    0.0,
                    1.0
                ]
            ]
        },
        {
            "file_path": "/data/shapenet_blender/all_50_random/02958343/35d1938e4ab14fa79ea5c205086e2a63/r_40",
            "rotation": 0.12566370614359174,
            "transform_matrix": [
                [
                    -0.9298752546310425,
                    -0.2607306241989136,
                    0.2595219016075134,
                    1.0461664199829102
                ],
                [
                    0.3678750991821289,
                    -0.6590469479560852,
                    0.6559916734695435,
                    2.6443872451782227
                ],
                [
                    0.0,
                    0.7054620385169983,
                    0.7087476253509521,
                    2.857053279876709
                ],
                [
                    0.0,
                    0.0,
                    0.0,
                    1.0
                ]
            ]
        },
        {
            "file_path": "/data/shapenet_blender/all_50_random/02958343/35d1938e4ab14fa79ea5c205086e2a63/r_41",
            "rotation": 0.12566370614359174,
            "transform_matrix": [
                [
                    0.2064601331949234,
                    0.42263954877853394,
                    0.8824681043624878,
                    3.557342767715454
                ],
                [
                    0.9784550070762634,
                    -0.08917959034442902,
                    -0.18620628118515015,
