{
    "class": "02958343",
    "model": "b05d651c17e9e626ca92a4cdad802b45",
    "remove_doubles": true,
    "edge_split": true,
    "denoise": true,
    "camera_angle_x": 0.6911112070083618,
    "scale_factor": 2.2742934473144953,
    "hdri_file": "/data/IndoorHDRDataset2018/9C4A3695-cb51bf21c7.exr",
    "center_offset": [
        0.0,
        -1.862645149230957e-09,
        0.0
    ],
    "lights": [],
    "frames": [
        {
            "file_path": "/data/shapenet_blender/all_50_random/02958343/b05d651c17e9e626ca92a4cdad802b45/r_0",
            "rotation": 0.12566370614359174,
            "transform_matrix": [
                [
                    0.902721643447876,
                    -0.1788225919008255,
                    -0.39130061864852905,
                    -1.577383279800415
                ],
                [
                    -0.4302251935005188,
                    -0.37521520256996155,
                    -0.8210480213165283,
                    -3.309750556945801
                ],
                [
                    -1.4901161193847656e-08,
                    0.9095252156257629,
                    -0.41564878821372986,
                    -1.6755338907241821
                ],
                [
                    0.0,
                    0.0,
                    0.0,
                    1.0
                ]
            ]
        },
        {
            "file_path": "/data/shapenet_blender/all_50_random/02958343/b05d651c17e9e626ca92a4cdad802b45/r_1",
            "rotation": 0.12566370614359174,
            "transform_matrix": [
                [
                    -0.08879951387643814,
                    0.7911435961723328,
                    -0.6051499247550964,
                    -2.4394376277923584
                ],
                [
                    -0.9960495829582214,
                    -0.07053179293870926,
                    0.053950145840644836,
                    0.21748000383377075
                ],
                [
                    3.725290742551124e-09,
                    0.6075500845909119,
                    0.7942812442779541,
                    3.201850414276123
                ],
                [
                    0.0,
                    0.0,
                    0.0,
                    1.0
                ]
            ]
        },
        {
            "file_path": "/data/shapenet_blender/all_50_random/02958343/b05d651c17e9e626ca92a4cdad802b45/r_2",
            "rotation": 0.12566370614359174,
            "transform_matrix": [
                [
                    0.9969619512557983,
                    0.032962094992399216,
                    0.07057230174541473,
                    0.2844860553741455
                ],
                [
                    0.07789062708616257,
                    -0.4218987226486206,
                    -0.9032909274101257,
                    -3.641282081604004
                ],
                [
                    1.862645371275562e-09,
                    0.9060434699058533,
                    -0.42318442463874817,
                    -1.7059109210968018
                ],
                [
                    0.0,
                    0.0,
                    0.0,
                    1.0
                ]
            ]
        },
        {
            "file_path": "/data/shapenet_blender/all_50_random/02958343/b05d651c17e9e626ca92a4cdad802b45/r_3",
            "rotation": 0.12566370614359174,
            "transform_matrix": [
                [
                    -0.46614837646484375,
                    -0.7018798589706421,
                    0.5385817289352417,
                    2.1710922718048096
                ],
                [
                    0.8847066164016724,
                    -0.36981770396232605,
                    0.28377658128738403,
                    1.1439399719238281
                ],
                [
                    0.0,
                    0.6087687611579895,
                    0.7933477163314819,
                    3.198086738586426
                ],
                [
                    0.0,
                    0.0,
                    0.0,
                    1.0
                ]
            ]
        },
        {
            "file_path": "/data/shapenet_blender/all_50_random/02958343/b05d651c17e9e626ca92a4cdad802b45/r_4",
            "rotation": 0.12566370614359174,
            "transform_matrix": [
                [
                    -0.8633835315704346,
                    -0.3950795829296112,
                    0.3138168752193451,
                    1.2650363445281982
                ],
                [
                    0.5045482516288757,
                    -0.676060676574707,
                    0.5370038151741028,
                    2.164731502532959
                ],
                [
                    0.0,
                    0.6219758987426758,
                    0.7830362915992737,
                    3.156520366668701
                ],
                [
                    0.0,
                    0.0,
                    0.0,
                    1.0
                ]
            ]
        },
        {
            "file_path": "/data/shapenet_blender/all_50_random/02958343/b05d651c17e9e626ca92a4cdad802b45/r_5",
            "rotation": 0.12566370614359174,
            "transform_matrix": [
                [
                    -0.016175493597984314,
                    0.8370035886764526,
                    -0.5469582676887512,
                    -2.2048592567443848
                ],
                [
                    -0.999869167804718,
                    -0.013540718704462051,
                    0.008848478086292744,
                    0.03566935658454895
                ],
                [
                    -4.656612873077393e-10,
                    0.5470297336578369,
                    0.8371131420135498,
                    3.3745110034942627
                ],
                [
                    0.0,
                    0.0,
                    0.0,
                    1.0
                ]
            ]
        },
        {
            "file_path": "/data/shapenet_blender/all_50_random/02958343/b05d651c17e9e626ca92a4cdad802b45/r_6",
            "rotation": 0.12566370614359174,
            "transform_matrix": [
                [
                    -0.982756495475769,
                    -0.03604242578148842,
                    -0.18135778605937958,
                    -0.7310765981674194
                ],
                [
                    -0.18490459024906158,
                    0.19156326353549957,
                    0.9639054536819458,
                    3.885627269744873
                ],
                [
                    -3.725290742551124e-09,
                    0.9808181524276733,
                    -0.194924458861351,
                    -0.7857656478881836
                ],
                [
                    0.0,
                    0.0,
                    0.0,
                    1.0
                ]
            ]
        },
        {
            "file_path": "/data/shapenet_blender/all_50_random/02958343/b05d651c17e9e626ca92a4cdad802b45/r_7",
            "rotation": 0.12566370614359174,
            "transform_matrix": [
                [
                    -0.8290286064147949,
                    0.0534772090613842,
                    0.5566433668136597,
                    2.243901252746582
                ],
                [
                    0.5592063069343567,
                    0.07928046584129333,
                    0.8252290487289429,
                    3.3266046047210693
                ],
                [
                    3.725290298461914e-09,
                    0.9954169392585754,
                    -0.09563056379556656,
                    -0.38549911975860596
                ],
                [
                    0.0,
                    0.0,
                    0.0,
                    1.0
                ]
            ]
        },
        {
            "file_path": "/data/shapenet_blender/all_50_random/02958343/b05d651c17e9e626ca92a4cdad802b45/r_8",
            "rotation": 0.12566370614359174,
            "transform_matrix": [
                [
                    0.22487011551856995,
                    0.04044826701283455,
                    0.9735488891601562,
                    3.9245007038116455
                ],
                [
                    0.9743886590003967,
                    -0.009334680624306202,
                    -0.22467632591724396,
                    -0.9056991338729858
                ],
                [
                    0.0,
                    0.9991380572319031,
                    -0.041511427611112595,
                    -0.16733789443969727
                ],
                [
                    0.0,
                    0.0,
                    0.0,
                    1.0
                ]
            ]
        },
        {
            "file_path": "/data/shapenet_blender/all_50_random/02958343/b05d651c17e9e626ca92a4cdad802b45/r_9",
            "rotation": 0.12566370614359174,
            "transform_matrix": [
                [
                    0.8167037963867188,
                    0.5545684695243835,
                    0.15952672064304352,
                    0.6430728435516357
                ],
                [
                    0.5770571827888489,
                    -0.784875750541687,
                    -0.22577673196792603,
                    -0.9101351499557495
                ],
                [
                    0.0,
                    0.2764488458633423,
                    -0.9610285758972168,
                    -3.874030351638794
                ],
                [
                    0.0,
                    0.0,
                    0.0,
                    1.0
                ]
            ]
        },
        {
            "file_path": "/data/shapenet_blender/all_50_random/02958343/b05d651c17e9e626ca92a4cdad802b45/r_10",
            "rotation": 0.12566370614359174,
            "transform_matrix": [
                [
                    -0.1912437081336975,
                    -0.07755304872989655,
                    -0.9784739017486572,
                    -3.944354772567749
                ],
                [
                    -0.9815425872802734,
                    0.015110432170331478,
                    0.19064579904079437,
                    0.7685178518295288
                ],
                [
                    0.0,
                    0.996873676776886,
                    -0.07901138812303543,
                    -0.31850510835647583
                ],
                [
                    0.0,
                    0.0,
                    0.0,
                    1.0
                ]
            ]
        },
        {
            "file_path": "/data/shapenet_blender/all_50_random/02958343/b05d651c17e9e626ca92a4cdad802b45/r_11",
            "rotation": 0.12566370614359174,
            "transform_matrix": [
                [
                    -0.8073341250419617,
                    -0.1356131136417389,
                    0.5743002891540527,
                    2.3150784969329834
                ],
                [
                    0.5900946855545044,
                    -0.1855381429195404,
                    0.7857249975204468,
                    3.167358875274658
                ],
                [
                    0.0,
                    0.9732341170310974,
                    0.22981582581996918,
                    0.9264172315597534
                ],
                [
                    0.0,
                    0.0,
                    0.0,
                    1.0
                ]
            ]
        },
        {
            "file_path": "/data/shapenet_blender/all_50_random/02958343/b05d651c17e9e626ca92a4cdad802b45/r_12",
            "rotation": 0.12566370614359174,
            "transform_matrix": [
                [
                    0.8453014492988586,
                    0.4818451702594757,
                    -0.23084770143032074,
                    -0.9305769205093384
                ],
                [
                    -0.5342896580696106,
                    0.7623288035392761,
                    -0.3652249276638031,
                    -1.4722689390182495
                ],
                [
                    -1.4901161193847656e-08,
                    0.4320647716522217,
                    0.9018425345420837,
                    3.635443687438965
                ],
                [
                    0.0,
                    0.0,
                    0.0,
                    1.0
                ]
            ]
        },
        {
            "file_path": "/data/shapenet_blender/all_50_random/02958343/b05d651c17e9e626ca92a4cdad802b45/r_13",
            "rotation": 0.12566370614359174,
            "transform_matrix": [
                [
                    0.8737422227859497,
                    -0.02421335130929947,
                    0.4857862889766693,
                    1.958267331123352
                ],
                [
                    0.4863894283771515,
                    0.04349647834897041,
                    -0.8726587295532227,
                    -3.5178000926971436
                ],
                [
                    0.0,
                    0.9987600445747375,
                    0.04978182539343834,
                    0.20067697763442993
                ],
                [
                    0.0,
                    0.0,
                    0.0,
                    1.0
                ]
            ]
        },
        {
            "file_path": "/data/shapenet_blender/all_50_random/02958343/b05d651c17e9e626ca92a4cdad802b45/r_14",
            "rotation": 0.12566370614359174,
            "transform_matrix": [
                [
                    0.5360438227653503,
                    -0.7611852884292603,
                    -0.3650397062301636,
                    -1.4715220928192139
                ],
                [
                    -0.8441900610923767,
                    -0.4833374619483948,
                    -0.23179291188716888,
                    -0.9343870878219604
                ],
                [
                    -1.4901158529312397e-08,
                    0.4324140250682831,
                    -0.9016751050949097,
                    -3.634768486022949
                ],
                [
                    0.0,
                    0.0,
                    0.0,
                    1.0
                ]
            ]
        },
        {
            "file_path": "/data/shapenet_blender/all_50_random/02958343/b05d651c17e9e626ca92a4cdad802b45/r_15",
            "rotation": 0.12566370614359174,
            "transform_matrix": [
                [
                    -0.9763118028640747,
                    0.0007897718460299075,
                    -0.21636690199375153,
                    -0.8722028732299805
                ],
                [
                    -0.21636834740638733,
                    -0.0035636613611131907,
                    0.9763052463531494,
                    3.935612440109253
                ],
                [
                    0.0,
                    0.9999932646751404,
                    0.0036501262802630663,
                    0.014714129269123077
                ],
                [
                    0.0,
                    0.0,
                    0.0,
                    1.0
                ]
            ]
        },
        {
            "file_path": "/data/shapenet_blender/all_50_random/02958343/b05d651c17e9e626ca92a4cdad802b45/r_16",
            "rotation": 0.12566370614359174,
            "transform_matrix": [
                [
                    0.6808544993400574,
                    -0.6339433193206787,
                    -0.36681461334228516,
                    -1.4786771535873413
                ],
                [
                    -0.7324187755584717,
                    -0.5893120169639587,
                    -0.3409898579120636,
                    -1.3745741844177246
                ],
                [
                    -1.4901162970204496e-08,
                    0.5008262991905212,
                    -0.8655476570129395,
                    -3.4891345500946045
                ],
                [
                    0.0,
                    0.0,
                    0.0,
                    1.0
                ]
            ]
        },
        {
            "file_path": "/data/shapenet_blender/all_50_random/02958343/b05d651c17e9e626ca92a4cdad802b45/r_17",
            "rotation": 0.12566370614359174,
            "transform_matrix": [
                [
                    -0.9757739305496216,
                    0.20870335400104523,
                    -0.0656377449631691,
                    -0.2645942270755768
                ],
                [
                    -0.21878167986869812,
                    -0.9308242797851562,
                    0.2927466630935669,
                    1.1800994873046875
                ],
                [
                    3.725290742551124e-09,
                    0.30001506209373474,
                    0.9539345502853394,
                    3.845433235168457
                ],
                [
                    0.0,
                    0.0,
                    0.0,
                    1.0
                ]
            ]
        },
        {
            "file_path": "/data/shapenet_blender/all_50_random/02958343/b05d651c17e9e626ca92a4cdad802b45/r_18",
            "rotation": 0.12566370614359174,
            "transform_matrix": [
                [
                    0.9625183939933777,
                    0.10199745744466782,
                    -0.25130656361579895,
                    -1.0130491256713867
                ],
                [
                    -0.2712166905403137,
                    0.36197784543037415,
                    -0.8918595910072327,
                    -3.595200777053833
                ],
                [
                    0.0,
                    0.9265896677970886,
                    0.37607377767562866,
                    1.51600182056427
                ],
                [
                    0.0,
                    0.0,
                    0.0,
                    1.0
                ]
            ]
        },
        {
            "file_path": "/data/shapenet_blender/all_50_random/02958343/b05d651c17e9e626ca92a4cdad802b45/r_19",
            "rotation": 0.12566370614359174,
            "transform_matrix": [
                [
                    -0.699213981628418,
                    -0.31905168294906616,
                    0.6397700309753418,
                    2.578995704650879
                ],
                [
                    0.714912474155426,
                    -0.3120458126068115,
                    0.6257216334342957,
                    2.522364854812622
                ],
                [
                    1.4901161193847656e-08,
                    0.8948929309844971,
                    0.4462808072566986,
                    1.7990156412124634
                ],
                [
                    0.0,
                    0.0,
                    0.0,
                    1.0
                ]
            ]
        },
        {
            "file_path": "/data/shapenet_blender/all_50_random/02958343/b05d651c17e9e626ca92a4cdad802b45/r_20",
            "rotation": 0.12566370614359174,
            "transform_matrix": [
                [
                    -0.17587220668792725,
                    -0.5846593379974365,
                    -0.7919864058494568,
                    -3.192599296569824
                ],
                [
                    -0.9844130277633667,
                    0.104453444480896,
                    0.14149385690689087,
                    0.5703799724578857
                ],
                [
                    0.0,
                    0.8045265078544617,
                    -0.5939167141914368,
                    -2.3941547870635986
                ],
                [
                    0.0,
                    0.0,
                    0.0,
                    1.0
                ]
            ]
        },
        {
            "file_path": "/data/shapenet_blender/all_50_random/02958343/b05d651c17e9e626ca92a4cdad802b45/r_21",
            "rotation": 0.12566370614359174,
            "transform_matrix": [
                [
                    -0.9117787480354309,
                    -0.15648025274276733,
                    -0.3797018229961395,
                    -1.5306270122528076
                ],
                [
                    -0.4106817841529846,
                    0.34741097688674927,
                    0.8429982662200928,
                    3.3982346057891846
                ],
                [
                    0.0,
                    0.9245644807815552,
                    -0.3810255527496338,
                    -1.5359631776809692
                ],
                [
                    0.0,
                    0.0,
                    0.0,
                    1.0
                ]
            ]
        },
        {
            "file_path": "/data/shapenet_blender/all_50_random/02958343/b05d651c17e9e626ca92a4cdad802b45/r_22",
            "rotation": 0.12566370614359174,
            "transform_matrix": [
                [
                    0.41535958647727966,
                    -0.11767208576202393,
                    -0.9020142555236816,
                    -3.6361358165740967
                ],
                [
                    -0.9096574187278748,
                    -0.05373036488890648,
                    -0.411869615316391,
                    -1.66029953956604
                ],
                [
                    3.725290742551124e-09,
                    0.9915977716445923,
                    -0.12935870885849,
                    -0.5214616060256958
                ],
                [
                    0.0,
                    0.0,
                    0.0,
                    1.0
                ]
            ]
        },
        {
            "file_path": "/data/shapenet_blender/all_50_random/02958343/b05d651c17e9e626ca92a4cdad802b45/r_23",
            "rotation": 0.12566370614359174,
            "transform_matrix": [
                [
                    -0.868613600730896,
                    -0.1862395852804184,
                    0.45915713906288147,
                    1.850921630859375
                ],
                [
                    0.4954901337623596,
                    -0.326485276222229,
                    0.8049204349517822,
                    3.2447381019592285
                ],
                [
                    0.0,
                    0.9266725182533264,
                    0.3758694529533386,
                    1.5151782035827637
                ],
                [
                    0.0,
                    0.0,
                    0.0,
                    1.0
                ]
            ]
        },
        {
            "file_path": "/data/shapenet_blender/all_50_random/02958343/b05d651c17e9e626ca92a4cdad802b45/r_24",
            "rotation": 0.12566370614359174,
            "transform_matrix": [
                [
                    -0.8917190432548523,
                    0.26434946060180664,
                    -0.36736413836479187,
                    -1.4808921813964844
                ],
                [
                    -0.4525892436504364,
                    -0.5208375453948975,
                    0.7238033413887024,
                    2.9177443981170654
                ],
                [
                    -1.4901158529312397e-08,
                    0.8116943836212158,
                    0.5840824246406555,
                    2.3545114994049072
                ],
                [
                    0.0,
                    0.0,
                    0.0,
                    1.0
                ]
            ]
        },
        {
            "file_path": "/data/shapenet_blender/all_50_random/02958343/b05d651c17e9e626ca92a4cdad802b45/r_25",
            "rotation": 0.12566370614359174,
            "transform_matrix": [
                [
                    -0.8499511480331421,
                    0.22759893536567688,
                    -0.47516483068466187,
                    -1.9154506921768188
                ],
                [
                    -0.526861310005188,
                    -0.3671705722808838,
                    0.7665525674819946,
                    3.0900721549987793
                ],
                [
                    1.4901160305669237e-08,
                    0.901878297328949,
                    0.4319901764392853,
                    1.741408109664917
                ],
                [
                    0.0,
                    0.0,
                    0.0,
                    1.0
                ]
            ]
        },
        {
            "file_path": "/data/shapenet_blender/all_50_random/02958343/b05d651c17e9e626ca92a4cdad802b45/r_26",
            "rotation": 0.12566370614359174,
            "transform_matrix": [
                [
                    0.9921338558197021,
                    -0.12198612838983536,
                    0.028103336691856384,
                    0.11328817903995514
                ],
                [
                    0.12518152594566345,
                    0.9668084979057312,
                    -0.2227347195148468,
                    -0.8978724479675293
                ],
                [
                    1.862645149230957e-09,
                    0.22450093924999237,
                    0.9744738936424255,
                    3.928230047225952
                ],
                [
                    0.0,
                    0.0,
                    0.0,
                    1.0
                ]
            ]
        },
        {
            "file_path": "/data/shapenet_blender/all_50_random/02958343/b05d651c17e9e626ca92a4cdad802b45/r_27",
            "rotation": 0.12566370614359174,
            "transform_matrix": [
                [
                    -0.7488181591033936,
                    -0.43807873129844666,
                    -0.49735134840011597,
                    -2.004887580871582
                ],
                [
                    -0.6627755165100098,
                    0.4949508607387543,
                    0.561918318271637,
                    2.265165328979492
                ],
                [
                    0.0,
                    0.7504070401191711,
                    -0.6609759330749512,
                    -2.6644794940948486
                ],
                [
                    0.0,
                    0.0,
                    0.0,
                    1.0
                ]
            ]
        },
        {
            "file_path": "/data/shapenet_blender/all_50_random/02958343/b05d651c17e9e626ca92a4cdad802b45/r_28",
            "rotation": 0.12566370614359174,
            "transform_matrix": [
                [
                    0.7978457808494568,
                    0.49863311648368835,
                    0.3388321101665497,
                    1.3658759593963623
                ],
                [
                    0.6028617024421692,
                    -0.6599063873291016,
                    -0.44842082262039185,
                    -1.8076421022415161
                ],
                [
                    0.0,
                    0.5620395541191101,
                    -0.8271103501319885,
                    -3.334188461303711
                ],
                [
                    0.0,
                    0.0,
                    0.0,
                    1.0
                ]
            ]
        },
        {
            "file_path": "/data/shapenet_blender/all_50_random/02958343/b05d651c17e9e626ca92a4cdad802b45/r_29",
            "rotation": 0.12566370614359174,
            "transform_matrix": [
                [
                    0.9349673390388489,
                    -0.049319587647914886,
                    -0.3512885272502899,
                    -1.4160892963409424
                ],
                [
                    -0.35473376512527466,
                    -0.12999100983142853,
                    -0.9258867502212524,
                    -3.7323689460754395
                ],
                [
                    0.0,
                    0.990287721157074,
                    -0.13903267681598663,
                    -0.5604586601257324
                ],
                [
                    0.0,
                    0.0,
                    0.0,
                    1.0
                ]
            ]
        },
        {
            "file_path": "/data/shapenet_blender/all_50_random/02958343/b05d651c17e9e626ca92a4cdad802b45/r_30",
            "rotation": 0.12566370614359174,
            "transform_matrix": [
                [
                    0.9998078942298889,
                    0.004625043366104364,
                    -0.01904645375907421,
                    -0.07677870988845825
                ],
                [
                    -0.01959996111690998,
                    0.23592674732208252,
                    -0.9715731143951416,
                    -3.916536569595337
                ],
                [
                    0.0,
                    0.9717597365379333,
                    0.2359720766544342,
                    0.9512338638305664
                ],
                [
                    0.0,
                    0.0,
                    0.0,
                    1.0
                ]
            ]
        },
        {
            "file_path": "/data/shapenet_blender/all_50_random/02958343/b05d651c17e9e626ca92a4cdad802b45/r_31",
            "rotation": 0.12566370614359174,
            "transform_matrix": [
                [
                    -0.2993541359901428,
                    -0.08043204247951508,
                    -0.9507458806037903,
                    -3.8325793743133545
                ],
                [
                    -0.9541420936584473,
                    0.0252348855137825,
                    0.29828861355781555,
                    1.2024400234222412
                ],
                [
                    0.0,
                    0.996440589427948,
                    -0.08429775387048721,
                    -0.3398151397705078
                ],
                [
                    0.0,
                    0.0,
                    0.0,
                    1.0
                ]
            ]
        },
        {
            "file_path": "/data/shapenet_blender/all_50_random/02958343/b05d651c17e9e626ca92a4cdad802b45/r_32",
            "rotation": 0.12566370614359174,
            "transform_matrix": [
                [
                    0.4783022999763489,
                    -0.004395495634526014,
                    -0.8781843185424805,
                    -3.540073871612549
                ],
                [
                    -0.8781952261924744,
                    -0.002393973059952259,
                    -0.4782963693141937,
                    -1.9280741214752197
                ],
                [
                    0.0,
                    0.9999874830245972,
                    -0.005005146376788616,
                    -0.020176388323307037
                ],
                [
                    0.0,
                    0.0,
                    0.0,
                    1.0
                ]
            ]
        },
        {
            "file_path": "/data/shapenet_blender/all_50_random/02958343/b05d651c17e9e626ca92a4cdad802b45/r_33",
            "rotation": 0.12566370614359174,
            "transform_matrix": [
                [
                    0.9944068193435669,
                    0.07677341997623444,
                    -0.07253195345401764,
                    -0.29238569736480713
                ],
                [
                    -0.10561743378639221,
                    0.7228353023529053,
                    -0.68290114402771,
                    -2.7528626918792725
                ],
                [
                    3.725290298461914e-09,
                    0.6867422461509705,
                    0.7269009351730347,
                    2.9302315711975098
                ],
                [
                    0.0,
                    0.0,
                    0.0,
                    1.0
                ]
            ]
        },
        {
            "file_path": "/data/shapenet_blender/all_50_random/02958343/b05d651c17e9e626ca92a4cdad802b45/r_34",
            "rotation": 0.12566370614359174,
            "transform_matrix": [
                [
                    -0.9075965881347656,
                    0.2801077961921692,
                    -0.31274282932281494,
                    -1.2607066631317139
                ],
                [
                    -0.4198433756828308,
                    -0.6055231690406799,
                    0.6760719418525696,
                    2.7253332138061523
                ],
                [
                    -1.4901161193847656e-08,
                    0.744903564453125,
                    0.6671721339225769,
                    2.6894569396972656
                ],
                [
                    0.0,
                    0.0,
                    0.0,
                    1.0
                ]
            ]
        },
        {
            "file_path": "/data/shapenet_blender/all_50_random/02958343/b05d651c17e9e626ca92a4cdad802b45/r_35",
            "rotation": 0.12566370614359174,
            "transform_matrix": [
                [
                    0.34560441970825195,
                    0.5243253111839294,
                    0.7782290577888489,
                    3.137141704559326
                ],
                [
                    0.9383803009986877,
                    -0.1931084394454956,
                    -0.2866209149360657,
                    -1.155405879020691
                ],
                [
                    -1.4901161193847656e-08,
                    0.8293323516845703,
                    -0.55875563621521,
                    -2.2524161338806152
                ],
                [
                    0.0,
                    0.0,
                    0.0,
                    1.0
                ]
            ]
        },
        {
            "file_path": "/data/shapenet_blender/all_50_random/02958343/b05d651c17e9e626ca92a4cdad802b45/r_36",
            "rotation": 0.12566370614359174,
            "transform_matrix": [
                [
                    0.6307195425033569,
                    0.23633529245853424,
                    0.7391471862792969,
                    2.979597568511963
                ],
                [
                    0.7760109901428223,
                    -0.19208656251430511,
                    -0.6007577180862427,
                    -2.42173171043396
                ],
                [
                    0.0,
                    0.952495813369751,
                    -0.30455151200294495,
                    -1.2276864051818848
                ],
                [
                    0.0,
                    0.0,
                    0.0,
                    1.0
                ]
            ]
        },
        {
            "file_path": "/data/shapenet_blender/all_50_random/02958343/b05d651c17e9e626ca92a4cdad802b45/r_37",
            "rotation": 0.12566370614359174,
            "transform_matrix": [
                [
                    0.9029590487480164,
                    0.1440836489200592,
                    0.4048515260219574,
                    1.6320087909698486
                ],
                [
                    0.4297265112400055,
                    -0.3027544915676117,
                    -0.8506907224655151,
                    -3.42924427986145
                ],
                [
                    0.0,
                    0.9421144723892212,
                    -0.33529147505760193,
                    -1.3516032695770264
                ],
                [
                    0.0,
                    0.0,
                    0.0,
                    1.0
                ]
            ]
        },
        {
            "file_path": "/data/shapenet_blender/all_50_random/02958343/b05d651c17e9e626ca92a4cdad802b45/r_38",
            "rotation": 0.12566370614359174,
            "transform_matrix": [
                [
                    -0.187223881483078,
                    -0.3411475121974945,
                    0.9211761355400085,
                    3.7133798599243164
                ],
                [
                    0.9823172688484192,
                    -0.06502071022987366,
                    0.1755707561969757,
                    0.7077483534812927
                ],
                [
                    0.0,
                    0.9377583861351013,
                    0.34728845953941345,
                    1.3999645709991455
                ],
                [
                    0.0,
                    0.0,
                    0.0,
                    1.0
                ]
            ]
        },
        {
            "file_path": "/data/shapenet_blender/all_50_random/02958343/b05d651c17e9e626ca92a4cdad802b45/r_39",
            "rotation": 0.12566370614359174,
            "transform_matrix": [
                [
                    -0.8471955060958862,
                    0.28012722730636597,
                    -0.4514293968677521,
                    -1.819770336151123
                ],
                [
                    -0.5312812924385071,
                    -0.4466984272003174,
                    0.7198615074157715,
                    2.9018547534942627
                ],
                [
                    0.0,
                    0.8496994376182556,
                    0.5272672176361084,
                    2.1254823207855225
                ],
                [
                    0.0,
                    0.0,
                    0.0,
                    1.0
                ]
            ]
        },
        {
            "file_path": "/data/shapenet_blender/all_50_random/02958343/b05d651c17e9e626ca92a4cdad802b45/r_40",
            "rotation": 0.12566370614359174,
            "transform_matrix": [
                [
                    0.5092045068740845,
                    -0.7387060523033142,
                    0.44161561131477356,
                    1.7802093029022217
                ],
                [
                    0.860645592212677,
                    0.4370584785938263,
                    -0.2612836956977844,
                    -1.0532681941986084
                ],
                [
                    0.0,
                    0.5131212472915649,
                    0.8583161234855652,
                    3.4599826335906982
                ],
                [
                    0.0,
                    0.0,
                    0.0,
                    1.0
                ]
            ]
        },
        {
            "file_path": "/data/shapenet_blender/all_50_random/02958343/b05d651c17e9e626ca92a4cdad802b45/r_41",
            "rotation": 0.12566370614359174,
            "transform_matrix": [
                [
                    -0.5382694602012634,
                    -0.1682775467634201,
                    -0.8258017301559448,
                    -3.328913450241089
                ],
                [
                    -0.8427727818489075,
                    0.10747696459293365,
                    0.5274302363395691,
                    2.1261396408081055
                ],
                [
                    -7.450580152834618e-09,
