{
    "class": "02958343",
    "model": "692a66739b9ed5e14c88b7369bd6883d",
    "remove_doubles": true,
    "edge_split": true,
    "denoise": true,
    "camera_angle_x": 0.6911112070083618,
    "scale_factor": 2.2237542192731015,
    "hdri_file": "/data/IndoorHDRDataset2018/9C4A7433-b9108311d4.exr",
    "center_offset": [
        0.0,
        -9.313225746154785e-10,
        -4.6566128730773926e-09
    ],
    "lights": [],
    "frames": [
        {
            "file_path": "/data/shapenet_blender/all_50_random/02958343/692a66739b9ed5e14c88b7369bd6883d/r_0",
            "rotation": 0.12566370614359174,
            "transform_matrix": [
                [
                    0.7786332964897156,
                    0.05024049058556557,
                    0.625464677810669,
                    2.5213286876678467
                ],
                [
                    0.6274791955947876,
                    -0.06234297156333923,
                    -0.7761334776878357,
                    -3.1286940574645996
                ],
                [
                    0.0,
                    0.9967894554138184,
                    -0.08006718009710312,
                    -0.3227611184120178
                ],
                [
                    0.0,
                    0.0,
                    0.0,
                    1.0
                ]
            ]
        },
        {
            "file_path": "/data/shapenet_blender/all_50_random/02958343/692a66739b9ed5e14c88b7369bd6883d/r_1",
            "rotation": 0.12566370614359174,
            "transform_matrix": [
                [
                    0.07762105017900467,
                    0.7027032375335693,
                    -0.707236111164093,
                    -2.8509600162506104
                ],
                [
                    -0.996982991695404,
                    0.054709624499082565,
                    -0.055062536150217056,
                    -0.22196418046951294
                ],
                [
                    -3.725290742551124e-09,
                    0.7093762755393982,
                    0.7048298716545105,
                    2.8412601947784424
                ],
                [
                    0.0,
                    0.0,
                    0.0,
                    1.0
                ]
            ]
        },
        {
            "file_path": "/data/shapenet_blender/all_50_random/02958343/692a66739b9ed5e14c88b7369bd6883d/r_2",
            "rotation": 0.12566370614359174,
            "transform_matrix": [
                [
                    0.3721461594104767,
                    0.499570369720459,
                    -0.7822637557983398,
                    -3.1534063816070557
                ],
                [
                    -0.9281741976737976,
                    0.20029988884925842,
                    -0.3136442005634308,
                    -1.2643402814865112
                ],
                [
                    -1.4901161193847656e-08,
                    0.8427985310554504,
                    0.5382291078567505,
                    2.169671058654785
                ],
                [
                    0.0,
                    0.0,
                    0.0,
                    1.0
                ]
            ]
        },
        {
            "file_path": "/data/shapenet_blender/all_50_random/02958343/692a66739b9ed5e14c88b7369bd6883d/r_3",
            "rotation": 0.12566370614359174,
            "transform_matrix": [
                [
                    0.11894413083791733,
                    0.1933753937482834,
                    0.9738882184028625,
                    3.9258687496185303
                ],
                [
                    0.9929009079933167,
                    -0.023165322840213776,
                    -0.1166665181517601,
                    -0.47029775381088257
                ],
                [
                    1.8626450382086546e-09,
                    0.9808512330055237,
                    -0.19475801289081573,
                    -0.7850946187973022
                ],
                [
                    0.0,
                    0.0,
                    0.0,
                    1.0
                ]
            ]
        },
        {
            "file_path": "/data/shapenet_blender/all_50_random/02958343/692a66739b9ed5e14c88b7369bd6883d/r_4",
            "rotation": 0.12566370614359174,
            "transform_matrix": [
                [
                    0.8256554007530212,
                    -0.018666639924049377,
                    -0.5638659000396729,
                    -2.2730162143707275
                ],
                [
                    -0.5641748309135437,
                    -0.02731814794242382,
                    -0.8252032995223999,
                    -3.32650089263916
                ],
                [
                    9.313225746154785e-10,
                    0.9994525909423828,
                    -0.033086616545915604,
                    -0.13337641954421997
                ],
                [
                    0.0,
                    0.0,
                    0.0,
                    1.0
                ]
            ]
        },
        {
            "file_path": "/data/shapenet_blender/all_50_random/02958343/692a66739b9ed5e14c88b7369bd6883d/r_5",
            "rotation": 0.12566370614359174,
            "transform_matrix": [
                [
                    -0.6229469776153564,
                    -0.16739238798618317,
                    -0.7641445398330688,
                    -3.0803651809692383
                ],
                [
                    -0.7822641730308533,
                    0.1333009898662567,
                    0.6085176467895508,
                    2.4530131816864014
                ],
                [
                    0.0,
                    0.9768370389938354,
                    -0.21398450434207916,
                    -0.8625991344451904
                ],
                [
                    0.0,
                    0.0,
                    0.0,
                    1.0
                ]
            ]
        },
        {
            "file_path": "/data/shapenet_blender/all_50_random/02958343/692a66739b9ed5e14c88b7369bd6883d/r_6",
            "rotation": 0.12566370614359174,
            "transform_matrix": [
                [
                    -0.7407291531562805,
                    -0.15030106902122498,
                    -0.6547747254371643,
                    -2.63948130607605
                ],
                [
                    -0.6718037724494934,
                    0.1657215803861618,
                    0.7219529151916504,
                    2.910285234451294
                ],
                [
                    7.450580596923828e-09,
                    0.9746516346931458,
                    -0.22372768819332123,
                    -0.9018751382827759
                ],
                [
                    0.0,
                    0.0,
                    0.0,
                    1.0
                ]
            ]
        },
        {
            "file_path": "/data/shapenet_blender/all_50_random/02958343/692a66739b9ed5e14c88b7369bd6883d/r_7",
            "rotation": 0.12566370614359174,
            "transform_matrix": [
                [
                    -0.9471427202224731,
                    -0.1195068433880806,
                    0.29772260785102844,
                    1.2001582384109497
                ],
                [
                    0.320812463760376,
                    -0.35282304883003235,
                    0.8789739608764648,
                    3.543257474899292
                ],
                [
                    -7.450580152834618e-09,
                    0.9280269145965576,
                    0.372513085603714,
                    1.5016483068466187
                ],
                [
                    0.0,
                    0.0,
                    0.0,
                    1.0
                ]
            ]
        },
        {
            "file_path": "/data/shapenet_blender/all_50_random/02958343/692a66739b9ed5e14c88b7369bd6883d/r_8",
            "rotation": 0.12566370614359174,
            "transform_matrix": [
                [
                    -0.9703714847564697,
                    0.23435042798519135,
                    0.05881397798657417,
                    0.23708674311637878
                ],
                [
                    0.24161790311336517,
                    0.9411842823028564,
                    0.23620520532131195,
                    0.9521737098693848
                ],
                [
                    -3.725290298461914e-09,
                    0.2434171885251999,
                    -0.9699215888977051,
                    -3.909879207611084
                ],
                [
                    0.0,
                    0.0,
                    0.0,
                    1.0
                ]
            ]
        },
        {
            "file_path": "/data/shapenet_blender/all_50_random/02958343/692a66739b9ed5e14c88b7369bd6883d/r_9",
            "rotation": 0.12566370614359174,
            "transform_matrix": [
                [
                    0.9600844979286194,
                    -0.25188642740249634,
                    -0.12161830067634583,
                    -0.490259051322937
                ],
                [
                    -0.27971020340919495,
                    -0.8645814657211304,
                    -0.4174457788467407,
                    -1.682777762413025
                ],
                [
                    0.0,
                    0.43480101227760315,
                    -0.9005264639854431,
                    -3.630138397216797
                ],
                [
                    0.0,
                    0.0,
                    0.0,
                    1.0
                ]
            ]
        },
        {
            "file_path": "/data/shapenet_blender/all_50_random/02958343/692a66739b9ed5e14c88b7369bd6883d/r_10",
            "rotation": 0.12566370614359174,
            "transform_matrix": [
                [
                    -0.48563119769096375,
                    0.8224982023239136,
                    -0.29607275128364563,
                    -1.193507432937622
                ],
                [
                    -0.874163806438446,
                    -0.4569289982318878,
                    0.16447967290878296,
                    0.6630387902259827
                ],
                [
                    0.0,
                    0.3386925756931305,
                    0.9408970475196838,
                    3.792877435684204
                ],
                [
                    0.0,
                    0.0,
                    0.0,
                    1.0
                ]
            ]
        },
        {
            "file_path": "/data/shapenet_blender/all_50_random/02958343/692a66739b9ed5e14c88b7369bd6883d/r_11",
            "rotation": 0.12566370614359174,
            "transform_matrix": [
                [
                    -0.7388845682144165,
                    0.4301324784755707,
                    -0.5186865329742432,
                    -2.0908923149108887
                ],
                [
                    -0.6738320589065552,
                    -0.471657931804657,
                    0.5687611103057861,
                    2.2927494049072266
                ],
                [
                    1.4901161193847656e-08,
                    0.7697563767433167,
                    0.6383377313613892,
                    2.5732216835021973
                ],
                [
                    0.0,
                    0.0,
                    0.0,
                    1.0
                ]
            ]
        },
        {
            "file_path": "/data/shapenet_blender/all_50_random/02958343/692a66739b9ed5e14c88b7369bd6883d/r_12",
            "rotation": 0.12566370614359174,
            "transform_matrix": [
                [
                    0.8247450590133667,
                    -0.538877546787262,
                    0.17148375511169434,
                    0.6912731528282166
                ],
                [
                    0.5655049085617065,
                    0.7859110832214355,
                    -0.25009575486183167,
                    -1.0081682205200195
                ],
                [
                    1.4901162970204496e-08,
                    0.3032401502132416,
                    0.9529141187667847,
                    3.8413197994232178
                ],
                [
                    0.0,
                    0.0,
                    0.0,
                    1.0
                ]
            ]
        },
        {
            "file_path": "/data/shapenet_blender/all_50_random/02958343/692a66739b9ed5e14c88b7369bd6883d/r_13",
            "rotation": 0.12566370614359174,
            "transform_matrix": [
                [
                    0.04955628514289856,
                    -0.0692034363746643,
                    0.9963709712028503,
                    4.0164995193481445
                ],
                [
                    0.9987713694572449,
                    0.0034336841199547052,
                    -0.049437183886766434,
                    -0.19928765296936035
                ],
                [
                    -2.3283064365386963e-10,
                    0.9975966215133667,
                    0.06928856670856476,
                    0.2793111503124237
                ],
                [
                    0.0,
                    0.0,
                    0.0,
                    1.0
                ]
            ]
        },
        {
            "file_path": "/data/shapenet_blender/all_50_random/02958343/692a66739b9ed5e14c88b7369bd6883d/r_14",
            "rotation": 0.12566370614359174,
            "transform_matrix": [
                [
                    0.1662769317626953,
                    0.26756954193115234,
                    -0.9490829706192017,
                    -3.825875759124756
                ],
                [
                    -0.9860791563987732,
                    0.04511873424053192,
                    -0.16003848612308502,
                    -0.645135760307312
                ],
                [
                    -3.725290742551124e-09,
                    0.9624815583229065,
                    0.27134692668914795,
                    1.093834400177002
                ],
                [
                    0.0,
                    0.0,
                    0.0,
                    1.0
                ]
            ]
        },
        {
            "file_path": "/data/shapenet_blender/all_50_random/02958343/692a66739b9ed5e14c88b7369bd6883d/r_15",
            "rotation": 0.12566370614359174,
            "transform_matrix": [
                [
                    0.027774328365921974,
                    0.0640680193901062,
                    0.9975589513778687,
                    4.021288871765137
                ],
                [
                    0.9996142983436584,
                    -0.0017801328795030713,
                    -0.027717217803001404,
                    -0.11173167824745178
                ],
                [
                    1.1641533570472262e-10,
                    0.9979438781738281,
                    -0.06409275531768799,
                    -0.2583661675453186
                ],
                [
                    0.0,
                    0.0,
                    0.0,
                    1.0
                ]
            ]
        },
        {
            "file_path": "/data/shapenet_blender/all_50_random/02958343/692a66739b9ed5e14c88b7369bd6883d/r_16",
            "rotation": 0.12566370614359174,
            "transform_matrix": [
                [
                    -0.9920023679733276,
                    -0.02621845342218876,
                    0.12346623092889786,
                    0.4977082908153534
                ],
                [
                    0.12621931731700897,
                    -0.20606009662151337,
                    0.9703648090362549,
                    3.911665678024292
                ],
                [
                    0.0,
                    0.9781879782676697,
                    0.20772136747837067,
                    0.8373516201972961
                ],
                [
                    0.0,
                    0.0,
                    0.0,
                    1.0
                ]
            ]
        },
        {
            "file_path": "/data/shapenet_blender/all_50_random/02958343/692a66739b9ed5e14c88b7369bd6883d/r_17",
            "rotation": 0.12566370614359174,
            "transform_matrix": [
                [
                    0.5113096237182617,
                    0.1215759813785553,
                    0.8507536053657532,
                    3.429497718811035
                ],
                [
                    0.8593966960906982,
                    -0.07233326882123947,
                    -0.5061672925949097,
                    -2.0404257774353027
                ],
                [
                    3.725290742551124e-09,
                    0.9899429082870483,
                    -0.1414666771888733,
                    -0.5702704787254333
                ],
                [
                    0.0,
                    0.0,
                    0.0,
                    1.0
                ]
            ]
        },
        {
            "file_path": "/data/shapenet_blender/all_50_random/02958343/692a66739b9ed5e14c88b7369bd6883d/r_18",
            "rotation": 0.12566370614359174,
            "transform_matrix": [
                [
                    0.7732890248298645,
                    -0.4339562952518463,
                    -0.46228334307670593,
                    -1.8635238409042358
                ],
                [
                    -0.6340535879135132,
                    -0.5292511582374573,
                    -0.563798725605011,
                    -2.2727456092834473
                ],
                [
                    0.0,
                    0.7290918231010437,
                    -0.6844156980514526,
                    -2.7589681148529053
                ],
                [
                    0.0,
                    0.0,
                    0.0,
                    1.0
                ]
            ]
        },
        {
            "file_path": "/data/shapenet_blender/all_50_random/02958343/692a66739b9ed5e14c88b7369bd6883d/r_19",
            "rotation": 0.12566370614359174,
            "transform_matrix": [
                [
                    -0.6085161566734314,
                    0.0874660536646843,
                    0.7887064218521118,
                    3.179377317428589
                ],
                [
                    0.7935415506362915,
                    0.06707211583852768,
                    0.6048084497451782,
                    2.438060760498047
                ],
                [
                    0.0,
                    0.9939067959785461,
                    -0.11022242158651352,
                    -0.44432079792022705
                ],
                [
                    0.0,
                    0.0,
                    0.0,
                    1.0
                ]
            ]
        },
        {
            "file_path": "/data/shapenet_blender/all_50_random/02958343/692a66739b9ed5e14c88b7369bd6883d/r_20",
            "rotation": 0.12566370614359174,
            "transform_matrix": [
                [
                    0.6286664009094238,
                    -0.006432052236050367,
                    0.7776484489440918,
                    3.134801149368286
                ],
                [
                    0.7776750922203064,
                    0.005199620500206947,
                    -0.6286448836326599,
                    -2.534148693084717
                ],
                [
                    0.0,
                    0.9999657869338989,
                    0.008270872756838799,
                    0.033340953290462494
                ],
                [
                    0.0,
                    0.0,
                    0.0,
                    1.0
                ]
            ]
        },
        {
            "file_path": "/data/shapenet_blender/all_50_random/02958343/692a66739b9ed5e14c88b7369bd6883d/r_21",
            "rotation": 0.12566370614359174,
            "transform_matrix": [
                [
                    0.9750645756721497,
                    0.006285063456743956,
                    -0.2218325138092041,
                    -0.8942355513572693
                ],
                [
                    -0.22192156314849854,
                    0.027614904567599297,
                    -0.974673330783844,
                    -3.9290339946746826
                ],
                [
                    0.0,
                    0.9995987415313721,
                    0.02832110784947872,
                    0.11416604369878769
                ],
                [
                    0.0,
                    0.0,
                    0.0,
                    1.0
                ]
            ]
        },
        {
            "file_path": "/data/shapenet_blender/all_50_random/02958343/692a66739b9ed5e14c88b7369bd6883d/r_22",
            "rotation": 0.12566370614359174,
            "transform_matrix": [
                [
                    0.14052338898181915,
                    0.46431148052215576,
                    -0.8744530081748962,
                    -3.5250327587127686
                ],
                [
                    -0.9900773763656616,
                    0.0659005269408226,
                    -0.12411262840032578,
                    -0.5003139972686768
                ],
                [
                    -3.725290298461914e-09,
                    0.8832168579101562,
                    0.4689648151397705,
                    1.8904576301574707
                ],
                [
                    0.0,
                    0.0,
                    0.0,
                    1.0
                ]
            ]
        },
        {
            "file_path": "/data/shapenet_blender/all_50_random/02958343/692a66739b9ed5e14c88b7369bd6883d/r_23",
            "rotation": 0.12566370614359174,
            "transform_matrix": [
                [
                    0.31668534874916077,
                    -0.9040714502334595,
                    0.28699320554733276,
                    1.1569067239761353
                ],
                [
                    0.9485306739807129,
                    0.3018417954444885,
                    -0.09581825137138367,
                    -0.38625574111938477
                ],
                [
                    0.0,
                    0.3025660514831543,
                    0.9531283974647522,
                    3.8421835899353027
                ],
                [
                    0.0,
                    0.0,
                    0.0,
                    1.0
                ]
            ]
        },
        {
            "file_path": "/data/shapenet_blender/all_50_random/02958343/692a66739b9ed5e14c88b7369bd6883d/r_24",
            "rotation": 0.12566370614359174,
            "transform_matrix": [
                [
                    -0.9902622103691101,
                    -0.0022613683249801397,
                    -0.1391969621181488,
                    -0.5611209869384766
                ],
                [
                    -0.139215350151062,
                    0.016085490584373474,
                    0.9901313781738281,
                    3.991347551345825
                ],
                [
                    -2.3283067140944524e-10,
                    0.9998680353164673,
                    -0.016243666410446167,
                    -0.0654803216457367
                ],
                [
                    0.0,
                    0.0,
                    0.0,
                    1.0
                ]
            ]
        },
        {
            "file_path": "/data/shapenet_blender/all_50_random/02958343/692a66739b9ed5e14c88b7369bd6883d/r_25",
            "rotation": 0.12566370614359174,
            "transform_matrix": [
                [
                    -0.9961105585098267,
                    -0.06825722008943558,
                    -0.055719565600156784,
                    -0.224612757563591
                ],
                [
                    -0.08811195939779282,
                    0.7716516852378845,
                    0.629912793636322,
                    2.539259672164917
                ],
                [
                    0.0,
                    0.632372260093689,
                    -0.7746646404266357,
                    -3.1227729320526123
                ],
                [
                    0.0,
                    0.0,
                    0.0,
                    1.0
                ]
            ]
        },
        {
            "file_path": "/data/shapenet_blender/all_50_random/02958343/692a66739b9ed5e14c88b7369bd6883d/r_26",
            "rotation": 0.12566370614359174,
            "transform_matrix": [
                [
                    -0.384554386138916,
                    0.8146886229515076,
                    -0.43405112624168396,
                    -1.7497161626815796
                ],
                [
                    -0.9231023788452148,
                    -0.3393903970718384,
                    0.18082097172737122,
                    0.7289127111434937
                ],
                [
                    1.4901161193847656e-08,
                    0.47020915150642395,
                    0.8825549483299255,
                    3.5576930046081543
                ],
                [
                    0.0,
                    0.0,
                    0.0,
                    1.0
                ]
            ]
        },
        {
            "file_path": "/data/shapenet_blender/all_50_random/02958343/692a66739b9ed5e14c88b7369bd6883d/r_27",
            "rotation": 0.12566370614359174,
            "transform_matrix": [
                [
                    -0.721106767654419,
                    -0.29853546619415283,
                    0.6252052783966064,
                    2.5202829837799072
                ],
                [
                    0.6928239464759827,
                    -0.3107224404811859,
                    0.6507276892662048,
                    2.6231672763824463
                ],
                [
                    1.4901161193847656e-08,
                    0.9024012684822083,
                    0.4308966398239136,
                    1.7369998693466187
                ],
                [
                    0.0,
                    0.0,
                    0.0,
                    1.0
                ]
            ]
        },
        {
            "file_path": "/data/shapenet_blender/all_50_random/02958343/692a66739b9ed5e14c88b7369bd6883d/r_28",
            "rotation": 0.12566370614359174,
            "transform_matrix": [
                [
                    -0.2199622392654419,
                    0.2526025176048279,
                    -0.9422359466552734,
                    -3.798274517059326
                ],
                [
                    -0.9755083918571472,
                    -0.05695800855755806,
                    0.21245981752872467,
                    0.8564529418945312
                ],
                [
                    3.725290298461914e-09,
                    0.9658921360969543,
                    0.2589445114135742,
                    1.0438387393951416
                ],
                [
                    0.0,
                    0.0,
                    0.0,
                    1.0
                ]
            ]
        },
        {
            "file_path": "/data/shapenet_blender/all_50_random/02958343/692a66739b9ed5e14c88b7369bd6883d/r_29",
            "rotation": 0.12566370614359174,
            "transform_matrix": [
                [
                    0.8393571972846985,
                    -0.23361440002918243,
                    -0.4908194839954376,
                    -1.9785566329956055
                ],
                [
                    -0.5435802340507507,
                    -0.36073043942451477,
                    -0.7578878998756409,
                    -3.0551438331604004
                ],
                [
                    0.0,
                    0.9029384255409241,
                    -0.4297698736190796,
                    -1.7324577569961548
                ],
                [
                    0.0,
                    0.0,
                    0.0,
                    1.0
                ]
            ]
        },
        {
            "file_path": "/data/shapenet_blender/all_50_random/02958343/692a66739b9ed5e14c88b7369bd6883d/r_30",
            "rotation": 0.12566370614359174,
            "transform_matrix": [
                [
                    0.9601012468338013,
                    0.03361775353550911,
                    -0.27762460708618164,
                    -1.1191405057907104
                ],
                [
                    -0.27965259552001953,
                    0.11541623622179031,
                    -0.9531388282775879,
                    -3.8422250747680664
                ],
                [
                    -3.725290298461914e-09,
                    0.9927480816841125,
                    0.12021258473396301,
                    0.48459237813949585
                ],
                [
                    0.0,
                    0.0,
                    0.0,
                    1.0
                ]
            ]
        },
        {
            "file_path": "/data/shapenet_blender/all_50_random/02958343/692a66739b9ed5e14c88b7369bd6883d/r_31",
            "rotation": 0.12566370614359174,
            "transform_matrix": [
                [
                    0.7772089242935181,
                    0.31869763135910034,
                    0.5425662398338318,
                    2.1871542930603027
                ],
                [
                    0.6292425990104675,
                    -0.39363935589790344,
                    -0.670150637626648,
                    -2.701463222503662
                ],
                [
                    0.0,
                    0.8622527122497559,
                    -0.5064781904220581,
                    -2.0416786670684814
                ],
                [
                    0.0,
                    0.0,
                    0.0,
                    1.0
                ]
            ]
        },
        {
            "file_path": "/data/shapenet_blender/all_50_random/02958343/692a66739b9ed5e14c88b7369bd6883d/r_32",
            "rotation": 0.12566370614359174,
            "transform_matrix": [
                [
                    -0.6110605001449585,
                    0.24016746878623962,
                    0.7542709112167358,
                    3.0405633449554443
                ],
                [
                    0.7915839552879333,
                    0.1853964477777481,
                    0.5822568535804749,
                    2.3471524715423584
                ],
                [
                    1.4901162970204496e-08,
                    0.9528628587722778,
                    -0.3034011423587799,
                    -1.2230491638183594
                ],
                [
                    0.0,
                    0.0,
                    0.0,
                    1.0
                ]
            ]
        },
        {
            "file_path": "/data/shapenet_blender/all_50_random/02958343/692a66739b9ed5e14c88b7369bd6883d/r_33",
            "rotation": 0.12566370614359174,
            "transform_matrix": [
                [
                    0.4451950192451477,
                    0.45640790462493896,
                    0.7703850269317627,
                    3.1055216789245605
                ],
                [
                    0.8954336047172546,
                    -0.22691859304904938,
                    -0.38302290439605713,
                    -1.544014811515808
                ],
                [
                    0.0,
                    0.8603487014770508,
                    -0.5097059607505798,
                    -2.0546905994415283
                ],
                [
                    0.0,
                    0.0,
                    0.0,
                    1.0
                ]
            ]
        },
        {
            "file_path": "/data/shapenet_blender/all_50_random/02958343/692a66739b9ed5e14c88b7369bd6883d/r_34",
            "rotation": 0.12566370614359174,
            "transform_matrix": [
                [
                    0.7176820039749146,
                    0.012678964994847775,
                    0.6962554454803467,
                    2.8066956996917725
                ],
                [
                    0.6963709592819214,
                    -0.013066980056464672,
                    -0.7175629734992981,
                    -2.8925890922546387
                ],
                [
                    9.313225746154785e-10,
                    0.9998342394828796,
                    -0.01820719614624977,
                    -0.07339556515216827
                ],
                [
                    0.0,
                    0.0,
                    0.0,
                    1.0
                ]
            ]
        },
        {
            "file_path": "/data/shapenet_blender/all_50_random/02958343/692a66739b9ed5e14c88b7369bd6883d/r_35",
            "rotation": 0.12566370614359174,
            "transform_matrix": [
                [
                    0.76434326171875,
                    -0.49405431747436523,
                    -0.41435444355010986,
                    -1.6703163385391235
                ],
                [
                    -0.6448094844818115,
                    -0.5856412649154663,
                    -0.4911668002605438,
                    -1.979956865310669
                ],
                [
                    0.0,
                    0.6425997018814087,
                    -0.7662018537521362,
                    -3.0886588096618652
                ],
                [
                    0.0,
                    0.0,
                    0.0,
                    1.0
                ]
            ]
        },
        {
            "file_path": "/data/shapenet_blender/all_50_random/02958343/692a66739b9ed5e14c88b7369bd6883d/r_36",
            "rotation": 0.12566370614359174,
            "transform_matrix": [
                [
                    -0.7362097501754761,
                    -0.06865140795707703,
                    0.673262357711792,
                    2.7140073776245117
                ],
                [
                    0.6767534613609314,
                    -0.07468278706073761,
                    0.7324119210243225,
                    2.952446937561035
                ],
                [
                    0.0,
                    0.9948413968086243,
                    0.10144226253032684,
                    0.4089268445968628
                ],
                [
                    0.0,
                    0.0,
                    0.0,
                    1.0
                ]
            ]
        },
        {
            "file_path": "/data/shapenet_blender/all_50_random/02958343/692a66739b9ed5e14c88b7369bd6883d/r_37",
            "rotation": 0.12566370614359174,
            "transform_matrix": [
                [
                    0.5561931133270264,
                    0.0927630364894867,
                    -0.8258596658706665,
                    -3.3291468620300293
                ],
                [
                    -0.8310530781745911,
                    0.06208287551999092,
                    -0.552717387676239,
                    -2.2280750274658203
                ],
                [
                    0.0,
                    0.9937508702278137,
                    0.11162106692790985,
                    0.4499589204788208
                ],
                [
                    0.0,
                    0.0,
                    0.0,
                    1.0
                ]
            ]
        },
        {
            "file_path": "/data/shapenet_blender/all_50_random/02958343/692a66739b9ed5e14c88b7369bd6883d/r_38",
            "rotation": 0.12566370614359174,
            "transform_matrix": [
                [
                    0.528190016746521,
                    -0.004211097955703735,
                    -0.8491157293319702,
                    -3.4228951930999756
                ],
                [
                    -0.8491261601448059,
                    -0.0026194690726697445,
                    -0.5281834602355957,
                    -2.129175901412964
                ],
                [
                    0.0,
                    0.999987781047821,
                    -0.004959329962730408,
                    -0.01999169960618019
                ],
                [
                    0.0,
                    0.0,
                    0.0,
                    1.0
                ]
            ]
        },
        {
            "file_path": "/data/shapenet_blender/all_50_random/02958343/692a66739b9ed5e14c88b7369bd6883d/r_39",
            "rotation": 0.12566370614359174,
            "transform_matrix": [
                [
                    0.7657689452171326,
                    -0.053649675101041794,
                    0.6408740282058716,
                    2.5834460258483887
                ],
                [
                    0.643115758895874,
                    0.06388158351182938,
                    -0.7630996704101562,
                    -3.076153516769409
                ],
                [
                    3.725290298461914e-09,
                    0.9965143799781799,
                    0.08342147618532181,
                    0.33628275990486145
                ],
                [
                    0.0,
                    0.0,
                    0.0,
                    1.0
                ]
            ]
        },
        {
            "file_path": "/data/shapenet_blender/all_50_random/02958343/692a66739b9ed5e14c88b7369bd6883d/r_40",
            "rotation": 0.12566370614359174,
            "transform_matrix": [
                [
                    0.39596229791641235,
                    -0.5885500311851501,
                    0.7048565149307251,
                    2.841367483139038
                ],
                [
                    0.918266773223877,
                    0.2537863850593567,
                    -0.30393847823143005,
                    -1.225215196609497
                ],
                [
                    1.4901161193847656e-08,
                    0.7675945162773132,
                    0.6409358382225037,
                    2.5836949348449707
                ],
                [
                    0.0,
                    0.0,
                    0.0,
                    1.0
                ]
            ]
        },
        {
            "file_path": "/data/shapenet_blender/all_50_random/02958343/692a66739b9ed5e14c88b7369bd6883d/r_41",
            "rotation": 0.12566370614359174,
            "transform_matrix": [
                [
                    0.9373358488082886,
                    0.09755979478359222,
                    0.3344901204109192,
                    1.3483729362487793
                ],
                [
                    0.34842729568481445,
                    -0.26245445013046265,
