{
    "class": "02958343",
    "model": "5b1c430ced749ac3897e805df74453bf",
    "remove_doubles": true,
    "edge_split": true,
    "denoise": true,
    "camera_angle_x": 0.6911112070083618,
    "scale_factor": 2.309660705752849,
    "hdri_file": "/data/IndoorHDRDataset2018/9C4A4619-1791e2a830.exr",
    "center_offset": [
        0.0,
        0.0,
        -3.725290298461914e-09
    ],
    "lights": [],
    "frames": [
        {
            "file_path": "/data/shapenet_blender/all_50_random/02958343/5b1c430ced749ac3897e805df74453bf/r_0",
            "rotation": 0.12566370614359174,
            "transform_matrix": [
                [
                    -0.1913176327943802,
                    0.35296857357025146,
                    0.9158660769462585,
                    3.691974401473999
                ],
                [
                    0.9815281629562378,
                    0.06879997253417969,
                    0.1785188913345337,
                    0.7196327447891235
                ],
                [
                    0.0,
                    0.9331022500991821,
                    -0.3596112132072449,
                    -1.4496393203735352
                ],
                [
                    0.0,
                    0.0,
                    0.0,
                    1.0
                ]
            ]
        },
        {
            "file_path": "/data/shapenet_blender/all_50_random/02958343/5b1c430ced749ac3897e805df74453bf/r_1",
            "rotation": 0.12566370614359174,
            "transform_matrix": [
                [
                    -0.010629167780280113,
                    0.18121716380119324,
                    -0.9833856225013733,
                    -3.9641542434692383
                ],
                [
                    -0.9999436140060425,
                    -0.00192629627417773,
                    0.010453160852193832,
                    0.04213804006576538
                ],
                [
                    1.1641533570472262e-10,
                    0.983441174030304,
                    0.1812274008989334,
                    0.73055100440979
                ],
                [
                    0.0,
                    0.0,
                    0.0,
                    1.0
                ]
            ]
        },
        {
            "file_path": "/data/shapenet_blender/all_50_random/02958343/5b1c430ced749ac3897e805df74453bf/r_2",
            "rotation": 0.12566370614359174,
            "transform_matrix": [
                [
                    0.44137486815452576,
                    0.34576088190078735,
                    0.8280322551727295,
                    3.337905168533325
                ],
                [
                    0.8973228335380554,
                    -0.1700727641582489,
                    -0.4072922468185425,
                    -1.641847848892212
                ],
                [
                    0.0,
                    0.9227808713912964,
                    -0.3853249251842499,
                    -1.5532946586608887
                ],
                [
                    0.0,
                    0.0,
                    0.0,
                    1.0
                ]
            ]
        },
        {
            "file_path": "/data/shapenet_blender/all_50_random/02958343/5b1c430ced749ac3897e805df74453bf/r_3",
            "rotation": 0.12566370614359174,
            "transform_matrix": [
                [
                    -0.010840103030204773,
                    0.1872885525226593,
                    0.982245147228241,
                    3.959556818008423
                ],
                [
                    0.999941349029541,
                    0.0020303463097661734,
                    0.010648263618350029,
                    0.04292452335357666
                ],
                [
                    0.0,
                    0.9823027849197388,
                    -0.18729954957962036,
                    -0.7550286054611206
                ],
                [
                    0.0,
                    0.0,
                    0.0,
                    1.0
                ]
            ]
        },
        {
            "file_path": "/data/shapenet_blender/all_50_random/02958343/5b1c430ced749ac3897e805df74453bf/r_4",
            "rotation": 0.12566370614359174,
            "transform_matrix": [
                [
                    0.7689443230628967,
                    -0.1056230217218399,
                    -0.6305303573608398,
                    -2.5417487621307373
                ],
                [
                    -0.6393157839775085,
                    -0.12703928351402283,
                    -0.7583775520324707,
                    -3.057117223739624
                ],
                [
                    0.0,
                    0.9862579107284546,
                    -0.16521263122558594,
                    -0.665993332862854
                ],
                [
                    0.0,
                    0.0,
                    0.0,
                    1.0
                ]
            ]
        },
        {
            "file_path": "/data/shapenet_blender/all_50_random/02958343/5b1c430ced749ac3897e805df74453bf/r_5",
            "rotation": 0.12566370614359174,
            "transform_matrix": [
                [
                    -0.9831328392028809,
                    0.10807698220014572,
                    -0.14754417538642883,
                    -0.5947695970535278
                ],
                [
                    -0.18289318680763245,
                    -0.5809621810913086,
                    0.79311603307724,
                    3.197153091430664
                ],
                [
                    0.0,
                    0.8067231774330139,
                    0.5909295082092285,
                    2.382112979888916
                ],
                [
                    0.0,
                    0.0,
                    0.0,
                    1.0
                ]
            ]
        },
        {
            "file_path": "/data/shapenet_blender/all_50_random/02958343/5b1c430ced749ac3897e805df74453bf/r_6",
            "rotation": 0.12566370614359174,
            "transform_matrix": [
                [
                    -0.7115525603294373,
                    0.059981584548950195,
                    0.7000680565834045,
                    2.822064161300659
                ],
                [
                    0.7026329636573792,
                    0.060743022710084915,
                    0.7089551091194153,
                    2.857889175415039
                ],
                [
                    3.725290298461914e-09,
                    0.996349573135376,
                    -0.08536688983440399,
                    -0.3441249132156372
                ],
                [
                    0.0,
                    0.0,
                    0.0,
                    1.0
                ]
            ]
        },
        {
            "file_path": "/data/shapenet_blender/all_50_random/02958343/5b1c430ced749ac3897e805df74453bf/r_7",
            "rotation": 0.12566370614359174,
            "transform_matrix": [
                [
                    0.9500466585159302,
                    0.07640793919563293,
                    -0.3026107847690582,
                    -1.219862937927246
                ],
                [
                    -0.3121080696582794,
                    0.23258325457572937,
                    -0.9211371541023254,
                    -3.7132222652435303
                ],
                [
                    7.450580596923828e-09,
                    0.9695703983306885,
                    0.2448124885559082,
                    0.9868705868721008
                ],
                [
                    0.0,
                    0.0,
                    0.0,
                    1.0
                ]
            ]
        },
        {
            "file_path": "/data/shapenet_blender/all_50_random/02958343/5b1c430ced749ac3897e805df74453bf/r_8",
            "rotation": 0.12566370614359174,
            "transform_matrix": [
                [
                    0.48622775077819824,
                    -0.3035236597061157,
                    0.8194242119789124,
                    3.3032045364379883
                ],
                [
                    0.873832106590271,
                    0.16889013350009918,
                    -0.4559534788131714,
                    -1.8380072116851807
                ],
                [
                    0.0,
                    0.9377363920211792,
                    0.34734779596328735,
                    1.4002037048339844
                ],
                [
                    0.0,
                    0.0,
                    0.0,
                    1.0
                ]
            ]
        },
        {
            "file_path": "/data/shapenet_blender/all_50_random/02958343/5b1c430ced749ac3897e805df74453bf/r_9",
            "rotation": 0.12566370614359174,
            "transform_matrix": [
                [
                    0.195870503783226,
                    -0.4474136233329773,
                    -0.872614324092865,
                    -3.517620801925659
                ],
                [
                    -0.9806298017501831,
                    -0.08936616778373718,
                    -0.1742955446243286,
                    -0.7026078104972839
                ],
                [
                    7.450580596923828e-09,
                    0.8898509740829468,
                    -0.456251323223114,
                    -1.8392078876495361
                ],
                [
                    0.0,
                    0.0,
                    0.0,
                    1.0
                ]
            ]
        },
        {
            "file_path": "/data/shapenet_blender/all_50_random/02958343/5b1c430ced749ac3897e805df74453bf/r_10",
            "rotation": 0.12566370614359174,
            "transform_matrix": [
                [
                    0.9462584853172302,
                    0.0664149597287178,
                    0.31651875376701355,
                    1.275928020477295
                ],
                [
                    0.32341164350509644,
                    -0.1943211406469345,
                    -0.9260907769203186,
                    -3.73319149017334
                ],
                [
                    3.725290742551124e-09,
                    0.9786869287490845,
                    -0.2053573727607727,
                    -0.8278220891952515
                ],
                [
                    0.0,
                    0.0,
                    0.0,
                    1.0
                ]
            ]
        },
        {
            "file_path": "/data/shapenet_blender/all_50_random/02958343/5b1c430ced749ac3897e805df74453bf/r_11",
            "rotation": 0.12566370614359174,
            "transform_matrix": [
                [
                    0.901656448841095,
                    0.03811260685324669,
                    -0.4307703375816345,
                    -1.7364907264709473
                ],
                [
                    -0.43245306611061096,
                    0.07946406304836273,
                    -0.8981480002403259,
                    -3.6205501556396484
                ],
                [
                    0.0,
                    0.9961089491844177,
                    0.08813118934631348,
                    0.3552681803703308
                ],
                [
                    0.0,
                    0.0,
                    0.0,
                    1.0
                ]
            ]
        },
        {
            "file_path": "/data/shapenet_blender/all_50_random/02958343/5b1c430ced749ac3897e805df74453bf/r_12",
            "rotation": 0.12566370614359174,
            "transform_matrix": [
                [
                    0.8359047770500183,
                    0.12185759842395782,
                    0.5351765751838684,
                    2.1573660373687744
                ],
                [
                    0.54887455701828,
                    -0.18558217585086823,
                    -0.8150434494018555,
                    -3.285545587539673
                ],
                [
                    0.0,
                    0.9750435948371887,
                    -0.22201351821422577,
                    -0.8949651718139648
                ],
                [
                    0.0,
                    0.0,
                    0.0,
                    1.0
                ]
            ]
        },
        {
            "file_path": "/data/shapenet_blender/all_50_random/02958343/5b1c430ced749ac3897e805df74453bf/r_13",
            "rotation": 0.12566370614359174,
            "transform_matrix": [
                [
                    -0.7302625179290771,
                    0.2809102237224579,
                    0.6227408051490784,
                    2.5103485584259033
                ],
                [
                    0.6831667423248291,
                    0.3002754747867584,
                    0.6656709909439087,
                    2.683405637741089
                ],
                [
                    0.0,
                    0.9115502834320068,
                    -0.41118842363357544,
                    -1.6575535535812378
                ],
                [
                    0.0,
                    0.0,
                    0.0,
                    1.0
                ]
            ]
        },
        {
            "file_path": "/data/shapenet_blender/all_50_random/02958343/5b1c430ced749ac3897e805df74453bf/r_14",
            "rotation": 0.12566370614359174,
            "transform_matrix": [
                [
                    -0.7726044654846191,
                    0.3018636405467987,
                    0.5585343241691589,
                    2.2515242099761963
                ],
                [
                    0.6348876357078552,
                    0.36734244227409363,
                    0.6796889305114746,
                    2.7399139404296875
                ],
                [
                    0.0,
                    0.879737377166748,
                    -0.47545990347862244,
                    -1.916640281677246
                ],
                [
                    0.0,
                    0.0,
                    0.0,
                    1.0
                ]
            ]
        },
        {
            "file_path": "/data/shapenet_blender/all_50_random/02958343/5b1c430ced749ac3897e805df74453bf/r_15",
            "rotation": 0.12566370614359174,
            "transform_matrix": [
                [
                    -0.7568144798278809,
                    -0.1389298439025879,
                    0.6386942267417908,
                    2.5746588706970215
                ],
                [
                    0.653629720211029,
                    -0.16086190938949585,
                    0.7395212054252625,
                    2.981105327606201
                ],
                [
                    0.0,
                    0.9771499037742615,
                    0.2125512957572937,
                    0.8568216562271118
                ],
                [
                    0.0,
                    0.0,
                    0.0,
                    1.0
                ]
            ]
        },
        {
            "file_path": "/data/shapenet_blender/all_50_random/02958343/5b1c430ced749ac3897e805df74453bf/r_16",
            "rotation": 0.12566370614359174,
            "transform_matrix": [
                [
                    -0.3504982888698578,
                    -0.19540157914161682,
                    -0.9159525632858276,
                    -3.6923229694366455
                ],
                [
                    -0.9365633130073547,
                    0.07312685251235962,
                    0.34278497099876404,
                    1.3818104267120361
                ],
                [
                    7.450580152834618e-09,
                    0.9779931902885437,
                    -0.2086368054151535,
                    -0.8410418629646301
                ],
                [
                    0.0,
                    0.0,
                    0.0,
                    1.0
                ]
            ]
        },
        {
            "file_path": "/data/shapenet_blender/all_50_random/02958343/5b1c430ced749ac3897e805df74453bf/r_17",
            "rotation": 0.12566370614359174,
            "transform_matrix": [
                [
                    -0.03612898662686348,
                    -0.6164247989654541,
                    -0.7865843176841736,
                    -3.170823097229004
                ],
                [
                    -0.9993471503257751,
                    0.022285353392362595,
                    0.028437061235308647,
                    0.1146334707736969
                ],
                [
                    0.0,
                    0.7870982885360718,
                    -0.6168274879455566,
                    -2.486511468887329
                ],
                [
                    0.0,
                    0.0,
                    0.0,
                    1.0
                ]
            ]
        },
        {
            "file_path": "/data/shapenet_blender/all_50_random/02958343/5b1c430ced749ac3897e805df74453bf/r_18",
            "rotation": 0.12566370614359174,
            "transform_matrix": [
                [
                    0.13158665597438812,
                    -0.13014622032642365,
                    0.982724130153656,
                    3.9614880084991455
                ],
                [
                    0.9913047552108765,
                    0.017275724560022354,
                    -0.130447655916214,
                    -0.5258513689041138
                ],
                [
                    -1.862645371275562e-09,
                    0.9913442730903625,
                    0.13128779828548431,
                    0.5292381048202515
                ],
                [
                    0.0,
                    0.0,
                    0.0,
                    1.0
                ]
            ]
        },
        {
            "file_path": "/data/shapenet_blender/all_50_random/02958343/5b1c430ced749ac3897e805df74453bf/r_19",
            "rotation": 0.12566370614359174,
            "transform_matrix": [
                [
                    -0.8791821002960205,
                    -0.3687942922115326,
                    -0.3017113506793976,
                    -1.2162373065948486
                ],
                [
                    -0.47648608684539795,
                    0.6804759502410889,
                    0.556698739528656,
                    2.244124412536621
                ],
                [
                    0.0,
                    0.6332008242607117,
                    -0.7739876508712769,
                    -3.120043992996216
                ],
                [
                    0.0,
                    0.0,
                    0.0,
                    1.0
                ]
            ]
        },
        {
            "file_path": "/data/shapenet_blender/all_50_random/02958343/5b1c430ced749ac3897e805df74453bf/r_20",
            "rotation": 0.12566370614359174,
            "transform_matrix": [
                [
                    -0.9778438210487366,
                    0.04751907289028168,
                    -0.2038707584142685,
                    -0.8218293190002441
                ],
                [
                    -0.20933547616004944,
                    -0.22197014093399048,
                    0.9523170590400696,
                    3.8389129638671875
                ],
                [
                    3.725290076417309e-09,
                    0.9738948941230774,
                    0.22699955105781555,
                    0.9150644540786743
                ],
                [
                    0.0,
                    0.0,
                    0.0,
                    1.0
                ]
            ]
        },
        {
            "file_path": "/data/shapenet_blender/all_50_random/02958343/5b1c430ced749ac3897e805df74453bf/r_21",
            "rotation": 0.12566370614359174,
            "transform_matrix": [
                [
                    0.9722344875335693,
                    -0.07884883880615234,
                    -0.22032485902309418,
                    -0.888157844543457
                ],
                [
                    -0.23400895297527313,
                    -0.3275924623012543,
                    -0.9153813719749451,
                    -3.6900200843811035
                ],
                [
                    -7.450580596923828e-09,
                    0.9415231943130493,
                    -0.3369479775428772,
                    -1.3582806587219238
                ],
                [
                    0.0,
                    0.0,
                    0.0,
                    1.0
                ]
            ]
        },
        {
            "file_path": "/data/shapenet_blender/all_50_random/02958343/5b1c430ced749ac3897e805df74453bf/r_22",
            "rotation": 0.12566370614359174,
            "transform_matrix": [
                [
                    -0.7038150429725647,
                    -0.2741304337978363,
                    -0.6553600430488586,
                    -2.641841173171997
                ],
                [
                    -0.7103832960128784,
                    0.2715958058834076,
                    0.6493005752563477,
                    2.6174144744873047
                ],
                [
                    -1.4901162970204496e-08,
                    0.9225443005561829,
                    -0.3858908712863922,
                    -1.555575966835022
                ],
                [
                    0.0,
                    0.0,
                    0.0,
                    1.0
                ]
            ]
        },
        {
            "file_path": "/data/shapenet_blender/all_50_random/02958343/5b1c430ced749ac3897e805df74453bf/r_23",
            "rotation": 0.12566370614359174,
            "transform_matrix": [
                [
                    0.9079578518867493,
                    -0.35257673263549805,
                    0.22649967670440674,
                    0.9130494594573975
                ],
                [
                    0.4190613925457001,
                    0.763909101486206,
                    -0.4907447099685669,
                    -1.978255271911621
                ],
                [
                    0.0,
                    0.5404929518699646,
                    0.8413485288619995,
                    3.391584634780884
                ],
                [
                    0.0,
                    0.0,
                    0.0,
                    1.0
                ]
            ]
        },
        {
            "file_path": "/data/shapenet_blender/all_50_random/02958343/5b1c430ced749ac3897e805df74453bf/r_24",
            "rotation": 0.12566370614359174,
            "transform_matrix": [
                [
                    -0.20166268944740295,
                    -0.011428071185946465,
                    0.9793883562088013,
                    3.94804048538208
                ],
                [
                    0.9794549942016602,
                    -0.0023529573809355497,
                    0.20164898037910461,
                    0.8128730058670044
                ],
                [
                    2.3283061589829401e-10,
                    0.9999318718910217,
                    0.011667786166071892,
                    0.04703434929251671
                ],
                [
                    0.0,
                    0.0,
                    0.0,
                    1.0
                ]
            ]
        },
        {
            "file_path": "/data/shapenet_blender/all_50_random/02958343/5b1c430ced749ac3897e805df74453bf/r_25",
            "rotation": 0.12566370614359174,
            "transform_matrix": [
                [
                    -0.10750211030244827,
                    0.19407986104488373,
                    -0.9750775694847107,
                    -3.9306633472442627
                ],
                [
                    -0.9942049384117126,
                    -0.02098560519516468,
                    0.105433888733387,
                    0.4250175952911377
                ],
                [
                    1.862645371275562e-09,
                    0.9807611703872681,
                    0.19521115720272064,
                    0.7869213223457336
                ],
                [
                    0.0,
                    0.0,
                    0.0,
                    1.0
                ]
            ]
        },
        {
            "file_path": "/data/shapenet_blender/all_50_random/02958343/5b1c430ced749ac3897e805df74453bf/r_26",
            "rotation": 0.12566370614359174,
            "transform_matrix": [
                [
                    0.557109534740448,
                    -0.14345334470272064,
                    -0.8179548382759094,
                    -3.297281265258789
                ],
                [
                    -0.830439031124115,
                    -0.09623732417821884,
                    -0.5487343668937683,
                    -2.2120189666748047
                ],
                [
                    0.0,
                    0.9849668145179749,
                    -0.17274397611618042,
                    -0.6963531970977783
                ],
                [
                    0.0,
                    0.0,
                    0.0,
                    1.0
                ]
            ]
        },
        {
            "file_path": "/data/shapenet_blender/all_50_random/02958343/5b1c430ced749ac3897e805df74453bf/r_27",
            "rotation": 0.12566370614359174,
            "transform_matrix": [
                [
                    0.812657356262207,
                    0.010663957335054874,
                    -0.5826443433761597,
                    -2.348714590072632
                ],
                [
                    -0.582741916179657,
                    0.014871322549879551,
                    -0.81252121925354,
                    -3.2753777503967285
                ],
                [
                    0.0,
                    0.9998325109481812,
                    0.01829962618649006,
                    0.07376815378665924
                ],
                [
                    0.0,
                    0.0,
                    0.0,
                    1.0
                ]
            ]
        },
        {
            "file_path": "/data/shapenet_blender/all_50_random/02958343/5b1c430ced749ac3897e805df74453bf/r_28",
            "rotation": 0.12566370614359174,
            "transform_matrix": [
                [
                    0.44772496819496155,
                    0.03287622705101967,
                    0.8935666680335999,
                    3.6020827293395996
                ],
                [
                    0.8941712975502014,
                    -0.01646162010729313,
                    -0.44742220640182495,
                    -1.8036167621612549
                ],
                [
                    1.8626450382086546e-09,
                    0.9993239045143127,
                    -0.03676725551486015,
                    -0.14821356534957886
                ],
                [
                    0.0,
                    0.0,
                    0.0,
                    1.0
                ]
            ]
        },
        {
            "file_path": "/data/shapenet_blender/all_50_random/02958343/5b1c430ced749ac3897e805df74453bf/r_29",
            "rotation": 0.12566370614359174,
            "transform_matrix": [
                [
                    0.7434366941452026,
                    0.02843371592462063,
                    0.6682016253471375,
                    2.6936068534851074
                ],
                [
                    0.6688063144683838,
                    -0.031606562435626984,
                    -0.7427645325660706,
                    -2.9941794872283936
                ],
                [
                    1.862645149230957e-09,
                    0.9990957975387573,
                    -0.0425141304731369,
                    -0.1713799387216568
                ],
                [
                    0.0,
                    0.0,
                    0.0,
                    1.0
                ]
            ]
        },
        {
            "file_path": "/data/shapenet_blender/all_50_random/02958343/5b1c430ced749ac3897e805df74453bf/r_30",
            "rotation": 0.12566370614359174,
            "transform_matrix": [
                [
                    0.043660782277584076,
                    -0.5526009202003479,
                    -0.8323015570640564,
                    -3.3551149368286133
                ],
                [
                    -0.9990463852882385,
                    -0.024150019511580467,
                    -0.036373622715473175,
                    -0.1466267704963684
                ],
                [
                    0.0,
                    0.8330960273742676,
                    -0.5531283617019653,
                    -2.229731798171997
                ],
                [
                    0.0,
                    0.0,
                    0.0,
                    1.0
                ]
            ]
        },
        {
            "file_path": "/data/shapenet_blender/all_50_random/02958343/5b1c430ced749ac3897e805df74453bf/r_31",
            "rotation": 0.12566370614359174,
            "transform_matrix": [
                [
                    -0.8971502780914307,
                    0.2517681121826172,
                    -0.3629520833492279,
                    -1.463106632232666
                ],
                [
                    -0.4417255222797394,
                    -0.511344313621521,
                    0.7371604442596436,
                    2.971588611602783
                ],
                [
                    1.4901161193847656e-08,
                    0.821668803691864,
                    0.569965124130249,
                    2.297602891921997
                ],
                [
                    0.0,
                    0.0,
                    0.0,
                    1.0
                ]
            ]
        },
        {
            "file_path": "/data/shapenet_blender/all_50_random/02958343/5b1c430ced749ac3897e805df74453bf/r_32",
            "rotation": 0.12566370614359174,
            "transform_matrix": [
                [
                    0.8525854349136353,
                    0.02231823094189167,
                    0.522111177444458,
                    2.1046974658966064
                ],
                [
                    0.5225880146026611,
                    -0.03641147166490555,
                    -0.8518074750900269,
                    -3.433745861053467
                ],
                [
                    0.0,
                    0.9990875124931335,
                    -0.042707134038209915,
                    -0.17215795814990997
                ],
                [
                    0.0,
                    0.0,
                    0.0,
                    1.0
                ]
            ]
        },
        {
            "file_path": "/data/shapenet_blender/all_50_random/02958343/5b1c430ced749ac3897e805df74453bf/r_33",
            "rotation": 0.12566370614359174,
            "transform_matrix": [
                [
                    0.6297014355659485,
                    0.3520214557647705,
                    -0.6925005316734314,
                    -2.7915589809417725
                ],
                [
                    -0.7768373489379883,
                    0.2853472828865051,
                    -0.5613383650779724,
                    -2.2628273963928223
                ],
                [
                    0.0,
                    0.8914358615875244,
                    0.45314693450927734,
                    1.8266937732696533
                ],
                [
                    0.0,
                    0.0,
                    0.0,
                    1.0
                ]
            ]
        },
        {
            "file_path": "/data/shapenet_blender/all_50_random/02958343/5b1c430ced749ac3897e805df74453bf/r_34",
            "rotation": 0.12566370614359174,
            "transform_matrix": [
                [
                    0.21420453488826752,
                    -0.3124197721481323,
                    0.925478458404541,
                    3.7307229042053223
                ],
                [
                    0.9767888188362122,
                    0.0685119703412056,
                    -0.20295244455337524,
                    -0.818127453327179
                ],
                [
                    0.0,
                    0.9474703669548035,
                    0.31984367966651917,
                    1.289331078529358
                ],
                [
                    0.0,
                    0.0,
                    0.0,
                    1.0
                ]
            ]
        },
        {
            "file_path": "/data/shapenet_blender/all_50_random/02958343/5b1c430ced749ac3897e805df74453bf/r_35",
            "rotation": 0.12566370614359174,
            "transform_matrix": [
                [
                    -0.11838055402040482,
                    -0.693265974521637,
                    0.7108926177024841,
                    2.8656997680664062
                ],
                [
                    0.9929683804512024,
                    -0.08265037834644318,
                    0.08475180715322495,
                    0.3416454493999481
                ],
                [
                    0.0,
                    0.7159267663955688,
                    0.698175311088562,
                    2.814434766769409
                ],
                [
                    0.0,
                    0.0,
                    0.0,
                    1.0
                ]
            ]
        },
        {
            "file_path": "/data/shapenet_blender/all_50_random/02958343/5b1c430ced749ac3897e805df74453bf/r_36",
            "rotation": 0.12566370614359174,
            "transform_matrix": [
                [
                    0.7195405960083008,
                    -0.24315334856510162,
                    0.6504904627799988,
                    2.6222105026245117
                ],
                [
                    0.6944503784179688,
                    0.2519383728504181,
                    -0.673992395401001,
                    -2.716949939727783
                ],
                [
                    0.0,
                    0.9366981387138367,
                    0.3501379191875458,
                    1.411450982093811
                ],
                [
                    0.0,
                    0.0,
                    0.0,
                    1.0
                ]
            ]
        },
        {
            "file_path": "/data/shapenet_blender/all_50_random/02958343/5b1c430ced749ac3897e805df74453bf/r_37",
            "rotation": 0.12566370614359174,
            "transform_matrix": [
                [
                    -0.8513517379760742,
                    0.09774143993854523,
                    -0.5154094099998474,
                    -2.07768177986145
                ],
                [
                    -0.5245953798294067,
                    -0.15862195193767548,
                    0.836444079875946,
                    3.371814012527466
                ],
                [
                    7.450582373280668e-09,
                    0.9824894666671753,
                    0.1863177865743637,
                    0.751071035861969
                ],
                [
                    0.0,
                    0.0,
                    0.0,
                    1.0
                ]
            ]
        },
        {
            "file_path": "/data/shapenet_blender/all_50_random/02958343/5b1c430ced749ac3897e805df74453bf/r_38",
            "rotation": 0.12566370614359174,
            "transform_matrix": [
                [
                    0.08064042776823044,
                    0.2542843222618103,
                    -0.9637616872787476,
                    -3.885047674179077
                ],
                [
                    -0.9967432618141174,
                    0.020572597160935402,
                    -0.07797209173440933,
                    -0.3143155574798584
                ],
                [
                    0.0,
                    0.9669106006622314,
                    0.25511521100997925,
                    1.028402328491211
                ],
                [
                    0.0,
                    0.0,
                    0.0,
                    1.0
                ]
            ]
        },
        {
            "file_path": "/data/shapenet_blender/all_50_random/02958343/5b1c430ced749ac3897e805df74453bf/r_39",
            "rotation": 0.12566370614359174,
            "transform_matrix": [
                [
                    -0.3155059814453125,
                    -0.12138388305902481,
                    0.9411280155181885,
                    3.7938082218170166
                ],
                [
                    0.9489235281944275,
                    -0.04035872220993042,
                    0.31291404366493225,
                    1.261396884918213
                ],
                [
                    3.7252896323280993e-09,
                    0.9917848706245422,
                    0.12791743874549866,
                    0.5156517028808594
                ],
                [
                    0.0,
                    0.0,
                    0.0,
                    1.0
                ]
            ]
        },
        {
            "file_path": "/data/shapenet_blender/all_50_random/02958343/5b1c430ced749ac3897e805df74453bf/r_40",
            "rotation": 0.12566370614359174,
            "transform_matrix": [
                [
                    -0.9983835220336914,
                    0.002621887717396021,
                    0.0567762553691864,
                    0.2288724184036255
                ],
                [
                    0.05683676898479462,
                    0.046055570244789124,
                    0.9973205924034119,
                    4.020328044891357
                ],
                [
                    -2.3283064365386963e-10,
                    0.9989354014396667,
                    -0.04613013565540314,
                    -0.18595653772354126
                ],
                [
                    0.0,
                    0.0,
                    0.0,
                    1.0
                ]
            ]
        },
        {
            "file_path": "/data/shapenet_blender/all_50_random/02958343/5b1c430ced749ac3897e805df74453bf/r_41",
            "rotation": 0.12566370614359174,
            "transform_matrix": [
                [
                    0.8749183416366577,
                    -0.07082460820674896,
                    -0.47906333208084106,
                    -1.9311660528182983
                ],
                [
                    -0.4842703640460968,
                    -0.12795692682266235,
                    -0.8655109405517578,
                    -3.4889862537384033
                ],
                [
                    0.0,
                    0.9892476797103882,
