{
    "class": "02958343",
    "model": "107a17c6f2dd9c488924120dfad0e290",
    "remove_doubles": true,
    "edge_split": true,
    "denoise": true,
    "camera_angle_x": 0.6911112070083618,
    "scale_factor": 2.272213557425033,
    "hdri_file": "/data/IndoorHDRDataset2018/9C4A6864-533a74ab58.exr",
    "center_offset": [
        0.0,
        -1.6298145055770874e-09,
        -3.725290298461914e-09
    ],
    "lights": [],
    "frames": [
        {
            "file_path": "/data/shapenet_blender/all_50_random/02958343/107a17c6f2dd9c488924120dfad0e290/r_0",
            "rotation": 0.12566370614359174,
            "transform_matrix": [
                [
                    -0.49940821528434753,
                    0.06815356761217117,
                    0.8636819124221802,
                    3.4816131591796875
                ],
                [
                    0.8663668036460876,
                    0.03928642347455025,
                    0.49786055088043213,
                    2.0069401264190674
                ],
                [
                    0.0,
                    0.9969009757041931,
                    -0.07866594940423965,
                    -0.31711259484291077
                ],
                [
                    0.0,
                    0.0,
                    0.0,
                    1.0
                ]
            ]
        },
        {
            "file_path": "/data/shapenet_blender/all_50_random/02958343/107a17c6f2dd9c488924120dfad0e290/r_1",
            "rotation": 0.12566370614359174,
            "transform_matrix": [
                [
                    -0.6877046227455139,
                    0.46129491925239563,
                    -0.56059730052948,
                    -2.2598400115966797
                ],
                [
                    -0.7259905934333801,
                    -0.43696796894073486,
                    0.5310335159301758,
                    2.140664577484131
                ],
                [
                    0.0,
                    0.7721825838088989,
                    0.635400652885437,
                    2.5613820552825928
                ],
                [
                    0.0,
                    0.0,
                    0.0,
                    1.0
                ]
            ]
        },
        {
            "file_path": "/data/shapenet_blender/all_50_random/02958343/107a17c6f2dd9c488924120dfad0e290/r_2",
            "rotation": 0.12566370614359174,
            "transform_matrix": [
                [
                    0.05913076549768448,
                    -0.5599892139434814,
                    -0.8263869881629944,
                    -3.331272840499878
                ],
                [
                    -0.9982502460479736,
                    -0.03317062929272652,
                    -0.048950545489788055,
                    -0.19732597470283508
                ],
                [
                    1.862645371275562e-09,
                    0.8278356194496155,
                    -0.560970664024353,
                    -2.261345386505127
                ],
                [
                    0.0,
                    0.0,
                    0.0,
                    1.0
                ]
            ]
        },
        {
            "file_path": "/data/shapenet_blender/all_50_random/02958343/107a17c6f2dd9c488924120dfad0e290/r_3",
            "rotation": 0.12566370614359174,
            "transform_matrix": [
                [
                    -0.23957298696041107,
                    0.47816458344459534,
                    -0.8449634909629822,
                    -3.4061570167541504
                ],
                [
                    -0.9708783030509949,
                    -0.11799142509698868,
                    0.2085023671388626,
                    0.840499997138977
                ],
                [
                    0.0,
                    0.8703082799911499,
                    0.4925071895122528,
                    1.9853601455688477
                ],
                [
                    0.0,
                    0.0,
                    0.0,
                    1.0
                ]
            ]
        },
        {
            "file_path": "/data/shapenet_blender/all_50_random/02958343/107a17c6f2dd9c488924120dfad0e290/r_4",
            "rotation": 0.12566370614359174,
            "transform_matrix": [
                [
                    0.8625575304031372,
                    -0.011248359456658363,
                    0.5058339834213257,
                    2.0390820503234863
                ],
                [
                    0.5059590339660645,
                    0.019176172092556953,
                    -0.8623443245887756,
                    -3.4762210845947266
                ],
                [
                    -9.313225746154785e-10,
                    0.9997528195381165,
                    0.02223176136612892,
                    0.08961910009384155
                ],
                [
                    0.0,
                    0.0,
                    0.0,
                    1.0
                ]
            ]
        },
        {
            "file_path": "/data/shapenet_blender/all_50_random/02958343/107a17c6f2dd9c488924120dfad0e290/r_5",
            "rotation": 0.12566370614359174,
            "transform_matrix": [
                [
                    -0.9954048991203308,
                    0.06496351212263107,
                    -0.07034727931022644,
                    -0.2835789620876312
                ],
                [
                    -0.09575487673282623,
                    -0.6753180623054504,
                    0.7312842011451721,
                    2.9479010105133057
                ],
                [
                    3.725290076417309e-09,
                    0.7346600294113159,
                    0.6784354448318481,
                    2.73486065864563
                ],
                [
                    0.0,
                    0.0,
                    0.0,
                    1.0
                ]
            ]
        },
        {
            "file_path": "/data/shapenet_blender/all_50_random/02958343/107a17c6f2dd9c488924120dfad0e290/r_6",
            "rotation": 0.12566370614359174,
            "transform_matrix": [
                [
                    0.947527289390564,
                    0.005748217925429344,
                    -0.31962329149246216,
                    -1.288442850112915
                ],
                [
                    -0.3196749985218048,
                    0.017037905752658844,
                    -0.9473739862442017,
                    -3.8189868927001953
                ],
                [
                    0.0,
                    0.9998383522033691,
                    0.01798143982887268,
                    0.07248550653457642
                ],
                [
                    0.0,
                    0.0,
                    0.0,
                    1.0
                ]
            ]
        },
        {
            "file_path": "/data/shapenet_blender/all_50_random/02958343/107a17c6f2dd9c488924120dfad0e290/r_7",
            "rotation": 0.12566370614359174,
            "transform_matrix": [
                [
                    -0.9755618572235107,
                    0.13595226407051086,
                    -0.17261545360088348,
                    -0.6958352327346802
                ],
                [
                    -0.219725102186203,
                    -0.6036171317100525,
                    0.7663987874984741,
                    3.0894525051116943
                ],
                [
                    0.0,
                    0.7855973839759827,
                    0.6187378764152527,
                    2.4942123889923096
                ],
                [
                    0.0,
                    0.0,
                    0.0,
                    1.0
                ]
            ]
        },
        {
            "file_path": "/data/shapenet_blender/all_50_random/02958343/107a17c6f2dd9c488924120dfad0e290/r_8",
            "rotation": 0.12566370614359174,
            "transform_matrix": [
                [
                    -0.1227232813835144,
                    -0.9395242929458618,
                    0.3197389245033264,
                    1.2889087200164795
                ],
                [
                    0.9924409985542297,
                    -0.11617971211671829,
                    0.03953827917575836,
                    0.1593838781118393
                ],
                [
                    0.0,
                    0.32217442989349365,
                    0.9466804265975952,
                    3.816190481185913
                ],
                [
                    0.0,
                    0.0,
                    0.0,
                    1.0
                ]
            ]
        },
        {
            "file_path": "/data/shapenet_blender/all_50_random/02958343/107a17c6f2dd9c488924120dfad0e290/r_9",
            "rotation": 0.12566370614359174,
            "transform_matrix": [
                [
                    0.22476699948310852,
                    -0.33294668793678284,
                    0.9157654047012329,
                    3.691568374633789
                ],
                [
                    0.9744126200675964,
                    0.07680056244134903,
                    -0.21123890578746796,
                    -0.8515312671661377
                ],
                [
                    -7.450580596923828e-09,
                    0.9398127794265747,
                    0.3416896462440491,
                    1.3773950338363647
                ],
                [
                    0.0,
                    0.0,
                    0.0,
                    1.0
                ]
            ]
        },
        {
            "file_path": "/data/shapenet_blender/all_50_random/02958343/107a17c6f2dd9c488924120dfad0e290/r_10",
            "rotation": 0.12566370614359174,
            "transform_matrix": [
                [
                    -0.9899458289146423,
                    0.07663804292678833,
                    0.11888531595468521,
                    0.4792419970035553
                ],
                [
                    0.14144647121429443,
                    0.5363690257072449,
                    0.8320463299751282,
                    3.354085922241211
                ],
                [
                    0.0,
                    0.8404967784881592,
                    -0.5418164730072021,
                    -2.1841320991516113
                ],
                [
                    0.0,
                    0.0,
                    0.0,
                    1.0
                ]
            ]
        },
        {
            "file_path": "/data/shapenet_blender/all_50_random/02958343/107a17c6f2dd9c488924120dfad0e290/r_11",
            "rotation": 0.12566370614359174,
            "transform_matrix": [
                [
                    -0.6510419249534607,
                    0.5913337469100952,
                    -0.4758874177932739,
                    -1.9183635711669922
                ],
                [
                    -0.7590417265892029,
                    -0.5071961283683777,
                    0.4081760048866272,
                    1.6454100608825684
                ],
                [
                    0.0,
                    0.6269581317901611,
                    0.7790530323982239,
                    3.14046311378479
                ],
                [
                    0.0,
                    0.0,
                    0.0,
                    1.0
                ]
            ]
        },
        {
            "file_path": "/data/shapenet_blender/all_50_random/02958343/107a17c6f2dd9c488924120dfad0e290/r_12",
            "rotation": 0.12566370614359174,
            "transform_matrix": [
                [
                    -0.799471914768219,
                    -0.3118359446525574,
                    0.5134227871894836,
                    2.069673538208008
                ],
                [
                    0.6007034182548523,
                    -0.4150201976299286,
                    0.6833107471466064,
                    2.754513740539551
                ],
                [
                    -2.9802322387695312e-08,
                    0.8547025918960571,
                    0.5191178917884827,
                    2.0926311016082764
                ],
                [
                    0.0,
                    0.0,
                    0.0,
                    1.0
                ]
            ]
        },
        {
            "file_path": "/data/shapenet_blender/all_50_random/02958343/107a17c6f2dd9c488924120dfad0e290/r_13",
            "rotation": 0.12566370614359174,
            "transform_matrix": [
                [
                    0.7847180366516113,
                    -0.06646301597356796,
                    0.6162793636322021,
                    2.4843015670776367
                ],
                [
                    0.6198529601097107,
                    0.08414049446582794,
                    -0.7801939845085144,
                    -3.1450626850128174
                ],
                [
                    0.0,
                    0.9942348003387451,
                    0.10722386837005615,
                    0.4322332441806793
                ],
                [
                    0.0,
                    0.0,
                    0.0,
                    1.0
                ]
            ]
        },
        {
            "file_path": "/data/shapenet_blender/all_50_random/02958343/107a17c6f2dd9c488924120dfad0e290/r_14",
            "rotation": 0.12566370614359174,
            "transform_matrix": [
                [
                    0.9354779720306396,
                    0.06588829308748245,
                    -0.34718838334083557,
                    -1.3995611667633057
                ],
                [
                    -0.35338515043258667,
                    0.1744188815355301,
                    -0.9190739393234253,
                    -3.7049055099487305
                ],
                [
                    -3.725290742551124e-09,
                    0.9824645519256592,
                    0.18644897639751434,
                    0.7515998482704163
                ],
                [
                    0.0,
                    0.0,
                    0.0,
                    1.0
                ]
            ]
        },
        {
            "file_path": "/data/shapenet_blender/all_50_random/02958343/107a17c6f2dd9c488924120dfad0e290/r_15",
            "rotation": 0.12566370614359174,
            "transform_matrix": [
                [
                    -0.33362698554992676,
                    0.44596603512763977,
                    -0.8305464386940002,
                    -3.3480398654937744
                ],
                [
                    -0.9427052140235901,
                    -0.15782907605171204,
                    0.29393354058265686,
                    1.184883952140808
                ],
                [
                    0.0,
                    0.8810245990753174,
                    0.47307050228118896,
                    1.907008171081543
                ],
                [
                    0.0,
                    0.0,
                    0.0,
                    1.0
                ]
            ]
        },
        {
            "file_path": "/data/shapenet_blender/all_50_random/02958343/107a17c6f2dd9c488924120dfad0e290/r_16",
            "rotation": 0.12566370614359174,
            "transform_matrix": [
                [
                    -0.8502016663551331,
                    -0.2708462178707123,
                    0.4514414072036743,
                    1.8198184967041016
                ],
                [
                    0.5264570116996765,
                    -0.4374030828475952,
                    0.7290552258491516,
                    2.938915729522705
                ],
                [
                    1.4901160305669237e-08,
                    0.8575085997581482,
                    0.5144696831703186,
                    2.0738935470581055
                ],
                [
                    0.0,
                    0.0,
                    0.0,
                    1.0
                ]
            ]
        },
        {
            "file_path": "/data/shapenet_blender/all_50_random/02958343/107a17c6f2dd9c488924120dfad0e290/r_17",
            "rotation": 0.12566370614359174,
            "transform_matrix": [
                [
                    0.9053910970687866,
                    0.344378799200058,
                    0.24833492934703827,
                    1.0010701417922974
                ],
                [
                    0.42457860708236694,
                    -0.7343692779541016,
                    -0.529560923576355,
                    -2.13472843170166
                ],
                [
                    -1.4901161193847656e-08,
                    0.5848973393440247,
                    -0.8111072182655334,
                    -3.2696778774261475
                ],
                [
                    0.0,
                    0.0,
                    0.0,
                    1.0
                ]
            ]
        },
        {
            "file_path": "/data/shapenet_blender/all_50_random/02958343/107a17c6f2dd9c488924120dfad0e290/r_18",
            "rotation": 0.12566370614359174,
            "transform_matrix": [
                [
                    0.01933647133409977,
                    0.1995081901550293,
                    0.9797053933143616,
                    3.9493184089660645
                ],
                [
                    0.9998130798339844,
                    -0.0038585057482123375,
                    -0.01894758641719818,
                    -0.0763801634311676
                ],
                [
                    2.3283061589829401e-10,
                    0.9798886179924011,
                    -0.1995455026626587,
                    -0.8043935894966125
                ],
                [
                    0.0,
                    0.0,
                    0.0,
                    1.0
                ]
            ]
        },
        {
            "file_path": "/data/shapenet_blender/all_50_random/02958343/107a17c6f2dd9c488924120dfad0e290/r_19",
            "rotation": 0.12566370614359174,
            "transform_matrix": [
                [
                    -0.9999987483024597,
                    -0.0011628306237980723,
                    -0.0010723537998273969,
                    -0.004322797060012817
                ],
                [
                    -0.001581808552145958,
                    0.7351264357566833,
                    0.67792809009552,
                    2.732815742492676
                ],
                [
                    1.1641532182693481e-10,
                    0.6779288649559021,
                    -0.735127329826355,
                    -2.963393211364746
                ],
                [
                    0.0,
                    0.0,
                    0.0,
                    1.0
                ]
            ]
        },
        {
            "file_path": "/data/shapenet_blender/all_50_random/02958343/107a17c6f2dd9c488924120dfad0e290/r_20",
            "rotation": 0.12566370614359174,
            "transform_matrix": [
                [
                    0.11900870501995087,
                    -0.26889464259147644,
                    -0.9557889699935913,
                    -3.8529086112976074
                ],
                [
                    -0.9928932189941406,
                    -0.03222985193133354,
                    -0.11456137150526047,
                    -0.4618116617202759
                ],
                [
                    1.862645149230957e-09,
                    0.9626301527023315,
                    -0.2708193063735962,
                    -1.0917075872421265
                ],
                [
                    0.0,
                    0.0,
                    0.0,
                    1.0
                ]
            ]
        },
        {
            "file_path": "/data/shapenet_blender/all_50_random/02958343/107a17c6f2dd9c488924120dfad0e290/r_21",
            "rotation": 0.12566370614359174,
            "transform_matrix": [
                [
                    -0.06871834397315979,
                    0.3356308341026306,
                    -0.9394837617874146,
                    -3.787180185317993
                ],
                [
                    -0.997636079788208,
                    -0.023118648678064346,
                    0.06471274793148041,
                    0.2608654201030731
                ],
                [
                    -1.8626450382086546e-09,
                    0.9417098164558411,
                    0.33642613887786865,
                    1.3561770915985107
                ],
                [
                    0.0,
                    0.0,
                    0.0,
                    1.0
                ]
            ]
        },
        {
            "file_path": "/data/shapenet_blender/all_50_random/02958343/107a17c6f2dd9c488924120dfad0e290/r_22",
            "rotation": 0.12566370614359174,
            "transform_matrix": [
                [
                    -0.9951088428497314,
                    0.08653797209262848,
                    -0.04764072224497795,
                    -0.1920458972454071
                ],
                [
                    -0.0987849310040474,
                    -0.8717393279075623,
                    0.479908287525177,
                    1.9345722198486328
                ],
                [
                    -3.725290742551124e-09,
                    0.4822671711444855,
                    0.8760241866111755,
                    3.5313663482666016
                ],
                [
                    0.0,
                    0.0,
                    0.0,
                    1.0
                ]
            ]
        },
        {
            "file_path": "/data/shapenet_blender/all_50_random/02958343/107a17c6f2dd9c488924120dfad0e290/r_23",
            "rotation": 0.12566370614359174,
            "transform_matrix": [
                [
                    -0.4435216784477234,
                    -0.887067973613739,
                    0.12805801630020142,
                    0.516218364238739
                ],
                [
                    0.8962636590003967,
                    -0.4389711320400238,
                    0.06337030977010727,
                    0.255453884601593
                ],
                [
                    0.0,
                    0.14287982881069183,
                    0.9897400140762329,
                    3.989769697189331
                ],
                [
                    0.0,
                    0.0,
                    0.0,
                    1.0
                ]
            ]
        },
        {
            "file_path": "/data/shapenet_blender/all_50_random/02958343/107a17c6f2dd9c488924120dfad0e290/r_24",
            "rotation": 0.12566370614359174,
            "transform_matrix": [
                [
                    -0.9993053078651428,
                    -0.01790875941514969,
                    0.0326821506023407,
                    0.13174596428871155
                ],
                [
                    0.037267230451107025,
                    -0.4802158772945404,
                    0.8763582706451416,
                    3.5327131748199463
                ],
                [
                    -1.862645149230957e-09,
                    0.8769674301147461,
                    0.48054972290992737,
                    1.9371578693389893
                ],
                [
                    0.0,
                    0.0,
                    0.0,
                    1.0
                ]
            ]
        },
        {
            "file_path": "/data/shapenet_blender/all_50_random/02958343/107a17c6f2dd9c488924120dfad0e290/r_25",
            "rotation": 0.12566370614359174,
            "transform_matrix": [
                [
                    0.9975730776786804,
                    0.059527888894081116,
                    -0.036117635667324066,
                    -0.14559485018253326
                ],
                [
                    -0.06962796300649643,
                    0.8528673648834229,
                    -0.5174642205238342,
                    -2.0859649181365967
                ],
                [
                    0.0,
                    0.51872318983078,
                    0.854942262172699,
                    3.446382522583008
                ],
                [
                    0.0,
                    0.0,
                    0.0,
                    1.0
                ]
            ]
        },
        {
            "file_path": "/data/shapenet_blender/all_50_random/02958343/107a17c6f2dd9c488924120dfad0e290/r_26",
            "rotation": 0.12566370614359174,
            "transform_matrix": [
                [
                    0.38712596893310547,
                    0.002700494835153222,
                    -0.9220228791236877,
                    -3.7167930603027344
                ],
                [
                    -0.9220268726348877,
                    0.001133840880356729,
                    -0.38712432980537415,
                    -1.5605480670928955
                ],
                [
                    0.0,
                    0.9999957084655762,
                    0.0029288679361343384,
                    0.01180664449930191
                ],
                [
                    0.0,
                    0.0,
                    0.0,
                    1.0
                ]
            ]
        },
        {
            "file_path": "/data/shapenet_blender/all_50_random/02958343/107a17c6f2dd9c488924120dfad0e290/r_27",
            "rotation": 0.12566370614359174,
            "transform_matrix": [
                [
                    -0.935502290725708,
                    0.022539835423231125,
                    0.35260117053985596,
                    1.421380877494812
                ],
                [
                    0.3533208966255188,
                    0.05967964977025986,
                    0.9335966110229492,
                    3.763448476791382
                ],
                [
                    -1.862645149230957e-09,
                    0.9979630708694458,
                    -0.06379423290491104,
                    -0.25716280937194824
                ],
                [
                    0.0,
                    0.0,
                    0.0,
                    1.0
                ]
            ]
        },
        {
            "file_path": "/data/shapenet_blender/all_50_random/02958343/107a17c6f2dd9c488924120dfad0e290/r_28",
            "rotation": 0.12566370614359174,
            "transform_matrix": [
                [
                    -0.15840908885002136,
                    -0.22127166390419006,
                    0.9622604846954346,
                    3.8789963722229004
                ],
                [
                    0.9873736500740051,
                    -0.03549967333674431,
                    0.15438006818294525,
                    0.6223260164260864
                ],
                [
                    0.0,
                    0.9745658040046692,
                    0.224101260304451,
                    0.9033811092376709
                ],
                [
                    0.0,
                    0.0,
                    0.0,
                    1.0
                ]
            ]
        },
        {
            "file_path": "/data/shapenet_blender/all_50_random/02958343/107a17c6f2dd9c488924120dfad0e290/r_29",
            "rotation": 0.12566370614359174,
            "transform_matrix": [
                [
                    0.39777541160583496,
                    -0.9076323509216309,
                    0.13408257067203522,
                    0.5405041575431824
                ],
                [
                    0.9174827933311462,
                    0.3935047686100006,
                    -0.05813160911202431,
                    -0.2343360185623169
                ],
                [
                    -3.7252898543727042e-09,
                    0.14614176750183105,
                    0.9892637133598328,
                    3.987849473953247
                ],
                [
                    0.0,
                    0.0,
                    0.0,
                    1.0
                ]
            ]
        },
        {
            "file_path": "/data/shapenet_blender/all_50_random/02958343/107a17c6f2dd9c488924120dfad0e290/r_30",
            "rotation": 0.12566370614359174,
            "transform_matrix": [
                [
                    0.39779728651046753,
                    -0.6174794435501099,
                    -0.678584098815918,
                    -2.735460042953491
                ],
                [
                    -0.9174734354019165,
                    -0.26772618293762207,
                    -0.29421985149383545,
                    -1.1860381364822388
                ],
                [
                    -2.980232594040899e-08,
                    0.7396227121353149,
                    -0.6730217337608337,
                    -2.7130374908447266
                ],
                [
                    0.0,
                    0.0,
                    0.0,
                    1.0
                ]
            ]
        },
        {
            "file_path": "/data/shapenet_blender/all_50_random/02958343/107a17c6f2dd9c488924120dfad0e290/r_31",
            "rotation": 0.12566370614359174,
            "transform_matrix": [
                [
                    -0.98098224401474,
                    0.012568515725433826,
                    0.19369055330753326,
                    0.7807916402816772
                ],
                [
                    0.19409795105457306,
                    0.06352201104164124,
                    0.9789233207702637,
                    3.9461662769317627
                ],
                [
                    0.0,
                    0.9979012608528137,
                    -0.06475348025560379,
                    -0.2610296607017517
                ],
                [
                    0.0,
                    0.0,
                    0.0,
                    1.0
                ]
            ]
        },
        {
            "file_path": "/data/shapenet_blender/all_50_random/02958343/107a17c6f2dd9c488924120dfad0e290/r_32",
            "rotation": 0.12566370614359174,
            "transform_matrix": [
                [
                    -0.6480966210365295,
                    -0.49814870953559875,
                    -0.5760369896888733,
                    -2.322079658508301
                ],
                [
                    -0.7615582346916199,
                    0.4239315092563629,
                    0.490215539932251,
                    1.9761221408843994
                ],
                [
                    0.0,
                    0.7563927173614502,
                    -0.6541176438331604,
                    -2.6368327140808105
                ],
                [
                    0.0,
                    0.0,
                    0.0,
                    1.0
                ]
            ]
        },
        {
            "file_path": "/data/shapenet_blender/all_50_random/02958343/107a17c6f2dd9c488924120dfad0e290/r_33",
            "rotation": 0.12566370614359174,
            "transform_matrix": [
                [
                    0.6729857921600342,
                    -0.2151891440153122,
                    0.7076607942581177,
                    2.8526716232299805
                ],
                [
                    0.7396554350852966,
                    0.19579283893108368,
                    -0.6438750624656677,
                    -2.595543146133423
                ],
                [
                    1.4901159417490817e-08,
                    0.9567438960075378,
                    0.2909316122531891,
                    1.1727826595306396
                ],
                [
                    0.0,
                    0.0,
                    0.0,
                    1.0
                ]
            ]
        },
        {
            "file_path": "/data/shapenet_blender/all_50_random/02958343/107a17c6f2dd9c488924120dfad0e290/r_34",
            "rotation": 0.12566370614359174,
            "transform_matrix": [
                [
                    -0.9902441501617432,
                    0.0945238396525383,
                    0.10238121449947357,
                    0.4127119183540344
                ],
                [
                    0.139343723654747,
                    0.6717322468757629,
                    0.7275705933570862,
                    2.9329311847686768
                ],
                [
                    0.0,
                    0.7347385883331299,
                    -0.6783501505851746,
                    -2.7345170974731445
                ],
                [
                    0.0,
                    0.0,
                    0.0,
                    1.0
                ]
            ]
        },
        {
            "file_path": "/data/shapenet_blender/all_50_random/02958343/107a17c6f2dd9c488924120dfad0e290/r_35",
            "rotation": 0.12566370614359174,
            "transform_matrix": [
                [
                    -0.7874073386192322,
                    0.1733967512845993,
                    -0.5915430784225464,
                    -2.3845863342285156
                ],
                [
                    -0.6164329648017883,
                    -0.22149023413658142,
                    0.7556139826774597,
                    3.0459773540496826
                ],
                [
                    0.0,
                    0.9596225619316101,
                    0.28129053115844727,
                    1.1339184045791626
                ],
                [
                    0.0,
                    0.0,
                    0.0,
                    1.0
                ]
            ]
        },
        {
            "file_path": "/data/shapenet_blender/all_50_random/02958343/107a17c6f2dd9c488924120dfad0e290/r_36",
            "rotation": 0.12566370614359174,
            "transform_matrix": [
                [
                    0.745505154132843,
                    0.04388076066970825,
                    0.6650538444519043,
                    2.680917739868164
                ],
                [
                    0.6664999127388,
                    -0.04908227548003197,
                    -0.7438876628875732,
                    -2.9987070560455322
                ],
                [
                    -3.725290298461914e-09,
                    0.997830331325531,
                    -0.06583762168884277,
                    -0.2653999328613281
                ],
                [
                    0.0,
                    0.0,
                    0.0,
                    1.0
                ]
            ]
        },
        {
            "file_path": "/data/shapenet_blender/all_50_random/02958343/107a17c6f2dd9c488924120dfad0e290/r_37",
            "rotation": 0.12566370614359174,
            "transform_matrix": [
                [
                    0.8857241868972778,
                    -0.1133015900850296,
                    -0.4501726031303406,
                    -1.8147039413452148
                ],
                [
                    -0.4642118513584137,
                    -0.21618138253688812,
                    -0.8589370846748352,
                    -3.4624862670898438
                ],
                [
                    7.450580596923828e-09,
                    0.9697567820549011,
                    -0.2440730184316635,
                    -0.9838898777961731
                ],
                [
                    0.0,
                    0.0,
                    0.0,
                    1.0
                ]
            ]
        },
        {
            "file_path": "/data/shapenet_blender/all_50_random/02958343/107a17c6f2dd9c488924120dfad0e290/r_38",
            "rotation": 0.12566370614359174,
            "transform_matrix": [
                [
                    -0.19236044585704803,
                    -0.043954286724328995,
                    0.9803394079208374,
                    3.9518747329711914
                ],
                [
                    0.9813243746757507,
                    -0.008615974336862564,
                    0.19216737151145935,
                    0.7746515274047852
                ],
                [
                    -9.31322685637781e-10,
                    0.9989963173866272,
                    0.044790782034397125,
                    0.18055742979049683
                ],
                [
                    0.0,
                    0.0,
                    0.0,
                    1.0
                ]
            ]
        },
        {
            "file_path": "/data/shapenet_blender/all_50_random/02958343/107a17c6f2dd9c488924120dfad0e290/r_39",
            "rotation": 0.12566370614359174,
            "transform_matrix": [
                [
                    0.9259224534034729,
                    -0.1072012186050415,
                    0.3621813654899597,
                    1.4599997997283936
                ],
                [
                    0.3777134120464325,
                    0.26279187202453613,
                    -0.887847363948822,
                    -3.5790271759033203
                ],
                [
                    0.0,
                    0.9588786959648132,
                    0.28381624817848206,
                    1.1440999507904053
                ],
                [
                    0.0,
                    0.0,
                    0.0,
                    1.0
                ]
            ]
        },
        {
            "file_path": "/data/shapenet_blender/all_50_random/02958343/107a17c6f2dd9c488924120dfad0e290/r_40",
            "rotation": 0.12566370614359174,
            "transform_matrix": [
                [
                    0.12456439435482025,
                    -0.9155427813529968,
                    0.38244593143463135,
                    1.5416886806488037
                ],
                [
                    0.9922115206718445,
                    0.11493923515081406,
                    -0.04801309481263161,
                    -0.19354695081710815
                ],
                [
                    0.0,
                    0.38544806838035583,
                    0.9227296113967896,
                    3.71964168548584
                ],
                [
                    0.0,
                    0.0,
                    0.0,
                    1.0
                ]
            ]
        },
        {
            "file_path": "/data/shapenet_blender/all_50_random/02958343/107a17c6f2dd9c488924120dfad0e290/r_41",
            "rotation": 0.12566370614359174,
            "transform_matrix": [
                [
                    -0.957936704158783,
                    -0.25576508045196533,
                    0.13015994429588318,
                    0.5246915221214294
                ],
                [
                    0.2869798243045807,
                    -0.8537421226501465,
                    0.4344729781150818,
                    1.751416563987732
                ],
