{
    "class": "02958343",
    "model": "68f06cde1b907c44e9e6d625d754e501",
    "remove_doubles": true,
    "edge_split": true,
    "denoise": true,
    "camera_angle_x": 0.6911112070083618,
    "scale_factor": 2.230937709143562,
    "hdri_file": "/data/IndoorHDRDataset2018/9C4A2263-82933db72e.exr",
    "center_offset": [
        0.0,
        0.0,
        -1.862645149230957e-09
    ],
    "lights": [],
    "frames": [
        {
            "file_path": "/data/shapenet_blender/all_50_random/02958343/68f06cde1b907c44e9e6d625d754e501/r_0",
            "rotation": 0.12566370614359174,
            "transform_matrix": [
                [
                    0.5932868719100952,
                    -0.13875548541545868,
                    -0.7929422855377197,
                    -3.1964528560638428
                ],
                [
                    -0.8049911260604858,
                    -0.10226424783468246,
                    -0.5844067335128784,
                    -2.3558192253112793
                ],
                [
                    -7.450580596923828e-09,
                    0.9850324988365173,
                    -0.17236894369125366,
                    -0.6948415040969849
                ],
                [
                    0.0,
                    0.0,
                    0.0,
                    1.0
                ]
            ]
        },
        {
            "file_path": "/data/shapenet_blender/all_50_random/02958343/68f06cde1b907c44e9e6d625d754e501/r_1",
            "rotation": 0.12566370614359174,
            "transform_matrix": [
                [
                    -0.5105459690093994,
                    0.7245821952819824,
                    0.46295082569122314,
                    1.8662145137786865
                ],
                [
                    0.8598505258560181,
                    0.4302288591861725,
                    0.2748822867870331,
                    1.1080859899520874
                ],
                [
                    0.0,
                    0.5384084582328796,
                    -0.8426839709281921,
                    -3.396967649459839
                ],
                [
                    0.0,
                    0.0,
                    0.0,
                    1.0
                ]
            ]
        },
        {
            "file_path": "/data/shapenet_blender/all_50_random/02958343/68f06cde1b907c44e9e6d625d754e501/r_2",
            "rotation": 0.12566370614359174,
            "transform_matrix": [
                [
                    -0.6068516373634338,
                    -0.431019127368927,
                    0.6677976250648499,
                    2.6919782161712646
                ],
                [
                    0.794815182685852,
                    -0.32908865809440613,
                    0.5098720788955688,
                    2.0553600788116455
                ],
                [
                    1.4901161193847656e-08,
                    0.8401922583580017,
                    0.5422885417938232,
                    2.186034917831421
                ],
                [
                    0.0,
                    0.0,
                    0.0,
                    1.0
                ]
            ]
        },
        {
            "file_path": "/data/shapenet_blender/all_50_random/02958343/68f06cde1b907c44e9e6d625d754e501/r_3",
            "rotation": 0.12566370614359174,
            "transform_matrix": [
                [
                    0.36274993419647217,
                    -0.9252286553382874,
                    -0.11119454354047775,
                    -0.4482395648956299
                ],
                [
                    -0.931886613368988,
                    -0.360158234834671,
                    -0.04328403249382973,
                    -0.1744835376739502
                ],
                [
                    -3.725290742551124e-09,
                    0.11932218819856644,
                    -0.9928555488586426,
                    -4.002328872680664
                ],
                [
                    0.0,
                    0.0,
                    0.0,
                    1.0
                ]
            ]
        },
        {
            "file_path": "/data/shapenet_blender/all_50_random/02958343/68f06cde1b907c44e9e6d625d754e501/r_4",
            "rotation": 0.12566370614359174,
            "transform_matrix": [
                [
                    0.015975341200828552,
                    0.13306713104248047,
                    -0.9909783005714417,
                    -3.9947612285614014
                ],
                [
                    -0.9998724460601807,
                    0.0021260639186948538,
                    -0.015833236277103424,
                    -0.0638258159160614
                ],
                [
                    -2.3283064365386963e-10,
                    0.991104781627655,
                    0.13308411836624146,
                    0.5364792346954346
                ],
                [
                    0.0,
                    0.0,
                    0.0,
                    1.0
                ]
            ]
        },
        {
            "file_path": "/data/shapenet_blender/all_50_random/02958343/68f06cde1b907c44e9e6d625d754e501/r_5",
            "rotation": 0.12566370614359174,
            "transform_matrix": [
                [
                    -0.778727114200592,
                    0.17460082471370697,
                    -0.6025766730308533,
                    -2.4290645122528076
                ],
                [
                    -0.627362847328186,
                    -0.21672683954238892,
                    0.7479606866836548,
                    3.0151262283325195
                ],
                [
                    1.4901161193847656e-08,
                    0.9604915380477905,
                    0.27830907702445984,
                    1.1218998432159424
                ],
                [
                    0.0,
                    0.0,
                    0.0,
                    1.0
                ]
            ]
        },
        {
            "file_path": "/data/shapenet_blender/all_50_random/02958343/68f06cde1b907c44e9e6d625d754e501/r_6",
            "rotation": 0.12566370614359174,
            "transform_matrix": [
                [
                    0.14023137092590332,
                    0.24013444781303406,
                    -0.9605574607849121,
                    -3.872130870819092
                ],
                [
                    -0.9901187419891357,
                    0.034010451287031174,
                    -0.13604459166526794,
                    -0.5484132766723633
                ],
                [
                    0.0,
                    0.9701436758041382,
                    0.2425309419631958,
                    0.9776734709739685
                ],
                [
                    0.0,
                    0.0,
                    0.0,
                    1.0
                ]
            ]
        },
        {
            "file_path": "/data/shapenet_blender/all_50_random/02958343/68f06cde1b907c44e9e6d625d754e501/r_7",
            "rotation": 0.12566370614359174,
            "transform_matrix": [
                [
                    0.4311102628707886,
                    -0.12497975677251816,
                    -0.8936017155647278,
                    -3.6022236347198486
                ],
                [
                    -0.902299165725708,
                    -0.0597141794860363,
                    -0.4269547164440155,
                    -1.7211095094680786
                ],
                [
                    3.7252896323280993e-09,
                    0.9903607368469238,
                    -0.138512521982193,
                    -0.558361828327179
                ],
                [
                    0.0,
                    0.0,
                    0.0,
                    1.0
                ]
            ]
        },
        {
            "file_path": "/data/shapenet_blender/all_50_random/02958343/68f06cde1b907c44e9e6d625d754e501/r_8",
            "rotation": 0.12566370614359174,
            "transform_matrix": [
                [
                    -0.2705090343952179,
                    0.3973652124404907,
                    0.8768840432167053,
                    3.5348329544067383
                ],
                [
                    0.9627174735069275,
                    0.11165360361337662,
                    0.24639113247394562,
                    0.9932344555854797
                ],
                [
                    0.0,
                    0.9108425378799438,
                    -0.41275373101234436,
                    -1.6638636589050293
                ],
                [
                    0.0,
                    0.0,
                    0.0,
                    1.0
                ]
            ]
        },
        {
            "file_path": "/data/shapenet_blender/all_50_random/02958343/68f06cde1b907c44e9e6d625d754e501/r_9",
            "rotation": 0.12566370614359174,
            "transform_matrix": [
                [
                    0.21466413140296936,
                    -0.1443270444869995,
                    0.9659652709960938,
                    3.893930673599243
                ],
                [
                    0.9766878485679626,
                    0.0317213349044323,
                    -0.21230745315551758,
                    -0.8558387160301208
                ],
                [
                    -1.8626450382086546e-09,
                    0.9890214800834656,
                    0.1477719098329544,
                    0.5956876277923584
                ],
                [
                    0.0,
                    0.0,
                    0.0,
                    1.0
                ]
            ]
        },
        {
            "file_path": "/data/shapenet_blender/all_50_random/02958343/68f06cde1b907c44e9e6d625d754e501/r_10",
            "rotation": 0.12566370614359174,
            "transform_matrix": [
                [
                    -0.9377259016036987,
                    -0.08117937296628952,
                    0.33775749802589417,
                    1.3615440130233765
                ],
                [
                    0.3473761975765228,
                    -0.2191399335861206,
                    0.9117606282234192,
                    3.675424575805664
                ],
                [
                    0.0,
                    0.9723104238510132,
                    0.2336929738521576,
                    0.9420465230941772
                ],
                [
                    0.0,
                    0.0,
                    0.0,
                    1.0
                ]
            ]
        },
        {
            "file_path": "/data/shapenet_blender/all_50_random/02958343/68f06cde1b907c44e9e6d625d754e501/r_11",
            "rotation": 0.12566370614359174,
            "transform_matrix": [
                [
                    -0.8544563055038452,
                    -0.05336632579565048,
                    -0.5167750120162964,
                    -2.0831868648529053
                ],
                [
                    -0.5195232629776001,
                    0.0877712219953537,
                    0.849936306476593,
                    3.4262030124664307
                ],
                [
                    0.0,
                    0.9947100281715393,
                    -0.10272174328565598,
                    -0.41408461332321167
                ],
                [
                    0.0,
                    0.0,
                    0.0,
                    1.0
                ]
            ]
        },
        {
            "file_path": "/data/shapenet_blender/all_50_random/02958343/68f06cde1b907c44e9e6d625d754e501/r_12",
            "rotation": 0.12566370614359174,
            "transform_matrix": [
                [
                    0.017302392050623894,
                    -0.8447645306587219,
                    -0.5348584055900574,
                    -2.156083106994629
                ],
                [
                    -0.999850332736969,
                    -0.014618637040257454,
                    -0.00925571657717228,
                    -0.03731098771095276
                ],
                [
                    9.313225191043273e-10,
                    0.534938395023346,
                    -0.8448910117149353,
                    -3.405864715576172
                ],
                [
                    0.0,
                    0.0,
                    0.0,
                    1.0
                ]
            ]
        },
        {
            "file_path": "/data/shapenet_blender/all_50_random/02958343/68f06cde1b907c44e9e6d625d754e501/r_13",
            "rotation": 0.12566370614359174,
            "transform_matrix": [
                [
                    -0.1007407009601593,
                    -0.2888519763946533,
                    -0.952058732509613,
                    -3.837871551513672
                ],
                [
                    -0.9949128031730652,
                    0.029247937723994255,
                    0.09640147536993027,
                    0.3886067867279053
                ],
                [
                    -1.862645371275562e-09,
                    0.9569268822669983,
                    -0.2903289496898651,
                    -1.1703534126281738
                ],
                [
                    0.0,
                    0.0,
                    0.0,
                    1.0
                ]
            ]
        },
        {
            "file_path": "/data/shapenet_blender/all_50_random/02958343/68f06cde1b907c44e9e6d625d754e501/r_14",
            "rotation": 0.12566370614359174,
            "transform_matrix": [
                [
                    -0.09416589140892029,
                    -0.0899876058101654,
                    0.9914811253547668,
                    3.996788501739502
                ],
                [
                    0.9955565929412842,
                    -0.00851158332079649,
                    0.09378039836883545,
                    0.3780409097671509
                ],
                [
                    0.0,
                    0.9959065318107605,
                    0.09038924425840378,
                    0.364370733499527
                ],
                [
                    0.0,
                    0.0,
                    0.0,
                    1.0
                ]
            ]
        },
        {
            "file_path": "/data/shapenet_blender/all_50_random/02958343/68f06cde1b907c44e9e6d625d754e501/r_15",
            "rotation": 0.12566370614359174,
            "transform_matrix": [
                [
                    -0.42581093311309814,
                    -0.6026928424835205,
                    0.6748676300048828,
                    2.7204785346984863
                ],
                [
                    0.9048121571540833,
                    -0.28363144397735596,
                    0.3175974190235138,
                    1.2802761793136597
                ],
                [
                    -1.4901161193847656e-08,
                    0.745864748954773,
                    0.6660972833633423,
                    2.685123920440674
                ],
                [
                    0.0,
                    0.0,
                    0.0,
                    1.0
                ]
            ]
        },
        {
            "file_path": "/data/shapenet_blender/all_50_random/02958343/68f06cde1b907c44e9e6d625d754e501/r_16",
            "rotation": 0.12566370614359174,
            "transform_matrix": [
                [
                    0.9893694519996643,
                    -0.008899941109120846,
                    0.14515164494514465,
                    0.5851249694824219
                ],
                [
                    0.1454242467880249,
                    0.06054925546050072,
                    -0.987514853477478,
                    -3.980799674987793
                ],
                [
                    0.0,
                    0.9981254935264587,
                    0.061199851334095,
                    0.24670448899269104
                ],
                [
                    0.0,
                    0.0,
                    0.0,
                    1.0
                ]
            ]
        },
        {
            "file_path": "/data/shapenet_blender/all_50_random/02958343/68f06cde1b907c44e9e6d625d754e501/r_17",
            "rotation": 0.12566370614359174,
            "transform_matrix": [
                [
                    0.5691450238227844,
                    -0.3810490369796753,
                    0.7286120653152466,
                    2.937129259109497
                ],
                [
                    0.8222371935844421,
                    0.2637585997581482,
                    -0.5043385624885559,
                    -2.0330538749694824
                ],
                [
                    2.9802322387695312e-08,
                    0.8861337304115295,
                    0.46342960000038147,
                    1.8681445121765137
                ],
                [
                    0.0,
                    0.0,
                    0.0,
                    1.0
                ]
            ]
        },
        {
            "file_path": "/data/shapenet_blender/all_50_random/02958343/68f06cde1b907c44e9e6d625d754e501/r_18",
            "rotation": 0.12566370614359174,
            "transform_matrix": [
                [
                    -0.21979622542858124,
                    -0.12042692303657532,
                    0.9680841565132141,
                    3.9024720191955566
                ],
                [
                    0.9755458831787109,
                    -0.027132896706461906,
                    0.21811506152153015,
                    0.8792499303817749
                ],
                [
                    1.862645371275562e-09,
                    0.992351233959198,
                    0.12344569712877274,
                    0.49762552976608276
                ],
                [
                    0.0,
                    0.0,
                    0.0,
                    1.0
                ]
            ]
        },
        {
            "file_path": "/data/shapenet_blender/all_50_random/02958343/68f06cde1b907c44e9e6d625d754e501/r_19",
            "rotation": 0.12566370614359174,
            "transform_matrix": [
                [
                    -0.047072798013687134,
                    -0.05292155221104622,
                    0.9974886178970337,
                    4.021005153656006
                ],
                [
                    0.9988914728164673,
                    -0.002493930049240589,
                    0.04700668901205063,
                    0.18949002027511597
                ],
                [
                    0.0,
                    0.9985955953598022,
                    0.05298028513789177,
                    0.21357035636901855
                ],
                [
                    0.0,
                    0.0,
                    0.0,
                    1.0
                ]
            ]
        },
        {
            "file_path": "/data/shapenet_blender/all_50_random/02958343/68f06cde1b907c44e9e6d625d754e501/r_20",
            "rotation": 0.12566370614359174,
            "transform_matrix": [
                [
                    -0.996501624584198,
                    0.02567497082054615,
                    0.07953174412250519,
                    0.32060274481773376
                ],
                [
                    0.0835733413696289,
                    0.30614009499549866,
                    0.948310911655426,
                    3.8227639198303223
                ],
                [
                    -1.862645149230957e-09,
                    0.9516401886940002,
                    -0.30721479654312134,
                    -1.2384226322174072
                ],
                [
                    0.0,
                    0.0,
                    0.0,
                    1.0
                ]
            ]
        },
        {
            "file_path": "/data/shapenet_blender/all_50_random/02958343/68f06cde1b907c44e9e6d625d754e501/r_21",
            "rotation": 0.12566370614359174,
            "transform_matrix": [
                [
                    -0.6809585690498352,
                    0.2259482592344284,
                    0.6965937614440918,
                    2.808058977127075
                ],
                [
                    0.7323219180107117,
                    0.21010078489780426,
                    0.6477363109588623,
                    2.6111083030700684
                ],
                [
                    0.0,
                    0.951212465763092,
                    -0.3085367977619171,
                    -1.2437514066696167
                ],
                [
                    0.0,
                    0.0,
                    0.0,
                    1.0
                ]
            ]
        },
        {
            "file_path": "/data/shapenet_blender/all_50_random/02958343/68f06cde1b907c44e9e6d625d754e501/r_22",
            "rotation": 0.12566370614359174,
            "transform_matrix": [
                [
                    0.5298464298248291,
                    0.604633629322052,
                    -0.5947107076644897,
                    -2.397355556488037
                ],
                [
                    -0.848093569278717,
                    0.3777448832988739,
                    -0.3715455234050751,
                    -1.4977478981018066
                ],
                [
                    0.0,
                    0.701232373714447,
                    0.7129326462745667,
                    2.8739235401153564
                ],
                [
                    0.0,
                    0.0,
                    0.0,
                    1.0
                ]
            ]
        },
        {
            "file_path": "/data/shapenet_blender/all_50_random/02958343/68f06cde1b907c44e9e6d625d754e501/r_23",
            "rotation": 0.12566370614359174,
            "transform_matrix": [
                [
                    -0.9293685555458069,
                    0.02540789544582367,
                    0.36827781796455383,
                    1.4845753908157349
                ],
                [
                    0.36915323138237,
                    0.06396611034870148,
                    0.927164614200592,
                    3.737520217895508
                ],
                [
                    1.862645149230957e-09,
                    0.9976285696029663,
                    -0.06882749497890472,
                    -0.2774524986743927
                ],
                [
                    0.0,
                    0.0,
                    0.0,
                    1.0
                ]
            ]
        },
        {
            "file_path": "/data/shapenet_blender/all_50_random/02958343/68f06cde1b907c44e9e6d625d754e501/r_24",
            "rotation": 0.12566370614359174,
            "transform_matrix": [
                [
                    0.294521689414978,
                    0.09010668098926544,
                    -0.9513872861862183,
                    -3.835164785385132
                ],
                [
                    -0.9556449055671692,
                    0.02777012065052986,
                    -0.2932095527648926,
                    -1.1819654703140259
                ],
                [
                    1.862645371275562e-09,
                    0.9955448508262634,
                    0.0942888930439949,
                    0.3800906836986542
                ],
                [
                    0.0,
                    0.0,
                    0.0,
                    1.0
                ]
            ]
        },
        {
            "file_path": "/data/shapenet_blender/all_50_random/02958343/68f06cde1b907c44e9e6d625d754e501/r_25",
            "rotation": 0.12566370614359174,
            "transform_matrix": [
                [
                    -0.8589057922363281,
                    0.14879989624023438,
                    -0.49004027247428894,
                    -1.9754154682159424
                ],
                [
                    -0.5121337175369263,
                    -0.24955415725708008,
                    0.8218526244163513,
                    3.3129940032958984
                ],
                [
                    0.0,
                    0.9568600654602051,
                    0.2905489504337311,
                    1.1712403297424316
                ],
                [
                    0.0,
                    0.0,
                    0.0,
                    1.0
                ]
            ]
        },
        {
            "file_path": "/data/shapenet_blender/all_50_random/02958343/68f06cde1b907c44e9e6d625d754e501/r_26",
            "rotation": 0.12566370614359174,
            "transform_matrix": [
                [
                    -0.9325578212738037,
                    -0.12651953101158142,
                    -0.3381252586841583,
                    -1.3630266189575195
                ],
                [
                    -0.36102062463760376,
                    0.3268144726753235,
                    0.8734164237976074,
                    3.5208544731140137
                ],
                [
                    -7.450580152834618e-09,
                    0.9365816712379456,
                    -0.3504495322704315,
                    -1.4127073287963867
                ],
                [
                    0.0,
                    0.0,
                    0.0,
                    1.0
                ]
            ]
        },
        {
            "file_path": "/data/shapenet_blender/all_50_random/02958343/68f06cde1b907c44e9e6d625d754e501/r_27",
            "rotation": 0.12566370614359174,
            "transform_matrix": [
                [
                    0.16070042550563812,
                    0.6154430508613586,
                    -0.7716249823570251,
                    -3.1105198860168457
                ],
                [
                    -0.9870033264160156,
                    0.10020428150892258,
                    -0.12563328444957733,
                    -0.506443977355957
                ],
                [
                    0.0,
                    0.7817856073379517,
                    0.6235471963882446,
                    2.513599157333374
                ],
                [
                    0.0,
                    0.0,
                    0.0,
                    1.0
                ]
            ]
        },
        {
            "file_path": "/data/shapenet_blender/all_50_random/02958343/68f06cde1b907c44e9e6d625d754e501/r_28",
            "rotation": 0.12566370614359174,
            "transform_matrix": [
                [
                    0.9874410629272461,
                    -0.1384153962135315,
                    -0.07616721093654633,
                    -0.30703985691070557
                ],
                [
                    -0.15798820555210114,
                    -0.8651092052459717,
                    -0.4760522246360779,
                    -1.9190279245376587
                ],
                [
                    0.0,
                    0.4821070432662964,
                    -0.8761123418807983,
                    -3.531721830368042
                ],
                [
                    0.0,
                    0.0,
                    0.0,
                    1.0
                ]
            ]
        },
        {
            "file_path": "/data/shapenet_blender/all_50_random/02958343/68f06cde1b907c44e9e6d625d754e501/r_29",
            "rotation": 0.12566370614359174,
            "transform_matrix": [
                [
                    -0.6877972483634949,
                    -0.5582171678543091,
                    0.46403494477272034,
                    1.8705847263336182
                ],
                [
                    0.7259027361869812,
                    -0.528914213180542,
                    0.4396759569644928,
                    1.7723904848098755
                ],
                [
                    0.0,
                    0.639252245426178,
                    0.768997073173523,
                    3.099926471710205
                ],
                [
                    0.0,
                    0.0,
                    0.0,
                    1.0
                ]
            ]
        },
        {
            "file_path": "/data/shapenet_blender/all_50_random/02958343/68f06cde1b907c44e9e6d625d754e501/r_30",
            "rotation": 0.12566370614359174,
            "transform_matrix": [
                [
                    0.8092234134674072,
                    -0.03923877701163292,
                    0.5861890912055969,
                    2.363003969192505
                ],
                [
                    0.5875009894371033,
                    0.054047465324401855,
                    -0.8074164986610413,
                    -3.254800319671631
                ],
                [
                    0.0,
                    0.9977671504020691,
                    0.06678928434848785,
                    0.2692362368106842
                ],
                [
                    0.0,
                    0.0,
                    0.0,
                    1.0
                ]
            ]
        },
        {
            "file_path": "/data/shapenet_blender/all_50_random/02958343/68f06cde1b907c44e9e6d625d754e501/r_31",
            "rotation": 0.12566370614359174,
            "transform_matrix": [
                [
                    0.14622251689434052,
                    0.11677470058202744,
                    0.9823353290557861,
                    3.9599204063415527
                ],
                [
                    0.9892517924308777,
                    -0.017260611057281494,
                    -0.1452001929283142,
                    -0.5853207111358643
                ],
                [
                    -1.862645371275562e-09,
                    0.9930083751678467,
                    -0.11804348230361938,
                    -0.4758484959602356
                ],
                [
                    0.0,
                    0.0,
                    0.0,
                    1.0
                ]
            ]
        },
        {
            "file_path": "/data/shapenet_blender/all_50_random/02958343/68f06cde1b907c44e9e6d625d754e501/r_32",
            "rotation": 0.12566370614359174,
            "transform_matrix": [
                [
                    -0.7369771599769592,
                    0.2725832164287567,
                    -0.6185168027877808,
                    -2.493320941925049
                ],
                [
                    -0.6759176254272461,
                    -0.29720720648765564,
                    0.674390971660614,
                    2.7185568809509277
                ],
                [
                    1.4901161193847656e-08,
                    0.9150771498680115,
                    0.40327873826026917,
                    1.6256686449050903
                ],
                [
                    0.0,
                    0.0,
                    0.0,
                    1.0
                ]
            ]
        },
        {
            "file_path": "/data/shapenet_blender/all_50_random/02958343/68f06cde1b907c44e9e6d625d754e501/r_33",
            "rotation": 0.12566370614359174,
            "transform_matrix": [
                [
                    -0.9095985293388367,
                    0.10266256332397461,
                    -0.402605265378952,
                    -1.6229538917541504
                ],
                [
                    -0.41548845171928406,
                    -0.22475165128707886,
                    0.8813943266868591,
                    3.5530145168304443
                ],
                [
                    0.0,
                    0.9689928889274597,
                    0.24708883464336395,
                    0.9960470199584961
                ],
                [
                    0.0,
                    0.0,
                    0.0,
                    1.0
                ]
            ]
        },
        {
            "file_path": "/data/shapenet_blender/all_50_random/02958343/68f06cde1b907c44e9e6d625d754e501/r_34",
            "rotation": 0.12566370614359174,
            "transform_matrix": [
                [
                    0.946428120136261,
                    0.1548820436000824,
                    -0.28334662318229675,
                    -1.1422069072723389
                ],
                [
                    -0.3229145109653473,
                    0.45394283533096313,
                    -0.8304588794708252,
                    -3.347687005996704
                ],
                [
                    0.0,
                    0.8774663805961609,
                    0.4796379804611206,
                    1.9334826469421387
                ],
                [
                    0.0,
                    0.0,
                    0.0,
                    1.0
                ]
            ]
        },
        {
            "file_path": "/data/shapenet_blender/all_50_random/02958343/68f06cde1b907c44e9e6d625d754e501/r_35",
            "rotation": 0.12566370614359174,
            "transform_matrix": [
                [
                    0.6662817001342773,
                    -0.6046772003173828,
                    -0.4363875687122345,
                    -1.7591345310211182
                ],
                [
                    -0.7457001805305481,
                    -0.5402779579162598,
                    -0.3899114429950714,
                    -1.5717833042144775
                ],
                [
                    -2.980232594040899e-08,
                    0.585205078125,
                    -0.8108852505683899,
                    -3.2687830924987793
                ],
                [
                    0.0,
                    0.0,
                    0.0,
                    1.0
                ]
            ]
        },
        {
            "file_path": "/data/shapenet_blender/all_50_random/02958343/68f06cde1b907c44e9e6d625d754e501/r_36",
            "rotation": 0.12566370614359174,
            "transform_matrix": [
                [
                    -0.10092121362686157,
                    -0.022248702123761177,
                    0.9946456551551819,
                    4.009544849395752
                ],
                [
                    0.9948945045471191,
                    -0.0022568884305655956,
                    0.1008959636092186,
                    0.40672463178634644
                ],
                [
                    0.0,
                    0.9997499585151672,
                    0.022362878546118736,
                    0.09014764428138733
                ],
                [
                    0.0,
                    0.0,
                    0.0,
                    1.0
                ]
            ]
        },
        {
            "file_path": "/data/shapenet_blender/all_50_random/02958343/68f06cde1b907c44e9e6d625d754e501/r_37",
            "rotation": 0.12566370614359174,
            "transform_matrix": [
                [
                    -0.761262834072113,
                    -0.002395512303337455,
                    0.6484390497207642,
                    2.6139414310455322
                ],
                [
                    0.6484435200691223,
                    -0.00281229498796165,
                    0.7612575888633728,
                    3.068727493286133
                ],
                [
                    0.0,
                    0.9999932646751404,
                    0.00369424931704998,
                    0.01489199511706829
                ],
                [
                    0.0,
                    0.0,
                    0.0,
                    1.0
                ]
            ]
        },
        {
            "file_path": "/data/shapenet_blender/all_50_random/02958343/68f06cde1b907c44e9e6d625d754e501/r_38",
            "rotation": 0.12566370614359174,
            "transform_matrix": [
                [
                    -0.9320772290229797,
                    -0.06066467985510826,
                    0.3571441173553467,
                    1.4396940469741821
                ],
                [
                    0.36225974559783936,
                    -0.15608735382556915,
                    0.9189149141311646,
                    3.7042644023895264
                ],
                [
                    0.0,
                    0.985878586769104,
                    0.1674618273973465,
                    0.6750602126121521
                ],
                [
                    0.0,
                    0.0,
                    0.0,
                    1.0
                ]
            ]
        },
        {
            "file_path": "/data/shapenet_blender/all_50_random/02958343/68f06cde1b907c44e9e6d625d754e501/r_39",
            "rotation": 0.12566370614359174,
            "transform_matrix": [
                [
                    0.07023252546787262,
                    0.0890539214015007,
                    -0.9935475587844849,
                    -4.005118370056152
                ],
                [
                    -0.9975306391716003,
                    0.0062699648551642895,
                    -0.069952093064785,
                    -0.28198590874671936
                ],
                [
                    0.0,
                    0.996006965637207,
                    0.08927438408136368,
                    0.3598765432834625
                ],
                [
                    0.0,
                    0.0,
                    0.0,
                    1.0
                ]
            ]
        },
        {
            "file_path": "/data/shapenet_blender/all_50_random/02958343/68f06cde1b907c44e9e6d625d754e501/r_40",
            "rotation": 0.12566370614359174,
            "transform_matrix": [
                [
                    0.4074247479438782,
                    -0.29053956270217896,
                    0.8657896518707275,
                    3.490109920501709
                ],
                [
                    0.9132387638092041,
                    0.12961891293525696,
                    -0.38625621795654297,
                    -1.5570486783981323
                ],
                [
                    0.0,
                    0.9480430483818054,
                    0.3181419372558594,
                    1.2824712991714478
                ],
                [
                    0.0,
                    0.0,
                    0.0,
                    1.0
                ]
            ]
        },
        {
            "file_path": "/data/shapenet_blender/all_50_random/02958343/68f06cde1b907c44e9e6d625d754e501/r_41",
            "rotation": 0.12566370614359174,
            "transform_matrix": [
                [
                    0.9085744619369507,
                    -0.3438927233219147,
                    -0.23712897300720215,
                    -0.9558974504470825
                ],
                [
                    -0.41772282123565674,
                    -0.7479891777038574,
                    -0.5157710313796997,
                    -2.079139471054077
                ],
                [
                    0.0,
