{
    "class": "02958343",
    "model": "6d083701a45fd0721ccbd9e5bb82dd04",
    "remove_doubles": true,
    "edge_split": true,
    "denoise": true,
    "camera_angle_x": 0.6911112070083618,
    "scale_factor": 2.3124648825709007,
    "hdri_file": "/data/IndoorHDRDataset2018/AG8A9204-9e81794c27.exr",
    "center_offset": [
        0.0,
        -1.862645149230957e-09,
        0.0
    ],
    "lights": [],
    "frames": [
        {
            "file_path": "/data/shapenet_blender/all_50_random/02958343/6d083701a45fd0721ccbd9e5bb82dd04/r_0",
            "rotation": 0.12566370614359174,
            "transform_matrix": [
                [
                    0.9971561431884766,
                    0.07234620302915573,
                    0.021108312532305717,
                    0.08509033918380737
                ],
                [
                    0.0753626748919487,
                    -0.9572438597679138,
                    -0.2792931795120239,
                    -1.1258668899536133
                ],
                [
                    1.8626450382086546e-09,
                    0.28008973598480225,
                    -0.9599737524986267,
                    -3.8697781562805176
                ],
                [
                    0.0,
                    0.0,
                    0.0,
                    1.0
                ]
            ]
        },
        {
            "file_path": "/data/shapenet_blender/all_50_random/02958343/6d083701a45fd0721ccbd9e5bb82dd04/r_1",
            "rotation": 0.12566370614359174,
            "transform_matrix": [
                [
                    -0.09867983311414719,
                    -0.3595750331878662,
                    -0.9278836846351624,
                    -3.7404186725616455
                ],
                [
                    -0.9951192736625671,
                    0.03565683588385582,
                    0.09201249480247498,
                    0.3709142208099365
                ],
                [
                    0.0,
                    0.932434618473053,
                    -0.36133864521980286,
                    -1.456602692604065
                ],
                [
                    0.0,
                    0.0,
                    0.0,
                    1.0
                ]
            ]
        },
        {
            "file_path": "/data/shapenet_blender/all_50_random/02958343/6d083701a45fd0721ccbd9e5bb82dd04/r_2",
            "rotation": 0.12566370614359174,
            "transform_matrix": [
                [
                    0.19697806239128113,
                    -0.7850273847579956,
                    0.5873088240623474,
                    2.3675177097320557
                ],
                [
                    0.9804078936576843,
                    0.1577233076095581,
                    -0.11799880117177963,
                    -0.47566837072372437
                ],
                [
                    0.0,
                    0.5990453958511353,
                    0.8007150292396545,
                    3.227785587310791
                ],
                [
                    0.0,
                    0.0,
                    0.0,
                    1.0
                ]
            ]
        },
        {
            "file_path": "/data/shapenet_blender/all_50_random/02958343/6d083701a45fd0721ccbd9e5bb82dd04/r_3",
            "rotation": 0.12566370614359174,
            "transform_matrix": [
                [
                    0.9140701293945312,
                    -0.24752290546894073,
                    -0.32126033306121826,
                    -1.2950416803359985
                ],
                [
                    -0.4055560827255249,
                    -0.5578840970993042,
                    -0.7240785360336304,
                    -2.918853521347046
                ],
                [
                    0.0,
                    0.7921476364135742,
                    -0.6103296279907227,
                    -2.4603171348571777
                ],
                [
                    0.0,
                    0.0,
                    0.0,
                    1.0
                ]
            ]
        },
        {
            "file_path": "/data/shapenet_blender/all_50_random/02958343/6d083701a45fd0721ccbd9e5bb82dd04/r_4",
            "rotation": 0.12566370614359174,
            "transform_matrix": [
                [
                    0.9012817740440369,
                    -0.21801407635211945,
                    -0.3743809461593628,
                    -1.5091779232025146
                ],
                [
                    -0.43323346972465515,
                    -0.453547865152359,
                    -0.7788472771644592,
                    -3.139633893966675
                ],
                [
                    0.0,
                    0.8641551733016968,
                    -0.5032253861427307,
                    -2.028566360473633
                ],
                [
                    0.0,
                    0.0,
                    0.0,
                    1.0
                ]
            ]
        },
        {
            "file_path": "/data/shapenet_blender/all_50_random/02958343/6d083701a45fd0721ccbd9e5bb82dd04/r_5",
            "rotation": 0.12566370614359174,
            "transform_matrix": [
                [
                    0.9949172735214233,
                    0.09303414821624756,
                    0.03852621838450432,
                    0.1553041636943817
                ],
                [
                    0.10069569200277328,
                    -0.9192179441452026,
                    -0.38065579533576965,
                    -1.5344727039337158
                ],
                [
                    3.725290298461914e-09,
                    0.38260042667388916,
                    -0.923913836479187,
                    -3.7244160175323486
                ],
                [
                    0.0,
                    0.0,
                    0.0,
                    1.0
                ]
            ]
        },
        {
            "file_path": "/data/shapenet_blender/all_50_random/02958343/6d083701a45fd0721ccbd9e5bb82dd04/r_6",
            "rotation": 0.12566370614359174,
            "transform_matrix": [
                [
                    -0.302602082490921,
                    0.5878438353538513,
                    0.750247597694397,
                    3.0243449211120605
                ],
                [
                    0.9531169533729553,
                    0.1866326779127121,
                    0.23819373548030853,
                    0.9601896405220032
                ],
                [
                    0.0,
                    0.7871516346931458,
                    -0.6167594194412231,
                    -2.486236810684204
                ],
                [
                    0.0,
                    0.0,
                    0.0,
                    1.0
                ]
            ]
        },
        {
            "file_path": "/data/shapenet_blender/all_50_random/02958343/6d083701a45fd0721ccbd9e5bb82dd04/r_7",
            "rotation": 0.12566370614359174,
            "transform_matrix": [
                [
                    -0.1711210161447525,
                    -0.16288772225379944,
                    0.9716919660568237,
                    3.917015552520752
                ],
                [
                    0.9852499961853027,
                    -0.028290804475545883,
                    0.16876623034477234,
                    0.6803184151649475
                ],
                [
                    0.0,
                    0.986238956451416,
                    0.1653262823820114,
                    0.6664515733718872
                ],
                [
                    0.0,
                    0.0,
                    0.0,
                    1.0
                ]
            ]
        },
        {
            "file_path": "/data/shapenet_blender/all_50_random/02958343/6d083701a45fd0721ccbd9e5bb82dd04/r_8",
            "rotation": 0.12566370614359174,
            "transform_matrix": [
                [
                    -0.43614712357521057,
                    -0.16049529612064362,
                    0.8854473233222961,
                    3.569352388381958
                ],
                [
                    0.8998754620552063,
                    -0.07778804749250412,
                    0.4291541278362274,
                    1.7299755811691284
                ],
                [
                    0.0,
                    0.9839667081832886,
                    0.17835277318954468,
                    0.7189630270004272
                ],
                [
                    0.0,
                    0.0,
                    0.0,
                    1.0
                ]
            ]
        },
        {
            "file_path": "/data/shapenet_blender/all_50_random/02958343/6d083701a45fd0721ccbd9e5bb82dd04/r_9",
            "rotation": 0.12566370614359174,
            "transform_matrix": [
                [
                    -0.6712056398391724,
                    -0.16418397426605225,
                    -0.7228599786758423,
                    -2.9139420986175537
                ],
                [
                    -0.7412712574005127,
                    0.1486651450395584,
                    0.6545345783233643,
                    2.6385135650634766
                ],
                [
                    -7.450581485102248e-09,
                    0.97516268491745,
                    -0.22148972749710083,
                    -0.8928537368774414
                ],
                [
                    0.0,
                    0.0,
                    0.0,
                    1.0
                ]
            ]
        },
        {
            "file_path": "/data/shapenet_blender/all_50_random/02958343/6d083701a45fd0721ccbd9e5bb82dd04/r_10",
            "rotation": 0.12566370614359174,
            "transform_matrix": [
                [
                    0.9812859296798706,
                    -0.024289313703775406,
                    -0.19101861119270325,
                    -0.7700206637382507
                ],
                [
                    -0.1925567388534546,
                    -0.12378047406673431,
                    -0.9734476208686829,
                    -3.9240927696228027
                ],
                [
                    0.0,
                    0.9920123219490051,
                    -0.12614108622074127,
                    -0.5084909796714783
                ],
                [
                    0.0,
                    0.0,
                    0.0,
                    1.0
                ]
            ]
        },
        {
            "file_path": "/data/shapenet_blender/all_50_random/02958343/6d083701a45fd0721ccbd9e5bb82dd04/r_11",
            "rotation": 0.12566370614359174,
            "transform_matrix": [
                [
                    0.9193201661109924,
                    -0.07707929611206055,
                    -0.3858875334262848,
                    -1.5555624961853027
                ],
                [
                    -0.3935104012489319,
                    -0.1800728738307953,
                    -0.9015116095542908,
                    -3.6341097354888916
                ],
                [
                    7.450580596923828e-09,
                    0.980628490447998,
                    -0.1958761364221573,
                    -0.7896020412445068
                ],
                [
                    0.0,
                    0.0,
                    0.0,
                    1.0
                ]
            ]
        },
        {
            "file_path": "/data/shapenet_blender/all_50_random/02958343/6d083701a45fd0721ccbd9e5bb82dd04/r_12",
            "rotation": 0.12566370614359174,
            "transform_matrix": [
                [
                    0.9712914228439331,
                    0.19634392857551575,
                    -0.13432075083255768,
                    -0.5414642691612244
                ],
                [
                    -0.23789283633232117,
                    0.8016515970230103,
                    -0.5484174489974976,
                    -2.2107415199279785
                ],
                [
                    7.450580596923828e-09,
                    0.5646271109580994,
                    0.8253461122512817,
                    3.3270766735076904
                ],
                [
                    0.0,
                    0.0,
                    0.0,
                    1.0
                ]
            ]
        },
        {
            "file_path": "/data/shapenet_blender/all_50_random/02958343/6d083701a45fd0721ccbd9e5bb82dd04/r_13",
            "rotation": 0.12566370614359174,
            "transform_matrix": [
                [
                    0.9705365896224976,
                    -0.138259157538414,
                    -0.1973404586315155,
                    -0.7955048084259033
                ],
                [
                    -0.24095404148101807,
                    -0.5568927526473999,
                    -0.7948657870292664,
                    -3.2042064666748047
                ],
                [
                    0.0,
                    0.8189961910247803,
                    -0.5737988352775574,
                    -2.3130571842193604
                ],
                [
                    0.0,
                    0.0,
                    0.0,
                    1.0
                ]
            ]
        },
        {
            "file_path": "/data/shapenet_blender/all_50_random/02958343/6d083701a45fd0721ccbd9e5bb82dd04/r_14",
            "rotation": 0.12566370614359174,
            "transform_matrix": [
                [
                    -0.05163723602890968,
                    0.3362852931022644,
                    -0.9403433799743652,
                    -3.7906455993652344
                ],
                [
                    -0.9986658692359924,
                    -0.01738804206252098,
                    0.04862159863114357,
                    0.19599995017051697
                ],
                [
                    -1.8626450382086546e-09,
                    0.9415996074676514,
                    0.3367345333099365,
                    1.3574204444885254
                ],
                [
                    0.0,
                    0.0,
                    0.0,
                    1.0
                ]
            ]
        },
        {
            "file_path": "/data/shapenet_blender/all_50_random/02958343/6d083701a45fd0721ccbd9e5bb82dd04/r_15",
            "rotation": 0.12566370614359174,
            "transform_matrix": [
                [
                    0.911053478717804,
                    -0.32211896777153015,
                    0.2573340833187103,
                    1.0373468399047852
                ],
                [
                    0.41228803992271423,
                    0.7118023633956909,
                    -0.5686439871788025,
                    -2.2922773361206055
                ],
                [
                    1.4901160305669237e-08,
                    0.624160885810852,
                    0.7812958359718323,
                    3.1495041847229004
                ],
                [
                    0.0,
                    0.0,
                    0.0,
                    1.0
                ]
            ]
        },
        {
            "file_path": "/data/shapenet_blender/all_50_random/02958343/6d083701a45fd0721ccbd9e5bb82dd04/r_16",
            "rotation": 0.12566370614359174,
            "transform_matrix": [
                [
                    0.9971899390220642,
                    0.058797311037778854,
                    -0.04642201215028763,
                    -0.18713313341140747
                ],
                [
                    -0.07491413503885269,
                    0.7826571464538574,
                    -0.6179282665252686,
                    -2.4909486770629883
                ],
                [
                    0.0,
                    0.6196696162223816,
                    0.7848626375198364,
                    3.1638829708099365
                ],
                [
                    0.0,
                    0.0,
                    0.0,
                    1.0
                ]
            ]
        },
        {
            "file_path": "/data/shapenet_blender/all_50_random/02958343/6d083701a45fd0721ccbd9e5bb82dd04/r_17",
            "rotation": 0.12566370614359174,
            "transform_matrix": [
                [
                    -0.40720391273498535,
                    -0.2880136966705322,
                    0.8667370080947876,
                    3.4939286708831787
                ],
                [
                    0.9133372902870178,
                    -0.1284085363149643,
                    0.38642755150794983,
                    1.5577392578125
                ],
                [
                    0.0,
                    0.9489781260490417,
                    0.3153420686721802,
                    1.2711845636367798
                ],
                [
                    0.0,
                    0.0,
                    0.0,
                    1.0
                ]
            ]
        },
        {
            "file_path": "/data/shapenet_blender/all_50_random/02958343/6d083701a45fd0721ccbd9e5bb82dd04/r_18",
            "rotation": 0.12566370614359174,
            "transform_matrix": [
                [
                    0.4549109935760498,
                    0.1302044540643692,
                    0.8809667825698853,
                    3.5512912273406982
                ],
                [
                    0.890536904335022,
                    -0.06651205569505692,
                    -0.4500223398208618,
                    -1.8140983581542969
                ],
                [
                    0.0,
                    0.9892536997795105,
                    -0.14620891213417053,
                    -0.589387059211731
                ],
                [
                    0.0,
                    0.0,
                    0.0,
                    1.0
                ]
            ]
        },
        {
            "file_path": "/data/shapenet_blender/all_50_random/02958343/6d083701a45fd0721ccbd9e5bb82dd04/r_19",
            "rotation": 0.12566370614359174,
            "transform_matrix": [
                [
                    -0.7572435736656189,
                    0.16473160684108734,
                    -0.6320170760154724,
                    -2.5477423667907715
                ],
                [
                    -0.6531325578689575,
                    -0.19099025428295135,
                    0.7327622771263123,
                    2.953859329223633
                ],
                [
                    7.450580596923828e-09,
                    0.9676704406738281,
                    0.25221776962280273,
                    1.016722321510315
                ],
                [
                    0.0,
                    0.0,
                    0.0,
                    1.0
                ]
            ]
        },
        {
            "file_path": "/data/shapenet_blender/all_50_random/02958343/6d083701a45fd0721ccbd9e5bb82dd04/r_20",
            "rotation": 0.12566370614359174,
            "transform_matrix": [
                [
                    0.8552862405776978,
                    0.13702547550201416,
                    -0.4997093081474304,
                    -2.014392614364624
                ],
                [
                    -0.5181556940078735,
                    0.22617913782596588,
                    -0.8248379826545715,
                    -3.32502818107605
                ],
                [
                    0.0,
                    0.9643998146057129,
                    0.2644484341144562,
                    1.066025733947754
                ],
                [
                    0.0,
                    0.0,
                    0.0,
                    1.0
                ]
            ]
        },
        {
            "file_path": "/data/shapenet_blender/all_50_random/02958343/6d083701a45fd0721ccbd9e5bb82dd04/r_21",
            "rotation": 0.12566370614359174,
            "transform_matrix": [
                [
                    0.9078764319419861,
                    -0.35145050287246704,
                    -0.22856739163398743,
                    -0.9213846325874329
                ],
                [
                    -0.4192380905151367,
                    -0.7610797882080078,
                    -0.4949716031551361,
                    -1.9952943325042725
                ],
                [
                    0.0,
                    0.545197069644928,
                    -0.8383078575134277,
                    -3.3793270587921143
                ],
                [
                    0.0,
                    0.0,
                    0.0,
                    1.0
                ]
            ]
        },
        {
            "file_path": "/data/shapenet_blender/all_50_random/02958343/6d083701a45fd0721ccbd9e5bb82dd04/r_22",
            "rotation": 0.12566370614359174,
            "transform_matrix": [
                [
                    0.7409579157829285,
                    0.212798610329628,
                    -0.6369443535804749,
                    -2.5676047801971436
                ],
                [
                    -0.6715514659881592,
                    0.2347918450832367,
                    -0.7027740478515625,
                    -2.832972764968872
                ],
                [
                    0.0,
                    0.9484668374061584,
                    0.3168761432170868,
                    1.2773685455322266
                ],
                [
                    0.0,
                    0.0,
                    0.0,
                    1.0
                ]
            ]
        },
        {
            "file_path": "/data/shapenet_blender/all_50_random/02958343/6d083701a45fd0721ccbd9e5bb82dd04/r_23",
            "rotation": 0.12566370614359174,
            "transform_matrix": [
                [
                    0.9240469336509705,
                    -0.3758791983127594,
                    0.06965719163417816,
                    0.2807971239089966
                ],
                [
                    0.38227909803390503,
                    0.908577024936676,
                    -0.16837568581104279,
                    -0.6787440776824951
                ],
                [
                    -7.450580152834618e-09,
                    0.18221570551395416,
                    0.9832586646080017,
                    3.9636423587799072
                ],
                [
                    0.0,
                    0.0,
                    0.0,
                    1.0
                ]
            ]
        },
        {
            "file_path": "/data/shapenet_blender/all_50_random/02958343/6d083701a45fd0721ccbd9e5bb82dd04/r_24",
            "rotation": 0.12566370614359174,
            "transform_matrix": [
                [
                    -0.4026467204093933,
                    -0.6003345251083374,
                    0.6909948587417603,
                    2.785489559173584
                ],
                [
                    0.9153554439544678,
                    -0.26407527923583984,
                    0.30395495891571045,
                    1.2252817153930664
                ],
                [
                    1.4901161193847656e-08,
                    0.7548922896385193,
                    0.6558486223220825,
                    2.643810510635376
                ],
                [
                    0.0,
                    0.0,
                    0.0,
                    1.0
                ]
            ]
        },
        {
            "file_path": "/data/shapenet_blender/all_50_random/02958343/6d083701a45fd0721ccbd9e5bb82dd04/r_25",
            "rotation": 0.12566370614359174,
            "transform_matrix": [
                [
                    0.6758726239204407,
                    -0.2824997305870056,
                    0.6807275414466858,
                    2.74410080909729
                ],
                [
                    0.7370185256004333,
                    0.2590624690055847,
                    -0.6242517828941345,
                    -2.51643967628479
                ],
                [
                    0.0,
                    0.9236234426498413,
                    0.3833007216453552,
                    1.5451347827911377
                ],
                [
                    0.0,
                    0.0,
                    0.0,
                    1.0
                ]
            ]
        },
        {
            "file_path": "/data/shapenet_blender/all_50_random/02958343/6d083701a45fd0721ccbd9e5bb82dd04/r_26",
            "rotation": 0.12566370614359174,
            "transform_matrix": [
                [
                    0.8519750237464905,
                    0.043898437172174454,
                    0.5217389464378357,
                    2.1031970977783203
                ],
                [
                    0.5235825181007385,
                    -0.07143165916204453,
                    -0.8489751219749451,
                    -3.422328472137451
                ],
                [
                    0.0,
                    0.9964789152145386,
                    -0.0838424488902092,
                    -0.3379797637462616
                ],
                [
                    0.0,
                    0.0,
                    0.0,
                    1.0
                ]
            ]
        },
        {
            "file_path": "/data/shapenet_blender/all_50_random/02958343/6d083701a45fd0721ccbd9e5bb82dd04/r_27",
            "rotation": 0.12566370614359174,
            "transform_matrix": [
                [
                    -0.29047298431396484,
                    -0.053769614547491074,
                    -0.9553712010383606,
                    -3.851224660873413
                ],
                [
                    -0.9568831920623779,
                    0.016322391107678413,
                    0.29001399874687195,
                    1.1690839529037476
                ],
                [
                    1.862645371275562e-09,
                    0.9984198212623596,
                    -0.05619245767593384,
                    -0.22651906311511993
                ],
                [
                    0.0,
                    0.0,
                    0.0,
                    1.0
                ]
            ]
        },
        {
            "file_path": "/data/shapenet_blender/all_50_random/02958343/6d083701a45fd0721ccbd9e5bb82dd04/r_28",
            "rotation": 0.12566370614359174,
            "transform_matrix": [
                [
                    0.6316359639167786,
                    0.7639287114143372,
                    0.13209427893161774,
                    0.532489001750946
                ],
                [
                    0.7752650380134583,
                    -0.6223998069763184,
                    -0.10762189328670502,
                    -0.4338376820087433
                ],
                [
                    0.0,
                    0.17038574814796448,
                    -0.9853774905204773,
                    -3.9721832275390625
                ],
                [
                    0.0,
                    0.0,
                    0.0,
                    1.0
                ]
            ]
        },
        {
            "file_path": "/data/shapenet_blender/all_50_random/02958343/6d083701a45fd0721ccbd9e5bb82dd04/r_29",
            "rotation": 0.12566370614359174,
            "transform_matrix": [
                [
                    -0.8399264812469482,
                    -0.2641516327857971,
                    -0.47407543659210205,
                    -1.9110593795776367
                ],
                [
                    -0.5427002906799316,
                    0.4088221788406372,
                    0.7337170839309692,
                    2.9577083587646484
                ],
                [
                    -1.4901161193847656e-08,
                    0.8735492825508118,
                    -0.48673567175865173,
                    -1.9620944261550903
                ],
                [
                    0.0,
                    0.0,
                    0.0,
                    1.0
                ]
            ]
        },
        {
            "file_path": "/data/shapenet_blender/all_50_random/02958343/6d083701a45fd0721ccbd9e5bb82dd04/r_30",
            "rotation": 0.12566370614359174,
            "transform_matrix": [
                [
                    0.16205357015132904,
                    0.09019143879413605,
                    -0.9826515913009644,
                    -3.961195230484009
                ],
                [
                    -0.9867819547653198,
                    0.014811626635491848,
                    -0.1613752692937851,
                    -0.6505244970321655
                ],
                [
                    9.313225746154785e-10,
                    0.995814323425293,
                    0.09139956533908844,
                    0.36844342947006226
                ],
                [
                    0.0,
                    0.0,
                    0.0,
                    1.0
                ]
            ]
        },
        {
            "file_path": "/data/shapenet_blender/all_50_random/02958343/6d083701a45fd0721ccbd9e5bb82dd04/r_31",
            "rotation": 0.12566370614359174,
            "transform_matrix": [
                [
                    -0.9342881441116333,
                    0.26359641551971436,
                    0.24004720151424408,
                    0.9676612019538879
                ],
                [
                    0.3565189242362976,
                    0.6907767653465271,
                    0.6290640830993652,
                    2.5358383655548096
                ],
                [
                    0.0,
                    0.6733084321022034,
                    -0.7393617033958435,
                    -2.9804623126983643
                ],
                [
                    0.0,
                    0.0,
                    0.0,
                    1.0
                ]
            ]
        },
        {
            "file_path": "/data/shapenet_blender/all_50_random/02958343/6d083701a45fd0721ccbd9e5bb82dd04/r_32",
            "rotation": 0.12566370614359174,
            "transform_matrix": [
                [
                    -0.2180742621421814,
                    -0.6411248445510864,
                    0.7358006238937378,
                    2.9661073684692383
                ],
                [
                    0.975932240486145,
                    -0.14326079189777374,
                    0.16441629827022552,
                    0.6627833843231201
                ],
                [
                    7.450580596923828e-09,
                    0.7539465427398682,
                    0.6569357514381409,
                    2.648192882537842
                ],
                [
                    0.0,
                    0.0,
                    0.0,
                    1.0
                ]
            ]
        },
        {
            "file_path": "/data/shapenet_blender/all_50_random/02958343/6d083701a45fd0721ccbd9e5bb82dd04/r_33",
            "rotation": 0.12566370614359174,
            "transform_matrix": [
                [
                    0.5924694538116455,
                    0.510955810546875,
                    0.6228194236755371,
                    2.5106654167175293
                ],
                [
                    0.8055928945541382,
                    -0.37578001618385315,
                    -0.45804956555366516,
                    -1.8464568853378296
                ],
                [
                    0.0,
                    0.773119330406189,
                    -0.6342605948448181,
                    -2.556786298751831
                ],
                [
                    0.0,
                    0.0,
                    0.0,
                    1.0
                ]
            ]
        },
        {
            "file_path": "/data/shapenet_blender/all_50_random/02958343/6d083701a45fd0721ccbd9e5bb82dd04/r_34",
            "rotation": 0.12566370614359174,
            "transform_matrix": [
                [
                    -0.6614643931388855,
                    -0.452108770608902,
                    0.5983831882476807,
                    2.4121599197387695
                ],
                [
                    0.7499765753746033,
                    -0.3987509310245514,
                    0.5277620553970337,
                    2.1274771690368652
                ],
                [
                    0.0,
                    0.7978692650794983,
                    0.6028304696083069,
                    2.4300875663757324
                ],
                [
                    0.0,
                    0.0,
                    0.0,
                    1.0
                ]
            ]
        },
        {
            "file_path": "/data/shapenet_blender/all_50_random/02958343/6d083701a45fd0721ccbd9e5bb82dd04/r_35",
            "rotation": 0.12566370614359174,
            "transform_matrix": [
                [
                    -0.8380591869354248,
                    0.08270787447690964,
                    -0.5392737984657288,
                    -2.173882246017456
                ],
                [
                    -0.5455793142318726,
                    -0.12704676389694214,
                    0.8283732533454895,
                    3.3392794132232666
                ],
                [
                    0.0,
                    0.9884424209594727,
                    0.15159642696380615,
                    0.6111047267913818
                ],
                [
                    0.0,
                    0.0,
                    0.0,
                    1.0
                ]
            ]
        },
        {
            "file_path": "/data/shapenet_blender/all_50_random/02958343/6d083701a45fd0721ccbd9e5bb82dd04/r_36",
            "rotation": 0.12566370614359174,
            "transform_matrix": [
                [
                    -0.1466965675354004,
                    -0.7539498209953308,
                    0.6403433680534363,
                    2.5813069343566895
                ],
                [
                    0.9891815185546875,
                    -0.11181148886680603,
                    0.09496354311704636,
                    0.3828103244304657
                ],
                [
                    0.0,
                    0.6473466753959656,
                    0.7621955871582031,
                    3.0725088119506836
                ],
                [
                    0.0,
                    0.0,
                    0.0,
                    1.0
                ]
            ]
        },
        {
            "file_path": "/data/shapenet_blender/all_50_random/02958343/6d083701a45fd0721ccbd9e5bb82dd04/r_37",
            "rotation": 0.12566370614359174,
            "transform_matrix": [
                [
                    0.8003248572349548,
                    -0.21510004997253418,
                    0.5596534013748169,
                    2.256035327911377
                ],
                [
                    0.5995664596557617,
                    0.28712397813796997,
                    -0.7470473051071167,
                    -3.011444330215454
                ],
                [
                    -1.4901160305669237e-08,
                    0.9334300756454468,
                    0.35875922441482544,
                    1.4462047815322876
                ],
                [
                    0.0,
                    0.0,
                    0.0,
                    1.0
                ]
            ]
        },
        {
            "file_path": "/data/shapenet_blender/all_50_random/02958343/6d083701a45fd0721ccbd9e5bb82dd04/r_38",
            "rotation": 0.12566370614359174,
            "transform_matrix": [
                [
                    -0.9780833125114441,
                    0.09315979480743408,
                    0.186210498213768,
                    0.7506385445594788
                ],
                [
                    0.20821407437324524,
                    0.43761709332466125,
                    0.8747217655181885,
                    3.526116132736206
                ],
                [
                    0.0,
                    0.8943223357200623,
                    -0.44742316007614136,
                    -1.803620457649231
                ],
                [
                    0.0,
                    0.0,
                    0.0,
                    1.0
                ]
            ]
        },
        {
            "file_path": "/data/shapenet_blender/all_50_random/02958343/6d083701a45fd0721ccbd9e5bb82dd04/r_39",
            "rotation": 0.12566370614359174,
            "transform_matrix": [
                [
                    0.9206722378730774,
                    0.15617075562477112,
                    -0.3577333986759186,
                    -1.4420695304870605
                ],
                [
                    -0.39033639430999756,
                    0.3683542311191559,
                    -0.8437727689743042,
                    -3.4013571739196777
                ],
                [
                    -1.4901160305669237e-08,
                    0.9164746403694153,
                    0.4000926613807678,
                    1.6128252744674683
                ],
                [
                    0.0,
                    0.0,
                    0.0,
                    1.0
                ]
            ]
        },
        {
            "file_path": "/data/shapenet_blender/all_50_random/02958343/6d083701a45fd0721ccbd9e5bb82dd04/r_40",
            "rotation": 0.12566370614359174,
            "transform_matrix": [
                [
                    -0.576460063457489,
                    0.0811644196510315,
                    -0.8130842447280884,
                    -3.2776474952697754
                ],
                [
                    -0.8171252608299255,
                    -0.05725933611392975,
                    0.5736092329025269,
                    2.3122928142547607
                ],
                [
                    -3.725290298461914e-09,
                    0.9950546026229858,
                    0.09932921826839447,
                    0.40040889382362366
                ],
                [
                    0.0,
                    0.0,
                    0.0,
                    1.0
                ]
            ]
        },
        {
            "file_path": "/data/shapenet_blender/all_50_random/02958343/6d083701a45fd0721ccbd9e5bb82dd04/r_41",
            "rotation": 0.12566370614359174,
            "transform_matrix": [
                [
                    -0.9820421934127808,
                    0.14848893880844116,
                    -0.11637984961271286,
                    -0.46914219856262207
                ],
                [
                    -0.18866170942783356,
                    -0.7729305028915405,
                    0.6057928800582886,
                    2.4420294761657715
                ],
                [
                    0.0,
                    0.6168704628944397,
