{
    "class": "02958343",
    "model": "29b558ed31fcbb48a2cf64b275615f0b",
    "remove_doubles": true,
    "edge_split": true,
    "denoise": true,
    "camera_angle_x": 0.6911112070083618,
    "scale_factor": 2.294935885703624,
    "hdri_file": "/data/IndoorHDRDataset2018/9C4A8592-3cbc27ba32.exr",
    "center_offset": [
        0.0,
        -2.3283064365386963e-09,
        -3.725290298461914e-09
    ],
    "lights": [],
    "frames": [
        {
            "file_path": "/data/shapenet_blender/all_50_random/02958343/29b558ed31fcbb48a2cf64b275615f0b/r_0",
            "rotation": 0.12566370614359174,
            "transform_matrix": [
                [
                    -1.0,
                    -0.00015753833577036858,
                    -0.00014391304284799844,
                    -0.000580132007598877
                ],
                [
                    -0.0002133759844582528,
                    0.7383133769035339,
                    0.6744576096534729,
                    2.718825578689575
                ],
                [
                    -7.275958481545164e-12,
                    0.6744575500488281,
                    -0.7383135557174683,
                    -2.9762370586395264
                ],
                [
                    0.0,
                    0.0,
                    0.0,
                    1.0
                ]
            ]
        },
        {
            "file_path": "/data/shapenet_blender/all_50_random/02958343/29b558ed31fcbb48a2cf64b275615f0b/r_1",
            "rotation": 0.12566370614359174,
            "transform_matrix": [
                [
                    -0.9758060574531555,
                    -0.0413983054459095,
                    0.214682936668396,
                    0.8654146194458008
                ],
                [
                    0.21863803267478943,
                    -0.1847652941942215,
                    0.958154022693634,
                    3.8624424934387207
                ],
                [
                    3.725290298461914e-09,
                    0.9819102883338928,
                    0.1893463283777237,
                    0.7632794380187988
                ],
                [
                    0.0,
                    0.0,
                    0.0,
                    1.0
                ]
            ]
        },
        {
            "file_path": "/data/shapenet_blender/all_50_random/02958343/29b558ed31fcbb48a2cf64b275615f0b/r_2",
            "rotation": 0.12566370614359174,
            "transform_matrix": [
                [
                    -0.984376072883606,
                    -0.09908480942249298,
                    0.14555391669273376,
                    0.5867466926574707
                ],
                [
                    0.17607879638671875,
                    -0.5539378523826599,
                    0.8137253522872925,
                    3.2802319526672363
                ],
                [
                    7.450580596923828e-09,
                    0.8266406655311584,
                    0.5627299547195435,
                    2.268437147140503
                ],
                [
                    0.0,
                    0.0,
                    0.0,
                    1.0
                ]
            ]
        },
        {
            "file_path": "/data/shapenet_blender/all_50_random/02958343/29b558ed31fcbb48a2cf64b275615f0b/r_3",
            "rotation": 0.12566370614359174,
            "transform_matrix": [
                [
                    -0.5458620190620422,
                    0.060662854462862015,
                    -0.8356761336326599,
                    -3.368718385696411
                ],
                [
                    -0.8378751277923584,
                    -0.03952086716890335,
                    0.5444294214248657,
                    2.1946654319763184
                ],
                [
                    0.0,
                    0.9973756670951843,
                    0.07240083068609238,
                    0.29185712337493896
                ],
                [
                    0.0,
                    0.0,
                    0.0,
                    1.0
                ]
            ]
        },
        {
            "file_path": "/data/shapenet_blender/all_50_random/02958343/29b558ed31fcbb48a2cf64b275615f0b/r_4",
            "rotation": 0.12566370614359174,
            "transform_matrix": [
                [
                    -0.04031819477677345,
                    0.5102629065513611,
                    0.8590728044509888,
                    3.463033437728882
                ],
                [
                    0.9991869330406189,
                    0.020589619874954224,
                    0.034664448350667953,
                    0.13973687589168549
                ],
                [
                    0.0,
                    0.8597719073295593,
                    -0.5106781125068665,
                    -2.0586094856262207
                ],
                [
                    0.0,
                    0.0,
                    0.0,
                    1.0
                ]
            ]
        },
        {
            "file_path": "/data/shapenet_blender/all_50_random/02958343/29b558ed31fcbb48a2cf64b275615f0b/r_5",
            "rotation": 0.12566370614359174,
            "transform_matrix": [
                [
                    -0.061729203909635544,
                    -0.4336342513561249,
                    -0.8989719748497009,
                    -3.6238722801208496
                ],
                [
                    -0.9980930089950562,
                    0.02681904099881649,
                    0.05559885501861572,
                    0.2241261750459671
                ],
                [
                    0.0,
                    0.9006896615028381,
                    -0.4344627857208252,
                    -1.751375675201416
                ],
                [
                    0.0,
                    0.0,
                    0.0,
                    1.0
                ]
            ]
        },
        {
            "file_path": "/data/shapenet_blender/all_50_random/02958343/29b558ed31fcbb48a2cf64b275615f0b/r_6",
            "rotation": 0.12566370614359174,
            "transform_matrix": [
                [
                    0.9992255568504333,
                    -0.017596475780010223,
                    -0.03519335761666298,
                    -0.1418689489364624
                ],
                [
                    -0.03934727609157562,
                    -0.44686317443847656,
                    -0.8937366604804993,
                    -3.6027672290802
                ],
                [
                    0.0,
                    0.8944292664527893,
                    -0.44720956683158875,
                    -1.8027591705322266
                ],
                [
                    0.0,
                    0.0,
                    0.0,
                    1.0
                ]
            ]
        },
        {
            "file_path": "/data/shapenet_blender/all_50_random/02958343/29b558ed31fcbb48a2cf64b275615f0b/r_7",
            "rotation": 0.12566370614359174,
            "transform_matrix": [
                [
                    0.9875690937042236,
                    0.004855531733483076,
                    0.1571107804775238,
                    0.6333338022232056
                ],
                [
                    0.15718580782413483,
                    -0.030506402254104614,
                    -0.9870977401733398,
                    -3.9791183471679688
                ],
                [
                    0.0,
                    0.9995227456092834,
                    -0.03089039772748947,
                    -0.12452317774295807
                ],
                [
                    0.0,
                    0.0,
                    0.0,
                    1.0
                ]
            ]
        },
        {
            "file_path": "/data/shapenet_blender/all_50_random/02958343/29b558ed31fcbb48a2cf64b275615f0b/r_8",
            "rotation": 0.12566370614359174,
            "transform_matrix": [
                [
                    -0.8889144659042358,
                    -0.16447174549102783,
                    -0.42752787470817566,
                    -1.7234201431274414
                ],
                [
                    -0.4580731689929962,
                    0.31916582584381104,
                    0.829639732837677,
                    3.3443849086761475
                ],
                [
                    0.0,
                    0.9333177804946899,
                    -0.3590511977672577,
                    -1.4473817348480225
                ],
                [
                    0.0,
                    0.0,
                    0.0,
                    1.0
                ]
            ]
        },
        {
            "file_path": "/data/shapenet_blender/all_50_random/02958343/29b558ed31fcbb48a2cf64b275615f0b/r_9",
            "rotation": 0.12566370614359174,
            "transform_matrix": [
                [
                    0.9871269464492798,
                    -0.022877156734466553,
                    -0.15829448401927948,
                    -0.6381055116653442
                ],
                [
                    -0.15993911027908325,
                    -0.1411953568458557,
                    -0.9769765734672546,
                    -3.9383187294006348
                ],
                [
                    -1.862645149230957e-09,
                    0.9897173643112183,
                    -0.14303666353225708,
                    -0.5765992999076843
                ],
                [
                    0.0,
                    0.0,
                    0.0,
                    1.0
                ]
            ]
        },
        {
            "file_path": "/data/shapenet_blender/all_50_random/02958343/29b558ed31fcbb48a2cf64b275615f0b/r_10",
            "rotation": 0.12566370614359174,
            "transform_matrix": [
                [
                    -0.14597344398498535,
                    -0.2325272262096405,
                    0.9615731239318848,
                    3.876224994659424
                ],
                [
                    0.9892885088920593,
                    -0.03431031480431557,
                    0.14188392460346222,
                    0.5719524025917053
                ],
                [
                    0.0,
                    0.9719845652580261,
                    0.23504489660263062,
                    0.947496235370636
                ],
                [
                    0.0,
                    0.0,
                    0.0,
                    1.0
                ]
            ]
        },
        {
            "file_path": "/data/shapenet_blender/all_50_random/02958343/29b558ed31fcbb48a2cf64b275615f0b/r_11",
            "rotation": 0.12566370614359174,
            "transform_matrix": [
                [
                    -0.8158405423164368,
                    -0.19394497573375702,
                    -0.5447840690612793,
                    -2.1960947513580322
                ],
                [
                    -0.578277051448822,
                    0.27362000942230225,
                    0.7685881853103638,
                    3.098278045654297
                ],
                [
                    1.4901161193847656e-08,
                    0.9420813918113708,
                    -0.33538421988487244,
                    -1.351976990699768
                ],
                [
                    0.0,
                    0.0,
                    0.0,
                    1.0
                ]
            ]
        },
        {
            "file_path": "/data/shapenet_blender/all_50_random/02958343/29b558ed31fcbb48a2cf64b275615f0b/r_12",
            "rotation": 0.12566370614359174,
            "transform_matrix": [
                [
                    -0.3589460253715515,
                    0.283671110868454,
                    -0.8892065286636353,
                    -3.5845065116882324
                ],
                [
                    -0.9333582520484924,
                    -0.10909275710582733,
                    0.3419663906097412,
                    1.3785107135772705
                ],
                [
                    0.0,
                    0.9526957869529724,
                    0.30392518639564514,
                    1.2251617908477783
                ],
                [
                    0.0,
                    0.0,
                    0.0,
                    1.0
                ]
            ]
        },
        {
            "file_path": "/data/shapenet_blender/all_50_random/02958343/29b558ed31fcbb48a2cf64b275615f0b/r_13",
            "rotation": 0.12566370614359174,
            "transform_matrix": [
                [
                    0.9249310493469238,
                    0.02183276042342186,
                    0.379507452249527,
                    1.5298435688018799
                ],
                [
                    0.38013502955436707,
                    -0.05312269926071167,
                    -0.9234041571617126,
                    -3.7223615646362305
                ],
                [
                    0.0,
                    0.9983492493629456,
                    -0.05743422359228134,
                    -0.2315247803926468
                ],
                [
                    0.0,
                    0.0,
                    0.0,
                    1.0
                ]
            ]
        },
        {
            "file_path": "/data/shapenet_blender/all_50_random/02958343/29b558ed31fcbb48a2cf64b275615f0b/r_14",
            "rotation": 0.12566370614359174,
            "transform_matrix": [
                [
                    0.33497220277786255,
                    -0.6386545896530151,
                    0.6927582025527954,
                    2.792597770690918
                ],
                [
                    0.9422280788421631,
                    0.22704856097698212,
                    -0.24628299474716187,
                    -0.9927985668182373
                ],
                [
                    0.0,
                    0.7352342009544373,
                    0.6778131723403931,
                    2.7323524951934814
                ],
                [
                    0.0,
                    0.0,
                    0.0,
                    1.0
                ]
            ]
        },
        {
            "file_path": "/data/shapenet_blender/all_50_random/02958343/29b558ed31fcbb48a2cf64b275615f0b/r_15",
            "rotation": 0.12566370614359174,
            "transform_matrix": [
                [
                    0.6348898410797119,
                    0.008303237147629261,
                    -0.7725580334663391,
                    -3.114280939102173
                ],
                [
                    -0.7726026773452759,
                    0.006823224946856499,
                    -0.634853184223175,
                    -2.5591750144958496
                ],
                [
                    4.656612873077393e-10,
                    0.9999422430992126,
                    0.010747100226581097,
                    0.04332294687628746
                ],
                [
                    0.0,
                    0.0,
                    0.0,
                    1.0
                ]
            ]
        },
        {
            "file_path": "/data/shapenet_blender/all_50_random/02958343/29b558ed31fcbb48a2cf64b275615f0b/r_16",
            "rotation": 0.12566370614359174,
            "transform_matrix": [
                [
                    -0.7614359259605408,
                    0.6192232370376587,
                    0.19177553057670593,
                    0.7730718851089478
                ],
                [
                    0.6482401490211487,
                    0.7273520827293396,
                    0.22526340186595917,
                    0.9080657958984375
                ],
                [
                    0.0,
                    0.29584014415740967,
                    -0.9552373886108398,
                    -3.8506851196289062
                ],
                [
                    0.0,
                    0.0,
                    0.0,
                    1.0
                ]
            ]
        },
        {
            "file_path": "/data/shapenet_blender/all_50_random/02958343/29b558ed31fcbb48a2cf64b275615f0b/r_17",
            "rotation": 0.12566370614359174,
            "transform_matrix": [
                [
                    -0.8230786323547363,
                    0.02841055393218994,
                    -0.5672165155410767,
                    -2.28652286529541
                ],
                [
                    -0.5679275989532471,
                    -0.04117446765303612,
                    0.822048008441925,
                    3.313781499862671
                ],
                [
                    1.862645371275562e-09,
                    0.9987479448318481,
                    0.050024960190057755,
                    0.20165707170963287
                ],
                [
                    0.0,
                    0.0,
                    0.0,
                    1.0
                ]
            ]
        },
        {
            "file_path": "/data/shapenet_blender/all_50_random/02958343/29b558ed31fcbb48a2cf64b275615f0b/r_18",
            "rotation": 0.12566370614359174,
            "transform_matrix": [
                [
                    -0.8738209009170532,
                    0.09061799943447113,
                    0.4777293801307678,
                    1.9257887601852417
                ],
                [
                    0.48624783754348755,
                    0.16284680366516113,
                    0.8585126399993896,
                    3.460775136947632
                ],
                [
                    -7.450580152834618e-09,
                    0.9824812412261963,
                    -0.18636174499988556,
                    -0.7512482404708862
                ],
                [
                    0.0,
                    0.0,
                    0.0,
                    1.0
                ]
            ]
        },
        {
            "file_path": "/data/shapenet_blender/all_50_random/02958343/29b558ed31fcbb48a2cf64b275615f0b/r_19",
            "rotation": 0.12566370614359174,
            "transform_matrix": [
                [
                    -0.9743553996086121,
                    0.11746977269649506,
                    -0.19191749393939972,
                    -0.773644208908081
                ],
                [
                    -0.22501438856124878,
                    -0.5086665749549866,
                    0.8310394883155823,
                    3.350027561187744
                ],
                [
                    -7.450580152834618e-09,
                    0.8529121279716492,
                    0.5220543742179871,
                    2.104468822479248
                ],
                [
                    0.0,
                    0.0,
                    0.0,
                    1.0
                ]
            ]
        },
        {
            "file_path": "/data/shapenet_blender/all_50_random/02958343/29b558ed31fcbb48a2cf64b275615f0b/r_20",
            "rotation": 0.12566370614359174,
            "transform_matrix": [
                [
                    0.2625649571418762,
                    0.1876348853111267,
                    -0.946494996547699,
                    -3.815443277359009
                ],
                [
                    -0.9649143815040588,
                    0.05105774104595184,
                    -0.257552832365036,
                    -1.0382286310195923
                ],
                [
                    0.0,
                    0.9809109568595886,
                    0.19445756077766418,
                    0.7838835120201111
                ],
                [
                    0.0,
                    0.0,
                    0.0,
                    1.0
                ]
            ]
        },
        {
            "file_path": "/data/shapenet_blender/all_50_random/02958343/29b558ed31fcbb48a2cf64b275615f0b/r_21",
            "rotation": 0.12566370614359174,
            "transform_matrix": [
                [
                    0.8399909138679504,
                    0.529765248298645,
                    -0.11731982976198196,
                    -0.4729313552379608
                ],
                [
                    -0.5426003336906433,
                    0.820121169090271,
                    -0.18162097036838531,
                    -0.7321375608444214
                ],
                [
                    0.0,
                    0.2162178009748459,
                    0.9763451218605042,
                    3.9357731342315674
                ],
                [
                    0.0,
                    0.0,
                    0.0,
                    1.0
                ]
            ]
        },
        {
            "file_path": "/data/shapenet_blender/all_50_random/02958343/29b558ed31fcbb48a2cf64b275615f0b/r_22",
            "rotation": 0.12566370614359174,
            "transform_matrix": [
                [
                    -0.1290259212255478,
                    -0.04629336670041084,
                    -0.9905600547790527,
                    -3.993075132369995
                ],
                [
                    -0.9916412234306335,
                    0.006023392081260681,
                    0.12888523936271667,
                    0.519553005695343
                ],
                [
                    -4.6566125955216364e-10,
                    0.9989096522331238,
                    -0.04668358340859413,
                    -0.18818753957748413
                ],
                [
                    0.0,
                    0.0,
                    0.0,
                    1.0
                ]
            ]
        },
        {
            "file_path": "/data/shapenet_blender/all_50_random/02958343/29b558ed31fcbb48a2cf64b275615f0b/r_23",
            "rotation": 0.12566370614359174,
            "transform_matrix": [
                [
                    0.20554323494434357,
                    -0.547989547252655,
                    0.8108386397361755,
                    3.2685954570770264
                ],
                [
                    0.9786480665206909,
                    0.11509299278259277,
                    -0.17029859125614166,
                    -0.6864956617355347
                ],
                [
                    7.450580596923828e-09,
                    0.8285293579101562,
                    0.5599454045295715,
                    2.2572124004364014
                ],
                [
                    0.0,
                    0.0,
                    0.0,
                    1.0
                ]
            ]
        },
        {
            "file_path": "/data/shapenet_blender/all_50_random/02958343/29b558ed31fcbb48a2cf64b275615f0b/r_24",
            "rotation": 0.12566370614359174,
            "transform_matrix": [
                [
                    0.9999251365661621,
                    -0.001669441000558436,
                    -0.012127452529966831,
                    -0.04888732358813286
                ],
                [
                    -0.012241818942129612,
                    -0.1363617479801178,
                    -0.9905834794044495,
                    -3.9931697845458984
                ],
                [
                    0.0,
                    0.9906577467918396,
                    -0.13637198507785797,
                    -0.54973304271698
                ],
                [
                    0.0,
                    0.0,
                    0.0,
                    1.0
                ]
            ]
        },
        {
            "file_path": "/data/shapenet_blender/all_50_random/02958343/29b558ed31fcbb48a2cf64b275615f0b/r_25",
            "rotation": 0.12566370614359174,
            "transform_matrix": [
                [
                    -0.48042625188827515,
                    -0.46326926350593567,
                    -0.7446960210800171,
                    -3.0019657611846924
                ],
                [
                    -0.8770350813865662,
                    0.25377175211906433,
                    0.40793296694755554,
                    1.64443039894104
                ],
                [
                    1.4901160305669237e-08,
                    0.8491063714027405,
                    -0.5282219648361206,
                    -2.12933087348938
                ],
                [
                    0.0,
                    0.0,
                    0.0,
                    1.0
                ]
            ]
        },
        {
            "file_path": "/data/shapenet_blender/all_50_random/02958343/29b558ed31fcbb48a2cf64b275615f0b/r_26",
            "rotation": 0.12566370614359174,
            "transform_matrix": [
                [
                    0.9349287748336792,
                    0.3147301971912384,
                    -0.16386954486370087,
                    -0.6605793237686157
                ],
                [
                    -0.3548356294631958,
                    0.8292580246925354,
                    -0.4317671060562134,
                    -1.740509033203125
                ],
                [
                    -1.4901161193847656e-08,
                    0.46181827783584595,
                    0.8869745135307312,
                    3.5755088329315186
                ],
                [
                    0.0,
                    0.0,
                    0.0,
                    1.0
                ]
            ]
        },
        {
            "file_path": "/data/shapenet_blender/all_50_random/02958343/29b558ed31fcbb48a2cf64b275615f0b/r_27",
            "rotation": 0.12566370614359174,
            "transform_matrix": [
                [
                    -0.3459014296531677,
                    0.07421322911977768,
                    0.9353312253952026,
                    3.7704410552978516
                ],
                [
                    0.9382708668708801,
                    0.027359329164028168,
                    0.3448176980018616,
                    1.3900047540664673
                ],
                [
                    1.862645149230957e-09,
                    0.9968669414520264,
                    -0.0790957361459732,
                    -0.31884515285491943
                ],
                [
                    0.0,
                    0.0,
                    0.0,
                    1.0
                ]
            ]
        },
        {
            "file_path": "/data/shapenet_blender/all_50_random/02958343/29b558ed31fcbb48a2cf64b275615f0b/r_28",
            "rotation": 0.12566370614359174,
            "transform_matrix": [
                [
                    -0.9229264855384827,
                    0.005519309546798468,
                    0.3849366009235382,
                    1.5517290830612183
                ],
                [
                    0.3849761486053467,
                    0.013231771998107433,
                    0.922831654548645,
                    3.7200534343719482
                ],
                [
                    0.0,
                    0.9998971819877625,
                    -0.014336757361888885,
                    -0.05779331922531128
                ],
                [
                    0.0,
                    0.0,
                    0.0,
                    1.0
                ]
            ]
        },
        {
            "file_path": "/data/shapenet_blender/all_50_random/02958343/29b558ed31fcbb48a2cf64b275615f0b/r_29",
            "rotation": 0.12566370614359174,
            "transform_matrix": [
                [
                    -0.573560893535614,
                    0.36037296056747437,
                    0.7356352210044861,
                    2.965440511703491
                ],
                [
                    0.8191629648208618,
                    0.2523256838321686,
                    0.5150765180587769,
                    2.0763399600982666
                ],
                [
                    -1.4901162970204496e-08,
                    0.8980328440666199,
                    -0.4399282932281494,
                    -1.7734076976776123
                ],
                [
                    0.0,
                    0.0,
                    0.0,
                    1.0
                ]
            ]
        },
        {
            "file_path": "/data/shapenet_blender/all_50_random/02958343/29b558ed31fcbb48a2cf64b275615f0b/r_30",
            "rotation": 0.12566370614359174,
            "transform_matrix": [
                [
                    -0.822197675704956,
                    -0.02039211057126522,
                    -0.5688367486000061,
                    -2.2930543422698975
                ],
                [
                    -0.569202184677124,
                    0.029455870389938354,
                    0.8216697573661804,
                    3.3122568130493164
                ],
                [
                    0.0,
                    0.9993579387664795,
                    -0.035825781524181366,
                    -0.14441834390163422
                ],
                [
                    0.0,
                    0.0,
                    0.0,
                    1.0
                ]
            ]
        },
        {
            "file_path": "/data/shapenet_blender/all_50_random/02958343/29b558ed31fcbb48a2cf64b275615f0b/r_31",
            "rotation": 0.12566370614359174,
            "transform_matrix": [
                [
                    -0.04025408998131752,
                    0.3607788383960724,
                    -0.9317823052406311,
                    -3.756134510040283
                ],
                [
                    -0.999189555644989,
                    -0.0145346038043499,
                    0.037538472563028336,
                    0.15132242441177368
                ],
                [
                    -9.31322685637781e-10,
                    0.9325380921363831,
                    0.36107146739959717,
                    1.4555256366729736
                ],
                [
                    0.0,
                    0.0,
                    0.0,
                    1.0
                ]
            ]
        },
        {
            "file_path": "/data/shapenet_blender/all_50_random/02958343/29b558ed31fcbb48a2cf64b275615f0b/r_32",
            "rotation": 0.12566370614359174,
            "transform_matrix": [
                [
                    0.8339812159538269,
                    -0.09774444252252579,
                    -0.5430664420127869,
                    -2.189171075820923
                ],
                [
                    -0.5517926812171936,
                    -0.1477312594652176,
                    -0.8207923769950867,
                    -3.308720111846924
                ],
                [
                    0.0,
                    0.9841857552528381,
                    -0.1771397441625595,
                    -0.7140731811523438
                ],
                [
                    0.0,
                    0.0,
                    0.0,
                    1.0
                ]
            ]
        },
        {
            "file_path": "/data/shapenet_blender/all_50_random/02958343/29b558ed31fcbb48a2cf64b275615f0b/r_33",
            "rotation": 0.12566370614359174,
            "transform_matrix": [
                [
                    -0.057445477694272995,
                    0.6515092849731445,
                    -0.7564625144004822,
                    -3.0493979454040527
                ],
                [
                    -0.9983487129211426,
                    -0.037488166242837906,
                    0.04352722316980362,
                    0.17546385526657104
                ],
                [
                    -3.725290742551124e-09,
                    0.7577136754989624,
                    0.6525870561599731,
                    2.630662679672241
                ],
                [
                    0.0,
                    0.0,
                    0.0,
                    1.0
                ]
            ]
        },
        {
            "file_path": "/data/shapenet_blender/all_50_random/02958343/29b558ed31fcbb48a2cf64b275615f0b/r_34",
            "rotation": 0.12566370614359174,
            "transform_matrix": [
                [
                    -0.7450605630874634,
                    0.07192611694335938,
                    -0.6631073355674744,
                    -2.6730713844299316
                ],
                [
                    -0.6669968962669373,
                    -0.08034417033195496,
                    0.7407158017158508,
                    2.9859211444854736
                ],
                [
                    0.0,
                    0.9941686987876892,
                    0.10783574730157852,
                    0.4346998333930969
                ],
                [
                    0.0,
                    0.0,
                    0.0,
                    1.0
                ]
            ]
        },
        {
            "file_path": "/data/shapenet_blender/all_50_random/02958343/29b558ed31fcbb48a2cf64b275615f0b/r_35",
            "rotation": 0.12566370614359174,
            "transform_matrix": [
                [
                    0.06715238839387894,
                    -0.1671997308731079,
                    0.9836335182189941,
                    3.965153455734253
                ],
                [
                    0.997742772102356,
                    0.011253262870013714,
                    -0.06620277464389801,
                    -0.26687192916870117
                ],
                [
                    0.0,
                    0.9858587384223938,
                    0.16757802665233612,
                    0.6755286455154419
                ],
                [
                    0.0,
                    0.0,
                    0.0,
                    1.0
                ]
            ]
        },
        {
            "file_path": "/data/shapenet_blender/all_50_random/02958343/29b558ed31fcbb48a2cf64b275615f0b/r_36",
            "rotation": 0.12566370614359174,
            "transform_matrix": [
                [
                    0.8025540709495544,
                    -0.3989451229572296,
                    -0.4435647428035736,
                    -1.7880666255950928
                ],
                [
                    -0.5965792536735535,
                    -0.5366848111152649,
                    -0.5967097878456116,
                    -2.40541410446167
                ],
                [
                    0.0,
                    0.7435134053230286,
                    -0.6687209606170654,
                    -2.6957004070281982
                ],
                [
                    0.0,
                    0.0,
                    0.0,
                    1.0
                ]
            ]
        },
        {
            "file_path": "/data/shapenet_blender/all_50_random/02958343/29b558ed31fcbb48a2cf64b275615f0b/r_37",
            "rotation": 0.12566370614359174,
            "transform_matrix": [
                [
                    -0.8853064179420471,
                    0.33257076144218445,
                    -0.3250064253807068,
                    -1.3101427555084229
                ],
                [
                    -0.465008020401001,
                    -0.6331655383110046,
                    0.6187641024589539,
                    2.4943177700042725
                ],
                [
                    -2.9802320611338473e-08,
                    0.6989264488220215,
                    0.7151935696601868,
                    2.883037567138672
                ],
                [
                    0.0,
                    0.0,
                    0.0,
                    1.0
                ]
            ]
        },
        {
            "file_path": "/data/shapenet_blender/all_50_random/02958343/29b558ed31fcbb48a2cf64b275615f0b/r_38",
            "rotation": 0.12566370614359174,
            "transform_matrix": [
                [
                    0.3203599750995636,
                    0.7261867523193359,
                    0.6082944273948669,
                    2.452113389968872
                ],
                [
                    0.9472959637641907,
                    -0.24558447301387787,
                    -0.20571520924568176,
                    -0.8292645215988159
                ],
                [
                    0.0,
                    0.6421376466751099,
                    -0.7665892839431763,
                    -3.0902202129364014
                ],
                [
                    0.0,
                    0.0,
                    0.0,
                    1.0
                ]
            ]
        },
        {
            "file_path": "/data/shapenet_blender/all_50_random/02958343/29b558ed31fcbb48a2cf64b275615f0b/r_39",
            "rotation": 0.12566370614359174,
            "transform_matrix": [
                [
                    -0.39564216136932373,
                    -0.46333080530166626,
                    -0.792963981628418,
                    -3.196540117263794
                ],
                [
                    -0.9184048175811768,
                    0.19959954917430878,
                    0.3416031301021576,
                    1.3770462274551392
                ],
                [
                    0.0,
                    0.863414466381073,
                    -0.5044952034950256,
                    -2.0336852073669434
                ],
                [
                    0.0,
                    0.0,
                    0.0,
                    1.0
                ]
            ]
        },
        {
            "file_path": "/data/shapenet_blender/all_50_random/02958343/29b558ed31fcbb48a2cf64b275615f0b/r_40",
            "rotation": 0.12566370614359174,
            "transform_matrix": [
                [
                    -0.9707136750221252,
                    -0.12387625128030777,
                    0.20583873987197876,
                    0.8297625184059143
                ],
                [
                    0.24023929238319397,
                    -0.5005358457565308,
                    0.8317144513130188,
                    3.352748155593872
                ],
                [
                    7.450580596923828e-09,
                    0.8568070530891418,
                    0.5156369805335999,
                    2.078599214553833
                ],
                [
                    0.0,
                    0.0,
                    0.0,
                    1.0
                ]
            ]
        },
        {
            "file_path": "/data/shapenet_blender/all_50_random/02958343/29b558ed31fcbb48a2cf64b275615f0b/r_41",
            "rotation": 0.12566370614359174,
            "transform_matrix": [
                [
                    0.8371543884277344,
                    -0.07485520839691162,
                    0.5418203473091125,
                    2.184147596359253
                ],
                [
                    0.5469667315483093,
                    0.11456888914108276,
                    -0.8292776346206665,
                    -3.3429250717163086
                ],
                [
