{
    "class": "02958343",
    "model": "1be075751d7cfbf9ee8e9bd690a19ec1",
    "remove_doubles": true,
    "edge_split": true,
    "denoise": true,
    "camera_angle_x": 0.6911112070083618,
    "scale_factor": 2.4111346220576815,
    "hdri_file": "/data/IndoorHDRDataset2018/AG8A1786-0e5eed73ce.exr",
    "center_offset": [
        0.0,
        0.0,
        1.862645149230957e-09
    ],
    "lights": [],
    "frames": [
        {
            "file_path": "/data/shapenet_blender/all_50_random/02958343/1be075751d7cfbf9ee8e9bd690a19ec1/r_0",
            "rotation": 0.12566370614359174,
            "transform_matrix": [
                [
                    0.08097445964813232,
                    0.08314339071512222,
                    0.9932422041893005,
                    4.00388765335083
                ],
                [
                    0.9967162609100342,
                    -0.006754672154784203,
                    -0.08069222420454025,
                    -0.3252807855606079
                ],
                [
                    0.0,
                    0.9965146780014038,
                    -0.08341731131076813,
                    -0.3362659811973572
                ],
                [
                    0.0,
                    0.0,
                    0.0,
                    1.0
                ]
            ]
        },
        {
            "file_path": "/data/shapenet_blender/all_50_random/02958343/1be075751d7cfbf9ee8e9bd690a19ec1/r_1",
            "rotation": 0.12566370614359174,
            "transform_matrix": [
                [
                    -0.9948027729988098,
                    -0.012969228439033031,
                    -0.10099194943904877,
                    -0.40711158514022827
                ],
                [
                    -0.10182130336761475,
                    0.1267104595899582,
                    0.9866999387741089,
                    3.9775149822235107
                ],
                [
                    9.313225746154785e-10,
                    0.9918549656867981,
                    -0.12737244367599487,
                    -0.513454794883728
                ],
                [
                    0.0,
                    0.0,
                    0.0,
                    1.0
                ]
            ]
        },
        {
            "file_path": "/data/shapenet_blender/all_50_random/02958343/1be075751d7cfbf9ee8e9bd690a19ec1/r_2",
            "rotation": 0.12566370614359174,
            "transform_matrix": [
                [
                    0.35676145553588867,
                    0.8538715243339539,
                    0.3789782226085663,
                    1.527710199356079
                ],
                [
                    0.9341955184936523,
                    -0.3260863721370697,
                    -0.1447286158800125,
                    -0.5834197998046875
                ],
                [
                    -1.4901161193847656e-08,
                    0.40567341446876526,
                    -0.9140180349349976,
                    -3.6845247745513916
                ],
                [
                    0.0,
                    0.0,
                    0.0,
                    1.0
                ]
            ]
        },
        {
            "file_path": "/data/shapenet_blender/all_50_random/02958343/1be075751d7cfbf9ee8e9bd690a19ec1/r_3",
            "rotation": 0.12566370614359174,
            "transform_matrix": [
                [
                    0.5255170464515686,
                    0.493153840303421,
                    -0.6932756304740906,
                    -2.7946834564208984
                ],
                [
                    -0.8507831692695618,
                    0.3046143054962158,
                    -0.4282267987728119,
                    -1.726237416267395
                ],
                [
                    0.0,
                    0.8148676156997681,
                    0.5796470046043396,
                    2.3366317749023438
                ],
                [
                    0.0,
                    0.0,
                    0.0,
                    1.0
                ]
            ]
        },
        {
            "file_path": "/data/shapenet_blender/all_50_random/02958343/1be075751d7cfbf9ee8e9bd690a19ec1/r_4",
            "rotation": 0.12566370614359174,
            "transform_matrix": [
                [
                    -0.409281462430954,
                    -0.44050049781799316,
                    0.7990293502807617,
                    3.2209904193878174
                ],
                [
                    0.9124081134796143,
                    -0.19759653508663177,
                    0.35842281579971313,
                    1.4448485374450684
                ],
                [
                    0.0,
                    0.8757367134094238,
                    0.4827888607978821,
                    1.9461841583251953
                ],
                [
                    0.0,
                    0.0,
                    0.0,
                    1.0
                ]
            ]
        },
        {
            "file_path": "/data/shapenet_blender/all_50_random/02958343/1be075751d7cfbf9ee8e9bd690a19ec1/r_5",
            "rotation": 0.12566370614359174,
            "transform_matrix": [
                [
                    0.04763704538345337,
                    -0.6143158674240112,
                    -0.7876209616661072,
                    -3.175001621246338
                ],
                [
                    -0.9988647699356079,
                    -0.02929745241999626,
                    -0.03756257891654968,
                    -0.15141959488391876
                ],
                [
                    0.0,
                    0.788516104221344,
                    -0.6150140762329102,
                    -2.479201078414917
                ],
                [
                    0.0,
                    0.0,
                    0.0,
                    1.0
                ]
            ]
        },
        {
            "file_path": "/data/shapenet_blender/all_50_random/02958343/1be075751d7cfbf9ee8e9bd690a19ec1/r_6",
            "rotation": 0.12566370614359174,
            "transform_matrix": [
                [
                    0.4535894989967346,
                    -0.6302603483200073,
                    -0.6301020383834839,
                    -2.540022611618042
                ],
                [
                    -0.8912107944488525,
                    -0.32077649235725403,
                    -0.3206959068775177,
                    -1.2927665710449219
                ],
                [
                    -1.4901161193847656e-08,
                    0.7070180177688599,
                    -0.7071955800056458,
                    -2.8507964611053467
                ],
                [
                    0.0,
                    0.0,
                    0.0,
                    1.0
                ]
            ]
        },
        {
            "file_path": "/data/shapenet_blender/all_50_random/02958343/1be075751d7cfbf9ee8e9bd690a19ec1/r_7",
            "rotation": 0.12566370614359174,
            "transform_matrix": [
                [
                    -0.8030034303665161,
                    0.46397459506988525,
                    -0.3740496039390564,
                    -1.5078423023223877
                ],
                [
                    -0.5959745049476624,
                    -0.6251495480537415,
                    0.5039864778518677,
                    2.03163480758667
                ],
                [
                    -1.4901162970204496e-08,
                    0.6276267766952515,
                    0.7785141468048096,
                    3.138291120529175
                ],
                [
                    0.0,
                    0.0,
                    0.0,
                    1.0
                ]
            ]
        },
        {
            "file_path": "/data/shapenet_blender/all_50_random/02958343/1be075751d7cfbf9ee8e9bd690a19ec1/r_8",
            "rotation": 0.12566370614359174,
            "transform_matrix": [
                [
                    0.7712414860725403,
                    0.4252876937389374,
                    -0.47362107038497925,
                    -1.909227728843689
                ],
                [
                    -0.6365426778793335,
                    0.5152827501296997,
                    -0.5738438963890076,
                    -2.3132388591766357
                ],
                [
                    1.4901161193847656e-08,
                    0.7440522909164429,
                    0.6681212782859802,
                    2.6932833194732666
                ],
                [
                    0.0,
                    0.0,
                    0.0,
                    1.0
                ]
            ]
        },
        {
            "file_path": "/data/shapenet_blender/all_50_random/02958343/1be075751d7cfbf9ee8e9bd690a19ec1/r_9",
            "rotation": 0.12566370614359174,
            "transform_matrix": [
                [
                    0.6664620637893677,
                    -0.1219453513622284,
                    -0.7354981899261475,
                    -2.964888334274292
                ],
                [
                    -0.7455390095710754,
                    -0.10901100188493729,
                    -0.6574862599372864,
                    -2.650412082672119
                ],
                [
                    -7.450581485102248e-09,
                    0.9865322709083557,
                    -0.1635666787624359,
                    -0.6593584418296814
                ],
                [
                    0.0,
                    0.0,
                    0.0,
                    1.0
                ]
            ]
        },
        {
            "file_path": "/data/shapenet_blender/all_50_random/02958343/1be075751d7cfbf9ee8e9bd690a19ec1/r_10",
            "rotation": 0.12566370614359174,
            "transform_matrix": [
                [
                    0.877648651599884,
                    -0.017984038218855858,
                    0.4789671301841736,
                    1.9307782649993896
                ],
                [
                    0.4793046712875366,
                    0.032930340617895126,
                    -0.8770305514335632,
                    -3.5354232788085938
                ],
                [
                    0.0,
                    0.9992958307266235,
                    0.03752109780907631,
                    0.1512523889541626
                ],
                [
                    0.0,
                    0.0,
                    0.0,
                    1.0
                ]
            ]
        },
        {
            "file_path": "/data/shapenet_blender/all_50_random/02958343/1be075751d7cfbf9ee8e9bd690a19ec1/r_11",
            "rotation": 0.12566370614359174,
            "transform_matrix": [
                [
                    0.6933416128158569,
                    -0.17741350829601288,
                    0.6984281539916992,
                    2.8154540061950684
                ],
                [
                    0.7206090688705444,
                    0.17070026695728302,
                    -0.671999990940094,
                    -2.708918571472168
                ],
                [
                    7.450580596923828e-09,
                    0.9692190885543823,
                    0.24619941413402557,
                    0.9924615621566772
                ],
                [
                    0.0,
                    0.0,
                    0.0,
                    1.0
                ]
            ]
        },
        {
            "file_path": "/data/shapenet_blender/all_50_random/02958343/1be075751d7cfbf9ee8e9bd690a19ec1/r_12",
            "rotation": 0.12566370614359174,
            "transform_matrix": [
                [
                    -0.7906042337417603,
                    -0.31709328293800354,
                    0.5238289833068848,
                    2.1116220951080322
                ],
                [
                    0.612327516078949,
                    -0.4094136953353882,
                    0.6763396859169006,
                    2.726412534713745
                ],
                [
                    -1.4901161193847656e-08,
                    0.8554719090461731,
                    0.5178491473197937,
                    2.0875167846679688
                ],
                [
                    0.0,
                    0.0,
                    0.0,
                    1.0
                ]
            ]
        },
        {
            "file_path": "/data/shapenet_blender/all_50_random/02958343/1be075751d7cfbf9ee8e9bd690a19ec1/r_13",
            "rotation": 0.12566370614359174,
            "transform_matrix": [
                [
                    -0.45880112051963806,
                    -0.2582326829433441,
                    -0.8501867055892944,
                    -3.4272122383117676
                ],
                [
                    -0.8885390758514404,
                    0.13333959877490997,
                    0.43899771571159363,
                    1.7696564197540283
                ],
                [
                    -7.450580596923828e-09,
                    0.9568366408348083,
                    -0.29062619805336,
                    -1.1715517044067383
                ],
                [
                    0.0,
                    0.0,
                    0.0,
                    1.0
                ]
            ]
        },
        {
            "file_path": "/data/shapenet_blender/all_50_random/02958343/1be075751d7cfbf9ee8e9bd690a19ec1/r_14",
            "rotation": 0.12566370614359174,
            "transform_matrix": [
                [
                    0.8895298838615417,
                    -0.01782805100083351,
                    0.4565288722515106,
                    1.8403270244598389
                ],
                [
                    0.4568769037723541,
                    0.0347108468413353,
                    -0.8888522982597351,
                    -3.583078622817993
                ],
                [
                    0.0,
                    0.9992383718490601,
                    0.039021559059619904,
                    0.1573009490966797
                ],
                [
                    0.0,
                    0.0,
                    0.0,
                    1.0
                ]
            ]
        },
        {
            "file_path": "/data/shapenet_blender/all_50_random/02958343/1be075751d7cfbf9ee8e9bd690a19ec1/r_15",
            "rotation": 0.12566370614359174,
            "transform_matrix": [
                [
                    0.8579170107841492,
                    -0.05857176333665848,
                    -0.5104387998580933,
                    -2.0576446056365967
                ],
                [
                    -0.5137882828712463,
                    -0.09780237078666687,
                    -0.8523240685462952,
                    -3.43582820892334
                ],
                [
                    0.0,
                    0.9934806823730469,
                    -0.11399982124567032,
                    -0.4595479667186737
                ],
                [
                    0.0,
                    0.0,
                    0.0,
                    1.0
                ]
            ]
        },
        {
            "file_path": "/data/shapenet_blender/all_50_random/02958343/1be075751d7cfbf9ee8e9bd690a19ec1/r_16",
            "rotation": 0.12566370614359174,
            "transform_matrix": [
                [
                    -0.4613535702228546,
                    0.5826469659805298,
                    -0.6690854430198669,
                    -2.6971700191497803
                ],
                [
                    -0.8872162699699402,
                    -0.30297714471817017,
                    0.34792524576187134,
                    1.402531623840332
                ],
                [
                    -1.4901160305669237e-08,
                    0.7541401386260986,
                    0.6567134261131287,
                    2.647296667098999
                ],
                [
                    0.0,
                    0.0,
                    0.0,
                    1.0
                ]
            ]
        },
        {
            "file_path": "/data/shapenet_blender/all_50_random/02958343/1be075751d7cfbf9ee8e9bd690a19ec1/r_17",
            "rotation": 0.12566370614359174,
            "transform_matrix": [
                [
                    0.5142959952354431,
                    -0.07854363322257996,
                    -0.8540084958076477,
                    -3.4426183700561523
                ],
                [
                    -0.8576128482818604,
                    -0.047101300209760666,
                    -0.5121345520019531,
                    -2.0644803047180176
                ],
                [
                    0.0,
                    0.995797336101532,
                    -0.09158402681350708,
                    -0.36918702721595764
                ],
                [
                    0.0,
                    0.0,
                    0.0,
                    1.0
                ]
            ]
        },
        {
            "file_path": "/data/shapenet_blender/all_50_random/02958343/1be075751d7cfbf9ee8e9bd690a19ec1/r_18",
            "rotation": 0.12566370614359174,
            "transform_matrix": [
                [
                    -0.37378424406051636,
                    -0.33462515473365784,
                    -0.8650497794151306,
                    -3.4871275424957275
                ],
                [
                    -0.9275156259536743,
                    0.1348523050546646,
                    0.34861084818840027,
                    1.4052953720092773
                ],
                [
                    -7.450580596923828e-09,
                    0.9326525330543518,
                    -0.3607757091522217,
                    -1.4543335437774658
                ],
                [
                    0.0,
                    0.0,
                    0.0,
                    1.0
                ]
            ]
        },
        {
            "file_path": "/data/shapenet_blender/all_50_random/02958343/1be075751d7cfbf9ee8e9bd690a19ec1/r_19",
            "rotation": 0.12566370614359174,
            "transform_matrix": [
                [
                    -0.9540875554084778,
                    0.19955715537071228,
                    0.22336924076080322,
                    0.9004302024841309
                ],
                [
                    0.29952773451805115,
                    0.635650634765625,
                    0.7114993929862976,
                    2.868145704269409
                ],
                [
                    -1.4901160305669237e-08,
                    0.7457379102706909,
                    -0.666239321231842,
                    -2.685696601867676
                ],
                [
                    0.0,
                    0.0,
                    0.0,
                    1.0
                ]
            ]
        },
        {
            "file_path": "/data/shapenet_blender/all_50_random/02958343/1be075751d7cfbf9ee8e9bd690a19ec1/r_20",
            "rotation": 0.12566370614359174,
            "transform_matrix": [
                [
                    0.37676766514778137,
                    -0.16372990608215332,
                    -0.9117229580879211,
                    -3.6752727031707764
                ],
                [
                    -0.9263079166412354,
                    -0.06659569591283798,
                    -0.3708353340625763,
                    -1.4948850870132446
                ],
                [
                    7.450581485102248e-09,
                    0.984254777431488,
                    -0.1767553836107254,
                    -0.7125237584114075
                ],
                [
                    0.0,
                    0.0,
                    0.0,
                    1.0
                ]
            ]
        },
        {
            "file_path": "/data/shapenet_blender/all_50_random/02958343/1be075751d7cfbf9ee8e9bd690a19ec1/r_21",
            "rotation": 0.12566370614359174,
            "transform_matrix": [
                [
                    -0.9963469505310059,
                    0.04067996144294739,
                    -0.07508660107851028,
                    -0.3026838004589081
                ],
                [
                    -0.08539824187755585,
                    -0.47461581230163574,
                    0.8760403990745544,
                    3.5314321517944336
                ],
                [
                    3.725290742551124e-09,
                    0.8792523741722107,
                    0.47635599970817566,
                    1.9202525615692139
                ],
                [
                    0.0,
                    0.0,
                    0.0,
                    1.0
                ]
            ]
        },
        {
            "file_path": "/data/shapenet_blender/all_50_random/02958343/1be075751d7cfbf9ee8e9bd690a19ec1/r_22",
            "rotation": 0.12566370614359174,
            "transform_matrix": [
                [
                    -0.7178888916969299,
                    -0.222599059343338,
                    -0.659609854221344,
                    -2.6589722633361816
                ],
                [
                    -0.6961576342582703,
                    0.22954770922660828,
                    0.6802002191543579,
                    2.7419748306274414
                ],
                [
                    0.0,
                    0.9475007057189941,
                    -0.3197537958621979,
                    -1.288968801498413
                ],
                [
                    0.0,
                    0.0,
                    0.0,
                    1.0
                ]
            ]
        },
        {
            "file_path": "/data/shapenet_blender/all_50_random/02958343/1be075751d7cfbf9ee8e9bd690a19ec1/r_23",
            "rotation": 0.12566370614359174,
            "transform_matrix": [
                [
                    -0.8862226605415344,
                    0.034891825169324875,
                    0.46194377541542053,
                    1.8621550798416138
                ],
                [
                    0.4632597267627716,
                    0.06674858182668686,
                    0.8837052583694458,
                    3.5623300075531006
                ],
                [
                    -1.862645371275562e-09,
                    0.9971595406532288,
                    -0.07531806826591492,
                    -0.30361688137054443
                ],
                [
                    0.0,
                    0.0,
                    0.0,
                    1.0
                ]
            ]
        },
        {
            "file_path": "/data/shapenet_blender/all_50_random/02958343/1be075751d7cfbf9ee8e9bd690a19ec1/r_24",
            "rotation": 0.12566370614359174,
            "transform_matrix": [
                [
                    -0.7135408520698547,
                    0.5635470151901245,
                    0.41626203060150146,
                    1.6780059337615967
                ],
                [
                    0.7006134986877441,
                    0.5739452838897705,
                    0.4239426851272583,
                    1.708967685699463
                ],
                [
                    0.0,
                    0.5941392183303833,
                    -0.8043621182441711,
                    -3.2424874305725098
                ],
                [
                    0.0,
                    0.0,
                    0.0,
                    1.0
                ]
            ]
        },
        {
            "file_path": "/data/shapenet_blender/all_50_random/02958343/1be075751d7cfbf9ee8e9bd690a19ec1/r_25",
            "rotation": 0.12566370614359174,
            "transform_matrix": [
                [
                    0.11162956058979034,
                    0.6983688473701477,
                    0.7069792151451111,
                    2.8499245643615723
                ],
                [
                    0.9937499761581421,
                    -0.07844890654087067,
                    -0.07941612601280212,
                    -0.3201366662979126
                ],
                [
                    0.0,
                    0.71142578125,
                    -0.702761173248291,
                    -2.832921028137207
                ],
                [
                    0.0,
                    0.0,
                    0.0,
                    1.0
                ]
            ]
        },
        {
            "file_path": "/data/shapenet_blender/all_50_random/02958343/1be075751d7cfbf9ee8e9bd690a19ec1/r_26",
            "rotation": 0.12566370614359174,
            "transform_matrix": [
                [
                    -0.4427018165588379,
                    -0.27587661147117615,
                    -0.8531748056411743,
                    -3.4392576217651367
                ],
                [
                    -0.8966689109802246,
                    0.13620531558990479,
                    0.42122796177864075,
                    1.6980242729187012
                ],
                [
                    0.0,
                    0.9514936804771423,
                    -0.3076683282852173,
                    -1.2402507066726685
                ],
                [
                    0.0,
                    0.0,
                    0.0,
                    1.0
                ]
            ]
        },
        {
            "file_path": "/data/shapenet_blender/all_50_random/02958343/1be075751d7cfbf9ee8e9bd690a19ec1/r_27",
            "rotation": 0.12566370614359174,
            "transform_matrix": [
                [
                    0.22762435674667358,
                    -0.27524256706237793,
                    0.9340388774871826,
                    3.765231132507324
                ],
                [
                    0.973749041557312,
                    0.06434092670679092,
                    -0.2183416783809662,
                    -0.8801634311676025
                ],
                [
                    -3.725290298461914e-09,
                    0.9592193365097046,
                    0.2826627492904663,
                    1.139449954032898
                ],
                [
                    0.0,
                    0.0,
                    0.0,
                    1.0
                ]
            ]
        },
        {
            "file_path": "/data/shapenet_blender/all_50_random/02958343/1be075751d7cfbf9ee8e9bd690a19ec1/r_28",
            "rotation": 0.12566370614359174,
            "transform_matrix": [
                [
                    0.829935610294342,
                    0.41350263357162476,
                    0.3744628131389618,
                    1.5095077753067017
                ],
                [
                    0.5578590631484985,
                    -0.6151742935180664,
                    -0.5570940971374512,
                    -2.245718002319336
                ],
                [
                    1.4901158529312397e-08,
                    0.6712498068809509,
                    -0.7412312030792236,
                    -2.9879984855651855
                ],
                [
                    0.0,
                    0.0,
                    0.0,
                    1.0
                ]
            ]
        },
        {
            "file_path": "/data/shapenet_blender/all_50_random/02958343/1be075751d7cfbf9ee8e9bd690a19ec1/r_29",
            "rotation": 0.12566370614359174,
            "transform_matrix": [
                [
                    0.9755628108978271,
                    -0.07146118581295013,
                    -0.20777495205402374,
                    -0.8375676274299622
                ],
                [
                    -0.21972058713436127,
                    -0.3172887861728668,
                    -0.9225240349769592,
                    -3.718813419342041
                ],
                [
                    0.0,
                    0.9456325769424438,
                    -0.32523664832115173,
                    -1.3110709190368652
                ],
                [
                    0.0,
                    0.0,
                    0.0,
                    1.0
                ]
            ]
        },
        {
            "file_path": "/data/shapenet_blender/all_50_random/02958343/1be075751d7cfbf9ee8e9bd690a19ec1/r_30",
            "rotation": 0.12566370614359174,
            "transform_matrix": [
                [
                    0.9169436693191528,
                    0.22846248745918274,
                    -0.32713788747787476,
                    -1.318735122680664
                ],
                [
                    -0.39901670813560486,
                    0.5250086188316345,
                    -0.7517655491828918,
                    -3.0304641723632812
                ],
                [
                    0.0,
                    0.8198602199554443,
                    0.572563648223877,
                    2.3080780506134033
                ],
                [
                    0.0,
                    0.0,
                    0.0,
                    1.0
                ]
            ]
        },
        {
            "file_path": "/data/shapenet_blender/all_50_random/02958343/1be075751d7cfbf9ee8e9bd690a19ec1/r_31",
            "rotation": 0.12566370614359174,
            "transform_matrix": [
                [
                    -0.9307272434234619,
                    0.3166700005531311,
                    0.18294011056423187,
                    0.7374552488327026
                ],
                [
                    0.3657143712043762,
                    0.8059113621711731,
                    0.46557462215423584,
                    1.8767914772033691
                ],
                [
                    0.0,
                    0.5002267360687256,
                    -0.8658943176269531,
                    -3.4905319213867188
                ],
                [
                    0.0,
                    0.0,
                    0.0,
                    1.0
                ]
            ]
        },
        {
            "file_path": "/data/shapenet_blender/all_50_random/02958343/1be075751d7cfbf9ee8e9bd690a19ec1/r_32",
            "rotation": 0.12566370614359174,
            "transform_matrix": [
                [
                    0.9772211909294128,
                    0.004620039369910955,
                    -0.21217341721057892,
                    -0.8552983999252319
                ],
                [
                    -0.21222373843193054,
                    0.02127377688884735,
                    -0.9769895076751709,
                    -3.938370704650879
                ],
                [
                    0.0,
                    0.9997628927230835,
                    0.02176966704428196,
                    0.08775633573532104
                ],
                [
                    0.0,
                    0.0,
                    0.0,
                    1.0
                ]
            ]
        },
        {
            "file_path": "/data/shapenet_blender/all_50_random/02958343/1be075751d7cfbf9ee8e9bd690a19ec1/r_33",
            "rotation": 0.12566370614359174,
            "transform_matrix": [
                [
                    -0.8257008790969849,
                    0.1937936246395111,
                    0.5297755599021912,
                    2.1355936527252197
                ],
                [
                    0.5641083121299744,
                    0.2836610674858093,
                    0.7754471302032471,
                    3.125927209854126
                ],
                [
                    0.0,
                    0.9391380548477173,
                    -0.3435397744178772,
                    -1.3848531246185303
                ],
                [
                    0.0,
                    0.0,
                    0.0,
                    1.0
                ]
            ]
        },
        {
            "file_path": "/data/shapenet_blender/all_50_random/02958343/1be075751d7cfbf9ee8e9bd690a19ec1/r_34",
            "rotation": 0.12566370614359174,
            "transform_matrix": [
                [
                    -0.5968582630157471,
                    0.5260037779808044,
                    -0.605871319770813,
                    -2.44234561920166
                ],
                [
                    -0.8023467659950256,
                    -0.3912893235683441,
                    0.45070207118988037,
                    1.816838264465332
                ],
                [
                    1.4901162970204496e-08,
                    0.7551241517066956,
                    0.6555816531181335,
                    2.6427345275878906
                ],
                [
                    0.0,
                    0.0,
                    0.0,
                    1.0
                ]
            ]
        },
        {
            "file_path": "/data/shapenet_blender/all_50_random/02958343/1be075751d7cfbf9ee8e9bd690a19ec1/r_35",
            "rotation": 0.12566370614359174,
            "transform_matrix": [
                [
                    0.0050243595615029335,
                    -0.4556456506252289,
                    0.8901470303535461,
                    3.5882973670959473
                ],
                [
                    0.9999874234199524,
                    0.002289356430992484,
                    -0.004472475033253431,
                    -0.018029123544692993
                ],
                [
                    0.0,
                    0.8901581764221191,
                    0.4556514620780945,
                    1.836789846420288
                ],
                [
                    0.0,
                    0.0,
                    0.0,
                    1.0
                ]
            ]
        },
        {
            "file_path": "/data/shapenet_blender/all_50_random/02958343/1be075751d7cfbf9ee8e9bd690a19ec1/r_36",
            "rotation": 0.12566370614359174,
            "transform_matrix": [
                [
                    -0.20711112022399902,
                    0.5385869145393372,
                    -0.8167185187339783,
                    -3.292297601699829
                ],
                [
                    -0.9783174991607666,
                    -0.11401957273483276,
                    0.17290040850639343,
                    0.696983814239502
                ],
                [
                    7.450580596923828e-09,
                    0.8348195552825928,
                    0.5505236387252808,
                    2.2192318439483643
                ],
                [
                    0.0,
                    0.0,
                    0.0,
                    1.0
                ]
            ]
        },
        {
            "file_path": "/data/shapenet_blender/all_50_random/02958343/1be075751d7cfbf9ee8e9bd690a19ec1/r_37",
            "rotation": 0.12566370614359174,
            "transform_matrix": [
                [
                    0.43419507145881653,
                    0.1968836784362793,
                    -0.879040002822876,
                    -3.5435237884521484
                ],
                [
                    -0.9008188843727112,
                    0.09489800781011581,
                    -0.4236976206302643,
                    -1.7079799175262451
                ],
                [
                    0.0,
                    0.9758234024047852,
                    0.21856075525283813,
                    0.8810466527938843
                ],
                [
                    0.0,
                    0.0,
                    0.0,
                    1.0
                ]
            ]
        },
        {
            "file_path": "/data/shapenet_blender/all_50_random/02958343/1be075751d7cfbf9ee8e9bd690a19ec1/r_38",
            "rotation": 0.12566370614359174,
            "transform_matrix": [
                [
                    0.964974582195282,
                    -0.004238735884428024,
                    -0.262309193611145,
                    -1.0574021339416504
                ],
                [
                    -0.26234346628189087,
                    -0.015591289848089218,
                    -0.9648485779762268,
                    -3.8894290924072266
                ],
                [
                    0.0,
                    0.9998693466186523,
                    -0.016157202422618866,
                    -0.0651317685842514
                ],
                [
                    0.0,
                    0.0,
                    0.0,
                    1.0
                ]
            ]
        },
        {
            "file_path": "/data/shapenet_blender/all_50_random/02958343/1be075751d7cfbf9ee8e9bd690a19ec1/r_39",
            "rotation": 0.12566370614359174,
            "transform_matrix": [
                [
                    -0.7211832404136658,
                    0.019366679713129997,
                    -0.6924735903739929,
                    -2.791450262069702
                ],
                [
                    -0.6927444338798523,
                    -0.02016172930598259,
                    0.7209013104438782,
                    2.906046152114868
                ],
                [
                    0.0,
                    0.999609112739563,
                    0.027956459671258926,
                    0.1126960963010788
                ],
                [
                    0.0,
                    0.0,
                    0.0,
                    1.0
                ]
            ]
        },
        {
            "file_path": "/data/shapenet_blender/all_50_random/02958343/1be075751d7cfbf9ee8e9bd690a19ec1/r_40",
            "rotation": 0.12566370614359174,
            "transform_matrix": [
                [
                    -0.8067741990089417,
                    0.4798842668533325,
                    -0.3447120785713196,
                    -1.3895788192749023
                ],
                [
                    -0.5908597111701965,
                    -0.6552455425262451,
                    0.4706781804561615,
                    1.8973643779754639
                ],
                [
                    0.0,
                    0.583407461643219,
                    0.8121795058250427,
                    3.274000406265259
                ],
                [
                    0.0,
                    0.0,
                    0.0,
                    1.0
                ]
            ]
        },
        {
            "file_path": "/data/shapenet_blender/all_50_random/02958343/1be075751d7cfbf9ee8e9bd690a19ec1/r_41",
            "rotation": 0.12566370614359174,
            "transform_matrix": [
                [
                    0.2978256344795227,
                    0.5659787654876709,
                    -0.7687443494796753,
                    -3.098907709121704
                ],
                [
                    -0.9546203017234802,
                    0.1765759438276291,
                    -0.2398354411125183,
                    -0.9668076038360596
                ],
                [
