{
    "class": "02958343",
    "model": "4ceeed48d1a48d4ce09e4fc69d1a2697",
    "remove_doubles": true,
    "edge_split": true,
    "denoise": true,
    "camera_angle_x": 0.6911112070083618,
    "scale_factor": 2.249048369333574,
    "hdri_file": "/data/IndoorHDRDataset2018/9C4A8841-3043a7bcd7.exr",
    "center_offset": [
        0.0,
        -1.862645149230957e-09,
        -3.725290298461914e-09
    ],
    "lights": [],
    "frames": [
        {
            "file_path": "/data/shapenet_blender/all_50_random/02958343/4ceeed48d1a48d4ce09e4fc69d1a2697/r_0",
            "rotation": 0.12566370614359174,
            "transform_matrix": [
                [
                    0.2255134880542755,
                    0.18366003036499023,
                    -0.956771969795227,
                    -3.8568713665008545
                ],
                [
                    -0.9742400646209717,
                    0.04251294583082199,
                    -0.22147004306316376,
                    -0.8927743434906006
                ],
                [
                    0.0,
                    0.9820700883865356,
                    0.18851618468761444,
                    0.7599331140518188
                ],
                [
                    0.0,
                    0.0,
                    0.0,
                    1.0
                ]
            ]
        },
        {
            "file_path": "/data/shapenet_blender/all_50_random/02958343/4ceeed48d1a48d4ce09e4fc69d1a2697/r_1",
            "rotation": 0.12566370614359174,
            "transform_matrix": [
                [
                    -0.2161993831396103,
                    0.2297459840774536,
                    0.9489333033561707,
                    3.825272798538208
                ],
                [
                    0.9763493537902832,
                    0.050874147564172745,
                    0.21012847125530243,
                    0.8470550179481506
                ],
                [
                    0.0,
                    0.9719200134277344,
                    -0.23531126976013184,
                    -0.9485701322555542
                ],
                [
                    0.0,
                    0.0,
                    0.0,
                    1.0
                ]
            ]
        },
        {
            "file_path": "/data/shapenet_blender/all_50_random/02958343/4ceeed48d1a48d4ce09e4fc69d1a2697/r_2",
            "rotation": 0.12566370614359174,
            "transform_matrix": [
                [
                    -0.21812932193279266,
                    0.15672162175178528,
                    0.9632538557052612,
                    3.883000373840332
                ],
                [
                    0.9759199023246765,
                    0.035029083490371704,
                    0.21529830992221832,
                    0.867895245552063
                ],
                [
                    0.0,
                    0.9870213866233826,
                    -0.16058862209320068,
                    -0.64735347032547
                ],
                [
                    0.0,
                    0.0,
                    0.0,
                    1.0
                ]
            ]
        },
        {
            "file_path": "/data/shapenet_blender/all_50_random/02958343/4ceeed48d1a48d4ce09e4fc69d1a2697/r_3",
            "rotation": 0.12566370614359174,
            "transform_matrix": [
                [
                    -0.9192368984222412,
                    0.00468053063377738,
                    0.3936770558357239,
                    1.5869629383087158
                ],
                [
                    0.3937048614025116,
                    0.010928278788924217,
                    0.919171929359436,
                    3.7053005695343018
                ],
                [
                    0.0,
                    0.9999293684959412,
                    -0.01188842486590147,
                    -0.047923773527145386
                ],
                [
                    0.0,
                    0.0,
                    0.0,
                    1.0
                ]
            ]
        },
        {
            "file_path": "/data/shapenet_blender/all_50_random/02958343/4ceeed48d1a48d4ce09e4fc69d1a2697/r_4",
            "rotation": 0.12566370614359174,
            "transform_matrix": [
                [
                    0.5063009858131409,
                    0.004246638622134924,
                    -0.8623462319374084,
                    -3.476229190826416
                ],
                [
                    -0.8623568415641785,
                    0.0024932571686804295,
                    -0.5062947869300842,
                    -2.0409398078918457
                ],
                [
                    -2.3283064365386963e-10,
                    0.9999879002571106,
                    0.0049244556576013565,
                    0.019851118326187134
                ],
                [
                    0.0,
                    0.0,
                    0.0,
                    1.0
                ]
            ]
        },
        {
            "file_path": "/data/shapenet_blender/all_50_random/02958343/4ceeed48d1a48d4ce09e4fc69d1a2697/r_5",
            "rotation": 0.12566370614359174,
            "transform_matrix": [
                [
                    -0.8631075620651245,
                    0.32803741097450256,
                    -0.38397514820098877,
                    -1.5478534698486328
                ],
                [
                    -0.5050203204154968,
                    -0.5606340169906616,
                    0.6562346816062927,
                    2.645366907119751
                ],
                [
                    0.0,
                    0.7603162527084351,
                    0.6495529413223267,
                    2.618431806564331
                ],
                [
                    0.0,
                    0.0,
                    0.0,
                    1.0
                ]
            ]
        },
        {
            "file_path": "/data/shapenet_blender/all_50_random/02958343/4ceeed48d1a48d4ce09e4fc69d1a2697/r_6",
            "rotation": 0.12566370614359174,
            "transform_matrix": [
                [
                    0.9893279671669006,
                    -0.04642939940094948,
                    -0.13811083137989044,
                    -0.5567425489425659
                ],
                [
                    -0.1457061767578125,
                    -0.3152501583099365,
                    -0.9377564191818237,
                    -3.780216932296753
                ],
                [
                    7.450580596923828e-09,
                    0.9478721618652344,
                    -0.31865087151527405,
                    -1.2845227718353271
                ],
                [
                    0.0,
                    0.0,
                    0.0,
                    1.0
                ]
            ]
        },
        {
            "file_path": "/data/shapenet_blender/all_50_random/02958343/4ceeed48d1a48d4ce09e4fc69d1a2697/r_7",
            "rotation": 0.12566370614359174,
            "transform_matrix": [
                [
                    -0.6444263458251953,
                    0.5783228874206543,
                    -0.500257134437561,
                    -2.016601085662842
                ],
                [
                    -0.7646663784980774,
                    -0.48738446831703186,
                    0.42159417271614075,
                    1.6995004415512085
                ],
                [
                    0.0,
                    0.6542161107063293,
                    0.7563075423240662,
                    3.0487732887268066
                ],
                [
                    0.0,
                    0.0,
                    0.0,
                    1.0
                ]
            ]
        },
        {
            "file_path": "/data/shapenet_blender/all_50_random/02958343/4ceeed48d1a48d4ce09e4fc69d1a2697/r_8",
            "rotation": 0.12566370614359174,
            "transform_matrix": [
                [
                    -0.9995569586753845,
                    -0.015339227393269539,
                    0.025510726496577263,
                    0.10283702611923218
                ],
                [
                    0.029767252504825592,
                    -0.5150771737098694,
                    0.8566267490386963,
                    3.4531729221343994
                ],
                [
                    0.0,
                    0.8570065498352051,
                    0.5153055191040039,
                    2.0772628784179688
                ],
                [
                    0.0,
                    0.0,
                    0.0,
                    1.0
                ]
            ]
        },
        {
            "file_path": "/data/shapenet_blender/all_50_random/02958343/4ceeed48d1a48d4ce09e4fc69d1a2697/r_9",
            "rotation": 0.12566370614359174,
            "transform_matrix": [
                [
                    -0.8475682735443115,
                    0.0957542285323143,
                    -0.5219762325286865,
                    -2.1041533946990967
                ],
                [
                    -0.5306863784790039,
                    -0.15293069183826447,
                    0.8336570858955383,
                    3.360579013824463
                ],
                [
                    0.0,
                    0.983586847782135,
                    0.1804346889257431,
                    0.7273554801940918
                ],
                [
                    0.0,
                    0.0,
                    0.0,
                    1.0
                ]
            ]
        },
        {
            "file_path": "/data/shapenet_blender/all_50_random/02958343/4ceeed48d1a48d4ce09e4fc69d1a2697/r_10",
            "rotation": 0.12566370614359174,
            "transform_matrix": [
                [
                    -0.9952117800712585,
                    -0.006621682085096836,
                    -0.09751752018928528,
                    -0.393105685710907
                ],
                [
                    -0.09774206578731537,
                    0.06742209941148758,
                    0.9929253458976746,
                    4.002610206604004
                ],
                [
                    0.0,
                    0.9977025389671326,
                    -0.06774649024009705,
                    -0.2730948328971863
                ],
                [
                    0.0,
                    0.0,
                    0.0,
                    1.0
                ]
            ]
        },
        {
            "file_path": "/data/shapenet_blender/all_50_random/02958343/4ceeed48d1a48d4ce09e4fc69d1a2697/r_11",
            "rotation": 0.12566370614359174,
            "transform_matrix": [
                [
                    -0.8367677330970764,
                    -0.14307080209255219,
                    -0.5285362601280212,
                    -2.1305975914001465
                ],
                [
                    -0.5475580096244812,
                    0.218638077378273,
                    0.8076990246772766,
                    3.2559385299682617
                ],
                [
                    7.4505797087454084e-09,
                    0.9652606844902039,
                    -0.2612888813018799,
                    -1.0532890558242798
                ],
                [
                    0.0,
                    0.0,
                    0.0,
                    1.0
                ]
            ]
        },
        {
            "file_path": "/data/shapenet_blender/all_50_random/02958343/4ceeed48d1a48d4ce09e4fc69d1a2697/r_12",
            "rotation": 0.12566370614359174,
            "transform_matrix": [
                [
                    -0.8574743866920471,
                    -0.02823607251048088,
                    -0.5137513279914856,
                    -2.070997953414917
                ],
                [
                    -0.5145266652107239,
                    0.047056276351213455,
                    0.8561822175979614,
                    3.451380968093872
                ],
                [
                    1.862645149230957e-09,
                    0.9984930753707886,
                    -0.054877761751413345,
                    -0.22121933102607727
                ],
                [
                    0.0,
                    0.0,
                    0.0,
                    1.0
                ]
            ]
        },
        {
            "file_path": "/data/shapenet_blender/all_50_random/02958343/4ceeed48d1a48d4ce09e4fc69d1a2697/r_13",
            "rotation": 0.12566370614359174,
            "transform_matrix": [
                [
                    -0.8957396149635315,
                    0.03662863373756409,
                    0.44306761026382446,
                    1.7860627174377441
                ],
                [
                    0.4445790946483612,
                    0.0737995058298111,
                    0.8926942348480225,
                    3.5985655784606934
                ],
                [
                    0.0,
                    0.9966001510620117,
                    -0.0823894664645195,
                    -0.3321225643157959
                ],
                [
                    0.0,
                    0.0,
                    0.0,
                    1.0
                ]
            ]
        },
        {
            "file_path": "/data/shapenet_blender/all_50_random/02958343/4ceeed48d1a48d4ce09e4fc69d1a2697/r_14",
            "rotation": 0.12566370614359174,
            "transform_matrix": [
                [
                    0.9518377184867859,
                    -0.09387847781181335,
                    -0.29187649488449097,
                    -1.1765918731689453
                ],
                [
                    -0.30660247802734375,
                    -0.29144275188446045,
                    -0.9061213731765747,
                    -3.6526923179626465
                ],
                [
                    0.0,
                    0.9519705176353455,
                    -0.30618953704833984,
                    -1.2342896461486816
                ],
                [
                    0.0,
                    0.0,
                    0.0,
                    1.0
                ]
            ]
        },
        {
            "file_path": "/data/shapenet_blender/all_50_random/02958343/4ceeed48d1a48d4ce09e4fc69d1a2697/r_15",
            "rotation": 0.12566370614359174,
            "transform_matrix": [
                [
                    -0.32863038778305054,
                    0.29625093936920166,
                    0.8967927694320679,
                    3.6150875091552734
                ],
                [
                    0.944458544254303,
                    0.10308241099119186,
                    0.31204476952552795,
                    1.2578928470611572
                ],
                [
                    7.450580152834618e-09,
                    0.9495311379432678,
                    -0.3136727213859558,
                    -1.2644553184509277
                ],
                [
                    0.0,
                    0.0,
                    0.0,
                    1.0
                ]
            ]
        },
        {
            "file_path": "/data/shapenet_blender/all_50_random/02958343/4ceeed48d1a48d4ce09e4fc69d1a2697/r_16",
            "rotation": 0.12566370614359174,
            "transform_matrix": [
                [
                    0.8068980574607849,
                    -0.08888347446918488,
                    -0.5839651823043823,
                    -2.354038953781128
                ],
                [
                    -0.5906907916069031,
                    -0.12141699343919754,
                    -0.7977107167243958,
                    -3.215674638748169
                ],
                [
                    7.450580596923828e-09,
                    0.988614022731781,
                    -0.15047378838062286,
                    -0.6065792441368103
                ],
                [
                    0.0,
                    0.0,
                    0.0,
                    1.0
                ]
            ]
        },
        {
            "file_path": "/data/shapenet_blender/all_50_random/02958343/4ceeed48d1a48d4ce09e4fc69d1a2697/r_17",
            "rotation": 0.12566370614359174,
            "transform_matrix": [
                [
                    -0.8071082830429077,
                    0.2906891405582428,
                    0.5138832926750183,
                    2.0715296268463135
                ],
                [
                    0.5904033780097961,
                    0.39738529920578003,
                    0.7025018930435181,
                    2.8318755626678467
                ],
                [
                    1.4901159417490817e-08,
                    0.8703935742378235,
                    -0.4923568665981293,
                    -1.9847537279129028
                ],
                [
                    0.0,
                    0.0,
                    0.0,
                    1.0
                ]
            ]
        },
        {
            "file_path": "/data/shapenet_blender/all_50_random/02958343/4ceeed48d1a48d4ce09e4fc69d1a2697/r_18",
            "rotation": 0.12566370614359174,
            "transform_matrix": [
                [
                    0.8173395991325378,
                    -0.5167355537414551,
                    0.2548340857028961,
                    1.027268886566162
                ],
                [
                    0.5761563181877136,
                    0.7330448627471924,
                    -0.3615095317363739,
                    -1.4572913646697998
                ],
                [
                    1.4901161193847656e-08,
                    0.4423002600669861,
                    0.8968670964241028,
                    3.615386486053467
                ],
                [
                    0.0,
                    0.0,
                    0.0,
                    1.0
                ]
            ]
        },
        {
            "file_path": "/data/shapenet_blender/all_50_random/02958343/4ceeed48d1a48d4ce09e4fc69d1a2697/r_19",
            "rotation": 0.12566370614359174,
            "transform_matrix": [
                [
                    -0.9572895765304565,
                    -0.18912385404109955,
                    0.21869800984859467,
                    0.8815999031066895
                ],
                [
                    0.2891308665275574,
                    -0.62617427110672,
                    0.7240919470787048,
                    2.91890811920166
                ],
                [
                    1.4901161193847656e-08,
                    0.7563981413841248,
                    0.6541115641593933,
                    2.636808156967163
                ],
                [
                    0.0,
                    0.0,
                    0.0,
                    1.0
                ]
            ]
        },
        {
            "file_path": "/data/shapenet_blender/all_50_random/02958343/4ceeed48d1a48d4ce09e4fc69d1a2697/r_20",
            "rotation": 0.12566370614359174,
            "transform_matrix": [
                [
                    -0.9838299751281738,
                    -0.0025439101736992598,
                    -0.17908689379692078,
                    -0.7219223380088806
                ],
                [
                    -0.1791049689054489,
                    0.013973791152238846,
                    0.9837307333946228,
                    3.965545415878296
                ],
                [
                    2.3283061589829401e-10,
                    0.99989914894104,
                    -0.01420346088707447,
                    -0.05725598335266113
                ],
                [
                    0.0,
                    0.0,
                    0.0,
                    1.0
                ]
            ]
        },
        {
            "file_path": "/data/shapenet_blender/all_50_random/02958343/4ceeed48d1a48d4ce09e4fc69d1a2697/r_21",
            "rotation": 0.12566370614359174,
            "transform_matrix": [
                [
                    0.00281724170781672,
                    -0.33054983615875244,
                    0.9437843561172485,
                    3.804516315460205
                ],
                [
                    0.9999960064888,
                    0.0009312425390817225,
                    -0.0026588793843984604,
                    -0.010718286037445068
                ],
                [
                    0.0,
                    0.9437880516052246,
                    0.3305511772632599,
                    1.3324943780899048
                ],
                [
                    0.0,
                    0.0,
                    0.0,
                    1.0
                ]
            ]
        },
        {
            "file_path": "/data/shapenet_blender/all_50_random/02958343/4ceeed48d1a48d4ce09e4fc69d1a2697/r_22",
            "rotation": 0.12566370614359174,
            "transform_matrix": [
                [
                    0.9008313417434692,
                    0.23446966707706451,
                    -0.36541318893432617,
                    -1.4730277061462402
                ],
                [
                    -0.43416911363601685,
                    0.4864870011806488,
                    -0.7581738233566284,
                    -3.0562963485717773
                ],
                [
                    0.0,
                    0.8416378498077393,
                    0.5400422811508179,
                    2.1769800186157227
                ],
                [
                    0.0,
                    0.0,
                    0.0,
                    1.0
                ]
            ]
        },
        {
            "file_path": "/data/shapenet_blender/all_50_random/02958343/4ceeed48d1a48d4ce09e4fc69d1a2697/r_23",
            "rotation": 0.12566370614359174,
            "transform_matrix": [
                [
                    -0.14853516221046448,
                    0.966633677482605,
                    -0.2087031900882721,
                    -0.8413094878196716
                ],
                [
                    -0.9889072179794312,
                    -0.14518965780735016,
                    0.031347498297691345,
                    0.1263658106327057
                ],
                [
                    1.862645149230957e-09,
                    0.211044043302536,
                    0.9774765372276306,
                    3.940333843231201
                ],
                [
                    0.0,
                    0.0,
                    0.0,
                    1.0
                ]
            ]
        },
        {
            "file_path": "/data/shapenet_blender/all_50_random/02958343/4ceeed48d1a48d4ce09e4fc69d1a2697/r_24",
            "rotation": 0.12566370614359174,
            "transform_matrix": [
                [
                    0.968342125415802,
                    0.003610186278820038,
                    -0.24960103631019592,
                    -1.0061739683151245
                ],
                [
                    -0.24962717294692993,
                    0.01400446705520153,
                    -0.9682407379150391,
                    -3.9031033515930176
                ],
                [
                    0.0,
                    0.999895453453064,
                    0.014462313614785671,
                    0.05829945206642151
                ],
                [
                    0.0,
                    0.0,
                    0.0,
                    1.0
                ]
            ]
        },
        {
            "file_path": "/data/shapenet_blender/all_50_random/02958343/4ceeed48d1a48d4ce09e4fc69d1a2697/r_25",
            "rotation": 0.12566370614359174,
            "transform_matrix": [
                [
                    0.9526272416114807,
                    0.2559736371040344,
                    0.16425228118896484,
                    0.6621221899986267
                ],
                [
                    0.3041402995586395,
                    -0.8017597198486328,
                    -0.5144704580307007,
                    -2.073896884918213
                ],
                [
                    -1.4901161193847656e-08,
                    0.540054440498352,
                    -0.8416299819946289,
                    -3.3927195072174072
                ],
                [
                    0.0,
                    0.0,
                    0.0,
                    1.0
                ]
            ]
        },
        {
            "file_path": "/data/shapenet_blender/all_50_random/02958343/4ceeed48d1a48d4ce09e4fc69d1a2697/r_26",
            "rotation": 0.12566370614359174,
            "transform_matrix": [
                [
                    -0.9829449653625488,
                    -0.04282379895448685,
                    -0.1788448840379715,
                    -0.7209467887878418
                ],
                [
                    -0.18390046060085297,
                    0.2288925051689148,
                    0.9559230208396912,
                    3.8534488677978516
                ],
                [
                    0.0,
                    0.9725093245506287,
                    -0.23286402225494385,
                    -0.9387049078941345
                ],
                [
                    0.0,
                    0.0,
                    0.0,
                    1.0
                ]
            ]
        },
        {
            "file_path": "/data/shapenet_blender/all_50_random/02958343/4ceeed48d1a48d4ce09e4fc69d1a2697/r_27",
            "rotation": 0.12566370614359174,
            "transform_matrix": [
                [
                    -0.48666346073150635,
                    0.11666399240493774,
                    -0.8657644987106323,
                    -3.4900083541870117
                ],
                [
                    -0.8735895752906799,
                    -0.06499173492193222,
                    0.4823042154312134,
                    1.9442304372787476
                ],
                [
                    -7.450580596923828e-09,
                    0.9910426735877991,
                    0.13354554772377014,
                    0.5383393168449402
                ],
                [
                    0.0,
                    0.0,
                    0.0,
                    1.0
                ]
            ]
        },
        {
            "file_path": "/data/shapenet_blender/all_50_random/02958343/4ceeed48d1a48d4ce09e4fc69d1a2697/r_28",
            "rotation": 0.12566370614359174,
            "transform_matrix": [
                [
                    -0.9410290122032166,
                    0.05120111629366875,
                    0.33442914485931396,
                    1.3481268882751465
                ],
                [
                    0.3383258283138275,
                    0.1424122154712677,
                    0.9301905632019043,
                    3.7497177124023438
                ],
                [
                    -3.725290076417309e-09,
                    0.9884822368621826,
                    -0.1513366997241974,
                    -0.6100576519966125
                ],
                [
                    0.0,
                    0.0,
                    0.0,
                    1.0
                ]
            ]
        },
        {
            "file_path": "/data/shapenet_blender/all_50_random/02958343/4ceeed48d1a48d4ce09e4fc69d1a2697/r_29",
            "rotation": 0.12566370614359174,
            "transform_matrix": [
                [
                    0.5232995748519897,
                    0.1878877431154251,
                    0.8311773538589478,
                    3.350583076477051
                ],
                [
                    0.8521488904953003,
                    -0.11538074910640717,
                    -0.510421097278595,
                    -2.0575733184814453
                ],
                [
                    0.0,
                    0.9753898978233337,
                    -0.22048701345920563,
                    -0.8888115882873535
                ],
                [
                    0.0,
                    0.0,
                    0.0,
                    1.0
                ]
            ]
        },
        {
            "file_path": "/data/shapenet_blender/all_50_random/02958343/4ceeed48d1a48d4ce09e4fc69d1a2697/r_30",
            "rotation": 0.12566370614359174,
            "transform_matrix": [
                [
                    -0.47941678762435913,
                    -0.0251250471919775,
                    0.8772274851799011,
                    3.536217451095581
                ],
                [
                    0.8775872588157654,
                    -0.013725552707910538,
                    0.4792202413082123,
                    1.9317986965179443
                ],
                [
                    9.313225746154785e-10,
                    0.9995899200439453,
                    0.028629684820771217,
                    0.1154099553823471
                ],
                [
                    0.0,
                    0.0,
                    0.0,
                    1.0
                ]
            ]
        },
        {
            "file_path": "/data/shapenet_blender/all_50_random/02958343/4ceeed48d1a48d4ce09e4fc69d1a2697/r_31",
            "rotation": 0.12566370614359174,
            "transform_matrix": [
                [
                    -0.3343595266342163,
                    0.18229833245277405,
                    -0.9246463179588318,
                    -3.7273688316345215
                ],
                [
                    -0.9424455165863037,
                    -0.06467554718255997,
                    0.32804474234580994,
                    1.3223907947540283
                ],
                [
                    0.0,
                    0.9811137318611145,
                    0.19343113899230957,
                    0.7797459363937378
                ],
                [
                    0.0,
                    0.0,
                    0.0,
                    1.0
                ]
            ]
        },
        {
            "file_path": "/data/shapenet_blender/all_50_random/02958343/4ceeed48d1a48d4ce09e4fc69d1a2697/r_32",
            "rotation": 0.12566370614359174,
            "transform_matrix": [
                [
                    -0.6227253079414368,
                    0.3475553095340729,
                    -0.7010124921798706,
                    -2.825871706008911
                ],
                [
                    -0.7824406623840332,
                    -0.27661076188087463,
                    0.5579186677932739,
                    2.24904203414917
                ],
                [
                    0.0,
                    0.8959305882453918,
                    0.44419392943382263,
                    1.7906030416488647
                ],
                [
                    0.0,
                    0.0,
                    0.0,
                    1.0
                ]
            ]
        },
        {
            "file_path": "/data/shapenet_blender/all_50_random/02958343/4ceeed48d1a48d4ce09e4fc69d1a2697/r_33",
            "rotation": 0.12566370614359174,
            "transform_matrix": [
                [
                    0.19687969982624054,
                    -0.9683216214179993,
                    0.1535951942205429,
                    0.6191620230674744
                ],
                [
                    0.9804277420043945,
                    0.19444864988327026,
                    -0.030843447893857956,
                    -0.12433391809463501
                ],
                [
                    -1.862645371275562e-09,
                    0.15666145086288452,
                    0.9876523613929749,
                    3.981353998184204
                ],
                [
                    0.0,
                    0.0,
                    0.0,
                    1.0
                ]
            ]
        },
        {
            "file_path": "/data/shapenet_blender/all_50_random/02958343/4ceeed48d1a48d4ce09e4fc69d1a2697/r_34",
            "rotation": 0.12566370614359174,
            "transform_matrix": [
                [
                    -0.8674241900444031,
                    -0.04836563766002655,
                    0.49521294236183167,
                    1.9962669610977173
                ],
                [
                    0.49756911396980286,
                    -0.08431698381900787,
                    0.8633166551589966,
                    3.480140447616577
                ],
                [
                    0.0,
                    0.9952645301818848,
                    0.09720386564731598,
                    0.39184126257896423
                ],
                [
                    0.0,
                    0.0,
                    0.0,
                    1.0
                ]
            ]
        },
        {
            "file_path": "/data/shapenet_blender/all_50_random/02958343/4ceeed48d1a48d4ce09e4fc69d1a2697/r_35",
            "rotation": 0.12566370614359174,
            "transform_matrix": [
                [
                    -0.5734687447547913,
                    0.004187572747468948,
                    -0.8192167282104492,
                    -3.3023681640625
                ],
                [
                    -0.8192274570465088,
                    -0.002931349677965045,
                    0.5734612345695496,
                    2.3116962909698486
                ],
                [
                    0.0,
                    0.9999869465827942,
                    0.0051116119138896465,
                    0.02060556598007679
                ],
                [
                    0.0,
                    0.0,
                    0.0,
                    1.0
                ]
            ]
        },
        {
            "file_path": "/data/shapenet_blender/all_50_random/02958343/4ceeed48d1a48d4ce09e4fc69d1a2697/r_36",
            "rotation": 0.12566370614359174,
            "transform_matrix": [
                [
                    0.3526792824268341,
                    -0.24607089161872864,
                    -0.902810275554657,
                    -3.6393446922302246
                ],
                [
                    -0.9357442855834961,
                    -0.0927434042096138,
                    -0.34026655554771423,
                    -1.3716583251953125
                ],
                [
                    -7.450581485102248e-09,
                    0.964804470539093,
                    -0.2629680931568146,
                    -1.0600582361221313
                ],
                [
                    0.0,
                    0.0,
                    0.0,
                    1.0
                ]
            ]
        },
        {
            "file_path": "/data/shapenet_blender/all_50_random/02958343/4ceeed48d1a48d4ce09e4fc69d1a2697/r_37",
            "rotation": 0.12566370614359174,
            "transform_matrix": [
                [
                    0.05944962799549103,
                    0.6065562963485718,
                    0.7928146719932556,
                    3.1959383487701416
                ],
                [
                    0.9982315301895142,
                    -0.03612343221902847,
                    -0.04721603915095329,
                    -0.19033396244049072
                ],
                [
                    1.862645593320167e-09,
                    0.7942193746566772,
                    -0.6076309680938721,
                    -2.44943904876709
                ],
                [
                    0.0,
                    0.0,
                    0.0,
                    1.0
                ]
            ]
        },
        {
            "file_path": "/data/shapenet_blender/all_50_random/02958343/4ceeed48d1a48d4ce09e4fc69d1a2697/r_38",
            "rotation": 0.12566370614359174,
            "transform_matrix": [
                [
                    0.3961080312728882,
                    -0.12297814339399338,
                    0.9099311828613281,
                    3.6680498123168945
                ],
                [
                    0.9182038903236389,
                    0.053052086383104324,
                    -0.39253926277160645,
                    -1.5823763608932495
                ],
                [
                    3.725290298461914e-09,
                    0.990990161895752,
                    0.13393338024616241,
                    0.5399027466773987
                ],
                [
                    0.0,
                    0.0,
                    0.0,
                    1.0
                ]
            ]
        },
        {
            "file_path": "/data/shapenet_blender/all_50_random/02958343/4ceeed48d1a48d4ce09e4fc69d1a2697/r_39",
            "rotation": 0.12566370614359174,
            "transform_matrix": [
                [
                    -0.7485501170158386,
                    0.22494390606880188,
                    -0.6237571239471436,
                    -2.5144453048706055
                ],
                [
                    -0.6630781888961792,
                    -0.25393953919410706,
                    0.7041604518890381,
                    2.838561534881592
                ],
                [
                    0.0,
                    0.9406991004943848,
                    0.3392418920993805,
                    1.367527723312378
                ],
                [
                    0.0,
                    0.0,
                    0.0,
                    1.0
                ]
            ]
        },
        {
            "file_path": "/data/shapenet_blender/all_50_random/02958343/4ceeed48d1a48d4ce09e4fc69d1a2697/r_40",
            "rotation": 0.12566370614359174,
            "transform_matrix": [
                [
                    0.9303592443466187,
                    -0.028878170996904373,
                    -0.3655102849006653,
                    -1.4734190702438354
                ],
                [
                    -0.3666492998600006,
                    -0.0732772946357727,
                    -0.9274689555168152,
                    -3.7387468814849854
                ],
                [
                    0.0,
                    0.9968933463096619,
                    -0.07876238226890564,
                    -0.3175013065338135
                ],
                [
                    0.0,
                    0.0,
                    0.0,
                    1.0
                ]
            ]
        },
        {
            "file_path": "/data/shapenet_blender/all_50_random/02958343/4ceeed48d1a48d4ce09e4fc69d1a2697/r_41",
            "rotation": 0.12566370614359174,
            "transform_matrix": [
                [
                    0.7961689829826355,
                    -0.3241405487060547,
                    0.5109284520149231,
                    2.0596184730529785
                ],
                [
                    0.6050743460655212,
                    0.42651063203811646,
                    -0.6722898483276367,
                    -2.7100870609283447
                ],
