{
    "class": "02958343",
    "model": "924e1a54fad65f4de74f89cd7bde93ef",
    "remove_doubles": true,
    "edge_split": true,
    "denoise": true,
    "camera_angle_x": 0.6911112070083618,
    "scale_factor": 2.2667102880395453,
    "hdri_file": "/data/IndoorHDRDataset2018/9C4A8031-a34cb490a5.exr",
    "center_offset": [
        0.0,
        0.0,
        0.0
    ],
    "lights": [],
    "frames": [
        {
            "file_path": "/data/shapenet_blender/all_50_random/02958343/924e1a54fad65f4de74f89cd7bde93ef/r_0",
            "rotation": 0.12566370614359174,
            "transform_matrix": [
                [
                    0.8021718263626099,
                    0.19228121638298035,
                    -0.5652861595153809,
                    -2.2787413597106934
                ],
                [
                    -0.597093403339386,
                    0.2583223581314087,
                    -0.7594399452209473,
                    -3.0614004135131836
                ],
                [
                    2.980232594040899e-08,
                    0.946729838848114,
                    0.3220287263393402,
                    1.2981393337249756
                ],
                [
                    0.0,
                    0.0,
                    0.0,
                    1.0
                ]
            ]
        },
        {
            "file_path": "/data/shapenet_blender/all_50_random/02958343/924e1a54fad65f4de74f89cd7bde93ef/r_1",
            "rotation": 0.12566370614359174,
            "transform_matrix": [
                [
                    0.10542426258325577,
                    -0.28437864780426025,
                    -0.9528979063034058,
                    -3.841254472732544
                ],
                [
                    -0.9944273233413696,
                    -0.030148416757583618,
                    -0.10102151334285736,
                    -0.40723076462745667
                ],
                [
                    0.0,
                    0.9582378268241882,
                    -0.2859722673892975,
                    -1.1527912616729736
                ],
                [
                    0.0,
                    0.0,
                    0.0,
                    1.0
                ]
            ]
        },
        {
            "file_path": "/data/shapenet_blender/all_50_random/02958343/924e1a54fad65f4de74f89cd7bde93ef/r_2",
            "rotation": 0.12566370614359174,
            "transform_matrix": [
                [
                    -0.47100764513015747,
                    0.1978875994682312,
                    0.8596466183662415,
                    3.465346336364746
                ],
                [
                    0.8821292519569397,
                    0.10566090792417526,
                    0.45900318026542664,
                    1.8503010272979736
                ],
                [
                    -7.450581485102248e-09,
                    0.9745133519172668,
                    -0.22432951629161835,
                    -0.9043012261390686
                ],
                [
                    0.0,
                    0.0,
                    0.0,
                    1.0
                ]
            ]
        },
        {
            "file_path": "/data/shapenet_blender/all_50_random/02958343/924e1a54fad65f4de74f89cd7bde93ef/r_3",
            "rotation": 0.12566370614359174,
            "transform_matrix": [
                [
                    0.5744125247001648,
                    0.6109939813613892,
                    0.544735312461853,
                    2.1958982944488525
                ],
                [
                    0.818566083908081,
                    -0.42875295877456665,
                    -0.38225722312927246,
                    -1.5409281253814697
                ],
                [
                    1.4901162970204496e-08,
                    0.6654751896858215,
                    -0.7464199662208557,
                    -3.0089151859283447
                ],
                [
                    0.0,
                    0.0,
                    0.0,
                    1.0
                ]
            ]
        },
        {
            "file_path": "/data/shapenet_blender/all_50_random/02958343/924e1a54fad65f4de74f89cd7bde93ef/r_4",
            "rotation": 0.12566370614359174,
            "transform_matrix": [
                [
                    -0.6849920749664307,
                    -0.20988155901432037,
                    0.6976643800735474,
                    2.812375068664551
                ],
                [
                    0.7285505533218384,
                    -0.1973332017660141,
                    0.6559525728225708,
                    2.6442294120788574
                ],
                [
                    0.0,
                    0.9576060771942139,
                    0.28808099031448364,
                    1.1612915992736816
                ],
                [
                    0.0,
                    0.0,
                    0.0,
                    1.0
                ]
            ]
        },
        {
            "file_path": "/data/shapenet_blender/all_50_random/02958343/924e1a54fad65f4de74f89cd7bde93ef/r_5",
            "rotation": 0.12566370614359174,
            "transform_matrix": [
                [
                    0.915294885635376,
                    -0.16696211695671082,
                    -0.36655017733573914,
                    -1.4776110649108887
                ],
                [
                    -0.4027845859527588,
                    -0.379407674074173,
                    -0.8329551815986633,
                    -3.3577497005462646
                ],
                [
                    1.4901162970204496e-08,
                    0.9100402593612671,
                    -0.41451969742774963,
                    -1.6709823608398438
                ],
                [
                    0.0,
                    0.0,
                    0.0,
                    1.0
                ]
            ]
        },
        {
            "file_path": "/data/shapenet_blender/all_50_random/02958343/924e1a54fad65f4de74f89cd7bde93ef/r_6",
            "rotation": 0.12566370614359174,
            "transform_matrix": [
                [
                    0.9748536944389343,
                    0.037712447345256805,
                    -0.21963177621364594,
                    -0.8853640556335449
                ],
                [
                    -0.22284603118896484,
                    0.16497541964054108,
                    -0.9607927203178406,
                    -3.873079538345337
                ],
                [
                    0.0,
                    0.9855764508247375,
                    0.16923092305660248,
                    0.6821917295455933
                ],
                [
                    0.0,
                    0.0,
                    0.0,
                    1.0
                ]
            ]
        },
        {
            "file_path": "/data/shapenet_blender/all_50_random/02958343/924e1a54fad65f4de74f89cd7bde93ef/r_7",
            "rotation": 0.12566370614359174,
            "transform_matrix": [
                [
                    0.7088050246238708,
                    0.40231195092201233,
                    0.5794312357902527,
                    2.3357620239257812
                ],
                [
                    0.70540452003479,
                    -0.4042513966560364,
                    -0.5822244882583618,
                    -2.34702205657959
                ],
                [
                    1.4901161193847656e-08,
                    0.821416974067688,
                    -0.5703280568122864,
                    -2.2990658283233643
                ],
                [
                    0.0,
                    0.0,
                    0.0,
                    1.0
                ]
            ]
        },
        {
            "file_path": "/data/shapenet_blender/all_50_random/02958343/924e1a54fad65f4de74f89cd7bde93ef/r_8",
            "rotation": 0.12566370614359174,
            "transform_matrix": [
                [
                    0.9852123856544495,
                    -0.0051333289593458176,
                    0.17126068472862244,
                    0.6903738379478455
                ],
                [
                    0.17133758962154388,
                    0.0295172780752182,
                    -0.9847701787948608,
                    -3.9697351455688477
                ],
                [
                    -4.6566123179658803e-10,
                    0.999550998210907,
                    0.029960323125123978,
                    0.12077391147613525
                ],
                [
                    0.0,
                    0.0,
                    0.0,
                    1.0
                ]
            ]
        },
        {
            "file_path": "/data/shapenet_blender/all_50_random/02958343/924e1a54fad65f4de74f89cd7bde93ef/r_9",
            "rotation": 0.12566370614359174,
            "transform_matrix": [
                [
                    -0.6418253779411316,
                    -0.23448097705841064,
                    -0.7301225066184998,
                    -2.9432179927825928
                ],
                [
                    -0.7668508887290955,
                    0.196251779794693,
                    0.6110851168632507,
                    2.4633629322052
                ],
                [
                    0.0,
                    0.952104926109314,
                    -0.3057712912559509,
                    -1.2326035499572754
                ],
                [
                    0.0,
                    0.0,
                    0.0,
                    1.0
                ]
            ]
        },
        {
            "file_path": "/data/shapenet_blender/all_50_random/02958343/924e1a54fad65f4de74f89cd7bde93ef/r_10",
            "rotation": 0.12566370614359174,
            "transform_matrix": [
                [
                    -0.9593543410301208,
                    0.000403199577704072,
                    -0.2822040319442749,
                    -1.1376007795333862
                ],
                [
                    -0.2822043001651764,
                    -0.0013706780737265944,
                    0.9593533873558044,
                    3.867276906967163
                ],
                [
                    -2.9103825252563276e-11,
                    0.9999990463256836,
                    0.0014287505764514208,
                    0.005759477615356445
                ],
                [
                    0.0,
                    0.0,
                    0.0,
                    1.0
                ]
            ]
        },
        {
            "file_path": "/data/shapenet_blender/all_50_random/02958343/924e1a54fad65f4de74f89cd7bde93ef/r_11",
            "rotation": 0.12566370614359174,
            "transform_matrix": [
                [
                    -0.8399112224578857,
                    -0.34483590722084045,
                    0.4190911650657654,
                    1.6894105672836304
                ],
                [
                    0.5427238941192627,
                    -0.5336627960205078,
                    0.6485790610313416,
                    2.6145057678222656
                ],
                [
                    2.9802322387695312e-08,
                    0.7721994519233704,
                    0.6353800892829895,
                    2.5612990856170654
                ],
                [
                    0.0,
                    0.0,
                    0.0,
                    1.0
                ]
            ]
        },
        {
            "file_path": "/data/shapenet_blender/all_50_random/02958343/924e1a54fad65f4de74f89cd7bde93ef/r_12",
            "rotation": 0.12566370614359174,
            "transform_matrix": [
                [
                    0.35563552379608154,
                    0.8889442682266235,
                    -0.28861987590789795,
                    -1.163464069366455
                ],
                [
                    -0.9346246719360352,
                    0.33825361728668213,
                    -0.10982322692871094,
                    -0.44271162152290344
                ],
                [
                    -7.450580152834618e-09,
                    0.3088083565235138,
                    0.9511241912841797,
                    3.834104537963867
                ],
                [
                    0.0,
                    0.0,
                    0.0,
                    1.0
                ]
            ]
        },
        {
            "file_path": "/data/shapenet_blender/all_50_random/02958343/924e1a54fad65f4de74f89cd7bde93ef/r_13",
            "rotation": 0.12566370614359174,
            "transform_matrix": [
                [
                    -0.9928814172744751,
                    -0.025565464049577713,
                    -0.11633038520812988,
                    -0.4689428210258484
                ],
                [
                    -0.1191064715385437,
                    0.21311582624912262,
                    0.9697397351264954,
                    3.9091460704803467
                ],
                [
                    0.0,
                    0.9766923189163208,
                    -0.21464377641677856,
                    -0.8652567863464355
                ],
                [
                    0.0,
                    0.0,
                    0.0,
                    1.0
                ]
            ]
        },
        {
            "file_path": "/data/shapenet_blender/all_50_random/02958343/924e1a54fad65f4de74f89cd7bde93ef/r_14",
            "rotation": 0.12566370614359174,
            "transform_matrix": [
                [
                    0.8755990862846375,
                    0.009939282201230526,
                    -0.48293641209602356,
                    -1.9467788934707642
                ],
                [
                    -0.48303869366645813,
                    0.01801682822406292,
                    -0.8754135966300964,
                    -3.528905153274536
                ],
                [
                    0.0,
                    0.9997881650924683,
                    0.02057657763361931,
                    0.08294683694839478
                ],
                [
                    0.0,
                    0.0,
                    0.0,
                    1.0
                ]
            ]
        },
        {
            "file_path": "/data/shapenet_blender/all_50_random/02958343/924e1a54fad65f4de74f89cd7bde93ef/r_15",
            "rotation": 0.12566370614359174,
            "transform_matrix": [
                [
                    -0.10672702640295029,
                    -0.7455407977104187,
                    0.6578587293624878,
                    2.651913642883301
                ],
                [
                    0.9942883849143982,
                    -0.08002643287181854,
                    0.07061462849378586,
                    0.28465670347213745
                ],
                [
                    0.0,
                    0.6616377234458923,
                    0.7498235106468201,
                    3.0226354598999023
                ],
                [
                    0.0,
                    0.0,
                    0.0,
                    1.0
                ]
            ]
        },
        {
            "file_path": "/data/shapenet_blender/all_50_random/02958343/924e1a54fad65f4de74f89cd7bde93ef/r_16",
            "rotation": 0.12566370614359174,
            "transform_matrix": [
                [
                    -0.8625831007957458,
                    -0.024592867121100426,
                    0.5053173303604126,
                    2.036999464035034
                ],
                [
                    0.5059154629707336,
                    -0.04193069785833359,
                    0.8615632653236389,
                    3.4730727672576904
                ],
                [
                    0.0,
                    0.9988176822662354,
                    0.0486106276512146,
                    0.19595572352409363
                ],
                [
                    0.0,
                    0.0,
                    0.0,
                    1.0
                ]
            ]
        },
        {
            "file_path": "/data/shapenet_blender/all_50_random/02958343/924e1a54fad65f4de74f89cd7bde93ef/r_17",
            "rotation": 0.12566370614359174,
            "transform_matrix": [
                [
                    0.3490259051322937,
                    0.20557168126106262,
                    -0.914287269115448,
                    -3.685609817504883
                ],
                [
                    -0.9371130466461182,
                    0.07656477391719818,
                    -0.3405245244503021,
                    -1.3726983070373535
                ],
                [
                    0.0,
                    0.9756423234939575,
                    0.21936704218387604,
                    0.8842968344688416
                ],
                [
                    0.0,
                    0.0,
                    0.0,
                    1.0
                ]
            ]
        },
        {
            "file_path": "/data/shapenet_blender/all_50_random/02958343/924e1a54fad65f4de74f89cd7bde93ef/r_18",
            "rotation": 0.12566370614359174,
            "transform_matrix": [
                [
                    -0.7964642643928528,
                    0.09769820421934128,
                    0.5967409014701843,
                    2.4055395126342773
                ],
                [
                    0.6046855449676514,
                    0.1286836415529251,
                    0.7859999537467957,
                    3.1684670448303223
                ],
                [
                    -7.450580152834618e-09,
                    0.9868614673614502,
                    -0.16156862676143646,
                    -0.6513039469718933
                ],
                [
                    0.0,
                    0.0,
                    0.0,
                    1.0
                ]
            ]
        },
        {
            "file_path": "/data/shapenet_blender/all_50_random/02958343/924e1a54fad65f4de74f89cd7bde93ef/r_19",
            "rotation": 0.12566370614359174,
            "transform_matrix": [
                [
                    0.9840415716171265,
                    -0.08753261715173721,
                    0.15492013096809387,
                    0.6245030760765076
                ],
                [
                    0.177938774228096,
                    0.484075129032135,
                    -0.8567432165145874,
                    -3.4536426067352295
                ],
                [
                    -7.450580596923828e-09,
                    0.8706371784210205,
                    0.49192550778388977,
                    1.9830152988433838
                ],
                [
                    0.0,
                    0.0,
                    0.0,
                    1.0
                ]
            ]
        },
        {
            "file_path": "/data/shapenet_blender/all_50_random/02958343/924e1a54fad65f4de74f89cd7bde93ef/r_20",
            "rotation": 0.12566370614359174,
            "transform_matrix": [
                [
                    -0.6637921929359436,
                    0.1897222250699997,
                    0.7234538197517395,
                    2.9163355827331543
                ],
                [
                    0.7479170560836792,
                    0.16838249564170837,
                    0.642080545425415,
                    2.5883095264434814
                ],
                [
                    -1.4901161193847656e-08,
                    0.9672914743423462,
                    -0.2536674737930298,
                    -1.022566318511963
                ],
                [
                    0.0,
                    0.0,
                    0.0,
                    1.0
                ]
            ]
        },
        {
            "file_path": "/data/shapenet_blender/all_50_random/02958343/924e1a54fad65f4de74f89cd7bde93ef/r_21",
            "rotation": 0.12566370614359174,
            "transform_matrix": [
                [
                    0.9988858699798584,
                    -0.04483688995242119,
                    0.014723272994160652,
                    0.05935141444206238
                ],
                [
                    0.04719239100813866,
                    0.949028730392456,
                    -0.31163644790649414,
                    -1.25624680519104
                ],
                [
                    9.313225746154785e-10,
                    0.31198418140411377,
                    0.950087308883667,
                    3.8299245834350586
                ],
                [
                    0.0,
                    0.0,
                    0.0,
                    1.0
                ]
            ]
        },
        {
            "file_path": "/data/shapenet_blender/all_50_random/02958343/924e1a54fad65f4de74f89cd7bde93ef/r_22",
            "rotation": 0.12566370614359174,
            "transform_matrix": [
                [
                    -0.8914268016815186,
                    -0.4444795548915863,
                    0.08829618990421295,
                    0.35593336820602417
                ],
                [
                    0.4531647562980652,
                    -0.8743420243263245,
                    0.17368869483470917,
                    0.7001615762710571
                ],
                [
                    0.0,
                    0.19484348595142365,
                    0.9808342456817627,
                    3.953869581222534
                ],
                [
                    0.0,
                    0.0,
                    0.0,
                    1.0
                ]
            ]
        },
        {
            "file_path": "/data/shapenet_blender/all_50_random/02958343/924e1a54fad65f4de74f89cd7bde93ef/r_23",
            "rotation": 0.12566370614359174,
            "transform_matrix": [
                [
                    0.7006772756576538,
                    -0.5858179330825806,
                    0.4072698652744293,
                    1.6417574882507324
                ],
                [
                    0.7134783267974854,
                    0.575307309627533,
                    -0.3999626934528351,
                    -1.6123013496398926
                ],
                [
                    -1.4901161193847656e-08,
                    0.5708229541778564,
                    0.8210729956626892,
                    3.3098514080047607
                ],
                [
                    0.0,
                    0.0,
                    0.0,
                    1.0
                ]
            ]
        },
        {
            "file_path": "/data/shapenet_blender/all_50_random/02958343/924e1a54fad65f4de74f89cd7bde93ef/r_24",
            "rotation": 0.12566370614359174,
            "transform_matrix": [
                [
                    -0.10775775462388992,
                    -0.15047192573547363,
                    -0.9827240109443665,
                    -3.961487293243408
                ],
                [
                    -0.9941771626472473,
                    0.016309482976794243,
                    0.10651635378599167,
                    0.4293811619281769
                ],
                [
                    0.0,
                    0.9884796738624573,
                    -0.15135325491428375,
                    -0.6101244688034058
                ],
                [
                    0.0,
                    0.0,
                    0.0,
                    1.0
                ]
            ]
        },
        {
            "file_path": "/data/shapenet_blender/all_50_random/02958343/924e1a54fad65f4de74f89cd7bde93ef/r_25",
            "rotation": 0.12566370614359174,
            "transform_matrix": [
                [
                    0.7633422613143921,
                    -0.4532942473888397,
                    0.4602530896663666,
                    1.8553396463394165
                ],
                [
                    0.6459943652153015,
                    0.5356371998786926,
                    -0.5438601970672607,
                    -2.192370891571045
                ],
                [
                    2.980232594040899e-08,
                    0.7124723196029663,
                    0.7017000317573547,
                    2.828643560409546
                ],
                [
                    0.0,
                    0.0,
                    0.0,
                    1.0
                ]
            ]
        },
        {
            "file_path": "/data/shapenet_blender/all_50_random/02958343/924e1a54fad65f4de74f89cd7bde93ef/r_26",
            "rotation": 0.12566370614359174,
            "transform_matrix": [
                [
                    0.9997661709785461,
                    -0.01758977584540844,
                    -0.01257625874131918,
                    -0.05069652199745178
                ],
                [
                    -0.021623192355036736,
                    -0.8132778406143188,
                    -0.581473708152771,
                    -2.3439955711364746
                ],
                [
                    0.0,
                    0.5816097259521484,
                    -0.8134679794311523,
                    -3.2791943550109863
                ],
                [
                    0.0,
                    0.0,
                    0.0,
                    1.0
                ]
            ]
        },
        {
            "file_path": "/data/shapenet_blender/all_50_random/02958343/924e1a54fad65f4de74f89cd7bde93ef/r_27",
            "rotation": 0.12566370614359174,
            "transform_matrix": [
                [
                    0.5626896619796753,
                    -0.5549957752227783,
                    -0.6126663088798523,
                    -2.4697368144989014
                ],
                [
                    -0.8266682028770447,
                    -0.37776994705200195,
                    -0.4170246422290802,
                    -1.6810801029205322
                ],
                [
                    0.0,
                    0.7411271929740906,
                    -0.6713646054267883,
                    -2.70635724067688
                ],
                [
                    0.0,
                    0.0,
                    0.0,
                    1.0
                ]
            ]
        },
        {
            "file_path": "/data/shapenet_blender/all_50_random/02958343/924e1a54fad65f4de74f89cd7bde93ef/r_28",
            "rotation": 0.12566370614359174,
            "transform_matrix": [
                [
                    0.518138587474823,
                    0.09146587550640106,
                    0.8503919839859009,
                    3.428039312362671
                ],
                [
                    0.8552966713905334,
                    -0.05541000887751579,
                    -0.5151672959327698,
                    -2.0767054557800293
                ],
                [
                    0.0,
                    0.9942652583122253,
                    -0.10694054514169693,
                    -0.4310910701751709
                ],
                [
                    0.0,
                    0.0,
                    0.0,
                    1.0
                ]
            ]
        },
        {
            "file_path": "/data/shapenet_blender/all_50_random/02958343/924e1a54fad65f4de74f89cd7bde93ef/r_29",
            "rotation": 0.12566370614359174,
            "transform_matrix": [
                [
                    -0.7687417268753052,
                    0.28549838066101074,
                    -0.5722994804382324,
                    -2.3070132732391357
                ],
                [
                    -0.639559268951416,
                    -0.34316524863243103,
                    0.6878963708877563,
                    2.7729992866516113
                ],
                [
                    0.0,
                    0.8948342800140381,
                    0.4463985562324524,
                    1.799490213394165
                ],
                [
                    0.0,
                    0.0,
                    0.0,
                    1.0
                ]
            ]
        },
        {
            "file_path": "/data/shapenet_blender/all_50_random/02958343/924e1a54fad65f4de74f89cd7bde93ef/r_30",
            "rotation": 0.12566370614359174,
            "transform_matrix": [
                [
                    -0.1964457929134369,
                    -0.07779613137245178,
                    -0.9774234890937805,
                    -3.940120220184326
                ],
                [
                    -0.9805147051811218,
                    0.015586428344249725,
                    0.1958264708518982,
                    0.7894017696380615
                ],
                [
                    -9.31322685637781e-10,
                    0.99684739112854,
                    -0.07934213429689407,
                    -0.31983837485313416
                ],
                [
                    0.0,
                    0.0,
                    0.0,
                    1.0
                ]
            ]
        },
        {
            "file_path": "/data/shapenet_blender/all_50_random/02958343/924e1a54fad65f4de74f89cd7bde93ef/r_31",
            "rotation": 0.12566370614359174,
            "transform_matrix": [
                [
                    -0.8202167749404907,
                    0.29205599427223206,
                    0.4918819069862366,
                    1.9828394651412964
                ],
                [
                    0.5720529556274414,
                    0.41875359416007996,
                    0.7052664160728455,
                    2.84302020072937
                ],
                [
                    -2.980232594040899e-08,
                    0.8598537445068359,
                    -0.5105401873588562,
                    -2.058053493499756
                ],
                [
                    0.0,
                    0.0,
                    0.0,
                    1.0
                ]
            ]
        },
        {
            "file_path": "/data/shapenet_blender/all_50_random/02958343/924e1a54fad65f4de74f89cd7bde93ef/r_32",
            "rotation": 0.12566370614359174,
            "transform_matrix": [
                [
                    -0.683258056640625,
                    0.3425861895084381,
                    -0.6448200345039368,
                    -2.5993528366088867
                ],
                [
                    -0.7301768064498901,
                    -0.32057273387908936,
                    0.6033860445022583,
                    2.4323272705078125
                ],
                [
                    0.0,
                    0.8831011652946472,
                    0.46918243169784546,
                    1.8913350105285645
                ],
                [
                    0.0,
                    0.0,
                    0.0,
                    1.0
                ]
            ]
        },
        {
            "file_path": "/data/shapenet_blender/all_50_random/02958343/924e1a54fad65f4de74f89cd7bde93ef/r_33",
            "rotation": 0.12566370614359174,
            "transform_matrix": [
                [
                    -0.9933943152427673,
                    -0.05074819549918175,
                    0.10291916131973267,
                    0.4148804545402527
                ],
                [
                    0.11475075781345367,
                    -0.43932580947875977,
                    0.8909685015678406,
                    3.591609239578247
                ],
                [
                    0.0,
                    0.8968931436538696,
                    0.44224709272384644,
                    1.7827551364898682
                ],
                [
                    0.0,
                    0.0,
                    0.0,
                    1.0
                ]
            ]
        },
        {
            "file_path": "/data/shapenet_blender/all_50_random/02958343/924e1a54fad65f4de74f89cd7bde93ef/r_34",
            "rotation": 0.12566370614359174,
            "transform_matrix": [
                [
                    0.9559460282325745,
                    -0.26181504130363464,
                    -0.13274025917053223,
                    -0.5350931882858276
                ],
                [
                    -0.2935422956943512,
                    -0.8526234030723572,
                    -0.43228018283843994,
                    -1.742577314376831
                ],
                [
                    0.0,
                    0.4522015154361725,
                    -0.8919157385826111,
                    -3.5954275131225586
                ],
                [
                    0.0,
                    0.0,
                    0.0,
                    1.0
                ]
            ]
        },
        {
            "file_path": "/data/shapenet_blender/all_50_random/02958343/924e1a54fad65f4de74f89cd7bde93ef/r_35",
            "rotation": 0.12566370614359174,
            "transform_matrix": [
                [
                    0.9352899789810181,
                    0.04489942640066147,
                    -0.3510225713253021,
                    -1.4150172472000122
                ],
                [
                    -0.35388249158859253,
                    0.11866645514965057,
                    -0.9277313351631165,
                    -3.739804744720459
                ],
                [
                    0.0,
                    0.9919184446334839,
                    0.12687665224075317,
                    0.5114561319351196
                ],
                [
                    0.0,
                    0.0,
                    0.0,
                    1.0
                ]
            ]
        },
        {
            "file_path": "/data/shapenet_blender/all_50_random/02958343/924e1a54fad65f4de74f89cd7bde93ef/r_36",
            "rotation": 0.12566370614359174,
            "transform_matrix": [
                [
                    -0.8309764862060547,
                    -0.3955795168876648,
                    0.3911457657814026,
                    1.5767590999603271
                ],
                [
                    0.5563077330589294,
                    -0.5908910632133484,
                    0.5842682123184204,
                    2.3552608489990234
                ],
                [
                    0.0,
                    0.7031104564666748,
                    0.7110804915428162,
                    2.866457462310791
                ],
                [
                    0.0,
                    0.0,
                    0.0,
                    1.0
                ]
            ]
        },
        {
            "file_path": "/data/shapenet_blender/all_50_random/02958343/924e1a54fad65f4de74f89cd7bde93ef/r_37",
            "rotation": 0.12566370614359174,
            "transform_matrix": [
                [
                    0.1180037409067154,
                    -0.8551293015480042,
                    0.5048057436943054,
                    2.0349371433258057
                ],
                [
                    0.9930131435394287,
                    0.1016184464097023,
                    -0.05998809263110161,
                    -0.24181973934173584
                ],
                [
                    0.0,
                    0.5083574056625366,
                    0.8611460328102112,
                    3.471390724182129
                ],
                [
                    0.0,
                    0.0,
                    0.0,
                    1.0
                ]
            ]
        },
        {
            "file_path": "/data/shapenet_blender/all_50_random/02958343/924e1a54fad65f4de74f89cd7bde93ef/r_38",
            "rotation": 0.12566370614359174,
            "transform_matrix": [
                [
                    0.9702157974243164,
                    -0.23570305109024048,
                    0.05590476840734482,
                    0.22535933554172516
                ],
                [
                    0.24224218726158142,
                    0.9440256357192993,
                    -0.22390687465667725,
                    -0.9025974869728088
                ],
                [
                    -3.725290298461914e-09,
                    0.23078037798404694,
                    0.9730058312416077,
                    3.922312021255493
                ],
                [
                    0.0,
                    0.0,
                    0.0,
                    1.0
                ]
            ]
        },
        {
            "file_path": "/data/shapenet_blender/all_50_random/02958343/924e1a54fad65f4de74f89cd7bde93ef/r_39",
            "rotation": 0.12566370614359174,
            "transform_matrix": [
                [
                    0.023167183622717857,
                    0.16885948181152344,
                    -0.9853677749633789,
                    -3.972144603729248
                ],
                [
                    -0.9997316002845764,
                    0.003913048654794693,
                    -0.022834325209259987,
                    -0.09204810857772827
                ],
                [
                    0.0,
                    0.9856322407722473,
                    0.16890482604503632,
                    0.680877149105072
                ],
                [
                    0.0,
                    0.0,
                    0.0,
                    1.0
                ]
            ]
        },
        {
            "file_path": "/data/shapenet_blender/all_50_random/02958343/924e1a54fad65f4de74f89cd7bde93ef/r_40",
            "rotation": 0.12566370614359174,
            "transform_matrix": [
                [
                    0.4565002918243408,
                    -0.7780811786651611,
                    0.4315057098865509,
                    1.7394551038742065
                ],
                [
                    0.8897232413291931,
                    0.3992188572883606,
                    -0.2213974893093109,
                    -0.892481803894043
                ],
                [
                    0.0,
                    0.4849887788295746,
                    0.874520480632782,
                    3.5253047943115234
                ],
                [
                    0.0,
                    0.0,
                    0.0,
                    1.0
                ]
            ]
        },
        {
            "file_path": "/data/shapenet_blender/all_50_random/02958343/924e1a54fad65f4de74f89cd7bde93ef/r_41",
            "rotation": 0.12566370614359174,
            "transform_matrix": [
                [
                    0.5122603178024292,
                    0.09461192041635513,
                    0.853602945804596,
                    3.440983533859253
                ],
                [
                    0.8588303327560425,
                    -0.056432489305734634,
                    -0.5091423988342285,
                    -2.0524187088012695
                ],
                [
                    0.0,
                    0.9939134120941162,
