{
    "class": "02958343",
    "model": "1a87a329781b15763820d8f180caa23a",
    "remove_doubles": true,
    "edge_split": true,
    "denoise": true,
    "camera_angle_x": 0.6911112070083618,
    "scale_factor": 2.2159633689870297,
    "hdri_file": "/data/IndoorHDRDataset2018/9C4A6813-8339c9db66.exr",
    "center_offset": [
        0.0,
        -1.862645149230957e-09,
        -3.725290298461914e-09
    ],
    "lights": [],
    "frames": [
        {
            "file_path": "/data/shapenet_blender/all_50_random/02958343/1a87a329781b15763820d8f180caa23a/r_0",
            "rotation": 0.12566370614359174,
            "transform_matrix": [
                [
                    -0.976599395275116,
                    -0.002867741510272026,
                    0.21504785120487213,
                    0.8668856024742126
                ],
                [
                    0.21506699919700623,
                    -0.013022149913012981,
                    0.9765124320983887,
                    3.9364476203918457
                ],
                [
                    2.3283067140944524e-10,
                    0.9999111294746399,
                    0.013334177434444427,
                    0.05375178903341293
                ],
                [
                    0.0,
                    0.0,
                    0.0,
                    1.0
                ]
            ]
        },
        {
            "file_path": "/data/shapenet_blender/all_50_random/02958343/1a87a329781b15763820d8f180caa23a/r_1",
            "rotation": 0.12566370614359174,
            "transform_matrix": [
                [
                    0.8295322060585022,
                    0.04519583657383919,
                    -0.556627094745636,
                    -2.243835210800171
                ],
                [
                    -0.5584589242935181,
                    0.06713367998600006,
                    -0.8268113136291504,
                    -3.3329825401306152
                ],
                [
                    -3.7252898543727042e-09,
                    0.9967198371887207,
                    0.08092957735061646,
                    0.3262375295162201
                ],
                [
                    0.0,
                    0.0,
                    0.0,
                    1.0
                ]
            ]
        },
        {
            "file_path": "/data/shapenet_blender/all_50_random/02958343/1a87a329781b15763820d8f180caa23a/r_2",
            "rotation": 0.12566370614359174,
            "transform_matrix": [
                [
                    0.8576056957244873,
                    0.24712195992469788,
                    0.45104676485061646,
                    1.8182276487350464
                ],
                [
                    0.5143077969551086,
                    -0.4120746850967407,
                    -0.7521182894706726,
                    -3.031885862350464
                ],
                [
                    1.4901162970204496e-08,
                    0.876997709274292,
                    -0.48049435019493103,
                    -1.9369347095489502
                ],
                [
                    0.0,
                    0.0,
                    0.0,
                    1.0
                ]
            ]
        },
        {
            "file_path": "/data/shapenet_blender/all_50_random/02958343/1a87a329781b15763820d8f180caa23a/r_3",
            "rotation": 0.12566370614359174,
            "transform_matrix": [
                [
                    0.008137100376188755,
                    0.322370320558548,
                    0.9465786814689636,
                    3.8157806396484375
                ],
                [
                    0.9999669790267944,
                    -0.0026232460513710976,
                    -0.007702659349888563,
                    -0.031050413846969604
                ],
                [
                    0.0,
                    0.9466099739074707,
                    -0.32238098978996277,
                    -1.2995593547821045
                ],
                [
                    0.0,
                    0.0,
                    0.0,
                    1.0
                ]
            ]
        },
        {
            "file_path": "/data/shapenet_blender/all_50_random/02958343/1a87a329781b15763820d8f180caa23a/r_4",
            "rotation": 0.12566370614359174,
            "transform_matrix": [
                [
                    -0.8469794392585754,
                    0.23892396688461304,
                    0.4749118387699127,
                    1.914430856704712
                ],
                [
                    0.5316257476806641,
                    0.3806506097316742,
                    0.7566235065460205,
                    3.050046920776367
                ],
                [
                    1.4901162970204496e-08,
                    0.8933197855949402,
                    -0.44942134618759155,
                    -1.8116754293441772
                ],
                [
                    0.0,
                    0.0,
                    0.0,
                    1.0
                ]
            ]
        },
        {
            "file_path": "/data/shapenet_blender/all_50_random/02958343/1a87a329781b15763820d8f180caa23a/r_5",
            "rotation": 0.12566370614359174,
            "transform_matrix": [
                [
                    0.7240291237831116,
                    0.08130937814712524,
                    0.6849602460861206,
                    2.7611629962921143
                ],
                [
                    0.6897692680358887,
                    -0.08534789830446243,
                    -0.7189812660217285,
                    -2.898306131362915
                ],
                [
                    0.0,
                    0.993027925491333,
                    -0.11787909269332886,
                    -0.4751858115196228
                ],
                [
                    0.0,
                    0.0,
                    0.0,
                    1.0
                ]
            ]
        },
        {
            "file_path": "/data/shapenet_blender/all_50_random/02958343/1a87a329781b15763820d8f180caa23a/r_6",
            "rotation": 0.12566370614359174,
            "transform_matrix": [
                [
                    -0.9332612752914429,
                    0.14522583782672882,
                    0.3285313546657562,
                    1.3243522644042969
                ],
                [
                    0.35919827222824097,
                    0.3773226737976074,
                    0.8535831570625305,
                    3.440903663635254
                ],
                [
                    0.0,
                    0.914624035358429,
                    -0.40430548787117004,
                    -1.6298075914382935
                ],
                [
                    0.0,
                    0.0,
                    0.0,
                    1.0
                ]
            ]
        },
        {
            "file_path": "/data/shapenet_blender/all_50_random/02958343/1a87a329781b15763820d8f180caa23a/r_7",
            "rotation": 0.12566370614359174,
            "transform_matrix": [
                [
                    -0.6293004751205444,
                    0.09652065485715866,
                    0.7711449861526489,
                    3.1085851192474365
                ],
                [
                    0.7771620750427246,
                    0.07815679162740707,
                    0.6244281530380249,
                    2.517150640487671
                ],
                [
                    -3.725290298461914e-09,
                    0.9922575950622559,
                    -0.12419630587100983,
                    -0.5006513595581055
                ],
                [
                    0.0,
                    0.0,
                    0.0,
                    1.0
                ]
            ]
        },
        {
            "file_path": "/data/shapenet_blender/all_50_random/02958343/1a87a329781b15763820d8f180caa23a/r_8",
            "rotation": 0.12566370614359174,
            "transform_matrix": [
                [
                    -0.11789809912443161,
                    -0.0012116829166188836,
                    0.9930249452590942,
                    4.003011703491211
                ],
                [
                    0.9930257201194763,
                    -0.00014385840040631592,
                    0.11789800226688385,
                    0.4752620458602905
                ],
                [
                    -2.9103828722010228e-11,
                    0.9999993443489075,
                    0.0012201926438137889,
                    0.0049187541007995605
                ],
                [
                    0.0,
                    0.0,
                    0.0,
                    1.0
                ]
            ]
        },
        {
            "file_path": "/data/shapenet_blender/all_50_random/02958343/1a87a329781b15763820d8f180caa23a/r_9",
            "rotation": 0.12566370614359174,
            "transform_matrix": [
                [
                    0.9991077780723572,
                    0.01476121786981821,
                    0.039570193737745285,
                    0.15951254963874817
                ],
                [
                    0.04223380237817764,
                    -0.3492000699043274,
                    -0.9360958933830261,
                    -3.7735233306884766
                ],
                [
                    -9.31322685637781e-10,
                    0.9369319081306458,
                    -0.34951192140579224,
                    -1.4089276790618896
                ],
                [
                    0.0,
                    0.0,
                    0.0,
                    1.0
                ]
            ]
        },
        {
            "file_path": "/data/shapenet_blender/all_50_random/02958343/1a87a329781b15763820d8f180caa23a/r_10",
            "rotation": 0.12566370614359174,
            "transform_matrix": [
                [
                    0.7202634215354919,
                    -0.04969806969165802,
                    0.6919180750846863,
                    2.7892110347747803
                ],
                [
                    0.6937006115913391,
                    0.05160108208656311,
                    -0.7184126377105713,
                    -2.8960139751434326
                ],
                [
                    0.0,
                    0.9974304437637329,
                    0.0716419517993927,
                    0.28879794478416443
                ],
                [
                    0.0,
                    0.0,
                    0.0,
                    1.0
                ]
            ]
        },
        {
            "file_path": "/data/shapenet_blender/all_50_random/02958343/1a87a329781b15763820d8f180caa23a/r_11",
            "rotation": 0.12566370614359174,
            "transform_matrix": [
                [
                    0.953089714050293,
                    -0.27851536870002747,
                    0.1185295358300209,
                    0.4778078496456146
                ],
                [
                    0.3026880919933319,
                    0.8769758343696594,
                    -0.3732200860977173,
                    -1.5044982433319092
                ],
                [
                    0.0,
                    0.391589492559433,
                    0.9201399683952332,
                    3.709202766418457
                ],
                [
                    0.0,
                    0.0,
                    0.0,
                    1.0
                ]
            ]
        },
        {
            "file_path": "/data/shapenet_blender/all_50_random/02958343/1a87a329781b15763820d8f180caa23a/r_12",
            "rotation": 0.12566370614359174,
            "transform_matrix": [
                [
                    0.3284791111946106,
                    -0.5051282644271851,
                    -0.7980895042419434,
                    -3.2172019481658936
                ],
                [
                    -0.9445112943649292,
                    -0.17567187547683716,
                    -0.27755698561668396,
                    -1.118868112564087
                ],
                [
                    1.4901161193847656e-08,
                    0.8449761867523193,
                    -0.5348038673400879,
                    -2.1558635234832764
                ],
                [
                    0.0,
                    0.0,
                    0.0,
                    1.0
                ]
            ]
        },
        {
            "file_path": "/data/shapenet_blender/all_50_random/02958343/1a87a329781b15763820d8f180caa23a/r_13",
            "rotation": 0.12566370614359174,
            "transform_matrix": [
                [
                    0.8663491010665894,
                    0.47976812720298767,
                    -0.13878697156906128,
                    -0.559468150138855
                ],
                [
                    -0.499439001083374,
                    0.8322271108627319,
                    -0.24074606597423553,
                    -0.9704784154891968
                ],
                [
                    -7.450581485102248e-09,
                    0.277885764837265,
                    0.9606140851974487,
                    3.872359275817871
                ],
                [
                    0.0,
                    0.0,
                    0.0,
                    1.0
                ]
            ]
        },
        {
            "file_path": "/data/shapenet_blender/all_50_random/02958343/1a87a329781b15763820d8f180caa23a/r_14",
            "rotation": 0.12566370614359174,
            "transform_matrix": [
                [
                    0.9899802803993225,
                    -0.008785205893218517,
                    -0.1409328728914261,
                    -0.5681185722351074
                ],
                [
                    -0.14120644330978394,
                    -0.06159194931387901,
                    -0.98806232213974,
                    -3.983006715774536
                ],
                [
                    0.0,
                    0.9980627298355103,
                    -0.06221533566713333,
                    -0.2507980465888977
                ],
                [
                    0.0,
                    0.0,
                    0.0,
                    1.0
                ]
            ]
        },
        {
            "file_path": "/data/shapenet_blender/all_50_random/02958343/1a87a329781b15763820d8f180caa23a/r_15",
            "rotation": 0.12566370614359174,
            "transform_matrix": [
                [
                    -0.5091360211372375,
                    0.2578872740268707,
                    -0.8211422562599182,
                    -3.3101303577423096
                ],
                [
                    -0.8606859445571899,
                    -0.15255239605903625,
                    0.48574405908584595,
                    1.958096981048584
                ],
                [
                    -1.4901160305669237e-08,
                    0.9540554881095886,
                    0.29962992668151855,
                    1.2078468799591064
                ],
                [
                    0.0,
                    0.0,
                    0.0,
                    1.0
                ]
            ]
        },
        {
            "file_path": "/data/shapenet_blender/all_50_random/02958343/1a87a329781b15763820d8f180caa23a/r_16",
            "rotation": 0.12566370614359174,
            "transform_matrix": [
                [
                    0.6645234823226929,
                    -0.37698253989219666,
                    -0.645207405090332,
                    -2.600914478302002
                ],
                [
                    -0.7472673058509827,
                    -0.33523982763290405,
                    -0.5737645030021667,
                    -2.3129189014434814
                ],
                [
                    -1.4901160305669237e-08,
                    0.8634225130081177,
                    -0.5044814348220825,
                    -2.033629894256592
                ],
                [
                    0.0,
                    0.0,
                    0.0,
                    1.0
                ]
            ]
        },
        {
            "file_path": "/data/shapenet_blender/all_50_random/02958343/1a87a329781b15763820d8f180caa23a/r_17",
            "rotation": 0.12566370614359174,
            "transform_matrix": [
                [
                    -0.3696484863758087,
                    0.7914037704467773,
                    -0.48686760663986206,
                    -1.9626262187957764
                ],
                [
                    -0.9291717410087585,
                    -0.3148408532142639,
                    0.1936884969472885,
                    0.7807833552360535
                ],
                [
                    0.0,
                    0.5239802002906799,
                    0.8517302870750427,
                    3.4334349632263184
                ],
                [
                    0.0,
                    0.0,
                    0.0,
                    1.0
                ]
            ]
        },
        {
            "file_path": "/data/shapenet_blender/all_50_random/02958343/1a87a329781b15763820d8f180caa23a/r_18",
            "rotation": 0.12566370614359174,
            "transform_matrix": [
                [
                    0.9163147807121277,
                    0.005955108907073736,
                    -0.4004143476486206,
                    -1.614121913909912
                ],
                [
                    -0.40045860409736633,
                    0.013626261614263058,
                    -0.9162134528160095,
                    -3.6933746337890625
                ],
                [
                    -4.6566125955216364e-10,
                    0.9998894929885864,
                    0.0148707190528512,
                    0.059945784509181976
                ],
                [
                    0.0,
                    0.0,
                    0.0,
                    1.0
                ]
            ]
        },
        {
            "file_path": "/data/shapenet_blender/all_50_random/02958343/1a87a329781b15763820d8f180caa23a/r_19",
            "rotation": 0.12566370614359174,
            "transform_matrix": [
                [
                    -0.10043980181217194,
                    -0.2694242596626282,
                    -0.957769513130188,
                    -3.8608922958374023
                ],
                [
                    -0.9949430823326111,
                    0.027198461815714836,
                    0.09668712317943573,
                    0.38975825905799866
                ],
                [
                    1.8626450382086546e-09,
                    0.9626374244689941,
                    -0.270793616771698,
                    -1.0916039943695068
                ],
                [
                    0.0,
                    0.0,
                    0.0,
                    1.0
                ]
            ]
        },
        {
            "file_path": "/data/shapenet_blender/all_50_random/02958343/1a87a329781b15763820d8f180caa23a/r_20",
            "rotation": 0.12566370614359174,
            "transform_matrix": [
                [
                    -0.9523391723632812,
                    -0.11596986651420593,
                    -0.2821368873119354,
                    -1.137330174446106
                ],
                [
                    -0.3050414025783539,
                    0.3620579242706299,
                    0.8808313012123108,
                    3.5507445335388184
                ],
                [
                    7.450581485102248e-09,
                    0.9249135255813599,
                    -0.38017746806144714,
                    -1.5325443744659424
                ],
                [
                    0.0,
                    0.0,
                    0.0,
                    1.0
                ]
            ]
        },
        {
            "file_path": "/data/shapenet_blender/all_50_random/02958343/1a87a329781b15763820d8f180caa23a/r_21",
            "rotation": 0.12566370614359174,
            "transform_matrix": [
                [
                    -0.8339650630950928,
                    -0.18849411606788635,
                    -0.5186253190040588,
                    -2.0906455516815186
                ],
                [
                    -0.5518172383308411,
                    0.2848724126815796,
                    0.7838019132614136,
                    3.159606695175171
                ],
                [
                    0.0,
                    0.9398497343063354,
                    -0.34158799052238464,
                    -1.3769851922988892
                ],
                [
                    0.0,
                    0.0,
                    0.0,
                    1.0
                ]
            ]
        },
        {
            "file_path": "/data/shapenet_blender/all_50_random/02958343/1a87a329781b15763820d8f180caa23a/r_22",
            "rotation": 0.12566370614359174,
            "transform_matrix": [
                [
                    -0.9279423952102661,
                    0.16291657090187073,
                    -0.3352331221103668,
                    -1.3513679504394531
                ],
                [
                    -0.37272384762763977,
                    -0.40560105443000793,
                    0.8346045017242432,
                    3.36439847946167
                ],
                [
                    0.0,
                    0.8994141817092896,
                    0.4370972514152527,
                    1.7619954347610474
                ],
                [
                    0.0,
                    0.0,
                    0.0,
                    1.0
                ]
            ]
        },
        {
            "file_path": "/data/shapenet_blender/all_50_random/02958343/1a87a329781b15763820d8f180caa23a/r_23",
            "rotation": 0.12566370614359174,
            "transform_matrix": [
                [
                    -0.8937630653381348,
                    -0.2096334546804428,
                    0.3965369164943695,
                    1.5984914302825928
                ],
                [
                    0.4485395848751068,
                    -0.4177170395851135,
                    0.7901421785354614,
                    3.1851649284362793
                ],
                [
                    -1.4901162970204496e-08,
                    0.8840622901916504,
                    0.4673689901828766,
                    1.8840246200561523
                ],
                [
                    0.0,
                    0.0,
                    0.0,
                    1.0
                ]
            ]
        },
        {
            "file_path": "/data/shapenet_blender/all_50_random/02958343/1a87a329781b15763820d8f180caa23a/r_24",
            "rotation": 0.12566370614359174,
            "transform_matrix": [
                [
                    0.39178821444511414,
                    -0.7596972584724426,
                    0.5190010070800781,
                    2.0921599864959717
                ],
                [
                    0.9200554490089417,
                    0.32350271940231323,
                    -0.22100676596164703,
                    -0.8909067511558533
                ],
                [
                    0.0,
                    0.5640974640846252,
                    0.8257081508636475,
                    3.328536033630371
                ],
                [
                    0.0,
                    0.0,
                    0.0,
                    1.0
                ]
            ]
        },
        {
            "file_path": "/data/shapenet_blender/all_50_random/02958343/1a87a329781b15763820d8f180caa23a/r_25",
            "rotation": 0.12566370614359174,
            "transform_matrix": [
                [
                    0.9178482294082642,
                    -0.04524277150630951,
                    -0.39434462785720825,
                    -1.5896540880203247
                ],
                [
                    -0.3969314992427826,
                    -0.10461755096912384,
                    -0.9118665456771851,
                    -3.675851583480835
                ],
                [
                    0.0,
                    0.9934828877449036,
                    -0.11398131400346756,
                    -0.4594733715057373
                ],
                [
                    0.0,
                    0.0,
                    0.0,
                    1.0
                ]
            ]
        },
        {
            "file_path": "/data/shapenet_blender/all_50_random/02958343/1a87a329781b15763820d8f180caa23a/r_26",
            "rotation": 0.12566370614359174,
            "transform_matrix": [
                [
                    -0.6501617431640625,
                    -0.20176470279693604,
                    -0.7325167059898376,
                    -2.952869176864624
                ],
                [
                    -0.7597958445549011,
                    0.17265121638774872,
                    0.6268187761306763,
                    2.526787281036377
                ],
                [
                    0.0,
                    0.96409672498703,
                    -0.26555120944976807,
                    -1.070471167564392
                ],
                [
                    0.0,
                    0.0,
                    0.0,
                    1.0
                ]
            ]
        },
        {
            "file_path": "/data/shapenet_blender/all_50_random/02958343/1a87a329781b15763820d8f180caa23a/r_27",
            "rotation": 0.12566370614359174,
            "transform_matrix": [
                [
                    -0.15545521676540375,
                    -0.7871201038360596,
                    -0.5968881845474243,
                    -2.4061334133148193
                ],
                [
                    -0.9878429174423218,
                    0.12386780232191086,
                    0.09393130987882614,
                    0.3786492645740509
                ],
                [
                    7.450580596923828e-09,
                    0.6042338609695435,
                    -0.7968069911003113,
                    -3.212031841278076
                ],
                [
                    0.0,
                    0.0,
                    0.0,
                    1.0
                ]
            ]
        },
        {
            "file_path": "/data/shapenet_blender/all_50_random/02958343/1a87a329781b15763820d8f180caa23a/r_28",
            "rotation": 0.12566370614359174,
            "transform_matrix": [
                [
                    0.9487286806106567,
                    -0.008663754910230637,
                    -0.3159729540348053,
                    -1.2737276554107666
                ],
                [
                    -0.31609174609184265,
                    -0.026003694161772728,
                    -0.9483721852302551,
                    -3.8230104446411133
                ],
                [
                    0.0,
                    0.9996243119239807,
                    -0.027408987283706665,
                    -0.11048915982246399
                ],
                [
                    0.0,
                    0.0,
                    0.0,
                    1.0
                ]
            ]
        },
        {
            "file_path": "/data/shapenet_blender/all_50_random/02958343/1a87a329781b15763820d8f180caa23a/r_29",
            "rotation": 0.12566370614359174,
            "transform_matrix": [
                [
                    -0.5309903621673584,
                    0.08053223043680191,
                    -0.8435424566268921,
                    -3.400428295135498
                ],
                [
                    -0.8473779559135437,
                    -0.05046371743083,
                    0.5285869240760803,
                    2.1308021545410156
                ],
                [
                    -3.725290742551124e-09,
                    0.9954736232757568,
                    0.09503699094057083,
                    0.3831063508987427
                ],
                [
                    0.0,
                    0.0,
                    0.0,
                    1.0
                ]
            ]
        },
        {
            "file_path": "/data/shapenet_blender/all_50_random/02958343/1a87a329781b15763820d8f180caa23a/r_30",
            "rotation": 0.12566370614359174,
            "transform_matrix": [
                [
                    -0.038601696491241455,
                    -0.44400808215141296,
                    0.8951908946037292,
                    3.6086299419403076
                ],
                [
                    0.9992547035217285,
                    -0.017152247950434685,
                    0.034581661224365234,
                    0.13940313458442688
                ],
                [
                    -9.313225746154785e-10,
                    0.8958585262298584,
                    0.4443392753601074,
                    1.7911889553070068
                ],
                [
                    0.0,
                    0.0,
                    0.0,
                    1.0
                ]
            ]
        },
        {
            "file_path": "/data/shapenet_blender/all_50_random/02958343/1a87a329781b15763820d8f180caa23a/r_31",
            "rotation": 0.12566370614359174,
            "transform_matrix": [
                [
                    -0.6540229320526123,
                    0.0055949511006474495,
                    0.7564539909362793,
                    3.049363613128662
                ],
                [
                    0.7564747333526611,
                    0.004837209824472666,
                    0.6540050506591797,
                    2.636378765106201
                ],
                [
                    -4.656612873077393e-10,
                    0.9999726414680481,
                    -0.007396085653454065,
                    -0.029814574867486954
                ],
                [
                    0.0,
                    0.0,
                    0.0,
                    1.0
                ]
            ]
        },
        {
            "file_path": "/data/shapenet_blender/all_50_random/02958343/1a87a329781b15763820d8f180caa23a/r_32",
            "rotation": 0.12566370614359174,
            "transform_matrix": [
                [
                    -0.6319361329078674,
                    0.006701660342514515,
                    0.7749914526939392,
                    3.1240906715393066
                ],
                [
                    0.7750205397605896,
                    0.005464398302137852,
                    0.6319124102592468,
                    2.547320604324341
                ],
                [
                    4.656612873077393e-10,
                    0.9999626278877258,
                    -0.008647073991596699,
                    -0.03485747426748276
                ],
                [
                    0.0,
                    0.0,
                    0.0,
                    1.0
                ]
            ]
        },
        {
            "file_path": "/data/shapenet_blender/all_50_random/02958343/1a87a329781b15763820d8f180caa23a/r_33",
            "rotation": 0.12566370614359174,
            "transform_matrix": [
                [
                    0.9932096600532532,
                    -0.04778284206986427,
                    0.10607235878705978,
                    0.42759138345718384
                ],
                [
                    0.11633807420730591,
                    0.4079350233078003,
                    -0.9055684804916382,
                    -3.650463581085205
                ],
                [
                    3.725290298461914e-09,
                    0.9117596745491028,
                    0.4107239544391632,
                    1.6556813716888428
                ],
                [
                    0.0,
                    0.0,
                    0.0,
                    1.0
                ]
            ]
        },
        {
            "file_path": "/data/shapenet_blender/all_50_random/02958343/1a87a329781b15763820d8f180caa23a/r_34",
            "rotation": 0.12566370614359174,
            "transform_matrix": [
                [
                    -0.9985406398773193,
                    -0.05090366303920746,
                    -0.018038280308246613,
                    -0.07271464169025421
                ],
                [
                    -0.0540052130818367,
                    0.9411939382553101,
                    0.3335225582122803,
                    1.3444725275039673
                ],
                [
                    1.862645149230957e-09,
                    0.3340100944042206,
                    -0.9425694346427917,
                    -3.799619197845459
                ],
                [
                    0.0,
                    0.0,
                    0.0,
                    1.0
                ]
            ]
        },
        {
            "file_path": "/data/shapenet_blender/all_50_random/02958343/1a87a329781b15763820d8f180caa23a/r_35",
            "rotation": 0.12566370614359174,
            "transform_matrix": [
                [
                    0.967348039150238,
                    0.16438494622707367,
                    0.1929129660129547,
                    0.7776570320129395
                ],
                [
                    0.2534518241882324,
                    -0.6274070143699646,
                    -0.7362897396087646,
                    -2.968078851699829
                ],
                [
                    0.0,
                    0.7611426115036011,
                    -0.6485845446586609,
                    -2.614527940750122
                ],
                [
                    0.0,
                    0.0,
                    0.0,
                    1.0
                ]
            ]
        },
        {
            "file_path": "/data/shapenet_blender/all_50_random/02958343/1a87a329781b15763820d8f180caa23a/r_36",
            "rotation": 0.12566370614359174,
            "transform_matrix": [
                [
                    -0.8626022934913635,
                    -0.02584848552942276,
                    0.5052218437194824,
                    2.036614418029785
                ],
                [
                    0.5058826804161072,
                    -0.044075366109609604,
                    0.8614755272865295,
                    3.4727187156677246
                ],
                [
                    1.8626450382086546e-09,
                    0.9986937642097473,
                    0.051095813512802124,
                    0.2059738039970398
                ],
                [
                    0.0,
                    0.0,
                    0.0,
                    1.0
                ]
            ]
        },
        {
            "file_path": "/data/shapenet_blender/all_50_random/02958343/1a87a329781b15763820d8f180caa23a/r_37",
            "rotation": 0.12566370614359174,
            "transform_matrix": [
                [
                    -0.213638037443161,
                    -0.04909165948629379,
                    -0.9756786227226257,
                    -3.933086395263672
                ],
                [
                    -0.9769129753112793,
                    0.010735700838267803,
                    0.21336810290813446,
                    0.860114336013794
                ],
                [
                    -9.31322685637781e-10,
                    0.9987365007400513,
                    -0.050251830369234085,
                    -0.20257160067558289
                ],
                [
                    0.0,
                    0.0,
                    0.0,
                    1.0
                ]
            ]
        },
        {
            "file_path": "/data/shapenet_blender/all_50_random/02958343/1a87a329781b15763820d8f180caa23a/r_38",
            "rotation": 0.12566370614359174,
            "transform_matrix": [
                [
                    0.9736058712005615,
                    -0.07828091084957123,
                    0.21439149975776672,
                    0.8642397522926331
                ],
                [
                    0.2282358705997467,
                    0.33392977714538574,
                    -0.9145486950874329,
                    -3.6866636276245117
                ],
                [
                    0.0,
                    0.9393417239189148,
                    0.34298253059387207,
                    1.3826067447662354
                ],
                [
                    0.0,
                    0.0,
                    0.0,
                    1.0
                ]
            ]
        },
        {
            "file_path": "/data/shapenet_blender/all_50_random/02958343/1a87a329781b15763820d8f180caa23a/r_39",
            "rotation": 0.12566370614359174,
            "transform_matrix": [
                [
                    -0.37172070145606995,
                    -0.46265485882759094,
                    0.8048442006111145,
                    3.2444307804107666
                ],
                [
                    0.9283446073532104,
                    -0.18525275588035583,
                    0.32226961851119995,
                    1.2991104125976562
                ],
                [
                    0.0,
                    0.866966962814331,
                    0.4983654320240021,
                    2.0089752674102783
                ],
                [
                    0.0,
                    0.0,
                    0.0,
                    1.0
                ]
            ]
        },
        {
            "file_path": "/data/shapenet_blender/all_50_random/02958343/1a87a329781b15763820d8f180caa23a/r_40",
            "rotation": 0.12566370614359174,
            "transform_matrix": [
                [
                    -0.4974496364593506,
                    -0.4027813971042633,
                    -0.768316924571991,
                    -3.097184658050537
                ],
                [
                    -0.8674927949905396,
                    0.2309684455394745,
                    0.4405788481235504,
                    1.77603018283844
                ],
                [
                    0.0,
                    0.885675311088562,
                    -0.4643051326274872,
                    -1.871673822402954
                ],
                [
                    0.0,
                    0.0,
                    0.0,
                    1.0
                ]
            ]
        },
        {
            "file_path": "/data/shapenet_blender/all_50_random/02958343/1a87a329781b15763820d8f180caa23a/r_41",
            "rotation": 0.12566370614359174,
            "transform_matrix": [
                [
                    -0.044869571924209595,
                    -0.08578885346651077,
                    -0.9953024983406067,
                    -4.012192726135254
                ],
                [
                    -0.9989928603172302,
