{
    "class": "02958343",
    "model": "2fb155f2d36541b5e3bdba9430565083",
    "remove_doubles": true,
    "edge_split": true,
    "denoise": true,
    "camera_angle_x": 0.6911112070083618,
    "scale_factor": 2.3653802013867544,
    "hdri_file": "/data/IndoorHDRDataset2018/9C4A8365-29630412be.exr",
    "center_offset": [
        0.0,
        0.0,
        -1.862645149230957e-09
    ],
    "lights": [],
    "frames": [
        {
            "file_path": "/data/shapenet_blender/all_50_random/02958343/2fb155f2d36541b5e3bdba9430565083/r_0",
            "rotation": 0.12566370614359174,
            "transform_matrix": [
                [
                    -0.3082846403121948,
                    -0.8791831731796265,
                    0.36331433057785034,
                    1.464566707611084
                ],
                [
                    0.9512941241264343,
                    -0.2849157154560089,
                    0.11773879826068878,
                    0.4746202230453491
                ],
                [
                    -7.4505797087454084e-09,
                    0.38191598653793335,
                    0.9241971969604492,
                    3.725557565689087
                ],
                [
                    0.0,
                    0.0,
                    0.0,
                    1.0
                ]
            ]
        },
        {
            "file_path": "/data/shapenet_blender/all_50_random/02958343/2fb155f2d36541b5e3bdba9430565083/r_1",
            "rotation": 0.12566370614359174,
            "transform_matrix": [
                [
                    0.9524198174476624,
                    -0.2252880185842514,
                    -0.2052844911813736,
                    -0.8275282382965088
                ],
                [
                    -0.30478909611701965,
                    -0.7039909362792969,
                    -0.641482949256897,
                    -2.5859005451202393
                ],
                [
                    0.0,
                    0.6735295057296753,
                    -0.7391602396965027,
                    -2.9796502590179443
                ],
                [
                    0.0,
                    0.0,
                    0.0,
                    1.0
                ]
            ]
        },
        {
            "file_path": "/data/shapenet_blender/all_50_random/02958343/2fb155f2d36541b5e3bdba9430565083/r_2",
            "rotation": 0.12566370614359174,
            "transform_matrix": [
                [
                    -0.6115342974662781,
                    -0.7311948537826538,
                    0.3022908866405487,
                    1.2185735702514648
                ],
                [
                    0.7912179827690125,
                    -0.5651423335075378,
                    0.23364140093326569,
                    0.9418386220932007
                ],
                [
                    -1.4901162970204496e-08,
                    0.382057785987854,
                    0.9241384267807007,
                    3.725321054458618
                ],
                [
                    0.0,
                    0.0,
                    0.0,
                    1.0
                ]
            ]
        },
        {
            "file_path": "/data/shapenet_blender/all_50_random/02958343/2fb155f2d36541b5e3bdba9430565083/r_3",
            "rotation": 0.12566370614359174,
            "transform_matrix": [
                [
                    -0.6361598372459412,
                    -0.0007847797241993248,
                    0.7715569138526917,
                    3.1102454662323
                ],
                [
                    0.7715573906898499,
                    -0.0006470618536695838,
                    0.6361594200134277,
                    2.5644407272338867
                ],
                [
                    0.0,
                    0.9999995231628418,
                    0.001017137197777629,
                    0.004100210964679718
                ],
                [
                    0.0,
                    0.0,
                    0.0,
                    1.0
                ]
            ]
        },
        {
            "file_path": "/data/shapenet_blender/all_50_random/02958343/2fb155f2d36541b5e3bdba9430565083/r_4",
            "rotation": 0.12566370614359174,
            "transform_matrix": [
                [
                    0.9378765225410461,
                    0.20841960608959198,
                    -0.27739661931991577,
                    -1.1182215213775635
                ],
                [
                    -0.3469691872596741,
                    0.5633695125579834,
                    -0.7498180866241455,
                    -3.022613286972046
                ],
                [
                    1.4901161193847656e-08,
                    0.7994847297668457,
                    0.600686252117157,
                    2.4214437007904053
                ],
                [
                    0.0,
                    0.0,
                    0.0,
                    1.0
                ]
            ]
        },
        {
            "file_path": "/data/shapenet_blender/all_50_random/02958343/2fb155f2d36541b5e3bdba9430565083/r_5",
            "rotation": 0.12566370614359174,
            "transform_matrix": [
                [
                    -0.4850372076034546,
                    -0.24834156036376953,
                    0.8384899497032166,
                    3.380060911178589
                ],
                [
                    0.8744935989379883,
                    -0.13774245977401733,
                    0.4650678038597107,
                    1.8747482299804688
                ],
                [
                    0.0,
                    0.9588291049003601,
                    0.2839833199977875,
                    1.1447733640670776
                ],
                [
                    0.0,
                    0.0,
                    0.0,
                    1.0
                ]
            ]
        },
        {
            "file_path": "/data/shapenet_blender/all_50_random/02958343/2fb155f2d36541b5e3bdba9430565083/r_6",
            "rotation": 0.12566370614359174,
            "transform_matrix": [
                [
                    -0.2440212368965149,
                    0.014789821580052376,
                    -0.9696570634841919,
                    -3.9088127613067627
                ],
                [
                    -0.9697698950767517,
                    -0.0037215326447039843,
                    0.24399283528327942,
                    0.9835665822029114
                ],
                [
                    0.0,
                    0.999883770942688,
                    0.015250856056809425,
                    0.06147816777229309
                ],
                [
                    0.0,
                    0.0,
                    0.0,
                    1.0
                ]
            ]
        },
        {
            "file_path": "/data/shapenet_blender/all_50_random/02958343/2fb155f2d36541b5e3bdba9430565083/r_7",
            "rotation": 0.12566370614359174,
            "transform_matrix": [
                [
                    0.6664421558380127,
                    -0.6196537017822266,
                    -0.414588987827301,
                    -1.6712616682052612
                ],
                [
                    -0.7455565929412842,
                    -0.5538994073867798,
                    -0.3705950975418091,
                    -1.493916630744934
                ],
                [
                    2.9802320611338473e-08,
                    0.5560798048973083,
                    -0.8311288356781006,
                    -3.3503875732421875
                ],
                [
                    0.0,
                    0.0,
                    0.0,
                    1.0
                ]
            ]
        },
        {
            "file_path": "/data/shapenet_blender/all_50_random/02958343/2fb155f2d36541b5e3bdba9430565083/r_8",
            "rotation": 0.12566370614359174,
            "transform_matrix": [
                [
                    -0.2722799479961395,
                    0.7741110324859619,
                    -0.5715029239654541,
                    -2.303802013397217
                ],
                [
                    -0.9622181057929993,
                    -0.21905109286308289,
                    0.16171884536743164,
                    0.6519095301628113
                ],
                [
                    0.0,
                    0.5939432382583618,
                    0.8045068979263306,
                    3.2430710792541504
                ],
                [
                    0.0,
                    0.0,
                    0.0,
                    1.0
                ]
            ]
        },
        {
            "file_path": "/data/shapenet_blender/all_50_random/02958343/2fb155f2d36541b5e3bdba9430565083/r_9",
            "rotation": 0.12566370614359174,
            "transform_matrix": [
                [
                    -0.8141587376594543,
                    0.24856366217136383,
                    0.5247490406036377,
                    2.115330934524536
                ],
                [
                    0.5806422233581543,
                    0.34852832555770874,
                    0.735787034034729,
                    2.966052293777466
                ],
                [
                    0.0,
                    0.9037388563156128,
                    -0.42808401584625244,
                    -1.7256618738174438
                ],
                [
                    0.0,
                    0.0,
                    0.0,
                    1.0
                ]
            ]
        },
        {
            "file_path": "/data/shapenet_blender/all_50_random/02958343/2fb155f2d36541b5e3bdba9430565083/r_10",
            "rotation": 0.12566370614359174,
            "transform_matrix": [
                [
                    0.9996966123580933,
                    0.012173987925052643,
                    -0.021411901339888573,
                    -0.0863141417503357
                ],
                [
                    -0.02463078685104847,
                    0.49410906434059143,
                    -0.8690508604049683,
                    -3.503256320953369
                ],
                [
                    0.0,
                    0.8693146705627441,
                    0.49425897002220154,
                    1.9924217462539673
                ],
                [
                    0.0,
                    0.0,
                    0.0,
                    1.0
                ]
            ]
        },
        {
            "file_path": "/data/shapenet_blender/all_50_random/02958343/2fb155f2d36541b5e3bdba9430565083/r_11",
            "rotation": 0.12566370614359174,
            "transform_matrix": [
                [
                    -0.8326277732849121,
                    -0.3256869614124298,
                    -0.4479498565196991,
                    -1.80574369430542
                ],
                [
                    -0.5538331270217896,
                    0.48963484168052673,
                    0.6734437942504883,
                    2.7147390842437744
                ],
                [
                    0.0,
                    0.808817446231842,
                    -0.588059663772583,
                    -2.370544672012329
                ],
                [
                    0.0,
                    0.0,
                    0.0,
                    1.0
                ]
            ]
        },
        {
            "file_path": "/data/shapenet_blender/all_50_random/02958343/2fb155f2d36541b5e3bdba9430565083/r_12",
            "rotation": 0.12566370614359174,
            "transform_matrix": [
                [
                    -0.8195996284484863,
                    0.23855473101139069,
                    -0.5209108591079712,
                    -2.0998589992523193
                ],
                [
                    -0.5729368329048157,
                    -0.34125813841819763,
                    0.745175302028656,
                    3.0038979053497314
                ],
                [
                    1.4901162970204496e-08,
                    0.9091944098472595,
                    0.41637179255485535,
                    1.6784485578536987
                ],
                [
                    0.0,
                    0.0,
                    0.0,
                    1.0
                ]
            ]
        },
        {
            "file_path": "/data/shapenet_blender/all_50_random/02958343/2fb155f2d36541b5e3bdba9430565083/r_13",
            "rotation": 0.12566370614359174,
            "transform_matrix": [
                [
                    -0.9186756014823914,
                    0.03200072422623634,
                    0.39371442794799805,
                    1.587113618850708
                ],
                [
                    0.3950127959251404,
                    0.07442363351583481,
                    0.9156560301780701,
                    3.6911275386810303
                ],
                [
                    -1.862645149230957e-09,
                    0.9967131018638611,
                    -0.08101187646389008,
                    -0.3265693187713623
                ],
                [
                    0.0,
                    0.0,
                    0.0,
                    1.0
                ]
            ]
        },
        {
            "file_path": "/data/shapenet_blender/all_50_random/02958343/2fb155f2d36541b5e3bdba9430565083/r_14",
            "rotation": 0.12566370614359174,
            "transform_matrix": [
                [
                    -0.17168502509593964,
                    0.16760551929473877,
                    -0.9707897901535034,
                    -3.9133782386779785
                ],
                [
                    -0.9851519465446472,
                    -0.02920905314385891,
                    0.16918207705020905,
                    0.6819946765899658
                ],
                [
                    0.0,
                    0.9854212999343872,
                    0.17013166844844818,
                    0.685822606086731
                ],
                [
                    0.0,
                    0.0,
                    0.0,
                    1.0
                ]
            ]
        },
        {
            "file_path": "/data/shapenet_blender/all_50_random/02958343/2fb155f2d36541b5e3bdba9430565083/r_15",
            "rotation": 0.12566370614359174,
            "transform_matrix": [
                [
                    -0.9524361491203308,
                    0.21140655875205994,
                    0.21948285400867462,
                    0.8847636580467224
                ],
                [
                    0.3047383427619934,
                    0.6607348322868347,
                    0.6859766840934753,
                    2.7652604579925537
                ],
                [
                    0.0,
                    0.7202337384223938,
                    -0.6937313675880432,
                    -2.796520709991455
                ],
                [
                    0.0,
                    0.0,
                    0.0,
                    1.0
                ]
            ]
        },
        {
            "file_path": "/data/shapenet_blender/all_50_random/02958343/2fb155f2d36541b5e3bdba9430565083/r_16",
            "rotation": 0.12566370614359174,
            "transform_matrix": [
                [
                    -0.7607659101486206,
                    -0.14092577993869781,
                    0.6335417032241821,
                    2.5538883209228516
                ],
                [
                    0.6490263342857361,
                    -0.1651882827281952,
                    0.7426154017448425,
                    2.9935784339904785
                ],
                [
                    7.450580596923828e-09,
                    0.9761418104171753,
                    0.21713414788246155,
                    0.8752957582473755
                ],
                [
                    0.0,
                    0.0,
                    0.0,
                    1.0
                ]
            ]
        },
        {
            "file_path": "/data/shapenet_blender/all_50_random/02958343/2fb155f2d36541b5e3bdba9430565083/r_17",
            "rotation": 0.12566370614359174,
            "transform_matrix": [
                [
                    -0.9903444051742554,
                    0.0008002391550689936,
                    -0.13862644135951996,
                    -0.5588210821151733
                ],
                [
                    -0.1386287361383438,
                    -0.005716796964406967,
                    0.9903279542922974,
                    3.9921395778656006
                ],
                [
                    0.0,
                    0.9999833106994629,
                    0.005772534757852554,
                    0.023269832134246826
                ],
                [
                    0.0,
                    0.0,
                    0.0,
                    1.0
                ]
            ]
        },
        {
            "file_path": "/data/shapenet_blender/all_50_random/02958343/2fb155f2d36541b5e3bdba9430565083/r_18",
            "rotation": 0.12566370614359174,
            "transform_matrix": [
                [
                    -0.20288586616516113,
                    -0.6124680042266846,
                    0.7640159130096436,
                    3.0798466205596924
                ],
                [
                    0.979202389717102,
                    -0.126900315284729,
                    0.15830029547214508,
                    0.6381288766860962
                ],
                [
                    -7.450580596923828e-09,
                    0.7802429795265198,
                    0.6254764199256897,
                    2.521376132965088
                ],
                [
                    0.0,
                    0.0,
                    0.0,
                    1.0
                ]
            ]
        },
        {
            "file_path": "/data/shapenet_blender/all_50_random/02958343/2fb155f2d36541b5e3bdba9430565083/r_19",
            "rotation": 0.12566370614359174,
            "transform_matrix": [
                [
                    0.7830750346183777,
                    -0.44429847598075867,
                    -0.435192346572876,
                    -1.7543162107467651
                ],
                [
                    -0.6219272017478943,
                    -0.5594208836555481,
                    -0.5479552149772644,
                    -2.2088778018951416
                ],
                [
                    -2.9802320611338473e-08,
                    0.6997478604316711,
                    -0.7143898606300354,
                    -2.8797972202301025
                ],
                [
                    0.0,
                    0.0,
                    0.0,
                    1.0
                ]
            ]
        },
        {
            "file_path": "/data/shapenet_blender/all_50_random/02958343/2fb155f2d36541b5e3bdba9430565083/r_20",
            "rotation": 0.12566370614359174,
            "transform_matrix": [
                [
                    0.9912046790122986,
                    0.021662242710590363,
                    -0.1305534839630127,
                    -0.5262778997421265
                ],
                [
                    -0.13233844935894012,
                    0.16224850714206696,
                    -0.9778353571891785,
                    -3.9417803287506104
                ],
                [
                    1.862645371275562e-09,
                    0.9865120053291321,
                    0.16368822753429413,
                    0.6598483324050903
                ],
                [
                    0.0,
                    0.0,
                    0.0,
                    1.0
                ]
            ]
        },
        {
            "file_path": "/data/shapenet_blender/all_50_random/02958343/2fb155f2d36541b5e3bdba9430565083/r_21",
            "rotation": 0.12566370614359174,
            "transform_matrix": [
                [
                    0.2725662589073181,
                    -0.42733219265937805,
                    0.8620294332504272,
                    3.47495174407959
                ],
                [
                    0.96213698387146,
                    0.12106003612279892,
                    -0.2442065328359604,
                    -0.9844280481338501
                ],
                [
                    0.0,
                    0.8959528207778931,
                    0.44414904713630676,
                    1.7904220819473267
                ],
                [
                    0.0,
                    0.0,
                    0.0,
                    1.0
                ]
            ]
        },
        {
            "file_path": "/data/shapenet_blender/all_50_random/02958343/2fb155f2d36541b5e3bdba9430565083/r_22",
            "rotation": 0.12566370614359174,
            "transform_matrix": [
                [
                    0.08331237733364105,
                    -0.4089081883430481,
                    -0.9087646007537842,
                    -3.6633472442626953
                ],
                [
                    -0.9965234994888306,
                    -0.03418596461415291,
                    -0.07597547024488449,
                    -0.3062669038772583
                ],
                [
                    -3.725290298461914e-09,
                    0.9119349718093872,
                    -0.4103347361087799,
                    -1.6541122198104858
                ],
                [
                    0.0,
                    0.0,
                    0.0,
                    1.0
                ]
            ]
        },
        {
            "file_path": "/data/shapenet_blender/all_50_random/02958343/2fb155f2d36541b5e3bdba9430565083/r_23",
            "rotation": 0.12566370614359174,
            "transform_matrix": [
                [
                    0.8121681213378906,
                    -0.0964074656367302,
                    -0.5754029750823975,
                    -2.319523572921753
                ],
                [
                    -0.5834234952926636,
                    -0.13420623540878296,
                    -0.8010029196739197,
                    -3.2289459705352783
                ],
                [
                    -7.450581485102248e-09,
                    0.98625248670578,
                    -0.1652444303035736,
                    -0.6661216020584106
                ],
                [
                    0.0,
                    0.0,
                    0.0,
                    1.0
                ]
            ]
        },
        {
            "file_path": "/data/shapenet_blender/all_50_random/02958343/2fb155f2d36541b5e3bdba9430565083/r_24",
            "rotation": 0.12566370614359174,
            "transform_matrix": [
                [
                    -0.8017271161079407,
                    -0.11361314356327057,
                    0.5867927074432373,
                    2.3654370307922363
                ],
                [
                    0.597690224647522,
                    -0.15239791572093964,
                    0.7871094942092896,
                    3.1729397773742676
                ],
                [
                    7.4505797087454084e-09,
                    0.9817672967910767,
                    0.19008702039718628,
                    0.7662652730941772
                ],
                [
                    0.0,
                    0.0,
                    0.0,
                    1.0
                ]
            ]
        },
        {
            "file_path": "/data/shapenet_blender/all_50_random/02958343/2fb155f2d36541b5e3bdba9430565083/r_25",
            "rotation": 0.12566370614359174,
            "transform_matrix": [
                [
                    -0.7034627795219421,
                    -0.5633665919303894,
                    -0.4333105683326721,
                    -1.746730923652649
                ],
                [
                    -0.7107321619987488,
                    0.5576044917106628,
                    0.42887866497039795,
                    1.7288652658462524
                ],
                [
                    1.4901162970204496e-08,
                    0.609667956829071,
                    -0.7926568984985352,
                    -3.1953024864196777
                ],
                [
                    0.0,
                    0.0,
                    0.0,
                    1.0
                ]
            ]
        },
        {
            "file_path": "/data/shapenet_blender/all_50_random/02958343/2fb155f2d36541b5e3bdba9430565083/r_26",
            "rotation": 0.12566370614359174,
            "transform_matrix": [
                [
                    -0.8993583917617798,
                    0.07326977699995041,
                    -0.4310290813446045,
                    -1.7375338077545166
                ],
                [
                    -0.4372122287750244,
                    -0.1507180631160736,
                    0.8866394758224487,
                    3.574157953262329
                ],
                [
                    7.450580596923828e-09,
                    0.9858577251434326,
                    0.16758401691913605,
                    0.6755527853965759
                ],
                [
                    0.0,
                    0.0,
                    0.0,
                    1.0
                ]
            ]
        },
        {
            "file_path": "/data/shapenet_blender/all_50_random/02958343/2fb155f2d36541b5e3bdba9430565083/r_27",
            "rotation": 0.12566370614359174,
            "transform_matrix": [
                [
                    -0.3615998327732086,
                    -0.5858103036880493,
                    -0.7253080606460571,
                    -2.9238102436065674
                ],
                [
                    -0.9323334097862244,
                    0.22720298171043396,
                    0.28130632638931274,
                    1.1339820623397827
                ],
                [
                    0.0,
                    0.7779492139816284,
                    -0.6283270716667175,
                    -2.532867431640625
                ],
                [
                    0.0,
                    0.0,
                    0.0,
                    1.0
                ]
            ]
        },
        {
            "file_path": "/data/shapenet_blender/all_50_random/02958343/2fb155f2d36541b5e3bdba9430565083/r_28",
            "rotation": 0.12566370614359174,
            "transform_matrix": [
                [
                    -0.5028609037399292,
                    0.33986106514930725,
                    0.7947485446929932,
                    3.2037339210510254
                ],
                [
                    0.8643672466278076,
                    0.19772017002105713,
                    0.4623590111732483,
                    1.8638287782669067
                ],
                [
                    1.4901160305669237e-08,
                    0.919456958770752,
                    -0.39319056272506714,
                    -1.585001826286316
                ],
                [
                    0.0,
                    0.0,
                    0.0,
                    1.0
                ]
            ]
        },
        {
            "file_path": "/data/shapenet_blender/all_50_random/02958343/2fb155f2d36541b5e3bdba9430565083/r_29",
            "rotation": 0.12566370614359174,
            "transform_matrix": [
                [
                    0.19171425700187683,
                    -0.8869608044624329,
                    -0.420173704624176,
                    -1.6937744617462158
                ],
                [
                    -0.9814507961273193,
                    -0.1732567846775055,
                    -0.08207572251558304,
                    -0.3308578431606293
                ],
                [
                    7.450581485102248e-09,
                    0.4281148314476013,
                    -0.9037242531776428,
                    -3.64302921295166
                ],
                [
                    0.0,
                    0.0,
                    0.0,
                    1.0
                ]
            ]
        },
        {
            "file_path": "/data/shapenet_blender/all_50_random/02958343/2fb155f2d36541b5e3bdba9430565083/r_30",
            "rotation": 0.12566370614359174,
            "transform_matrix": [
                [
                    0.9985539317131042,
                    -0.023053210228681564,
                    -0.048565126955509186,
                    -0.19577229022979736
                ],
                [
                    -0.053758926689624786,
                    -0.4282056391239166,
                    -0.9020808935165405,
                    -3.636404275894165
                ],
                [
                    -1.862645149230957e-09,
                    0.9033871293067932,
                    -0.4288257360458374,
                    -1.7286518812179565
                ],
                [
                    0.0,
                    0.0,
                    0.0,
                    1.0
                ]
            ]
        },
        {
            "file_path": "/data/shapenet_blender/all_50_random/02958343/2fb155f2d36541b5e3bdba9430565083/r_31",
            "rotation": 0.12566370614359174,
            "transform_matrix": [
                [
                    -0.7400726675987244,
                    -0.1325153261423111,
                    -0.6593421101570129,
                    -2.657893419265747
                ],
                [
                    -0.6725268959999084,
                    0.14582459628582,
                    0.725563645362854,
                    2.9248409271240234
                ],
                [
                    -7.450580596923828e-09,
                    0.9803952574729919,
                    -0.19704091548919678,
                    -0.7942973971366882
                ],
                [
                    0.0,
                    0.0,
                    0.0,
                    1.0
                ]
            ]
        },
        {
            "file_path": "/data/shapenet_blender/all_50_random/02958343/2fb155f2d36541b5e3bdba9430565083/r_32",
            "rotation": 0.12566370614359174,
            "transform_matrix": [
                [
                    -0.9250556826591492,
                    0.12141619622707367,
                    -0.3599027991294861,
                    -1.4508146047592163
                ],
                [
                    -0.379831463098526,
                    -0.2957015633583069,
                    0.8765207529067993,
                    3.5333681106567383
                ],
                [
                    0.0,
                    0.9475328922271729,
                    0.319658100605011,
                    1.2885830402374268
                ],
                [
                    0.0,
                    0.0,
                    0.0,
                    1.0
                ]
            ]
        },
        {
            "file_path": "/data/shapenet_blender/all_50_random/02958343/2fb155f2d36541b5e3bdba9430565083/r_33",
            "rotation": 0.12566370614359174,
            "transform_matrix": [
                [
                    -0.679305911064148,
                    0.4868961572647095,
                    -0.5490679144859314,
                    -2.2133636474609375
                ],
                [
                    -0.7338552474975586,
                    -0.4507039189338684,
                    0.5082542896270752,
                    2.0488386154174805
                ],
                [
                    0.0,
                    0.7481964230537415,
                    0.6634771823883057,
                    2.6745619773864746
                ],
                [
                    0.0,
                    0.0,
                    0.0,
                    1.0
                ]
            ]
        },
        {
            "file_path": "/data/shapenet_blender/all_50_random/02958343/2fb155f2d36541b5e3bdba9430565083/r_34",
            "rotation": 0.12566370614359174,
            "transform_matrix": [
                [
                    0.7705481648445129,
                    0.15023934841156006,
                    -0.6194220185279846,
                    -2.4969701766967773
                ],
                [
                    -0.6373817920684814,
                    0.18162842094898224,
                    -0.748836100101471,
                    -3.0186550617218018
                ],
                [
                    0.0,
                    0.9718226194381714,
                    0.23571324348449707,
                    0.950190544128418
                ],
                [
                    0.0,
                    0.0,
                    0.0,
                    1.0
                ]
            ]
        },
        {
            "file_path": "/data/shapenet_blender/all_50_random/02958343/2fb155f2d36541b5e3bdba9430565083/r_35",
            "rotation": 0.12566370614359174,
            "transform_matrix": [
                [
                    0.6761274337768555,
                    0.16449417173862457,
                    -0.7181875705718994,
                    -2.895106792449951
                ],
                [
                    -0.7367847561836243,
                    0.15095186233520508,
                    -0.6590613126754761,
                    -2.6567611694335938
                ],
                [
                    7.450581485102248e-09,
                    0.974759042263031,
                    0.22325949370861053,
                    0.8999878168106079
                ],
                [
                    0.0,
                    0.0,
                    0.0,
                    1.0
                ]
            ]
        },
        {
            "file_path": "/data/shapenet_blender/all_50_random/02958343/2fb155f2d36541b5e3bdba9430565083/r_36",
            "rotation": 0.12566370614359174,
            "transform_matrix": [
                [
                    -0.99993497133255,
                    0.0007940438226796687,
                    0.011374592781066895,
                    0.045852452516555786
                ],
                [
                    0.01140227448195219,
                    0.06963453441858292,
                    0.9975073337554932,
                    4.02108097076416
                ],
                [
                    0.0,
                    0.9975721836090088,
                    -0.06963906437158585,
                    -0.28072407841682434
                ],
                [
                    0.0,
                    0.0,
                    0.0,
                    1.0
                ]
            ]
        },
        {
            "file_path": "/data/shapenet_blender/all_50_random/02958343/2fb155f2d36541b5e3bdba9430565083/r_37",
            "rotation": 0.12566370614359174,
            "transform_matrix": [
                [
                    -0.011792325414717197,
                    -0.7604778409004211,
                    -0.6492565870285034,
                    -2.6172373294830322
                ],
                [
                    -0.9999304413795471,
                    0.008968425914645195,
                    0.007656777743250132,
                    0.030865460634231567
                ],
                [
                    0.0,
                    0.6493017077445984,
                    -0.7605307698249817,
                    -3.065797805786133
                ],
                [
                    0.0,
                    0.0,
                    0.0,
                    1.0
                ]
            ]
        },
        {
            "file_path": "/data/shapenet_blender/all_50_random/02958343/2fb155f2d36541b5e3bdba9430565083/r_38",
            "rotation": 0.12566370614359174,
            "transform_matrix": [
                [
                    0.8396508693695068,
                    0.004349601920694113,
                    -0.5431091785430908,
                    -2.189342975616455
                ],
                [
                    -0.5431265830993652,
                    0.006724302191287279,
                    -0.8396239876747131,
                    -3.384632110595703
                ],
                [
                    0.0,
                    0.9999678730964661,
                    0.008008452132344246,
                    0.03228309750556946
                ],
                [
                    0.0,
                    0.0,
                    0.0,
                    1.0
                ]
            ]
        },
        {
            "file_path": "/data/shapenet_blender/all_50_random/02958343/2fb155f2d36541b5e3bdba9430565083/r_39",
            "rotation": 0.12566370614359174,
            "transform_matrix": [
                [
                    -0.7328237295150757,
                    0.5324108600616455,
                    0.4236840307712555,
                    1.7079250812530518
                ],
                [
                    0.6804186105728149,
                    0.5734165906906128,
                    0.45631569623947144,
                    1.8394675254821777
                ],
                [
                    -2.9802322387695312e-08,
                    0.6226813793182373,
                    -0.7824754118919373,
                    -3.154259443283081
                ],
                [
                    0.0,
                    0.0,
                    0.0,
                    1.0
                ]
            ]
        },
        {
            "file_path": "/data/shapenet_blender/all_50_random/02958343/2fb155f2d36541b5e3bdba9430565083/r_40",
            "rotation": 0.12566370614359174,
            "transform_matrix": [
                [
                    0.9759966731071472,
                    -0.00026923330733552575,
                    -0.21778523921966553,
                    -0.8779202699661255
                ],
                [
                    -0.21778538823127747,
                    -0.0012065585469827056,
                    -0.9759960174560547,
                    -3.9343652725219727
                ],
                [
                    -2.9103826987286752e-11,
                    0.9999992847442627,
                    -0.0012362321140244603,
                    -0.0049834102392196655
                ],
                [
                    0.0,
                    0.0,
                    0.0,
                    1.0
                ]
            ]
        },
        {
            "file_path": "/data/shapenet_blender/all_50_random/02958343/2fb155f2d36541b5e3bdba9430565083/r_41",
            "rotation": 0.12566370614359174,
            "transform_matrix": [
                [
                    -0.19927524030208588,
                    0.266197144985199,
                    0.9430951476097107,
                    3.8017380237579346
                ],
                [
                    0.9799436330795288,
                    0.05413219332695007,
                    0.19178195297718048,
