{
    "class": "02958343",
    "model": "7f2acaeb45b72793ce6183244062e7c",
    "remove_doubles": true,
    "edge_split": true,
    "denoise": true,
    "camera_angle_x": 0.6911112070083618,
    "scale_factor": 2.1838852767518597,
    "hdri_file": "/data/IndoorHDRDataset2018/9C4A1632-254b17a8df.exr",
    "center_offset": [
        0.0,
        0.0,
        0.0
    ],
    "lights": [],
    "frames": [
        {
            "file_path": "/data/shapenet_blender/all_50_random/02958343/7f2acaeb45b72793ce6183244062e7c/r_0",
            "rotation": 0.12566370614359174,
            "transform_matrix": [
                [
                    -0.982574462890625,
                    -0.008088821545243263,
                    -0.18569351732730865,
                    -0.7485544681549072
                ],
                [
                    -0.18586961925029755,
                    0.0427604503929615,
                    0.9816434979438782,
                    3.9571313858032227
                ],
                [
                    -9.313225746154785e-10,
                    0.9990526437759399,
                    -0.0435187853872776,
                    -0.1754298359155655
                ],
                [
                    0.0,
                    0.0,
                    0.0,
                    1.0
                ]
            ]
        },
        {
            "file_path": "/data/shapenet_blender/all_50_random/02958343/7f2acaeb45b72793ce6183244062e7c/r_1",
            "rotation": 0.12566370614359174,
            "transform_matrix": [
                [
                    0.9838818311691284,
                    0.0008894043858163059,
                    -0.1788177341222763,
                    -0.7208373546600342
                ],
                [
                    -0.1788199543952942,
                    0.0048935748636722565,
                    -0.9838696718215942,
                    -3.9661054611206055
                ],
                [
                    -5.820766091346741e-11,
                    0.9999876618385315,
                    0.004973743110895157,
                    0.020049799233675003
                ],
                [
                    0.0,
                    0.0,
                    0.0,
                    1.0
                ]
            ]
        },
        {
            "file_path": "/data/shapenet_blender/all_50_random/02958343/7f2acaeb45b72793ce6183244062e7c/r_2",
            "rotation": 0.12566370614359174,
            "transform_matrix": [
                [
                    -0.8738785982131958,
                    0.47408759593963623,
                    0.10759665817022324,
                    0.43373602628707886
                ],
                [
                    0.4861440658569336,
                    0.8522062301635742,
                    0.1934126615524292,
                    0.7796714305877686
                ],
                [
                    0.0,
                    0.2213265746831894,
                    -0.9751996397972107,
                    -3.9311556816101074
                ],
                [
                    0.0,
                    0.0,
                    0.0,
                    1.0
                ]
            ]
        },
        {
            "file_path": "/data/shapenet_blender/all_50_random/02958343/7f2acaeb45b72793ce6183244062e7c/r_3",
            "rotation": 0.12566370614359174,
            "transform_matrix": [
                [
                    -0.3610542118549347,
                    -0.032045263797044754,
                    -0.9319940209388733,
                    -3.756988286972046
                ],
                [
                    -0.9325448274612427,
                    0.01240699365735054,
                    0.36084094643592834,
                    1.4545965194702148
                ],
                [
                    0.0,
                    0.9994093775749207,
                    -0.034363240003585815,
                    -0.138522669672966
                ],
                [
                    0.0,
                    0.0,
                    0.0,
                    1.0
                ]
            ]
        },
        {
            "file_path": "/data/shapenet_blender/all_50_random/02958343/7f2acaeb45b72793ce6183244062e7c/r_4",
            "rotation": 0.12566370614359174,
            "transform_matrix": [
                [
                    0.5133075714111328,
                    -0.3376743197441101,
                    -0.7889812588691711,
                    -3.180485248565674
                ],
                [
                    -0.8582048416137695,
                    -0.20196901261806488,
                    -0.4719037413597107,
                    -1.902304768562317
                ],
                [
                    0.0,
                    0.9193391799926758,
                    -0.39346587657928467,
                    -1.5861116647720337
                ],
                [
                    0.0,
                    0.0,
                    0.0,
                    1.0
                ]
            ]
        },
        {
            "file_path": "/data/shapenet_blender/all_50_random/02958343/7f2acaeb45b72793ce6183244062e7c/r_5",
            "rotation": 0.12566370614359174,
            "transform_matrix": [
                [
                    -0.44590574502944946,
                    -0.6348405480384827,
                    0.6309876441955566,
                    2.543592691421509
                ],
                [
                    0.8950799703598022,
                    -0.3162612020969391,
                    0.31434178352355957,
                    1.2671524286270142
                ],
                [
                    0.0,
                    0.7049511671066284,
                    0.7092557549476624,
                    2.8591015338897705
                ],
                [
                    0.0,
                    0.0,
                    0.0,
                    1.0
                ]
            ]
        },
        {
            "file_path": "/data/shapenet_blender/all_50_random/02958343/7f2acaeb45b72793ce6183244062e7c/r_6",
            "rotation": 0.12566370614359174,
            "transform_matrix": [
                [
                    -0.3290443420410156,
                    -0.21450147032737732,
                    -0.9196298718452454,
                    -3.707146167755127
                ],
                [
                    -0.9443145394325256,
                    0.07474257051944733,
                    0.3204430043697357,
                    1.2917468547821045
                ],
                [
                    7.450580596923828e-09,
                    0.9738595485687256,
                    -0.22715052962303162,
                    -0.9156729578971863
                ],
                [
                    0.0,
                    0.0,
                    0.0,
                    1.0
                ]
            ]
        },
        {
            "file_path": "/data/shapenet_blender/all_50_random/02958343/7f2acaeb45b72793ce6183244062e7c/r_7",
            "rotation": 0.12566370614359174,
            "transform_matrix": [
                [
                    -0.9933339357376099,
                    0.09470970928668976,
                    -0.06571072340011597,
                    -0.2648884356021881
                ],
                [
                    -0.11527285724878311,
                    -0.816136360168457,
                    0.5662450790405273,
                    2.282607078552246
                ],
                [
                    -3.725290298461914e-09,
                    0.5700451731681824,
                    0.8216133713722229,
                    3.3120296001434326
                ],
                [
                    0.0,
                    0.0,
                    0.0,
                    1.0
                ]
            ]
        },
        {
            "file_path": "/data/shapenet_blender/all_50_random/02958343/7f2acaeb45b72793ce6183244062e7c/r_8",
            "rotation": 0.12566370614359174,
            "transform_matrix": [
                [
                    0.6762372255325317,
                    -0.07637941837310791,
                    -0.7327136993408203,
                    -2.9536633491516113
                ],
                [
                    -0.7366839051246643,
                    -0.07011229544878006,
                    -0.6725927591323853,
                    -2.711308240890503
                ],
                [
                    3.725290298461914e-09,
                    0.9946107268333435,
                    -0.10368002206087112,
                    -0.41794753074645996
                ],
                [
                    0.0,
                    0.0,
                    0.0,
                    1.0
                ]
            ]
        },
        {
            "file_path": "/data/shapenet_blender/all_50_random/02958343/7f2acaeb45b72793ce6183244062e7c/r_9",
            "rotation": 0.12566370614359174,
            "transform_matrix": [
                [
                    0.7583173513412476,
                    -0.23296783864498138,
                    0.6088355779647827,
                    2.454294443130493
                ],
                [
                    0.6518855094909668,
                    0.27100396156311035,
                    -0.7082388401031494,
                    -2.85500168800354
                ],
                [
                    0.0,
                    0.9339607954025269,
                    0.35737544298171997,
                    1.4406262636184692
                ],
                [
                    0.0,
                    0.0,
                    0.0,
                    1.0
                ]
            ]
        },
        {
            "file_path": "/data/shapenet_blender/all_50_random/02958343/7f2acaeb45b72793ce6183244062e7c/r_10",
            "rotation": 0.12566370614359174,
            "transform_matrix": [
                [
                    0.04939155653119087,
                    -0.3633571267127991,
                    0.9303397536277771,
                    3.750319242477417
                ],
                [
                    0.9987794756889343,
                    0.01796870492398739,
                    -0.046007078140974045,
                    -0.18546046316623688
                ],
                [
                    0.0,
                    0.9314765930175781,
                    0.3638012111186981,
                    1.4665294885635376
                ],
                [
                    0.0,
                    0.0,
                    0.0,
                    1.0
                ]
            ]
        },
        {
            "file_path": "/data/shapenet_blender/all_50_random/02958343/7f2acaeb45b72793ce6183244062e7c/r_11",
            "rotation": 0.12566370614359174,
            "transform_matrix": [
                [
                    -0.10689347982406616,
                    0.7705994844436646,
                    0.6282915472984314,
                    2.532724142074585
                ],
                [
                    0.9942704439163208,
                    0.0828467383980751,
                    0.06754729151725769,
                    0.2722918391227722
                ],
                [
                    3.725290076417309e-09,
                    0.631912112236023,
                    -0.7750400304794312,
                    -3.124286413192749
                ],
                [
                    0.0,
                    0.0,
                    0.0,
                    1.0
                ]
            ]
        },
        {
            "file_path": "/data/shapenet_blender/all_50_random/02958343/7f2acaeb45b72793ce6183244062e7c/r_12",
            "rotation": 0.12566370614359174,
            "transform_matrix": [
                [
                    0.05624935403466225,
                    -0.7052055597305298,
                    -0.7067679762840271,
                    -2.8490729331970215
                ],
                [
                    -0.9984167814254761,
                    -0.0397302582859993,
                    -0.039818283170461655,
                    -0.16051262617111206
                ],
                [
                    1.862645149230957e-09,
                    0.7078887820243835,
                    -0.7063238620758057,
                    -2.847282648086548
                ],
                [
                    0.0,
                    0.0,
                    0.0,
                    1.0
                ]
            ]
        },
        {
            "file_path": "/data/shapenet_blender/all_50_random/02958343/7f2acaeb45b72793ce6183244062e7c/r_13",
            "rotation": 0.12566370614359174,
            "transform_matrix": [
                [
                    -0.23453490436077118,
                    -0.6286153793334961,
                    0.7415092587471008,
                    2.989119529724121
                ],
                [
                    0.9721076488494873,
                    -0.15166248381137848,
                    0.17889973521232605,
                    0.7211679220199585
                ],
                [
                    7.450580152834618e-09,
                    0.7627850770950317,
                    0.6466520428657532,
                    2.6067378520965576
                ],
                [
                    0.0,
                    0.0,
                    0.0,
                    1.0
                ]
            ]
        },
        {
            "file_path": "/data/shapenet_blender/all_50_random/02958343/7f2acaeb45b72793ce6183244062e7c/r_14",
            "rotation": 0.12566370614359174,
            "transform_matrix": [
                [
                    -0.2064412385225296,
                    0.6539086103439331,
                    0.7278636693954468,
                    2.934112310409546
                ],
                [
                    0.9784589409828186,
                    0.1379656344652176,
                    0.15356911718845367,
                    0.6190569400787354
                ],
                [
                    0.0,
                    0.7438878417015076,
                    -0.6683045029640198,
                    -2.694021701812744
                ],
                [
                    0.0,
                    0.0,
                    0.0,
                    1.0
                ]
            ]
        },
        {
            "file_path": "/data/shapenet_blender/all_50_random/02958343/7f2acaeb45b72793ce6183244062e7c/r_15",
            "rotation": 0.12566370614359174,
            "transform_matrix": [
                [
                    -0.0007670022896490991,
                    0.5394472479820251,
                    -0.8420189023017883,
                    -3.394287109375
                ],
                [
                    -0.9999997019767761,
                    -0.00041375739965587854,
                    0.0006458305870182812,
                    0.0026034265756607056
                ],
                [
                    0.0,
                    0.8420192003250122,
                    0.5394473671913147,
                    2.1745822429656982
                ],
                [
                    0.0,
                    0.0,
                    0.0,
                    1.0
                ]
            ]
        },
        {
            "file_path": "/data/shapenet_blender/all_50_random/02958343/7f2acaeb45b72793ce6183244062e7c/r_16",
            "rotation": 0.12566370614359174,
            "transform_matrix": [
                [
                    -0.4372398853302002,
                    -0.8248991966247559,
                    -0.3582770526409149,
                    -1.444260835647583
                ],
                [
                    -0.8993449211120605,
                    0.40104618668556213,
                    0.17418570816516876,
                    0.7021649479866028
                ],
                [
                    0.0,
                    0.3983755111694336,
                    -0.9172224402427673,
                    -3.697441577911377
                ],
                [
                    0.0,
                    0.0,
                    0.0,
                    1.0
                ]
            ]
        },
        {
            "file_path": "/data/shapenet_blender/all_50_random/02958343/7f2acaeb45b72793ce6183244062e7c/r_17",
            "rotation": 0.12566370614359174,
            "transform_matrix": [
                [
                    0.6975348591804504,
                    -0.04355047270655632,
                    -0.7152261137962341,
                    -2.8831686973571777
                ],
                [
                    -0.7165507674217224,
                    -0.0423947237432003,
                    -0.6962453722953796,
                    -2.806654930114746
                ],
                [
                    1.8626450382086546e-09,
                    0.9981513023376465,
                    -0.0607779286801815,
                    -0.24500367045402527
                ],
                [
                    0.0,
                    0.0,
                    0.0,
                    1.0
                ]
            ]
        },
        {
            "file_path": "/data/shapenet_blender/all_50_random/02958343/7f2acaeb45b72793ce6183244062e7c/r_18",
            "rotation": 0.12566370614359174,
            "transform_matrix": [
                [
                    -0.8011013865470886,
                    0.5889806747436523,
                    -0.10648123919963837,
                    -0.4292396306991577
                ],
                [
                    -0.5985286831855774,
                    -0.788321852684021,
                    0.14251993596553802,
                    0.5745162963867188
                ],
                [
                    0.0,
                    0.17790494859218597,
                    0.9840475916862488,
                    3.966822862625122
                ],
                [
                    0.0,
                    0.0,
                    0.0,
                    1.0
                ]
            ]
        },
        {
            "file_path": "/data/shapenet_blender/all_50_random/02958343/7f2acaeb45b72793ce6183244062e7c/r_19",
            "rotation": 0.12566370614359174,
            "transform_matrix": [
                [
                    0.8738220930099487,
                    0.23316743969917297,
                    0.4266943335533142,
                    1.720059871673584
                ],
                [
                    0.4862459897994995,
                    -0.4190201461315155,
                    -0.7668030858039856,
                    -3.0910820960998535
                ],
                [
                    1.4901162970204496e-08,
                    0.8775277137756348,
                    -0.47952577471733093,
                    -1.9330302476882935
                ],
                [
                    0.0,
                    0.0,
                    0.0,
                    1.0
                ]
            ]
        },
        {
            "file_path": "/data/shapenet_blender/all_50_random/02958343/7f2acaeb45b72793ce6183244062e7c/r_20",
            "rotation": 0.12566370614359174,
            "transform_matrix": [
                [
                    -0.43904823064804077,
                    0.22310911118984222,
                    -0.8703212738037109,
                    -3.5083768367767334
                ],
                [
                    -0.8984635472297668,
                    -0.1090257465839386,
                    0.4252960681915283,
                    1.7144230604171753
                ],
                [
                    0.0,
                    0.968677282333374,
                    0.2483229637145996,
                    1.0010217428207397
                ],
                [
                    0.0,
                    0.0,
                    0.0,
                    1.0
                ]
            ]
        },
        {
            "file_path": "/data/shapenet_blender/all_50_random/02958343/7f2acaeb45b72793ce6183244062e7c/r_21",
            "rotation": 0.12566370614359174,
            "transform_matrix": [
                [
                    -0.09939126670360565,
                    -0.8366809487342834,
                    -0.5385965704917908,
                    -2.171152353286743
                ],
                [
                    -0.995048463344574,
                    0.08357258886098862,
                    0.05379817634820938,
                    0.21686741709709167
                ],
                [
                    0.0,
                    0.5412768721580505,
                    -0.8408443331718445,
                    -3.389552354812622
                ],
                [
                    0.0,
                    0.0,
                    0.0,
                    1.0
                ]
            ]
        },
        {
            "file_path": "/data/shapenet_blender/all_50_random/02958343/7f2acaeb45b72793ce6183244062e7c/r_22",
            "rotation": 0.12566370614359174,
            "transform_matrix": [
                [
                    0.6333779692649841,
                    0.7631675601005554,
                    -0.12809261679649353,
                    -0.5163577795028687
                ],
                [
                    -0.7738426327705383,
                    0.6246405243873596,
                    -0.10484176129102707,
                    -0.4226306080818176
                ],
                [
                    7.450580596923828e-09,
                    0.16552779078483582,
                    0.9862051606178284,
                    3.9755196571350098
                ],
                [
                    0.0,
                    0.0,
                    0.0,
                    1.0
                ]
            ]
        },
        {
            "file_path": "/data/shapenet_blender/all_50_random/02958343/7f2acaeb45b72793ce6183244062e7c/r_23",
            "rotation": 0.12566370614359174,
            "transform_matrix": [
                [
                    0.19379448890686035,
                    0.6126785278320312,
                    0.7662041187286377,
                    3.088667631149292
                ],
                [
                    0.9810421466827393,
                    -0.12102815508842468,
                    -0.15135551989078522,
                    -0.6101335883140564
                ],
                [
                    -7.450580596923828e-09,
                    0.7810103893280029,
                    -0.6245180368423462,
                    -2.517512798309326
                ],
                [
                    0.0,
                    0.0,
                    0.0,
                    1.0
                ]
            ]
        },
        {
            "file_path": "/data/shapenet_blender/all_50_random/02958343/7f2acaeb45b72793ce6183244062e7c/r_24",
            "rotation": 0.12566370614359174,
            "transform_matrix": [
                [
                    0.10467903316020966,
                    0.07042447477579117,
                    -0.9920094609260559,
                    -3.998917818069458
                ],
                [
                    -0.9945060014724731,
                    0.007412692066282034,
                    -0.10441625863313675,
                    -0.4209153950214386
                ],
                [
                    0.0,
                    0.9974895119667053,
                    0.07081352919340134,
                    0.2854584753513336
                ],
                [
                    0.0,
                    0.0,
                    0.0,
                    1.0
                ]
            ]
        },
        {
            "file_path": "/data/shapenet_blender/all_50_random/02958343/7f2acaeb45b72793ce6183244062e7c/r_25",
            "rotation": 0.12566370614359174,
            "transform_matrix": [
                [
                    -0.4652070999145508,
                    0.2226642519235611,
                    0.8567396402359009,
                    3.4536283016204834
                ],
                [
                    0.8852019906044006,
                    0.11701848357915878,
                    0.4502491056919098,
                    1.8150123357772827
                ],
                [
                    7.450581485102248e-09,
                    0.967846691608429,
                    -0.2515406012535095,
                    -1.0139926671981812
                ],
                [
                    0.0,
                    0.0,
                    0.0,
                    1.0
                ]
            ]
        },
        {
            "file_path": "/data/shapenet_blender/all_50_random/02958343/7f2acaeb45b72793ce6183244062e7c/r_26",
            "rotation": 0.12566370614359174,
            "transform_matrix": [
                [
                    -0.6271156072616577,
                    0.3614518940448761,
                    0.6899843811988831,
                    2.781416177749634
                ],
                [
                    0.7789261937141418,
                    0.291005939245224,
                    0.5555083155632019,
                    2.239326000213623
                ],
                [
                    -1.4901161193847656e-08,
                    0.885814905166626,
                    -0.4640386998653412,
                    -1.8705999851226807
                ],
                [
                    0.0,
                    0.0,
                    0.0,
                    1.0
                ]
            ]
        },
        {
            "file_path": "/data/shapenet_blender/all_50_random/02958343/7f2acaeb45b72793ce6183244062e7c/r_27",
            "rotation": 0.12566370614359174,
            "transform_matrix": [
                [
                    -0.8542124032974243,
                    -0.08100182563066483,
                    -0.5135754942893982,
                    -2.070289134979248
                ],
                [
                    -0.5199241042137146,
                    0.13308243453502655,
                    0.8437819480895996,
                    3.4013938903808594
                ],
                [
                    0.0,
                    0.9877893328666687,
                    -0.15579548478126526,
                    -0.6280316710472107
                ],
                [
                    0.0,
                    0.0,
                    0.0,
                    1.0
                ]
            ]
        },
        {
            "file_path": "/data/shapenet_blender/all_50_random/02958343/7f2acaeb45b72793ce6183244062e7c/r_28",
            "rotation": 0.12566370614359174,
            "transform_matrix": [
                [
                    0.9485464096069336,
                    -0.153621107339859,
                    0.27687597274780273,
                    1.1161227226257324
                ],
                [
                    0.31663820147514343,
                    0.4601995050907135,
                    -0.8294315338134766,
                    -3.343545436859131
                ],
                [
                    0.0,
                    0.8744238018989563,
                    0.4851628541946411,
                    1.955754041671753
                ],
                [
                    0.0,
                    0.0,
                    0.0,
                    1.0
                ]
            ]
        },
        {
            "file_path": "/data/shapenet_blender/all_50_random/02958343/7f2acaeb45b72793ce6183244062e7c/r_29",
            "rotation": 0.12566370614359174,
            "transform_matrix": [
                [
                    -0.9635481834411621,
                    -0.039719369262456894,
                    0.2645699381828308,
                    1.0665156841278076
                ],
                [
                    0.26753485202789307,
                    -0.14305248856544495,
                    0.9528698325157166,
                    3.84114146232605
                ],
                [
                    0.0,
                    0.9889177680015564,
                    0.14846426248550415,
                    0.5984786152839661
                ],
                [
                    0.0,
                    0.0,
                    0.0,
                    1.0
                ]
            ]
        },
        {
            "file_path": "/data/shapenet_blender/all_50_random/02958343/7f2acaeb45b72793ce6183244062e7c/r_30",
            "rotation": 0.12566370614359174,
            "transform_matrix": [
                [
                    -0.5368608832359314,
                    -0.21126896142959595,
                    -0.8167899250984192,
                    -3.2925853729248047
                ],
                [
                    -0.8436707258224487,
                    0.13443875312805176,
                    0.5197555422782898,
                    2.0952014923095703
                ],
                [
                    0.0,
                    0.9681382179260254,
                    -0.2504163384437561,
                    -1.0094605684280396
                ],
                [
                    0.0,
                    0.0,
                    0.0,
                    1.0
                ]
            ]
        },
        {
            "file_path": "/data/shapenet_blender/all_50_random/02958343/7f2acaeb45b72793ce6183244062e7c/r_31",
            "rotation": 0.12566370614359174,
            "transform_matrix": [
                [
                    -0.6397119164466858,
                    0.026911871507763863,
                    0.7681434154510498,
                    3.096485137939453
                ],
                [
                    0.768614649772644,
                    0.022398537024855614,
                    0.6393197178840637,
                    2.5771801471710205
                ],
                [
                    0.0,
                    0.9993867874145508,
                    -0.03501347452402115,
                    -0.1411438286304474
                ],
                [
                    0.0,
                    0.0,
                    0.0,
                    1.0
                ]
            ]
        },
        {
            "file_path": "/data/shapenet_blender/all_50_random/02958343/7f2acaeb45b72793ce6183244062e7c/r_32",
            "rotation": 0.12566370614359174,
            "transform_matrix": [
                [
                    -0.22741957008838654,
                    0.9274910688400269,
                    0.2967166602611542,
                    1.1961032152175903
                ],
                [
                    0.9737969040870667,
                    0.21660535037517548,
                    0.06929492205381393,
                    0.2793368101119995
                ],
                [
                    7.450580596923828e-09,
                    0.3047007918357849,
                    -0.9524480104446411,
                    -3.8394410610198975
                ],
                [
                    0.0,
                    0.0,
                    0.0,
                    1.0
                ]
            ]
        },
        {
            "file_path": "/data/shapenet_blender/all_50_random/02958343/7f2acaeb45b72793ce6183244062e7c/r_33",
            "rotation": 0.12566370614359174,
            "transform_matrix": [
                [
                    0.6999030709266663,
                    0.04601066932082176,
                    -0.7127543687820435,
                    -2.8732047080993652
                ],
                [
                    -0.7142379283905029,
                    0.04508722946047783,
                    -0.6984493136405945,
                    -2.8155391216278076
                ],
                [
                    0.0,
                    0.9979228973388672,
                    0.06441924721002579,
                    0.259682297706604
                ],
                [
                    0.0,
                    0.0,
                    0.0,
                    1.0
                ]
            ]
        },
        {
            "file_path": "/data/shapenet_blender/all_50_random/02958343/7f2acaeb45b72793ce6183244062e7c/r_34",
            "rotation": 0.12566370614359174,
            "transform_matrix": [
                [
                    -0.6348146796226501,
                    -0.45188239216804504,
                    0.6267475485801697,
                    2.5265004634857178
                ],
                [
                    0.772664487361908,
                    -0.3712628185749054,
                    0.5149305462837219,
                    2.075751781463623
                ],
                [
                    1.4901162970204496e-08,
                    0.8111511468887329,
                    0.584836483001709,
                    2.3575515747070312
                ],
                [
                    0.0,
                    0.0,
                    0.0,
                    1.0
                ]
            ]
        },
        {
            "file_path": "/data/shapenet_blender/all_50_random/02958343/7f2acaeb45b72793ce6183244062e7c/r_35",
            "rotation": 0.12566370614359174,
            "transform_matrix": [
                [
                    0.2454676628112793,
                    -0.17382031679153442,
                    -0.9536938071250916,
                    -3.8444631099700928
                ],
                [
                    -0.9694046378135681,
                    -0.044013891369104385,
                    -0.2414894551038742,
                    -0.9734752774238586
                ],
                [
                    -3.7252894102834944e-09,
                    0.9837933778762817,
                    -0.17930620908737183,
                    -0.7228065133094788
                ],
                [
                    0.0,
                    0.0,
                    0.0,
                    1.0
                ]
            ]
        },
        {
            "file_path": "/data/shapenet_blender/all_50_random/02958343/7f2acaeb45b72793ce6183244062e7c/r_36",
            "rotation": 0.12566370614359174,
            "transform_matrix": [
                [
                    0.8901857137680054,
                    -0.03285251930356026,
                    0.454412043094635,
                    1.8317933082580566
                ],
                [
                    0.4555980861186981,
                    0.06419000029563904,
                    -0.887868344783783,
                    -3.579111337661743
                ],
                [
                    3.725290742551124e-09,
                    0.9973966479301453,
                    0.07210857421159744,
                    0.2906789183616638
                ],
                [
                    0.0,
                    0.0,
                    0.0,
                    1.0
                ]
            ]
        },
        {
            "file_path": "/data/shapenet_blender/all_50_random/02958343/7f2acaeb45b72793ce6183244062e7c/r_37",
            "rotation": 0.12566370614359174,
            "transform_matrix": [
                [
                    -0.9990697503089905,
                    0.012838813476264477,
                    -0.041168212890625,
                    -0.1659543812274933
                ],
                [
                    -0.04312374070286751,
                    -0.29744333028793335,
                    0.9537650346755981,
                    3.844749927520752
                ],
                [
                    9.31322685637781e-10,
                    0.9546530246734619,
                    0.2977203130722046,
                    1.2001489400863647
                ],
                [
                    0.0,
                    0.0,
                    0.0,
                    1.0
                ]
            ]
        },
        {
            "file_path": "/data/shapenet_blender/all_50_random/02958343/7f2acaeb45b72793ce6183244062e7c/r_38",
            "rotation": 0.12566370614359174,
            "transform_matrix": [
                [
                    -0.9193397760391235,
                    -0.36740559339523315,
                    -0.14080996811389923,
                    -0.5676230788230896
                ],
                [
                    -0.39346450567245483,
                    0.8584524393081665,
                    0.32900604605674744,
                    1.3262656927108765
                ],
                [
                    -7.4505797087454084e-09,
                    0.3578719198703766,
                    -0.9337707161903381,
                    -3.7641496658325195
                ],
                [
                    0.0,
                    0.0,
                    0.0,
                    1.0
                ]
            ]
        },
        {
            "file_path": "/data/shapenet_blender/all_50_random/02958343/7f2acaeb45b72793ce6183244062e7c/r_39",
            "rotation": 0.12566370614359174,
            "transform_matrix": [
                [
                    -0.9985699653625488,
                    -0.04759231582283974,
                    0.02435467578470707,
                    0.09817683696746826
                ],
                [
                    0.0534619465470314,
                    -0.8889361619949341,
                    0.45490017533302307,
                    1.833761215209961
                ],
                [
                    0.0,
                    0.4555516541004181,
                    0.8902093172073364,
                    3.5885486602783203
                ],
                [
                    0.0,
                    0.0,
                    0.0,
                    1.0
                ]
            ]
        },
        {
            "file_path": "/data/shapenet_blender/all_50_random/02958343/7f2acaeb45b72793ce6183244062e7c/r_40",
            "rotation": 0.12566370614359174,
            "transform_matrix": [
                [
                    -0.20510365068912506,
                    0.6404545903205872,
                    -0.7401015758514404,
                    -2.983445167541504
                ],
                [
                    -0.9787403345108032,
                    -0.13421288132667542,
                    0.15509478747844696,
                    0.6252071261405945
                ],
                [
                    7.450581485102248e-09,
                    0.7561777830123901,
                    0.654366135597229,
                    2.6378345489501953
                ],
                [
                    0.0,
                    0.0,
                    0.0,
                    1.0
                ]
            ]
        },
        {
            "file_path": "/data/shapenet_blender/all_50_random/02958343/7f2acaeb45b72793ce6183244062e7c/r_41",
            "rotation": 0.12566370614359174,
            "transform_matrix": [
                [
                    -0.8903252482414246,
                    -0.26253238320350647,
                    0.3720185458660126,
                    1.499654769897461
                ],
                [
                    0.45532524585723877,
                    -0.5133455991744995,
                    0.7274305820465088,
                    2.932366371154785
                ],
                [
                    0.0,
