{
    "class": "02958343",
    "model": "aeeb2fb31215f3249acee38782dd9680",
    "remove_doubles": true,
    "edge_split": true,
    "denoise": true,
    "camera_angle_x": 0.6911112070083618,
    "scale_factor": 2.237406780640873,
    "hdri_file": "/data/IndoorHDRDataset2018/9C4A1933-1293562e3c.exr",
    "center_offset": [
        0.0,
        0.0,
        -2.7939677238464355e-09
    ],
    "lights": [],
    "frames": [
        {
            "file_path": "/data/shapenet_blender/all_50_random/02958343/aeeb2fb31215f3249acee38782dd9680/r_0",
            "rotation": 0.12566370614359174,
            "transform_matrix": [
                [
                    0.25771066546440125,
                    -0.27469518780708313,
                    -0.9263518452644348,
                    -3.734243869781494
                ],
                [
                    -0.9662221670150757,
                    -0.0732666626572609,
                    -0.24707643687725067,
                    -0.9959970116615295
                ],
                [
                    0.0,
                    0.9587359428405762,
                    -0.2842980921268463,
                    -1.1460423469543457
                ],
                [
                    0.0,
                    0.0,
                    0.0,
                    1.0
                ]
            ]
        },
        {
            "file_path": "/data/shapenet_blender/all_50_random/02958343/aeeb2fb31215f3249acee38782dd9680/r_1",
            "rotation": 0.12566370614359174,
            "transform_matrix": [
                [
                    0.33928507566452026,
                    0.44397225975990295,
                    0.8293216228485107,
                    3.343101978302002
                ],
                [
                    0.9406836032867432,
                    -0.16013158857822418,
                    -0.29911911487579346,
                    -1.2057875394821167
                ],
                [
                    0.0,
                    0.8816157579421997,
                    -0.47196778655052185,
                    -1.9025627374649048
                ],
                [
                    0.0,
                    0.0,
                    0.0,
                    1.0
                ]
            ]
        },
        {
            "file_path": "/data/shapenet_blender/all_50_random/02958343/aeeb2fb31215f3249acee38782dd9680/r_2",
            "rotation": 0.12566370614359174,
            "transform_matrix": [
                [
                    0.0885222852230072,
                    0.15752626955509186,
                    -0.9835392236709595,
                    -3.964772939682007
                ],
                [
                    -0.9960741400718689,
                    0.013999545946717262,
                    -0.08740829676389694,
                    -0.3523540794849396
                ],
                [
                    -9.313225191043273e-10,
                    0.9874154329299927,
                    0.15814714133739471,
                    0.6375114321708679
                ],
                [
                    0.0,
                    0.0,
                    0.0,
                    1.0
                ]
            ]
        },
        {
            "file_path": "/data/shapenet_blender/all_50_random/02958343/aeeb2fb31215f3249acee38782dd9680/r_3",
            "rotation": 0.12566370614359174,
            "transform_matrix": [
                [
                    0.1334589570760727,
                    0.6289508938789368,
                    -0.7659044861793518,
                    -3.0874593257904053
                ],
                [
                    -0.991054356098175,
                    0.08469679951667786,
                    -0.1031394675374031,
                    -0.41576844453811646
                ],
                [
                    0.0,
                    0.7728177309036255,
                    0.6346281170845032,
                    2.558267593383789
                ],
                [
                    0.0,
                    0.0,
                    0.0,
                    1.0
                ]
            ]
        },
        {
            "file_path": "/data/shapenet_blender/all_50_random/02958343/aeeb2fb31215f3249acee38782dd9680/r_4",
            "rotation": 0.12566370614359174,
            "transform_matrix": [
                [
                    0.6375570893287659,
                    0.5288094878196716,
                    -0.5602511763572693,
                    -2.2584447860717773
                ],
                [
                    -0.7704031467437744,
                    0.43762317299842834,
                    -0.4636431634426117,
                    -1.8690053224563599
                ],
                [
                    -2.9802322387695312e-08,
                    0.7272182106971741,
                    0.6864063143730164,
                    2.7669923305511475
                ],
                [
                    0.0,
                    0.0,
                    0.0,
                    1.0
                ]
            ]
        },
        {
            "file_path": "/data/shapenet_blender/all_50_random/02958343/aeeb2fb31215f3249acee38782dd9680/r_5",
            "rotation": 0.12566370614359174,
            "transform_matrix": [
                [
                    0.9513632655143738,
                    0.04557210952043533,
                    0.30468252301216125,
                    1.2282145023345947
                ],
                [
                    0.30807188153266907,
                    -0.14073218405246735,
                    -0.9408965110778809,
                    -3.792875051498413
                ],
                [
                    0.0,
                    0.9889981746673584,
                    -0.147926926612854,
                    -0.5963125228881836
                ],
                [
                    0.0,
                    0.0,
                    0.0,
                    1.0
                ]
            ]
        },
        {
            "file_path": "/data/shapenet_blender/all_50_random/02958343/aeeb2fb31215f3249acee38782dd9680/r_6",
            "rotation": 0.12566370614359174,
            "transform_matrix": [
                [
                    0.13923868536949158,
                    0.6100889444351196,
                    -0.7800025343894958,
                    -3.1442909240722656
                ],
                [
                    -0.9902588725090027,
                    0.08578361570835114,
                    -0.10967488586902618,
                    -0.44211363792419434
                ],
                [
                    7.450580596923828e-09,
                    0.7876753211021423,
                    0.6160904169082642,
                    2.4835400581359863
                ],
                [
                    0.0,
                    0.0,
                    0.0,
                    1.0
                ]
            ]
        },
        {
            "file_path": "/data/shapenet_blender/all_50_random/02958343/aeeb2fb31215f3249acee38782dd9680/r_7",
            "rotation": 0.12566370614359174,
            "transform_matrix": [
                [
                    -0.9596408605575562,
                    -0.23136864602565765,
                    -0.15986889600753784,
                    -0.6444522142410278
                ],
                [
                    -0.281228631734848,
                    0.7895029187202454,
                    0.5455231666564941,
                    2.1990745067596436
                ],
                [
                    1.4901162970204496e-08,
                    0.568466067314148,
                    -0.8227065801620483,
                    -3.316436767578125
                ],
                [
                    0.0,
                    0.0,
                    0.0,
                    1.0
                ]
            ]
        },
        {
            "file_path": "/data/shapenet_blender/all_50_random/02958343/aeeb2fb31215f3249acee38782dd9680/r_8",
            "rotation": 0.12566370614359174,
            "transform_matrix": [
                [
                    0.46987664699554443,
                    0.4400362968444824,
                    -0.7652345299720764,
                    -3.084758996963501
                ],
                [
                    -0.8827319741249084,
                    0.23423053324222565,
                    -0.40733298659324646,
                    -1.6420117616653442
                ],
                [
                    -1.4901159417490817e-08,
                    0.8668932318687439,
                    0.4984937012195587,
                    2.0094923973083496
                ],
                [
                    0.0,
                    0.0,
                    0.0,
                    1.0
                ]
            ]
        },
        {
            "file_path": "/data/shapenet_blender/all_50_random/02958343/aeeb2fb31215f3249acee38782dd9680/r_9",
            "rotation": 0.12566370614359174,
            "transform_matrix": [
                [
                    0.6333286166191101,
                    0.2128983736038208,
                    0.7440222501754761,
                    2.9992499351501465
                ],
                [
                    0.7738831043243408,
                    -0.17423127591609955,
                    -0.6088911890983582,
                    -2.454519033432007
                ],
                [
                    0.0,
                    0.9614143967628479,
                    -0.2751040458679199,
                    -1.1089800596237183
                ],
                [
                    0.0,
                    0.0,
                    0.0,
                    1.0
                ]
            ]
        },
        {
            "file_path": "/data/shapenet_blender/all_50_random/02958343/aeeb2fb31215f3249acee38782dd9680/r_10",
            "rotation": 0.12566370614359174,
            "transform_matrix": [
                [
                    0.9129951000213623,
                    -0.26871728897094727,
                    0.30697062611579895,
                    1.2374383211135864
                ],
                [
                    0.4079705774784088,
                    0.6013609766960144,
                    -0.6869679093360901,
                    -2.769256353378296
                ],
                [
                    0.0,
                    0.7524333000183105,
                    0.6586682796478271,
                    2.655177116394043
                ],
                [
                    0.0,
                    0.0,
                    0.0,
                    1.0
                ]
            ]
        },
        {
            "file_path": "/data/shapenet_blender/all_50_random/02958343/aeeb2fb31215f3249acee38782dd9680/r_11",
            "rotation": 0.12566370614359174,
            "transform_matrix": [
                [
                    -0.07331258803606033,
                    -0.7437254190444946,
                    0.6644529104232788,
                    2.678495407104492
                ],
                [
                    0.9973090887069702,
                    -0.05467155575752258,
                    0.04884419962763786,
                    0.19689726829528809
                ],
                [
                    0.0,
                    0.6662458181381226,
                    0.7457321882247925,
                    3.0061426162719727
                ],
                [
                    0.0,
                    0.0,
                    0.0,
                    1.0
                ]
            ]
        },
        {
            "file_path": "/data/shapenet_blender/all_50_random/02958343/aeeb2fb31215f3249acee38782dd9680/r_12",
            "rotation": 0.12566370614359174,
            "transform_matrix": [
                [
                    -0.9943830370903015,
                    -0.003327801125124097,
                    0.10578961670398712,
                    0.42645153403282166
                ],
                [
                    0.10584193468093872,
                    -0.03126462921500206,
                    0.9938914179801941,
                    4.006504058837891
                ],
                [
                    2.3283061589829401e-10,
                    0.9995056986808777,
                    0.031441234052181244,
                    0.12674365937709808
                ],
                [
                    0.0,
                    0.0,
                    0.0,
                    1.0
                ]
            ]
        },
        {
            "file_path": "/data/shapenet_blender/all_50_random/02958343/aeeb2fb31215f3249acee38782dd9680/r_13",
            "rotation": 0.12566370614359174,
            "transform_matrix": [
                [
                    0.6942583918571472,
                    -0.3017890453338623,
                    -0.6533977389335632,
                    -2.6339304447174072
                ],
                [
                    -0.7197257876396179,
                    -0.29111024737358093,
                    -0.6302773356437683,
                    -2.540729284286499
                ],
                [
                    2.9802322387695312e-08,
                    0.9078425168991089,
                    -0.4193111062049866,
                    -1.6902971267700195
                ],
                [
                    0.0,
                    0.0,
                    0.0,
                    1.0
                ]
            ]
        },
        {
            "file_path": "/data/shapenet_blender/all_50_random/02958343/aeeb2fb31215f3249acee38782dd9680/r_14",
            "rotation": 0.12566370614359174,
            "transform_matrix": [
                [
                    0.13859036564826965,
                    0.04726827144622803,
                    -0.9892210960388184,
                    -3.987677812576294
                ],
                [
                    -0.9903497695922852,
                    0.006614761892706156,
                    -0.13843242824077606,
                    -0.5580389499664307
                ],
                [
                    4.656612873077393e-10,
                    0.9988602995872498,
                    0.04772886633872986,
                    0.1924012154340744
                ],
                [
                    0.0,
                    0.0,
                    0.0,
                    1.0
                ]
            ]
        },
        {
            "file_path": "/data/shapenet_blender/all_50_random/02958343/aeeb2fb31215f3249acee38782dd9680/r_15",
            "rotation": 0.12566370614359174,
            "transform_matrix": [
                [
                    0.4098111689090729,
                    0.4583413898944855,
                    0.7886558175086975,
                    3.179173231124878
                ],
                [
                    0.91217041015625,
                    -0.20591922104358673,
                    -0.3543197214603424,
                    -1.4283084869384766
                ],
                [
                    0.0,
                    0.8645926713943481,
                    -0.5024734139442444,
                    -2.0255351066589355
                ],
                [
                    0.0,
                    0.0,
                    0.0,
                    1.0
                ]
            ]
        },
        {
            "file_path": "/data/shapenet_blender/all_50_random/02958343/aeeb2fb31215f3249acee38782dd9680/r_16",
            "rotation": 0.12566370614359174,
            "transform_matrix": [
                [
                    0.5876602530479431,
                    0.14383424818515778,
                    0.7962204813957214,
                    3.209667682647705
                ],
                [
                    0.8091078400611877,
                    -0.10446774214506149,
                    -0.5783000588417053,
                    -2.331202268600464
                ],
                [
                    0.0,
                    0.984072208404541,
                    -0.17776896059513092,
                    -0.7166096568107605
                ],
                [
                    0.0,
                    0.0,
                    0.0,
                    1.0
                ]
            ]
        },
        {
            "file_path": "/data/shapenet_blender/all_50_random/02958343/aeeb2fb31215f3249acee38782dd9680/r_17",
            "rotation": 0.12566370614359174,
            "transform_matrix": [
                [
                    0.16537688672542572,
                    0.7075880169868469,
                    0.687000572681427,
                    2.76938796043396
                ],
                [
                    0.9862304925918579,
                    -0.11865248531103134,
                    -0.11520026624202728,
                    -0.46438711881637573
                ],
                [
                    0.0,
                    0.6965923309326172,
                    -0.7174671292304993,
                    -2.892202615737915
                ],
                [
                    0.0,
                    0.0,
                    0.0,
                    1.0
                ]
            ]
        },
        {
            "file_path": "/data/shapenet_blender/all_50_random/02958343/aeeb2fb31215f3249acee38782dd9680/r_18",
            "rotation": 0.12566370614359174,
            "transform_matrix": [
                [
                    -0.721019446849823,
                    0.15226805210113525,
                    -0.675977349281311,
                    -2.72495174407959
                ],
                [
                    -0.6929148435592651,
                    -0.15844404697418213,
                    0.7033950090408325,
                    2.8354759216308594
                ],
                [
                    0.0,
                    0.9755561947822571,
                    0.21975001692771912,
                    0.885840654373169
                ],
                [
                    0.0,
                    0.0,
                    0.0,
                    1.0
                ]
            ]
        },
        {
            "file_path": "/data/shapenet_blender/all_50_random/02958343/aeeb2fb31215f3249acee38782dd9680/r_19",
            "rotation": 0.12566370614359174,
            "transform_matrix": [
                [
                    0.25003278255462646,
                    0.3964522182941437,
                    -0.8833510875701904,
                    -3.5609023571014404
                ],
                [
                    -0.9682374000549316,
                    0.10237783193588257,
                    -0.22811216115951538,
                    -0.9195495843887329
                ],
                [
                    -7.450580596923828e-09,
                    0.9123291373252869,
                    0.40945762395858765,
                    1.6505765914916992
                ],
                [
                    0.0,
                    0.0,
                    0.0,
                    1.0
                ]
            ]
        },
        {
            "file_path": "/data/shapenet_blender/all_50_random/02958343/aeeb2fb31215f3249acee38782dd9680/r_20",
            "rotation": 0.12566370614359174,
            "transform_matrix": [
                [
                    0.999974250793457,
                    -0.001924882992170751,
                    0.006912772078067064,
                    0.027866274118423462
                ],
                [
                    0.0071757640689611435,
                    0.26824089884757996,
                    -0.9633251428604126,
                    -3.8832876682281494
                ],
                [
                    -1.1641531488804091e-10,
                    0.9633498787879944,
                    0.2682478129863739,
                    1.0813415050506592
                ],
                [
                    0.0,
                    0.0,
                    0.0,
                    1.0
                ]
            ]
        },
        {
            "file_path": "/data/shapenet_blender/all_50_random/02958343/aeeb2fb31215f3249acee38782dd9680/r_21",
            "rotation": 0.12566370614359174,
            "transform_matrix": [
                [
                    0.9423179030418396,
                    0.07909677177667618,
                    0.3252394497394562,
                    1.311082124710083
                ],
                [
                    0.3347192704677582,
                    -0.22267703711986542,
                    -0.9156297445297241,
                    -3.691021680831909
                ],
                [
                    0.0,
                    0.9716781973838806,
                    -0.2363077849149704,
                    -0.9525871276855469
                ],
                [
                    0.0,
                    0.0,
                    0.0,
                    1.0
                ]
            ]
        },
        {
            "file_path": "/data/shapenet_blender/all_50_random/02958343/aeeb2fb31215f3249acee38782dd9680/r_22",
            "rotation": 0.12566370614359174,
            "transform_matrix": [
                [
                    0.9576281905174255,
                    -0.28258782625198364,
                    -0.055608414113521576,
                    -0.2241646945476532
                ],
                [
                    -0.2880072295665741,
                    -0.9396085739135742,
                    -0.1848987489938736,
                    -0.74535071849823
                ],
                [
                    -7.450580152834618e-09,
                    0.1930798888206482,
                    -0.9811830520629883,
                    -3.955275297164917
                ],
                [
                    0.0,
                    0.0,
                    0.0,
                    1.0
                ]
            ]
        },
        {
            "file_path": "/data/shapenet_blender/all_50_random/02958343/aeeb2fb31215f3249acee38782dd9680/r_23",
            "rotation": 0.12566370614359174,
            "transform_matrix": [
                [
                    0.6464914679527283,
                    -0.14709989726543427,
                    -0.7486056685447693,
                    -3.017725944519043
                ],
                [
                    -0.762921154499054,
                    -0.12465091049671173,
                    -0.6343605518341064,
                    -2.5571892261505127
                ],
                [
                    -7.4505797087454084e-09,
                    0.9812358617782593,
                    -0.19281138479709625,
                    -0.7772475481033325
                ],
                [
                    0.0,
                    0.0,
                    0.0,
                    1.0
                ]
            ]
        },
        {
            "file_path": "/data/shapenet_blender/all_50_random/02958343/aeeb2fb31215f3249acee38782dd9680/r_24",
            "rotation": 0.12566370614359174,
            "transform_matrix": [
                [
                    -0.9942452907562256,
                    -0.038172055035829544,
                    -0.10009642690420151,
                    -0.40350160002708435
                ],
                [
                    -0.10712796449661255,
                    0.3542715013027191,
                    0.9289861917495728,
                    3.7448630332946777
                ],
                [
                    0.0,
                    0.9343632459640503,
                    -0.3563220202922821,
                    -1.4363800287246704
                ],
                [
                    0.0,
                    0.0,
                    0.0,
                    1.0
                ]
            ]
        },
        {
            "file_path": "/data/shapenet_blender/all_50_random/02958343/aeeb2fb31215f3249acee38782dd9680/r_25",
            "rotation": 0.12566370614359174,
            "transform_matrix": [
                [
                    0.21350786089897156,
                    -0.4600984752178192,
                    -0.8618142008781433,
                    -3.4740841388702393
                ],
                [
                    -0.9769413471221924,
                    -0.10055325925350189,
                    -0.18834713101387024,
                    -0.759251594543457
                ],
                [
                    0.0,
                    0.8821554183959961,
                    -0.4709582030773163,
                    -1.8984932899475098
                ],
                [
                    0.0,
                    0.0,
                    0.0,
                    1.0
                ]
            ]
        },
        {
            "file_path": "/data/shapenet_blender/all_50_random/02958343/aeeb2fb31215f3249acee38782dd9680/r_26",
            "rotation": 0.12566370614359174,
            "transform_matrix": [
                [
                    0.48769062757492065,
                    0.630732536315918,
                    -0.6036010980606079,
                    -2.433194160461426
                ],
                [
                    -0.8730166554450989,
                    0.35234418511390686,
                    -0.33718782663345337,
                    -1.3592476844787598
                ],
                [
                    0.0,
                    0.6913970112800598,
                    0.7224748730659485,
                    2.9123895168304443
                ],
                [
                    0.0,
                    0.0,
                    0.0,
                    1.0
                ]
            ]
        },
        {
            "file_path": "/data/shapenet_blender/all_50_random/02958343/aeeb2fb31215f3249acee38782dd9680/r_27",
            "rotation": 0.12566370614359174,
            "transform_matrix": [
                [
                    -0.748072624206543,
                    -0.3927208185195923,
                    0.5349370837211609,
                    2.156400442123413
                ],
                [
                    0.6636168360710144,
                    -0.4427007734775543,
                    0.6030163168907166,
                    2.4308364391326904
                ],
                [
                    0.0,
                    0.8060932159423828,
                    0.5917885303497314,
                    2.385575771331787
                ],
                [
                    0.0,
                    0.0,
                    0.0,
                    1.0
                ]
            ]
        },
        {
            "file_path": "/data/shapenet_blender/all_50_random/02958343/aeeb2fb31215f3249acee38782dd9680/r_28",
            "rotation": 0.12566370614359174,
            "transform_matrix": [
                [
                    -0.8445760011672974,
                    -0.06130356341600418,
                    -0.5319148898124695,
                    -2.1442174911499023
                ],
                [
                    -0.5354359149932861,
                    0.09669787436723709,
                    0.8390220403671265,
                    3.3822059631347656
                ],
                [
                    -3.725290742551124e-09,
                    0.9934240579605103,
                    -0.11449281871318817,
                    -0.4615353047847748
                ],
                [
                    0.0,
                    0.0,
                    0.0,
                    1.0
                ]
            ]
        },
        {
            "file_path": "/data/shapenet_blender/all_50_random/02958343/aeeb2fb31215f3249acee38782dd9680/r_29",
            "rotation": 0.12566370614359174,
            "transform_matrix": [
                [
                    0.3433024287223816,
                    -0.23426838219165802,
                    0.9095394015312195,
                    3.6664700508117676
                ],
                [
                    0.9392249584197998,
                    0.08562900871038437,
                    -0.33245185017585754,
                    -1.340156078338623
                ],
                [
                    0.0,
                    0.9683935046195984,
                    0.24942739307880402,
                    1.0054738521575928
                ],
                [
                    0.0,
                    0.0,
                    0.0,
                    1.0
                ]
            ]
        },
        {
            "file_path": "/data/shapenet_blender/all_50_random/02958343/aeeb2fb31215f3249acee38782dd9680/r_30",
            "rotation": 0.12566370614359174,
            "transform_matrix": [
                [
                    0.8539395928382874,
                    -0.16541948914527893,
                    -0.4933796226978302,
                    -1.9888770580291748
                ],
                [
                    -0.5203720927238464,
                    -0.27145618200302124,
                    -0.8096444010734558,
                    -3.2637815475463867
                ],
                [
                    1.4901161193847656e-08,
                    0.9481285810470581,
                    -0.3178868889808655,
                    -1.2814431190490723
                ],
                [
                    0.0,
                    0.0,
                    0.0,
                    1.0
                ]
            ]
        },
        {
            "file_path": "/data/shapenet_blender/all_50_random/02958343/aeeb2fb31215f3249acee38782dd9680/r_31",
            "rotation": 0.12566370614359174,
            "transform_matrix": [
                [
                    0.9886680841445923,
                    -0.08064312487840652,
                    -0.1266176849603653,
                    -0.5104122161865234
                ],
                [
                    -0.15011778473854065,
                    -0.531111478805542,
                    -0.833897590637207,
                    -3.361548662185669
                ],
                [
                    0.0,
                    0.8434556126594543,
                    -0.5371989607810974,
                    -2.165518283843994
                ],
                [
                    0.0,
                    0.0,
                    0.0,
                    1.0
                ]
            ]
        },
        {
            "file_path": "/data/shapenet_blender/all_50_random/02958343/aeeb2fb31215f3249acee38782dd9680/r_32",
            "rotation": 0.12566370614359174,
            "transform_matrix": [
                [
                    0.8684436082839966,
                    0.41845834255218506,
                    0.26589155197143555,
                    1.0718432664871216
                ],
                [
                    0.49578800797462463,
                    -0.7329896092414856,
                    -0.46574705839157104,
                    -1.8774865865707397
                ],
                [
                    1.4901161193847656e-08,
                    0.5363008379936218,
                    -0.8440267443656921,
                    -3.40238094329834
                ],
                [
                    0.0,
                    0.0,
                    0.0,
                    1.0
                ]
            ]
        },
        {
            "file_path": "/data/shapenet_blender/all_50_random/02958343/aeeb2fb31215f3249acee38782dd9680/r_33",
            "rotation": 0.12566370614359174,
            "transform_matrix": [
                [
                    -0.05848284065723419,
                    -0.759954035282135,
                    0.6473403573036194,
                    2.6095128059387207
                ],
                [
                    0.9982885122299194,
                    -0.04452046751976013,
                    0.03792320936918259,
                    0.15287336707115173
                ],
                [
                    -1.862645371275562e-09,
                    0.6484501957893372,
                    0.7612568736076355,
                    3.0687248706817627
                ],
                [
                    0.0,
                    0.0,
                    0.0,
                    1.0
                ]
            ]
        },
        {
            "file_path": "/data/shapenet_blender/all_50_random/02958343/aeeb2fb31215f3249acee38782dd9680/r_34",
            "rotation": 0.12566370614359174,
            "transform_matrix": [
                [
                    0.0826510414481163,
                    0.6753359436988831,
                    -0.732864260673523,
                    -2.954270601272583
                ],
                [
                    -0.9965785145759583,
                    0.05600885674357414,
                    -0.06077995151281357,
                    -0.2450118362903595
                ],
                [
                    3.725290298461914e-09,
                    0.7353804111480713,
                    0.6776544451713562,
                    2.731712579727173
                ],
                [
                    0.0,
                    0.0,
                    0.0,
                    1.0
                ]
            ]
        },
        {
            "file_path": "/data/shapenet_blender/all_50_random/02958343/aeeb2fb31215f3249acee38782dd9680/r_35",
            "rotation": 0.12566370614359174,
            "transform_matrix": [
                [
                    0.9579886198043823,
                    -0.037530433386564255,
                    -0.2843400835990906,
                    -1.1462116241455078
                ],
                [
                    -0.28680628538131714,
                    -0.1253589242696762,
                    -0.949751079082489,
                    -3.8285694122314453
                ],
                [
                    0.0,
                    0.9914013147354126,
                    -0.13085636496543884,
                    -0.5274989604949951
                ],
                [
                    0.0,
                    0.0,
                    0.0,
                    1.0
                ]
            ]
        },
        {
            "file_path": "/data/shapenet_blender/all_50_random/02958343/aeeb2fb31215f3249acee38782dd9680/r_36",
            "rotation": 0.12566370614359174,
            "transform_matrix": [
                [
                    0.2912309169769287,
                    -0.7951955795288086,
                    -0.5318349599838257,
                    -2.143895387649536
                ],
                [
                    -0.9566528797149658,
                    -0.242078959941864,
                    -0.16190488636493683,
                    -0.6526594758033752
                ],
                [
                    0.0,
                    0.5559331178665161,
                    -0.8312270045280457,
                    -3.350783348083496
                ],
                [
                    0.0,
                    0.0,
                    0.0,
                    1.0
                ]
            ]
        },
        {
            "file_path": "/data/shapenet_blender/all_50_random/02958343/aeeb2fb31215f3249acee38782dd9680/r_37",
            "rotation": 0.12566370614359174,
            "transform_matrix": [
                [
                    0.7221682667732239,
                    -0.16307421028614044,
                    0.6722199320793152,
                    2.7098052501678467
                ],
                [
                    0.691717267036438,
                    0.17025311291217804,
                    -0.7018126249313354,
                    -2.829097270965576
                ],
                [
                    7.450580152834618e-09,
                    0.9718130826950073,
                    0.2357526421546936,
                    0.9503492712974548
                ],
                [
                    0.0,
                    0.0,
                    0.0,
                    1.0
                ]
            ]
        },
        {
            "file_path": "/data/shapenet_blender/all_50_random/02958343/aeeb2fb31215f3249acee38782dd9680/r_38",
            "rotation": 0.12566370614359174,
            "transform_matrix": [
                [
                    0.5761052370071411,
                    -0.3235131800174713,
                    0.7506275177001953,
                    3.025876760482788
                ],
                [
                    0.8173754811286926,
                    0.22801963984966278,
                    -0.5290598273277283,
                    -2.1327085494995117
                ],
                [
                    1.4901160305669237e-08,
                    0.9183388352394104,
                    0.39579498767852783,
                    1.5955008268356323
                ],
                [
                    0.0,
                    0.0,
                    0.0,
                    1.0
                ]
            ]
        },
        {
            "file_path": "/data/shapenet_blender/all_50_random/02958343/aeeb2fb31215f3249acee38782dd9680/r_39",
            "rotation": 0.12566370614359174,
            "transform_matrix": [
                [
                    0.9487951993942261,
                    -0.15758946537971497,
                    -0.27377593517303467,
                    -1.1036261320114136
                ],
                [
                    -0.31589192152023315,
                    -0.4733268618583679,
                    -0.8222979307174683,
                    -3.314789056777954
                ],
                [
                    -1.4901161193847656e-08,
                    0.8666759133338928,
                    -0.49887144565582275,
                    -2.0110151767730713
                ],
                [
                    0.0,
                    0.0,
                    0.0,
                    1.0
                ]
            ]
        },
        {
            "file_path": "/data/shapenet_blender/all_50_random/02958343/aeeb2fb31215f3249acee38782dd9680/r_40",
            "rotation": 0.12566370614359174,
            "transform_matrix": [
                [
                    -0.8401637077331543,
                    0.003061641240492463,
                    -0.5423243045806885,
                    -2.1861791610717773
                ],
                [
                    -0.5423330068588257,
                    -0.004742989782243967,
                    0.8401501774787903,
                    3.386753797531128
                ],
                [
                    -2.3283067140944524e-10,
                    0.999984085559845,
                    0.00564531609416008,
                    0.022756997495889664
                ],
                [
                    0.0,
                    0.0,
                    0.0,
                    1.0
                ]
            ]
        },
        {
            "file_path": "/data/shapenet_blender/all_50_random/02958343/aeeb2fb31215f3249acee38782dd9680/r_41",
            "rotation": 0.12566370614359174,
            "transform_matrix": [
                [
                    -0.9762299060821533,
                    0.0899975597858429,
                    -0.19716876745224,
                    -0.7948127388954163
                ],
                [
                    -0.21673734486103058,
                    -0.4053676426410675,
                    0.8880889415740967,
                    3.58000111579895
