{
    "class": "02958343",
    "model": "d4e7286d53a7236374b5e1a654a4b1fc",
    "remove_doubles": true,
    "edge_split": true,
    "denoise": true,
    "camera_angle_x": 0.6911112070083618,
    "scale_factor": 2.287285463238532,
    "hdri_file": "/data/IndoorHDRDataset2018/9C4A3193-fcb9a6e6c2.exr",
    "center_offset": [
        0.0,
        0.0,
        9.313225746154785e-10
    ],
    "lights": [],
    "frames": [
        {
            "file_path": "/data/shapenet_blender/all_50_random/02958343/d4e7286d53a7236374b5e1a654a4b1fc/r_0",
            "rotation": 0.12566370614359174,
            "transform_matrix": [
                [
                    0.9930910468101501,
                    -0.01442908588796854,
                    0.11645608395338058,
                    0.4694494903087616
                ],
                [
                    0.11734657734632492,
                    0.12211176007986069,
                    -0.9855549335479736,
                    -3.9728989601135254
                ],
                [
                    -9.313225746154785e-10,
                    0.9924114346504211,
                    0.12296129018068314,
                    0.4956728219985962
                ],
                [
                    0.0,
                    0.0,
                    0.0,
                    1.0
                ]
            ]
        },
        {
            "file_path": "/data/shapenet_blender/all_50_random/02958343/d4e7286d53a7236374b5e1a654a4b1fc/r_1",
            "rotation": 0.12566370614359174,
            "transform_matrix": [
                [
                    -0.4196273386478424,
                    0.06512177735567093,
                    0.9053574204444885,
                    3.6496124267578125
                ],
                [
                    0.907696545124054,
                    0.030105741694569588,
                    0.41854599118232727,
                    1.6872128248214722
                ],
                [
                    1.862645149230957e-09,
                    0.9974231123924255,
                    -0.07174399495124817,
                    -0.2892093062400818
                ],
                [
                    0.0,
                    0.0,
                    0.0,
                    1.0
                ]
            ]
        },
        {
            "file_path": "/data/shapenet_blender/all_50_random/02958343/d4e7286d53a7236374b5e1a654a4b1fc/r_2",
            "rotation": 0.12566370614359174,
            "transform_matrix": [
                [
                    -0.9992746114730835,
                    -0.026033518835902214,
                    0.02779601886868477,
                    0.11204934120178223
                ],
                [
                    0.03808363154530525,
                    -0.6830922365188599,
                    0.7293383479118347,
                    2.9400572776794434
                ],
                [
                    0.0,
                    0.7298679351806641,
                    0.6835880875587463,
                    2.755631923675537
                ],
                [
                    0.0,
                    0.0,
                    0.0,
                    1.0
                ]
            ]
        },
        {
            "file_path": "/data/shapenet_blender/all_50_random/02958343/d4e7286d53a7236374b5e1a654a4b1fc/r_3",
            "rotation": 0.12566370614359174,
            "transform_matrix": [
                [
                    0.9979082942008972,
                    0.021331893280148506,
                    -0.06102420762181282,
                    -0.2459964156150818
                ],
                [
                    -0.0646452084183693,
                    0.3292939066886902,
                    -0.9420120120048523,
                    -3.7973713874816895
                ],
                [
                    0.0,
                    0.9439864754676819,
                    0.3299841582775116,
                    1.3302085399627686
                ],
                [
                    0.0,
                    0.0,
                    0.0,
                    1.0
                ]
            ]
        },
        {
            "file_path": "/data/shapenet_blender/all_50_random/02958343/d4e7286d53a7236374b5e1a654a4b1fc/r_4",
            "rotation": 0.12566370614359174,
            "transform_matrix": [
                [
                    -0.03746961057186127,
                    -0.09077427536249161,
                    -0.9951663613319397,
                    -4.011643886566162
                ],
                [
                    -0.9992978572845459,
                    0.00340366642922163,
                    0.03731469437479973,
                    0.15042033791542053
                ],
                [
                    0.0,
                    0.9958656430244446,
                    -0.09083806723356247,
                    -0.3661799728870392
                ],
                [
                    0.0,
                    0.0,
                    0.0,
                    1.0
                ]
            ]
        },
        {
            "file_path": "/data/shapenet_blender/all_50_random/02958343/d4e7286d53a7236374b5e1a654a4b1fc/r_5",
            "rotation": 0.12566370614359174,
            "transform_matrix": [
                [
                    0.673136830329895,
                    0.55899977684021,
                    -0.4841550886631012,
                    -1.951691746711731
                ],
                [
                    -0.7395180463790894,
                    0.5088223814964294,
                    -0.44069600105285645,
                    -1.7765024900436401
                ],
                [
                    -1.4901161193847656e-08,
                    0.654690146446228,
                    0.7558972835540771,
                    3.047119617462158
                ],
                [
                    0.0,
                    0.0,
                    0.0,
                    1.0
                ]
            ]
        },
        {
            "file_path": "/data/shapenet_blender/all_50_random/02958343/d4e7286d53a7236374b5e1a654a4b1fc/r_6",
            "rotation": 0.12566370614359174,
            "transform_matrix": [
                [
                    -0.3533022105693817,
                    -0.8181092143058777,
                    -0.45373421907424927,
                    -1.8290612697601318
                ],
                [
                    -0.9355092644691467,
                    0.30896517634391785,
                    0.1713561862707138,
                    0.6907589435577393
                ],
                [
                    0.0,
                    0.48501309752464294,
                    -0.8745068311691284,
                    -3.52524995803833
                ],
                [
                    0.0,
                    0.0,
                    0.0,
                    1.0
                ]
            ]
        },
        {
            "file_path": "/data/shapenet_blender/all_50_random/02958343/d4e7286d53a7236374b5e1a654a4b1fc/r_7",
            "rotation": 0.12566370614359174,
            "transform_matrix": [
                [
                    0.3994545340538025,
                    -0.12209919840097427,
                    -0.9085856676101685,
                    -3.662625551223755
                ],
                [
                    -0.9167529940605164,
                    -0.05320198833942413,
                    -0.3958958387374878,
                    -1.5959069728851318
                ],
                [
                    3.7252898543727042e-09,
                    0.9910910129547119,
                    -0.13318659365177155,
                    -0.536892294883728
                ],
                [
                    0.0,
                    0.0,
                    0.0,
                    1.0
                ]
            ]
        },
        {
            "file_path": "/data/shapenet_blender/all_50_random/02958343/d4e7286d53a7236374b5e1a654a4b1fc/r_8",
            "rotation": 0.12566370614359174,
            "transform_matrix": [
                [
                    -0.8475205898284912,
                    0.05257725715637207,
                    -0.5281519293785095,
                    -2.1290488243103027
                ],
                [
                    -0.5307626128196716,
                    -0.08395525813102722,
                    0.8433519005775452,
                    3.399660587310791
                ],
                [
                    0.0,
                    0.9950813055038452,
                    0.09905984252691269,
                    0.3993230164051056
                ],
                [
                    0.0,
                    0.0,
                    0.0,
                    1.0
                ]
            ]
        },
        {
            "file_path": "/data/shapenet_blender/all_50_random/02958343/d4e7286d53a7236374b5e1a654a4b1fc/r_9",
            "rotation": 0.12566370614359174,
            "transform_matrix": [
                [
                    -0.8871734142303467,
                    0.1016007661819458,
                    -0.4501116871833801,
                    -1.8144580125808716
                ],
                [
                    -0.461436003446579,
                    -0.19534127414226532,
                    0.8654008507728577,
                    3.488542079925537
                ],
                [
                    0.0,
                    0.9754582643508911,
                    0.22018389403820038,
                    0.8875895738601685
                ],
                [
                    0.0,
                    0.0,
                    0.0,
                    1.0
                ]
            ]
        },
        {
            "file_path": "/data/shapenet_blender/all_50_random/02958343/d4e7286d53a7236374b5e1a654a4b1fc/r_10",
            "rotation": 0.12566370614359174,
            "transform_matrix": [
                [
                    -0.0123057309538126,
                    -0.013040299527347088,
                    0.999839186668396,
                    4.030480861663818
                ],
                [
                    0.99992436170578,
                    -0.0001604825520189479,
                    0.012304682284593582,
                    0.04960176348686218
                ],
                [
                    0.0,
                    0.9999150037765503,
                    0.013041284866631031,
                    0.05257110297679901
                ],
                [
                    0.0,
                    0.0,
                    0.0,
                    1.0
                ]
            ]
        },
        {
            "file_path": "/data/shapenet_blender/all_50_random/02958343/d4e7286d53a7236374b5e1a654a4b1fc/r_11",
            "rotation": 0.12566370614359174,
            "transform_matrix": [
                [
                    0.5019993185997009,
                    0.7742555141448975,
                    -0.3853893280029297,
                    -1.5535541772842407
                ],
                [
                    -0.8648679852485657,
                    0.4494047462940216,
                    -0.2236933410167694,
                    -0.9017367362976074
                ],
                [
                    0.0,
                    0.4456048607826233,
                    0.895229697227478,
                    3.6087865829467773
                ],
                [
                    0.0,
                    0.0,
                    0.0,
                    1.0
                ]
            ]
        },
        {
            "file_path": "/data/shapenet_blender/all_50_random/02958343/d4e7286d53a7236374b5e1a654a4b1fc/r_12",
            "rotation": 0.12566370614359174,
            "transform_matrix": [
                [
                    0.928819477558136,
                    -0.12054219841957092,
                    -0.35037681460380554,
                    -1.4124140739440918
                ],
                [
                    -0.37053248286247253,
                    -0.3021649718284607,
                    -0.8782949447631836,
                    -3.540520191192627
                ],
                [
                    0.0,
                    0.9456034302711487,
                    -0.3253215253353119,
                    -1.311413049697876
                ],
                [
                    0.0,
                    0.0,
                    0.0,
                    1.0
                ]
            ]
        },
        {
            "file_path": "/data/shapenet_blender/all_50_random/02958343/d4e7286d53a7236374b5e1a654a4b1fc/r_13",
            "rotation": 0.12566370614359174,
            "transform_matrix": [
                [
                    -0.7981999516487122,
                    0.22564361989498138,
                    -0.5585353374481201,
                    -2.251528024673462
                ],
                [
                    -0.6023924946784973,
                    -0.2989889681339264,
                    0.7400869727134705,
                    2.9833860397338867
                ],
                [
                    0.0,
                    0.9271949529647827,
                    0.3745790421962738,
                    1.5099763870239258
                ],
                [
                    0.0,
                    0.0,
                    0.0,
                    1.0
                ]
            ]
        },
        {
            "file_path": "/data/shapenet_blender/all_50_random/02958343/d4e7286d53a7236374b5e1a654a4b1fc/r_14",
            "rotation": 0.12566370614359174,
            "transform_matrix": [
                [
                    0.3243066966533661,
                    -0.08482629060745239,
                    0.9421409368515015,
                    3.797891855239868
                ],
                [
                    0.9459520578384399,
                    0.02908152900636196,
                    -0.32300010323524475,
                    -1.3020552396774292
                ],
                [
                    1.862645371275562e-09,
                    0.995971143245697,
                    0.08967293053865433,
                    0.3614831864833832
                ],
                [
                    0.0,
                    0.0,
                    0.0,
                    1.0
                ]
            ]
        },
        {
            "file_path": "/data/shapenet_blender/all_50_random/02958343/d4e7286d53a7236374b5e1a654a4b1fc/r_15",
            "rotation": 0.12566370614359174,
            "transform_matrix": [
                [
                    0.9996054172515869,
                    -0.02243395335972309,
                    0.016903363168239594,
                    0.06813963502645493
                ],
                [
                    0.0280892476439476,
                    0.7983517646789551,
                    -0.601535975933075,
                    -2.4248690605163574
                ],
                [
                    0.0,
                    0.6017733812332153,
                    0.7986668348312378,
                    3.219528913497925
                ],
                [
                    0.0,
                    0.0,
                    0.0,
                    1.0
                ]
            ]
        },
        {
            "file_path": "/data/shapenet_blender/all_50_random/02958343/d4e7286d53a7236374b5e1a654a4b1fc/r_16",
            "rotation": 0.12566370614359174,
            "transform_matrix": [
                [
                    -0.9731682538986206,
                    -0.0370926707983017,
                    0.22708530724048615,
                    0.9154101610183716
                ],
                [
                    0.2300947606563568,
                    -0.15688063204288483,
                    0.9604399800300598,
                    3.871657371520996
                ],
                [
                    3.7252898543727042e-09,
                    0.9869207739830017,
                    0.16120608150959015,
                    0.6498425006866455
                ],
                [
                    0.0,
                    0.0,
                    0.0,
                    1.0
                ]
            ]
        },
        {
            "file_path": "/data/shapenet_blender/all_50_random/02958343/d4e7286d53a7236374b5e1a654a4b1fc/r_17",
            "rotation": 0.12566370614359174,
            "transform_matrix": [
                [
                    -0.3858295679092407,
                    -0.13593554496765137,
                    0.9125004410743713,
                    3.6784069538116455
                ],
                [
                    0.9225701093673706,
                    -0.056849829852581024,
                    0.38161832094192505,
                    1.538352608680725
                ],
                [
                    0.0,
                    0.9890852570533752,
                    0.1473444104194641,
                    0.5939643383026123
                ],
                [
                    0.0,
                    0.0,
                    0.0,
                    1.0
                ]
            ]
        },
        {
            "file_path": "/data/shapenet_blender/all_50_random/02958343/d4e7286d53a7236374b5e1a654a4b1fc/r_18",
            "rotation": 0.12566370614359174,
            "transform_matrix": [
                [
                    0.6725670695304871,
                    -0.36678317189216614,
                    0.6427468657493591,
                    2.5909957885742188
                ],
                [
                    0.7400361895561218,
                    0.3333435356616974,
                    -0.5841476321220398,
                    -2.3547747135162354
                ],
                [
                    1.4901162970204496e-08,
                    0.868534505367279,
                    0.49562862515449524,
                    1.9979431629180908
                ],
                [
                    0.0,
                    0.0,
                    0.0,
                    1.0
                ]
            ]
        },
        {
            "file_path": "/data/shapenet_blender/all_50_random/02958343/d4e7286d53a7236374b5e1a654a4b1fc/r_19",
            "rotation": 0.12566370614359174,
            "transform_matrix": [
                [
                    0.9863264560699463,
                    -0.03229209780693054,
                    -0.16160917282104492,
                    -0.6514674425125122
                ],
                [
                    -0.16480384767055511,
                    -0.19326339662075043,
                    -0.9672067761421204,
                    -3.898935317993164
                ],
                [
                    -1.862645371275562e-09,
                    0.9806153178215027,
                    -0.19594264030456543,
                    -0.789870023727417
                ],
                [
                    0.0,
                    0.0,
                    0.0,
                    1.0
                ]
            ]
        },
        {
            "file_path": "/data/shapenet_blender/all_50_random/02958343/d4e7286d53a7236374b5e1a654a4b1fc/r_20",
            "rotation": 0.12566370614359174,
            "transform_matrix": [
                [
                    -0.4398413300514221,
                    0.6368009448051453,
                    0.6332646012306213,
                    2.5527713298797607
                ],
                [
                    0.8980755805969238,
                    0.3118795156478882,
                    0.31014755368232727,
                    1.2502447366714478
                ],
                [
                    0.0,
                    0.7051350474357605,
                    -0.7090728878974915,
                    -2.8583643436431885
                ],
                [
                    0.0,
                    0.0,
                    0.0,
                    1.0
                ]
            ]
        },
        {
            "file_path": "/data/shapenet_blender/all_50_random/02958343/d4e7286d53a7236374b5e1a654a4b1fc/r_21",
            "rotation": 0.12566370614359174,
            "transform_matrix": [
                [
                    0.5941224098205566,
                    0.04159664735198021,
                    0.8032984137535095,
                    3.238199472427368
                ],
                [
                    0.8043746948242188,
                    -0.030723867937922478,
                    -0.5933274626731873,
                    -2.3917794227600098
                ],
                [
                    0.0,
                    0.9986619353294373,
                    -0.051713038235902786,
                    -0.2084619253873825
                ],
                [
                    0.0,
                    0.0,
                    0.0,
                    1.0
                ]
            ]
        },
        {
            "file_path": "/data/shapenet_blender/all_50_random/02958343/d4e7286d53a7236374b5e1a654a4b1fc/r_22",
            "rotation": 0.12566370614359174,
            "transform_matrix": [
                [
                    -0.9134512543678284,
                    0.1012326255440712,
                    -0.39415591955184937,
                    -1.5888934135437012
                ],
                [
                    -0.40694835782051086,
                    -0.2272304743528366,
                    0.8847368359565735,
                    3.56648850440979
                ],
                [
                    0.0,
                    0.968565046787262,
                    0.2487603724002838,
                    1.0027852058410645
                ],
                [
                    0.0,
                    0.0,
                    0.0,
                    1.0
                ]
            ]
        },
        {
            "file_path": "/data/shapenet_blender/all_50_random/02958343/d4e7286d53a7236374b5e1a654a4b1fc/r_23",
            "rotation": 0.12566370614359174,
            "transform_matrix": [
                [
                    0.06574676930904388,
                    -0.15875710546970367,
                    -0.9851260781288147,
                    -3.971170425415039
                ],
                [
                    -0.9978364109992981,
                    -0.01046039815992117,
                    -0.06490928679704666,
                    -0.2616577446460724
                ],
                [
                    0.0,
                    0.9872622489929199,
                    -0.15910133719444275,
                    -0.6413580775260925
                ],
                [
                    0.0,
                    0.0,
                    0.0,
                    1.0
                ]
            ]
        },
        {
            "file_path": "/data/shapenet_blender/all_50_random/02958343/d4e7286d53a7236374b5e1a654a4b1fc/r_24",
            "rotation": 0.12566370614359174,
            "transform_matrix": [
                [
                    -0.3673327565193176,
                    -0.33074837923049927,
                    0.8692939281463623,
                    3.5042362213134766
                ],
                [
                    0.9300897121429443,
                    -0.1306268721818924,
                    0.34332185983657837,
                    1.3839747905731201
                ],
                [
                    0.0,
                    0.9346346259117126,
                    0.3556091785430908,
                    1.4335066080093384
                ],
                [
                    0.0,
                    0.0,
                    0.0,
                    1.0
                ]
            ]
        },
        {
            "file_path": "/data/shapenet_blender/all_50_random/02958343/d4e7286d53a7236374b5e1a654a4b1fc/r_25",
            "rotation": 0.12566370614359174,
            "transform_matrix": [
                [
                    -0.8924137353897095,
                    -0.1128217801451683,
                    0.4368855059146881,
                    1.7611417770385742
                ],
                [
                    0.45121803879737854,
                    -0.22313760221004486,
                    0.8640670776367188,
                    3.483165740966797
                ],
                [
                    0.0,
                    0.9682358503341675,
                    0.2500382959842682,
                    1.0079365968704224
                ],
                [
                    0.0,
                    0.0,
                    0.0,
                    1.0
                ]
            ]
        },
        {
            "file_path": "/data/shapenet_blender/all_50_random/02958343/d4e7286d53a7236374b5e1a654a4b1fc/r_26",
            "rotation": 0.12566370614359174,
            "transform_matrix": [
                [
                    0.8260802626609802,
                    0.1275157928466797,
                    -0.5489364266395569,
                    -2.2128336429595947
                ],
                [
                    -0.5635526776313782,
                    0.1869182586669922,
                    -0.804655134677887,
                    -3.243668794631958
                ],
                [
                    0.0,
                    0.9740642309188843,
                    0.2262713462114334,
                    0.9121290445327759
                ],
                [
                    0.0,
                    0.0,
                    0.0,
                    1.0
                ]
            ]
        },
        {
            "file_path": "/data/shapenet_blender/all_50_random/02958343/d4e7286d53a7236374b5e1a654a4b1fc/r_27",
            "rotation": 0.12566370614359174,
            "transform_matrix": [
                [
                    0.9797137975692749,
                    -0.17776092886924744,
                    0.09253127872943878,
                    0.3730055093765259
                ],
                [
                    0.20040206611156464,
                    0.8690270781517029,
                    -0.45236146450042725,
                    -1.8235273361206055
                ],
                [
                    7.450580596923828e-09,
                    0.4617280662059784,
                    0.8870214819908142,
                    3.575697898864746
                ],
                [
                    0.0,
                    0.0,
                    0.0,
                    1.0
                ]
            ]
        },
        {
            "file_path": "/data/shapenet_blender/all_50_random/02958343/d4e7286d53a7236374b5e1a654a4b1fc/r_28",
            "rotation": 0.12566370614359174,
            "transform_matrix": [
                [
                    0.6983754634857178,
                    -0.4705946147441864,
                    0.539270281791687,
                    2.17386794090271
                ],
                [
                    0.7157315611839294,
                    0.4591829478740692,
                    -0.5261932611465454,
                    -2.121152877807617
                ],
                [
                    0.0,
                    0.753453254699707,
                    0.6575015187263489,
                    2.6504733562469482
                ],
                [
                    0.0,
                    0.0,
                    0.0,
                    1.0
                ]
            ]
        },
        {
            "file_path": "/data/shapenet_blender/all_50_random/02958343/d4e7286d53a7236374b5e1a654a4b1fc/r_29",
            "rotation": 0.12566370614359174,
            "transform_matrix": [
                [
                    0.7700797319412231,
                    0.16185346245765686,
                    0.6170743107795715,
                    2.48750638961792
                ],
                [
                    0.6379477977752686,
                    -0.19537660479545593,
                    -0.7448828816413879,
                    -3.0027191638946533
                ],
                [
                    1.4901162970204496e-08,
                    0.9672804474830627,
                    -0.2537095546722412,
                    -1.0227360725402832
                ],
                [
                    0.0,
                    0.0,
                    0.0,
                    1.0
                ]
            ]
        },
        {
            "file_path": "/data/shapenet_blender/all_50_random/02958343/d4e7286d53a7236374b5e1a654a4b1fc/r_30",
            "rotation": 0.12566370614359174,
            "transform_matrix": [
                [
                    -0.2305600345134735,
                    0.11918442696332932,
                    0.9657313227653503,
                    3.8929877281188965
                ],
                [
                    0.9730581045150757,
                    0.028240006417036057,
                    0.22882400453090668,
                    0.9224191308021545
                ],
                [
                    0.0,
                    0.992470383644104,
                    -0.12248438596725464,
                    -0.4937503933906555
                ],
                [
                    0.0,
                    0.0,
                    0.0,
                    1.0
                ]
            ]
        },
        {
            "file_path": "/data/shapenet_blender/all_50_random/02958343/d4e7286d53a7236374b5e1a654a4b1fc/r_31",
            "rotation": 0.12566370614359174,
            "transform_matrix": [
                [
                    -0.7569709420204163,
                    -0.17573988437652588,
                    -0.6293730735778809,
                    -2.5370841026306152
                ],
                [
                    -0.6534485220909119,
                    0.20358142256736755,
                    0.7290813326835632,
                    2.939020872116089
                ],
                [
                    0.0,
                    0.9631562829017639,
                    -0.2689422070980072,
                    -1.084140658378601
                ],
                [
                    0.0,
                    0.0,
                    0.0,
                    1.0
                ]
            ]
        },
        {
            "file_path": "/data/shapenet_blender/all_50_random/02958343/d4e7286d53a7236374b5e1a654a4b1fc/r_32",
            "rotation": 0.12566370614359174,
            "transform_matrix": [
                [
                    -0.9517818093299866,
                    0.11558909714221954,
                    0.2841663360595703,
                    1.1455111503601074
                ],
                [
                    0.30677568912506104,
                    0.35861897468566895,
                    0.8816354274749756,
                    3.553986072540283
                ],
                [
                    0.0,
                    0.9262999296188354,
                    -0.3767869770526886,
                    -1.5188769102096558
                ],
                [
                    0.0,
                    0.0,
                    0.0,
                    1.0
                ]
            ]
        },
        {
            "file_path": "/data/shapenet_blender/all_50_random/02958343/d4e7286d53a7236374b5e1a654a4b1fc/r_33",
            "rotation": 0.12566370614359174,
            "transform_matrix": [
                [
                    0.2646854519844055,
                    0.3191174268722534,
                    -0.9100030064582825,
                    -3.668339729309082
                ],
                [
                    -0.9643349051475525,
                    0.08758962899446487,
                    -0.24977271258831024,
                    -1.0068660974502563
                ],
                [
                    0.0,
                    0.9436587691307068,
                    0.3309197425842285,
                    1.3339803218841553
                ],
                [
                    0.0,
                    0.0,
                    0.0,
                    1.0
                ]
            ]
        },
        {
            "file_path": "/data/shapenet_blender/all_50_random/02958343/d4e7286d53a7236374b5e1a654a4b1fc/r_34",
            "rotation": 0.12566370614359174,
            "transform_matrix": [
                [
                    0.961497962474823,
                    0.04653679206967354,
                    -0.270842969417572,
                    -1.091802954673767
                ],
                [
                    -0.27481189370155334,
                    0.16282057762145996,
                    -0.9476116895675659,
                    -3.8199448585510254
                ],
                [
                    0.0,
                    0.9855575561523438,
                    0.16934055089950562,
                    0.6826335787773132
                ],
                [
                    0.0,
                    0.0,
                    0.0,
                    1.0
                ]
            ]
        },
        {
            "file_path": "/data/shapenet_blender/all_50_random/02958343/d4e7286d53a7236374b5e1a654a4b1fc/r_35",
            "rotation": 0.12566370614359174,
            "transform_matrix": [
                [
                    0.2995767891407013,
                    0.9442790746688843,
                    0.1363486647605896,
                    0.549639105796814
                ],
                [
                    0.9540721774101257,
                    -0.2965017557144165,
                    -0.04281320795416832,
                    -0.17258557677268982
                ],
                [
                    0.0,
                    0.14291203022003174,
                    -0.9897353053092957,
                    -3.989750862121582
                ],
                [
                    0.0,
                    0.0,
                    0.0,
                    1.0
                ]
            ]
        },
        {
            "file_path": "/data/shapenet_blender/all_50_random/02958343/d4e7286d53a7236374b5e1a654a4b1fc/r_36",
            "rotation": 0.12566370614359174,
            "transform_matrix": [
                [
                    -0.35052505135536194,
                    -0.23416346311569214,
                    0.9068073630332947,
                    3.6554574966430664
                ],
                [
                    0.936553418636322,
                    -0.0876406580209732,
                    0.3393919765949249,
                    1.3681328296661377
                ],
                [
                    -7.450581485102248e-09,
                    0.9682388305664062,
                    0.2500268220901489,
                    1.0078903436660767
                ],
                [
                    0.0,
                    0.0,
                    0.0,
                    1.0
                ]
            ]
        },
        {
            "file_path": "/data/shapenet_blender/all_50_random/02958343/d4e7286d53a7236374b5e1a654a4b1fc/r_37",
            "rotation": 0.12566370614359174,
            "transform_matrix": [
                [
                    -0.23536847531795502,
                    -0.5367944836616516,
                    0.8102179765701294,
                    3.2660932540893555
                ],
                [
                    0.9719062447547913,
                    -0.12999659776687622,
                    0.19621211290359497,
                    0.7909563779830933
                ],
                [
                    0.0,
                    0.8336380124092102,
                    0.5523110032081604,
                    2.2264370918273926
                ],
                [
                    0.0,
                    0.0,
                    0.0,
                    1.0
                ]
            ]
        },
        {
            "file_path": "/data/shapenet_blender/all_50_random/02958343/d4e7286d53a7236374b5e1a654a4b1fc/r_38",
            "rotation": 0.12566370614359174,
            "transform_matrix": [
                [
                    -0.553686261177063,
                    -0.6942322850227356,
                    0.4598618447780609,
                    1.8537623882293701
                ],
                [
                    0.8327253460884094,
                    -0.46160104870796204,
                    0.30576610565185547,
                    1.2325825691223145
                ],
                [
                    0.0,
                    0.5522370934486389,
                    0.8336870670318604,
                    3.3607001304626465
                ],
                [
                    0.0,
                    0.0,
                    0.0,
                    1.0
                ]
            ]
        },
        {
            "file_path": "/data/shapenet_blender/all_50_random/02958343/d4e7286d53a7236374b5e1a654a4b1fc/r_39",
            "rotation": 0.12566370614359174,
            "transform_matrix": [
                [
                    -0.680838406085968,
                    -0.041324712336063385,
                    0.731266975402832,
                    2.947831392288208
                ],
                [
                    0.7324337363243103,
                    -0.0384136438369751,
                    0.679753839969635,
                    2.740175485610962
                ],
                [
                    -3.725290298461914e-09,
                    0.9984070062637329,
                    0.05642109736800194,
                    0.2274407148361206
                ],
                [
                    0.0,
                    0.0,
                    0.0,
                    1.0
                ]
            ]
        },
        {
            "file_path": "/data/shapenet_blender/all_50_random/02958343/d4e7286d53a7236374b5e1a654a4b1fc/r_40",
            "rotation": 0.12566370614359174,
            "transform_matrix": [
                [
                    -0.9349668025970459,
                    0.040361832827329636,
                    0.3524318337440491,
                    1.4206981658935547
                ],
                [
                    0.35473552346229553,
                    0.10638058185577393,
                    0.9288949966430664,
                    3.744495391845703
                ],
                [
                    0.0,
                    0.9935059547424316,
                    -0.11378007382154465,
                    -0.45866215229034424
                ],
                [
                    0.0,
                    0.0,
                    0.0,
                    1.0
                ]
            ]
        },
        {
            "file_path": "/data/shapenet_blender/all_50_random/02958343/d4e7286d53a7236374b5e1a654a4b1fc/r_41",
            "rotation": 0.12566370614359174,
            "transform_matrix": [
                [
                    -0.9404284954071045,
                    -0.0503622405230999,
                    0.3362409174442291,
                    1.3554304838180542
                ],
                [
                    0.33999165892601013,
                    -0.13930368423461914,
                    0.9300538301467896,
                    3.749166965484619
                ],
                [
                    3.725290298461914e-09,
                    0.9889682531356812,
                    0.14812788367271423,
                    0.5971226096153259
                ],
                [
