{
    "class": "02958343",
    "model": "12410830e8a5067c69576518bd9bfe48",
    "remove_doubles": true,
    "edge_split": true,
    "denoise": true,
    "camera_angle_x": 0.6911112070083618,
    "scale_factor": 2.244527687993664,
    "hdri_file": "/data/IndoorHDRDataset2018/9C4A6772-4408e1ac9d.exr",
    "center_offset": [
        0.0,
        0.0,
        -1.862645149230957e-09
    ],
    "lights": [],
    "frames": [
        {
            "file_path": "/data/shapenet_blender/all_50_random/02958343/12410830e8a5067c69576518bd9bfe48/r_0",
            "rotation": 0.12566370614359174,
            "transform_matrix": [
                [
                    -0.9995037913322449,
                    0.01481628604233265,
                    -0.02779647335410118,
                    -0.11205117404460907
                ],
                [
                    -0.03149867057800293,
                    -0.47014468908309937,
                    0.8820270299911499,
                    3.5555648803710938
                ],
                [
                    9.313225746154785e-10,
                    0.8824650049209595,
                    0.4703780710697174,
                    1.896154761314392
                ],
                [
                    0.0,
                    0.0,
                    0.0,
                    1.0
                ]
            ]
        },
        {
            "file_path": "/data/shapenet_blender/all_50_random/02958343/12410830e8a5067c69576518bd9bfe48/r_1",
            "rotation": 0.12566370614359174,
            "transform_matrix": [
                [
                    0.47626206278800964,
                    -0.022684749215841293,
                    -0.8790106773376465,
                    -3.543405532836914
                ],
                [
                    -0.8793034553527832,
                    -0.012286868877708912,
                    -0.4761035144329071,
                    -1.9192347526550293
                ],
                [
                    0.0,
                    0.9996671080589294,
                    -0.02579854615032673,
                    -0.10399727523326874
                ],
                [
                    0.0,
                    0.0,
                    0.0,
                    1.0
                ]
            ]
        },
        {
            "file_path": "/data/shapenet_blender/all_50_random/02958343/12410830e8a5067c69576518bd9bfe48/r_2",
            "rotation": 0.12566370614359174,
            "transform_matrix": [
                [
                    -0.6781027913093567,
                    -0.4574700891971588,
                    0.5752370357513428,
                    2.318854570388794
                ],
                [
                    0.7349669337272644,
                    -0.42207571864128113,
                    0.5307310819625854,
                    2.1394453048706055
                ],
                [
                    0.0,
                    0.7826704382896423,
                    0.6224362254142761,
                    2.5091207027435303
                ],
                [
                    0.0,
                    0.0,
                    0.0,
                    1.0
                ]
            ]
        },
        {
            "file_path": "/data/shapenet_blender/all_50_random/02958343/12410830e8a5067c69576518bd9bfe48/r_3",
            "rotation": 0.12566370614359174,
            "transform_matrix": [
                [
                    0.8983150720596313,
                    -0.2739787697792053,
                    -0.34346121549606323,
                    -1.384536623954773
                ],
                [
                    -0.43935176730155945,
                    -0.5601872205734253,
                    -0.7022536396980286,
                    -2.8308751583099365
                ],
                [
                    0.0,
                    0.7817453742027283,
                    -0.6235976219177246,
                    -2.5138027667999268
                ],
                [
                    0.0,
                    0.0,
                    0.0,
                    1.0
                ]
            ]
        },
        {
            "file_path": "/data/shapenet_blender/all_50_random/02958343/12410830e8a5067c69576518bd9bfe48/r_4",
            "rotation": 0.12566370614359174,
            "transform_matrix": [
                [
                    0.7679057121276855,
                    -0.01611238718032837,
                    -0.6403602957725525,
                    -2.5813746452331543
                ],
                [
                    -0.6405630111694336,
                    -0.019315499812364578,
                    -0.767662763595581,
                    -3.0945472717285156
                ],
                [
                    9.313225746154785e-10,
                    0.9996835589408875,
                    -0.02515348419547081,
                    -0.10139692574739456
                ],
                [
                    0.0,
                    0.0,
                    0.0,
                    1.0
                ]
            ]
        },
        {
            "file_path": "/data/shapenet_blender/all_50_random/02958343/12410830e8a5067c69576518bd9bfe48/r_5",
            "rotation": 0.12566370614359174,
            "transform_matrix": [
                [
                    0.2753554880619049,
                    -0.9155742526054382,
                    -0.2930922508239746,
                    -1.1814926862716675
                ],
                [
                    -0.961342453956604,
                    -0.26224619150161743,
                    -0.08394985646009445,
                    -0.33841270208358765
                ],
                [
                    0.0,
                    0.3048780560493469,
                    -0.9523913860321045,
                    -3.839212417602539
                ],
                [
                    0.0,
                    0.0,
                    0.0,
                    1.0
                ]
            ]
        },
        {
            "file_path": "/data/shapenet_blender/all_50_random/02958343/12410830e8a5067c69576518bd9bfe48/r_6",
            "rotation": 0.12566370614359174,
            "transform_matrix": [
                [
                    -0.27334165573120117,
                    -0.5914139151573181,
                    -0.7586262226104736,
                    -3.0581202507019043
                ],
                [
                    -0.9619171023368835,
                    0.16805820167064667,
                    0.21557381749153137,
                    0.8690059185028076
                ],
                [
                    0.0,
                    0.7886608242988586,
                    -0.6148284077644348,
                    -2.4784529209136963
                ],
                [
                    0.0,
                    0.0,
                    0.0,
                    1.0
                ]
            ]
        },
        {
            "file_path": "/data/shapenet_blender/all_50_random/02958343/12410830e8a5067c69576518bd9bfe48/r_7",
            "rotation": 0.12566370614359174,
            "transform_matrix": [
                [
                    0.29676303267478943,
                    -0.09877528995275497,
                    0.9498289227485657,
                    3.828883171081543
                ],
                [
                    0.9549511075019836,
                    0.030695661902427673,
                    -0.29517126083374023,
                    -1.1898735761642456
                ],
                [
                    1.8626449271863521e-09,
                    0.9946362972259521,
                    0.10343489050865173,
                    0.41695940494537354
                ],
                [
                    0.0,
                    0.0,
                    0.0,
                    1.0
                ]
            ]
        },
        {
            "file_path": "/data/shapenet_blender/all_50_random/02958343/12410830e8a5067c69576518bd9bfe48/r_8",
            "rotation": 0.12566370614359174,
            "transform_matrix": [
                [
                    -0.1442006379365921,
                    0.013310003094375134,
                    0.9894590377807617,
                    3.9886364936828613
                ],
                [
                    0.9895485043525696,
                    0.0019395824056118727,
                    0.14418759942054749,
                    0.5812387466430664
                ],
                [
                    1.1641530794914701e-10,
                    0.9999095797538757,
                    -0.013450582511723042,
                    -0.054221026599407196
                ],
                [
                    0.0,
                    0.0,
                    0.0,
                    1.0
                ]
            ]
        },
        {
            "file_path": "/data/shapenet_blender/all_50_random/02958343/12410830e8a5067c69576518bd9bfe48/r_9",
            "rotation": 0.12566370614359174,
            "transform_matrix": [
                [
                    -0.7664692997932434,
                    -0.014380563981831074,
                    -0.642119824886322,
                    -2.588468074798584
                ],
                [
                    -0.6422809362411499,
                    0.01716112159192562,
                    0.7662771344184875,
                    3.0889620780944824
                ],
                [
                    -9.313224635931761e-10,
                    0.9997494220733643,
                    -0.022389831021428108,
                    -0.09025630354881287
                ],
                [
                    0.0,
                    0.0,
                    0.0,
                    1.0
                ]
            ]
        },
        {
            "file_path": "/data/shapenet_blender/all_50_random/02958343/12410830e8a5067c69576518bd9bfe48/r_10",
            "rotation": 0.12566370614359174,
            "transform_matrix": [
                [
                    0.8131037354469299,
                    0.008885733783245087,
                    -0.5820509195327759,
                    -2.346322536468506
                ],
                [
                    -0.582118809223175,
                    0.01241159625351429,
                    -0.8130089044570923,
                    -3.277343988418579
                ],
                [
                    4.6566125955216364e-10,
                    0.9998835921287537,
                    0.015264465473592281,
                    0.06153303384780884
                ],
                [
                    0.0,
                    0.0,
                    0.0,
                    1.0
                ]
            ]
        },
        {
            "file_path": "/data/shapenet_blender/all_50_random/02958343/12410830e8a5067c69576518bd9bfe48/r_11",
            "rotation": 0.12566370614359174,
            "transform_matrix": [
                [
                    0.80733323097229,
                    -0.09486962854862213,
                    -0.5824198126792908,
                    -2.347809314727783
                ],
                [
                    -0.5900958180427551,
                    -0.1297948658466339,
                    -0.7968313694000244,
                    -3.212130069732666
                ],
                [
                    -7.450580596923828e-09,
                    0.9869919419288635,
                    -0.16076986491680145,
                    -0.6480840444564819
                ],
                [
                    0.0,
                    0.0,
                    0.0,
                    1.0
                ]
            ]
        },
        {
            "file_path": "/data/shapenet_blender/all_50_random/02958343/12410830e8a5067c69576518bd9bfe48/r_12",
            "rotation": 0.12566370614359174,
            "transform_matrix": [
                [
                    -0.41706860065460205,
                    0.8402391672134399,
                    0.3464849889278412,
                    1.3967256546020508
                ],
                [
                    0.908875048160553,
                    0.3855726420879364,
                    0.1589965522289276,
                    0.6409355998039246
                ],
                [
                    -1.4901162970204496e-08,
                    0.3812239468097687,
                    -0.9244827032089233,
                    -3.7267088890075684
                ],
                [
                    0.0,
                    0.0,
                    0.0,
                    1.0
                ]
            ]
        },
        {
            "file_path": "/data/shapenet_blender/all_50_random/02958343/12410830e8a5067c69576518bd9bfe48/r_13",
            "rotation": 0.12566370614359174,
            "transform_matrix": [
                [
                    -0.9226844906806946,
                    -0.2581872045993805,
                    -0.2863437235355377,
                    -1.154288411140442
                ],
                [
                    -0.3855559229850769,
                    0.6178749203681946,
                    0.685257077217102,
                    2.762359619140625
                ],
                [
                    -1.4901161193847656e-08,
                    0.7426775097846985,
                    -0.6696492433547974,
                    -2.6994423866271973
                ],
                [
                    0.0,
                    0.0,
                    0.0,
                    1.0
                ]
            ]
        },
        {
            "file_path": "/data/shapenet_blender/all_50_random/02958343/12410830e8a5067c69576518bd9bfe48/r_14",
            "rotation": 0.12566370614359174,
            "transform_matrix": [
                [
                    0.6521158218383789,
                    0.06089264154434204,
                    0.7556699514389038,
                    3.0462028980255127
                ],
                [
                    0.7581194639205933,
                    -0.05237836018204689,
                    -0.6500087976455688,
                    -2.620269298553467
                ],
                [
                    0.0,
                    0.9967690110206604,
                    -0.08032064884901047,
                    -0.32378289103507996
                ],
                [
                    0.0,
                    0.0,
                    0.0,
                    1.0
                ]
            ]
        },
        {
            "file_path": "/data/shapenet_blender/all_50_random/02958343/12410830e8a5067c69576518bd9bfe48/r_15",
            "rotation": 0.12566370614359174,
            "transform_matrix": [
                [
                    0.7400071620941162,
                    -0.6570502519607544,
                    0.1437859684228897,
                    0.5796197652816772
                ],
                [
                    0.6725990176200867,
                    0.7229000926017761,
                    -0.15819625556468964,
                    -0.6377094984054565
                ],
                [
                    -7.450580596923828e-09,
                    0.21377652883529663,
                    0.9768825769424438,
                    3.9379396438598633
                ],
                [
                    0.0,
                    0.0,
                    0.0,
                    1.0
                ]
            ]
        },
        {
            "file_path": "/data/shapenet_blender/all_50_random/02958343/12410830e8a5067c69576518bd9bfe48/r_16",
            "rotation": 0.12566370614359174,
            "transform_matrix": [
                [
                    -0.8009219169616699,
                    -0.5684093236923218,
                    0.18824145197868347,
                    0.7588256001472473
                ],
                [
                    0.5987687110900879,
                    -0.7603127360343933,
                    0.2517945170402527,
                    1.0150163173675537
                ],
                [
                    0.0,
                    0.3143807053565979,
                    0.9492968916893005,
                    3.8267383575439453
                ],
                [
                    0.0,
                    0.0,
                    0.0,
                    1.0
                ]
            ]
        },
        {
            "file_path": "/data/shapenet_blender/all_50_random/02958343/12410830e8a5067c69576518bd9bfe48/r_17",
            "rotation": 0.12566370614359174,
            "transform_matrix": [
                [
                    -0.9896509051322937,
                    0.015389432199299335,
                    0.14266842603683472,
                    0.575114905834198
                ],
                [
                    0.1434960663318634,
                    0.10613646358251572,
                    0.983942985534668,
                    3.9664013385772705
                ],
                [
                    9.313224635931761e-10,
                    0.9942325949668884,
                    -0.10724635422229767,
                    -0.4323239028453827
                ],
                [
                    0.0,
                    0.0,
                    0.0,
                    1.0
                ]
            ]
        },
        {
            "file_path": "/data/shapenet_blender/all_50_random/02958343/12410830e8a5067c69576518bd9bfe48/r_18",
            "rotation": 0.12566370614359174,
            "transform_matrix": [
                [
                    -0.705201268196106,
                    -0.376350462436676,
                    -0.6008756160736084,
                    -2.4222068786621094
                ],
                [
                    -0.7090071439743042,
                    0.37433022260665894,
                    0.5976501703262329,
                    2.4092047214508057
                ],
                [
                    -1.4901160305669237e-08,
                    0.8474887013435364,
                    -0.5308133959770203,
                    -2.1397769451141357
                ],
                [
                    0.0,
                    0.0,
                    0.0,
                    1.0
                ]
            ]
        },
        {
            "file_path": "/data/shapenet_blender/all_50_random/02958343/12410830e8a5067c69576518bd9bfe48/r_19",
            "rotation": 0.12566370614359174,
            "transform_matrix": [
                [
                    -0.9984966516494751,
                    0.0024284454993903637,
                    -0.05475926771759987,
                    -0.22074168920516968
                ],
                [
                    -0.054813094437122345,
                    -0.04423750564455986,
                    0.9975160956382751,
                    4.021116256713867
                ],
                [
                    0.0,
                    0.999018132686615,
                    0.04430410638451576,
                    0.17859558761119843
                ],
                [
                    0.0,
                    0.0,
                    0.0,
                    1.0
                ]
            ]
        },
        {
            "file_path": "/data/shapenet_blender/all_50_random/02958343/12410830e8a5067c69576518bd9bfe48/r_20",
            "rotation": 0.12566370614359174,
            "transform_matrix": [
                [
                    -0.2574102282524109,
                    0.5821852684020996,
                    -0.7712329626083374,
                    -3.1089391708374023
                ],
                [
                    -0.9663022756576538,
                    -0.15508650243282318,
                    0.2054463028907776,
                    0.8281804323196411
                ],
                [
                    -1.4901161193847656e-08,
                    0.7981280088424683,
                    0.6024879217147827,
                    2.428706169128418
                ],
                [
                    0.0,
                    0.0,
                    0.0,
                    1.0
                ]
            ]
        },
        {
            "file_path": "/data/shapenet_blender/all_50_random/02958343/12410830e8a5067c69576518bd9bfe48/r_21",
            "rotation": 0.12566370614359174,
            "transform_matrix": [
                [
                    -0.18305262923240662,
                    0.9804856777191162,
                    -0.07169076800346375,
                    -0.2889947295188904
                ],
                [
                    -0.9831031560897827,
                    -0.18256527185440063,
                    0.013348735868930817,
                    0.0538104772567749
                ],
                [
                    -9.313225746154785e-10,
                    0.07292284071445465,
                    0.9973375201225281,
                    4.0203962326049805
                ],
                [
                    0.0,
                    0.0,
                    0.0,
                    1.0
                ]
            ]
        },
        {
            "file_path": "/data/shapenet_blender/all_50_random/02958343/12410830e8a5067c69576518bd9bfe48/r_22",
            "rotation": 0.12566370614359174,
            "transform_matrix": [
                [
                    -0.6772283911705017,
                    -0.1870809644460678,
                    -0.7115914821624756,
                    -2.8685169219970703
                ],
                [
                    -0.7357728481292725,
                    0.1721951961517334,
                    0.6549711227416992,
                    2.640273094177246
                ],
                [
                    7.450580152834618e-09,
                    0.9671347141265869,
                    -0.25426456332206726,
                    -1.0249732732772827
                ],
                [
                    0.0,
                    0.0,
                    0.0,
                    1.0
                ]
            ]
        },
        {
            "file_path": "/data/shapenet_blender/all_50_random/02958343/12410830e8a5067c69576518bd9bfe48/r_23",
            "rotation": 0.12566370614359174,
            "transform_matrix": [
                [
                    -0.8535012006759644,
                    -0.17785689234733582,
                    0.48979857563972473,
                    1.9744412899017334
                ],
                [
                    0.5210909247398376,
                    -0.2913140058517456,
                    0.8022470474243164,
                    3.233961582183838
                ],
                [
                    1.4901161193847656e-08,
                    0.9399484992027283,
                    0.3413164019584656,
                    1.3758904933929443
                ],
                [
                    0.0,
                    0.0,
                    0.0,
                    1.0
                ]
            ]
        },
        {
            "file_path": "/data/shapenet_blender/all_50_random/02958343/12410830e8a5067c69576518bd9bfe48/r_24",
            "rotation": 0.12566370614359174,
            "transform_matrix": [
                [
                    0.5561850070953369,
                    0.11781293898820877,
                    -0.822665274143219,
                    -3.316270112991333
                ],
                [
                    -0.8310585021972656,
                    0.07884618639945984,
                    -0.5505678653717041,
                    -2.2194101810455322
                ],
                [
                    0.0,
                    0.9899006485939026,
                    0.14176249504089355,
                    0.5714629292488098
                ],
                [
                    0.0,
                    0.0,
                    0.0,
                    1.0
                ]
            ]
        },
        {
            "file_path": "/data/shapenet_blender/all_50_random/02958343/12410830e8a5067c69576518bd9bfe48/r_25",
            "rotation": 0.12566370614359174,
            "transform_matrix": [
                [
                    0.9083645939826965,
                    0.1866142451763153,
                    -0.3742310106754303,
                    -1.5085735321044922
                ],
                [
                    -0.41817909479141235,
                    0.40536168217658997,
                    -0.812900960445404,
                    -3.2769088745117188
                ],
                [
                    1.4901161193847656e-08,
                    0.8949060440063477,
                    0.4462543725967407,
                    1.798909068107605
                ],
                [
                    0.0,
                    0.0,
                    0.0,
                    1.0
                ]
            ]
        },
        {
            "file_path": "/data/shapenet_blender/all_50_random/02958343/12410830e8a5067c69576518bd9bfe48/r_26",
            "rotation": 0.12566370614359174,
            "transform_matrix": [
                [
                    0.45661938190460205,
                    -0.09430651366710663,
                    -0.8846495747566223,
                    -3.5661368370056152
                ],
                [
                    -0.8896621465682983,
                    -0.04840284585952759,
                    -0.45404666662216187,
                    -1.8303208351135254
                ],
                [
                    0.0,
                    0.9943657517433167,
                    -0.10600261390209198,
                    -0.4273102283477783
                ],
                [
                    0.0,
                    0.0,
                    0.0,
                    1.0
                ]
            ]
        },
        {
            "file_path": "/data/shapenet_blender/all_50_random/02958343/12410830e8a5067c69576518bd9bfe48/r_27",
            "rotation": 0.12566370614359174,
            "transform_matrix": [
                [
                    -0.3487064242362976,
                    -0.5341102480888367,
                    -0.7701493501663208,
                    -3.104571580886841
                ],
                [
                    -0.9372320175170898,
                    0.1987209916114807,
                    0.2865416407585144,
                    1.1550863981246948
                ],
                [
                    0.0,
                    0.8217276334762573,
                    -0.5698804259300232,
                    -2.2972617149353027
                ],
                [
                    0.0,
                    0.0,
                    0.0,
                    1.0
                ]
            ]
        },
        {
            "file_path": "/data/shapenet_blender/all_50_random/02958343/12410830e8a5067c69576518bd9bfe48/r_28",
            "rotation": 0.12566370614359174,
            "transform_matrix": [
                [
                    -0.6072888970375061,
                    0.053596388548612595,
                    -0.7926711440086365,
                    -3.195359706878662
                ],
                [
                    -0.7944810390472412,
                    -0.04096824303269386,
                    0.6059054732322693,
                    2.4424831867218018
                ],
                [
                    3.725290076417309e-09,
                    0.9977219700813293,
                    0.06746086478233337,
                    0.27194344997406006
                ],
                [
                    0.0,
                    0.0,
                    0.0,
                    1.0
                ]
            ]
        },
        {
            "file_path": "/data/shapenet_blender/all_50_random/02958343/12410830e8a5067c69576518bd9bfe48/r_29",
            "rotation": 0.12566370614359174,
            "transform_matrix": [
                [
                    -0.8185453414916992,
                    -0.128814697265625,
                    -0.5598127245903015,
                    -2.2566769123077393
                ],
                [
                    -0.5744418501853943,
                    0.1835532784461975,
                    0.7976997494697571,
                    3.215630054473877
                ],
                [
                    7.4505792646561986e-09,
                    0.974533200263977,
                    -0.22424325346946716,
                    -0.9039533734321594
                ],
                [
                    0.0,
                    0.0,
                    0.0,
                    1.0
                ]
            ]
        },
        {
            "file_path": "/data/shapenet_blender/all_50_random/02958343/12410830e8a5067c69576518bd9bfe48/r_30",
            "rotation": 0.12566370614359174,
            "transform_matrix": [
                [
                    0.8785542249679565,
                    0.3900146782398224,
                    -0.2757374346256256,
                    -1.1115331649780273
                ],
                [
                    -0.4776427149772644,
                    0.7173752188682556,
                    -0.5071788430213928,
                    -2.0445032119750977
                ],
                [
                    1.4901161193847656e-08,
                    0.5772879719734192,
                    0.8165405988693237,
                    3.2915804386138916
                ],
                [
                    0.0,
                    0.0,
                    0.0,
                    1.0
                ]
            ]
        },
        {
            "file_path": "/data/shapenet_blender/all_50_random/02958343/12410830e8a5067c69576518bd9bfe48/r_31",
            "rotation": 0.12566370614359174,
            "transform_matrix": [
                [
                    -0.999779224395752,
                    0.017282871529459953,
                    -0.011950467713177204,
                    -0.048173874616622925
                ],
                [
                    -0.02101217396557331,
                    -0.8223355412483215,
                    0.568614661693573,
                    2.292159080505371
                ],
                [
                    0.0,
                    0.5687400698661804,
                    0.8225172162055969,
                    3.3156728744506836
                ],
                [
                    0.0,
                    0.0,
                    0.0,
                    1.0
                ]
            ]
        },
        {
            "file_path": "/data/shapenet_blender/all_50_random/02958343/12410830e8a5067c69576518bd9bfe48/r_32",
            "rotation": 0.12566370614359174,
            "transform_matrix": [
                [
                    0.747843861579895,
                    -0.008323082700371742,
                    -0.6638225317001343,
                    -2.6759541034698486
                ],
                [
                    -0.6638747453689575,
                    -0.009375814348459244,
                    -0.7477850914001465,
                    -3.014418125152588
                ],
                [
                    0.0,
                    0.9999215006828308,
                    -0.01253712922334671,
                    -0.05053878575563431
                ],
                [
                    0.0,
                    0.0,
                    0.0,
                    1.0
                ]
            ]
        },
        {
            "file_path": "/data/shapenet_blender/all_50_random/02958343/12410830e8a5067c69576518bd9bfe48/r_33",
            "rotation": 0.12566370614359174,
            "transform_matrix": [
                [
                    0.6485192775726318,
                    0.3756476938724518,
                    0.6620509028434753,
                    2.6688125133514404
                ],
                [
                    0.761198103427887,
                    -0.3200412392616272,
                    -0.564048707485199,
                    -2.2737531661987305
                ],
                [
                    -1.4901160305669237e-08,
                    0.8697484135627747,
                    -0.49349528551101685,
                    -1.9893431663513184
                ],
                [
                    0.0,
                    0.0,
                    0.0,
                    1.0
                ]
            ]
        },
        {
            "file_path": "/data/shapenet_blender/all_50_random/02958343/12410830e8a5067c69576518bd9bfe48/r_34",
            "rotation": 0.12566370614359174,
            "transform_matrix": [
                [
                    -0.9848585724830627,
                    -0.05095690116286278,
                    -0.1657015085220337,
                    -0.6679641604423523
                ],
                [
                    -0.1733597368001938,
                    0.28948673605918884,
                    0.941352128982544,
                    3.7947118282318115
                ],
                [
                    0.0,
                    0.9558247327804565,
                    -0.2939373254776001,
                    -1.1848992109298706
                ],
                [
                    0.0,
                    0.0,
                    0.0,
                    1.0
                ]
            ]
        },
        {
            "file_path": "/data/shapenet_blender/all_50_random/02958343/12410830e8a5067c69576518bd9bfe48/r_35",
            "rotation": 0.12566370614359174,
            "transform_matrix": [
                [
                    0.6634905934333801,
                    0.5985502004623413,
                    -0.44890737533569336,
                    -1.8096035718917847
                ],
                [
                    -0.7481846213340759,
                    0.5307946801185608,
                    -0.3980913460254669,
                    -1.60475754737854
                ],
                [
                    0.0,
                    0.5999953150749207,
                    0.8000033497810364,
                    3.224916696548462
                ],
                [
                    0.0,
                    0.0,
                    0.0,
                    1.0
                ]
            ]
        },
        {
            "file_path": "/data/shapenet_blender/all_50_random/02958343/12410830e8a5067c69576518bd9bfe48/r_36",
            "rotation": 0.12566370614359174,
            "transform_matrix": [
                [
                    -0.6615797281265259,
                    -0.06690428406000137,
                    -0.746884286403656,
                    -3.010786771774292
                ],
                [
                    -0.7498748302459717,
                    0.05902653560042381,
                    0.6589412689208984,
                    2.6562771797180176
                ],
                [
                    -3.725290742551124e-09,
                    0.9960117340087891,
                    -0.08922060579061508,
                    -0.35965976119041443
                ],
                [
                    0.0,
                    0.0,
                    0.0,
                    1.0
                ]
            ]
        },
        {
            "file_path": "/data/shapenet_blender/all_50_random/02958343/12410830e8a5067c69576518bd9bfe48/r_37",
            "rotation": 0.12566370614359174,
            "transform_matrix": [
                [
                    -0.9733784198760986,
                    -0.11380036920309067,
                    0.19895702600479126,
                    0.802021324634552
                ],
                [
                    0.22920385003089905,
                    -0.483285129070282,
                    0.8449267148971558,
                    3.406008005142212
                ],
                [
                    0.0,
                    0.868035078048706,
                    0.49650290608406067,
                    2.001466989517212
                ],
                [
                    0.0,
                    0.0,
                    0.0,
                    1.0
                ]
            ]
        },
        {
            "file_path": "/data/shapenet_blender/all_50_random/02958343/12410830e8a5067c69576518bd9bfe48/r_38",
            "rotation": 0.12566370614359174,
            "transform_matrix": [
                [
                    0.2759062647819519,
                    0.8434429168701172,
                    0.46095529198646545,
                    1.8581702709197998
                ],
                [
                    0.961184561252594,
                    -0.24210873246192932,
                    -0.13231636583805084,
                    -0.5333843231201172
                ],
                [
                    0.0,
                    0.4795699417591095,
                    -0.8775035738945007,
                    -3.537330150604248
                ],
                [
                    0.0,
                    0.0,
                    0.0,
                    1.0
                ]
            ]
        },
        {
            "file_path": "/data/shapenet_blender/all_50_random/02958343/12410830e8a5067c69576518bd9bfe48/r_39",
            "rotation": 0.12566370614359174,
            "transform_matrix": [
                [
                    0.9954017400741577,
                    -0.04261883348226547,
                    -0.08578518778085709,
                    -0.3458111882209778
                ],
                [
                    -0.09578865766525269,
                    -0.442879855632782,
                    -0.8914492726325989,
                    -3.5935471057891846
                ],
                [
                    -3.725290742551124e-09,
                    0.8955673575401306,
                    -0.4449257552623749,
                    -1.7935532331466675
                ],
                [
                    0.0,
                    0.0,
                    0.0,
                    1.0
                ]
            ]
        },
        {
            "file_path": "/data/shapenet_blender/all_50_random/02958343/12410830e8a5067c69576518bd9bfe48/r_40",
            "rotation": 0.12566370614359174,
            "transform_matrix": [
                [
                    0.6614685654640198,
                    -0.2578463554382324,
                    0.7042546272277832,
                    2.8389410972595215
                ],
                [
                    0.7499728798866272,
                    0.2274179309606552,
                    -0.6211455464363098,
                    -2.503917694091797
                ],
                [
                    0.0,
                    0.9390400052070618,
                    0.3438076376914978,
                    1.3859329223632812
                ],
                [
                    0.0,
                    0.0,
                    0.0,
                    1.0
                ]
            ]
        },
        {
            "file_path": "/data/shapenet_blender/all_50_random/02958343/12410830e8a5067c69576518bd9bfe48/r_41",
            "rotation": 0.12566370614359174,
            "transform_matrix": [
                [
                    0.5661349296569824,
                    -0.6400330662727356,
                    0.5194698572158813,
                    2.094050168991089
                ],
                [
                    0.8243125677108765,
                    0.43957239389419556,
                    -0.35677003860473633,
