{
    "class": "02958343",
    "model": "9fa56c19e4d54cca99c8d14f483ffc82",
    "remove_doubles": true,
    "edge_split": true,
    "denoise": true,
    "camera_angle_x": 0.6911112070083618,
    "scale_factor": 2.1773020256811133,
    "hdri_file": "/data/IndoorHDRDataset2018/9C4A0767-d219df4ecc.exr",
    "center_offset": [
        0.0,
        -3.725290298461914e-09,
        3.725290298461914e-09
    ],
    "lights": [],
    "frames": [
        {
            "file_path": "/data/shapenet_blender/all_50_random/02958343/9fa56c19e4d54cca99c8d14f483ffc82/r_0",
            "rotation": 0.12566370614359174,
            "transform_matrix": [
                [
                    -0.9999040365219116,
                    0.007521898485720158,
                    -0.011641615070402622,
                    -0.046928852796554565
                ],
                [
                    -0.013860239647328854,
                    -0.5426440834999084,
                    0.8398483395576477,
                    3.3855369091033936
                ],
                [
                    4.656613428188905e-10,
                    0.8399291038513184,
                    0.5426962375640869,
                    2.187678575515747
                ],
                [
                    0.0,
                    0.0,
                    0.0,
                    1.0
                ]
            ]
        },
        {
            "file_path": "/data/shapenet_blender/all_50_random/02958343/9fa56c19e4d54cca99c8d14f483ffc82/r_1",
            "rotation": 0.12566370614359174,
            "transform_matrix": [
                [
                    -0.8699945211410522,
                    -0.05068531632423401,
                    -0.49044927954673767,
                    -1.9770642518997192
                ],
                [
                    -0.4930613338947296,
                    0.0894329845905304,
                    0.8653856515884399,
                    3.488481044769287
                ],
                [
                    -3.7252898543727042e-09,
                    0.9947023391723633,
                    -0.10279719531536102,
                    -0.4143887460231781
                ],
                [
                    0.0,
                    0.0,
                    0.0,
                    1.0
                ]
            ]
        },
        {
            "file_path": "/data/shapenet_blender/all_50_random/02958343/9fa56c19e4d54cca99c8d14f483ffc82/r_2",
            "rotation": 0.12566370614359174,
            "transform_matrix": [
                [
                    0.97294682264328,
                    0.07567732036113739,
                    0.21828308701515198,
                    0.8799272775650024
                ],
                [
                    0.23102936148643494,
                    -0.31870412826538086,
                    -0.9192677140235901,
                    -3.705686569213867
                ],
                [
                    0.0,
                    0.9448283910751343,
                    -0.3275658190250397,
                    -1.3204600811004639
                ],
                [
                    0.0,
                    0.0,
                    0.0,
                    1.0
                ]
            ]
        },
        {
            "file_path": "/data/shapenet_blender/all_50_random/02958343/9fa56c19e4d54cca99c8d14f483ffc82/r_3",
            "rotation": 0.12566370614359174,
            "transform_matrix": [
                [
                    0.7090371251106262,
                    -0.49594882130622864,
                    0.5012993216514587,
                    2.0208024978637695
                ],
                [
                    0.7051710486412048,
                    0.49866777658462524,
                    -0.5040476322174072,
                    -2.031881332397461
                ],
                [
                    1.4901159417490817e-08,
                    0.7108903527259827,
                    0.7033027410507202,
                    2.83510422706604
                ],
                [
                    0.0,
                    0.0,
                    0.0,
                    1.0
                ]
            ]
        },
        {
            "file_path": "/data/shapenet_blender/all_50_random/02958343/9fa56c19e4d54cca99c8d14f483ffc82/r_4",
            "rotation": 0.12566370614359174,
            "transform_matrix": [
                [
                    0.8891156315803528,
                    -0.45368683338165283,
                    -0.060345590114593506,
                    -0.24326083064079285
                ],
                [
                    -0.4576825499534607,
                    -0.8813533782958984,
                    -0.11723018437623978,
                    -0.47256994247436523
                ],
                [
                    0.0,
                    0.13185004889965057,
                    -0.9912697076797485,
                    -3.9959354400634766
                ],
                [
                    0.0,
                    0.0,
                    0.0,
                    1.0
                ]
            ]
        },
        {
            "file_path": "/data/shapenet_blender/all_50_random/02958343/9fa56c19e4d54cca99c8d14f483ffc82/r_5",
            "rotation": 0.12566370614359174,
            "transform_matrix": [
                [
                    0.8267722129821777,
                    -0.05493113771080971,
                    -0.5598484873771667,
                    -2.256821632385254
                ],
                [
                    -0.5625369548797607,
                    -0.08073341846466064,
                    -0.8228208422660828,
                    -3.31689715385437
                ],
                [
                    3.725290298461914e-09,
                    0.9952210187911987,
                    -0.09764892607927322,
                    -0.39363545179367065
                ],
                [
                    0.0,
                    0.0,
                    0.0,
                    1.0
                ]
            ]
        },
        {
            "file_path": "/data/shapenet_blender/all_50_random/02958343/9fa56c19e4d54cca99c8d14f483ffc82/r_6",
            "rotation": 0.12566370614359174,
            "transform_matrix": [
                [
                    0.44562432169914246,
                    0.23905916512012482,
                    0.8627105951309204,
                    3.4776978492736816
                ],
                [
                    0.8952199816703796,
                    -0.11899932473897934,
                    -0.4294417202472687,
                    -1.7311350107192993
                ],
                [
                    0.0,
                    0.9636855125427246,
                    -0.26703953742980957,
                    -1.076470971107483
                ],
                [
                    0.0,
                    0.0,
                    0.0,
                    1.0
                ]
            ]
        },
        {
            "file_path": "/data/shapenet_blender/all_50_random/02958343/9fa56c19e4d54cca99c8d14f483ffc82/r_7",
            "rotation": 0.12566370614359174,
            "transform_matrix": [
                [
                    -0.1284652203321457,
                    0.8793901205062866,
                    -0.4584426283836365,
                    -1.8480414152145386
                ],
                [
                    -0.9917140007019043,
                    -0.11391494423151016,
                    0.059386011213064194,
                    0.23939268290996552
                ],
                [
                    3.725290298461914e-09,
                    0.4622730016708374,
                    0.886737585067749,
                    3.5745537281036377
                ],
                [
                    0.0,
                    0.0,
                    0.0,
                    1.0
                ]
            ]
        },
        {
            "file_path": "/data/shapenet_blender/all_50_random/02958343/9fa56c19e4d54cca99c8d14f483ffc82/r_8",
            "rotation": 0.12566370614359174,
            "transform_matrix": [
                [
                    -0.15207886695861816,
                    0.7987044453620911,
                    -0.5821883082389832,
                    -2.3468761444091797
                ],
                [
                    -0.9883683919906616,
                    -0.12289554625749588,
                    0.08958050608634949,
                    0.3611105680465698
                ],
                [
                    0.0,
                    0.5890397429466248,
                    0.8081040382385254,
                    3.2575714588165283
                ],
                [
                    0.0,
                    0.0,
                    0.0,
                    1.0
                ]
            ]
        },
        {
            "file_path": "/data/shapenet_blender/all_50_random/02958343/9fa56c19e4d54cca99c8d14f483ffc82/r_9",
            "rotation": 0.12566370614359174,
            "transform_matrix": [
                [
                    -0.9562006592750549,
                    0.22957070171833038,
                    0.18159693479537964,
                    0.7320406436920166
                ],
                [
                    0.29271170496940613,
                    0.7499380707740784,
                    0.5932222604751587,
                    2.391355514526367
                ],
                [
                    0.0,
                    0.6203950047492981,
                    -0.7842894196510315,
                    -3.161571741104126
                ],
                [
                    0.0,
                    0.0,
                    0.0,
                    1.0
                ]
            ]
        },
        {
            "file_path": "/data/shapenet_blender/all_50_random/02958343/9fa56c19e4d54cca99c8d14f483ffc82/r_10",
            "rotation": 0.12566370614359174,
            "transform_matrix": [
                [
                    -0.999964714050293,
                    -0.006625642534345388,
                    -0.005167110823094845,
                    -0.02082929015159607
                ],
                [
                    -0.008402272127568722,
                    0.7885259389877319,
                    0.6149442791938782,
                    2.478919744491577
                ],
                [
                    0.0,
                    0.6149659752845764,
                    -0.7885535955429077,
                    -3.1787612438201904
                ],
                [
                    0.0,
                    0.0,
                    0.0,
                    1.0
                ]
            ]
        },
        {
            "file_path": "/data/shapenet_blender/all_50_random/02958343/9fa56c19e4d54cca99c8d14f483ffc82/r_11",
            "rotation": 0.12566370614359174,
            "transform_matrix": [
                [
                    0.8012880086898804,
                    -0.11302591860294342,
                    -0.5875054597854614,
                    -2.3683104515075684
                ],
                [
                    -0.5982789397239685,
                    -0.1513780802488327,
                    -0.7868589162826538,
                    -3.1719300746917725
                ],
                [
                    0.0,
                    0.9819926619529724,
                    -0.18891847133636475,
                    -0.7615547776222229
                ],
                [
                    0.0,
                    0.0,
                    0.0,
                    1.0
                ]
            ]
        },
        {
            "file_path": "/data/shapenet_blender/all_50_random/02958343/9fa56c19e4d54cca99c8d14f483ffc82/r_12",
            "rotation": 0.12566370614359174,
            "transform_matrix": [
                [
                    -0.185601145029068,
                    -0.049212198704481125,
                    0.9813921451568604,
                    3.956117868423462
                ],
                [
                    0.9826252460479736,
                    -0.009295345284044743,
                    0.18536823987960815,
                    0.7472431659698486
                ],
                [
                    9.313225746154785e-10,
                    0.9987450242042542,
                    0.050082381814718246,
                    0.20188851654529572
                ],
                [
                    0.0,
                    0.0,
                    0.0,
                    1.0
                ]
            ]
        },
        {
            "file_path": "/data/shapenet_blender/all_50_random/02958343/9fa56c19e4d54cca99c8d14f483ffc82/r_13",
            "rotation": 0.12566370614359174,
            "transform_matrix": [
                [
                    -0.6691771745681763,
                    -0.1426360160112381,
                    -0.7292850613594055,
                    -2.939842462539673
                ],
                [
                    -0.7431027889251709,
                    0.12844625115394592,
                    0.656734049320221,
                    2.6473798751831055
                ],
                [
                    0.0,
                    0.9814053177833557,
                    -0.19194652140140533,
                    -0.7737612128257751
                ],
                [
                    0.0,
                    0.0,
                    0.0,
                    1.0
                ]
            ]
        },
        {
            "file_path": "/data/shapenet_blender/all_50_random/02958343/9fa56c19e4d54cca99c8d14f483ffc82/r_14",
            "rotation": 0.12566370614359174,
            "transform_matrix": [
                [
                    -0.888256311416626,
                    -0.12135327607393265,
                    0.4430285096168518,
                    1.7859050035476685
                ],
                [
                    0.4593483507633209,
                    -0.23466461896896362,
                    0.8566980957984924,
                    3.453460454940796
                ],
                [
                    -7.450580596923828e-09,
                    0.9644719362258911,
                    0.26418569684028625,
                    1.0649665594100952
                ],
                [
                    0.0,
                    0.0,
                    0.0,
                    1.0
                ]
            ]
        },
        {
            "file_path": "/data/shapenet_blender/all_50_random/02958343/9fa56c19e4d54cca99c8d14f483ffc82/r_15",
            "rotation": 0.12566370614359174,
            "transform_matrix": [
                [
                    -0.9850561022758484,
                    -0.017369898036122322,
                    0.17135575413703918,
                    0.690757155418396
                ],
                [
                    0.17223386466503143,
                    -0.09934354573488235,
                    0.9800338745117188,
                    3.9506428241729736
                ],
                [
                    0.0,
                    0.9949015974998474,
                    0.10085064172744751,
                    0.40654194355010986
                ],
                [
                    0.0,
                    0.0,
                    0.0,
                    1.0
                ]
            ]
        },
        {
            "file_path": "/data/shapenet_blender/all_50_random/02958343/9fa56c19e4d54cca99c8d14f483ffc82/r_16",
            "rotation": 0.12566370614359174,
            "transform_matrix": [
                [
                    -0.9228190183639526,
                    0.07640736550092697,
                    -0.3775806128978729,
                    -1.52207612991333
                ],
                [
                    -0.385233998298645,
                    -0.1830320507287979,
                    0.9044855237007141,
                    3.6460976600646973
                ],
                [
                    7.450581485102248e-09,
                    0.9801331162452698,
                    0.19834017753601074,
                    0.7995348572731018
                ],
                [
                    0.0,
                    0.0,
                    0.0,
                    1.0
                ]
            ]
        },
        {
            "file_path": "/data/shapenet_blender/all_50_random/02958343/9fa56c19e4d54cca99c8d14f483ffc82/r_17",
            "rotation": 0.12566370614359174,
            "transform_matrix": [
                [
                    0.9942589998245239,
                    0.002083532279357314,
                    0.10697979480028152,
                    0.43124938011169434
                ],
                [
                    0.10700007528066635,
                    -0.019360458478331566,
                    -0.9940704703330994,
                    -4.007226467132568
                ],
                [
                    0.0,
                    0.9998104572296143,
                    -0.01947224698960781,
                    -0.07849514484405518
                ],
                [
                    0.0,
                    0.0,
                    0.0,
                    1.0
                ]
            ]
        },
        {
            "file_path": "/data/shapenet_blender/all_50_random/02958343/9fa56c19e4d54cca99c8d14f483ffc82/r_18",
            "rotation": 0.12566370614359174,
            "transform_matrix": [
                [
                    0.9915925860404968,
                    -0.05689548701047897,
                    -0.11621954292058945,
                    -0.4684959650039673
                ],
                [
                    -0.1293988972902298,
                    -0.4359939992427826,
                    -0.8905982375144958,
                    -3.590116262435913
                ],
                [
                    -3.7252898543727042e-09,
                    0.898149311542511,
                    -0.43969064950942993,
                    -1.7724497318267822
                ],
                [
                    0.0,
                    0.0,
                    0.0,
                    1.0
                ]
            ]
        },
        {
            "file_path": "/data/shapenet_blender/all_50_random/02958343/9fa56c19e4d54cca99c8d14f483ffc82/r_19",
            "rotation": 0.12566370614359174,
            "transform_matrix": [
                [
                    0.8813906311988831,
                    0.45290571451187134,
                    -0.1342644989490509,
                    -0.5412375926971436
                ],
                [
                    -0.4723880887031555,
                    0.8450400233268738,
                    -0.2505132257938385,
                    -1.0098512172698975
                ],
                [
                    0.0,
                    0.2842247784137726,
                    0.9587575793266296,
                    3.864875555038452
                ],
                [
                    0.0,
                    0.0,
                    0.0,
                    1.0
                ]
            ]
        },
        {
            "file_path": "/data/shapenet_blender/all_50_random/02958343/9fa56c19e4d54cca99c8d14f483ffc82/r_20",
            "rotation": 0.12566370614359174,
            "transform_matrix": [
                [
                    0.42603862285614014,
                    -0.3016664385795593,
                    0.8529293537139893,
                    3.4382681846618652
                ],
                [
                    0.9047051072120667,
                    0.1420590579509735,
                    -0.4016566574573517,
                    -1.6191297769546509
                ],
                [
                    -7.450581485102248e-09,
                    0.9427706599235535,
                    0.33344176411628723,
                    1.344146728515625
                ],
                [
                    0.0,
                    0.0,
                    0.0,
                    1.0
                ]
            ]
        },
        {
            "file_path": "/data/shapenet_blender/all_50_random/02958343/9fa56c19e4d54cca99c8d14f483ffc82/r_21",
            "rotation": 0.12566370614359174,
            "transform_matrix": [
                [
                    -0.36111146211624146,
                    0.12670598924160004,
                    -0.9238744378089905,
                    -3.724257230758667
                ],
                [
                    -0.9325226545333862,
                    -0.04906581714749336,
                    0.35776251554489136,
                    1.442186951637268
                ],
                [
                    0.0,
                    0.9907260537147522,
                    0.1358744204044342,
                    0.5477273464202881
                ],
                [
                    0.0,
                    0.0,
                    0.0,
                    1.0
                ]
            ]
        },
        {
            "file_path": "/data/shapenet_blender/all_50_random/02958343/9fa56c19e4d54cca99c8d14f483ffc82/r_22",
            "rotation": 0.12566370614359174,
            "transform_matrix": [
                [
                    -0.3187880516052246,
                    -0.4093877077102661,
                    -0.8548542857170105,
                    -3.4460277557373047
                ],
                [
                    -0.947826087474823,
                    0.13769184052944183,
                    0.28751829266548157,
                    1.1590232849121094
                ],
                [
                    7.450581485102248e-09,
                    0.9019104242324829,
                    -0.43192288279533386,
                    -1.7411367893218994
                ],
                [
                    0.0,
                    0.0,
                    0.0,
                    1.0
                ]
            ]
        },
        {
            "file_path": "/data/shapenet_blender/all_50_random/02958343/9fa56c19e4d54cca99c8d14f483ffc82/r_23",
            "rotation": 0.12566370614359174,
            "transform_matrix": [
                [
                    -0.8171248435974121,
                    0.36567506194114685,
                    0.4456329941749573,
                    1.7964041233062744
                ],
                [
                    0.5764607787132263,
                    0.5183390974998474,
                    0.6316782832145691,
                    2.546376943588257
                ],
                [
                    0.0,
                    0.7730499505996704,
                    -0.6343450546264648,
                    -2.557126998901367
                ],
                [
                    0.0,
                    0.0,
                    0.0,
                    1.0
                ]
            ]
        },
        {
            "file_path": "/data/shapenet_blender/all_50_random/02958343/9fa56c19e4d54cca99c8d14f483ffc82/r_24",
            "rotation": 0.12566370614359174,
            "transform_matrix": [
                [
                    0.7797673940658569,
                    -0.5450618267059326,
                    -0.3080105185508728,
                    -1.2416300773620605
                ],
                [
                    -0.6260694265365601,
                    -0.6788727045059204,
                    -0.3836260437965393,
                    -1.5464460849761963
                ],
                [
                    -1.4901161193847656e-08,
                    0.49197492003440857,
                    -0.8706093430519104,
                    -3.509538412094116
                ],
                [
                    0.0,
                    0.0,
                    0.0,
                    1.0
                ]
            ]
        },
        {
            "file_path": "/data/shapenet_blender/all_50_random/02958343/9fa56c19e4d54cca99c8d14f483ffc82/r_25",
            "rotation": 0.12566370614359174,
            "transform_matrix": [
                [
                    0.1238221526145935,
                    0.15129975974559784,
                    0.9807019829750061,
                    3.953336238861084
                ],
                [
                    0.9923045039176941,
                    -0.018879549577832222,
                    -0.12237437069416046,
                    -0.49330687522888184
                ],
                [
                    0.0,
                    0.9883075952529907,
                    -0.15247312188148499,
                    -0.6146388053894043
                ],
                [
                    0.0,
                    0.0,
                    0.0,
                    1.0
                ]
            ]
        },
        {
            "file_path": "/data/shapenet_blender/all_50_random/02958343/9fa56c19e4d54cca99c8d14f483ffc82/r_26",
            "rotation": 0.12566370614359174,
            "transform_matrix": [
                [
                    -0.8000422716140747,
                    0.056324511766433716,
                    -0.5972939133644104,
                    -2.407768726348877
                ],
                [
                    -0.5999437570571899,
                    -0.07511034607887268,
                    0.7965085506439209,
                    3.2108287811279297
                ],
                [
                    3.725290742551124e-09,
                    0.995583176612854,
                    0.09388299286365509,
                    0.37845444679260254
                ],
                [
                    0.0,
                    0.0,
                    0.0,
                    1.0
                ]
            ]
        },
        {
            "file_path": "/data/shapenet_blender/all_50_random/02958343/9fa56c19e4d54cca99c8d14f483ffc82/r_27",
            "rotation": 0.12566370614359174,
            "transform_matrix": [
                [
                    -0.1318628340959549,
                    0.7906124591827393,
                    -0.5979500412940979,
                    -2.4104137420654297
                ],
                [
                    -0.99126797914505,
                    -0.10517075657844543,
                    0.07954195886850357,
                    0.32064390182495117
                ],
                [
                    7.450580596923828e-09,
                    0.6032173037528992,
                    0.7975767850875854,
                    3.215134859085083
                ],
                [
                    0.0,
                    0.0,
                    0.0,
                    1.0
                ]
            ]
        },
        {
            "file_path": "/data/shapenet_blender/all_50_random/02958343/9fa56c19e4d54cca99c8d14f483ffc82/r_28",
            "rotation": 0.12566370614359174,
            "transform_matrix": [
                [
                    -0.9992731809616089,
                    0.03146801516413689,
                    -0.021518787369132042,
                    -0.0867450162768364
                ],
                [
                    -0.03812210261821747,
                    -0.8248533606529236,
                    0.564059853553772,
                    2.2737982273101807
                ],
                [
                    1.862645371275562e-09,
                    0.5644701719284058,
                    0.8254533410072327,
                    3.3275091648101807
                ],
                [
                    0.0,
                    0.0,
                    0.0,
                    1.0
                ]
            ]
        },
        {
            "file_path": "/data/shapenet_blender/all_50_random/02958343/9fa56c19e4d54cca99c8d14f483ffc82/r_29",
            "rotation": 0.12566370614359174,
            "transform_matrix": [
                [
                    0.45070549845695496,
                    -0.45582759380340576,
                    -0.7675192356109619,
                    -3.0939691066741943
                ],
                [
                    -0.8926728367805481,
                    -0.23014481365680695,
                    -0.38751617074012756,
                    -1.562127709388733
                ],
                [
                    0.0,
                    0.8597991466522217,
                    -0.510632336139679,
                    -2.058424711227417
                ],
                [
                    0.0,
                    0.0,
                    0.0,
                    1.0
                ]
            ]
        },
        {
            "file_path": "/data/shapenet_blender/all_50_random/02958343/9fa56c19e4d54cca99c8d14f483ffc82/r_30",
            "rotation": 0.12566370614359174,
            "transform_matrix": [
                [
                    0.298952579498291,
                    -0.09039702266454697,
                    -0.9499766826629639,
                    -3.8294785022735596
                ],
                [
                    -0.9542680382728577,
                    -0.028319530189037323,
                    -0.2976081967353821,
                    -1.1996970176696777
                ],
                [
                    1.862645371275562e-09,
                    0.9955030679702759,
                    -0.09472917765378952,
                    -0.381865531206131
                ],
                [
                    0.0,
                    0.0,
                    0.0,
                    1.0
                ]
            ]
        },
        {
            "file_path": "/data/shapenet_blender/all_50_random/02958343/9fa56c19e4d54cca99c8d14f483ffc82/r_31",
            "rotation": 0.12566370614359174,
            "transform_matrix": [
                [
                    0.996248722076416,
                    -0.03499164432287216,
                    0.07914639264345169,
                    0.3190493583679199
                ],
                [
                    0.08653651177883148,
                    0.40284013748168945,
                    -0.9111701846122742,
                    -3.6730446815490723
                ],
                [
                    0.0,
                    0.9146011471748352,
                    0.404356986284256,
                    1.630015254020691
                ],
                [
                    0.0,
                    0.0,
                    0.0,
                    1.0
                ]
            ]
        },
        {
            "file_path": "/data/shapenet_blender/all_50_random/02958343/9fa56c19e4d54cca99c8d14f483ffc82/r_32",
            "rotation": 0.12566370614359174,
            "transform_matrix": [
                [
                    -0.1504388004541397,
                    0.024596940726041794,
                    0.9883132576942444,
                    3.984018087387085
                ],
                [
                    0.988619327545166,
                    0.003742931643500924,
                    0.15039224922657013,
                    0.606250524520874
                ],
                [
                    2.3283064365386963e-10,
                    0.9996903538703918,
                    -0.024880092591047287,
                    -0.10029485821723938
                ],
                [
                    0.0,
                    0.0,
                    0.0,
                    1.0
                ]
            ]
        },
        {
            "file_path": "/data/shapenet_blender/all_50_random/02958343/9fa56c19e4d54cca99c8d14f483ffc82/r_33",
            "rotation": 0.12566370614359174,
            "transform_matrix": [
                [
                    -0.7715526819229126,
                    0.4348968267440796,
                    0.4642965495586395,
                    1.8716392517089844
                ],
                [
                    0.6361654996871948,
                    0.5274505019187927,
                    0.5631070137023926,
                    2.2699570655822754
                ],
                [
                    0.0,
                    0.7298361659049988,
                    -0.6836221218109131,
                    -2.7557690143585205
                ],
                [
                    0.0,
                    0.0,
                    0.0,
                    1.0
                ]
            ]
        },
        {
            "file_path": "/data/shapenet_blender/all_50_random/02958343/9fa56c19e4d54cca99c8d14f483ffc82/r_34",
            "rotation": 0.12566370614359174,
            "transform_matrix": [
                [
                    0.22868992388248444,
                    0.23545058071613312,
                    -0.9445971250534058,
                    -3.807793140411377
                ],
                [
                    -0.9734992980957031,
                    0.05531095713376999,
                    -0.22190037369728088,
                    -0.8945090770721436
                ],
                [
                    0.0,
                    0.9703111052513123,
                    0.2418600171804428,
                    0.9749689698219299
                ],
                [
                    0.0,
                    0.0,
                    0.0,
                    1.0
                ]
            ]
        },
        {
            "file_path": "/data/shapenet_blender/all_50_random/02958343/9fa56c19e4d54cca99c8d14f483ffc82/r_35",
            "rotation": 0.12566370614359174,
            "transform_matrix": [
                [
                    -0.2907305061817169,
                    -0.0027886026073247194,
                    -0.9568009376525879,
                    -3.856987714767456
                ],
                [
                    -0.9568050503730774,
                    0.0008473321795463562,
                    0.29072922468185425,
                    1.1719670295715332
                ],
                [
                    0.0,
                    0.9999956488609314,
                    -0.0029144941363483667,
                    -0.011748701333999634
                ],
                [
                    0.0,
                    0.0,
                    0.0,
                    1.0
                ]
            ]
        },
        {
            "file_path": "/data/shapenet_blender/all_50_random/02958343/9fa56c19e4d54cca99c8d14f483ffc82/r_36",
            "rotation": 0.12566370614359174,
            "transform_matrix": [
                [
                    0.2975931465625763,
                    0.3057299852371216,
                    0.9044155478477478,
                    3.64581561088562
                ],
                [
                    0.9546929001808167,
                    -0.09530095756053925,
                    -0.2819208800792694,
                    -1.136459469795227
                ],
                [
                    0.0,
                    0.9473366737365723,
                    -0.3202391564846039,
                    -1.29092538356781
                ],
                [
                    0.0,
                    0.0,
                    0.0,
                    1.0
                ]
            ]
        },
        {
            "file_path": "/data/shapenet_blender/all_50_random/02958343/9fa56c19e4d54cca99c8d14f483ffc82/r_37",
            "rotation": 0.12566370614359174,
            "transform_matrix": [
                [
                    0.5040063858032227,
                    0.180626779794693,
                    -0.8446012735366821,
                    -3.4046969413757324
                ],
                [
                    -0.8636997938156128,
                    0.1054035872220993,
                    -0.4928615987300873,
                    -1.9867887496948242
                ],
                [
                    0.0,
                    0.9778874516487122,
                    0.20913143455982208,
                    0.8430358171463013
                ],
                [
                    0.0,
                    0.0,
                    0.0,
                    1.0
                ]
            ]
        },
        {
            "file_path": "/data/shapenet_blender/all_50_random/02958343/9fa56c19e4d54cca99c8d14f483ffc82/r_38",
            "rotation": 0.12566370614359174,
            "transform_matrix": [
                [
                    0.4309035539627075,
                    -0.5175489187240601,
                    0.7392328381538391,
                    2.979942798614502
                ],
                [
                    0.9023981094360352,
                    0.2471344769001007,
                    -0.35299062728881836,
                    -1.4229507446289062
                ],
                [
                    0.0,
                    0.8191870450973511,
                    0.5735263228416443,
                    2.3119585514068604
                ],
                [
                    0.0,
                    0.0,
                    0.0,
                    1.0
                ]
            ]
        },
        {
            "file_path": "/data/shapenet_blender/all_50_random/02958343/9fa56c19e4d54cca99c8d14f483ffc82/r_39",
            "rotation": 0.12566370614359174,
            "transform_matrix": [
                [
                    0.9588855504989624,
                    0.007391757797449827,
                    -0.2836971580982208,
                    -1.1436197757720947
                ],
                [
                    -0.28379344940185547,
                    0.024975378066301346,
                    -0.9585601091384888,
                    -3.864079475402832
                ],
                [
                    0.0,
                    0.9996607303619385,
                    0.026046259328722954,
                    0.10499583184719086
                ],
                [
                    0.0,
                    0.0,
                    0.0,
                    1.0
                ]
            ]
        },
        {
            "file_path": "/data/shapenet_blender/all_50_random/02958343/9fa56c19e4d54cca99c8d14f483ffc82/r_40",
            "rotation": 0.12566370614359174,
            "transform_matrix": [
                [
                    0.09423503279685974,
                    0.4990360736846924,
                    -0.8614422082901001,
                    -3.4725847244262695
                ],
                [
                    -0.9955500364303589,
                    0.04723687842488289,
                    -0.08154088258743286,
                    -0.32870182394981384
                ],
                [
                    0.0,
                    0.8652927875518799,
                    0.5012666583061218,
                    2.0206706523895264
                ],
                [
                    0.0,
                    0.0,
                    0.0,
                    1.0
                ]
            ]
        },
        {
            "file_path": "/data/shapenet_blender/all_50_random/02958343/9fa56c19e4d54cca99c8d14f483ffc82/r_41",
            "rotation": 0.12566370614359174,
            "transform_matrix": [
                [
                    -0.6822801828384399,
                    -0.26362207531929016,
                    0.6819069981575012,
                    2.7488551139831543
                ],
                [
                    0.731090784072876,
                    -0.2460215836763382,
                    0.6363800764083862,
                    2.5653300285339355
                ],
                [
