{
    "class": "02958343",
    "model": "885a8852bda6bad7774c883319711a53",
    "remove_doubles": true,
    "edge_split": true,
    "denoise": true,
    "camera_angle_x": 0.6911112070083618,
    "scale_factor": 2.2604539766339675,
    "hdri_file": "/data/IndoorHDRDataset2018/9C4A5204-e80bd727fd.exr",
    "center_offset": [
        0.0,
        0.0,
        2.7939677238464355e-09
    ],
    "lights": [],
    "frames": [
        {
            "file_path": "/data/shapenet_blender/all_50_random/02958343/885a8852bda6bad7774c883319711a53/r_0",
            "rotation": 0.12566370614359174,
            "transform_matrix": [
                [
                    -0.9750924706459045,
                    0.019269028678536415,
                    -0.2209605723619461,
                    -0.8907206654548645
                ],
                [
                    -0.22179922461509705,
                    -0.08471213281154633,
                    0.9714055061340332,
                    3.9158613681793213
                ],
                [
                    0.0,
                    0.9962190389633179,
                    0.08687600493431091,
                    0.3502084016799927
                ],
                [
                    0.0,
                    0.0,
                    0.0,
                    1.0
                ]
            ]
        },
        {
            "file_path": "/data/shapenet_blender/all_50_random/02958343/885a8852bda6bad7774c883319711a53/r_1",
            "rotation": 0.12566370614359174,
            "transform_matrix": [
                [
                    0.07307960093021393,
                    -0.5912676453590393,
                    0.8031574487686157,
                    3.237631320953369
                ],
                [
                    0.997326135635376,
                    0.04332545027136803,
                    -0.05885178595781326,
                    -0.23723913729190826
                ],
                [
                    0.0,
                    0.805310845375061,
                    0.5928528904914856,
                    2.389866352081299
                ],
                [
                    0.0,
                    0.0,
                    0.0,
                    1.0
                ]
            ]
        },
        {
            "file_path": "/data/shapenet_blender/all_50_random/02958343/885a8852bda6bad7774c883319711a53/r_2",
            "rotation": 0.12566370614359174,
            "transform_matrix": [
                [
                    -0.02747356705367565,
                    -0.109756700694561,
                    -0.9935787916183472,
                    -4.00524377822876
                ],
                [
                    -0.9996225237846375,
                    0.0030165466014295816,
                    0.027307461947202682,
                    0.11007988452911377
                ],
                [
                    -2.3283061589829401e-10,
                    0.9939539432525635,
                    -0.10979814827442169,
                    -0.4426104426383972
                ],
                [
                    0.0,
                    0.0,
                    0.0,
                    1.0
                ]
            ]
        },
        {
            "file_path": "/data/shapenet_blender/all_50_random/02958343/885a8852bda6bad7774c883319711a53/r_3",
            "rotation": 0.12566370614359174,
            "transform_matrix": [
                [
                    0.796586275100708,
                    0.0744943842291832,
                    0.5999172925949097,
                    2.418344259262085
                ],
                [
                    0.6045247316360474,
                    -0.0981617271900177,
                    -0.7905149459838867,
                    -3.1866679191589355
                ],
                [
                    -7.450580152834618e-09,
                    0.9923783540725708,
                    -0.12322799116373062,
                    -0.4967479407787323
                ],
                [
                    0.0,
                    0.0,
                    0.0,
                    1.0
                ]
            ]
        },
        {
            "file_path": "/data/shapenet_blender/all_50_random/02958343/885a8852bda6bad7774c883319711a53/r_4",
            "rotation": 0.12566370614359174,
            "transform_matrix": [
                [
                    0.9704979062080383,
                    -0.04608481749892235,
                    0.23666468262672424,
                    0.9540258646011353
                ],
                [
                    0.2411099225282669,
                    0.1854972094297409,
                    -0.9526052474975586,
                    -3.8400745391845703
                ],
                [
                    0.0,
                    0.9815634489059448,
                    0.1911361664533615,
                    0.7704945206642151
                ],
                [
                    0.0,
                    0.0,
                    0.0,
                    1.0
                ]
            ]
        },
        {
            "file_path": "/data/shapenet_blender/all_50_random/02958343/885a8852bda6bad7774c883319711a53/r_5",
            "rotation": 0.12566370614359174,
            "transform_matrix": [
                [
                    0.9097009897232056,
                    0.18906500935554504,
                    0.3697277903556824,
                    1.4904203414916992
                ],
                [
                    0.4152640700340271,
                    -0.4141765534877777,
                    -0.8099466562271118,
                    -3.2649993896484375
                ],
                [
                    0.0,
                    0.8903438448905945,
                    -0.45528870820999146,
                    -1.8353275060653687
                ],
                [
                    0.0,
                    0.0,
                    0.0,
                    1.0
                ]
            ]
        },
        {
            "file_path": "/data/shapenet_blender/all_50_random/02958343/885a8852bda6bad7774c883319711a53/r_6",
            "rotation": 0.12566370614359174,
            "transform_matrix": [
                [
                    0.17534799873828888,
                    0.059112586081027985,
                    -0.9827302098274231,
                    -3.961512327194214
                ],
                [
                    -0.9845065474510193,
                    0.01052839495241642,
                    -0.1750316172838211,
                    -0.7055750489234924
                ],
                [
                    0.0,
                    0.9981957077980042,
                    0.060042861849069595,
                    0.24204052984714508
                ],
                [
                    0.0,
                    0.0,
                    0.0,
                    1.0
                ]
            ]
        },
        {
            "file_path": "/data/shapenet_blender/all_50_random/02958343/885a8852bda6bad7774c883319711a53/r_7",
            "rotation": 0.12566370614359174,
            "transform_matrix": [
                [
                    -0.999934196472168,
                    0.0074214329943060875,
                    0.00874378439038992,
                    0.0352473258972168
                ],
                [
                    0.011468715034425259,
                    0.6470597386360168,
                    0.7623529434204102,
                    3.073143243789673
                ],
                [
                    0.0,
                    0.7624030709266663,
                    -0.6471022963523865,
                    -2.608552932739258
                ],
                [
                    0.0,
                    0.0,
                    0.0,
                    1.0
                ]
            ]
        },
        {
            "file_path": "/data/shapenet_blender/all_50_random/02958343/885a8852bda6bad7774c883319711a53/r_8",
            "rotation": 0.12566370614359174,
            "transform_matrix": [
                [
                    0.15866868197917938,
                    -0.5987382531166077,
                    -0.785071074962616,
                    -3.1647226810455322
                ],
                [
                    -0.9873319864273071,
                    -0.09621992707252502,
                    -0.12616445124149323,
                    -0.5085851550102234
                ],
                [
                    7.450581485102248e-09,
                    0.7951440215110779,
                    -0.6064205765724182,
                    -2.4445595741271973
                ],
                [
                    0.0,
                    0.0,
                    0.0,
                    1.0
                ]
            ]
        },
        {
            "file_path": "/data/shapenet_blender/all_50_random/02958343/885a8852bda6bad7774c883319711a53/r_9",
            "rotation": 0.12566370614359174,
            "transform_matrix": [
                [
                    -0.7887340784072876,
                    0.031146371737122536,
                    0.6139448285102844,
                    2.47489070892334
                ],
                [
                    0.6147343516349792,
                    0.03996231034398079,
                    0.7877211570739746,
                    3.175405502319336
                ],
                [
                    1.8626449271863521e-09,
                    0.9987155795097351,
                    -0.050666388124227524,
                    -0.2042427361011505
                ],
                [
                    0.0,
                    0.0,
                    0.0,
                    1.0
                ]
            ]
        },
        {
            "file_path": "/data/shapenet_blender/all_50_random/02958343/885a8852bda6bad7774c883319711a53/r_10",
            "rotation": 0.12566370614359174,
            "transform_matrix": [
                [
                    0.99713534116745,
                    -6.967271474422887e-05,
                    -0.07563713192939758,
                    -0.3049030303955078
                ],
                [
                    -0.07563715428113937,
                    -0.0009185053058899939,
                    -0.9971350431442261,
                    -4.019579887390137
                ],
                [
                    0.0,
                    0.9999996423721313,
                    -0.0009211439755745232,
                    -0.003713250160217285
                ],
                [
                    0.0,
                    0.0,
                    0.0,
                    1.0
                ]
            ]
        },
        {
            "file_path": "/data/shapenet_blender/all_50_random/02958343/885a8852bda6bad7774c883319711a53/r_11",
            "rotation": 0.12566370614359174,
            "transform_matrix": [
                [
                    0.993327260017395,
                    0.08056380599737167,
                    -0.08252613246440887,
                    -0.33267349004745483
                ],
                [
                    -0.11533036082983017,
                    0.693886935710907,
                    -0.7107881903648376,
                    -2.865278959274292
                ],
                [
                    3.725290742551124e-09,
                    0.7155629992485046,
                    0.6985481977462769,
                    2.8159377574920654
                ],
                [
                    0.0,
                    0.0,
                    0.0,
                    1.0
                ]
            ]
        },
        {
            "file_path": "/data/shapenet_blender/all_50_random/02958343/885a8852bda6bad7774c883319711a53/r_12",
            "rotation": 0.12566370614359174,
            "transform_matrix": [
                [
                    -0.9723694324493408,
                    0.08884097635746002,
                    0.21588173508644104,
                    0.8702471256256104
                ],
                [
                    0.23344729840755463,
                    0.37004607915878296,
                    0.8992042541503906,
                    3.6248083114624023
                ],
                [
                    -7.450580152834618e-09,
                    0.9247556924819946,
                    -0.3805612027645111,
                    -1.5340912342071533
                ],
                [
                    0.0,
                    0.0,
                    0.0,
                    1.0
                ]
            ]
        },
        {
            "file_path": "/data/shapenet_blender/all_50_random/02958343/885a8852bda6bad7774c883319711a53/r_13",
            "rotation": 0.12566370614359174,
            "transform_matrix": [
                [
                    -0.513136088848114,
                    -0.151992067694664,
                    -0.8447423577308655,
                    -3.4052655696868896
                ],
                [
                    -0.8583073019981384,
                    0.09086794406175613,
                    0.5050263404846191,
                    2.0358264446258545
                ],
                [
                    0.0,
                    0.9841958284378052,
                    -0.17708350718021393,
                    -0.7138465046882629
                ],
                [
                    0.0,
                    0.0,
                    0.0,
                    1.0
                ]
            ]
        },
        {
            "file_path": "/data/shapenet_blender/all_50_random/02958343/885a8852bda6bad7774c883319711a53/r_14",
            "rotation": 0.12566370614359174,
            "transform_matrix": [
                [
                    0.6362977623939514,
                    0.1159777045249939,
                    -0.7626757025718689,
                    -3.07444429397583
                ],
                [
                    -0.7714435458183289,
                    0.09566007554531097,
                    -0.6290658712387085,
                    -2.535845994949341
                ],
                [
                    0.0,
                    0.9886345267295837,
                    0.1503385305404663,
                    0.6060340404510498
                ],
                [
                    0.0,
                    0.0,
                    0.0,
                    1.0
                ]
            ]
        },
        {
            "file_path": "/data/shapenet_blender/all_50_random/02958343/885a8852bda6bad7774c883319711a53/r_15",
            "rotation": 0.12566370614359174,
            "transform_matrix": [
                [
                    -0.9534921050071716,
                    0.01776060089468956,
                    0.3008940815925598,
                    1.2129427194595337
                ],
                [
                    0.301417738199234,
                    0.05618312582373619,
                    0.9518355131149292,
                    3.8369712829589844
                ],
                [
                    0.0,
                    0.9982624650001526,
                    -0.058923542499542236,
                    -0.23752836883068085
                ],
                [
                    0.0,
                    0.0,
                    0.0,
                    1.0
                ]
            ]
        },
        {
            "file_path": "/data/shapenet_blender/all_50_random/02958343/885a8852bda6bad7774c883319711a53/r_16",
            "rotation": 0.12566370614359174,
            "transform_matrix": [
                [
                    -0.6204735636711121,
                    -0.34530603885650635,
                    0.7041137218475342,
                    2.8383734226226807
                ],
                [
                    0.7842273712158203,
                    -0.2732030153274536,
                    0.5570884346961975,
                    2.2456955909729004
                ],
                [
                    -1.4901161193847656e-08,
                    0.8978439569473267,
                    0.4403136670589447,
                    1.774961233139038
                ],
                [
                    0.0,
                    0.0,
                    0.0,
                    1.0
                ]
            ]
        },
        {
            "file_path": "/data/shapenet_blender/all_50_random/02958343/885a8852bda6bad7774c883319711a53/r_17",
            "rotation": 0.12566370614359174,
            "transform_matrix": [
                [
                    -0.7831316590309143,
                    -0.47763949632644653,
                    -0.39820241928100586,
                    -1.6052052974700928
                ],
                [
                    -0.6218557953834534,
                    0.6015134453773499,
                    0.5014746785163879,
                    2.0215091705322266
                ],
                [
                    0.0,
                    0.6403452157974243,
                    -0.7680871486663818,
                    -3.0962584018707275
                ],
                [
                    0.0,
                    0.0,
                    0.0,
                    1.0
                ]
            ]
        },
        {
            "file_path": "/data/shapenet_blender/all_50_random/02958343/885a8852bda6bad7774c883319711a53/r_18",
            "rotation": 0.12566370614359174,
            "transform_matrix": [
                [
                    0.6420671343803406,
                    0.3428477644920349,
                    -0.6857150793075562,
                    -2.7642059326171875
                ],
                [
                    -0.7666484713554382,
                    0.28713458776474,
                    -0.5742855668067932,
                    -2.315019130706787
                ],
                [
                    -1.4901162970204496e-08,
                    0.8944322466850281,
                    0.4472034275531769,
                    1.8027347326278687
                ],
                [
                    0.0,
                    0.0,
                    0.0,
                    1.0
                ]
            ]
        },
        {
            "file_path": "/data/shapenet_blender/all_50_random/02958343/885a8852bda6bad7774c883319711a53/r_19",
            "rotation": 0.12566370614359174,
            "transform_matrix": [
                [
                    -0.4965110123157501,
                    -0.24648791551589966,
                    0.8322983384132385,
                    3.3551018238067627
                ],
                [
                    0.8680304884910583,
                    -0.14099040627479553,
                    0.4760723114013672,
                    1.9191088676452637
                ],
                [
                    7.450581485102248e-09,
                    0.9588354229927063,
                    0.28396230936050415,
                    1.1446887254714966
                ],
                [
                    0.0,
                    0.0,
                    0.0,
                    1.0
                ]
            ]
        },
        {
            "file_path": "/data/shapenet_blender/all_50_random/02958343/885a8852bda6bad7774c883319711a53/r_20",
            "rotation": 0.12566370614359174,
            "transform_matrix": [
                [
                    0.16880211234092712,
                    0.7631838917732239,
                    -0.6237435340881348,
                    -2.514390468597412
                ],
                [
                    -0.9856500029563904,
                    0.13070262968540192,
                    -0.10682212561368942,
                    -0.4306137263774872
                ],
                [
                    0.0,
                    0.6328245997428894,
                    0.7742951512336731,
                    3.121283531188965
                ],
                [
                    0.0,
                    0.0,
                    0.0,
                    1.0
                ]
            ]
        },
        {
            "file_path": "/data/shapenet_blender/all_50_random/02958343/885a8852bda6bad7774c883319711a53/r_21",
            "rotation": 0.12566370614359174,
            "transform_matrix": [
                [
                    0.9981853365898132,
                    -0.052159909158945084,
                    0.030089758336544037,
                    0.12129570543766022
                ],
                [
                    0.060216691344976425,
                    0.8646316528320312,
                    -0.49878454208374023,
                    -2.010664939880371
                ],
                [
                    -1.862645149230957e-09,
                    0.49969127774238586,
                    0.8662034869194031,
                    3.4917781352996826
                ],
                [
                    0.0,
                    0.0,
                    0.0,
                    1.0
                ]
            ]
        },
        {
            "file_path": "/data/shapenet_blender/all_50_random/02958343/885a8852bda6bad7774c883319711a53/r_22",
            "rotation": 0.12566370614359174,
            "transform_matrix": [
                [
                    0.9082710146903992,
                    0.4176684319972992,
                    -0.024434726685285568,
                    -0.09849953651428223
                ],
                [
                    -0.4183826148509979,
                    0.9067205786705017,
                    -0.053045593202114105,
                    -0.21383363008499146
                ],
                [
                    0.0,
                    0.05840257555246353,
                    0.9982931017875671,
                    4.024248123168945
                ],
                [
                    0.0,
                    0.0,
                    0.0,
                    1.0
                ]
            ]
        },
        {
            "file_path": "/data/shapenet_blender/all_50_random/02958343/885a8852bda6bad7774c883319711a53/r_23",
            "rotation": 0.12566370614359174,
            "transform_matrix": [
                [
                    0.9926465153694153,
                    -0.10781894624233246,
                    0.05502716079354286,
                    0.22182157635688782
                ],
                [
                    0.12104921042919159,
                    0.8841536045074463,
                    -0.45124220848083496,
                    -1.8190155029296875
                ],
                [
                    -3.725290076417309e-09,
                    0.4545849859714508,
                    0.8907033801078796,
                    3.5905401706695557
                ],
                [
                    0.0,
                    0.0,
                    0.0,
                    1.0
                ]
            ]
        },
        {
            "file_path": "/data/shapenet_blender/all_50_random/02958343/885a8852bda6bad7774c883319711a53/r_24",
            "rotation": 0.12566370614359174,
            "transform_matrix": [
                [
                    0.8085072636604309,
                    0.025093087926506996,
                    -0.5879510641098022,
                    -2.3701064586639404
                ],
                [
                    -0.5884863138198853,
                    0.03447479009628296,
                    -0.8077718615531921,
                    -3.256232500076294
                ],
                [
                    0.0,
                    0.9990903735160828,
                    0.04264006018638611,
                    0.1718875765800476
                ],
                [
                    0.0,
                    0.0,
                    0.0,
                    1.0
                ]
            ]
        },
        {
            "file_path": "/data/shapenet_blender/all_50_random/02958343/885a8852bda6bad7774c883319711a53/r_25",
            "rotation": 0.12566370614359174,
            "transform_matrix": [
                [
                    0.429711252450943,
                    0.355663925409317,
                    -0.8299707174301147,
                    -3.3457190990448
                ],
                [
                    -0.9029664397239685,
                    0.16925634443759918,
                    -0.39497342705726624,
                    -1.5921889543533325
                ],
                [
                    1.4901162970204496e-08,
                    0.9191601276397705,
                    0.3938838839530945,
                    1.5877968072891235
                ],
                [
                    0.0,
                    0.0,
                    0.0,
                    1.0
                ]
            ]
        },
        {
            "file_path": "/data/shapenet_blender/all_50_random/02958343/885a8852bda6bad7774c883319711a53/r_26",
            "rotation": 0.12566370614359174,
            "transform_matrix": [
                [
                    -0.1871155947446823,
                    0.6245124340057373,
                    0.7582690119743347,
                    3.056680202484131
                ],
                [
                    0.9823378920555115,
                    0.1189570501446724,
                    0.14443498849868774,
                    0.5822360515594482
                ],
                [
                    0.0,
                    0.7719024419784546,
                    -0.6357409954071045,
                    -2.562753915786743
                ],
                [
                    0.0,
                    0.0,
                    0.0,
                    1.0
                ]
            ]
        },
        {
            "file_path": "/data/shapenet_blender/all_50_random/02958343/885a8852bda6bad7774c883319711a53/r_27",
            "rotation": 0.12566370614359174,
            "transform_matrix": [
                [
                    -0.3227616250514984,
                    -0.46016258001327515,
                    0.8270883560180664,
                    3.3341000080108643
                ],
                [
                    0.9464802742004395,
                    -0.15692120790481567,
                    0.28204748034477234,
                    1.1369699239730835
                ],
                [
                    1.4901161193847656e-08,
                    0.8738569617271423,
                    0.48618292808532715,
                    1.9598661661148071
                ],
                [
                    0.0,
                    0.0,
                    0.0,
                    1.0
                ]
            ]
        },
        {
            "file_path": "/data/shapenet_blender/all_50_random/02958343/885a8852bda6bad7774c883319711a53/r_28",
            "rotation": 0.12566370614359174,
            "transform_matrix": [
                [
                    0.18795059621334076,
                    0.9111222624778748,
                    -0.36678433418273926,
                    -1.4785547256469727
                ],
                [
                    -0.9821784496307373,
                    0.1743532121181488,
                    -0.07018819451332092,
                    -0.282937616109848
                ],
                [
                    0.0,
                    0.3734395205974579,
                    0.9276545643806458,
                    3.739494800567627
                ],
                [
                    0.0,
                    0.0,
                    0.0,
                    1.0
                ]
            ]
        },
        {
            "file_path": "/data/shapenet_blender/all_50_random/02958343/885a8852bda6bad7774c883319711a53/r_29",
            "rotation": 0.12566370614359174,
            "transform_matrix": [
                [
                    -0.9288785457611084,
                    0.09709792584180832,
                    -0.3574308156967163,
                    -1.440849781036377
                ],
                [
                    -0.37038472294807434,
                    -0.2435094267129898,
                    0.896391749382019,
                    3.613471031188965
                ],
                [
                    7.450581485102248e-09,
                    0.9650259613990784,
                    0.2621541917324066,
                    1.0567774772644043
                ],
                [
                    0.0,
                    0.0,
                    0.0,
                    1.0
                ]
            ]
        },
        {
            "file_path": "/data/shapenet_blender/all_50_random/02958343/885a8852bda6bad7774c883319711a53/r_30",
            "rotation": 0.12566370614359174,
            "transform_matrix": [
                [
                    0.649507462978363,
                    -0.49897676706314087,
                    0.5737265348434448,
                    2.312765598297119
                ],
                [
                    0.7603551149368286,
                    0.4262338876724243,
                    -0.4900863468647003,
                    -1.9756011962890625
                ],
                [
                    1.4901160305669237e-08,
                    0.7545506954193115,
                    0.6562417149543762,
                    2.645395040512085
                ],
                [
                    0.0,
                    0.0,
                    0.0,
                    1.0
                ]
            ]
        },
        {
            "file_path": "/data/shapenet_blender/all_50_random/02958343/885a8852bda6bad7774c883319711a53/r_31",
            "rotation": 0.12566370614359174,
            "transform_matrix": [
                [
                    -0.03994340822100639,
                    -0.0627041608095169,
                    0.9972325563430786,
                    4.019972801208496
                ],
                [
                    0.9992018938064575,
                    -0.0025066190864890814,
                    0.039864689111709595,
                    0.16069969534873962
                ],
                [
                    2.328305742649306e-10,
                    0.9980290532112122,
                    0.06275424361228943,
                    0.25297045707702637
                ],
                [
                    0.0,
                    0.0,
                    0.0,
                    1.0
                ]
            ]
        },
        {
            "file_path": "/data/shapenet_blender/all_50_random/02958343/885a8852bda6bad7774c883319711a53/r_32",
            "rotation": 0.12566370614359174,
            "transform_matrix": [
                [
                    0.9772435426712036,
                    0.02522885426878929,
                    -0.2106151133775711,
                    -0.8490166664123535
                ],
                [
                    -0.21212080121040344,
                    0.11622969806194305,
                    -0.9703068733215332,
                    -3.9114320278167725
                ],
                [
                    1.862645371275562e-09,
                    0.9929018616676331,
                    0.11893627792596817,
                    0.47944748401641846
                ],
                [
                    0.0,
                    0.0,
                    0.0,
                    1.0
                ]
            ]
        },
        {
            "file_path": "/data/shapenet_blender/all_50_random/02958343/885a8852bda6bad7774c883319711a53/r_33",
            "rotation": 0.12566370614359174,
            "transform_matrix": [
                [
                    -0.08760998398065567,
                    -0.6321236491203308,
                    -0.7698987722396851,
                    -3.1035611629486084
                ],
                [
                    -0.99615478515625,
                    0.05559411644935608,
                    0.06771118193864822,
                    0.27295249700546265
                ],
                [
                    3.725290076417309e-09,
                    0.7728704810142517,
                    -0.634563684463501,
                    -2.5580079555511475
                ],
                [
                    0.0,
                    0.0,
                    0.0,
                    1.0
                ]
            ]
        },
        {
            "file_path": "/data/shapenet_blender/all_50_random/02958343/885a8852bda6bad7774c883319711a53/r_34",
            "rotation": 0.12566370614359174,
            "transform_matrix": [
                [
                    0.904771625995636,
                    0.4127703607082367,
                    0.10492365807294846,
                    0.4229607880115509
                ],
                [
                    0.42589712142944336,
                    -0.8768852949142456,
                    -0.22289878129959106,
                    -0.8985337018966675
                ],
                [
                    0.0,
                    0.2463589608669281,
                    -0.9691786170005798,
                    -3.906883955001831
                ],
                [
                    0.0,
                    0.0,
                    0.0,
                    1.0
                ]
            ]
        },
        {
            "file_path": "/data/shapenet_blender/all_50_random/02958343/885a8852bda6bad7774c883319711a53/r_35",
            "rotation": 0.12566370614359174,
            "transform_matrix": [
                [
                    0.5343596339225769,
                    0.78507000207901,
                    -0.3132489025592804,
                    -1.262746810913086
                ],
                [
                    -0.8452573418617249,
                    0.4963100850582123,
                    -0.19803151488304138,
                    -0.7982906103134155
                ],
                [
                    -1.4901162970204496e-08,
                    0.370595782995224,
                    0.9287941455841064,
                    3.744089126586914
                ],
                [
                    0.0,
                    0.0,
                    0.0,
                    1.0
                ]
            ]
        },
        {
            "file_path": "/data/shapenet_blender/all_50_random/02958343/885a8852bda6bad7774c883319711a53/r_36",
            "rotation": 0.12566370614359174,
            "transform_matrix": [
                [
                    0.6076353192329407,
                    0.7540987730026245,
                    -0.24922767281532288,
                    -1.004668951034546
                ],
                [
                    -0.7942161560058594,
                    0.576942503452301,
                    -0.1906779706478119,
                    -0.7686475515365601
                ],
                [
                    1.4901160305669237e-08,
                    0.31380316615104675,
                    0.9494879841804504,
                    3.8275086879730225
                ],
                [
                    0.0,
                    0.0,
                    0.0,
                    1.0
                ]
            ]
        },
        {
            "file_path": "/data/shapenet_blender/all_50_random/02958343/885a8852bda6bad7774c883319711a53/r_37",
            "rotation": 0.12566370614359174,
            "transform_matrix": [
                [
                    -0.5635997653007507,
                    0.13436637818813324,
                    -0.8150466084480286,
                    -3.285557985305786
                ],
                [
                    -0.8260480165481567,
                    -0.09167611598968506,
                    0.556093692779541,
                    2.241685390472412
                ],
                [
                    -1.4901162970204496e-08,
                    0.9866817593574524,
                    0.16266174614429474,
                    0.6557104587554932
                ],
                [
                    0.0,
                    0.0,
                    0.0,
                    1.0
                ]
            ]
        },
        {
            "file_path": "/data/shapenet_blender/all_50_random/02958343/885a8852bda6bad7774c883319711a53/r_38",
            "rotation": 0.12566370614359174,
            "transform_matrix": [
                [
                    0.8107178211212158,
                    0.4704604744911194,
                    0.3484301269054413,
                    1.404566764831543
                ],
                [
                    0.5854371786117554,
                    -0.6514972448348999,
                    -0.48250868916511536,
                    -1.9450547695159912
                ],
                [
                    0.0,
                    0.5951622724533081,
                    -0.8036054968833923,
                    -3.2394373416900635
                ],
                [
                    0.0,
                    0.0,
                    0.0,
                    1.0
                ]
            ]
        },
        {
            "file_path": "/data/shapenet_blender/all_50_random/02958343/885a8852bda6bad7774c883319711a53/r_39",
            "rotation": 0.12566370614359174,
            "transform_matrix": [
                [
                    0.9694825410842896,
                    -0.241296648979187,
                    0.04335441440343857,
                    0.17476724088191986
                ],
                [
                    0.2451605200767517,
                    0.9542028903961182,
                    -0.17144419252872467,
                    -0.6911136507987976
                ],
                [
                    3.725290298461914e-09,
                    0.1768408864736557,
                    0.9842394590377808,
                    3.9675960540771484
                ],
                [
                    0.0,
                    0.0,
                    0.0,
                    1.0
                ]
            ]
        },
        {
            "file_path": "/data/shapenet_blender/all_50_random/02958343/885a8852bda6bad7774c883319711a53/r_40",
            "rotation": 0.12566370614359174,
            "transform_matrix": [
                [
                    -0.1570202112197876,
                    0.6922258138656616,
                    0.7043919563293457,
                    2.8394947052001953
                ],
                [
                    0.9875954389572144,
                    0.11005868017673492,
                    0.11199299991130829,
                    0.4514581859111786
                ],
                [
                    0.0,
                    0.7132394313812256,
                    -0.7009204626083374,
                    -2.825500726699829
                ],
                [
                    0.0,
                    0.0,
                    0.0,
                    1.0
                ]
            ]
        },
        {
            "file_path": "/data/shapenet_blender/all_50_random/02958343/885a8852bda6bad7774c883319711a53/r_41",
            "rotation": 0.12566370614359174,
            "transform_matrix": [
                [
                    0.3677920401096344,
                    0.49652233719825745,
                    -0.7862535119056702,
                    -3.1694893836975098
                ],
                [
                    -0.929908037185669,
                    0.19638176262378693,
                    -0.3109746277332306,
                    -1.253578782081604
                ],
