{
    "class": "02958343",
    "model": "21999849a6a8aad752470de2774d6099",
    "remove_doubles": true,
    "edge_split": true,
    "denoise": true,
    "camera_angle_x": 0.6911112070083618,
    "scale_factor": 2.0792830314929183,
    "hdri_file": "/data/IndoorHDRDataset2018/9C4A1486-c8192d425e.exr",
    "center_offset": [
        0.0,
        0.0,
        -3.725290298461914e-09
    ],
    "lights": [],
    "frames": [
        {
            "file_path": "/data/shapenet_blender/all_50_random/02958343/21999849a6a8aad752470de2774d6099/r_0",
            "rotation": 0.12566370614359174,
            "transform_matrix": [
                [
                    0.22026842832565308,
                    0.6498041152954102,
                    0.7274863719940186,
                    2.932591676712036
                ],
                [
                    0.9754393696784973,
                    -0.14673523604869843,
                    -0.16427701711654663,
                    -0.6622219085693359
                ],
                [
                    0.0,
                    0.7458038330078125,
                    -0.6661655306816101,
                    -2.685399293899536
                ],
                [
                    0.0,
                    0.0,
                    0.0,
                    1.0
                ]
            ]
        },
        {
            "file_path": "/data/shapenet_blender/all_50_random/02958343/21999849a6a8aad752470de2774d6099/r_1",
            "rotation": 0.12566370614359174,
            "transform_matrix": [
                [
                    -0.047746121883392334,
                    -0.706701934337616,
                    0.7058985233306885,
                    2.8455679416656494
                ],
                [
                    0.9988595843315125,
                    -0.03378079831600189,
                    0.03374239429831505,
                    0.13601994514465332
                ],
                [
                    0.0,
                    0.7067043781280518,
                    0.7075088620185852,
                    2.8520593643188477
                ],
                [
                    0.0,
                    0.0,
                    0.0,
                    1.0
                ]
            ]
        },
        {
            "file_path": "/data/shapenet_blender/all_50_random/02958343/21999849a6a8aad752470de2774d6099/r_2",
            "rotation": 0.12566370614359174,
            "transform_matrix": [
                [
                    -0.09172946214675903,
                    0.7687491774559021,
                    -0.6329377293586731,
                    -2.5514538288116455
                ],
                [
                    -0.9957839846611023,
                    -0.07081551104784012,
                    0.05830485373735428,
                    0.23503439128398895
                ],
                [
                    -3.725290298461914e-09,
                    0.6356174945831299,
                    0.7720040082931519,
                    3.1120479106903076
                ],
                [
                    0.0,
                    0.0,
                    0.0,
                    1.0
                ]
            ]
        },
        {
            "file_path": "/data/shapenet_blender/all_50_random/02958343/21999849a6a8aad752470de2774d6099/r_3",
            "rotation": 0.12566370614359174,
            "transform_matrix": [
                [
                    0.9948145151138306,
                    -0.00103835912887007,
                    -0.10170141607522964,
                    -0.40997156500816345
                ],
                [
                    -0.10170672833919525,
                    -0.010156404227018356,
                    -0.9947625398635864,
                    -4.010016441345215
                ],
                [
                    1.1641532182693481e-10,
                    0.9999479651451111,
                    -0.010209344327449799,
                    -0.04115518927574158
                ],
                [
                    0.0,
                    0.0,
                    0.0,
                    1.0
                ]
            ]
        },
        {
            "file_path": "/data/shapenet_blender/all_50_random/02958343/21999849a6a8aad752470de2774d6099/r_4",
            "rotation": 0.12566370614359174,
            "transform_matrix": [
                [
                    -0.9556413888931274,
                    -0.051044903695583344,
                    -0.2900760769844055,
                    -1.1693339347839355
                ],
                [
                    -0.2945330739021301,
                    0.16562020778656006,
                    0.9411802887916565,
                    3.7940187454223633
                ],
                [
                    3.725290742551124e-09,
                    0.9848676323890686,
                    -0.17330792546272278,
                    -0.6986265182495117
                ],
                [
                    0.0,
                    0.0,
                    0.0,
                    1.0
                ]
            ]
        },
        {
            "file_path": "/data/shapenet_blender/all_50_random/02958343/21999849a6a8aad752470de2774d6099/r_5",
            "rotation": 0.12566370614359174,
            "transform_matrix": [
                [
                    0.676237165927887,
                    -0.09928232431411743,
                    -0.7299633026123047,
                    -2.9425761699676514
                ],
                [
                    -0.7366840839385986,
                    -0.09113594144582748,
                    -0.6700678467750549,
                    -2.701129913330078
                ],
                [
                    0.0,
                    0.9908770322799683,
                    -0.13476921617984772,
                    -0.543272078037262
                ],
                [
                    0.0,
                    0.0,
                    0.0,
                    1.0
                ]
            ]
        },
        {
            "file_path": "/data/shapenet_blender/all_50_random/02958343/21999849a6a8aad752470de2774d6099/r_6",
            "rotation": 0.12566370614359174,
            "transform_matrix": [
                [
                    -0.2714393138885498,
                    0.3052613437175751,
                    -0.9127628803253174,
                    -3.6794650554656982
                ],
                [
                    -0.9624555706977844,
                    -0.08609221875667572,
                    0.25742459297180176,
                    1.0377118587493896
                ],
                [
                    0.0,
                    0.948369026184082,
                    0.3171692490577698,
                    1.2785502672195435
                ],
                [
                    0.0,
                    0.0,
                    0.0,
                    1.0
                ]
            ]
        },
        {
            "file_path": "/data/shapenet_blender/all_50_random/02958343/21999849a6a8aad752470de2774d6099/r_7",
            "rotation": 0.12566370614359174,
            "transform_matrix": [
                [
                    -0.7099549770355225,
                    -0.19554990530014038,
                    0.6765531301498413,
                    2.7272729873657227
                ],
                [
                    0.7042471170425415,
                    -0.1971348375082016,
                    0.6820365786552429,
                    2.749377489089966
                ],
                [
                    0.0,
                    0.9606758952140808,
                    0.27767229080200195,
                    1.1193327903747559
                ],
                [
                    0.0,
                    0.0,
                    0.0,
                    1.0
                ]
            ]
        },
        {
            "file_path": "/data/shapenet_blender/all_50_random/02958343/21999849a6a8aad752470de2774d6099/r_8",
            "rotation": 0.12566370614359174,
            "transform_matrix": [
                [
                    -0.9567610621452332,
                    0.274565726518631,
                    0.0960303470492363,
                    0.3871106803417206
                ],
                [
                    0.2908748388290405,
                    0.9031162261962891,
                    0.3158681094646454,
                    1.273305058479309
                ],
                [
                    0.0,
                    0.3301432430744171,
                    -0.9439308643341064,
                    -3.8051068782806396
                ],
                [
                    0.0,
                    0.0,
                    0.0,
                    1.0
                ]
            ]
        },
        {
            "file_path": "/data/shapenet_blender/all_50_random/02958343/21999849a6a8aad752470de2774d6099/r_9",
            "rotation": 0.12566370614359174,
            "transform_matrix": [
                [
                    -0.21486935019493103,
                    -0.445984423160553,
                    -0.868866503238678,
                    -3.5025129318237305
                ],
                [
                    -0.9766427874565125,
                    0.09812019765377045,
                    0.19115768373012543,
                    0.7705812454223633
                ],
                [
                    0.0,
                    0.8896461129188538,
                    -0.4566505551338196,
                    -1.8408172130584717
                ],
                [
                    0.0,
                    0.0,
                    0.0,
                    1.0
                ]
            ]
        },
        {
            "file_path": "/data/shapenet_blender/all_50_random/02958343/21999849a6a8aad752470de2774d6099/r_10",
            "rotation": 0.12566370614359174,
            "transform_matrix": [
                [
                    0.9964775443077087,
                    -0.022191915661096573,
                    0.08087055385112762,
                    0.3259996175765991
                ],
                [
                    0.08386016637086868,
                    0.2636978328227997,
                    -0.9609531164169312,
                    -3.8737258911132812
                ],
                [
                    1.862645149230957e-09,
                    0.9643500447273254,
                    0.264629989862442,
                    1.0667575597763062
                ],
                [
                    0.0,
                    0.0,
                    0.0,
                    1.0
                ]
            ]
        },
        {
            "file_path": "/data/shapenet_blender/all_50_random/02958343/21999849a6a8aad752470de2774d6099/r_11",
            "rotation": 0.12566370614359174,
            "transform_matrix": [
                [
                    0.9929755926132202,
                    0.010515345260500908,
                    0.11785069108009338,
                    0.47507134079933167
                ],
                [
                    0.11831887811422348,
                    -0.08824864774942398,
                    -0.9890463948249817,
                    -3.986973524093628
                ],
                [
                    0.0,
                    0.9960428476333618,
                    -0.08887293189764023,
                    -0.3582582473754883
                ],
                [
                    0.0,
                    0.0,
                    0.0,
                    1.0
                ]
            ]
        },
        {
            "file_path": "/data/shapenet_blender/all_50_random/02958343/21999849a6a8aad752470de2774d6099/r_12",
            "rotation": 0.12566370614359174,
            "transform_matrix": [
                [
                    -0.15563398599624634,
                    -0.6049482822418213,
                    0.7809069156646729,
                    3.1479365825653076
                ],
                [
                    0.9878148436546326,
                    -0.09531189501285553,
                    0.12303484976291656,
                    0.49596935510635376
                ],
                [
                    0.0,
                    0.7905397415161133,
                    0.6124106049537659,
                    2.4687061309814453
                ],
                [
                    0.0,
                    0.0,
                    0.0,
                    1.0
                ]
            ]
        },
        {
            "file_path": "/data/shapenet_blender/all_50_random/02958343/21999849a6a8aad752470de2774d6099/r_13",
            "rotation": 0.12566370614359174,
            "transform_matrix": [
                [
                    0.39928436279296875,
                    0.18350808322429657,
                    -0.898274302482605,
                    -3.6210596561431885
                ],
                [
                    -0.9168272614479065,
                    0.0799189880490303,
                    -0.3912044167518616,
                    -1.5769954919815063
                ],
                [
                    0.0,
                    0.9797641634941101,
                    0.2001555860042572,
                    0.8068529963493347
                ],
                [
                    0.0,
                    0.0,
                    0.0,
                    1.0
                ]
            ]
        },
        {
            "file_path": "/data/shapenet_blender/all_50_random/02958343/21999849a6a8aad752470de2774d6099/r_14",
            "rotation": 0.12566370614359174,
            "transform_matrix": [
                [
                    0.0030672105494886637,
                    -0.32639941573143005,
                    -0.9452269077301025,
                    -3.8103318214416504
                ],
                [
                    -0.9999953508377075,
                    -0.001001140451990068,
                    -0.0028992234729230404,
                    -0.011687144637107849
                ],
                [
                    0.0,
                    0.9452313184738159,
                    -0.3264009356498718,
                    -1.3157644271850586
                ],
                [
                    0.0,
                    0.0,
                    0.0,
                    1.0
                ]
            ]
        },
        {
            "file_path": "/data/shapenet_blender/all_50_random/02958343/21999849a6a8aad752470de2774d6099/r_15",
            "rotation": 0.12566370614359174,
            "transform_matrix": [
                [
                    -0.19611506164073944,
                    -0.8903131484985352,
                    0.41095152497291565,
                    1.6565985679626465
                ],
                [
                    0.9805809855461121,
                    -0.1780615895986557,
                    0.08218982070684433,
                    0.3313177525997162
                ],
                [
                    0.0,
                    0.4190898835659027,
                    0.9079447388648987,
                    3.6600422859191895
                ],
                [
                    0.0,
                    0.0,
                    0.0,
                    1.0
                ]
            ]
        },
        {
            "file_path": "/data/shapenet_blender/all_50_random/02958343/21999849a6a8aad752470de2774d6099/r_16",
            "rotation": 0.12566370614359174,
            "transform_matrix": [
                [
                    0.2806466221809387,
                    -0.6616676449775696,
                    0.6952937841415405,
                    2.802818775177002
                ],
                [
                    0.9598111510276794,
                    0.19347015023231506,
                    -0.20330235362052917,
                    -0.8195379972457886
                ],
                [
                    0.0,
                    0.7244068384170532,
                    0.689372718334198,
                    2.7789502143859863
                ],
                [
                    0.0,
                    0.0,
                    0.0,
                    1.0
                ]
            ]
        },
        {
            "file_path": "/data/shapenet_blender/all_50_random/02958343/21999849a6a8aad752470de2774d6099/r_17",
            "rotation": 0.12566370614359174,
            "transform_matrix": [
                [
                    0.03173946216702461,
                    0.7995114922523499,
                    0.5998116731643677,
                    2.4179182052612305
                ],
                [
                    0.9994962215423584,
                    -0.02538885362446308,
                    -0.019047295674681664,
                    -0.07678210735321045
                ],
                [
                    -9.313225746154785e-10,
                    0.6001139283180237,
                    -0.7999144792556763,
                    -3.2245583534240723
                ],
                [
                    0.0,
                    0.0,
                    0.0,
                    1.0
                ]
            ]
        },
        {
            "file_path": "/data/shapenet_blender/all_50_random/02958343/21999849a6a8aad752470de2774d6099/r_18",
            "rotation": 0.12566370614359174,
            "transform_matrix": [
                [
                    -0.2632618248462677,
                    -0.34452250599861145,
                    -0.901108980178833,
                    -3.632486581802368
                ],
                [
                    -0.9647244215011597,
                    0.09401610493659973,
                    0.2459019422531128,
                    0.9912624359130859
                ],
                [
                    0.0,
                    0.934058427810669,
                    -0.3571201264858246,
                    -1.439597249031067
                ],
                [
                    0.0,
                    0.0,
                    0.0,
                    1.0
                ]
            ]
        },
        {
            "file_path": "/data/shapenet_blender/all_50_random/02958343/21999849a6a8aad752470de2774d6099/r_19",
            "rotation": 0.12566370614359174,
            "transform_matrix": [
                [
                    -0.3910958170890808,
                    -0.6333035230636597,
                    -0.6678102612495422,
                    -2.6920294761657715
                ],
                [
                    -0.9203500747680664,
                    0.2691175639629364,
                    0.28378093242645264,
                    1.1439576148986816
                ],
                [
                    1.4901164746561335e-08,
                    0.7256047129631042,
                    -0.6881116032600403,
                    -2.773866891860962
                ],
                [
                    0.0,
                    0.0,
                    0.0,
                    1.0
                ]
            ]
        },
        {
            "file_path": "/data/shapenet_blender/all_50_random/02958343/21999849a6a8aad752470de2774d6099/r_20",
            "rotation": 0.12566370614359174,
            "transform_matrix": [
                [
                    0.8188391923904419,
                    -0.5106997489929199,
                    0.26208409667015076,
                    1.0564947128295898
                ],
                [
                    0.5740229487419128,
                    0.7285091876983643,
                    -0.3738608956336975,
                    -1.5070812702178955
                ],
                [
                    0.0,
                    0.4565742313861847,
                    0.8896853923797607,
                    3.5864360332489014
                ],
                [
                    0.0,
                    0.0,
                    0.0,
                    1.0
                ]
            ]
        },
        {
            "file_path": "/data/shapenet_blender/all_50_random/02958343/21999849a6a8aad752470de2774d6099/r_21",
            "rotation": 0.12566370614359174,
            "transform_matrix": [
                [
                    0.8168376684188843,
                    0.34217342734336853,
                    -0.4644281566143036,
                    -1.8721697330474854
                ],
                [
                    -0.5768675208091736,
                    0.4845135509967804,
                    -0.6576248407363892,
                    -2.650970458984375
                ],
                [
                    0.0,
                    0.8050861954689026,
                    0.5931577682495117,
                    2.3910953998565674
                ],
                [
                    0.0,
                    0.0,
                    0.0,
                    1.0
                ]
            ]
        },
        {
            "file_path": "/data/shapenet_blender/all_50_random/02958343/21999849a6a8aad752470de2774d6099/r_22",
            "rotation": 0.12566370614359174,
            "transform_matrix": [
                [
                    0.6190774440765381,
                    0.06747216731309891,
                    0.7824260592460632,
                    3.1540606021881104
                ],
                [
                    0.7853299379348755,
                    -0.05318846181035042,
                    -0.6167882680892944,
                    -2.4863531589508057
                ],
                [
                    -3.725290298461914e-09,
                    0.9963023662567139,
                    -0.08591567724943161,
                    -0.3463371992111206
                ],
                [
                    0.0,
                    0.0,
                    0.0,
                    1.0
                ]
            ]
        },
        {
            "file_path": "/data/shapenet_blender/all_50_random/02958343/21999849a6a8aad752470de2774d6099/r_23",
            "rotation": 0.12566370614359174,
            "transform_matrix": [
                [
                    -0.8329985737800598,
                    -0.18325789272785187,
                    0.5220440030097961,
                    2.104426383972168
                ],
                [
                    0.5532751083374023,
                    -0.2759089469909668,
                    0.7859777212142944,
                    3.168377161026001
                ],
                [
                    -1.4901157641133977e-08,
                    0.9435522556304932,
                    0.33122381567955017,
                    1.3352057933807373
                ],
                [
                    0.0,
                    0.0,
                    0.0,
                    1.0
                ]
            ]
        },
        {
            "file_path": "/data/shapenet_blender/all_50_random/02958343/21999849a6a8aad752470de2774d6099/r_24",
            "rotation": 0.12566370614359174,
            "transform_matrix": [
                [
                    0.8683897256851196,
                    0.3363211154937744,
                    0.36440014839172363,
                    1.4689439535140991
                ],
                [
                    0.49588242173194885,
                    -0.5889657735824585,
                    -0.6381378173828125,
                    -2.572415828704834
                ],
                [
                    0.0,
                    0.7348518967628479,
                    -0.6782275438308716,
                    -2.734022617340088
                ],
                [
                    0.0,
                    0.0,
                    0.0,
                    1.0
                ]
            ]
        },
        {
            "file_path": "/data/shapenet_blender/all_50_random/02958343/21999849a6a8aad752470de2774d6099/r_25",
            "rotation": 0.12566370614359174,
            "transform_matrix": [
                [
                    0.0727541372179985,
                    -0.7041787505149841,
                    -0.7062855958938599,
                    -2.847127914428711
                ],
                [
                    -0.9973499774932861,
                    -0.05136804282665253,
                    -0.05152172967791557,
                    -0.20769071578979492
                ],
                [
                    0.0,
                    0.7081621885299683,
                    -0.7060497999191284,
                    -2.846177339553833
                ],
                [
                    0.0,
                    0.0,
                    0.0,
                    1.0
                ]
            ]
        },
        {
            "file_path": "/data/shapenet_blender/all_50_random/02958343/21999849a6a8aad752470de2774d6099/r_26",
            "rotation": 0.12566370614359174,
            "transform_matrix": [
                [
                    -0.12126556038856506,
                    -0.42470768094062805,
                    0.897172212600708,
                    3.61661696434021
                ],
                [
                    0.9926201701164246,
                    -0.051885321736335754,
                    0.10960495471954346,
                    0.44183170795440674
                ],
                [
                    3.725290742551124e-09,
                    0.9038424491882324,
                    0.42786532640457153,
                    1.7247803211212158
                ],
                [
                    0.0,
                    0.0,
                    0.0,
                    1.0
                ]
            ]
        },
        {
            "file_path": "/data/shapenet_blender/all_50_random/02958343/21999849a6a8aad752470de2774d6099/r_27",
            "rotation": 0.12566370614359174,
            "transform_matrix": [
                [
                    -0.9606589078903198,
                    0.00017955186194740236,
                    0.27773067355155945,
                    1.119568109512329
                ],
                [
                    0.27773070335388184,
                    0.0006210623541846871,
                    0.9606587290763855,
                    3.8725392818450928
                ],
                [
                    -1.4551914361005114e-11,
                    0.9999997615814209,
                    -0.0006464961916208267,
                    -0.002606109483167529
                ],
                [
                    0.0,
                    0.0,
                    0.0,
                    1.0
                ]
            ]
        },
        {
            "file_path": "/data/shapenet_blender/all_50_random/02958343/21999849a6a8aad752470de2774d6099/r_28",
            "rotation": 0.12566370614359174,
            "transform_matrix": [
                [
                    0.9287270903587341,
                    -0.05643000826239586,
                    0.36644476652145386,
                    1.4771862030029297
                ],
                [
                    0.37076428532600403,
                    0.14135146141052246,
                    -0.9179071187973022,
                    -3.700202226638794
                ],
                [
                    0.0,
                    0.9883497357368469,
                    0.1521991491317749,
                    0.6135344505310059
                ],
                [
                    0.0,
                    0.0,
                    0.0,
                    1.0
                ]
            ]
        },
        {
            "file_path": "/data/shapenet_blender/all_50_random/02958343/21999849a6a8aad752470de2774d6099/r_29",
            "rotation": 0.12566370614359174,
            "transform_matrix": [
                [
                    0.015215970575809479,
                    0.16488344967365265,
                    0.9861956238746643,
                    3.9754819869995117
                ],
                [
                    0.999884307384491,
                    -0.002509152051061392,
                    -0.01500766072422266,
                    -0.060497820377349854
                ],
                [
                    0.0,
                    0.986309826374054,
                    -0.16490253806114197,
                    -0.6647434234619141
                ],
                [
                    0.0,
                    0.0,
                    0.0,
                    1.0
                ]
            ]
        },
        {
            "file_path": "/data/shapenet_blender/all_50_random/02958343/21999849a6a8aad752470de2774d6099/r_30",
            "rotation": 0.12566370614359174,
            "transform_matrix": [
                [
                    -0.2464611828327179,
                    -0.5095375180244446,
                    0.8243957161903381,
                    3.3232457637786865
                ],
                [
                    0.9691527485847473,
                    -0.1295783668756485,
                    0.20964862406253815,
                    0.8451206684112549
                ],
                [
                    1.4901162970204496e-08,
                    0.8506355881690979,
                    0.5257556438446045,
                    2.119389057159424
                ],
                [
                    0.0,
                    0.0,
                    0.0,
                    1.0
                ]
            ]
        },
        {
            "file_path": "/data/shapenet_blender/all_50_random/02958343/21999849a6a8aad752470de2774d6099/r_31",
            "rotation": 0.12566370614359174,
            "transform_matrix": [
                [
                    0.14937907457351685,
                    -0.570959746837616,
                    -0.8072736263275146,
                    -3.2542243003845215
                ],
                [
                    -0.9887800216674805,
                    -0.08625724166631699,
                    -0.1219581589102745,
                    -0.49162909388542175
                ],
                [
                    0.0,
                    0.8164340257644653,
                    -0.5774385333061218,
                    -2.3277294635772705
                ],
                [
                    0.0,
                    0.0,
                    0.0,
                    1.0
                ]
            ]
        },
        {
            "file_path": "/data/shapenet_blender/all_50_random/02958343/21999849a6a8aad752470de2774d6099/r_32",
            "rotation": 0.12566370614359174,
            "transform_matrix": [
                [
                    0.6845031976699829,
                    -0.3429027497768402,
                    0.6433296203613281,
                    2.5933449268341064
                ],
                [
                    0.7290098667144775,
                    0.3219682574272156,
                    -0.604053795337677,
                    -2.435019016265869
                ],
                [
                    -1.4901161193847656e-08,
                    0.8824704885482788,
                    0.47036775946617126,
                    1.8961131572723389
                ],
                [
                    0.0,
                    0.0,
                    0.0,
                    1.0
                ]
            ]
        },
        {
            "file_path": "/data/shapenet_blender/all_50_random/02958343/21999849a6a8aad752470de2774d6099/r_33",
            "rotation": 0.12566370614359174,
            "transform_matrix": [
                [
                    0.8961117267608643,
                    0.3563220500946045,
                    -0.2646099328994751,
                    -1.0666767358779907
                ],
                [
                    -0.4438285827636719,
                    0.7194316983222961,
                    -0.5342603921890259,
                    -2.153672456741333
                ],
                [
                    1.4901161193847656e-08,
                    0.596198320388794,
                    0.8028371334075928,
                    3.236340045928955
                ],
                [
                    0.0,
                    0.0,
                    0.0,
                    1.0
                ]
            ]
        },
        {
            "file_path": "/data/shapenet_blender/all_50_random/02958343/21999849a6a8aad752470de2774d6099/r_34",
            "rotation": 0.12566370614359174,
            "transform_matrix": [
                [
                    -0.5568471550941467,
                    0.30051952600479126,
                    -0.7743443250656128,
                    -3.1214818954467773
                ],
                [
                    -0.8306149840354919,
                    -0.20146934688091278,
                    0.5191231369972229,
                    2.0926523208618164
                ],
                [
                    -1.4901162970204496e-08,
                    0.9322541952133179,
                    0.36180371046066284,
                    1.4584773778915405
                ],
                [
                    0.0,
                    0.0,
                    0.0,
                    1.0
                ]
            ]
        },
        {
            "file_path": "/data/shapenet_blender/all_50_random/02958343/21999849a6a8aad752470de2774d6099/r_35",
            "rotation": 0.12566370614359174,
            "transform_matrix": [
                [
                    -0.05645733326673508,
                    -0.5965563654899597,
                    -0.800583004951477,
                    -3.2272534370422363
                ],
                [
                    -0.9984049201011658,
                    0.0337337888777256,
                    0.04527099430561066,
                    0.1824932098388672
                ],
                [
                    -1.8626448161640496e-09,
                    0.8018620014190674,
                    -0.5975093245506287,
                    -2.408637046813965
                ],
                [
                    0.0,
                    0.0,
                    0.0,
                    1.0
                ]
            ]
        },
        {
            "file_path": "/data/shapenet_blender/all_50_random/02958343/21999849a6a8aad752470de2774d6099/r_36",
            "rotation": 0.12566370614359174,
            "transform_matrix": [
                [
                    0.9912408590316772,
                    0.03547732159495354,
                    0.1272127777338028,
                    0.5128110647201538
                ],
                [
                    0.13206714391708374,
                    -0.266277939081192,
                    -0.9548059701919556,
                    -3.8489456176757812
                ],
                [
                    0.0,
                    0.9632432460784912,
                    -0.2686309218406677,
                    -1.0828857421875
                ],
                [
                    0.0,
                    0.0,
                    0.0,
                    1.0
                ]
            ]
        },
        {
            "file_path": "/data/shapenet_blender/all_50_random/02958343/21999849a6a8aad752470de2774d6099/r_37",
            "rotation": 0.12566370614359174,
            "transform_matrix": [
                [
                    -0.9084736108779907,
                    0.25016701221466064,
                    0.3348017632961273,
                    1.3496291637420654
                ],
                [
                    0.4179423153400421,
                    0.5437834858894348,
                    0.7277525067329407,
                    2.933664321899414
                ],
                [
                    0.0,
                    0.80107182264328,
                    -0.5985682010650635,
                    -2.4129059314727783
                ],
                [
                    0.0,
                    0.0,
                    0.0,
                    1.0
                ]
            ]
        },
        {
            "file_path": "/data/shapenet_blender/all_50_random/02958343/21999849a6a8aad752470de2774d6099/r_38",
            "rotation": 0.12566370614359174,
            "transform_matrix": [
                [
                    -0.9973660707473755,
                    0.006349887233227491,
                    0.07225300371646881,
                    0.2912611663341522
                ],
                [
                    0.07253148406744003,
                    0.08731603622436523,
                    0.9935367107391357,
                    4.005074501037598
                ],
                [
                    0.0,
                    0.9961603283882141,
                    -0.08754663169384003,
                    -0.3529117703437805
                ],
                [
                    0.0,
                    0.0,
                    0.0,
                    1.0
                ]
            ]
        },
        {
            "file_path": "/data/shapenet_blender/all_50_random/02958343/21999849a6a8aad752470de2774d6099/r_39",
            "rotation": 0.12566370614359174,
            "transform_matrix": [
                [
                    0.951322615146637,
                    0.03368170186877251,
                    -0.30635082721710205,
                    -1.2349398136138916
                ],
                [
                    -0.30819687247276306,
                    0.10396655648946762,
                    -0.9456244111061096,
                    -3.811934232711792
                ],
                [
                    0.0,
                    0.9940102696418762,
                    0.10928633064031601,
                    0.44054731726646423
                ],
                [
                    0.0,
                    0.0,
                    0.0,
                    1.0
                ]
            ]
        },
        {
            "file_path": "/data/shapenet_blender/all_50_random/02958343/21999849a6a8aad752470de2774d6099/r_40",
            "rotation": 0.12566370614359174,
            "transform_matrix": [
                [
                    -0.6340594291687012,
                    -0.3298562169075012,
                    0.6994022727012634,
                    2.819380760192871
                ],
                [
                    0.7732844352722168,
                    -0.27046769857406616,
                    0.5734792947769165,
                    2.3117690086364746
                ],
                [
                    1.4901162970204496e-08,
                    0.9044567942619324,
                    0.4265652298927307,
                    1.7195394039154053
                ],
                [
                    0.0,
                    0.0,
                    0.0,
                    1.0
                ]
            ]
        },
        {
            "file_path": "/data/shapenet_blender/all_50_random/02958343/21999849a6a8aad752470de2774d6099/r_41",
            "rotation": 0.12566370614359174,
            "transform_matrix": [
                [
                    0.7659868597984314,
                    0.12268727272748947,
                    0.6310404539108276,
                    2.5438053607940674
                ],
                [
                    0.6428562998771667,
                    -0.14618636667728424,
                    -0.7519077658653259,
                    -3.0310370922088623
                ],
                [
                    0.0,
                    0.9816198348999023,
