{
    "class": "02958343",
    "model": "20a3df3de67f309d8e35db9103756ad5",
    "remove_doubles": true,
    "edge_split": true,
    "denoise": true,
    "camera_angle_x": 0.6911112070083618,
    "scale_factor": 2.346156642990512,
    "hdri_file": "/data/IndoorHDRDataset2018/9C4A2026-601b4934e1.exr",
    "center_offset": [
        0.0,
        1.862645149230957e-09,
        0.0
    ],
    "lights": [],
    "frames": [
        {
            "file_path": "/data/shapenet_blender/all_50_random/02958343/20a3df3de67f309d8e35db9103756ad5/r_0",
            "rotation": 0.12566370614359174,
            "transform_matrix": [
                [
                    -0.772097647190094,
                    0.414497971534729,
                    0.48172256350517273,
                    1.9418855905532837
                ],
                [
                    0.6355038285255432,
                    0.5035892128944397,
                    0.5852629542350769,
                    2.3592700958251953
                ],
                [
                    1.4901160305669237e-08,
                    0.7580165863037109,
                    -0.652235209941864,
                    -2.629243850708008
                ],
                [
                    0.0,
                    0.0,
                    0.0,
                    1.0
                ]
            ]
        },
        {
            "file_path": "/data/shapenet_blender/all_50_random/02958343/20a3df3de67f309d8e35db9103756ad5/r_1",
            "rotation": 0.12566370614359174,
            "transform_matrix": [
                [
                    -0.2459406852722168,
                    0.5508377552032471,
                    0.7975530624389648,
                    3.2150394916534424
                ],
                [
                    0.9692848920822144,
                    0.13976633548736572,
                    0.202366441488266,
                    0.8157652616500854
                ],
                [
                    7.450580596923828e-09,
                    0.8228263854980469,
                    -0.5682928562164307,
                    -2.2908620834350586
                ],
                [
                    0.0,
                    0.0,
                    0.0,
                    1.0
                ]
            ]
        },
        {
            "file_path": "/data/shapenet_blender/all_50_random/02958343/20a3df3de67f309d8e35db9103756ad5/r_2",
            "rotation": 0.12566370614359174,
            "transform_matrix": [
                [
                    -0.8193761110305786,
                    0.5319344997406006,
                    0.2137015014886856,
                    0.8614583015441895
                ],
                [
                    0.5732561945915222,
                    0.7603134512901306,
                    0.305451363325119,
                    1.2313138246536255
                ],
                [
                    -1.4901161193847656e-08,
                    0.3727852702140808,
                    -0.9279175996780396,
                    -3.74055552482605
                ],
                [
                    0.0,
                    0.0,
                    0.0,
                    1.0
                ]
            ]
        },
        {
            "file_path": "/data/shapenet_blender/all_50_random/02958343/20a3df3de67f309d8e35db9103756ad5/r_3",
            "rotation": 0.12566370614359174,
            "transform_matrix": [
                [
                    -0.7131944894790649,
                    -0.5574928522109985,
                    0.4249180853366852,
                    1.7128995656967163
                ],
                [
                    0.7009662389755249,
                    -0.5672182440757751,
                    0.4323306977748871,
                    1.7427808046340942
                ],
                [
                    1.4901161193847656e-08,
                    0.6061890721321106,
                    0.7953205704689026,
                    3.2060396671295166
                ],
                [
                    0.0,
                    0.0,
                    0.0,
                    1.0
                ]
            ]
        },
        {
            "file_path": "/data/shapenet_blender/all_50_random/02958343/20a3df3de67f309d8e35db9103756ad5/r_4",
            "rotation": 0.12566370614359174,
            "transform_matrix": [
                [
                    -0.9650110602378845,
                    -0.009946570731699467,
                    0.2620205879211426,
                    1.0562388896942139
                ],
                [
                    0.26220932602882385,
                    -0.03660644218325615,
                    0.9643164277076721,
                    3.88728404045105
                ],
                [
                    9.313225746154785e-10,
                    0.9992802739143372,
                    0.037933699786663055,
                    0.15291565656661987
                ],
                [
                    0.0,
                    0.0,
                    0.0,
                    1.0
                ]
            ]
        },
        {
            "file_path": "/data/shapenet_blender/all_50_random/02958343/20a3df3de67f309d8e35db9103756ad5/r_5",
            "rotation": 0.12566370614359174,
            "transform_matrix": [
                [
                    -0.33536025881767273,
                    0.05842064321041107,
                    0.9402768015861511,
                    3.790377140045166
                ],
                [
                    0.9420899152755737,
                    0.0207962766289711,
                    0.3347148597240448,
                    1.3492788076400757
                ],
                [
                    0.0,
                    0.9980754852294922,
                    -0.06201174110174179,
                    -0.24997732043266296
                ],
                [
                    0.0,
                    0.0,
                    0.0,
                    1.0
                ]
            ]
        },
        {
            "file_path": "/data/shapenet_blender/all_50_random/02958343/20a3df3de67f309d8e35db9103756ad5/r_6",
            "rotation": 0.12566370614359174,
            "transform_matrix": [
                [
                    0.9286783933639526,
                    0.3618757724761963,
                    -0.0812559425830841,
                    -0.3275531828403473
                ],
                [
                    -0.37088626623153687,
                    0.9061166048049927,
                    -0.20346030592918396,
                    -0.8201747536659241
                ],
                [
                    7.450581485102248e-09,
                    0.21908579766750336,
                    0.9757055640220642,
                    3.933194875717163
                ],
                [
                    0.0,
                    0.0,
                    0.0,
                    1.0
                ]
            ]
        },
        {
            "file_path": "/data/shapenet_blender/all_50_random/02958343/20a3df3de67f309d8e35db9103756ad5/r_7",
            "rotation": 0.12566370614359174,
            "transform_matrix": [
                [
                    -0.5632085800170898,
                    0.0888155996799469,
                    -0.8215277791023254,
                    -3.3116843700408936
                ],
                [
                    -0.8263148069381714,
                    -0.06053589656949043,
                    0.559945821762085,
                    2.257213830947876
                ],
                [
                    3.725290298461914e-09,
                    0.9942068457603455,
                    0.10748397558927536,
                    0.4332817792892456
                ],
                [
                    0.0,
                    0.0,
                    0.0,
                    1.0
                ]
            ]
        },
        {
            "file_path": "/data/shapenet_blender/all_50_random/02958343/20a3df3de67f309d8e35db9103756ad5/r_8",
            "rotation": 0.12566370614359174,
            "transform_matrix": [
                [
                    -0.5931535363197327,
                    -0.22801277041435242,
                    -0.772126317024231,
                    -3.1125407218933105
                ],
                [
                    -0.8050893545150757,
                    0.16798953711986542,
                    0.5688678622245789,
                    2.293179750442505
                ],
                [
                    1.4901161193847656e-08,
                    0.959056556224823,
                    -0.283214271068573,
                    -1.14167320728302
                ],
                [
                    0.0,
                    0.0,
                    0.0,
                    1.0
                ]
            ]
        },
        {
            "file_path": "/data/shapenet_blender/all_50_random/02958343/20a3df3de67f309d8e35db9103756ad5/r_9",
            "rotation": 0.12566370614359174,
            "transform_matrix": [
                [
                    -0.3816603720188141,
                    -0.1085435077548027,
                    0.917907178401947,
                    3.700202226638794
                ],
                [
                    0.9243025779724121,
                    -0.04481947794556618,
                    0.3790196180343628,
                    1.5278769731521606
                ],
                [
                    0.0,
                    0.9930808544158936,
                    0.11743286997079849,
                    0.4733870327472687
                ],
                [
                    0.0,
                    0.0,
                    0.0,
                    1.0
                ]
            ]
        },
        {
            "file_path": "/data/shapenet_blender/all_50_random/02958343/20a3df3de67f309d8e35db9103756ad5/r_10",
            "rotation": 0.12566370614359174,
            "transform_matrix": [
                [
                    -0.9693317413330078,
                    0.21219058334827423,
                    -0.12397987395524979,
                    -0.4997788667678833
                ],
                [
                    -0.24575568735599518,
                    -0.8369411826133728,
                    0.48901256918907166,
                    1.9712727069854736
                ],
                [
                    0.0,
                    0.5044841170310974,
                    0.8634209036827087,
                    3.4805610179901123
                ],
                [
                    0.0,
                    0.0,
                    0.0,
                    1.0
                ]
            ]
        },
        {
            "file_path": "/data/shapenet_blender/all_50_random/02958343/20a3df3de67f309d8e35db9103756ad5/r_11",
            "rotation": 0.12566370614359174,
            "transform_matrix": [
                [
                    -0.993395209312439,
                    0.08878824859857559,
                    -0.07268217951059341,
                    -0.2929912507534027
                ],
                [
                    -0.1147434189915657,
                    -0.76868736743927,
                    0.6292484998703003,
                    2.5365817546844482
                ],
                [
                    0.0,
                    0.6334322690963745,
                    0.7737981677055359,
                    3.1192800998687744
                ],
                [
                    0.0,
                    0.0,
                    0.0,
                    1.0
                ]
            ]
        },
        {
            "file_path": "/data/shapenet_blender/all_50_random/02958343/20a3df3de67f309d8e35db9103756ad5/r_12",
            "rotation": 0.12566370614359174,
            "transform_matrix": [
                [
                    0.9377598166465759,
                    -0.008326469920575619,
                    0.34718477725982666,
                    1.39954674243927
                ],
                [
                    0.3472846746444702,
                    0.02248365618288517,
                    -0.9374901056289673,
                    -3.779143810272217
                ],
                [
                    -4.656613428188905e-10,
                    0.9997125267982483,
                    0.023975919932127,
                    0.09665003418922424
                ],
                [
                    0.0,
                    0.0,
                    0.0,
                    1.0
                ]
            ]
        },
        {
            "file_path": "/data/shapenet_blender/all_50_random/02958343/20a3df3de67f309d8e35db9103756ad5/r_13",
            "rotation": 0.12566370614359174,
            "transform_matrix": [
                [
                    0.9342738389968872,
                    -0.06114348769187927,
                    0.35127466917037964,
                    1.4160335063934326
                ],
                [
                    0.35655632615089417,
                    0.160212442278862,
                    -0.9204344153404236,
                    -3.7103898525238037
                ],
                [
                    -3.725290298461914e-09,
                    0.9851869940757751,
                    0.1714833825826645,
                    0.6912716031074524
                ],
                [
                    0.0,
                    0.0,
                    0.0,
                    1.0
                ]
            ]
        },
        {
            "file_path": "/data/shapenet_blender/all_50_random/02958343/20a3df3de67f309d8e35db9103756ad5/r_14",
            "rotation": 0.12566370614359174,
            "transform_matrix": [
                [
                    0.37062203884124756,
                    0.04562513530254364,
                    0.9276624321937561,
                    3.7395269870758057
                ],
                [
                    0.9287837743759155,
                    -0.018206262961030006,
                    -0.3701745867729187,
                    -1.492221474647522
                ],
                [
                    1.862645371275562e-09,
                    0.9987925887107849,
                    -0.04912353307008743,
                    -0.19802328944206238
                ],
                [
                    0.0,
                    0.0,
                    0.0,
                    1.0
                ]
            ]
        },
        {
            "file_path": "/data/shapenet_blender/all_50_random/02958343/20a3df3de67f309d8e35db9103756ad5/r_15",
            "rotation": 0.12566370614359174,
            "transform_matrix": [
                [
                    0.3698071837425232,
                    0.0561639741063118,
                    0.9274094700813293,
                    3.73850679397583
                ],
                [
                    0.9291085004806519,
                    -0.022354591637849808,
                    -0.3691309094429016,
                    -1.4880141019821167
                ],
                [
                    1.8626449271863521e-09,
                    0.9981712698936462,
                    -0.060449324548244476,
                    -0.2436789870262146
                ],
                [
                    0.0,
                    0.0,
                    0.0,
                    1.0
                ]
            ]
        },
        {
            "file_path": "/data/shapenet_blender/all_50_random/02958343/20a3df3de67f309d8e35db9103756ad5/r_16",
            "rotation": 0.12566370614359174,
            "transform_matrix": [
                [
                    0.9116766452789307,
                    0.0044241249561309814,
                    0.4108843505382538,
                    1.6563278436660767
                ],
                [
                    0.4109081029891968,
                    -0.00981574971228838,
                    -0.9116238951683044,
                    -3.6748733520507812
                ],
                [
                    0.0,
                    0.9999420642852783,
                    -0.01076669991016388,
                    -0.04340195655822754
                ],
                [
                    0.0,
                    0.0,
                    0.0,
                    1.0
                ]
            ]
        },
        {
            "file_path": "/data/shapenet_blender/all_50_random/02958343/20a3df3de67f309d8e35db9103756ad5/r_17",
            "rotation": 0.12566370614359174,
            "transform_matrix": [
                [
                    0.9117710590362549,
                    -0.27820125222206116,
                    0.3021218776702881,
                    1.2178922891616821
                ],
                [
                    0.41069889068603516,
                    0.617620050907135,
                    -0.6707249283790588,
                    -2.7037787437438965
                ],
                [
                    -1.4901161193847656e-08,
                    0.735628604888916,
                    0.6773850321769714,
                    2.730626344680786
                ],
                [
                    0.0,
                    0.0,
                    0.0,
                    1.0
                ]
            ]
        },
        {
            "file_path": "/data/shapenet_blender/all_50_random/02958343/20a3df3de67f309d8e35db9103756ad5/r_18",
            "rotation": 0.12566370614359174,
            "transform_matrix": [
                [
                    -0.9047999382019043,
                    -0.29600220918655396,
                    0.3061371147632599,
                    1.2340781688690186
                ],
                [
                    0.4258371591567993,
                    -0.6289324164390564,
                    0.6504665613174438,
                    2.622114658355713
                ],
                [
                    1.4901162970204496e-08,
                    0.7189066410064697,
                    0.6951066255569458,
                    2.8020644187927246
                ],
                [
                    0.0,
                    0.0,
                    0.0,
                    1.0
                ]
            ]
        },
        {
            "file_path": "/data/shapenet_blender/all_50_random/02958343/20a3df3de67f309d8e35db9103756ad5/r_19",
            "rotation": 0.12566370614359174,
            "transform_matrix": [
                [
                    -0.966209888458252,
                    -0.033220648765563965,
                    -0.25560685992240906,
                    -1.0303841829299927
                ],
                [
                    -0.25775662064552307,
                    0.12452878057956696,
                    0.9581514000892639,
                    3.862431764602661
                ],
                [
                    0.0,
                    0.9916597008705139,
                    -0.12888377904891968,
                    -0.5195471048355103
                ],
                [
                    0.0,
                    0.0,
                    0.0,
                    1.0
                ]
            ]
        },
        {
            "file_path": "/data/shapenet_blender/all_50_random/02958343/20a3df3de67f309d8e35db9103756ad5/r_20",
            "rotation": 0.12566370614359174,
            "transform_matrix": [
                [
                    -0.9883360266685486,
                    0.012471664696931839,
                    0.15177714824676514,
                    0.6118333339691162
                ],
                [
                    0.15228870511054993,
                    0.08093965798616409,
                    0.9850161671638489,
                    3.9707274436950684
                ],
                [
                    0.0,
                    0.9966409206390381,
                    -0.0818948745727539,
                    -0.33012881875038147
                ],
                [
                    0.0,
                    0.0,
                    0.0,
                    1.0
                ]
            ]
        },
        {
            "file_path": "/data/shapenet_blender/all_50_random/02958343/20a3df3de67f309d8e35db9103756ad5/r_21",
            "rotation": 0.12566370614359174,
            "transform_matrix": [
                [
                    0.336639940738678,
                    0.4746659994125366,
                    -0.8132439851760864,
                    -3.2782909870147705
                ],
                [
                    -0.9416335225105286,
                    0.16969610750675201,
                    -0.29073989391326904,
                    -1.172009825706482
                ],
                [
                    -1.4901161193847656e-08,
                    0.8636523485183716,
                    0.5040879845619202,
                    2.03204345703125
                ],
                [
                    0.0,
                    0.0,
                    0.0,
                    1.0
                ]
            ]
        },
        {
            "file_path": "/data/shapenet_blender/all_50_random/02958343/20a3df3de67f309d8e35db9103756ad5/r_22",
            "rotation": 0.12566370614359174,
            "transform_matrix": [
                [
                    -0.45264706015586853,
                    -0.22966323792934418,
                    -0.8616062998771667,
                    -3.4732460975646973
                ],
                [
                    -0.8916897177696228,
                    0.11658358573913574,
                    0.43737584352493286,
                    1.7631183862686157
                ],
                [
                    0.0,
                    0.9662623405456543,
                    -0.257559597492218,
                    -1.0382559299468994
                ],
                [
                    0.0,
                    0.0,
                    0.0,
                    1.0
                ]
            ]
        },
        {
            "file_path": "/data/shapenet_blender/all_50_random/02958343/20a3df3de67f309d8e35db9103756ad5/r_23",
            "rotation": 0.12566370614359174,
            "transform_matrix": [
                [
                    0.9786602258682251,
                    -0.03173673152923584,
                    0.20301954448223114,
                    0.8183979988098145
                ],
                [
                    0.20548519492149353,
                    0.1511518955230713,
                    -0.9669171571731567,
                    -3.897768020629883
                ],
                [
                    0.0,
                    0.9880009889602661,
                    0.1544477641582489,
                    0.6225988864898682
                ],
                [
                    0.0,
                    0.0,
                    0.0,
                    1.0
                ]
            ]
        },
        {
            "file_path": "/data/shapenet_blender/all_50_random/02958343/20a3df3de67f309d8e35db9103756ad5/r_24",
            "rotation": 0.12566370614359174,
            "transform_matrix": [
                [
                    -0.5827041864395142,
                    -0.002574085956439376,
                    -0.8126803040504456,
                    -3.2760190963745117
                ],
                [
                    -0.8126844167709351,
                    0.0018456497928127646,
                    0.5827012658119202,
                    2.3489439487457275
                ],
                [
                    0.0,
                    0.9999949336051941,
                    -0.003167388029396534,
                    -0.012768149375915527
                ],
                [
                    0.0,
                    0.0,
                    0.0,
                    1.0
                ]
            ]
        },
        {
            "file_path": "/data/shapenet_blender/all_50_random/02958343/20a3df3de67f309d8e35db9103756ad5/r_25",
            "rotation": 0.12566370614359174,
            "transform_matrix": [
                [
                    0.9459570646286011,
                    0.042566608637571335,
                    -0.32148614525794983,
                    -1.2959520816802979
                ],
                [
                    -0.3242919445037842,
                    0.12416645139455795,
                    -0.9377725720405579,
                    -3.7802822589874268
                ],
                [
                    -3.725290298461914e-09,
                    0.9913478493690491,
                    0.13126014173030853,
                    0.5291265845298767
                ],
                [
                    0.0,
                    0.0,
                    0.0,
                    1.0
                ]
            ]
        },
        {
            "file_path": "/data/shapenet_blender/all_50_random/02958343/20a3df3de67f309d8e35db9103756ad5/r_26",
            "rotation": 0.12566370614359174,
            "transform_matrix": [
                [
                    0.99146968126297,
                    0.048969440162181854,
                    -0.12078844010829926,
                    -0.486913800239563
                ],
                [
                    -0.13033746182918549,
                    0.3725077509880066,
                    -0.9188307523727417,
                    -3.703925371170044
                ],
                [
                    3.725290298461914e-09,
                    0.9267361164093018,
                    0.37571269273757935,
                    1.5145463943481445
                ],
                [
                    0.0,
                    0.0,
                    0.0,
                    1.0
                ]
            ]
        },
        {
            "file_path": "/data/shapenet_blender/all_50_random/02958343/20a3df3de67f309d8e35db9103756ad5/r_27",
            "rotation": 0.12566370614359174,
            "transform_matrix": [
                [
                    0.4769882261753082,
                    -0.19350023567676544,
                    0.8573446273803711,
                    3.4560670852661133
                ],
                [
                    0.878909707069397,
                    0.10501343011856079,
                    -0.4652847349643707,
                    -1.8756228685379028
                ],
                [
                    7.450580596923828e-09,
                    0.9754639863967896,
                    0.2201593667268753,
                    0.8874908685684204
                ],
                [
                    0.0,
                    0.0,
                    0.0,
                    1.0
                ]
            ]
        },
        {
            "file_path": "/data/shapenet_blender/all_50_random/02958343/20a3df3de67f309d8e35db9103756ad5/r_28",
            "rotation": 0.12566370614359174,
            "transform_matrix": [
                [
                    0.4040057063102722,
                    -0.7829330563545227,
                    -0.4730699360370636,
                    -1.9070059061050415
                ],
                [
                    -0.9147565364837646,
                    -0.34578534960746765,
                    -0.20893312990665436,
                    -0.8422363996505737
                ],
                [
                    0.0,
                    0.5171539783477783,
                    -0.8558923602104187,
                    -3.4502124786376953
                ],
                [
                    0.0,
                    0.0,
                    0.0,
                    1.0
                ]
            ]
        },
        {
            "file_path": "/data/shapenet_blender/all_50_random/02958343/20a3df3de67f309d8e35db9103756ad5/r_29",
            "rotation": 0.12566370614359174,
            "transform_matrix": [
                [
                    0.9530451893806458,
                    -0.07082200050354004,
                    -0.29443028569221497,
                    -1.1868865489959717
                ],
                [
                    -0.302828311920166,
                    -0.22288723289966583,
                    -0.9266154170036316,
                    -3.73530650138855
                ],
                [
                    0.0,
                    0.9722682237625122,
                    -0.23386847972869873,
                    -0.9427540302276611
                ],
                [
                    0.0,
                    0.0,
                    0.0,
                    1.0
                ]
            ]
        },
        {
            "file_path": "/data/shapenet_blender/all_50_random/02958343/20a3df3de67f309d8e35db9103756ad5/r_30",
            "rotation": 0.12566370614359174,
            "transform_matrix": [
                [
                    -0.9293562173843384,
                    -0.08714336156845093,
                    0.3587521016597748,
                    1.4461760520935059
                ],
                [
                    0.36918431520462036,
                    -0.21936798095703125,
                    0.9030949473381042,
                    3.6404924392700195
                ],
                [
                    0.0,
                    0.9717426300048828,
                    0.23604294657707214,
                    0.9515196084976196
                ],
                [
                    0.0,
                    0.0,
                    0.0,
                    1.0
                ]
            ]
        },
        {
            "file_path": "/data/shapenet_blender/all_50_random/02958343/20a3df3de67f309d8e35db9103756ad5/r_31",
            "rotation": 0.12566370614359174,
            "transform_matrix": [
                [
                    0.6828753352165222,
                    -0.16694855690002441,
                    0.7112027406692505,
                    2.866950273513794
                ],
                [
                    0.7305349111557007,
                    0.1560569554567337,
                    -0.6648043990135193,
                    -2.679912567138672
                ],
                [
                    0.0,
                    0.9735369682312012,
                    0.2285292148590088,
                    0.9212307929992676
                ],
                [
                    0.0,
                    0.0,
                    0.0,
                    1.0
                ]
            ]
        },
        {
            "file_path": "/data/shapenet_blender/all_50_random/02958343/20a3df3de67f309d8e35db9103756ad5/r_32",
            "rotation": 0.12566370614359174,
            "transform_matrix": [
                [
                    0.8920464515686035,
                    0.07232950627803802,
                    0.44611820578575134,
                    1.798359990119934
                ],
                [
                    0.451943576335907,
                    -0.14276401698589325,
                    -0.880548357963562,
                    -3.5496039390563965
                ],
                [
                    0.0,
                    0.9871103763580322,
                    -0.16004100441932678,
                    -0.6451459527015686
                ],
                [
                    0.0,
                    0.0,
                    0.0,
                    1.0
                ]
            ]
        },
        {
            "file_path": "/data/shapenet_blender/all_50_random/02958343/20a3df3de67f309d8e35db9103756ad5/r_33",
            "rotation": 0.12566370614359174,
            "transform_matrix": [
                [
                    0.6513709425926208,
                    -0.21194683015346527,
                    -0.7285564541816711,
                    -2.9369049072265625
                ],
                [
                    -0.7587595582008362,
                    -0.18194961547851562,
                    -0.6254425644874573,
                    -2.5212395191192627
                ],
                [
                    0.0,
                    0.9601941704750061,
                    -0.27933335304260254,
                    -1.1260287761688232
                ],
                [
                    0.0,
                    0.0,
                    0.0,
                    1.0
                ]
            ]
        },
        {
            "file_path": "/data/shapenet_blender/all_50_random/02958343/20a3df3de67f309d8e35db9103756ad5/r_34",
            "rotation": 0.12566370614359174,
            "transform_matrix": [
                [
                    0.6181219816207886,
                    0.08855792135000229,
                    0.7810779213905334,
                    3.1486258506774902
                ],
                [
                    0.7860822081565857,
                    -0.06963596493005753,
                    -0.6141869425773621,
                    -2.4758667945861816
                ],
                [
                    -3.725290298461914e-09,
                    0.9936339259147644,
                    -0.1126573234796524,
                    -0.4541361927986145
                ],
                [
                    0.0,
                    0.0,
                    0.0,
                    1.0
                ]
            ]
        },
        {
            "file_path": "/data/shapenet_blender/all_50_random/02958343/20a3df3de67f309d8e35db9103756ad5/r_35",
            "rotation": 0.12566370614359174,
            "transform_matrix": [
                [
                    0.7570987343788147,
                    -0.36122381687164307,
                    0.5443517565727234,
                    2.194352149963379
                ],
                [
                    0.6533004641532898,
                    0.4186161160469055,
                    -0.6308399438858032,
                    -2.542997121810913
                ],
                [
                    0.0,
                    0.8332334160804749,
                    0.5529214143753052,
                    2.2288975715637207
                ],
                [
                    0.0,
                    0.0,
                    0.0,
                    1.0
                ]
            ]
        },
        {
            "file_path": "/data/shapenet_blender/all_50_random/02958343/20a3df3de67f309d8e35db9103756ad5/r_36",
            "rotation": 0.12566370614359174,
            "transform_matrix": [
                [
                    0.2355373203754425,
                    -0.5693196654319763,
                    -0.7876529693603516,
                    -3.175130605697632
                ],
                [
                    -0.9718652963638306,
                    -0.13797800242900848,
                    -0.19089238345623016,
                    -0.7695118188858032
                ],
                [
                    7.450580596923828e-09,
                    0.810454785823822,
                    -0.5858010649681091,
                    -2.3614397048950195
                ],
                [
                    0.0,
                    0.0,
                    0.0,
                    1.0
                ]
            ]
        },
        {
            "file_path": "/data/shapenet_blender/all_50_random/02958343/20a3df3de67f309d8e35db9103756ad5/r_37",
            "rotation": 0.12566370614359174,
            "transform_matrix": [
                [
                    -0.7980028986930847,
                    0.5089429020881653,
                    -0.32275131344795227,
                    -1.3010520935058594
                ],
                [
                    -0.6026535630226135,
                    -0.6739160418510437,
                    0.42737069725990295,
                    1.7227863073349
                ],
                [
                    -1.4901159417490817e-08,
                    0.5355502963066101,
                    0.8445033431053162,
                    3.404301643371582
                ],
                [
                    0.0,
                    0.0,
                    0.0,
                    1.0
                ]
            ]
        },
        {
            "file_path": "/data/shapenet_blender/all_50_random/02958343/20a3df3de67f309d8e35db9103756ad5/r_38",
            "rotation": 0.12566370614359174,
            "transform_matrix": [
                [
                    0.9452575445175171,
                    0.053411297500133514,
                    0.3219244182109833,
                    1.2977190017700195
                ],
                [
                    0.3263251483440399,
                    -0.15471510589122772,
                    -0.9325100779533386,
                    -3.759068489074707
                ],
                [
                    0.0,
                    0.9865143299102783,
                    -0.16367505490779877,
                    -0.6597952842712402
                ],
                [
                    0.0,
                    0.0,
                    0.0,
                    1.0
                ]
            ]
        },
        {
            "file_path": "/data/shapenet_blender/all_50_random/02958343/20a3df3de67f309d8e35db9103756ad5/r_39",
            "rotation": 0.12566370614359174,
            "transform_matrix": [
                [
                    0.9918614625930786,
                    -0.07790090888738632,
                    0.10070905089378357,
                    0.4059711694717407
                ],
                [
                    0.12732189893722534,
                    0.6068626642227173,
                    -0.7845423817634583,
                    -3.1625914573669434
                ],
                [
                    0.0,
                    0.79097980260849,
                    0.6118422150611877,
                    2.4664149284362793
                ],
                [
                    0.0,
                    0.0,
                    0.0,
                    1.0
                ]
            ]
        },
        {
            "file_path": "/data/shapenet_blender/all_50_random/02958343/20a3df3de67f309d8e35db9103756ad5/r_40",
            "rotation": 0.12566370614359174,
            "transform_matrix": [
                [
                    -0.9999474287033081,
                    0.003731979290023446,
                    0.009554823860526085,
                    0.038516730070114136
                ],
                [
                    0.010257795453071594,
                    0.36379972100257874,
                    0.931420624256134,
                    3.7546768188476562
                ],
                [
                    2.3283067140944524e-10,
                    0.9314696788787842,
                    -0.36381885409355164,
                    -1.466600775718689
                ],
                [
                    0.0,
                    0.0,
                    0.0,
                    1.0
                ]
            ]
        },
        {
            "file_path": "/data/shapenet_blender/all_50_random/02958343/20a3df3de67f309d8e35db9103756ad5/r_41",
            "rotation": 0.12566370614359174,
            "transform_matrix": [
                [
                    0.9999181628227234,
                    0.0075205364264547825,
                    -0.01035226695239544,
                    -0.0417313277721405
                ],
                [
                    -0.01279562246054411,
                    0.5876948833465576,
                    -0.8089814186096191,
                    -3.261108636856079
                ],
                [
