{
    "class": "02958343",
    "model": "d13d0612c64c1c872457c273ba02ebf",
    "remove_doubles": true,
    "edge_split": true,
    "denoise": true,
    "camera_angle_x": 0.6911112070083618,
    "scale_factor": 2.197722530132003,
    "hdri_file": "/data/IndoorHDRDataset2018/9C4A6856-fcd5e78433.exr",
    "center_offset": [
        0.0,
        0.0,
        -1.862645149230957e-09
    ],
    "lights": [],
    "frames": [
        {
            "file_path": "/data/shapenet_blender/all_50_random/02958343/d13d0612c64c1c872457c273ba02ebf/r_0",
            "rotation": 0.12566370614359174,
            "transform_matrix": [
                [
                    0.9485994577407837,
                    0.04410088062286377,
                    -0.3133915960788727,
                    -1.263321876525879
                ],
                [
                    -0.316479355096817,
                    0.13218575716018677,
                    -0.9393442869186401,
                    -3.7866179943084717
                ],
                [
                    -3.725290742551124e-09,
                    0.9902433753013611,
                    0.1393483579158783,
                    0.561731219291687
                ],
                [
                    0.0,
                    0.0,
                    0.0,
                    1.0
                ]
            ]
        },
        {
            "file_path": "/data/shapenet_blender/all_50_random/02958343/d13d0612c64c1c872457c273ba02ebf/r_1",
            "rotation": 0.12566370614359174,
            "transform_matrix": [
                [
                    0.8168455958366394,
                    -0.20300504565238953,
                    -0.5399557948112488,
                    -2.176631450653076
                ],
                [
                    -0.5768564343452454,
                    -0.2874610722064972,
                    -0.7645931839942932,
                    -3.0821738243103027
                ],
                [
                    0.0,
                    0.9360315799713135,
                    -0.35191601514816284,
                    -1.4186187982559204
                ],
                [
                    0.0,
                    0.0,
                    0.0,
                    1.0
                ]
            ]
        },
        {
            "file_path": "/data/shapenet_blender/all_50_random/02958343/d13d0612c64c1c872457c273ba02ebf/r_2",
            "rotation": 0.12566370614359174,
            "transform_matrix": [
                [
                    0.21191248297691345,
                    -0.4252268671989441,
                    0.8799291253089905,
                    3.547107696533203
                ],
                [
                    0.9772886037826538,
                    0.0922049880027771,
                    -0.19080133736133575,
                    -0.7691447734832764
                ],
                [
                    0.0,
                    0.9003778696060181,
                    0.4351087808609009,
                    1.7539795637130737
                ],
                [
                    0.0,
                    0.0,
                    0.0,
                    1.0
                ]
            ]
        },
        {
            "file_path": "/data/shapenet_blender/all_50_random/02958343/d13d0612c64c1c872457c273ba02ebf/r_3",
            "rotation": 0.12566370614359174,
            "transform_matrix": [
                [
                    0.9357081055641174,
                    -0.02484590746462345,
                    -0.3518994152545929,
                    -1.4185519218444824
                ],
                [
                    -0.3527754843235016,
                    -0.0659017339348793,
                    -0.933384358882904,
                    -3.7625927925109863
                ],
                [
                    0.0,
                    0.9975167512893677,
                    -0.07042980194091797,
                    -0.2839116156101227
                ],
                [
                    0.0,
                    0.0,
                    0.0,
                    1.0
                ]
            ]
        },
        {
            "file_path": "/data/shapenet_blender/all_50_random/02958343/d13d0612c64c1c872457c273ba02ebf/r_4",
            "rotation": 0.12566370614359174,
            "transform_matrix": [
                [
                    0.8780638575553894,
                    -0.39511048793792725,
                    0.2699843645095825,
                    1.0883419513702393
                ],
                [
                    0.47854354977607727,
                    0.7249752283096313,
                    -0.49538546800613403,
                    -1.9969627857208252
                ],
                [
                    1.4901162970204496e-08,
                    0.5641793012619019,
                    0.8256521224975586,
                    3.328310489654541
                ],
                [
                    0.0,
                    0.0,
                    0.0,
                    1.0
                ]
            ]
        },
        {
            "file_path": "/data/shapenet_blender/all_50_random/02958343/d13d0612c64c1c872457c273ba02ebf/r_5",
            "rotation": 0.12566370614359174,
            "transform_matrix": [
                [
                    -0.9775164127349854,
                    -0.07330355793237686,
                    -0.19770774245262146,
                    -0.796985387802124
                ],
                [
                    -0.21085959672927856,
                    0.3398253321647644,
                    0.9165462255477905,
                    3.694715976715088
                ],
                [
                    -7.450581485102248e-09,
                    0.937627375125885,
                    -0.34764161705970764,
                    -1.401388168334961
                ],
                [
                    0.0,
                    0.0,
                    0.0,
                    1.0
                ]
            ]
        },
        {
            "file_path": "/data/shapenet_blender/all_50_random/02958343/d13d0612c64c1c872457c273ba02ebf/r_6",
            "rotation": 0.12566370614359174,
            "transform_matrix": [
                [
                    0.9788345694541931,
                    -0.02798394113779068,
                    0.20273077487945557,
                    0.8172339200973511
                ],
                [
                    0.20465302467346191,
                    0.13384433090686798,
                    -0.9696406126022339,
                    -3.9087462425231934
                ],
                [
                    1.8626449271863521e-09,
                    0.9906072616577148,
                    0.13673846423625946,
                    0.5512104034423828
                ],
                [
                    0.0,
                    0.0,
                    0.0,
                    1.0
                ]
            ]
        },
        {
            "file_path": "/data/shapenet_blender/all_50_random/02958343/d13d0612c64c1c872457c273ba02ebf/r_7",
            "rotation": 0.12566370614359174,
            "transform_matrix": [
                [
                    0.9477402567863464,
                    0.021346189081668854,
                    -0.31832799315452576,
                    -1.2832213640213013
                ],
                [
                    -0.3190429210662842,
                    0.06341041624546051,
                    -0.9456165432929993,
                    -3.8119025230407715
                ],
                [
                    1.862645149230957e-09,
                    0.9977591633796692,
                    0.06690694391727448,
                    0.2697105407714844
                ],
                [
                    0.0,
                    0.0,
                    0.0,
                    1.0
                ]
            ]
        },
        {
            "file_path": "/data/shapenet_blender/all_50_random/02958343/d13d0612c64c1c872457c273ba02ebf/r_8",
            "rotation": 0.12566370614359174,
            "transform_matrix": [
                [
                    -0.3635721206665039,
                    -0.004583301953971386,
                    0.9315547347068787,
                    3.7552173137664795
                ],
                [
                    0.931566059589386,
                    -0.0017887735739350319,
                    0.3635677099227905,
                    1.4655883312225342
                ],
                [
                    -1.1641532182693481e-10,
                    0.9999879598617554,
                    0.00491999601945281,
                    0.019833138212561607
                ],
                [
                    0.0,
                    0.0,
                    0.0,
                    1.0
                ]
            ]
        },
        {
            "file_path": "/data/shapenet_blender/all_50_random/02958343/d13d0612c64c1c872457c273ba02ebf/r_9",
            "rotation": 0.12566370614359174,
            "transform_matrix": [
                [
                    0.2983926832675934,
                    -0.3390100300312042,
                    0.8922073841094971,
                    3.5966029167175293
                ],
                [
                    0.9544432759284973,
                    0.10598651319742203,
                    -0.2789355516433716,
                    -1.1244251728057861
                ],
                [
                    0.0,
                    0.9347935318946838,
                    0.3551914393901825,
                    1.4318225383758545
                ],
                [
                    0.0,
                    0.0,
                    0.0,
                    1.0
                ]
            ]
        },
        {
            "file_path": "/data/shapenet_blender/all_50_random/02958343/d13d0612c64c1c872457c273ba02ebf/r_10",
            "rotation": 0.12566370614359174,
            "transform_matrix": [
                [
                    0.7877410650253296,
                    0.22905968129634857,
                    -0.5718353390693665,
                    -2.3051419258117676
                ],
                [
                    -0.6160064935684204,
                    0.29291850328445435,
                    -0.7312555909156799,
                    -2.9477856159210205
                ],
                [
                    -1.4901161193847656e-08,
                    0.9282943606376648,
                    0.37184616923332214,
                    1.4989598989486694
                ],
                [
                    0.0,
                    0.0,
                    0.0,
                    1.0
                ]
            ]
        },
        {
            "file_path": "/data/shapenet_blender/all_50_random/02958343/d13d0612c64c1c872457c273ba02ebf/r_11",
            "rotation": 0.12566370614359174,
            "transform_matrix": [
                [
                    0.2772391438484192,
                    0.8357299566268921,
                    -0.474018931388855,
                    -1.9108314514160156
                ],
                [
                    -0.9608009457588196,
                    0.24114990234375,
                    -0.13677817583084106,
                    -0.5513704419136047
                ],
                [
                    0.0,
                    0.49335816502571106,
                    0.8698262572288513,
                    3.5063817501068115
                ],
                [
                    0.0,
                    0.0,
                    0.0,
                    1.0
                ]
            ]
        },
        {
            "file_path": "/data/shapenet_blender/all_50_random/02958343/d13d0612c64c1c872457c273ba02ebf/r_12",
            "rotation": 0.12566370614359174,
            "transform_matrix": [
                [
                    -0.9968044757843018,
                    -0.06351742893457413,
                    0.048441484570503235,
                    0.19527387619018555
                ],
                [
                    0.07988143712282181,
                    -0.792605459690094,
                    0.6044794917106628,
                    2.436734676361084
                ],
                [
                    0.0,
                    0.6064172387123108,
                    0.7951464653015137,
                    3.2053380012512207
                ],
                [
                    0.0,
                    0.0,
                    0.0,
                    1.0
                ]
            ]
        },
        {
            "file_path": "/data/shapenet_blender/all_50_random/02958343/d13d0612c64c1c872457c273ba02ebf/r_13",
            "rotation": 0.12566370614359174,
            "transform_matrix": [
                [
                    -0.7582685351371765,
                    -0.052696168422698975,
                    -0.6498091816902161,
                    -2.619464635848999
                ],
                [
                    -0.6519423723220825,
                    0.06129045411944389,
                    0.7557874321937561,
                    3.0466766357421875
                ],
                [
                    0.0,
                    0.9967279434204102,
                    -0.08082948625087738,
                    -0.32583409547805786
                ],
                [
                    0.0,
                    0.0,
                    0.0,
                    1.0
                ]
            ]
        },
        {
            "file_path": "/data/shapenet_blender/all_50_random/02958343/d13d0612c64c1c872457c273ba02ebf/r_14",
            "rotation": 0.12566370614359174,
            "transform_matrix": [
                [
                    -0.9056062698364258,
                    0.03519006073474884,
                    0.4226571321487427,
                    1.7037854194641113
                ],
                [
                    0.42411962151527405,
                    0.07513999193906784,
                    0.9024835228919983,
                    3.6380274295806885
                ],
                [
                    -3.725290742551124e-09,
                    0.9965518712997437,
                    -0.08297202736139297,
                    -0.3344709277153015
                ],
                [
                    0.0,
                    0.0,
                    0.0,
                    1.0
                ]
            ]
        },
        {
            "file_path": "/data/shapenet_blender/all_50_random/02958343/d13d0612c64c1c872457c273ba02ebf/r_15",
            "rotation": 0.12566370614359174,
            "transform_matrix": [
                [
                    0.33785751461982727,
                    0.0015559280291199684,
                    -0.9411959052085876,
                    -3.7940824031829834
                ],
                [
                    -0.9411972761154175,
                    0.0005585247417911887,
                    -0.3378570079803467,
                    -1.3619452714920044
                ],
                [
                    0.0,
                    0.9999986290931702,
                    0.00165313680190593,
                    0.006664007902145386
                ],
                [
                    0.0,
                    0.0,
                    0.0,
                    1.0
                ]
            ]
        },
        {
            "file_path": "/data/shapenet_blender/all_50_random/02958343/d13d0612c64c1c872457c273ba02ebf/r_16",
            "rotation": 0.12566370614359174,
            "transform_matrix": [
                [
                    0.9874960780143738,
                    -0.016468822956085205,
                    -0.15678147971630096,
                    -0.6320064067840576
                ],
                [
                    -0.1576441079378128,
                    -0.10316210240125656,
                    -0.982092559337616,
                    -3.95894193649292
                ],
                [
                    1.862645149230957e-09,
                    0.9945281744003296,
                    -0.10446837544441223,
                    -0.42112553119659424
                ],
                [
                    0.0,
                    0.0,
                    0.0,
                    1.0
                ]
            ]
        },
        {
            "file_path": "/data/shapenet_blender/all_50_random/02958343/d13d0612c64c1c872457c273ba02ebf/r_17",
            "rotation": 0.12566370614359174,
            "transform_matrix": [
                [
                    -0.1845928430557251,
                    0.07978839427232742,
                    0.9795709848403931,
                    3.948776960372925
                ],
                [
                    0.982815146446228,
                    0.014985895715653896,
                    0.18398351967334747,
                    0.7416613101959229
                ],
                [
                    1.862645371275562e-09,
                    0.9966990947723389,
                    -0.0811835303902626,
                    -0.3272612690925598
                ],
                [
                    0.0,
                    0.0,
                    0.0,
                    1.0
                ]
            ]
        },
        {
            "file_path": "/data/shapenet_blender/all_50_random/02958343/d13d0612c64c1c872457c273ba02ebf/r_18",
            "rotation": 0.12566370614359174,
            "transform_matrix": [
                [
                    -0.9828301072120667,
                    -0.026090072467923164,
                    0.18265892565250397,
                    0.7363216876983643
                ],
                [
                    0.18451279401779175,
                    -0.1389719694852829,
                    0.9729551672935486,
                    3.922107696533203
                ],
                [
                    0.0,
                    0.9899525046348572,
                    0.1413997858762741,
                    0.5700007677078247
                ],
                [
                    0.0,
                    0.0,
                    0.0,
                    1.0
                ]
            ]
        },
        {
            "file_path": "/data/shapenet_blender/all_50_random/02958343/d13d0612c64c1c872457c273ba02ebf/r_19",
            "rotation": 0.12566370614359174,
            "transform_matrix": [
                [
                    -0.8873534202575684,
                    -0.43772754073143005,
                    0.14490897953510284,
                    0.5841468572616577
                ],
                [
                    0.4610900282859802,
                    -0.8423930406570435,
                    0.2788728177547455,
                    1.1241724491119385
                ],
                [
                    0.0,
                    0.31427475810050964,
                    0.9493319988250732,
                    3.8268799781799316
                ],
                [
                    0.0,
                    0.0,
                    0.0,
                    1.0
                ]
            ]
        },
        {
            "file_path": "/data/shapenet_blender/all_50_random/02958343/d13d0612c64c1c872457c273ba02ebf/r_20",
            "rotation": 0.12566370614359174,
            "transform_matrix": [
                [
                    0.9575080871582031,
                    0.2549050450325012,
                    0.13491375744342804,
                    0.5438547730445862
                ],
                [
                    0.28840649127960205,
                    -0.8462834358215332,
                    -0.44791296124458313,
                    -1.8055949211120605
                ],
                [
                    0.0,
                    0.46779030561447144,
                    -0.8838394284248352,
                    -3.562870740890503
                ],
                [
                    0.0,
                    0.0,
                    0.0,
                    1.0
                ]
            ]
        },
        {
            "file_path": "/data/shapenet_blender/all_50_random/02958343/d13d0612c64c1c872457c273ba02ebf/r_21",
            "rotation": 0.12566370614359174,
            "transform_matrix": [
                [
                    -0.0669073686003685,
                    0.5325819849967957,
                    -0.8437297344207764,
                    -3.4011833667755127
                ],
                [
                    -0.997759222984314,
                    -0.03571368381381035,
                    0.05657851696014404,
                    0.2280752956867218
                ],
                [
                    3.725290298461914e-09,
                    0.8456246256828308,
                    0.5337780714035034,
                    2.1517281532287598
                ],
                [
                    0.0,
                    0.0,
                    0.0,
                    1.0
                ]
            ]
        },
        {
            "file_path": "/data/shapenet_blender/all_50_random/02958343/d13d0612c64c1c872457c273ba02ebf/r_22",
            "rotation": 0.12566370614359174,
            "transform_matrix": [
                [
                    -0.27067410945892334,
                    0.4069431722164154,
                    -0.8724292516708374,
                    -3.5168747901916504
                ],
                [
                    -0.9626710414886475,
                    -0.11442016810178757,
                    0.24530082941055298,
                    0.9888392686843872
                ],
                [
                    -7.450580596923828e-09,
                    0.9062590003013611,
                    0.4227229356765747,
                    1.7040506601333618
                ],
                [
                    0.0,
                    0.0,
                    0.0,
                    1.0
                ]
            ]
        },
        {
            "file_path": "/data/shapenet_blender/all_50_random/02958343/d13d0612c64c1c872457c273ba02ebf/r_23",
            "rotation": 0.12566370614359174,
            "transform_matrix": [
                [
                    0.6310045123100281,
                    0.6187111735343933,
                    0.4680059254169464,
                    1.8865922689437866
                ],
                [
                    0.7757790684700012,
                    -0.503248393535614,
                    -0.380667507648468,
                    -1.5345197916030884
                ],
                [
                    -1.4901161193847656e-08,
                    0.6032720804214478,
                    -0.7975353598594666,
                    -3.214967966079712
                ],
                [
                    0.0,
                    0.0,
                    0.0,
                    1.0
                ]
            ]
        },
        {
            "file_path": "/data/shapenet_blender/all_50_random/02958343/d13d0612c64c1c872457c273ba02ebf/r_24",
            "rotation": 0.12566370614359174,
            "transform_matrix": [
                [
                    -0.023345451802015305,
                    0.6878957748413086,
                    -0.725433886051178,
                    -2.9243175983428955
                ],
                [
                    -0.9997275471687317,
                    -0.016063613817095757,
                    0.016940196976065636,
                    0.06828811764717102
                ],
                [
                    0.0,
                    0.725631594657898,
                    0.6880833506584167,
                    2.7737526893615723
                ],
                [
                    0.0,
                    0.0,
                    0.0,
                    1.0
                ]
            ]
        },
        {
            "file_path": "/data/shapenet_blender/all_50_random/02958343/d13d0612c64c1c872457c273ba02ebf/r_25",
            "rotation": 0.12566370614359174,
            "transform_matrix": [
                [
                    0.9492408633232117,
                    0.2867211699485779,
                    -0.12935510277748108,
                    -0.5214471220970154
                ],
                [
                    -0.3145500719547272,
                    0.8652595281600952,
                    -0.3903643786907196,
                    -1.5736091136932373
                ],
                [
                    7.4505797087454084e-09,
                    0.4112383723258972,
                    0.9115278124809265,
                    3.6744861602783203
                ],
                [
                    0.0,
                    0.0,
                    0.0,
                    1.0
                ]
            ]
        },
        {
            "file_path": "/data/shapenet_blender/all_50_random/02958343/d13d0612c64c1c872457c273ba02ebf/r_26",
            "rotation": 0.12566370614359174,
            "transform_matrix": [
                [
                    0.9396414756774902,
                    -0.19644270837306976,
                    0.2801502048969269,
                    1.129321575164795
                ],
                [
                    0.34216058254241943,
                    0.5394709706306458,
                    -0.7693485021591187,
                    -3.1013429164886475
                ],
                [
                    -1.4901161193847656e-08,
                    0.8187680244445801,
                    0.5741243362426758,
                    2.3143692016601562
                ],
                [
                    0.0,
                    0.0,
                    0.0,
                    1.0
                ]
            ]
        },
        {
            "file_path": "/data/shapenet_blender/all_50_random/02958343/d13d0612c64c1c872457c273ba02ebf/r_27",
            "rotation": 0.12566370614359174,
            "transform_matrix": [
                [
                    -0.5077241659164429,
                    0.021060997620224953,
                    0.8612622618675232,
                    3.4718592166900635
                ],
                [
                    0.8615197539329529,
                    0.012411991134285927,
                    0.5075723528862,
                    2.0460896492004395
                ],
                [
                    9.313225746154785e-10,
                    0.999701201915741,
                    -0.024446330964565277,
                    -0.09854631125926971
                ],
                [
                    0.0,
                    0.0,
                    0.0,
                    1.0
                ]
            ]
        },
        {
            "file_path": "/data/shapenet_blender/all_50_random/02958343/d13d0612c64c1c872457c273ba02ebf/r_28",
            "rotation": 0.12566370614359174,
            "transform_matrix": [
                [
                    -0.6454731822013855,
                    -0.25765788555145264,
                    -0.7190110087394714,
                    -2.898426055908203
                ],
                [
                    -0.7637829780578613,
                    0.21774673461914062,
                    0.6076363921165466,
                    2.449460744857788
                ],
                [
                    -1.4901161193847656e-08,
                    0.9413813352584839,
                    -0.33734434843063354,
                    -1.3598785400390625
                ],
                [
                    0.0,
                    0.0,
                    0.0,
                    1.0
                ]
            ]
        },
        {
            "file_path": "/data/shapenet_blender/all_50_random/02958343/d13d0612c64c1c872457c273ba02ebf/r_29",
            "rotation": 0.12566370614359174,
            "transform_matrix": [
                [
                    0.6433557868003845,
                    -0.21789565682411194,
                    -0.7339037656784058,
                    -2.958460807800293
                ],
                [
                    -0.7655672430992126,
                    -0.18311183154582977,
                    -0.6167469024658203,
                    -2.4861862659454346
                ],
                [
                    0.0,
                    0.9586403965950012,
                    -0.28461986780166626,
                    -1.1473393440246582
                ],
                [
                    0.0,
                    0.0,
                    0.0,
                    1.0
                ]
            ]
        },
        {
            "file_path": "/data/shapenet_blender/all_50_random/02958343/d13d0612c64c1c872457c273ba02ebf/r_30",
            "rotation": 0.12566370614359174,
            "transform_matrix": [
                [
                    0.611175000667572,
                    -0.690873920917511,
                    0.3862101435661316,
                    1.5568629503250122
                ],
                [
                    0.7914955615997314,
                    0.533477246761322,
                    -0.29822275042533875,
                    -1.202174425125122
                ],
                [
                    0.0,
                    0.48794981837272644,
                    0.8728715181350708,
                    3.518657922744751
                ],
                [
                    0.0,
                    0.0,
                    0.0,
                    1.0
                ]
            ]
        },
        {
            "file_path": "/data/shapenet_blender/all_50_random/02958343/d13d0612c64c1c872457c273ba02ebf/r_31",
            "rotation": 0.12566370614359174,
            "transform_matrix": [
                [
                    -0.5295867919921875,
                    -0.20023113489151,
                    0.8242846131324768,
                    3.3227977752685547
                ],
                [
                    0.8482556343078613,
                    -0.1250092089176178,
                    0.5146211385726929,
                    2.0745043754577637
                ],
                [
                    -7.450580152834618e-09,
                    0.97174072265625,
                    0.23605042695999146,
                    0.951549768447876
                ],
                [
                    0.0,
                    0.0,
                    0.0,
                    1.0
                ]
            ]
        },
        {
            "file_path": "/data/shapenet_blender/all_50_random/02958343/d13d0612c64c1c872457c273ba02ebf/r_32",
            "rotation": 0.12566370614359174,
            "transform_matrix": [
                [
                    -0.45706695318222046,
                    -0.8126751184463501,
                    0.36145421862602234,
                    1.4570685625076294
                ],
                [
                    0.8894323110580444,
                    -0.41762247681617737,
                    0.18574632704257965,
                    0.7487673759460449
                ],
                [
                    -1.4901161193847656e-08,
                    0.4063875079154968,
                    0.9137007594108582,
                    3.6832456588745117
                ],
                [
                    0.0,
                    0.0,
                    0.0,
                    1.0
                ]
            ]
        },
        {
            "file_path": "/data/shapenet_blender/all_50_random/02958343/d13d0612c64c1c872457c273ba02ebf/r_33",
            "rotation": 0.12566370614359174,
            "transform_matrix": [
                [
                    -0.37715211510658264,
                    -0.4907781183719635,
                    -0.7854254245758057,
                    -3.1661510467529297
                ],
                [
                    -0.9261512160301208,
                    0.1998572200536728,
                    0.319845050573349,
                    1.2893366813659668
                ],
                [
                    0.0,
                    0.8480530381202698,
                    -0.5299113988876343,
                    -2.136141061782837
                ],
                [
                    0.0,
                    0.0,
                    0.0,
                    1.0
                ]
            ]
        },
        {
            "file_path": "/data/shapenet_blender/all_50_random/02958343/d13d0612c64c1c872457c273ba02ebf/r_34",
            "rotation": 0.12566370614359174,
            "transform_matrix": [
                [
                    -0.8376889228820801,
                    0.5036945343017578,
                    0.21111439168453217,
                    0.8510293364524841
                ],
                [
                    0.546147882938385,
                    0.7725733518600464,
                    0.32381004095077515,
                    1.3053200244903564
                ],
                [
                    -1.4901162970204496e-08,
                    0.3865516781806946,
                    -0.922267735004425,
                    -3.717780113220215
                ],
                [
                    0.0,
                    0.0,
                    0.0,
                    1.0
                ]
            ]
        },
        {
            "file_path": "/data/shapenet_blender/all_50_random/02958343/d13d0612c64c1c872457c273ba02ebf/r_35",
            "rotation": 0.12566370614359174,
            "transform_matrix": [
                [
                    -0.99779212474823,
                    0.02983948215842247,
                    -0.059334415942430496,
                    -0.23918470740318298
                ],
                [
                    -0.06641512364149094,
                    -0.4482954740524292,
                    0.8914145827293396,
                    3.59340763092041
                ],
                [
                    0.0,
                    0.8933871984481812,
                    0.4492873549461365,
                    1.8111355304718018
                ],
                [
                    0.0,
                    0.0,
                    0.0,
                    1.0
                ]
            ]
        },
        {
            "file_path": "/data/shapenet_blender/all_50_random/02958343/d13d0612c64c1c872457c273ba02ebf/r_36",
            "rotation": 0.12566370614359174,
            "transform_matrix": [
                [
                    -0.5506898760795593,
                    0.3406531810760498,
                    -0.7620341777801514,
                    -3.0718579292297363
                ],
                [
                    -0.834709882736206,
                    -0.2247418612241745,
                    0.5027429461479187,
                    2.0266215801239014
                ],
                [
                    0.0,
                    0.9129329323768616,
                    0.4081096351146698,
                    1.6451425552368164
                ],
                [
                    0.0,
                    0.0,
                    0.0,
                    1.0
                ]
            ]
        },
        {
            "file_path": "/data/shapenet_blender/all_50_random/02958343/d13d0612c64c1c872457c273ba02ebf/r_37",
            "rotation": 0.12566370614359174,
            "transform_matrix": [
                [
                    0.43405207991600037,
                    -0.21923978626728058,
                    -0.8738035559654236,
                    -3.5224149227142334
                ],
                [
                    -0.9008878469467163,
                    -0.1056307703256607,
                    -0.42100271582603455,
                    -1.6971163749694824
                ],
                [
                    0.0,
                    0.9699360132217407,
                    -0.24335969984531403,
                    -0.9810143709182739
                ],
                [
                    0.0,
                    0.0,
                    0.0,
                    1.0
                ]
            ]
        },
        {
            "file_path": "/data/shapenet_blender/all_50_random/02958343/d13d0612c64c1c872457c273ba02ebf/r_38",
            "rotation": 0.12566370614359174,
            "transform_matrix": [
                [
                    -0.3468226492404938,
                    -0.4859013855457306,
                    0.8022554516792297,
                    3.233995199203491
                ],
                [
                    0.9379308223724365,
                    -0.17967382073402405,
                    0.2966534197330475,
                    1.1958482265472412
                ],
                [
                    0.0,
                    0.8553460836410522,
                    0.5180568695068359,
                    2.0883541107177734
                ],
                [
                    0.0,
                    0.0,
                    0.0,
                    1.0
                ]
            ]
        },
        {
            "file_path": "/data/shapenet_blender/all_50_random/02958343/d13d0612c64c1c872457c273ba02ebf/r_39",
            "rotation": 0.12566370614359174,
            "transform_matrix": [
                [
                    -0.47843217849731445,
                    -0.17504005134105682,
                    -0.8605018854141235,
                    -3.468794345855713
                ],
                [
                    -0.8781245946884155,
                    0.09536777436733246,
                    0.46883073449134827,
                    1.889917254447937
                ],
                [
                    -7.450581485102248e-09,
                    0.9799315333366394,
                    -0.19933395087718964,
                    -0.8035409450531006
                ],
                [
                    0.0,
                    0.0,
                    0.0,
                    1.0
                ]
            ]
        },
        {
            "file_path": "/data/shapenet_blender/all_50_random/02958343/d13d0612c64c1c872457c273ba02ebf/r_40",
            "rotation": 0.12566370614359174,
            "transform_matrix": [
                [
                    -0.14505422115325928,
                    0.5230257511138916,
                    0.8398829102516174,
                    3.385676383972168
                ],
                [
                    0.9894236922264099,
                    0.07667805999517441,
                    0.12313082814216614,
                    0.4963562488555908
                ],
                [
                    0.0,
                    0.8488606214523315,
                    -0.5286166071891785,
                    -2.1309216022491455
                ],
                [
                    0.0,
                    0.0,
                    0.0,
                    1.0
                ]
            ]
        },
        {
            "file_path": "/data/shapenet_blender/all_50_random/02958343/d13d0612c64c1c872457c273ba02ebf/r_41",
            "rotation": 0.12566370614359174,
            "transform_matrix": [
                [
                    -0.38320985436439514,
                    -0.14283263683319092,
                    0.9125508069992065,
                    3.67861008644104
                ],
                [
                    0.9236612915992737,
                    -0.0592586025595665,
                    0.3786003291606903,
                    1.5261867046356201
                ],
                [
                    0.0,
