{
    "class": "02958343",
    "model": "ba7a583467ff8aee8cfac9da0ff28f62",
    "remove_doubles": true,
    "edge_split": true,
    "denoise": true,
    "camera_angle_x": 0.6911112070083618,
    "scale_factor": 2.300410680475809,
    "hdri_file": "/data/IndoorHDRDataset2018/9C4A3271-d56401b1b0.exr",
    "center_offset": [
        0.0,
        2.3283064365386963e-09,
        3.725290298461914e-09
    ],
    "lights": [],
    "frames": [
        {
            "file_path": "/data/shapenet_blender/all_50_random/02958343/ba7a583467ff8aee8cfac9da0ff28f62/r_0",
            "rotation": 0.12566370614359174,
            "transform_matrix": [
                [
                    0.9616792798042297,
                    0.006765668746083975,
                    -0.2740936577320099,
                    -1.1049069166183472
                ],
                [
                    -0.2741771638393402,
                    0.023730654269456863,
                    -0.9613863825798035,
                    -3.8754725456237793
                ],
                [
                    4.656613428188905e-10,
                    0.9996954798698425,
                    0.02467626892030239,
                    0.09947322309017181
                ],
                [
                    0.0,
                    0.0,
                    0.0,
                    1.0
                ]
            ]
        },
        {
            "file_path": "/data/shapenet_blender/all_50_random/02958343/ba7a583467ff8aee8cfac9da0ff28f62/r_1",
            "rotation": 0.12566370614359174,
            "transform_matrix": [
                [
                    0.8983139395713806,
                    -0.17258213460445404,
                    0.40403908491134644,
                    1.6287336349487305
                ],
                [
                    0.4393543303012848,
                    0.35286542773246765,
                    -0.8261076211929321,
                    -3.330146312713623
                ],
                [
                    0.0,
                    0.9196202158927917,
                    0.39280861616134644,
                    1.5834622383117676
                ],
                [
                    0.0,
                    0.0,
                    0.0,
                    1.0
                ]
            ]
        },
        {
            "file_path": "/data/shapenet_blender/all_50_random/02958343/ba7a583467ff8aee8cfac9da0ff28f62/r_2",
            "rotation": 0.12566370614359174,
            "transform_matrix": [
                [
                    0.4812068045139313,
                    0.05796285718679428,
                    0.8746886849403381,
                    3.5259828567504883
                ],
                [
                    0.8766071796417236,
                    -0.031818270683288574,
                    -0.4801536798477173,
                    -1.9355614185333252
                ],
                [
                    1.862645371275562e-09,
                    0.997811496257782,
                    -0.06612181663513184,
                    -0.2665455639362335
                ],
                [
                    0.0,
                    0.0,
                    0.0,
                    1.0
                ]
            ]
        },
        {
            "file_path": "/data/shapenet_blender/all_50_random/02958343/ba7a583467ff8aee8cfac9da0ff28f62/r_3",
            "rotation": 0.12566370614359174,
            "transform_matrix": [
                [
                    -0.9997576475143433,
                    0.0008274703286588192,
                    0.02200188860297203,
                    0.08869245648384094
                ],
                [
                    0.022017445415258408,
                    0.037573374807834625,
                    0.9990512728691101,
                    4.027304649353027
                ],
                [
                    5.820766091346741e-11,
                    0.9992935657501221,
                    -0.037582483142614365,
                    -0.15149985253810883
                ],
                [
                    0.0,
                    0.0,
                    0.0,
                    1.0
                ]
            ]
        },
        {
            "file_path": "/data/shapenet_blender/all_50_random/02958343/ba7a583467ff8aee8cfac9da0ff28f62/r_4",
            "rotation": 0.12566370614359174,
            "transform_matrix": [
                [
                    0.5663928389549255,
                    0.6698077321052551,
                    0.4801631569862366,
                    1.935599684715271
                ],
                [
                    0.8241353631019592,
                    -0.4603300988674164,
                    -0.3299955129623413,
                    -1.3302545547485352
                ],
                [
                    0.0,
                    0.5826267004013062,
                    -0.8127398490905762,
                    -3.276259422302246
                ],
                [
                    0.0,
                    0.0,
                    0.0,
                    1.0
                ]
            ]
        },
        {
            "file_path": "/data/shapenet_blender/all_50_random/02958343/ba7a583467ff8aee8cfac9da0ff28f62/r_5",
            "rotation": 0.12566370614359174,
            "transform_matrix": [
                [
                    0.14383606612682343,
                    -0.790852427482605,
                    0.5948643088340759,
                    2.397974729537964
                ],
                [
                    0.9896015524864197,
                    0.11494839936494827,
                    -0.08646202087402344,
                    -0.3485395610332489
                ],
                [
                    0.0,
                    0.6011148691177368,
                    0.7991625070571899,
                    3.221527099609375
                ],
                [
                    0.0,
                    0.0,
                    0.0,
                    1.0
                ]
            ]
        },
        {
            "file_path": "/data/shapenet_blender/all_50_random/02958343/ba7a583467ff8aee8cfac9da0ff28f62/r_6",
            "rotation": 0.12566370614359174,
            "transform_matrix": [
                [
                    -0.5330012440681458,
                    0.6407676339149475,
                    -0.5525635480880737,
                    -2.2274551391601562
                ],
                [
                    -0.8461145162582397,
                    -0.40364503860473633,
                    0.3480817973613739,
                    1.4031627178192139
                ],
                [
                    1.4901162970204496e-08,
                    0.6530600786209106,
                    0.7573059797286987,
                    3.052798271179199
                ],
                [
                    0.0,
                    0.0,
                    0.0,
                    1.0
                ]
            ]
        },
        {
            "file_path": "/data/shapenet_blender/all_50_random/02958343/ba7a583467ff8aee8cfac9da0ff28f62/r_7",
            "rotation": 0.12566370614359174,
            "transform_matrix": [
                [
                    0.39961883425712585,
                    0.8936161398887634,
                    -0.20434066653251648,
                    -0.8237236142158508
                ],
                [
                    -0.9166815280914307,
                    0.3895636796951294,
                    -0.08908041566610336,
                    -0.35909467935562134
                ],
                [
                    7.450581485102248e-09,
                    0.2229134738445282,
                    0.974838137626648,
                    3.9296984672546387
                ],
                [
                    0.0,
                    0.0,
                    0.0,
                    1.0
                ]
            ]
        },
        {
            "file_path": "/data/shapenet_blender/all_50_random/02958343/ba7a583467ff8aee8cfac9da0ff28f62/r_8",
            "rotation": 0.12566370614359174,
            "transform_matrix": [
                [
                    0.583426833152771,
                    0.19118516147136688,
                    -0.7893423438072205,
                    -3.181940793991089
                ],
                [
                    -0.8121657371520996,
                    0.13733963668346405,
                    -0.5670314431190491,
                    -2.2857768535614014
                ],
                [
                    0.0,
                    0.9718981385231018,
                    0.23540166020393372,
                    0.9489344358444214
                ],
                [
                    0.0,
                    0.0,
                    0.0,
                    1.0
                ]
            ]
        },
        {
            "file_path": "/data/shapenet_blender/all_50_random/02958343/ba7a583467ff8aee8cfac9da0ff28f62/r_9",
            "rotation": 0.12566370614359174,
            "transform_matrix": [
                [
                    0.7335927486419678,
                    0.01144012063741684,
                    0.6794931292533875,
                    2.739124059677124
                ],
                [
                    0.6795894503593445,
                    -0.01234920509159565,
                    -0.7334887981414795,
                    -2.956787586212158
                ],
                [
                    -9.313225746154785e-10,
                    0.9998583197593689,
                    -0.016833871603012085,
                    -0.06785950064659119
                ],
                [
                    0.0,
                    0.0,
                    0.0,
                    1.0
                ]
            ]
        },
        {
            "file_path": "/data/shapenet_blender/all_50_random/02958343/ba7a583467ff8aee8cfac9da0ff28f62/r_10",
            "rotation": 0.12566370614359174,
            "transform_matrix": [
                [
                    -0.8115661144256592,
                    0.1516493856906891,
                    0.564236581325531,
                    2.274510622024536
                ],
                [
                    0.5842607021331787,
                    0.21064826846122742,
                    0.7837516665458679,
                    3.1594042778015137
                ],
                [
                    0.0,
                    0.9657275080680847,
                    -0.25955772399902344,
                    -1.0463107824325562
                ],
                [
                    0.0,
                    0.0,
                    0.0,
                    1.0
                ]
            ]
        },
        {
            "file_path": "/data/shapenet_blender/all_50_random/02958343/ba7a583467ff8aee8cfac9da0ff28f62/r_11",
            "rotation": 0.12566370614359174,
            "transform_matrix": [
                [
                    0.4339284896850586,
                    0.351346492767334,
                    0.8296154141426086,
                    3.3442866802215576
                ],
                [
                    0.9009473919868469,
                    -0.16922102868556976,
                    -0.3995724320411682,
                    -1.6107280254364014
                ],
                [
                    0.0,
                    0.9208256006240845,
                    -0.38997453451156616,
                    -1.5720375776290894
                ],
                [
                    0.0,
                    0.0,
                    0.0,
                    1.0
                ]
            ]
        },
        {
            "file_path": "/data/shapenet_blender/all_50_random/02958343/ba7a583467ff8aee8cfac9da0ff28f62/r_12",
            "rotation": 0.12566370614359174,
            "transform_matrix": [
                [
                    0.9403208494186401,
                    0.04638879373669624,
                    0.3371124267578125,
                    1.3589438199996948
                ],
                [
                    0.3402891755104065,
                    -0.12818612158298492,
                    -0.9315425157546997,
                    -3.7551681995391846
                ],
                [
                    0.0,
                    0.9906646609306335,
                    -0.13632164895534515,
                    -0.5495302081108093
                ],
                [
                    0.0,
                    0.0,
                    0.0,
                    1.0
                ]
            ]
        },
        {
            "file_path": "/data/shapenet_blender/all_50_random/02958343/ba7a583467ff8aee8cfac9da0ff28f62/r_13",
            "rotation": 0.12566370614359174,
            "transform_matrix": [
                [
                    -0.6178405284881592,
                    -0.15677979588508606,
                    0.7705147862434387,
                    3.1060447692871094
                ],
                [
                    0.7863034605979919,
                    -0.1231902465224266,
                    0.6054345369338989,
                    2.440584897994995
                ],
                [
                    0.0,
                    0.979920506477356,
                    0.19938839972019196,
                    0.8037604093551636
                ],
                [
                    0.0,
                    0.0,
                    0.0,
                    1.0
                ]
            ]
        },
        {
            "file_path": "/data/shapenet_blender/all_50_random/02958343/ba7a583467ff8aee8cfac9da0ff28f62/r_14",
            "rotation": 0.12566370614359174,
            "transform_matrix": [
                [
                    0.1235431581735611,
                    -0.2978138327598572,
                    0.9465959668159485,
                    3.8158504962921143
                ],
                [
                    0.9923392534255981,
                    0.03707690164446831,
                    -0.11784826964139938,
                    -0.4750615656375885
                ],
                [
                    -3.725290742551124e-09,
                    0.9539035558700562,
                    0.3001129627227783,
                    1.209794044494629
                ],
                [
                    0.0,
                    0.0,
                    0.0,
                    1.0
                ]
            ]
        },
        {
            "file_path": "/data/shapenet_blender/all_50_random/02958343/ba7a583467ff8aee8cfac9da0ff28f62/r_15",
            "rotation": 0.12566370614359174,
            "transform_matrix": [
                [
                    -0.4478904902935028,
                    0.36956241726875305,
                    0.8141362071037292,
                    3.281888008117676
                ],
                [
                    0.8940884470939636,
                    0.1851310282945633,
                    0.40783870220184326,
                    1.6440503597259521
                ],
                [
                    -1.4901160305669237e-08,
                    0.9105768799781799,
                    -0.41333988308906555,
                    -1.6662263870239258
                ],
                [
                    0.0,
                    0.0,
                    0.0,
                    1.0
                ]
            ]
        },
        {
            "file_path": "/data/shapenet_blender/all_50_random/02958343/ba7a583467ff8aee8cfac9da0ff28f62/r_16",
            "rotation": 0.12566370614359174,
            "transform_matrix": [
                [
                    0.8323119878768921,
                    -0.021335767582058907,
                    -0.5538966059684753,
                    -2.2328288555145264
                ],
                [
                    -0.5543074607849121,
                    -0.03203640133142471,
                    -0.8316951394081116,
                    -3.352670669555664
                ],
                [
                    0.0,
                    0.9992589354515076,
                    -0.03849085792899132,
                    -0.15516161918640137
                ],
                [
                    0.0,
                    0.0,
                    0.0,
                    1.0
                ]
            ]
        },
        {
            "file_path": "/data/shapenet_blender/all_50_random/02958343/ba7a583467ff8aee8cfac9da0ff28f62/r_17",
            "rotation": 0.12566370614359174,
            "transform_matrix": [
                [
                    -0.9902364015579224,
                    -0.08731761574745178,
                    0.10866216570138931,
                    0.43803122639656067
                ],
                [
                    0.13939811289310455,
                    -0.6202743649482727,
                    0.7718987464904785,
                    3.111623525619507
                ],
                [
                    0.0,
                    0.7795095443725586,
                    0.6263901591300964,
                    2.525059700012207
                ],
                [
                    0.0,
                    0.0,
                    0.0,
                    1.0
                ]
            ]
        },
        {
            "file_path": "/data/shapenet_blender/all_50_random/02958343/ba7a583467ff8aee8cfac9da0ff28f62/r_18",
            "rotation": 0.12566370614359174,
            "transform_matrix": [
                [
                    0.8802627325057983,
                    -0.020799994468688965,
                    -0.47403040528297424,
                    -1.9108778238296509
                ],
                [
                    -0.4744865596294403,
                    -0.038587942719459534,
                    -0.8794164657592773,
                    -3.54504132270813
                ],
                [
                    0.0,
                    0.9990386962890625,
                    -0.043836843222379684,
                    -0.17671197652816772
                ],
                [
                    0.0,
                    0.0,
                    0.0,
                    1.0
                ]
            ]
        },
        {
            "file_path": "/data/shapenet_blender/all_50_random/02958343/ba7a583467ff8aee8cfac9da0ff28f62/r_19",
            "rotation": 0.12566370614359174,
            "transform_matrix": [
                [
                    0.5482909083366394,
                    -0.21886219084262848,
                    -0.8071409463882446,
                    -3.2536892890930176
                ],
                [
                    -0.836287796497345,
                    -0.14349143207073212,
                    -0.5291814804077148,
                    -2.1331987380981445
                ],
                [
                    0.0,
                    0.9651473164558411,
                    -0.2617068290710449,
                    -1.0549739599227905
                ],
                [
                    0.0,
                    0.0,
                    0.0,
                    1.0
                ]
            ]
        },
        {
            "file_path": "/data/shapenet_blender/all_50_random/02958343/ba7a583467ff8aee8cfac9da0ff28f62/r_20",
            "rotation": 0.12566370614359174,
            "transform_matrix": [
                [
                    0.584812581539154,
                    0.12687982618808746,
                    -0.8011839389801025,
                    -3.229675769805908
                ],
                [
                    -0.8111684322357178,
                    0.09147411584854126,
                    -0.5776142477989197,
                    -2.328437566757202
                ],
                [
                    -7.450580596923828e-09,
                    0.9876912832260132,
                    0.156416118144989,
                    0.6305335164070129
                ],
                [
                    0.0,
                    0.0,
                    0.0,
                    1.0
                ]
            ]
        },
        {
            "file_path": "/data/shapenet_blender/all_50_random/02958343/ba7a583467ff8aee8cfac9da0ff28f62/r_21",
            "rotation": 0.12566370614359174,
            "transform_matrix": [
                [
                    -0.7860094308853149,
                    -0.08372672647237778,
                    0.6125184893608093,
                    2.4691410064697266
                ],
                [
                    0.6182143688201904,
                    -0.10645173490047455,
                    0.7787675261497498,
                    3.139312267303467
                ],
                [
                    0.0,
                    0.9907863736152649,
                    0.1354331374168396,
                    0.5459484457969666
                ],
                [
                    0.0,
                    0.0,
                    0.0,
                    1.0
                ]
            ]
        },
        {
            "file_path": "/data/shapenet_blender/all_50_random/02958343/ba7a583467ff8aee8cfac9da0ff28f62/r_22",
            "rotation": 0.12566370614359174,
            "transform_matrix": [
                [
                    0.011578008532524109,
                    -0.20690664649009705,
                    -0.9782921075820923,
                    -3.943621873855591
                ],
                [
                    -0.9999330639839172,
                    -0.0023957272060215473,
                    -0.011327432468533516,
                    -0.04566234350204468
                ],
                [
                    0.0,
                    0.9783578515052795,
                    -0.20692048966884613,
                    -0.8341232538223267
                ],
                [
                    0.0,
                    0.0,
                    0.0,
                    1.0
                ]
            ]
        },
        {
            "file_path": "/data/shapenet_blender/all_50_random/02958343/ba7a583467ff8aee8cfac9da0ff28f62/r_23",
            "rotation": 0.12566370614359174,
            "transform_matrix": [
                [
                    -0.47953155636787415,
                    -0.00042813163599930704,
                    0.8775243759155273,
                    3.537414312362671
                ],
                [
                    0.8775245547294617,
                    -0.00023395655443891883,
                    0.479531466960907,
                    1.9330533742904663
                ],
                [
                    0.0,
                    0.9999998211860657,
                    0.00048788555432111025,
                    0.001966729760169983
                ],
                [
                    0.0,
                    0.0,
                    0.0,
                    1.0
                ]
            ]
        },
        {
            "file_path": "/data/shapenet_blender/all_50_random/02958343/ba7a583467ff8aee8cfac9da0ff28f62/r_24",
            "rotation": 0.12566370614359174,
            "transform_matrix": [
                [
                    -0.8336816430091858,
                    0.24755246937274933,
                    -0.4936523735523224,
                    -1.989976406097412
                ],
                [
                    -0.5522453188896179,
                    -0.37371063232421875,
                    0.7452284097671509,
                    3.0041117668151855
                ],
                [
                    0.0,
                    0.8939003944396973,
                    0.4482654333114624,
                    1.8070157766342163
                ],
                [
                    0.0,
                    0.0,
                    0.0,
                    1.0
                ]
            ]
        },
        {
            "file_path": "/data/shapenet_blender/all_50_random/02958343/ba7a583467ff8aee8cfac9da0ff28f62/r_25",
            "rotation": 0.12566370614359174,
            "transform_matrix": [
                [
                    0.04863264411687851,
                    -0.2820204496383667,
                    0.9581749439239502,
                    3.8625268936157227
                ],
                [
                    0.9988168478012085,
                    0.013731645420193672,
                    -0.04665377736091614,
                    -0.18806740641593933
                ],
                [
                    1.862645371275562e-09,
                    0.9593100547790527,
                    0.28235453367233276,
                    1.1382076740264893
                ],
                [
                    0.0,
                    0.0,
                    0.0,
                    1.0
                ]
            ]
        },
        {
            "file_path": "/data/shapenet_blender/all_50_random/02958343/ba7a583467ff8aee8cfac9da0ff28f62/r_26",
            "rotation": 0.12566370614359174,
            "transform_matrix": [
                [
                    0.9469661712646484,
                    -0.16381040215492249,
                    -0.27644386887550354,
                    -1.114380955696106
                ],
                [
                    -0.32133328914642334,
                    -0.48274773359298706,
                    -0.8146774768829346,
                    -3.2840702533721924
                ],
                [
                    0.0,
                    0.8603025674819946,
                    -0.5097835063934326,
                    -2.0550031661987305
                ],
                [
                    0.0,
                    0.0,
                    0.0,
                    1.0
                ]
            ]
        },
        {
            "file_path": "/data/shapenet_blender/all_50_random/02958343/ba7a583467ff8aee8cfac9da0ff28f62/r_27",
            "rotation": 0.12566370614359174,
            "transform_matrix": [
                [
                    0.977080225944519,
                    0.12904314696788788,
                    -0.16929924488067627,
                    -0.6824671030044556
                ],
                [
                    -0.2128717452287674,
                    0.592307448387146,
                    -0.7770827412605286,
                    -3.1325206756591797
                ],
                [
                    0.0,
                    0.7953110933303833,
                    0.6062014698982239,
                    2.443676233291626
                ],
                [
                    0.0,
                    0.0,
                    0.0,
                    1.0
                ]
            ]
        },
        {
            "file_path": "/data/shapenet_blender/all_50_random/02958343/ba7a583467ff8aee8cfac9da0ff28f62/r_28",
            "rotation": 0.12566370614359174,
            "transform_matrix": [
                [
                    0.23497900366783142,
                    0.17847879230976105,
                    -0.9554737210273743,
                    -3.851638078689575
                ],
                [
                    -0.9720004796981812,
                    0.04314685985445976,
                    -0.2309836894273758,
                    -0.9311251044273376
                ],
                [
                    0.0,
                    0.9829972386360168,
                    0.18362006545066833,
                    0.7401962280273438
                ],
                [
                    0.0,
                    0.0,
                    0.0,
                    1.0
                ]
            ]
        },
        {
            "file_path": "/data/shapenet_blender/all_50_random/02958343/ba7a583467ff8aee8cfac9da0ff28f62/r_29",
            "rotation": 0.12566370614359174,
            "transform_matrix": [
                [
                    0.6285473108291626,
                    -0.5311790704727173,
                    0.568134605884552,
                    2.290224075317383
                ],
                [
                    0.7777712941169739,
                    0.4292665421962738,
                    -0.45913177728652954,
                    -1.85081946849823
                ],
                [
                    0.0,
                    0.7304649353027344,
                    0.6829501390457153,
                    2.7530603408813477
                ],
                [
                    0.0,
                    0.0,
                    0.0,
                    1.0
                ]
            ]
        },
        {
            "file_path": "/data/shapenet_blender/all_50_random/02958343/ba7a583467ff8aee8cfac9da0ff28f62/r_30",
            "rotation": 0.12566370614359174,
            "transform_matrix": [
                [
                    0.14799781143665314,
                    0.49140027165412903,
                    0.858267068862915,
                    3.459785223007202
                ],
                [
                    0.9889876246452332,
                    -0.0735359713435173,
                    -0.12843604385852814,
                    -0.5177422761917114
                ],
                [
                    0.0,
                    0.8678237795829773,
                    -0.4968719780445099,
                    -2.0029549598693848
                ],
                [
                    0.0,
                    0.0,
                    0.0,
                    1.0
                ]
            ]
        },
        {
            "file_path": "/data/shapenet_blender/all_50_random/02958343/ba7a583467ff8aee8cfac9da0ff28f62/r_31",
            "rotation": 0.12566370614359174,
            "transform_matrix": [
                [
                    0.779893696308136,
                    0.5543650388717651,
                    0.2905946373939514,
                    1.1714245080947876
                ],
                [
                    0.6259121298789978,
                    -0.6907452344894409,
                    -0.3620842397212982,
                    -1.4596081972122192
                ],
                [
                    1.4901162970204496e-08,
                    0.4642738401889801,
                    -0.8856916427612305,
                    -3.5703372955322266
                ],
                [
                    0.0,
                    0.0,
                    0.0,
                    1.0
                ]
            ]
        },
        {
            "file_path": "/data/shapenet_blender/all_50_random/02958343/ba7a583467ff8aee8cfac9da0ff28f62/r_32",
            "rotation": 0.12566370614359174,
            "transform_matrix": [
                [
                    -0.7733163833618164,
                    -0.31555309891700745,
                    0.5499163269996643,
                    2.216783285140991
                ],
                [
                    0.634020209312439,
                    -0.38488107919692993,
                    0.6707345843315125,
                    2.703817367553711
                ],
                [
                    1.4901160305669237e-08,
                    0.8673480153083801,
                    0.4977020025253296,
                    2.006300687789917
                ],
                [
                    0.0,
                    0.0,
                    0.0,
                    1.0
                ]
            ]
        },
        {
            "file_path": "/data/shapenet_blender/all_50_random/02958343/ba7a583467ff8aee8cfac9da0ff28f62/r_33",
            "rotation": 0.12566370614359174,
            "transform_matrix": [
                [
                    -0.5039867162704468,
                    0.14267666637897491,
                    0.851845383644104,
                    3.43389892578125
                ],
                [
                    0.8637113571166992,
                    0.08325368165969849,
                    0.4970628023147583,
                    2.0037243366241455
                ],
                [
                    0.0,
                    0.9862616062164307,
                    -0.1651902049779892,
                    -0.6659030914306641
                ],
                [
                    0.0,
                    0.0,
                    0.0,
                    1.0
                ]
            ]
        },
        {
            "file_path": "/data/shapenet_blender/all_50_random/02958343/ba7a583467ff8aee8cfac9da0ff28f62/r_34",
            "rotation": 0.12566370614359174,
            "transform_matrix": [
                [
                    -0.11608737707138062,
                    -0.40775513648986816,
                    0.9056817293167114,
                    3.6509199142456055
                ],
                [
                    0.9932391047477722,
                    -0.04765743017196655,
                    0.10585387796163559,
                    0.4267106354236603
                ],
                [
                    3.725290742551124e-09,
                    0.9118468165397644,
                    0.410530686378479,
                    1.6549021005630493
                ],
                [
                    0.0,
                    0.0,
                    0.0,
                    1.0
                ]
            ]
        },
        {
            "file_path": "/data/shapenet_blender/all_50_random/02958343/ba7a583467ff8aee8cfac9da0ff28f62/r_35",
            "rotation": 0.12566370614359174,
            "transform_matrix": [
                [
                    -0.7864834666252136,
                    -0.0839521586894989,
                    0.6118789315223694,
                    2.4665632247924805
                ],
                [
                    0.6176114678382874,
                    -0.10690698772668839,
                    0.7791834473609924,
                    3.140989303588867
                ],
                [
                    0.0,
                    0.9907183647155762,
                    0.1359303593635559,
                    0.5479528903961182
                ],
                [
                    0.0,
                    0.0,
                    0.0,
                    1.0
                ]
            ]
        },
        {
            "file_path": "/data/shapenet_blender/all_50_random/02958343/ba7a583467ff8aee8cfac9da0ff28f62/r_36",
            "rotation": 0.12566370614359174,
            "transform_matrix": [
                [
                    -0.9521145224571228,
                    0.17921282351016998,
                    0.24771106243133545,
                    0.9985553026199341
                ],
                [
                    0.30574172735214233,
                    0.5580890774726868,
                    0.7714003324508667,
                    3.109614372253418
                ],
                [
                    -1.4901161193847656e-08,
                    0.8101969957351685,
                    -0.586157500743866,
                    -2.3628766536712646
                ],
                [
                    0.0,
                    0.0,
                    0.0,
                    1.0
                ]
            ]
        },
        {
            "file_path": "/data/shapenet_blender/all_50_random/02958343/ba7a583467ff8aee8cfac9da0ff28f62/r_37",
            "rotation": 0.12566370614359174,
            "transform_matrix": [
                [
                    0.2868545353412628,
                    0.09307502955198288,
                    -0.9534419178962708,
                    -3.84344744682312
                ],
                [
                    -0.9579741954803467,
                    0.027870263904333115,
                    -0.28549736738204956,
                    -1.1508768796920776
                ],
                [
                    1.862645149230957e-09,
                    0.9952689409255981,
                    0.09715819358825684,
                    0.3916572332382202
                ],
                [
                    0.0,
                    0.0,
                    0.0,
                    1.0
                ]
            ]
        },
        {
            "file_path": "/data/shapenet_blender/all_50_random/02958343/ba7a583467ff8aee8cfac9da0ff28f62/r_38",
            "rotation": 0.12566370614359174,
            "transform_matrix": [
                [
                    -0.9975853562355042,
                    -0.0625658705830574,
                    -0.030147666111588478,
                    -0.12152913212776184
                ],
                [
                    -0.0694504827260971,
                    0.8986948728561401,
                    0.43304041028022766,
                    1.7456417083740234
                ],
                [
                    0.0,
                    0.43408849835395813,
                    -0.9008702039718628,
                    -3.631523847579956
                ],
                [
                    0.0,
                    0.0,
                    0.0,
                    1.0
                ]
            ]
        },
        {
            "file_path": "/data/shapenet_blender/all_50_random/02958343/ba7a583467ff8aee8cfac9da0ff28f62/r_39",
            "rotation": 0.12566370614359174,
            "transform_matrix": [
                [
                    -0.9914994239807129,
                    -0.05137002840638161,
                    -0.11954139918088913,
                    -0.4818868041038513
                ],
                [
                    -0.13011159002780914,
                    0.39145898818969727,
                    0.9109505414962769,
                    3.672159194946289
                ],
                [
                    0.0,
                    0.9187605977058411,
                    -0.3948151469230652,
                    -1.5915507078170776
                ],
                [
                    0.0,
                    0.0,
                    0.0,
                    1.0
                ]
            ]
        },
        {
            "file_path": "/data/shapenet_blender/all_50_random/02958343/ba7a583467ff8aee8cfac9da0ff28f62/r_40",
            "rotation": 0.12566370614359174,
            "transform_matrix": [
                [
                    -0.9600275754928589,
                    -0.051536884158849716,
                    0.2751200795173645,
                    1.1090445518493652
                ],
                [
                    0.2799055278301239,
                    -0.17676259577274323,
                    0.9436143040657043,
                    3.803830862045288
                ],
                [
                    -3.725290298461914e-09,
                    0.9829033017158508,
                    0.18412242829799652,
                    0.7422212362289429
                ],
                [
                    0.0,
                    0.0,
                    0.0,
                    1.0
                ]
            ]
        },
        {
            "file_path": "/data/shapenet_blender/all_50_random/02958343/ba7a583467ff8aee8cfac9da0ff28f62/r_41",
            "rotation": 0.12566370614359174,
            "transform_matrix": [
                [
                    0.24734705686569214,
                    0.3098662793636322,
                    0.9180426001548767,
                    3.7007482051849365
                ],
                [
                    0.9689269661903381,
                    -0.07910246402025223,
                    -0.2343573421239853,
                    -0.9447246789932251
                ],
                [
                    -7.450580596923828e-09,
