{
    "class": "02958343",
    "model": "3045cc22be31372859139efcde1fedcb",
    "remove_doubles": true,
    "edge_split": true,
    "denoise": true,
    "camera_angle_x": 0.6911112070083618,
    "scale_factor": 2.303396542862813,
    "hdri_file": "/data/IndoorHDRDataset2018/AG8A4449-b257999c42.exr",
    "center_offset": [
        0.0,
        0.0,
        0.0
    ],
    "lights": [],
    "frames": [
        {
            "file_path": "/data/shapenet_blender/all_50_random/02958343/3045cc22be31372859139efcde1fedcb/r_0",
            "rotation": 0.12566370614359174,
            "transform_matrix": [
                [
                    0.4358581304550171,
                    0.023179104551672935,
                    0.8997169137001038,
                    3.6268744468688965
                ],
                [
                    0.9000153541564941,
                    -0.011225142516195774,
                    -0.43571358919143677,
                    -1.7564173936843872
                ],
                [
                    -9.313225746154785e-10,
                    0.9996682405471802,
                    -0.02575412392616272,
                    -0.10381817817687988
                ],
                [
                    0.0,
                    0.0,
                    0.0,
                    1.0
                ]
            ]
        },
        {
            "file_path": "/data/shapenet_blender/all_50_random/02958343/3045cc22be31372859139efcde1fedcb/r_1",
            "rotation": 0.12566370614359174,
            "transform_matrix": [
                [
                    0.7717028856277466,
                    0.530262291431427,
                    -0.3511357605457306,
                    -1.4154736995697021
                ],
                [
                    -0.6359830498695374,
                    0.6434212327003479,
                    -0.4260687828063965,
                    -1.7175383567810059
                ],
                [
                    0.0,
                    0.5521149039268494,
                    0.8337678909301758,
                    3.3610260486602783
                ],
                [
                    0.0,
                    0.0,
                    0.0,
                    1.0
                ]
            ]
        },
        {
            "file_path": "/data/shapenet_blender/all_50_random/02958343/3045cc22be31372859139efcde1fedcb/r_2",
            "rotation": 0.12566370614359174,
            "transform_matrix": [
                [
                    -0.9943819046020508,
                    -0.08941631764173508,
                    0.05665040761232376,
                    0.22836509346961975
                ],
                [
                    0.10585152357816696,
                    -0.8399876356124878,
                    0.5321807265281677,
                    2.145289182662964
                ],
                [
                    0.0,
                    0.5351874232292175,
                    0.8447332978248596,
                    3.405228853225708
                ],
                [
                    0.0,
                    0.0,
                    0.0,
                    1.0
                ]
            ]
        },
        {
            "file_path": "/data/shapenet_blender/all_50_random/02958343/3045cc22be31372859139efcde1fedcb/r_3",
            "rotation": 0.12566370614359174,
            "transform_matrix": [
                [
                    0.9386593103408813,
                    0.13268236815929413,
                    0.3182987570762634,
                    1.2831034660339355
                ],
                [
                    0.3448459506034851,
                    -0.36115702986717224,
                    -0.8663987517356873,
                    -3.492565393447876
                ],
                [
                    0.0,
                    0.9230173230171204,
                    -0.3847583532333374,
                    -1.5510106086730957
                ],
                [
                    0.0,
                    0.0,
                    0.0,
                    1.0
                ]
            ]
        },
        {
            "file_path": "/data/shapenet_blender/all_50_random/02958343/3045cc22be31372859139efcde1fedcb/r_4",
            "rotation": 0.12566370614359174,
            "transform_matrix": [
                [
                    0.8927353620529175,
                    -0.00746961822733283,
                    0.4505194127559662,
                    1.8161017894744873
                ],
                [
                    0.45058128237724304,
                    0.014799532480537891,
                    -0.8926127552986145,
                    -3.5982367992401123
                ],
                [
                    0.0,
                    0.9998624920845032,
                    0.016577737405896187,
                    0.06682699918746948
                ],
                [
                    0.0,
                    0.0,
                    0.0,
                    1.0
                ]
            ]
        },
        {
            "file_path": "/data/shapenet_blender/all_50_random/02958343/3045cc22be31372859139efcde1fedcb/r_5",
            "rotation": 0.12566370614359174,
            "transform_matrix": [
                [
                    -0.8086481690406799,
                    0.17528106272220612,
                    -0.5615734457969666,
                    -2.263774871826172
                ],
                [
                    -0.5882925987243652,
                    -0.24093574285507202,
                    0.7719208598136902,
                    3.1117124557495117
                ],
                [
                    0.0,
                    0.9545817971229553,
                    0.29794880747795105,
                    1.2010700702667236
                ],
                [
                    0.0,
                    0.0,
                    0.0,
                    1.0
                ]
            ]
        },
        {
            "file_path": "/data/shapenet_blender/all_50_random/02958343/3045cc22be31372859139efcde1fedcb/r_6",
            "rotation": 0.12566370614359174,
            "transform_matrix": [
                [
                    -0.9966633915901184,
                    -0.04976009204983711,
                    0.06469965726137161,
                    0.2608126997947693
                ],
                [
                    0.08162176609039307,
                    -0.6076082587242126,
                    0.7900316119194031,
                    3.1847195625305176
                ],
                [
                    0.0,
                    0.7926764488220215,
                    0.6096423864364624,
                    2.457547426223755
                ],
                [
                    0.0,
                    0.0,
                    0.0,
                    1.0
                ]
            ]
        },
        {
            "file_path": "/data/shapenet_blender/all_50_random/02958343/3045cc22be31372859139efcde1fedcb/r_7",
            "rotation": 0.12566370614359174,
            "transform_matrix": [
                [
                    0.9704104065895081,
                    -0.17350398004055023,
                    0.16792865097522736,
                    0.6769421100616455
                ],
                [
                    0.24146154522895813,
                    0.697295606136322,
                    -0.6748889088630676,
                    -2.720564365386963
                ],
                [
                    7.450580596923828e-09,
                    0.6954675912857056,
                    0.7185574173927307,
                    2.8965978622436523
                ],
                [
                    0.0,
                    0.0,
                    0.0,
                    1.0
                ]
            ]
        },
        {
            "file_path": "/data/shapenet_blender/all_50_random/02958343/3045cc22be31372859139efcde1fedcb/r_8",
            "rotation": 0.12566370614359174,
            "transform_matrix": [
                [
                    0.399408221244812,
                    0.7843793630599976,
                    0.4745757281780243,
                    1.9130760431289673
                ],
                [
                    0.9167731404304504,
                    -0.3417285680770874,
                    -0.20675720274448395,
                    -0.8334649801254272
                ],
                [
                    0.0,
                    0.5176588892936707,
                    -0.8555870652198792,
                    -3.448982000350952
                ],
                [
                    0.0,
                    0.0,
                    0.0,
                    1.0
                ]
            ]
        },
        {
            "file_path": "/data/shapenet_blender/all_50_random/02958343/3045cc22be31372859139efcde1fedcb/r_9",
            "rotation": 0.12566370614359174,
            "transform_matrix": [
                [
                    0.7252892851829529,
                    0.6505814790725708,
                    -0.2251647412776947,
                    -0.9076681733131409
                ],
                [
                    -0.6884442567825317,
                    0.6854001879692078,
                    -0.23721539974212646,
                    -0.9562458992004395
                ],
                [
                    0.0,
                    0.3270631432533264,
                    0.9450023770332336,
                    3.809426784515381
                ],
                [
                    0.0,
                    0.0,
                    0.0,
                    1.0
                ]
            ]
        },
        {
            "file_path": "/data/shapenet_blender/all_50_random/02958343/3045cc22be31372859139efcde1fedcb/r_10",
            "rotation": 0.12566370614359174,
            "transform_matrix": [
                [
                    0.9575523734092712,
                    0.0632457584142685,
                    0.2812356650829315,
                    1.1336973905563354
                ],
                [
                    0.28825950622558594,
                    -0.21009238064289093,
                    -0.9342202544212341,
                    -3.765962600708008
                ],
                [
                    0.0,
                    0.9756336212158203,
                    -0.21940560638904572,
                    -0.8844523429870605
                ],
                [
                    0.0,
                    0.0,
                    0.0,
                    1.0
                ]
            ]
        },
        {
            "file_path": "/data/shapenet_blender/all_50_random/02958343/3045cc22be31372859139efcde1fedcb/r_11",
            "rotation": 0.12566370614359174,
            "transform_matrix": [
                [
                    -0.9211713671684265,
                    0.04237774387001991,
                    0.3868429958820343,
                    1.559414029121399
                ],
                [
                    0.3891572952270508,
                    0.10031204670667648,
                    0.9156932234764099,
                    3.691277503967285
                ],
                [
                    0.0,
                    0.9940531253814697,
                    -0.1088961809873581,
                    -0.4389745593070984
                ],
                [
                    0.0,
                    0.0,
                    0.0,
                    1.0
                ]
            ]
        },
        {
            "file_path": "/data/shapenet_blender/all_50_random/02958343/3045cc22be31372859139efcde1fedcb/r_12",
            "rotation": 0.12566370614359174,
            "transform_matrix": [
                [
                    -0.5155670642852783,
                    -0.5160356163978577,
                    0.6840305924415588,
                    2.757415533065796
                ],
                [
                    0.8568493127822876,
                    -0.3104991316795349,
                    0.4115819036960602,
                    1.6591397523880005
                ],
                [
                    -1.4901162970204496e-08,
                    0.7983091473579407,
                    0.6022478342056274,
                    2.427738666534424
                ],
                [
                    0.0,
                    0.0,
                    0.0,
                    1.0
                ]
            ]
        },
        {
            "file_path": "/data/shapenet_blender/all_50_random/02958343/3045cc22be31372859139efcde1fedcb/r_13",
            "rotation": 0.12566370614359174,
            "transform_matrix": [
                [
                    -0.4122278690338135,
                    0.09581086784601212,
                    0.9060288667678833,
                    3.6523194313049316
                ],
                [
                    0.9110807776451111,
                    0.04335061460733414,
                    0.40994206070899963,
                    1.6525294780731201
                ],
                [
                    -3.725290298461914e-09,
                    0.9944550395011902,
                    -0.10516177117824554,
                    -0.4239206910133362
                ],
                [
                    0.0,
                    0.0,
                    0.0,
                    1.0
                ]
            ]
        },
        {
            "file_path": "/data/shapenet_blender/all_50_random/02958343/3045cc22be31372859139efcde1fedcb/r_14",
            "rotation": 0.12566370614359174,
            "transform_matrix": [
                [
                    0.9971405863761902,
                    -0.0020335454028099775,
                    0.0755411684513092,
                    0.30451616644859314
                ],
                [
                    0.0755685344338417,
                    0.026833003386855125,
                    -0.9967795610427856,
                    -4.018146514892578
                ],
                [
                    2.3283061589829401e-10,
                    0.9996379017829895,
                    0.026909951120615005,
                    0.10847747325897217
                ],
                [
                    0.0,
                    0.0,
                    0.0,
                    1.0
                ]
            ]
        },
        {
            "file_path": "/data/shapenet_blender/all_50_random/02958343/3045cc22be31372859139efcde1fedcb/r_15",
            "rotation": 0.12566370614359174,
            "transform_matrix": [
                [
                    0.3901174068450928,
                    -0.49411484599113464,
                    0.7769548892974854,
                    3.132005453109741
                ],
                [
                    0.9207651019096375,
                    0.20935069024562836,
                    -0.32918670773506165,
                    -1.3269940614700317
                ],
                [
                    0.0,
                    0.8438143730163574,
                    0.5366350412368774,
                    2.1632449626922607
                ],
                [
                    0.0,
                    0.0,
                    0.0,
                    1.0
                ]
            ]
        },
        {
            "file_path": "/data/shapenet_blender/all_50_random/02958343/3045cc22be31372859139efcde1fedcb/r_16",
            "rotation": 0.12566370614359174,
            "transform_matrix": [
                [
                    -0.2227015495300293,
                    -0.007943475618958473,
                    -0.9748542308807373,
                    -3.9297633171081543
                ],
                [
                    -0.9748866558074951,
                    0.0018145948415622115,
                    0.22269414365291595,
                    0.8977088928222656
                ],
                [
                    0.0,
                    0.9999668598175049,
                    -0.008148099295794964,
                    -0.03284604102373123
                ],
                [
                    0.0,
                    0.0,
                    0.0,
                    1.0
                ]
            ]
        },
        {
            "file_path": "/data/shapenet_blender/all_50_random/02958343/3045cc22be31372859139efcde1fedcb/r_17",
            "rotation": 0.12566370614359174,
            "transform_matrix": [
                [
                    -0.04148334637284279,
                    0.2690238356590271,
                    0.9622397422790527,
                    3.8789122104644775
                ],
                [
                    0.9991391897201538,
                    0.011169624514877796,
                    0.03995131328701973,
                    0.16104888916015625
                ],
                [
                    -9.313224635931761e-10,
                    0.9630687832832336,
                    -0.2692556083202362,
                    -1.0854040384292603
                ],
                [
                    0.0,
                    0.0,
                    0.0,
                    1.0
                ]
            ]
        },
        {
            "file_path": "/data/shapenet_blender/all_50_random/02958343/3045cc22be31372859139efcde1fedcb/r_18",
            "rotation": 0.12566370614359174,
            "transform_matrix": [
                [
                    -0.7585541605949402,
                    0.6237580180168152,
                    0.18847131729125977,
                    0.7597521543502808
                ],
                [
                    0.6516099572181702,
                    0.7261311411857605,
                    0.21940381824970245,
                    0.884445071220398
                ],
                [
                    0.0,
                    0.28923922777175903,
                    -0.9572567939758301,
                    -3.858825445175171
                ],
                [
                    0.0,
                    0.0,
                    0.0,
                    1.0
                ]
            ]
        },
        {
            "file_path": "/data/shapenet_blender/all_50_random/02958343/3045cc22be31372859139efcde1fedcb/r_19",
            "rotation": 0.12566370614359174,
            "transform_matrix": [
                [
                    -0.498540997505188,
                    0.01619815267622471,
                    0.8667147755622864,
                    3.4938390254974365
                ],
                [
                    0.8668662309646606,
                    0.00931567419320345,
                    0.49845388531684875,
                    2.0093319416046143
                ],
                [
                    0.0,
                    0.9998254179954529,
                    -0.018685873597860336,
                    -0.07532516866922379
                ],
                [
                    0.0,
                    0.0,
                    0.0,
                    1.0
                ]
            ]
        },
        {
            "file_path": "/data/shapenet_blender/all_50_random/02958343/3045cc22be31372859139efcde1fedcb/r_20",
            "rotation": 0.12566370614359174,
            "transform_matrix": [
                [
                    -0.09106103330850601,
                    -0.7918145656585693,
                    -0.603935182094574,
                    -2.4345405101776123
                ],
                [
                    -0.9958453178405762,
                    0.07240426540374756,
                    0.055224403738975525,
                    0.22261668741703033
                ],
                [
                    -3.725290076417309e-09,
                    0.6064547896385193,
                    -0.795117974281311,
                    -3.2052230834960938
                ],
                [
                    0.0,
                    0.0,
                    0.0,
                    1.0
                ]
            ]
        },
        {
            "file_path": "/data/shapenet_blender/all_50_random/02958343/3045cc22be31372859139efcde1fedcb/r_21",
            "rotation": 0.12566370614359174,
            "transform_matrix": [
                [
                    -0.9829220771789551,
                    -0.15524183213710785,
                    -0.09881404787302017,
                    -0.3983321785926819
                ],
                [
                    -0.1840224266052246,
                    0.8291958570480347,
                    0.5277971625328064,
                    2.1276183128356934
                ],
                [
                    0.0,
                    0.5369674563407898,
                    -0.8436030149459839,
                    -3.400672435760498
                ],
                [
                    0.0,
                    0.0,
                    0.0,
                    1.0
                ]
            ]
        },
        {
            "file_path": "/data/shapenet_blender/all_50_random/02958343/3045cc22be31372859139efcde1fedcb/r_22",
            "rotation": 0.12566370614359174,
            "transform_matrix": [
                [
                    -0.9957445859909058,
                    -0.013330604881048203,
                    0.0911874771118164,
                    0.36758849024772644
                ],
                [
                    0.09215672314167023,
                    -0.14403590559959412,
                    0.9852719306945801,
                    3.9717581272125244
                ],
                [
                    0.0,
                    0.989482581615448,
                    0.14465147256851196,
                    0.5831087231636047
                ],
                [
                    0.0,
                    0.0,
                    0.0,
                    1.0
                ]
            ]
        },
        {
            "file_path": "/data/shapenet_blender/all_50_random/02958343/3045cc22be31372859139efcde1fedcb/r_23",
            "rotation": 0.12566370614359174,
            "transform_matrix": [
                [
                    0.9796833992004395,
                    -0.032060083001852036,
                    -0.19797128438949585,
                    -0.7980478405952454
                ],
                [
                    -0.20055046677589417,
                    -0.15661261975765228,
                    -0.9670841693878174,
                    -3.8984413146972656
                ],
                [
                    -1.862645371275562e-09,
                    0.9871395230293274,
                    -0.15986043214797974,
                    -0.6444180607795715
                ],
                [
                    0.0,
                    0.0,
                    0.0,
                    1.0
                ]
            ]
        },
        {
            "file_path": "/data/shapenet_blender/all_50_random/02958343/3045cc22be31372859139efcde1fedcb/r_24",
            "rotation": 0.12566370614359174,
            "transform_matrix": [
                [
                    0.5449496507644653,
                    0.8216456770896912,
                    -0.16711752116680145,
                    -0.6736723184585571
                ],
                [
                    -0.8384687900543213,
                    0.5340157151222229,
                    -0.10861541330814362,
                    -0.4378427565097809
                ],
                [
                    0.0,
                    0.19931288063526154,
                    0.9799358248710632,
                    3.9502480030059814
                ],
                [
                    0.0,
                    0.0,
                    0.0,
                    1.0
                ]
            ]
        },
        {
            "file_path": "/data/shapenet_blender/all_50_random/02958343/3045cc22be31372859139efcde1fedcb/r_25",
            "rotation": 0.12566370614359174,
            "transform_matrix": [
                [
                    0.7881983518600464,
                    -0.24430087208747864,
                    0.5648543238639832,
                    2.277000665664673
                ],
                [
                    0.6154212355613708,
                    0.31288737058639526,
                    -0.7234349846839905,
                    -2.916259765625
                ],
                [
                    1.4901160305669237e-08,
                    0.917833685874939,
                    0.39696523547172546,
                    1.6002180576324463
                ],
                [
                    0.0,
                    0.0,
                    0.0,
                    1.0
                ]
            ]
        },
        {
            "file_path": "/data/shapenet_blender/all_50_random/02958343/3045cc22be31372859139efcde1fedcb/r_26",
            "rotation": 0.12566370614359174,
            "transform_matrix": [
                [
                    -0.01763135939836502,
                    0.6536526679992676,
                    -0.7565892934799194,
                    -3.0499091148376465
                ],
                [
                    -0.9998446106910706,
                    -0.011526577174663544,
                    0.013341772370040417,
                    0.05378240346908569
                ],
                [
                    0.0,
                    0.7567068934440613,
                    0.6537542343139648,
                    2.6353676319122314
                ],
                [
                    0.0,
                    0.0,
                    0.0,
                    1.0
                ]
            ]
        },
        {
            "file_path": "/data/shapenet_blender/all_50_random/02958343/3045cc22be31372859139efcde1fedcb/r_27",
            "rotation": 0.12566370614359174,
            "transform_matrix": [
                [
                    -0.9622707962989807,
                    -0.06673737615346909,
                    -0.263782262802124,
                    -1.063340425491333
                ],
                [
                    -0.2720937132835388,
                    0.2360195517539978,
                    0.9328771233558655,
                    3.7605481147766113
                ],
                [
                    3.725290298461914e-09,
                    0.9694539308547974,
                    -0.24527350068092346,
                    -0.9887291789054871
                ],
                [
                    0.0,
                    0.0,
                    0.0,
                    1.0
                ]
            ]
        },
        {
            "file_path": "/data/shapenet_blender/all_50_random/02958343/3045cc22be31372859139efcde1fedcb/r_28",
            "rotation": 0.12566370614359174,
            "transform_matrix": [
                [
                    -0.7810627818107605,
                    0.013116150163114071,
                    0.6243147850036621,
                    2.516693592071533
                ],
                [
                    0.6244526505470276,
                    0.016405625268816948,
                    0.7808903455734253,
                    3.147869825363159
                ],
                [
                    0.0,
                    0.9997792840003967,
                    -0.02100423537194729,
                    -0.084670789539814
                ],
                [
                    0.0,
                    0.0,
                    0.0,
                    1.0
                ]
            ]
        },
        {
            "file_path": "/data/shapenet_blender/all_50_random/02958343/3045cc22be31372859139efcde1fedcb/r_29",
            "rotation": 0.12566370614359174,
            "transform_matrix": [
                [
                    0.00866356585174799,
                    0.17899693548679352,
                    0.9838114380836487,
                    3.9658708572387695
                ],
                [
                    0.9999625086784363,
                    -0.0015508100623264909,
                    -0.008523635566234589,
                    -0.034359872341156006
                ],
                [
                    0.0,
                    0.9838483929634094,
                    -0.17900365591049194,
                    -0.7215868234634399
                ],
                [
                    0.0,
                    0.0,
                    0.0,
                    1.0
                ]
            ]
        },
        {
            "file_path": "/data/shapenet_blender/all_50_random/02958343/3045cc22be31372859139efcde1fedcb/r_30",
            "rotation": 0.12566370614359174,
            "transform_matrix": [
                [
                    0.7981744408607483,
                    0.010140861384570599,
                    0.6023409962654114,
                    2.428114414215088
                ],
                [
                    0.6024264097213745,
                    -0.013435959815979004,
                    -0.7980612516403198,
                    -3.217087984085083
                ],
                [
                    9.313225746154785e-10,
                    0.9998582601547241,
                    -0.016833361238241196,
                    -0.06785745918750763
                ],
                [
                    0.0,
                    0.0,
                    0.0,
                    1.0
                ]
            ]
        },
        {
            "file_path": "/data/shapenet_blender/all_50_random/02958343/3045cc22be31372859139efcde1fedcb/r_31",
            "rotation": 0.12566370614359174,
            "transform_matrix": [
                [
                    -0.46346524357795715,
                    0.12439300864934921,
                    -0.8773404359817505,
                    -3.536672592163086
                ],
                [
                    -0.8861151337623596,
                    -0.06506133079528809,
                    0.458875834941864,
                    1.8497878313064575
                ],
                [
                    7.450580596923828e-09,
                    0.9900976419448853,
                    0.14038017392158508,
                    0.5658906698226929
                ],
                [
                    0.0,
                    0.0,
                    0.0,
                    1.0
                ]
            ]
        },
        {
            "file_path": "/data/shapenet_blender/all_50_random/02958343/3045cc22be31372859139efcde1fedcb/r_32",
            "rotation": 0.12566370614359174,
            "transform_matrix": [
                [
                    0.4011859893798828,
                    -0.6131912469863892,
                    -0.6804750561714172,
                    -2.7430827617645264
                ],
                [
                    -0.9159966707229614,
                    -0.26856401562690735,
                    -0.2980327904224396,
                    -1.2014086246490479
                ],
                [
                    -1.4901161193847656e-08,
                    0.7428794503211975,
                    -0.6694252490997314,
                    -2.6985394954681396
                ],
                [
                    0.0,
                    0.0,
                    0.0,
                    1.0
                ]
            ]
        },
        {
            "file_path": "/data/shapenet_blender/all_50_random/02958343/3045cc22be31372859139efcde1fedcb/r_33",
            "rotation": 0.12566370614359174,
            "transform_matrix": [
                [
                    -0.42139026522636414,
                    0.48409155011177063,
                    0.7668673992156982,
                    3.091341257095337
                ],
                [
                    0.9068794250488281,
                    0.2249377965927124,
                    0.35633233189582825,
                    1.4364216327667236
                ],
                [
                    0.0,
                    0.8456110954284668,
                    -0.5337992310523987,
                    -2.151813507080078
                ],
                [
                    0.0,
                    0.0,
                    0.0,
                    1.0
                ]
            ]
        },
        {
            "file_path": "/data/shapenet_blender/all_50_random/02958343/3045cc22be31372859139efcde1fedcb/r_34",
            "rotation": 0.12566370614359174,
            "transform_matrix": [
                [
                    -0.7189379930496216,
                    0.2575240433216095,
                    0.6456078290939331,
                    2.6025285720825195
                ],
                [
                    0.6950742602348328,
                    0.26636555790901184,
                    0.6677732467651367,
                    2.691880226135254
                ],
                [
                    -1.4901162970204496e-08,
                    0.9288329482078552,
                    -0.3704986274242401,
                    -1.493527889251709
                ],
                [
                    0.0,
                    0.0,
                    0.0,
                    1.0
                ]
            ]
        },
        {
            "file_path": "/data/shapenet_blender/all_50_random/02958343/3045cc22be31372859139efcde1fedcb/r_35",
            "rotation": 0.12566370614359174,
            "transform_matrix": [
                [
                    -0.7241920232772827,
                    -0.3869480788707733,
                    0.5708039402961731,
                    2.3009843826293945
                ],
                [
                    0.6895984411239624,
                    -0.4063592553138733,
                    0.5994381904602051,
                    2.416412591934204
                ],
                [
                    0.0,
                    0.8277337551116943,
                    0.5611209273338318,
                    2.261950731277466
                ],
                [
                    0.0,
                    0.0,
                    0.0,
                    1.0
                ]
            ]
        },
        {
            "file_path": "/data/shapenet_blender/all_50_random/02958343/3045cc22be31372859139efcde1fedcb/r_36",
            "rotation": 0.12566370614359174,
            "transform_matrix": [
                [
                    0.8284436464309692,
                    -0.22502915561199188,
                    -0.5128771662712097,
                    -2.067473888397217
                ],
                [
                    -0.5600723624229431,
                    -0.3328569531440735,
                    -0.7586337924003601,
                    -3.05815052986145
                ],
                [
                    -1.4901160305669237e-08,
                    0.9157336950302124,
                    -0.40178585052490234,
                    -1.6196506023406982
                ],
                [
                    0.0,
                    0.0,
                    0.0,
                    1.0
                ]
            ]
        },
        {
            "file_path": "/data/shapenet_blender/all_50_random/02958343/3045cc22be31372859139efcde1fedcb/r_37",
            "rotation": 0.12566370614359174,
            "transform_matrix": [
                [
                    -0.6910730004310608,
                    0.0883263349533081,
                    -0.7173677682876587,
                    -2.8918020725250244
                ],
                [
                    -0.7227849960327148,
                    -0.08445104956626892,
                    0.6858934760093689,
                    2.764925003051758
                ],
                [
                    -7.450581485102248e-09,
                    0.9925051331520081,
                    0.12220277637243271,
                    0.49261513352394104
                ],
                [
                    0.0,
                    0.0,
                    0.0,
                    1.0
                ]
            ]
        },
        {
            "file_path": "/data/shapenet_blender/all_50_random/02958343/3045cc22be31372859139efcde1fedcb/r_38",
            "rotation": 0.12566370614359174,
            "transform_matrix": [
                [
                    -0.8519173264503479,
                    0.372316837310791,
                    -0.36826226115226746,
                    -1.4845128059387207
                ],
                [
                    -0.5236763954162598,
                    -0.6056854724884033,
                    0.5990894436836243,
                    2.4150071144104004
                ],
                [
                    0.0,
                    0.7032250165939331,
                    0.7109673023223877,
                    2.8660011291503906
                ],
                [
                    0.0,
                    0.0,
                    0.0,
                    1.0
                ]
            ]
        },
        {
            "file_path": "/data/shapenet_blender/all_50_random/02958343/3045cc22be31372859139efcde1fedcb/r_39",
            "rotation": 0.12566370614359174,
            "transform_matrix": [
                [
                    0.9907901287078857,
                    -0.0636306032538414,
                    -0.11952506005764008,
                    -0.4818209707736969
                ],
                [
                    -0.13540717959403992,
                    -0.465592622756958,
                    -0.8745788931846619,
                    -3.525540590286255
                ],
                [
                    0.0,
                    0.8827085494995117,
                    -0.4699205458164215,
                    -1.894310474395752
                ],
                [
                    0.0,
                    0.0,
                    0.0,
                    1.0
                ]
            ]
        },
        {
            "file_path": "/data/shapenet_blender/all_50_random/02958343/3045cc22be31372859139efcde1fedcb/r_40",
            "rotation": 0.12566370614359174,
            "transform_matrix": [
                [
                    -0.603157103061676,
                    -0.1642553061246872,
                    -0.7805264592170715,
                    -3.1464030742645264
                ],
                [
                    -0.7976225018501282,
                    0.12420883774757385,
                    0.5902292132377625,
                    2.3792903423309326
                ],
                [
                    0.0,
                    0.9785664677619934,
                    -0.20593112707138062,
                    -0.8301349878311157
                ],
                [
                    0.0,
                    0.0,
                    0.0,
                    1.0
                ]
            ]
        },
        {
            "file_path": "/data/shapenet_blender/all_50_random/02958343/3045cc22be31372859139efcde1fedcb/r_41",
            "rotation": 0.12566370614359174,
            "transform_matrix": [
                [
                    -0.5754460096359253,
                    0.6235109567642212,
                    0.5292409658432007,
                    2.1334385871887207
                ],
                [
                    0.8178398609161377,
                    0.4387128949165344,
                    0.37238290905952454,
                    1.5011235475540161
                ],
                [
                    -1.4901161193847656e-08,
                    0.6471205353736877,
