{
    "class": "02958343",
    "model": "51ae6558e6914920253c03b7df20edd5",
    "remove_doubles": true,
    "edge_split": true,
    "denoise": true,
    "camera_angle_x": 0.6911112070083618,
    "scale_factor": 2.246443923847107,
    "hdri_file": "/data/IndoorHDRDataset2018/AG8A9162-dd89565d2f.exr",
    "center_offset": [
        0.0,
        -1.862645149230957e-09,
        -3.725290298461914e-09
    ],
    "lights": [],
    "frames": [
        {
            "file_path": "/data/shapenet_blender/all_50_random/02958343/51ae6558e6914920253c03b7df20edd5/r_0",
            "rotation": 0.12566370614359174,
            "transform_matrix": [
                [
                    -0.9999009370803833,
                    -0.002433887915685773,
                    0.013866456225514412,
                    0.05589747428894043
                ],
                [
                    0.014078439213335514,
                    -0.1728634089231491,
                    0.9848451614379883,
                    3.9700379371643066
                ],
                [
                    2.3283067140944524e-10,
                    0.9849427342414856,
                    0.17288054525852203,
                    0.6969037652015686
                ],
                [
                    0.0,
                    0.0,
                    0.0,
                    1.0
                ]
            ]
        },
        {
            "file_path": "/data/shapenet_blender/all_50_random/02958343/51ae6558e6914920253c03b7df20edd5/r_1",
            "rotation": 0.12566370614359174,
            "transform_matrix": [
                [
                    -0.6230344176292419,
                    0.39045053720474243,
                    -0.6777731776237488,
                    -2.7321910858154297
                ],
                [
                    -0.7821943759918213,
                    -0.31100213527679443,
                    0.539860725402832,
                    2.176248073577881
                ],
                [
                    0.0,
                    0.8665022850036621,
                    0.49917328357696533,
                    2.0122318267822266
                ],
                [
                    0.0,
                    0.0,
                    0.0,
                    1.0
                ]
            ]
        },
        {
            "file_path": "/data/shapenet_blender/all_50_random/02958343/51ae6558e6914920253c03b7df20edd5/r_2",
            "rotation": 0.12566370614359174,
            "transform_matrix": [
                [
                    -0.9543166756629944,
                    -0.00610884977504611,
                    -0.29873454570770264,
                    -1.2042373418807983
                ],
                [
                    -0.29879698157310486,
                    0.01951083168387413,
                    0.9541172981262207,
                    3.8461694717407227
                ],
                [
                    0.0,
                    0.9997909665107727,
                    -0.020444819703698158,
                    -0.08241569250822067
                ],
                [
                    0.0,
                    0.0,
                    0.0,
                    1.0
                ]
            ]
        },
        {
            "file_path": "/data/shapenet_blender/all_50_random/02958343/51ae6558e6914920253c03b7df20edd5/r_3",
            "rotation": 0.12566370614359174,
            "transform_matrix": [
                [
                    0.47844207286834717,
                    0.0019044597866013646,
                    0.878117024898529,
                    3.5398030281066895
                ],
                [
                    0.8781191110610962,
                    -0.0010376423597335815,
                    -0.47844091057777405,
                    -1.928657054901123
                ],
                [
                    -5.820766091346741e-11,
                    0.9999976754188538,
                    -0.00216879416257143,
                    -0.008742689155042171
                ],
                [
                    0.0,
                    0.0,
                    0.0,
                    1.0
                ]
            ]
        },
        {
            "file_path": "/data/shapenet_blender/all_50_random/02958343/51ae6558e6914920253c03b7df20edd5/r_4",
            "rotation": 0.12566370614359174,
            "transform_matrix": [
                [
                    0.9068806767463684,
                    -0.35437846183776855,
                    -0.22799839079380035,
                    -0.9190908670425415
                ],
                [
                    -0.4213874042034149,
                    -0.7626687288284302,
                    -0.4906822741031647,
                    -1.9780033826828003
                ],
                [
                    -1.4901160305669237e-08,
                    0.5410658717155457,
                    -0.8409801721572876,
                    -3.390099287033081
                ],
                [
                    0.0,
                    0.0,
                    0.0,
                    1.0
                ]
            ]
        },
        {
            "file_path": "/data/shapenet_blender/all_50_random/02958343/51ae6558e6914920253c03b7df20edd5/r_5",
            "rotation": 0.12566370614359174,
            "transform_matrix": [
                [
                    -0.4247532784938812,
                    0.377672016620636,
                    -0.8227688074111938,
                    -3.3166871070861816
                ],
                [
                    -0.9053091406822205,
                    -0.17719627916812897,
                    0.38602694869041443,
                    1.5561244487762451
                ],
                [
                    0.0,
                    0.9088262915611267,
                    0.41717463731765747,
                    1.6816847324371338
                ],
                [
                    0.0,
                    0.0,
                    0.0,
                    1.0
                ]
            ]
        },
        {
            "file_path": "/data/shapenet_blender/all_50_random/02958343/51ae6558e6914920253c03b7df20edd5/r_6",
            "rotation": 0.12566370614359174,
            "transform_matrix": [
                [
                    -0.9508411884307861,
                    0.16672095656394958,
                    0.2609696686267853,
                    1.0520024299621582
                ],
                [
                    0.30967891216278076,
                    0.5119016170501709,
                    0.8012837767601013,
                    3.2300782203674316
                ],
                [
                    0.0,
                    0.8427103757858276,
                    -0.5383671522140503,
                    -2.170227289199829
                ],
                [
                    0.0,
                    0.0,
                    0.0,
                    1.0
                ]
            ]
        },
        {
            "file_path": "/data/shapenet_blender/all_50_random/02958343/51ae6558e6914920253c03b7df20edd5/r_7",
            "rotation": 0.12566370614359174,
            "transform_matrix": [
                [
                    -0.8717085123062134,
                    -0.14838452637195587,
                    0.46701839566230774,
                    1.8826113939285278
                ],
                [
                    0.490024596452713,
                    -0.26396238803863525,
                    0.8307825922966003,
                    3.348991632461548
                ],
                [
                    7.450580152834618e-09,
                    0.9530507922172546,
                    0.3028103709220886,
                    1.2206676006317139
                ],
                [
                    0.0,
                    0.0,
                    0.0,
                    1.0
                ]
            ]
        },
        {
            "file_path": "/data/shapenet_blender/all_50_random/02958343/51ae6558e6914920253c03b7df20edd5/r_8",
            "rotation": 0.12566370614359174,
            "transform_matrix": [
                [
                    0.17263169586658478,
                    0.37532877922058105,
                    -0.9106736183166504,
                    -3.6710429191589355
                ],
                [
                    -0.984986424446106,
                    0.06578125059604645,
                    -0.159607395529747,
                    -0.6433980464935303
                ],
                [
                    0.0,
                    0.9245545268058777,
                    0.3810496926307678,
                    1.5360605716705322
                ],
                [
                    0.0,
                    0.0,
                    0.0,
                    1.0
                ]
            ]
        },
        {
            "file_path": "/data/shapenet_blender/all_50_random/02958343/51ae6558e6914920253c03b7df20edd5/r_9",
            "rotation": 0.12566370614359174,
            "transform_matrix": [
                [
                    -0.22235146164894104,
                    0.3028896749019623,
                    -0.9267240762710571,
                    -3.7357444763183594
                ],
                [
                    -0.9749666452407837,
                    -0.06907718628644943,
                    0.211349219083786,
                    0.8519760370254517
                ],
                [
                    7.450581485102248e-09,
                    0.9505188465118408,
                    0.3106667101383209,
                    1.2523376941680908
                ],
                [
                    0.0,
                    0.0,
                    0.0,
                    1.0
                ]
            ]
        },
        {
            "file_path": "/data/shapenet_blender/all_50_random/02958343/51ae6558e6914920253c03b7df20edd5/r_10",
            "rotation": 0.12566370614359174,
            "transform_matrix": [
                [
                    -0.9958629608154297,
                    0.08177123218774796,
                    -0.03962992876768112,
                    -0.15975335240364075
                ],
                [
                    -0.09086840599775314,
                    -0.8961634635925293,
                    0.4343200922012329,
                    1.7508002519607544
                ],
                [
                    -3.725290298461914e-09,
                    0.43612441420555115,
                    0.8998863697052002,
                    3.6275579929351807
                ],
                [
                    0.0,
                    0.0,
                    0.0,
                    1.0
                ]
            ]
        },
        {
            "file_path": "/data/shapenet_blender/all_50_random/02958343/51ae6558e6914920253c03b7df20edd5/r_11",
            "rotation": 0.12566370614359174,
            "transform_matrix": [
                [
                    -0.9211477041244507,
                    -0.09168051183223724,
                    -0.3782612085342407,
                    -1.5248197317123413
                ],
                [
                    -0.38921308517456055,
                    0.21697954833507538,
                    0.8952279090881348,
                    3.608779191970825
                ],
                [
                    -7.4505797087454084e-09,
                    0.9718613624572754,
                    -0.23555350303649902,
                    -0.9495465159416199
                ],
                [
                    0.0,
                    0.0,
                    0.0,
                    1.0
                ]
            ]
        },
        {
            "file_path": "/data/shapenet_blender/all_50_random/02958343/51ae6558e6914920253c03b7df20edd5/r_12",
            "rotation": 0.12566370614359174,
            "transform_matrix": [
                [
                    -0.9032137393951416,
                    -0.15839864313602448,
                    -0.39889195561408997,
                    -1.607985019683838
                ],
                [
                    -0.42919105291366577,
                    0.3333430290222168,
                    0.8394506573677063,
                    3.3839340209960938
                ],
                [
                    0.0,
                    0.9294042587280273,
                    -0.36906322836875916,
                    -1.4877415895462036
                ],
                [
                    0.0,
                    0.0,
                    0.0,
                    1.0
                ]
            ]
        },
        {
            "file_path": "/data/shapenet_blender/all_50_random/02958343/51ae6558e6914920253c03b7df20edd5/r_13",
            "rotation": 0.12566370614359174,
            "transform_matrix": [
                [
                    -0.5150360465049744,
                    0.24147838354110718,
                    0.8224512338638306,
                    3.3154070377349854
                ],
                [
                    0.8571684956550598,
                    0.14509408175945282,
                    0.4941759407520294,
                    1.9920868873596191
                ],
                [
                    0.0,
                    0.9594976305961609,
                    -0.28171640634536743,
                    -1.1356351375579834
                ],
                [
                    0.0,
                    0.0,
                    0.0,
                    1.0
                ]
            ]
        },
        {
            "file_path": "/data/shapenet_blender/all_50_random/02958343/51ae6558e6914920253c03b7df20edd5/r_14",
            "rotation": 0.12566370614359174,
            "transform_matrix": [
                [
                    0.17076829075813293,
                    0.9417619705200195,
                    -0.289693683385849,
                    -1.167792558670044
                ],
                [
                    -0.9853112101554871,
                    0.1632205843925476,
                    -0.05020798370242119,
                    -0.20239485800266266
                ],
                [
                    3.725290298461914e-09,
                    0.2940124571323395,
                    0.9558016061782837,
                    3.852959632873535
                ],
                [
                    0.0,
                    0.0,
                    0.0,
                    1.0
                ]
            ]
        },
        {
            "file_path": "/data/shapenet_blender/all_50_random/02958343/51ae6558e6914920253c03b7df20edd5/r_15",
            "rotation": 0.12566370614359174,
            "transform_matrix": [
                [
                    0.03482896834611893,
                    -0.6435913443565369,
                    -0.7645763754844666,
                    -3.082106113433838
                ],
                [
                    -0.9993933439254761,
                    -0.022429227828979492,
                    -0.026645569130778313,
                    -0.10741173475980759
                ],
                [
                    -1.862645371275562e-09,
                    0.7650405764579773,
                    -0.6439819931983948,
                    -2.5959746837615967
                ],
                [
                    0.0,
                    0.0,
                    0.0,
                    1.0
                ]
            ]
        },
        {
            "file_path": "/data/shapenet_blender/all_50_random/02958343/51ae6558e6914920253c03b7df20edd5/r_16",
            "rotation": 0.12566370614359174,
            "transform_matrix": [
                [
                    0.9373663067817688,
                    0.05939808115363121,
                    -0.3432440459728241,
                    -1.383660912513733
                ],
                [
                    -0.3483455181121826,
                    0.1598348617553711,
                    -0.9236387014389038,
                    -3.723306179046631
                ],
                [
                    3.725290742551124e-09,
                    0.9853550791740417,
                    0.17051486670970917,
                    0.6873673796653748
                ],
                [
                    0.0,
                    0.0,
                    0.0,
                    1.0
                ]
            ]
        },
        {
            "file_path": "/data/shapenet_blender/all_50_random/02958343/51ae6558e6914920253c03b7df20edd5/r_17",
            "rotation": 0.12566370614359174,
            "transform_matrix": [
                [
                    -0.7527907490730286,
                    -0.02284768596291542,
                    0.6578632593154907,
                    2.6519315242767334
                ],
                [
                    0.658259928226471,
                    -0.026128778234124184,
                    0.7523371577262878,
                    3.0327680110931396
                ],
                [
                    0.0,
                    0.9993974566459656,
                    0.03470921888947487,
                    0.13991734385490417
                ],
                [
                    0.0,
                    0.0,
                    0.0,
                    1.0
                ]
            ]
        },
        {
            "file_path": "/data/shapenet_blender/all_50_random/02958343/51ae6558e6914920253c03b7df20edd5/r_18",
            "rotation": 0.12566370614359174,
            "transform_matrix": [
                [
                    0.930795431137085,
                    -0.033828750252723694,
                    0.3639719486236572,
                    1.4672179222106934
                ],
                [
                    0.3655407130718231,
                    0.08613992482423782,
                    -0.9268008470535278,
                    -3.736053943634033
                ],
                [
                    -3.725290742551124e-09,
                    0.9957085251808167,
                    0.09254442155361176,
                    0.3730585277080536
                ],
                [
                    0.0,
                    0.0,
                    0.0,
                    1.0
                ]
            ]
        },
        {
            "file_path": "/data/shapenet_blender/all_50_random/02958343/51ae6558e6914920253c03b7df20edd5/r_19",
            "rotation": 0.12566370614359174,
            "transform_matrix": [
                [
                    -0.34115853905677795,
                    -0.7935670018196106,
                    0.5038474798202515,
                    2.031074047088623
                ],
                [
                    0.9400058388710022,
                    -0.2880111336708069,
                    0.1828625500202179,
                    0.7371425032615662
                ],
                [
                    -1.4901162970204496e-08,
                    0.5360045433044434,
                    0.8442150354385376,
                    3.403139591217041
                ],
                [
                    0.0,
                    0.0,
                    0.0,
                    1.0
                ]
            ]
        },
        {
            "file_path": "/data/shapenet_blender/all_50_random/02958343/51ae6558e6914920253c03b7df20edd5/r_20",
            "rotation": 0.12566370614359174,
            "transform_matrix": [
                [
                    -0.07247185707092285,
                    -0.12210826575756073,
                    0.9898673295974731,
                    3.9902830123901367
                ],
                [
                    0.9973704814910889,
                    -0.00887274369597435,
                    0.07192665338516235,
                    0.2899456322193146
                ],
                [
                    0.0,
                    0.9924771785736084,
                    0.12243019789457321,
                    0.4935319423675537
                ],
                [
                    0.0,
                    0.0,
                    0.0,
                    1.0
                ]
            ]
        },
        {
            "file_path": "/data/shapenet_blender/all_50_random/02958343/51ae6558e6914920253c03b7df20edd5/r_21",
            "rotation": 0.12566370614359174,
            "transform_matrix": [
                [
                    0.485061377286911,
                    -0.06881614029407501,
                    -0.8717681765556335,
                    -3.5142099857330322
                ],
                [
                    -0.8744801878929138,
                    -0.03817130625247955,
                    -0.4835570752620697,
                    -1.9492809772491455
                ],
                [
                    0.0,
                    0.9968988299369812,
                    -0.07869376987218857,
                    -0.31722474098205566
                ],
                [
                    0.0,
                    0.0,
                    0.0,
                    1.0
                ]
            ]
        },
        {
            "file_path": "/data/shapenet_blender/all_50_random/02958343/51ae6558e6914920253c03b7df20edd5/r_22",
            "rotation": 0.12566370614359174,
            "transform_matrix": [
                [
                    -0.5058068633079529,
                    0.830978512763977,
                    0.23159070312976837,
                    0.933571994304657
                ],
                [
                    0.8626468181610107,
                    0.487238347530365,
                    0.13579155504703522,
                    0.547393262386322
                ],
                [
                    -7.450580596923828e-09,
                    0.26846522092819214,
                    -0.9632893800735474,
                    -3.883143663406372
                ],
                [
                    0.0,
                    0.0,
                    0.0,
                    1.0
                ]
            ]
        },
        {
            "file_path": "/data/shapenet_blender/all_50_random/02958343/51ae6558e6914920253c03b7df20edd5/r_23",
            "rotation": 0.12566370614359174,
            "transform_matrix": [
                [
                    0.8696157932281494,
                    0.34529802203178406,
                    -0.3528987765312195,
                    -1.422580599784851
                ],
                [
                    -0.4937289357185364,
                    0.6081811189651489,
                    -0.6215684413909912,
                    -2.5056228637695312
                ],
                [
                    1.4901160305669237e-08,
                    0.7147622108459473,
                    0.6993675231933594,
                    2.8192408084869385
                ],
                [
                    0.0,
                    0.0,
                    0.0,
                    1.0
                ]
            ]
        },
        {
            "file_path": "/data/shapenet_blender/all_50_random/02958343/51ae6558e6914920253c03b7df20edd5/r_24",
            "rotation": 0.12566370614359174,
            "transform_matrix": [
                [
                    -0.31499019265174866,
                    0.10575716942548752,
                    0.9431841969490051,
                    3.8020973205566406
                ],
                [
                    0.9490948915481567,
                    0.035099200904369354,
                    0.3130285441875458,
                    1.261858582496643
                ],
                [
                    3.725290076417309e-09,
                    0.9937723278999329,
                    -0.11142949014902115,
                    -0.44918668270111084
                ],
                [
                    0.0,
                    0.0,
                    0.0,
                    1.0
                ]
            ]
        },
        {
            "file_path": "/data/shapenet_blender/all_50_random/02958343/51ae6558e6914920253c03b7df20edd5/r_25",
            "rotation": 0.12566370614359174,
            "transform_matrix": [
                [
                    0.9940764307975769,
                    -0.0004896834725514054,
                    -0.10868263244628906,
                    -0.4381137490272522
                ],
                [
                    -0.1086837500333786,
                    -0.004478892311453819,
                    -0.9940661787986755,
                    -4.007209300994873
                ],
                [
                    -2.9103830456733704e-11,
                    0.9999898672103882,
                    -0.004505580756813288,
                    -0.018162578344345093
                ],
                [
                    0.0,
                    0.0,
                    0.0,
                    1.0
                ]
            ]
        },
        {
            "file_path": "/data/shapenet_blender/all_50_random/02958343/51ae6558e6914920253c03b7df20edd5/r_26",
            "rotation": 0.12566370614359174,
            "transform_matrix": [
                [
                    -0.08080161362886429,
                    -0.18125273287296295,
                    -0.9801114797592163,
                    -3.950955867767334
                ],
                [
                    -0.9967301487922668,
                    0.01469356007874012,
                    0.07945439219474792,
                    0.3202908933162689
                ],
                [
                    9.313225191043273e-10,
                    0.9833267331123352,
                    -0.18184734880924225,
                    -0.7330501079559326
                ],
                [
                    0.0,
                    0.0,
                    0.0,
                    1.0
                ]
            ]
        },
        {
            "file_path": "/data/shapenet_blender/all_50_random/02958343/51ae6558e6914920253c03b7df20edd5/r_27",
            "rotation": 0.12566370614359174,
            "transform_matrix": [
                [
                    0.8115906715393066,
                    -0.0439140647649765,
                    -0.5825737714767456,
                    -2.3484301567077637
                ],
                [
                    -0.5842266082763672,
                    -0.06100413575768471,
                    -0.809294581413269,
                    -3.262371063232422
                ],
                [
                    3.725290742551124e-09,
                    0.9971709847450256,
                    -0.07516614347696304,
                    -0.3030044436454773
                ],
                [
                    0.0,
                    0.0,
                    0.0,
                    1.0
                ]
            ]
        },
        {
            "file_path": "/data/shapenet_blender/all_50_random/02958343/51ae6558e6914920253c03b7df20edd5/r_28",
            "rotation": 0.12566370614359174,
            "transform_matrix": [
                [
                    -0.9996634125709534,
                    -0.0037770881317555904,
                    0.025666408240795135,
                    0.10346460342407227
                ],
                [
                    0.025942839682102203,
                    -0.14554369449615479,
                    0.9890115857124329,
                    3.986833333969116
                ],
                [
                    0.0,
                    0.989344596862793,
                    0.14559268951416016,
                    0.586902916431427
                ],
                [
                    0.0,
                    0.0,
                    0.0,
                    1.0
                ]
            ]
        },
        {
            "file_path": "/data/shapenet_blender/all_50_random/02958343/51ae6558e6914920253c03b7df20edd5/r_29",
            "rotation": 0.12566370614359174,
            "transform_matrix": [
                [
                    0.22130611538887024,
                    -0.8267736434936523,
                    0.5171739459037781,
                    2.0847949981689453
                ],
                [
                    0.9752044081687927,
                    0.18762226402759552,
                    -0.11736387014389038,
                    -0.4731089174747467
                ],
                [
                    0.0,
                    0.5303236246109009,
                    0.8477951288223267,
                    3.417571783065796
                ],
                [
                    0.0,
                    0.0,
                    0.0,
                    1.0
                ]
            ]
        },
        {
            "file_path": "/data/shapenet_blender/all_50_random/02958343/51ae6558e6914920253c03b7df20edd5/r_30",
            "rotation": 0.12566370614359174,
            "transform_matrix": [
                [
                    0.9214527606964111,
                    0.3726649582386017,
                    0.10975269228219986,
                    0.44242724776268005
                ],
                [
                    0.3884904682636261,
                    -0.8839165568351746,
                    -0.2603202164173126,
                    -1.049384355545044
                ],
                [
                    0.0,
                    0.2825106978416443,
                    -0.9592640995979309,
                    -3.866917371749878
                ],
                [
                    0.0,
                    0.0,
                    0.0,
                    1.0
                ]
            ]
        },
        {
            "file_path": "/data/shapenet_blender/all_50_random/02958343/51ae6558e6914920253c03b7df20edd5/r_31",
            "rotation": 0.12566370614359174,
            "transform_matrix": [
                [
                    -0.9996121525764465,
                    0.007351529318839312,
                    0.02685975655913353,
                    0.1082751452922821
                ],
                [
                    0.0278476495295763,
                    0.2638886272907257,
                    0.9641510248184204,
                    3.8866171836853027
                ],
                [
                    4.656612873077393e-10,
                    0.9645251631736755,
                    -0.26399099826812744,
                    -1.0641818046569824
                ],
                [
                    0.0,
                    0.0,
                    0.0,
                    1.0
                ]
            ]
        },
        {
            "file_path": "/data/shapenet_blender/all_50_random/02958343/51ae6558e6914920253c03b7df20edd5/r_32",
            "rotation": 0.12566370614359174,
            "transform_matrix": [
                [
                    0.78643798828125,
                    -0.3252894878387451,
                    -0.5250734090805054,
                    -2.116638660430908
                ],
                [
                    -0.6176692247390747,
                    -0.41416987776756287,
                    -0.668541669845581,
                    -2.6949777603149414
                ],
                [
                    -1.4901161193847656e-08,
                    0.8500882387161255,
                    -0.5266401767730713,
                    -2.1229543685913086
                ],
                [
                    0.0,
                    0.0,
                    0.0,
                    1.0
                ]
            ]
        },
        {
            "file_path": "/data/shapenet_blender/all_50_random/02958343/51ae6558e6914920253c03b7df20edd5/r_33",
            "rotation": 0.12566370614359174,
            "transform_matrix": [
                [
                    -0.15001973509788513,
                    0.4468062222003937,
                    -0.8819627165794373,
                    -3.5553054809570312
                ],
                [
                    -0.9886829257011414,
                    -0.06779701262712479,
                    0.133826345205307,
                    0.5394712686538696
                ],
                [
                    7.450580152834618e-09,
                    0.8920581936836243,
                    0.4519205689430237,
                    1.8217500448226929
                ],
                [
                    0.0,
                    0.0,
                    0.0,
                    1.0
                ]
            ]
        },
        {
            "file_path": "/data/shapenet_blender/all_50_random/02958343/51ae6558e6914920253c03b7df20edd5/r_34",
            "rotation": 0.12566370614359174,
            "transform_matrix": [
                [
                    -0.727691113948822,
                    0.007990073412656784,
                    -0.6858583688735962,
                    -2.7647838592529297
                ],
                [
                    -0.6859049797058105,
                    -0.00847683660686016,
                    0.7276416420936584,
                    2.9332175254821777
                ],
                [
                    9.313224635931761e-10,
                    0.9999322295188904,
                    0.01164894737303257,
                    0.04695841297507286
                ],
                [
                    0.0,
                    0.0,
                    0.0,
                    1.0
                ]
            ]
        },
        {
            "file_path": "/data/shapenet_blender/all_50_random/02958343/51ae6558e6914920253c03b7df20edd5/r_35",
            "rotation": 0.12566370614359174,
            "transform_matrix": [
                [
                    -0.9014178514480591,
                    0.3313060402870178,
                    -0.2787153124809265,
                    -1.1235374212265015
                ],
                [
                    -0.43295031785964966,
                    -0.6897909045219421,
                    0.5802951455116272,
                    2.3392446041107178
                ],
                [
                    0.0,
                    0.6437581777572632,
                    0.7652288675308228,
                    3.0847363471984863
                ],
                [
                    0.0,
                    0.0,
                    0.0,
                    1.0
                ]
            ]
        },
        {
            "file_path": "/data/shapenet_blender/all_50_random/02958343/51ae6558e6914920253c03b7df20edd5/r_36",
            "rotation": 0.12566370614359174,
            "transform_matrix": [
                [
                    0.9988170266151428,
                    -0.0014440154191106558,
                    0.048607517033815384,
                    0.19594316184520721
                ],
                [
                    0.04862896725535393,
                    0.02965942583978176,
                    -0.9983764886856079,
                    -4.0245842933654785
                ],
                [
                    0.0,
                    0.9995589852333069,
                    0.029694555327296257,
                    0.11970257759094238
                ],
                [
                    0.0,
                    0.0,
                    0.0,
                    1.0
                ]
            ]
        },
        {
            "file_path": "/data/shapenet_blender/all_50_random/02958343/51ae6558e6914920253c03b7df20edd5/r_37",
            "rotation": 0.12566370614359174,
            "transform_matrix": [
                [
                    -0.24567744135856628,
                    -0.011045582592487335,
                    0.9692887663841248,
                    3.907327651977539
                ],
                [
                    0.9693517088890076,
                    -0.0027994487900286913,
                    0.24566148221492767,
                    0.990293025970459
                ],
                [
                    0.0,
                    0.9999350905418396,
                    0.01139481645077467,
                    0.04593397304415703
                ],
                [
                    0.0,
                    0.0,
                    0.0,
                    1.0
                ]
            ]
        },
        {
            "file_path": "/data/shapenet_blender/all_50_random/02958343/51ae6558e6914920253c03b7df20edd5/r_38",
            "rotation": 0.12566370614359174,
            "transform_matrix": [
                [
                    -0.9992886781692505,
                    0.002782754134386778,
                    0.03760957717895508,
                    0.15160906314849854
                ],
                [
                    0.03771239519119263,
                    0.07373636215925217,
                    0.9965643286705017,
                    4.017279624938965
                ],
                [
                    0.0,
                    0.9972738027572632,
                    -0.0737888440489769,
                    -0.2974523603916168
                ],
                [
                    0.0,
                    0.0,
                    0.0,
                    1.0
                ]
            ]
        },
        {
            "file_path": "/data/shapenet_blender/all_50_random/02958343/51ae6558e6914920253c03b7df20edd5/r_39",
            "rotation": 0.12566370614359174,
            "transform_matrix": [
                [
                    -0.5893300175666809,
                    -0.12871210277080536,
                    -0.7975733876228333,
                    -3.215121269226074
                ],
                [
                    -0.8078925013542175,
                    0.09389109909534454,
                    0.5818026065826416,
                    2.3453214168548584
                ],
                [
                    0.0,
                    0.987227201461792,
                    -0.15931837260723114,
                    -0.6422328948974609
                ],
                [
                    0.0,
                    0.0,
                    0.0,
                    1.0
                ]
            ]
        },
        {
            "file_path": "/data/shapenet_blender/all_50_random/02958343/51ae6558e6914920253c03b7df20edd5/r_40",
            "rotation": 0.12566370614359174,
            "transform_matrix": [
                [
                    0.22961671650409698,
                    -0.35123303532600403,
                    0.9076957702636719,
                    3.6590383052825928
                ],
                [
                    0.9732811450958252,
                    0.0828629806637764,
                    -0.2141437828540802,
                    -0.8632410764694214
                ],
                [
                    -7.450580596923828e-09,
                    0.9326140880584717,
                    0.3608752489089966,
                    1.454734444618225
                ],
                [
                    0.0,
                    0.0,
                    0.0,
                    1.0
                ]
            ]
        },
        {
            "file_path": "/data/shapenet_blender/all_50_random/02958343/51ae6558e6914920253c03b7df20edd5/r_41",
            "rotation": 0.12566370614359174,
            "transform_matrix": [
                [
                    -0.8285844922065735,
                    0.008879432454705238,
                    -0.5597937107086182,
                    -2.2566006183624268
                ],
                [
                    -0.5598641633987427,
                    -0.01314133033156395,
