{
    "class": "02958343",
    "model": "107699ca67fcdf3fea999fe4ffdc2504",
    "remove_doubles": true,
    "edge_split": true,
    "denoise": true,
    "camera_angle_x": 0.6911112070083618,
    "scale_factor": 2.2660552614837695,
    "hdri_file": "/data/IndoorHDRDataset2018/AG8A0531-04ef73906f.exr",
    "center_offset": [
        0.0,
        -1.3969838619232178e-09,
        -3.725290298461914e-09
    ],
    "lights": [],
    "frames": [
        {
            "file_path": "/data/shapenet_blender/all_50_random/02958343/107699ca67fcdf3fea999fe4ffdc2504/r_0",
            "rotation": 0.12566370614359174,
            "transform_matrix": [
                [
                    -0.9982160925865173,
                    -0.019293474033474922,
                    0.05650126934051514,
                    0.22776389122009277
                ],
                [
                    0.05970453470945358,
                    -0.3225727379322052,
                    0.9446598291397095,
                    3.8080453872680664
                ],
                [
                    0.0,
                    0.9463478922843933,
                    0.3231492340564728,
                    1.3026561737060547
                ],
                [
                    0.0,
                    0.0,
                    0.0,
                    1.0
                ]
            ]
        },
        {
            "file_path": "/data/shapenet_blender/all_50_random/02958343/107699ca67fcdf3fea999fe4ffdc2504/r_1",
            "rotation": 0.12566370614359174,
            "transform_matrix": [
                [
                    -0.9603380560874939,
                    -0.2532675564289093,
                    0.11664649099111557,
                    0.4702170491218567
                ],
                [
                    0.27883845567703247,
                    -0.8722702860832214,
                    0.4017382264137268,
                    1.619458556175232
                ],
                [
                    0.0,
                    0.41833001375198364,
                    0.9082950949668884,
                    3.661454677581787
                ],
                [
                    0.0,
                    0.0,
                    0.0,
                    1.0
                ]
            ]
        },
        {
            "file_path": "/data/shapenet_blender/all_50_random/02958343/107699ca67fcdf3fea999fe4ffdc2504/r_2",
            "rotation": 0.12566370614359174,
            "transform_matrix": [
                [
                    -0.7945064306259155,
                    -0.4364219903945923,
                    0.42225024104118347,
                    1.7021452188491821
                ],
                [
                    0.6072556376457214,
                    -0.5709951519966125,
                    0.5524535179138184,
                    2.2270114421844482
                ],
                [
                    -1.4901161193847656e-08,
                    0.6953417658805847,
                    0.7186791300773621,
                    2.8970882892608643
                ],
                [
                    0.0,
                    0.0,
                    0.0,
                    1.0
                ]
            ]
        },
        {
            "file_path": "/data/shapenet_blender/all_50_random/02958343/107699ca67fcdf3fea999fe4ffdc2504/r_3",
            "rotation": 0.12566370614359174,
            "transform_matrix": [
                [
                    -0.564697265625,
                    0.2170879989862442,
                    -0.796234667301178,
                    -3.2097249031066895
                ],
                [
                    -0.8252982497215271,
                    -0.14853905141353607,
                    0.5448110103607178,
                    2.1962037086486816
                ],
                [
                    0.0,
                    0.9647843241691589,
                    0.2630418837070465,
                    1.0603559017181396
                ],
                [
                    0.0,
                    0.0,
                    0.0,
                    1.0
                ]
            ]
        },
        {
            "file_path": "/data/shapenet_blender/all_50_random/02958343/107699ca67fcdf3fea999fe4ffdc2504/r_4",
            "rotation": 0.12566370614359174,
            "transform_matrix": [
                [
                    -0.5194632411003113,
                    -0.42668116092681885,
                    0.7403384447097778,
                    2.9844000339508057
                ],
                [
                    0.8544929027557373,
                    -0.25938794016838074,
                    0.450066477060318,
                    1.814276099205017
                ],
                [
                    -1.4901162970204496e-08,
                    0.8664068579673767,
                    0.4993385374546051,
                    2.0128982067108154
                ],
                [
                    0.0,
                    0.0,
                    0.0,
                    1.0
                ]
            ]
        },
        {
            "file_path": "/data/shapenet_blender/all_50_random/02958343/107699ca67fcdf3fea999fe4ffdc2504/r_5",
            "rotation": 0.12566370614359174,
            "transform_matrix": [
                [
                    0.6758546233177185,
                    -0.16608838737010956,
                    0.7180773615837097,
                    2.894662618637085
                ],
                [
                    0.7370350360870361,
                    0.1523015946149826,
                    -0.658470630645752,
                    -2.6543803215026855
                ],
                [
                    0.0,
                    0.9742786884307861,
                    0.2253466546535492,
                    0.9084014892578125
                ],
                [
                    0.0,
                    0.0,
                    0.0,
                    1.0
                ]
            ]
        },
        {
            "file_path": "/data/shapenet_blender/all_50_random/02958343/107699ca67fcdf3fea999fe4ffdc2504/r_6",
            "rotation": 0.12566370614359174,
            "transform_matrix": [
                [
                    -0.13039666414260864,
                    0.5617407560348511,
                    -0.8169724345207214,
                    -3.293321132659912
                ],
                [
                    -0.9914619326591492,
                    -0.0738799124956131,
                    0.10744787752628326,
                    0.4331362545490265
                ],
                [
                    0.0,
                    0.8240078091621399,
                    0.5665783286094666,
                    2.2839503288269043
                ],
                [
                    0.0,
                    0.0,
                    0.0,
                    1.0
                ]
            ]
        },
        {
            "file_path": "/data/shapenet_blender/all_50_random/02958343/107699ca67fcdf3fea999fe4ffdc2504/r_7",
            "rotation": 0.12566370614359174,
            "transform_matrix": [
                [
                    -0.0062173837795853615,
                    0.5211725234985352,
                    0.8534287214279175,
                    3.4402811527252197
                ],
                [
                    0.9999806880950928,
                    0.003240392077714205,
                    0.00530619639903307,
                    0.02138996124267578
                ],
                [
                    2.3283064365386963e-10,
                    0.8534452319145203,
                    -0.5211825370788574,
                    -2.100954055786133
                ],
                [
                    0.0,
                    0.0,
                    0.0,
                    1.0
                ]
            ]
        },
        {
            "file_path": "/data/shapenet_blender/all_50_random/02958343/107699ca67fcdf3fea999fe4ffdc2504/r_8",
            "rotation": 0.12566370614359174,
            "transform_matrix": [
                [
                    0.9850230813026428,
                    -0.044127050787210464,
                    -0.16668027639389038,
                    -0.671909749507904
                ],
                [
                    -0.17242249846458435,
                    -0.25209102034568787,
                    -0.9522187113761902,
                    -3.8385167121887207
                ],
                [
                    3.725290298461914e-09,
                    0.9666969180107117,
                    -0.25592395663261414,
                    -1.0316625833511353
                ],
                [
                    0.0,
                    0.0,
                    0.0,
                    1.0
                ]
            ]
        },
        {
            "file_path": "/data/shapenet_blender/all_50_random/02958343/107699ca67fcdf3fea999fe4ffdc2504/r_9",
            "rotation": 0.12566370614359174,
            "transform_matrix": [
                [
                    0.545815110206604,
                    -0.36769112944602966,
                    -0.752920389175415,
                    -3.03511905670166
                ],
                [
                    -0.8379056453704834,
                    -0.239515483379364,
                    -0.49045535922050476,
                    -1.9770888090133667
                ],
                [
                    0.0,
                    0.8985740542411804,
                    -0.4388216733932495,
                    -1.7689467668533325
                ],
                [
                    0.0,
                    0.0,
                    0.0,
                    1.0
                ]
            ]
        },
        {
            "file_path": "/data/shapenet_blender/all_50_random/02958343/107699ca67fcdf3fea999fe4ffdc2504/r_10",
            "rotation": 0.12566370614359174,
            "transform_matrix": [
                [
                    0.06930051743984222,
                    0.27261653542518616,
                    0.9596236944198608,
                    3.8683669567108154
                ],
                [
                    0.9975958466529846,
                    -0.01893799565732479,
                    -0.06666268408298492,
                    -0.2687258720397949
                ],
                [
                    0.0,
                    0.961936354637146,
                    -0.2732735276222229,
                    -1.1016007661819458
                ],
                [
                    0.0,
                    0.0,
                    0.0,
                    1.0
                ]
            ]
        },
        {
            "file_path": "/data/shapenet_blender/all_50_random/02958343/107699ca67fcdf3fea999fe4ffdc2504/r_11",
            "rotation": 0.12566370614359174,
            "transform_matrix": [
                [
                    0.7051304578781128,
                    -0.4537215232849121,
                    -0.544910728931427,
                    -2.196605682373047
                ],
                [
                    -0.7090775966644287,
                    -0.4511958360671997,
                    -0.5418774485588074,
                    -2.184378147125244
                ],
                [
                    0.0,
                    0.768478274345398,
                    -0.6398756504058838,
                    -2.5794215202331543
                ],
                [
                    0.0,
                    0.0,
                    0.0,
                    1.0
                ]
            ]
        },
        {
            "file_path": "/data/shapenet_blender/all_50_random/02958343/107699ca67fcdf3fea999fe4ffdc2504/r_12",
            "rotation": 0.12566370614359174,
            "transform_matrix": [
                [
                    -0.9250943064689636,
                    -0.37032216787338257,
                    -0.08403685688972473,
                    -0.33876341581344604
                ],
                [
                    -0.3797377347946167,
                    0.90215665102005,
                    0.20472554862499237,
                    0.8252750635147095
                ],
                [
                    0.0,
                    0.22130240499973297,
                    -0.9752052426338196,
                    -3.931178092956543
                ],
                [
                    0.0,
                    0.0,
                    0.0,
                    1.0
                ]
            ]
        },
        {
            "file_path": "/data/shapenet_blender/all_50_random/02958343/107699ca67fcdf3fea999fe4ffdc2504/r_13",
            "rotation": 0.12566370614359174,
            "transform_matrix": [
                [
                    0.9875457882881165,
                    0.0904432162642479,
                    -0.12873779237270355,
                    -0.518958568572998
                ],
                [
                    -0.15733210742473602,
                    0.5676960349082947,
                    -0.8080642819404602,
                    -3.257411003112793
                ],
                [
                    7.450580596923828e-09,
                    0.818254828453064,
                    0.5748555064201355,
                    2.3173162937164307
                ],
                [
                    0.0,
                    0.0,
                    0.0,
                    1.0
                ]
            ]
        },
        {
            "file_path": "/data/shapenet_blender/all_50_random/02958343/107699ca67fcdf3fea999fe4ffdc2504/r_14",
            "rotation": 0.12566370614359174,
            "transform_matrix": [
                [
                    0.754978597164154,
                    0.19218486547470093,
                    0.6269547343254089,
                    2.5273356437683105
                ],
                [
                    0.655749499797821,
                    -0.22126661241054535,
                    -0.7218265533447266,
                    -2.909776210784912
                ],
                [
                    1.4901162970204496e-08,
                    0.9560889005661011,
                    -0.29307663440704346,
                    -1.1814298629760742
                ],
                [
                    0.0,
                    0.0,
                    0.0,
                    1.0
                ]
            ]
        },
        {
            "file_path": "/data/shapenet_blender/all_50_random/02958343/107699ca67fcdf3fea999fe4ffdc2504/r_15",
            "rotation": 0.12566370614359174,
            "transform_matrix": [
                [
                    -0.8626013994216919,
                    0.16546662151813507,
                    0.4780581295490265,
                    1.9271141290664673
                ],
                [
                    0.5058841705322266,
                    0.28214311599731445,
                    0.8151541352272034,
                    3.285991668701172
                ],
                [
                    -1.4901161193847656e-08,
                    0.9449952244758606,
                    -0.3270839750766754,
                    -1.318517804145813
                ],
                [
                    0.0,
                    0.0,
                    0.0,
                    1.0
                ]
            ]
        },
        {
            "file_path": "/data/shapenet_blender/all_50_random/02958343/107699ca67fcdf3fea999fe4ffdc2504/r_16",
            "rotation": 0.12566370614359174,
            "transform_matrix": [
                [
                    -0.5075989365577698,
                    0.7502458691596985,
                    -0.42364418506622314,
                    -1.7077641487121582
                ],
                [
                    -0.8615934252738953,
                    -0.4419996738433838,
                    0.24958562850952148,
                    1.006111741065979
                ],
                [
                    0.0,
                    0.49169838428497314,
                    0.8707656264305115,
                    3.5101680755615234
                ],
                [
                    0.0,
                    0.0,
                    0.0,
                    1.0
                ]
            ]
        },
        {
            "file_path": "/data/shapenet_blender/all_50_random/02958343/107699ca67fcdf3fea999fe4ffdc2504/r_17",
            "rotation": 0.12566370614359174,
            "transform_matrix": [
                [
                    0.6750180721282959,
                    0.25492212176322937,
                    0.6923621296882629,
                    2.791001081466675
                ],
                [
                    0.7378012537956238,
                    -0.23322954773902893,
                    -0.6334456205368042,
                    -2.5535008907318115
                ],
                [
                    1.4901162970204496e-08,
                    0.9384128451347351,
                    -0.34551602602005005,
                    -1.3928196430206299
                ],
                [
                    0.0,
                    0.0,
                    0.0,
                    1.0
                ]
            ]
        },
        {
            "file_path": "/data/shapenet_blender/all_50_random/02958343/107699ca67fcdf3fea999fe4ffdc2504/r_18",
            "rotation": 0.12566370614359174,
            "transform_matrix": [
                [
                    -0.9937817454338074,
                    -0.03651187941431999,
                    -0.10518860816955566,
                    -0.42402881383895874
                ],
                [
                    -0.11134521663188934,
                    0.32587695121765137,
                    0.9388325214385986,
                    3.7845547199249268
                ],
                [
                    3.7252896323280993e-09,
                    0.944706916809082,
                    -0.3279159665107727,
                    -1.3218715190887451
                ],
                [
                    0.0,
                    0.0,
                    0.0,
                    1.0
                ]
            ]
        },
        {
            "file_path": "/data/shapenet_blender/all_50_random/02958343/107699ca67fcdf3fea999fe4ffdc2504/r_19",
            "rotation": 0.12566370614359174,
            "transform_matrix": [
                [
                    0.9638769030570984,
                    0.07086990773677826,
                    0.2567465007305145,
                    1.0349782705307007
                ],
                [
                    0.26634809374809265,
                    -0.25646841526031494,
                    -0.9291300773620605,
                    -3.745443105697632
                ],
                [
                    7.450580596923828e-09,
                    0.9639509320259094,
                    -0.2660800516605377,
                    -1.0726029872894287
                ],
                [
                    0.0,
                    0.0,
                    0.0,
                    1.0
                ]
            ]
        },
        {
            "file_path": "/data/shapenet_blender/all_50_random/02958343/107699ca67fcdf3fea999fe4ffdc2504/r_20",
            "rotation": 0.12566370614359174,
            "transform_matrix": [
                [
                    0.8468011617660522,
                    0.011684724129736423,
                    0.5317811965942383,
                    2.1436784267425537
                ],
                [
                    0.5319094657897949,
                    -0.01860210672020912,
                    -0.8465968370437622,
                    -3.412740707397461
                ],
                [
                    0.0,
                    0.9997585415840149,
                    -0.021967506036162376,
                    -0.08855383843183517
                ],
                [
                    0.0,
                    0.0,
                    0.0,
                    1.0
                ]
            ]
        },
        {
            "file_path": "/data/shapenet_blender/all_50_random/02958343/107699ca67fcdf3fea999fe4ffdc2504/r_21",
            "rotation": 0.12566370614359174,
            "transform_matrix": [
                [
                    0.36482927203178406,
                    -0.2650967240333557,
                    -0.8925375938415527,
                    -3.5979340076446533
                ],
                [
                    -0.9310744404792786,
                    -0.10387466847896576,
                    -0.34972912073135376,
                    -1.4098031520843506
                ],
                [
                    0.0,
                    0.9586104154586792,
                    -0.2847212851047516,
                    -1.1477482318878174
                ],
                [
                    0.0,
                    0.0,
                    0.0,
                    1.0
                ]
            ]
        },
        {
            "file_path": "/data/shapenet_blender/all_50_random/02958343/107699ca67fcdf3fea999fe4ffdc2504/r_22",
            "rotation": 0.12566370614359174,
            "transform_matrix": [
                [
                    -0.5852588415145874,
                    -0.5496208667755127,
                    -0.5961451530456543,
                    -2.4031379222869873
                ],
                [
                    -0.8108465075492859,
                    0.3967094421386719,
                    0.4302900731563568,
                    1.7345547676086426
                ],
                [
                    0.0,
                    0.7352132201194763,
                    -0.6778358221054077,
                    -2.7324435710906982
                ],
                [
                    0.0,
                    0.0,
                    0.0,
                    1.0
                ]
            ]
        },
        {
            "file_path": "/data/shapenet_blender/all_50_random/02958343/107699ca67fcdf3fea999fe4ffdc2504/r_23",
            "rotation": 0.12566370614359174,
            "transform_matrix": [
                [
                    0.7508322596549988,
                    0.07684322446584702,
                    0.6560077667236328,
                    2.644451856613159
                ],
                [
                    0.6604930758476257,
                    -0.08735346794128418,
                    -0.745733380317688,
                    -3.0061473846435547
                ],
                [
                    -7.450581485102248e-09,
                    0.9932091236114502,
                    -0.1163422092795372,
                    -0.4689904451370239
                ],
                [
                    0.0,
                    0.0,
                    0.0,
                    1.0
                ]
            ]
        },
        {
            "file_path": "/data/shapenet_blender/all_50_random/02958343/107699ca67fcdf3fea999fe4ffdc2504/r_24",
            "rotation": 0.12566370614359174,
            "transform_matrix": [
                [
                    0.7157394886016846,
                    -0.6216891407966614,
                    -0.31815004348754883,
                    -1.2825038433074951
                ],
                [
                    -0.6983672380447388,
                    -0.6371539235115051,
                    -0.32606416940689087,
                    -1.3144067525863647
                ],
                [
                    0.0,
                    0.4555625319480896,
                    -0.8902037143707275,
                    -3.5885260105133057
                ],
                [
                    0.0,
                    0.0,
                    0.0,
                    1.0
                ]
            ]
        },
        {
            "file_path": "/data/shapenet_blender/all_50_random/02958343/107699ca67fcdf3fea999fe4ffdc2504/r_25",
            "rotation": 0.12566370614359174,
            "transform_matrix": [
                [
                    0.7922661900520325,
                    -0.5140202641487122,
                    -0.3287818133831024,
                    -1.325361967086792
                ],
                [
                    -0.6101756691932678,
                    -0.6674157977104187,
                    -0.42689788341522217,
                    -1.7208805084228516
                ],
                [
                    -1.4901161193847656e-08,
                    0.538831353187561,
                    -0.8424135446548462,
                    -3.3958778381347656
                ],
                [
                    0.0,
                    0.0,
                    0.0,
                    1.0
                ]
            ]
        },
        {
            "file_path": "/data/shapenet_blender/all_50_random/02958343/107699ca67fcdf3fea999fe4ffdc2504/r_26",
            "rotation": 0.12566370614359174,
            "transform_matrix": [
                [
                    0.11918637156486511,
                    -0.7509157061576843,
                    0.6495538353919983,
                    2.6184356212615967
                ],
                [
                    0.9928719401359558,
                    0.09014145284891129,
                    -0.07797376811504364,
                    -0.3143223524093628
                ],
                [
                    0.0,
                    0.6542171239852905,
                    0.7563065886497498,
                    3.04876971244812
                ],
                [
                    0.0,
                    0.0,
                    0.0,
                    1.0
                ]
            ]
        },
        {
            "file_path": "/data/shapenet_blender/all_50_random/02958343/107699ca67fcdf3fea999fe4ffdc2504/r_27",
            "rotation": 0.12566370614359174,
            "transform_matrix": [
                [
                    0.8751954436302185,
                    0.1996949017047882,
                    0.440630167722702,
                    1.7762370109558105
                ],
                [
                    0.48376956582069397,
                    -0.36127129197120667,
                    -0.7971512079238892,
                    -3.213419198989868
                ],
                [
                    0.0,
                    0.9108264446258545,
                    -0.41278934478759766,
                    -1.6640070676803589
                ],
                [
                    0.0,
                    0.0,
                    0.0,
                    1.0
                ]
            ]
        },
        {
            "file_path": "/data/shapenet_blender/all_50_random/02958343/107699ca67fcdf3fea999fe4ffdc2504/r_28",
            "rotation": 0.12566370614359174,
            "transform_matrix": [
                [
                    0.3070530295372009,
                    0.40479519963264465,
                    0.8613124489784241,
                    3.4720616340637207
                ],
                [
                    0.9516924023628235,
                    -0.13060268759727478,
                    -0.27789294719696045,
                    -1.1202223300933838
                ],
                [
                    -7.450581485102248e-09,
                    0.9050323367118835,
                    -0.42534250020980835,
                    -1.7146104574203491
                ],
                [
                    0.0,
                    0.0,
                    0.0,
                    1.0
                ]
            ]
        },
        {
            "file_path": "/data/shapenet_blender/all_50_random/02958343/107699ca67fcdf3fea999fe4ffdc2504/r_29",
            "rotation": 0.12566370614359174,
            "transform_matrix": [
                [
                    -0.9228255152702332,
                    0.10867386311292648,
                    0.3695714771747589,
                    1.4897903203964233
                ],
                [
                    0.3852182626724243,
                    0.26033815741539,
                    0.8853422403335571,
                    3.5689287185668945
                ],
                [
                    7.450580596923828e-09,
                    0.9593821167945862,
                    -0.2821098268032074,
                    -1.137221097946167
                ],
                [
                    0.0,
                    0.0,
                    0.0,
                    1.0
                ]
            ]
        },
        {
            "file_path": "/data/shapenet_blender/all_50_random/02958343/107699ca67fcdf3fea999fe4ffdc2504/r_30",
            "rotation": 0.12566370614359174,
            "transform_matrix": [
                [
                    0.7021269798278809,
                    -0.2527686655521393,
                    0.6656769514083862,
                    2.683429718017578
                ],
                [
                    0.7120518684387207,
                    0.24924544990062714,
                    -0.6563984155654907,
                    -2.646026611328125
                ],
                [
                    0.0,
                    0.9348715543746948,
                    0.354986310005188,
                    1.4309955835342407
                ],
                [
                    0.0,
                    0.0,
                    0.0,
                    1.0
                ]
            ]
        },
        {
            "file_path": "/data/shapenet_blender/all_50_random/02958343/107699ca67fcdf3fea999fe4ffdc2504/r_31",
            "rotation": 0.12566370614359174,
            "transform_matrix": [
                [
                    -0.8150737881660461,
                    -0.12117578089237213,
                    -0.5665432810783386,
                    -2.283808708190918
                ],
                [
                    -0.5793572664260864,
                    0.17047719657421112,
                    0.7970463037490845,
                    3.212996006011963
                ],
                [
                    0.0,
                    0.9778823256492615,
                    -0.2091555893421173,
                    -0.8431330323219299
                ],
                [
                    0.0,
                    0.0,
                    0.0,
                    1.0
                ]
            ]
        },
        {
            "file_path": "/data/shapenet_blender/all_50_random/02958343/107699ca67fcdf3fea999fe4ffdc2504/r_32",
            "rotation": 0.12566370614359174,
            "transform_matrix": [
                [
                    -0.690332293510437,
                    -0.39398080110549927,
                    0.6068116426467896,
                    2.446136236190796
                ],
                [
                    0.7234925031661987,
                    -0.3759232759475708,
                    0.5789993405342102,
                    2.3340213298797607
                ],
                [
                    0.0,
                    0.8387256860733032,
                    0.5445540547370911,
                    2.1951677799224854
                ],
                [
                    0.0,
                    0.0,
                    0.0,
                    1.0
                ]
            ]
        },
        {
            "file_path": "/data/shapenet_blender/all_50_random/02958343/107699ca67fcdf3fea999fe4ffdc2504/r_33",
            "rotation": 0.12566370614359174,
            "transform_matrix": [
                [
                    0.9140561819076538,
                    -0.15540672838687897,
                    0.37463313341140747,
                    1.5101943016052246
                ],
                [
                    0.40558746457099915,
                    0.35023391246795654,
                    -0.8442956209182739,
                    -3.4034640789031982
                ],
                [
                    0.0,
                    0.9236800074577332,
                    0.38316455483436584,
                    1.5445855855941772
                ],
                [
                    0.0,
                    0.0,
                    0.0,
                    1.0
                ]
            ]
        },
        {
            "file_path": "/data/shapenet_blender/all_50_random/02958343/107699ca67fcdf3fea999fe4ffdc2504/r_34",
            "rotation": 0.12566370614359174,
            "transform_matrix": [
                [
                    0.5216249823570251,
                    0.02676968276500702,
                    0.8527548313140869,
                    3.4375646114349365
                ],
                [
                    0.8531748652458191,
                    -0.01636679098010063,
                    -0.521368145942688,
                    -2.1017022132873535
                ],
                [
                    9.313224635931761e-10,
                    0.9995076656341553,
                    -0.03137654811143875,
                    -0.12648290395736694
                ],
                [
                    0.0,
                    0.0,
                    0.0,
                    1.0
                ]
            ]
        },
        {
            "file_path": "/data/shapenet_blender/all_50_random/02958343/107699ca67fcdf3fea999fe4ffdc2504/r_35",
            "rotation": 0.12566370614359174,
            "transform_matrix": [
                [
                    0.9645296335220337,
                    0.1453588604927063,
                    -0.22034847736358643,
                    -0.8882532119750977
                ],
                [
                    -0.26397472620010376,
                    0.5311225056648254,
                    -0.8051248788833618,
                    -3.2455625534057617
                ],
                [
                    0.0,
                    0.8347333669662476,
                    0.5506543517112732,
                    2.219758987426758
                ],
                [
                    0.0,
                    0.0,
                    0.0,
                    1.0
                ]
            ]
        },
        {
            "file_path": "/data/shapenet_blender/all_50_random/02958343/107699ca67fcdf3fea999fe4ffdc2504/r_36",
            "rotation": 0.12566370614359174,
            "transform_matrix": [
                [
                    -0.1988822966814041,
                    -0.7541809678077698,
                    -0.625825047492981,
                    -2.5227813720703125
                ],
                [
                    -0.9800233840942383,
                    0.15305067598819733,
                    0.12700259685516357,
                    0.5119638442993164
                ],
                [
                    0.0,
                    0.6385816931724548,
                    -0.7695540189743042,
                    -3.1021714210510254
                ],
                [
                    0.0,
                    0.0,
                    0.0,
                    1.0
                ]
            ]
        },
        {
            "file_path": "/data/shapenet_blender/all_50_random/02958343/107699ca67fcdf3fea999fe4ffdc2504/r_37",
            "rotation": 0.12566370614359174,
            "transform_matrix": [
                [
                    -0.050037819892168045,
                    -0.3783174455165863,
                    -0.9243225455284119,
                    -3.7260632514953613
                ],
                [
                    -0.9987474083900452,
                    0.018953921273350716,
                    0.04630908742547035,
                    0.18667790293693542
                ],
                [
                    1.862645371275562e-09,
                    0.9254818558692932,
                    -0.3787919282913208,
                    -1.5269590616226196
                ],
                [
                    0.0,
                    0.0,
                    0.0,
                    1.0
                ]
            ]
        },
        {
            "file_path": "/data/shapenet_blender/all_50_random/02958343/107699ca67fcdf3fea999fe4ffdc2504/r_38",
            "rotation": 0.12566370614359174,
            "transform_matrix": [
                [
                    0.6423835754394531,
                    0.01002269797027111,
                    0.7663177251815796,
                    3.089125633239746
                ],
                [
                    0.766383171081543,
                    -0.00840104091912508,
                    -0.642328679561615,
                    -2.5893096923828125
                ],
                [
                    4.656612040410124e-10,
                    0.9999145269393921,
                    -0.013077918440103531,
                    -0.05271877720952034
                ],
                [
                    0.0,
                    0.0,
                    0.0,
                    1.0
                ]
            ]
        },
        {
            "file_path": "/data/shapenet_blender/all_50_random/02958343/107699ca67fcdf3fea999fe4ffdc2504/r_39",
            "rotation": 0.12566370614359174,
            "transform_matrix": [
                [
                    0.3865303099155426,
                    -0.3075544536113739,
                    0.8694851994514465,
                    3.505007028579712
                ],
                [
                    0.9222767353057861,
                    0.12889744341373444,
                    -0.36440515518188477,
                    -1.4689642190933228
                ],
                [
                    7.450580596923828e-09,
                    0.9427595734596252,
                    0.3334730863571167,
                    1.3442729711532593
                ],
                [
                    0.0,
                    0.0,
                    0.0,
                    1.0
                ]
            ]
        },
        {
            "file_path": "/data/shapenet_blender/all_50_random/02958343/107699ca67fcdf3fea999fe4ffdc2504/r_40",
            "rotation": 0.12566370614359174,
            "transform_matrix": [
                [
                    -0.9623737335205078,
                    0.07802367955446243,
                    0.26028650999069214,
                    1.049248456954956
                ],
                [
                    0.2717292010784149,
                    0.2763337194919586,
                    0.9218475222587585,
                    3.7160861492156982
                ],
                [
                    0.0,
                    0.9578893780708313,
                    -0.2871376574039459,
                    -1.1574889421463013
                ],
                [
                    0.0,
                    0.0,
                    0.0,
                    1.0
                ]
            ]
        },
        {
            "file_path": "/data/shapenet_blender/all_50_random/02958343/107699ca67fcdf3fea999fe4ffdc2504/r_41",
            "rotation": 0.12566370614359174,
            "transform_matrix": [
                [
                    -0.9966962337493896,
                    -0.0005620280280709267,
                    0.08121731132268906,
                    0.3273974657058716
                ],
                [
                    0.08121924847364426,
                    -0.006897025275975466,
                    0.9966723918914795,
                    4.017714977264404
                ],
                [
                    5.8207657444020455e-11,
