{
    "class": "02958343",
    "model": "6cd11fccae408795a99406d7384c870d",
    "remove_doubles": true,
    "edge_split": true,
    "denoise": true,
    "camera_angle_x": 0.6911112070083618,
    "scale_factor": 2.360157641926619,
    "hdri_file": "/data/IndoorHDRDataset2018/9C4A8084-ac843cde26.exr",
    "center_offset": [
        0.0,
        0.0,
        3.725290298461914e-09
    ],
    "lights": [],
    "frames": [
        {
            "file_path": "/data/shapenet_blender/all_50_random/02958343/6cd11fccae408795a99406d7384c870d/r_0",
            "rotation": 0.12566370614359174,
            "transform_matrix": [
                [
                    -0.8971549868583679,
                    -0.36731868982315063,
                    -0.24533621966838837,
                    -0.9889820218086243
                ],
                [
                    -0.44171586632728577,
                    0.7460492849349976,
                    0.4982945919036865,
                    2.0086898803710938
                ],
                [
                    -1.4901161193847656e-08,
                    0.5554164052009583,
                    -0.8315722346305847,
                    -3.352175235748291
                ],
                [
                    0.0,
                    0.0,
                    0.0,
                    1.0
                ]
            ]
        },
        {
            "file_path": "/data/shapenet_blender/all_50_random/02958343/6cd11fccae408795a99406d7384c870d/r_1",
            "rotation": 0.12566370614359174,
            "transform_matrix": [
                [
                    0.009149217046797276,
                    -0.9730588793754578,
                    -0.2303749918937683,
                    -0.9286711812019348
                ],
                [
                    -0.9999581575393677,
                    -0.008903099223971367,
                    -0.002107839100062847,
                    -0.008496969938278198
                ],
                [
                    0.0,
                    0.2303847372531891,
                    -0.9730997085571289,
                    -3.922689914703369
                ],
                [
                    0.0,
                    0.0,
                    0.0,
                    1.0
                ]
            ]
        },
        {
            "file_path": "/data/shapenet_blender/all_50_random/02958343/6cd11fccae408795a99406d7384c870d/r_2",
            "rotation": 0.12566370614359174,
            "transform_matrix": [
                [
                    0.7418057918548584,
                    -0.04074579477310181,
                    -0.6693757176399231,
                    -2.6983399391174316
                ],
                [
                    -0.6706147193908691,
                    -0.04507128521800041,
                    -0.7404353022575378,
                    -2.984790086746216
                ],
                [
                    1.862645149230957e-09,
                    0.998152494430542,
                    -0.060758862644433975,
                    -0.2449268102645874
                ],
                [
                    0.0,
                    0.0,
                    0.0,
                    1.0
                ]
            ]
        },
        {
            "file_path": "/data/shapenet_blender/all_50_random/02958343/6cd11fccae408795a99406d7384c870d/r_3",
            "rotation": 0.12566370614359174,
            "transform_matrix": [
                [
                    -0.9784107208251953,
                    -0.008096813224256039,
                    0.2065112590789795,
                    0.8324735164642334
                ],
                [
                    0.20666992664337158,
                    -0.03833169862627983,
                    0.9776595830917358,
                    3.9410717487335205
                ],
                [
                    0.0,
                    0.9992321729660034,
                    0.03917751833796501,
                    0.15792962908744812
                ],
                [
                    0.0,
                    0.0,
                    0.0,
                    1.0
                ]
            ]
        },
        {
            "file_path": "/data/shapenet_blender/all_50_random/02958343/6cd11fccae408795a99406d7384c870d/r_4",
            "rotation": 0.12566370614359174,
            "transform_matrix": [
                [
                    0.7139073610305786,
                    0.5847880840301514,
                    -0.3851742148399353,
                    -1.5526869297027588
                ],
                [
                    -0.7002401947975159,
                    0.5962018966674805,
                    -0.3926919996738434,
                    -1.5829920768737793
                ],
                [
                    -1.4901161193847656e-08,
                    0.550059974193573,
                    0.8351250886917114,
                    3.3664968013763428
                ],
                [
                    0.0,
                    0.0,
                    0.0,
                    1.0
                ]
            ]
        },
        {
            "file_path": "/data/shapenet_blender/all_50_random/02958343/6cd11fccae408795a99406d7384c870d/r_5",
            "rotation": 0.12566370614359174,
            "transform_matrix": [
                [
                    -0.7413309216499329,
                    -0.14377012848854065,
                    -0.6555598378181458,
                    -2.642645835876465
                ],
                [
                    -0.671139657497406,
                    0.15880635380744934,
                    0.724121630191803,
                    2.919027328491211
                ],
                [
                    7.450580152834618e-09,
                    0.9767858386039734,
                    -0.21421794593334198,
                    -0.8635400533676147
                ],
                [
                    0.0,
                    0.0,
                    0.0,
                    1.0
                ]
            ]
        },
        {
            "file_path": "/data/shapenet_blender/all_50_random/02958343/6cd11fccae408795a99406d7384c870d/r_6",
            "rotation": 0.12566370614359174,
            "transform_matrix": [
                [
                    -0.48597508668899536,
                    -0.17540040612220764,
                    -0.8561909198760986,
                    -3.451416015625
                ],
                [
                    -0.8739726543426514,
                    0.09753192216157913,
                    0.4760874807834625,
                    1.9191700220108032
                ],
                [
                    7.450580596923828e-09,
                    0.97965407371521,
                    -0.2006932646036148,
                    -0.8090204000473022
                ],
                [
                    0.0,
                    0.0,
                    0.0,
                    1.0
                ]
            ]
        },
        {
            "file_path": "/data/shapenet_blender/all_50_random/02958343/6cd11fccae408795a99406d7384c870d/r_7",
            "rotation": 0.12566370614359174,
            "transform_matrix": [
                [
                    -0.8232295513153076,
                    0.29405108094215393,
                    -0.4856204092502594,
                    -1.9575984477996826
                ],
                [
                    -0.5677087903022766,
                    -0.42640089988708496,
                    0.7041938304901123,
                    2.838696241378784
                ],
                [
                    -1.4901162970204496e-08,
                    0.8554040789604187,
                    0.5179612040519714,
                    2.087968349456787
                ],
                [
                    0.0,
                    0.0,
                    0.0,
                    1.0
                ]
            ]
        },
        {
            "file_path": "/data/shapenet_blender/all_50_random/02958343/6cd11fccae408795a99406d7384c870d/r_8",
            "rotation": 0.12566370614359174,
            "transform_matrix": [
                [
                    -0.9296274185180664,
                    -0.013100127689540386,
                    0.36826783418655396,
                    1.4845349788665771
                ],
                [
                    0.3685007691383362,
                    -0.03304807096719742,
                    0.9290398955345154,
                    3.745079278945923
                ],
                [
                    0.0,
                    0.9993679523468018,
                    0.03554980084300041,
                    0.14330580830574036
                ],
                [
                    0.0,
                    0.0,
                    0.0,
                    1.0
                ]
            ]
        },
        {
            "file_path": "/data/shapenet_blender/all_50_random/02958343/6cd11fccae408795a99406d7384c870d/r_9",
            "rotation": 0.12566370614359174,
            "transform_matrix": [
                [
                    -0.014093921519815922,
                    0.37335875630378723,
                    -0.927579939365387,
                    -3.739194393157959
                ],
                [
                    -0.999900758266449,
                    -0.0052626109682023525,
                    0.013074535876512527,
                    0.05270513892173767
                ],
                [
                    0.0,
                    0.9276721477508545,
                    0.3733958601951599,
                    1.505206823348999
                ],
                [
                    0.0,
                    0.0,
                    0.0,
                    1.0
                ]
            ]
        },
        {
            "file_path": "/data/shapenet_blender/all_50_random/02958343/6cd11fccae408795a99406d7384c870d/r_10",
            "rotation": 0.12566370614359174,
            "transform_matrix": [
                [
                    -0.8570626378059387,
                    -0.2955998182296753,
                    0.42197665572166443,
                    1.7010422945022583
                ],
                [
                    0.5152121186256409,
                    -0.49173447489738464,
                    0.7019641399383545,
                    2.8297078609466553
                ],
                [
                    0.0,
                    0.8190348148345947,
                    0.5737438797950745,
                    2.312835454940796
                ],
                [
                    0.0,
                    0.0,
                    0.0,
                    1.0
                ]
            ]
        },
        {
            "file_path": "/data/shapenet_blender/all_50_random/02958343/6cd11fccae408795a99406d7384c870d/r_11",
            "rotation": 0.12566370614359174,
            "transform_matrix": [
                [
                    0.9535803198814392,
                    0.14574219286441803,
                    -0.26352187991142273,
                    -1.0622906684875488
                ],
                [
                    -0.3011387884616852,
                    0.4615044593811035,
                    -0.8344632983207703,
                    -3.3638291358947754
                ],
                [
                    7.450580596923828e-09,
                    0.875084400177002,
                    0.48397019505500793,
                    1.9509462118148804
                ],
                [
                    0.0,
                    0.0,
                    0.0,
                    1.0
                ]
            ]
        },
        {
            "file_path": "/data/shapenet_blender/all_50_random/02958343/6cd11fccae408795a99406d7384c870d/r_12",
            "rotation": 0.12566370614359174,
            "transform_matrix": [
                [
                    0.9283740520477295,
                    -0.1643638014793396,
                    0.3333260416984558,
                    1.3436802625656128
                ],
                [
                    0.37164732813835144,
                    0.4105803370475769,
                    -0.8326475620269775,
                    -3.3565096855163574
                ],
                [
                    1.4901162970204496e-08,
                    0.8968880772590637,
                    0.44225746393203735,
                    1.782796859741211
                ],
                [
                    0.0,
                    0.0,
                    0.0,
                    1.0
                ]
            ]
        },
        {
            "file_path": "/data/shapenet_blender/all_50_random/02958343/6cd11fccae408795a99406d7384c870d/r_13",
            "rotation": 0.12566370614359174,
            "transform_matrix": [
                [
                    -0.8295100331306458,
                    0.4513360857963562,
                    -0.3289511799812317,
                    -1.3260446786880493
                ],
                [
                    -0.5584918856620789,
                    -0.670354962348938,
                    0.4885806441307068,
                    1.969531536102295
                ],
                [
                    1.4901161193847656e-08,
                    0.5889990329742432,
                    0.8081337213516235,
                    3.2576911449432373
                ],
                [
                    0.0,
                    0.0,
                    0.0,
                    1.0
                ]
            ]
        },
        {
            "file_path": "/data/shapenet_blender/all_50_random/02958343/6cd11fccae408795a99406d7384c870d/r_14",
            "rotation": 0.12566370614359174,
            "transform_matrix": [
                [
                    0.5795041918754578,
                    -0.7723935842514038,
                    0.25996720790863037,
                    1.0479613542556763
                ],
                [
                    0.8149693608283997,
                    0.549229621887207,
                    -0.18485614657402039,
                    -0.7451789379119873
                ],
                [
                    1.4901162970204496e-08,
                    0.3189900815486908,
                    0.9477580189704895,
                    3.8205347061157227
                ],
                [
                    0.0,
                    0.0,
                    0.0,
                    1.0
                ]
            ]
        },
        {
            "file_path": "/data/shapenet_blender/all_50_random/02958343/6cd11fccae408795a99406d7384c870d/r_15",
            "rotation": 0.12566370614359174,
            "transform_matrix": [
                [
                    -0.6396660208702087,
                    -0.30204808712005615,
                    0.7068198323249817,
                    2.8492815494537354
                ],
                [
                    0.7686527967453003,
                    -0.2513616979122162,
                    0.5882091522216797,
                    2.3711466789245605
                ],
                [
                    -1.4901159417490817e-08,
                    0.9195564389228821,
                    0.39295774698257446,
                    1.584063172340393
                ],
                [
                    0.0,
                    0.0,
                    0.0,
                    1.0
                ]
            ]
        },
        {
            "file_path": "/data/shapenet_blender/all_50_random/02958343/6cd11fccae408795a99406d7384c870d/r_16",
            "rotation": 0.12566370614359174,
            "transform_matrix": [
                [
                    -0.9740816354751587,
                    -0.005294595379382372,
                    -0.22613510489463806,
                    -0.9115797877311707
                ],
                [
                    -0.22619710862636566,
                    0.022800330072641373,
                    0.9738146662712097,
                    3.925572395324707
                ],
                [
                    4.656613428188905e-10,
                    0.9997259378433228,
                    -0.02340700477361679,
                    -0.09435665607452393
                ],
                [
                    0.0,
                    0.0,
                    0.0,
                    1.0
                ]
            ]
        },
        {
            "file_path": "/data/shapenet_blender/all_50_random/02958343/6cd11fccae408795a99406d7384c870d/r_17",
            "rotation": 0.12566370614359174,
            "transform_matrix": [
                [
                    -0.07640902698040009,
                    0.1178850308060646,
                    0.9900833368301392,
                    3.9911530017852783
                ],
                [
                    0.9970765709877014,
                    0.009033890441060066,
                    0.07587311416864395,
                    0.30585426092147827
                ],
                [
                    0.0,
                    0.9929861426353455,
                    -0.11823068559169769,
                    -0.47660309076309204
                ],
                [
                    0.0,
                    0.0,
                    0.0,
                    1.0
                ]
            ]
        },
        {
            "file_path": "/data/shapenet_blender/all_50_random/02958343/6cd11fccae408795a99406d7384c870d/r_18",
            "rotation": 0.12566370614359174,
            "transform_matrix": [
                [
                    -0.8631525039672852,
                    -0.3769686222076416,
                    0.33595001697540283,
                    1.3542578220367432
                ],
                [
                    0.504943311214447,
                    -0.6443919539451599,
                    0.5742745399475098,
                    2.314974784851074
                ],
                [
                    0.0,
                    0.6653221845626831,
                    0.746556282043457,
                    3.009464740753174
                ],
                [
                    0.0,
                    0.0,
                    0.0,
                    1.0
                ]
            ]
        },
        {
            "file_path": "/data/shapenet_blender/all_50_random/02958343/6cd11fccae408795a99406d7384c870d/r_19",
            "rotation": 0.12566370614359174,
            "transform_matrix": [
                [
                    0.32335084676742554,
                    0.6486442685127258,
                    -0.6889881491661072,
                    -2.777400255203247
                ],
                [
                    -0.9462791681289673,
                    0.2216467261314392,
                    -0.23543255031108856,
                    -0.949059009552002
                ],
                [
                    -1.4901161193847656e-08,
                    0.728102445602417,
                    0.6854681968688965,
                    2.7632110118865967
                ],
                [
                    0.0,
                    0.0,
                    0.0,
                    1.0
                ]
            ]
        },
        {
            "file_path": "/data/shapenet_blender/all_50_random/02958343/6cd11fccae408795a99406d7384c870d/r_20",
            "rotation": 0.12566370614359174,
            "transform_matrix": [
                [
                    0.6491745710372925,
                    -0.5527589917182922,
                    0.5225225687026978,
                    2.106355905532837
                ],
                [
                    0.7606393694877625,
                    0.4717571437358856,
                    -0.4459516108036041,
                    -1.7976884841918945
                ],
                [
                    1.4901160305669237e-08,
                    0.6869516968727112,
                    0.7267030477523804,
                    2.929433584213257
                ],
                [
                    0.0,
                    0.0,
                    0.0,
                    1.0
                ]
            ]
        },
        {
            "file_path": "/data/shapenet_blender/all_50_random/02958343/6cd11fccae408795a99406d7384c870d/r_21",
            "rotation": 0.12566370614359174,
            "transform_matrix": [
                [
                    -0.778980553150177,
                    -0.2871646285057068,
                    0.5574277639389038,
                    2.247063398361206
                ],
                [
                    0.6270481944084167,
                    -0.3567439913749695,
                    0.6924912929534912,
                    2.7915220260620117
                ],
                [
                    0.0,
                    0.8889713287353516,
                    0.45796266198158264,
                    1.8461066484451294
                ],
                [
                    0.0,
                    0.0,
                    0.0,
                    1.0
                ]
            ]
        },
        {
            "file_path": "/data/shapenet_blender/all_50_random/02958343/6cd11fccae408795a99406d7384c870d/r_22",
            "rotation": 0.12566370614359174,
            "transform_matrix": [
                [
                    0.011636750772595406,
                    0.6716716289520264,
                    0.7407575249671936,
                    2.986088991165161
                ],
                [
                    0.9999322295188904,
                    -0.007816605269908905,
                    -0.008620594628155231,
                    -0.03475072979927063
                ],
                [
                    4.6566125955216364e-10,
                    0.7408076524734497,
                    -0.6717172265052795,
                    -2.7077786922454834
                ],
                [
                    0.0,
                    0.0,
                    0.0,
                    1.0
                ]
            ]
        },
        {
            "file_path": "/data/shapenet_blender/all_50_random/02958343/6cd11fccae408795a99406d7384c870d/r_23",
            "rotation": 0.12566370614359174,
            "transform_matrix": [
                [
                    0.44089072942733765,
                    -0.742872416973114,
                    0.5037418007850647,
                    2.0306482315063477
                ],
                [
                    0.8975608348846436,
                    0.36490628123283386,
                    -0.24744296073913574,
                    -0.9974744915962219
                ],
                [
                    0.0,
                    0.561234176158905,
                    0.8276570439338684,
                    3.3363921642303467
                ],
                [
                    0.0,
                    0.0,
                    0.0,
                    1.0
                ]
            ]
        },
        {
            "file_path": "/data/shapenet_blender/all_50_random/02958343/6cd11fccae408795a99406d7384c870d/r_24",
            "rotation": 0.12566370614359174,
            "transform_matrix": [
                [
                    0.5094219446182251,
                    0.07800429314374924,
                    -0.8569740653038025,
                    -3.454573154449463
                ],
                [
                    -0.8605168461799622,
                    0.046178173273801804,
                    -0.5073246359825134,
                    -2.045091152191162
                ],
                [
                    -7.450580152834618e-09,
                    0.9958829879760742,
                    0.09064816683530807,
                    0.36541447043418884
                ],
                [
                    0.0,
                    0.0,
                    0.0,
                    1.0
                ]
            ]
        },
        {
            "file_path": "/data/shapenet_blender/all_50_random/02958343/6cd11fccae408795a99406d7384c870d/r_25",
            "rotation": 0.12566370614359174,
            "transform_matrix": [
                [
                    -0.058178264647722244,
                    -0.538480818271637,
                    0.8406269550323486,
                    3.3886754512786865
                ],
                [
                    0.9983062148094177,
                    -0.0313810333609581,
                    0.0489891953766346,
                    0.19748175144195557
                ],
                [
                    0.0,
                    0.8420531749725342,
                    0.5393944382667542,
                    2.1743686199188232
                ],
                [
                    0.0,
                    0.0,
                    0.0,
                    1.0
                ]
            ]
        },
        {
            "file_path": "/data/shapenet_blender/all_50_random/02958343/6cd11fccae408795a99406d7384c870d/r_26",
            "rotation": 0.12566370614359174,
            "transform_matrix": [
                [
                    0.2777206003665924,
                    -0.359030157327652,
                    -0.8910491466522217,
                    -3.5919342041015625
                ],
                [
                    -0.9606619477272034,
                    -0.10379308462142944,
                    -0.2575960159301758,
                    -1.0384029150009155
                ],
                [
                    7.450580596923828e-09,
                    0.9275367259979248,
                    -0.3737320303916931,
                    -1.5065621137619019
                ],
                [
                    0.0,
                    0.0,
                    0.0,
                    1.0
                ]
            ]
        },
        {
            "file_path": "/data/shapenet_blender/all_50_random/02958343/6cd11fccae408795a99406d7384c870d/r_27",
            "rotation": 0.12566370614359174,
            "transform_matrix": [
                [
                    -0.8778740167617798,
                    -0.08377226442098618,
                    0.4715074598789215,
                    1.9007073640823364
                ],
                [
                    0.4788914918899536,
                    -0.15356607735157013,
                    0.8643380999565125,
                    3.4842584133148193
                ],
                [
                    -7.450580152834618e-09,
                    0.9845809936523438,
                    0.17492949962615967,
                    0.7051633596420288
                ],
                [
                    0.0,
                    0.0,
                    0.0,
                    1.0
                ]
            ]
        },
        {
            "file_path": "/data/shapenet_blender/all_50_random/02958343/6cd11fccae408795a99406d7384c870d/r_28",
            "rotation": 0.12566370614359174,
            "transform_matrix": [
                [
                    0.5016739964485168,
                    0.14076238870620728,
                    0.8535274863243103,
                    3.4406793117523193
                ],
                [
                    0.8650568127632141,
                    -0.081632599234581,
                    -0.494987815618515,
                    -1.9953596591949463
                ],
                [
                    0.0,
                    0.9866721630096436,
                    -0.1627204269170761,
                    -0.6559470295906067
                ],
                [
                    0.0,
                    0.0,
                    0.0,
                    1.0
                ]
            ]
        },
        {
            "file_path": "/data/shapenet_blender/all_50_random/02958343/6cd11fccae408795a99406d7384c870d/r_29",
            "rotation": 0.12566370614359174,
            "transform_matrix": [
                [
                    0.9795850515365601,
                    0.10863423347473145,
                    -0.16915041208267212,
                    -0.6818671226501465
                ],
                [
                    -0.20103052258491516,
                    0.5293548107147217,
                    -0.8242391347885132,
                    -3.3226141929626465
                ],
                [
                    0.0,
                    0.8414167165756226,
                    0.5403868556022644,
                    2.1783690452575684
                ],
                [
                    0.0,
                    0.0,
                    0.0,
                    1.0
                ]
            ]
        },
        {
            "file_path": "/data/shapenet_blender/all_50_random/02958343/6cd11fccae408795a99406d7384c870d/r_30",
            "rotation": 0.12566370614359174,
            "transform_matrix": [
                [
                    -0.9617937803268433,
                    -0.24132294952869415,
                    0.1292901635169983,
                    0.5211853384971619
                ],
                [
                    0.2737749218940735,
                    -0.8477873206138611,
                    0.4542069733142853,
                    1.830966830253601
                ],
                [
                    0.0,
                    0.4722498059272766,
                    0.8814647197723389,
                    3.553297996520996
                ],
                [
                    0.0,
                    0.0,
                    0.0,
                    1.0
                ]
            ]
        },
        {
            "file_path": "/data/shapenet_blender/all_50_random/02958343/6cd11fccae408795a99406d7384c870d/r_31",
            "rotation": 0.12566370614359174,
            "transform_matrix": [
                [
                    0.507800281047821,
                    0.7656012773513794,
                    0.39496034383773804,
                    1.592136025428772
                ],
                [
                    0.8614748120307922,
                    -0.451287180185318,
                    -0.23281119763851166,
                    -0.938491940498352
                ],
                [
                    -1.4901159417490817e-08,
                    0.4584699869155884,
                    -0.8887099027633667,
                    -3.5825042724609375
                ],
                [
                    0.0,
                    0.0,
                    0.0,
                    1.0
                ]
            ]
        },
        {
            "file_path": "/data/shapenet_blender/all_50_random/02958343/6cd11fccae408795a99406d7384c870d/r_32",
            "rotation": 0.12566370614359174,
            "transform_matrix": [
                [
                    0.9591867923736572,
                    0.13579055666923523,
                    -0.24803556501865387,
                    -0.99986332654953
                ],
                [
                    -0.2827732563018799,
                    0.46061110496520996,
                    -0.8413540720939636,
                    -3.3916068077087402
                ],
                [
                    -7.450580596923828e-09,
                    0.8771535158157349,
                    0.4802100360393524,
                    1.935788631439209
                ],
                [
                    0.0,
                    0.0,
                    0.0,
                    1.0
                ]
            ]
        },
        {
            "file_path": "/data/shapenet_blender/all_50_random/02958343/6cd11fccae408795a99406d7384c870d/r_33",
            "rotation": 0.12566370614359174,
            "transform_matrix": [
                [
                    0.9113075733184814,
                    0.24625498056411743,
                    -0.32996511459350586,
                    -1.3301318883895874
                ],
                [
                    -0.4117262661457062,
                    0.5450564026832581,
                    -0.7303389310836792,
                    -2.9440903663635254
                ],
                [
                    1.4901161193847656e-08,
                    0.8014186024665833,
                    0.5981037020683289,
                    2.4110331535339355
                ],
                [
                    0.0,
                    0.0,
                    0.0,
                    1.0
                ]
            ]
        },
        {
            "file_path": "/data/shapenet_blender/all_50_random/02958343/6cd11fccae408795a99406d7384c870d/r_34",
            "rotation": 0.12566370614359174,
            "transform_matrix": [
                [
                    0.6780818700790405,
                    0.25122809410095215,
                    0.6907164454460144,
                    2.784367322921753
                ],
                [
                    0.7349863052368164,
                    -0.23177741467952728,
                    -0.6372395157814026,
                    -2.5687949657440186
                ],
                [
                    0.0,
                    0.9397678971290588,
                    -0.34181326627731323,
                    -1.3778934478759766
                ],
                [
                    0.0,
                    0.0,
                    0.0,
                    1.0
                ]
            ]
        },
        {
            "file_path": "/data/shapenet_blender/all_50_random/02958343/6cd11fccae408795a99406d7384c870d/r_35",
            "rotation": 0.12566370614359174,
            "transform_matrix": [
                [
                    0.5972132682800293,
                    -0.24303103983402252,
                    -0.7643769979476929,
                    -3.0813021659851074
                ],
                [
                    -0.8020824790000916,
                    -0.1809556484222412,
                    -0.5691385865211487,
                    -2.2942709922790527
                ],
                [
                    0.0,
                    0.9529904723167419,
                    -0.3030000925064087,
                    -1.2214324474334717
                ],
                [
                    0.0,
                    0.0,
                    0.0,
                    1.0
                ]
            ]
        },
        {
            "file_path": "/data/shapenet_blender/all_50_random/02958343/6cd11fccae408795a99406d7384c870d/r_36",
            "rotation": 0.12566370614359174,
            "transform_matrix": [
                [
                    0.9818160533905029,
                    0.05022991821169853,
                    -0.18306925892829895,
                    -0.7379757761955261
                ],
                [
                    -0.18983520567417145,
                    0.25978606939315796,
                    -0.946823000907898,
                    -3.816765546798706
                ],
                [
                    0.0,
                    0.9643588662147522,
                    0.2645975351333618,
                    1.066626787185669
                ],
                [
                    0.0,
                    0.0,
                    0.0,
                    1.0
                ]
            ]
        },
        {
            "file_path": "/data/shapenet_blender/all_50_random/02958343/6cd11fccae408795a99406d7384c870d/r_37",
            "rotation": 0.12566370614359174,
            "transform_matrix": [
                [
                    0.9578168988227844,
                    0.20350216329097748,
                    -0.202912837266922,
                    -0.8179678916931152
                ],
                [
                    -0.28737908601760864,
                    0.6782601475715637,
                    -0.6762959957122803,
                    -2.726236581802368
                ],
                [
                    0.0,
                    0.7060806751251221,
                    0.7081312537193298,
                    2.8545687198638916
                ],
                [
                    0.0,
                    0.0,
                    0.0,
                    1.0
                ]
            ]
        },
        {
            "file_path": "/data/shapenet_blender/all_50_random/02958343/6cd11fccae408795a99406d7384c870d/r_38",
            "rotation": 0.12566370614359174,
            "transform_matrix": [
                [
                    0.009027612395584583,
                    -0.1559901088476181,
                    -0.9877173900604248,
                    -3.9816157817840576
                ],
                [
                    -0.9999593496322632,
                    -0.0014082755660638213,
                    -0.008917092345654964,
                    -0.03594594448804855
                ],
                [
                    0.0,
                    0.9877575039863586,
                    -0.15599650144577026,
                    -0.6288419365882874
                ],
                [
                    0.0,
                    0.0,
                    0.0,
                    1.0
                ]
            ]
        },
        {
            "file_path": "/data/shapenet_blender/all_50_random/02958343/6cd11fccae408795a99406d7384c870d/r_39",
            "rotation": 0.12566370614359174,
            "transform_matrix": [
                [
                    -0.4489172697067261,
                    -0.41397422552108765,
                    0.7918956279754639,
                    3.1922333240509033
                ],
                [
                    0.8935734033584595,
                    -0.2079741507768631,
                    0.39783594012260437,
                    1.60372793674469
                ],
                [
                    -1.4901162970204496e-08,
                    0.886212170124054,
                    0.46327951550483704,
                    1.867539405822754
                ],
                [
                    0.0,
                    0.0,
                    0.0,
                    1.0
                ]
            ]
        },
        {
            "file_path": "/data/shapenet_blender/all_50_random/02958343/6cd11fccae408795a99406d7384c870d/r_40",
            "rotation": 0.12566370614359174,
            "transform_matrix": [
                [
                    -0.8583472371101379,
                    -0.23872005939483643,
                    -0.45415055751800537,
                    -1.8307394981384277
                ],
                [
                    -0.5130691528320312,
                    0.3993704915046692,
                    0.7597783803939819,
                    3.0627646446228027
                ],
                [
                    -1.4901161193847656e-08,
                    0.8851642608642578,
                    -0.4652785062789917,
                    -1.875597596168518
                ],
                [
                    0.0,
                    0.0,
                    0.0,
                    1.0
                ]
            ]
        },
        {
            "file_path": "/data/shapenet_blender/all_50_random/02958343/6cd11fccae408795a99406d7384c870d/r_41",
            "rotation": 0.12566370614359174,
            "transform_matrix": [
                [
                    0.08004165440797806,
                    -0.7308083176612854,
                    -0.6778734922409058,
                    -2.732595443725586
                ],
                [
                    -0.9967916011810303,
                    -0.05868339166045189,
                    -0.05443275719881058,
                    -0.21942546963691711
