{
    "class": "02958343",
    "model": "8783151b8f23f41144ad526dfb20e2f9",
    "remove_doubles": true,
    "edge_split": true,
    "denoise": true,
    "camera_angle_x": 0.6911112070083618,
    "scale_factor": 2.2767815243396847,
    "hdri_file": "/data/IndoorHDRDataset2018/AG8A7902-5dc179a63b.exr",
    "center_offset": [
        0.0,
        -1.862645149230957e-09,
        0.0
    ],
    "lights": [],
    "frames": [
        {
            "file_path": "/data/shapenet_blender/all_50_random/02958343/8783151b8f23f41144ad526dfb20e2f9/r_0",
            "rotation": 0.12566370614359174,
            "transform_matrix": [
                [
                    0.11704129725694656,
                    0.47411784529685974,
                    -0.8726474642753601,
                    -3.517754554748535
                ],
                [
                    -0.9931270480155945,
                    0.055875394493341446,
                    -0.10284262150526047,
                    -0.4145718812942505
                ],
                [
                    0.0,
                    0.8786866664886475,
                    0.47739896178245544,
                    1.9244567155838013
                ],
                [
                    0.0,
                    0.0,
                    0.0,
                    1.0
                ]
            ]
        },
        {
            "file_path": "/data/shapenet_blender/all_50_random/02958343/8783151b8f23f41144ad526dfb20e2f9/r_1",
            "rotation": 0.12566370614359174,
            "transform_matrix": [
                [
                    0.12400886416435242,
                    0.5546229481697083,
                    0.8228092789649963,
                    3.316850185394287
                ],
                [
                    0.9922811985015869,
                    -0.0693131685256958,
                    -0.10282935947179794,
                    -0.41451841592788696
                ],
                [
                    -3.725291186640334e-09,
                    0.8292098045349121,
                    -0.5589373707771301,
                    -2.2531485557556152
                ],
                [
                    0.0,
                    0.0,
                    0.0,
                    1.0
                ]
            ]
        },
        {
            "file_path": "/data/shapenet_blender/all_50_random/02958343/8783151b8f23f41144ad526dfb20e2f9/r_2",
            "rotation": 0.12566370614359174,
            "transform_matrix": [
                [
                    0.9981415271759033,
                    0.00708515290170908,
                    -0.060525618493556976,
                    -0.243986576795578
                ],
                [
                    -0.06093890592455864,
                    0.11605041474103928,
                    -0.9913721084594727,
                    -3.9963488578796387
                ],
                [
                    4.656613428188905e-10,
                    0.9932178854942322,
                    0.11626650393009186,
                    0.4686852693557739
                ],
                [
                    0.0,
                    0.0,
                    0.0,
                    1.0
                ]
            ]
        },
        {
            "file_path": "/data/shapenet_blender/all_50_random/02958343/8783151b8f23f41144ad526dfb20e2f9/r_3",
            "rotation": 0.12566370614359174,
            "transform_matrix": [
                [
                    0.8221180438995361,
                    -0.4543088674545288,
                    0.3431113064289093,
                    1.383125901222229
                ],
                [
                    0.5693170428276062,
                    0.6560413241386414,
                    -0.49546733498573303,
                    -1.9972927570343018
                ],
                [
                    0.0,
                    0.60267174243927,
                    0.7979891896247864,
                    3.216797351837158
                ],
                [
                    0.0,
                    0.0,
                    0.0,
                    1.0
                ]
            ]
        },
        {
            "file_path": "/data/shapenet_blender/all_50_random/02958343/8783151b8f23f41144ad526dfb20e2f9/r_4",
            "rotation": 0.12566370614359174,
            "transform_matrix": [
                [
                    -0.9553533792495728,
                    0.09787575155496597,
                    -0.2787834703922272,
                    -1.1238120794296265
                ],
                [
                    -0.2954655587673187,
                    -0.31646981835365295,
                    0.9014138579368591,
                    3.6337153911590576
                ],
                [
                    0.0,
                    0.9435397982597351,
                    0.3312593996524811,
                    1.3353493213653564
                ],
                [
                    0.0,
                    0.0,
                    0.0,
                    1.0
                ]
            ]
        },
        {
            "file_path": "/data/shapenet_blender/all_50_random/02958343/8783151b8f23f41144ad526dfb20e2f9/r_5",
            "rotation": 0.12566370614359174,
            "transform_matrix": [
                [
                    -0.10907770693302155,
                    -0.46296682953834534,
                    0.8796384334564209,
                    3.545935869216919
                ],
                [
                    0.9940332174301147,
                    -0.05080248787999153,
                    0.09652488678693771,
                    0.38910427689552307
                ],
                [
                    0.0,
                    0.8849185705184937,
                    0.46574580669403076,
                    1.8774813413619995
                ],
                [
                    0.0,
                    0.0,
                    0.0,
                    1.0
                ]
            ]
        },
        {
            "file_path": "/data/shapenet_blender/all_50_random/02958343/8783151b8f23f41144ad526dfb20e2f9/r_6",
            "rotation": 0.12566370614359174,
            "transform_matrix": [
                [
                    -0.5247259140014648,
                    -0.8206935524940491,
                    -0.22610776126384735,
                    -0.9114696383476257
                ],
                [
                    -0.8512712121009827,
                    0.5058777928352356,
                    0.13937345147132874,
                    0.5618324279785156
                ],
                [
                    7.450580152834618e-09,
                    0.26561179757118225,
                    -0.9640799164772034,
                    -3.8863308429718018
                ],
                [
                    0.0,
                    0.0,
                    0.0,
                    1.0
                ]
            ]
        },
        {
            "file_path": "/data/shapenet_blender/all_50_random/02958343/8783151b8f23f41144ad526dfb20e2f9/r_7",
            "rotation": 0.12566370614359174,
            "transform_matrix": [
                [
                    -0.5550796985626221,
                    0.3590050935745239,
                    0.7503345608711243,
                    3.0246949195861816
                ],
                [
                    0.831797182559967,
                    0.23957334458827972,
                    0.5007175803184509,
                    2.0184569358825684
                ],
                [
                    0.0,
                    0.9020642042160034,
                    -0.43160176277160645,
                    -1.739842176437378
                ],
                [
                    0.0,
                    0.0,
                    0.0,
                    1.0
                ]
            ]
        },
        {
            "file_path": "/data/shapenet_blender/all_50_random/02958343/8783151b8f23f41144ad526dfb20e2f9/r_8",
            "rotation": 0.12566370614359174,
            "transform_matrix": [
                [
                    0.8599125146865845,
                    -0.018685104325413704,
                    -0.510099470615387,
                    -2.05627703666687
                ],
                [
                    -0.5104416608810425,
                    -0.03147774562239647,
                    -0.8593359589576721,
                    -3.464094400405884
                ],
                [
                    0.0,
                    0.999329686164856,
                    -0.03660575672984123,
                    -0.14756253361701965
                ],
                [
                    0.0,
                    0.0,
                    0.0,
                    1.0
                ]
            ]
        },
        {
            "file_path": "/data/shapenet_blender/all_50_random/02958343/8783151b8f23f41144ad526dfb20e2f9/r_9",
            "rotation": 0.12566370614359174,
            "transform_matrix": [
                [
                    0.11379534006118774,
                    -0.281223863363266,
                    -0.9528712630271912,
                    -3.8411471843719482
                ],
                [
                    -0.9935042262077332,
                    -0.03221119940280914,
                    -0.1091412752866745,
                    -0.43996259570121765
                ],
                [
                    3.725290298461914e-09,
                    0.9591013789176941,
                    -0.28306254744529724,
                    -1.141061782836914
                ],
                [
                    0.0,
                    0.0,
                    0.0,
                    1.0
                ]
            ]
        },
        {
            "file_path": "/data/shapenet_blender/all_50_random/02958343/8783151b8f23f41144ad526dfb20e2f9/r_10",
            "rotation": 0.12566370614359174,
            "transform_matrix": [
                [
                    -0.8221017122268677,
                    0.14172661304473877,
                    0.5514184832572937,
                    2.22283935546875
                ],
                [
                    0.5693407654762268,
                    0.20464667677879333,
                    0.7962228059768677,
                    3.20967698097229
                ],
                [
                    0.0,
                    0.9685211181640625,
                    -0.24893109500408173,
                    -1.0034734010696411
                ],
                [
                    0.0,
                    0.0,
                    0.0,
                    1.0
                ]
            ]
        },
        {
            "file_path": "/data/shapenet_blender/all_50_random/02958343/8783151b8f23f41144ad526dfb20e2f9/r_11",
            "rotation": 0.12566370614359174,
            "transform_matrix": [
                [
                    -0.49402958154678345,
                    -0.690414309501648,
                    -0.5284532904624939,
                    -2.130263090133667
                ],
                [
                    -0.8694450855255127,
                    0.3923020362854004,
                    0.30027374625205994,
                    1.210442066192627
                ],
                [
                    1.4901161193847656e-08,
                    0.6078051924705505,
                    -0.794086217880249,
                    -3.201063632965088
                ],
                [
                    0.0,
                    0.0,
                    0.0,
                    1.0
                ]
            ]
        },
        {
            "file_path": "/data/shapenet_blender/all_50_random/02958343/8783151b8f23f41144ad526dfb20e2f9/r_12",
            "rotation": 0.12566370614359174,
            "transform_matrix": [
                [
                    0.14047470688819885,
                    0.013971399515867233,
                    0.9899856448173523,
                    3.99075984954834
                ],
                [
                    0.9900842308998108,
                    -0.0019822842441499233,
                    -0.14046072959899902,
                    -0.5662153363227844
                ],
                [
                    0.0,
                    0.9999005198478699,
                    -0.014111322350800037,
                    -0.056884560734033585
                ],
                [
                    0.0,
                    0.0,
                    0.0,
                    1.0
                ]
            ]
        },
        {
            "file_path": "/data/shapenet_blender/all_50_random/02958343/8783151b8f23f41144ad526dfb20e2f9/r_13",
            "rotation": 0.12566370614359174,
            "transform_matrix": [
                [
                    0.9569211602210999,
                    -0.1710014045238495,
                    -0.23464956879615784,
                    -0.9459027051925659
                ],
                [
                    -0.2903479039669037,
                    -0.5635820031166077,
                    -0.7733519673347473,
                    -3.1174817085266113
                ],
                [
                    -1.4901161193847656e-08,
                    0.8081668019294739,
                    -0.58895343542099,
                    -2.374147415161133
                ],
                [
                    0.0,
                    0.0,
                    0.0,
                    1.0
                ]
            ]
        },
        {
            "file_path": "/data/shapenet_blender/all_50_random/02958343/8783151b8f23f41144ad526dfb20e2f9/r_14",
            "rotation": 0.12566370614359174,
            "transform_matrix": [
                [
                    -0.8820881843566895,
                    0.38884541392326355,
                    0.2659319341182709,
                    1.0720059871673584
                ],
                [
                    0.4710845351219177,
                    0.7280985116958618,
                    0.49794766306877136,
                    2.007291316986084
                ],
                [
                    0.0,
                    0.5645100474357605,
                    -0.8254260420799255,
                    -3.3273990154266357
                ],
                [
                    0.0,
                    0.0,
                    0.0,
                    1.0
                ]
            ]
        },
        {
            "file_path": "/data/shapenet_blender/all_50_random/02958343/8783151b8f23f41144ad526dfb20e2f9/r_15",
            "rotation": 0.12566370614359174,
            "transform_matrix": [
                [
                    -0.9945377707481384,
                    -0.0022350663784891367,
                    -0.10435374826192856,
                    -0.420663446187973
                ],
                [
                    -0.10437768697738647,
                    0.021296296268701553,
                    0.994309663772583,
                    4.008190631866455
                ],
                [
                    2.3283064365386963e-10,
                    0.9997707009315491,
                    -0.021413257345557213,
                    -0.08631961047649384
                ],
                [
                    0.0,
                    0.0,
                    0.0,
                    1.0
                ]
            ]
        },
        {
            "file_path": "/data/shapenet_blender/all_50_random/02958343/8783151b8f23f41144ad526dfb20e2f9/r_16",
            "rotation": 0.12566370614359174,
            "transform_matrix": [
                [
                    -0.24747659265995026,
                    -0.7063655257225037,
                    -0.6631763577461243,
                    -2.673349618911743
                ],
                [
                    -0.9688938856124878,
                    0.1804211288690567,
                    0.16938968002796173,
                    0.6828317046165466
                ],
                [
                    0.0,
                    0.6844674944877625,
                    -0.7290432453155518,
                    -2.9388675689697266
                ],
                [
                    0.0,
                    0.0,
                    0.0,
                    1.0
                ]
            ]
        },
        {
            "file_path": "/data/shapenet_blender/all_50_random/02958343/8783151b8f23f41144ad526dfb20e2f9/r_17",
            "rotation": 0.12566370614359174,
            "transform_matrix": [
                [
                    -0.9982700347900391,
                    -0.002423575147986412,
                    -0.05874716863036156,
                    -0.2368173599243164
                ],
                [
                    -0.05879712849855423,
                    0.04114796593785286,
                    0.9974217414855957,
                    4.020734786987305
                ],
                [
                    0.0,
                    0.9991502165794373,
                    -0.041219279170036316,
                    -0.1661601960659027
                ],
                [
                    0.0,
                    0.0,
                    0.0,
                    1.0
                ]
            ]
        },
        {
            "file_path": "/data/shapenet_blender/all_50_random/02958343/8783151b8f23f41144ad526dfb20e2f9/r_18",
            "rotation": 0.12566370614359174,
            "transform_matrix": [
                [
                    0.9878803491592407,
                    -0.14937688410282135,
                    0.04217768460512161,
                    0.17002369463443756
                ],
                [
                    0.15521731972694397,
                    0.9507089257240295,
                    -0.26843976974487305,
                    -1.0821154117584229
                ],
                [
                    -3.725290298461914e-09,
                    0.2717330753803253,
                    0.9623726010322571,
                    3.879448175430298
                ],
                [
                    0.0,
                    0.0,
                    0.0,
                    1.0
                ]
            ]
        },
        {
            "file_path": "/data/shapenet_blender/all_50_random/02958343/8783151b8f23f41144ad526dfb20e2f9/r_19",
            "rotation": 0.12566370614359174,
            "transform_matrix": [
                [
                    -0.8068627119064331,
                    0.014039290137588978,
                    0.5905722379684448,
                    2.3806729316711426
                ],
                [
                    0.5907391309738159,
                    0.01917560212314129,
                    0.8066347241401672,
                    3.2516486644744873
                ],
                [
                    9.31322685637781e-10,
                    0.9997174739837646,
                    -0.02376563474535942,
                    -0.09580233693122864
                ],
                [
                    0.0,
                    0.0,
                    0.0,
                    1.0
                ]
            ]
        },
        {
            "file_path": "/data/shapenet_blender/all_50_random/02958343/8783151b8f23f41144ad526dfb20e2f9/r_20",
            "rotation": 0.12566370614359174,
            "transform_matrix": [
                [
                    -0.7326692342758179,
                    -0.33339744806289673,
                    -0.5933310985565186,
                    -2.391794443130493
                ],
                [
                    -0.6805847883224487,
                    0.35891199111938477,
                    0.6387380957603455,
                    2.574835777282715
                ],
                [
                    0.0,
                    0.8717960715293884,
                    -0.48986899852752686,
                    -1.9747252464294434
                ],
                [
                    0.0,
                    0.0,
                    0.0,
                    1.0
                ]
            ]
        },
        {
            "file_path": "/data/shapenet_blender/all_50_random/02958343/8783151b8f23f41144ad526dfb20e2f9/r_21",
            "rotation": 0.12566370614359174,
            "transform_matrix": [
                [
                    0.3295387327671051,
                    -0.4280290901660919,
                    0.841543436050415,
                    3.3923699855804443
                ],
                [
                    0.9441421031951904,
                    0.14939717948436737,
                    -0.29372820258140564,
                    -1.184056282043457
                ],
                [
                    0.0,
                    0.8913314342498779,
                    0.4533523917198181,
                    1.8275219202041626
                ],
                [
                    0.0,
                    0.0,
                    0.0,
                    1.0
                ]
            ]
        },
        {
            "file_path": "/data/shapenet_blender/all_50_random/02958343/8783151b8f23f41144ad526dfb20e2f9/r_22",
            "rotation": 0.12566370614359174,
            "transform_matrix": [
                [
                    0.9715420603752136,
                    -0.07008691877126694,
                    0.22626034915447235,
                    0.912084698677063
                ],
                [
                    0.23686689138412476,
                    0.28747108578681946,
                    -0.9280378222465515,
                    -3.7410404682159424
                ],
                [
                    0.0,
                    0.9552215337753296,
                    0.29589152336120605,
                    1.1927770376205444
                ],
                [
                    0.0,
                    0.0,
                    0.0,
                    1.0
                ]
            ]
        },
        {
            "file_path": "/data/shapenet_blender/all_50_random/02958343/8783151b8f23f41144ad526dfb20e2f9/r_23",
            "rotation": 0.12566370614359174,
            "transform_matrix": [
                [
                    0.6791672706604004,
                    0.3122660517692566,
                    0.6642452478408813,
                    2.6776583194732666
                ],
                [
                    0.73398357629776,
                    -0.28894495964050293,
                    -0.6146371960639954,
                    -2.477681875228882
                ],
                [
                    -1.4901162970204496e-08,
                    0.904986560344696,
                    -0.42544007301330566,
                    -1.7150038480758667
                ],
                [
                    0.0,
                    0.0,
                    0.0,
                    1.0
                ]
            ]
        },
        {
            "file_path": "/data/shapenet_blender/all_50_random/02958343/8783151b8f23f41144ad526dfb20e2f9/r_24",
            "rotation": 0.12566370614359174,
            "transform_matrix": [
                [
                    0.9977714419364929,
                    -0.01762307435274124,
                    -0.06435582786798477,
                    -0.25942662358283997
                ],
                [
                    -0.06672514975070953,
                    -0.2635258436203003,
                    -0.9623419642448425,
                    -3.879323959350586
                ],
                [
                    0.0,
                    0.9644912481307983,
                    -0.26411452889442444,
                    -1.0646796226501465
                ],
                [
                    0.0,
                    0.0,
                    0.0,
                    1.0
                ]
            ]
        },
        {
            "file_path": "/data/shapenet_blender/all_50_random/02958343/8783151b8f23f41144ad526dfb20e2f9/r_25",
            "rotation": 0.12566370614359174,
            "transform_matrix": [
                [
                    0.14148491621017456,
                    0.9312431812286377,
                    -0.33580946922302246,
                    -1.3536912202835083
                ],
                [
                    -0.989940345287323,
                    0.13309575617313385,
                    -0.047994788736104965,
                    -0.19347317516803741
                ],
                [
                    -3.725290076417309e-09,
                    0.3392219543457031,
                    0.9407063722610474,
                    3.7921087741851807
                ],
                [
                    0.0,
                    0.0,
                    0.0,
                    1.0
                ]
            ]
        },
        {
            "file_path": "/data/shapenet_blender/all_50_random/02958343/8783151b8f23f41144ad526dfb20e2f9/r_26",
            "rotation": 0.12566370614359174,
            "transform_matrix": [
                [
                    0.98671954870224,
                    -0.07511729001998901,
                    -0.14402011036872864,
                    -0.5805637240409851
                ],
                [
                    -0.1624327450990677,
                    -0.4563100337982178,
                    -0.8748694658279419,
                    -3.526711940765381
                ],
                [
                    0.0,
                    0.8866445422172546,
                    -0.4624515473842621,
                    -1.8642019033432007
                ],
                [
                    0.0,
                    0.0,
                    0.0,
                    1.0
                ]
            ]
        },
        {
            "file_path": "/data/shapenet_blender/all_50_random/02958343/8783151b8f23f41144ad526dfb20e2f9/r_27",
            "rotation": 0.12566370614359174,
            "transform_matrix": [
                [
                    0.03156612813472748,
                    0.5258121490478516,
                    0.8500146865844727,
                    3.4265191555023193
                ],
                [
                    0.9995017051696777,
                    -0.016606129705905914,
                    -0.02684505097568035,
                    -0.10821586847305298
                ],
                [
                    0.0,
                    0.8504385352134705,
                    -0.5260742902755737,
                    -2.120673418045044
                ],
                [
                    0.0,
                    0.0,
                    0.0,
                    1.0
                ]
            ]
        },
        {
            "file_path": "/data/shapenet_blender/all_50_random/02958343/8783151b8f23f41144ad526dfb20e2f9/r_28",
            "rotation": 0.12566370614359174,
            "transform_matrix": [
                [
                    0.5198131799697876,
                    -0.15070775151252747,
                    0.84088134765625,
                    3.3897011280059814
                ],
                [
                    0.8542799949645996,
                    0.09170281141996384,
                    -0.5116603374481201,
                    -2.0625689029693604
                ],
                [
                    -7.450580596923828e-09,
                    0.984315812587738,
                    0.17641495168209076,
                    0.7111514210700989
                ],
                [
                    0.0,
                    0.0,
                    0.0,
                    1.0
                ]
            ]
        },
        {
            "file_path": "/data/shapenet_blender/all_50_random/02958343/8783151b8f23f41144ad526dfb20e2f9/r_29",
            "rotation": 0.12566370614359174,
            "transform_matrix": [
                [
                    -0.351480096578598,
                    -0.7723457217216492,
                    0.5290971994400024,
                    2.132859230041504
                ],
                [
                    0.9361953735351562,
                    -0.28996527194976807,
                    0.19864137470722198,
                    0.8007490634918213
                ],
                [
                    1.4901161193847656e-08,
                    0.565156877040863,
                    0.8249834179878235,
                    3.3256146907806396
                ],
                [
                    0.0,
                    0.0,
                    0.0,
                    1.0
                ]
            ]
        },
        {
            "file_path": "/data/shapenet_blender/all_50_random/02958343/8783151b8f23f41144ad526dfb20e2f9/r_30",
            "rotation": 0.12566370614359174,
            "transform_matrix": [
                [
                    -0.20302371680736542,
                    0.5835134983062744,
                    -0.7863163352012634,
                    -3.1697425842285156
                ],
                [
                    -0.9791737198829651,
                    -0.12098680436611176,
                    0.16303633153438568,
                    0.6572204828262329
                ],
                [
                    0.0,
                    0.803040623664856,
                    0.5959243178367615,
                    2.402247667312622
                ],
                [
                    0.0,
                    0.0,
                    0.0,
                    1.0
                ]
            ]
        },
        {
            "file_path": "/data/shapenet_blender/all_50_random/02958343/8783151b8f23f41144ad526dfb20e2f9/r_31",
            "rotation": 0.12566370614359174,
            "transform_matrix": [
                [
                    0.9092767834663391,
                    -0.050481364130973816,
                    -0.41311895847320557,
                    -1.665335774421692
                ],
                [
                    -0.41619178652763367,
                    -0.11028936505317688,
                    -0.9025633931159973,
                    -3.6383492946624756
                ],
                [
                    3.725290076417309e-09,
                    0.992616593837738,
                    -0.12129352241754532,
                    -0.48894983530044556
                ],
                [
                    0.0,
                    0.0,
                    0.0,
                    1.0
                ]
            ]
        },
        {
            "file_path": "/data/shapenet_blender/all_50_random/02958343/8783151b8f23f41144ad526dfb20e2f9/r_32",
            "rotation": 0.12566370614359174,
            "transform_matrix": [
                [
                    0.08386148512363434,
                    0.6446861028671265,
                    0.7598333954811096,
                    3.0629866123199463
                ],
                [
                    0.996477484703064,
                    -0.05425545200705528,
                    -0.06394600868225098,
                    -0.25777462124824524
                ],
                [
                    -3.725290742551124e-09,
                    0.7625194787979126,
                    -0.6469651460647583,
                    -2.6080002784729004
                ],
                [
                    0.0,
                    0.0,
                    0.0,
                    1.0
                ]
            ]
        },
        {
            "file_path": "/data/shapenet_blender/all_50_random/02958343/8783151b8f23f41144ad526dfb20e2f9/r_33",
            "rotation": 0.12566370614359174,
            "transform_matrix": [
                [
                    0.9719066619873047,
                    -0.07008061558008194,
                    -0.22469143569469452,
                    -0.9057602286338806
                ],
                [
                    -0.2353668361902237,
                    -0.2893857955932617,
                    -0.9278244376182556,
                    -3.740180253982544
                ],
                [
                    0.0,
                    0.9546436667442322,
                    -0.2977505922317505,
                    -1.2002711296081543
                ],
                [
                    0.0,
                    0.0,
                    0.0,
                    1.0
                ]
            ]
        },
        {
            "file_path": "/data/shapenet_blender/all_50_random/02958343/8783151b8f23f41144ad526dfb20e2f9/r_34",
            "rotation": 0.12566370614359174,
            "transform_matrix": [
                [
                    -0.3423321843147278,
                    0.15190817415714264,
                    -0.9272176623344421,
                    -3.737733840942383
                ],
                [
                    -0.9395790100097656,
                    -0.05534718930721283,
                    0.3378283679485321,
                    1.3618297576904297
                ],
                [
                    0.0,
                    0.9868437647819519,
                    0.16167683899402618,
                    0.6517401933670044
                ],
                [
                    0.0,
                    0.0,
                    0.0,
                    1.0
                ]
            ]
        },
        {
            "file_path": "/data/shapenet_blender/all_50_random/02958343/8783151b8f23f41144ad526dfb20e2f9/r_35",
            "rotation": 0.12566370614359174,
            "transform_matrix": [
                [
                    -0.9956175088882446,
                    0.07131753116846085,
                    0.06049434840679169,
                    0.24386051297187805
                ],
                [
                    0.09351874887943268,
                    0.7592593431472778,
                    0.6440337896347046,
                    2.5961833000183105
                ],
                [
                    0.0,
                    0.6468685865402222,
                    -0.7626014351844788,
                    -3.0741446018218994
                ],
                [
                    0.0,
                    0.0,
                    0.0,
                    1.0
                ]
            ]
        },
        {
            "file_path": "/data/shapenet_blender/all_50_random/02958343/8783151b8f23f41144ad526dfb20e2f9/r_36",
            "rotation": 0.12566370614359174,
            "transform_matrix": [
                [
                    -0.37399572134017944,
                    0.7055433988571167,
                    -0.60194331407547,
                    -2.42651104927063
                ],
                [
                    -0.9274304509162903,
                    -0.2845174968242645,
                    0.2427397221326828,
                    0.9785151481628418
                ],
                [
                    0.0,
                    0.6490442156791687,
                    0.7607507109642029,
                    3.0666842460632324
                ],
                [
                    0.0,
                    0.0,
                    0.0,
                    1.0
                ]
            ]
        },
        {
            "file_path": "/data/shapenet_blender/all_50_random/02958343/8783151b8f23f41144ad526dfb20e2f9/r_37",
            "rotation": 0.12566370614359174,
            "transform_matrix": [
                [
                    -0.8080538511276245,
                    0.43484631180763245,
                    -0.3974389433860779,
                    -1.6021276712417603
                ],
                [
                    -0.5891087055206299,
                    -0.5964590907096863,
                    0.545149028301239,
                    2.197566032409668
                ],
                [
                    -2.980232594040899e-08,
                    0.674644410610199,
                    0.7381427884101868,
                    2.97554874420166
                ],
                [
                    0.0,
                    0.0,
                    0.0,
                    1.0
                ]
            ]
        },
        {
            "file_path": "/data/shapenet_blender/all_50_random/02958343/8783151b8f23f41144ad526dfb20e2f9/r_38",
            "rotation": 0.12566370614359174,
            "transform_matrix": [
                [
                    0.9991668462753296,
                    0.0016328929923474789,
                    0.040780384093523026,
                    0.16439098119735718
                ],
                [
                    0.04081306606531143,
                    -0.039975740015506744,
                    -0.9983667731285095,
                    -4.024545192718506
                ],
                [
                    -1.1641533570472262e-10,
                    0.9991992115974426,
                    -0.04000908136367798,
                    -0.1612817645072937
                ],
                [
                    0.0,
                    0.0,
                    0.0,
                    1.0
                ]
            ]
        },
        {
            "file_path": "/data/shapenet_blender/all_50_random/02958343/8783151b8f23f41144ad526dfb20e2f9/r_39",
            "rotation": 0.12566370614359174,
            "transform_matrix": [
                [
                    0.49984294176101685,
                    -0.015409180894494057,
                    -0.8659788966178894,
                    -3.490872859954834
                ],
                [
                    -0.8661161661148071,
                    -0.008892767131328583,
                    -0.49976372718811035,
                    -2.0146121978759766
                ],
                [
                    4.656613428188905e-10,
                    0.9998416900634766,
                    -0.017791124060750008,
                    -0.07171832025051117
                ],
                [
                    0.0,
                    0.0,
                    0.0,
                    1.0
                ]
            ]
        },
        {
            "file_path": "/data/shapenet_blender/all_50_random/02958343/8783151b8f23f41144ad526dfb20e2f9/r_40",
            "rotation": 0.12566370614359174,
            "transform_matrix": [
                [
                    0.9270321130752563,
                    0.015522987581789494,
                    -0.3746604919433594,
                    -1.5103048086166382
                ],
                [
                    -0.37498190999031067,
                    0.03837600350379944,
                    -0.9262374639511108,
                    -3.7337825298309326
                ],
                [
                    0.0,
                    0.9991427063941956,
                    0.04139662906527519,
                    0.16687515377998352
                ],
                [
                    0.0,
                    0.0,
                    0.0,
                    1.0
                ]
            ]
        },
        {
            "file_path": "/data/shapenet_blender/all_50_random/02958343/8783151b8f23f41144ad526dfb20e2f9/r_41",
            "rotation": 0.12566370614359174,
            "transform_matrix": [
                [
                    0.26118147373199463,
                    0.48309826850891113,
                    0.8357034921646118,
                    3.368828296661377
                ],
                [
                    0.9652897119522095,
                    -0.13071343302726746,
                    -0.22611893713474274,
                    -0.9115145206451416
                ],
                [
