{
    "class": "02958343",
    "model": "c4941d6a2266813c3a2b1a2e5e169910",
    "remove_doubles": true,
    "edge_split": true,
    "denoise": true,
    "camera_angle_x": 0.6911112070083618,
    "scale_factor": 2.2760223179449777,
    "hdri_file": "/data/IndoorHDRDataset2018/9C4A9742-44ddfa1a47.exr",
    "center_offset": [
        0.0,
        0.0,
        -1.862645149230957e-09
    ],
    "lights": [],
    "frames": [
        {
            "file_path": "/data/shapenet_blender/all_50_random/02958343/c4941d6a2266813c3a2b1a2e5e169910/r_0",
            "rotation": 0.12566370614359174,
            "transform_matrix": [
                [
                    0.7665872573852539,
                    -0.07554475218057632,
                    0.6376809477806091,
                    2.5705740451812744
                ],
                [
                    0.6421401500701904,
                    0.09018535912036896,
                    -0.7612637877464294,
                    -3.0687525272369385
                ],
                [
                    0.0,
                    0.9930556416511536,
                    0.1176452711224556,
                    0.47424325346946716
                ],
                [
                    0.0,
                    0.0,
                    0.0,
                    1.0
                ]
            ]
        },
        {
            "file_path": "/data/shapenet_blender/all_50_random/02958343/c4941d6a2266813c3a2b1a2e5e169910/r_1",
            "rotation": 0.12566370614359174,
            "transform_matrix": [
                [
                    0.9980546832084656,
                    0.021815234795212746,
                    0.058404773473739624,
                    0.23543715476989746
                ],
                [
                    0.062345992773771286,
                    -0.3492252826690674,
                    -0.9349623918533325,
                    -3.768953800201416
                ],
                [
                    -1.862645149230957e-09,
                    0.9367848634719849,
                    -0.34990596771240234,
                    -1.4105160236358643
                ],
                [
                    0.0,
                    0.0,
                    0.0,
                    1.0
                ]
            ]
        },
        {
            "file_path": "/data/shapenet_blender/all_50_random/02958343/c4941d6a2266813c3a2b1a2e5e169910/r_2",
            "rotation": 0.12566370614359174,
            "transform_matrix": [
                [
                    0.5034528970718384,
                    -0.07240770757198334,
                    -0.8609832525253296,
                    -3.4707348346710205
                ],
                [
                    -0.8640227317810059,
                    -0.04219086840748787,
                    -0.5016818046569824,
                    -2.0223443508148193
                ],
                [
                    0.0,
                    0.996482253074646,
                    -0.08380300551652908,
                    -0.33782073855400085
                ],
                [
                    0.0,
                    0.0,
                    0.0,
                    1.0
                ]
            ]
        },
        {
            "file_path": "/data/shapenet_blender/all_50_random/02958343/c4941d6a2266813c3a2b1a2e5e169910/r_3",
            "rotation": 0.12566370614359174,
            "transform_matrix": [
                [
                    0.6314467191696167,
                    -0.02066933736205101,
                    0.7751437425613403,
                    3.124703884124756
                ],
                [
                    0.7754191160202026,
                    0.01683165319263935,
                    -0.6312224864959717,
                    -2.544538974761963
                ],
                [
                    -9.313224080820248e-10,
                    0.9996446967124939,
                    0.02665569633245468,
                    0.10745253413915634
                ],
                [
                    0.0,
                    0.0,
                    0.0,
                    1.0
                ]
            ]
        },
        {
            "file_path": "/data/shapenet_blender/all_50_random/02958343/c4941d6a2266813c3a2b1a2e5e169910/r_4",
            "rotation": 0.12566370614359174,
            "transform_matrix": [
                [
                    -0.725888729095459,
                    0.10483524948358536,
                    0.6797757744789124,
                    2.7402637004852295
                ],
                [
                    0.6878121495246887,
                    0.110638827085495,
                    0.7174074649810791,
                    2.8919620513916016
                ],
                [
                    -7.450580596923828e-09,
                    0.988315999507904,
                    -0.15241844952106476,
                    -0.6144184470176697
                ],
                [
                    0.0,
                    0.0,
                    0.0,
                    1.0
                ]
            ]
        },
        {
            "file_path": "/data/shapenet_blender/all_50_random/02958343/c4941d6a2266813c3a2b1a2e5e169910/r_5",
            "rotation": 0.12566370614359174,
            "transform_matrix": [
                [
                    0.7336859703063965,
                    -0.04976368322968483,
                    -0.6776638627052307,
                    -2.73175048828125
                ],
                [
                    -0.6794885396957397,
                    -0.05373293533921242,
                    -0.731715738773346,
                    -2.9496405124664307
                ],
                [
                    0.0,
                    0.9973145127296448,
                    -0.07323695719242096,
                    -0.29522761702537537
                ],
                [
                    0.0,
                    0.0,
                    0.0,
                    1.0
                ]
            ]
        },
        {
            "file_path": "/data/shapenet_blender/all_50_random/02958343/c4941d6a2266813c3a2b1a2e5e169910/r_6",
            "rotation": 0.12566370614359174,
            "transform_matrix": [
                [
                    0.8893294930458069,
                    0.03145140781998634,
                    -0.4561842083930969,
                    -1.8389371633529663
                ],
                [
                    -0.4572671055793762,
                    0.06116919964551926,
                    -0.8872233629226685,
                    -3.5765113830566406
                ],
                [
                    0.0,
                    0.997631847858429,
                    0.06878125667572021,
                    0.27726608514785767
                ],
                [
                    0.0,
                    0.0,
                    0.0,
                    1.0
                ]
            ]
        },
        {
            "file_path": "/data/shapenet_blender/all_50_random/02958343/c4941d6a2266813c3a2b1a2e5e169910/r_7",
            "rotation": 0.12566370614359174,
            "transform_matrix": [
                [
                    0.7534201741218567,
                    0.13282063603401184,
                    -0.6439850330352783,
                    -2.595986843109131
                ],
                [
                    -0.6575394868850708,
                    0.15218821167945862,
                    -0.7378892302513123,
                    -2.974526882171631
                ],
                [
                    1.4901161193847656e-08,
                    0.9793862700462341,
                    0.20199646055698395,
                    0.8142738342285156
                ],
                [
                    0.0,
                    0.0,
                    0.0,
                    1.0
                ]
            ]
        },
        {
            "file_path": "/data/shapenet_blender/all_50_random/02958343/c4941d6a2266813c3a2b1a2e5e169910/r_8",
            "rotation": 0.12566370614359174,
            "transform_matrix": [
                [
                    -0.132685586810112,
                    -0.3833741247653961,
                    0.9140124917030334,
                    3.684502124786377
                ],
                [
                    0.9911582469940186,
                    -0.05132199451327324,
                    0.12235814332962036,
                    0.49324145913124084
                ],
                [
                    0.0,
                    0.9221660494804382,
                    0.3867940604686737,
                    1.5592167377471924
                ],
                [
                    0.0,
                    0.0,
                    0.0,
                    1.0
                ]
            ]
        },
        {
            "file_path": "/data/shapenet_blender/all_50_random/02958343/c4941d6a2266813c3a2b1a2e5e169910/r_9",
            "rotation": 0.12566370614359174,
            "transform_matrix": [
                [
                    0.014850831590592861,
                    0.5573756694793701,
                    0.8301275372505188,
                    3.346351385116577
                ],
                [
                    0.9998896718025208,
                    -0.008278406225144863,
                    -0.012329445220530033,
                    -0.04970158636569977
                ],
                [
                    0.0,
                    0.8302191495895386,
                    -0.5574370622634888,
                    -2.247100830078125
                ],
                [
                    0.0,
                    0.0,
                    0.0,
                    1.0
                ]
            ]
        },
        {
            "file_path": "/data/shapenet_blender/all_50_random/02958343/c4941d6a2266813c3a2b1a2e5e169910/r_10",
            "rotation": 0.12566370614359174,
            "transform_matrix": [
                [
                    0.5705903768539429,
                    0.21782726049423218,
                    0.7918193936347961,
                    3.1919260025024414
                ],
                [
                    0.821234941482544,
                    -0.1513454020023346,
                    -0.550152599811554,
                    -2.217736005783081
                ],
                [
                    -7.450581485102248e-09,
                    0.9641813635826111,
                    -0.26524361968040466,
                    -1.0692312717437744
                ],
                [
                    0.0,
                    0.0,
                    0.0,
                    1.0
                ]
            ]
        },
        {
            "file_path": "/data/shapenet_blender/all_50_random/02958343/c4941d6a2266813c3a2b1a2e5e169910/r_11",
            "rotation": 0.12566370614359174,
            "transform_matrix": [
                [
                    -0.8169653415679932,
                    0.4721100926399231,
                    0.33117926120758057,
                    1.3350262641906738
                ],
                [
                    0.5766868591308594,
                    0.668816328048706,
                    0.46916618943214417,
                    1.8912694454193115
                ],
                [
                    -1.4901162970204496e-08,
                    0.5742791295051575,
                    -0.8186594843864441,
                    -3.300122022628784
                ],
                [
                    0.0,
                    0.0,
                    0.0,
                    1.0
                ]
            ]
        },
        {
            "file_path": "/data/shapenet_blender/all_50_random/02958343/c4941d6a2266813c3a2b1a2e5e169910/r_12",
            "rotation": 0.12566370614359174,
            "transform_matrix": [
                [
                    0.7897981405258179,
                    -0.3566436767578125,
                    0.49902331829071045,
                    2.011627435684204
                ],
                [
                    0.6133670210838318,
                    0.459229975938797,
                    -0.6425641775131226,
                    -2.590259313583374
                ],
                [
                    0.0,
                    0.8135802745819092,
                    0.5814523696899414,
                    2.343909740447998
                ],
                [
                    0.0,
                    0.0,
                    0.0,
                    1.0
                ]
            ]
        },
        {
            "file_path": "/data/shapenet_blender/all_50_random/02958343/c4941d6a2266813c3a2b1a2e5e169910/r_13",
            "rotation": 0.12566370614359174,
            "transform_matrix": [
                [
                    0.7040781378746033,
                    0.15798254311084747,
                    0.6923260688781738,
                    2.790855884552002
                ],
                [
                    0.7101225256919861,
                    -0.15663784742355347,
                    -0.6864331960678101,
                    -2.7671010494232178
                ],
                [
                    0.0,
                    0.9749388694763184,
                    -0.22247228026390076,
                    -0.8968145251274109
                ],
                [
                    0.0,
                    0.0,
                    0.0,
                    1.0
                ]
            ]
        },
        {
            "file_path": "/data/shapenet_blender/all_50_random/02958343/c4941d6a2266813c3a2b1a2e5e169910/r_14",
            "rotation": 0.12566370614359174,
            "transform_matrix": [
                [
                    -0.0700797513127327,
                    -0.07559386640787125,
                    0.9946730732917786,
                    4.009654998779297
                ],
                [
                    0.9975414276123047,
                    -0.005310656037181616,
                    0.0698782429099083,
                    0.2816881835460663
                ],
                [
                    0.0,
                    0.9971245527267456,
                    0.07578018307685852,
                    0.30547964572906494
                ],
                [
                    0.0,
                    0.0,
                    0.0,
                    1.0
                ]
            ]
        },
        {
            "file_path": "/data/shapenet_blender/all_50_random/02958343/c4941d6a2266813c3a2b1a2e5e169910/r_15",
            "rotation": 0.12566370614359174,
            "transform_matrix": [
                [
                    -0.009882982820272446,
                    0.2840135097503662,
                    0.9587693810462952,
                    3.8649230003356934
                ],
                [
                    0.999951183795929,
                    0.002807037439197302,
                    0.009475963190197945,
                    0.03819882869720459
                ],
                [
                    0.0,
                    0.9588162899017334,
                    -0.2840273380279541,
                    -1.1449508666992188
                ],
                [
                    0.0,
                    0.0,
                    0.0,
                    1.0
                ]
            ]
        },
        {
            "file_path": "/data/shapenet_blender/all_50_random/02958343/c4941d6a2266813c3a2b1a2e5e169910/r_16",
            "rotation": 0.12566370614359174,
            "transform_matrix": [
                [
                    -0.5735645294189453,
                    0.4496184289455414,
                    0.6847386360168457,
                    2.7602698802948
                ],
                [
                    0.8191604614257812,
                    0.314816415309906,
                    0.4794442355632782,
                    1.9327017068862915
                ],
                [
                    0.0,
                    0.8359031081199646,
                    -0.5488770604133606,
                    -2.212594509124756
                ],
                [
                    0.0,
                    0.0,
                    0.0,
                    1.0
                ]
            ]
        },
        {
            "file_path": "/data/shapenet_blender/all_50_random/02958343/c4941d6a2266813c3a2b1a2e5e169910/r_17",
            "rotation": 0.12566370614359174,
            "transform_matrix": [
                [
                    0.08246622234582901,
                    0.7723729610443115,
                    0.6297929883003235,
                    2.538776397705078
                ],
                [
                    0.9965938329696655,
                    -0.06391236931085587,
                    -0.052114155143499374,
                    -0.21007885038852692
                ],
                [
                    0.0,
                    0.6319454312324524,
                    -0.7750129699707031,
                    -3.1241767406463623
                ],
                [
                    0.0,
                    0.0,
                    0.0,
                    1.0
                ]
            ]
        },
        {
            "file_path": "/data/shapenet_blender/all_50_random/02958343/c4941d6a2266813c3a2b1a2e5e169910/r_18",
            "rotation": 0.12566370614359174,
            "transform_matrix": [
                [
                    0.5435172915458679,
                    -0.25033795833587646,
                    -0.8011988997459412,
                    -3.229736328125
                ],
                [
                    -0.8393979668617249,
                    -0.16209594905376434,
                    -0.5187830328941345,
                    -2.0912816524505615
                ],
                [
                    0.0,
                    0.9544923901557922,
                    -0.29823511838912964,
                    -1.2022243738174438
                ],
                [
                    0.0,
                    0.0,
                    0.0,
                    1.0
                ]
            ]
        },
        {
            "file_path": "/data/shapenet_blender/all_50_random/02958343/c4941d6a2266813c3a2b1a2e5e169910/r_19",
            "rotation": 0.12566370614359174,
            "transform_matrix": [
                [
                    -0.24833737313747406,
                    0.3785080313682556,
                    0.8916614055633545,
                    3.594402313232422
                ],
                [
                    0.9686736464500427,
                    0.09703751653432846,
                    0.2285938560962677,
                    0.9214913845062256
                ],
                [
                    0.0,
                    0.9204974174499512,
                    -0.3907487094402313,
                    -1.5751585960388184
                ],
                [
                    0.0,
                    0.0,
                    0.0,
                    1.0
                ]
            ]
        },
        {
            "file_path": "/data/shapenet_blender/all_50_random/02958343/c4941d6a2266813c3a2b1a2e5e169910/r_20",
            "rotation": 0.12566370614359174,
            "transform_matrix": [
                [
                    0.2223168909549713,
                    0.8517066240310669,
                    0.4745219647884369,
                    1.9128592014312744
                ],
                [
                    0.9749744534492493,
                    -0.19420893490314484,
                    -0.10820205509662628,
                    -0.43617644906044006
                ],
                [
                    0.0,
                    0.4867018461227417,
                    -0.873568058013916,
                    -3.521465539932251
                ],
                [
                    0.0,
                    0.0,
                    0.0,
                    1.0
                ]
            ]
        },
        {
            "file_path": "/data/shapenet_blender/all_50_random/02958343/c4941d6a2266813c3a2b1a2e5e169910/r_21",
            "rotation": 0.12566370614359174,
            "transform_matrix": [
                [
                    -0.9092344641685486,
                    0.16764779388904572,
                    0.381034255027771,
                    1.5359982252120972
                ],
                [
                    0.4162846803665161,
                    0.3661704361438751,
                    0.8322417140007019,
                    3.3548736572265625
                ],
                [
                    1.4901162970204496e-08,
                    0.9153215289115906,
                    -0.40272390842437744,
                    -1.6234320402145386
                ],
                [
                    0.0,
                    0.0,
                    0.0,
                    1.0
                ]
            ]
        },
        {
            "file_path": "/data/shapenet_blender/all_50_random/02958343/c4941d6a2266813c3a2b1a2e5e169910/r_22",
            "rotation": 0.12566370614359174,
            "transform_matrix": [
                [
                    -0.9359079599380493,
                    0.013244891539216042,
                    -0.3519957363605499,
                    -1.4189401865005493
                ],
                [
                    -0.35224488377571106,
                    -0.035191427916288376,
                    0.9352459907531738,
                    3.770097255706787
                ],
                [
                    -9.31322685637781e-10,
                    0.9992928504943848,
                    0.037601374089717865,
                    0.1515759825706482
                ],
                [
                    0.0,
                    0.0,
                    0.0,
                    1.0
                ]
            ]
        },
        {
            "file_path": "/data/shapenet_blender/all_50_random/02958343/c4941d6a2266813c3a2b1a2e5e169910/r_23",
            "rotation": 0.12566370614359174,
            "transform_matrix": [
                [
                    0.8271032571792603,
                    -0.34198471903800964,
                    0.4460344910621643,
                    1.7980225086212158
                ],
                [
                    0.5620501041412354,
                    0.5032587647438049,
                    -0.6563766598701477,
                    -2.6459388732910156
                ],
                [
                    2.9802322387695312e-08,
                    0.793584942817688,
                    0.60845947265625,
                    2.4527785778045654
                ],
                [
                    0.0,
                    0.0,
                    0.0,
                    1.0
                ]
            ]
        },
        {
            "file_path": "/data/shapenet_blender/all_50_random/02958343/c4941d6a2266813c3a2b1a2e5e169910/r_24",
            "rotation": 0.12566370614359174,
            "transform_matrix": [
                [
                    -0.6964106559753418,
                    -0.020936323329806328,
                    -0.7173380851745605,
                    -2.8916823863983154
                ],
                [
                    -0.7176435589790344,
                    0.02031688019633293,
                    0.696114182472229,
                    2.806126117706299
                ],
                [
                    0.0,
                    0.9995743036270142,
                    -0.029173709452152252,
                    -0.11760298162698746
                ],
                [
                    0.0,
                    0.0,
                    0.0,
                    1.0
                ]
            ]
        },
        {
            "file_path": "/data/shapenet_blender/all_50_random/02958343/c4941d6a2266813c3a2b1a2e5e169910/r_25",
            "rotation": 0.12566370614359174,
            "transform_matrix": [
                [
                    -0.9086301922798157,
                    -0.13923285901546478,
                    -0.3937072157859802,
                    -1.5870846509933472
                ],
                [
                    -0.41760173439979553,
                    0.30294695496559143,
                    0.8566398024559021,
                    3.45322585105896
                ],
                [
                    -7.450580596923828e-09,
                    0.9427817463874817,
                    -0.3334105610847473,
                    -1.3440210819244385
                ],
                [
                    0.0,
                    0.0,
                    0.0,
                    1.0
                ]
            ]
        },
        {
            "file_path": "/data/shapenet_blender/all_50_random/02958343/c4941d6a2266813c3a2b1a2e5e169910/r_26",
            "rotation": 0.12566370614359174,
            "transform_matrix": [
                [
                    -0.9934297204017639,
                    -0.05996792018413544,
                    0.09747514873743057,
                    0.3929349184036255
                ],
                [
                    0.11444458365440369,
                    -0.5205481648445129,
                    0.8461275696754456,
                    3.4108495712280273
                ],
                [
                    0.0,
                    0.8517236709594727,
                    0.5239909291267395,
                    2.1122751235961914
                ],
                [
                    0.0,
                    0.0,
                    0.0,
                    1.0
                ]
            ]
        },
        {
            "file_path": "/data/shapenet_blender/all_50_random/02958343/c4941d6a2266813c3a2b1a2e5e169910/r_27",
            "rotation": 0.12566370614359174,
            "transform_matrix": [
                [
                    0.42193469405174255,
                    0.617232620716095,
                    -0.6640745401382446,
                    -2.6769700050354004
                ],
                [
                    -0.9066261649131775,
                    0.28725382685661316,
                    -0.30905359983444214,
                    -1.2458349466323853
                ],
                [
                    0.0,
                    0.7324678301811218,
                    0.6808016896247864,
                    2.744399309158325
                ],
                [
                    0.0,
                    0.0,
                    0.0,
                    1.0
                ]
            ]
        },
        {
            "file_path": "/data/shapenet_blender/all_50_random/02958343/c4941d6a2266813c3a2b1a2e5e169910/r_28",
            "rotation": 0.12566370614359174,
            "transform_matrix": [
                [
                    0.6103413105010986,
                    -0.21120451390743256,
                    0.7634632587432861,
                    3.0776188373565674
                ],
                [
                    0.7921385765075684,
                    0.16273267567157745,
                    -0.5882470011711121,
                    -2.3712995052337646
                ],
                [
                    0.0,
                    0.9638001322746277,
                    0.26662570238113403,
                    1.0748026371002197
                ],
                [
                    0.0,
                    0.0,
                    0.0,
                    1.0
                ]
            ]
        },
        {
            "file_path": "/data/shapenet_blender/all_50_random/02958343/c4941d6a2266813c3a2b1a2e5e169910/r_29",
            "rotation": 0.12566370614359174,
            "transform_matrix": [
                [
                    0.7755619883537292,
                    -0.37245675921440125,
                    -0.5096856951713562,
                    -2.0546090602874756
                ],
                [
                    -0.6312714219093323,
                    -0.4575897753238678,
                    -0.6261852979660034,
                    -2.524233818054199
                ],
                [
                    -1.4901159417490817e-08,
                    0.8073955178260803,
                    -0.5900104641914368,
                    -2.378408432006836
                ],
                [
                    0.0,
                    0.0,
                    0.0,
                    1.0
                ]
            ]
        },
        {
            "file_path": "/data/shapenet_blender/all_50_random/02958343/c4941d6a2266813c3a2b1a2e5e169910/r_30",
            "rotation": 0.12566370614359174,
            "transform_matrix": [
                [
                    0.9990097880363464,
                    -0.014952439814805984,
                    -0.041903093457221985,
                    -0.16891677677631378
                ],
                [
                    -0.04449095204472542,
                    -0.3357454240322113,
                    -0.9409014582633972,
                    -3.7928950786590576
                ],
                [
                    0.0,
                    0.941834032535553,
                    -0.3360782265663147,
                    -1.3547747135162354
                ],
                [
                    0.0,
                    0.0,
                    0.0,
                    1.0
                ]
            ]
        },
        {
            "file_path": "/data/shapenet_blender/all_50_random/02958343/c4941d6a2266813c3a2b1a2e5e169910/r_31",
            "rotation": 0.12566370614359174,
            "transform_matrix": [
                [
                    -0.10015011578798294,
                    0.3076472878456116,
                    -0.9462151527404785,
                    -3.8143153190612793
                ],
                [
                    -0.9949724078178406,
                    -0.03096660040318966,
                    0.09524240344762802,
                    0.3839344084262848
                ],
                [
                    1.862645371275562e-09,
                    0.9509963393211365,
                    0.3092018663883209,
                    1.2464325428009033
                ],
                [
                    0.0,
                    0.0,
                    0.0,
                    1.0
                ]
            ]
        },
        {
            "file_path": "/data/shapenet_blender/all_50_random/02958343/c4941d6a2266813c3a2b1a2e5e169910/r_32",
            "rotation": 0.12566370614359174,
            "transform_matrix": [
                [
                    0.924813449382782,
                    0.15461064875125885,
                    0.347585529088974,
                    1.401162028312683
                ],
                [
                    0.3804210424423218,
                    -0.3758625090122223,
                    -0.8449894785881042,
                    -3.406261444091797
                ],
                [
                    0.0,
                    0.9136863946914673,
                    -0.40641987323760986,
                    -1.6383309364318848
                ],
                [
                    0.0,
                    0.0,
                    0.0,
                    1.0
                ]
            ]
        },
        {
            "file_path": "/data/shapenet_blender/all_50_random/02958343/c4941d6a2266813c3a2b1a2e5e169910/r_33",
            "rotation": 0.12566370614359174,
            "transform_matrix": [
                [
                    -0.6646382808685303,
                    -0.2637961208820343,
                    0.6990475058555603,
                    2.817950963973999
                ],
                [
                    0.7471652626991272,
                    -0.23465892672538757,
                    0.6218352913856506,
                    2.5066983699798584
                ],
                [
                    -1.4901162970204496e-08,
                    0.9355995655059814,
                    0.35306262969970703,
                    1.423241138458252
                ],
                [
                    0.0,
                    0.0,
                    0.0,
                    1.0
                ]
            ]
        },
        {
            "file_path": "/data/shapenet_blender/all_50_random/02958343/c4941d6a2266813c3a2b1a2e5e169910/r_34",
            "rotation": 0.12566370614359174,
            "transform_matrix": [
                [
                    -0.43747782707214355,
                    -0.44610944390296936,
                    0.7807685136795044,
                    3.147378444671631
                ],
                [
                    0.8992291688919067,
                    -0.21703365445137024,
                    0.37984636425971985,
                    1.5312097072601318
                ],
                [
                    0.0,
                    0.8682640790939331,
                    0.49610209465026855,
                    1.9998514652252197
                ],
                [
                    0.0,
                    0.0,
                    0.0,
                    1.0
                ]
            ]
        },
        {
            "file_path": "/data/shapenet_blender/all_50_random/02958343/c4941d6a2266813c3a2b1a2e5e169910/r_35",
            "rotation": 0.12566370614359174,
            "transform_matrix": [
                [
                    -0.6817949414253235,
                    0.7110568881034851,
                    0.17191219329833984,
                    0.6930001974105835
                ],
                [
                    0.7315433621406555,
                    0.6627016663551331,
                    0.16022135317325592,
                    0.645872950553894
                ],
                [
                    0.0,
                    0.23499922454357147,
                    -0.9719955325126648,
                    -3.9182393550872803
                ],
                [
                    0.0,
                    0.0,
                    0.0,
                    1.0
                ]
            ]
        },
        {
            "file_path": "/data/shapenet_blender/all_50_random/02958343/c4941d6a2266813c3a2b1a2e5e169910/r_36",
            "rotation": 0.12566370614359174,
            "transform_matrix": [
                [
                    -0.790256679058075,
                    0.46919018030166626,
                    0.39415088295936584,
                    1.588873028755188
                ],
                [
                    0.6127758622169495,
                    0.6050835847854614,
                    0.5083103775978088,
                    2.0490646362304688
                ],
                [
                    0.0,
                    0.6432218551635742,
                    -0.7656798362731934,
                    -3.0865540504455566
                ],
                [
                    0.0,
                    0.0,
                    0.0,
                    1.0
                ]
            ]
        },
        {
            "file_path": "/data/shapenet_blender/all_50_random/02958343/c4941d6a2266813c3a2b1a2e5e169910/r_37",
            "rotation": 0.12566370614359174,
            "transform_matrix": [
                [
                    -0.9477167725563049,
                    -0.2910723388195038,
                    0.1308048963546753,
                    0.527291476726532
                ],
                [
                    0.3191128969192505,
                    -0.8644405603408813,
                    0.3884706497192383,
                    1.5659754276275635
                ],
                [
                    0.0,
                    0.4099017381668091,
                    0.9121296405792236,
                    3.676912546157837
                ],
                [
                    0.0,
                    0.0,
                    0.0,
                    1.0
                ]
            ]
        },
        {
            "file_path": "/data/shapenet_blender/all_50_random/02958343/c4941d6a2266813c3a2b1a2e5e169910/r_38",
            "rotation": 0.12566370614359174,
            "transform_matrix": [
                [
                    0.7000362873077393,
                    -0.17240436375141144,
                    0.6929832696914673,
                    2.7935051918029785
                ],
                [
                    0.7141072154045105,
                    0.1690072864294052,
                    -0.6793285608291626,
                    -2.7384612560272217
                ],
                [
                    -1.4901160305669237e-08,
                    0.9704191088676453,
                    0.24142643809318542,
                    0.9732211828231812
                ],
                [
                    0.0,
                    0.0,
                    0.0,
                    1.0
                ]
            ]
        },
        {
            "file_path": "/data/shapenet_blender/all_50_random/02958343/c4941d6a2266813c3a2b1a2e5e169910/r_39",
            "rotation": 0.12566370614359174,
            "transform_matrix": [
                [
                    -0.6450939178466797,
                    -0.07443125545978546,
                    0.7604694366455078,
                    3.0655505657196045
                ],
                [
                    0.7641034126281738,
                    -0.06283854693174362,
                    0.6420259475708008,
                    2.58808970451355
                ],
                [
                    -3.725290742551124e-09,
                    0.9952443242073059,
                    0.09740991145372391,
                    0.39267194271087646
                ],
                [
                    0.0,
                    0.0,
                    0.0,
                    1.0
                ]
            ]
        },
        {
            "file_path": "/data/shapenet_blender/all_50_random/02958343/c4941d6a2266813c3a2b1a2e5e169910/r_40",
            "rotation": 0.12566370614359174,
            "transform_matrix": [
                [
                    0.9775620102882385,
                    0.08311565965414047,
                    -0.19355711340904236,
                    -0.7802537083625793
                ],
                [
                    -0.21064797043800354,
                    0.3857179582118988,
                    -0.8982477784156799,
                    -3.620952606201172
                ],
                [
                    0.0,
                    0.9188653230667114,
                    0.39457136392593384,
                    1.5905680656433105
                ],
                [
                    0.0,
                    0.0,
                    0.0,
                    1.0
                ]
            ]
        },
        {
            "file_path": "/data/shapenet_blender/all_50_random/02958343/c4941d6a2266813c3a2b1a2e5e169910/r_41",
            "rotation": 0.12566370614359174,
            "transform_matrix": [
                [
                    0.9283044934272766,
                    0.35781747102737427,
                    0.10108181834220886,
                    0.4074738621711731
                ],
                [
                    0.3718210458755493,
                    -0.8933424949645996,
                    -0.25236520171165466,
                    -1.0173168182373047
                ],
                [
                    7.450581485102248e-09,
                    0.2718561589717865,
                    -0.962337851524353,
