{
    "class": "02958343",
    "model": "af08f280395cd31719f6a4bcc93433",
    "remove_doubles": true,
    "edge_split": true,
    "denoise": true,
    "camera_angle_x": 0.6911112070083618,
    "scale_factor": 2.2682371926082676,
    "hdri_file": "/data/IndoorHDRDataset2018/9C4A1859-bfcdd0936c.exr",
    "center_offset": [
        0.0,
        -1.862645149230957e-09,
        -3.725290298461914e-09
    ],
    "lights": [],
    "frames": [
        {
            "file_path": "/data/shapenet_blender/all_50_random/02958343/af08f280395cd31719f6a4bcc93433/r_0",
            "rotation": 0.12566370614359174,
            "transform_matrix": [
                [
                    0.9993287920951843,
                    -0.03072512336075306,
                    0.019948160275816917,
                    0.08041360974311829
                ],
                [
                    0.036632806062698364,
                    0.838169515132904,
                    -0.5441781282424927,
                    -2.1936521530151367
                ],
                [
                    0.0,
                    0.5445435047149658,
                    0.8387325406074524,
                    3.3810389041900635
                ],
                [
                    0.0,
                    0.0,
                    0.0,
                    1.0
                ]
            ]
        },
        {
            "file_path": "/data/shapenet_blender/all_50_random/02958343/af08f280395cd31719f6a4bcc93433/r_1",
            "rotation": 0.12566370614359174,
            "transform_matrix": [
                [
                    -0.9893832206726074,
                    0.11715694516897202,
                    -0.08599552512168884,
                    -0.3466590642929077
                ],
                [
                    -0.14533059298992157,
                    -0.7975823283195496,
                    0.5854412317276001,
                    2.3599891662597656
                ],
                [
                    -7.450581485102248e-09,
                    0.5917233228683472,
                    0.8061409592628479,
                    3.2496581077575684
                ],
                [
                    0.0,
                    0.0,
                    0.0,
                    1.0
                ]
            ]
        },
        {
            "file_path": "/data/shapenet_blender/all_50_random/02958343/af08f280395cd31719f6a4bcc93433/r_2",
            "rotation": 0.12566370614359174,
            "transform_matrix": [
                [
                    -0.9177024960517883,
                    0.1529199182987213,
                    0.3666573762893677,
                    1.4780431985855103
                ],
                [
                    0.3972683846950531,
                    0.35324984788894653,
                    0.8469901084899902,
                    3.4143264293670654
                ],
                [
                    0.0,
                    0.9229462742805481,
                    -0.38492852449417114,
                    -1.551696538925171
                ],
                [
                    0.0,
                    0.0,
                    0.0,
                    1.0
                ]
            ]
        },
        {
            "file_path": "/data/shapenet_blender/all_50_random/02958343/af08f280395cd31719f6a4bcc93433/r_3",
            "rotation": 0.12566370614359174,
            "transform_matrix": [
                [
                    0.46692514419555664,
                    -0.4867742359638214,
                    -0.7382626533508301,
                    -2.976032018661499
                ],
                [
                    -0.8842968940734863,
                    -0.2570258378982544,
                    -0.38981637358665466,
                    -1.5714000463485718
                ],
                [
                    -1.4901161193847656e-08,
                    0.8348584175109863,
                    -0.5504647493362427,
                    -2.218994379043579
                ],
                [
                    0.0,
                    0.0,
                    0.0,
                    1.0
                ]
            ]
        },
        {
            "file_path": "/data/shapenet_blender/all_50_random/02958343/af08f280395cd31719f6a4bcc93433/r_4",
            "rotation": 0.12566370614359174,
            "transform_matrix": [
                [
                    0.28361812233924866,
                    0.9464601278305054,
                    -0.15418776869773865,
                    -0.6215507984161377
                ],
                [
                    -0.9589372873306274,
                    0.2799278199672699,
                    -0.04560302942991257,
                    -0.18383169174194336
                ],
                [
                    0.0,
                    0.16079029440879822,
                    0.9869886040687561,
                    3.9786782264709473
                ],
                [
                    0.0,
                    0.0,
                    0.0,
                    1.0
                ]
            ]
        },
        {
            "file_path": "/data/shapenet_blender/all_50_random/02958343/af08f280395cd31719f6a4bcc93433/r_5",
            "rotation": 0.12566370614359174,
            "transform_matrix": [
                [
                    0.3304285705089569,
                    -0.2088107317686081,
                    -0.9204428195953369,
                    -3.710423707962036
                ],
                [
                    -0.9438310265541077,
                    -0.073103167116642,
                    -0.32224056124687195,
                    -1.2989932298660278
                ],
                [
                    0.0,
                    0.9752199649810791,
                    -0.2212374061346054,
                    -0.8918365240097046
                ],
                [
                    0.0,
                    0.0,
                    0.0,
                    1.0
                ]
            ]
        },
        {
            "file_path": "/data/shapenet_blender/all_50_random/02958343/af08f280395cd31719f6a4bcc93433/r_6",
            "rotation": 0.12566370614359174,
            "transform_matrix": [
                [
                    0.14271341264247894,
                    -0.8889755010604858,
                    -0.43514978885650635,
                    -1.7541447877883911
                ],
                [
                    -0.9897639751434326,
                    -0.12818080186843872,
                    -0.06274396181106567,
                    -0.2529290020465851
                ],
                [
                    0.0,
                    0.4396499991416931,
                    -0.8981691598892212,
                    -3.620635509490967
                ],
                [
                    0.0,
                    0.0,
                    0.0,
                    1.0
                ]
            ]
        },
        {
            "file_path": "/data/shapenet_blender/all_50_random/02958343/af08f280395cd31719f6a4bcc93433/r_7",
            "rotation": 0.12566370614359174,
            "transform_matrix": [
                [
                    0.8618583679199219,
                    0.17816175520420074,
                    -0.4748246669769287,
                    -1.9140795469284058
                ],
                [
                    -0.5071489810943604,
                    0.30277132987976074,
                    -0.8069257736206055,
                    -3.252822160720825
                ],
                [
                    -1.4901160305669237e-08,
                    0.9362627267837524,
                    0.35130053758621216,
                    1.416137933731079
                ],
                [
                    0.0,
                    0.0,
                    0.0,
                    1.0
                ]
            ]
        },
        {
            "file_path": "/data/shapenet_blender/all_50_random/02958343/af08f280395cd31719f6a4bcc93433/r_8",
            "rotation": 0.12566370614359174,
            "transform_matrix": [
                [
                    -0.9999942779541016,
                    0.00022519435151480138,
                    0.003398025641217828,
                    0.013697877526283264
                ],
                [
                    0.0034054794814437628,
                    0.06612668186426163,
                    0.9978054761886597,
                    4.022282123565674
                ],
                [
                    0.0,
                    0.9978111982345581,
                    -0.06612706929445267,
                    -0.2665667235851288
                ],
                [
                    0.0,
                    0.0,
                    0.0,
                    1.0
                ]
            ]
        },
        {
            "file_path": "/data/shapenet_blender/all_50_random/02958343/af08f280395cd31719f6a4bcc93433/r_9",
            "rotation": 0.12566370614359174,
            "transform_matrix": [
                [
                    -0.8598116636276245,
                    -0.27693063020706177,
                    -0.4289912283420563,
                    -1.7293189764022827
                ],
                [
                    -0.5106114745140076,
                    0.46631965041160583,
                    0.7223724126815796,
                    2.9119763374328613
                ],
                [
                    0.0,
                    0.8401520252227783,
                    -0.5423509478569031,
                    -2.186286687850952
                ],
                [
                    0.0,
                    0.0,
                    0.0,
                    1.0
                ]
            ]
        },
        {
            "file_path": "/data/shapenet_blender/all_50_random/02958343/af08f280395cd31719f6a4bcc93433/r_10",
            "rotation": 0.12566370614359174,
            "transform_matrix": [
                [
                    0.8451844453811646,
                    0.06038818135857582,
                    0.5310521721839905,
                    2.140739917755127
                ],
                [
                    0.5344746708869934,
                    -0.09549405425786972,
                    -0.8397723436355591,
                    -3.385230779647827
                ],
                [
                    3.725290076417309e-09,
                    0.9935965538024902,
                    -0.11298603564500809,
                    -0.4554612934589386
                ],
                [
                    0.0,
                    0.0,
                    0.0,
                    1.0
                ]
            ]
        },
        {
            "file_path": "/data/shapenet_blender/all_50_random/02958343/af08f280395cd31719f6a4bcc93433/r_11",
            "rotation": 0.12566370614359174,
            "transform_matrix": [
                [
                    -0.9989755749702454,
                    0.005375588778406382,
                    -0.04493314027786255,
                    -0.1811313033103943
                ],
                [
                    -0.045253556221723557,
                    -0.11866650730371475,
                    0.9919023513793945,
                    3.9984865188598633
                ],
                [
                    4.656612873077393e-10,
                    0.9929195642471313,
                    0.1187882050871849,
                    0.4788506031036377
                ],
                [
                    0.0,
                    0.0,
                    0.0,
                    1.0
                ]
            ]
        },
        {
            "file_path": "/data/shapenet_blender/all_50_random/02958343/af08f280395cd31719f6a4bcc93433/r_12",
            "rotation": 0.12566370614359174,
            "transform_matrix": [
                [
                    0.9992000460624695,
                    -0.009413986466825008,
                    -0.03886514529585838,
                    -0.15667042136192322
                ],
                [
                    -0.039989031851291656,
                    -0.23522590100765228,
                    -0.9711176753044128,
                    -3.914700746536255
                ],
                [
                    0.0,
                    0.971895158290863,
                    -0.23541419208049774,
                    -0.9489850401878357
                ],
                [
                    0.0,
                    0.0,
                    0.0,
                    1.0
                ]
            ]
        },
        {
            "file_path": "/data/shapenet_blender/all_50_random/02958343/af08f280395cd31719f6a4bcc93433/r_13",
            "rotation": 0.12566370614359174,
            "transform_matrix": [
                [
                    -0.6420333385467529,
                    -0.11386837810277939,
                    0.7581735849380493,
                    3.056295394897461
                ],
                [
                    0.7666768431663513,
                    -0.09535608440637589,
                    0.6349125504493713,
                    2.5594143867492676
                ],
                [
                    0.0,
                    0.9889090061187744,
                    0.1485220193862915,
                    0.598711371421814
                ],
                [
                    0.0,
                    0.0,
                    0.0,
                    1.0
                ]
            ]
        },
        {
            "file_path": "/data/shapenet_blender/all_50_random/02958343/af08f280395cd31719f6a4bcc93433/r_14",
            "rotation": 0.12566370614359174,
            "transform_matrix": [
                [
                    0.8172668814659119,
                    0.22628140449523926,
                    -0.5299731492996216,
                    -2.136390447616577
                ],
                [
                    -0.576259434223175,
                    0.3209185004234314,
                    -0.7516224980354309,
                    -3.0298874378204346
                ],
                [
                    0.0,
                    0.9196782112121582,
                    0.3926727771759033,
                    1.5829147100448608
                ],
                [
                    0.0,
                    0.0,
                    0.0,
                    1.0
                ]
            ]
        },
        {
            "file_path": "/data/shapenet_blender/all_50_random/02958343/af08f280395cd31719f6a4bcc93433/r_15",
            "rotation": 0.12566370614359174,
            "transform_matrix": [
                [
                    -0.7945513725280762,
                    0.4494641423225403,
                    0.4082525968551636,
                    1.6457188129425049
                ],
                [
                    0.6071970462799072,
                    0.5881490111351013,
                    0.5342214107513428,
                    2.153515338897705
                ],
                [
                    -1.4901161193847656e-08,
                    0.6723560094833374,
                    -0.7402278780937195,
                    -2.9839539527893066
                ],
                [
                    0.0,
                    0.0,
                    0.0,
                    1.0
                ]
            ]
        },
        {
            "file_path": "/data/shapenet_blender/all_50_random/02958343/af08f280395cd31719f6a4bcc93433/r_16",
            "rotation": 0.12566370614359174,
            "transform_matrix": [
                [
                    -0.6899265050888062,
                    0.46237343549728394,
                    -0.5569669604301453,
                    -2.2452056407928467
                ],
                [
                    -0.7238794565200806,
                    -0.4406861960887909,
                    0.5308429002761841,
                    2.1398961544036865
                ],
                [
                    0.0,
                    0.7694194912910461,
                    0.6387437582015991,
                    2.5748584270477295
                ],
                [
                    0.0,
                    0.0,
                    0.0,
                    1.0
                ]
            ]
        },
        {
            "file_path": "/data/shapenet_blender/all_50_random/02958343/af08f280395cd31719f6a4bcc93433/r_17",
            "rotation": 0.12566370614359174,
            "transform_matrix": [
                [
                    0.9689835906028748,
                    -0.007614937145262957,
                    -0.24700777232646942,
                    -0.9957202672958374
                ],
                [
                    -0.24712514877319336,
                    -0.02985834702849388,
                    -0.9685233235359192,
                    -3.904242753982544
                ],
                [
                    4.656613428188905e-10,
                    0.9995250701904297,
                    -0.030814088881015778,
                    -0.12421557307243347
                ],
                [
                    0.0,
                    0.0,
                    0.0,
                    1.0
                ]
            ]
        },
        {
            "file_path": "/data/shapenet_blender/all_50_random/02958343/af08f280395cd31719f6a4bcc93433/r_18",
            "rotation": 0.12566370614359174,
            "transform_matrix": [
                [
                    -0.7736727595329285,
                    -0.30599942803382874,
                    0.5547924637794495,
                    2.2364401817321777
                ],
                [
                    0.6335853338241577,
                    -0.3736567497253418,
                    0.6774585843086243,
                    2.7309231758117676
                ],
                [
                    1.4901161193847656e-08,
                    0.8756397366523743,
                    0.48296475410461426,
                    1.946893334388733
                ],
                [
                    0.0,
                    0.0,
                    0.0,
                    1.0
                ]
            ]
        },
        {
            "file_path": "/data/shapenet_blender/all_50_random/02958343/af08f280395cd31719f6a4bcc93433/r_19",
            "rotation": 0.12566370614359174,
            "transform_matrix": [
                [
                    0.3630746603012085,
                    0.09948170930147171,
                    -0.9264341592788696,
                    -3.7345752716064453
                ],
                [
                    -0.9317600727081299,
                    0.038764581084251404,
                    -0.36099931597709656,
                    -1.4552347660064697
                ],
                [
                    3.7252898543727042e-09,
                    0.9942840337753296,
                    0.10676752030849457,
                    0.43039360642433167
                ],
                [
                    0.0,
                    0.0,
                    0.0,
                    1.0
                ]
            ]
        },
        {
            "file_path": "/data/shapenet_blender/all_50_random/02958343/af08f280395cd31719f6a4bcc93433/r_20",
            "rotation": 0.12566370614359174,
            "transform_matrix": [
                [
                    0.8856266736984253,
                    -0.24395495653152466,
                    -0.3951599597930908,
                    -1.5929408073425293
                ],
                [
                    -0.4643979072570801,
                    -0.4652325212955475,
                    -0.7535869479179382,
                    -3.0378060340881348
                ],
                [
                    1.4901161193847656e-08,
                    0.850908100605011,
                    -0.5253145098686218,
                    -2.117610454559326
                ],
                [
                    0.0,
                    0.0,
                    0.0,
                    1.0
                ]
            ]
        },
        {
            "file_path": "/data/shapenet_blender/all_50_random/02958343/af08f280395cd31719f6a4bcc93433/r_21",
            "rotation": 0.12566370614359174,
            "transform_matrix": [
                [
                    0.718190610408783,
                    0.6021125912666321,
                    0.34880149364471436,
                    1.4060639142990112
                ],
                [
                    0.6958463788032532,
                    -0.621446967124939,
                    -0.360001802444458,
                    -1.4512138366699219
                ],
                [
                    0.0,
                    0.5012622475624084,
                    -0.8652953505516052,
                    -3.4881174564361572
                ],
                [
                    0.0,
                    0.0,
                    0.0,
                    1.0
                ]
            ]
        },
        {
            "file_path": "/data/shapenet_blender/all_50_random/02958343/af08f280395cd31719f6a4bcc93433/r_22",
            "rotation": 0.12566370614359174,
            "transform_matrix": [
                [
                    0.38538673520088196,
                    -0.6510536074638367,
                    -0.6539160013198853,
                    -2.6360199451446533
                ],
                [
                    -0.922755241394043,
                    -0.2719111144542694,
                    -0.2731066048145294,
                    -1.1009280681610107
                ],
                [
                    1.4901162970204496e-08,
                    0.7086561322212219,
                    -0.7055539488792419,
                    -2.844179153442383
                ],
                [
                    0.0,
                    0.0,
                    0.0,
                    1.0
                ]
            ]
        },
        {
            "file_path": "/data/shapenet_blender/all_50_random/02958343/af08f280395cd31719f6a4bcc93433/r_23",
            "rotation": 0.12566370614359174,
            "transform_matrix": [
                [
                    0.22378911077976227,
                    0.054004084318876266,
                    0.9731402397155762,
                    3.922853946685791
                ],
                [
                    0.9746375679969788,
                    -0.01240001991391182,
                    -0.22344529628753662,
                    -0.9007368683815002
                ],
                [
                    0.0,
                    0.9984636902809143,
                    -0.05540940538048744,
                    -0.22336247563362122
                ],
                [
                    0.0,
                    0.0,
                    0.0,
                    1.0
                ]
            ]
        },
        {
            "file_path": "/data/shapenet_blender/all_50_random/02958343/af08f280395cd31719f6a4bcc93433/r_24",
            "rotation": 0.12566370614359174,
            "transform_matrix": [
                [
                    -0.38245195150375366,
                    0.2286616861820221,
                    0.895234227180481,
                    3.608804702758789
                ],
                [
                    0.92397540807724,
                    0.09464765340089798,
                    0.37055540084838867,
                    1.493756651878357
                ],
                [
                    7.450580596923828e-09,
                    0.9688940048217773,
                    -0.24747595191001892,
                    -0.9976074695587158
                ],
                [
                    0.0,
                    0.0,
                    0.0,
                    1.0
                ]
            ]
        },
        {
            "file_path": "/data/shapenet_blender/all_50_random/02958343/af08f280395cd31719f6a4bcc93433/r_25",
            "rotation": 0.12566370614359174,
            "transform_matrix": [
                [
                    0.09379854053258896,
                    0.04703536257147789,
                    -0.9944795966148376,
                    -4.008874893188477
                ],
                [
                    -0.9955912232398987,
                    0.004431385546922684,
                    -0.093693807721138,
                    -0.37769177556037903
                ],
                [
                    4.656612873077393e-10,
                    0.9988833665847778,
                    0.04724365472793579,
                    0.19044524431228638
                ],
                [
                    0.0,
                    0.0,
                    0.0,
                    1.0
                ]
            ]
        },
        {
            "file_path": "/data/shapenet_blender/all_50_random/02958343/af08f280395cd31719f6a4bcc93433/r_26",
            "rotation": 0.12566370614359174,
            "transform_matrix": [
                [
                    0.8399147987365723,
                    -0.004316866397857666,
                    -0.5427011251449585,
                    -2.1876981258392334
                ],
                [
                    -0.542718231678009,
                    -0.006680814549326897,
                    -0.8398882746696472,
                    -3.385697841644287
                ],
                [
                    0.0,
                    0.999968409538269,
                    -0.007954157888889313,
                    -0.03206423670053482
                ],
                [
                    0.0,
                    0.0,
                    0.0,
                    1.0
                ]
            ]
        },
        {
            "file_path": "/data/shapenet_blender/all_50_random/02958343/af08f280395cd31719f6a4bcc93433/r_27",
            "rotation": 0.12566370614359174,
            "transform_matrix": [
                [
                    -0.5175859928131104,
                    0.35710665583610535,
                    -0.7775470614433289,
                    -3.134392738342285
                ],
                [
                    -0.8556311726570129,
                    -0.21601994335651398,
                    0.47035157680511475,
                    1.8960479497909546
                ],
                [
                    0.0,
                    0.9087408781051636,
                    0.41736048460006714,
                    1.68243408203125
                ],
                [
                    0.0,
                    0.0,
                    0.0,
                    1.0
                ]
            ]
        },
        {
            "file_path": "/data/shapenet_blender/all_50_random/02958343/af08f280395cd31719f6a4bcc93433/r_28",
            "rotation": 0.12566370614359174,
            "transform_matrix": [
                [
                    0.5924052000045776,
                    0.4563720226287842,
                    -0.6639130711555481,
                    -2.6763193607330322
                ],
                [
                    -0.8056402206420898,
                    0.3355805277824402,
                    -0.4881901443004608,
                    -1.9679574966430664
                ],
                [
                    -1.4901161193847656e-08,
                    0.8240814805030823,
                    0.5664712190628052,
                    2.2835187911987305
                ],
                [
                    0.0,
                    0.0,
                    0.0,
                    1.0
                ]
            ]
        },
        {
            "file_path": "/data/shapenet_blender/all_50_random/02958343/af08f280395cd31719f6a4bcc93433/r_29",
            "rotation": 0.12566370614359174,
            "transform_matrix": [
                [
                    -0.9688295125961304,
                    -0.1351587325334549,
                    -0.2076094001531601,
                    -0.8369003534317017
                ],
                [
                    -0.24772882461547852,
                    0.5285851359367371,
                    0.8119285702705383,
                    3.272989273071289
                ],
                [
                    7.450581485102248e-09,
                    0.8380511999130249,
                    -0.5455914735794067,
                    -2.199349880218506
                ],
                [
                    0.0,
                    0.0,
                    0.0,
                    1.0
                ]
            ]
        },
        {
            "file_path": "/data/shapenet_blender/all_50_random/02958343/af08f280395cd31719f6a4bcc93433/r_30",
            "rotation": 0.12566370614359174,
            "transform_matrix": [
                [
                    0.8744128942489624,
                    -0.47469645738601685,
                    0.10032688826322556,
                    0.404430627822876
                ],
                [
                    0.4851827025413513,
                    0.8555142283439636,
                    -0.1808125525712967,
                    -0.7288787364959717
                ],
                [
                    -7.450581485102248e-09,
                    0.20678158104419708,
                    0.9783871173858643,
                    3.944004535675049
                ],
                [
                    0.0,
                    0.0,
                    0.0,
                    1.0
                ]
            ]
        },
        {
            "file_path": "/data/shapenet_blender/all_50_random/02958343/af08f280395cd31719f6a4bcc93433/r_31",
            "rotation": 0.12566370614359174,
            "transform_matrix": [
                [
                    -0.8721957802772522,
                    -0.014028778299689293,
                    0.48895570635795593,
                    1.9710434675216675
                ],
                [
                    0.48915690183639526,
                    -0.02501414343714714,
                    0.8718370199203491,
                    3.5144875049591064
                ],
                [
                    0.0,
                    0.999588668346405,
                    0.02867950312793255,
                    0.11561077833175659
                ],
                [
                    0.0,
                    0.0,
                    0.0,
                    1.0
                ]
            ]
        },
        {
            "file_path": "/data/shapenet_blender/all_50_random/02958343/af08f280395cd31719f6a4bcc93433/r_32",
            "rotation": 0.12566370614359174,
            "transform_matrix": [
                [
                    0.33719152212142944,
                    -0.8574914932250977,
                    -0.38860034942626953,
                    -1.5664981603622437
                ],
                [
                    -0.9414361715316772,
                    -0.3071253001689911,
                    -0.1391838788986206,
                    -0.5610681772232056
                ],
                [
                    0.0,
                    0.412773996591568,
                    -0.910833477973938,
                    -3.671687126159668
                ],
                [
                    0.0,
                    0.0,
                    0.0,
                    1.0
                ]
            ]
        },
        {
            "file_path": "/data/shapenet_blender/all_50_random/02958343/af08f280395cd31719f6a4bcc93433/r_33",
            "rotation": 0.12566370614359174,
            "transform_matrix": [
                [
                    0.6549099087715149,
                    0.48563656210899353,
                    0.5790078639984131,
                    2.3340554237365723
                ],
                [
                    0.7557068467140198,
                    -0.4208618700504303,
                    -0.5017791986465454,
                    -2.0227365493774414
                ],
                [
                    1.4901160305669237e-08,
                    0.7661804556846619,
                    -0.6426255106925964,
                    -2.5905063152313232
                ],
                [
                    0.0,
                    0.0,
                    0.0,
                    1.0
                ]
            ]
        },
        {
            "file_path": "/data/shapenet_blender/all_50_random/02958343/af08f280395cd31719f6a4bcc93433/r_34",
            "rotation": 0.12566370614359174,
            "transform_matrix": [
                [
                    -0.16477347910404205,
                    0.5008618235588074,
                    -0.8496983051300049,
                    -3.425243377685547
                ],
                [
                    -0.9863314628601074,
                    -0.0836724266409874,
                    0.14194796979427338,
                    0.5722105503082275
                ],
                [
                    0.0,
                    0.8614733815193176,
                    0.5078027248382568,
                    2.04701828956604
                ],
                [
                    0.0,
                    0.0,
                    0.0,
                    1.0
                ]
            ]
        },
        {
            "file_path": "/data/shapenet_blender/all_50_random/02958343/af08f280395cd31719f6a4bcc93433/r_35",
            "rotation": 0.12566370614359174,
            "transform_matrix": [
                [
                    -0.5250557065010071,
                    0.6816869974136353,
                    -0.5095284581184387,
                    -2.0539751052856445
                ],
                [
                    -0.8510679006576538,
                    -0.42055830359458923,
                    0.3143472373485565,
                    1.2671743631362915
                ],
                [
                    0.0,
                    0.5986931324005127,
                    0.8009783625602722,
                    3.2288472652435303
                ],
                [
                    0.0,
                    0.0,
                    0.0,
                    1.0
                ]
            ]
        },
        {
            "file_path": "/data/shapenet_blender/all_50_random/02958343/af08f280395cd31719f6a4bcc93433/r_36",
            "rotation": 0.12566370614359174,
            "transform_matrix": [
                [
                    -0.977756917476654,
                    -0.1362690031528473,
                    -0.15944316983222961,
                    -0.6427359580993652
                ],
                [
                    -0.20974119007587433,
                    0.6352493762969971,
                    0.7432811260223389,
                    2.9962620735168457
                ],
                [
                    -7.450580596923828e-09,
                    0.7601900696754456,
                    -0.6497006416320801,
                    -2.6190271377563477
                ],
                [
                    0.0,
                    0.0,
                    0.0,
                    1.0
                ]
            ]
        },
        {
            "file_path": "/data/shapenet_blender/all_50_random/02958343/af08f280395cd31719f6a4bcc93433/r_37",
            "rotation": 0.12566370614359174,
            "transform_matrix": [
                [
                    -0.8098815083503723,
                    0.13089798390865326,
                    -0.5718020796775818,
                    -2.3050081729888916
                ],
                [
                    -0.5865935683250427,
                    -0.18072454631328583,
                    0.7894596457481384,
                    3.1824138164520264
                ],
                [
                    7.450581485102248e-09,
                    0.9747841358184814,
                    0.223149374127388,
                    0.8995439410209656
                ],
                [
                    0.0,
                    0.0,
                    0.0,
                    1.0
                ]
            ]
        },
        {
            "file_path": "/data/shapenet_blender/all_50_random/02958343/af08f280395cd31719f6a4bcc93433/r_38",
            "rotation": 0.12566370614359174,
            "transform_matrix": [
                [
                    -0.6686705350875854,
                    -0.20846736431121826,
                    -0.7137373089790344,
                    -2.877167224884033
                ],
                [
                    -0.7435587048530579,
                    0.1874713897705078,
                    0.6418526768684387,
                    2.587390899658203
                ],
                [
                    -1.4901160305669237e-08,
                    0.9598937034606934,
                    -0.2803643047809601,
                    -1.1301846504211426
                ],
                [
                    0.0,
                    0.0,
                    0.0,
                    1.0
                ]
            ]
        },
        {
            "file_path": "/data/shapenet_blender/all_50_random/02958343/af08f280395cd31719f6a4bcc93433/r_39",
            "rotation": 0.12566370614359174,
            "transform_matrix": [
                [
                    0.9777675867080688,
                    -0.08099828660488129,
                    0.19341585040092468,
                    0.7796842455863953
                ],
                [
                    0.20969122648239136,
                    0.3776863217353821,
                    -0.9018772840499878,
                    -3.6355836391448975
                ],
                [
                    -7.450580152834618e-09,
                    0.9223840832710266,
                    0.3862740695476532,
                    1.5571205615997314
                ],
                [
                    0.0,
                    0.0,
                    0.0,
                    1.0
                ]
            ]
        },
        {
            "file_path": "/data/shapenet_blender/all_50_random/02958343/af08f280395cd31719f6a4bcc93433/r_40",
            "rotation": 0.12566370614359174,
            "transform_matrix": [
                [
                    0.8328684568405151,
                    -0.20298050343990326,
                    0.5149068236351013,
                    2.075655698776245
                ],
                [
                    0.5534709692001343,
                    0.3054470121860504,
                    -0.7748367190361023,
                    -3.123466730117798
                ],
                [
                    0.0,
                    0.9303229451179504,
                    0.3667410612106323,
                    1.478380560874939
                ],
                [
                    0.0,
                    0.0,
                    0.0,
                    1.0
                ]
            ]
        },
        {
            "file_path": "/data/shapenet_blender/all_50_random/02958343/af08f280395cd31719f6a4bcc93433/r_41",
            "rotation": 0.12566370614359174,
            "transform_matrix": [
                [
                    0.25596722960472107,
                    -0.29479655623435974,
                    0.9206387400627136,
                    3.7112135887145996
                ],
                [
                    0.9666854739189148,
                    0.07805874943733215,
                    -0.24377459287643433,
                    -0.9826868772506714
                ],
                [
                    0.0,
