{
    "class": "02958343",
    "model": "8ffc484a850350f916abce8cb03e7794",
    "remove_doubles": true,
    "edge_split": true,
    "denoise": true,
    "camera_angle_x": 0.6911112070083618,
    "scale_factor": 2.174806595787058,
    "hdri_file": "/data/IndoorHDRDataset2018/AG8A5624-7f67c67643.exr",
    "center_offset": [
        0.0,
        0.0,
        -1.3969838619232178e-09
    ],
    "lights": [],
    "frames": [
        {
            "file_path": "/data/shapenet_blender/all_50_random/02958343/8ffc484a850350f916abce8cb03e7794/r_0",
            "rotation": 0.12566370614359174,
            "transform_matrix": [
                [
                    -0.07345624268054962,
                    -0.9773866534233093,
                    -0.19829075038433075,
                    -0.7993354797363281
                ],
                [
                    -0.9972984790802002,
                    0.07198963314294815,
                    0.014605149626731873,
                    0.05887523293495178
                ],
                [
                    9.313225746154785e-10,
                    0.19882795214653015,
                    -0.9800345301628113,
                    -3.9506449699401855
                ],
                [
                    0.0,
                    0.0,
                    0.0,
                    1.0
                ]
            ]
        },
        {
            "file_path": "/data/shapenet_blender/all_50_random/02958343/8ffc484a850350f916abce8cb03e7794/r_1",
            "rotation": 0.12566370614359174,
            "transform_matrix": [
                [
                    0.5463111400604248,
                    -0.0007257519173435867,
                    -0.8375819325447083,
                    -3.376400947570801
                ],
                [
                    -0.8375822901725769,
                    -0.00047337007708847523,
                    -0.5463109016418457,
                    -2.2022500038146973
                ],
                [
                    -2.9103826987286752e-11,
                    0.9999996423721313,
                    -0.0008664842462167144,
                    -0.003492909949272871
                ],
                [
                    0.0,
                    0.0,
                    0.0,
                    1.0
                ]
            ]
        },
        {
            "file_path": "/data/shapenet_blender/all_50_random/02958343/8ffc484a850350f916abce8cb03e7794/r_2",
            "rotation": 0.12566370614359174,
            "transform_matrix": [
                [
                    -0.9036036133766174,
                    0.06052916496992111,
                    -0.42407163977622986,
                    -1.7094871997833252
                ],
                [
                    -0.42836958169937134,
                    -0.12768033146858215,
                    0.8945375084877014,
                    3.6059956550598145
                ],
                [
                    -3.725290076417309e-09,
                    0.9899665713310242,
                    0.14130127429962158,
                    0.5696035623550415
                ],
                [
                    0.0,
                    0.0,
                    0.0,
                    1.0
                ]
            ]
        },
        {
            "file_path": "/data/shapenet_blender/all_50_random/02958343/8ffc484a850350f916abce8cb03e7794/r_3",
            "rotation": 0.12566370614359174,
            "transform_matrix": [
                [
                    -0.9587580561637878,
                    0.20329156517982483,
                    -0.19863419234752655,
                    -0.8007200360298157
                ],
                [
                    -0.2842234671115875,
                    -0.6857540607452393,
                    0.6700435876846313,
                    2.7010321617126465
                ],
                [
                    1.4901160305669237e-08,
                    0.6988661885261536,
                    0.7152524590492249,
                    2.883274793624878
                ],
                [
                    0.0,
                    0.0,
                    0.0,
                    1.0
                ]
            ]
        },
        {
            "file_path": "/data/shapenet_blender/all_50_random/02958343/8ffc484a850350f916abce8cb03e7794/r_4",
            "rotation": 0.12566370614359174,
            "transform_matrix": [
                [
                    0.18568676710128784,
                    -0.05912594869732857,
                    0.9808285236358643,
                    3.9538462162017822
                ],
                [
                    0.9826090335845947,
                    0.011173218488693237,
                    -0.18535029888153076,
                    -0.7471709251403809
                ],
                [
                    9.313225746154785e-10,
                    0.9981880187988281,
                    0.06017240136861801,
                    0.24256271123886108
                ],
                [
                    0.0,
                    0.0,
                    0.0,
                    1.0
                ]
            ]
        },
        {
            "file_path": "/data/shapenet_blender/all_50_random/02958343/8ffc484a850350f916abce8cb03e7794/r_5",
            "rotation": 0.12566370614359174,
            "transform_matrix": [
                [
                    0.6395246982574463,
                    0.7437256574630737,
                    -0.19462862610816956,
                    -0.7845730781555176
                ],
                [
                    -0.7687706351280212,
                    0.6186903119087219,
                    -0.1619075983762741,
                    -0.6526703834533691
                ],
                [
                    7.450581485102248e-09,
                    0.25316861271858215,
                    0.9674221277236938,
                    3.899803400039673
                ],
                [
                    0.0,
                    0.0,
                    0.0,
                    1.0
                ]
            ]
        },
        {
            "file_path": "/data/shapenet_blender/all_50_random/02958343/8ffc484a850350f916abce8cb03e7794/r_6",
            "rotation": 0.12566370614359174,
            "transform_matrix": [
                [
                    0.2525232434272766,
                    0.46222710609436035,
                    -0.850045919418335,
                    -3.426644802093506
                ],
                [
                    -0.967590868473053,
                    0.12063270062208176,
                    -0.22184620797634125,
                    -0.8942906856536865
                ],
                [
                    0.0,
                    0.8785179853439331,
                    0.47770926356315613,
                    1.9257075786590576
                ],
                [
                    0.0,
                    0.0,
                    0.0,
                    1.0
                ]
            ]
        },
        {
            "file_path": "/data/shapenet_blender/all_50_random/02958343/8ffc484a850350f916abce8cb03e7794/r_7",
            "rotation": 0.12566370614359174,
            "transform_matrix": [
                [
                    -0.020182635635137558,
                    0.15119227766990662,
                    0.9882982969284058,
                    3.9839577674865723
                ],
                [
                    0.9997963905334473,
                    0.0030520805157721043,
                    0.01995052769780159,
                    0.08042314648628235
                ],
                [
                    -2.3283067140944524e-10,
                    0.988499641418457,
                    -0.1512230932712555,
                    -0.609599769115448
                ],
                [
                    0.0,
                    0.0,
                    0.0,
                    1.0
                ]
            ]
        },
        {
            "file_path": "/data/shapenet_blender/all_50_random/02958343/8ffc484a850350f916abce8cb03e7794/r_8",
            "rotation": 0.12566370614359174,
            "transform_matrix": [
                [
                    0.6253871321678162,
                    -0.17476846277713776,
                    0.7604912519454956,
                    3.065638303756714
                ],
                [
                    0.7803146839141846,
                    0.14006906747817993,
                    -0.6094995141029358,
                    -2.4569711685180664
                ],
                [
                    -7.450581485102248e-09,
                    0.9745955467224121,
                    0.22397179901599884,
                    0.9028592109680176
                ],
                [
                    0.0,
                    0.0,
                    0.0,
                    1.0
                ]
            ]
        },
        {
            "file_path": "/data/shapenet_blender/all_50_random/02958343/8ffc484a850350f916abce8cb03e7794/r_9",
            "rotation": 0.12566370614359174,
            "transform_matrix": [
                [
                    -0.987160861492157,
                    -0.08859986811876297,
                    -0.13290411233901978,
                    -0.5357536673545837
                ],
                [
                    -0.1597292721271515,
                    0.5475659966468811,
                    0.8213756680488586,
                    3.3110713958740234
                ],
                [
                    0.0,
                    0.8320586085319519,
                    -0.5546876192092896,
                    -2.2360174655914307
                ],
                [
                    0.0,
                    0.0,
                    0.0,
                    1.0
                ]
            ]
        },
        {
            "file_path": "/data/shapenet_blender/all_50_random/02958343/8ffc484a850350f916abce8cb03e7794/r_10",
            "rotation": 0.12566370614359174,
            "transform_matrix": [
                [
                    0.8380588293075562,
                    0.5447362065315247,
                    0.030328743159770966,
                    0.12225908041000366
                ],
                [
                    0.5455797910690308,
                    -0.8367629647254944,
                    -0.04658763110637665,
                    -0.18780076503753662
                ],
                [
                    -1.8626449271863521e-09,
                    0.05559033155441284,
                    -0.998453676700592,
                    -4.024895668029785
                ],
                [
                    0.0,
                    0.0,
                    0.0,
                    1.0
                ]
            ]
        },
        {
            "file_path": "/data/shapenet_blender/all_50_random/02958343/8ffc484a850350f916abce8cb03e7794/r_11",
            "rotation": 0.12566370614359174,
            "transform_matrix": [
                [
                    0.6490074992179871,
                    0.48577356338500977,
                    -0.585502564907074,
                    -2.360236406326294
                ],
                [
                    -0.7607821226119995,
                    0.4144034683704376,
                    -0.4994802176952362,
                    -2.0134692192077637
                ],
                [
                    1.4901162970204496e-08,
                    0.7696061730384827,
                    0.638518750667572,
                    2.573951482772827
                ],
                [
                    0.0,
                    0.0,
                    0.0,
                    1.0
                ]
            ]
        },
        {
            "file_path": "/data/shapenet_blender/all_50_random/02958343/8ffc484a850350f916abce8cb03e7794/r_12",
            "rotation": 0.12566370614359174,
            "transform_matrix": [
                [
                    0.9337174892425537,
                    0.0045798663049936295,
                    -0.35798153281211853,
                    -1.4430696964263916
                ],
                [
                    -0.358010858297348,
                    0.011944614350795746,
                    -0.9336410164833069,
                    -3.763627290725708
                ],
                [
                    4.656612873077393e-10,
                    0.9999182224273682,
                    0.012792536057531834,
                    0.05156836286187172
                ],
                [
                    0.0,
                    0.0,
                    0.0,
                    1.0
                ]
            ]
        },
        {
            "file_path": "/data/shapenet_blender/all_50_random/02958343/8ffc484a850350f916abce8cb03e7794/r_13",
            "rotation": 0.12566370614359174,
            "transform_matrix": [
                [
                    -0.9213815927505493,
                    0.31373131275177,
                    0.22940939664840698,
                    0.9247788786888123
                ],
                [
                    0.3886592388153076,
                    0.7437524795532227,
                    0.543853223323822,
                    2.192342519760132
                ],
                [
                    -2.9802322387695312e-08,
                    0.5902584195137024,
                    -0.8072143197059631,
                    -3.2539849281311035
                ],
                [
                    0.0,
                    0.0,
                    0.0,
                    1.0
                ]
            ]
        },
        {
            "file_path": "/data/shapenet_blender/all_50_random/02958343/8ffc484a850350f916abce8cb03e7794/r_14",
            "rotation": 0.12566370614359174,
            "transform_matrix": [
                [
                    0.9722288846969604,
                    -0.14627790451049805,
                    0.18268530070781708,
                    0.7364280223846436
                ],
                [
                    0.23403237760066986,
                    0.6076748967170715,
                    -0.7589203119277954,
                    -3.0593056678771973
                ],
                [
                    0.0,
                    0.7805984616279602,
                    0.6250327825546265,
                    2.519587755203247
                ],
                [
                    0.0,
                    0.0,
                    0.0,
                    1.0
                ]
            ]
        },
        {
            "file_path": "/data/shapenet_blender/all_50_random/02958343/8ffc484a850350f916abce8cb03e7794/r_15",
            "rotation": 0.12566370614359174,
            "transform_matrix": [
                [
                    -0.21704606711864471,
                    -0.8431142568588257,
                    0.49198490381240845,
                    1.9832546710968018
                ],
                [
                    0.9761614203453064,
                    -0.18746350705623627,
                    0.10939112305641174,
                    0.4409697651863098
                ],
                [
                    -7.450581485102248e-09,
                    0.5039994120597839,
                    0.8637037873268127,
                    3.481701612472534
                ],
                [
                    0.0,
                    0.0,
                    0.0,
                    1.0
                ]
            ]
        },
        {
            "file_path": "/data/shapenet_blender/all_50_random/02958343/8ffc484a850350f916abce8cb03e7794/r_16",
            "rotation": 0.12566370614359174,
            "transform_matrix": [
                [
                    -0.20088112354278564,
                    0.6006221175193787,
                    -0.7738861441612244,
                    -3.1196351051330566
                ],
                [
                    -0.9796156287193298,
                    -0.12316427379846573,
                    0.15869399905204773,
                    0.6397160291671753
                ],
                [
                    7.450580596923828e-09,
                    0.7899895906448364,
                    0.6131200790405273,
                    2.4715664386749268
                ],
                [
                    0.0,
                    0.0,
                    0.0,
                    1.0
                ]
            ]
        },
        {
            "file_path": "/data/shapenet_blender/all_50_random/02958343/8ffc484a850350f916abce8cb03e7794/r_17",
            "rotation": 0.12566370614359174,
            "transform_matrix": [
                [
                    -0.9841206669807434,
                    0.1695602536201477,
                    0.052494652569293976,
                    0.211612731218338
                ],
                [
                    0.17750030755996704,
                    0.9400983452796936,
                    0.29104775190353394,
                    1.1732511520385742
                ],
                [
                    -3.7252896323280993e-09,
                    0.29574400186538696,
                    -0.9552671313285828,
                    -3.8508052825927734
                ],
                [
                    0.0,
                    0.0,
                    0.0,
                    1.0
                ]
            ]
        },
        {
            "file_path": "/data/shapenet_blender/all_50_random/02958343/8ffc484a850350f916abce8cb03e7794/r_18",
            "rotation": 0.12566370614359174,
            "transform_matrix": [
                [
                    0.5256132483482361,
                    -0.47678476572036743,
                    -0.7045615911483765,
                    -2.8401787281036377
                ],
                [
                    -0.8507236838340759,
                    -0.29457786679267883,
                    -0.4353080689907074,
                    -1.7547829151153564
                ],
                [
                    1.4901161193847656e-08,
                    0.8281909823417664,
                    -0.5604460835456848,
                    -2.259230375289917
                ],
                [
                    0.0,
                    0.0,
                    0.0,
                    1.0
                ]
            ]
        },
        {
            "file_path": "/data/shapenet_blender/all_50_random/02958343/8ffc484a850350f916abce8cb03e7794/r_19",
            "rotation": 0.12566370614359174,
            "transform_matrix": [
                [
                    -0.5525327920913696,
                    0.43942490220069885,
                    0.708246648311615,
                    2.8550336360931396
                ],
                [
                    0.8334912657737732,
                    0.29130077362060547,
                    0.4695063829421997,
                    1.8926407098770142
                ],
                [
                    0.0,
                    0.8497350215911865,
                    -0.527209997177124,
                    -2.125251531600952
                ],
                [
                    0.0,
                    0.0,
                    0.0,
                    1.0
                ]
            ]
        },
        {
            "file_path": "/data/shapenet_blender/all_50_random/02958343/8ffc484a850350f916abce8cb03e7794/r_20",
            "rotation": 0.12566370614359174,
            "transform_matrix": [
                [
                    0.9760555624961853,
                    -0.1944933980703354,
                    -0.09740579128265381,
                    -0.39265531301498413
                ],
                [
                    -0.21752145886421204,
                    -0.8727247714996338,
                    -0.43707627058029175,
                    -1.7619107961654663
                ],
                [
                    7.450581485102248e-09,
                    0.4477985203266144,
                    -0.8941344618797302,
                    -3.6043713092803955
                ],
                [
                    0.0,
                    0.0,
                    0.0,
                    1.0
                ]
            ]
        },
        {
            "file_path": "/data/shapenet_blender/all_50_random/02958343/8ffc484a850350f916abce8cb03e7794/r_21",
            "rotation": 0.12566370614359174,
            "transform_matrix": [
                [
                    -0.9986839294433594,
                    0.010866484604775906,
                    -0.05012398958206177,
                    -0.20205625891685486
                ],
                [
                    -0.05128834769129753,
                    -0.21159158647060394,
                    0.9760115742683411,
                    3.9344284534454346
                ],
                [
                    0.0,
                    0.9772977232933044,
                    0.21187043190002441,
                    0.8540770411491394
                ],
                [
                    0.0,
                    0.0,
                    0.0,
                    1.0
                ]
            ]
        },
        {
            "file_path": "/data/shapenet_blender/all_50_random/02958343/8ffc484a850350f916abce8cb03e7794/r_22",
            "rotation": 0.12566370614359174,
            "transform_matrix": [
                [
                    -0.07531905919313431,
                    -0.1838773488998413,
                    -0.9800591468811035,
                    -3.950745105743408
                ],
                [
                    -0.9971595406532288,
                    0.013888919726014137,
                    0.0740274041891098,
                    0.29841405153274536
                ],
                [
                    0.0,
                    0.9828510880470276,
                    -0.18440110981464386,
                    -0.7433447241783142
                ],
                [
                    0.0,
                    0.0,
                    0.0,
                    1.0
                ]
            ]
        },
        {
            "file_path": "/data/shapenet_blender/all_50_random/02958343/8ffc484a850350f916abce8cb03e7794/r_23",
            "rotation": 0.12566370614359174,
            "transform_matrix": [
                [
                    0.8377424478530884,
                    0.505075991153717,
                    0.20757168531417847,
                    0.8367482423782349
                ],
                [
                    0.5460657477378845,
                    -0.7748582363128662,
                    -0.3184444308280945,
                    -1.2836905717849731
                ],
                [
                    0.0,
                    0.3801221549510956,
                    -0.9249362945556641,
                    -3.7285375595092773
                ],
                [
                    0.0,
                    0.0,
                    0.0,
                    1.0
                ]
            ]
        },
        {
            "file_path": "/data/shapenet_blender/all_50_random/02958343/8ffc484a850350f916abce8cb03e7794/r_24",
            "rotation": 0.12566370614359174,
            "transform_matrix": [
                [
                    0.9307770729064941,
                    -0.21681617200374603,
                    0.2943548262119293,
                    1.186582326889038
                ],
                [
                    0.3655872344970703,
                    0.5520091652870178,
                    -0.7494209408760071,
                    -3.021012783050537
                ],
                [
                    1.4901161193847656e-08,
                    0.8051562905311584,
                    0.5930626392364502,
                    2.390712261199951
                ],
                [
                    0.0,
                    0.0,
                    0.0,
                    1.0
                ]
            ]
        },
        {
            "file_path": "/data/shapenet_blender/all_50_random/02958343/8ffc484a850350f916abce8cb03e7794/r_25",
            "rotation": 0.12566370614359174,
            "transform_matrix": [
                [
                    0.4326382875442505,
                    0.15945793688297272,
                    0.8873540759086609,
                    3.5770387649536133
                ],
                [
                    0.9015676379203796,
                    -0.07651960849761963,
                    -0.4258175790309906,
                    -1.7165255546569824
                ],
                [
                    -7.450581485102248e-09,
                    0.9842345714569092,
                    -0.17686742544174194,
                    -0.7129753828048706
                ],
                [
                    0.0,
                    0.0,
                    0.0,
                    1.0
                ]
            ]
        },
        {
            "file_path": "/data/shapenet_blender/all_50_random/02958343/8ffc484a850350f916abce8cb03e7794/r_26",
            "rotation": 0.12566370614359174,
            "transform_matrix": [
                [
                    0.8351303935050964,
                    0.2360914945602417,
                    0.4968077838420868,
                    2.0026962757110596
                ],
                [
                    0.5500519275665283,
                    -0.3584519326686859,
                    -0.7542911171913147,
                    -3.040644645690918
                ],
                [
                    -1.4901160305669237e-08,
                    0.9032015800476074,
                    -0.4292166531085968,
                    -1.7302277088165283
                ],
                [
                    0.0,
                    0.0,
                    0.0,
                    1.0
                ]
            ]
        },
        {
            "file_path": "/data/shapenet_blender/all_50_random/02958343/8ffc484a850350f916abce8cb03e7794/r_27",
            "rotation": 0.12566370614359174,
            "transform_matrix": [
                [
                    -0.4447922110557556,
                    -0.6335615515708923,
                    0.6330556869506836,
                    2.551929235458374
                ],
                [
                    0.8956336975097656,
                    -0.31464117765426636,
                    0.3143899440765381,
                    1.2673465013504028
                ],
                [
                    0.0,
                    0.7068243622779846,
                    0.7073889970779419,
                    2.851576566696167
                ],
                [
                    0.0,
                    0.0,
                    0.0,
                    1.0
                ]
            ]
        },
        {
            "file_path": "/data/shapenet_blender/all_50_random/02958343/8ffc484a850350f916abce8cb03e7794/r_28",
            "rotation": 0.12566370614359174,
            "transform_matrix": [
                [
                    -0.9875316619873047,
                    -0.025143172591924667,
                    -0.15540020167827606,
                    -0.626438319683075
                ],
                [
                    -0.15742112696170807,
                    0.15772774815559387,
                    0.974854052066803,
                    3.929762601852417
                ],
                [
                    0.0,
                    0.9871624708175659,
                    -0.15971918404102325,
                    -0.6438486576080322
                ],
                [
                    0.0,
                    0.0,
                    0.0,
                    1.0
                ]
            ]
        },
        {
            "file_path": "/data/shapenet_blender/all_50_random/02958343/8ffc484a850350f916abce8cb03e7794/r_29",
            "rotation": 0.12566370614359174,
            "transform_matrix": [
                [
                    -0.5677493214607239,
                    0.138400137424469,
                    -0.8114838600158691,
                    -3.2711963653564453
                ],
                [
                    -0.823201596736908,
                    -0.09545242786407471,
                    0.5596677660942078,
                    2.2560932636260986
                ],
                [
                    -7.450581485102248e-09,
                    0.9857657551765442,
                    0.1681242436170578,
                    0.6777305603027344
                ],
                [
                    0.0,
                    0.0,
                    0.0,
                    1.0
                ]
            ]
        },
        {
            "file_path": "/data/shapenet_blender/all_50_random/02958343/8ffc484a850350f916abce8cb03e7794/r_30",
            "rotation": 0.12566370614359174,
            "transform_matrix": [
                [
                    -0.9947887659072876,
                    0.03164428845047951,
                    0.0969223603606224,
                    0.39070653915405273
                ],
                [
                    0.10195738077163696,
                    0.3087504506111145,
                    0.9456626176834106,
                    3.8120880126953125
                ],
                [
                    -1.862645371275562e-09,
                    0.9506164789199829,
                    -0.3103678524494171,
                    -1.251132845878601
                ],
                [
                    0.0,
                    0.0,
                    0.0,
                    1.0
                ]
            ]
        },
        {
            "file_path": "/data/shapenet_blender/all_50_random/02958343/8ffc484a850350f916abce8cb03e7794/r_31",
            "rotation": 0.12566370614359174,
            "transform_matrix": [
                [
                    0.5989948511123657,
                    -0.1293834000825882,
                    0.7902309894561768,
                    3.185523271560669
                ],
                [
                    0.8007529377937317,
                    0.09678389132022858,
                    -0.5911239981651306,
                    -2.38289737701416
                ],
                [
                    7.450581485102248e-09,
                    0.9868600368499756,
                    0.16157715022563934,
                    0.6513383984565735
                ],
                [
                    0.0,
                    0.0,
                    0.0,
                    1.0
                ]
            ]
        },
        {
            "file_path": "/data/shapenet_blender/all_50_random/02958343/8ffc484a850350f916abce8cb03e7794/r_32",
            "rotation": 0.12566370614359174,
            "transform_matrix": [
                [
                    0.994314968585968,
                    0.0033056451939046383,
                    -0.10642748326063156,
                    -0.4290229082107544
                ],
                [
                    -0.10647880285978317,
                    0.030868608504533768,
                    -0.9938357472419739,
                    -4.006279945373535
                ],
                [
                    0.0,
                    0.9995179176330566,
                    0.031045105308294296,
                    0.12514682114124298
                ],
                [
                    0.0,
                    0.0,
                    0.0,
                    1.0
                ]
            ]
        },
        {
            "file_path": "/data/shapenet_blender/all_50_random/02958343/8ffc484a850350f916abce8cb03e7794/r_33",
            "rotation": 0.12566370614359174,
            "transform_matrix": [
                [
                    0.9938529133796692,
                    0.07266198098659515,
                    0.08352638781070709,
                    0.33670562505722046
                ],
                [
                    0.11070871353149414,
                    -0.652300238609314,
                    -0.749832034111023,
                    -3.022669553756714
                ],
                [
                    0.0,
                    0.7544698119163513,
                    -0.6563346982002258,
                    -2.6457698345184326
                ],
                [
                    0.0,
                    0.0,
                    0.0,
                    1.0
                ]
            ]
        },
        {
            "file_path": "/data/shapenet_blender/all_50_random/02958343/8ffc484a850350f916abce8cb03e7794/r_34",
            "rotation": 0.12566370614359174,
            "transform_matrix": [
                [
                    0.4570395350456238,
                    -0.6011896133422852,
                    0.6555043458938599,
                    2.6424224376678467
                ],
                [
                    0.8894463777542114,
                    0.3089195787906647,
                    -0.3368290662765503,
                    -1.3578014373779297
                ],
                [
                    0.0,
                    0.7369800209999084,
                    0.6759144067764282,
                    2.724698066711426
                ],
                [
                    0.0,
                    0.0,
                    0.0,
                    1.0
                ]
            ]
        },
        {
            "file_path": "/data/shapenet_blender/all_50_random/02958343/8ffc484a850350f916abce8cb03e7794/r_35",
            "rotation": 0.12566370614359174,
            "transform_matrix": [
                [
                    -0.06847505271434784,
                    -0.5253593921661377,
                    0.8481206893920898,
                    3.418883800506592
                ],
                [
                    0.9976528882980347,
                    -0.03605864569544792,
                    0.058211736381053925,
                    0.23465901613235474
                ],
                [
                    1.862645149230957e-09,
                    0.8501160144805908,
                    0.5265953540802002,
                    2.1227738857269287
                ],
                [
                    0.0,
                    0.0,
                    0.0,
                    1.0
                ]
            ]
        },
        {
            "file_path": "/data/shapenet_blender/all_50_random/02958343/8ffc484a850350f916abce8cb03e7794/r_36",
            "rotation": 0.12566370614359174,
            "transform_matrix": [
                [
                    0.9996954798698425,
                    0.015910545364022255,
                    0.01886327750980854,
                    0.07604031264781952
                ],
                [
                    0.024677293375134468,
                    -0.6445479989051819,
                    -0.7641652822494507,
                    -3.080449342727661
                ],
                [
                    9.313225746154785e-10,
                    0.7643980979919434,
                    -0.644744336605072,
                    -2.599047899246216
                ],
                [
                    0.0,
                    0.0,
                    0.0,
                    1.0
                ]
            ]
        },
        {
            "file_path": "/data/shapenet_blender/all_50_random/02958343/8ffc484a850350f916abce8cb03e7794/r_37",
            "rotation": 0.12566370614359174,
            "transform_matrix": [
                [
                    0.04613542556762695,
                    0.011004945263266563,
                    -0.9988746047019958,
                    -4.026592254638672
                ],
                [
                    -0.9989352226257324,
                    0.0005082589923404157,
                    -0.04613262414932251,
                    -0.18596655130386353
                ],
                [
                    0.0,
                    0.9999392628669739,
                    0.011016677133738995,
                    0.04440964758396149
                ],
                [
                    0.0,
                    0.0,
                    0.0,
                    1.0
                ]
            ]
        },
        {
            "file_path": "/data/shapenet_blender/all_50_random/02958343/8ffc484a850350f916abce8cb03e7794/r_38",
            "rotation": 0.12566370614359174,
            "transform_matrix": [
                [
                    0.05552509427070618,
                    -0.8732621669769287,
                    0.4840766191482544,
                    1.9513752460479736
                ],
                [
                    0.9984573125839233,
                    0.04856288060545921,
                    -0.026919929310679436,
                    -0.10851770639419556
                ],
                [
                    0.0,
                    0.4848245680332184,
                    0.8746114373207092,
                    3.5256714820861816
                ],
                [
                    0.0,
                    0.0,
                    0.0,
                    1.0
                ]
            ]
        },
        {
            "file_path": "/data/shapenet_blender/all_50_random/02958343/8ffc484a850350f916abce8cb03e7794/r_39",
            "rotation": 0.12566370614359174,
            "transform_matrix": [
                [
                    0.8400987386703491,
                    0.4743187129497528,
                    -0.2631648778915405,
                    -1.0608515739440918
                ],
                [
                    -0.5424333810806274,
                    0.7346054315567017,
                    -0.4075790047645569,
                    -1.6430034637451172
                ],
                [
                    0.0,
                    0.48515602946281433,
                    0.8744275569915771,
                    3.524930238723755
                ],
                [
                    0.0,
                    0.0,
                    0.0,
                    1.0
                ]
            ]
        },
        {
            "file_path": "/data/shapenet_blender/all_50_random/02958343/8ffc484a850350f916abce8cb03e7794/r_40",
            "rotation": 0.12566370614359174,
            "transform_matrix": [
                [
                    -0.06149827688932419,
                    -0.17264539003372192,
                    0.9830623269081116,
                    3.962851047515869
                ],
                [
                    0.9981071949005127,
                    -0.010637529194355011,
                    0.06057128682732582,
                    0.2441706657409668
                ],
                [
                    9.313225746154785e-10,
                    0.9849266409873962,
                    0.17297279834747314,
                    0.6972756385803223
                ],
                [
                    0.0,
                    0.0,
                    0.0,
                    1.0
                ]
            ]
        },
        {
            "file_path": "/data/shapenet_blender/all_50_random/02958343/8ffc484a850350f916abce8cb03e7794/r_41",
            "rotation": 0.12566370614359174,
            "transform_matrix": [
                [
                    0.5842149257659912,
                    0.5099724531173706,
                    0.6313642263412476,
                    2.5451109409332275
                ],
                [
                    0.8115989565849304,
                    -0.3670945167541504,
