{
    "class": "02958343",
    "model": "f8857237df1717e3aa562f24645e326",
    "remove_doubles": true,
    "edge_split": true,
    "denoise": true,
    "camera_angle_x": 0.6911112070083618,
    "scale_factor": 2.209261237662856,
    "hdri_file": "/data/IndoorHDRDataset2018/9C4A7535-9cd6f141a0.exr",
    "center_offset": [
        0.0,
        0.0,
        1.3969838619232178e-09
    ],
    "lights": [],
    "frames": [
        {
            "file_path": "/data/shapenet_blender/all_50_random/02958343/f8857237df1717e3aa562f24645e326/r_0",
            "rotation": 0.12566370614359174,
            "transform_matrix": [
                [
                    0.9969909191131592,
                    0.041209835559129715,
                    0.06565700471401215,
                    0.26467186212539673
                ],
                [
                    0.07751834392547607,
                    -0.5300143361091614,
                    -0.8444380760192871,
                    -3.404038667678833
                ],
                [
                    0.0,
                    0.8469866514205933,
                    -0.5316140651702881,
                    -2.143004894256592
                ],
                [
                    0.0,
                    0.0,
                    0.0,
                    1.0
                ]
            ]
        },
        {
            "file_path": "/data/shapenet_blender/all_50_random/02958343/f8857237df1717e3aa562f24645e326/r_1",
            "rotation": 0.12566370614359174,
            "transform_matrix": [
                [
                    0.8619968891143799,
                    -0.27309665083885193,
                    -0.4270591139793396,
                    -1.7215304374694824
                ],
                [
                    -0.5069135427474976,
                    -0.4643957316875458,
                    -0.7262060046195984,
                    -2.9274303913116455
                ],
                [
                    1.4901161193847656e-08,
                    0.8424694538116455,
                    -0.5387439727783203,
                    -2.1717467308044434
                ],
                [
                    0.0,
                    0.0,
                    0.0,
                    1.0
                ]
            ]
        },
        {
            "file_path": "/data/shapenet_blender/all_50_random/02958343/f8857237df1717e3aa562f24645e326/r_2",
            "rotation": 0.12566370614359174,
            "transform_matrix": [
                [
                    -0.8381491899490356,
                    0.3177518844604492,
                    -0.443327933549881,
                    -1.7871122360229492
                ],
                [
                    -0.5454410314559937,
                    -0.4882718026638031,
                    0.681237518787384,
                    2.7461564540863037
                ],
                [
                    -1.4901161193847656e-08,
                    0.8127878904342651,
                    0.5825595259666443,
                    2.3483726978302
                ],
                [
                    0.0,
                    0.0,
                    0.0,
                    1.0
                ]
            ]
        },
        {
            "file_path": "/data/shapenet_blender/all_50_random/02958343/f8857237df1717e3aa562f24645e326/r_3",
            "rotation": 0.12566370614359174,
            "transform_matrix": [
                [
                    0.2256319522857666,
                    -0.6115809082984924,
                    0.7583264708518982,
                    3.0569117069244385
                ],
                [
                    0.974212646484375,
                    0.14164483547210693,
                    -0.17563176155090332,
                    -0.707994282245636
                ],
                [
                    0.0,
                    0.7783993482589722,
                    0.6277694702148438,
                    2.5306196212768555
                ],
                [
                    0.0,
                    0.0,
                    0.0,
                    1.0
                ]
            ]
        },
        {
            "file_path": "/data/shapenet_blender/all_50_random/02958343/f8857237df1717e3aa562f24645e326/r_4",
            "rotation": 0.12566370614359174,
            "transform_matrix": [
                [
                    -0.03762185573577881,
                    0.23942779004573822,
                    0.9701849222183228,
                    3.910940647125244
                ],
                [
                    0.9992920756340027,
                    0.009014098905026913,
                    0.03652601316571236,
                    0.14724108576774597
                ],
                [
                    0.0,
                    0.9708722829818726,
                    -0.2395974099636078,
                    -0.9658480882644653
                ],
                [
                    0.0,
                    0.0,
                    0.0,
                    1.0
                ]
            ]
        },
        {
            "file_path": "/data/shapenet_blender/all_50_random/02958343/f8857237df1717e3aa562f24645e326/r_5",
            "rotation": 0.12566370614359174,
            "transform_matrix": [
                [
                    0.023267626762390137,
                    -0.5882192254066467,
                    0.8083667159080505,
                    3.2586305141448975
                ],
                [
                    0.9997292757034302,
                    0.013690171763300896,
                    -0.01881386898458004,
                    -0.07584112882614136
                ],
                [
                    9.313225746154785e-10,
                    0.8085856437683105,
                    0.5883784890174866,
                    2.3718295097351074
                ],
                [
                    0.0,
                    0.0,
                    0.0,
                    1.0
                ]
            ]
        },
        {
            "file_path": "/data/shapenet_blender/all_50_random/02958343/f8857237df1717e3aa562f24645e326/r_6",
            "rotation": 0.12566370614359174,
            "transform_matrix": [
                [
                    0.8972600102424622,
                    0.1611095666885376,
                    0.41105756163597107,
                    1.6570261716842651
                ],
                [
                    0.44150274991989136,
                    -0.32742077112197876,
                    -0.8353866338729858,
                    -3.367551565170288
                ],
                [
                    0.0,
                    0.9310420751571655,
                    -0.3649117946624756,
                    -1.4710066318511963
                ],
                [
                    0.0,
                    0.0,
                    0.0,
                    1.0
                ]
            ]
        },
        {
            "file_path": "/data/shapenet_blender/all_50_random/02958343/f8857237df1717e3aa562f24645e326/r_7",
            "rotation": 0.12566370614359174,
            "transform_matrix": [
                [
                    0.8600969314575195,
                    -0.41195207834243774,
                    0.30088016390800476,
                    1.2128866910934448
                ],
                [
                    0.5101308226585388,
                    0.6945644617080688,
                    -0.5072936415672302,
                    -2.044965982437134
                ],
                [
                    0.0,
                    0.5898098945617676,
                    0.807542085647583,
                    3.2553062438964844
                ],
                [
                    0.0,
                    0.0,
                    0.0,
                    1.0
                ]
            ]
        },
        {
            "file_path": "/data/shapenet_blender/all_50_random/02958343/f8857237df1717e3aa562f24645e326/r_8",
            "rotation": 0.12566370614359174,
            "transform_matrix": [
                [
                    -0.9307354688644409,
                    0.07752355188131332,
                    0.3573816418647766,
                    1.4406516551971436
                ],
                [
                    0.3656933009624481,
                    0.19730719923973083,
                    0.9095813035964966,
                    3.666639804840088
                ],
                [
                    0.0,
                    0.9772716760635376,
                    -0.211990624666214,
                    -0.8545616269111633
                ],
                [
                    0.0,
                    0.0,
                    0.0,
                    1.0
                ]
            ]
        },
        {
            "file_path": "/data/shapenet_blender/all_50_random/02958343/f8857237df1717e3aa562f24645e326/r_9",
            "rotation": 0.12566370614359174,
            "transform_matrix": [
                [
                    0.023016037419438362,
                    -0.458419531583786,
                    -0.8884377479553223,
                    -3.581407308578491
                ],
                [
                    -0.9997351169586182,
                    -0.010553797706961632,
                    -0.020453736186027527,
                    -0.08245165646076202
                ],
                [
                    0.0,
                    0.8886731266975403,
                    -0.45854100584983826,
                    -1.848438024520874
                ],
                [
                    0.0,
                    0.0,
                    0.0,
                    1.0
                ]
            ]
        },
        {
            "file_path": "/data/shapenet_blender/all_50_random/02958343/f8857237df1717e3aa562f24645e326/r_10",
            "rotation": 0.12566370614359174,
            "transform_matrix": [
                [
                    -0.9218082427978516,
                    0.24085353314876556,
                    0.3037416338920593,
                    1.224421739578247
                ],
                [
                    0.387645959854126,
                    0.5727410912513733,
                    0.7222867608070374,
                    2.9116311073303223
                ],
                [
                    0.0,
                    0.7835541367530823,
                    -0.6213234066963196,
                    -2.5046348571777344
                ],
                [
                    0.0,
                    0.0,
                    0.0,
                    1.0
                ]
            ]
        },
        {
            "file_path": "/data/shapenet_blender/all_50_random/02958343/f8857237df1717e3aa562f24645e326/r_11",
            "rotation": 0.12566370614359174,
            "transform_matrix": [
                [
                    -0.4396447539329529,
                    0.11511402577161789,
                    -0.8907644152641296,
                    -3.5907862186431885
                ],
                [
                    -0.8981718420982361,
                    -0.056346990168094635,
                    0.4360189139842987,
                    1.7576484680175781
                ],
                [
                    0.0,
                    0.9917528629302979,
                    0.12816481292247772,
                    0.5166488885879517
                ],
                [
                    0.0,
                    0.0,
                    0.0,
                    1.0
                ]
            ]
        },
        {
            "file_path": "/data/shapenet_blender/all_50_random/02958343/f8857237df1717e3aa562f24645e326/r_12",
            "rotation": 0.12566370614359174,
            "transform_matrix": [
                [
                    -0.6849961876869202,
                    0.7272195219993591,
                    -0.04395357891917229,
                    -0.17718255519866943
                ],
                [
                    -0.7285465598106384,
                    -0.6837484240531921,
                    0.04132615774869919,
                    0.166591078042984
                ],
                [
                    -1.8626450382086546e-09,
                    0.060331299901008606,
                    0.9981784224510193,
                    4.0237860679626465
                ],
                [
                    0.0,
                    0.0,
                    0.0,
                    1.0
                ]
            ]
        },
        {
            "file_path": "/data/shapenet_blender/all_50_random/02958343/f8857237df1717e3aa562f24645e326/r_13",
            "rotation": 0.12566370614359174,
            "transform_matrix": [
                [
                    -0.9072622656822205,
                    -0.0010601934045553207,
                    0.4205639660358429,
                    1.695347547531128
                ],
                [
                    0.42056530714035034,
                    -0.0022870968095958233,
                    0.9072593450546265,
                    3.6572794914245605
                ],
                [
                    1.1641532182693481e-10,
                    0.9999967813491821,
                    0.002520877169445157,
                    0.010161980986595154
                ],
                [
                    0.0,
                    0.0,
                    0.0,
                    1.0
                ]
            ]
        },
        {
            "file_path": "/data/shapenet_blender/all_50_random/02958343/f8857237df1717e3aa562f24645e326/r_14",
            "rotation": 0.12566370614359174,
            "transform_matrix": [
                [
                    -0.9330574870109558,
                    -0.021687131375074387,
                    -0.3590729832649231,
                    -1.4474694728851318
                ],
                [
                    -0.35972729325294495,
                    0.0562518872320652,
                    0.9313603043556213,
                    3.7544333934783936
                ],
                [
                    0.0,
                    0.9981809854507446,
                    -0.06028769910335541,
                    -0.2430274933576584
                ],
                [
                    0.0,
                    0.0,
                    0.0,
                    1.0
                ]
            ]
        },
        {
            "file_path": "/data/shapenet_blender/all_50_random/02958343/f8857237df1717e3aa562f24645e326/r_15",
            "rotation": 0.12566370614359174,
            "transform_matrix": [
                [
                    0.1804625689983368,
                    0.2310868203639984,
                    -0.9560502767562866,
                    -3.853961944580078
                ],
                [
                    -0.9835819602012634,
                    0.04239862412214279,
                    -0.17541120946407318,
                    -0.7071052193641663
                ],
                [
                    -3.725290742551124e-09,
                    0.9720088243484497,
                    0.2349441647529602,
                    0.947090208530426
                ],
                [
                    0.0,
                    0.0,
                    0.0,
                    1.0
                ]
            ]
        },
        {
            "file_path": "/data/shapenet_blender/all_50_random/02958343/f8857237df1717e3aa562f24645e326/r_16",
            "rotation": 0.12566370614359174,
            "transform_matrix": [
                [
                    0.9361327886581421,
                    0.2205771803855896,
                    0.2738632559776306,
                    1.103978157043457
                ],
                [
                    0.35164669156074524,
                    -0.5872073769569397,
                    -0.7290624380111694,
                    -2.9389448165893555
                ],
                [
                    0.0,
                    0.7788023352622986,
                    -0.6272693276405334,
                    -2.5286037921905518
                ],
                [
                    0.0,
                    0.0,
                    0.0,
                    1.0
                ]
            ]
        },
        {
            "file_path": "/data/shapenet_blender/all_50_random/02958343/f8857237df1717e3aa562f24645e326/r_17",
            "rotation": 0.12566370614359174,
            "transform_matrix": [
                [
                    0.7705721259117126,
                    0.5296982526779175,
                    0.35445478558540344,
                    1.4288530349731445
                ],
                [
                    0.6373527646064758,
                    -0.6404157280921936,
                    -0.4285428822040558,
                    -1.7275117635726929
                ],
                [
                    0.0,
                    0.5561359524726868,
                    -0.8310912251472473,
                    -3.350236177444458
                ],
                [
                    0.0,
                    0.0,
                    0.0,
                    1.0
                ]
            ]
        },
        {
            "file_path": "/data/shapenet_blender/all_50_random/02958343/f8857237df1717e3aa562f24645e326/r_18",
            "rotation": 0.12566370614359174,
            "transform_matrix": [
                [
                    0.9367019534111023,
                    0.046310752630233765,
                    0.3470515310764313,
                    1.399009346961975
                ],
                [
                    0.3501277565956116,
                    -0.12389584630727768,
                    -0.9284721612930298,
                    -3.742790460586548
                ],
                [
                    0.0,
                    0.9912139177322388,
                    -0.13226819038391113,
                    -0.5331900715827942
                ],
                [
                    0.0,
                    0.0,
                    0.0,
                    1.0
                ]
            ]
        },
        {
            "file_path": "/data/shapenet_blender/all_50_random/02958343/f8857237df1717e3aa562f24645e326/r_19",
            "rotation": 0.12566370614359174,
            "transform_matrix": [
                [
                    0.9595126509666443,
                    0.14086757600307465,
                    0.24390940368175507,
                    0.9832302331924438
                ],
                [
                    0.28166550397872925,
                    -0.4798749089241028,
                    -0.8308938145637512,
                    -3.349440097808838
                ],
                [
                    7.450580596923828e-09,
                    0.8659539818763733,
                    -0.5001236200332642,
                    -2.0160627365112305
                ],
                [
                    0.0,
                    0.0,
                    0.0,
                    1.0
                ]
            ]
        },
        {
            "file_path": "/data/shapenet_blender/all_50_random/02958343/f8857237df1717e3aa562f24645e326/r_20",
            "rotation": 0.12566370614359174,
            "transform_matrix": [
                [
                    -0.967414915561676,
                    0.09785288572311401,
                    -0.23352371156215668,
                    -0.9413641691207886
                ],
                [
                    -0.2531965970993042,
                    -0.3738768398761749,
                    0.8922486305236816,
                    3.596769332885742
                ],
                [
                    -7.450580596923828e-09,
                    0.9223019480705261,
                    0.3864700198173523,
                    1.557910442352295
                ],
                [
                    0.0,
                    0.0,
                    0.0,
                    1.0
                ]
            ]
        },
        {
            "file_path": "/data/shapenet_blender/all_50_random/02958343/f8857237df1717e3aa562f24645e326/r_21",
            "rotation": 0.12566370614359174,
            "transform_matrix": [
                [
                    0.6366646885871887,
                    -0.4287479817867279,
                    -0.6409627199172974,
                    -2.583803415298462
                ],
                [
                    -0.7711406350135803,
                    -0.3539804220199585,
                    -0.5291879177093506,
                    -2.1332247257232666
                ],
                [
                    0.0,
                    0.8311876654624939,
                    -0.5559918284416199,
                    -2.241274833679199
                ],
                [
                    0.0,
                    0.0,
                    0.0,
                    1.0
                ]
            ]
        },
        {
            "file_path": "/data/shapenet_blender/all_50_random/02958343/f8857237df1717e3aa562f24645e326/r_22",
            "rotation": 0.12566370614359174,
            "transform_matrix": [
                [
                    0.1605866253376007,
                    -0.2946600019931793,
                    -0.942012369632721,
                    -3.7973735332489014
                ],
                [
                    -0.9870217442512512,
                    -0.04794064164161682,
                    -0.15326367318630219,
                    -0.6178256869316101
                ],
                [
                    0.0,
                    0.9543987512588501,
                    -0.29853448271751404,
                    -1.2034311294555664
                ],
                [
                    0.0,
                    0.0,
                    0.0,
                    1.0
                ]
            ]
        },
        {
            "file_path": "/data/shapenet_blender/all_50_random/02958343/f8857237df1717e3aa562f24645e326/r_23",
            "rotation": 0.12566370614359174,
            "transform_matrix": [
                [
                    0.8862140774726868,
                    0.1171238124370575,
                    -0.4482261836528778,
                    -1.8068573474884033
                ],
                [
                    -0.46327605843544006,
                    0.22404952347278595,
                    -0.857424795627594,
                    -3.4563894271850586
                ],
                [
                    0.0,
                    0.9675142168998718,
                    0.25281649827957153,
                    1.01913583278656
                ],
                [
                    0.0,
                    0.0,
                    0.0,
                    1.0
                ]
            ]
        },
        {
            "file_path": "/data/shapenet_blender/all_50_random/02958343/f8857237df1717e3aa562f24645e326/r_24",
            "rotation": 0.12566370614359174,
            "transform_matrix": [
                [
                    0.4513814449310303,
                    0.021520039066672325,
                    -0.8920714855194092,
                    -3.596055507659912
                ],
                [
                    -0.8923311233520508,
                    0.010885808616876602,
                    -0.4512501060962677,
                    -1.819047451019287
                ],
                [
                    -9.313225746154785e-10,
                    0.9997091889381409,
                    0.024116648361086845,
                    0.09721732884645462
                ],
                [
                    0.0,
                    0.0,
                    0.0,
                    1.0
                ]
            ]
        },
        {
            "file_path": "/data/shapenet_blender/all_50_random/02958343/f8857237df1717e3aa562f24645e326/r_25",
            "rotation": 0.12566370614359174,
            "transform_matrix": [
                [
                    0.995897114276886,
                    -0.03986315801739693,
                    0.08123987913131714,
                    0.32748839259147644
                ],
                [
                    0.09049303084611893,
                    0.4387034773826599,
                    -0.8940640091896057,
                    -3.6040868759155273
                ],
                [
                    -3.7252898543727042e-09,
                    0.8977473378181458,
                    0.4405108392238617,
                    1.775755763053894
                ],
                [
                    0.0,
                    0.0,
                    0.0,
                    1.0
                ]
            ]
        },
        {
            "file_path": "/data/shapenet_blender/all_50_random/02958343/f8857237df1717e3aa562f24645e326/r_26",
            "rotation": 0.12566370614359174,
            "transform_matrix": [
                [
                    0.37064188718795776,
                    0.03088049590587616,
                    0.9282623529434204,
                    3.741945266723633
                ],
                [
                    0.9287759065628052,
                    -0.012323323637247086,
                    -0.37043696641921997,
                    -1.493279218673706
                ],
                [
                    9.313225746154785e-10,
                    0.9994471073150635,
                    -0.033248599618673325,
                    -0.13402938842773438
                ],
                [
                    0.0,
                    0.0,
                    0.0,
                    1.0
                ]
            ]
        },
        {
            "file_path": "/data/shapenet_blender/all_50_random/02958343/f8857237df1717e3aa562f24645e326/r_27",
            "rotation": 0.12566370614359174,
            "transform_matrix": [
                [
                    -0.8760170340538025,
                    -0.41065898537635803,
                    -0.2528901994228363,
                    -1.0194330215454102
                ],
                [
                    -0.48228031396865845,
                    0.745923638343811,
                    0.4593513607978821,
                    1.8517045974731445
                ],
                [
                    1.4901161193847656e-08,
                    0.5243635177612305,
                    -0.8514944911003113,
                    -3.4324841499328613
                ],
                [
                    0.0,
                    0.0,
                    0.0,
                    1.0
                ]
            ]
        },
        {
            "file_path": "/data/shapenet_blender/all_50_random/02958343/f8857237df1717e3aa562f24645e326/r_28",
            "rotation": 0.12566370614359174,
            "transform_matrix": [
                [
                    0.739897608757019,
                    0.07806845754384995,
                    -0.6681742072105408,
                    -2.6934967041015625
                ],
                [
                    -0.6727195382118225,
                    0.08586440980434418,
                    -0.7348983883857727,
                    -2.962470293045044
                ],
                [
                    0.0,
                    0.9932434558868408,
                    0.11604903638362885,
                    0.46780866384506226
                ],
                [
                    0.0,
                    0.0,
                    0.0,
                    1.0
                ]
            ]
        },
        {
            "file_path": "/data/shapenet_blender/all_50_random/02958343/f8857237df1717e3aa562f24645e326/r_29",
            "rotation": 0.12566370614359174,
            "transform_matrix": [
                [
                    0.9635257124900818,
                    -0.04076142609119415,
                    0.264493465423584,
                    1.0662074089050293
                ],
                [
                    0.2676159739494324,
                    0.14675761759281158,
                    -0.9522834420204163,
                    -3.838777542114258
                ],
                [
                    0.0,
                    0.988332211971283,
                    0.15231311321258545,
                    0.6139938831329346
                ],
                [
                    0.0,
                    0.0,
                    0.0,
                    1.0
                ]
            ]
        },
        {
            "file_path": "/data/shapenet_blender/all_50_random/02958343/f8857237df1717e3aa562f24645e326/r_30",
            "rotation": 0.12566370614359174,
            "transform_matrix": [
                [
                    -0.9826732277870178,
                    0.06274689733982086,
                    0.17440225183963776,
                    0.7030379772186279
                ],
                [
                    0.18534646928310394,
                    0.3326725959777832,
                    0.9246489405632019,
                    3.727379083633423
                ],
                [
                    3.725290076417309e-09,
                    0.9409525990486145,
                    -0.33853834867477417,
                    -1.3646917343139648
                ],
                [
                    0.0,
                    0.0,
                    0.0,
                    1.0
                ]
            ]
        },
        {
            "file_path": "/data/shapenet_blender/all_50_random/02958343/f8857237df1717e3aa562f24645e326/r_31",
            "rotation": 0.12566370614359174,
            "transform_matrix": [
                [
                    0.36990007758140564,
                    0.529116690158844,
                    0.7636814117431641,
                    3.078498363494873
                ],
                [
                    0.9290715456008911,
                    -0.21066226065158844,
                    -0.3040517270565033,
                    -1.2256718873977661
                ],
                [
                    0.0,
                    0.8219834566116333,
                    -0.5695112347602844,
                    -2.295773506164551
                ],
                [
                    0.0,
                    0.0,
                    0.0,
                    1.0
                ]
            ]
        },
        {
            "file_path": "/data/shapenet_blender/all_50_random/02958343/f8857237df1717e3aa562f24645e326/r_32",
            "rotation": 0.12566370614359174,
            "transform_matrix": [
                [
                    -0.5978320837020874,
                    -0.5597456097602844,
                    -0.5738307237625122,
                    -2.313185691833496
                ],
                [
                    -0.8016213774681091,
                    0.4174462854862213,
                    0.4279506504535675,
                    1.7251242399215698
                ],
                [
                    0.0,
                    0.7158375978469849,
                    -0.6982668042182922,
                    -2.8148036003112793
                ],
                [
                    0.0,
                    0.0,
                    0.0,
                    1.0
                ]
            ]
        },
        {
            "file_path": "/data/shapenet_blender/all_50_random/02958343/f8857237df1717e3aa562f24645e326/r_33",
            "rotation": 0.12566370614359174,
            "transform_matrix": [
                [
                    0.08343331515789032,
                    -0.006091020535677671,
                    -0.9964948296546936,
                    -4.016998767852783
                ],
                [
                    -0.996513307094574,
                    -0.0005099721602164209,
                    -0.08343177288770676,
                    -0.33632418513298035
                ],
                [
                    5.820765050512655e-11,
                    0.9999812245368958,
                    -0.006112332921475172,
                    -0.02463959902524948
                ],
                [
                    0.0,
                    0.0,
                    0.0,
                    1.0
                ]
            ]
        },
        {
            "file_path": "/data/shapenet_blender/all_50_random/02958343/f8857237df1717e3aa562f24645e326/r_34",
            "rotation": 0.12566370614359174,
            "transform_matrix": [
                [
                    -0.5698971748352051,
                    -0.25349292159080505,
                    0.7816382646560669,
                    3.1508848667144775
                ],
                [
                    0.8217160105705261,
                    -0.17580881714820862,
                    0.5421014428138733,
                    2.1852810382843018
                ],
                [
                    1.4901161193847656e-08,
                    0.9512268900871277,
                    0.30849212408065796,
                    1.2435716390609741
                ],
                [
                    0.0,
                    0.0,
                    0.0,
                    1.0
                ]
            ]
        },
        {
            "file_path": "/data/shapenet_blender/all_50_random/02958343/f8857237df1717e3aa562f24645e326/r_35",
            "rotation": 0.12566370614359174,
            "transform_matrix": [
                [
                    0.8866414427757263,
                    -0.010145904496312141,
                    0.46234625577926636,
                    1.8637775182724
                ],
                [
                    0.4624576270580292,
                    0.019452115520834923,
                    -0.8864278793334961,
                    -3.573305368423462
                ],
                [
                    0.0,
                    0.9997592568397522,
                    0.021939100697636604,
                    0.08843935281038284
                ],
                [
                    0.0,
                    0.0,
                    0.0,
                    1.0
                ]
            ]
        },
        {
            "file_path": "/data/shapenet_blender/all_50_random/02958343/f8857237df1717e3aa562f24645e326/r_36",
            "rotation": 0.12566370614359174,
            "transform_matrix": [
                [
                    -0.49433085322380066,
                    -0.018960775807499886,
                    0.8690670132637024,
                    3.5033211708068848
                ],
                [
                    0.8692737817764282,
                    -0.010782443918287754,
                    0.4942132830619812,
                    1.9922374486923218
                ],
                [
                    -9.313225191043273e-10,
                    0.9997619986534119,
                    0.021812202408909798,
                    0.08792780339717865
                ],
                [
                    0.0,
                    0.0,
                    0.0,
                    1.0
                ]
            ]
        },
        {
            "file_path": "/data/shapenet_blender/all_50_random/02958343/f8857237df1717e3aa562f24645e326/r_37",
            "rotation": 0.12566370614359174,
            "transform_matrix": [
                [
                    0.3360418379306793,
                    -0.5448692440986633,
                    -0.7682403326034546,
                    -3.0968761444091797
                ],
                [
                    -0.941847026348114,
                    -0.19440405070781708,
                    -0.274100661277771,
                    -1.1049351692199707
                ],
                [
                    0.0,
                    0.8156741857528687,
                    -0.5785113573074341,
                    -2.3320541381835938
                ],
                [
                    0.0,
                    0.0,
                    0.0,
                    1.0
                ]
            ]
        },
        {
            "file_path": "/data/shapenet_blender/all_50_random/02958343/f8857237df1717e3aa562f24645e326/r_38",
            "rotation": 0.12566370614359174,
            "transform_matrix": [
                [
                    0.2555233836174011,
                    0.41951173543930054,
                    -0.8710439801216125,
                    -3.5112907886505127
                ],
                [
                    -0.9668028950691223,
                    0.11087580770254135,
                    -0.23021455109119415,
                    -0.9280245900154114
                ],
                [
                    0.0,
                    0.9009531140327454,
                    0.43391647934913635,
                    1.7491734027862549
                ],
                [
                    0.0,
                    0.0,
                    0.0,
                    1.0
                ]
            ]
        },
        {
            "file_path": "/data/shapenet_blender/all_50_random/02958343/f8857237df1717e3aa562f24645e326/r_39",
            "rotation": 0.12566370614359174,
            "transform_matrix": [
                [
                    -0.6154069900512695,
                    -0.06858646124601364,
                    0.7852197289466858,
                    3.1653220653533936
                ],
                [
                    0.7882094383239746,
                    -0.05354997143149376,
                    0.6130727529525757,
                    2.4713752269744873
                ],
                [
                    3.725290076417309e-09,
                    0.9962069988250732,
                    0.08701552450656891,
                    0.3507708013057709
                ],
                [
                    0.0,
                    0.0,
                    0.0,
                    1.0
                ]
            ]
        },
        {
            "file_path": "/data/shapenet_blender/all_50_random/02958343/f8857237df1717e3aa562f24645e326/r_40",
            "rotation": 0.12566370614359174,
            "transform_matrix": [
                [
                    -0.6795138120651245,
                    -0.12293191999197006,
                    0.723290205001831,
                    2.9156761169433594
                ],
                [
                    0.7336627244949341,
                    -0.11385877430438995,
                    0.6699068546295166,
                    2.7004809379577637
                ],
                [
                    0.0,
                    0.9858620762825012,
                    0.1675591766834259,
                    0.6754526495933533
                ],
                [
                    0.0,
                    0.0,
                    0.0,
                    1.0
                ]
            ]
        },
        {
            "file_path": "/data/shapenet_blender/all_50_random/02958343/f8857237df1717e3aa562f24645e326/r_41",
            "rotation": 0.12566370614359174,
            "transform_matrix": [
                [
                    0.9010573625564575,
                    0.04134756699204445,
                    0.43172454833984375,
                    1.7403373718261719
                ],
                [
                    0.4337000548839569,
                    -0.08590391278266907,
                    -0.8969530463218689,
                    -3.6157333850860596
                ],
                [
                    3.725290742551124e-09,
                    0.9954450130462646,
