{
    "class": "02958343",
    "model": "95d18b69c9624a05473f10e6caaeca56",
    "remove_doubles": true,
    "edge_split": true,
    "denoise": true,
    "camera_angle_x": 0.6911112070083618,
    "scale_factor": 2.233738402071464,
    "hdri_file": "/data/IndoorHDRDataset2018/AG8A1747-1c71c4733f.exr",
    "center_offset": [
        0.0,
        -1.862645149230957e-09,
        -3.725290298461914e-09
    ],
    "lights": [],
    "frames": [
        {
            "file_path": "/data/shapenet_blender/all_50_random/02958343/95d18b69c9624a05473f10e6caaeca56/r_0",
            "rotation": 0.12566370614359174,
            "transform_matrix": [
                [
                    0.5182288885116577,
                    0.710227906703949,
                    -0.47646087408065796,
                    -1.9206753969192505
                ],
                [
                    -0.8552419543266296,
                    0.43035852909088135,
                    -0.28870871663093567,
                    -1.1638221740722656
                ],
                [
                    0.0,
                    0.5571065545082092,
                    0.8304409384727478,
                    3.3476147651672363
                ],
                [
                    0.0,
                    0.0,
                    0.0,
                    1.0
                ]
            ]
        },
        {
            "file_path": "/data/shapenet_blender/all_50_random/02958343/95d18b69c9624a05473f10e6caaeca56/r_1",
            "rotation": 0.12566370614359174,
            "transform_matrix": [
                [
                    -0.8399749398231506,
                    0.39084556698799133,
                    -0.37640661001205444,
                    -1.517343521118164
                ],
                [
                    -0.5426253080368042,
                    -0.6050224304199219,
                    0.5826711654663086,
                    2.348822593688965
                ],
                [
                    0.0,
                    0.6936769485473633,
                    0.7202863097190857,
                    2.90356707572937
                ],
                [
                    0.0,
                    0.0,
                    0.0,
                    1.0
                ]
            ]
        },
        {
            "file_path": "/data/shapenet_blender/all_50_random/02958343/95d18b69c9624a05473f10e6caaeca56/r_2",
            "rotation": 0.12566370614359174,
            "transform_matrix": [
                [
                    0.7683071494102478,
                    -0.10637946426868439,
                    0.6311795115470886,
                    2.544365882873535
                ],
                [
                    0.6400813460350037,
                    0.1276901662349701,
                    -0.7576220035552979,
                    -3.0540719032287598
                ],
                [
                    0.0,
                    0.9860925078392029,
                    0.166196808218956,
                    0.6699607372283936
                ],
                [
                    0.0,
                    0.0,
                    0.0,
                    1.0
                ]
            ]
        },
        {
            "file_path": "/data/shapenet_blender/all_50_random/02958343/95d18b69c9624a05473f10e6caaeca56/r_3",
            "rotation": 0.12566370614359174,
            "transform_matrix": [
                [
                    0.7801825404167175,
                    0.021542271599173546,
                    0.6251809000968933,
                    2.5201847553253174
                ],
                [
                    0.6255519390106201,
                    -0.026867317035794258,
                    -0.7797197103500366,
                    -3.143150806427002
                ],
                [
                    0.0,
                    0.9994068145751953,
                    -0.03443722054362297,
                    -0.13882087171077728
                ],
                [
                    0.0,
                    0.0,
                    0.0,
                    1.0
                ]
            ]
        },
        {
            "file_path": "/data/shapenet_blender/all_50_random/02958343/95d18b69c9624a05473f10e6caaeca56/r_4",
            "rotation": 0.12566370614359174,
            "transform_matrix": [
                [
                    0.6656134128570557,
                    0.5482901930809021,
                    -0.5062968730926514,
                    -2.040947914123535
                ],
                [
                    -0.7462966442108154,
                    0.48901376128196716,
                    -0.4515603482723236,
                    -1.8202979564666748
                ],
                [
                    1.4901161193847656e-08,
                    0.6784122586250305,
                    0.7346813678741455,
                    2.961595296859741
                ],
                [
                    0.0,
                    0.0,
                    0.0,
                    1.0
                ]
            ]
        },
        {
            "file_path": "/data/shapenet_blender/all_50_random/02958343/95d18b69c9624a05473f10e6caaeca56/r_5",
            "rotation": 0.12566370614359174,
            "transform_matrix": [
                [
                    0.9925414323806763,
                    0.04358162358403206,
                    0.11385198682546616,
                    0.45895206928253174
                ],
                [
                    0.12190830707550049,
                    -0.35482868552207947,
                    -0.9269492030143738,
                    -3.73665189743042
                ],
                [
                    0.0,
                    0.9339149594306946,
                    -0.35749509930610657,
                    -1.4411089420318604
                ],
                [
                    0.0,
                    0.0,
                    0.0,
                    1.0
                ]
            ]
        },
        {
            "file_path": "/data/shapenet_blender/all_50_random/02958343/95d18b69c9624a05473f10e6caaeca56/r_6",
            "rotation": 0.12566370614359174,
            "transform_matrix": [
                [
                    -0.5922122597694397,
                    -0.04714447632431984,
                    -0.804401695728302,
                    -3.2426469326019287
                ],
                [
                    -0.8057820200920105,
                    0.034648992121219635,
                    0.5911977887153625,
                    2.3831944465637207
                ],
                [
                    -1.862645149230957e-09,
                    0.9982869029045105,
                    -0.05850774049758911,
                    -0.23585224151611328
                ],
                [
                    0.0,
                    0.0,
                    0.0,
                    1.0
                ]
            ]
        },
        {
            "file_path": "/data/shapenet_blender/all_50_random/02958343/95d18b69c9624a05473f10e6caaeca56/r_7",
            "rotation": 0.12566370614359174,
            "transform_matrix": [
                [
                    0.9761418104171753,
                    0.015418640337884426,
                    0.21658582985401154,
                    0.8730853796005249
                ],
                [
                    0.21713396906852722,
                    -0.06931564211845398,
                    -0.9736776351928711,
                    -3.9250199794769287
                ],
                [
                    9.313225746154785e-10,
                    0.9974755644798279,
                    -0.0710098072886467,
                    -0.28624969720840454
                ],
                [
                    0.0,
                    0.0,
                    0.0,
                    1.0
                ]
            ]
        },
        {
            "file_path": "/data/shapenet_blender/all_50_random/02958343/95d18b69c9624a05473f10e6caaeca56/r_8",
            "rotation": 0.12566370614359174,
            "transform_matrix": [
                [
                    0.6794297099113464,
                    -0.07083355635404587,
                    -0.7303135395050049,
                    -2.943988084793091
                ],
                [
                    -0.7337405681610107,
                    -0.0655905157327652,
                    -0.6762562990188599,
                    -2.726076364517212
                ],
                [
                    0.0,
                    0.9953292608261108,
                    -0.09653760492801666,
                    -0.3891555368900299
                ],
                [
                    0.0,
                    0.0,
                    0.0,
                    1.0
                ]
            ]
        },
        {
            "file_path": "/data/shapenet_blender/all_50_random/02958343/95d18b69c9624a05473f10e6caaeca56/r_9",
            "rotation": 0.12566370614359174,
            "transform_matrix": [
                [
                    0.6857923269271851,
                    -0.1430116593837738,
                    -0.7136080265045166,
                    -2.8766462802886963
                ],
                [
                    -0.7277972102165222,
                    -0.13475772738456726,
                    -0.6724220514297485,
                    -2.710620164871216
                ],
                [
                    0.0,
                    0.9805037975311279,
                    -0.19649933278560638,
                    -0.7921141982078552
                ],
                [
                    0.0,
                    0.0,
                    0.0,
                    1.0
                ]
            ]
        },
        {
            "file_path": "/data/shapenet_blender/all_50_random/02958343/95d18b69c9624a05473f10e6caaeca56/r_10",
            "rotation": 0.12566370614359174,
            "transform_matrix": [
                [
                    0.5467539429664612,
                    0.3333842158317566,
                    -0.7680591940879822,
                    -3.0961458683013916
                ],
                [
                    -0.8372933268547058,
                    0.21770046651363373,
                    -0.5015439391136169,
                    -2.0217885971069336
                ],
                [
                    0.0,
                    0.91731196641922,
                    0.3981689512729645,
                    1.6050704717636108
                ],
                [
                    0.0,
                    0.0,
                    0.0,
                    1.0
                ]
            ]
        },
        {
            "file_path": "/data/shapenet_blender/all_50_random/02958343/95d18b69c9624a05473f10e6caaeca56/r_11",
            "rotation": 0.12566370614359174,
            "transform_matrix": [
                [
                    0.7078413963317871,
                    0.219192773103714,
                    -0.6715020537376404,
                    -2.706911563873291
                ],
                [
                    -0.7063714265823364,
                    0.21964892745018005,
                    -0.6728994250297546,
                    -2.7125446796417236
                ],
                [
                    1.4901161193847656e-08,
                    0.9506359696388245,
                    0.3103080987930298,
                    1.2508920431137085
                ],
                [
                    0.0,
                    0.0,
                    0.0,
                    1.0
                ]
            ]
        },
        {
            "file_path": "/data/shapenet_blender/all_50_random/02958343/95d18b69c9624a05473f10e6caaeca56/r_12",
            "rotation": 0.12566370614359174,
            "transform_matrix": [
                [
                    -0.7353388667106628,
                    -0.07590734213590622,
                    -0.6734350323677063,
                    -2.7147035598754883
                ],
                [
                    -0.6776995658874512,
                    0.08236337453126907,
                    0.7307116389274597,
                    2.9455928802490234
                ],
                [
                    0.0,
                    0.9937074184417725,
                    -0.11200735718011856,
                    -0.4515160918235779
                ],
                [
                    0.0,
                    0.0,
                    0.0,
                    1.0
                ]
            ]
        },
        {
            "file_path": "/data/shapenet_blender/all_50_random/02958343/95d18b69c9624a05473f10e6caaeca56/r_13",
            "rotation": 0.12566370614359174,
            "transform_matrix": [
                [
                    -0.4730513393878937,
                    -0.15613818168640137,
                    -0.8670889735221863,
                    -3.495347261428833
                ],
                [
                    -0.8810348510742188,
                    0.08383480459451675,
                    0.46556344628334045,
                    1.8767461776733398
                ],
                [
                    0.0,
                    0.9841709733009338,
                    -0.1772213876247406,
                    -0.7144022583961487
                ],
                [
                    0.0,
                    0.0,
                    0.0,
                    1.0
                ]
            ]
        },
        {
            "file_path": "/data/shapenet_blender/all_50_random/02958343/95d18b69c9624a05473f10e6caaeca56/r_14",
            "rotation": 0.12566370614359174,
            "transform_matrix": [
                [
                    -0.5753095149993896,
                    0.07485008984804153,
                    -0.8145038485527039,
                    -3.283370018005371
                ],
                [
                    -0.8179358839988708,
                    -0.052647121250629425,
                    0.5728955268859863,
                    2.309415817260742
                ],
                [
                    0.0,
                    0.995803952217102,
                    0.09151096642017365,
                    0.36889249086380005
                ],
                [
                    0.0,
                    0.0,
                    0.0,
                    1.0
                ]
            ]
        },
        {
            "file_path": "/data/shapenet_blender/all_50_random/02958343/95d18b69c9624a05473f10e6caaeca56/r_15",
            "rotation": 0.12566370614359174,
            "transform_matrix": [
                [
                    0.5232224464416504,
                    -0.7524000406265259,
                    0.4001655578613281,
                    1.6131190061569214
                ],
                [
                    0.852196216583252,
                    0.4619506597518921,
                    -0.24568943679332733,
                    -0.990405797958374
                ],
                [
                    0.0,
                    0.4695698618888855,
                    0.882895290851593,
                    3.5590648651123047
                ],
                [
                    0.0,
                    0.0,
                    0.0,
                    1.0
                ]
            ]
        },
        {
            "file_path": "/data/shapenet_blender/all_50_random/02958343/95d18b69c9624a05473f10e6caaeca56/r_16",
            "rotation": 0.12566370614359174,
            "transform_matrix": [
                [
                    -0.47974342107772827,
                    -0.03206588700413704,
                    0.8768226504325867,
                    3.5345852375030518
                ],
                [
                    0.8774088621139526,
                    -0.01753276027739048,
                    0.4794228971004486,
                    1.9326155185699463
                ],
                [
                    9.313225746154785e-10,
                    0.9993320107460022,
                    0.03654611483216286,
                    0.14732210338115692
                ],
                [
                    0.0,
                    0.0,
                    0.0,
                    1.0
                ]
            ]
        },
        {
            "file_path": "/data/shapenet_blender/all_50_random/02958343/95d18b69c9624a05473f10e6caaeca56/r_17",
            "rotation": 0.12566370614359174,
            "transform_matrix": [
                [
                    0.019526833668351173,
                    0.5751146078109741,
                    -0.8178397417068481,
                    -3.2968175411224365
                ],
                [
                    -0.9998093247413635,
                    0.01123231090605259,
                    -0.015972867608070374,
                    -0.0643886923789978
                ],
                [
                    0.0,
                    0.8179956674575806,
                    0.5752242803573608,
                    2.318803310394287
                ],
                [
                    0.0,
                    0.0,
                    0.0,
                    1.0
                ]
            ]
        },
        {
            "file_path": "/data/shapenet_blender/all_50_random/02958343/95d18b69c9624a05473f10e6caaeca56/r_18",
            "rotation": 0.12566370614359174,
            "transform_matrix": [
                [
                    0.5381307005882263,
                    0.25280386209487915,
                    0.8040556907653809,
                    3.2412521839141846
                ],
                [
                    0.842861533164978,
                    -0.16140435636043549,
                    -0.5133548378944397,
                    -2.06939959526062
                ],
                [
                    0.0,
                    0.9539595246315002,
                    -0.2999352812767029,
                    -1.2090778350830078
                ],
                [
                    0.0,
                    0.0,
                    0.0,
                    1.0
                ]
            ]
        },
        {
            "file_path": "/data/shapenet_blender/all_50_random/02958343/95d18b69c9624a05473f10e6caaeca56/r_19",
            "rotation": 0.12566370614359174,
            "transform_matrix": [
                [
                    0.4280363917350769,
                    0.39914748072624207,
                    -0.810842752456665,
                    -3.2686119079589844
                ],
                [
                    -0.9037614464759827,
                    0.189042866230011,
                    -0.3840285539627075,
                    -1.5480687618255615
                ],
                [
                    0.0,
                    0.8971866965293884,
                    0.4416513741016388,
                    1.7803537845611572
                ],
                [
                    0.0,
                    0.0,
                    0.0,
                    1.0
                ]
            ]
        },
        {
            "file_path": "/data/shapenet_blender/all_50_random/02958343/95d18b69c9624a05473f10e6caaeca56/r_20",
            "rotation": 0.12566370614359174,
            "transform_matrix": [
                [
                    0.5202876329421997,
                    -0.6286165714263916,
                    0.5780500173568726,
                    2.3301942348480225
                ],
                [
                    0.8539909720420837,
                    0.38297998905181885,
                    -0.3521726727485657,
                    -1.4196534156799316
                ],
                [
                    0.0,
                    0.6768805980682373,
                    0.736092746257782,
                    2.967284679412842
                ],
                [
                    0.0,
                    0.0,
                    0.0,
                    1.0
                ]
            ]
        },
        {
            "file_path": "/data/shapenet_blender/all_50_random/02958343/95d18b69c9624a05473f10e6caaeca56/r_21",
            "rotation": 0.12566370614359174,
            "transform_matrix": [
                [
                    -0.8814635872840881,
                    0.4028691053390503,
                    -0.24641112983226776,
                    -0.9933151006698608
                ],
                [
                    -0.47225213050842285,
                    -0.7519594430923462,
                    0.4599290192127228,
                    1.854033350944519
                ],
                [
                    1.4901162970204496e-08,
                    0.5217788219451904,
                    0.853080689907074,
                    3.4388785362243652
                ],
                [
                    0.0,
                    0.0,
                    0.0,
                    1.0
                ]
            ]
        },
        {
            "file_path": "/data/shapenet_blender/all_50_random/02958343/95d18b69c9624a05473f10e6caaeca56/r_22",
            "rotation": 0.12566370614359174,
            "transform_matrix": [
                [
                    0.05355731397867203,
                    0.002571250544860959,
                    0.9985615015029907,
                    4.025330066680908
                ],
                [
                    0.9985648393630981,
                    -0.00013790720549877733,
                    -0.0535571351647377,
                    -0.21589571237564087
                ],
                [
                    0.0,
                    0.9999967217445374,
                    -0.002574946265667677,
                    -0.010379940271377563
                ],
                [
                    0.0,
                    0.0,
                    0.0,
                    1.0
                ]
            ]
        },
        {
            "file_path": "/data/shapenet_blender/all_50_random/02958343/95d18b69c9624a05473f10e6caaeca56/r_23",
            "rotation": 0.12566370614359174,
            "transform_matrix": [
                [
                    -0.9997990727424622,
                    0.0010741804726421833,
                    0.020013462752103806,
                    0.0806768536567688
                ],
                [
                    0.020042268559336662,
                    0.053584985435009,
                    0.998362123966217,
                    4.024526596069336
                ],
                [
                    0.0,
                    0.9985626339912415,
                    -0.053595755249261856,
                    -0.21605141460895538
                ],
                [
                    0.0,
                    0.0,
                    0.0,
                    1.0
                ]
            ]
        },
        {
            "file_path": "/data/shapenet_blender/all_50_random/02958343/95d18b69c9624a05473f10e6caaeca56/r_24",
            "rotation": 0.12566370614359174,
            "transform_matrix": [
                [
                    0.08090191334486008,
                    -0.7536686658859253,
                    0.6522562503814697,
                    2.629328966140747
                ],
                [
                    0.9967221617698669,
                    0.061173759400844574,
                    -0.052942316979169846,
                    -0.21341730654239655
                ],
                [
                    0.0,
                    0.6544013023376465,
                    0.7561473846435547,
                    3.0481276512145996
                ],
                [
                    0.0,
                    0.0,
                    0.0,
                    1.0
                ]
            ]
        },
        {
            "file_path": "/data/shapenet_blender/all_50_random/02958343/95d18b69c9624a05473f10e6caaeca56/r_25",
            "rotation": 0.12566370614359174,
            "transform_matrix": [
                [
                    0.4024600684642792,
                    0.10631366819143295,
                    -0.9092431664466858,
                    -3.6652767658233643
                ],
                [
                    -0.9154375195503235,
                    0.04673941060900688,
                    -0.39973682165145874,
                    -1.6113908290863037
                ],
                [
                    3.725290298461914e-09,
                    0.9932334423065186,
                    0.11613426357507706,
                    0.4681522250175476
                ],
                [
                    0.0,
                    0.0,
                    0.0,
                    1.0
                ]
            ]
        },
        {
            "file_path": "/data/shapenet_blender/all_50_random/02958343/95d18b69c9624a05473f10e6caaeca56/r_26",
            "rotation": 0.12566370614359174,
            "transform_matrix": [
                [
                    -0.25549477338790894,
                    -0.012326021678745747,
                    0.9667317867279053,
                    3.8970205783843994
                ],
                [
                    0.9668104648590088,
                    -0.003257343778386712,
                    0.2554739713668823,
                    1.029848575592041
                ],
                [
                    2.3283067140944524e-10,
                    0.9999186992645264,
                    0.012749160639941692,
                    0.05139350891113281
                ],
                [
                    0.0,
                    0.0,
                    0.0,
                    1.0
                ]
            ]
        },
        {
            "file_path": "/data/shapenet_blender/all_50_random/02958343/95d18b69c9624a05473f10e6caaeca56/r_27",
            "rotation": 0.12566370614359174,
            "transform_matrix": [
                [
                    0.9248114824295044,
                    0.3013886511325836,
                    0.2321392297744751,
                    0.9357832670211792
                ],
                [
                    0.38042575120925903,
                    -0.7326729893684387,
                    -0.5643283128738403,
                    -2.2748804092407227
                ],
                [
                    0.0,
                    0.6102091073989868,
                    -0.7922402620315552,
                    -3.1936230659484863
                ],
                [
                    0.0,
                    0.0,
                    0.0,
                    1.0
                ]
            ]
        },
        {
            "file_path": "/data/shapenet_blender/all_50_random/02958343/95d18b69c9624a05473f10e6caaeca56/r_28",
            "rotation": 0.12566370614359174,
            "transform_matrix": [
                [
                    -0.8325831890106201,
                    -0.14570148289203644,
                    0.5343935489654541,
                    2.1542093753814697
                ],
                [
                    0.5539001822471619,
                    -0.21900804340839386,
                    0.8032621741294861,
                    3.238053321838379
                ],
                [
                    -7.450580596923828e-09,
                    0.9647831320762634,
                    0.2630464732646942,
                    1.0603742599487305
                ],
                [
                    0.0,
                    0.0,
                    0.0,
                    1.0
                ]
            ]
        },
        {
            "file_path": "/data/shapenet_blender/all_50_random/02958343/95d18b69c9624a05473f10e6caaeca56/r_29",
            "rotation": 0.12566370614359174,
            "transform_matrix": [
                [
                    0.015461928211152554,
                    0.26542970538139343,
                    0.9640061855316162,
                    3.886033296585083
                ],
                [
                    0.9998804926872253,
                    -0.004104545805603266,
                    -0.014907175675034523,
                    -0.0600927472114563
                ],
                [
                    0.0,
                    0.964121401309967,
                    -0.2654614746570587,
                    -1.070109486579895
                ],
                [
                    0.0,
                    0.0,
                    0.0,
                    1.0
                ]
            ]
        },
        {
            "file_path": "/data/shapenet_blender/all_50_random/02958343/95d18b69c9624a05473f10e6caaeca56/r_30",
            "rotation": 0.12566370614359174,
            "transform_matrix": [
                [
                    0.18769298493862152,
                    -0.34417346119880676,
                    -0.9199542999267578,
                    -3.7084543704986572
                ],
                [
                    -0.9822277426719666,
                    -0.06576777994632721,
                    -0.17579320073127747,
                    -0.7086450457572937
                ],
                [
                    0.0,
                    0.9365997910499573,
                    -0.3504008650779724,
                    -1.4125111103057861
                ],
                [
                    0.0,
                    0.0,
                    0.0,
                    1.0
                ]
            ]
        },
        {
            "file_path": "/data/shapenet_blender/all_50_random/02958343/95d18b69c9624a05473f10e6caaeca56/r_31",
            "rotation": 0.12566370614359174,
            "transform_matrix": [
                [
                    -0.3154629170894623,
                    -0.3603878617286682,
                    -0.8778402805328369,
                    -3.5386877059936523
                ],
                [
                    -0.9489378333091736,
                    0.11980659514665604,
                    0.29182741045951843,
                    1.176393985748291
                ],
                [
                    0.0,
                    0.9250766038894653,
                    -0.37978023290634155,
                    -1.5309431552886963
                ],
                [
                    0.0,
                    0.0,
                    0.0,
                    1.0
                ]
            ]
        },
        {
            "file_path": "/data/shapenet_blender/all_50_random/02958343/95d18b69c9624a05473f10e6caaeca56/r_32",
            "rotation": 0.12566370614359174,
            "transform_matrix": [
                [
                    0.9363149404525757,
                    -0.06697294861078262,
                    -0.34471583366394043,
                    -1.3895939588546753
                ],
                [
                    -0.35116147994995117,
                    -0.17857247591018677,
                    -0.9191286563873291,
                    -3.7051260471343994
                ],
                [
                    0.0,
                    0.9816447496414185,
                    -0.190718412399292,
                    -0.768810510635376
                ],
                [
                    0.0,
                    0.0,
                    0.0,
                    1.0
                ]
            ]
        },
        {
            "file_path": "/data/shapenet_blender/all_50_random/02958343/95d18b69c9624a05473f10e6caaeca56/r_33",
            "rotation": 0.12566370614359174,
            "transform_matrix": [
                [
                    0.20174725353717804,
                    -0.3600173592567444,
                    0.9108707904815674,
                    3.671837568283081
                ],
                [
                    0.9794375896453857,
                    0.07415736466646194,
                    -0.18762366473674774,
                    -0.7563351988792419
                ],
                [
                    0.0,
                    0.9299936294555664,
                    0.36757558584213257,
                    1.4817445278167725
                ],
                [
                    0.0,
                    0.0,
                    0.0,
                    1.0
                ]
            ]
        },
        {
            "file_path": "/data/shapenet_blender/all_50_random/02958343/95d18b69c9624a05473f10e6caaeca56/r_34",
            "rotation": 0.12566370614359174,
            "transform_matrix": [
                [
                    0.6094241142272949,
                    0.17232683300971985,
                    0.7738900184631348,
                    3.119650363922119
                ],
                [
                    0.7928444147109985,
                    -0.13245992362499237,
                    -0.5948546528816223,
                    -2.3979358673095703
                ],
                [
                    -7.450580596923828e-09,
                    0.9760931730270386,
                    -0.21735262870788574,
                    -0.8761764764785767
                ],
                [
                    0.0,
                    0.0,
                    0.0,
                    1.0
                ]
            ]
        },
        {
            "file_path": "/data/shapenet_blender/all_50_random/02958343/95d18b69c9624a05473f10e6caaeca56/r_35",
            "rotation": 0.12566370614359174,
            "transform_matrix": [
                [
                    -0.9934346675872803,
                    -0.03372562676668167,
                    0.109316885471344,
                    0.4406704902648926
                ],
                [
                    0.11440104991197586,
                    -0.29286623001098633,
                    0.9492847919464111,
                    3.8266897201538086
                ],
                [
                    0.0,
                    0.9555583596229553,
                    0.2948016822338104,
                    1.18838369846344
                ],
                [
                    0.0,
                    0.0,
                    0.0,
                    1.0
                ]
            ]
        },
        {
            "file_path": "/data/shapenet_blender/all_50_random/02958343/95d18b69c9624a05473f10e6caaeca56/r_36",
            "rotation": 0.12566370614359174,
            "transform_matrix": [
                [
                    -0.9526063799858093,
                    -0.14850567281246185,
                    -0.2654944360256195,
                    -1.0702422857284546
                ],
                [
                    -0.30420592427253723,
                    0.4650384187698364,
                    0.8313831686973572,
                    3.351412773132324
                ],
                [
                    0.0,
                    0.8727458119392395,
                    -0.4881748557090759,
                    -1.967895746231079
                ],
                [
                    0.0,
                    0.0,
                    0.0,
                    1.0
                ]
            ]
        },
        {
            "file_path": "/data/shapenet_blender/all_50_random/02958343/95d18b69c9624a05473f10e6caaeca56/r_37",
            "rotation": 0.12566370614359174,
            "transform_matrix": [
                [
                    0.9879412651062012,
                    -0.07821343094110489,
                    -0.1336214691400528,
                    -0.5386453866958618
                ],
                [
                    -0.15482906997203827,
                    -0.4990682601928711,
                    -0.8526187539100647,
                    -3.437016248703003
                ],
                [
                    0.0,
                    0.8630257248878479,
                    -0.505159854888916,
                    -2.0363645553588867
                ],
                [
                    0.0,
                    0.0,
                    0.0,
                    1.0
                ]
            ]
        },
        {
            "file_path": "/data/shapenet_blender/all_50_random/02958343/95d18b69c9624a05473f10e6caaeca56/r_38",
            "rotation": 0.12566370614359174,
            "transform_matrix": [
                [
                    -0.3391703963279724,
                    -0.5223982334136963,
                    0.7823448777198792,
                    3.153733253479004
                ],
                [
                    0.9407249689102173,
                    -0.1883462369441986,
                    0.28206777572631836,
                    1.1370517015457153
                ],
                [
                    0.0,
                    0.8316404819488525,
                    0.5553144216537476,
                    2.238544225692749
                ],
                [
                    0.0,
                    0.0,
                    0.0,
                    1.0
                ]
            ]
        },
        {
            "file_path": "/data/shapenet_blender/all_50_random/02958343/95d18b69c9624a05473f10e6caaeca56/r_39",
            "rotation": 0.12566370614359174,
            "transform_matrix": [
                [
                    0.3464045524597168,
                    -0.18197491765022278,
                    0.9202656745910645,
                    3.709709644317627
                ],
                [
                    0.9380851984024048,
                    0.06719746440649033,
                    -0.3398244082927704,
                    -1.3698760271072388
                ],
                [
                    -3.725290298461914e-09,
                    0.9810043573379517,
                    0.1939854770898819,
                    0.7819804549217224
                ],
                [
                    0.0,
                    0.0,
                    0.0,
                    1.0
                ]
            ]
        },
        {
            "file_path": "/data/shapenet_blender/all_50_random/02958343/95d18b69c9624a05473f10e6caaeca56/r_40",
            "rotation": 0.12566370614359174,
            "transform_matrix": [
                [
                    -0.9658564329147339,
                    -0.22995680570602417,
                    0.11933649331331253,
                    0.48106083273887634
                ],
                [
                    0.25907787680625916,
                    -0.8572915196418762,
                    0.4448929727077484,
                    1.7934210300445557
                ],
                [
                    0.0,
                    0.460620254278183,
                    0.8875972628593445,
                    3.578019142150879
                ],
                [
                    0.0,
                    0.0,
                    0.0,
                    1.0
                ]
            ]
        },
        {
            "file_path": "/data/shapenet_blender/all_50_random/02958343/95d18b69c9624a05473f10e6caaeca56/r_41",
            "rotation": 0.12566370614359174,
            "transform_matrix": [
                [
                    0.6611061692237854,
                    0.12981946766376495,
                    0.7389758825302124,
                    2.9789071083068848
                ],
                [
                    0.7502922415733337,
                    -0.11438804119825363,
                    -0.6511350274085999,
                    -2.6248092651367188
                ],
                [
                    0.0,
                    0.9849173426628113,
                    -0.1730251908302307,
                    -0.6974868774414062
