{
    "class": "02958343",
    "model": "192bc73d5825bfc7bda72093f9b5aa73",
    "remove_doubles": true,
    "edge_split": true,
    "denoise": true,
    "camera_angle_x": 0.6911112070083618,
    "scale_factor": 2.2673937315621213,
    "hdri_file": "/data/IndoorHDRDataset2018/9C4A8886-827172cd95.exr",
    "center_offset": [
        0.0,
        -2.7939677238464355e-09,
        -3.725290298461914e-09
    ],
    "lights": [],
    "frames": [
        {
            "file_path": "/data/shapenet_blender/all_50_random/02958343/192bc73d5825bfc7bda72093f9b5aa73/r_0",
            "rotation": 0.12566370614359174,
            "transform_matrix": [
                [
                    0.7724665403366089,
                    0.13940371572971344,
                    -0.619566023349762,
                    -2.4975504875183105
                ],
                [
                    -0.6350554823875427,
                    0.16956740617752075,
                    -0.7536255717277527,
                    -3.037961959838867
                ],
                [
                    -7.450580596923828e-09,
                    0.975609302520752,
                    0.21951426565647125,
                    0.8848903179168701
                ],
                [
                    0.0,
                    0.0,
                    0.0,
                    1.0
                ]
            ]
        },
        {
            "file_path": "/data/shapenet_blender/all_50_random/02958343/192bc73d5825bfc7bda72093f9b5aa73/r_1",
            "rotation": 0.12566370614359174,
            "transform_matrix": [
                [
                    -0.43909773230552673,
                    -0.09719182550907135,
                    0.8931667804718018,
                    3.600470542907715
                ],
                [
                    0.8984392881393433,
                    -0.04750094190239906,
                    0.43652090430259705,
                    1.7596720457077026
                ],
                [
                    0.0,
                    0.9941313862800598,
                    0.1081785187125206,
                    0.43608155846595764
                ],
                [
                    0.0,
                    0.0,
                    0.0,
                    1.0
                ]
            ]
        },
        {
            "file_path": "/data/shapenet_blender/all_50_random/02958343/192bc73d5825bfc7bda72093f9b5aa73/r_2",
            "rotation": 0.12566370614359174,
            "transform_matrix": [
                [
                    0.6047855019569397,
                    -0.25317466259002686,
                    0.7550742626190186,
                    3.043801784515381
                ],
                [
                    0.7963885068893433,
                    0.1922634094953537,
                    -0.5734110474586487,
                    -2.3114938735961914
                ],
                [
                    0.0,
                    0.948123037815094,
                    0.3179034888744354,
                    1.2815099954605103
                ],
                [
                    0.0,
                    0.0,
                    0.0,
                    1.0
                ]
            ]
        },
        {
            "file_path": "/data/shapenet_blender/all_50_random/02958343/192bc73d5825bfc7bda72093f9b5aa73/r_3",
            "rotation": 0.12566370614359174,
            "transform_matrix": [
                [
                    0.5741255283355713,
                    -0.38000911474227905,
                    -0.7252398133277893,
                    -2.9235353469848633
                ],
                [
                    -0.8187673091888428,
                    -0.26646512746810913,
                    -0.5085433721542358,
                    -2.050004243850708
                ],
                [
                    -1.4901161193847656e-08,
                    0.8857704401016235,
                    -0.4641234874725342,
                    -1.8709417581558228
                ],
                [
                    0.0,
                    0.0,
                    0.0,
                    1.0
                ]
            ]
        },
        {
            "file_path": "/data/shapenet_blender/all_50_random/02958343/192bc73d5825bfc7bda72093f9b5aa73/r_4",
            "rotation": 0.12566370614359174,
            "transform_matrix": [
                [
                    -0.8928896188735962,
                    -0.12105534225702286,
                    0.43369778990745544,
                    1.7482917308807373
                ],
                [
                    0.4502756595611572,
                    -0.24005083739757538,
                    0.8600159287452698,
                    3.4668350219726562
                ],
                [
                    0.0,
                    0.963182806968689,
                    0.26884719729423523,
                    1.083757758140564
                ],
                [
                    0.0,
                    0.0,
                    0.0,
                    1.0
                ]
            ]
        },
        {
            "file_path": "/data/shapenet_blender/all_50_random/02958343/192bc73d5825bfc7bda72093f9b5aa73/r_5",
            "rotation": 0.12566370614359174,
            "transform_matrix": [
                [
                    -0.79229736328125,
                    -0.5185490846633911,
                    -0.32151472568511963,
                    -1.2960673570632935
                ],
                [
                    -0.6101351976394653,
                    0.6733672618865967,
                    0.41750624775886536,
                    1.6830215454101562
                ],
                [
                    0.0,
                    0.5269564390182495,
                    -0.8498921990394592,
                    -3.426025152206421
                ],
                [
                    0.0,
                    0.0,
                    0.0,
                    1.0
                ]
            ]
        },
        {
            "file_path": "/data/shapenet_blender/all_50_random/02958343/192bc73d5825bfc7bda72093f9b5aa73/r_6",
            "rotation": 0.12566370614359174,
            "transform_matrix": [
                [
                    0.006058843340724707,
                    0.4107810854911804,
                    0.9117138981819153,
                    3.6752359867095947
                ],
                [
                    0.999981701374054,
                    -0.0024889037013053894,
                    -0.00552403274923563,
                    -0.022268086671829224
                ],
                [
                    -2.3283064365386963e-10,
                    0.9117305874824524,
                    -0.4107885956764221,
                    -1.6559417247772217
                ],
                [
                    0.0,
                    0.0,
                    0.0,
                    1.0
                ]
            ]
        },
        {
            "file_path": "/data/shapenet_blender/all_50_random/02958343/192bc73d5825bfc7bda72093f9b5aa73/r_7",
            "rotation": 0.12566370614359174,
            "transform_matrix": [
                [
                    -0.1823142170906067,
                    -0.7488960027694702,
                    -0.637115478515625,
                    -2.5682945251464844
                ],
                [
                    -0.9832402467727661,
                    0.13886167109012604,
                    0.11813512444496155,
                    0.47621792554855347
                ],
                [
                    0.0,
                    0.6479752063751221,
                    -0.7616612911224365,
                    -3.07035493850708
                ],
                [
                    0.0,
                    0.0,
                    0.0,
                    1.0
                ]
            ]
        },
        {
            "file_path": "/data/shapenet_blender/all_50_random/02958343/192bc73d5825bfc7bda72093f9b5aa73/r_8",
            "rotation": 0.12566370614359174,
            "transform_matrix": [
                [
                    0.64766925573349,
                    0.25747621059417725,
                    0.717098593711853,
                    2.890717029571533
                ],
                [
                    0.7619215846061707,
                    -0.21886692941188812,
                    -0.6095676422119141,
                    -2.4572460651397705
                ],
                [
                    0.0,
                    0.9411711692810059,
                    -0.3379300534725189,
                    -1.3622397184371948
                ],
                [
                    0.0,
                    0.0,
                    0.0,
                    1.0
                ]
            ]
        },
        {
            "file_path": "/data/shapenet_blender/all_50_random/02958343/192bc73d5825bfc7bda72093f9b5aa73/r_9",
            "rotation": 0.12566370614359174,
            "transform_matrix": [
                [
                    0.02217019349336624,
                    -0.8233516216278076,
                    0.5670983791351318,
                    2.2860467433929443
                ],
                [
                    0.9997543096542358,
                    0.0182583499699831,
                    -0.012575770728290081,
                    -0.050694555044174194
                ],
                [
                    9.31322685637781e-10,
                    0.5672377943992615,
                    0.8235539793968201,
                    3.319852352142334
                ],
                [
                    0.0,
                    0.0,
                    0.0,
                    1.0
                ]
            ]
        },
        {
            "file_path": "/data/shapenet_blender/all_50_random/02958343/192bc73d5825bfc7bda72093f9b5aa73/r_10",
            "rotation": 0.12566370614359174,
            "transform_matrix": [
                [
                    0.8886539936065674,
                    0.36669009923934937,
                    -0.2753772735595703,
                    -1.1100813150405884
                ],
                [
                    -0.45857858657836914,
                    0.7105883359909058,
                    -0.5336382985115051,
                    -2.1511647701263428
                ],
                [
                    -1.4901162970204496e-08,
                    0.6005017161369324,
                    0.7996233701705933,
                    3.2233848571777344
                ],
                [
                    0.0,
                    0.0,
                    0.0,
                    1.0
                ]
            ]
        },
        {
            "file_path": "/data/shapenet_blender/all_50_random/02958343/192bc73d5825bfc7bda72093f9b5aa73/r_11",
            "rotation": 0.12566370614359174,
            "transform_matrix": [
                [
                    0.9999904036521912,
                    0.0005804781103506684,
                    -0.004362296313047409,
                    -0.01758497953414917
                ],
                [
                    -0.004400748759508133,
                    0.13190314173698425,
                    -0.9912528395652771,
                    -3.995867967605591
                ],
                [
                    0.0,
                    0.9912624359130859,
                    0.13190440833568573,
                    0.53172367811203
                ],
                [
                    0.0,
                    0.0,
                    0.0,
                    1.0
                ]
            ]
        },
        {
            "file_path": "/data/shapenet_blender/all_50_random/02958343/192bc73d5825bfc7bda72093f9b5aa73/r_12",
            "rotation": 0.12566370614359174,
            "transform_matrix": [
                [
                    0.2878055274486542,
                    0.47062602639198303,
                    0.8340738415718079,
                    3.3622591495513916
                ],
                [
                    0.9576889276504517,
                    -0.14143294095993042,
                    -0.2506566047668457,
                    -1.0104291439056396
                ],
                [
                    0.0,
                    0.8709235191345215,
                    -0.4914184808731079,
                    -1.9809712171554565
                ],
                [
                    0.0,
                    0.0,
                    0.0,
                    1.0
                ]
            ]
        },
        {
            "file_path": "/data/shapenet_blender/all_50_random/02958343/192bc73d5825bfc7bda72093f9b5aa73/r_13",
            "rotation": 0.12566370614359174,
            "transform_matrix": [
                [
                    0.07830193638801575,
                    0.030028827488422394,
                    0.9964773058891296,
                    4.016928672790527
                ],
                [
                    0.9969297051429749,
                    -0.0023585567250847816,
                    -0.07826640456914902,
                    -0.31550198793411255
                ],
                [
                    -2.3283064365386963e-10,
                    0.999546229839325,
                    -0.03012130595743656,
                    -0.12142287194728851
                ],
                [
                    0.0,
                    0.0,
                    0.0,
                    1.0
                ]
            ]
        },
        {
            "file_path": "/data/shapenet_blender/all_50_random/02958343/192bc73d5825bfc7bda72093f9b5aa73/r_14",
            "rotation": 0.12566370614359174,
            "transform_matrix": [
                [
                    0.5525209307670593,
                    -0.5766834020614624,
                    -0.6017946600914001,
                    -2.4259119033813477
                ],
                [
                    -0.8334990739822388,
                    -0.3822796046733856,
                    -0.39892566204071045,
                    -1.6081207990646362
                ],
                [
                    -1.4901162970204496e-08,
                    0.7220099568367004,
                    -0.6918826103210449,
                    -2.7890679836273193
                ],
                [
                    0.0,
                    0.0,
                    0.0,
                    1.0
                ]
            ]
        },
        {
            "file_path": "/data/shapenet_blender/all_50_random/02958343/192bc73d5825bfc7bda72093f9b5aa73/r_15",
            "rotation": 0.12566370614359174,
            "transform_matrix": [
                [
                    -0.9891549944877625,
                    -0.11157036572694778,
                    -0.09552151709794998,
                    -0.3850595951080322
                ],
                [
                    -0.14687514305114746,
                    0.7513890862464905,
                    0.6433054804801941,
                    2.593247652053833
                ],
                [
                    0.0,
                    0.6503586769104004,
                    -0.7596272230148315,
                    -3.0621554851531982
                ],
                [
                    0.0,
                    0.0,
                    0.0,
                    1.0
                ]
            ]
        },
        {
            "file_path": "/data/shapenet_blender/all_50_random/02958343/192bc73d5825bfc7bda72093f9b5aa73/r_16",
            "rotation": 0.12566370614359174,
            "transform_matrix": [
                [
                    -0.6477199792861938,
                    -0.6657876372337341,
                    0.3703857660293579,
                    1.4930728673934937
                ],
                [
                    0.761878490447998,
                    -0.5660271644592285,
                    0.3148878216743469,
                    1.2693535089492798
                ],
                [
                    -1.4901161193847656e-08,
                    0.48614808917045593,
                    0.8738763332366943,
                    3.5227084159851074
                ],
                [
                    0.0,
                    0.0,
                    0.0,
                    1.0
                ]
            ]
        },
        {
            "file_path": "/data/shapenet_blender/all_50_random/02958343/192bc73d5825bfc7bda72093f9b5aa73/r_17",
            "rotation": 0.12566370614359174,
            "transform_matrix": [
                [
                    -0.5416226983070374,
                    -0.21372178196907043,
                    -0.8129993081092834,
                    -3.2773051261901855
                ],
                [
                    -0.840621829032898,
                    0.13770349323749542,
                    0.5238251686096191,
                    2.1116068363189697
                ],
                [
                    -7.450581485102248e-09,
                    0.9671404957771301,
                    -0.254242479801178,
                    -1.0248842239379883
                ],
                [
                    0.0,
                    0.0,
                    0.0,
                    1.0
                ]
            ]
        },
        {
            "file_path": "/data/shapenet_blender/all_50_random/02958343/192bc73d5825bfc7bda72093f9b5aa73/r_18",
            "rotation": 0.12566370614359174,
            "transform_matrix": [
                [
                    -0.012283879332244396,
                    0.2980916202068329,
                    0.9544581770896912,
                    3.8475441932678223
                ],
                [
                    0.9999245405197144,
                    0.003661998314782977,
                    0.011725333519279957,
                    0.04726633429527283
                ],
                [
                    -4.6566125955216364e-10,
                    0.9545301795005798,
                    -0.298114150762558,
                    -1.2017366886138916
                ],
                [
                    0.0,
                    0.0,
                    0.0,
                    1.0
                ]
            ]
        },
        {
            "file_path": "/data/shapenet_blender/all_50_random/02958343/192bc73d5825bfc7bda72093f9b5aa73/r_19",
            "rotation": 0.12566370614359174,
            "transform_matrix": [
                [
                    0.33555102348327637,
                    0.5734306573867798,
                    -0.7473837733268738,
                    -3.012800693511963
                ],
                [
                    -0.9420220851898193,
                    0.20425769686698914,
                    -0.2662202715873718,
                    -1.073168396949768
                ],
                [
                    1.4901162970204496e-08,
                    0.7933825254440308,
                    0.6087232828140259,
                    2.4538421630859375
                ],
                [
                    0.0,
                    0.0,
                    0.0,
                    1.0
                ]
            ]
        },
        {
            "file_path": "/data/shapenet_blender/all_50_random/02958343/192bc73d5825bfc7bda72093f9b5aa73/r_20",
            "rotation": 0.12566370614359174,
            "transform_matrix": [
                [
                    0.23386280238628387,
                    0.021067433059215546,
                    -0.9720413088798523,
                    -3.918423891067505
                ],
                [
                    -0.9722697138786316,
                    0.005067409481853247,
                    -0.23380786180496216,
                    -0.942509651184082
                ],
                [
                    0.0,
                    0.9997652173042297,
                    0.02166830189526081,
                    0.08734771609306335
                ],
                [
                    0.0,
                    0.0,
                    0.0,
                    1.0
                ]
            ]
        },
        {
            "file_path": "/data/shapenet_blender/all_50_random/02958343/192bc73d5825bfc7bda72093f9b5aa73/r_21",
            "rotation": 0.12566370614359174,
            "transform_matrix": [
                [
                    -0.9879108667373657,
                    0.03989238291978836,
                    -0.1498027890920639,
                    -0.6038743853569031
                ],
                [
                    -0.1550234854221344,
                    -0.25422030687332153,
                    0.9546411633491516,
                    3.8482816219329834
                ],
                [
                    -3.725290742551124e-09,
                    0.9663231372833252,
                    0.2573312819004059,
                    1.0373356342315674
                ],
                [
                    0.0,
                    0.0,
                    0.0,
                    1.0
                ]
            ]
        },
        {
            "file_path": "/data/shapenet_blender/all_50_random/02958343/192bc73d5825bfc7bda72093f9b5aa73/r_22",
            "rotation": 0.12566370614359174,
            "transform_matrix": [
                [
                    0.9493648409843445,
                    0.029431132599711418,
                    -0.31279435753822327,
                    -1.2609144449234009
                ],
                [
                    -0.31417590379714966,
                    0.08893387764692307,
                    -0.9451900720596313,
                    -3.810183048248291
                ],
                [
                    0.0,
                    0.9956026077270508,
                    0.09367724508047104,
                    0.377625048160553
                ],
                [
                    0.0,
                    0.0,
                    0.0,
                    1.0
                ]
            ]
        },
        {
            "file_path": "/data/shapenet_blender/all_50_random/02958343/192bc73d5825bfc7bda72093f9b5aa73/r_23",
            "rotation": 0.12566370614359174,
            "transform_matrix": [
                [
                    -0.7333871722221375,
                    -0.5072397589683533,
                    -0.4526047110557556,
                    -1.8245080709457397
                ],
                [
                    -0.6798111796379089,
                    0.5472154021263123,
                    0.4882745146751404,
                    1.9682976007461548
                ],
                [
                    2.9802322387695312e-08,
                    0.6657800674438477,
                    -0.7461479902267456,
                    -3.0078189373016357
                ],
                [
                    0.0,
                    0.0,
                    0.0,
                    1.0
                ]
            ]
        },
        {
            "file_path": "/data/shapenet_blender/all_50_random/02958343/192bc73d5825bfc7bda72093f9b5aa73/r_24",
            "rotation": 0.12566370614359174,
            "transform_matrix": [
                [
                    0.9995791912078857,
                    0.02528844214975834,
                    -0.014217323623597622,
                    -0.05731187015771866
                ],
                [
                    -0.029010992497205734,
                    0.871317982673645,
                    -0.48986053466796875,
                    -1.9746911525726318
                ],
                [
                    0.0,
                    0.49006685614585876,
                    0.871684730052948,
                    3.513873815536499
                ],
                [
                    0.0,
                    0.0,
                    0.0,
                    1.0
                ]
            ]
        },
        {
            "file_path": "/data/shapenet_blender/all_50_random/02958343/192bc73d5825bfc7bda72093f9b5aa73/r_25",
            "rotation": 0.12566370614359174,
            "transform_matrix": [
                [
                    -0.992786169052124,
                    -0.06940353661775589,
                    0.09776917845010757,
                    0.3941201865673065
                ],
                [
                    0.11989855766296387,
                    -0.5746763348579407,
                    0.8095500469207764,
                    3.2634007930755615
                ],
                [
                    -3.725290298461914e-09,
                    0.8154324293136597,
                    0.578852117061615,
                    2.333427667617798
                ],
                [
                    0.0,
                    0.0,
                    0.0,
                    1.0
                ]
            ]
        },
        {
            "file_path": "/data/shapenet_blender/all_50_random/02958343/192bc73d5825bfc7bda72093f9b5aa73/r_26",
            "rotation": 0.12566370614359174,
            "transform_matrix": [
                [
                    0.13938525319099426,
                    -0.8749025464057922,
                    0.4638073742389679,
                    1.8696672916412354
                ],
                [
                    0.9902383089065552,
                    0.12315066903829575,
                    -0.06528519839048386,
                    -0.26317304372787476
                ],
                [
                    -3.725290742551124e-09,
                    0.46837955713272095,
                    0.8835273385047913,
                    3.561612606048584
                ],
                [
                    0.0,
                    0.0,
                    0.0,
                    1.0
                ]
            ]
        },
        {
            "file_path": "/data/shapenet_blender/all_50_random/02958343/192bc73d5825bfc7bda72093f9b5aa73/r_27",
            "rotation": 0.12566370614359174,
            "transform_matrix": [
                [
                    0.9610729813575745,
                    0.24226464331150055,
                    -0.13284055888652802,
                    -0.5354974269866943
                ],
                [
                    -0.2762947380542755,
                    0.8427015542984009,
                    -0.4620771110057831,
                    -1.8626923561096191
                ],
                [
                    0.0,
                    0.4807929992675781,
                    0.8768341541290283,
                    3.5346314907073975
                ],
                [
                    0.0,
                    0.0,
                    0.0,
                    1.0
                ]
            ]
        },
        {
            "file_path": "/data/shapenet_blender/all_50_random/02958343/192bc73d5825bfc7bda72093f9b5aa73/r_28",
            "rotation": 0.12566370614359174,
            "transform_matrix": [
                [
                    0.13124136626720428,
                    -0.3256599009037018,
                    -0.9363338351249695,
                    -3.7744829654693604
                ],
                [
                    -0.991350531578064,
                    -0.04311295226216316,
                    -0.12395790964365005,
                    -0.49969038367271423
                ],
                [
                    3.725290742551124e-09,
                    0.9445034265518188,
                    -0.32850125432014465,
                    -1.3242310285568237
                ],
                [
                    0.0,
                    0.0,
                    0.0,
                    1.0
                ]
            ]
        },
        {
            "file_path": "/data/shapenet_blender/all_50_random/02958343/192bc73d5825bfc7bda72093f9b5aa73/r_29",
            "rotation": 0.12566370614359174,
            "transform_matrix": [
                [
                    -0.7420852780342102,
                    -0.10727705806493759,
                    -0.6616654992103577,
                    -2.6672587394714355
                ],
                [
                    -0.670305609703064,
                    0.11876481771469116,
                    0.7325199246406555,
                    2.9528818130493164
                ],
                [
                    0.0,
                    0.9871101975440979,
                    -0.16004203259944916,
                    -0.6451500058174133
                ],
                [
                    0.0,
                    0.0,
                    0.0,
                    1.0
                ]
            ]
        },
        {
            "file_path": "/data/shapenet_blender/all_50_random/02958343/192bc73d5825bfc7bda72093f9b5aa73/r_30",
            "rotation": 0.12566370614359174,
            "transform_matrix": [
                [
                    -0.22730498015880585,
                    -0.5645363926887512,
                    0.7934929728507996,
                    3.1986725330352783
                ],
                [
                    0.973823606967926,
                    -0.1317712366580963,
                    0.1852131336927414,
                    0.7466180324554443
                ],
                [
                    -7.450580152834618e-09,
                    0.8148221373558044,
                    0.5797110795974731,
                    2.33689022064209
                ],
                [
                    0.0,
                    0.0,
                    0.0,
                    1.0
                ]
            ]
        },
        {
            "file_path": "/data/shapenet_blender/all_50_random/02958343/192bc73d5825bfc7bda72093f9b5aa73/r_31",
            "rotation": 0.12566370614359174,
            "transform_matrix": [
                [
                    -0.1450212001800537,
                    0.7750729918479919,
                    -0.6150044798851013,
                    -2.4791626930236816
                ],
                [
                    -0.9894286394119263,
                    -0.11360295116901398,
                    0.09014160931110382,
                    0.36337247490882874
                ],
                [
                    7.450581485102248e-09,
                    0.6215754151344299,
                    0.7833542227745056,
                    3.157802104949951
                ],
                [
                    0.0,
                    0.0,
                    0.0,
                    1.0
                ]
            ]
        },
        {
            "file_path": "/data/shapenet_blender/all_50_random/02958343/192bc73d5825bfc7bda72093f9b5aa73/r_32",
            "rotation": 0.12566370614359174,
            "transform_matrix": [
                [
                    -0.3989292085170746,
                    0.2301367074251175,
                    0.8876330256462097,
                    3.5781633853912354
                ],
                [
                    0.9169816970825195,
                    0.10012005269527435,
                    0.3861611783504486,
                    1.5566656589508057
                ],
                [
                    0.0,
                    0.9679942727088928,
                    -0.2509719431400299,
                    -1.0117003917694092
                ],
                [
                    0.0,
                    0.0,
                    0.0,
                    1.0
                ]
            ]
        },
        {
            "file_path": "/data/shapenet_blender/all_50_random/02958343/192bc73d5825bfc7bda72093f9b5aa73/r_33",
            "rotation": 0.12566370614359174,
            "transform_matrix": [
                [
                    -0.9862134456634521,
                    -0.11754128336906433,
                    0.11647789925336838,
                    0.4695374369621277
                ],
                [
                    0.16547825932502747,
                    -0.7005198001861572,
                    0.6941822171211243,
                    2.798337936401367
                ],
                [
                    0.0,
                    0.7038862705230713,
                    0.7103126049041748,
                    2.8633615970611572
                ],
                [
                    0.0,
                    0.0,
                    0.0,
                    1.0
                ]
            ]
        },
        {
            "file_path": "/data/shapenet_blender/all_50_random/02958343/192bc73d5825bfc7bda72093f9b5aa73/r_34",
            "rotation": 0.12566370614359174,
            "transform_matrix": [
                [
                    0.9999381899833679,
                    -0.0015388291794806719,
                    -0.011014041490852833,
                    -0.04439902305603027
                ],
                [
                    -0.011121020652353764,
                    -0.13836267590522766,
                    -0.9903191924095154,
                    -3.9921042919158936
                ],
                [
                    -1.1641532182693481e-10,
                    0.9903804659843445,
                    -0.13837121427059174,
                    -0.5577921867370605
                ],
                [
                    0.0,
                    0.0,
                    0.0,
                    1.0
                ]
            ]
        },
        {
            "file_path": "/data/shapenet_blender/all_50_random/02958343/192bc73d5825bfc7bda72093f9b5aa73/r_35",
            "rotation": 0.12566370614359174,
            "transform_matrix": [
                [
                    0.7058382630348206,
                    0.211021289229393,
                    0.6762117743492126,
                    2.7258968353271484
                ],
                [
                    0.7083730697631836,
                    -0.21026617288589478,
                    -0.6737920641899109,
                    -2.7161426544189453
                ],
                [
                    -1.4901162970204496e-08,
                    0.9545983076095581,
                    -0.29789572954177856,
                    -1.20085608959198
                ],
                [
                    0.0,
                    0.0,
                    0.0,
                    1.0
                ]
            ]
        },
        {
            "file_path": "/data/shapenet_blender/all_50_random/02958343/192bc73d5825bfc7bda72093f9b5aa73/r_36",
            "rotation": 0.12566370614359174,
            "transform_matrix": [
                [
                    -0.18617188930511475,
                    -0.15420182049274445,
                    0.970341145992279,
                    3.911569833755493
                ],
                [
                    0.9825171828269958,
                    -0.029218871146440506,
                    0.18386472761631012,
                    0.7411823272705078
                ],
                [
                    -1.8626450382086546e-09,
                    0.9876071810722351,
                    0.15694567561149597,
                    0.6326681971549988
                ],
                [
                    0.0,
                    0.0,
                    0.0,
                    1.0
                ]
            ]
        },
        {
            "file_path": "/data/shapenet_blender/all_50_random/02958343/192bc73d5825bfc7bda72093f9b5aa73/r_37",
            "rotation": 0.12566370614359174,
            "transform_matrix": [
                [
                    -0.8252332210540771,
                    -0.42762792110443115,
                    0.36895060539245605,
                    1.4872876405715942
                ],
                [
                    0.5647921562194824,
                    -0.6248188018798828,
                    0.5390837788581848,
                    2.173116445541382
                ],
                [
                    0.0,
                    0.6532503366470337,
                    0.7571419477462769,
                    3.0521371364593506
                ],
                [
                    0.0,
                    0.0,
                    0.0,
                    1.0
                ]
            ]
        },
        {
            "file_path": "/data/shapenet_blender/all_50_random/02958343/192bc73d5825bfc7bda72093f9b5aa73/r_38",
            "rotation": 0.12566370614359174,
            "transform_matrix": [
                [
                    0.7250449061393738,
                    0.1335376650094986,
                    0.6756312251091003,
                    2.7235565185546875
                ],
                [
                    0.6887015700340271,
                    -0.1405845731496811,
                    -0.711284875869751,
                    -2.867280960083008
                ],
                [
                    0.0,
                    0.9810217618942261,
                    -0.19389775395393372,
                    -0.78162682056427
                ],
                [
                    0.0,
                    0.0,
                    0.0,
                    1.0
                ]
            ]
        },
        {
            "file_path": "/data/shapenet_blender/all_50_random/02958343/192bc73d5825bfc7bda72093f9b5aa73/r_39",
            "rotation": 0.12566370614359174,
            "transform_matrix": [
                [
                    -0.13519641757011414,
                    0.2398061603307724,
                    -0.9613609910011292,
                    -3.8753700256347656
                ],
                [
                    -0.9908189177513123,
                    -0.032721348106861115,
                    0.1311769038438797,
                    0.5287910103797913
                ],
                [
                    0.0,
                    0.9702692031860352,
                    0.24202826619148254,
                    0.9756471514701843
                ],
                [
                    0.0,
                    0.0,
                    0.0,
                    1.0
                ]
            ]
        },
        {
            "file_path": "/data/shapenet_blender/all_50_random/02958343/192bc73d5825bfc7bda72093f9b5aa73/r_40",
            "rotation": 0.12566370614359174,
            "transform_matrix": [
                [
                    0.9993808269500732,
                    -0.026974283158779144,
                    -0.02259443700313568,
                    -0.09108109772205353
                ],
                [
                    -0.03518694266676903,
                    -0.7661246061325073,
                    -0.6417280435562134,
                    -2.5868887901306152
                ],
                [
                    0.0,
                    0.64212566614151,
                    -0.7665992975234985,
                    -3.0902607440948486
                ],
                [
                    0.0,
                    0.0,
                    0.0,
                    1.0
                ]
            ]
        },
        {
            "file_path": "/data/shapenet_blender/all_50_random/02958343/192bc73d5825bfc7bda72093f9b5aa73/r_41",
            "rotation": 0.12566370614359174,
            "transform_matrix": [
                [
                    0.7847775816917419,
                    0.05263048782944679,
                    -0.6175389289855957,
                    -2.4893789291381836
                ],
                [
                    -0.6197776198387146,
                    0.06664200127124786,
                    -0.7819428443908691,
