{
    "class": "02958343",
    "model": "777365016f4b7febb623d8d239f6c6ae",
    "remove_doubles": true,
    "edge_split": true,
    "denoise": true,
    "camera_angle_x": 0.6911112070083618,
    "scale_factor": 2.346041160697206,
    "hdri_file": "/data/IndoorHDRDataset2018/9C4A3782-70b3083cee.exr",
    "center_offset": [
        0.0,
        0.0,
        0.0
    ],
    "lights": [],
    "frames": [
        {
            "file_path": "/data/shapenet_blender/all_50_random/02958343/777365016f4b7febb623d8d239f6c6ae/r_0",
            "rotation": 0.12566370614359174,
            "transform_matrix": [
                [
                    0.9932227730751038,
                    -0.10515110194683075,
                    0.04951496794819832,
                    0.19960123300552368
                ],
                [
                    0.11622601002454758,
                    0.8985808491706848,
                    -0.4231358468532562,
                    -1.705715298652649
                ],
                [
                    -3.725290076417309e-09,
                    0.4260231554508209,
                    0.9047122001647949,
                    3.6470117568969727
                ],
                [
                    0.0,
                    0.0,
                    0.0,
                    1.0
                ]
            ]
        },
        {
            "file_path": "/data/shapenet_blender/all_50_random/02958343/777365016f4b7febb623d8d239f6c6ae/r_1",
            "rotation": 0.12566370614359174,
            "transform_matrix": [
                [
                    0.5777336359024048,
                    0.03397814929485321,
                    -0.815517783164978,
                    -3.2874574661254883
                ],
                [
                    -0.8162254095077515,
                    0.024050122126936913,
                    -0.5772327780723572,
                    -2.326900005340576
                ],
                [
                    0.0,
                    0.9991331100463867,
                    0.0416283905506134,
                    0.16780942678451538
                ],
                [
                    0.0,
                    0.0,
                    0.0,
                    1.0
                ]
            ]
        },
        {
            "file_path": "/data/shapenet_blender/all_50_random/02958343/777365016f4b7febb623d8d239f6c6ae/r_2",
            "rotation": 0.12566370614359174,
            "transform_matrix": [
                [
                    0.036102913320064545,
                    -0.7441187500953674,
                    0.6670711040496826,
                    2.68904972076416
                ],
                [
                    0.9993481636047363,
                    0.02688237652182579,
                    -0.024098919704556465,
                    -0.09714585542678833
                ],
                [
                    1.862645371275562e-09,
                    0.6675062775611877,
                    0.7446041703224182,
                    3.0015954971313477
                ],
                [
                    0.0,
                    0.0,
                    0.0,
                    1.0
                ]
            ]
        },
        {
            "file_path": "/data/shapenet_blender/all_50_random/02958343/777365016f4b7febb623d8d239f6c6ae/r_3",
            "rotation": 0.12566370614359174,
            "transform_matrix": [
                [
                    0.8125942945480347,
                    -0.4918481111526489,
                    0.31269150972366333,
                    1.2604998350143433
                ],
                [
                    0.5828298330307007,
                    0.6857455372810364,
                    -0.43596145510673523,
                    -1.757416844367981
                ],
                [
                    0.0,
                    0.5365056991577148,
                    0.8438966870307922,
                    3.4018564224243164
                ],
                [
                    0.0,
                    0.0,
                    0.0,
                    1.0
                ]
            ]
        },
        {
            "file_path": "/data/shapenet_blender/all_50_random/02958343/777365016f4b7febb623d8d239f6c6ae/r_4",
            "rotation": 0.12566370614359174,
            "transform_matrix": [
                [
                    0.9938880801200867,
                    0.01679113879799843,
                    -0.10910774767398834,
                    -0.43982744216918945
                ],
                [
                    -0.11039222776889801,
                    0.15117469429969788,
                    -0.9823235869407654,
                    -3.9598731994628906
                ],
                [
                    0.0,
                    0.9883643984794617,
                    0.15210431814193726,
                    0.6131522059440613
                ],
                [
                    0.0,
                    0.0,
                    0.0,
                    1.0
                ]
            ]
        },
        {
            "file_path": "/data/shapenet_blender/all_50_random/02958343/777365016f4b7febb623d8d239f6c6ae/r_5",
            "rotation": 0.12566370614359174,
            "transform_matrix": [
                [
                    -0.3641906976699829,
                    0.6450884342193604,
                    0.6717337369918823,
                    2.7078452110290527
                ],
                [
                    0.9313243627548218,
                    0.2522592544555664,
                    0.2626788020133972,
                    1.0588921308517456
                ],
                [
                    0.0,
                    0.7212671637535095,
                    -0.6926569938659668,
                    -2.792189598083496
                ],
                [
                    0.0,
                    0.0,
                    0.0,
                    1.0
                ]
            ]
        },
        {
            "file_path": "/data/shapenet_blender/all_50_random/02958343/777365016f4b7febb623d8d239f6c6ae/r_6",
            "rotation": 0.12566370614359174,
            "transform_matrix": [
                [
                    -0.09561379253864288,
                    0.24744181334972382,
                    0.9641734957695007,
                    3.8867077827453613
                ],
                [
                    0.9954186081886292,
                    0.023767737671732903,
                    0.09261257946491241,
                    0.37333324551582336
                ],
                [
                    1.862645371275562e-09,
                    0.9686111211776733,
                    -0.2485807090997696,
                    -1.002060890197754
                ],
                [
                    0.0,
                    0.0,
                    0.0,
                    1.0
                ]
            ]
        },
        {
            "file_path": "/data/shapenet_blender/all_50_random/02958343/777365016f4b7febb623d8d239f6c6ae/r_7",
            "rotation": 0.12566370614359174,
            "transform_matrix": [
                [
                    -0.8402141332626343,
                    0.5296157598495483,
                    -0.11639344692230225,
                    -0.46919703483581543
                ],
                [
                    -0.5422548651695251,
                    -0.8206300735473633,
                    0.18034955859184265,
                    0.7270123958587646
                ],
                [
                    7.450581485102248e-09,
                    0.21464702486991882,
                    0.9766916036605835,
                    3.9371700286865234
                ],
                [
                    0.0,
                    0.0,
                    0.0,
                    1.0
                ]
            ]
        },
        {
            "file_path": "/data/shapenet_blender/all_50_random/02958343/777365016f4b7febb623d8d239f6c6ae/r_8",
            "rotation": 0.12566370614359174,
            "transform_matrix": [
                [
                    -0.2762428820133209,
                    -0.750069797039032,
                    0.6009036898612976,
                    2.4223203659057617
                ],
                [
                    0.9610878825187683,
                    -0.21559053659439087,
                    0.17271612584590912,
                    0.6962409615516663
                ],
                [
                    0.0,
                    0.6252328753471375,
                    0.780438244342804,
                    3.1460471153259277
                ],
                [
                    0.0,
                    0.0,
                    0.0,
                    1.0
                ]
            ]
        },
        {
            "file_path": "/data/shapenet_blender/all_50_random/02958343/777365016f4b7febb623d8d239f6c6ae/r_9",
            "rotation": 0.12566370614359174,
            "transform_matrix": [
                [
                    0.9159098267555237,
                    -0.31676021218299866,
                    -0.2465200275182724,
                    -0.9937540292739868
                ],
                [
                    -0.40138402581214905,
                    -0.7228084206581116,
                    -0.5625288486480713,
                    -2.2676262855529785
                ],
                [
                    1.4901160305669237e-08,
                    0.6141749620437622,
                    -0.78916996717453,
                    -3.181245803833008
                ],
                [
                    0.0,
                    0.0,
                    0.0,
                    1.0
                ]
            ]
        },
        {
            "file_path": "/data/shapenet_blender/all_50_random/02958343/777365016f4b7febb623d8d239f6c6ae/r_10",
            "rotation": 0.12566370614359174,
            "transform_matrix": [
                [
                    0.6842839121818542,
                    0.5246965885162354,
                    -0.5064079165458679,
                    -2.041395664215088
                ],
                [
                    -0.729215681552887,
                    0.49236658215522766,
                    -0.47520479559898376,
                    -1.915611743927002
                ],
                [
                    0.0,
                    0.6944555640220642,
                    0.7195355296134949,
                    2.900540590286255
                ],
                [
                    0.0,
                    0.0,
                    0.0,
                    1.0
                ]
            ]
        },
        {
            "file_path": "/data/shapenet_blender/all_50_random/02958343/777365016f4b7febb623d8d239f6c6ae/r_11",
            "rotation": 0.12566370614359174,
            "transform_matrix": [
                [
                    0.8806571960449219,
                    -0.007184771820902824,
                    -0.47369953989982605,
                    -1.9095439910888672
                ],
                [
                    -0.47375404834747314,
                    -0.013355708681046963,
                    -0.8805558681488037,
                    -3.5496344566345215
                ],
                [
                    0.0,
                    0.9998849630355835,
                    -0.015165614895522594,
                    -0.06113455444574356
                ],
                [
                    0.0,
                    0.0,
                    0.0,
                    1.0
                ]
            ]
        },
        {
            "file_path": "/data/shapenet_blender/all_50_random/02958343/777365016f4b7febb623d8d239f6c6ae/r_12",
            "rotation": 0.12566370614359174,
            "transform_matrix": [
                [
                    -0.8775821328163147,
                    0.006465681362897158,
                    0.47938281297683716,
                    1.932453989982605
                ],
                [
                    0.47942644357681274,
                    0.01183532178401947,
                    0.8775022625923157,
                    3.5373246669769287
                ],
                [
                    4.656612873077393e-10,
                    0.9999091029167175,
                    -0.013486283831298351,
                    -0.054364949464797974
                ],
                [
                    0.0,
                    0.0,
                    0.0,
                    1.0
                ]
            ]
        },
        {
            "file_path": "/data/shapenet_blender/all_50_random/02958343/777365016f4b7febb623d8d239f6c6ae/r_13",
            "rotation": 0.12566370614359174,
            "transform_matrix": [
                [
                    0.6907188892364502,
                    -0.054426103830337524,
                    0.721072256565094,
                    2.9067351818084717
                ],
                [
                    0.72312331199646,
                    0.051987174898386,
                    -0.6887597441673279,
                    -2.7764792442321777
                ],
                [
                    0.0,
                    0.9971635341644287,
                    0.0752653107047081,
                    0.30340418219566345
                ],
                [
                    0.0,
                    0.0,
                    0.0,
                    1.0
                ]
            ]
        },
        {
            "file_path": "/data/shapenet_blender/all_50_random/02958343/777365016f4b7febb623d8d239f6c6ae/r_14",
            "rotation": 0.12566370614359174,
            "transform_matrix": [
                [
                    -0.23010315001010895,
                    0.2519405782222748,
                    0.9399884939193726,
                    3.789215087890625
                ],
                [
                    0.973166286945343,
                    0.059570830315351486,
                    0.22225834429264069,
                    0.8959521055221558
                ],
                [
                    0.0,
                    0.9659074544906616,
                    -0.25888746976852417,
                    -1.0436089038848877
                ],
                [
                    0.0,
                    0.0,
                    0.0,
                    1.0
                ]
            ]
        },
        {
            "file_path": "/data/shapenet_blender/all_50_random/02958343/777365016f4b7febb623d8d239f6c6ae/r_15",
            "rotation": 0.12566370614359174,
            "transform_matrix": [
                [
                    0.11461548507213593,
                    0.5036956071853638,
                    -0.8562441468238831,
                    -3.4516305923461914
                ],
                [
                    -0.9934099912643433,
                    0.058114293962717056,
                    -0.09878987073898315,
                    -0.39823469519615173
                ],
                [
                    0.0,
                    0.8619243502616882,
                    0.5070369839668274,
                    2.043931484222412
                ],
                [
                    0.0,
                    0.0,
                    0.0,
                    1.0
                ]
            ]
        },
        {
            "file_path": "/data/shapenet_blender/all_50_random/02958343/777365016f4b7febb623d8d239f6c6ae/r_16",
            "rotation": 0.12566370614359174,
            "transform_matrix": [
                [
                    0.9942433834075928,
                    -0.0014240728924050927,
                    -0.10713552683591843,
                    -0.43187713623046875
                ],
                [
                    -0.10714498162269592,
                    -0.013214570470154285,
                    -0.9941555857658386,
                    -4.007569313049316
                ],
                [
                    0.0,
                    0.9999116659164429,
                    -0.013291082344949245,
                    -0.05357806757092476
                ],
                [
                    0.0,
                    0.0,
                    0.0,
                    1.0
                ]
            ]
        },
        {
            "file_path": "/data/shapenet_blender/all_50_random/02958343/777365016f4b7febb623d8d239f6c6ae/r_17",
            "rotation": 0.12566370614359174,
            "transform_matrix": [
                [
                    0.8529238700866699,
                    0.02737448178231716,
                    -0.5213172435760498,
                    -2.101496934890747
                ],
                [
                    -0.5220354795455933,
                    0.04472559317946434,
                    -0.8517503142356873,
                    -3.4335153102874756
                ],
                [
                    0.0,
                    0.9986240863800049,
                    0.052437976002693176,
                    0.21138423681259155
                ],
                [
                    0.0,
                    0.0,
                    0.0,
                    1.0
                ]
            ]
        },
        {
            "file_path": "/data/shapenet_blender/all_50_random/02958343/777365016f4b7febb623d8d239f6c6ae/r_18",
            "rotation": 0.12566370614359174,
            "transform_matrix": [
                [
                    0.5808862447738647,
                    -0.09886956959962845,
                    0.8079579472541809,
                    3.2569825649261475
                ],
                [
                    0.8139848113059998,
                    0.07055656611919403,
                    -0.5765852928161621,
                    -2.324289560317993
                ],
                [
                    0.0,
                    0.9925958514213562,
                    0.12146367877721786,
                    0.48963576555252075
                ],
                [
                    0.0,
                    0.0,
                    0.0,
                    1.0
                ]
            ]
        },
        {
            "file_path": "/data/shapenet_blender/all_50_random/02958343/777365016f4b7febb623d8d239f6c6ae/r_19",
            "rotation": 0.12566370614359174,
            "transform_matrix": [
                [
                    -0.8926870822906494,
                    0.010154718533158302,
                    -0.4505627453327179,
                    -1.8162763118743896
                ],
                [
                    -0.45067715644836426,
                    -0.020114148035645485,
                    0.8924604654312134,
                    3.597622871398926
                ],
                [
                    -9.313224635931761e-10,
                    0.9997461438179016,
                    0.022532137110829353,
                    0.09082993865013123
                ],
                [
                    0.0,
                    0.0,
                    0.0,
                    1.0
                ]
            ]
        },
        {
            "file_path": "/data/shapenet_blender/all_50_random/02958343/777365016f4b7febb623d8d239f6c6ae/r_20",
            "rotation": 0.12566370614359174,
            "transform_matrix": [
                [
                    0.9187029600143433,
                    -0.27761006355285645,
                    0.28092271089553833,
                    1.13243567943573
                ],
                [
                    0.394949346780777,
                    0.645756721496582,
                    -0.6534624099731445,
                    -2.6341912746429443
                ],
                [
                    1.4901162970204496e-08,
                    0.7112880945205688,
                    0.7029005289077759,
                    2.8334827423095703
                ],
                [
                    0.0,
                    0.0,
                    0.0,
                    1.0
                ]
            ]
        },
        {
            "file_path": "/data/shapenet_blender/all_50_random/02958343/777365016f4b7febb623d8d239f6c6ae/r_21",
            "rotation": 0.12566370614359174,
            "transform_matrix": [
                [
                    0.9135405421257019,
                    0.08419712632894516,
                    -0.3979378342628479,
                    -1.6041388511657715
                ],
                [
                    -0.4067476987838745,
                    0.18910369277000427,
                    -0.8937538862228394,
                    -3.602837324142456
                ],
                [
                    7.450580596923828e-09,
                    0.978340744972229,
                    0.20700089633464813,
                    0.8344473838806152
                ],
                [
                    0.0,
                    0.0,
                    0.0,
                    1.0
                ]
            ]
        },
        {
            "file_path": "/data/shapenet_blender/all_50_random/02958343/777365016f4b7febb623d8d239f6c6ae/r_22",
            "rotation": 0.12566370614359174,
            "transform_matrix": [
                [
                    0.9153410196304321,
                    -0.2042333483695984,
                    0.3470440208911896,
                    1.3989793062210083
                ],
                [
                    0.40267956256866455,
                    0.4642479121685028,
                    -0.7888744473457336,
                    -3.1800549030303955
                ],
                [
                    1.4901161193847656e-08,
                    0.8618366718292236,
                    0.5071857571601868,
                    2.0445313453674316
                ],
                [
                    0.0,
                    0.0,
                    0.0,
                    1.0
                ]
            ]
        },
        {
            "file_path": "/data/shapenet_blender/all_50_random/02958343/777365016f4b7febb623d8d239f6c6ae/r_23",
            "rotation": 0.12566370614359174,
            "transform_matrix": [
                [
                    0.876227080821991,
                    -0.06441585719585419,
                    -0.4775737226009369,
                    -1.9251612424850464
                ],
                [
                    -0.48189839720726013,
                    -0.11712618172168732,
                    -0.868363618850708,
                    -3.50048565864563
                ],
                [
                    3.725290298461914e-09,
                    0.9910257458686829,
                    -0.13367103040218353,
                    -0.5388451814651489
                ],
                [
                    0.0,
                    0.0,
                    0.0,
                    1.0
                ]
            ]
        },
        {
            "file_path": "/data/shapenet_blender/all_50_random/02958343/777365016f4b7febb623d8d239f6c6ae/r_24",
            "rotation": 0.12566370614359174,
            "transform_matrix": [
                [
                    -0.9204970002174377,
                    0.02721276879310608,
                    -0.3898008465766907,
                    -1.5713374614715576
                ],
                [
                    -0.3907495439052582,
                    -0.06410569697618484,
                    0.9182620644569397,
                    3.7016327381134033
                ],
                [
                    -1.8626450382086546e-09,
                    0.9975719451904297,
                    0.06964248418807983,
                    0.28073784708976746
                ],
                [
                    0.0,
                    0.0,
                    0.0,
                    1.0
                ]
            ]
        },
        {
            "file_path": "/data/shapenet_blender/all_50_random/02958343/777365016f4b7febb623d8d239f6c6ae/r_25",
            "rotation": 0.12566370614359174,
            "transform_matrix": [
                [
                    -0.18819841742515564,
                    -0.5564653873443604,
                    0.8092759251594543,
                    3.262295961380005
                ],
                [
                    0.9821310043334961,
                    -0.10663130134344101,
                    0.15507549047470093,
                    0.6251293420791626
                ],
                [
                    0.0,
                    0.8240000009536743,
                    0.5665896534919739,
                    2.283996105194092
                ],
                [
                    0.0,
                    0.0,
                    0.0,
                    1.0
                ]
            ]
        },
        {
            "file_path": "/data/shapenet_blender/all_50_random/02958343/777365016f4b7febb623d8d239f6c6ae/r_26",
            "rotation": 0.12566370614359174,
            "transform_matrix": [
                [
                    -0.3749803602695465,
                    0.215053990483284,
                    -0.9017436504364014,
                    -3.635044813156128
                ],
                [
                    -0.9270327687263489,
                    -0.08698832243680954,
                    0.36475104093551636,
                    1.4703584909439087
                ],
                [
                    0.0,
                    0.9727202653884888,
                    0.23198099434375763,
                    0.9351453185081482
                ],
                [
                    0.0,
                    0.0,
                    0.0,
                    1.0
                ]
            ]
        },
        {
            "file_path": "/data/shapenet_blender/all_50_random/02958343/777365016f4b7febb623d8d239f6c6ae/r_27",
            "rotation": 0.12566370614359174,
            "transform_matrix": [
                [
                    0.9576210379600525,
                    -0.24943922460079193,
                    -0.144020676612854,
                    -0.5805659890174866
                ],
                [
                    -0.2880310118198395,
                    -0.8293142914772034,
                    -0.47882768511772156,
                    -1.9302163124084473
                ],
                [
                    0.0,
                    0.5000179409980774,
                    -0.8660149574279785,
                    -3.491018295288086
                ],
                [
                    0.0,
                    0.0,
                    0.0,
                    1.0
                ]
            ]
        },
        {
            "file_path": "/data/shapenet_blender/all_50_random/02958343/777365016f4b7febb623d8d239f6c6ae/r_28",
            "rotation": 0.12566370614359174,
            "transform_matrix": [
                [
                    0.38175085186958313,
                    -0.2881816029548645,
                    -0.8781899809837341,
                    -3.5400969982147217
                ],
                [
                    -0.9242652058601379,
                    -0.11902815103530884,
                    -0.3627203404903412,
                    -1.462172508239746
                ],
                [
                    0.0,
                    0.9501492381095886,
                    -0.31179535388946533,
                    -1.2568873167037964
                ],
                [
                    0.0,
                    0.0,
                    0.0,
                    1.0
                ]
            ]
        },
        {
            "file_path": "/data/shapenet_blender/all_50_random/02958343/777365016f4b7febb623d8d239f6c6ae/r_29",
            "rotation": 0.12566370614359174,
            "transform_matrix": [
                [
                    -0.31528979539871216,
                    -0.06788214296102524,
                    0.9465645551681519,
                    3.815723419189453
                ],
                [
                    0.9489955306053162,
                    -0.022552844136953354,
                    0.3144821226596832,
                    1.2677178382873535
                ],
                [
                    1.862645149230957e-09,
                    0.9974384903907776,
                    0.0715305283665657,
                    0.2883487343788147
                ],
                [
                    0.0,
                    0.0,
                    0.0,
                    1.0
                ]
            ]
        },
        {
            "file_path": "/data/shapenet_blender/all_50_random/02958343/777365016f4b7febb623d8d239f6c6ae/r_30",
            "rotation": 0.12566370614359174,
            "transform_matrix": [
                [
                    0.903238832950592,
                    -0.05236020311713219,
                    -0.42593204975128174,
                    -1.716987133026123
                ],
                [
                    -0.4291383922100067,
                    -0.11020632833242416,
                    -0.896490216255188,
                    -3.613867998123169
                ],
                [
                    3.725290298461914e-09,
                    0.9925285577774048,
                    -0.12201239913702011,
                    -0.4918477535247803
                ],
                [
                    0.0,
                    0.0,
                    0.0,
                    1.0
                ]
            ]
        },
        {
            "file_path": "/data/shapenet_blender/all_50_random/02958343/777365016f4b7febb623d8d239f6c6ae/r_31",
            "rotation": 0.12566370614359174,
            "transform_matrix": [
                [
                    -0.6617452502250671,
                    0.1602545529603958,
                    0.7324013710021973,
                    2.952404260635376
                ],
                [
                    0.7497288584709167,
                    0.14144805073738098,
                    0.6464512348175049,
                    2.6059281826019287
                ],
                [
                    7.450581485102248e-09,
                    0.9768882989883423,
                    -0.21375003457069397,
                    -0.8616539239883423
                ],
                [
                    0.0,
                    0.0,
                    0.0,
                    1.0
                ]
            ]
        },
        {
            "file_path": "/data/shapenet_blender/all_50_random/02958343/777365016f4b7febb623d8d239f6c6ae/r_32",
            "rotation": 0.12566370614359174,
            "transform_matrix": [
                [
                    0.8146257400512695,
                    -0.0241598729044199,
                    -0.5794836282730103,
                    -2.335973024368286
                ],
                [
                    -0.5799870491027832,
                    -0.03393395617604256,
                    -0.8139187097549438,
                    -3.281010866165161
                ],
                [
                    0.0,
                    0.999131977558136,
                    -0.04165588691830635,
                    -0.16792023181915283
                ],
                [
                    0.0,
                    0.0,
                    0.0,
                    1.0
                ]
            ]
        },
        {
            "file_path": "/data/shapenet_blender/all_50_random/02958343/777365016f4b7febb623d8d239f6c6ae/r_33",
            "rotation": 0.12566370614359174,
            "transform_matrix": [
                [
                    0.714756965637207,
                    0.1310538947582245,
                    -0.6869840621948242,
                    -2.7693216800689697
                ],
                [
                    -0.6993727684020996,
                    0.13393671810626984,
                    -0.7020957469940186,
                    -2.8302388191223145
                ],
                [
                    7.450580596923828e-09,
                    0.9822859764099121,
                    0.18738773465156555,
                    0.7553842067718506
                ],
                [
                    0.0,
                    0.0,
                    0.0,
                    1.0
                ]
            ]
        },
        {
            "file_path": "/data/shapenet_blender/all_50_random/02958343/777365016f4b7febb623d8d239f6c6ae/r_34",
            "rotation": 0.12566370614359174,
            "transform_matrix": [
                [
                    -0.3810676634311676,
                    -0.021401410922408104,
                    -0.9242993593215942,
                    -3.7259700298309326
                ],
                [
                    -0.9245471358299255,
                    0.008820951916277409,
                    0.38096553087234497,
                    1.5357213020324707
                ],
                [
                    9.313225191043273e-10,
                    0.9997320771217346,
                    -0.02314799092710018,
                    -0.09331254661083221
                ],
                [
                    0.0,
                    0.0,
                    0.0,
                    1.0
                ]
            ]
        },
        {
            "file_path": "/data/shapenet_blender/all_50_random/02958343/777365016f4b7febb623d8d239f6c6ae/r_35",
            "rotation": 0.12566370614359174,
            "transform_matrix": [
                [
                    0.9698290824890137,
                    -0.022994322702288628,
                    0.24269883334636688,
                    0.9783502221107483
                ],
                [
                    0.24378567934036255,
                    0.09147609770298004,
                    -0.9655053615570068,
                    -3.8920764923095703
                ],
                [
                    0.0,
                    0.9955416917800903,
                    0.09432188421487808,
                    0.38022366166114807
                ],
                [
                    0.0,
                    0.0,
                    0.0,
                    1.0
                ]
            ]
        },
        {
            "file_path": "/data/shapenet_blender/all_50_random/02958343/777365016f4b7febb623d8d239f6c6ae/r_36",
            "rotation": 0.12566370614359174,
            "transform_matrix": [
                [
                    0.43414345383644104,
                    -0.20792071521282196,
                    0.8765206336975098,
                    3.53336763381958
                ],
                [
                    0.9008437395095825,
                    0.10020319372415543,
                    -0.4224214255809784,
                    -1.702835202217102
                ],
                [
                    0.0,
                    0.972999632358551,
                    0.2308066487312317,
                    0.9304113388061523
                ],
                [
                    0.0,
                    0.0,
                    0.0,
                    1.0
                ]
            ]
        },
        {
            "file_path": "/data/shapenet_blender/all_50_random/02958343/777365016f4b7febb623d8d239f6c6ae/r_37",
            "rotation": 0.12566370614359174,
            "transform_matrix": [
                [
                    0.7331019043922424,
                    -0.43280893564224243,
                    -0.5246312022209167,
                    -2.114856243133545
                ],
                [
                    -0.6801188588142395,
                    -0.4665259122848511,
                    -0.5655013918876648,
                    -2.279609203338623
                ],
                [
                    0.0,
                    0.7713818550109863,
                    -0.6363725066184998,
                    -2.5652999877929688
                ],
                [
                    0.0,
                    0.0,
                    0.0,
                    1.0
                ]
            ]
        },
        {
            "file_path": "/data/shapenet_blender/all_50_random/02958343/777365016f4b7febb623d8d239f6c6ae/r_38",
            "rotation": 0.12566370614359174,
            "transform_matrix": [
                [
                    -0.5753010511398315,
                    -0.8102300763130188,
                    0.11205319315195084,
                    0.4517008662223816
                ],
                [
                    0.8179418444633484,
                    -0.5698769092559814,
                    0.07881283015012741,
                    0.3177046775817871
                ],
                [
                    7.450581485102248e-09,
                    0.1369938999414444,
                    0.9905718564987183,
                    3.9931228160858154
                ],
                [
                    0.0,
                    0.0,
                    0.0,
                    1.0
                ]
            ]
        },
        {
            "file_path": "/data/shapenet_blender/all_50_random/02958343/777365016f4b7febb623d8d239f6c6ae/r_39",
            "rotation": 0.12566370614359174,
            "transform_matrix": [
                [
                    -0.23846286535263062,
                    -0.2131742238998413,
                    0.9474661946296692,
                    3.8193583488464355
                ],
                [
                    0.97115159034729,
                    -0.0523441806435585,
                    0.23264700174331665,
                    0.9378300905227661
                ],
                [
                    0.0,
                    0.9756109714508057,
                    0.2195066511631012,
                    0.8848596215248108
                ],
                [
                    0.0,
                    0.0,
                    0.0,
                    1.0
                ]
            ]
        },
        {
            "file_path": "/data/shapenet_blender/all_50_random/02958343/777365016f4b7febb623d8d239f6c6ae/r_40",
            "rotation": 0.12566370614359174,
            "transform_matrix": [
                [
                    0.976877748966217,
                    -0.02475714683532715,
                    0.21236036717891693,
                    0.8560519218444824
                ],
                [
                    0.21379856765270233,
                    0.11311911046504974,
                    -0.9703063368797302,
                    -3.9114294052124023
                ],
                [
                    1.8626449271863521e-09,
                    0.9932729005813599,
                    0.11579661816358566,
                    0.466791033744812
                ],
                [
                    0.0,
                    0.0,
                    0.0,
                    1.0
                ]
            ]
        },
        {
            "file_path": "/data/shapenet_blender/all_50_random/02958343/777365016f4b7febb623d8d239f6c6ae/r_41",
            "rotation": 0.12566370614359174,
            "transform_matrix": [
                [
                    -0.9756421446800232,
                    -0.03203421086072922,
                    -0.21701674163341522,
                    -0.8748224973678589
                ],
                [
                    -0.21936830878257751,
                    0.14247238636016846,
                    0.9651834964752197,
                    3.8907790184020996
                ],
                [
