{
    "class": "02958343",
    "model": "7022a37dd7fc841ce98e65cfc071e8a0",
    "remove_doubles": true,
    "edge_split": true,
    "denoise": true,
    "camera_angle_x": 0.6911112070083618,
    "scale_factor": 2.2620647179210467,
    "hdri_file": "/data/IndoorHDRDataset2018/9C4A4601-018309e12a.exr",
    "center_offset": [
        0.0,
        -1.862645149230957e-09,
        0.0
    ],
    "lights": [],
    "frames": [
        {
            "file_path": "/data/shapenet_blender/all_50_random/02958343/7022a37dd7fc841ce98e65cfc071e8a0/r_0",
            "rotation": 0.12566370614359174,
            "transform_matrix": [
                [
                    -0.310118168592453,
                    0.38188302516937256,
                    -0.8706272840499878,
                    -3.509611129760742
                ],
                [
                    -0.9506980776786804,
                    -0.12457044422626495,
                    0.2839990556240082,
                    1.1448369026184082
                ],
                [
                    -7.450581485102248e-09,
                    0.9157770276069641,
                    0.4016869366168976,
                    1.6192519664764404
                ],
                [
                    0.0,
                    0.0,
                    0.0,
                    1.0
                ]
            ]
        },
        {
            "file_path": "/data/shapenet_blender/all_50_random/02958343/7022a37dd7fc841ce98e65cfc071e8a0/r_1",
            "rotation": 0.12566370614359174,
            "transform_matrix": [
                [
                    -0.79388427734375,
                    -0.06075797975063324,
                    -0.6050258278846741,
                    -2.438937187194824
                ],
                [
                    -0.6080689430236816,
                    0.07932457327842712,
                    0.7899112701416016,
                    3.184234142303467
                ],
                [
                    0.0,
                    0.9949955940246582,
                    -0.09991956502199173,
                    -0.4027886390686035
                ],
                [
                    0.0,
                    0.0,
                    0.0,
                    1.0
                ]
            ]
        },
        {
            "file_path": "/data/shapenet_blender/all_50_random/02958343/7022a37dd7fc841ce98e65cfc071e8a0/r_2",
            "rotation": 0.12566370614359174,
            "transform_matrix": [
                [
                    0.8952354192733765,
                    0.21792647242546082,
                    -0.38866642117500305,
                    -1.5667645931243896
                ],
                [
                    -0.4455934464931488,
                    0.43783292174339294,
                    -0.7808640599250793,
                    -3.147763967514038
                ],
                [
                    0.0,
                    0.8722444772720337,
                    0.4890701174736023,
                    1.971504807472229
                ],
                [
                    0.0,
                    0.0,
                    0.0,
                    1.0
                ]
            ]
        },
        {
            "file_path": "/data/shapenet_blender/all_50_random/02958343/7022a37dd7fc841ce98e65cfc071e8a0/r_3",
            "rotation": 0.12566370614359174,
            "transform_matrix": [
                [
                    0.3709765672683716,
                    0.5875847339630127,
                    0.7191108465194702,
                    2.8988287448883057
                ],
                [
                    0.9286422729492188,
                    -0.23472997546195984,
                    -0.2872723937034607,
                    -1.1580321788787842
                ],
                [
                    -1.4901161193847656e-08,
                    0.7743680477142334,
                    -0.6327352523803711,
                    -2.550637722015381
                ],
                [
                    0.0,
                    0.0,
                    0.0,
                    1.0
                ]
            ]
        },
        {
            "file_path": "/data/shapenet_blender/all_50_random/02958343/7022a37dd7fc841ce98e65cfc071e8a0/r_4",
            "rotation": 0.12566370614359174,
            "transform_matrix": [
                [
                    -0.6873740553855896,
                    -0.6536242961883545,
                    -0.31668928265571594,
                    -1.2766153812408447
                ],
                [
                    -0.7263034582138062,
                    0.6185904145240784,
                    0.29971492290496826,
                    1.2081894874572754
                ],
                [
                    0.0,
                    0.4360288977622986,
                    -0.8999326825141907,
                    -3.627744674682617
                ],
                [
                    0.0,
                    0.0,
                    0.0,
                    1.0
                ]
            ]
        },
        {
            "file_path": "/data/shapenet_blender/all_50_random/02958343/7022a37dd7fc841ce98e65cfc071e8a0/r_5",
            "rotation": 0.12566370614359174,
            "transform_matrix": [
                [
                    0.954439640045166,
                    -0.026714643463492393,
                    -0.29720616340637207,
                    -1.1980763673782349
                ],
                [
                    -0.29840442538261414,
                    -0.08544617146253586,
                    -0.9506070613861084,
                    -3.832019567489624
                ],
                [
                    0.0,
                    0.9959846138954163,
                    -0.08952496945858002,
                    -0.36088669300079346
                ],
                [
                    0.0,
                    0.0,
                    0.0,
                    1.0
                ]
            ]
        },
        {
            "file_path": "/data/shapenet_blender/all_50_random/02958343/7022a37dd7fc841ce98e65cfc071e8a0/r_6",
            "rotation": 0.12566370614359174,
            "transform_matrix": [
                [
                    0.9983325004577637,
                    0.03947148472070694,
                    0.04212102293968201,
                    0.16979527473449707
                ],
                [
                    0.057725030928850174,
                    -0.6826443672180176,
                    -0.7284671068191528,
                    -2.936544895172119
                ],
                [
                    0.0,
                    0.7296837568283081,
                    -0.6837846636772156,
                    -2.7564241886138916
                ],
                [
                    0.0,
                    0.0,
                    0.0,
                    1.0
                ]
            ]
        },
        {
            "file_path": "/data/shapenet_blender/all_50_random/02958343/7022a37dd7fc841ce98e65cfc071e8a0/r_7",
            "rotation": 0.12566370614359174,
            "transform_matrix": [
                [
                    0.9131031036376953,
                    -0.041129495948553085,
                    0.40564897656440735,
                    1.6352235078811646
                ],
                [
                    0.40772879123687744,
                    0.09210895001888275,
                    -0.908445417881012,
                    -3.6620607376098633
                ],
                [
                    3.725290298461914e-09,
                    0.9948990345001221,
                    0.1008746549487114,
                    0.4066387712955475
                ],
                [
                    0.0,
                    0.0,
                    0.0,
                    1.0
                ]
            ]
        },
        {
            "file_path": "/data/shapenet_blender/all_50_random/02958343/7022a37dd7fc841ce98e65cfc071e8a0/r_8",
            "rotation": 0.12566370614359174,
            "transform_matrix": [
                [
                    0.7021126747131348,
                    -0.05702655017375946,
                    0.7097787261009216,
                    2.8612096309661865
                ],
                [
                    0.7120659351348877,
                    0.05622943118214607,
                    -0.6998574137687683,
                    -2.8212153911590576
                ],
                [
                    0.0,
                    0.9967879056930542,
                    0.08008605986833572,
                    0.322837233543396
                ],
                [
                    0.0,
                    0.0,
                    0.0,
                    1.0
                ]
            ]
        },
        {
            "file_path": "/data/shapenet_blender/all_50_random/02958343/7022a37dd7fc841ce98e65cfc071e8a0/r_9",
            "rotation": 0.12566370614359174,
            "transform_matrix": [
                [
                    0.5300400257110596,
                    0.6070078611373901,
                    0.5921139717102051,
                    2.386888027191162
                ],
                [
                    0.8479726314544678,
                    -0.37942081689834595,
                    -0.3701111078262329,
                    -1.4919657707214355
                ],
                [
                    1.4901161193847656e-08,
                    0.6982701420783997,
                    -0.7158342003822327,
                    -2.8856201171875
                ],
                [
                    0.0,
                    0.0,
                    0.0,
                    1.0
                ]
            ]
        },
        {
            "file_path": "/data/shapenet_blender/all_50_random/02958343/7022a37dd7fc841ce98e65cfc071e8a0/r_10",
            "rotation": 0.12566370614359174,
            "transform_matrix": [
                [
                    -0.9981688261032104,
                    0.01760270819067955,
                    0.05787196382880211,
                    0.23328936100006104
                ],
                [
                    0.06048983708024025,
                    0.29046985507011414,
                    0.9549701809883118,
                    3.8496081829071045
                ],
                [
                    1.862645371275562e-09,
                    0.9567221403121948,
                    -0.29100272059440613,
                    -1.1730695962905884
                ],
                [
                    0.0,
                    0.0,
                    0.0,
                    1.0
                ]
            ]
        },
        {
            "file_path": "/data/shapenet_blender/all_50_random/02958343/7022a37dd7fc841ce98e65cfc071e8a0/r_11",
            "rotation": 0.12566370614359174,
            "transform_matrix": [
                [
                    0.8113153576850891,
                    0.14649207890033722,
                    0.5659571886062622,
                    2.281446695327759
                ],
                [
                    0.5846089124679565,
                    -0.20330047607421875,
                    -0.7854306101799011,
                    -3.1661722660064697
                ],
                [
                    0.0,
                    0.9680954813957214,
                    -0.2505813241004944,
                    -1.010125756263733
                ],
                [
                    0.0,
                    0.0,
                    0.0,
                    1.0
                ]
            ]
        },
        {
            "file_path": "/data/shapenet_blender/all_50_random/02958343/7022a37dd7fc841ce98e65cfc071e8a0/r_12",
            "rotation": 0.12566370614359174,
            "transform_matrix": [
                [
                    -0.24467402696609497,
                    0.1850021332502365,
                    0.9517924189567566,
                    3.8367979526519775
                ],
                [
                    0.9696053862571716,
                    0.04668416082859039,
                    0.24017903208732605,
                    0.9681926369667053
                ],
                [
                    3.725290076417309e-09,
                    0.9816286563873291,
                    -0.1908014565706253,
                    -0.7691452503204346
                ],
                [
                    0.0,
                    0.0,
                    0.0,
                    1.0
                ]
            ]
        },
        {
            "file_path": "/data/shapenet_blender/all_50_random/02958343/7022a37dd7fc841ce98e65cfc071e8a0/r_13",
            "rotation": 0.12566370614359174,
            "transform_matrix": [
                [
                    0.37170255184173584,
                    -0.20215913653373718,
                    0.9060733318328857,
                    3.652498483657837
                ],
                [
                    0.928351879119873,
                    0.08094244450330734,
                    -0.36278244853019714,
                    -1.4624228477478027
                ],
                [
                    -7.450580152834618e-09,
                    0.976002037525177,
                    0.2177613228559494,
                    0.8778239488601685
                ],
                [
                    0.0,
                    0.0,
                    0.0,
                    1.0
                ]
            ]
        },
        {
            "file_path": "/data/shapenet_blender/all_50_random/02958343/7022a37dd7fc841ce98e65cfc071e8a0/r_14",
            "rotation": 0.12566370614359174,
            "transform_matrix": [
                [
                    -0.645973801612854,
                    0.6864829659461975,
                    0.33385467529296875,
                    1.345811128616333
                ],
                [
                    0.7633596062660217,
                    0.5809188485145569,
                    0.28251609206199646,
                    1.138858675956726
                ],
                [
                    1.4901161193847656e-08,
                    0.43734899163246155,
                    -0.8992918133735657,
                    -3.6251609325408936
                ],
                [
                    0.0,
                    0.0,
                    0.0,
                    1.0
                ]
            ]
        },
        {
            "file_path": "/data/shapenet_blender/all_50_random/02958343/7022a37dd7fc841ce98e65cfc071e8a0/r_15",
            "rotation": 0.12566370614359174,
            "transform_matrix": [
                [
                    0.8017345666885376,
                    -0.12295732647180557,
                    0.5848957896232605,
                    2.357790470123291
                ],
                [
                    0.5976802110671997,
                    0.16493625938892365,
                    -0.7845854163169861,
                    -3.1627652645111084
                ],
                [
                    0.0,
                    0.9786099791526794,
                    0.20572423934936523,
                    0.8293009996414185
                ],
                [
                    0.0,
                    0.0,
                    0.0,
                    1.0
                ]
            ]
        },
        {
            "file_path": "/data/shapenet_blender/all_50_random/02958343/7022a37dd7fc841ce98e65cfc071e8a0/r_16",
            "rotation": 0.12566370614359174,
            "transform_matrix": [
                [
                    0.9828537106513977,
                    -0.02595154009759426,
                    -0.1825515478849411,
                    -0.7358888387680054
                ],
                [
                    -0.1843869537115097,
                    -0.13833172619342804,
                    -0.9730702638626099,
                    -3.9225716590881348
                ],
                [
                    0.0,
                    0.9900459051132202,
                    -0.14074498414993286,
                    -0.5673611760139465
                ],
                [
                    0.0,
                    0.0,
                    0.0,
                    1.0
                ]
            ]
        },
        {
            "file_path": "/data/shapenet_blender/all_50_random/02958343/7022a37dd7fc841ce98e65cfc071e8a0/r_17",
            "rotation": 0.12566370614359174,
            "transform_matrix": [
                [
                    0.6981565356254578,
                    -0.3682841658592224,
                    0.6139577627182007,
                    2.474943161010742
                ],
                [
                    0.7159451842308044,
                    0.35913366079330444,
                    -0.598703145980835,
                    -2.413449764251709
                ],
                [
                    -1.4901162970204496e-08,
                    0.8575485944747925,
                    0.5144027471542358,
                    2.0736241340637207
                ],
                [
                    0.0,
                    0.0,
                    0.0,
                    1.0
                ]
            ]
        },
        {
            "file_path": "/data/shapenet_blender/all_50_random/02958343/7022a37dd7fc841ce98e65cfc071e8a0/r_18",
            "rotation": 0.12566370614359174,
            "transform_matrix": [
                [
                    -0.44475579261779785,
                    -0.31439629197120667,
                    -0.8386579751968384,
                    -3.3807384967803955
                ],
                [
                    -0.8956519365310669,
                    0.1561204493045807,
                    0.4164541959762573,
                    1.6787805557250977
                ],
                [
                    0.0,
                    0.9363661408424377,
                    -0.3510250747203827,
                    -1.415027379989624
                ],
                [
                    0.0,
                    0.0,
                    0.0,
                    1.0
                ]
            ]
        },
        {
            "file_path": "/data/shapenet_blender/all_50_random/02958343/7022a37dd7fc841ce98e65cfc071e8a0/r_19",
            "rotation": 0.12566370614359174,
            "transform_matrix": [
                [
                    -0.5349047183990479,
                    0.18779806792736053,
                    0.8237771987915039,
                    3.3207521438598633
                ],
                [
                    0.8449124693870544,
                    0.11889287084341049,
                    0.52152419090271,
                    2.1023311614990234
                ],
                [
                    0.0,
                    0.9749851822853088,
                    -0.22226928174495697,
                    -0.8959961533546448
                ],
                [
                    0.0,
                    0.0,
                    0.0,
                    1.0
                ]
            ]
        },
        {
            "file_path": "/data/shapenet_blender/all_50_random/02958343/7022a37dd7fc841ce98e65cfc071e8a0/r_20",
            "rotation": 0.12566370614359174,
            "transform_matrix": [
                [
                    -0.8976225852966309,
                    -0.17332379519939423,
                    -0.4052562713623047,
                    -1.6336402893066406
                ],
                [
                    -0.44076502323150635,
                    0.3529756963253021,
                    0.825308620929718,
                    3.32692551612854
                ],
                [
                    0.0,
                    0.919438362121582,
                    -0.3932339549064636,
                    -1.5851768255233765
                ],
                [
                    0.0,
                    0.0,
                    0.0,
                    1.0
                ]
            ]
        },
        {
            "file_path": "/data/shapenet_blender/all_50_random/02958343/7022a37dd7fc841ce98e65cfc071e8a0/r_21",
            "rotation": 0.12566370614359174,
            "transform_matrix": [
                [
                    -0.7626280784606934,
                    -0.09903554618358612,
                    0.6392107605934143,
                    2.5767409801483154
                ],
                [
                    0.6468372941017151,
                    -0.11676396429538727,
                    0.7536363005638123,
                    3.0380051136016846
                ],
                [
                    0.0,
                    0.9882096648216248,
                    0.15310734510421753,
                    0.6171954274177551
                ],
                [
                    0.0,
                    0.0,
                    0.0,
                    1.0
                ]
            ]
        },
        {
            "file_path": "/data/shapenet_blender/all_50_random/02958343/7022a37dd7fc841ce98e65cfc071e8a0/r_22",
            "rotation": 0.12566370614359174,
            "transform_matrix": [
                [
                    0.30698639154434204,
                    -0.1414378434419632,
                    0.9411454200744629,
                    3.7938783168792725
                ],
                [
                    0.9517138600349426,
                    0.04562242701649666,
                    -0.3035774230957031,
                    -1.223759651184082
                ],
                [
                    0.0,
                    0.9888952374458313,
                    0.1486138254404068,
                    0.5990814566612244
                ],
                [
                    0.0,
                    0.0,
                    0.0,
                    1.0
                ]
            ]
        },
        {
            "file_path": "/data/shapenet_blender/all_50_random/02958343/7022a37dd7fc841ce98e65cfc071e8a0/r_23",
            "rotation": 0.12566370614359174,
            "transform_matrix": [
                [
                    0.13728009164333344,
                    -0.7194744348526001,
                    0.6808162331581116,
                    2.744457960128784
                ],
                [
                    0.9905322194099426,
                    0.09971357882022858,
                    -0.09435585886240005,
                    -0.3803606331348419
                ],
                [
                    7.450580152834618e-09,
                    0.6873236894607544,
                    0.726351261138916,
                    2.92801570892334
                ],
                [
                    0.0,
                    0.0,
                    0.0,
                    1.0
                ]
            ]
        },
        {
            "file_path": "/data/shapenet_blender/all_50_random/02958343/7022a37dd7fc841ce98e65cfc071e8a0/r_24",
            "rotation": 0.12566370614359174,
            "transform_matrix": [
                [
                    -0.3471158742904663,
                    -0.4060504138469696,
                    0.8453600406646729,
                    3.4077553749084473
                ],
                [
                    0.9378222227096558,
                    -0.1502913236618042,
                    0.312892884016037,
                    1.2613115310668945
                ],
                [
                    0.0,
                    0.9014074802398682,
                    0.43297165632247925,
                    1.7453645467758179
                ],
                [
                    0.0,
                    0.0,
                    0.0,
                    1.0
                ]
            ]
        },
        {
            "file_path": "/data/shapenet_blender/all_50_random/02958343/7022a37dd7fc841ce98e65cfc071e8a0/r_25",
            "rotation": 0.12566370614359174,
            "transform_matrix": [
                [
                    -0.9999984502792358,
                    0.00016451576084364206,
                    0.0017525439616292715,
                    0.007064729928970337
                ],
                [
                    0.0017602486768737435,
                    0.09346151351928711,
                    0.995621383190155,
                    4.013477802276611
                ],
                [
                    0.0,
                    0.9956228733062744,
                    -0.09346166253089905,
                    -0.376755952835083
                ],
                [
                    0.0,
                    0.0,
                    0.0,
                    1.0
                ]
            ]
        },
        {
            "file_path": "/data/shapenet_blender/all_50_random/02958343/7022a37dd7fc841ce98e65cfc071e8a0/r_26",
            "rotation": 0.12566370614359174,
            "transform_matrix": [
                [
                    -0.7858291268348694,
                    0.0865439772605896,
                    0.6123583316802979,
                    2.4684956073760986
                ],
                [
                    0.6184437870979309,
                    0.10996760427951813,
                    0.778096616268158,
                    3.136608123779297
                ],
                [
                    -7.450581485102248e-09,
                    0.9901601076126099,
                    -0.1399383246898651,
                    -0.5641095042228699
                ],
                [
                    0.0,
                    0.0,
                    0.0,
                    1.0
                ]
            ]
        },
        {
            "file_path": "/data/shapenet_blender/all_50_random/02958343/7022a37dd7fc841ce98e65cfc071e8a0/r_27",
            "rotation": 0.12566370614359174,
            "transform_matrix": [
                [
                    -0.06718898564577103,
                    0.4993893504142761,
                    0.863768458366394,
                    3.481961727142334
                ],
                [
                    0.9977402687072754,
                    0.03362945839762688,
                    0.058167170733213425,
                    0.23447933793067932
                ],
                [
                    0.0,
                    0.8657246828079224,
                    -0.5005204081535339,
                    -2.0176620483398438
                ],
                [
                    0.0,
                    0.0,
                    0.0,
                    1.0
                ]
            ]
        },
        {
            "file_path": "/data/shapenet_blender/all_50_random/02958343/7022a37dd7fc841ce98e65cfc071e8a0/r_28",
            "rotation": 0.12566370614359174,
            "transform_matrix": [
                [
                    0.9956291913986206,
                    0.013156897388398647,
                    0.09246370941400528,
                    0.37273314595222473
                ],
                [
                    0.09339508414268494,
                    -0.1402578055858612,
                    -0.9857003092765808,
                    -3.973484992980957
                ],
                [
                    -9.31322685637781e-10,
                    0.9900274872779846,
                    -0.14087356626987457,
                    -0.5678794980049133
                ],
                [
                    0.0,
                    0.0,
                    0.0,
                    1.0
                ]
            ]
        },
        {
            "file_path": "/data/shapenet_blender/all_50_random/02958343/7022a37dd7fc841ce98e65cfc071e8a0/r_29",
            "rotation": 0.12566370614359174,
            "transform_matrix": [
                [
                    -0.8826104402542114,
                    0.08926872909069061,
                    -0.4615514874458313,
                    -1.8605735301971436
                ],
                [
                    -0.4701049327850342,
                    -0.16759981215000153,
                    0.8665515184402466,
                    3.493180990219116
                ],
                [
                    7.450580152834618e-09,
                    0.981805145740509,
                    0.1898910403251648,
                    0.7654752731323242
                ],
                [
                    0.0,
                    0.0,
                    0.0,
                    1.0
                ]
            ]
        },
        {
            "file_path": "/data/shapenet_blender/all_50_random/02958343/7022a37dd7fc841ce98e65cfc071e8a0/r_30",
            "rotation": 0.12566370614359174,
            "transform_matrix": [
                [
                    0.0381053201854229,
                    -0.1466706246137619,
                    0.9884511232376099,
                    3.98457407951355
                ],
                [
                    0.9992736577987671,
                    0.0055929929949343204,
                    -0.03769262135028839,
                    -0.15194383263587952
                ],
                [
                    4.6566125955216364e-10,
                    0.9891695380210876,
                    0.1467772126197815,
                    0.5916779041290283
                ],
                [
                    0.0,
                    0.0,
                    0.0,
                    1.0
                ]
            ]
        },
        {
            "file_path": "/data/shapenet_blender/all_50_random/02958343/7022a37dd7fc841ce98e65cfc071e8a0/r_31",
            "rotation": 0.12566370614359174,
            "transform_matrix": [
                [
                    -0.3054567277431488,
                    -0.4986926019191742,
                    0.811173141002655,
                    3.2699434757232666
                ],
                [
                    0.952206015586853,
                    -0.1599748432636261,
                    0.26021501421928406,
                    1.0489603281021118
                ],
                [
                    0.0,
                    0.8518883585929871,
                    0.5237233638763428,
                    2.111196517944336
                ],
                [
                    0.0,
                    0.0,
                    0.0,
                    1.0
                ]
            ]
        },
        {
            "file_path": "/data/shapenet_blender/all_50_random/02958343/7022a37dd7fc841ce98e65cfc071e8a0/r_32",
            "rotation": 0.12566370614359174,
            "transform_matrix": [
                [
                    -0.06996096670627594,
                    -0.43855616450309753,
                    -0.8959765434265137,
                    -3.6117968559265137
                ],
                [
                    -0.9975497722625732,
                    0.030757175758481026,
                    0.06283734738826752,
                    0.25330543518066406
                ],
                [
                    1.862645149230957e-09,
                    0.8981773257255554,
                    -0.43963339924812317,
                    -1.772218942642212
                ],
                [
                    0.0,
                    0.0,
                    0.0,
                    1.0
                ]
            ]
        },
        {
            "file_path": "/data/shapenet_blender/all_50_random/02958343/7022a37dd7fc841ce98e65cfc071e8a0/r_33",
            "rotation": 0.12566370614359174,
            "transform_matrix": [
                [
                    -0.9993207454681396,
                    0.0018585684010758996,
                    0.03680390864610672,
                    0.14836128056049347
                ],
                [
                    0.03685080260038376,
                    0.050400689244270325,
                    0.9980490803718567,
                    4.023263931274414
                ],
                [
                    1.164152940713592e-10,
                    0.9987274408340454,
                    -0.05043494701385498,
                    -0.20330974459648132
                ],
                [
                    0.0,
                    0.0,
                    0.0,
                    1.0
                ]
            ]
        },
        {
            "file_path": "/data/shapenet_blender/all_50_random/02958343/7022a37dd7fc841ce98e65cfc071e8a0/r_34",
            "rotation": 0.12566370614359174,
            "transform_matrix": [
                [
                    -0.999955952167511,
                    -0.0009220126084983349,
                    -0.00934604462236166,
                    -0.03767511248588562
                ],
                [
                    -0.009391414932906628,
                    0.09817179292440414,
                    0.9951251745223999,
                    4.011477947235107
                ],
                [
                    5.820766091346741e-11,
                    0.9951690435409546,
                    -0.09817612171173096,
                    -0.39576059579849243
                ],
                [
                    0.0,
                    0.0,
                    0.0,
                    1.0
                ]
            ]
        },
        {
            "file_path": "/data/shapenet_blender/all_50_random/02958343/7022a37dd7fc841ce98e65cfc071e8a0/r_35",
            "rotation": 0.12566370614359174,
            "transform_matrix": [
                [
                    0.03167863190174103,
                    -0.07476948201656342,
                    0.9966976046562195,
                    4.017816543579102
                ],
                [
                    0.999498188495636,
                    0.002369784051552415,
                    -0.031589869409799576,
                    -0.1273428350687027
                ],
                [
                    0.0,
                    0.9971980452537537,
                    0.07480702549219131,
                    0.3015567660331726
                ],
                [
                    0.0,
                    0.0,
                    0.0,
                    1.0
                ]
            ]
        },
        {
            "file_path": "/data/shapenet_blender/all_50_random/02958343/7022a37dd7fc841ce98e65cfc071e8a0/r_36",
            "rotation": 0.12566370614359174,
            "transform_matrix": [
                [
                    -0.3464256525039673,
                    -0.021910935640335083,
                    -0.9378214478492737,
                    -3.7804794311523438
                ],
                [
                    -0.938077449798584,
                    0.008091559633612633,
                    0.34633108973503113,
                    1.396105408668518
                ],
                [
                    0.0,
                    0.9997271299362183,
                    -0.023357277736067772,
                    -0.09415620565414429
                ],
                [
                    0.0,
                    0.0,
                    0.0,
                    1.0
                ]
            ]
        },
        {
            "file_path": "/data/shapenet_blender/all_50_random/02958343/7022a37dd7fc841ce98e65cfc071e8a0/r_37",
            "rotation": 0.12566370614359174,
            "transform_matrix": [
                [
                    -0.31234613060951233,
                    0.14830853044986725,
                    -0.9383199214935303,
                    -3.7824888229370117
                ],
                [
                    -0.9499683380126953,
                    -0.04876330867409706,
                    0.30851617455482483,
                    1.243668556213379
                ],
                [
                    0.0,
                    0.9877380728721619,
                    0.1561194509267807,
                    0.6293376684188843
                ],
                [
                    0.0,
                    0.0,
                    0.0,
                    1.0
                ]
            ]
        },
        {
            "file_path": "/data/shapenet_blender/all_50_random/02958343/7022a37dd7fc841ce98e65cfc071e8a0/r_38",
            "rotation": 0.12566370614359174,
            "transform_matrix": [
                [
                    0.24212110042572021,
                    -0.818391740322113,
                    -0.5211643576622009,
                    -2.1008806228637695
                ],
                [
                    -0.9702461361885071,
                    -0.20422641932964325,
                    -0.1300545036792755,
                    -0.5242664813995361
                ],
                [
                    0.0,
                    0.5371464490890503,
                    -0.8434889316558838,
                    -3.400212526321411
                ],
                [
                    0.0,
                    0.0,
                    0.0,
                    1.0
                ]
            ]
        },
        {
            "file_path": "/data/shapenet_blender/all_50_random/02958343/7022a37dd7fc841ce98e65cfc071e8a0/r_39",
            "rotation": 0.12566370614359174,
            "transform_matrix": [
                [
                    -0.09645465016365051,
                    0.7254255414009094,
                    0.6815087199211121,
                    2.7472498416900635
                ],
                [
                    0.9953374266624451,
                    0.07029843330383301,
                    0.06604260951280594,
                    0.26622629165649414
                ],
                [
                    3.725290742551124e-09,
                    0.6847012639045715,
                    -0.728823721408844,
                    -2.9379825592041016
                ],
                [
                    0.0,
                    0.0,
                    0.0,
                    1.0
                ]
            ]
        },
        {
            "file_path": "/data/shapenet_blender/all_50_random/02958343/7022a37dd7fc841ce98e65cfc071e8a0/r_40",
            "rotation": 0.12566370614359174,
            "transform_matrix": [
                [
                    0.2869436740875244,
                    0.2897154688835144,
                    -0.9130871891975403,
                    -3.680772304534912
                ],
                [
                    -0.9579474329948425,
                    0.08678141236305237,
                    -0.2735062539577484,
                    -1.1025389432907104
                ],
                [
                    0.0,
                    0.9531704187393188,
                    0.302433580160141,
                    1.2191487550735474
                ],
                [
                    0.0,
                    0.0,
                    0.0,
                    1.0
                ]
            ]
        },
        {
            "file_path": "/data/shapenet_blender/all_50_random/02958343/7022a37dd7fc841ce98e65cfc071e8a0/r_41",
            "rotation": 0.12566370614359174,
            "transform_matrix": [
                [
                    -0.5283164381980896,
                    0.3717360496520996,
                    0.7633439898490906,
                    3.0771379470825195
                ],
                [
                    0.8490475416183472,
                    0.23131127655506134,
                    0.4749877452850342,
                    1.9147368669509888
                ],
                [
                    0.0,
                    0.8990591764450073,
