{
    "class": "02958343",
    "model": "52ff21d1ba10add4bda72093f9b5aa73",
    "remove_doubles": true,
    "edge_split": true,
    "denoise": true,
    "camera_angle_x": 0.6911112070083618,
    "scale_factor": 2.2634548156718584,
    "hdri_file": "/data/IndoorHDRDataset2018/AG8A2229-f3ca5bd939.exr",
    "center_offset": [
        0.0,
        -1.3969838619232178e-09,
        -3.725290298461914e-09
    ],
    "lights": [],
    "frames": [
        {
            "file_path": "/data/shapenet_blender/all_50_random/02958343/52ff21d1ba10add4bda72093f9b5aa73/r_0",
            "rotation": 0.12566370614359174,
            "transform_matrix": [
                [
                    -0.4419267177581787,
                    0.7964816093444824,
                    -0.41269558668136597,
                    -1.663629174232483
                ],
                [
                    -0.897051215171814,
                    -0.3923817574977875,
                    0.20331193506717682,
                    0.819576621055603
                ],
                [
                    -1.4901162970204496e-08,
                    0.46005815267562866,
                    0.8878887891769409,
                    3.5791943073272705
                ],
                [
                    0.0,
                    0.0,
                    0.0,
                    1.0
                ]
            ]
        },
        {
            "file_path": "/data/shapenet_blender/all_50_random/02958343/52ff21d1ba10add4bda72093f9b5aa73/r_1",
            "rotation": 0.12566370614359174,
            "transform_matrix": [
                [
                    0.9708477854728699,
                    0.0014598104171454906,
                    0.2396927773952484,
                    0.9662325382232666
                ],
                [
                    0.23969729244709015,
                    -0.0059126815758645535,
                    -0.9708295464515686,
                    -3.913539409637451
                ],
                [
                    0.0,
                    0.9999815225601196,
                    -0.0060902247205376625,
                    -0.024550482630729675
                ],
                [
                    0.0,
                    0.0,
                    0.0,
                    1.0
                ]
            ]
        },
        {
            "file_path": "/data/shapenet_blender/all_50_random/02958343/52ff21d1ba10add4bda72093f9b5aa73/r_2",
            "rotation": 0.12566370614359174,
            "transform_matrix": [
                [
                    0.7995815277099609,
                    0.24426880478858948,
                    0.5486364364624023,
                    2.2116241455078125
                ],
                [
                    0.6005573868751526,
                    -0.3252192735671997,
                    -0.7304540872573853,
                    -2.944554567337036
                ],
                [
                    0.0,
                    0.9135453701019287,
                    -0.406736820936203,
                    -1.63960862159729
                ],
                [
                    0.0,
                    0.0,
                    0.0,
                    1.0
                ]
            ]
        },
        {
            "file_path": "/data/shapenet_blender/all_50_random/02958343/52ff21d1ba10add4bda72093f9b5aa73/r_3",
            "rotation": 0.12566370614359174,
            "transform_matrix": [
                [
                    -0.7987480163574219,
                    -0.366577684879303,
                    0.4770980179309845,
                    1.9232436418533325
                ],
                [
                    0.6016657948493958,
                    -0.4866541624069214,
                    0.6333766579627991,
                    2.553222894668579
                ],
                [
                    0.0,
                    0.7929617762565613,
                    0.6092712879180908,
                    2.4560511112213135
                ],
                [
                    0.0,
                    0.0,
                    0.0,
                    1.0
                ]
            ]
        },
        {
            "file_path": "/data/shapenet_blender/all_50_random/02958343/52ff21d1ba10add4bda72093f9b5aa73/r_4",
            "rotation": 0.12566370614359174,
            "transform_matrix": [
                [
                    -0.9449663162231445,
                    -0.26929768919944763,
                    -0.18578866124153137,
                    -0.7489380836486816
                ],
                [
                    -0.32716765999794006,
                    0.7778190970420837,
                    0.5366178750991821,
                    2.1631760597229004
                ],
                [
                    1.4901162970204496e-08,
                    0.5678698420524597,
                    -0.8231182098388672,
                    -3.3180959224700928
                ],
                [
                    0.0,
                    0.0,
                    0.0,
                    1.0
                ]
            ]
        },
        {
            "file_path": "/data/shapenet_blender/all_50_random/02958343/52ff21d1ba10add4bda72093f9b5aa73/r_5",
            "rotation": 0.12566370614359174,
            "transform_matrix": [
                [
                    -0.8466368317604065,
                    0.2807077169418335,
                    0.4521165192127228,
                    1.822540044784546
                ],
                [
                    0.5321712493896484,
                    0.4465808570384979,
                    0.7192769050598145,
                    2.899498224258423
                ],
                [
                    0.0,
                    0.8495697379112244,
                    -0.5274761915206909,
                    -2.1263248920440674
                ],
                [
                    0.0,
                    0.0,
                    0.0,
                    1.0
                ]
            ]
        },
        {
            "file_path": "/data/shapenet_blender/all_50_random/02958343/52ff21d1ba10add4bda72093f9b5aa73/r_6",
            "rotation": 0.12566370614359174,
            "transform_matrix": [
                [
                    0.9999784231185913,
                    -0.00013370289525482804,
                    -0.006570121739059687,
                    -0.026485009118914604
                ],
                [
                    -0.006571481935679913,
                    -0.02034548856317997,
                    -0.9997714161872864,
                    -4.030207633972168
                ],
                [
                    -1.4551913493643376e-11,
                    0.9997929930686951,
                    -0.02034592814743519,
                    -0.08201706409454346
                ],
                [
                    0.0,
                    0.0,
                    0.0,
                    1.0
                ]
            ]
        },
        {
            "file_path": "/data/shapenet_blender/all_50_random/02958343/52ff21d1ba10add4bda72093f9b5aa73/r_7",
            "rotation": 0.12566370614359174,
            "transform_matrix": [
                [
                    0.5938006639480591,
                    0.06653168052434921,
                    -0.8018568754196167,
                    -3.2323880195617676
                ],
                [
                    -0.8046122193336487,
                    0.0491001233458519,
                    -0.5917672514915466,
                    -2.3854897022247314
                ],
                [
                    0.0,
                    0.9965755343437195,
                    0.08268789947032928,
                    0.3333255350589752
                ],
                [
                    0.0,
                    0.0,
                    0.0,
                    1.0
                ]
            ]
        },
        {
            "file_path": "/data/shapenet_blender/all_50_random/02958343/52ff21d1ba10add4bda72093f9b5aa73/r_8",
            "rotation": 0.12566370614359174,
            "transform_matrix": [
                [
                    0.4379797875881195,
                    -0.7356119155883789,
                    -0.5167676210403442,
                    -2.0831570625305176
                ],
                [
                    -0.8989849090576172,
                    -0.35838547348976135,
                    -0.2517659068107605,
                    -1.0149009227752686
                ],
                [
                    -1.4901162970204496e-08,
                    0.5748347043991089,
                    -0.8182694911956787,
                    -3.2985501289367676
                ],
                [
                    0.0,
                    0.0,
                    0.0,
                    1.0
                ]
            ]
        },
        {
            "file_path": "/data/shapenet_blender/all_50_random/02958343/52ff21d1ba10add4bda72093f9b5aa73/r_9",
            "rotation": 0.12566370614359174,
            "transform_matrix": [
                [
                    0.024973735213279724,
                    -0.12123850733041763,
                    -0.9923092126846313,
                    -4.000126361846924
                ],
                [
                    -0.9996881484985352,
                    -0.0030287227127701044,
                    -0.024789396673440933,
                    -0.09992925077676773
                ],
                [
                    0.0,
                    0.99261873960495,
                    -0.12127633392810822,
                    -0.48888054490089417
                ],
                [
                    0.0,
                    0.0,
                    0.0,
                    1.0
                ]
            ]
        },
        {
            "file_path": "/data/shapenet_blender/all_50_random/02958343/52ff21d1ba10add4bda72093f9b5aa73/r_10",
            "rotation": 0.12566370614359174,
            "transform_matrix": [
                [
                    0.9424453973770142,
                    -0.20607814192771912,
                    -0.26330330967903137,
                    -1.0614097118377686
                ],
                [
                    -0.33436039090156555,
                    -0.5808624625205994,
                    -0.7421602606773376,
                    -2.991744041442871
                ],
                [
                    -1.4901162970204496e-08,
                    0.7874836921691895,
                    -0.616335391998291,
                    -2.484527587890625
                ],
                [
                    0.0,
                    0.0,
                    0.0,
                    1.0
                ]
            ]
        },
        {
            "file_path": "/data/shapenet_blender/all_50_random/02958343/52ff21d1ba10add4bda72093f9b5aa73/r_11",
            "rotation": 0.12566370614359174,
            "transform_matrix": [
                [
                    0.11765351891517639,
                    -0.5857391953468323,
                    0.801914632320404,
                    3.232621669769287
                ],
                [
                    0.9930547475814819,
                    0.0693962499499321,
                    -0.09500793367624283,
                    -0.3829892873764038
                ],
                [
                    0.0,
                    0.8075230717658997,
                    0.5898357629776001,
                    2.37770414352417
                ],
                [
                    0.0,
                    0.0,
                    0.0,
                    1.0
                ]
            ]
        },
        {
            "file_path": "/data/shapenet_blender/all_50_random/02958343/52ff21d1ba10add4bda72093f9b5aa73/r_12",
            "rotation": 0.12566370614359174,
            "transform_matrix": [
                [
                    0.42496615648269653,
                    -0.24347083270549774,
                    0.871851921081543,
                    3.51454758644104
                ],
                [
                    0.9052093029022217,
                    0.11430158466100693,
                    -0.40930595993995667,
                    -1.6499650478363037
                ],
                [
                    7.450580596923828e-09,
                    0.9631496071815491,
                    0.26896634697914124,
                    1.084238052368164
                ],
                [
                    0.0,
                    0.0,
                    0.0,
                    1.0
                ]
            ]
        },
        {
            "file_path": "/data/shapenet_blender/all_50_random/02958343/52ff21d1ba10add4bda72093f9b5aa73/r_13",
            "rotation": 0.12566370614359174,
            "transform_matrix": [
                [
                    0.5254122018814087,
                    -0.20389190316200256,
                    0.8260570168495178,
                    3.329942226409912
                ],
                [
                    0.8508478999137878,
                    0.12590652704238892,
                    -0.5101034641265869,
                    -2.056292772293091
                ],
                [
                    -7.450580596923828e-09,
                    0.9708633422851562,
                    0.23963382840156555,
                    0.9659948348999023
                ],
                [
                    0.0,
                    0.0,
                    0.0,
                    1.0
                ]
            ]
        },
        {
            "file_path": "/data/shapenet_blender/all_50_random/02958343/52ff21d1ba10add4bda72093f9b5aa73/r_14",
            "rotation": 0.12566370614359174,
            "transform_matrix": [
                [
                    0.09683970361948013,
                    0.231121227145195,
                    0.9680935144424438,
                    3.9025096893310547
                ],
                [
                    0.9953000545501709,
                    -0.022487401962280273,
                    -0.09419258683919907,
                    -0.37970244884490967
                ],
                [
                    1.862645371275562e-09,
                    0.972665011882782,
                    -0.23221264779567719,
                    -0.9360791444778442
                ],
                [
                    0.0,
                    0.0,
                    0.0,
                    1.0
                ]
            ]
        },
        {
            "file_path": "/data/shapenet_blender/all_50_random/02958343/52ff21d1ba10add4bda72093f9b5aa73/r_15",
            "rotation": 0.12566370614359174,
            "transform_matrix": [
                [
                    0.9627083539962769,
                    0.013590024784207344,
                    -0.27019983530044556,
                    -1.0892102718353271
                ],
                [
                    -0.27054134011268616,
                    0.04835944250226021,
                    -0.9614930152893066,
                    -3.875901937484741
                ],
                [
                    0.0,
                    0.9987373948097229,
                    0.05023271590471268,
                    0.2024945318698883
                ],
                [
                    0.0,
                    0.0,
                    0.0,
                    1.0
                ]
            ]
        },
        {
            "file_path": "/data/shapenet_blender/all_50_random/02958343/52ff21d1ba10add4bda72093f9b5aa73/r_16",
            "rotation": 0.12566370614359174,
            "transform_matrix": [
                [
                    0.9300844073295593,
                    -0.13855566084384918,
                    0.3402136266231537,
                    1.3714449405670166
                ],
                [
                    0.3673458397388458,
                    0.35080963373184204,
                    -0.8613882064819336,
                    -3.4723668098449707
                ],
                [
                    0.0,
                    0.926139771938324,
                    0.37718042731285095,
                    1.520462989807129
                ],
                [
                    0.0,
                    0.0,
                    0.0,
                    1.0
                ]
            ]
        },
        {
            "file_path": "/data/shapenet_blender/all_50_random/02958343/52ff21d1ba10add4bda72093f9b5aa73/r_17",
            "rotation": 0.12566370614359174,
            "transform_matrix": [
                [
                    0.675327718257904,
                    0.2301989644765854,
                    -0.7006716132164001,
                    -2.824497938156128
                ],
                [
                    -0.7375177145004272,
                    0.2107878178358078,
                    -0.6415886282920837,
                    -2.586326837539673
                ],
                [
                    0.0,
                    0.9500405192375183,
                    0.31212660670280457,
                    1.2582226991653442
                ],
                [
                    0.0,
                    0.0,
                    0.0,
                    1.0
                ]
            ]
        },
        {
            "file_path": "/data/shapenet_blender/all_50_random/02958343/52ff21d1ba10add4bda72093f9b5aa73/r_18",
            "rotation": 0.12566370614359174,
            "transform_matrix": [
                [
                    -0.47866901755332947,
                    0.3940780460834503,
                    0.7845880389213562,
                    3.162775754928589
                ],
                [
                    0.877995491027832,
                    0.21484500169754028,
                    0.4277447462081909,
                    1.7242943048477173
                ],
                [
                    0.0,
                    0.8936127424240112,
                    -0.4488384425640106,
                    -1.8093256950378418
                ],
                [
                    0.0,
                    0.0,
                    0.0,
                    1.0
                ]
            ]
        },
        {
            "file_path": "/data/shapenet_blender/all_50_random/02958343/52ff21d1ba10add4bda72093f9b5aa73/r_19",
            "rotation": 0.12566370614359174,
            "transform_matrix": [
                [
                    -0.43042147159576416,
                    -0.837967574596405,
                    -0.3354814648628235,
                    -1.3523690700531006
                ],
                [
                    -0.9026280641555786,
                    0.39958786964416504,
                    0.1599755585193634,
                    0.644882082939148
                ],
                [
                    -1.4901161193847656e-08,
                    0.3716718256473541,
                    -0.9283641576766968,
                    -3.7423555850982666
                ],
                [
                    0.0,
                    0.0,
                    0.0,
                    1.0
                ]
            ]
        },
        {
            "file_path": "/data/shapenet_blender/all_50_random/02958343/52ff21d1ba10add4bda72093f9b5aa73/r_20",
            "rotation": 0.12566370614359174,
            "transform_matrix": [
                [
                    0.44055548310279846,
                    -0.770301103591919,
                    -0.46102824807167053,
                    -1.8584641218185425
                ],
                [
                    -0.8977254033088684,
                    -0.3780224919319153,
                    -0.22624795138835907,
                    -0.9120345711708069
                ],
                [
                    0.0,
                    0.5135515332221985,
                    -0.8580588102340698,
                    -3.4589452743530273
                ],
                [
                    0.0,
                    0.0,
                    0.0,
                    1.0
                ]
            ]
        },
        {
            "file_path": "/data/shapenet_blender/all_50_random/02958343/52ff21d1ba10add4bda72093f9b5aa73/r_21",
            "rotation": 0.12566370614359174,
            "transform_matrix": [
                [
                    0.06829418987035751,
                    -0.9266062378883362,
                    0.3697792589664459,
                    1.4906280040740967
                ],
                [
                    0.9976651668548584,
                    0.06342992931604385,
                    -0.0253128781914711,
                    -0.10203948616981506
                ],
                [
                    -1.8626450382086546e-09,
                    0.370644748210907,
                    0.9287746548652649,
                    3.7440106868743896
                ],
                [
                    0.0,
                    0.0,
                    0.0,
                    1.0
                ]
            ]
        },
        {
            "file_path": "/data/shapenet_blender/all_50_random/02958343/52ff21d1ba10add4bda72093f9b5aa73/r_22",
            "rotation": 0.12566370614359174,
            "transform_matrix": [
                [
                    0.2816103398799896,
                    0.7305074334144592,
                    -0.6221369504928589,
                    -2.5079145431518555
                ],
                [
                    -0.9595288038253784,
                    0.21439528465270996,
                    -0.1825898289680481,
                    -0.7360432147979736
                ],
                [
                    0.0,
                    0.6483775973320007,
                    0.7613188624382019,
                    3.068974733352661
                ],
                [
                    0.0,
                    0.0,
                    0.0,
                    1.0
                ]
            ]
        },
        {
            "file_path": "/data/shapenet_blender/all_50_random/02958343/52ff21d1ba10add4bda72093f9b5aa73/r_23",
            "rotation": 0.12566370614359174,
            "transform_matrix": [
                [
                    0.43839597702026367,
                    0.14176930487155914,
                    -0.8875305652618408,
                    -3.577749729156494
                ],
                [
                    -0.8987818956375122,
                    0.06915035843849182,
                    -0.43290796875953674,
                    -1.745107650756836
                ],
                [
                    -7.4505797087454084e-09,
                    0.987481415271759,
                    0.1577349454164505,
                    0.6358498334884644
                ],
                [
                    0.0,
                    0.0,
                    0.0,
                    1.0
                ]
            ]
        },
        {
            "file_path": "/data/shapenet_blender/all_50_random/02958343/52ff21d1ba10add4bda72093f9b5aa73/r_24",
            "rotation": 0.12566370614359174,
            "transform_matrix": [
                [
                    0.6863701343536377,
                    -0.46975600719451904,
                    0.5551804900169373,
                    2.238003969192505
                ],
                [
                    0.7272523641586304,
                    0.44334882497787476,
                    -0.5239711999893188,
                    -2.1121952533721924
                ],
                [
                    0.0,
                    0.7633943557739258,
                    0.6459326148033142,
                    2.603837251663208
                ],
                [
                    0.0,
                    0.0,
                    0.0,
                    1.0
                ]
            ]
        },
        {
            "file_path": "/data/shapenet_blender/all_50_random/02958343/52ff21d1ba10add4bda72093f9b5aa73/r_25",
            "rotation": 0.12566370614359174,
            "transform_matrix": [
                [
                    -0.6628542542457581,
                    -0.6558417081832886,
                    -0.36124223470687866,
                    -1.456214189529419
                ],
                [
                    -0.7487484812736511,
                    0.5806054472923279,
                    0.31980159878730774,
                    1.2891615629196167
                ],
                [
                    -2.9802322387695312e-08,
                    0.48246151208877563,
                    -0.8759171366691589,
                    -3.530935049057007
                ],
                [
                    0.0,
                    0.0,
                    0.0,
                    1.0
                ]
            ]
        },
        {
            "file_path": "/data/shapenet_blender/all_50_random/02958343/52ff21d1ba10add4bda72093f9b5aa73/r_26",
            "rotation": 0.12566370614359174,
            "transform_matrix": [
                [
                    0.3332498371601105,
                    -0.08168666809797287,
                    -0.9392932653427124,
                    -3.786412239074707
                ],
                [
                    -0.9428386092185974,
                    -0.02887246012687683,
                    -0.33199673891067505,
                    -1.3383216857910156
                ],
                [
                    0.0,
                    0.9962397813796997,
                    -0.08663907647132874,
                    -0.3492532968521118
                ],
                [
                    0.0,
                    0.0,
                    0.0,
                    1.0
                ]
            ]
        },
        {
            "file_path": "/data/shapenet_blender/all_50_random/02958343/52ff21d1ba10add4bda72093f9b5aa73/r_27",
            "rotation": 0.12566370614359174,
            "transform_matrix": [
                [
                    0.9908334016799927,
                    0.07456430047750473,
                    -0.1126469150185585,
                    -0.454094260931015
                ],
                [
                    -0.1350894570350647,
                    0.5469027161598206,
                    -0.8262252807617188,
                    -3.330620765686035
                ],
                [
                    -7.450580152834618e-09,
                    0.8338690996170044,
                    0.5519622564315796,
                    2.2250313758850098
                ],
                [
                    0.0,
                    0.0,
                    0.0,
                    1.0
                ]
            ]
        },
        {
            "file_path": "/data/shapenet_blender/all_50_random/02958343/52ff21d1ba10add4bda72093f9b5aa73/r_28",
            "rotation": 0.12566370614359174,
            "transform_matrix": [
                [
                    -0.7990326285362244,
                    -0.5624805688858032,
                    0.21251468360424042,
                    0.856674075126648
                ],
                [
                    0.6012876629829407,
                    -0.7474629878997803,
                    0.28240418434143066,
                    1.1384077072143555
                ],
                [
                    -1.4901161193847656e-08,
                    0.35343268513679504,
                    0.9354599118232727,
                    3.7709596157073975
                ],
                [
                    0.0,
                    0.0,
                    0.0,
                    1.0
                ]
            ]
        },
        {
            "file_path": "/data/shapenet_blender/all_50_random/02958343/52ff21d1ba10add4bda72093f9b5aa73/r_29",
            "rotation": 0.12566370614359174,
            "transform_matrix": [
                [
                    0.8887147903442383,
                    -0.40077638626098633,
                    0.222630575299263,
                    0.8974525332450867
                ],
                [
                    0.45846062898635864,
                    0.77689528465271,
                    -0.43156397342681885,
                    -1.7396900653839111
                ],
                [
                    1.4901161193847656e-08,
                    0.48560473322868347,
                    0.8741785883903503,
                    3.5239264965057373
                ],
                [
                    0.0,
                    0.0,
                    0.0,
                    1.0
                ]
            ]
        },
        {
            "file_path": "/data/shapenet_blender/all_50_random/02958343/52ff21d1ba10add4bda72093f9b5aa73/r_30",
            "rotation": 0.12566370614359174,
            "transform_matrix": [
                [
                    0.9990895986557007,
                    0.026166483759880066,
                    0.03369179368019104,
                    0.13581597805023193
                ],
                [
                    0.042659368366003036,
                    -0.6128234267234802,
                    -0.7890675067901611,
                    -3.180833101272583
                ],
                [
                    0.0,
                    0.7897866368293762,
                    -0.6133816242218018,
                    -2.472620725631714
                ],
                [
                    0.0,
                    0.0,
                    0.0,
                    1.0
                ]
            ]
        },
        {
            "file_path": "/data/shapenet_blender/all_50_random/02958343/52ff21d1ba10add4bda72093f9b5aa73/r_31",
            "rotation": 0.12566370614359174,
            "transform_matrix": [
                [
                    -0.9961398839950562,
                    -0.013743261806666851,
                    0.08669673651456833,
                    0.34948572516441345
                ],
                [
                    0.08777926117181778,
                    -0.1559617966413498,
                    0.9838550686836243,
                    3.9660465717315674
                ],
                [
                    9.313225191043273e-10,
                    0.987667441368103,
                    0.15656615793704987,
                    0.6311383843421936
                ],
                [
                    0.0,
                    0.0,
                    0.0,
                    1.0
                ]
            ]
        },
        {
            "file_path": "/data/shapenet_blender/all_50_random/02958343/52ff21d1ba10add4bda72093f9b5aa73/r_32",
            "rotation": 0.12566370614359174,
            "transform_matrix": [
                [
                    0.4372160732746124,
                    -0.759996771812439,
                    0.4808812141418457,
                    1.9384942054748535
                ],
                [
                    0.8993564248085022,
                    0.3694673180580139,
                    -0.23377716541290283,
                    -0.9423859119415283
                ],
                [
                    -1.4901161193847656e-08,
                    0.5346947312355042,
                    0.8450452089309692,
                    3.4064862728118896
                ],
                [
                    0.0,
                    0.0,
                    0.0,
                    1.0
                ]
            ]
        },
        {
            "file_path": "/data/shapenet_blender/all_50_random/02958343/52ff21d1ba10add4bda72093f9b5aa73/r_33",
            "rotation": 0.12566370614359174,
            "transform_matrix": [
                [
                    -0.05889022722840309,
                    0.7351836562156677,
                    -0.6753050088882446,
                    -2.7222416400909424
                ],
                [
                    -0.998264491558075,
                    -0.04337040334939957,
                    0.03983800485730171,
                    0.16059213876724243
                ],
                [
                    0.0,
                    0.6764791011810303,
                    0.7364618182182312,
                    2.9687726497650146
                ],
                [
                    0.0,
                    0.0,
                    0.0,
                    1.0
                ]
            ]
        },
        {
            "file_path": "/data/shapenet_blender/all_50_random/02958343/52ff21d1ba10add4bda72093f9b5aa73/r_34",
            "rotation": 0.12566370614359174,
            "transform_matrix": [
                [
                    0.34513190388679504,
                    -0.03210556134581566,
                    -0.9380049705505371,
                    -3.7812185287475586
                ],
                [
                    -0.938554048538208,
                    -0.011806090362370014,
                    -0.3449299931526184,
                    -1.3904571533203125
                ],
                [
                    0.0,
                    0.9994146823883057,
                    -0.03420747071504593,
                    -0.13789470493793488
                ],
                [
                    0.0,
                    0.0,
                    0.0,
                    1.0
                ]
            ]
        },
        {
            "file_path": "/data/shapenet_blender/all_50_random/02958343/52ff21d1ba10add4bda72093f9b5aa73/r_35",
            "rotation": 0.12566370614359174,
            "transform_matrix": [
                [
                    0.4001079499721527,
                    0.024541810154914856,
                    -0.9161394238471985,
                    -3.693075656890869
                ],
                [
                    -0.9164679646492004,
                    0.010714367032051086,
                    -0.3999645411968231,
                    -1.6123085021972656
                ],
                [
                    0.0,
                    0.9996414184570312,
                    0.02677868865430355,
                    0.10794833302497864
                ],
                [
                    0.0,
                    0.0,
                    0.0,
                    1.0
                ]
            ]
        },
        {
            "file_path": "/data/shapenet_blender/all_50_random/02958343/52ff21d1ba10add4bda72093f9b5aa73/r_36",
            "rotation": 0.12566370614359174,
            "transform_matrix": [
                [
                    0.21261441707611084,
                    -0.5135040879249573,
                    -0.8313294649124146,
                    -3.3511962890625
                ],
                [
                    -0.9771362543106079,
                    -0.11173301190137863,
                    -0.18088841438293457,
                    -0.7291845083236694
                ],
                [
                    0.0,
                    0.8507815599441528,
                    -0.5255194902420044,
                    -2.118436813354492
                ],
                [
                    0.0,
                    0.0,
                    0.0,
                    1.0
                ]
            ]
        },
        {
            "file_path": "/data/shapenet_blender/all_50_random/02958343/52ff21d1ba10add4bda72093f9b5aa73/r_37",
            "rotation": 0.12566370614359174,
            "transform_matrix": [
                [
                    -0.6996684074401855,
                    0.16108965873718262,
                    0.6960704922676086,
                    2.8059499263763428
                ],
                [
                    0.7144675850868225,
                    0.15775291621685028,
                    0.6816524267196655,
                    2.747828722000122
                ],
                [
                    7.450580152834618e-09,
                    0.9742505550384521,
                    -0.22546808421611786,
                    -0.9088909029960632
                ],
                [
                    0.0,
                    0.0,
                    0.0,
                    1.0
                ]
            ]
        },
        {
            "file_path": "/data/shapenet_blender/all_50_random/02958343/52ff21d1ba10add4bda72093f9b5aa73/r_38",
            "rotation": 0.12566370614359174,
            "transform_matrix": [
                [
                    0.7174396514892578,
                    0.4974919259548187,
                    0.48762908577919006,
                    1.9656957387924194
                ],
                [
                    0.6966207027435303,
                    -0.5123597383499146,
                    -0.5022022128105164,
                    -2.024441957473755
                ],
                [
                    -1.4901161193847656e-08,
                    0.699992299079895,
                    -0.7141503691673279,
                    -2.8788323402404785
                ],
                [
                    0.0,
                    0.0,
                    0.0,
                    1.0
                ]
            ]
        },
        {
            "file_path": "/data/shapenet_blender/all_50_random/02958343/52ff21d1ba10add4bda72093f9b5aa73/r_39",
            "rotation": 0.12566370614359174,
            "transform_matrix": [
                [
                    0.6592452526092529,
                    0.012034216895699501,
                    -0.7518317103385925,
                    -3.0307304859161377
                ],
                [
                    -0.7519280314445496,
                    0.010550877079367638,
                    -0.6591607928276062,
                    -2.6571621894836426
                ],
                [
                    9.313225746154785e-10,
                    0.9998719096183777,
                    0.01600448042154312,
                    0.06451612710952759
                ],
                [
                    0.0,
                    0.0,
                    0.0,
                    1.0
                ]
            ]
        },
        {
            "file_path": "/data/shapenet_blender/all_50_random/02958343/52ff21d1ba10add4bda72093f9b5aa73/r_40",
            "rotation": 0.12566370614359174,
            "transform_matrix": [
                [
                    0.5196267366409302,
                    0.7597724795341492,
                    -0.3908117711544037,
                    -1.5754127502441406
                ],
                [
                    -0.854393482208252,
                    0.4620799422264099,
                    -0.2376846820116043,
                    -0.9581376314163208
                ],
                [
                    0.0,
                    0.45741426944732666,
                    0.8892536163330078,
                    3.5846962928771973
                ],
                [
                    0.0,
                    0.0,
                    0.0,
                    1.0
                ]
            ]
        },
        {
            "file_path": "/data/shapenet_blender/all_50_random/02958343/52ff21d1ba10add4bda72093f9b5aa73/r_41",
            "rotation": 0.12566370614359174,
            "transform_matrix": [
                [
                    -0.19397710263729095,
                    0.6799796223640442,
                    -0.7071070671081543,
                    -2.85044002532959
                ],
                [
                    -0.9810060262680054,
                    -0.13445429503917694,
                    0.13981828093528748,
                    0.5636255741119385
