{
    "class": "02958343",
    "model": "23bfcd49917919006a34aa94ca8a3355",
    "remove_doubles": true,
    "edge_split": true,
    "denoise": true,
    "camera_angle_x": 0.6911112070083618,
    "scale_factor": 2.2600809534220785,
    "hdri_file": "/data/IndoorHDRDataset2018/9C4A9751-88215a4333.exr",
    "center_offset": [
        0.0,
        0.0,
        1.862645149230957e-09
    ],
    "lights": [],
    "frames": [
        {
            "file_path": "/data/shapenet_blender/all_50_random/02958343/23bfcd49917919006a34aa94ca8a3355/r_0",
            "rotation": 0.12566370614359174,
            "transform_matrix": [
                [
                    -0.1523815542459488,
                    -0.6253432631492615,
                    -0.7653270959854126,
                    -3.085132360458374
                ],
                [
                    -0.988321840763092,
                    0.09641675651073456,
                    0.11799976229667664,
                    0.47567227482795715
                ],
                [
                    0.0,
                    0.7743703126907349,
                    -0.6327324509620667,
                    -2.550626277923584
                ],
                [
                    0.0,
                    0.0,
                    0.0,
                    1.0
                ]
            ]
        },
        {
            "file_path": "/data/shapenet_blender/all_50_random/02958343/23bfcd49917919006a34aa94ca8a3355/r_1",
            "rotation": 0.12566370614359174,
            "transform_matrix": [
                [
                    0.5810441374778748,
                    0.22223176062107086,
                    0.7829436659812927,
                    3.156146764755249
                ],
                [
                    0.8138720393180847,
                    -0.15865695476531982,
                    -0.5589635372161865,
                    -2.2532541751861572
                ],
                [
                    7.450580596923828e-09,
                    0.961998462677002,
                    -0.27305489778518677,
                    -1.1007194519042969
                ],
                [
                    0.0,
                    0.0,
                    0.0,
                    1.0
                ]
            ]
        },
        {
            "file_path": "/data/shapenet_blender/all_50_random/02958343/23bfcd49917919006a34aa94ca8a3355/r_2",
            "rotation": 0.12566370614359174,
            "transform_matrix": [
                [
                    -0.11058381199836731,
                    -0.1290472000837326,
                    0.9854531288146973,
                    3.9724888801574707
                ],
                [
                    0.9938668608665466,
                    -0.014358594082295895,
                    0.10964763909578323,
                    0.4420037865638733
                ],
                [
                    0.0,
                    0.991534411907196,
                    0.1298435479402542,
                    0.5234161615371704
                ],
                [
                    0.0,
                    0.0,
                    0.0,
                    1.0
                ]
            ]
        },
        {
            "file_path": "/data/shapenet_blender/all_50_random/02958343/23bfcd49917919006a34aa94ca8a3355/r_3",
            "rotation": 0.12566370614359174,
            "transform_matrix": [
                [
                    -0.3484004735946655,
                    -0.3479267656803131,
                    -0.8703815340995789,
                    -3.508620262145996
                ],
                [
                    -0.9373458027839661,
                    0.12932030856609344,
                    0.32351067662239075,
                    1.3041132688522339
                ],
                [
                    -7.450580596923828e-09,
                    0.9285596609115601,
                    -0.37118294835090637,
                    -1.4962862730026245
                ],
                [
                    0.0,
                    0.0,
                    0.0,
                    1.0
                ]
            ]
        },
        {
            "file_path": "/data/shapenet_blender/all_50_random/02958343/23bfcd49917919006a34aa94ca8a3355/r_4",
            "rotation": 0.12566370614359174,
            "transform_matrix": [
                [
                    0.9969034790992737,
                    -0.0714549794793129,
                    0.03282639756798744,
                    0.13232743740081787
                ],
                [
                    0.07863450050354004,
                    0.9058837294578552,
                    -0.41616272926330566,
                    -1.6776056289672852
                ],
                [
                    0.0,
                    0.4174553453922272,
                    0.9086974263191223,
                    3.663076400756836
                ],
                [
                    0.0,
                    0.0,
                    0.0,
                    1.0
                ]
            ]
        },
        {
            "file_path": "/data/shapenet_blender/all_50_random/02958343/23bfcd49917919006a34aa94ca8a3355/r_5",
            "rotation": 0.12566370614359174,
            "transform_matrix": [
                [
                    0.8533273339271545,
                    -0.06254798173904419,
                    -0.5176100134849548,
                    -2.086552858352661
                ],
                [
                    -0.5213754773139954,
                    -0.10237132012844086,
                    -0.8471643924713135,
                    -3.415029287338257
                ],
                [
                    3.725290076417309e-09,
                    0.9927778840065002,
                    -0.11996721476316452,
                    -0.4836033582687378
                ],
                [
                    0.0,
                    0.0,
                    0.0,
                    1.0
                ]
            ]
        },
        {
            "file_path": "/data/shapenet_blender/all_50_random/02958343/23bfcd49917919006a34aa94ca8a3355/r_6",
            "rotation": 0.12566370614359174,
            "transform_matrix": [
                [
                    0.4815845191478729,
                    0.14723989367485046,
                    0.863942563533783,
                    3.482663869857788
                ],
                [
                    0.8763996958732605,
                    -0.08090880513191223,
                    -0.47473928332328796,
                    -1.913735270500183
                ],
                [
                    -7.450580596923828e-09,
                    0.9857861399650574,
                    -0.16800540685653687,
                    -0.6772514581680298
                ],
                [
                    0.0,
                    0.0,
                    0.0,
                    1.0
                ]
            ]
        },
        {
            "file_path": "/data/shapenet_blender/all_50_random/02958343/23bfcd49917919006a34aa94ca8a3355/r_7",
            "rotation": 0.12566370614359174,
            "transform_matrix": [
                [
                    0.9954150915145874,
                    0.06247777119278908,
                    -0.07242459803819656,
                    -0.291952908039093
                ],
                [
                    -0.09564933180809021,
                    0.6502012610435486,
                    -0.7537171244621277,
                    -3.0383310317993164
                ],
                [
                    0.0,
                    0.7571886777877808,
                    0.6531960964202881,
                    2.63311767578125
                ],
                [
                    0.0,
                    0.0,
                    0.0,
                    1.0
                ]
            ]
        },
        {
            "file_path": "/data/shapenet_blender/all_50_random/02958343/23bfcd49917919006a34aa94ca8a3355/r_8",
            "rotation": 0.12566370614359174,
            "transform_matrix": [
                [
                    0.8904195427894592,
                    -0.22148147225379944,
                    0.39761683344841003,
                    1.6028447151184082
                ],
                [
                    0.4551408886909485,
                    0.4332975447177887,
                    -0.7778817415237427,
                    -3.135741710662842
                ],
                [
                    0.0,
                    0.8736127018928528,
                    0.48662179708480835,
                    1.9616352319717407
                ],
                [
                    0.0,
                    0.0,
                    0.0,
                    1.0
                ]
            ]
        },
        {
            "file_path": "/data/shapenet_blender/all_50_random/02958343/23bfcd49917919006a34aa94ca8a3355/r_9",
            "rotation": 0.12566370614359174,
            "transform_matrix": [
                [
                    -0.2173691838979721,
                    0.5726713538169861,
                    0.7904417514801025,
                    3.1863725185394287
                ],
                [
                    0.9760894775390625,
                    0.12753042578697205,
                    0.17602656781673431,
                    0.7095857858657837
                ],
                [
                    0.0,
                    0.8098045587539673,
                    -0.5866997241973877,
                    -2.3650622367858887
                ],
                [
                    0.0,
                    0.0,
                    0.0,
                    1.0
                ]
            ]
        },
        {
            "file_path": "/data/shapenet_blender/all_50_random/02958343/23bfcd49917919006a34aa94ca8a3355/r_10",
            "rotation": 0.12566370614359174,
            "transform_matrix": [
                [
                    0.9166803359985352,
                    -0.13675065338611603,
                    -0.3754950165748596,
                    -1.5136687755584717
                ],
                [
                    -0.3996214270591736,
                    -0.3136884868144989,
                    -0.8613374829292297,
                    -3.4721624851226807
                ],
                [
                    0.0,
                    0.939626932144165,
                    -0.34220051765441895,
                    -1.3794543743133545
                ],
                [
                    0.0,
                    0.0,
                    0.0,
                    1.0
                ]
            ]
        },
        {
            "file_path": "/data/shapenet_blender/all_50_random/02958343/23bfcd49917919006a34aa94ca8a3355/r_11",
            "rotation": 0.12566370614359174,
            "transform_matrix": [
                [
                    -0.9750070571899414,
                    -0.013463174924254417,
                    -0.22176580131053925,
                    -0.893966555595398
                ],
                [
                    -0.22217409312725067,
                    0.05908290669322014,
                    0.9732152819633484,
                    3.923156261444092
                ],
                [
                    0.0,
                    0.9981622695922852,
                    -0.06059741973876953,
                    -0.2442760169506073
                ],
                [
                    0.0,
                    0.0,
                    0.0,
                    1.0
                ]
            ]
        },
        {
            "file_path": "/data/shapenet_blender/all_50_random/02958343/23bfcd49917919006a34aa94ca8a3355/r_12",
            "rotation": 0.12566370614359174,
            "transform_matrix": [
                [
                    0.3526667356491089,
                    -0.8400299549102783,
                    -0.4122812747955322,
                    -1.661958932876587
                ],
                [
                    -0.9357490539550781,
                    -0.3165919780731201,
                    -0.15538129210472107,
                    -0.6263620257377625
                ],
                [
                    -1.4901162970204496e-08,
                    0.4405894875526428,
                    -0.8977085947990417,
                    -3.618779182434082
                ],
                [
                    0.0,
                    0.0,
                    0.0,
                    1.0
                ]
            ]
        },
        {
            "file_path": "/data/shapenet_blender/all_50_random/02958343/23bfcd49917919006a34aa94ca8a3355/r_13",
            "rotation": 0.12566370614359174,
            "transform_matrix": [
                [
                    0.8841246366500854,
                    -0.02657199837267399,
                    -0.4664950370788574,
                    -1.880501389503479
                ],
                [
                    -0.467251181602478,
                    -0.050279080867767334,
                    -0.882693886756897,
                    -3.5582523345947266
                ],
                [
                    -1.8626449271863521e-09,
                    0.9983816742897034,
                    -0.0568687804043293,
                    -0.2292453646659851
                ],
                [
                    0.0,
                    0.0,
                    0.0,
                    1.0
                ]
            ]
        },
        {
            "file_path": "/data/shapenet_blender/all_50_random/02958343/23bfcd49917919006a34aa94ca8a3355/r_14",
            "rotation": 0.12566370614359174,
            "transform_matrix": [
                [
                    -0.8159079551696777,
                    0.026277296245098114,
                    0.5775843858718872,
                    2.328317165374756
                ],
                [
                    0.578181803226471,
                    0.037081509828567505,
                    0.8150648474693298,
                    3.2856314182281494
                ],
                [
                    -1.862645149230957e-09,
                    0.9989666938781738,
                    -0.04544815421104431,
                    -0.18320736289024353
                ],
                [
                    0.0,
                    0.0,
                    0.0,
                    1.0
                ]
            ]
        },
        {
            "file_path": "/data/shapenet_blender/all_50_random/02958343/23bfcd49917919006a34aa94ca8a3355/r_15",
            "rotation": 0.12566370614359174,
            "transform_matrix": [
                [
                    0.9254144430160522,
                    0.003014499321579933,
                    0.3789446949958801,
                    1.5275750160217285
                ],
                [
                    0.37895673513412476,
                    -0.0073614236898720264,
                    -0.925385057926178,
                    -3.7303466796875
                ],
                [
                    -2.3283064365386963e-10,
                    0.9999683499336243,
                    -0.007954731583595276,
                    -0.032066553831100464
                ],
                [
                    0.0,
                    0.0,
                    0.0,
                    1.0
                ]
            ]
        },
        {
            "file_path": "/data/shapenet_blender/all_50_random/02958343/23bfcd49917919006a34aa94ca8a3355/r_16",
            "rotation": 0.12566370614359174,
            "transform_matrix": [
                [
                    0.9149925708770752,
                    -0.1509552299976349,
                    -0.37416747212409973,
                    -1.5083173513412476
                ],
                [
                    -0.4034709930419922,
                    -0.34233662486076355,
                    -0.8485379815101624,
                    -3.4205660820007324
                ],
                [
                    1.4901164746561335e-08,
                    0.9273715019226074,
                    -0.37414154410362244,
                    -1.5082128047943115
                ],
                [
                    0.0,
                    0.0,
                    0.0,
                    1.0
                ]
            ]
        },
        {
            "file_path": "/data/shapenet_blender/all_50_random/02958343/23bfcd49917919006a34aa94ca8a3355/r_17",
            "rotation": 0.12566370614359174,
            "transform_matrix": [
                [
                    -0.5547863245010376,
                    -0.4897468388080597,
                    -0.6725772023200989,
                    -2.7112457752227783
                ],
                [
                    -0.8319928646087646,
                    0.32657113671302795,
                    0.4484853446483612,
                    1.8079023361206055
                ],
                [
                    2.9802322387695312e-08,
                    0.808393120765686,
                    -0.588642954826355,
                    -2.3728959560394287
                ],
                [
                    0.0,
                    0.0,
                    0.0,
                    1.0
                ]
            ]
        },
        {
            "file_path": "/data/shapenet_blender/all_50_random/02958343/23bfcd49917919006a34aa94ca8a3355/r_18",
            "rotation": 0.12566370614359174,
            "transform_matrix": [
                [
                    -0.7081213593482971,
                    -0.2315034121274948,
                    0.6670608520507812,
                    2.6890082359313965
                ],
                [
                    0.7060906291007996,
                    -0.2321692407131195,
                    0.6689793467521667,
                    2.696742057800293
                ],
                [
                    0.0,
                    0.9447240233421326,
                    0.32786643505096436,
                    1.3216718435287476
                ],
                [
                    0.0,
                    0.0,
                    0.0,
                    1.0
                ]
            ]
        },
        {
            "file_path": "/data/shapenet_blender/all_50_random/02958343/23bfcd49917919006a34aa94ca8a3355/r_19",
            "rotation": 0.12566370614359174,
            "transform_matrix": [
                [
                    -0.9943272471427917,
                    -0.09944827854633331,
                    0.03772978484630585,
                    0.15209364891052246
                ],
                [
                    0.10636495053768158,
                    -0.9296684265136719,
                    0.3527078926563263,
                    1.4218111038208008
                ],
                [
                    -3.725290742551124e-09,
                    0.35472002625465393,
                    0.9349724650382996,
                    3.7689948081970215
                ],
                [
                    0.0,
                    0.0,
                    0.0,
                    1.0
                ]
            ]
        },
        {
            "file_path": "/data/shapenet_blender/all_50_random/02958343/23bfcd49917919006a34aa94ca8a3355/r_20",
            "rotation": 0.12566370614359174,
            "transform_matrix": [
                [
                    -0.14225536584854126,
                    0.09374194592237473,
                    0.9853811264038086,
                    3.972198009490967
                ],
                [
                    0.9898300170898438,
                    0.013472306542098522,
                    0.14161597192287445,
                    0.5708721876144409
                ],
                [
                    0.0,
                    0.9955053925514221,
                    -0.09470508992671967,
                    -0.3817683756351471
                ],
                [
                    0.0,
                    0.0,
                    0.0,
                    1.0
                ]
            ]
        },
        {
            "file_path": "/data/shapenet_blender/all_50_random/02958343/23bfcd49917919006a34aa94ca8a3355/r_21",
            "rotation": 0.12566370614359174,
            "transform_matrix": [
                [
                    -0.6766453385353088,
                    0.2892408072948456,
                    -0.6771194338798523,
                    -2.72955584526062
                ],
                [
                    -0.7363089919090271,
                    -0.26580339670181274,
                    0.6222519874572754,
                    2.508378028869629
                ],
                [
                    1.4901160305669237e-08,
                    0.9196130633354187,
                    0.39282524585723877,
                    1.5835292339324951
                ],
                [
                    0.0,
                    0.0,
                    0.0,
                    1.0
                ]
            ]
        },
        {
            "file_path": "/data/shapenet_blender/all_50_random/02958343/23bfcd49917919006a34aa94ca8a3355/r_22",
            "rotation": 0.12566370614359174,
            "transform_matrix": [
                [
                    0.9656875729560852,
                    0.2456347495317459,
                    -0.08432736992835999,
                    -0.33993449807167053
                ],
                [
                    -0.25970661640167236,
                    0.913362979888916,
                    -0.3135610818862915,
                    -1.264005184173584
                ],
                [
                    0.0,
                    0.3247024416923523,
                    0.9458162188529968,
                    3.8127071857452393
                ],
                [
                    0.0,
                    0.0,
                    0.0,
                    1.0
                ]
            ]
        },
        {
            "file_path": "/data/shapenet_blender/all_50_random/02958343/23bfcd49917919006a34aa94ca8a3355/r_23",
            "rotation": 0.12566370614359174,
            "transform_matrix": [
                [
                    -0.9993785619735718,
                    0.010889084078371525,
                    -0.033526111394166946,
                    -0.1351480782032013
                ],
                [
                    -0.035250138491392136,
                    -0.3087169826030731,
                    0.9505005478858948,
                    3.831590175628662
                ],
                [
                    0.0,
                    0.9510915875434875,
                    0.30890896916389465,
                    1.2452518939971924
                ],
                [
                    0.0,
                    0.0,
                    0.0,
                    1.0
                ]
            ]
        },
        {
            "file_path": "/data/shapenet_blender/all_50_random/02958343/23bfcd49917919006a34aa94ca8a3355/r_24",
            "rotation": 0.12566370614359174,
            "transform_matrix": [
                [
                    -0.4421485662460327,
                    0.6958097815513611,
                    0.5659977197647095,
                    2.2816097736358643
                ],
                [
                    0.8969418406486511,
                    0.34300026297569275,
                    0.27900925278663635,
                    1.1247222423553467
                ],
                [
                    0.0,
                    0.6310305595397949,
                    -0.7757579684257507,
                    -3.127180337905884
                ],
                [
                    0.0,
                    0.0,
                    0.0,
                    1.0
                ]
            ]
        },
        {
            "file_path": "/data/shapenet_blender/all_50_random/02958343/23bfcd49917919006a34aa94ca8a3355/r_25",
            "rotation": 0.12566370614359174,
            "transform_matrix": [
                [
                    -0.42914724349975586,
                    -0.5467146635055542,
                    0.7189823985099792,
                    2.898310899734497
                ],
                [
                    0.9032346606254578,
                    -0.25975650548934937,
                    0.3416047990322113,
                    1.377053141593933
                ],
                [
                    0.0,
                    0.7960084080696106,
                    0.6052853465080261,
                    2.439983606338501
                ],
                [
                    0.0,
                    0.0,
                    0.0,
                    1.0
                ]
            ]
        },
        {
            "file_path": "/data/shapenet_blender/all_50_random/02958343/23bfcd49917919006a34aa94ca8a3355/r_26",
            "rotation": 0.12566370614359174,
            "transform_matrix": [
                [
                    0.83765709400177,
                    -0.24037587642669678,
                    -0.4904589354991913,
                    -1.9771032333374023
                ],
                [
                    -0.546196460723877,
                    -0.36864495277404785,
                    -0.7521770596504211,
                    -3.0321226119995117
                ],
                [
                    1.4901161193847656e-08,
                    0.8979533314704895,
                    -0.4400905668735504,
                    -1.7740617990493774
                ],
                [
                    0.0,
                    0.0,
                    0.0,
                    1.0
                ]
            ]
        },
        {
            "file_path": "/data/shapenet_blender/all_50_random/02958343/23bfcd49917919006a34aa94ca8a3355/r_27",
            "rotation": 0.12566370614359174,
            "transform_matrix": [
                [
                    0.9555343985557556,
                    0.14996665716171265,
                    0.25389739871025085,
                    1.0234931707382202
                ],
                [
                    0.29487940669059753,
                    -0.4859555959701538,
                    -0.8227352499961853,
                    -3.316551923751831
                ],
                [
                    0.0,
                    0.8610209226608276,
                    -0.5085694193840027,
                    -2.0501089096069336
                ],
                [
                    0.0,
                    0.0,
                    0.0,
                    1.0
                ]
            ]
        },
        {
            "file_path": "/data/shapenet_blender/all_50_random/02958343/23bfcd49917919006a34aa94ca8a3355/r_28",
            "rotation": 0.12566370614359174,
            "transform_matrix": [
                [
                    -0.5128301978111267,
                    -0.10628535598516464,
                    -0.8518853187561035,
                    -3.4340593814849854
                ],
                [
                    -0.8584900498390198,
                    0.06349094212055206,
                    0.5088847875595093,
                    2.051380157470703
                ],
                [
                    0.0,
                    0.9923065900802612,
                    -0.12380500137805939,
                    -0.49907389283180237
                ],
                [
                    0.0,
                    0.0,
                    0.0,
                    1.0
                ]
            ]
        },
        {
            "file_path": "/data/shapenet_blender/all_50_random/02958343/23bfcd49917919006a34aa94ca8a3355/r_29",
            "rotation": 0.12566370614359174,
            "transform_matrix": [
                [
                    0.3040275573730469,
                    -0.5040406584739685,
                    0.8083997368812561,
                    3.258763551712036
                ],
                [
                    0.952663242816925,
                    0.1608567088842392,
                    -0.2579881548881531,
                    -1.0399835109710693
                ],
                [
                    0.0,
                    0.8485682606697083,
                    0.5290858745574951,
                    2.1328134536743164
                ],
                [
                    0.0,
                    0.0,
                    0.0,
                    1.0
                ]
            ]
        },
        {
            "file_path": "/data/shapenet_blender/all_50_random/02958343/23bfcd49917919006a34aa94ca8a3355/r_30",
            "rotation": 0.12566370614359174,
            "transform_matrix": [
                [
                    0.7314838171005249,
                    -0.024369556456804276,
                    -0.6814231872558594,
                    -2.7469046115875244
                ],
                [
                    -0.6818587779998779,
                    -0.02614314667880535,
                    -0.7310164570808411,
                    -2.946821689605713
                ],
                [
                    1.862645371275562e-09,
                    0.999360978603363,
                    -0.03573989123106003,
                    -0.14407211542129517
                ],
                [
                    0.0,
                    0.0,
                    0.0,
                    1.0
                ]
            ]
        },
        {
            "file_path": "/data/shapenet_blender/all_50_random/02958343/23bfcd49917919006a34aa94ca8a3355/r_31",
            "rotation": 0.12566370614359174,
            "transform_matrix": [
                [
                    0.7794831395149231,
                    0.5845080018043518,
                    0.22529160976409912,
                    0.908179521560669
                ],
                [
                    0.6264231204986572,
                    -0.7273265719413757,
                    -0.2803393006324768,
                    -1.1300839185714722
                ],
                [
                    1.4901160305669237e-08,
                    0.35964763164520264,
                    -0.9330881834030151,
                    -3.7613987922668457
                ],
                [
                    0.0,
                    0.0,
                    0.0,
                    1.0
                ]
            ]
        },
        {
            "file_path": "/data/shapenet_blender/all_50_random/02958343/23bfcd49917919006a34aa94ca8a3355/r_32",
            "rotation": 0.12566370614359174,
            "transform_matrix": [
                [
                    0.6521706581115723,
                    -0.03159297630190849,
                    -0.7574135661125183,
                    -3.053231716156006
                ],
                [
                    -0.7580721378326416,
                    -0.02717948704957962,
                    -0.6516040563583374,
                    -2.626699924468994
                ],
                [
                    1.8626449271863521e-09,
                    0.9991311430931091,
                    -0.04167542979121208,
                    -0.1679990291595459
                ],
                [
                    0.0,
                    0.0,
                    0.0,
                    1.0
                ]
            ]
        },
        {
            "file_path": "/data/shapenet_blender/all_50_random/02958343/23bfcd49917919006a34aa94ca8a3355/r_33",
            "rotation": 0.12566370614359174,
            "transform_matrix": [
                [
                    -0.997247576713562,
                    0.05477464199066162,
                    0.04997147619724274,
                    0.20144148170948029
                ],
                [
                    0.07414452731609344,
                    0.7367216348648071,
                    0.6721187829971313,
                    2.709397792816162
                ],
                [
                    0.0,
                    0.6739739179611206,
                    -0.7387549877166748,
                    -2.9780168533325195
                ],
                [
                    0.0,
                    0.0,
                    0.0,
                    1.0
                ]
            ]
        },
        {
            "file_path": "/data/shapenet_blender/all_50_random/02958343/23bfcd49917919006a34aa94ca8a3355/r_34",
            "rotation": 0.12566370614359174,
            "transform_matrix": [
                [
                    -0.17523761093616486,
                    -0.011969386599957943,
                    -0.9844533801078796,
                    -3.968458652496338
                ],
                [
                    -0.9845261573791504,
                    0.0021304527763277292,
                    0.1752246469259262,
                    0.7063531875610352
                ],
                [
                    -2.3283061589829401e-10,
                    0.9999261498451233,
                    -0.012157508172094822,
                    -0.04900848865509033
                ],
                [
                    0.0,
                    0.0,
                    0.0,
                    1.0
                ]
            ]
        },
        {
            "file_path": "/data/shapenet_blender/all_50_random/02958343/23bfcd49917919006a34aa94ca8a3355/r_35",
            "rotation": 0.12566370614359174,
            "transform_matrix": [
                [
                    0.5668546557426453,
                    0.43653804063796997,
                    0.6986488699913025,
                    2.8163437843322754
                ],
                [
                    0.823817789554596,
                    -0.30037420988082886,
                    -0.4807281196117401,
                    -1.9378770589828491
                ],
                [
                    0.0,
                    0.8480623960494995,
                    -0.5298963189125061,
                    -2.136080503463745
                ],
                [
                    0.0,
                    0.0,
                    0.0,
                    1.0
                ]
            ]
        },
        {
            "file_path": "/data/shapenet_blender/all_50_random/02958343/23bfcd49917919006a34aa94ca8a3355/r_36",
            "rotation": 0.12566370614359174,
            "transform_matrix": [
                [
                    0.9996126890182495,
                    -0.0052084666676819324,
                    -0.02733999490737915,
                    -0.11021104454994202
                ],
                [
                    -0.027831701561808586,
                    -0.18706904351711273,
                    -0.981952428817749,
                    -3.958376884460449
                ],
                [
                    0.0,
                    0.9823328852653503,
                    -0.187141552567482,
                    -0.7543917298316956
                ],
                [
                    0.0,
                    0.0,
                    0.0,
                    1.0
                ]
            ]
        },
        {
            "file_path": "/data/shapenet_blender/all_50_random/02958343/23bfcd49917919006a34aa94ca8a3355/r_37",
            "rotation": 0.12566370614359174,
            "transform_matrix": [
                [
                    -0.25986483693122864,
                    0.5022834539413452,
                    -0.8247312307357788,
                    -3.3245978355407715
                ],
                [
                    -0.9656450748443604,
                    -0.13516955077648163,
                    0.22194351255893707,
                    0.8946829438209534
                ],
                [
                    7.450580596923828e-09,
                    0.8540728688240051,
                    0.5201533436775208,
                    2.0968050956726074
                ],
                [
                    0.0,
                    0.0,
                    0.0,
                    1.0
                ]
            ]
        },
        {
            "file_path": "/data/shapenet_blender/all_50_random/02958343/23bfcd49917919006a34aa94ca8a3355/r_38",
            "rotation": 0.12566370614359174,
            "transform_matrix": [
                [
                    -0.8861545920372009,
                    0.2924102544784546,
                    0.35948070883750916,
                    1.449113130569458
                ],
                [
                    0.4633898437023163,
                    0.5591850876808167,
                    0.6874459385871887,
                    2.7711832523345947
                ],
                [
                    0.0,
                    0.7757630944252014,
                    -0.6310243010520935,
                    -2.5437402725219727
                ],
                [
                    0.0,
                    0.0,
                    0.0,
                    1.0
                ]
            ]
        },
        {
            "file_path": "/data/shapenet_blender/all_50_random/02958343/23bfcd49917919006a34aa94ca8a3355/r_39",
            "rotation": 0.12566370614359174,
            "transform_matrix": [
                [
                    0.20102287828922272,
                    0.4615347385406494,
                    0.8640459775924683,
                    3.4830808639526367
                ],
                [
                    0.979586660861969,
                    -0.09471243619918823,
                    -0.17731255292892456,
                    -0.7147697806358337
                ],
                [
                    0.0,
                    0.8820517659187317,
                    -0.47115251421928406,
                    -1.8992764949798584
                ],
                [
                    0.0,
                    0.0,
                    0.0,
                    1.0
                ]
            ]
        },
        {
            "file_path": "/data/shapenet_blender/all_50_random/02958343/23bfcd49917919006a34aa94ca8a3355/r_40",
            "rotation": 0.12566370614359174,
            "transform_matrix": [
                [
                    -0.9580557942390442,
                    0.00622393237426877,
                    -0.2865142226219177,
                    -1.1549757719039917
                ],
                [
                    -0.2865818440914154,
                    -0.02080688439309597,
                    0.9578298330307007,
                    3.861135482788086
                ],
                [
                    -4.656612873077393e-10,
                    0.9997641444206238,
                    0.021717820316553116,
                    0.08754733204841614
                ],
                [
                    0.0,
                    0.0,
                    0.0,
                    1.0
                ]
            ]
        },
        {
            "file_path": "/data/shapenet_blender/all_50_random/02958343/23bfcd49917919006a34aa94ca8a3355/r_41",
            "rotation": 0.12566370614359174,
            "transform_matrix": [
                [
                    -0.27651044726371765,
                    -0.17394611239433289,
                    0.9451375007629395,
                    3.8099706172943115
                ],
                [
                    0.9610109329223633,
                    -0.05004929378628731,
                    0.27194318175315857,
                    1.0962378978729248
                ],
                [
