{
    "class": "02958343",
    "model": "3ea2b72ba08a2e8097df6383472cc5b6",
    "remove_doubles": true,
    "edge_split": true,
    "denoise": true,
    "camera_angle_x": 0.6911112070083618,
    "scale_factor": 2.293904175461653,
    "hdri_file": "/data/IndoorHDRDataset2018/AG8A1999-e7593e89fa.exr",
    "center_offset": [
        0.0,
        0.0,
        -1.862645149230957e-09
    ],
    "lights": [],
    "frames": [
        {
            "file_path": "/data/shapenet_blender/all_50_random/02958343/3ea2b72ba08a2e8097df6383472cc5b6/r_0",
            "rotation": 0.12566370614359174,
            "transform_matrix": [
                [
                    0.538501501083374,
                    -0.5421250462532043,
                    0.6450710296630859,
                    2.6003644466400146
                ],
                [
                    0.8426245450973511,
                    0.3464593291282654,
                    -0.41224968433380127,
                    -1.6618316173553467
                ],
                [
                    0.0,
                    0.7655497193336487,
                    0.6433767080307007,
                    2.593534469604492
                ],
                [
                    0.0,
                    0.0,
                    0.0,
                    1.0
                ]
            ]
        },
        {
            "file_path": "/data/shapenet_blender/all_50_random/02958343/3ea2b72ba08a2e8097df6383472cc5b6/r_1",
            "rotation": 0.12566370614359174,
            "transform_matrix": [
                [
                    -0.8277187347412109,
                    0.10984030365943909,
                    -0.5502879619598389,
                    -2.2182819843292236
                ],
                [
                    -0.5611433386802673,
                    -0.16202077269554138,
                    0.8117064237594604,
                    3.2720935344696045
                ],
                [
                    0.0,
                    0.9806550741195679,
                    0.19574373960494995,
                    0.789068341255188
                ],
                [
                    0.0,
                    0.0,
                    0.0,
                    1.0
                ]
            ]
        },
        {
            "file_path": "/data/shapenet_blender/all_50_random/02958343/3ea2b72ba08a2e8097df6383472cc5b6/r_2",
            "rotation": 0.12566370614359174,
            "transform_matrix": [
                [
                    -0.8997616171836853,
                    -0.09156093746423721,
                    0.42666804790496826,
                    1.7199538946151733
                ],
                [
                    0.4363817572593689,
                    -0.1887865662574768,
                    0.8797332048416138,
                    3.5463180541992188
                ],
                [
                    0.0,
                    0.9777403473854065,
                    0.20981842279434204,
                    0.8458051085472107
                ],
                [
                    0.0,
                    0.0,
                    0.0,
                    1.0
                ]
            ]
        },
        {
            "file_path": "/data/shapenet_blender/all_50_random/02958343/3ea2b72ba08a2e8097df6383472cc5b6/r_3",
            "rotation": 0.12566370614359174,
            "transform_matrix": [
                [
                    -0.9937846660614014,
                    0.019761094823479652,
                    -0.10955183953046799,
                    -0.44161757826805115
                ],
                [
                    -0.11131983995437622,
                    -0.17641305923461914,
                    0.9780011773109436,
                    3.942448854446411
                ],
                [
                    -1.862645149230957e-09,
                    0.9841178059577942,
                    0.1775163859128952,
                    0.7155914306640625
                ],
                [
                    0.0,
                    0.0,
                    0.0,
                    1.0
                ]
            ]
        },
        {
            "file_path": "/data/shapenet_blender/all_50_random/02958343/3ea2b72ba08a2e8097df6383472cc5b6/r_4",
            "rotation": 0.12566370614359174,
            "transform_matrix": [
                [
                    0.27735635638237,
                    -0.5270010232925415,
                    0.8033326268196106,
                    3.238337516784668
                ],
                [
                    0.9607670903205872,
                    0.15213581919670105,
                    -0.23190782964229584,
                    -0.9348503351211548
                ],
                [
                    0.0,
                    0.8361366987228394,
                    0.548521101474762,
                    2.2111592292785645
                ],
                [
                    0.0,
                    0.0,
                    0.0,
                    1.0
                ]
            ]
        },
        {
            "file_path": "/data/shapenet_blender/all_50_random/02958343/3ea2b72ba08a2e8097df6383472cc5b6/r_5",
            "rotation": 0.12566370614359174,
            "transform_matrix": [
                [
                    0.3455262780189514,
                    0.2351350039243698,
                    0.9084728956222534,
                    3.6621716022491455
                ],
                [
                    0.9384090900421143,
                    -0.08657772094011307,
                    -0.3345036208629608,
                    -1.3484272956848145
                ],
                [
                    0.0,
                    0.968099057674408,
                    -0.25056764483451843,
                    -1.010070562362671
                ],
                [
                    0.0,
                    0.0,
                    0.0,
                    1.0
                ]
            ]
        },
        {
            "file_path": "/data/shapenet_blender/all_50_random/02958343/3ea2b72ba08a2e8097df6383472cc5b6/r_6",
            "rotation": 0.12566370614359174,
            "transform_matrix": [
                [
                    0.9592878222465515,
                    0.2232106775045395,
                    -0.17304296791553497,
                    -0.697558581829071
                ],
                [
                    -0.2824302911758423,
                    0.7581455707550049,
                    -0.5877485871315002,
                    -2.369290590286255
                ],
                [
                    0.0,
                    0.6126927733421326,
                    0.7903211116790771,
                    3.1858866214752197
                ],
                [
                    0.0,
                    0.0,
                    0.0,
                    1.0
                ]
            ]
        },
        {
            "file_path": "/data/shapenet_blender/all_50_random/02958343/3ea2b72ba08a2e8097df6383472cc5b6/r_7",
            "rotation": 0.12566370614359174,
            "transform_matrix": [
                [
                    -0.99891597032547,
                    0.00020992696227040142,
                    -0.04654942452907562,
                    -0.187646746635437
                ],
                [
                    -0.046549901366233826,
                    -0.004504830110818148,
                    0.9989057779312134,
                    4.0267181396484375
                ],
                [
                    1.4551913493643376e-11,
                    0.999989926815033,
                    0.004509718157351017,
                    0.018179256469011307
                ],
                [
                    0.0,
                    0.0,
                    0.0,
                    1.0
                ]
            ]
        },
        {
            "file_path": "/data/shapenet_blender/all_50_random/02958343/3ea2b72ba08a2e8097df6383472cc5b6/r_8",
            "rotation": 0.12566370614359174,
            "transform_matrix": [
                [
                    0.704298734664917,
                    -0.08967209607362747,
                    0.7042174339294434,
                    2.8387913703918457
                ],
                [
                    0.7099037766456604,
                    0.088964082300663,
                    -0.6986572742462158,
                    -2.816377639770508
                ],
                [
                    7.450581485102248e-09,
                    0.9919900298118591,
                    0.12631584703922272,
                    0.5091954469680786
                ],
                [
                    0.0,
                    0.0,
                    0.0,
                    1.0
                ]
            ]
        },
        {
            "file_path": "/data/shapenet_blender/all_50_random/02958343/3ea2b72ba08a2e8097df6383472cc5b6/r_9",
            "rotation": 0.12566370614359174,
            "transform_matrix": [
                [
                    0.475174218416214,
                    -0.27505457401275635,
                    0.8357957005500793,
                    3.3692002296447754
                ],
                [
                    0.8798918128013611,
                    0.14853964745998383,
                    -0.45136067271232605,
                    -1.819493055343628
                ],
                [
                    1.4901162970204496e-08,
                    0.9498846530914307,
                    0.31260043382644653,
                    1.2601326704025269
                ],
                [
                    0.0,
                    0.0,
                    0.0,
                    1.0
                ]
            ]
        },
        {
            "file_path": "/data/shapenet_blender/all_50_random/02958343/3ea2b72ba08a2e8097df6383472cc5b6/r_10",
            "rotation": 0.12566370614359174,
            "transform_matrix": [
                [
                    -0.15862426161766052,
                    -0.2343825101852417,
                    0.9591158032417297,
                    3.8663196563720703
                ],
                [
                    0.9873391389846802,
                    -0.03765550255775452,
                    0.15408994257450104,
                    0.6211565136909485
                ],
                [
                    0.0,
                    0.9714148044586182,
                    0.23738807439804077,
                    0.9569420218467712
                ],
                [
                    0.0,
                    0.0,
                    0.0,
                    1.0
                ]
            ]
        },
        {
            "file_path": "/data/shapenet_blender/all_50_random/02958343/3ea2b72ba08a2e8097df6383472cc5b6/r_11",
            "rotation": 0.12566370614359174,
            "transform_matrix": [
                [
                    0.47440168261528015,
                    0.23315127193927765,
                    -0.8488718271255493,
                    -3.42191219329834
                ],
                [
                    -0.8803086280822754,
                    0.12564611434936523,
                    -0.4574602544307709,
                    -1.8440815210342407
                ],
                [
                    7.450581485102248e-09,
                    0.964289128780365,
                    0.26485171914100647,
                    1.0676515102386475
                ],
                [
                    0.0,
                    0.0,
                    0.0,
                    1.0
                ]
            ]
        },
        {
            "file_path": "/data/shapenet_blender/all_50_random/02958343/3ea2b72ba08a2e8097df6383472cc5b6/r_12",
            "rotation": 0.12566370614359174,
            "transform_matrix": [
                [
                    -0.4827965199947357,
                    0.16883769631385803,
                    -0.859302818775177,
                    -3.4639604091644287
                ],
                [
                    -0.8757326006889343,
                    -0.09308122098445892,
                    0.4737387001514435,
                    1.9097018241882324
                ],
                [
                    -7.450580596923828e-09,
                    0.981238842010498,
                    0.19279597699642181,
                    0.7771854400634766
                ],
                [
                    0.0,
                    0.0,
                    0.0,
                    1.0
                ]
            ]
        },
        {
            "file_path": "/data/shapenet_blender/all_50_random/02958343/3ea2b72ba08a2e8097df6383472cc5b6/r_13",
            "rotation": 0.12566370614359174,
            "transform_matrix": [
                [
                    0.8103055357933044,
                    0.4556827247142792,
                    0.36845365166664124,
                    1.4852842092514038
                ],
                [
                    0.5860074758529663,
                    -0.6300981044769287,
                    -0.5094816088676453,
                    -2.053786039352417
                ],
                [
                    -1.4901160305669237e-08,
                    0.6287523508071899,
                    -0.7776055335998535,
                    -3.1346280574798584
                ],
                [
                    0.0,
                    0.0,
                    0.0,
                    1.0
                ]
            ]
        },
        {
            "file_path": "/data/shapenet_blender/all_50_random/02958343/3ea2b72ba08a2e8097df6383472cc5b6/r_14",
            "rotation": 0.12566370614359174,
            "transform_matrix": [
                [
                    -0.46136245131492615,
                    0.008377042599022388,
                    0.8871721625328064,
                    3.576305627822876
                ],
                [
                    0.8872118592262268,
                    0.004356177989393473,
                    0.4613417983055115,
                    1.8597283363342285
                ],
                [
                    0.0,
                    0.999955415725708,
                    -0.009441986680030823,
                    -0.03806186839938164
                ],
                [
                    0.0,
                    0.0,
                    0.0,
                    1.0
                ]
            ]
        },
        {
            "file_path": "/data/shapenet_blender/all_50_random/02958343/3ea2b72ba08a2e8097df6383472cc5b6/r_15",
            "rotation": 0.12566370614359174,
            "transform_matrix": [
                [
                    0.4188317656517029,
                    -0.023961180821061134,
                    -0.9077476859092712,
                    -3.659247875213623
                ],
                [
                    -0.9080638885498047,
                    -0.01105176005512476,
                    -0.4186859428882599,
                    -1.687777042388916
                ],
                [
                    0.0,
                    0.9996517300605774,
                    -0.026387112215161324,
                    -0.10636985301971436
                ],
                [
                    0.0,
                    0.0,
                    0.0,
                    1.0
                ]
            ]
        },
        {
            "file_path": "/data/shapenet_blender/all_50_random/02958343/3ea2b72ba08a2e8097df6383472cc5b6/r_16",
            "rotation": 0.12566370614359174,
            "transform_matrix": [
                [
                    -0.9990203380584717,
                    0.009038993157446384,
                    0.04332052916288376,
                    0.17463061213493347
                ],
                [
                    0.04425349086523056,
                    0.2040548324584961,
                    0.9779587984085083,
                    3.942277431488037
                ],
                [
                    -9.313224635931761e-10,
                    0.9789177775382996,
                    -0.20425494015216827,
                    -0.8233779072761536
                ],
                [
                    0.0,
                    0.0,
                    0.0,
                    1.0
                ]
            ]
        },
        {
            "file_path": "/data/shapenet_blender/all_50_random/02958343/3ea2b72ba08a2e8097df6383472cc5b6/r_17",
            "rotation": 0.12566370614359174,
            "transform_matrix": [
                [
                    0.509753406047821,
                    0.06926526874303818,
                    0.8575277328491211,
                    3.4568047523498535
                ],
                [
                    0.8603206872940063,
                    -0.041040752083063126,
                    -0.5080985426902771,
                    -2.048210859298706
                ],
                [
                    3.725290742551124e-09,
                    0.9967536926269531,
                    -0.08051100373268127,
                    -0.32455024123191833
                ],
                [
                    0.0,
                    0.0,
                    0.0,
                    1.0
                ]
            ]
        },
        {
            "file_path": "/data/shapenet_blender/all_50_random/02958343/3ea2b72ba08a2e8097df6383472cc5b6/r_18",
            "rotation": 0.12566370614359174,
            "transform_matrix": [
                [
                    0.844044029712677,
                    0.4659523069858551,
                    0.26547688245773315,
                    1.070171594619751
                ],
                [
                    0.5362738370895386,
                    -0.7333646416664124,
                    -0.41783541440963745,
                    -1.6843483448028564
                ],
                [
                    -1.4901161193847656e-08,
                    0.4950398802757263,
                    -0.8688702583312988,
                    -3.502527952194214
                ],
                [
                    0.0,
                    0.0,
                    0.0,
                    1.0
                ]
            ]
        },
        {
            "file_path": "/data/shapenet_blender/all_50_random/02958343/3ea2b72ba08a2e8097df6383472cc5b6/r_19",
            "rotation": 0.12566370614359174,
            "transform_matrix": [
                [
                    -0.4235896170139313,
                    -0.017531834542751312,
                    -0.9056845903396606,
                    -3.650930881500244
                ],
                [
                    -0.9058541655540466,
                    0.00819812249392271,
                    0.4235103130340576,
                    1.7072244882583618
                ],
                [
                    4.6566125955216364e-10,
                    0.999812662601471,
                    -0.019353928044438362,
                    -0.0780181735754013
                ],
                [
                    0.0,
                    0.0,
                    0.0,
                    1.0
                ]
            ]
        },
        {
            "file_path": "/data/shapenet_blender/all_50_random/02958343/3ea2b72ba08a2e8097df6383472cc5b6/r_20",
            "rotation": 0.12566370614359174,
            "transform_matrix": [
                [
                    0.09228752553462982,
                    0.7190122008323669,
                    -0.6888427734375,
                    -2.7768139839172363
                ],
                [
                    -0.9957324862480164,
                    0.06664024293422699,
                    -0.06384405493736267,
                    -0.25736361742019653
                ],
                [
                    -3.725290742551124e-09,
                    0.6917950510978699,
                    0.7220938205718994,
                    2.910853385925293
                ],
                [
                    0.0,
                    0.0,
                    0.0,
                    1.0
                ]
            ]
        },
        {
            "file_path": "/data/shapenet_blender/all_50_random/02958343/3ea2b72ba08a2e8097df6383472cc5b6/r_21",
            "rotation": 0.12566370614359174,
            "transform_matrix": [
                [
                    0.9071600437164307,
                    0.3095034956932068,
                    0.2850760519504547,
                    1.149178385734558
                ],
                [
                    0.42078590393066406,
                    -0.6672495007514954,
                    -0.614587128162384,
                    -2.477480173110962
                ],
                [
                    -1.4901161193847656e-08,
                    0.6774848699569702,
                    -0.7355366349220276,
                    -2.965043306350708
                ],
                [
                    0.0,
                    0.0,
                    0.0,
                    1.0
                ]
            ]
        },
        {
            "file_path": "/data/shapenet_blender/all_50_random/02958343/3ea2b72ba08a2e8097df6383472cc5b6/r_22",
            "rotation": 0.12566370614359174,
            "transform_matrix": [
                [
                    -0.8218317031860352,
                    0.32410138845443726,
                    -0.46856260299682617,
                    -1.88883638381958
                ],
                [
                    -0.5697303414344788,
                    -0.4675137996673584,
                    0.6758979558944702,
                    2.7246320247650146
                ],
                [
                    0.0,
                    0.8224287629127502,
                    0.5688679814338684,
                    2.293180465698242
                ],
                [
                    0.0,
                    0.0,
                    0.0,
                    1.0
                ]
            ]
        },
        {
            "file_path": "/data/shapenet_blender/all_50_random/02958343/3ea2b72ba08a2e8097df6383472cc5b6/r_23",
            "rotation": 0.12566370614359174,
            "transform_matrix": [
                [
                    0.139954075217247,
                    -0.46791180968284607,
                    0.8726232647895813,
                    3.5176568031311035
                ],
                [
                    0.9901580214500427,
                    0.06613708287477493,
                    -0.12334109842777252,
                    -0.4972038269042969
                ],
                [
                    -3.725290298461914e-09,
                    0.8812969326972961,
                    0.4725627601146698,
                    1.904961347579956
                ],
                [
                    0.0,
                    0.0,
                    0.0,
                    1.0
                ]
            ]
        },
        {
            "file_path": "/data/shapenet_blender/all_50_random/02958343/3ea2b72ba08a2e8097df6383472cc5b6/r_24",
            "rotation": 0.12566370614359174,
            "transform_matrix": [
                [
                    0.3666286766529083,
                    -0.3884526193141937,
                    -0.8453921675682068,
                    -3.4078848361968994
                ],
                [
                    -0.9303674101829529,
                    -0.15307703614234924,
                    -0.33314263820648193,
                    -1.3429409265518188
                ],
                [
                    0.0,
                    0.908664882183075,
                    -0.41752609610557556,
                    -1.6831015348434448
                ],
                [
                    0.0,
                    0.0,
                    0.0,
                    1.0
                ]
            ]
        },
        {
            "file_path": "/data/shapenet_blender/all_50_random/02958343/3ea2b72ba08a2e8097df6383472cc5b6/r_25",
            "rotation": 0.12566370614359174,
            "transform_matrix": [
                [
                    -0.05005457624793053,
                    -0.30472052097320557,
                    -0.9511256217956543,
                    -3.8341097831726074
                ],
                [
                    -0.9987465143203735,
                    0.015271801501512527,
                    0.047667939215898514,
                    0.1921555995941162
                ],
                [
                    1.862645149230957e-09,
                    0.9523192644119263,
                    -0.30510303378105164,
                    -1.2299096584320068
                ],
                [
                    0.0,
                    0.0,
                    0.0,
                    1.0
                ]
            ]
        },
        {
            "file_path": "/data/shapenet_blender/all_50_random/02958343/3ea2b72ba08a2e8097df6383472cc5b6/r_26",
            "rotation": 0.12566370614359174,
            "transform_matrix": [
                [
                    0.9673712849617004,
                    0.19454868137836456,
                    0.16230712831020355,
                    0.6542810201644897
                ],
                [
                    0.2533629834651947,
                    -0.7428109645843506,
                    -0.6197087168693542,
                    -2.4981260299682617
                ],
                [
                    0.0,
                    0.6406109929084778,
                    -0.7678654193878174,
                    -3.095364809036255
                ],
                [
                    0.0,
                    0.0,
                    0.0,
                    1.0
                ]
            ]
        },
        {
            "file_path": "/data/shapenet_blender/all_50_random/02958343/3ea2b72ba08a2e8097df6383472cc5b6/r_27",
            "rotation": 0.12566370614359174,
            "transform_matrix": [
                [
                    -0.9955682754516602,
                    0.07943201065063477,
                    -0.05034336447715759,
                    -0.20294061303138733
                ],
                [
                    -0.09404200315475464,
                    -0.840900719165802,
                    0.5329560041427612,
                    2.1484146118164062
                ],
                [
                    -3.725290298461914e-09,
                    0.5353284478187561,
                    0.8446438908576965,
                    3.4048686027526855
                ],
                [
                    0.0,
                    0.0,
                    0.0,
                    1.0
                ]
            ]
        },
        {
            "file_path": "/data/shapenet_blender/all_50_random/02958343/3ea2b72ba08a2e8097df6383472cc5b6/r_28",
            "rotation": 0.12566370614359174,
            "transform_matrix": [
                [
                    0.07216250151395798,
                    -0.0661562830209732,
                    0.9951964020729065,
                    4.011765003204346
                ],
                [
                    0.9973929524421692,
                    0.004786481615155935,
                    -0.07200358062982559,
                    -0.29025572538375854
                ],
                [
                    0.0,
                    0.9977977871894836,
                    0.06632920354604721,
                    0.26738157868385315
                ],
                [
                    0.0,
                    0.0,
                    0.0,
                    1.0
                ]
            ]
        },
        {
            "file_path": "/data/shapenet_blender/all_50_random/02958343/3ea2b72ba08a2e8097df6383472cc5b6/r_29",
            "rotation": 0.12566370614359174,
            "transform_matrix": [
                [
                    0.8010163903236389,
                    -0.15351396799087524,
                    -0.5786244869232178,
                    -2.332510232925415
                ],
                [
                    -0.5986425876617432,
                    -0.20541003346443176,
                    -0.7742310166358948,
                    -3.121025323867798
                ],
                [
                    0.0,
                    0.966560959815979,
                    -0.2564367353916168,
                    -1.0337296724319458
                ],
                [
                    0.0,
                    0.0,
                    0.0,
                    1.0
                ]
            ]
        },
        {
            "file_path": "/data/shapenet_blender/all_50_random/02958343/3ea2b72ba08a2e8097df6383472cc5b6/r_30",
            "rotation": 0.12566370614359174,
            "transform_matrix": [
                [
                    0.9999805688858032,
                    -0.006147035397589207,
                    0.0010753886308521032,
                    0.004335030913352966
                ],
                [
                    0.0062403930351138115,
                    0.985020637512207,
                    -0.17232373356819153,
                    -0.6946592330932617
                ],
                [
                    0.0,
                    0.1723271906375885,
                    0.9850397109985352,
                    3.970822334289551
                ],
                [
                    0.0,
                    0.0,
                    0.0,
                    1.0
                ]
            ]
        },
        {
            "file_path": "/data/shapenet_blender/all_50_random/02958343/3ea2b72ba08a2e8097df6383472cc5b6/r_31",
            "rotation": 0.12566370614359174,
            "transform_matrix": [
                [
                    0.9526440501213074,
                    0.09097069501876831,
                    0.29016152024269104,
                    1.1696785688400269
                ],
                [
                    0.3040878176689148,
                    -0.2849923074245453,
                    -0.9090158939361572,
                    -3.664360523223877
                ],
                [
                    -7.450580596923828e-09,
                    0.9542032480239868,
                    -0.2991592288017273,
                    -1.2059495449066162
                ],
                [
                    0.0,
                    0.0,
                    0.0,
                    1.0
                ]
            ]
        },
        {
            "file_path": "/data/shapenet_blender/all_50_random/02958343/3ea2b72ba08a2e8097df6383472cc5b6/r_32",
            "rotation": 0.12566370614359174,
            "transform_matrix": [
                [
                    -0.762545108795166,
                    0.27851277589797974,
                    -0.5839141607284546,
                    -2.3538331985473633
                ],
                [
                    -0.646935224533081,
                    -0.3282840847969055,
                    0.688261866569519,
                    2.774472236633301
                ],
                [
                    0.0,
                    0.9025852680206299,
                    0.43051111698150635,
                    1.7354458570480347
                ],
                [
                    0.0,
                    0.0,
                    0.0,
                    1.0
                ]
            ]
        },
        {
            "file_path": "/data/shapenet_blender/all_50_random/02958343/3ea2b72ba08a2e8097df6383472cc5b6/r_33",
            "rotation": 0.12566370614359174,
            "transform_matrix": [
                [
                    -0.8929526805877686,
                    -0.17792826890945435,
                    -0.41349363327026367,
                    -1.6668460369110107
                ],
                [
                    -0.4501504600048065,
                    0.3529520630836487,
                    0.820237398147583,
                    3.3064825534820557
                ],
                [
                    1.4901159417490817e-08,
                    0.9185675978660583,
                    -0.39526399970054626,
                    -1.5933600664138794
                ],
                [
                    0.0,
                    0.0,
                    0.0,
                    1.0
                ]
            ]
        },
        {
            "file_path": "/data/shapenet_blender/all_50_random/02958343/3ea2b72ba08a2e8097df6383472cc5b6/r_34",
            "rotation": 0.12566370614359174,
            "transform_matrix": [
                [
                    -0.9932806491851807,
                    -0.1026824489235878,
                    0.053385041654109955,
                    0.21520200371742249
                ],
                [
                    0.11573091149330139,
                    -0.8812898993492126,
                    0.4581863284111023,
                    1.847008228302002
                ],
                [
                    3.7252898543727042e-09,
                    0.46128585934638977,
                    0.8872514963150024,
                    3.576625347137451
                ],
                [
                    0.0,
                    0.0,
                    0.0,
                    1.0
                ]
            ]
        },
        {
            "file_path": "/data/shapenet_blender/all_50_random/02958343/3ea2b72ba08a2e8097df6383472cc5b6/r_35",
            "rotation": 0.12566370614359174,
            "transform_matrix": [
                [
                    0.5255481004714966,
                    -0.35673287510871887,
                    0.7723605036735535,
                    3.113485097885132
                ],
                [
                    0.8507638573646545,
                    0.22036699950695038,
                    -0.4771154522895813,
                    -1.9233139753341675
                ],
                [
                    0.0,
                    0.9078437089920044,
                    0.4193088412284851,
                    1.6902880668640137
                ],
                [
                    0.0,
                    0.0,
                    0.0,
                    1.0
                ]
            ]
        },
        {
            "file_path": "/data/shapenet_blender/all_50_random/02958343/3ea2b72ba08a2e8097df6383472cc5b6/r_36",
            "rotation": 0.12566370614359174,
            "transform_matrix": [
                [
                    -0.19368122518062592,
                    -0.3272375166416168,
                    0.9248800277709961,
                    3.7283108234405518
                ],
                [
                    0.9810645580291748,
                    -0.0646030455827713,
                    0.18258929252624512,
                    0.7360410690307617
                ],
                [
                    -3.725290742551124e-09,
                    0.9427311420440674,
                    0.3335534632205963,
                    1.3445971012115479
                ],
                [
                    0.0,
                    0.0,
                    0.0,
                    1.0
                ]
            ]
        },
        {
            "file_path": "/data/shapenet_blender/all_50_random/02958343/3ea2b72ba08a2e8097df6383472cc5b6/r_37",
            "rotation": 0.12566370614359174,
            "transform_matrix": [
                [
                    0.8168396949768066,
                    0.36324572563171387,
                    -0.4481356143951416,
                    -1.8064924478530884
                ],
                [
                    -0.5768648386001587,
                    0.5143553018569946,
                    -0.6345592737197876,
                    -2.557990312576294
                ],
                [
                    -1.4901162970204496e-08,
                    0.7768467664718628,
                    0.6296895742416382,
                    2.5383598804473877
                ],
                [
                    0.0,
                    0.0,
                    0.0,
                    1.0
                ]
            ]
        },
        {
            "file_path": "/data/shapenet_blender/all_50_random/02958343/3ea2b72ba08a2e8097df6383472cc5b6/r_38",
            "rotation": 0.12566370614359174,
            "transform_matrix": [
                [
                    0.30799373984336853,
                    -0.22133825719356537,
                    0.9252833127975464,
                    3.729936361312866
                ],
                [
                    0.9513884782791138,
                    0.07165400683879852,
                    -0.29954269528388977,
                    -1.2074952125549316
                ],
                [
                    0.0,
                    0.9725610613822937,
                    0.2326476275920868,
                    0.9378325939178467
                ],
                [
                    0.0,
                    0.0,
                    0.0,
                    1.0
                ]
            ]
        },
        {
            "file_path": "/data/shapenet_blender/all_50_random/02958343/3ea2b72ba08a2e8097df6383472cc5b6/r_39",
            "rotation": 0.12566370614359174,
            "transform_matrix": [
                [
                    0.8627896308898926,
                    0.0007648318423889577,
                    0.5055624842643738,
                    2.037987470626831
                ],
                [
                    0.5055630803108215,
                    -0.001305255456827581,
                    -0.8627886772155762,
                    -3.4780123233795166
                ],
                [
                    -5.8207653974573503e-11,
                    0.9999988675117493,
                    -0.0015128316590562463,
                    -0.006098419427871704
                ],
                [
                    0.0,
                    0.0,
                    0.0,
                    1.0
                ]
            ]
        },
        {
            "file_path": "/data/shapenet_blender/all_50_random/02958343/3ea2b72ba08a2e8097df6383472cc5b6/r_40",
            "rotation": 0.12566370614359174,
            "transform_matrix": [
                [
                    -0.18273621797561646,
                    -0.5779818296432495,
                    0.7953266501426697,
                    3.206064224243164
                ],
                [
                    0.983161985874176,
                    -0.10742707550525665,
                    0.14782404899597168,
                    0.5958977937698364
                ],
                [
                    0.0,
                    0.8089476823806763,
                    0.5878806114196777,
                    2.3698225021362305
                ],
                [
                    0.0,
                    0.0,
                    0.0,
                    1.0
                ]
            ]
        },
        {
            "file_path": "/data/shapenet_blender/all_50_random/02958343/3ea2b72ba08a2e8097df6383472cc5b6/r_41",
            "rotation": 0.12566370614359174,
            "transform_matrix": [
                [
                    0.9822415709495544,
                    -0.1421867161989212,
                    0.1224108636379242,
                    0.4934539496898651
                ],
                [
                    0.1876205950975418,
                    0.744383692741394,
                    -0.6408520340919495,
                    -2.583357095718384
                ],
