{
    "class": "02958343",
    "model": "460f7950d804d4564d7ac55d461d1984",
    "remove_doubles": true,
    "edge_split": true,
    "denoise": true,
    "camera_angle_x": 0.6911112070083618,
    "scale_factor": 2.2815189822464834,
    "hdri_file": "/data/IndoorHDRDataset2018/9C4A6940-4d4216ac38.exr",
    "center_offset": [
        0.0,
        0.0,
        -3.725290298461914e-09
    ],
    "lights": [],
    "frames": [
        {
            "file_path": "/data/shapenet_blender/all_50_random/02958343/460f7950d804d4564d7ac55d461d1984/r_0",
            "rotation": 0.12566370614359174,
            "transform_matrix": [
                [
                    -0.5958031415939331,
                    -0.3492465317249298,
                    0.7232188582420349,
                    2.915388584136963
                ],
                [
                    0.803130567073822,
                    -0.2590888440608978,
                    0.5365205407142639,
                    2.16278338432312
                ],
                [
                    0.0,
                    0.9004998207092285,
                    0.43485647439956665,
                    1.7529624700546265
                ],
                [
                    0.0,
                    0.0,
                    0.0,
                    1.0
                ]
            ]
        },
        {
            "file_path": "/data/shapenet_blender/all_50_random/02958343/460f7950d804d4564d7ac55d461d1984/r_1",
            "rotation": 0.12566370614359174,
            "transform_matrix": [
                [
                    0.9560613632202148,
                    0.035735759884119034,
                    -0.2909804880619049,
                    -1.1729799509048462
                ],
                [
                    -0.2931666970252991,
                    0.11653976887464523,
                    -0.9489318132400513,
                    -3.8252668380737305
                ],
                [
                    0.0,
                    0.9925428032875061,
                    0.1218957006931305,
                    0.4913773238658905
                ],
                [
                    0.0,
                    0.0,
                    0.0,
                    1.0
                ]
            ]
        },
        {
            "file_path": "/data/shapenet_blender/all_50_random/02958343/460f7950d804d4564d7ac55d461d1984/r_2",
            "rotation": 0.12566370614359174,
            "transform_matrix": [
                [
                    -0.2355993390083313,
                    0.25875940918922424,
                    0.9367691278457642,
                    3.7762372493743896
                ],
                [
                    0.9718503355979919,
                    0.0627293586730957,
                    0.227094829082489,
                    0.9154485464096069
                ],
                [
                    -3.725290742551124e-09,
                    0.9639027118682861,
                    -0.2662544250488281,
                    -1.0733059644699097
                ],
                [
                    0.0,
                    0.0,
                    0.0,
                    1.0
                ]
            ]
        },
        {
            "file_path": "/data/shapenet_blender/all_50_random/02958343/460f7950d804d4564d7ac55d461d1984/r_3",
            "rotation": 0.12566370614359174,
            "transform_matrix": [
                [
                    0.8370953798294067,
                    0.18010574579238892,
                    -0.5165590047836304,
                    -2.0823159217834473
                ],
                [
                    -0.5470569133758545,
                    0.27559414505958557,
                    -0.790428102016449,
                    -3.1863174438476562
                ],
                [
                    0.0,
                    0.9442509412765503,
                    0.32922667264938354,
                    1.3271551132202148
                ],
                [
                    0.0,
                    0.0,
                    0.0,
                    1.0
                ]
            ]
        },
        {
            "file_path": "/data/shapenet_blender/all_50_random/02958343/460f7950d804d4564d7ac55d461d1984/r_4",
            "rotation": 0.12566370614359174,
            "transform_matrix": [
                [
                    0.4646512269973755,
                    0.3817617893218994,
                    0.7989726066589355,
                    3.22076153755188
                ],
                [
                    0.8854938745498657,
                    -0.20032446086406708,
                    -0.41925033926963806,
                    -1.6900521516799927
                ],
                [
                    0.0,
                    0.902290403842926,
                    -0.43112868070602417,
                    -1.7379353046417236
                ],
                [
                    0.0,
                    0.0,
                    0.0,
                    1.0
                ]
            ]
        },
        {
            "file_path": "/data/shapenet_blender/all_50_random/02958343/460f7950d804d4564d7ac55d461d1984/r_5",
            "rotation": 0.12566370614359174,
            "transform_matrix": [
                [
                    0.9999780654907227,
                    0.005797422956675291,
                    -0.003208088455721736,
                    -0.012932218611240387
                ],
                [
                    -0.0066258544102311134,
                    0.8749507069587708,
                    -0.4841667115688324,
                    -1.9517384767532349
                ],
                [
                    0.0,
                    0.48417744040489197,
                    0.8749698400497437,
                    3.527116298675537
                ],
                [
                    0.0,
                    0.0,
                    0.0,
                    1.0
                ]
            ]
        },
        {
            "file_path": "/data/shapenet_blender/all_50_random/02958343/460f7950d804d4564d7ac55d461d1984/r_6",
            "rotation": 0.12566370614359174,
            "transform_matrix": [
                [
                    -0.9569091200828552,
                    0.22961850464344025,
                    -0.177764430642128,
                    -0.7165912389755249
                ],
                [
                    -0.29038742184638977,
                    -0.7566582560539246,
                    0.585784375667572,
                    2.3613719940185547
                ],
                [
                    0.0,
                    0.6121629476547241,
                    0.79073166847229,
                    3.1875410079956055
                ],
                [
                    0.0,
                    0.0,
                    0.0,
                    1.0
                ]
            ]
        },
        {
            "file_path": "/data/shapenet_blender/all_50_random/02958343/460f7950d804d4564d7ac55d461d1984/r_7",
            "rotation": 0.12566370614359174,
            "transform_matrix": [
                [
                    0.2906055450439453,
                    0.37721794843673706,
                    -0.8793491125106812,
                    -3.5447700023651123
                ],
                [
                    -0.9568429589271545,
                    0.11456596106290817,
                    -0.26706966757774353,
                    -1.0765924453735352
                ],
                [
                    -7.450580596923828e-09,
                    0.9190109968185425,
                    0.3942318260669708,
                    1.589199423789978
                ],
                [
                    0.0,
                    0.0,
                    0.0,
                    1.0
                ]
            ]
        },
        {
            "file_path": "/data/shapenet_blender/all_50_random/02958343/460f7950d804d4564d7ac55d461d1984/r_8",
            "rotation": 0.12566370614359174,
            "transform_matrix": [
                [
                    -0.009644115343689919,
                    0.5386465787887573,
                    0.8424765467643738,
                    3.396131753921509
                ],
                [
                    0.9999535083770752,
                    0.005195011850446463,
                    0.00812531914561987,
                    0.032754212617874146
                ],
                [
                    0.0,
                    0.8425156474113464,
                    -0.538671612739563,
                    -2.171454906463623
                ],
                [
                    0.0,
                    0.0,
                    0.0,
                    1.0
                ]
            ]
        },
        {
            "file_path": "/data/shapenet_blender/all_50_random/02958343/460f7950d804d4564d7ac55d461d1984/r_9",
            "rotation": 0.12566370614359174,
            "transform_matrix": [
                [
                    -0.33180853724479675,
                    -0.12669768929481506,
                    0.9347999095916748,
                    3.768298864364624
                ],
                [
                    0.9433467984199524,
                    -0.04456407576799393,
                    0.32880228757858276,
                    1.3254444599151611
                ],
                [
                    3.725290298461914e-09,
                    0.990939736366272,
                    0.1343066245317459,
                    0.5414073467254639
                ],
                [
                    0.0,
                    0.0,
                    0.0,
                    1.0
                ]
            ]
        },
        {
            "file_path": "/data/shapenet_blender/all_50_random/02958343/460f7950d804d4564d7ac55d461d1984/r_10",
            "rotation": 0.12566370614359174,
            "transform_matrix": [
                [
                    0.7546574473381042,
                    -0.5286511778831482,
                    -0.3886129856109619,
                    -1.5665490627288818
                ],
                [
                    -0.6561189889907837,
                    -0.6080459952354431,
                    -0.44697636365890503,
                    -1.8018193244934082
                ],
                [
                    1.4901161193847656e-08,
                    0.5922902822494507,
                    -0.8057245016098022,
                    -3.2479794025421143
                ],
                [
                    0.0,
                    0.0,
                    0.0,
                    1.0
                ]
            ]
        },
        {
            "file_path": "/data/shapenet_blender/all_50_random/02958343/460f7950d804d4564d7ac55d461d1984/r_11",
            "rotation": 0.12566370614359174,
            "transform_matrix": [
                [
                    -0.8146278858184814,
                    0.09466204792261124,
                    -0.5722066760063171,
                    -2.3066391944885254
                ],
                [
                    -0.5799840092658997,
                    -0.13295942544937134,
                    0.803704023361206,
                    3.239834785461426
                ],
                [
                    0.0,
                    0.9865904450416565,
                    0.16321490705013275,
                    0.6579403877258301
                ],
                [
                    0.0,
                    0.0,
                    0.0,
                    1.0
                ]
            ]
        },
        {
            "file_path": "/data/shapenet_blender/all_50_random/02958343/460f7950d804d4564d7ac55d461d1984/r_12",
            "rotation": 0.12566370614359174,
            "transform_matrix": [
                [
                    -0.7825428247451782,
                    -0.008997073397040367,
                    0.6225317120552063,
                    2.5095055103302
                ],
                [
                    0.6225966215133667,
                    -0.011308437213301659,
                    0.7824611663818359,
                    3.1542017459869385
                ],
                [
                    0.0,
                    0.9998955130577087,
                    0.014450888149440289,
                    0.058253392577171326
                ],
                [
                    0.0,
                    0.0,
                    0.0,
                    1.0
                ]
            ]
        },
        {
            "file_path": "/data/shapenet_blender/all_50_random/02958343/460f7950d804d4564d7ac55d461d1984/r_13",
            "rotation": 0.12566370614359174,
            "transform_matrix": [
                [
                    0.6595972776412964,
                    -0.5533985495567322,
                    0.5086073279380798,
                    2.0502617359161377
                ],
                [
                    0.7516191601753235,
                    0.4856451153755188,
                    -0.4463377892971039,
                    -1.7992452383041382
                ],
                [
                    2.9802322387695312e-08,
                    0.6766822338104248,
                    0.7362751364707947,
                    2.968019962310791
                ],
                [
                    0.0,
                    0.0,
                    0.0,
                    1.0
                ]
            ]
        },
        {
            "file_path": "/data/shapenet_blender/all_50_random/02958343/460f7950d804d4564d7ac55d461d1984/r_14",
            "rotation": 0.12566370614359174,
            "transform_matrix": [
                [
                    0.0035586291924118996,
                    0.3950575888156891,
                    -0.918649435043335,
                    -3.7031943798065186
                ],
                [
                    -0.9999937415122986,
                    0.001405872288160026,
                    -0.00326915318146348,
                    -0.013178378343582153
                ],
                [
                    0.0,
                    0.918655276298523,
                    0.39506009221076965,
                    1.5925381183624268
                ],
                [
                    0.0,
                    0.0,
                    0.0,
                    1.0
                ]
            ]
        },
        {
            "file_path": "/data/shapenet_blender/all_50_random/02958343/460f7950d804d4564d7ac55d461d1984/r_15",
            "rotation": 0.12566370614359174,
            "transform_matrix": [
                [
                    -0.6392160654067993,
                    0.023402094841003418,
                    0.7686710953712463,
                    3.098611831665039
                ],
                [
                    0.7690271139144897,
                    0.019451841711997986,
                    0.6389201283454895,
                    2.5755691528320312
                ],
                [
                    9.313224080820248e-10,
                    0.9995368719100952,
                    -0.030430782586336136,
                    -0.12267039716243744
                ],
                [
                    0.0,
                    0.0,
                    0.0,
                    1.0
                ]
            ]
        },
        {
            "file_path": "/data/shapenet_blender/all_50_random/02958343/460f7950d804d4564d7ac55d461d1984/r_16",
            "rotation": 0.12566370614359174,
            "transform_matrix": [
                [
                    0.4108651876449585,
                    -0.7628316283226013,
                    -0.4992770850658417,
                    -2.01265025138855
                ],
                [
                    -0.9116960167884827,
                    -0.34377792477607727,
                    -0.22500436007976532,
                    -0.9070215821266174
                ],
                [
                    0.0,
                    0.5476352572441101,
                    -0.8367170691490173,
                    -3.3729143142700195
                ],
                [
                    0.0,
                    0.0,
                    0.0,
                    1.0
                ]
            ]
        },
        {
            "file_path": "/data/shapenet_blender/all_50_random/02958343/460f7950d804d4564d7ac55d461d1984/r_17",
            "rotation": 0.12566370614359174,
            "transform_matrix": [
                [
                    0.8120381236076355,
                    0.3498731553554535,
                    -0.4671003222465515,
                    -1.882941484451294
                ],
                [
                    -0.5836042761802673,
                    0.486820250749588,
                    -0.649932324886322,
                    -2.6199610233306885
                ],
                [
                    1.4901160305669237e-08,
                    0.8003715872764587,
                    0.5995041131973267,
                    2.4166784286499023
                ],
                [
                    0.0,
                    0.0,
                    0.0,
                    1.0
                ]
            ]
        },
        {
            "file_path": "/data/shapenet_blender/all_50_random/02958343/460f7950d804d4564d7ac55d461d1984/r_18",
            "rotation": 0.12566370614359174,
            "transform_matrix": [
                [
                    -0.6287662982940674,
                    -0.39081186056137085,
                    0.6722491979598999,
                    2.709923267364502
                ],
                [
                    0.777594268321991,
                    -0.31601226329803467,
                    0.5435838103294373,
                    2.191256523132324
                ],
                [
                    0.0,
                    0.8645243048667908,
                    0.5025909543037415,
                    2.0260088443756104
                ],
                [
                    0.0,
                    0.0,
                    0.0,
                    1.0
                ]
            ]
        },
        {
            "file_path": "/data/shapenet_blender/all_50_random/02958343/460f7950d804d4564d7ac55d461d1984/r_19",
            "rotation": 0.12566370614359174,
            "transform_matrix": [
                [
                    0.37206268310546875,
                    0.09233105182647705,
                    -0.9236040711402893,
                    -3.7231667041778564
                ],
                [
                    -0.9282076954841614,
                    0.03700997307896614,
                    -0.37021738290786743,
                    -1.4923938512802124
                ],
                [
                    3.725290298461914e-09,
                    0.9950402975082397,
                    0.09947242587804794,
                    0.4009861350059509
                ],
                [
                    0.0,
                    0.0,
                    0.0,
                    1.0
                ]
            ]
        },
        {
            "file_path": "/data/shapenet_blender/all_50_random/02958343/460f7950d804d4564d7ac55d461d1984/r_20",
            "rotation": 0.12566370614359174,
            "transform_matrix": [
                [
                    0.9988069534301758,
                    0.0036131497472524643,
                    -0.048698510974645615,
                    -0.19630995392799377
                ],
                [
                    -0.04883235692977905,
                    0.07390261441469193,
                    -0.9960692524909973,
                    -4.015283107757568
                ],
                [
                    0.0,
                    0.9972589612007141,
                    0.07399088889360428,
                    0.29826676845550537
                ],
                [
                    0.0,
                    0.0,
                    0.0,
                    1.0
                ]
            ]
        },
        {
            "file_path": "/data/shapenet_blender/all_50_random/02958343/460f7950d804d4564d7ac55d461d1984/r_21",
            "rotation": 0.12566370614359174,
            "transform_matrix": [
                [
                    0.5898914337158203,
                    -0.5737722516059875,
                    -0.5681668519973755,
                    -2.290353775024414
                ],
                [
                    -0.8074826002120972,
                    -0.4191586673259735,
                    -0.4150637090206146,
                    -1.67317533493042
                ],
                [
                    -1.4901161193847656e-08,
                    0.703627347946167,
                    -0.7105691432952881,
                    -2.8643958568573
                ],
                [
                    0.0,
                    0.0,
                    0.0,
                    1.0
                ]
            ]
        },
        {
            "file_path": "/data/shapenet_blender/all_50_random/02958343/460f7950d804d4564d7ac55d461d1984/r_22",
            "rotation": 0.12566370614359174,
            "transform_matrix": [
                [
                    -0.051955804228782654,
                    -0.21301239728927612,
                    -0.9756671190261841,
                    -3.933039903640747
                ],
                [
                    -0.9986493587493896,
                    0.011082198470830917,
                    0.05076013132929802,
                    0.2046206295490265
                ],
                [
                    0.0,
                    0.9769865274429321,
                    -0.21330049633979797,
                    -0.8598418235778809
                ],
                [
                    0.0,
                    0.0,
                    0.0,
                    1.0
                ]
            ]
        },
        {
            "file_path": "/data/shapenet_blender/all_50_random/02958343/460f7950d804d4564d7ac55d461d1984/r_23",
            "rotation": 0.12566370614359174,
            "transform_matrix": [
                [
                    -0.5783094763755798,
                    -0.1840401142835617,
                    -0.7947875261306763,
                    -3.2038912773132324
                ],
                [
                    -0.8158174157142639,
                    0.1304607391357422,
                    0.563401997089386,
                    2.271146297454834
                ],
                [
                    0.0,
                    0.9742223024368286,
                    -0.2255898416042328,
                    -0.9093818068504333
                ],
                [
                    0.0,
                    0.0,
                    0.0,
                    1.0
                ]
            ]
        },
        {
            "file_path": "/data/shapenet_blender/all_50_random/02958343/460f7950d804d4564d7ac55d461d1984/r_24",
            "rotation": 0.12566370614359174,
            "transform_matrix": [
                [
                    0.5758291482925415,
                    -0.029050376266241074,
                    -0.8170537352561951,
                    -3.2936489582061768
                ],
                [
                    -0.8175700306892395,
                    -0.020460698753595352,
                    -0.5754655599594116,
                    -2.3197758197784424
                ],
                [
                    1.862645149230957e-09,
                    0.9993684887886047,
                    -0.03553258255124092,
                    -0.1432364284992218
                ],
                [
                    0.0,
                    0.0,
                    0.0,
                    1.0
                ]
            ]
        },
        {
            "file_path": "/data/shapenet_blender/all_50_random/02958343/460f7950d804d4564d7ac55d461d1984/r_25",
            "rotation": 0.12566370614359174,
            "transform_matrix": [
                [
                    -0.5433769226074219,
                    0.48847436904907227,
                    -0.6827402114868164,
                    -2.752213954925537
                ],
                [
                    -0.8394887447357178,
                    -0.3161754310131073,
                    0.44191813468933105,
                    1.7814290523529053
                ],
                [
                    0.0,
                    0.8132809400558472,
                    0.5818711519241333,
                    2.345597982406616
                ],
                [
                    0.0,
                    0.0,
                    0.0,
                    1.0
                ]
            ]
        },
        {
            "file_path": "/data/shapenet_blender/all_50_random/02958343/460f7950d804d4564d7ac55d461d1984/r_26",
            "rotation": 0.12566370614359174,
            "transform_matrix": [
                [
                    -0.9160367846488953,
                    -0.02626429870724678,
                    -0.40023356676101685,
                    -1.6133930683135986
                ],
                [
                    -0.4010944366455078,
                    0.05998354032635689,
                    0.914070725440979,
                    3.684736967086792
                ],
                [
                    0.0,
                    0.9978537559509277,
                    -0.06548158824443817,
                    -0.2639647126197815
                ],
                [
                    0.0,
                    0.0,
                    0.0,
                    1.0
                ]
            ]
        },
        {
            "file_path": "/data/shapenet_blender/all_50_random/02958343/460f7950d804d4564d7ac55d461d1984/r_27",
            "rotation": 0.12566370614359174,
            "transform_matrix": [
                [
                    -0.9576118588447571,
                    0.27184993028640747,
                    0.09527384489774704,
                    0.38406118750572205
                ],
                [
                    0.28806164860725403,
                    0.9037188291549683,
                    0.31672167778015137,
                    1.2767460346221924
                ],
                [
                    7.450580596923828e-09,
                    0.330741286277771,
                    -0.9437214136123657,
                    -3.80426287651062
                ],
                [
                    0.0,
                    0.0,
                    0.0,
                    1.0
                ]
            ]
        },
        {
            "file_path": "/data/shapenet_blender/all_50_random/02958343/460f7950d804d4564d7ac55d461d1984/r_28",
            "rotation": 0.12566370614359174,
            "transform_matrix": [
                [
                    -0.7787333726882935,
                    -0.2982029616832733,
                    -0.5519503355026245,
                    -2.224982976913452
                ],
                [
                    -0.6273548603057861,
                    0.370158314704895,
                    0.6851340532302856,
                    2.7618637084960938
                ],
                [
                    -1.4901159417490817e-08,
                    0.8798055052757263,
                    -0.4753337502479553,
                    -1.916131615638733
                ],
                [
                    0.0,
                    0.0,
                    0.0,
                    1.0
                ]
            ]
        },
        {
            "file_path": "/data/shapenet_blender/all_50_random/02958343/460f7950d804d4564d7ac55d461d1984/r_29",
            "rotation": 0.12566370614359174,
            "transform_matrix": [
                [
                    -0.12403222918510437,
                    -0.40624913573265076,
                    -0.9053052663803101,
                    -3.649402141571045
                ],
                [
                    -0.9922782778739929,
                    0.05078009143471718,
                    0.11316082626581192,
                    0.4561658799648285
                ],
                [
                    -3.725290742551124e-09,
                    0.9123502969741821,
                    -0.4094105064868927,
                    -1.6503865718841553
                ],
                [
                    0.0,
                    0.0,
                    0.0,
                    1.0
                ]
            ]
        },
        {
            "file_path": "/data/shapenet_blender/all_50_random/02958343/460f7950d804d4564d7ac55d461d1984/r_30",
            "rotation": 0.12566370614359174,
            "transform_matrix": [
                [
                    0.987707257270813,
                    -0.004957845900207758,
                    0.1562359631061554,
                    0.6298073530197144
                ],
                [
                    0.15631461143493652,
                    0.03132720664143562,
                    -0.9872102737426758,
                    -3.979572296142578
                ],
                [
                    0.0,
                    0.9994969964027405,
                    0.03171708807349205,
                    0.12785568833351135
                ],
                [
                    0.0,
                    0.0,
                    0.0,
                    1.0
                ]
            ]
        },
        {
            "file_path": "/data/shapenet_blender/all_50_random/02958343/460f7950d804d4564d7ac55d461d1984/r_31",
            "rotation": 0.12566370614359174,
            "transform_matrix": [
                [
                    0.3410602807998657,
                    -0.1246359571814537,
                    -0.9317423105239868,
                    -3.7559733390808105
                ],
                [
                    -0.9400414824485779,
                    -0.04521968215703964,
                    -0.3380492329597473,
                    -1.362720012664795
                ],
                [
                    0.0,
                    0.9911714792251587,
                    -0.13258561491966248,
                    -0.534469723701477
                ],
                [
                    0.0,
                    0.0,
                    0.0,
                    1.0
                ]
            ]
        },
        {
            "file_path": "/data/shapenet_blender/all_50_random/02958343/460f7950d804d4564d7ac55d461d1984/r_32",
            "rotation": 0.12566370614359174,
            "transform_matrix": [
                [
                    -0.38229313492774963,
                    -0.2875839173793793,
                    0.8781500458717346,
                    3.539936065673828
                ],
                [
                    0.9240411520004272,
                    -0.11897885054349899,
                    0.3633071184158325,
                    1.4645378589630127
                ],
                [
                    -7.450580596923828e-09,
                    0.9503365755081177,
                    0.3112241327762604,
                    1.254584550857544
                ],
                [
                    0.0,
                    0.0,
                    0.0,
                    1.0
                ]
            ]
        },
        {
            "file_path": "/data/shapenet_blender/all_50_random/02958343/460f7950d804d4564d7ac55d461d1984/r_33",
            "rotation": 0.12566370614359174,
            "transform_matrix": [
                [
                    0.99500972032547,
                    0.08254271745681763,
                    -0.056056756526231766,
                    -0.2259720265865326
                ],
                [
                    -0.09977806359529495,
                    0.8231348991394043,
                    -0.5590108036994934,
                    -2.2534449100494385
                ],
                [
                    0.0,
                    0.5618143677711487,
                    0.8272631764411926,
                    3.3348047733306885
                ],
                [
                    0.0,
                    0.0,
                    0.0,
                    1.0
                ]
            ]
        },
        {
            "file_path": "/data/shapenet_blender/all_50_random/02958343/460f7950d804d4564d7ac55d461d1984/r_34",
            "rotation": 0.12566370614359174,
            "transform_matrix": [
                [
                    -0.30691125988960266,
                    0.12922897934913635,
                    -0.9429238438606262,
                    -3.8010473251342773
                ],
                [
                    -0.951738178730011,
                    -0.041673049330711365,
                    0.3040688633918762,
                    1.2257407903671265
                ],
                [
                    0.0,
                    0.9907387495040894,
                    0.13578207790851593,
                    0.547355055809021
                ],
                [
                    0.0,
                    0.0,
                    0.0,
                    1.0
                ]
            ]
        },
        {
            "file_path": "/data/shapenet_blender/all_50_random/02958343/460f7950d804d4564d7ac55d461d1984/r_35",
            "rotation": 0.12566370614359174,
            "transform_matrix": [
                [
                    0.9792864322662354,
                    0.0749121904373169,
                    0.18811285495758057,
                    0.7583072185516357
                ],
                [
                    0.20248036086559296,
                    -0.36230918765068054,
                    -0.9097986817359924,
                    -3.667515993118286
                ],
                [
                    7.450581485102248e-09,
                    0.929042637348175,
                    -0.3699726462364197,
                    -1.4914075136184692
                ],
                [
                    0.0,
                    0.0,
                    0.0,
                    1.0
                ]
            ]
        },
        {
            "file_path": "/data/shapenet_blender/all_50_random/02958343/460f7950d804d4564d7ac55d461d1984/r_36",
            "rotation": 0.12566370614359174,
            "transform_matrix": [
                [
                    -0.8992276191711426,
                    0.24275583028793335,
                    -0.36394983530044556,
                    -1.4671287536621094
                ],
                [
                    -0.4374813139438629,
                    -0.4989761710166931,
                    0.7480862140655518,
                    3.015631914138794
                ],
                [
                    -1.4901162970204496e-08,
                    0.8319209218025208,
                    0.5548941493034363,
                    2.236849784851074
                ],
                [
                    0.0,
                    0.0,
                    0.0,
                    1.0
                ]
            ]
        },
        {
            "file_path": "/data/shapenet_blender/all_50_random/02958343/460f7950d804d4564d7ac55d461d1984/r_37",
            "rotation": 0.12566370614359174,
            "transform_matrix": [
                [
                    -0.9806854724884033,
                    0.1812930405139923,
                    0.07340782880783081,
                    0.29591643810272217
                ],
                [
                    0.1955910623073578,
                    0.9089957475662231,
                    0.3680637776851654,
                    1.4837125539779663
                ],
                [
                    -7.450580152834618e-09,
                    0.3753127455711365,
                    -0.926898181438446,
                    -3.7364461421966553
                ],
                [
                    0.0,
                    0.0,
                    0.0,
                    1.0
                ]
            ]
        },
        {
            "file_path": "/data/shapenet_blender/all_50_random/02958343/460f7950d804d4564d7ac55d461d1984/r_38",
            "rotation": 0.12566370614359174,
            "transform_matrix": [
                [
                    0.5017350912094116,
                    0.8410019278526306,
                    -0.20242932438850403,
                    -0.8160187602043152
                ],
                [
                    -0.8650213479995728,
                    0.487803190946579,
                    -0.11741431802511215,
                    -0.47331228852272034
                ],
                [
                    7.450580596923828e-09,
                    0.23401673138141632,
                    0.9722325205802917,
                    3.9191949367523193
                ],
                [
                    0.0,
                    0.0,
                    0.0,
                    1.0
                ]
            ]
        },
        {
            "file_path": "/data/shapenet_blender/all_50_random/02958343/460f7950d804d4564d7ac55d461d1984/r_39",
            "rotation": 0.12566370614359174,
            "transform_matrix": [
                [
                    0.9984333515167236,
                    -0.053170546889305115,
                    0.017432991415262222,
                    0.07027463614940643
                ],
                [
                    0.055955491960048676,
                    0.9487406015396118,
                    -0.3110629618167877,
                    -1.2539348602294922
                ],
                [
                    0.0,
                    0.3115510940551758,
                    0.9502294063568115,
                    3.8304972648620605
                ],
                [
                    0.0,
                    0.0,
                    0.0,
                    1.0
                ]
            ]
        },
        {
            "file_path": "/data/shapenet_blender/all_50_random/02958343/460f7950d804d4564d7ac55d461d1984/r_40",
            "rotation": 0.12566370614359174,
            "transform_matrix": [
                [
                    -0.3805866241455078,
                    0.2101232260465622,
                    -0.9005565047264099,
                    -3.6302592754364014
                ],
                [
                    -0.9247452616691589,
                    -0.08647796511650085,
                    0.37063154578208923,
                    1.4940634965896606
                ],
                [
                    7.450580152834618e-09,
                    0.9738427400588989,
                    0.22722284495830536,
                    0.9159645438194275
                ],
                [
                    0.0,
                    0.0,
                    0.0,
                    1.0
                ]
            ]
        },
        {
            "file_path": "/data/shapenet_blender/all_50_random/02958343/460f7950d804d4564d7ac55d461d1984/r_41",
            "rotation": 0.12566370614359174,
            "transform_matrix": [
                [
                    0.055857039988040924,
                    0.4517691135406494,
                    0.8903845548629761,
                    3.589254856109619
                ],
                [
                    0.9984387755393982,
                    -0.025273945182561874,
                    -0.049812015146017075,
                    -0.2007986605167389
                ],
                [
                    0.0,
