{
    "class": "02958343",
    "model": "7de59e150d4712b7b3cf5236f651a8e6",
    "remove_doubles": true,
    "edge_split": true,
    "denoise": true,
    "camera_angle_x": 0.6911112070083618,
    "scale_factor": 2.2119537838530903,
    "hdri_file": "/data/IndoorHDRDataset2018/9C4A9090-2c24b65f0e.exr",
    "center_offset": [
        0.0,
        -6.984919309616089e-10,
        -3.725290298461914e-09
    ],
    "lights": [],
    "frames": [
        {
            "file_path": "/data/shapenet_blender/all_50_random/02958343/7de59e150d4712b7b3cf5236f651a8e6/r_0",
            "rotation": 0.12566370614359174,
            "transform_matrix": [
                [
                    0.8735162615776062,
                    -0.18448954820632935,
                    -0.4504808783531189,
                    -1.815946340560913
                ],
                [
                    -0.4867950677871704,
                    -0.331052303314209,
                    -0.8083533048629761,
                    -3.258575916290283
                ],
                [
                    0.0,
                    0.9254014492034912,
                    -0.37898820638656616,
                    -1.5277501344680786
                ],
                [
                    0.0,
                    0.0,
                    0.0,
                    1.0
                ]
            ]
        },
        {
            "file_path": "/data/shapenet_blender/all_50_random/02958343/7de59e150d4712b7b3cf5236f651a8e6/r_1",
            "rotation": 0.12566370614359174,
            "transform_matrix": [
                [
                    0.4013981223106384,
                    -0.00280690286308527,
                    0.9158992767333984,
                    3.692108392715454
                ],
                [
                    0.9159036874771118,
                    0.0012301355600357056,
                    -0.4013962149620056,
                    -1.6180800199508667
                ],
                [
                    0.0,
                    0.9999953508377075,
                    0.0030646263621747494,
                    0.01235390454530716
                ],
                [
                    0.0,
                    0.0,
                    0.0,
                    1.0
                ]
            ]
        },
        {
            "file_path": "/data/shapenet_blender/all_50_random/02958343/7de59e150d4712b7b3cf5236f651a8e6/r_2",
            "rotation": 0.12566370614359174,
            "transform_matrix": [
                [
                    -0.999255359172821,
                    -0.03106776624917984,
                    -0.022885410115122795,
                    -0.09225404262542725
                ],
                [
                    -0.038586895912885666,
                    0.8045382499694824,
                    0.5926460027694702,
                    2.3890323638916016
                ],
                [
                    0.0,
                    0.5930876731872559,
                    -0.8051378726959229,
                    -3.245614528656006
                ],
                [
                    0.0,
                    0.0,
                    0.0,
                    1.0
                ]
            ]
        },
        {
            "file_path": "/data/shapenet_blender/all_50_random/02958343/7de59e150d4712b7b3cf5236f651a8e6/r_3",
            "rotation": 0.12566370614359174,
            "transform_matrix": [
                [
                    -0.9872735142707825,
                    -0.01969004236161709,
                    0.1578083038330078,
                    0.6361456513404846
                ],
                [
                    0.1590319722890854,
                    -0.12223614752292633,
                    0.9796769618988037,
                    3.949204444885254
                ],
                [
                    -1.862645371275562e-09,
                    0.9923057556152344,
                    0.12381182610988617,
                    0.499101459980011
                ],
                [
                    0.0,
                    0.0,
                    0.0,
                    1.0
                ]
            ]
        },
        {
            "file_path": "/data/shapenet_blender/all_50_random/02958343/7de59e150d4712b7b3cf5236f651a8e6/r_4",
            "rotation": 0.12566370614359174,
            "transform_matrix": [
                [
                    -0.07129202783107758,
                    -0.3926810920238495,
                    0.9169073104858398,
                    3.696171522140503
                ],
                [
                    0.9974554777145386,
                    -0.028066445142030716,
                    0.06553493440151215,
                    0.2641797661781311
                ],
                [
                    0.0,
                    0.9192463159561157,
                    0.3936828374862671,
                    1.5869863033294678
                ],
                [
                    0.0,
                    0.0,
                    0.0,
                    1.0
                ]
            ]
        },
        {
            "file_path": "/data/shapenet_blender/all_50_random/02958343/7de59e150d4712b7b3cf5236f651a8e6/r_5",
            "rotation": 0.12566370614359174,
            "transform_matrix": [
                [
                    0.8121747970581055,
                    -0.14146055281162262,
                    -0.5660043358802795,
                    -2.2816362380981445
                ],
                [
                    -0.5834139585494995,
                    -0.1969282627105713,
                    -0.7879387140274048,
                    -3.1762821674346924
                ],
                [
                    -7.4505792646561986e-09,
                    0.9701588749885559,
                    -0.24247026443481445,
                    -0.9774287939071655
                ],
                [
                    0.0,
                    0.0,
                    0.0,
                    1.0
                ]
            ]
        },
        {
            "file_path": "/data/shapenet_blender/all_50_random/02958343/7de59e150d4712b7b3cf5236f651a8e6/r_6",
            "rotation": 0.12566370614359174,
            "transform_matrix": [
                [
                    0.9589247703552246,
                    0.05595077946782112,
                    -0.2780875563621521,
                    -1.121006727218628
                ],
                [
                    -0.28366029262542725,
                    0.1891438066959381,
                    -0.9400858879089355,
                    -3.789607286453247
                ],
                [
                    3.7252896323280993e-09,
                    0.9803541302680969,
                    0.19724568724632263,
                    0.7951227426528931
                ],
                [
                    0.0,
                    0.0,
                    0.0,
                    1.0
                ]
            ]
        },
        {
            "file_path": "/data/shapenet_blender/all_50_random/02958343/7de59e150d4712b7b3cf5236f651a8e6/r_7",
            "rotation": 0.12566370614359174,
            "transform_matrix": [
                [
                    0.2792806029319763,
                    0.23964804410934448,
                    0.9298231601715088,
                    3.748237133026123
                ],
                [
                    0.9602095484733582,
                    -0.06970255076885223,
                    -0.2704426348209381,
                    -1.0901890993118286
                ],
                [
                    0.0,
                    0.968354344367981,
                    -0.24957892298698425,
                    -1.0060847997665405
                ],
                [
                    0.0,
                    0.0,
                    0.0,
                    1.0
                ]
            ]
        },
        {
            "file_path": "/data/shapenet_blender/all_50_random/02958343/7de59e150d4712b7b3cf5236f651a8e6/r_8",
            "rotation": 0.12566370614359174,
            "transform_matrix": [
                [
                    0.9913931488990784,
                    -0.045922208577394485,
                    -0.1225995123386383,
                    -0.4942144453525543
                ],
                [
                    -0.13091786205768585,
                    -0.34775206446647644,
                    -0.9284012913703918,
                    -3.7425053119659424
                ],
                [
                    3.725290076417309e-09,
                    0.9364611506462097,
                    -0.35077109932899475,
                    -1.4140034914016724
                ],
                [
                    0.0,
                    0.0,
                    0.0,
                    1.0
                ]
            ]
        },
        {
            "file_path": "/data/shapenet_blender/all_50_random/02958343/7de59e150d4712b7b3cf5236f651a8e6/r_9",
            "rotation": 0.12566370614359174,
            "transform_matrix": [
                [
                    -0.4488561451435089,
                    -0.0636119619011879,
                    -0.891336977481842,
                    -3.5930943489074707
                ],
                [
                    -0.8936040997505188,
                    0.03195220232009888,
                    0.4477173686027527,
                    1.8048064708709717
                ],
                [
                    0.0,
                    0.997463047504425,
                    -0.07118584960699081,
                    -0.28695935010910034
                ],
                [
                    0.0,
                    0.0,
                    0.0,
                    1.0
                ]
            ]
        },
        {
            "file_path": "/data/shapenet_blender/all_50_random/02958343/7de59e150d4712b7b3cf5236f651a8e6/r_10",
            "rotation": 0.12566370614359174,
            "transform_matrix": [
                [
                    0.9959779381752014,
                    -0.011794205754995346,
                    -0.08881912380456924,
                    -0.35804134607315063
                ],
                [
                    -0.08959878236055374,
                    -0.13110412657260895,
                    -0.9873113632202148,
                    -3.9799795150756836
                ],
                [
                    0.0,
                    0.991298496723175,
                    -0.13163354992866516,
                    -0.5306318402290344
                ],
                [
                    0.0,
                    0.0,
                    0.0,
                    1.0
                ]
            ]
        },
        {
            "file_path": "/data/shapenet_blender/all_50_random/02958343/7de59e150d4712b7b3cf5236f651a8e6/r_11",
            "rotation": 0.12566370614359174,
            "transform_matrix": [
                [
                    -0.9987784624099731,
                    0.003516134340316057,
                    -0.049287695437669754,
                    -0.19868505001068115
                ],
                [
                    -0.04941295459866524,
                    -0.07107122242450714,
                    0.9962465763092041,
                    4.015998363494873
                ],
                [
                    0.0,
                    0.9974650740623474,
                    0.07115814834833145,
                    0.28684768080711365
                ],
                [
                    0.0,
                    0.0,
                    0.0,
                    1.0
                ]
            ]
        },
        {
            "file_path": "/data/shapenet_blender/all_50_random/02958343/7de59e150d4712b7b3cf5236f651a8e6/r_12",
            "rotation": 0.12566370614359174,
            "transform_matrix": [
                [
                    -0.8267154693603516,
                    0.033423230051994324,
                    0.5616266131401062,
                    2.2639894485473633
                ],
                [
                    0.5626203417778015,
                    0.04911215975880623,
                    0.8252552151679993,
                    3.3267107009887695
                ],
                [
                    0.0,
                    0.9982339143753052,
                    -0.05940635874867439,
                    -0.23947472870349884
                ],
                [
                    0.0,
                    0.0,
                    0.0,
                    1.0
                ]
            ]
        },
        {
            "file_path": "/data/shapenet_blender/all_50_random/02958343/7de59e150d4712b7b3cf5236f651a8e6/r_13",
            "rotation": 0.12566370614359174,
            "transform_matrix": [
                [
                    0.42186886072158813,
                    -0.3661566376686096,
                    -0.8294311165809631,
                    -3.343543767929077
                ],
                [
                    -0.9066568613052368,
                    -0.17037327587604523,
                    -0.38593563437461853,
                    -1.5557563304901123
                ],
                [
                    0.0,
                    0.914823591709137,
                    -0.4038535952568054,
                    -1.627985954284668
                ],
                [
                    0.0,
                    0.0,
                    0.0,
                    1.0
                ]
            ]
        },
        {
            "file_path": "/data/shapenet_blender/all_50_random/02958343/7de59e150d4712b7b3cf5236f651a8e6/r_14",
            "rotation": 0.12566370614359174,
            "transform_matrix": [
                [
                    0.13349243998527527,
                    0.0021160682663321495,
                    0.9910475015640259,
                    3.9950404167175293
                ],
                [
                    0.9910498261451721,
                    -0.00028503016801550984,
                    -0.133492112159729,
                    -0.5381239652633667
                ],
                [
                    0.0,
                    0.9999976754188538,
                    -0.002135178307071328,
                    -0.00860717985779047
                ],
                [
                    0.0,
                    0.0,
                    0.0,
                    1.0
                ]
            ]
        },
        {
            "file_path": "/data/shapenet_blender/all_50_random/02958343/7de59e150d4712b7b3cf5236f651a8e6/r_15",
            "rotation": 0.12566370614359174,
            "transform_matrix": [
                [
                    -0.6196529269218445,
                    -0.21714624762535095,
                    -0.7542397975921631,
                    -3.040437936782837
                ],
                [
                    -0.7848759293556213,
                    0.1714351326227188,
                    0.5954659581184387,
                    2.400400161743164
                ],
                [
                    1.4901162970204496e-08,
                    0.9609668254852295,
                    -0.2766631841659546,
                    -1.1152650117874146
                ],
                [
                    0.0,
                    0.0,
                    0.0,
                    1.0
                ]
            ]
        },
        {
            "file_path": "/data/shapenet_blender/all_50_random/02958343/7de59e150d4712b7b3cf5236f651a8e6/r_16",
            "rotation": 0.12566370614359174,
            "transform_matrix": [
                [
                    0.22565273940563202,
                    -0.0007227140013128519,
                    -0.9742074608802795,
                    -3.9271562099456787
                ],
                [
                    -0.974207878112793,
                    -0.00016739999409765005,
                    -0.22565264999866486,
                    -0.9096350073814392
                ],
                [
                    0.0,
                    0.9999997615814209,
                    -0.0007418477907776833,
                    -0.0029904842376708984
                ],
                [
                    0.0,
                    0.0,
                    0.0,
                    1.0
                ]
            ]
        },
        {
            "file_path": "/data/shapenet_blender/all_50_random/02958343/7de59e150d4712b7b3cf5236f651a8e6/r_17",
            "rotation": 0.12566370614359174,
            "transform_matrix": [
                [
                    0.2260085493326187,
                    -0.04456678777933121,
                    -0.9731053113937378,
                    -3.922713041305542
                ],
                [
                    -0.9741253852844238,
                    -0.010340019129216671,
                    -0.22577185928821564,
                    -0.9101154804229736
                ],
                [
                    -9.31322685637781e-10,
                    0.9989528656005859,
                    -0.04575056955218315,
                    -0.1844264417886734
                ],
                [
                    0.0,
                    0.0,
                    0.0,
                    1.0
                ]
            ]
        },
        {
            "file_path": "/data/shapenet_blender/all_50_random/02958343/7de59e150d4712b7b3cf5236f651a8e6/r_18",
            "rotation": 0.12566370614359174,
            "transform_matrix": [
                [
                    -0.5468665957450867,
                    -0.3638835847377777,
                    -0.7540063858032227,
                    -3.039496898651123
                ],
                [
                    -0.8372198343276978,
                    0.2376864105463028,
                    0.4925121068954468,
                    1.9853798151016235
                ],
                [
                    0.0,
                    0.9006074070930481,
                    -0.4346333146095276,
                    -1.7520629167556763
                ],
                [
                    0.0,
                    0.0,
                    0.0,
                    1.0
                ]
            ]
        },
        {
            "file_path": "/data/shapenet_blender/all_50_random/02958343/7de59e150d4712b7b3cf5236f651a8e6/r_19",
            "rotation": 0.12566370614359174,
            "transform_matrix": [
                [
                    0.8080237507820129,
                    0.34241819381713867,
                    0.4794239103794098,
                    1.9326194524765015
                ],
                [
                    0.5891497731208801,
                    -0.46962934732437134,
                    -0.6575337648391724,
                    -2.6506032943725586
                ],
                [
                    1.4901160305669237e-08,
                    0.813755452632904,
                    -0.5812073349952698,
                    -2.342921733856201
                ],
                [
                    0.0,
                    0.0,
                    0.0,
                    1.0
                ]
            ]
        },
        {
            "file_path": "/data/shapenet_blender/all_50_random/02958343/7de59e150d4712b7b3cf5236f651a8e6/r_20",
            "rotation": 0.12566370614359174,
            "transform_matrix": [
                [
                    0.40517187118530273,
                    -0.6797022223472595,
                    0.6114251613616943,
                    2.464733600616455
                ],
                [
                    0.9142405986785889,
                    0.30122947692871094,
                    -0.27097055315971375,
                    -1.0923172235488892
                ],
                [
                    1.4901161193847656e-08,
                    0.6687792539596558,
                    0.743461012840271,
                    2.9969871044158936
                ],
                [
                    0.0,
                    0.0,
                    0.0,
                    1.0
                ]
            ]
        },
        {
            "file_path": "/data/shapenet_blender/all_50_random/02958343/7de59e150d4712b7b3cf5236f651a8e6/r_21",
            "rotation": 0.12566370614359174,
            "transform_matrix": [
                [
                    0.9988863468170166,
                    -0.012212462723255157,
                    0.045572977513074875,
                    0.18371054530143738
                ],
                [
                    0.04718093201518059,
                    0.2585549056529999,
                    -0.9648436903953552,
                    -3.889409303665161
                ],
                [
                    9.313224635931761e-10,
                    0.9659194350242615,
                    0.25884315371513367,
                    1.0434300899505615
                ],
                [
                    0.0,
                    0.0,
                    0.0,
                    1.0
                ]
            ]
        },
        {
            "file_path": "/data/shapenet_blender/all_50_random/02958343/7de59e150d4712b7b3cf5236f651a8e6/r_22",
            "rotation": 0.12566370614359174,
            "transform_matrix": [
                [
                    -0.9999608397483826,
                    -0.002222443465143442,
                    -0.008566300384700298,
                    -0.034531861543655396
                ],
                [
                    -0.00884990207850933,
                    0.2511165142059326,
                    0.9679164290428162,
                    3.9017958641052246
                ],
                [
                    0.0,
                    0.9679542183876038,
                    -0.25112640857696533,
                    -1.0123229026794434
                ],
                [
                    0.0,
                    0.0,
                    0.0,
                    1.0
                ]
            ]
        },
        {
            "file_path": "/data/shapenet_blender/all_50_random/02958343/7de59e150d4712b7b3cf5236f651a8e6/r_23",
            "rotation": 0.12566370614359174,
            "transform_matrix": [
                [
                    -0.30475205183029175,
                    0.19086125493049622,
                    -0.9331122040748596,
                    -3.7614951133728027
                ],
                [
                    -0.9524317383766174,
                    -0.06107037141919136,
                    0.29857033491134644,
                    1.2035753726959229
                ],
                [
                    3.725290298461914e-09,
                    0.9797154664993286,
                    0.2003936618566513,
                    0.8078125715255737
                ],
                [
                    0.0,
                    0.0,
                    0.0,
                    1.0
                ]
            ]
        },
        {
            "file_path": "/data/shapenet_blender/all_50_random/02958343/7de59e150d4712b7b3cf5236f651a8e6/r_24",
            "rotation": 0.12566370614359174,
            "transform_matrix": [
                [
                    0.8206918835639954,
                    -0.05314280092716217,
                    0.5688941478729248,
                    2.293285369873047
                ],
                [
                    0.5713707804679871,
                    0.0763319805264473,
                    -0.8171345591545105,
                    -3.2939743995666504
                ],
                [
                    0.0,
                    0.9956652522087097,
                    0.09300930798053741,
                    0.3749324679374695
                ],
                [
                    0.0,
                    0.0,
                    0.0,
                    1.0
                ]
            ]
        },
        {
            "file_path": "/data/shapenet_blender/all_50_random/02958343/7de59e150d4712b7b3cf5236f651a8e6/r_25",
            "rotation": 0.12566370614359174,
            "transform_matrix": [
                [
                    0.6678970456123352,
                    0.6592404842376709,
                    -0.3454208970069885,
                    -1.3924362659454346
                ],
                [
                    -0.7442537546157837,
                    0.5916056632995605,
                    -0.30998241901397705,
                    -1.2495791912078857
                ],
                [
                    -1.4901161193847656e-08,
                    0.46411702036857605,
                    0.885773777961731,
                    3.5706684589385986
                ],
                [
                    0.0,
                    0.0,
                    0.0,
                    1.0
                ]
            ]
        },
        {
            "file_path": "/data/shapenet_blender/all_50_random/02958343/7de59e150d4712b7b3cf5236f651a8e6/r_26",
            "rotation": 0.12566370614359174,
            "transform_matrix": [
                [
                    -0.5957978963851929,
                    -0.5629799365997314,
                    -0.5727812647819519,
                    -2.308955430984497
                ],
                [
                    -0.8031344413757324,
                    0.4176414906978607,
                    0.4249125123023987,
                    1.7128772735595703
                ],
                [
                    1.4901161193847656e-08,
                    0.7131824493408203,
                    -0.7009783983230591,
                    -2.8257346153259277
                ],
                [
                    0.0,
                    0.0,
                    0.0,
                    1.0
                ]
            ]
        },
        {
            "file_path": "/data/shapenet_blender/all_50_random/02958343/7de59e150d4712b7b3cf5236f651a8e6/r_27",
            "rotation": 0.12566370614359174,
            "transform_matrix": [
                [
                    0.99859219789505,
                    -0.021632231771945953,
                    -0.048430901020765305,
                    -0.19523121416568756
                ],
                [
                    -0.05304248631000519,
                    -0.40725424885749817,
                    -0.9117732048034668,
                    -3.6754753589630127
                ],
                [
                    0.0,
                    0.9130584001541138,
                    -0.4078283905982971,
                    -1.6440088748931885
                ],
                [
                    0.0,
                    0.0,
                    0.0,
                    1.0
                ]
            ]
        },
        {
            "file_path": "/data/shapenet_blender/all_50_random/02958343/7de59e150d4712b7b3cf5236f651a8e6/r_28",
            "rotation": 0.12566370614359174,
            "transform_matrix": [
                [
                    0.763687252998352,
                    -0.1951151192188263,
                    0.6153957843780518,
                    2.4807398319244385
                ],
                [
                    0.6455865502357483,
                    0.2308085858821869,
                    -0.7279735207557678,
                    -2.9345550537109375
                ],
                [
                    1.4901162970204496e-08,
                    0.9532352685928345,
                    0.30222922563552856,
                    1.2183250188827515
                ],
                [
                    0.0,
                    0.0,
                    0.0,
                    1.0
                ]
            ]
        },
        {
            "file_path": "/data/shapenet_blender/all_50_random/02958343/7de59e150d4712b7b3cf5236f651a8e6/r_29",
            "rotation": 0.12566370614359174,
            "transform_matrix": [
                [
                    0.16545702517032623,
                    -0.45281606912612915,
                    -0.8761172890663147,
                    -3.5317418575286865
                ],
                [
                    -0.9862170219421387,
                    -0.0759686753153801,
                    -0.14698566496372223,
                    -0.592518150806427
                ],
                [
                    7.450581485102248e-09,
                    0.8883615732192993,
                    -0.4591444134712219,
                    -1.8508703708648682
                ],
                [
                    0.0,
                    0.0,
                    0.0,
                    1.0
                ]
            ]
        },
        {
            "file_path": "/data/shapenet_blender/all_50_random/02958343/7de59e150d4712b7b3cf5236f651a8e6/r_30",
            "rotation": 0.12566370614359174,
            "transform_matrix": [
                [
                    -0.9421999454498291,
                    0.019043540582060814,
                    -0.3345097303390503,
                    -1.3484517335891724
                ],
                [
                    -0.33505135774612427,
                    -0.053552452474832535,
                    0.9406768083572388,
                    3.7919890880584717
                ],
                [
                    0.0,
                    0.9983833432197571,
                    0.05683768540620804,
                    0.22912001609802246
                ],
                [
                    0.0,
                    0.0,
                    0.0,
                    1.0
                ]
            ]
        },
        {
            "file_path": "/data/shapenet_blender/all_50_random/02958343/7de59e150d4712b7b3cf5236f651a8e6/r_31",
            "rotation": 0.12566370614359174,
            "transform_matrix": [
                [
                    -0.8465298414230347,
                    0.46383634209632874,
                    -0.26123353838920593,
                    -1.0530660152435303
                ],
                [
                    -0.5323411822319031,
                    -0.7375933527946472,
                    0.415414035320282,
                    1.6745874881744385
                ],
                [
                    0.0,
                    0.4907258450984955,
                    0.8713140487670898,
                    3.5123791694641113
                ],
                [
                    0.0,
                    0.0,
                    0.0,
                    1.0
                ]
            ]
        },
        {
            "file_path": "/data/shapenet_blender/all_50_random/02958343/7de59e150d4712b7b3cf5236f651a8e6/r_32",
            "rotation": 0.12566370614359174,
            "transform_matrix": [
                [
                    -0.02005142904818058,
                    -0.026548823341727257,
                    0.9994463920593262,
                    4.028897285461426
                ],
                [
                    0.9997988939285278,
                    -0.0005324489902704954,
                    0.02004436030983925,
                    0.08080139756202698
                ],
                [
                    5.8207657444020455e-11,
                    0.9996473789215088,
                    0.026554161682724953,
                    0.10704325139522552
                ],
                [
                    0.0,
                    0.0,
                    0.0,
                    1.0
                ]
            ]
        },
        {
            "file_path": "/data/shapenet_blender/all_50_random/02958343/7de59e150d4712b7b3cf5236f651a8e6/r_33",
            "rotation": 0.12566370614359174,
            "transform_matrix": [
                [
                    -0.24735885858535767,
                    0.0422532856464386,
                    0.968002200126648,
                    3.902141571044922
                ],
                [
                    0.9689239263534546,
                    0.010786941275000572,
                    0.24712355434894562,
                    0.9961869120597839
                ],
                [
                    -9.313224635931761e-10,
                    0.9990487098693848,
                    -0.043608468025922775,
                    -0.17579135298728943
                ],
                [
                    0.0,
                    0.0,
                    0.0,
                    1.0
                ]
            ]
        },
        {
            "file_path": "/data/shapenet_blender/all_50_random/02958343/7de59e150d4712b7b3cf5236f651a8e6/r_34",
            "rotation": 0.12566370614359174,
            "transform_matrix": [
                [
                    -0.8737912178039551,
                    -0.279130220413208,
                    -0.3982151448726654,
                    -1.6052565574645996
                ],
                [
                    -0.48630136251449585,
                    0.5015440583229065,
                    0.715516984462738,
                    2.884341239929199
                ],
                [
                    2.980232594040899e-08,
                    0.8188649415969849,
                    -0.5739861726760864,
                    -2.313812255859375
                ],
                [
                    0.0,
                    0.0,
                    0.0,
                    1.0
                ]
            ]
        },
        {
            "file_path": "/data/shapenet_blender/all_50_random/02958343/7de59e150d4712b7b3cf5236f651a8e6/r_35",
            "rotation": 0.12566370614359174,
            "transform_matrix": [
                [
                    0.7452126145362854,
                    -0.27083635330200195,
                    -0.6093486547470093,
                    -2.4563629627227783
                ],
                [
                    -0.6668269038200378,
                    -0.30267322063446045,
                    -0.6809777617454529,
                    -2.7451090812683105
                ],
                [
                    1.4901162970204496e-08,
                    0.9138032793998718,
                    -0.4061569273471832,
                    -1.6372709274291992
                ],
                [
                    0.0,
                    0.0,
                    0.0,
                    1.0
                ]
            ]
        },
        {
            "file_path": "/data/shapenet_blender/all_50_random/02958343/7de59e150d4712b7b3cf5236f651a8e6/r_36",
            "rotation": 0.12566370614359174,
            "transform_matrix": [
                [
                    -0.5555775165557861,
                    -0.7973160147666931,
                    0.23584048449993134,
                    0.9507032632827759
                ],
                [
                    0.8314647674560547,
                    -0.5327596664428711,
                    0.15758655965328217,
                    0.6352516412734985
                ],
                [
                    0.0,
                    0.28364452719688416,
                    0.9589295387268066,
                    3.865568161010742
                ],
                [
                    0.0,
                    0.0,
                    0.0,
                    1.0
                ]
            ]
        },
        {
            "file_path": "/data/shapenet_blender/all_50_random/02958343/7de59e150d4712b7b3cf5236f651a8e6/r_37",
            "rotation": 0.12566370614359174,
            "transform_matrix": [
                [
                    -0.018561532720923424,
                    -0.4289771616458893,
                    0.9031246304512024,
                    3.6406118869781494
                ],
                [
                    0.9998277425765991,
                    -0.007963844574987888,
                    0.016766265034675598,
                    0.0675869733095169
                ],
                [
                    -4.656612873077393e-10,
                    0.9032803177833557,
                    0.429051011800766,
                    1.7295598983764648
                ],
                [
                    0.0,
                    0.0,
                    0.0,
                    1.0
                ]
            ]
        },
        {
            "file_path": "/data/shapenet_blender/all_50_random/02958343/7de59e150d4712b7b3cf5236f651a8e6/r_38",
            "rotation": 0.12566370614359174,
            "transform_matrix": [
                [
                    0.3237692713737488,
                    0.06118617579340935,
                    -0.9441554546356201,
                    -3.8060126304626465
                ],
                [
                    -0.9461359977722168,
                    0.020938009023666382,
                    -0.3230915367603302,
                    -1.3024237155914307
                ],
                [
                    0.0,
                    0.9979067444801331,
                    0.06466952711343765,
                    0.26069122552871704
                ],
                [
                    0.0,
                    0.0,
                    0.0,
                    1.0
                ]
            ]
        },
        {
            "file_path": "/data/shapenet_blender/all_50_random/02958343/7de59e150d4712b7b3cf5236f651a8e6/r_39",
            "rotation": 0.12566370614359174,
            "transform_matrix": [
                [
                    -0.12109727412462234,
                    0.11339005827903748,
                    0.9861430525779724,
                    3.9752697944641113
                ],
                [
                    0.9926406741142273,
                    0.013833029195666313,
                    0.12030459940433502,
                    0.4849633574485779
                ],
                [
                    0.0,
                    0.9934542179107666,
                    -0.11423072218894958,
                    -0.4604787826538086
                ],
                [
                    0.0,
                    0.0,
                    0.0,
                    1.0
                ]
            ]
        },
        {
            "file_path": "/data/shapenet_blender/all_50_random/02958343/7de59e150d4712b7b3cf5236f651a8e6/r_40",
            "rotation": 0.12566370614359174,
            "transform_matrix": [
                [
                    0.27344954013824463,
                    0.031444892287254333,
                    -0.9613721370697021,
                    -3.875415325164795
                ],
                [
                    -0.9618863463401794,
                    0.00893929973244667,
                    -0.2733033299446106,
                    -1.1017210483551025
                ],
                [
                    -9.31322685637781e-10,
                    0.9994654059410095,
                    0.032690856605768204,
                    0.13178107142448425
                ],
                [
                    0.0,
                    0.0,
                    0.0,
                    1.0
                ]
            ]
        },
        {
            "file_path": "/data/shapenet_blender/all_50_random/02958343/7de59e150d4712b7b3cf5236f651a8e6/r_41",
            "rotation": 0.12566370614359174,
            "transform_matrix": [
                [
                    -0.3887205719947815,
                    -0.7915484309196472,
                    0.47153714299201965,
                    1.900827169418335
                ],
                [
                    0.9213557839393616,
                    -0.333954781293869,
