{
    "class": "02958343",
    "model": "747c49bca6d4ae9d7c84d27684eb86f7",
    "remove_doubles": true,
    "edge_split": true,
    "denoise": true,
    "camera_angle_x": 0.6911112070083618,
    "scale_factor": 2.317188449757767,
    "hdri_file": "/data/IndoorHDRDataset2018/9C4A4264-77771ae276.exr",
    "center_offset": [
        0.0,
        -9.313225746154785e-10,
        0.0
    ],
    "lights": [],
    "frames": [
        {
            "file_path": "/data/shapenet_blender/all_50_random/02958343/747c49bca6d4ae9d7c84d27684eb86f7/r_0",
            "rotation": 0.12566370614359174,
            "transform_matrix": [
                [
                    -0.6439205408096313,
                    -0.409652441740036,
                    0.6461820006370544,
                    2.6048429012298584
                ],
                [
                    0.7650923132896423,
                    -0.3447735607624054,
                    0.5438426733016968,
                    2.1922998428344727
                ],
                [
                    -1.4901159417490817e-08,
                    0.8445804119110107,
                    0.5354287624359131,
                    2.1583824157714844
                ],
                [
                    0.0,
                    0.0,
                    0.0,
                    1.0
                ]
            ]
        },
        {
            "file_path": "/data/shapenet_blender/all_50_random/02958343/747c49bca6d4ae9d7c84d27684eb86f7/r_1",
            "rotation": 0.12566370614359174,
            "transform_matrix": [
                [
                    -0.08861751109361649,
                    0.32243362069129944,
                    -0.9424348473548889,
                    -3.7990763187408447
                ],
                [
                    -0.9960657358169556,
                    -0.028686126694083214,
                    0.08384610712528229,
                    0.33799445629119873
                ],
                [
                    -1.862645149230957e-09,
                    0.9461572766304016,
                    0.3237071931362152,
                    1.3049054145812988
                ],
                [
                    0.0,
                    0.0,
                    0.0,
                    1.0
                ]
            ]
        },
        {
            "file_path": "/data/shapenet_blender/all_50_random/02958343/747c49bca6d4ae9d7c84d27684eb86f7/r_2",
            "rotation": 0.12566370614359174,
            "transform_matrix": [
                [
                    -0.9595823287963867,
                    0.012089181691408157,
                    -0.28116825222969055,
                    -1.1334255933761597
                ],
                [
                    -0.2814280390739441,
                    -0.04122035950422287,
                    0.9586965441703796,
                    3.8646295070648193
                ],
                [
                    0.0,
                    0.9990769028663635,
                    0.04295656085014343,
                    0.17316344380378723
                ],
                [
                    0.0,
                    0.0,
                    0.0,
                    1.0
                ]
            ]
        },
        {
            "file_path": "/data/shapenet_blender/all_50_random/02958343/747c49bca6d4ae9d7c84d27684eb86f7/r_3",
            "rotation": 0.12566370614359174,
            "transform_matrix": [
                [
                    0.7818092703819275,
                    -0.36087143421173096,
                    -0.5084742307662964,
                    -2.0497255325317383
                ],
                [
                    -0.6235176920890808,
                    -0.4524853229522705,
                    -0.6375598311424255,
                    -2.5700862407684326
                ],
                [
                    0.0,
                    0.8154929876327515,
                    -0.5787668824195862,
                    -2.3330841064453125
                ],
                [
                    0.0,
                    0.0,
                    0.0,
                    1.0
                ]
            ]
        },
        {
            "file_path": "/data/shapenet_blender/all_50_random/02958343/747c49bca6d4ae9d7c84d27684eb86f7/r_4",
            "rotation": 0.12566370614359174,
            "transform_matrix": [
                [
                    -0.16384276747703552,
                    -0.3780530095100403,
                    -0.9111703634262085,
                    -3.6730451583862305
                ],
                [
                    -0.9864864945411682,
                    0.06278976798057556,
                    0.1513337343931198,
                    0.6100457906723022
                ],
                [
                    0.0,
                    0.923652172088623,
                    -0.38323184847831726,
                    -1.5448570251464844
                ],
                [
                    0.0,
                    0.0,
                    0.0,
                    1.0
                ]
            ]
        },
        {
            "file_path": "/data/shapenet_blender/all_50_random/02958343/747c49bca6d4ae9d7c84d27684eb86f7/r_5",
            "rotation": 0.12566370614359174,
            "transform_matrix": [
                [
                    -0.8934485912322998,
                    -0.3888568878173828,
                    0.22481073439121246,
                    0.9062409400939941
                ],
                [
                    0.4491654336452484,
                    -0.7734870314598083,
                    0.44717785716056824,
                    1.8026313781738281
                ],
                [
                    0.0,
                    0.5005075335502625,
                    0.8657321929931641,
                    3.489877700805664
                ],
                [
                    0.0,
                    0.0,
                    0.0,
                    1.0
                ]
            ]
        },
        {
            "file_path": "/data/shapenet_blender/all_50_random/02958343/747c49bca6d4ae9d7c84d27684eb86f7/r_6",
            "rotation": 0.12566370614359174,
            "transform_matrix": [
                [
                    -0.9999999403953552,
                    -0.00012219349446240813,
                    0.00042076787212863564,
                    0.001696169376373291
                ],
                [
                    0.00043815161916427314,
                    -0.27888399362564087,
                    0.960324764251709,
                    3.871192455291748
                ],
                [
                    -1.4551915228366852e-11,
                    0.9603247046470642,
                    0.27888408303260803,
                    1.1242175102233887
                ],
                [
                    0.0,
                    0.0,
                    0.0,
                    1.0
                ]
            ]
        },
        {
            "file_path": "/data/shapenet_blender/all_50_random/02958343/747c49bca6d4ae9d7c84d27684eb86f7/r_7",
            "rotation": 0.12566370614359174,
            "transform_matrix": [
                [
                    -0.6049639582633972,
                    0.11192043870687485,
                    0.7883478999137878,
                    3.1779322624206543
                ],
                [
                    0.796252965927124,
                    0.08503305912017822,
                    0.5989579558372498,
                    2.4144768714904785
                ],
                [
                    7.450581485102248e-09,
                    0.9900722503662109,
                    -0.1405588984489441,
                    -0.566611111164093
                ],
                [
                    0.0,
                    0.0,
                    0.0,
                    1.0
                ]
            ]
        },
        {
            "file_path": "/data/shapenet_blender/all_50_random/02958343/747c49bca6d4ae9d7c84d27684eb86f7/r_8",
            "rotation": 0.12566370614359174,
            "transform_matrix": [
                [
                    0.9147941470146179,
                    -0.0014095013029873371,
                    -0.4039180874824524,
                    -1.6282459497451782
                ],
                [
                    -0.40392062067985535,
                    -0.00319222011603415,
                    -0.9147884249687195,
                    -3.6876301765441895
                ],
                [
                    1.1641533570472262e-10,
                    0.9999938607215881,
                    -0.003489550668746233,
                    -0.014066828414797783
                ],
                [
                    0.0,
                    0.0,
                    0.0,
                    1.0
                ]
            ]
        },
        {
            "file_path": "/data/shapenet_blender/all_50_random/02958343/747c49bca6d4ae9d7c84d27684eb86f7/r_9",
            "rotation": 0.12566370614359174,
            "transform_matrix": [
                [
                    0.8258523941040039,
                    0.004597119055688381,
                    -0.5638675689697266,
                    -2.2730231285095215
                ],
                [
                    -0.5638864040374756,
                    0.00673281354829669,
                    -0.8258248567581177,
                    -3.3290066719055176
                ],
                [
                    2.3283064365386963e-10,
                    0.9999668002128601,
                    0.008152561262249947,
                    0.032864030450582504
                ],
                [
                    0.0,
                    0.0,
                    0.0,
                    1.0
                ]
            ]
        },
        {
            "file_path": "/data/shapenet_blender/all_50_random/02958343/747c49bca6d4ae9d7c84d27684eb86f7/r_10",
            "rotation": 0.12566370614359174,
            "transform_matrix": [
                [
                    -0.1687805950641632,
                    -0.03871266916394234,
                    0.9848930835723877,
                    3.970231056213379
                ],
                [
                    0.9856536388397217,
                    -0.006629049777984619,
                    0.16865035891532898,
                    0.6798513531684875
                ],
                [
                    -4.656613428188905e-10,
                    0.999228298664093,
                    0.039276137948036194,
                    0.15832717716693878
                ],
                [
                    0.0,
                    0.0,
                    0.0,
                    1.0
                ]
            ]
        },
        {
            "file_path": "/data/shapenet_blender/all_50_random/02958343/747c49bca6d4ae9d7c84d27684eb86f7/r_11",
            "rotation": 0.12566370614359174,
            "transform_matrix": [
                [
                    0.7204514145851135,
                    -0.39420244097709656,
                    0.5705734491348267,
                    2.3000550270080566
                ],
                [
                    0.6935052871704102,
                    0.4095191955566406,
                    -0.5927430987358093,
                    -2.3894238471984863
                ],
                [
                    -1.4901160305669237e-08,
                    0.8227384090423584,
                    0.5684202313423157,
                    2.291375160217285
                ],
                [
                    0.0,
                    0.0,
                    0.0,
                    1.0
                ]
            ]
        },
        {
            "file_path": "/data/shapenet_blender/all_50_random/02958343/747c49bca6d4ae9d7c84d27684eb86f7/r_12",
            "rotation": 0.12566370614359174,
            "transform_matrix": [
                [
                    0.9985010623931885,
                    -0.030127109959721565,
                    -0.04569453001022339,
                    -0.18420054018497467
                ],
                [
                    -0.054732371121644974,
                    -0.5496189594268799,
                    -0.8336206674575806,
                    -3.3604323863983154
                ],
                [
                    1.862645149230957e-09,
                    0.8348720669746399,
                    -0.5504440069198608,
                    -2.2189106941223145
                ],
                [
                    0.0,
                    0.0,
                    0.0,
                    1.0
                ]
            ]
        },
        {
            "file_path": "/data/shapenet_blender/all_50_random/02958343/747c49bca6d4ae9d7c84d27684eb86f7/r_13",
            "rotation": 0.12566370614359174,
            "transform_matrix": [
                [
                    0.22895729541778564,
                    0.04015808925032616,
                    -0.9726077914237976,
                    -3.9207074642181396
                ],
                [
                    -0.9734364748001099,
                    0.009445389732718468,
                    -0.22876237332820892,
                    -0.9221706390380859
                ],
                [
                    0.0,
                    0.9991487264633179,
                    0.041253939270973206,
                    0.1662999540567398
                ],
                [
                    0.0,
                    0.0,
                    0.0,
                    1.0
                ]
            ]
        },
        {
            "file_path": "/data/shapenet_blender/all_50_random/02958343/747c49bca6d4ae9d7c84d27684eb86f7/r_14",
            "rotation": 0.12566370614359174,
            "transform_matrix": [
                [
                    0.7058486342430115,
                    0.20269930362701416,
                    -0.6787420511245728,
                    -2.7360966205596924
                ],
                [
                    -0.7083627581596375,
                    0.2019798904657364,
                    -0.6763330101966858,
                    -2.7263855934143066
                ],
                [
                    1.4901161193847656e-08,
                    0.9581841826438904,
                    0.2861518859863281,
                    1.153515100479126
                ],
                [
                    0.0,
                    0.0,
                    0.0,
                    1.0
                ]
            ]
        },
        {
            "file_path": "/data/shapenet_blender/all_50_random/02958343/747c49bca6d4ae9d7c84d27684eb86f7/r_15",
            "rotation": 0.12566370614359174,
            "transform_matrix": [
                [
                    -0.7192463278770447,
                    -0.6880313158035278,
                    0.0964243933558464,
                    0.38869917392730713
                ],
                [
                    0.6947551369667053,
                    -0.7122855186462402,
                    0.09982350468635559,
                    0.4024014174938202
                ],
                [
                    0.0,
                    0.1387888640165329,
                    0.990321934223175,
                    3.9921154975891113
                ],
                [
                    0.0,
                    0.0,
                    0.0,
                    1.0
                ]
            ]
        },
        {
            "file_path": "/data/shapenet_blender/all_50_random/02958343/747c49bca6d4ae9d7c84d27684eb86f7/r_16",
            "rotation": 0.12566370614359174,
            "transform_matrix": [
                [
                    0.8243064284324646,
                    0.21122165024280548,
                    0.5252660512924194,
                    2.117415189743042
                ],
                [
                    0.5661440491676331,
                    -0.3075390160083771,
                    -0.764788031578064,
                    -3.0829591751098633
                ],
                [
                    1.4901162970204496e-08,
                    0.9277958273887634,
                    -0.3730882406234741,
                    -1.5039668083190918
                ],
                [
                    0.0,
                    0.0,
                    0.0,
                    1.0
                ]
            ]
        },
        {
            "file_path": "/data/shapenet_blender/all_50_random/02958343/747c49bca6d4ae9d7c84d27684eb86f7/r_17",
            "rotation": 0.12566370614359174,
            "transform_matrix": [
                [
                    0.8954064846038818,
                    -0.010630162432789803,
                    -0.44512274861335754,
                    -1.7943470478057861
                ],
                [
                    -0.44524967670440674,
                    -0.021377481520175934,
                    -0.8951512575149536,
                    -3.6084699630737305
                ],
                [
                    0.0,
                    0.9997148513793945,
                    -0.023874612525105476,
                    -0.09624163806438446
                ],
                [
                    0.0,
                    0.0,
                    0.0,
                    1.0
                ]
            ]
        },
        {
            "file_path": "/data/shapenet_blender/all_50_random/02958343/747c49bca6d4ae9d7c84d27684eb86f7/r_18",
            "rotation": 0.12566370614359174,
            "transform_matrix": [
                [
                    -0.11171555519104004,
                    0.36226820945739746,
                    -0.9253546595573425,
                    -3.730224132537842
                ],
                [
                    -0.9937402606010437,
                    -0.04072592779994011,
                    0.10402768850326538,
                    0.4193490445613861
                ],
                [
                    -3.725290742551124e-09,
                    0.9311836957931519,
                    0.3645501732826233,
                    1.4695488214492798
                ],
                [
                    0.0,
                    0.0,
                    0.0,
                    1.0
                ]
            ]
        },
        {
            "file_path": "/data/shapenet_blender/all_50_random/02958343/747c49bca6d4ae9d7c84d27684eb86f7/r_19",
            "rotation": 0.12566370614359174,
            "transform_matrix": [
                [
                    -0.5147318243980408,
                    -0.37451717257499695,
                    -0.7712250351905823,
                    -3.108907461166382
                ],
                [
                    -0.8573513031005859,
                    0.22485055029392242,
                    0.4630237817764282,
                    1.8665086030960083
                ],
                [
                    1.4901162970204496e-08,
                    0.8995437622070312,
                    -0.4368305206298828,
                    -1.7609201669692993
                ],
                [
                    0.0,
                    0.0,
                    0.0,
                    1.0
                ]
            ]
        },
        {
            "file_path": "/data/shapenet_blender/all_50_random/02958343/747c49bca6d4ae9d7c84d27684eb86f7/r_20",
            "rotation": 0.12566370614359174,
            "transform_matrix": [
                [
                    -0.1373811811208725,
                    -0.3334599733352661,
                    0.9327008128166199,
                    3.7598373889923096
                ],
                [
                    0.9905182719230652,
                    -0.04624965414404869,
                    0.12936212122440338,
                    0.5214754343032837
                ],
                [
                    -3.725290076417309e-09,
                    0.9416291117668152,
                    0.3366519808769226,
                    1.3570876121520996
                ],
                [
                    0.0,
                    0.0,
                    0.0,
                    1.0
                ]
            ]
        },
        {
            "file_path": "/data/shapenet_blender/all_50_random/02958343/747c49bca6d4ae9d7c84d27684eb86f7/r_21",
            "rotation": 0.12566370614359174,
            "transform_matrix": [
                [
                    0.5142375826835632,
                    0.7818436622619629,
                    0.3525339365005493,
                    1.4211097955703735
                ],
                [
                    0.8576478958129883,
                    -0.4687860906124115,
                    -0.21137601137161255,
                    -0.8520839810371399
                ],
                [
                    0.0,
                    0.4110473394393921,
                    -0.911613941192627,
                    -3.674833297729492
                ],
                [
                    0.0,
                    0.0,
                    0.0,
                    1.0
                ]
            ]
        },
        {
            "file_path": "/data/shapenet_blender/all_50_random/02958343/747c49bca6d4ae9d7c84d27684eb86f7/r_22",
            "rotation": 0.12566370614359174,
            "transform_matrix": [
                [
                    -0.7010172605514526,
                    -0.22210747003555298,
                    -0.6776747703552246,
                    -2.7317943572998047
                ],
                [
                    -0.7131443023681641,
                    0.218330517411232,
                    0.6661508679389954,
                    2.68533992767334
                ],
                [
                    0.0,
                    0.9502630829811096,
                    -0.3114481568336487,
                    -1.2554876804351807
                ],
                [
                    0.0,
                    0.0,
                    0.0,
                    1.0
                ]
            ]
        },
        {
            "file_path": "/data/shapenet_blender/all_50_random/02958343/747c49bca6d4ae9d7c84d27684eb86f7/r_23",
            "rotation": 0.12566370614359174,
            "transform_matrix": [
                [
                    -0.1268409639596939,
                    0.0032648148480802774,
                    0.991917610168457,
                    3.9985480308532715
                ],
                [
                    0.9919230937957764,
                    0.0004174842615611851,
                    0.1268402636051178,
                    0.5113095045089722
                ],
                [
                    0.0,
                    0.9999946355819702,
                    -0.0032913987524807453,
                    -0.013268053531646729
                ],
                [
                    0.0,
                    0.0,
                    0.0,
                    1.0
                ]
            ]
        },
        {
            "file_path": "/data/shapenet_blender/all_50_random/02958343/747c49bca6d4ae9d7c84d27684eb86f7/r_24",
            "rotation": 0.12566370614359174,
            "transform_matrix": [
                [
                    0.8751364946365356,
                    0.11582062393426895,
                    0.46981024742126465,
                    1.8938658237457275
                ],
                [
                    0.48387613892555237,
                    -0.20947271585464478,
                    -0.849696934223175,
                    -3.4252381324768066
                ],
                [
                    -7.450580596923828e-09,
                    0.9709308743476868,
                    -0.239360049366951,
                    -0.964891254901886
                ],
                [
                    0.0,
                    0.0,
                    0.0,
                    1.0
                ]
            ]
        },
        {
            "file_path": "/data/shapenet_blender/all_50_random/02958343/747c49bca6d4ae9d7c84d27684eb86f7/r_25",
            "rotation": 0.12566370614359174,
            "transform_matrix": [
                [
                    -0.9889901876449585,
                    -0.06145748496055603,
                    -0.13461603224277496,
                    -0.5426545739173889
                ],
                [
                    -0.1479814201593399,
                    0.4107329845428467,
                    0.8996666073799133,
                    3.62667179107666
                ],
                [
                    0.0,
                    0.9096820950508118,
                    -0.4153054356575012,
                    -1.6741496324539185
                ],
                [
                    0.0,
                    0.0,
                    0.0,
                    1.0
                ]
            ]
        },
        {
            "file_path": "/data/shapenet_blender/all_50_random/02958343/747c49bca6d4ae9d7c84d27684eb86f7/r_26",
            "rotation": 0.12566370614359174,
            "transform_matrix": [
                [
                    -0.4358222484588623,
                    0.6326500773429871,
                    -0.6401662230491638,
                    -2.580592632293701
                ],
                [
                    -0.9000327587127686,
                    -0.30634769797325134,
                    0.30998724699020386,
                    1.249598503112793
                ],
                [
                    1.4901161193847656e-08,
                    0.7112698554992676,
                    0.7029188871383667,
                    2.833556652069092
                ],
                [
                    0.0,
                    0.0,
                    0.0,
                    1.0
                ]
            ]
        },
        {
            "file_path": "/data/shapenet_blender/all_50_random/02958343/747c49bca6d4ae9d7c84d27684eb86f7/r_27",
            "rotation": 0.12566370614359174,
            "transform_matrix": [
                [
                    0.05040349066257477,
                    -0.1971283257007599,
                    -0.9790811538696289,
                    -3.9468023777008057
                ],
                [
                    -0.9987289905548096,
                    -0.009948601014912128,
                    -0.04941191151738167,
                    -0.1991857886314392
                ],
                [
                    0.0,
                    0.9803271293640137,
                    -0.1973792463541031,
                    -0.795661211013794
                ],
                [
                    0.0,
                    0.0,
                    0.0,
                    1.0
                ]
            ]
        },
        {
            "file_path": "/data/shapenet_blender/all_50_random/02958343/747c49bca6d4ae9d7c84d27684eb86f7/r_28",
            "rotation": 0.12566370614359174,
            "transform_matrix": [
                [
                    0.8313966989517212,
                    -0.4473073184490204,
                    -0.32969021797180176,
                    -1.329023838043213
                ],
                [
                    -0.5556793212890625,
                    -0.6692526340484619,
                    -0.4932761788368225,
                    -1.988459825515747
                ],
                [
                    0.0,
                    0.5933101773262024,
                    -0.804973840713501,
                    -3.2449533939361572
                ],
                [
                    0.0,
                    0.0,
                    0.0,
                    1.0
                ]
            ]
        },
        {
            "file_path": "/data/shapenet_blender/all_50_random/02958343/747c49bca6d4ae9d7c84d27684eb86f7/r_29",
            "rotation": 0.12566370614359174,
            "transform_matrix": [
                [
                    0.6182575821876526,
                    -0.002791753038764,
                    0.7859705090522766,
                    3.1683483123779297
                ],
                [
                    0.785975456237793,
                    0.002196026034653187,
                    -0.6182537078857422,
                    -2.492260456085205
                ],
                [
                    0.0,
                    0.999993622303009,
                    0.0035519597586244345,
                    0.014318406581878662
                ],
                [
                    0.0,
                    0.0,
                    0.0,
                    1.0
                ]
            ]
        },
        {
            "file_path": "/data/shapenet_blender/all_50_random/02958343/747c49bca6d4ae9d7c84d27684eb86f7/r_30",
            "rotation": 0.12566370614359174,
            "transform_matrix": [
                [
                    0.28508737683296204,
                    -0.5479949712753296,
                    0.7864011526107788,
                    3.1700844764709473
                ],
                [
                    0.9585016369819641,
                    0.1629902720451355,
                    -0.23389950394630432,
                    -0.9428790807723999
                ],
                [
                    1.4901162970204496e-08,
                    0.8204483985900879,
                    0.5717204809188843,
                    2.3046789169311523
                ],
                [
                    0.0,
                    0.0,
                    0.0,
                    1.0
                ]
            ]
        },
        {
            "file_path": "/data/shapenet_blender/all_50_random/02958343/747c49bca6d4ae9d7c84d27684eb86f7/r_31",
            "rotation": 0.12566370614359174,
            "transform_matrix": [
                [
                    0.8804371356964111,
                    0.1812979131937027,
                    -0.43813422322273254,
                    -1.7661757469177246
                ],
                [
                    -0.47416311502456665,
                    0.3366382420063019,
                    -0.8135378956794739,
                    -3.2794766426086426
                ],
                [
                    0.0,
                    0.9240161180496216,
                    0.38235345482826233,
                    1.541316270828247
                ],
                [
                    0.0,
                    0.0,
                    0.0,
                    1.0
                ]
            ]
        },
        {
            "file_path": "/data/shapenet_blender/all_50_random/02958343/747c49bca6d4ae9d7c84d27684eb86f7/r_32",
            "rotation": 0.12566370614359174,
            "transform_matrix": [
                [
                    0.6363682746887207,
                    -0.5810415148735046,
                    -0.5073717832565308,
                    -2.045281171798706
                ],
                [
                    -0.7713853120803833,
                    -0.4793407618999481,
                    -0.4185655415058136,
                    -1.6872916221618652
                ],
                [
                    -2.9802322387695312e-08,
                    0.6577409505844116,
                    -0.7532441020011902,
                    -3.036424160003662
                ],
                [
                    0.0,
                    0.0,
                    0.0,
                    1.0
                ]
            ]
        },
        {
            "file_path": "/data/shapenet_blender/all_50_random/02958343/747c49bca6d4ae9d7c84d27684eb86f7/r_33",
            "rotation": 0.12566370614359174,
            "transform_matrix": [
                [
                    0.6674302220344543,
                    -0.17949973046779633,
                    -0.722714900970459,
                    -2.9133565425872803
                ],
                [
                    -0.744672417640686,
                    -0.16088086366653442,
                    -0.6477503180503845,
                    -2.6111648082733154
                ],
                [
                    7.450580596923828e-09,
                    0.9705138802528381,
                    -0.2410452663898468,
                    -0.971684455871582
                ],
                [
                    0.0,
                    0.0,
                    0.0,
                    1.0
                ]
            ]
        },
        {
            "file_path": "/data/shapenet_blender/all_50_random/02958343/747c49bca6d4ae9d7c84d27684eb86f7/r_34",
            "rotation": 0.12566370614359174,
            "transform_matrix": [
                [
                    -0.2943442463874817,
                    -0.08731799572706223,
                    -0.9517022967338562,
                    -3.8364341259002686
                ],
                [
                    -0.9556994438171387,
                    0.026892920956015587,
                    0.29311317205429077,
                    1.1815768480300903
                ],
                [
                    0.0,
                    0.9958174824714661,
                    -0.09136554598808289,
                    -0.3683062493801117
                ],
                [
                    0.0,
                    0.0,
                    0.0,
                    1.0
                ]
            ]
        },
        {
            "file_path": "/data/shapenet_blender/all_50_random/02958343/747c49bca6d4ae9d7c84d27684eb86f7/r_35",
            "rotation": 0.12566370614359174,
            "transform_matrix": [
                [
                    -0.9257685542106628,
                    0.265921026468277,
                    -0.26877233386039734,
                    -1.083456039428711
                ],
                [
                    -0.3780907094478607,
                    -0.6511170864105225,
                    0.6580986380577087,
                    2.6528806686401367
                ],
                [
                    1.4901161193847656e-08,
                    0.7108673453330994,
                    0.7033259272575378,
                    2.835197687149048
                ],
                [
                    0.0,
                    0.0,
                    0.0,
                    1.0
                ]
            ]
        },
        {
            "file_path": "/data/shapenet_blender/all_50_random/02958343/747c49bca6d4ae9d7c84d27684eb86f7/r_36",
            "rotation": 0.12566370614359174,
            "transform_matrix": [
                [
                    -0.526286780834198,
                    0.019212719053030014,
                    -0.850089967250824,
                    -3.4268224239349365
                ],
                [
                    -0.8503071665763855,
                    -0.011891469359397888,
                    0.5261523723602295,
                    2.120988368988037
                ],
                [
                    0.0,
                    0.999744713306427,
                    0.022595033049583435,
                    0.09108349680900574
                ],
                [
                    0.0,
                    0.0,
                    0.0,
                    1.0
                ]
            ]
        },
        {
            "file_path": "/data/shapenet_blender/all_50_random/02958343/747c49bca6d4ae9d7c84d27684eb86f7/r_37",
            "rotation": 0.12566370614359174,
            "transform_matrix": [
                [
                    0.7358869314193726,
                    -0.4755377769470215,
                    0.48201054334640503,
                    1.9430468082427979
                ],
                [
                    0.6771043539047241,
                    0.5168213248252869,
                    -0.5238560438156128,
                    -2.11173152923584
                ],
                [
                    2.9802322387695312e-08,
                    0.7118702530860901,
                    0.7023108005523682,
                    2.8311057090759277
                ],
                [
                    0.0,
                    0.0,
                    0.0,
                    1.0
                ]
            ]
        },
        {
            "file_path": "/data/shapenet_blender/all_50_random/02958343/747c49bca6d4ae9d7c84d27684eb86f7/r_38",
            "rotation": 0.12566370614359174,
            "transform_matrix": [
                [
                    0.9961176514625549,
                    0.07917987555265427,
                    -0.038473352789878845,
                    -0.1550910472869873
                ],
                [
                    -0.08803211152553558,
                    0.8959512114524841,
                    -0.4353410005569458,
                    -1.754915714263916
                ],
                [
                    0.0,
                    0.43703779578208923,
                    0.8994431495666504,
                    3.6257712841033936
                ],
                [
                    0.0,
                    0.0,
                    0.0,
                    1.0
                ]
            ]
        },
        {
            "file_path": "/data/shapenet_blender/all_50_random/02958343/747c49bca6d4ae9d7c84d27684eb86f7/r_39",
            "rotation": 0.12566370614359174,
            "transform_matrix": [
                [
                    0.6278501152992249,
                    -0.1828191578388214,
                    -0.7565587759017944,
                    -3.049786329269409
                ],
                [
                    -0.7783342003822327,
                    -0.14747267961502075,
                    -0.6102848052978516,
                    -2.460136890411377
                ],
                [
                    7.450580152834618e-09,
                    0.9720231294631958,
                    -0.23488512635231018,
                    -0.9468522667884827
                ],
                [
                    0.0,
                    0.0,
                    0.0,
                    1.0
                ]
            ]
        },
        {
            "file_path": "/data/shapenet_blender/all_50_random/02958343/747c49bca6d4ae9d7c84d27684eb86f7/r_40",
            "rotation": 0.12566370614359174,
            "transform_matrix": [
                [
                    -0.9601184725761414,
                    0.0025528704281896353,
                    0.27958187460899353,
                    1.1270304918289185
                ],
                [
                    0.27959349751472473,
                    0.008766506798565388,
                    0.9600785374641418,
                    3.8701999187469482
                ],
                [
                    -4.6566123179658803e-10,
                    0.9999582767486572,
                    -0.009130651131272316,
                    -0.036806829273700714
                ],
                [
                    0.0,
                    0.0,
                    0.0,
                    1.0
                ]
            ]
        },
        {
            "file_path": "/data/shapenet_blender/all_50_random/02958343/747c49bca6d4ae9d7c84d27684eb86f7/r_41",
            "rotation": 0.12566370614359174,
            "transform_matrix": [
                [
                    0.5659647583961487,
                    0.20902472734451294,
                    -0.7974913716316223,
                    -3.2147905826568604
                ],
                [
                    -0.824429452419281,
                    0.14349393546581268,
