{
    "class": "02958343",
    "model": "eaf664eaf6b27cd1905f30c879d154be",
    "remove_doubles": true,
    "edge_split": true,
    "denoise": true,
    "camera_angle_x": 0.6911112070083618,
    "scale_factor": 2.3971790322619824,
    "hdri_file": "/data/IndoorHDRDataset2018/AG8A9858-28fe63f206.exr",
    "center_offset": [
        0.0,
        -1.862645149230957e-09,
        7.450580596923828e-09
    ],
    "lights": [],
    "frames": [
        {
            "file_path": "/data/shapenet_blender/all_50_random/02958343/eaf664eaf6b27cd1905f30c879d154be/r_0",
            "rotation": 0.12566370614359174,
            "transform_matrix": [
                [
                    0.7410457730293274,
                    0.3357563614845276,
                    -0.5814797878265381,
                    -2.344019889831543
                ],
                [
                    -0.6714543700218201,
                    0.3705550730228424,
                    -0.6417459845542908,
                    -2.586960792541504
                ],
                [
                    -1.4901160305669237e-08,
                    0.8660002946853638,
                    0.5000433325767517,
                    2.0157392024993896
                ],
                [
                    0.0,
                    0.0,
                    0.0,
                    1.0
                ]
            ]
        },
        {
            "file_path": "/data/shapenet_blender/all_50_random/02958343/eaf664eaf6b27cd1905f30c879d154be/r_1",
            "rotation": 0.12566370614359174,
            "transform_matrix": [
                [
                    0.8616806268692017,
                    0.1368301510810852,
                    -0.4886552095413208,
                    -1.969832181930542
                ],
                [
                    -0.5074508786201477,
                    0.23234540224075317,
                    -0.8297644853591919,
                    -3.3448877334594727
                ],
                [
                    -7.450580596923828e-09,
                    0.9629606008529663,
                    0.2696421146392822,
                    1.086962103843689
                ],
                [
                    0.0,
                    0.0,
                    0.0,
                    1.0
                ]
            ]
        },
        {
            "file_path": "/data/shapenet_blender/all_50_random/02958343/eaf664eaf6b27cd1905f30c879d154be/r_2",
            "rotation": 0.12566370614359174,
            "transform_matrix": [
                [
                    0.40406906604766846,
                    -0.4419654905796051,
                    -0.8008711338043213,
                    -3.228415012359619
                ],
                [
                    -0.9147285223007202,
                    -0.1952323317527771,
                    -0.3537740707397461,
                    -1.426108956336975
                ],
                [
                    0.0,
                    0.8755288124084473,
                    -0.48316577076911926,
                    -1.9477035999298096
                ],
                [
                    0.0,
                    0.0,
                    0.0,
                    1.0
                ]
            ]
        },
        {
            "file_path": "/data/shapenet_blender/all_50_random/02958343/eaf664eaf6b27cd1905f30c879d154be/r_3",
            "rotation": 0.12566370614359174,
            "transform_matrix": [
                [
                    -0.9622079133987427,
                    0.14077478647232056,
                    -0.23310600221157074,
                    -0.9396803975105286
                ],
                [
                    -0.2723159193992615,
                    -0.4974171817302704,
                    0.8236625790596008,
                    3.3202903270721436
                ],
                [
                    0.0,
                    0.8560131192207336,
                    0.5169538855552673,
                    2.0839080810546875
                ],
                [
                    0.0,
                    0.0,
                    0.0,
                    1.0
                ]
            ]
        },
        {
            "file_path": "/data/shapenet_blender/all_50_random/02958343/eaf664eaf6b27cd1905f30c879d154be/r_4",
            "rotation": 0.12566370614359174,
            "transform_matrix": [
                [
                    0.06739886105060577,
                    -0.029896503314375877,
                    0.9972780346870422,
                    4.020156383514404
                ],
                [
                    0.9977261424064636,
                    0.0020195827819406986,
                    -0.06736859679222107,
                    -0.27157148718833923
                ],
                [
                    -2.3283064365386963e-10,
                    0.999550998210907,
                    0.029964637011289597,
                    0.12079131603240967
                ],
                [
                    0.0,
                    0.0,
                    0.0,
                    1.0
                ]
            ]
        },
        {
            "file_path": "/data/shapenet_blender/all_50_random/02958343/eaf664eaf6b27cd1905f30c879d154be/r_5",
            "rotation": 0.12566370614359174,
            "transform_matrix": [
                [
                    -0.1682981699705124,
                    -0.5560172200202942,
                    -0.8139535784721375,
                    -3.28115177154541
                ],
                [
                    -0.9857361912727356,
                    0.0949307531118393,
                    0.13896912336349487,
                    0.560202419757843
                ],
                [
                    0.0,
                    0.825731635093689,
                    -0.5640630125999451,
                    -2.273810625076294
                ],
                [
                    0.0,
                    0.0,
                    0.0,
                    1.0
                ]
            ]
        },
        {
            "file_path": "/data/shapenet_blender/all_50_random/02958343/eaf664eaf6b27cd1905f30c879d154be/r_6",
            "rotation": 0.12566370614359174,
            "transform_matrix": [
                [
                    -0.7400147318840027,
                    0.25422677397727966,
                    0.6226932406425476,
                    2.5101568698883057
                ],
                [
                    0.6725906729698181,
                    0.27971184253692627,
                    0.6851153373718262,
                    2.7617886066436768
                ],
                [
                    -1.4901161193847656e-08,
                    0.9258131980895996,
                    -0.37798139452934265,
                    -1.5236918926239014
                ],
                [
                    0.0,
                    0.0,
                    0.0,
                    1.0
                ]
            ]
        },
        {
            "file_path": "/data/shapenet_blender/all_50_random/02958343/eaf664eaf6b27cd1905f30c879d154be/r_7",
            "rotation": 0.12566370614359174,
            "transform_matrix": [
                [
                    -0.3196028172969818,
                    -0.20069335401058197,
                    0.9260541200637817,
                    3.733043670654297
                ],
                [
                    0.9475516676902771,
                    -0.06769251078367233,
                    0.3123518228530884,
                    1.2591304779052734
                ],
                [
                    -7.450581485102248e-09,
                    0.9773125648498535,
                    0.21180202066898346,
                    0.8538012504577637
                ],
                [
                    0.0,
                    0.0,
                    0.0,
                    1.0
                ]
            ]
        },
        {
            "file_path": "/data/shapenet_blender/all_50_random/02958343/eaf664eaf6b27cd1905f30c879d154be/r_8",
            "rotation": 0.12566370614359174,
            "transform_matrix": [
                [
                    0.6988946795463562,
                    -0.2734028398990631,
                    0.6609063148498535,
                    2.664198637008667
                ],
                [
                    0.7152246832847595,
                    0.2671605050563812,
                    -0.6458165049552917,
                    -2.60336971282959
                ],
                [
                    0.0,
                    0.9240542650222778,
                    0.3822614252567291,
                    1.540945053100586
                ],
                [
                    0.0,
                    0.0,
                    0.0,
                    1.0
                ]
            ]
        },
        {
            "file_path": "/data/shapenet_blender/all_50_random/02958343/eaf664eaf6b27cd1905f30c879d154be/r_9",
            "rotation": 0.12566370614359174,
            "transform_matrix": [
                [
                    -0.9952326416969299,
                    -0.07792750000953674,
                    -0.05864594131708145,
                    -0.23640936613082886
                ],
                [
                    -0.09752971678972244,
                    0.7952037453651428,
                    0.5984469056129456,
                    2.412416934967041
                ],
                [
                    0.0,
                    0.6013136506080627,
                    -0.7990129590034485,
                    -3.2209246158599854
                ],
                [
                    0.0,
                    0.0,
                    0.0,
                    1.0
                ]
            ]
        },
        {
            "file_path": "/data/shapenet_blender/all_50_random/02958343/eaf664eaf6b27cd1905f30c879d154be/r_10",
            "rotation": 0.12566370614359174,
            "transform_matrix": [
                [
                    -0.7421481609344482,
                    -0.6590458154678345,
                    0.12196198105812073,
                    0.4916445016860962
                ],
                [
                    0.6702359318733215,
                    -0.7297574281692505,
                    0.13504774868488312,
                    0.5443949699401855
                ],
                [
                    7.450580596923828e-09,
                    0.18196851015090942,
                    0.9833042621612549,
                    3.9638264179229736
                ],
                [
                    0.0,
                    0.0,
                    0.0,
                    1.0
                ]
            ]
        },
        {
            "file_path": "/data/shapenet_blender/all_50_random/02958343/eaf664eaf6b27cd1905f30c879d154be/r_11",
            "rotation": 0.12566370614359174,
            "transform_matrix": [
                [
                    -0.3588954508304596,
                    0.24333401024341583,
                    -0.901100754737854,
                    -3.632453441619873
                ],
                [
                    -0.9333778619766235,
                    -0.0935649648308754,
                    0.346484512090683,
                    1.396723747253418
                ],
                [
                    0.0,
                    0.9654191136360168,
                    0.26070258021354675,
                    1.0509257316589355
                ],
                [
                    0.0,
                    0.0,
                    0.0,
                    1.0
                ]
            ]
        },
        {
            "file_path": "/data/shapenet_blender/all_50_random/02958343/eaf664eaf6b27cd1905f30c879d154be/r_12",
            "rotation": 0.12566370614359174,
            "transform_matrix": [
                [
                    0.8634316921234131,
                    -0.0766034871339798,
                    -0.49861568212509155,
                    -2.009984254837036
                ],
                [
                    -0.5044658184051514,
                    -0.1311127096414566,
                    -0.85341876745224,
                    -3.4402413368225098
                ],
                [
                    0.0,
                    0.9884034991264343,
                    -0.15185068547725677,
                    -0.6121297478675842
                ],
                [
                    0.0,
                    0.0,
                    0.0,
                    1.0
                ]
            ]
        },
        {
            "file_path": "/data/shapenet_blender/all_50_random/02958343/eaf664eaf6b27cd1905f30c879d154be/r_13",
            "rotation": 0.12566370614359174,
            "transform_matrix": [
                [
                    -0.9960325956344604,
                    -0.03282732143998146,
                    -0.08271385729312897,
                    -0.3334302306175232
                ],
                [
                    -0.0889899805188179,
                    0.3674243092536926,
                    0.9257861971855164,
                    3.731963634490967
                ],
                [
                    1.862645371275562e-09,
                    0.9294739365577698,
                    -0.36888787150382996,
                    -1.487034559249878
                ],
                [
                    0.0,
                    0.0,
                    0.0,
                    1.0
                ]
            ]
        },
        {
            "file_path": "/data/shapenet_blender/all_50_random/02958343/eaf664eaf6b27cd1905f30c879d154be/r_14",
            "rotation": 0.12566370614359174,
            "transform_matrix": [
                [
                    -0.5321745872497559,
                    0.22607004642486572,
                    -0.8158936500549316,
                    -3.2889723777770996
                ],
                [
                    -0.8466345071792603,
                    -0.14210233092308044,
                    0.5128515958786011,
                    2.067370891571045
                ],
                [
                    0.0,
                    0.963690459728241,
                    0.26702195405960083,
                    1.0763999223709106
                ],
                [
                    0.0,
                    0.0,
                    0.0,
                    1.0
                ]
            ]
        },
        {
            "file_path": "/data/shapenet_blender/all_50_random/02958343/eaf664eaf6b27cd1905f30c879d154be/r_15",
            "rotation": 0.12566370614359174,
            "transform_matrix": [
                [
                    -0.5703733563423157,
                    -0.31834250688552856,
                    0.7571870684623718,
                    3.052318811416626
                ],
                [
                    0.8213856220245361,
                    -0.22105826437473297,
                    0.5257936716079712,
                    2.119542121887207
                ],
                [
                    -1.4901162970204496e-08,
                    0.9218412637710571,
                    0.3875676393508911,
                    1.5623351335525513
                ],
                [
                    0.0,
                    0.0,
                    0.0,
                    1.0
                ]
            ]
        },
        {
            "file_path": "/data/shapenet_blender/all_50_random/02958343/eaf664eaf6b27cd1905f30c879d154be/r_16",
            "rotation": 0.12566370614359174,
            "transform_matrix": [
                [
                    -0.17253798246383667,
                    -0.1212533712387085,
                    0.9775111675262451,
                    3.940473794937134
                ],
                [
                    0.985002875328064,
                    -0.021239344030618668,
                    0.17122571170330048,
                    0.6902329921722412
                ],
                [
                    0.0,
                    0.992394208908081,
                    0.12309952080249786,
                    0.4962300658226013
                ],
                [
                    0.0,
                    0.0,
                    0.0,
                    1.0
                ]
            ]
        },
        {
            "file_path": "/data/shapenet_blender/all_50_random/02958343/eaf664eaf6b27cd1905f30c879d154be/r_17",
            "rotation": 0.12566370614359174,
            "transform_matrix": [
                [
                    0.7386289238929749,
                    -0.5601844787597656,
                    -0.3749941885471344,
                    -1.5116499662399292
                ],
                [
                    -0.6741123199462891,
                    -0.6137975454330444,
                    -0.4108833968639374,
                    -1.6563239097595215
                ],
                [
                    0.0,
                    0.5562784671783447,
                    -0.8309959173202515,
                    -3.349851608276367
                ],
                [
                    0.0,
                    0.0,
                    0.0,
                    1.0
                ]
            ]
        },
        {
            "file_path": "/data/shapenet_blender/all_50_random/02958343/eaf664eaf6b27cd1905f30c879d154be/r_18",
            "rotation": 0.12566370614359174,
            "transform_matrix": [
                [
                    -0.9984167814254761,
                    -0.01219192799180746,
                    0.05491290241479874,
                    0.221360981464386
                ],
                [
                    0.05625007301568985,
                    -0.21640196442604065,
                    0.9746825695037842,
                    3.9290709495544434
                ],
                [
                    0.0,
                    0.9762281775474548,
                    0.21674513816833496,
                    0.873727560043335
                ],
                [
                    0.0,
                    0.0,
                    0.0,
                    1.0
                ]
            ]
        },
        {
            "file_path": "/data/shapenet_blender/all_50_random/02958343/eaf664eaf6b27cd1905f30c879d154be/r_19",
            "rotation": 0.12566370614359174,
            "transform_matrix": [
                [
                    0.8811600208282471,
                    -0.21111880242824554,
                    -0.423067182302475,
                    -1.705438494682312
                ],
                [
                    -0.47281816601753235,
                    -0.3934481739997864,
                    -0.7884423732757568,
                    -3.1783130168914795
                ],
                [
                    0.0,
                    0.894777774810791,
                    -0.4465116262435913,
                    -1.7999460697174072
                ],
                [
                    0.0,
                    0.0,
                    0.0,
                    1.0
                ]
            ]
        },
        {
            "file_path": "/data/shapenet_blender/all_50_random/02958343/eaf664eaf6b27cd1905f30c879d154be/r_20",
            "rotation": 0.12566370614359174,
            "transform_matrix": [
                [
                    0.5002720952033997,
                    -0.7812719345092773,
                    -0.3732854127883911,
                    -1.5047616958618164
                ],
                [
                    -0.8658683896064758,
                    -0.4513948857784271,
                    -0.2156728208065033,
                    -0.8694050312042236
                ],
                [
                    -1.4901162970204496e-08,
                    0.4311109781265259,
                    -0.9022987484931946,
                    -3.6372828483581543
                ],
                [
                    0.0,
                    0.0,
                    0.0,
                    1.0
                ]
            ]
        },
        {
            "file_path": "/data/shapenet_blender/all_50_random/02958343/eaf664eaf6b27cd1905f30c879d154be/r_21",
            "rotation": 0.12566370614359174,
            "transform_matrix": [
                [
                    0.7738999724388123,
                    0.1561981588602066,
                    0.613743245601654,
                    2.474078416824341
                ],
                [
                    0.6333077549934387,
                    -0.1908736377954483,
                    -0.7499922513961792,
                    -3.023315668106079
                ],
                [
                    0.0,
                    0.9691075682640076,
                    -0.24663859605789185,
                    -0.9942320585250854
                ],
                [
                    0.0,
                    0.0,
                    0.0,
                    1.0
                ]
            ]
        },
        {
            "file_path": "/data/shapenet_blender/all_50_random/02958343/eaf664eaf6b27cd1905f30c879d154be/r_22",
            "rotation": 0.12566370614359174,
            "transform_matrix": [
                [
                    -0.7993798851966858,
                    0.5253216028213501,
                    -0.29159724712371826,
                    -1.1754660606384277
                ],
                [
                    -0.6008257865905762,
                    -0.6989238858222961,
                    0.3879609704017639,
                    1.5639207363128662
                ],
                [
                    0.0,
                    0.4853273630142212,
                    0.8743324875831604,
                    3.5245471000671387
                ],
                [
                    0.0,
                    0.0,
                    0.0,
                    1.0
                ]
            ]
        },
        {
            "file_path": "/data/shapenet_blender/all_50_random/02958343/eaf664eaf6b27cd1905f30c879d154be/r_23",
            "rotation": 0.12566370614359174,
            "transform_matrix": [
                [
                    0.35788336396217346,
                    -0.07050105929374695,
                    -0.9311010241508484,
                    -3.7533881664276123
                ],
                [
                    -0.9337663054466248,
                    -0.02702084369957447,
                    -0.35686182975769043,
                    -1.4385560750961304
                ],
                [
                    1.862645149230957e-09,
                    0.9971457123756409,
                    -0.07550181448459625,
                    -0.3043575584888458
                ],
                [
                    0.0,
                    0.0,
                    0.0,
                    1.0
                ]
            ]
        },
        {
            "file_path": "/data/shapenet_blender/all_50_random/02958343/eaf664eaf6b27cd1905f30c879d154be/r_24",
            "rotation": 0.12566370614359174,
            "transform_matrix": [
                [
                    -0.9507268071174622,
                    0.0341479517519474,
                    -0.30814358592033386,
                    -1.242166519165039
                ],
                [
                    -0.3100299537181854,
                    -0.10471689701080322,
                    0.9449422359466553,
                    3.8091838359832764
                ],
                [
                    0.0,
                    0.9939156174659729,
                    0.11014405637979507,
                    0.4440048635005951
                ],
                [
                    0.0,
                    0.0,
                    0.0,
                    1.0
                ]
            ]
        },
        {
            "file_path": "/data/shapenet_blender/all_50_random/02958343/eaf664eaf6b27cd1905f30c879d154be/r_25",
            "rotation": 0.12566370614359174,
            "transform_matrix": [
                [
                    0.9954302906990051,
                    -0.07329749315977097,
                    -0.06120435893535614,
                    -0.24672265350818634
                ],
                [
                    -0.09549081325531006,
                    -0.7640792727470398,
                    -0.6380160450935364,
                    -2.571924924850464
                ],
                [
                    -3.725290076417309e-09,
                    0.6409449577331543,
                    -0.7675867676734924,
                    -3.094241142272949
                ],
                [
                    0.0,
                    0.0,
                    0.0,
                    1.0
                ]
            ]
        },
        {
            "file_path": "/data/shapenet_blender/all_50_random/02958343/eaf664eaf6b27cd1905f30c879d154be/r_26",
            "rotation": 0.12566370614359174,
            "transform_matrix": [
                [
                    -0.3796904683113098,
                    -0.1330440193414688,
                    -0.915496826171875,
                    -3.690485715866089
                ],
                [
                    -0.9251135587692261,
                    0.05460469797253609,
                    0.3757435381412506,
                    1.5146706104278564
                ],
                [
                    -3.7252898543727042e-09,
                    0.9896048307418823,
                    -0.14381369948387146,
                    -0.5797315835952759
                ],
                [
                    0.0,
                    0.0,
                    0.0,
                    1.0
                ]
            ]
        },
        {
            "file_path": "/data/shapenet_blender/all_50_random/02958343/eaf664eaf6b27cd1905f30c879d154be/r_27",
            "rotation": 0.12566370614359174,
            "transform_matrix": [
                [
                    0.8312103748321533,
                    0.20470060408115387,
                    -0.516901433467865,
                    -2.0836963653564453
                ],
                [
                    -0.5559581518173218,
                    0.30604687333106995,
                    -0.7728168368339539,
                    -3.1153242588043213
                ],
                [
                    -1.4901162970204496e-08,
                    0.9297488927841187,
                    0.36819425225257874,
                    1.4842385053634644
                ],
                [
                    0.0,
                    0.0,
                    0.0,
                    1.0
                ]
            ]
        },
        {
            "file_path": "/data/shapenet_blender/all_50_random/02958343/eaf664eaf6b27cd1905f30c879d154be/r_28",
            "rotation": 0.12566370614359174,
            "transform_matrix": [
                [
                    0.957111120223999,
                    0.14838364720344543,
                    0.24883881211280823,
                    1.0031013488769531
                ],
                [
                    0.28972136974334717,
                    -0.4901938736438751,
                    -0.8220531940460205,
                    -3.313802480697632
                ],
                [
                    7.450581485102248e-09,
                    0.8588901162147522,
                    -0.5121598839759827,
                    -2.064582586288452
                ],
                [
                    0.0,
                    0.0,
                    0.0,
                    1.0
                ]
            ]
        },
        {
            "file_path": "/data/shapenet_blender/all_50_random/02958343/eaf664eaf6b27cd1905f30c879d154be/r_29",
            "rotation": 0.12566370614359174,
            "transform_matrix": [
                [
                    0.8271098136901855,
                    0.030697526410222054,
                    0.5612014532089233,
                    2.262275218963623
                ],
                [
                    0.5620403289794922,
                    -0.04517509043216705,
                    -0.8258752822875977,
                    -3.329209327697754
                ],
                [
                    -1.8626449271863521e-09,
                    0.9985073804855347,
                    -0.05461800843477249,
                    -0.2201722115278244
                ],
                [
                    0.0,
                    0.0,
                    0.0,
                    1.0
                ]
            ]
        },
        {
            "file_path": "/data/shapenet_blender/all_50_random/02958343/eaf664eaf6b27cd1905f30c879d154be/r_30",
            "rotation": 0.12566370614359174,
            "transform_matrix": [
                [
                    0.9388700127601624,
                    -0.13847920298576355,
                    -0.3151930868625641,
                    -1.270583987236023
                ],
                [
                    -0.3442719578742981,
                    -0.3776490390300751,
                    -0.8595684766769409,
                    -3.465031385421753
                ],
                [
                    -7.450581485102248e-09,
                    0.9155350923538208,
                    -0.4022378921508789,
                    -1.6214728355407715
                ],
                [
                    0.0,
                    0.0,
                    0.0,
                    1.0
                ]
            ]
        },
        {
            "file_path": "/data/shapenet_blender/all_50_random/02958343/eaf664eaf6b27cd1905f30c879d154be/r_31",
            "rotation": 0.12566370614359174,
            "transform_matrix": [
                [
                    -0.9924955368041992,
                    -0.08259918540716171,
                    -0.09016619622707367,
                    -0.3634715676307678
                ],
                [
                    -0.12228070199489594,
                    0.6704190969467163,
                    0.7318370342254639,
                    2.950129508972168
                ],
                [
                    -3.725290298461914e-09,
                    0.7373706102371216,
                    -0.6754883527755737,
                    -2.7229807376861572
                ],
                [
                    0.0,
                    0.0,
                    0.0,
                    1.0
                ]
            ]
        },
        {
            "file_path": "/data/shapenet_blender/all_50_random/02958343/eaf664eaf6b27cd1905f30c879d154be/r_32",
            "rotation": 0.12566370614359174,
            "transform_matrix": [
                [
                    -0.9925746917724609,
                    0.01779363863170147,
                    0.12032900005578995,
                    0.4850617051124573
                ],
                [
                    0.12163751572370529,
                    0.14519792795181274,
                    0.9818970561027527,
                    3.95815372467041
                ],
                [
                    0.0,
                    0.9892425537109375,
                    -0.14628414809703827,
                    -0.5896902680397034
                ],
                [
                    0.0,
                    0.0,
                    0.0,
                    1.0
                ]
            ]
        },
        {
            "file_path": "/data/shapenet_blender/all_50_random/02958343/eaf664eaf6b27cd1905f30c879d154be/r_33",
            "rotation": 0.12566370614359174,
            "transform_matrix": [
                [
                    0.8693562746047974,
                    -0.1720702201128006,
                    -0.4632619619369507,
                    -1.8674687147140503
                ],
                [
                    -0.49418607354164124,
                    -0.3027004301548004,
                    -0.8149555921554565,
                    -3.285191059112549
                ],
                [
                    -1.4901162970204496e-08,
                    0.9374243021011353,
                    -0.3481891453266144,
                    -1.4035953283309937
                ],
                [
                    0.0,
                    0.0,
                    0.0,
                    1.0
                ]
            ]
        },
        {
            "file_path": "/data/shapenet_blender/all_50_random/02958343/eaf664eaf6b27cd1905f30c879d154be/r_34",
            "rotation": 0.12566370614359174,
            "transform_matrix": [
                [
                    -0.5373018383979797,
                    0.7461839914321899,
                    -0.3930854797363281,
                    -1.584578275680542
                ],
                [
                    -0.8433901071548462,
                    -0.47537437081336975,
                    0.25042450428009033,
                    1.0094934701919556
                ],
                [
                    -1.4901161193847656e-08,
                    0.4660778343677521,
                    0.8847436904907227,
                    3.5665159225463867
                ],
                [
                    0.0,
                    0.0,
                    0.0,
                    1.0
                ]
            ]
        },
        {
            "file_path": "/data/shapenet_blender/all_50_random/02958343/eaf664eaf6b27cd1905f30c879d154be/r_35",
            "rotation": 0.12566370614359174,
            "transform_matrix": [
                [
                    -0.6330264210700989,
                    -0.6829678416252136,
                    0.364461749792099,
                    1.469192385673523
                ],
                [
                    0.7741300463676453,
                    -0.5584806799888611,
                    0.29802992939949036,
                    1.201397180557251
                ],
                [
                    -1.4901158529312397e-08,
                    0.4708016812801361,
                    0.8822389841079712,
                    3.5564193725585938
                ],
                [
                    0.0,
                    0.0,
                    0.0,
                    1.0
                ]
            ]
        },
        {
            "file_path": "/data/shapenet_blender/all_50_random/02958343/eaf664eaf6b27cd1905f30c879d154be/r_36",
            "rotation": 0.12566370614359174,
            "transform_matrix": [
                [
                    0.6509504914283752,
                    0.28673940896987915,
                    -0.7028825283050537,
                    -2.8334102630615234
                ],
                [
                    -0.7591202259063721,
                    0.24588090181350708,
                    -0.6027263402938843,
                    -2.4296679496765137
                ],
                [
                    -1.4901162970204496e-08,
                    0.9259173274040222,
                    0.3777259588241577,
                    1.5226621627807617
                ],
                [
                    0.0,
                    0.0,
                    0.0,
                    1.0
                ]
            ]
        },
        {
            "file_path": "/data/shapenet_blender/all_50_random/02958343/eaf664eaf6b27cd1905f30c879d154be/r_37",
            "rotation": 0.12566370614359174,
            "transform_matrix": [
                [
                    -0.9765610694885254,
                    0.08544518053531647,
                    0.1975540667772293,
                    0.7963659763336182
                ],
                [
                    0.21524056792259216,
                    0.3876706063747406,
                    0.8963162899017334,
                    3.6131668090820312
                ],
                [
                    0.0,
                    0.9178293347358704,
                    -0.39697524905204773,
                    -1.6002585887908936
                ],
                [
                    0.0,
                    0.0,
                    0.0,
                    1.0
                ]
            ]
        },
        {
            "file_path": "/data/shapenet_blender/all_50_random/02958343/eaf664eaf6b27cd1905f30c879d154be/r_38",
            "rotation": 0.12566370614359174,
            "transform_matrix": [
                [
                    -0.1553286612033844,
                    -0.8755447268486023,
                    -0.4574868977069855,
                    -1.8441886901855469
                ],
                [
                    -0.9878628849983215,
                    0.13766808807849884,
                    0.07193390280008316,
                    0.2899748384952545
                ],
                [
                    -7.450581485102248e-09,
                    0.463107705116272,
                    -0.8863019943237305,
                    -3.5727975368499756
                ],
                [
                    0.0,
                    0.0,
                    0.0,
                    1.0
                ]
            ]
        },
        {
            "file_path": "/data/shapenet_blender/all_50_random/02958343/eaf664eaf6b27cd1905f30c879d154be/r_39",
            "rotation": 0.12566370614359174,
            "transform_matrix": [
                [
                    -0.9669444561004639,
                    0.04433480277657509,
                    0.2511035203933716,
                    1.012230634689331
                ],
                [
                    0.2549873888492584,
                    0.16812318563461304,
                    0.952216386795044,
                    3.8385069370269775
                ],
                [
                    3.725290742551124e-09,
                    0.9847683906555176,
                    -0.17387060821056366,
                    -0.700894832611084
                ],
                [
                    0.0,
                    0.0,
                    0.0,
                    1.0
                ]
            ]
        },
        {
            "file_path": "/data/shapenet_blender/all_50_random/02958343/eaf664eaf6b27cd1905f30c879d154be/r_40",
            "rotation": 0.12566370614359174,
            "transform_matrix": [
                [
                    -0.5472257733345032,
                    0.05002009496092796,
                    -0.83548903465271,
                    -3.3679637908935547
                ],
                [
                    -0.8369848728179932,
                    -0.03270343318581581,
                    0.5462477207183838,
                    2.2019948959350586
                ],
                [
                    1.8626448161640496e-09,
                    0.9982125759124756,
                    0.059762246906757355,
                    0.24090930819511414
                ],
                [
                    0.0,
                    0.0,
                    0.0,
                    1.0
                ]
            ]
        },
        {
            "file_path": "/data/shapenet_blender/all_50_random/02958343/eaf664eaf6b27cd1905f30c879d154be/r_41",
            "rotation": 0.12566370614359174,
            "transform_matrix": [
                [
                    -0.7101706266403198,
                    -0.5459747314453125,
                    0.44448769092559814,
                    1.7917872667312622
                ],
                [
                    0.7040296792984009,
                    -0.5507370233535767,
                    0.448364794254303,
