{
    "class": "02958343",
    "model": "6d03ff05596201e6d8df13fb69e08d76",
    "remove_doubles": true,
    "edge_split": true,
    "denoise": true,
    "camera_angle_x": 0.6911112070083618,
    "scale_factor": 2.305031875994536,
    "hdri_file": "/data/IndoorHDRDataset2018/AG8A0376-e91cd665eb.exr",
    "center_offset": [
        0.0,
        -1.862645149230957e-09,
        0.0
    ],
    "lights": [],
    "frames": [
        {
            "file_path": "/data/shapenet_blender/all_50_random/02958343/6d03ff05596201e6d8df13fb69e08d76/r_0",
            "rotation": 0.12566370614359174,
            "transform_matrix": [
                [
                    0.9917708039283752,
                    0.05122457072138786,
                    0.11733108013868332,
                    0.4729766547679901
                ],
                [
                    0.12802551686763763,
                    -0.3968195915222168,
                    -0.9089245200157166,
                    -3.6639914512634277
                ],
                [
                    3.725290076417309e-09,
                    0.9164661169052124,
                    -0.40011221170425415,
                    -1.6129037141799927
                ],
                [
                    0.0,
                    0.0,
                    0.0,
                    1.0
                ]
            ]
        },
        {
            "file_path": "/data/shapenet_blender/all_50_random/02958343/6d03ff05596201e6d8df13fb69e08d76/r_1",
            "rotation": 0.12566370614359174,
            "transform_matrix": [
                [
                    -0.04892728477716446,
                    -0.2916012108325958,
                    0.9552878141403198,
                    3.85088849067688
                ],
                [
                    0.9988023638725281,
                    -0.014284362085163593,
                    0.04679568111896515,
                    0.18863943219184875
                ],
                [
                    -9.313225746154785e-10,
                    0.9564332962036133,
                    0.29195085167884827,
                    1.1768916845321655
                ],
                [
                    0.0,
                    0.0,
                    0.0,
                    1.0
                ]
            ]
        },
        {
            "file_path": "/data/shapenet_blender/all_50_random/02958343/6d03ff05596201e6d8df13fb69e08d76/r_2",
            "rotation": 0.12566370614359174,
            "transform_matrix": [
                [
                    -0.32813698053359985,
                    0.1390261948108673,
                    0.9343434572219849,
                    3.7664592266082764
                ],
                [
                    0.9446302056312561,
                    0.048293646425008774,
                    0.3245636522769928,
                    1.308358073234558
                ],
                [
                    0.0,
                    0.9891104102134705,
                    -0.14717526733875275,
                    -0.5932825207710266
                ],
                [
                    0.0,
                    0.0,
                    0.0,
                    1.0
                ]
            ]
        },
        {
            "file_path": "/data/shapenet_blender/all_50_random/02958343/6d03ff05596201e6d8df13fb69e08d76/r_3",
            "rotation": 0.12566370614359174,
            "transform_matrix": [
                [
                    -0.23471401631832123,
                    -0.9080958962440491,
                    0.3468012809753418,
                    1.3980008363723755
                ],
                [
                    0.9720644950866699,
                    -0.21926818788051605,
                    0.08373839408159256,
                    0.3375602960586548
                ],
                [
                    0.0,
                    0.35676783323287964,
                    0.9341930150985718,
                    3.765852689743042
                ],
                [
                    0.0,
                    0.0,
                    0.0,
                    1.0
                ]
            ]
        },
        {
            "file_path": "/data/shapenet_blender/all_50_random/02958343/6d03ff05596201e6d8df13fb69e08d76/r_4",
            "rotation": 0.12566370614359174,
            "transform_matrix": [
                [
                    -0.8331438302993774,
                    0.08494264632463455,
                    -0.5464944243431091,
                    -2.2029895782470703
                ],
                [
                    -0.5530564188957214,
                    -0.12796060740947723,
                    0.8232585787773132,
                    3.3186614513397217
                ],
                [
                    7.450580596923828e-09,
                    0.9881349802017212,
                    0.15358766913414001,
                    0.6191316843032837
                ],
                [
                    0.0,
                    0.0,
                    0.0,
                    1.0
                ]
            ]
        },
        {
            "file_path": "/data/shapenet_blender/all_50_random/02958343/6d03ff05596201e6d8df13fb69e08d76/r_5",
            "rotation": 0.12566370614359174,
            "transform_matrix": [
                [
                    0.6005480289459229,
                    0.7789815068244934,
                    0.18036019802093506,
                    0.7270551919937134
                ],
                [
                    0.799588680267334,
                    -0.5850706100463867,
                    -0.13546335697174072,
                    -0.5460702776908875
                ],
                [
                    0.0,
                    0.22556626796722412,
                    -0.9742278456687927,
                    -3.9272379875183105
                ],
                [
                    0.0,
                    0.0,
                    0.0,
                    1.0
                ]
            ]
        },
        {
            "file_path": "/data/shapenet_blender/all_50_random/02958343/6d03ff05596201e6d8df13fb69e08d76/r_6",
            "rotation": 0.12566370614359174,
            "transform_matrix": [
                [
                    -0.5354027152061462,
                    -0.16904407739639282,
                    0.8275071978569031,
                    3.335787773132324
                ],
                [
                    0.8445969820022583,
                    -0.1071595847606659,
                    0.5245692729949951,
                    2.1146061420440674
                ],
                [
                    0.0,
                    0.979765772819519,
                    0.20014764368534088,
                    0.8068208694458008
                ],
                [
                    0.0,
                    0.0,
                    0.0,
                    1.0
                ]
            ]
        },
        {
            "file_path": "/data/shapenet_blender/all_50_random/02958343/6d03ff05596201e6d8df13fb69e08d76/r_7",
            "rotation": 0.12566370614359174,
            "transform_matrix": [
                [
                    -0.9949790239334106,
                    0.007364089135080576,
                    0.099812351167202,
                    0.40235644578933716
                ],
                [
                    0.10008364915847778,
                    0.07320990413427353,
                    0.992281973361969,
                    4.000016689300537
                ],
                [
                    0.0,
                    0.99728924036026,
                    -0.0735793486237526,
                    -0.2966078519821167
                ],
                [
                    0.0,
                    0.0,
                    0.0,
                    1.0
                ]
            ]
        },
        {
            "file_path": "/data/shapenet_blender/all_50_random/02958343/6d03ff05596201e6d8df13fb69e08d76/r_8",
            "rotation": 0.12566370614359174,
            "transform_matrix": [
                [
                    0.20811522006988525,
                    -0.6078008413314819,
                    -0.7663330435752869,
                    -3.089186906814575
                ],
                [
                    -0.978104293346405,
                    -0.12932425737380981,
                    -0.16305580735206604,
                    -0.6572989225387573
                ],
                [
                    0.0,
                    0.7834879755973816,
                    -0.6214069724082947,
                    -2.5049712657928467
                ],
                [
                    0.0,
                    0.0,
                    0.0,
                    1.0
                ]
            ]
        },
        {
            "file_path": "/data/shapenet_blender/all_50_random/02958343/6d03ff05596201e6d8df13fb69e08d76/r_9",
            "rotation": 0.12566370614359174,
            "transform_matrix": [
                [
                    -0.06303337961435318,
                    -0.2546158730983734,
                    -0.964985728263855,
                    -3.889981985092163
                ],
                [
                    -0.9980114698410034,
                    0.016081277281045914,
                    0.06094751134514809,
                    0.24568727612495422
                ],
                [
                    0.0,
                    0.9669086337089539,
                    -0.25512316823005676,
                    -1.0284343957901
                ],
                [
                    0.0,
                    0.0,
                    0.0,
                    1.0
                ]
            ]
        },
        {
            "file_path": "/data/shapenet_blender/all_50_random/02958343/6d03ff05596201e6d8df13fb69e08d76/r_10",
            "rotation": 0.12566370614359174,
            "transform_matrix": [
                [
                    0.729228138923645,
                    0.32181549072265625,
                    0.603871762752533,
                    2.4342849254608154
                ],
                [
                    0.6842706203460693,
                    -0.3429591953754425,
                    -0.6435469388961792,
                    -2.5942206382751465
                ],
                [
                    0.0,
                    0.8825041651725769,
                    -0.47030434012413025,
                    -1.8958574533462524
                ],
                [
                    0.0,
                    0.0,
                    0.0,
                    1.0
                ]
            ]
        },
        {
            "file_path": "/data/shapenet_blender/all_50_random/02958343/6d03ff05596201e6d8df13fb69e08d76/r_11",
            "rotation": 0.12566370614359174,
            "transform_matrix": [
                [
                    0.1318432092666626,
                    0.380727082490921,
                    -0.9152399301528931,
                    -3.689450263977051
                ],
                [
                    -0.9912706017494202,
                    0.05063832551240921,
                    -0.12173080444335938,
                    -0.49071258306503296
                ],
                [
                    3.725290742551124e-09,
                    0.9232997894287109,
                    0.38407987356185913,
                    1.5482754707336426
                ],
                [
                    0.0,
                    0.0,
                    0.0,
                    1.0
                ]
            ]
        },
        {
            "file_path": "/data/shapenet_blender/all_50_random/02958343/6d03ff05596201e6d8df13fb69e08d76/r_12",
            "rotation": 0.12566370614359174,
            "transform_matrix": [
                [
                    -0.12084626406431198,
                    -0.03557175397872925,
                    0.9920336604118347,
                    3.9990155696868896
                ],
                [
                    0.9926712512969971,
                    -0.00433045020326972,
                    0.12076864391565323,
                    0.48683398962020874
                ],
                [
                    -4.656612873077393e-10,
                    0.9993577003479004,
                    0.03583437576889992,
                    0.1444529891014099
                ],
                [
                    0.0,
                    0.0,
                    0.0,
                    1.0
                ]
            ]
        },
        {
            "file_path": "/data/shapenet_blender/all_50_random/02958343/6d03ff05596201e6d8df13fb69e08d76/r_13",
            "rotation": 0.12566370614359174,
            "transform_matrix": [
                [
                    -0.26518717408180237,
                    -0.8822658061981201,
                    0.3889508843421936,
                    1.567911148071289
                ],
                [
                    0.964197039604187,
                    -0.2426532804965973,
                    0.10697480291128159,
                    0.43122923374176025
                ],
                [
                    0.0,
                    0.40339359641075134,
                    0.9150265455245972,
                    3.6885900497436523
                ],
                [
                    0.0,
                    0.0,
                    0.0,
                    1.0
                ]
            ]
        },
        {
            "file_path": "/data/shapenet_blender/all_50_random/02958343/6d03ff05596201e6d8df13fb69e08d76/r_14",
            "rotation": 0.12566370614359174,
            "transform_matrix": [
                [
                    0.7383273839950562,
                    0.4708546996116638,
                    -0.48287534713745117,
                    -1.9465328454971313
                ],
                [
                    -0.6744425296783447,
                    0.5154551863670349,
                    -0.5286144614219666,
                    -2.130913019180298
                ],
                [
                    0.0,
                    0.7159622311592102,
                    0.6981390714645386,
                    2.81428861618042
                ],
                [
                    0.0,
                    0.0,
                    0.0,
                    1.0
                ]
            ]
        },
        {
            "file_path": "/data/shapenet_blender/all_50_random/02958343/6d03ff05596201e6d8df13fb69e08d76/r_15",
            "rotation": 0.12566370614359174,
            "transform_matrix": [
                [
                    0.8777096271514893,
                    -0.09807760268449783,
                    -0.4690486490726471,
                    -1.8907955884933472
                ],
                [
                    -0.47919294238090515,
                    -0.17964299023151398,
                    -0.8591289520263672,
                    -3.463259696960449
                ],
                [
                    7.450580596923828e-09,
                    0.9788305163383484,
                    -0.20467247068881989,
                    -0.8250611424446106
                ],
                [
                    0.0,
                    0.0,
                    0.0,
                    1.0
                ]
            ]
        },
        {
            "file_path": "/data/shapenet_blender/all_50_random/02958343/6d03ff05596201e6d8df13fb69e08d76/r_16",
            "rotation": 0.12566370614359174,
            "transform_matrix": [
                [
                    -0.7969334721565247,
                    -0.04220607876777649,
                    -0.602590799331665,
                    -2.429121494293213
                ],
                [
                    -0.6040672063827515,
                    0.05568161606788635,
                    0.7949857115745544,
                    3.2046902179718018
                ],
                [
                    0.0,
                    0.9975560307502747,
                    -0.06986983865499496,
                    -0.28165435791015625
                ],
                [
                    0.0,
                    0.0,
                    0.0,
                    1.0
                ]
            ]
        },
        {
            "file_path": "/data/shapenet_blender/all_50_random/02958343/6d03ff05596201e6d8df13fb69e08d76/r_17",
            "rotation": 0.12566370614359174,
            "transform_matrix": [
                [
                    0.1790383905172348,
                    0.7210753560066223,
                    0.6693245768547058,
                    2.698133707046509
                ],
                [
                    0.983842134475708,
                    -0.13122041523456573,
                    -0.12180286645889282,
                    -0.4910030663013458
                ],
                [
                    7.450581485102248e-09,
                    0.6803170442581177,
                    -0.732917845249176,
                    -2.95448637008667
                ],
                [
                    0.0,
                    0.0,
                    0.0,
                    1.0
                ]
            ]
        },
        {
            "file_path": "/data/shapenet_blender/all_50_random/02958343/6d03ff05596201e6d8df13fb69e08d76/r_18",
            "rotation": 0.12566370614359174,
            "transform_matrix": [
                [
                    -0.9660579562187195,
                    0.020835911855101585,
                    0.2574838399887085,
                    1.0379505157470703
                ],
                [
                    0.2583255171775818,
                    0.07791989296674728,
                    0.9629103541374207,
                    3.8816158771514893
                ],
                [
                    1.862645149230957e-09,
                    0.9967418909072876,
                    -0.08065757155418396,
                    -0.3251410722732544
                ],
                [
                    0.0,
                    0.0,
                    0.0,
                    1.0
                ]
            ]
        },
        {
            "file_path": "/data/shapenet_blender/all_50_random/02958343/6d03ff05596201e6d8df13fb69e08d76/r_19",
            "rotation": 0.12566370614359174,
            "transform_matrix": [
                [
                    0.6785523295402527,
                    -0.6148590445518494,
                    0.40188926458358765,
                    1.6200674772262573
                ],
                [
                    0.7345520257949829,
                    0.5679843425750732,
                    -0.37125059962272644,
                    -1.4965590238571167
                ],
                [
                    -2.9802322387695312e-08,
                    0.5471214652061462,
                    0.8370531797409058,
                    3.3742692470550537
                ],
                [
                    0.0,
                    0.0,
                    0.0,
                    1.0
                ]
            ]
        },
        {
            "file_path": "/data/shapenet_blender/all_50_random/02958343/6d03ff05596201e6d8df13fb69e08d76/r_20",
            "rotation": 0.12566370614359174,
            "transform_matrix": [
                [
                    -0.9932412505149841,
                    -0.08111391961574554,
                    -0.08302105963230133,
                    -0.3346686363220215
                ],
                [
                    -0.11606881022453308,
                    0.6941200494766235,
                    0.7104401588439941,
                    2.8638761043548584
                ],
                [
                    -3.725290742551124e-09,
                    0.7152745127677917,
                    -0.6988434195518494,
                    -2.8171281814575195
                ],
                [
                    0.0,
                    0.0,
                    0.0,
                    1.0
                ]
            ]
        },
        {
            "file_path": "/data/shapenet_blender/all_50_random/02958343/6d03ff05596201e6d8df13fb69e08d76/r_21",
            "rotation": 0.12566370614359174,
            "transform_matrix": [
                [
                    0.7432840466499329,
                    -0.06344754993915558,
                    -0.6659603118896484,
                    -2.684572219848633
                ],
                [
                    -0.6689759492874146,
                    -0.0704951360821724,
                    -0.739933431148529,
                    -2.982767343521118
                ],
                [
                    0.0,
                    0.9954922199249268,
                    -0.09484279900789261,
                    -0.38232359290122986
                ],
                [
                    0.0,
                    0.0,
                    0.0,
                    1.0
                ]
            ]
        },
        {
            "file_path": "/data/shapenet_blender/all_50_random/02958343/6d03ff05596201e6d8df13fb69e08d76/r_22",
            "rotation": 0.12566370614359174,
            "transform_matrix": [
                [
                    -0.9564703106880188,
                    -0.20229393243789673,
                    0.2103375792503357,
                    0.8478978872299194
                ],
                [
                    0.29183000326156616,
                    -0.6630166172981262,
                    0.6893795728683472,
                    2.778977870941162
                ],
                [
                    1.4901162970204496e-08,
                    0.7207537293434143,
                    0.6931911110877991,
                    2.7943427562713623
                ],
                [
                    0.0,
                    0.0,
                    0.0,
                    1.0
                ]
            ]
        },
        {
            "file_path": "/data/shapenet_blender/all_50_random/02958343/6d03ff05596201e6d8df13fb69e08d76/r_23",
            "rotation": 0.12566370614359174,
            "transform_matrix": [
                [
                    0.9879802465438843,
                    -0.05221792683005333,
                    0.14549343287944794,
                    0.5865027904510498
                ],
                [
                    0.1545802354812622,
                    0.3337443470954895,
                    -0.9299030303955078,
                    -3.74855899810791
                ],
                [
                    -3.725290076417309e-09,
                    0.941216230392456,
                    0.3378046751022339,
                    1.36173415184021
                ],
                [
                    0.0,
                    0.0,
                    0.0,
                    1.0
                ]
            ]
        },
        {
            "file_path": "/data/shapenet_blender/all_50_random/02958343/6d03ff05596201e6d8df13fb69e08d76/r_24",
            "rotation": 0.12566370614359174,
            "transform_matrix": [
                [
                    0.3806324601173401,
                    0.45865917205810547,
                    -0.8029637336730957,
                    -3.2368502616882324
                ],
                [
                    -0.9247264862060547,
                    0.18879157304763794,
                    -0.3305129408836365,
                    -1.3323402404785156
                ],
                [
                    0.0,
                    0.8683257102966309,
                    0.4959944784641266,
                    1.9994176626205444
                ],
                [
                    0.0,
                    0.0,
                    0.0,
                    1.0
                ]
            ]
        },
        {
            "file_path": "/data/shapenet_blender/all_50_random/02958343/6d03ff05596201e6d8df13fb69e08d76/r_25",
            "rotation": 0.12566370614359174,
            "transform_matrix": [
                [
                    0.46588173508644104,
                    -0.35962584614753723,
                    -0.8084697127342224,
                    -3.2590458393096924
                ],
                [
                    -0.8848469257354736,
                    -0.18934699892997742,
                    -0.42566826939582825,
                    -1.71592378616333
                ],
                [
                    -1.4901160305669237e-08,
                    0.9136830568313599,
                    -0.40642717480659485,
                    -1.6383605003356934
                ],
                [
                    0.0,
                    0.0,
                    0.0,
                    1.0
                ]
            ]
        },
        {
            "file_path": "/data/shapenet_blender/all_50_random/02958343/6d03ff05596201e6d8df13fb69e08d76/r_26",
            "rotation": 0.12566370614359174,
            "transform_matrix": [
                [
                    0.9664842486381531,
                    0.08440763503313065,
                    -0.24245327711105347,
                    -0.9773604869842529
                ],
                [
                    -0.2567260265350342,
                    0.31776538491249084,
                    -0.9127522706985474,
                    -3.679422378540039
                ],
                [
                    0.0,
                    0.9444047808647156,
                    0.32878485321998596,
                    1.3253742456436157
                ],
                [
                    0.0,
                    0.0,
                    0.0,
                    1.0
                ]
            ]
        },
        {
            "file_path": "/data/shapenet_blender/all_50_random/02958343/6d03ff05596201e6d8df13fb69e08d76/r_27",
            "rotation": 0.12566370614359174,
            "transform_matrix": [
                [
                    -0.7722644805908203,
                    -0.17527689039707184,
                    0.6106435060501099,
                    2.461582899093628
                ],
                [
                    0.6353011131286621,
                    -0.213064506649971,
                    0.7422909736633301,
                    2.9922709465026855
                ],
                [
                    0.0,
                    0.9611875414848328,
                    0.27589574456214905,
                    1.1121714115142822
                ],
                [
                    0.0,
                    0.0,
                    0.0,
                    1.0
                ]
            ]
        },
        {
            "file_path": "/data/shapenet_blender/all_50_random/02958343/6d03ff05596201e6d8df13fb69e08d76/r_28",
            "rotation": 0.12566370614359174,
            "transform_matrix": [
                [
                    0.774021327495575,
                    0.6244156956672668,
                    -0.10486192256212234,
                    -0.42271193861961365
                ],
                [
                    -0.6331595778465271,
                    0.7633321285247803,
                    -0.1281910091638565,
                    -0.5167545080184937
                ],
                [
                    0.0,
                    0.16561706364154816,
                    0.9861901998519897,
                    3.9754598140716553
                ],
                [
                    0.0,
                    0.0,
                    0.0,
                    1.0
                ]
            ]
        },
        {
            "file_path": "/data/shapenet_blender/all_50_random/02958343/6d03ff05596201e6d8df13fb69e08d76/r_29",
            "rotation": 0.12566370614359174,
            "transform_matrix": [
                [
                    -0.8113629221916199,
                    0.060534942895174026,
                    0.5813997983932495,
                    2.3436975479125977
                ],
                [
                    0.5845427513122559,
                    0.0840243250131607,
                    0.807000458240509,
                    3.2531228065490723
                ],
                [
                    3.725290298461914e-09,
                    0.9946232438087463,
                    -0.10355948656797409,
                    -0.417461633682251
                ],
                [
                    0.0,
                    0.0,
                    0.0,
                    1.0
                ]
            ]
        },
        {
            "file_path": "/data/shapenet_blender/all_50_random/02958343/6d03ff05596201e6d8df13fb69e08d76/r_30",
            "rotation": 0.12566370614359174,
            "transform_matrix": [
                [
                    0.9624689817428589,
                    0.16984088718891144,
                    0.2116781622171402,
                    0.8533019423484802
                ],
                [
                    0.27139192819595337,
                    -0.6023265719413757,
                    -0.7506990432739258,
                    -3.0261645317077637
                ],
                [
                    0.0,
                    0.7799720764160156,
                    -0.6258141398429871,
                    -2.522737503051758
                ],
                [
                    0.0,
                    0.0,
                    0.0,
                    1.0
                ]
            ]
        },
        {
            "file_path": "/data/shapenet_blender/all_50_random/02958343/6d03ff05596201e6d8df13fb69e08d76/r_31",
            "rotation": 0.12566370614359174,
            "transform_matrix": [
                [
                    -0.697701632976532,
                    0.4347628951072693,
                    -0.569379985332489,
                    -2.2952444553375244
                ],
                [
                    -0.716388463973999,
                    -0.4234222173690796,
                    0.5545278787612915,
                    2.2353737354278564
                ],
                [
                    0.0,
                    0.7947922945022583,
                    0.6068814396858215,
                    2.4464175701141357
                ],
                [
                    0.0,
                    0.0,
                    0.0,
                    1.0
                ]
            ]
        },
        {
            "file_path": "/data/shapenet_blender/all_50_random/02958343/6d03ff05596201e6d8df13fb69e08d76/r_32",
            "rotation": 0.12566370614359174,
            "transform_matrix": [
                [
                    -0.20985844731330872,
                    -0.024927545338869095,
                    -0.9774139523506165,
                    -3.9400815963745117
                ],
                [
                    -0.9777318239212036,
                    0.005350399762392044,
                    0.20979022979736328,
                    0.845691442489624
                ],
                [
                    0.0,
                    0.9996748566627502,
                    -0.02549528144299984,
                    -0.10277476906776428
                ],
                [
                    0.0,
                    0.0,
                    0.0,
                    1.0
                ]
            ]
        },
        {
            "file_path": "/data/shapenet_blender/all_50_random/02958343/6d03ff05596201e6d8df13fb69e08d76/r_33",
            "rotation": 0.12566370614359174,
            "transform_matrix": [
                [
                    -0.8054071664810181,
                    0.25755923986434937,
                    0.5338373780250549,
                    2.1519675254821777
                ],
                [
                    0.5927217602729797,
                    0.34997880458831787,
                    0.7253934144973755,
                    2.92415452003479
                ],
                [
                    0.0,
                    0.9006541967391968,
                    -0.43453648686408997,
                    -1.7516727447509766
                ],
                [
                    0.0,
                    0.0,
                    0.0,
                    1.0
                ]
            ]
        },
        {
            "file_path": "/data/shapenet_blender/all_50_random/02958343/6d03ff05596201e6d8df13fb69e08d76/r_34",
            "rotation": 0.12566370614359174,
            "transform_matrix": [
                [
                    -0.8989896774291992,
                    0.0004091541050001979,
                    -0.4379696249961853,
                    -1.7655119895935059
                ],
                [
                    -0.43796980381011963,
                    -0.0008398417267017066,
                    0.8989893198013306,
                    3.623941659927368
                ],
                [
                    0.0,
                    0.9999995827674866,
                    0.0009342061239294708,
                    0.0037659050431102514
                ],
                [
                    0.0,
                    0.0,
                    0.0,
                    1.0
                ]
            ]
        },
        {
            "file_path": "/data/shapenet_blender/all_50_random/02958343/6d03ff05596201e6d8df13fb69e08d76/r_35",
            "rotation": 0.12566370614359174,
            "transform_matrix": [
                [
                    0.6386945247650146,
                    -0.3881721794605255,
                    -0.6643731594085693,
                    -2.678173780441284
                ],
                [
                    -0.7694603800773621,
                    -0.3222042918205261,
                    -0.5514662861824036,
                    -2.223031759262085
                ],
                [
                    -1.4901161193847656e-08,
                    0.8634272813796997,
                    -0.5044732689857483,
                    -2.0335967540740967
                ],
                [
                    0.0,
                    0.0,
                    0.0,
                    1.0
                ]
            ]
        },
        {
            "file_path": "/data/shapenet_blender/all_50_random/02958343/6d03ff05596201e6d8df13fb69e08d76/r_36",
            "rotation": 0.12566370614359174,
            "transform_matrix": [
                [
                    0.9880467057228088,
                    -0.004426251631230116,
                    0.15409128367900848,
                    0.6211618185043335
                ],
                [
                    0.15415483713150024,
                    0.028369810432195663,
                    -0.9876393675804138,
                    -3.9813015460968018
                ],
                [
                    -4.656612873077393e-10,
                    0.9995876550674438,
                    0.02871302329003811,
                    0.1157459020614624
                ],
                [
                    0.0,
                    0.0,
                    0.0,
                    1.0
                ]
            ]
        },
        {
            "file_path": "/data/shapenet_blender/all_50_random/02958343/6d03ff05596201e6d8df13fb69e08d76/r_37",
            "rotation": 0.12566370614359174,
            "transform_matrix": [
                [
                    0.75835120677948,
                    0.3932366967201233,
                    0.5198734402656555,
                    2.095676898956299
                ],
                [
                    0.6518462300300598,
                    -0.457487553358078,
                    -0.6048154234886169,
                    -2.438088893890381
                ],
                [
                    1.4901161193847656e-08,
                    0.797540009021759,
                    -0.6032660603523254,
                    -2.4318432807922363
                ],
                [
                    0.0,
                    0.0,
                    0.0,
                    1.0
                ]
            ]
        },
        {
            "file_path": "/data/shapenet_blender/all_50_random/02958343/6d03ff05596201e6d8df13fb69e08d76/r_38",
            "rotation": 0.12566370614359174,
            "transform_matrix": [
                [
                    0.8648821711540222,
                    -0.20780830085277557,
                    0.45694032311439514,
                    1.8419854640960693
                ],
                [
                    0.501974880695343,
                    0.35804519057273865,
                    -0.7872894406318665,
                    -3.1736655235290527
                ],
                [
                    0.0,
                    0.9102851748466492,
                    0.41398146748542786,
                    1.6688127517700195
                ],
                [
                    0.0,
                    0.0,
                    0.0,
                    1.0
                ]
            ]
        },
        {
            "file_path": "/data/shapenet_blender/all_50_random/02958343/6d03ff05596201e6d8df13fb69e08d76/r_39",
            "rotation": 0.12566370614359174,
            "transform_matrix": [
                [
                    -0.06794770807027817,
                    -0.947791337966919,
                    0.3115680515766144,
                    1.25597083568573
                ],
                [
                    0.997688889503479,
                    -0.06454943120479584,
                    0.021219376474618912,
                    0.08553802967071533
                ],
                [
                    0.0,
                    0.31228992342948914,
                    0.94998699426651,
                    3.829519510269165
                ],
                [
                    0.0,
                    0.0,
                    0.0,
                    1.0
                ]
            ]
        },
        {
            "file_path": "/data/shapenet_blender/all_50_random/02958343/6d03ff05596201e6d8df13fb69e08d76/r_40",
            "rotation": 0.12566370614359174,
            "transform_matrix": [
                [
                    -0.05231520161032677,
                    -0.8295686841011047,
                    0.5559484362602234,
                    2.2410998344421387
                ],
                [
                    0.9986305832862854,
                    -0.043458566069602966,
                    0.029124438762664795,
                    0.11740437150001526
                ],
                [
                    0.0,
                    0.5567107200622559,
                    0.8307063579559326,
                    3.348684549331665
                ],
                [
                    0.0,
                    0.0,
                    0.0,
                    1.0
                ]
            ]
        },
        {
            "file_path": "/data/shapenet_blender/all_50_random/02958343/6d03ff05596201e6d8df13fb69e08d76/r_41",
            "rotation": 0.12566370614359174,
            "transform_matrix": [
                [
                    0.3619016110897064,
                    -0.8588026165962219,
                    0.3626091480255127,
                    1.4617242813110352
                ],
                [
                    0.9322162866592407,
                    0.3334012031555176,
                    -0.1407707929611206,
                    -0.5674652457237244
                ],
                [
                    0.0,
                    0.3889753520488739,
