{
    "class": "02958343",
    "model": "14ace3e8d05f8d21a413908c0e169330",
    "remove_doubles": true,
    "edge_split": true,
    "denoise": true,
    "camera_angle_x": 0.6911112070083618,
    "scale_factor": 2.246302558880165,
    "hdri_file": "/data/IndoorHDRDataset2018/AG8A2983-2e95a2a5ec.exr",
    "center_offset": [
        0.0,
        0.0,
        -2.7939677238464355e-09
    ],
    "lights": [],
    "frames": [
        {
            "file_path": "/data/shapenet_blender/all_50_random/02958343/14ace3e8d05f8d21a413908c0e169330/r_0",
            "rotation": 0.12566370614359174,
            "transform_matrix": [
                [
                    0.6412848234176636,
                    -0.5855598449707031,
                    -0.49585622549057007,
                    -1.9988603591918945
                ],
                [
                    -0.7673029899597168,
                    -0.4893903434276581,
                    -0.41441917419433594,
                    -1.6705771684646606
                ],
                [
                    0.0,
                    0.6462326049804688,
                    -0.7631404399871826,
                    -3.076317548751831
                ],
                [
                    0.0,
                    0.0,
                    0.0,
                    1.0
                ]
            ]
        },
        {
            "file_path": "/data/shapenet_blender/all_50_random/02958343/14ace3e8d05f8d21a413908c0e169330/r_1",
            "rotation": 0.12566370614359174,
            "transform_matrix": [
                [
                    -0.9755280613899231,
                    0.007690987549722195,
                    0.2197403609752655,
                    0.8858016729354858
                ],
                [
                    0.21987491846084595,
                    0.03412292152643204,
                    0.9749311208724976,
                    3.930072784423828
                ],
                [
                    0.0,
                    0.9993880987167358,
                    -0.034978922456502914,
                    -0.1410045474767685
                ],
                [
                    0.0,
                    0.0,
                    0.0,
                    1.0
                ]
            ]
        },
        {
            "file_path": "/data/shapenet_blender/all_50_random/02958343/14ace3e8d05f8d21a413908c0e169330/r_2",
            "rotation": 0.12566370614359174,
            "transform_matrix": [
                [
                    -0.5597065091133118,
                    0.09161786735057831,
                    0.823610782623291,
                    3.3200812339782715
                ],
                [
                    0.8286908268928528,
                    0.06187967583537102,
                    0.5562754273414612,
                    2.242418050765991
                ],
                [
                    0.0,
                    0.9938697814941406,
                    -0.11055734008550644,
                    -0.4456709027290344
                ],
                [
                    0.0,
                    0.0,
                    0.0,
                    1.0
                ]
            ]
        },
        {
            "file_path": "/data/shapenet_blender/all_50_random/02958343/14ace3e8d05f8d21a413908c0e169330/r_3",
            "rotation": 0.12566370614359174,
            "transform_matrix": [
                [
                    -0.14073045551776886,
                    -0.13742776215076447,
                    -0.980463445186615,
                    -3.9523744583129883
                ],
                [
                    -0.9900479912757874,
                    0.019534679129719734,
                    0.13936805725097656,
                    0.5618106126785278
                ],
                [
                    -1.862645371275562e-09,
                    0.9903190732002258,
                    -0.1388091892004013,
                    -0.5595577359199524
                ],
                [
                    0.0,
                    0.0,
                    0.0,
                    1.0
                ]
            ]
        },
        {
            "file_path": "/data/shapenet_blender/all_50_random/02958343/14ace3e8d05f8d21a413908c0e169330/r_4",
            "rotation": 0.12566370614359174,
            "transform_matrix": [
                [
                    0.48501691222190857,
                    0.09147047251462936,
                    -0.8697078227996826,
                    -3.50590443611145
                ],
                [
                    -0.874504804611206,
                    0.05073125287890434,
                    -0.48235639929771423,
                    -1.9444408416748047
                ],
                [
                    0.0,
                    0.9945147633552551,
                    0.10459686815738678,
                    0.42164346575737
                ],
                [
                    0.0,
                    0.0,
                    0.0,
                    1.0
                ]
            ]
        },
        {
            "file_path": "/data/shapenet_blender/all_50_random/02958343/14ace3e8d05f8d21a413908c0e169330/r_5",
            "rotation": 0.12566370614359174,
            "transform_matrix": [
                [
                    -0.7437227368354797,
                    0.14812065660953522,
                    -0.6518717408180237,
                    -2.627779006958008
                ],
                [
                    -0.6684882044792175,
                    -0.1647907793521881,
                    0.725236177444458,
                    2.923520565032959
                ],
                [
                    7.450580596923828e-09,
                    0.9751431345939636,
                    0.22157561779022217,
                    0.8931998610496521
                ],
                [
                    0.0,
                    0.0,
                    0.0,
                    1.0
                ]
            ]
        },
        {
            "file_path": "/data/shapenet_blender/all_50_random/02958343/14ace3e8d05f8d21a413908c0e169330/r_6",
            "rotation": 0.12566370614359174,
            "transform_matrix": [
                [
                    0.1822131723165512,
                    -0.29180651903152466,
                    -0.9389606714248657,
                    -3.785071849822998
                ],
                [
                    -0.9832590818405151,
                    -0.05407627671957016,
                    -0.1740039885044098,
                    -0.7014325857162476
                ],
                [
                    3.725290298461914e-09,
                    0.9549474716186523,
                    -0.2967747747898102,
                    -1.1963374614715576
                ],
                [
                    0.0,
                    0.0,
                    0.0,
                    1.0
                ]
            ]
        },
        {
            "file_path": "/data/shapenet_blender/all_50_random/02958343/14ace3e8d05f8d21a413908c0e169330/r_7",
            "rotation": 0.12566370614359174,
            "transform_matrix": [
                [
                    0.8105713725090027,
                    -0.22579911351203918,
                    -0.5403596758842468,
                    -2.1782596111297607
                ],
                [
                    -0.5856396555900574,
                    -0.312523752450943,
                    -0.7479003667831421,
                    -3.014882802963257
                ],
                [
                    0.0,
                    0.9226827621459961,
                    -0.3855597674846649,
                    -1.5542411804199219
                ],
                [
                    0.0,
                    0.0,
                    0.0,
                    1.0
                ]
            ]
        },
        {
            "file_path": "/data/shapenet_blender/all_50_random/02958343/14ace3e8d05f8d21a413908c0e169330/r_8",
            "rotation": 0.12566370614359174,
            "transform_matrix": [
                [
                    0.9415189623832703,
                    -0.04789170250296593,
                    0.3335390090942383,
                    1.3445388078689575
                ],
                [
                    0.33695974946022034,
                    0.13381698727607727,
                    -0.9319608211517334,
                    -3.756854295730591
                ],
                [
                    3.725290298461914e-09,
                    0.9898480772972107,
                    0.1421288251876831,
                    0.5729396343231201
                ],
                [
                    0.0,
                    0.0,
                    0.0,
                    1.0
                ]
            ]
        },
        {
            "file_path": "/data/shapenet_blender/all_50_random/02958343/14ace3e8d05f8d21a413908c0e169330/r_9",
            "rotation": 0.12566370614359174,
            "transform_matrix": [
                [
                    -0.6625880002975464,
                    0.053437452763319016,
                    0.7470752596855164,
                    3.01155686378479
                ],
                [
                    0.7489840388298035,
                    0.047273389995098114,
                    0.6608993411064148,
                    2.664170742034912
                ],
                [
                    -3.725290742551124e-09,
                    0.9974515438079834,
                    -0.07134657353162766,
                    -0.28760725259780884
                ],
                [
                    0.0,
                    0.0,
                    0.0,
                    1.0
                ]
            ]
        },
        {
            "file_path": "/data/shapenet_blender/all_50_random/02958343/14ace3e8d05f8d21a413908c0e169330/r_10",
            "rotation": 0.12566370614359174,
            "transform_matrix": [
                [
                    0.6659212708473206,
                    0.06113658472895622,
                    0.743512749671936,
                    2.9971957206726074
                ],
                [
                    0.74602210521698,
                    -0.05457231029868126,
                    -0.6636813282966614,
                    -2.675384998321533
                ],
                [
                    -3.725290742551124e-09,
                    0.9966363906860352,
                    -0.0819500982761383,
                    -0.33035141229629517
                ],
                [
                    0.0,
                    0.0,
                    0.0,
                    1.0
                ]
            ]
        },
        {
            "file_path": "/data/shapenet_blender/all_50_random/02958343/14ace3e8d05f8d21a413908c0e169330/r_11",
            "rotation": 0.12566370614359174,
            "transform_matrix": [
                [
                    -0.9762805700302124,
                    0.041583944112062454,
                    0.2124786078929901,
                    0.8565286993980408
                ],
                [
                    0.21650958061218262,
                    0.18750949203968048,
                    0.9581042528152466,
                    3.8622419834136963
                ],
                [
                    -3.725290742551124e-09,
                    0.9813821315765381,
                    -0.19206519424915314,
                    -0.7742395997047424
                ],
                [
                    0.0,
                    0.0,
                    0.0,
                    1.0
                ]
            ]
        },
        {
            "file_path": "/data/shapenet_blender/all_50_random/02958343/14ace3e8d05f8d21a413908c0e169330/r_12",
            "rotation": 0.12566370614359174,
            "transform_matrix": [
                [
                    0.9895482063293457,
                    -0.007843430154025555,
                    0.1439891755580902,
                    0.5804389715194702
                ],
                [
                    0.14420264959335327,
                    0.05382322520017624,
                    -0.9880833029747009,
                    -3.983091354370117
                ],
                [
                    4.656612873077393e-10,
                    0.9985195398330688,
                    0.05439171940088272,
                    0.2192600518465042
                ],
                [
                    0.0,
                    0.0,
                    0.0,
                    1.0
                ]
            ]
        },
        {
            "file_path": "/data/shapenet_blender/all_50_random/02958343/14ace3e8d05f8d21a413908c0e169330/r_13",
            "rotation": 0.12566370614359174,
            "transform_matrix": [
                [
                    -0.5986661314964294,
                    -0.14383652806282043,
                    0.7879783511161804,
                    3.1764423847198486
                ],
                [
                    0.8009986877441406,
                    -0.10750337690114975,
                    0.5889347791671753,
                    2.3740720748901367
                ],
                [
                    0.0,
                    0.9837449789047241,
                    0.1795714795589447,
                    0.7238757610321045
                ],
                [
                    0.0,
                    0.0,
                    0.0,
                    1.0
                ]
            ]
        },
        {
            "file_path": "/data/shapenet_blender/all_50_random/02958343/14ace3e8d05f8d21a413908c0e169330/r_14",
            "rotation": 0.12566370614359174,
            "transform_matrix": [
                [
                    -0.812187910079956,
                    0.2504882514476776,
                    -0.5268837809562683,
                    -2.123936653137207
                ],
                [
                    -0.5833960771560669,
                    -0.34872278571128845,
                    0.7335129976272583,
                    2.956885814666748
                ],
                [
                    0.0,
                    0.9031323194503784,
                    0.4293622076511383,
                    1.7308145761489868
                ],
                [
                    0.0,
                    0.0,
                    0.0,
                    1.0
                ]
            ]
        },
        {
            "file_path": "/data/shapenet_blender/all_50_random/02958343/14ace3e8d05f8d21a413908c0e169330/r_15",
            "rotation": 0.12566370614359174,
            "transform_matrix": [
                [
                    -0.030803587287664413,
                    0.3407409191131592,
                    0.9396524429321289,
                    3.787860155105591
                ],
                [
                    0.9995255470275879,
                    0.01050102524459362,
                    0.028958406299352646,
                    0.1167350709438324
                ],
                [
                    0.0,
                    0.9400985240936279,
                    -0.3409026861190796,
                    -1.3742226362228394
                ],
                [
                    0.0,
                    0.0,
                    0.0,
                    1.0
                ]
            ]
        },
        {
            "file_path": "/data/shapenet_blender/all_50_random/02958343/14ace3e8d05f8d21a413908c0e169330/r_16",
            "rotation": 0.12566370614359174,
            "transform_matrix": [
                [
                    0.8096246719360352,
                    -0.5824361443519592,
                    -0.07263587415218353,
                    -0.2928045690059662
                ],
                [
                    -0.5869479775428772,
                    -0.8034010529518127,
                    -0.10019250959157944,
                    -0.40388891100883484
                ],
                [
                    3.725290742551124e-09,
                    0.12375187128782272,
                    -0.9923132061958313,
                    -4.000142574310303
                ],
                [
                    0.0,
                    0.0,
                    0.0,
                    1.0
                ]
            ]
        },
        {
            "file_path": "/data/shapenet_blender/all_50_random/02958343/14ace3e8d05f8d21a413908c0e169330/r_17",
            "rotation": 0.12566370614359174,
            "transform_matrix": [
                [
                    0.9478210210800171,
                    -0.010580151341855526,
                    0.3186270594596863,
                    1.2844266891479492
                ],
                [
                    0.3188026249408722,
                    0.03145547956228256,
                    -0.947299063205719,
                    -3.8186843395233154
                ],
                [
                    -9.313222970597224e-10,
                    0.9994491934776306,
                    0.0331871472299099,
                    0.13378167152404785
                ],
                [
                    0.0,
                    0.0,
                    0.0,
                    1.0
                ]
            ]
        },
        {
            "file_path": "/data/shapenet_blender/all_50_random/02958343/14ace3e8d05f8d21a413908c0e169330/r_18",
            "rotation": 0.12566370614359174,
            "transform_matrix": [
                [
                    0.8191172480583191,
                    -0.02868281863629818,
                    0.5729086995124817,
                    2.3094685077667236
                ],
                [
                    0.5736262202262878,
                    0.040958017110824585,
                    -0.8180926442146301,
                    -3.2978365421295166
                ],
                [
                    -1.862645149230957e-09,
                    0.9987490177154541,
                    0.05000263825058937,
                    0.20156705379486084
                ],
                [
                    0.0,
                    0.0,
                    0.0,
                    1.0
                ]
            ]
        },
        {
            "file_path": "/data/shapenet_blender/all_50_random/02958343/14ace3e8d05f8d21a413908c0e169330/r_19",
            "rotation": 0.12566370614359174,
            "transform_matrix": [
                [
                    -0.55428546667099,
                    0.3591794967651367,
                    -0.7508381009101868,
                    -3.0267248153686523
                ],
                [
                    -0.8323266506195068,
                    -0.23919451236724854,
                    0.5000183582305908,
                    2.0156381130218506
                ],
                [
                    0.0,
                    0.902095377445221,
                    0.4315367639064789,
                    1.7395801544189453
                ],
                [
                    0.0,
                    0.0,
                    0.0,
                    1.0
                ]
            ]
        },
        {
            "file_path": "/data/shapenet_blender/all_50_random/02958343/14ace3e8d05f8d21a413908c0e169330/r_20",
            "rotation": 0.12566370614359174,
            "transform_matrix": [
                [
                    -0.7349961400032043,
                    -0.15157946944236755,
                    -0.6609117388725281,
                    -2.6642205715179443
                ],
                [
                    -0.6780713200569153,
                    0.164304718375206,
                    0.7163959741592407,
                    2.8878848552703857
                ],
                [
                    -7.450580596923828e-09,
                    0.9746935963630676,
                    -0.22354502975940704,
                    -0.9011389017105103
                ],
                [
                    0.0,
                    0.0,
                    0.0,
                    1.0
                ]
            ]
        },
        {
            "file_path": "/data/shapenet_blender/all_50_random/02958343/14ace3e8d05f8d21a413908c0e169330/r_21",
            "rotation": 0.12566370614359174,
            "transform_matrix": [
                [
                    0.7996411919593811,
                    -0.02791604958474636,
                    0.5998287200927734,
                    2.417987108230591
                ],
                [
                    0.6004780530929565,
                    0.03717508912086487,
                    -0.7987765669822693,
                    -3.2199716567993164
                ],
                [
                    0.0,
                    0.9989187717437744,
                    0.04648970440030098,
                    0.1874060034751892
                ],
                [
                    0.0,
                    0.0,
                    0.0,
                    1.0
                ]
            ]
        },
        {
            "file_path": "/data/shapenet_blender/all_50_random/02958343/14ace3e8d05f8d21a413908c0e169330/r_22",
            "rotation": 0.12566370614359174,
            "transform_matrix": [
                [
                    -0.5719951391220093,
                    0.5075888633728027,
                    -0.6443408727645874,
                    -2.597421169281006
                ],
                [
                    -0.8202570676803589,
                    -0.35396018624305725,
                    0.44932234287261963,
                    1.8112763166427612
                ],
                [
                    1.4901161193847656e-08,
                    0.7855352163314819,
                    0.6188168525695801,
                    2.494530439376831
                ],
                [
                    0.0,
                    0.0,
                    0.0,
                    1.0
                ]
            ]
        },
        {
            "file_path": "/data/shapenet_blender/all_50_random/02958343/14ace3e8d05f8d21a413908c0e169330/r_23",
            "rotation": 0.12566370614359174,
            "transform_matrix": [
                [
                    0.9402359127998352,
                    -0.05902839079499245,
                    -0.33536872267723083,
                    -1.351914644241333
                ],
                [
                    -0.34052395820617676,
                    -0.1629859209060669,
                    -0.9260015487670898,
                    -3.7328319549560547
                ],
                [
                    -3.725290742551124e-09,
                    0.9848609566688538,
                    -0.17334577441215515,
                    -0.6987792253494263
                ],
                [
                    0.0,
                    0.0,
                    0.0,
                    1.0
                ]
            ]
        },
        {
            "file_path": "/data/shapenet_blender/all_50_random/02958343/14ace3e8d05f8d21a413908c0e169330/r_24",
            "rotation": 0.12566370614359174,
            "transform_matrix": [
                [
                    0.8674847483634949,
                    0.45298588275909424,
                    0.20560625195503235,
                    0.8288253545761108
                ],
                [
                    0.49746373295783997,
                    -0.7899236083030701,
                    -0.35853928327560425,
                    -1.4453182220458984
                ],
                [
                    0.0,
                    0.41330891847610474,
                    -0.9105907082557678,
                    -3.6707088947296143
                ],
                [
                    0.0,
                    0.0,
                    0.0,
                    1.0
                ]
            ]
        },
        {
            "file_path": "/data/shapenet_blender/all_50_random/02958343/14ace3e8d05f8d21a413908c0e169330/r_25",
            "rotation": 0.12566370614359174,
            "transform_matrix": [
                [
                    0.7799828052520752,
                    0.4686353802680969,
                    0.41473817825317383,
                    1.671863079071045
                ],
                [
                    0.6258010268211365,
                    -0.5840954780578613,
                    -0.5169193148612976,
                    -2.083768367767334
                ],
                [
                    1.4901161193847656e-08,
                    0.6627317070960999,
                    -0.7488569021224976,
                    -3.0187387466430664
                ],
                [
                    0.0,
                    0.0,
                    0.0,
                    1.0
                ]
            ]
        },
        {
            "file_path": "/data/shapenet_blender/all_50_random/02958343/14ace3e8d05f8d21a413908c0e169330/r_26",
            "rotation": 0.12566370614359174,
            "transform_matrix": [
                [
                    -0.832394003868103,
                    -0.22183725237846375,
                    0.5078470706939697,
                    2.047197103500366
                ],
                [
                    0.5541844964027405,
                    -0.3332030475139618,
                    0.7627943754196167,
                    3.074922561645508
                ],
                [
                    -1.4901162970204496e-08,
                    0.9163863062858582,
                    0.4002949297428131,
                    1.6136404275894165
                ],
                [
                    0.0,
                    0.0,
                    0.0,
                    1.0
                ]
            ]
        },
        {
            "file_path": "/data/shapenet_blender/all_50_random/02958343/14ace3e8d05f8d21a413908c0e169330/r_27",
            "rotation": 0.12566370614359174,
            "transform_matrix": [
                [
                    -0.3951661288738251,
                    0.0032139986287802458,
                    0.9186040163040161,
                    3.7030112743377686
                ],
                [
                    0.918609619140625,
                    0.001382593298330903,
                    0.39516374468803406,
                    1.5929560661315918
                ],
                [
                    0.0,
                    0.9999939799308777,
                    -0.0034987637773156166,
                    -0.014103967696428299
                ],
                [
                    0.0,
                    0.0,
                    0.0,
                    1.0
                ]
            ]
        },
        {
            "file_path": "/data/shapenet_blender/all_50_random/02958343/14ace3e8d05f8d21a413908c0e169330/r_28",
            "rotation": 0.12566370614359174,
            "transform_matrix": [
                [
                    0.8272594809532166,
                    0.4426627457141876,
                    -0.3459645211696625,
                    -1.394627571105957
                ],
                [
                    -0.5618200302124023,
                    0.6518046855926514,
                    -0.5094200968742371,
                    -2.0535380840301514
                ],
                [
                    0.0,
                    0.6157923340797424,
                    0.7879084348678589,
                    3.1761605739593506
                ],
                [
                    0.0,
                    0.0,
                    0.0,
                    1.0
                ]
            ]
        },
        {
            "file_path": "/data/shapenet_blender/all_50_random/02958343/14ace3e8d05f8d21a413908c0e169330/r_29",
            "rotation": 0.12566370614359174,
            "transform_matrix": [
                [
                    -0.14198295772075653,
                    -0.1630834937095642,
                    0.9763423800468445,
                    3.935762405395508
                ],
                [
                    0.9898691177368164,
                    -0.02339206077158451,
                    0.1400427371263504,
                    0.5645303726196289
                ],
                [
                    1.862645149230957e-09,
                    0.9863349199295044,
                    0.16475257277488708,
                    0.664138913154602
                ],
                [
                    0.0,
                    0.0,
                    0.0,
                    1.0
                ]
            ]
        },
        {
            "file_path": "/data/shapenet_blender/all_50_random/02958343/14ace3e8d05f8d21a413908c0e169330/r_30",
            "rotation": 0.12566370614359174,
            "transform_matrix": [
                [
                    -0.06645321846008301,
                    -0.8679603934288025,
                    -0.4921674430370331,
                    -1.9839904308319092
                ],
                [
                    -0.9977895617485046,
                    0.05780654400587082,
                    0.03277856856584549,
                    0.13213463127613068
                ],
                [
                    0.0,
                    0.4932577908039093,
                    -0.869883120059967,
                    -3.5066111087799072
                ],
                [
                    0.0,
                    0.0,
                    0.0,
                    1.0
                ]
            ]
        },
        {
            "file_path": "/data/shapenet_blender/all_50_random/02958343/14ace3e8d05f8d21a413908c0e169330/r_31",
            "rotation": 0.12566370614359174,
            "transform_matrix": [
                [
                    0.8042839765548706,
                    -0.18089145421981812,
                    0.5660438537597656,
                    2.2817957401275635
                ],
                [
                    0.5942452549934387,
                    0.24482835829257965,
                    -0.7661146521568298,
                    -3.0883069038391113
                ],
                [
                    0.0,
                    0.9525426030158997,
                    0.3044053614139557,
                    1.2270972728729248
                ],
                [
                    0.0,
                    0.0,
                    0.0,
                    1.0
                ]
            ]
        },
        {
            "file_path": "/data/shapenet_blender/all_50_random/02958343/14ace3e8d05f8d21a413908c0e169330/r_32",
            "rotation": 0.12566370614359174,
            "transform_matrix": [
                [
                    -0.9518597722053528,
                    0.025502268224954605,
                    0.30547115206718445,
                    1.231393575668335
                ],
                [
                    0.3065338432788849,
                    0.07919054478406906,
                    0.9485598802566528,
                    3.8237669467926025
                ],
                [
                    0.0,
                    0.9965332746505737,
                    -0.08319558948278427,
                    -0.3353721499443054
                ],
                [
                    0.0,
                    0.0,
                    0.0,
                    1.0
                ]
            ]
        },
        {
            "file_path": "/data/shapenet_blender/all_50_random/02958343/14ace3e8d05f8d21a413908c0e169330/r_33",
            "rotation": 0.12566370614359174,
            "transform_matrix": [
                [
                    0.7286418676376343,
                    -0.0634404644370079,
                    -0.6819503903388977,
                    -2.7490298748016357
                ],
                [
                    -0.6848949193954468,
                    -0.06749265640974045,
                    -0.7255092859268188,
                    -2.92462158203125
                ],
                [
                    3.725290742551124e-09,
                    0.9957007169723511,
                    -0.09262802451848984,
                    -0.37339550256729126
                ],
                [
                    0.0,
                    0.0,
                    0.0,
                    1.0
                ]
            ]
        },
        {
            "file_path": "/data/shapenet_blender/all_50_random/02958343/14ace3e8d05f8d21a413908c0e169330/r_34",
            "rotation": 0.12566370614359174,
            "transform_matrix": [
                [
                    -0.391772985458374,
                    -0.527492880821228,
                    -0.7538337111473083,
                    -3.0388009548187256
                ],
                [
                    -0.9200619459152222,
                    0.2246125340461731,
                    0.3209910988807678,
                    1.2939565181732178
                ],
                [
                    -2.9802322387695312e-08,
                    0.8193293213844299,
                    -0.5733231902122498,
                    -2.3111398220062256
                ],
                [
                    0.0,
                    0.0,
                    0.0,
                    1.0
                ]
            ]
        },
        {
            "file_path": "/data/shapenet_blender/all_50_random/02958343/14ace3e8d05f8d21a413908c0e169330/r_35",
            "rotation": 0.12566370614359174,
            "transform_matrix": [
                [
                    0.7933116555213928,
                    -0.08155260235071182,
                    -0.6033288240432739,
                    -2.432096481323242
                ],
                [
                    -0.6088156700134277,
                    -0.10626636445522308,
                    -0.7861620187759399,
                    -3.1691207885742188
                ],
                [
                    0.0,
                    0.9909876585006714,
                    -0.13395282626152039,
                    -0.5399811863899231
                ],
                [
                    0.0,
                    0.0,
                    0.0,
                    1.0
                ]
            ]
        },
        {
            "file_path": "/data/shapenet_blender/all_50_random/02958343/14ace3e8d05f8d21a413908c0e169330/r_36",
            "rotation": 0.12566370614359174,
            "transform_matrix": [
                [
                    -0.9872950315475464,
                    -0.056614987552165985,
                    0.1484697461128235,
                    0.598500669002533
                ],
                [
                    0.15889783203601837,
                    -0.3517712652683258,
                    0.9225011467933655,
                    3.7187211513519287
                ],
                [
                    3.725290298461914e-09,
                    0.9343723058700562,
                    0.35629802942276,
                    1.4362833499908447
                ],
                [
                    0.0,
                    0.0,
                    0.0,
                    1.0
                ]
            ]
        },
        {
            "file_path": "/data/shapenet_blender/all_50_random/02958343/14ace3e8d05f8d21a413908c0e169330/r_37",
            "rotation": 0.12566370614359174,
            "transform_matrix": [
                [
                    -0.9427276849746704,
                    -0.06204061210155487,
                    -0.3277427852153778,
                    -1.3211734294891357
                ],
                [
                    -0.3335631191730499,
                    0.17534132301807404,
                    0.9262779951095581,
                    3.7339460849761963
                ],
                [
                    0.0,
                    0.9825509190559387,
                    -0.18599359691143036,
                    -0.7497641444206238
                ],
                [
                    0.0,
                    0.0,
                    0.0,
                    1.0
                ]
            ]
        },
        {
            "file_path": "/data/shapenet_blender/all_50_random/02958343/14ace3e8d05f8d21a413908c0e169330/r_38",
            "rotation": 0.12566370614359174,
            "transform_matrix": [
                [
                    -0.48803210258483887,
                    0.05448627099394798,
                    0.8711233735084534,
                    3.511610507965088
                ],
                [
                    0.8728258013725281,
                    0.030465470626950264,
                    0.4870802164077759,
                    1.9634830951690674
                ],
                [
                    0.0,
                    0.9980495572090149,
                    -0.062425147742033005,
                    -0.2516438066959381
                ],
                [
                    0.0,
                    0.0,
                    0.0,
                    1.0
                ]
            ]
        },
        {
            "file_path": "/data/shapenet_blender/all_50_random/02958343/14ace3e8d05f8d21a413908c0e169330/r_39",
            "rotation": 0.12566370614359174,
            "transform_matrix": [
                [
                    0.45677629113197327,
                    0.5806102752685547,
                    0.6739785075187683,
                    2.7168946266174316
                ],
                [
                    0.889581561088562,
                    -0.29812783002853394,
                    -0.34606990218162537,
                    -1.3950525522232056
                ],
                [
                    1.4901159417490817e-08,
                    0.7576354146003723,
                    -0.6526778936386108,
                    -2.631028890609741
                ],
                [
                    0.0,
                    0.0,
                    0.0,
                    1.0
                ]
            ]
        },
        {
            "file_path": "/data/shapenet_blender/all_50_random/02958343/14ace3e8d05f8d21a413908c0e169330/r_40",
            "rotation": 0.12566370614359174,
            "transform_matrix": [
                [
                    0.9961646795272827,
                    0.010942244902253151,
                    0.08681030571460724,
                    0.3499435782432556
                ],
                [
                    0.08749721199274063,
                    -0.12457858771085739,
                    -0.9883442521095276,
                    -3.9841432571411133
                ],
                [
                    0.0,
                    0.9921494722366333,
                    -0.12505820393562317,
                    -0.5041258335113525
                ],
                [
                    0.0,
                    0.0,
                    0.0,
                    1.0
                ]
            ]
        },
        {
            "file_path": "/data/shapenet_blender/all_50_random/02958343/14ace3e8d05f8d21a413908c0e169330/r_41",
            "rotation": 0.12566370614359174,
            "transform_matrix": [
                [
                    0.9116485714912415,
                    -0.3749594986438751,
                    -0.16823263466358185,
                    -0.6781675219535828
                ],
                [
                    -0.41097062826156616,
                    -0.8317657113075256,
                    -0.3731873333454132,
                    -1.504366397857666
                ],
