{
    "class": "02958343",
    "model": "1f43243b81df21277925d1ea63246010",
    "remove_doubles": true,
    "edge_split": true,
    "denoise": true,
    "camera_angle_x": 0.6911112070083618,
    "scale_factor": 2.258519095831284,
    "hdri_file": "/data/IndoorHDRDataset2018/9C4A7916-b255607e80.exr",
    "center_offset": [
        0.0,
        0.0,
        1.3969838619232178e-09
    ],
    "lights": [],
    "frames": [
        {
            "file_path": "/data/shapenet_blender/all_50_random/02958343/1f43243b81df21277925d1ea63246010/r_0",
            "rotation": 0.12566370614359174,
            "transform_matrix": [
                [
                    0.5197272896766663,
                    -0.10090228915214539,
                    -0.8483526706695557,
                    -3.4198191165924072
                ],
                [
                    -0.8543322682380676,
                    -0.06138322502374649,
                    -0.5160896182060242,
                    -2.0804238319396973
                ],
                [
                    0.0,
                    0.9930008053779602,
                    -0.11810661852359772,
                    -0.4761030077934265
                ],
                [
                    0.0,
                    0.0,
                    0.0,
                    1.0
                ]
            ]
        },
        {
            "file_path": "/data/shapenet_blender/all_50_random/02958343/1f43243b81df21277925d1ea63246010/r_1",
            "rotation": 0.12566370614359174,
            "transform_matrix": [
                [
                    0.9988436698913574,
                    -0.01706516556441784,
                    -0.04494640231132507,
                    -0.18118473887443542
                ],
                [
                    -0.04807701334357262,
                    -0.35454437136650085,
                    -0.9338023662567139,
                    -3.764277696609497
                ],
                [
                    -1.862645149230957e-09,
                    0.9348835349082947,
                    -0.3549547791481018,
                    -1.4308685064315796
                ],
                [
                    0.0,
                    0.0,
                    0.0,
                    1.0
                ]
            ]
        },
        {
            "file_path": "/data/shapenet_blender/all_50_random/02958343/1f43243b81df21277925d1ea63246010/r_2",
            "rotation": 0.12566370614359174,
            "transform_matrix": [
                [
                    -0.9992491006851196,
                    0.0008799269562587142,
                    -0.038738079369068146,
                    -0.1561581790447235
                ],
                [
                    -0.03874807804822922,
                    -0.022691866382956505,
                    0.9989913105964661,
                    4.02706241607666
                ],
                [
                    5.820766785236131e-11,
                    0.9997420907020569,
                    0.022708922624588013,
                    0.09154258668422699
                ],
                [
                    0.0,
                    0.0,
                    0.0,
                    1.0
                ]
            ]
        },
        {
            "file_path": "/data/shapenet_blender/all_50_random/02958343/1f43243b81df21277925d1ea63246010/r_3",
            "rotation": 0.12566370614359174,
            "transform_matrix": [
                [
                    -0.5777260661125183,
                    -0.7985920310020447,
                    -0.1687697321176529,
                    -0.6803325414657593
                ],
                [
                    -0.8162307739257812,
                    0.5652413964271545,
                    0.11945479363203049,
                    0.4815376400947571
                ],
                [
                    -7.450580596923828e-09,
                    0.2067672312259674,
                    -0.9783901572227478,
                    -3.944016695022583
                ],
                [
                    0.0,
                    0.0,
                    0.0,
                    1.0
                ]
            ]
        },
        {
            "file_path": "/data/shapenet_blender/all_50_random/02958343/1f43243b81df21277925d1ea63246010/r_4",
            "rotation": 0.12566370614359174,
            "transform_matrix": [
                [
                    0.4039340615272522,
                    -0.5490143299102783,
                    -0.7317243218421936,
                    -2.9496750831604004
                ],
                [
                    -0.9147881269454956,
                    -0.2424229085445404,
                    -0.32310038805007935,
                    -1.3024593591690063
                ],
                [
                    1.4901161193847656e-08,
                    0.7998839020729065,
                    -0.60015469789505,
                    -2.4193010330200195
                ],
                [
                    0.0,
                    0.0,
                    0.0,
                    1.0
                ]
            ]
        },
        {
            "file_path": "/data/shapenet_blender/all_50_random/02958343/1f43243b81df21277925d1ea63246010/r_5",
            "rotation": 0.12566370614359174,
            "transform_matrix": [
                [
                    0.20517674088478088,
                    -0.15992480516433716,
                    0.9655705094337463,
                    3.8923394680023193
                ],
                [
                    0.978725016117096,
                    0.03352611884474754,
                    -0.20241908729076385,
                    -0.8159775137901306
                ],
                [
                    0.0,
                    0.9865595698356628,
                    0.16340117156505585,
                    0.6586912274360657
                ],
                [
                    0.0,
                    0.0,
                    0.0,
                    1.0
                ]
            ]
        },
        {
            "file_path": "/data/shapenet_blender/all_50_random/02958343/1f43243b81df21277925d1ea63246010/r_6",
            "rotation": 0.12566370614359174,
            "transform_matrix": [
                [
                    0.9816615581512451,
                    0.08418715000152588,
                    0.1710353046655655,
                    0.689465343952179
                ],
                [
                    0.19063197076320648,
                    -0.43352270126342773,
                    -0.8807482719421387,
                    -3.5504097938537598
                ],
                [
                    0.0,
                    0.8972015976905823,
                    -0.4416212737560272,
                    -1.780232310295105
                ],
                [
                    0.0,
                    0.0,
                    0.0,
                    1.0
                ]
            ]
        },
        {
            "file_path": "/data/shapenet_blender/all_50_random/02958343/1f43243b81df21277925d1ea63246010/r_7",
            "rotation": 0.12566370614359174,
            "transform_matrix": [
                [
                    0.7217251062393188,
                    -0.0284259095788002,
                    0.6915958523750305,
                    2.787912368774414
                ],
                [
                    0.6921799182891846,
                    0.029639247804880142,
                    -0.7211160659790039,
                    -2.906912088394165
                ],
                [
                    0.0,
                    0.9991562366485596,
                    0.041067227721214294,
                    0.16554731130599976
                ],
                [
                    0.0,
                    0.0,
                    0.0,
                    1.0
                ]
            ]
        },
        {
            "file_path": "/data/shapenet_blender/all_50_random/02958343/1f43243b81df21277925d1ea63246010/r_8",
            "rotation": 0.12566370614359174,
            "transform_matrix": [
                [
                    0.8433445692062378,
                    0.20399238169193268,
                    -0.4971488118171692,
                    -2.004070997238159
                ],
                [
                    -0.5373730659484863,
                    0.32014235854148865,
                    -0.7802172899246216,
                    -3.1451563835144043
                ],
                [
                    1.4901160305669237e-08,
                    0.9251465201377869,
                    0.3796103298664093,
                    1.5302581787109375
                ],
                [
                    0.0,
                    0.0,
                    0.0,
                    1.0
                ]
            ]
        },
        {
            "file_path": "/data/shapenet_blender/all_50_random/02958343/1f43243b81df21277925d1ea63246010/r_9",
            "rotation": 0.12566370614359174,
            "transform_matrix": [
                [
                    0.16689682006835938,
                    -0.9724100232124329,
                    -0.16298510134220123,
                    -0.657014012336731
                ],
                [
                    -0.9859744310379028,
                    -0.16460075974464417,
                    -0.02758864313364029,
                    -0.11121338605880737
                ],
                [
                    1.862645371275562e-09,
                    0.1653035283088684,
                    -0.9862426519393921,
                    -3.9756715297698975
                ],
                [
                    0.0,
                    0.0,
                    0.0,
                    1.0
                ]
            ]
        },
        {
            "file_path": "/data/shapenet_blender/all_50_random/02958343/1f43243b81df21277925d1ea63246010/r_10",
            "rotation": 0.12566370614359174,
            "transform_matrix": [
                [
                    0.9227559566497803,
                    -0.09999226033687592,
                    -0.37218672037124634,
                    -1.5003325939178467
                ],
                [
                    -0.3853847086429596,
                    -0.23941907286643982,
                    -0.891154944896698,
                    -3.592360258102417
                ],
                [
                    -7.4505792646561986e-09,
                    0.9657536745071411,
                    -0.2594608664512634,
                    -1.0459202527999878
                ],
                [
                    0.0,
                    0.0,
                    0.0,
                    1.0
                ]
            ]
        },
        {
            "file_path": "/data/shapenet_blender/all_50_random/02958343/1f43243b81df21277925d1ea63246010/r_11",
            "rotation": 0.12566370614359174,
            "transform_matrix": [
                [
                    0.38148441910743713,
                    0.1982867419719696,
                    -0.9028577208518982,
                    -3.639535427093506
                ],
                [
                    -0.9243751764297485,
                    0.08183182775974274,
                    -0.3726043105125427,
                    -1.5020158290863037
                ],
                [
                    0.0,
                    0.9767219424247742,
                    0.21450896561145782,
                    0.864713191986084
                ],
                [
                    0.0,
                    0.0,
                    0.0,
                    1.0
                ]
            ]
        },
        {
            "file_path": "/data/shapenet_blender/all_50_random/02958343/1f43243b81df21277925d1ea63246010/r_12",
            "rotation": 0.12566370614359174,
            "transform_matrix": [
                [
                    0.3207690715789795,
                    0.09523769468069077,
                    0.9423571228981018,
                    3.7987630367279053
                ],
                [
                    0.9471573829650879,
                    -0.03225367143750191,
                    -0.3191433846950531,
                    -1.2865080833435059
                ],
                [
                    -1.8626448161640496e-09,
                    0.9949319362640381,
                    -0.1005510613322258,
                    -0.4053342938423157
                ],
                [
                    0.0,
                    0.0,
                    0.0,
                    1.0
                ]
            ]
        },
        {
            "file_path": "/data/shapenet_blender/all_50_random/02958343/1f43243b81df21277925d1ea63246010/r_13",
            "rotation": 0.12566370614359174,
            "transform_matrix": [
                [
                    0.999048113822937,
                    -0.008812489919364452,
                    0.042723897844552994,
                    0.17222553491592407
                ],
                [
                    0.043623294681310654,
                    0.20182110369205475,
                    -0.9784504175186157,
                    -3.9442596435546875
                ],
                [
                    0.0,
                    0.9793826937675476,
                    0.20201343297958374,
                    0.8143421411514282
                ],
                [
                    0.0,
                    0.0,
                    0.0,
                    1.0
                ]
            ]
        },
        {
            "file_path": "/data/shapenet_blender/all_50_random/02958343/1f43243b81df21277925d1ea63246010/r_14",
            "rotation": 0.12566370614359174,
            "transform_matrix": [
                [
                    -0.9275693297386169,
                    0.01288596261292696,
                    0.37342897057533264,
                    1.505340337753296
                ],
                [
                    0.3736512362957001,
                    0.0319887138903141,
                    0.9270175099372864,
                    3.736927032470703
                ],
                [
                    9.31322685637781e-10,
                    0.9994051456451416,
                    -0.03448660299181938,
                    -0.1390199363231659
                ],
                [
                    0.0,
                    0.0,
                    0.0,
                    1.0
                ]
            ]
        },
        {
            "file_path": "/data/shapenet_blender/all_50_random/02958343/1f43243b81df21277925d1ea63246010/r_15",
            "rotation": 0.12566370614359174,
            "transform_matrix": [
                [
                    0.5147945880889893,
                    -0.49030745029449463,
                    -0.7032673954963684,
                    -2.8349616527557373
                ],
                [
                    -0.8573135137557983,
                    -0.29441696405410767,
                    -0.42229393124580383,
                    -1.7023212909698486
                ],
                [
                    0.0,
                    0.8203153014183044,
                    -0.5719114542007446,
                    -2.3054487705230713
                ],
                [
                    0.0,
                    0.0,
                    0.0,
                    1.0
                ]
            ]
        },
        {
            "file_path": "/data/shapenet_blender/all_50_random/02958343/1f43243b81df21277925d1ea63246010/r_16",
            "rotation": 0.12566370614359174,
            "transform_matrix": [
                [
                    -0.47927090525627136,
                    0.07812696695327759,
                    -0.8741828203201294,
                    -3.5239436626434326
                ],
                [
                    -0.8776671290397644,
                    -0.0426630824804306,
                    0.47736823558807373,
                    1.924332857131958
                ],
                [
                    0.0,
                    0.9960300922393799,
                    0.0890166386961937,
                    0.3588375449180603
                ],
                [
                    0.0,
                    0.0,
                    0.0,
                    1.0
                ]
            ]
        },
        {
            "file_path": "/data/shapenet_blender/all_50_random/02958343/1f43243b81df21277925d1ea63246010/r_17",
            "rotation": 0.12566370614359174,
            "transform_matrix": [
                [
                    0.5053019523620605,
                    0.6539104580879211,
                    0.5630905628204346,
                    2.269890546798706
                ],
                [
                    0.8629426956176758,
                    -0.38290169835090637,
                    -0.32972151041030884,
                    -1.3291499614715576
                ],
                [
                    1.4901162970204496e-08,
                    0.6525236964225769,
                    -0.7577682733535767,
                    -3.054661512374878
                ],
                [
                    0.0,
                    0.0,
                    0.0,
                    1.0
                ]
            ]
        },
        {
            "file_path": "/data/shapenet_blender/all_50_random/02958343/1f43243b81df21277925d1ea63246010/r_18",
            "rotation": 0.12566370614359174,
            "transform_matrix": [
                [
                    0.48223981261253357,
                    0.3371347188949585,
                    -0.8085696697235107,
                    -3.259448528289795
                ],
                [
                    -0.8760393261909485,
                    0.18558503687381744,
                    -0.4450993239879608,
                    -1.7942527532577515
                ],
                [
                    0.0,
                    0.9229833483695984,
                    0.3848397433757782,
                    1.5513386726379395
                ],
                [
                    0.0,
                    0.0,
                    0.0,
                    1.0
                ]
            ]
        },
        {
            "file_path": "/data/shapenet_blender/all_50_random/02958343/1f43243b81df21277925d1ea63246010/r_19",
            "rotation": 0.12566370614359174,
            "transform_matrix": [
                [
                    -0.5879439115524292,
                    -0.10808742046356201,
                    -0.8016476035118103,
                    -3.2315452098846436
                ],
                [
                    -0.8089017271995544,
                    0.07856250554323196,
                    0.5826713442802429,
                    2.3488235473632812
                ],
                [
                    0.0,
                    0.9910321831703186,
                    -0.1336224377155304,
                    -0.538649320602417
                ],
                [
                    0.0,
                    0.0,
                    0.0,
                    1.0
                ]
            ]
        },
        {
            "file_path": "/data/shapenet_blender/all_50_random/02958343/1f43243b81df21277925d1ea63246010/r_20",
            "rotation": 0.12566370614359174,
            "transform_matrix": [
                [
                    -0.9278234243392944,
                    0.0016940193017944694,
                    0.3730159401893616,
                    1.5036753416061401
                ],
                [
                    0.373019814491272,
                    0.004213585518300533,
                    0.9278138279914856,
                    3.7401371002197266
                ],
                [
                    0.0,
                    0.9999897480010986,
                    -0.004541365429759026,
                    -0.018306829035282135
                ],
                [
                    0.0,
                    0.0,
                    0.0,
                    1.0
                ]
            ]
        },
        {
            "file_path": "/data/shapenet_blender/all_50_random/02958343/1f43243b81df21277925d1ea63246010/r_21",
            "rotation": 0.12566370614359174,
            "transform_matrix": [
                [
                    -0.7688138484954834,
                    0.6100060939788818,
                    -0.19187970459461212,
                    -0.7734918594360352
                ],
                [
                    -0.6394726634025574,
                    -0.7333872318267822,
                    0.23068968951702118,
                    0.929939866065979
                ],
                [
                    -1.4901161193847656e-08,
                    0.3000592291355133,
                    0.9539205431938171,
                    3.84537672996521
                ],
                [
                    0.0,
                    0.0,
                    0.0,
                    1.0
                ]
            ]
        },
        {
            "file_path": "/data/shapenet_blender/all_50_random/02958343/1f43243b81df21277925d1ea63246010/r_22",
            "rotation": 0.12566370614359174,
            "transform_matrix": [
                [
                    -0.9797534346580505,
                    -0.08958173543214798,
                    0.17904840409755707,
                    0.7217671871185303
                ],
                [
                    0.2002079337835312,
                    -0.4383842647075653,
                    0.8762054443359375,
                    3.532097101211548
                ],
                [
                    0.0,
                    0.8943121433258057,
                    0.44744348526000977,
                    1.8037023544311523
                ],
                [
                    0.0,
                    0.0,
                    0.0,
                    1.0
                ]
            ]
        },
        {
            "file_path": "/data/shapenet_blender/all_50_random/02958343/1f43243b81df21277925d1ea63246010/r_23",
            "rotation": 0.12566370614359174,
            "transform_matrix": [
                [
                    -0.9999969601631165,
                    -0.0008987938053905964,
                    0.0023127368185669184,
                    0.009322941303253174
                ],
                [
                    0.0024812465999275446,
                    -0.3622336983680725,
                    0.9320838451385498,
                    3.7573506832122803
                ],
                [
                    0.0,
                    0.9320867657661438,
                    0.36223480105400085,
                    1.4602153301239014
                ],
                [
                    0.0,
                    0.0,
                    0.0,
                    1.0
                ]
            ]
        },
        {
            "file_path": "/data/shapenet_blender/all_50_random/02958343/1f43243b81df21277925d1ea63246010/r_24",
            "rotation": 0.12566370614359174,
            "transform_matrix": [
                [
                    -0.5345290303230286,
                    0.4346241354942322,
                    0.7248313426971436,
                    2.921888828277588
                ],
                [
                    0.8451502323150635,
                    0.2748851180076599,
                    0.4584314227104187,
                    1.8479963541030884
                ],
                [
                    1.4901162970204496e-08,
                    0.8576362729072571,
                    -0.5142566561698914,
                    -2.07303524017334
                ],
                [
                    0.0,
                    0.0,
                    0.0,
                    1.0
                ]
            ]
        },
        {
            "file_path": "/data/shapenet_blender/all_50_random/02958343/1f43243b81df21277925d1ea63246010/r_25",
            "rotation": 0.12566370614359174,
            "transform_matrix": [
                [
                    0.5059455633163452,
                    -0.1510440558195114,
                    -0.8492377400398254,
                    -3.423386812210083
                ],
                [
                    -0.8625653982162476,
                    -0.08859627693891525,
                    -0.49812814593315125,
                    -2.008018732070923
                ],
                [
                    -7.450580596923828e-09,
                    0.9845487475395203,
                    -0.17511029541492462,
                    -0.7058922052383423
                ],
                [
                    0.0,
                    0.0,
                    0.0,
                    1.0
                ]
            ]
        },
        {
            "file_path": "/data/shapenet_blender/all_50_random/02958343/1f43243b81df21277925d1ea63246010/r_26",
            "rotation": 0.12566370614359174,
            "transform_matrix": [
                [
                    -0.7062020897865295,
                    -0.03475584462285042,
                    0.707156777381897,
                    2.850640058517456
                ],
                [
                    0.7080103754997253,
                    -0.03466707840561867,
                    0.7053506374359131,
                    2.8433594703674316
                ],
                [
                    1.862645149230957e-09,
                    0.9987943768501282,
                    0.0490894578397274,
                    0.1978859305381775
                ],
                [
                    0.0,
                    0.0,
                    0.0,
                    1.0
                ]
            ]
        },
        {
            "file_path": "/data/shapenet_blender/all_50_random/02958343/1f43243b81df21277925d1ea63246010/r_27",
            "rotation": 0.12566370614359174,
            "transform_matrix": [
                [
                    0.8797180652618408,
                    0.38800370693206787,
                    0.2748623490333557,
                    1.1080056428909302
                ],
                [
                    0.47549575567245483,
                    -0.7178483605384827,
                    -0.5085247755050659,
                    -2.049929141998291
                ],
                [
                    -1.4901161193847656e-08,
                    0.5780543684959412,
                    -0.8159981966018677,
                    -3.2893941402435303
                ],
                [
                    0.0,
                    0.0,
                    0.0,
                    1.0
                ]
            ]
        },
        {
            "file_path": "/data/shapenet_blender/all_50_random/02958343/1f43243b81df21277925d1ea63246010/r_28",
            "rotation": 0.12566370614359174,
            "transform_matrix": [
                [
                    -0.041747163981199265,
                    0.3121678829193115,
                    0.9491093158721924,
                    3.825981616973877
                ],
                [
                    0.9991281628608704,
                    0.013043495826423168,
                    0.03965719789266586,
                    0.15986326336860657
                ],
                [
                    9.313224080820248e-10,
                    0.9499374032020569,
                    -0.31244027614593506,
                    -1.2594869136810303
                ],
                [
                    0.0,
                    0.0,
                    0.0,
                    1.0
                ]
            ]
        },
        {
            "file_path": "/data/shapenet_blender/all_50_random/02958343/1f43243b81df21277925d1ea63246010/r_29",
            "rotation": 0.12566370614359174,
            "transform_matrix": [
                [
                    0.6316324472427368,
                    0.2269182652235031,
                    -0.7413153648376465,
                    -2.988337993621826
                ],
                [
                    -0.7752680778503418,
                    0.18487662076950073,
                    -0.6039702296257019,
                    -2.4346821308135986
                ],
                [
                    0.0,
                    0.9562053084373474,
                    0.2926965355873108,
                    1.1798975467681885
                ],
                [
                    0.0,
                    0.0,
                    0.0,
                    1.0
                ]
            ]
        },
        {
            "file_path": "/data/shapenet_blender/all_50_random/02958343/1f43243b81df21277925d1ea63246010/r_30",
            "rotation": 0.12566370614359174,
            "transform_matrix": [
                [
                    -0.9995553493499756,
                    -0.008883676491677761,
                    0.028462789952754974,
                    0.11473718285560608
                ],
                [
                    0.029816944152116776,
                    -0.29780805110931396,
                    0.9541599154472351,
                    3.846341848373413
                ],
                [
                    0.0,
                    0.9545844197273254,
                    0.2979404926300049,
                    1.2010366916656494
                ],
                [
                    0.0,
                    0.0,
                    0.0,
                    1.0
                ]
            ]
        },
        {
            "file_path": "/data/shapenet_blender/all_50_random/02958343/1f43243b81df21277925d1ea63246010/r_31",
            "rotation": 0.12566370614359174,
            "transform_matrix": [
                [
                    0.24895118176937103,
                    0.10599329322576523,
                    0.9626986384391785,
                    3.8807623386383057
                ],
                [
                    0.9685160517692566,
                    -0.02724493481218815,
                    -0.24745585024356842,
                    -0.9975264668464661
                ],
                [
                    0.0,
                    0.9939935207366943,
                    -0.10943886637687683,
                    -0.4411621689796448
                ],
                [
                    0.0,
                    0.0,
                    0.0,
                    1.0
                ]
            ]
        },
        {
            "file_path": "/data/shapenet_blender/all_50_random/02958343/1f43243b81df21277925d1ea63246010/r_32",
            "rotation": 0.12566370614359174,
            "transform_matrix": [
                [
                    -0.8931506872177124,
                    0.27939173579216003,
                    0.35245171189308167,
                    1.4207783937454224
                ],
                [
                    0.44975772500038147,
                    0.5548296570777893,
                    0.6999157071113586,
                    2.821450710296631
                ],
                [
                    0.0,
                    0.7836480140686035,
                    -0.6212049722671509,
                    -2.504157543182373
                ],
                [
                    0.0,
                    0.0,
                    0.0,
                    1.0
                ]
            ]
        },
        {
            "file_path": "/data/shapenet_blender/all_50_random/02958343/1f43243b81df21277925d1ea63246010/r_33",
            "rotation": 0.12566370614359174,
            "transform_matrix": [
                [
                    -0.06411878764629364,
                    -0.27471548318862915,
                    0.9593852758407593,
                    3.867405891418457
                ],
                [
                    0.997942328453064,
                    -0.017650743946433067,
                    0.06164146214723587,
                    0.24848470091819763
                ],
                [
                    -1.862645149230957e-09,
                    0.9613635540008545,
                    0.2752819359302521,
                    1.1096971035003662
                ],
                [
                    0.0,
                    0.0,
                    0.0,
                    1.0
                ]
            ]
        },
        {
            "file_path": "/data/shapenet_blender/all_50_random/02958343/1f43243b81df21277925d1ea63246010/r_34",
            "rotation": 0.12566370614359174,
            "transform_matrix": [
                [
                    -0.6798566579818726,
                    -0.5745601654052734,
                    0.4557144045829773,
                    1.8370435237884521
                ],
                [
                    0.733345091342926,
                    -0.5326530933380127,
                    0.422475665807724,
                    1.7030538320541382
                ],
                [
                    -1.4901162970204496e-08,
                    0.6214187145233154,
                    0.7834786176681519,
                    3.1583032608032227
                ],
                [
                    0.0,
                    0.0,
                    0.0,
                    1.0
                ]
            ]
        },
        {
            "file_path": "/data/shapenet_blender/all_50_random/02958343/1f43243b81df21277925d1ea63246010/r_35",
            "rotation": 0.12566370614359174,
            "transform_matrix": [
                [
                    0.6583073139190674,
                    -0.4601908326148987,
                    0.5956977605819702,
                    2.401334524154663
                ],
                [
                    0.7527493238449097,
                    0.40245404839515686,
                    -0.5209599137306213,
                    -2.1000566482543945
                ],
                [
                    0.0,
                    0.7913628220558167,
                    0.6113467216491699,
                    2.4644174575805664
                ],
                [
                    0.0,
                    0.0,
                    0.0,
                    1.0
                ]
            ]
        },
        {
            "file_path": "/data/shapenet_blender/all_50_random/02958343/1f43243b81df21277925d1ea63246010/r_36",
            "rotation": 0.12566370614359174,
            "transform_matrix": [
                [
                    -0.7466307878494263,
                    -0.2222568243741989,
                    -0.6270122528076172,
                    -2.527567148208618
                ],
                [
                    -0.6652386784553528,
                    0.24945001304149628,
                    0.7037273645401001,
                    2.83681583404541
                ],
                [
                    1.4901161193847656e-08,
                    0.9425373673439026,
                    -0.3341008722782135,
                    -1.3468036651611328
                ],
                [
                    0.0,
                    0.0,
                    0.0,
                    1.0
                ]
            ]
        },
        {
            "file_path": "/data/shapenet_blender/all_50_random/02958343/1f43243b81df21277925d1ea63246010/r_37",
            "rotation": 0.12566370614359174,
            "transform_matrix": [
                [
                    0.8894404768943787,
                    0.2749561071395874,
                    0.36509549617767334,
                    1.4717471599578857
                ],
                [
                    0.45705100893974304,
                    -0.5350761413574219,
                    -0.7104911804199219,
                    -2.864081859588623
                ],
                [
                    0.0,
                    0.7988069653511047,
                    -0.6015873551368713,
                    -2.425076484680176
                ],
                [
                    0.0,
                    0.0,
                    0.0,
                    1.0
                ]
            ]
        },
        {
            "file_path": "/data/shapenet_blender/all_50_random/02958343/1f43243b81df21277925d1ea63246010/r_38",
            "rotation": 0.12566370614359174,
            "transform_matrix": [
                [
                    0.8328441381454468,
                    0.004417254123836756,
                    -0.5534899830818176,
                    -2.231189489364624
                ],
                [
                    -0.5535076260566711,
                    0.006646492052823305,
                    -0.832817554473877,
                    -3.3571949005126953
                ],
                [
                    0.0,
                    0.9999682307243347,
                    0.007980474270880222,
                    0.03217032179236412
                ],
                [
                    0.0,
                    0.0,
                    0.0,
                    1.0
                ]
            ]
        },
        {
            "file_path": "/data/shapenet_blender/all_50_random/02958343/1f43243b81df21277925d1ea63246010/r_39",
            "rotation": 0.12566370614359174,
            "transform_matrix": [
                [
                    -0.8795323967933655,
                    0.01093958131968975,
                    -0.4757132828235626,
                    -1.9176613092422485
                ],
                [
                    -0.4758390188217163,
                    -0.020220529288053513,
                    0.8792999982833862,
                    3.5445711612701416
                ],
                [
                    -9.313225191043273e-10,
                    0.9997357130050659,
                    0.022990092635154724,
                    0.09267601370811462
                ],
                [
                    0.0,
                    0.0,
                    0.0,
                    1.0
                ]
            ]
        },
        {
            "file_path": "/data/shapenet_blender/all_50_random/02958343/1f43243b81df21277925d1ea63246010/r_40",
            "rotation": 0.12566370614359174,
            "transform_matrix": [
                [
                    0.9870795607566833,
                    -0.1312587857246399,
                    -0.0918971449136734,
                    -0.3704492747783661
                ],
                [
                    -0.16023094952106476,
                    -0.8086007237434387,
                    -0.5661190152168274,
                    -2.2820990085601807
                ],
                [
                    0.0,
                    0.5735293626785278,
                    -0.8191849589347839,
                    -3.3022403717041016
                ],
                [
                    0.0,
                    0.0,
                    0.0,
                    1.0
                ]
            ]
        },
        {
            "file_path": "/data/shapenet_blender/all_50_random/02958343/1f43243b81df21277925d1ea63246010/r_41",
            "rotation": 0.12566370614359174,
            "transform_matrix": [
                [
                    0.8586651086807251,
                    -0.2835196554660797,
                    0.42697885632514954,
                    1.7212069034576416
                ],
                [
                    0.5125371813774109,
                    0.47498685121536255,
                    -0.715327262878418,
                    -2.8835766315460205
                ],
