{
    "class": "02958343",
    "model": "82c224e707f63304acb3c21764457201",
    "remove_doubles": true,
    "edge_split": true,
    "denoise": true,
    "camera_angle_x": 0.6911112070083618,
    "scale_factor": 2.2258949834754933,
    "hdri_file": "/data/IndoorHDRDataset2018/AG8A4148-4171cf00f1.exr",
    "center_offset": [
        0.0,
        0.0,
        9.313225746154785e-10
    ],
    "lights": [],
    "frames": [
        {
            "file_path": "/data/shapenet_blender/all_50_random/02958343/82c224e707f63304acb3c21764457201/r_0",
            "rotation": 0.12566370614359174,
            "transform_matrix": [
                [
                    -0.7726590037345886,
                    -0.49987298250198364,
                    0.3913118541240692,
                    1.5774285793304443
                ],
                [
                    0.6348211765289307,
                    -0.6084097027778625,
                    0.47627684473991394,
                    1.9199333190917969
                ],
                [
                    0.0,
                    0.6164125204086304,
                    0.787423312664032,
                    3.1742048263549805
                ],
                [
                    0.0,
                    0.0,
                    0.0,
                    1.0
                ]
            ]
        },
        {
            "file_path": "/data/shapenet_blender/all_50_random/02958343/82c224e707f63304acb3c21764457201/r_1",
            "rotation": 0.12566370614359174,
            "transform_matrix": [
                [
                    -0.9363057017326355,
                    0.1250239908695221,
                    -0.32817763090133667,
                    -1.3229265213012695
                ],
                [
                    -0.35118594765663147,
                    -0.33332961797714233,
                    0.8749626278877258,
                    3.527087450027466
                ],
                [
                    -7.450580596923828e-09,
                    0.9344838857650757,
                    0.35600513219833374,
                    1.4351027011871338
                ],
                [
                    0.0,
                    0.0,
                    0.0,
                    1.0
                ]
            ]
        },
        {
            "file_path": "/data/shapenet_blender/all_50_random/02958343/82c224e707f63304acb3c21764457201/r_2",
            "rotation": 0.12566370614359174,
            "transform_matrix": [
                [
                    0.8280416131019592,
                    -0.00526551203802228,
                    -0.5606420040130615,
                    -2.2600202560424805
                ],
                [
                    -0.5606667995452881,
                    -0.007776567712426186,
                    -0.8280050158500671,
                    -3.3377950191497803
                ],
                [
                    0.0,
                    0.9999558329582214,
                    -0.009391519241034985,
                    -0.037858426570892334
                ],
                [
                    0.0,
                    0.0,
                    0.0,
                    1.0
                ]
            ]
        },
        {
            "file_path": "/data/shapenet_blender/all_50_random/02958343/82c224e707f63304acb3c21764457201/r_3",
            "rotation": 0.12566370614359174,
            "transform_matrix": [
                [
                    -0.30691054463386536,
                    -0.04096206650137901,
                    0.9508563876152039,
                    3.833024740219116
                ],
                [
                    0.9517382979393005,
                    -0.013209190219640732,
                    0.30662617087364197,
                    1.2360496520996094
                ],
                [
                    9.313225746154785e-10,
                    0.999073326587677,
                    0.04303921386599541,
                    0.17349661886692047
                ],
                [
                    0.0,
                    0.0,
                    0.0,
                    1.0
                ]
            ]
        },
        {
            "file_path": "/data/shapenet_blender/all_50_random/02958343/82c224e707f63304acb3c21764457201/r_4",
            "rotation": 0.12566370614359174,
            "transform_matrix": [
                [
                    -0.4682609438896179,
                    -0.8181066513061523,
                    -0.3338160514831543,
                    -1.3456555604934692
                ],
                [
                    -0.8835902214050293,
                    0.43355777859687805,
                    0.17690669000148773,
                    0.713133692741394
                ],
                [
                    0.0,
                    0.37779501080513,
                    -0.925889253616333,
                    -3.7323789596557617
                ],
                [
                    0.0,
                    0.0,
                    0.0,
                    1.0
                ]
            ]
        },
        {
            "file_path": "/data/shapenet_blender/all_50_random/02958343/82c224e707f63304acb3c21764457201/r_5",
            "rotation": 0.12566370614359174,
            "transform_matrix": [
                [
                    0.6906369924545288,
                    0.2757941484451294,
                    0.6685492396354675,
                    2.6950085163116455
                ],
                [
                    0.7232016324996948,
                    -0.26337555050849915,
                    -0.6384454965591431,
                    -2.5736563205718994
                ],
                [
                    0.0,
                    0.9244300127029419,
                    -0.38135164976119995,
                    -1.5372778177261353
                ],
                [
                    0.0,
                    0.0,
                    0.0,
                    1.0
                ]
            ]
        },
        {
            "file_path": "/data/shapenet_blender/all_50_random/02958343/82c224e707f63304acb3c21764457201/r_6",
            "rotation": 0.12566370614359174,
            "transform_matrix": [
                [
                    -0.4453745484352112,
                    -0.11089704185724258,
                    0.8884499669075012,
                    3.581456184387207
                ],
                [
                    0.8953442573547363,
                    -0.05516393855214119,
                    0.44194507598876953,
                    1.7815375328063965
                ],
                [
                    0.0,
                    0.9922997951507568,
                    0.12385964393615723,
                    0.4992941617965698
                ],
                [
                    0.0,
                    0.0,
                    0.0,
                    1.0
                ]
            ]
        },
        {
            "file_path": "/data/shapenet_blender/all_50_random/02958343/82c224e707f63304acb3c21764457201/r_7",
            "rotation": 0.12566370614359174,
            "transform_matrix": [
                [
                    0.36257320642471313,
                    -0.036422934383153915,
                    -0.931243360042572,
                    -3.7539615631103516
                ],
                [
                    -0.9319552779197693,
                    -0.014170186594128609,
                    -0.3622962236404419,
                    -1.4604625701904297
                ],
                [
                    0.0,
                    0.999235987663269,
                    -0.039082277566194534,
                    -0.15754568576812744
                ],
                [
                    0.0,
                    0.0,
                    0.0,
                    1.0
                ]
            ]
        },
        {
            "file_path": "/data/shapenet_blender/all_50_random/02958343/82c224e707f63304acb3c21764457201/r_8",
            "rotation": 0.12566370614359174,
            "transform_matrix": [
                [
                    -0.3242016136646271,
                    -0.17885594069957733,
                    0.9289261698722839,
                    3.7446212768554688
                ],
                [
                    0.945988118648529,
                    -0.06129610538482666,
                    0.3183542788028717,
                    1.2833271026611328
                ],
                [
                    3.725290742551124e-09,
                    0.9819639921188354,
                    0.18906787037849426,
                    0.7621569633483887
                ],
                [
                    0.0,
                    0.0,
                    0.0,
                    1.0
                ]
            ]
        },
        {
            "file_path": "/data/shapenet_blender/all_50_random/02958343/82c224e707f63304acb3c21764457201/r_9",
            "rotation": 0.12566370614359174,
            "transform_matrix": [
                [
                    0.18849977850914001,
                    -0.7857164740562439,
                    -0.5891668200492859,
                    -2.375007390975952
                ],
                [
                    -0.982073187828064,
                    -0.15081095695495605,
                    -0.11308508366346359,
                    -0.45586055517196655
                ],
                [
                    0.0,
                    0.5999215245246887,
                    -0.8000588417053223,
                    -3.225140333175659
                ],
                [
                    0.0,
                    0.0,
                    0.0,
                    1.0
                ]
            ]
        },
        {
            "file_path": "/data/shapenet_blender/all_50_random/02958343/82c224e707f63304acb3c21764457201/r_10",
            "rotation": 0.12566370614359174,
            "transform_matrix": [
                [
                    -0.6404021978378296,
                    -0.25593239068984985,
                    0.724143385887146,
                    2.9191150665283203
                ],
                [
                    0.7680397033691406,
                    -0.2133999913930893,
                    0.603800892829895,
                    2.4339990615844727
                ],
                [
                    -1.4901160305669237e-08,
                    0.9428462386131287,
                    0.33322808146476746,
                    1.3432852029800415
                ],
                [
                    0.0,
                    0.0,
                    0.0,
                    1.0
                ]
            ]
        },
        {
            "file_path": "/data/shapenet_blender/all_50_random/02958343/82c224e707f63304acb3c21764457201/r_11",
            "rotation": 0.12566370614359174,
            "transform_matrix": [
                [
                    0.9838408827781677,
                    0.09652979671955109,
                    0.15079490840435028,
                    0.6078737378120422
                ],
                [
                    0.17904497683048248,
                    -0.5304251313209534,
                    -0.828608512878418,
                    -3.3402278423309326
                ],
                [
                    0.0,
                    0.8422179818153381,
                    -0.539137065410614,
                    -2.1733310222625732
                ],
                [
                    0.0,
                    0.0,
                    0.0,
                    1.0
                ]
            ]
        },
        {
            "file_path": "/data/shapenet_blender/all_50_random/02958343/82c224e707f63304acb3c21764457201/r_12",
            "rotation": 0.12566370614359174,
            "transform_matrix": [
                [
                    -0.6629781126976013,
                    -0.24876843392848969,
                    0.7060978412628174,
                    2.846371650695801
                ],
                [
                    0.7486386895179749,
                    -0.22030390799045563,
                    0.6253048777580261,
                    2.5206847190856934
                ],
                [
                    0.0,
                    0.9431756734848022,
                    0.3322943449020386,
                    1.3395215272903442
                ],
                [
                    0.0,
                    0.0,
                    0.0,
                    1.0
                ]
            ]
        },
        {
            "file_path": "/data/shapenet_blender/all_50_random/02958343/82c224e707f63304acb3c21764457201/r_13",
            "rotation": 0.12566370614359174,
            "transform_matrix": [
                [
                    -0.2018752098083496,
                    -0.5347427725791931,
                    -0.8205465078353882,
                    -3.3077287673950195
                ],
                [
                    -0.979411244392395,
                    0.11022061854600906,
                    0.16913019120693207,
                    0.6817855834960938
                ],
                [
                    0.0,
                    0.837795615196228,
                    -0.5459839105606079,
                    -2.2009315490722656
                ],
                [
                    0.0,
                    0.0,
                    0.0,
                    1.0
                ]
            ]
        },
        {
            "file_path": "/data/shapenet_blender/all_50_random/02958343/82c224e707f63304acb3c21764457201/r_14",
            "rotation": 0.12566370614359174,
            "transform_matrix": [
                [
                    0.8135860562324524,
                    0.22030751407146454,
                    0.5380914807319641,
                    2.169116258621216
                ],
                [
                    0.5814446806907654,
                    -0.30826514959335327,
                    -0.7529241442680359,
                    -3.0351343154907227
                ],
                [
                    0.0,
                    0.9254388809204102,
                    -0.3788968324661255,
                    -1.5273820161819458
                ],
                [
                    0.0,
                    0.0,
                    0.0,
                    1.0
                ]
            ]
        },
        {
            "file_path": "/data/shapenet_blender/all_50_random/02958343/82c224e707f63304acb3c21764457201/r_15",
            "rotation": 0.12566370614359174,
            "transform_matrix": [
                [
                    -0.47331520915031433,
                    -0.0492367185652256,
                    -0.8795160055160522,
                    -3.545442581176758
                ],
                [
                    -0.8808931112289429,
                    0.02645552158355713,
                    0.47257527709007263,
                    1.9050120115280151
                ],
                [
                    0.0,
                    0.9984367489814758,
                    -0.05589407682418823,
                    -0.22531624138355255
                ],
                [
                    0.0,
                    0.0,
                    0.0,
                    1.0
                ]
            ]
        },
        {
            "file_path": "/data/shapenet_blender/all_50_random/02958343/82c224e707f63304acb3c21764457201/r_16",
            "rotation": 0.12566370614359174,
            "transform_matrix": [
                [
                    -0.6461695432662964,
                    -0.6898760199546814,
                    -0.32639849185943604,
                    -1.3157544136047363
                ],
                [
                    -0.7631939053535461,
                    0.5840939283370972,
                    0.2763501703739166,
                    1.1140031814575195
                ],
                [
                    2.9802322387695312e-08,
                    0.4276743531227112,
                    -0.9039328098297119,
                    -3.643869638442993
                ],
                [
                    0.0,
                    0.0,
                    0.0,
                    1.0
                ]
            ]
        },
        {
            "file_path": "/data/shapenet_blender/all_50_random/02958343/82c224e707f63304acb3c21764457201/r_17",
            "rotation": 0.12566370614359174,
            "transform_matrix": [
                [
                    0.13468360900878906,
                    -0.04912683367729187,
                    -0.9896700382232666,
                    -3.989487648010254
                ],
                [
                    -0.9908887147903442,
                    -0.006677418481558561,
                    -0.13451795279979706,
                    -0.5422592163085938
                ],
                [
                    0.0,
                    0.9987701773643494,
                    -0.04957855865359306,
                    -0.19985756278038025
                ],
                [
                    0.0,
                    0.0,
                    0.0,
                    1.0
                ]
            ]
        },
        {
            "file_path": "/data/shapenet_blender/all_50_random/02958343/82c224e707f63304acb3c21764457201/r_18",
            "rotation": 0.12566370614359174,
            "transform_matrix": [
                [
                    -0.989993691444397,
                    0.05686202272772789,
                    -0.1291482001543045,
                    -0.5206130743026733
                ],
                [
                    -0.1411118358373642,
                    -0.3989250361919403,
                    0.9060608148574829,
                    3.6524479389190674
                ],
                [
                    0.0,
                    0.9152188897132874,
                    0.40295717120170593,
                    1.6243723630905151
                ],
                [
                    0.0,
                    0.0,
                    0.0,
                    1.0
                ]
            ]
        },
        {
            "file_path": "/data/shapenet_blender/all_50_random/02958343/82c224e707f63304acb3c21764457201/r_19",
            "rotation": 0.12566370614359174,
            "transform_matrix": [
                [
                    0.8483721613883972,
                    0.07355041801929474,
                    -0.5242661833763123,
                    -2.11338472366333
                ],
                [
                    -0.5294004678726196,
                    0.11786564439535141,
                    -0.8401445150375366,
                    -3.3867311477661133
                ],
                [
                    -7.450581485102248e-09,
                    0.9903019666671753,
                    0.1389315277338028,
                    0.5600509643554688
                ],
                [
                    0.0,
                    0.0,
                    0.0,
                    1.0
                ]
            ]
        },
        {
            "file_path": "/data/shapenet_blender/all_50_random/02958343/82c224e707f63304acb3c21764457201/r_20",
            "rotation": 0.12566370614359174,
            "transform_matrix": [
                [
                    0.8852978944778442,
                    -0.29745563864707947,
                    0.35744625329971313,
                    1.4409120082855225
                ],
                [
                    0.4650244116783142,
                    0.566286027431488,
                    -0.6804941892623901,
                    -2.7431600093841553
                ],
                [
                    1.4901161193847656e-08,
                    0.7686613202095032,
                    0.6396559476852417,
                    2.578535795211792
                ],
                [
                    0.0,
                    0.0,
                    0.0,
                    1.0
                ]
            ]
        },
        {
            "file_path": "/data/shapenet_blender/all_50_random/02958343/82c224e707f63304acb3c21764457201/r_21",
            "rotation": 0.12566370614359174,
            "transform_matrix": [
                [
                    0.8936519622802734,
                    -0.002727209823206067,
                    -0.44875237345695496,
                    -1.8089786767959595
                ],
                [
                    -0.44876065850257874,
                    -0.005430904682725668,
                    -0.8936354517936707,
                    -3.6023597717285156
                ],
                [
                    0.0,
                    0.9999815225601196,
                    -0.006077203433960676,
                    -0.024497991427779198
                ],
                [
                    0.0,
                    0.0,
                    0.0,
                    1.0
                ]
            ]
        },
        {
            "file_path": "/data/shapenet_blender/all_50_random/02958343/82c224e707f63304acb3c21764457201/r_22",
            "rotation": 0.12566370614359174,
            "transform_matrix": [
                [
                    0.8908249735832214,
                    0.025440851226449013,
                    -0.4536336064338684,
                    -1.82865571975708
                ],
                [
                    -0.4543464481830597,
                    0.04988120123744011,
                    -0.8894273638725281,
                    -3.5853965282440186
                ],
                [
                    0.0,
                    0.9984310865402222,
                    0.05599438026547432,
                    0.2257205843925476
                ],
                [
                    0.0,
                    0.0,
                    0.0,
                    1.0
                ]
            ]
        },
        {
            "file_path": "/data/shapenet_blender/all_50_random/02958343/82c224e707f63304acb3c21764457201/r_23",
            "rotation": 0.12566370614359174,
            "transform_matrix": [
                [
                    -0.7131534814834595,
                    -0.3551597595214844,
                    0.6043787002563477,
                    2.436328411102295
                ],
                [
                    0.7010078430175781,
                    -0.36131325364112854,
                    0.6148501634597778,
                    2.4785401821136475
                ],
                [
                    0.0,
                    0.8621568083763123,
                    0.5066416263580322,
                    2.042337656021118
                ],
                [
                    0.0,
                    0.0,
                    0.0,
                    1.0
                ]
            ]
        },
        {
            "file_path": "/data/shapenet_blender/all_50_random/02958343/82c224e707f63304acb3c21764457201/r_24",
            "rotation": 0.12566370614359174,
            "transform_matrix": [
                [
                    0.2390458583831787,
                    0.9687516689300537,
                    -0.06616173684597015,
                    -0.26670652627944946
                ],
                [
                    -0.9710082411766052,
                    0.23849032819271088,
                    -0.016287904232740402,
                    -0.06565865129232407
                ],
                [
                    0.0,
                    0.06813706457614899,
                    0.997675895690918,
                    4.0217604637146
                ],
                [
                    0.0,
                    0.0,
                    0.0,
                    1.0
                ]
            ]
        },
        {
            "file_path": "/data/shapenet_blender/all_50_random/02958343/82c224e707f63304acb3c21764457201/r_25",
            "rotation": 0.12566370614359174,
            "transform_matrix": [
                [
                    -0.2781107723712921,
                    -0.5468353033065796,
                    0.7896994948387146,
                    3.1833808422088623
                ],
                [
                    0.960548996925354,
                    -0.15832695364952087,
                    0.22864419221878052,
                    0.921694278717041
                ],
                [
                    0.0,
                    0.8221336007118225,
                    0.5692945122718811,
                    2.2948999404907227
                ],
                [
                    0.0,
                    0.0,
                    0.0,
                    1.0
                ]
            ]
        },
        {
            "file_path": "/data/shapenet_blender/all_50_random/02958343/82c224e707f63304acb3c21764457201/r_26",
            "rotation": 0.12566370614359174,
            "transform_matrix": [
                [
                    0.3225826025009155,
                    0.3584919273853302,
                    -0.8760274052619934,
                    -3.531379461288452
                ],
                [
                    -0.946541428565979,
                    0.12217453867197037,
                    -0.2985513210296631,
                    -1.2034988403320312
                ],
                [
                    7.450581485102248e-09,
                    0.9255036115646362,
                    0.37873879075050354,
                    1.5267448425292969
                ],
                [
                    0.0,
                    0.0,
                    0.0,
                    1.0
                ]
            ]
        },
        {
            "file_path": "/data/shapenet_blender/all_50_random/02958343/82c224e707f63304acb3c21764457201/r_27",
            "rotation": 0.12566370614359174,
            "transform_matrix": [
                [
                    -0.6036055684089661,
                    0.1908985823392868,
                    -0.7740917205810547,
                    -3.1204636096954346
                ],
                [
                    -0.7972831130027771,
                    -0.14452514052391052,
                    0.586047887802124,
                    2.3624346256256104
                ],
                [
                    -7.450581485102248e-09,
                    0.9709119200706482,
                    0.23943641781806946,
                    0.9651990532875061
                ],
                [
                    0.0,
                    0.0,
                    0.0,
                    1.0
                ]
            ]
        },
        {
            "file_path": "/data/shapenet_blender/all_50_random/02958343/82c224e707f63304acb3c21764457201/r_28",
            "rotation": 0.12566370614359174,
            "transform_matrix": [
                [
                    -0.9995693564414978,
                    -0.028933368623256683,
                    -0.004913315176963806,
                    -0.019806206226348877
                ],
                [
                    -0.029347583651542664,
                    0.9854613542556763,
                    0.16734595596790314,
                    0.6745931506156921
                ],
                [
                    0.0,
                    0.16741791367530823,
                    -0.9858859777450562,
                    -3.974233388900757
                ],
                [
                    0.0,
                    0.0,
                    0.0,
                    1.0
                ]
            ]
        },
        {
            "file_path": "/data/shapenet_blender/all_50_random/02958343/82c224e707f63304acb3c21764457201/r_29",
            "rotation": 0.12566370614359174,
            "transform_matrix": [
                [
                    -0.1923184096813202,
                    0.017212141305208206,
                    -0.9811815619468689,
                    -3.9552695751190186
                ],
                [
                    -0.9813326597213745,
                    -0.0033731800504028797,
                    0.19228880107402802,
                    0.7751410007476807
                ],
                [
                    0.0,
                    0.9998461008071899,
                    0.017539557069540024,
                    0.07070422172546387
                ],
                [
                    0.0,
                    0.0,
                    0.0,
                    1.0
                ]
            ]
        },
        {
            "file_path": "/data/shapenet_blender/all_50_random/02958343/82c224e707f63304acb3c21764457201/r_30",
            "rotation": 0.12566370614359174,
            "transform_matrix": [
                [
                    0.011291702277958393,
                    0.6340086460113525,
                    0.7732435464859009,
                    3.117044448852539
                ],
                [
                    0.9999362230300903,
                    -0.007159493863582611,
                    -0.008731793612241745,
                    -0.035198986530303955
                ],
                [
                    -4.6566123179658803e-10,
                    0.7732928395271301,
                    -0.6340490579605103,
                    -2.5559334754943848
                ],
                [
                    0.0,
                    0.0,
                    0.0,
                    1.0
                ]
            ]
        },
        {
            "file_path": "/data/shapenet_blender/all_50_random/02958343/82c224e707f63304acb3c21764457201/r_31",
            "rotation": 0.12566370614359174,
            "transform_matrix": [
                [
                    -0.8084250092506409,
                    -0.16938039660453796,
                    0.5637015104293823,
                    2.272353172302246
                ],
                [
                    0.5885992050170898,
                    -0.2326393723487854,
                    0.7742286324501038,
                    3.1210150718688965
                ],
                [
                    0.0,
                    0.9576998949050903,
                    0.2877686619758606,
                    1.1600323915481567
                ],
                [
                    0.0,
                    0.0,
                    0.0,
                    1.0
                ]
            ]
        },
        {
            "file_path": "/data/shapenet_blender/all_50_random/02958343/82c224e707f63304acb3c21764457201/r_32",
            "rotation": 0.12566370614359174,
            "transform_matrix": [
                [
                    0.49589696526527405,
                    -0.6972273588180542,
                    0.5176487565040588,
                    2.0867087841033936
                ],
                [
                    0.8683813214302063,
                    0.3981579840183258,
                    -0.2956079840660095,
                    -1.191633939743042
                ],
                [
                    -1.4901160305669237e-08,
                    0.5961076021194458,
                    0.802904486656189,
                    3.2366116046905518
                ],
                [
                    0.0,
                    0.0,
                    0.0,
                    1.0
                ]
            ]
        },
        {
            "file_path": "/data/shapenet_blender/all_50_random/02958343/82c224e707f63304acb3c21764457201/r_33",
            "rotation": 0.12566370614359174,
            "transform_matrix": [
                [
                    -0.0029413243755698204,
                    0.6593027710914612,
                    -0.751871645450592,
                    -3.0308918952941895
                ],
                [
                    -0.9999957084655762,
                    -0.0019392315298318863,
                    0.0022115076426416636,
                    0.008914873003959656
                ],
                [
                    -1.1641533570472262e-10,
                    0.7518750429153442,
                    0.6593055725097656,
                    2.6577460765838623
                ],
                [
                    0.0,
                    0.0,
                    0.0,
                    1.0
                ]
            ]
        },
        {
            "file_path": "/data/shapenet_blender/all_50_random/02958343/82c224e707f63304acb3c21764457201/r_34",
            "rotation": 0.12566370614359174,
            "transform_matrix": [
                [
                    0.32559311389923096,
                    -0.018486130982637405,
                    -0.9453292489051819,
                    -3.810744047164917
                ],
                [
                    -0.9455100297927856,
                    -0.006365830544382334,
                    -0.32553085684776306,
                    -1.3122568130493164
                ],
                [
                    0.0,
                    0.9998089075088501,
                    -0.019551489502191544,
                    -0.07881457358598709
                ],
                [
                    0.0,
                    0.0,
                    0.0,
                    1.0
                ]
            ]
        },
        {
            "file_path": "/data/shapenet_blender/all_50_random/02958343/82c224e707f63304acb3c21764457201/r_35",
            "rotation": 0.12566370614359174,
            "transform_matrix": [
                [
                    0.7068204879760742,
                    0.5383865833282471,
                    0.4588514566421509,
                    1.8496891260147095
                ],
                [
                    0.7073928713798523,
                    -0.5379509329795837,
                    -0.45848017930984497,
                    -1.8481924533843994
                ],
                [
                    -1.4901158529312397e-08,
                    0.6486514210700989,
                    -0.7610856890678406,
                    -3.0680341720581055
                ],
                [
                    0.0,
                    0.0,
                    0.0,
                    1.0
                ]
            ]
        },
        {
            "file_path": "/data/shapenet_blender/all_50_random/02958343/82c224e707f63304acb3c21764457201/r_36",
            "rotation": 0.12566370614359174,
            "transform_matrix": [
                [
                    0.9994970560073853,
                    0.022045064717531204,
                    0.02279778942465782,
                    0.09190082550048828
                ],
                [
                    0.031713154166936874,
                    -0.6947898268699646,
                    -0.7185132503509521,
                    -2.8964195251464844
                ],
                [
                    1.862645149230957e-09,
                    0.7188747525215149,
                    -0.6951395273208618,
                    -2.802196979522705
                ],
                [
                    0.0,
                    0.0,
                    0.0,
                    1.0
                ]
            ]
        },
        {
            "file_path": "/data/shapenet_blender/all_50_random/02958343/82c224e707f63304acb3c21764457201/r_37",
            "rotation": 0.12566370614359174,
            "transform_matrix": [
                [
                    -0.16087715327739716,
                    -0.2933793365955353,
                    -0.9423624277114868,
                    -3.7987847328186035
                ],
                [
                    -0.9869744181632996,
                    0.04782092943787575,
                    0.1536053866147995,
                    0.6192031502723694
                ],
                [
                    0.0,
                    0.954799234867096,
                    -0.2972511649131775,
                    -1.1982579231262207
                ],
                [
                    0.0,
                    0.0,
                    0.0,
                    1.0
                ]
            ]
        },
        {
            "file_path": "/data/shapenet_blender/all_50_random/02958343/82c224e707f63304acb3c21764457201/r_38",
            "rotation": 0.12566370614359174,
            "transform_matrix": [
                [
                    -0.2528631091117859,
                    -0.017625272274017334,
                    -0.9673414826393127,
                    -3.8994784355163574
                ],
                [
                    -0.9675020575523376,
                    0.004606482107192278,
                    0.2528211176395416,
                    1.019154667854309
                ],
                [
                    0.0,
                    0.9998340010643005,
                    -0.0182172954082489,
                    -0.07343627512454987
                ],
                [
                    0.0,
                    0.0,
                    0.0,
                    1.0
                ]
            ]
        },
        {
            "file_path": "/data/shapenet_blender/all_50_random/02958343/82c224e707f63304acb3c21764457201/r_39",
            "rotation": 0.12566370614359174,
            "transform_matrix": [
                [
                    -0.6704151630401611,
                    0.1778622418642044,
                    0.7203530669212341,
                    2.9038360118865967
                ],
                [
                    0.7419862151145935,
                    0.16070589423179626,
                    0.6508687734603882,
                    2.6237359046936035
                ],
                [
                    -7.4505797087454084e-09,
                    0.9708442687988281,
                    -0.23971103131771088,
                    -0.9663060903549194
                ],
                [
                    0.0,
                    0.0,
                    0.0,
                    1.0
                ]
            ]
        },
        {
            "file_path": "/data/shapenet_blender/all_50_random/02958343/82c224e707f63304acb3c21764457201/r_40",
            "rotation": 0.12566370614359174,
            "transform_matrix": [
                [
                    0.2949686646461487,
                    -0.7467069625854492,
                    -0.5961729288101196,
                    -2.403249979019165
                ],
                [
                    -0.9555069208145142,
                    -0.23051130771636963,
                    -0.1840408742427826,
                    -0.7418925166130066
                ],
                [
                    0.0,
                    0.6239336133003235,
                    -0.7814773321151733,
                    -3.150235891342163
                ],
                [
                    0.0,
                    0.0,
                    0.0,
                    1.0
                ]
            ]
        },
        {
            "file_path": "/data/shapenet_blender/all_50_random/02958343/82c224e707f63304acb3c21764457201/r_41",
            "rotation": 0.12566370614359174,
            "transform_matrix": [
                [
                    0.3788561224937439,
                    -0.34347787499427795,
                    0.8593549132347107,
                    3.4641706943511963
                ],
                [
                    0.9254556894302368,
                    0.14061039686203003,
                    -0.35179629921913147,
                    -1.4181363582611084
                ],
                [
                    7.450581485102248e-09,
