{
    "class": "02958343",
    "model": "174f1a421f652029d577c0ac53e96823",
    "remove_doubles": true,
    "edge_split": true,
    "denoise": true,
    "camera_angle_x": 0.6911112070083618,
    "scale_factor": 2.3084959593241012,
    "hdri_file": "/data/IndoorHDRDataset2018/9C4A0148-c51c9e3c93.exr",
    "center_offset": [
        0.0,
        -1.3969838619232178e-09,
        -3.725290298461914e-09
    ],
    "lights": [],
    "frames": [
        {
            "file_path": "/data/shapenet_blender/all_50_random/02958343/174f1a421f652029d577c0ac53e96823/r_0",
            "rotation": 0.12566370614359174,
            "transform_matrix": [
                [
                    0.835532009601593,
                    0.3027609586715698,
                    0.4584997296333313,
                    1.8482716083526611
                ],
                [
                    0.5494416952133179,
                    -0.4604063630104065,
                    -0.6972371339797974,
                    -2.8106529712677
                ],
                [
                    1.4901160305669237e-08,
                    0.8344829678535461,
                    -0.5510337352752686,
                    -2.2212882041931152
                ],
                [
                    0.0,
                    0.0,
                    0.0,
                    1.0
                ]
            ]
        },
        {
            "file_path": "/data/shapenet_blender/all_50_random/02958343/174f1a421f652029d577c0ac53e96823/r_1",
            "rotation": 0.12566370614359174,
            "transform_matrix": [
                [
                    -0.1121102124452591,
                    0.6609121561050415,
                    0.742042064666748,
                    2.991267204284668
                ],
                [
                    0.9936957955360413,
                    0.07456507533788681,
                    0.08371826261281967,
                    0.3374791145324707
                ],
                [
                    -3.725290298461914e-09,
                    0.746749758720398,
                    -0.6651051044464111,
                    -2.681124448776245
                ],
                [
                    0.0,
                    0.0,
                    0.0,
                    1.0
                ]
            ]
        },
        {
            "file_path": "/data/shapenet_blender/all_50_random/02958343/174f1a421f652029d577c0ac53e96823/r_2",
            "rotation": 0.12566370614359174,
            "transform_matrix": [
                [
                    0.75152987241745,
                    0.21319876611232758,
                    -0.6242989301681519,
                    -2.516629457473755
                ],
                [
                    -0.659699022769928,
                    0.24287624657154083,
                    -0.7112019658088684,
                    -2.8669469356536865
                ],
                [
                    0.0,
                    0.9463390111923218,
                    0.3231757581233978,
                    1.3027631044387817
                ],
                [
                    0.0,
                    0.0,
                    0.0,
                    1.0
                ]
            ]
        },
        {
            "file_path": "/data/shapenet_blender/all_50_random/02958343/174f1a421f652029d577c0ac53e96823/r_3",
            "rotation": 0.12566370614359174,
            "transform_matrix": [
                [
                    0.9752315878868103,
                    0.12491872161626816,
                    0.18253406882286072,
                    0.7358182668685913
                ],
                [
                    0.22118628025054932,
                    -0.5507786870002747,
                    -0.8048102855682373,
                    -3.244293689727783
                ],
                [
                    7.450580152834618e-09,
                    0.8252503871917725,
                    -0.564767062664032,
                    -2.27664852142334
                ],
                [
                    0.0,
                    0.0,
                    0.0,
                    1.0
                ]
            ]
        },
        {
            "file_path": "/data/shapenet_blender/all_50_random/02958343/174f1a421f652029d577c0ac53e96823/r_4",
            "rotation": 0.12566370614359174,
            "transform_matrix": [
                [
                    -0.8878085613250732,
                    -0.25362327694892883,
                    0.3840199410915375,
                    1.5480340719223022
                ],
                [
                    0.46021318435668945,
                    -0.4892708957195282,
                    0.7408223152160645,
                    2.9863505363464355
                ],
                [
                    -1.4901162970204496e-08,
                    0.8344393968582153,
                    0.5510995984077454,
                    2.2215538024902344
                ],
                [
                    0.0,
                    0.0,
                    0.0,
                    1.0
                ]
            ]
        },
        {
            "file_path": "/data/shapenet_blender/all_50_random/02958343/174f1a421f652029d577c0ac53e96823/r_5",
            "rotation": 0.12566370614359174,
            "transform_matrix": [
                [
                    -0.9870713949203491,
                    0.010557017289102077,
                    0.15993370115756989,
                    0.6447133421897888
                ],
                [
                    0.16028176248073578,
                    0.0650138184428215,
                    0.9849278926849365,
                    3.9703712463378906
                ],
                [
                    0.0,
                    0.9978286027908325,
                    -0.06586536765098572,
                    -0.26551178097724915
                ],
                [
                    0.0,
                    0.0,
                    0.0,
                    1.0
                ]
            ]
        },
        {
            "file_path": "/data/shapenet_blender/all_50_random/02958343/174f1a421f652029d577c0ac53e96823/r_6",
            "rotation": 0.12566370614359174,
            "transform_matrix": [
                [
                    0.999729335308075,
                    -0.0064682066440582275,
                    0.022350043058395386,
                    0.09009590744972229
                ],
                [
                    0.023267190903425217,
                    0.2779216766357422,
                    -0.9603219032287598,
                    -3.8711814880371094
                ],
                [
                    -9.31322685637781e-10,
                    0.96058189868927,
                    0.2779969274997711,
                    1.1206414699554443
                ],
                [
                    0.0,
                    0.0,
                    0.0,
                    1.0
                ]
            ]
        },
        {
            "file_path": "/data/shapenet_blender/all_50_random/02958343/174f1a421f652029d577c0ac53e96823/r_7",
            "rotation": 0.12566370614359174,
            "transform_matrix": [
                [
                    0.43257561326026917,
                    -0.3015629053115845,
                    0.8496694564819336,
                    3.4251270294189453
                ],
                [
                    0.9015976190567017,
                    0.1446862369775772,
                    -0.4076611399650574,
                    -1.6433346271514893
                ],
                [
                    7.4505797087454084e-09,
                    0.9424042701721191,
                    0.334476113319397,
                    1.3483163118362427
                ],
                [
                    0.0,
                    0.0,
                    0.0,
                    1.0
                ]
            ]
        },
        {
            "file_path": "/data/shapenet_blender/all_50_random/02958343/174f1a421f652029d577c0ac53e96823/r_8",
            "rotation": 0.12566370614359174,
            "transform_matrix": [
                [
                    0.48151645064353943,
                    0.5411362648010254,
                    0.689429759979248,
                    2.7791802883148193
                ],
                [
                    0.8764370083808899,
                    -0.2973015010356903,
                    -0.3787742555141449,
                    -1.5268878936767578
                ],
                [
                    1.4901160305669237e-08,
                    0.7866278290748596,
                    -0.6174274682998657,
                    -2.4889297485351562
                ],
                [
                    0.0,
                    0.0,
                    0.0,
                    1.0
                ]
            ]
        },
        {
            "file_path": "/data/shapenet_blender/all_50_random/02958343/174f1a421f652029d577c0ac53e96823/r_9",
            "rotation": 0.12566370614359174,
            "transform_matrix": [
                [
                    -0.05662422254681587,
                    -0.7426531314849854,
                    -0.6672780513763428,
                    -2.6898839473724365
                ],
                [
                    -0.998395562171936,
                    0.04211973398923874,
                    0.03784482181072235,
                    0.1525573581457138
                ],
                [
                    -1.862645149230957e-09,
                    0.6683504581451416,
                    -0.7438465356826782,
                    -2.9985413551330566
                ],
                [
                    0.0,
                    0.0,
                    0.0,
                    1.0
                ]
            ]
        },
        {
            "file_path": "/data/shapenet_blender/all_50_random/02958343/174f1a421f652029d577c0ac53e96823/r_10",
            "rotation": 0.12566370614359174,
            "transform_matrix": [
                [
                    0.975017249584198,
                    -0.1361307054758072,
                    -0.17552702128887177,
                    -0.7075720429420471
                ],
                [
                    -0.22212903201580048,
                    -0.5975346565246582,
                    -0.7704615592956543,
                    -3.105829954147339
                ],
                [
                    0.0,
                    0.7902030348777771,
                    -0.6128451824188232,
                    -2.4704580307006836
                ],
                [
                    0.0,
                    0.0,
                    0.0,
                    1.0
                ]
            ]
        },
        {
            "file_path": "/data/shapenet_blender/all_50_random/02958343/174f1a421f652029d577c0ac53e96823/r_11",
            "rotation": 0.12566370614359174,
            "transform_matrix": [
                [
                    -0.9694469571113586,
                    -0.0677962452173233,
                    0.23574665188789368,
                    0.9503251314163208
                ],
                [
                    0.2453015148639679,
                    -0.26793503761291504,
                    0.9316855669021606,
                    3.755744695663452
                ],
                [
                    0.0,
                    0.9610486626625061,
                    0.2763792872428894,
                    1.114120602607727
                ],
                [
                    0.0,
                    0.0,
                    0.0,
                    1.0
                ]
            ]
        },
        {
            "file_path": "/data/shapenet_blender/all_50_random/02958343/174f1a421f652029d577c0ac53e96823/r_12",
            "rotation": 0.12566370614359174,
            "transform_matrix": [
                [
                    -0.9999927282333374,
                    0.00019129834254272282,
                    0.0038014082238078117,
                    0.01532396674156189
                ],
                [
                    0.003806218272075057,
                    0.0502590574324131,
                    0.9987289905548096,
                    4.026005268096924
                ],
                [
                    0.0,
                    0.9987361431121826,
                    -0.05025942623615265,
                    -0.20260222256183624
                ],
                [
                    0.0,
                    0.0,
                    0.0,
                    1.0
                ]
            ]
        },
        {
            "file_path": "/data/shapenet_blender/all_50_random/02958343/174f1a421f652029d577c0ac53e96823/r_13",
            "rotation": 0.12566370614359174,
            "transform_matrix": [
                [
                    -0.99442058801651,
                    -0.06828754395246506,
                    0.08040254563093185,
                    0.32411298155784607
                ],
                [
                    0.10548819601535797,
                    -0.643735945224762,
                    0.7579421997070312,
                    3.0553624629974365
                ],
                [
                    0.0,
                    0.7621947526931763,
                    0.6473478078842163,
                    2.60954213142395
                ],
                [
                    0.0,
                    0.0,
                    0.0,
                    1.0
                ]
            ]
        },
        {
            "file_path": "/data/shapenet_blender/all_50_random/02958343/174f1a421f652029d577c0ac53e96823/r_14",
            "rotation": 0.12566370614359174,
            "transform_matrix": [
                [
                    0.9946821331977844,
                    -0.08645233511924744,
                    -0.05597910284996033,
                    -0.22565898299217224
                ],
                [
                    -0.10299354046583176,
                    -0.8349319696426392,
                    -0.5406301617622375,
                    -2.179349899291992
                ],
                [
                    -3.725290742551124e-09,
                    0.5435205698013306,
                    -0.8393958210945129,
                    -3.3837127685546875
                ],
                [
                    0.0,
                    0.0,
                    0.0,
                    1.0
                ]
            ]
        },
        {
            "file_path": "/data/shapenet_blender/all_50_random/02958343/174f1a421f652029d577c0ac53e96823/r_15",
            "rotation": 0.12566370614359174,
            "transform_matrix": [
                [
                    0.5449849963188171,
                    0.6537883281707764,
                    -0.5249305367469788,
                    -2.116062641143799
                ],
                [
                    -0.8384457230567932,
                    0.4249587655067444,
                    -0.34120193123817444,
                    -1.3754290342330933
                ],
                [
                    0.0,
                    0.6260756254196167,
                    0.7797622680664062,
                    3.143322229385376
                ],
                [
                    0.0,
                    0.0,
                    0.0,
                    1.0
                ]
            ]
        },
        {
            "file_path": "/data/shapenet_blender/all_50_random/02958343/174f1a421f652029d577c0ac53e96823/r_16",
            "rotation": 0.12566370614359174,
            "transform_matrix": [
                [
                    0.8342906832695007,
                    0.26488152146339417,
                    -0.48352527618408203,
                    -1.9491527080535889
                ],
                [
                    -0.5513246655464172,
                    0.40083131194114685,
                    -0.7316934466362,
                    -2.9495506286621094
                ],
                [
                    0.0,
                    0.8770245909690857,
                    0.48044553399086,
                    1.9367378950119019
                ],
                [
                    0.0,
                    0.0,
                    0.0,
                    1.0
                ]
            ]
        },
        {
            "file_path": "/data/shapenet_blender/all_50_random/02958343/174f1a421f652029d577c0ac53e96823/r_17",
            "rotation": 0.12566370614359174,
            "transform_matrix": [
                [
                    -0.47472047805786133,
                    0.11606793105602264,
                    -0.8724498748779297,
                    -3.5169575214385986
                ],
                [
                    -0.8801366090774536,
                    -0.06260371953248978,
                    0.4705744981765747,
                    1.8969461917877197
                ],
                [
                    0.0,
                    0.9912663102149963,
                    0.1318749189376831,
                    0.5316047668457031
                ],
                [
                    0.0,
                    0.0,
                    0.0,
                    1.0
                ]
            ]
        },
        {
            "file_path": "/data/shapenet_blender/all_50_random/02958343/174f1a421f652029d577c0ac53e96823/r_18",
            "rotation": 0.12566370614359174,
            "transform_matrix": [
                [
                    0.0831875428557396,
                    0.2798433005809784,
                    -0.9564347267150879,
                    -3.8555119037628174
                ],
                [
                    -0.996533989906311,
                    0.023360444232821465,
                    -0.07984018325805664,
                    -0.3218460977077484
                ],
                [
                    -1.862645371275562e-09,
                    0.959761381149292,
                    0.28081661462783813,
                    1.1320080757141113
                ],
                [
                    0.0,
                    0.0,
                    0.0,
                    1.0
                ]
            ]
        },
        {
            "file_path": "/data/shapenet_blender/all_50_random/02958343/174f1a421f652029d577c0ac53e96823/r_19",
            "rotation": 0.12566370614359174,
            "transform_matrix": [
                [
                    -0.05235879495739937,
                    0.2870256006717682,
                    0.9564908742904663,
                    3.8557379245758057
                ],
                [
                    0.9986283183097839,
                    0.015048958361148834,
                    0.050149496644735336,
                    0.2021590769290924
                ],
                [
                    -9.313225746154785e-10,
                    0.9578045606613159,
                    -0.2874198853969574,
                    -1.1586265563964844
                ],
                [
                    0.0,
                    0.0,
                    0.0,
                    1.0
                ]
            ]
        },
        {
            "file_path": "/data/shapenet_blender/all_50_random/02958343/174f1a421f652029d577c0ac53e96823/r_20",
            "rotation": 0.12566370614359174,
            "transform_matrix": [
                [
                    -0.2991566061973572,
                    -0.03189809247851372,
                    -0.9536707401275635,
                    -3.844369411468506
                ],
                [
                    -0.9542040228843689,
                    0.010000508278608322,
                    0.2989894151687622,
                    1.2052648067474365
                ],
                [
                    0.0,
                    0.9994410276412964,
                    -0.03342901170253754,
                    -0.1347566545009613
                ],
                [
                    0.0,
                    0.0,
                    0.0,
                    1.0
                ]
            ]
        },
        {
            "file_path": "/data/shapenet_blender/all_50_random/02958343/174f1a421f652029d577c0ac53e96823/r_21",
            "rotation": 0.12566370614359174,
            "transform_matrix": [
                [
                    -0.7805860042572021,
                    0.33250007033348083,
                    -0.5292723178863525,
                    -2.1335647106170654
                ],
                [
                    -0.6250483393669128,
                    -0.41523972153663635,
                    0.6609770059585571,
                    2.6644833087921143
                ],
                [
                    1.4901160305669237e-08,
                    0.846770167350769,
                    0.5319589376449585,
                    2.144394874572754
                ],
                [
                    0.0,
                    0.0,
                    0.0,
                    1.0
                ]
            ]
        },
        {
            "file_path": "/data/shapenet_blender/all_50_random/02958343/174f1a421f652029d577c0ac53e96823/r_22",
            "rotation": 0.12566370614359174,
            "transform_matrix": [
                [
                    -0.9932191967964172,
                    0.008442018181085587,
                    0.11595077812671661,
                    0.467412531375885
                ],
                [
                    0.11625770479440689,
                    0.07212231308221817,
                    0.9905970096588135,
                    3.9932243824005127
                ],
                [
                    -9.31322685637781e-10,
                    0.997360110282898,
                    -0.07261469960212708,
                    -0.2927192151546478
                ],
                [
                    0.0,
                    0.0,
                    0.0,
                    1.0
                ]
            ]
        },
        {
            "file_path": "/data/shapenet_blender/all_50_random/02958343/174f1a421f652029d577c0ac53e96823/r_23",
            "rotation": 0.12566370614359174,
            "transform_matrix": [
                [
                    0.9035831689834595,
                    0.34231963753700256,
                    -0.25759416818618774,
                    -1.0383954048156738
                ],
                [
                    -0.4284127950668335,
                    0.7220005393028259,
                    -0.5433025360107422,
                    -2.1901228427886963
                ],
                [
                    0.0,
                    0.601275622844696,
                    0.7990415692329407,
                    3.2210397720336914
                ],
                [
                    0.0,
                    0.0,
                    0.0,
                    1.0
                ]
            ]
        },
        {
            "file_path": "/data/shapenet_blender/all_50_random/02958343/174f1a421f652029d577c0ac53e96823/r_24",
            "rotation": 0.12566370614359174,
            "transform_matrix": [
                [
                    0.6000109910964966,
                    0.5860728025436401,
                    0.5445230007171631,
                    2.195042371749878
                ],
                [
                    0.7999917268753052,
                    -0.4395672380924225,
                    -0.4084039628505707,
                    -1.6463290452957153
                ],
                [
                    1.4901161193847656e-08,
                    0.6806607246398926,
                    -0.7325987219810486,
                    -2.953199863433838
                ],
                [
                    0.0,
                    0.0,
                    0.0,
                    1.0
                ]
            ]
        },
        {
            "file_path": "/data/shapenet_blender/all_50_random/02958343/174f1a421f652029d577c0ac53e96823/r_25",
            "rotation": 0.12566370614359174,
            "transform_matrix": [
                [
                    -0.3861124515533447,
                    -0.22119395434856415,
                    -0.8955392241477966,
                    -3.6100339889526367
                ],
                [
                    -0.9224516749382019,
                    0.09258560091257095,
                    0.3748476505279541,
                    1.5110591650009155
                ],
                [
                    7.4505797087454084e-09,
                    0.9708250164985657,
                    -0.2397892028093338,
                    -0.9666212201118469
                ],
                [
                    0.0,
                    0.0,
                    0.0,
                    1.0
                ]
            ]
        },
        {
            "file_path": "/data/shapenet_blender/all_50_random/02958343/174f1a421f652029d577c0ac53e96823/r_26",
            "rotation": 0.12566370614359174,
            "transform_matrix": [
                [
                    -0.9676610231399536,
                    0.11255732923746109,
                    -0.22574983537197113,
                    -0.9100266695022583
                ],
                [
                    -0.25225409865379333,
                    -0.4317762851715088,
                    0.8659891486167908,
                    3.4909138679504395
                ],
                [
                    0.0,
                    0.8949301838874817,
                    0.44620609283447266,
                    1.798714280128479
                ],
                [
                    0.0,
                    0.0,
                    0.0,
                    1.0
                ]
            ]
        },
        {
            "file_path": "/data/shapenet_blender/all_50_random/02958343/174f1a421f652029d577c0ac53e96823/r_27",
            "rotation": 0.12566370614359174,
            "transform_matrix": [
                [
                    0.5992595553398132,
                    -0.5759641528129578,
                    0.5560155510902405,
                    2.241370677947998
                ],
                [
                    0.8005548715591431,
                    0.4311410188674927,
                    -0.4162083864212036,
                    -1.6777898073196411
                ],
                [
                    0.0,
                    0.6945378184318542,
                    0.719456136226654,
                    2.9002206325531006
                ],
                [
                    0.0,
                    0.0,
                    0.0,
                    1.0
                ]
            ]
        },
        {
            "file_path": "/data/shapenet_blender/all_50_random/02958343/174f1a421f652029d577c0ac53e96823/r_28",
            "rotation": 0.12566370614359174,
            "transform_matrix": [
                [
                    -0.8812734484672546,
                    -0.013495276682078838,
                    0.4724141061306,
                    1.9043622016906738
                ],
                [
                    0.4726068377494812,
                    -0.025164738297462463,
                    0.8809139728546143,
                    3.5510778427124023
                ],
                [
                    -9.31322685637781e-10,
                    0.999592125415802,
                    0.028554975986480713,
                    0.11510878801345825
                ],
                [
                    0.0,
                    0.0,
                    0.0,
                    1.0
                ]
            ]
        },
        {
            "file_path": "/data/shapenet_blender/all_50_random/02958343/174f1a421f652029d577c0ac53e96823/r_29",
            "rotation": 0.12566370614359174,
            "transform_matrix": [
                [
                    -0.2256266325712204,
                    0.8541983962059021,
                    -0.4684414863586426,
                    -1.88834810256958
                ],
                [
                    -0.9742138385772705,
                    -0.19783121347427368,
                    0.10849042236804962,
                    0.4373389184474945
                ],
                [
                    -7.450580596923828e-09,
                    0.48084041476249695,
                    0.8768079876899719,
                    3.5345263481140137
                ],
                [
                    0.0,
                    0.0,
                    0.0,
                    1.0
                ]
            ]
        },
        {
            "file_path": "/data/shapenet_blender/all_50_random/02958343/174f1a421f652029d577c0ac53e96823/r_30",
            "rotation": 0.12566370614359174,
            "transform_matrix": [
                [
                    0.9097632765769958,
                    -0.12546414136886597,
                    -0.39571401476860046,
                    -1.5951741933822632
                ],
                [
                    -0.4151274859905243,
                    -0.2749581038951874,
                    -0.8672180771827698,
                    -3.495867967605591
                ],
                [
                    0.0,
                    0.953234851360321,
                    -0.3022304177284241,
                    -1.2183297872543335
                ],
                [
                    0.0,
                    0.0,
                    0.0,
                    1.0
                ]
            ]
        },
        {
            "file_path": "/data/shapenet_blender/all_50_random/02958343/174f1a421f652029d577c0ac53e96823/r_31",
            "rotation": 0.12566370614359174,
            "transform_matrix": [
                [
                    -0.5641241073608398,
                    -0.36190012097358704,
                    -0.7421538233757019,
                    -2.99171781539917
                ],
                [
                    -0.8256900906562805,
                    0.24725571274757385,
                    0.5070508718490601,
                    2.043987512588501
                ],
                [
                    0.0,
                    0.8988286256790161,
                    -0.438300222158432,
                    -1.7668447494506836
                ],
                [
                    0.0,
                    0.0,
                    0.0,
                    1.0
                ]
            ]
        },
        {
            "file_path": "/data/shapenet_blender/all_50_random/02958343/174f1a421f652029d577c0ac53e96823/r_32",
            "rotation": 0.12566370614359174,
            "transform_matrix": [
                [
                    -0.354667603969574,
                    -0.39143651723861694,
                    0.8491103053092957,
                    3.4228732585906982
                ],
                [
                    0.9349924921989441,
                    -0.1484823226928711,
                    0.322090208530426,
                    1.2983872890472412
                ],
                [
                    0.0,
                    0.9081466794013977,
                    0.4186520278453827,
                    1.6876404285430908
                ],
                [
                    0.0,
                    0.0,
                    0.0,
                    1.0
                ]
            ]
        },
        {
            "file_path": "/data/shapenet_blender/all_50_random/02958343/174f1a421f652029d577c0ac53e96823/r_33",
            "rotation": 0.12566370614359174,
            "transform_matrix": [
                [
                    0.2384241372346878,
                    -0.9107915163040161,
                    0.33706486225128174,
                    1.3587520122528076
                ],
                [
                    0.9711611270904541,
                    0.22360314428806305,
                    -0.0827508419752121,
                    -0.33357933163642883
                ],
                [
                    0.0,
                    0.3470739722251892,
                    0.9378376603126526,
                    3.7805447578430176
                ],
                [
                    0.0,
                    0.0,
                    0.0,
                    1.0
                ]
            ]
        },
        {
            "file_path": "/data/shapenet_blender/all_50_random/02958343/174f1a421f652029d577c0ac53e96823/r_34",
            "rotation": 0.12566370614359174,
            "transform_matrix": [
                [
                    0.8925560712814331,
                    -0.1687774956226349,
                    -0.41815996170043945,
                    -1.6856569051742554
                ],
                [
                    -0.45093637704849243,
                    -0.3340679109096527,
                    -0.8276804089546204,
                    -3.33648681640625
                ],
                [
                    0.0,
                    0.927314817905426,
                    -0.37428227066993713,
                    -1.5087802410125732
                ],
                [
                    0.0,
                    0.0,
                    0.0,
                    1.0
                ]
            ]
        },
        {
            "file_path": "/data/shapenet_blender/all_50_random/02958343/174f1a421f652029d577c0ac53e96823/r_35",
            "rotation": 0.12566370614359174,
            "transform_matrix": [
                [
                    0.4808899164199829,
                    -0.0024834510404616594,
                    0.8767774701118469,
                    3.534402847290039
                ],
                [
                    0.8767809271812439,
                    0.0013621036196127534,
                    -0.4808880090713501,
                    -1.9385215044021606
                ],
                [
                    1.1641530794914701e-10,
                    0.9999960064888,
                    0.0028324646409600973,
                    0.01141802966594696
                ],
                [
                    0.0,
                    0.0,
                    0.0,
                    1.0
                ]
            ]
        },
        {
            "file_path": "/data/shapenet_blender/all_50_random/02958343/174f1a421f652029d577c0ac53e96823/r_36",
            "rotation": 0.12566370614359174,
            "transform_matrix": [
                [
                    0.4664997458457947,
                    -0.048123594373464584,
                    0.8832111358642578,
                    3.560338258743286
                ],
                [
                    0.8845213651657104,
                    0.025380559265613556,
                    -0.4658087491989136,
                    -1.8777352571487427
                ],
                [
                    -1.862645149230957e-09,
                    0.9985188841819763,
                    0.054406363517045975,
                    0.21931907534599304
                ],
                [
                    0.0,
                    0.0,
                    0.0,
                    1.0
                ]
            ]
        },
        {
            "file_path": "/data/shapenet_blender/all_50_random/02958343/174f1a421f652029d577c0ac53e96823/r_37",
            "rotation": 0.12566370614359174,
            "transform_matrix": [
                [
                    -0.641451895236969,
                    0.26524123549461365,
                    0.7198516726493835,
                    2.901815176010132
                ],
                [
                    0.7671632170677185,
                    0.22177745401859283,
                    0.6018930673599243,
                    2.4263088703155518
                ],
                [
                    0.0,
                    0.9383292198181152,
                    -0.3457428812980652,
                    -1.3937342166900635
                ],
                [
                    0.0,
                    0.0,
                    0.0,
                    1.0
                ]
            ]
        },
        {
            "file_path": "/data/shapenet_blender/all_50_random/02958343/174f1a421f652029d577c0ac53e96823/r_38",
            "rotation": 0.12566370614359174,
            "transform_matrix": [
                [
                    0.9860195517539978,
                    0.04855476692318916,
                    -0.15939901769161224,
                    -0.6425579786300659
                ],
                [
                    -0.16663017868995667,
                    0.2873185873031616,
                    -0.9432297348976135,
                    -3.8022806644439697
                ],
                [
                    3.725290742551124e-09,
                    0.9566035270690918,
                    0.29139241576194763,
                    1.174640417098999
                ],
                [
                    0.0,
                    0.0,
                    0.0,
                    1.0
                ]
            ]
        },
        {
            "file_path": "/data/shapenet_blender/all_50_random/02958343/174f1a421f652029d577c0ac53e96823/r_39",
            "rotation": 0.12566370614359174,
            "transform_matrix": [
                [
                    -0.8950552344322205,
                    0.06061142683029175,
                    -0.4418172538280487,
                    -1.781022310256958
                ],
                [
                    -0.44595545530319214,
                    -0.12165021151304245,
                    0.8867496848106384,
                    3.5746023654937744
                ],
                [
                    0.0,
                    0.9907206296920776,
                    0.1359136402606964,
                    0.5478854179382324
                ],
                [
                    0.0,
                    0.0,
                    0.0,
                    1.0
                ]
            ]
        },
        {
            "file_path": "/data/shapenet_blender/all_50_random/02958343/174f1a421f652029d577c0ac53e96823/r_40",
            "rotation": 0.12566370614359174,
            "transform_matrix": [
                [
                    -0.9979196786880493,
                    -0.03035825304687023,
                    -0.056874897330999374,
                    -0.22927004098892212
                ],
                [
                    -0.06446997076272964,
                    0.4699101746082306,
                    0.8803567886352539,
                    3.5488317012786865
                ],
                [
                    -1.862645149230957e-09,
                    0.882192075252533,
                    -0.47088977694511414,
                    -1.8982174396514893
                ],
                [
                    0.0,
                    0.0,
                    0.0,
                    1.0
                ]
            ]
        },
        {
            "file_path": "/data/shapenet_blender/all_50_random/02958343/174f1a421f652029d577c0ac53e96823/r_41",
            "rotation": 0.12566370614359174,
            "transform_matrix": [
                [
                    -0.7656100392341614,
                    -0.003581354860216379,
                    0.6432949304580688,
                    2.593204975128174
                ],
                [
                    0.6433050036430359,
                    -0.004262242000550032,
                    0.7655981183052063,
                    3.0862250328063965
                ],
                [
