{
    "class": "02958343",
    "model": "ec469722be9d015c1ef32d215d1c8df5",
    "remove_doubles": true,
    "edge_split": true,
    "denoise": true,
    "camera_angle_x": 0.6911112070083618,
    "scale_factor": 2.2775903982141164,
    "hdri_file": "/data/IndoorHDRDataset2018/AG8A9270-e6f5c44049.exr",
    "center_offset": [
        0.0,
        0.0,
        3.725290298461914e-09
    ],
    "lights": [],
    "frames": [
        {
            "file_path": "/data/shapenet_blender/all_50_random/02958343/ec469722be9d015c1ef32d215d1c8df5/r_0",
            "rotation": 0.12566370614359174,
            "transform_matrix": [
                [
                    -0.983818531036377,
                    -0.15322346985340118,
                    -0.09286405891180038,
                    -0.3743470013141632
                ],
                [
                    -0.1791679859161377,
                    0.8413561582565308,
                    0.5099202394485474,
                    2.055554151535034
                ],
                [
                    0.0,
                    0.5183072686195374,
                    -0.8551944494247437,
                    -3.447399139404297
                ],
                [
                    0.0,
                    0.0,
                    0.0,
                    1.0
                ]
            ]
        },
        {
            "file_path": "/data/shapenet_blender/all_50_random/02958343/ec469722be9d015c1ef32d215d1c8df5/r_1",
            "rotation": 0.12566370614359174,
            "transform_matrix": [
                [
                    0.6891931891441345,
                    -0.1612619161605835,
                    -0.706404447555542,
                    -2.847607374191284
                ],
                [
                    -0.7245775461196899,
                    -0.15338678658008575,
                    -0.6719076037406921,
                    -2.7085461616516113
                ],
                [
                    0.0,
                    0.9749190211296082,
                    -0.22255989909172058,
                    -0.8971676230430603
                ],
                [
                    0.0,
                    0.0,
                    0.0,
                    1.0
                ]
            ]
        },
        {
            "file_path": "/data/shapenet_blender/all_50_random/02958343/ec469722be9d015c1ef32d215d1c8df5/r_2",
            "rotation": 0.12566370614359174,
            "transform_matrix": [
                [
                    -0.8809173703193665,
                    0.046220384538173676,
                    0.4710075259208679,
                    1.898692011833191
                ],
                [
                    0.47326987981796265,
                    0.0860319659113884,
                    0.8767063617706299,
                    3.534116268157959
                ],
                [
                    0.0,
                    0.9952196478843689,
                    -0.09766177833080292,
                    -0.3936872184276581
                ],
                [
                    0.0,
                    0.0,
                    0.0,
                    1.0
                ]
            ]
        },
        {
            "file_path": "/data/shapenet_blender/all_50_random/02958343/ec469722be9d015c1ef32d215d1c8df5/r_3",
            "rotation": 0.12566370614359174,
            "transform_matrix": [
                [
                    -0.5438259840011597,
                    -0.4288916289806366,
                    -0.7213218212127686,
                    -2.9077413082122803
                ],
                [
                    -0.8391978740692139,
                    0.2779349386692047,
                    0.4674386978149414,
                    1.884305715560913
                ],
                [
                    -1.4901160305669237e-08,
                    0.8595370650291443,
                    -0.5110732316970825,
                    -2.060202121734619
                ],
                [
                    0.0,
                    0.0,
                    0.0,
                    1.0
                ]
            ]
        },
        {
            "file_path": "/data/shapenet_blender/all_50_random/02958343/ec469722be9d015c1ef32d215d1c8df5/r_4",
            "rotation": 0.12566370614359174,
            "transform_matrix": [
                [
                    0.2050977349281311,
                    -0.39818912744522095,
                    0.894080638885498,
                    3.604154586791992
                ],
                [
                    0.9787415266036987,
                    0.08344152569770813,
                    -0.1873568445444107,
                    -0.75525963306427
                ],
                [
                    0.0,
                    0.9135003685951233,
                    0.4068378508090973,
                    1.640015959739685
                ],
                [
                    0.0,
                    0.0,
                    0.0,
                    1.0
                ]
            ]
        },
        {
            "file_path": "/data/shapenet_blender/all_50_random/02958343/ec469722be9d015c1ef32d215d1c8df5/r_5",
            "rotation": 0.12566370614359174,
            "transform_matrix": [
                [
                    -0.8781090378761292,
                    0.014143282547593117,
                    -0.478251576423645,
                    -1.9278937578201294
                ],
                [
                    -0.4784606993198395,
                    -0.02595687471330166,
                    0.8777252435684204,
                    3.5382237434387207
                ],
                [
                    0.0,
                    0.9995630979537964,
                    0.029559968039393425,
                    0.11916004121303558
                ],
                [
                    0.0,
                    0.0,
                    0.0,
                    1.0
                ]
            ]
        },
        {
            "file_path": "/data/shapenet_blender/all_50_random/02958343/ec469722be9d015c1ef32d215d1c8df5/r_6",
            "rotation": 0.12566370614359174,
            "transform_matrix": [
                [
                    0.9995439052581787,
                    -0.02469746395945549,
                    0.017383726313710213,
                    0.07007604837417603
                ],
                [
                    0.030201967805624008,
                    0.817370593547821,
                    -0.5753200650215149,
                    -2.3191895484924316
                ],
                [
                    0.0,
                    0.5755826830863953,
                    0.8177434802055359,
                    3.2964296340942383
                ],
                [
                    0.0,
                    0.0,
                    0.0,
                    1.0
                ]
            ]
        },
        {
            "file_path": "/data/shapenet_blender/all_50_random/02958343/ec469722be9d015c1ef32d215d1c8df5/r_7",
            "rotation": 0.12566370614359174,
            "transform_matrix": [
                [
                    -0.6188342571258545,
                    -0.01704886555671692,
                    -0.7853366136550903,
                    -3.16579270362854
                ],
                [
                    -0.7855216264724731,
                    0.01343110203742981,
                    0.6186885237693787,
                    2.4940128326416016
                ],
                [
                    -1.862645149230957e-09,
                    0.9997643828392029,
                    -0.021703878417611122,
                    -0.08749112486839294
                ],
                [
                    0.0,
                    0.0,
                    0.0,
                    1.0
                ]
            ]
        },
        {
            "file_path": "/data/shapenet_blender/all_50_random/02958343/ec469722be9d015c1ef32d215d1c8df5/r_8",
            "rotation": 0.12566370614359174,
            "transform_matrix": [
                [
                    0.7547579407691956,
                    -0.07219976931810379,
                    -0.652018129825592,
                    -2.628369092941284
                ],
                [
                    -0.6560034155845642,
                    -0.08306869119405746,
                    -0.7501726746559143,
                    -3.024042844772339
                ],
                [
                    0.0,
                    0.9939249753952026,
                    -0.11006002873182297,
                    -0.44366616010665894
                ],
                [
                    0.0,
                    0.0,
                    0.0,
                    1.0
                ]
            ]
        },
        {
            "file_path": "/data/shapenet_blender/all_50_random/02958343/ec469722be9d015c1ef32d215d1c8df5/r_9",
            "rotation": 0.12566370614359174,
            "transform_matrix": [
                [
                    0.7332770228385925,
                    0.5837196111679077,
                    -0.3486776351928711,
                    -1.4055646657943726
                ],
                [
                    -0.6799300312995911,
                    0.6295180320739746,
                    -0.37603476643562317,
                    -1.515844702720642
                ],
                [
                    0.0,
                    0.512813925743103,
                    0.8584996461868286,
                    3.4607229232788086
                ],
                [
                    0.0,
                    0.0,
                    0.0,
                    1.0
                ]
            ]
        },
        {
            "file_path": "/data/shapenet_blender/all_50_random/02958343/ec469722be9d015c1ef32d215d1c8df5/r_10",
            "rotation": 0.12566370614359174,
            "transform_matrix": [
                [
                    -0.31955456733703613,
                    -0.9411523342132568,
                    0.11007773876190186,
                    0.44373762607574463
                ],
                [
                    0.947567880153656,
                    -0.317391037940979,
                    0.03712224215269089,
                    0.14964455366134644
                ],
                [
                    3.725290298461914e-09,
                    0.11616849899291992,
                    0.9932293891906738,
                    4.003836154937744
                ],
                [
                    0.0,
                    0.0,
                    0.0,
                    1.0
                ]
            ]
        },
        {
            "file_path": "/data/shapenet_blender/all_50_random/02958343/ec469722be9d015c1ef32d215d1c8df5/r_11",
            "rotation": 0.12566370614359174,
            "transform_matrix": [
                [
                    -0.7740976214408875,
                    0.05863773822784424,
                    -0.6303446888923645,
                    -2.5410008430480957
                ],
                [
                    -0.6330662369728088,
                    -0.07170075923204422,
                    0.7707698345184326,
                    3.1070728302001953
                ],
                [
                    3.7252898543727042e-09,
                    0.9957010746002197,
                    0.0926249623298645,
                    0.37338319420814514
                ],
                [
                    0.0,
                    0.0,
                    0.0,
                    1.0
                ]
            ]
        },
        {
            "file_path": "/data/shapenet_blender/all_50_random/02958343/ec469722be9d015c1ef32d215d1c8df5/r_12",
            "rotation": 0.12566370614359174,
            "transform_matrix": [
                [
                    0.5503726005554199,
                    -0.15019728243350983,
                    -0.8212981224060059,
                    -3.3107588291168213
                ],
                [
                    -0.8349190354347229,
                    -0.0990089550614357,
                    -0.5413937568664551,
                    -2.1824283599853516
                ],
                [
                    7.450580152834618e-09,
                    0.9836859107017517,
                    -0.1798943728208542,
                    -0.7251774668693542
                ],
                [
                    0.0,
                    0.0,
                    0.0,
                    1.0
                ]
            ]
        },
        {
            "file_path": "/data/shapenet_blender/all_50_random/02958343/ec469722be9d015c1ef32d215d1c8df5/r_13",
            "rotation": 0.12566370614359174,
            "transform_matrix": [
                [
                    0.9604594707489014,
                    0.25980156660079956,
                    0.10010369122028351,
                    0.40353092551231384
                ],
                [
                    0.2784198522567749,
                    -0.8962324261665344,
                    -0.345325767993927,
                    -1.3920527696609497
                ],
                [
                    0.0,
                    0.3595423400402069,
                    -0.9331287145614624,
                    -3.7615623474121094
                ],
                [
                    0.0,
                    0.0,
                    0.0,
                    1.0
                ]
            ]
        },
        {
            "file_path": "/data/shapenet_blender/all_50_random/02958343/ec469722be9d015c1ef32d215d1c8df5/r_14",
            "rotation": 0.12566370614359174,
            "transform_matrix": [
                [
                    0.3722650110721588,
                    0.04473370686173439,
                    0.9270477890968323,
                    3.737049102783203
                ],
                [
                    0.9281265139579773,
                    -0.017942378297448158,
                    -0.37183237075805664,
                    -1.4989042282104492
                ],
                [
                    1.862645371275562e-09,
                    0.9988377690315247,
                    -0.04819785803556442,
                    -0.19429178535938263
                ],
                [
                    0.0,
                    0.0,
                    0.0,
                    1.0
                ]
            ]
        },
        {
            "file_path": "/data/shapenet_blender/all_50_random/02958343/ec469722be9d015c1ef32d215d1c8df5/r_15",
            "rotation": 0.12566370614359174,
            "transform_matrix": [
                [
                    0.965009331703186,
                    -0.0721966102719307,
                    -0.25208061933517456,
                    -1.0161694288253784
                ],
                [
                    -0.2622155249118805,
                    -0.26569899916648865,
                    -0.9277106523513794,
                    -3.7397212982177734
                ],
                [
                    -7.4505797087454084e-09,
                    0.9613488912582397,
                    -0.27533310651779175,
                    -1.1099032163619995
                ],
                [
                    0.0,
                    0.0,
                    0.0,
                    1.0
                ]
            ]
        },
        {
            "file_path": "/data/shapenet_blender/all_50_random/02958343/ec469722be9d015c1ef32d215d1c8df5/r_16",
            "rotation": 0.12566370614359174,
            "transform_matrix": [
                [
                    0.6555541753768921,
                    -0.6443918347358704,
                    -0.3937104046344757,
                    -1.5870975255966187
                ],
                [
                    -0.75514817237854,
                    -0.5594051480293274,
                    -0.3417852520942688,
                    -1.377780556678772
                ],
                [
                    0.0,
                    0.5213685035705566,
                    -0.8533315658569336,
                    -3.439889907836914
                ],
                [
                    0.0,
                    0.0,
                    0.0,
                    1.0
                ]
            ]
        },
        {
            "file_path": "/data/shapenet_blender/all_50_random/02958343/ec469722be9d015c1ef32d215d1c8df5/r_17",
            "rotation": 0.12566370614359174,
            "transform_matrix": [
                [
                    0.6656568646430969,
                    -0.6203851103782654,
                    -0.4147568345069885,
                    -1.671938180923462
                ],
                [
                    -0.7462579607963562,
                    -0.5533791780471802,
                    -0.36996015906333923,
                    -1.4913570880889893
                ],
                [
                    -2.9802318834981634e-08,
                    0.5557821989059448,
                    -0.8313279747962952,
                    -3.3511900901794434
                ],
                [
                    0.0,
                    0.0,
                    0.0,
                    1.0
                ]
            ]
        },
        {
            "file_path": "/data/shapenet_blender/all_50_random/02958343/ec469722be9d015c1ef32d215d1c8df5/r_18",
            "rotation": 0.12566370614359174,
            "transform_matrix": [
                [
                    0.27727583050727844,
                    0.5279675126075745,
                    0.802725613117218,
                    3.2358903884887695
                ],
                [
                    0.9607903361320496,
                    -0.15236689150333405,
                    -0.23165972530841827,
                    -0.9338502287864685
                ],
                [
                    0.0,
                    0.8354846835136414,
                    -0.5495137572288513,
                    -2.215160846710205
                ],
                [
                    0.0,
                    0.0,
                    0.0,
                    1.0
                ]
            ]
        },
        {
            "file_path": "/data/shapenet_blender/all_50_random/02958343/ec469722be9d015c1ef32d215d1c8df5/r_19",
            "rotation": 0.12566370614359174,
            "transform_matrix": [
                [
                    -0.7386783957481384,
                    0.09572334587574005,
                    0.6672265529632568,
                    2.689676284790039
                ],
                [
                    0.6740580797195435,
                    0.10490012168884277,
                    0.7311919927597046,
                    2.9475290775299072
                ],
                [
                    -7.4505797087454084e-09,
                    0.9898651838302612,
                    -0.14201052486896515,
                    -0.5724627375602722
                ],
                [
                    0.0,
                    0.0,
                    0.0,
                    1.0
                ]
            ]
        },
        {
            "file_path": "/data/shapenet_blender/all_50_random/02958343/ec469722be9d015c1ef32d215d1c8df5/r_20",
            "rotation": 0.12566370614359174,
            "transform_matrix": [
                [
                    0.9943602681159973,
                    -0.028078053146600723,
                    -0.10227113962173462,
                    -0.41226813197135925
                ],
                [
                    -0.10605547577142715,
                    -0.26325562596321106,
                    -0.9588789343833923,
                    -3.8653643131256104
                ],
                [
                    0.0,
                    0.9643175005912781,
                    -0.2647486925125122,
                    -1.067236065864563
                ],
                [
                    0.0,
                    0.0,
                    0.0,
                    1.0
                ]
            ]
        },
        {
            "file_path": "/data/shapenet_blender/all_50_random/02958343/ec469722be9d015c1ef32d215d1c8df5/r_21",
            "rotation": 0.12566370614359174,
            "transform_matrix": [
                [
                    -0.5563554167747498,
                    -0.19636626541614532,
                    0.8074087500572205,
                    3.2547688484191895
                ],
                [
                    0.8309444189071655,
                    -0.13147622346878052,
                    0.5405972003936768,
                    2.1792171001434326
                ],
                [
                    7.450580596923828e-09,
                    0.9716759920120239,
                    0.23631694912910461,
                    0.9526240825653076
                ],
                [
                    0.0,
                    0.0,
                    0.0,
                    1.0
                ]
            ]
        },
        {
            "file_path": "/data/shapenet_blender/all_50_random/02958343/ec469722be9d015c1ef32d215d1c8df5/r_22",
            "rotation": 0.12566370614359174,
            "transform_matrix": [
                [
                    0.9978389739990234,
                    -0.006132070906460285,
                    0.06542102992534637,
                    0.2637205719947815
                ],
                [
                    0.06570778787136078,
                    0.09312168508768082,
                    -0.9934843182563782,
                    -4.0048627853393555
                ],
                [
                    -4.656612873077393e-10,
                    0.9956358075141907,
                    0.09332337975502014,
                    0.37619853019714355
                ],
                [
                    0.0,
                    0.0,
                    0.0,
                    1.0
                ]
            ]
        },
        {
            "file_path": "/data/shapenet_blender/all_50_random/02958343/ec469722be9d015c1ef32d215d1c8df5/r_23",
            "rotation": 0.12566370614359174,
            "transform_matrix": [
                [
                    -0.6963536739349365,
                    0.1634189337491989,
                    0.6988460421562195,
                    2.817138433456421
                ],
                [
                    0.7176987528800964,
                    0.1585586816072464,
                    0.6780616641044617,
                    2.733353853225708
                ],
                [
                    7.4505792646561986e-09,
                    0.9737317562103271,
                    -0.22769849002361298,
                    -0.9178819060325623
                ],
                [
                    0.0,
                    0.0,
                    0.0,
                    1.0
                ]
            ]
        },
        {
            "file_path": "/data/shapenet_blender/all_50_random/02958343/ec469722be9d015c1ef32d215d1c8df5/r_24",
            "rotation": 0.12566370614359174,
            "transform_matrix": [
                [
                    -0.11379361152648926,
                    0.890947699546814,
                    -0.43961694836616516,
                    -1.7721526622772217
                ],
                [
                    -0.9935044050216675,
                    -0.10204701125621796,
                    0.05035267025232315,
                    0.20297810435295105
                ],
                [
                    0.0,
                    0.44249117374420166,
                    0.8967728614807129,
                    3.615006923675537
                ],
                [
                    0.0,
                    0.0,
                    0.0,
                    1.0
                ]
            ]
        },
        {
            "file_path": "/data/shapenet_blender/all_50_random/02958343/ec469722be9d015c1ef32d215d1c8df5/r_25",
            "rotation": 0.12566370614359174,
            "transform_matrix": [
                [
                    0.006023031659424305,
                    -0.48505061864852905,
                    -0.8744652271270752,
                    -3.5250823497772217
                ],
                [
                    -0.9999818205833435,
                    -0.0029215284157544374,
                    -0.005267027299851179,
                    -0.02123206853866577
                ],
                [
                    -2.3283064365386963e-10,
                    0.8744811415672302,
                    -0.4850594401359558,
                    -1.9553372859954834
                ],
                [
                    0.0,
                    0.0,
                    0.0,
                    1.0
                ]
            ]
        },
        {
            "file_path": "/data/shapenet_blender/all_50_random/02958343/ec469722be9d015c1ef32d215d1c8df5/r_26",
            "rotation": 0.12566370614359174,
            "transform_matrix": [
                [
                    -0.17427387833595276,
                    -0.6791791915893555,
                    0.7129825949668884,
                    2.874124765396118
                ],
                [
                    0.9846972823143005,
                    -0.12020262330770493,
                    0.12618522346019745,
                    0.5086688995361328
                ],
                [
                    0.0,
                    0.7240626811981201,
                    0.6897340416908264,
                    2.780406951904297
                ],
                [
                    0.0,
                    0.0,
                    0.0,
                    1.0
                ]
            ]
        },
        {
            "file_path": "/data/shapenet_blender/all_50_random/02958343/ec469722be9d015c1ef32d215d1c8df5/r_27",
            "rotation": 0.12566370614359174,
            "transform_matrix": [
                [
                    0.6028286218643188,
                    -0.31586554646492004,
                    0.7326844930648804,
                    2.953545570373535
                ],
                [
                    0.7978706955909729,
                    0.23865120112895966,
                    -0.5535774230957031,
                    -2.231541872024536
                ],
                [
                    0.0,
                    0.918299674987793,
                    0.3958856761455536,
                    1.5958662033081055
                ],
                [
                    0.0,
                    0.0,
                    0.0,
                    1.0
                ]
            ]
        },
        {
            "file_path": "/data/shapenet_blender/all_50_random/02958343/ec469722be9d015c1ef32d215d1c8df5/r_28",
            "rotation": 0.12566370614359174,
            "transform_matrix": [
                [
                    -0.7711206674575806,
                    -0.08271537721157074,
                    -0.6312931776046753,
                    -2.5448241233825684
                ],
                [
                    -0.6366890072822571,
                    0.10018005967140198,
                    0.764585554599762,
                    3.0821430683135986
                ],
                [
                    7.450580596923828e-09,
                    0.9915251731872559,
                    -0.12991487979888916,
                    -0.5237036347389221
                ],
                [
                    0.0,
                    0.0,
                    0.0,
                    1.0
                ]
            ]
        },
        {
            "file_path": "/data/shapenet_blender/all_50_random/02958343/ec469722be9d015c1ef32d215d1c8df5/r_29",
            "rotation": 0.12566370614359174,
            "transform_matrix": [
                [
                    0.6909387111663818,
                    0.31296268105506897,
                    -0.6516578793525696,
                    -2.6269171237945557
                ],
                [
                    -0.722913384437561,
                    0.2991202473640442,
                    -0.6228348612785339,
                    -2.510727882385254
                ],
                [
                    0.0,
                    0.9014328718185425,
                    0.4329187273979187,
                    1.7451512813568115
                ],
                [
                    0.0,
                    0.0,
                    0.0,
                    1.0
                ]
            ]
        },
        {
            "file_path": "/data/shapenet_blender/all_50_random/02958343/ec469722be9d015c1ef32d215d1c8df5/r_30",
            "rotation": 0.12566370614359174,
            "transform_matrix": [
                [
                    0.8232104182243347,
                    -0.33534660935401917,
                    0.4581126570701599,
                    1.8467111587524414
                ],
                [
                    0.5677363276481628,
                    0.48624828457832336,
                    -0.6642574667930603,
                    -2.6777074337005615
                ],
                [
                    0.0,
                    0.8069109916687012,
                    0.5906730890274048,
                    2.3810794353485107
                ],
                [
                    0.0,
                    0.0,
                    0.0,
                    1.0
                ]
            ]
        },
        {
            "file_path": "/data/shapenet_blender/all_50_random/02958343/ec469722be9d015c1ef32d215d1c8df5/r_31",
            "rotation": 0.12566370614359174,
            "transform_matrix": [
                [
                    -0.7675182819366455,
                    -0.08134830743074417,
                    -0.6358444094657898,
                    -2.563170909881592
                ],
                [
                    -0.64102703332901,
                    0.09740044176578522,
                    0.7613129615783691,
                    3.068950653076172
                ],
                [
                    7.450580596923828e-09,
                    0.9919151663780212,
                    -0.12690307199954987,
                    -0.5115626454353333
                ],
                [
                    0.0,
                    0.0,
                    0.0,
                    1.0
                ]
            ]
        },
        {
            "file_path": "/data/shapenet_blender/all_50_random/02958343/ec469722be9d015c1ef32d215d1c8df5/r_32",
            "rotation": 0.12566370614359174,
            "transform_matrix": [
                [
                    -0.9997643232345581,
                    -0.005119475070387125,
                    0.02109501324594021,
                    0.08503672480583191
                ],
                [
                    0.021707341074943542,
                    -0.23578514158725739,
                    0.9715626835823059,
                    3.916494607925415
                ],
                [
                    0.0,
                    0.971791684627533,
                    0.23584070801734924,
                    0.9507043361663818
                ],
                [
                    0.0,
                    0.0,
                    0.0,
                    1.0
                ]
            ]
        },
        {
            "file_path": "/data/shapenet_blender/all_50_random/02958343/ec469722be9d015c1ef32d215d1c8df5/r_33",
            "rotation": 0.12566370614359174,
            "transform_matrix": [
                [
                    0.9644463658332825,
                    -0.027867905795574188,
                    0.2628052532672882,
                    1.0594018697738647
                ],
                [
                    0.2642786502838135,
                    0.1016998440027237,
                    -0.9590693116188049,
                    -3.8661320209503174
                ],
                [
                    0.0,
                    0.9944247007369995,
                    0.10544893890619278,
                    0.42507827281951904
                ],
                [
                    0.0,
                    0.0,
                    0.0,
                    1.0
                ]
            ]
        },
        {
            "file_path": "/data/shapenet_blender/all_50_random/02958343/ec469722be9d015c1ef32d215d1c8df5/r_34",
            "rotation": 0.12566370614359174,
            "transform_matrix": [
                [
                    -0.9846237301826477,
                    0.018399929627776146,
                    0.1737169772386551,
                    0.7002755403518677
                ],
                [
                    0.17468871176242828,
                    0.10371023416519165,
                    0.9791465997695923,
                    3.947066307067871
                ],
                [
                    0.0,
                    0.9944373369216919,
                    -0.10532981157302856,
                    -0.4245980381965637
                ],
                [
                    0.0,
                    0.0,
                    0.0,
                    1.0
                ]
            ]
        },
        {
            "file_path": "/data/shapenet_blender/all_50_random/02958343/ec469722be9d015c1ef32d215d1c8df5/r_35",
            "rotation": 0.12566370614359174,
            "transform_matrix": [
                [
                    -0.9998935461044312,
                    0.0003202483640052378,
                    0.014588751830160618,
                    0.058809131383895874
                ],
                [
                    0.014592265710234642,
                    0.021944111213088036,
                    0.9996528029441833,
                    4.029728889465332
                ],
                [
                    0.0,
                    0.9997591376304626,
                    -0.02194645069539547,
                    -0.08846896141767502
                ],
                [
                    0.0,
                    0.0,
                    0.0,
                    1.0
                ]
            ]
        },
        {
            "file_path": "/data/shapenet_blender/all_50_random/02958343/ec469722be9d015c1ef32d215d1c8df5/r_36",
            "rotation": 0.12566370614359174,
            "transform_matrix": [
                [
                    0.9023857116699219,
                    -0.021843062713742256,
                    -0.43037542700767517,
                    -1.7348988056182861
                ],
                [
                    -0.43092942237854004,
                    -0.045740365982055664,
                    -0.9012256264686584,
                    -3.6329567432403564
                ],
                [
                    -1.862645371275562e-09,
                    0.9987144470214844,
                    -0.05068827420473099,
                    -0.20433096587657928
                ],
                [
                    0.0,
                    0.0,
                    0.0,
                    1.0
                ]
            ]
        },
        {
            "file_path": "/data/shapenet_blender/all_50_random/02958343/ec469722be9d015c1ef32d215d1c8df5/r_37",
            "rotation": 0.12566370614359174,
            "transform_matrix": [
                [
                    0.48097243905067444,
                    -0.4488462209701538,
                    0.7531284093856812,
                    3.0359580516815186
                ],
                [
                    0.8767357468605042,
                    0.24623459577560425,
                    -0.41316214203834534,
                    -1.6655099391937256
                ],
                [
                    0.0,
                    0.8590142130851746,
                    0.5119515061378479,
                    2.0637428760528564
                ],
                [
                    0.0,
                    0.0,
                    0.0,
                    1.0
                ]
            ]
        },
        {
            "file_path": "/data/shapenet_blender/all_50_random/02958343/ec469722be9d015c1ef32d215d1c8df5/r_38",
            "rotation": 0.12566370614359174,
            "transform_matrix": [
                [
                    -0.9996581673622131,
                    0.014613359235227108,
                    -0.02167757973074913,
                    -0.08738511800765991
                ],
                [
                    -0.026143213734030724,
                    -0.5587822198867798,
                    0.8289022445678711,
                    3.341411828994751
                ],
                [
                    0.0,
                    0.8291857242584229,
                    0.5589732527732849,
                    2.25329327583313
                ],
                [
                    0.0,
                    0.0,
                    0.0,
                    1.0
                ]
            ]
        },
        {
            "file_path": "/data/shapenet_blender/all_50_random/02958343/ec469722be9d015c1ef32d215d1c8df5/r_39",
            "rotation": 0.12566370614359174,
            "transform_matrix": [
                [
                    -0.8591341376304626,
                    0.08341824263334274,
                    0.5049059391021729,
                    2.0353407859802246
                ],
                [
                    0.5117505192756653,
                    0.14004375040531158,
                    0.8476433753967285,
                    3.416959285736084
                ],
                [
                    0.0,
                    0.9866250157356262,
                    -0.1630057543516159,
                    -0.6570971608161926
                ],
                [
                    0.0,
                    0.0,
                    0.0,
                    1.0
                ]
            ]
        },
        {
            "file_path": "/data/shapenet_blender/all_50_random/02958343/ec469722be9d015c1ef32d215d1c8df5/r_40",
            "rotation": 0.12566370614359174,
            "transform_matrix": [
                [
                    -0.9998682141304016,
                    -0.0062935915775597095,
                    -0.014966459944844246,
                    -0.06033173203468323
                ],
                [
                    -0.016235893592238426,
                    0.38758334517478943,
                    0.9216916561126709,
                    3.7154581546783447
                ],
                [
                    0.0,
                    0.9218131899833679,
                    -0.38763439655303955,
                    -1.562604308128357
                ],
                [
                    0.0,
                    0.0,
                    0.0,
                    1.0
                ]
            ]
        },
        {
            "file_path": "/data/shapenet_blender/all_50_random/02958343/ec469722be9d015c1ef32d215d1c8df5/r_41",
            "rotation": 0.12566370614359174,
            "transform_matrix": [
                [
                    -0.11734072118997574,
                    -0.3656221628189087,
                    0.9233371019363403,
                    3.7220911979675293
                ],
                [
                    0.9930917620658875,
                    -0.04320080950856209,
                    0.10909872502088547,
                    0.4397910535335541
                ],
                [
                    -3.725290742551124e-09,
