{
    "class": "02958343",
    "model": "4a423ae9a28afe3588cf40718544e7cc",
    "remove_doubles": true,
    "edge_split": true,
    "denoise": true,
    "camera_angle_x": 0.6911112070083618,
    "scale_factor": 2.3099516784762693,
    "hdri_file": "/data/IndoorHDRDataset2018/9C4A0725-d45aaca5e6.exr",
    "center_offset": [
        0.0,
        -2.7939677238464355e-09,
        0.0
    ],
    "lights": [],
    "frames": [
        {
            "file_path": "/data/shapenet_blender/all_50_random/02958343/4a423ae9a28afe3588cf40718544e7cc/r_0",
            "rotation": 0.12566370614359174,
            "transform_matrix": [
                [
                    0.6027358174324036,
                    -0.5667039752006531,
                    -0.561743974685669,
                    -2.264462471008301
                ],
                [
                    -0.7979409098625183,
                    -0.42806777358055115,
                    -0.42432114481925964,
                    -1.7104932069778442
                ],
                [
                    -1.4901161193847656e-08,
                    0.7039920091629028,
                    -0.7102079391479492,
                    -2.8629398345947266
                ],
                [
                    0.0,
                    0.0,
                    0.0,
                    1.0
                ]
            ]
        },
        {
            "file_path": "/data/shapenet_blender/all_50_random/02958343/4a423ae9a28afe3588cf40718544e7cc/r_1",
            "rotation": 0.12566370614359174,
            "transform_matrix": [
                [
                    0.8762271404266357,
                    -0.171860471367836,
                    -0.45021113753318787,
                    -1.8148590326309204
                ],
                [
                    -0.4818984866142273,
                    -0.3124907314777374,
                    -0.818610668182373,
                    -3.2999250888824463
                ],
                [
                    1.4901161193847656e-08,
                    0.9342449307441711,
                    -0.3566321134567261,
                    -1.4376299381256104
                ],
                [
                    0.0,
                    0.0,
                    0.0,
                    1.0
                ]
            ]
        },
        {
            "file_path": "/data/shapenet_blender/all_50_random/02958343/4a423ae9a28afe3588cf40718544e7cc/r_2",
            "rotation": 0.12566370614359174,
            "transform_matrix": [
                [
                    0.005286404862999916,
                    0.0561460517346859,
                    -0.9984086751937866,
                    -4.024713516235352
                ],
                [
                    -0.9999860525131226,
                    0.00029681489104405046,
                    -0.005278066266328096,
                    -0.0212765634059906
                ],
                [
                    0.0,
                    0.9984224438667297,
                    0.05614683777093887,
                    0.22633510828018188
                ],
                [
                    0.0,
                    0.0,
                    0.0,
                    1.0
                ]
            ]
        },
        {
            "file_path": "/data/shapenet_blender/all_50_random/02958343/4a423ae9a28afe3588cf40718544e7cc/r_3",
            "rotation": 0.12566370614359174,
            "transform_matrix": [
                [
                    0.8347405791282654,
                    0.04900127276778221,
                    -0.5484588146209717,
                    -2.2109084129333496
                ],
                [
                    -0.5506435632705688,
                    0.07428281009197235,
                    -0.8314286470413208,
                    -3.3515963554382324
                ],
                [
                    3.725290742551124e-09,
                    0.9960325956344604,
                    0.08898909389972687,
                    0.35872653126716614
                ],
                [
                    0.0,
                    0.0,
                    0.0,
                    1.0
                ]
            ]
        },
        {
            "file_path": "/data/shapenet_blender/all_50_random/02958343/4a423ae9a28afe3588cf40718544e7cc/r_4",
            "rotation": 0.12566370614359174,
            "transform_matrix": [
                [
                    0.9988865256309509,
                    -0.030111433938145638,
                    -0.03631659969687462,
                    -0.14639689028263092
                ],
                [
                    -0.04717619717121124,
                    -0.6375652551651001,
                    -0.7689505219459534,
                    -3.099738597869873
                ],
                [
                    0.0,
                    0.7698075771331787,
                    -0.6382759809494019,
                    -2.5729727745056152
                ],
                [
                    0.0,
                    0.0,
                    0.0,
                    1.0
                ]
            ]
        },
        {
            "file_path": "/data/shapenet_blender/all_50_random/02958343/4a423ae9a28afe3588cf40718544e7cc/r_5",
            "rotation": 0.12566370614359174,
            "transform_matrix": [
                [
                    -0.9957897663116455,
                    0.013930859044194221,
                    0.09060250222682953,
                    0.36523038148880005
                ],
                [
                    0.09166724234819412,
                    0.15133222937583923,
                    0.9842234253883362,
                    3.967531442642212
                ],
                [
                    -9.313225746154785e-10,
                    0.9883848428726196,
                    -0.15197207033634186,
                    -0.6126189827919006
                ],
                [
                    0.0,
                    0.0,
                    0.0,
                    1.0
                ]
            ]
        },
        {
            "file_path": "/data/shapenet_blender/all_50_random/02958343/4a423ae9a28afe3588cf40718544e7cc/r_6",
            "rotation": 0.12566370614359174,
            "transform_matrix": [
                [
                    0.8072074055671692,
                    0.17377834022045135,
                    0.5641076564788818,
                    2.2739906311035156
                ],
                [
                    0.590268075466156,
                    -0.23764653503894806,
                    -0.7714322805404663,
                    -3.1097428798675537
                ],
                [
                    0.0,
                    0.9556804299354553,
                    -0.29440584778785706,
                    -1.1867879629135132
                ],
                [
                    0.0,
                    0.0,
                    0.0,
                    1.0
                ]
            ]
        },
        {
            "file_path": "/data/shapenet_blender/all_50_random/02958343/4a423ae9a28afe3588cf40718544e7cc/r_7",
            "rotation": 0.12566370614359174,
            "transform_matrix": [
                [
                    -0.5930141806602478,
                    -0.04162854701280594,
                    -0.8041151762008667,
                    -3.2414920330047607
                ],
                [
                    -0.8051920533180237,
                    0.030658923089504242,
                    0.5922210812568665,
                    2.387319564819336
                ],
                [
                    3.725290298461914e-09,
                    0.9986627101898193,
                    -0.05170014128088951,
                    -0.20840993523597717
                ],
                [
                    0.0,
                    0.0,
                    0.0,
                    1.0
                ]
            ]
        },
        {
            "file_path": "/data/shapenet_blender/all_50_random/02958343/4a423ae9a28afe3588cf40718544e7cc/r_8",
            "rotation": 0.12566370614359174,
            "transform_matrix": [
                [
                    0.4094679653644562,
                    0.8415611386299133,
                    0.3522934019565582,
                    1.420140266418457
                ],
                [
                    0.9123245477676392,
                    -0.3777080178260803,
                    -0.1581157147884369,
                    -0.6373848915100098
                ],
                [
                    0.0,
                    0.38614925742149353,
                    -0.9224361777305603,
                    -3.7184596061706543
                ],
                [
                    0.0,
                    0.0,
                    0.0,
                    1.0
                ]
            ]
        },
        {
            "file_path": "/data/shapenet_blender/all_50_random/02958343/4a423ae9a28afe3588cf40718544e7cc/r_9",
            "rotation": 0.12566370614359174,
            "transform_matrix": [
                [
                    0.9931817054748535,
                    0.09498412907123566,
                    0.06758826971054077,
                    0.2724570333957672
                ],
                [
                    0.11657685041427612,
                    -0.8092215657234192,
                    -0.5758212804794312,
                    -2.3212099075317383
                ],
                [
                    0.0,
                    0.5797742009162903,
                    -0.8147770166397095,
                    -3.284471273422241
                ],
                [
                    0.0,
                    0.0,
                    0.0,
                    1.0
                ]
            ]
        },
        {
            "file_path": "/data/shapenet_blender/all_50_random/02958343/4a423ae9a28afe3588cf40718544e7cc/r_10",
            "rotation": 0.12566370614359174,
            "transform_matrix": [
                [
                    -0.2543572187423706,
                    0.7100523710250854,
                    0.6566034555435181,
                    2.64685320854187
                ],
                [
                    0.9671103954315186,
                    0.18674905598163605,
                    0.17269158363342285,
                    0.6961420178413391
                ],
                [
                    -7.450580596923828e-09,
                    0.678933322429657,
                    -0.7341999411582947,
                    -2.9596545696258545
                ],
                [
                    0.0,
                    0.0,
                    0.0,
                    1.0
                ]
            ]
        },
        {
            "file_path": "/data/shapenet_blender/all_50_random/02958343/4a423ae9a28afe3588cf40718544e7cc/r_11",
            "rotation": 0.12566370614359174,
            "transform_matrix": [
                [
                    -0.7181749939918518,
                    0.5242241621017456,
                    0.4576174020767212,
                    1.8447147607803345
                ],
                [
                    0.6958625316619873,
                    0.541033148765564,
                    0.47229066491127014,
                    1.9038646221160889
                ],
                [
                    -1.4901162970204496e-08,
                    0.6576261520385742,
                    -0.7533443570137024,
                    -3.0368282794952393
                ],
                [
                    0.0,
                    0.0,
                    0.0,
                    1.0
                ]
            ]
        },
        {
            "file_path": "/data/shapenet_blender/all_50_random/02958343/4a423ae9a28afe3588cf40718544e7cc/r_12",
            "rotation": 0.12566370614359174,
            "transform_matrix": [
                [
                    0.142449289560318,
                    -0.34366825222969055,
                    -0.9282242655754089,
                    -3.7417917251586914
                ],
                [
                    -0.9898021221160889,
                    -0.049459680914878845,
                    -0.13358719646930695,
                    -0.5385072231292725
                ],
                [
                    3.725290298461914e-09,
                    0.937787652015686,
                    -0.34720906615257263,
                    -1.3996444940567017
                ],
                [
                    0.0,
                    0.0,
                    0.0,
                    1.0
                ]
            ]
        },
        {
            "file_path": "/data/shapenet_blender/all_50_random/02958343/4a423ae9a28afe3588cf40718544e7cc/r_13",
            "rotation": 0.12566370614359174,
            "transform_matrix": [
                [
                    -0.8447414040565491,
                    -0.10970279574394226,
                    -0.5238103866577148,
                    -2.1115472316741943
                ],
                [
                    -0.5351747274398804,
                    0.17315931618213654,
                    0.8268033862113953,
                    3.332951068878174
                ],
                [
                    0.0,
                    0.9787651300430298,
                    -0.20498497784137726,
                    -0.8263208866119385
                ],
                [
                    0.0,
                    0.0,
                    0.0,
                    1.0
                ]
            ]
        },
        {
            "file_path": "/data/shapenet_blender/all_50_random/02958343/4a423ae9a28afe3588cf40718544e7cc/r_14",
            "rotation": 0.12566370614359174,
            "transform_matrix": [
                [
                    -0.9456318616867065,
                    0.005239861086010933,
                    0.3251970112323761,
                    1.3109111785888672
                ],
                [
                    0.32523927092552185,
                    0.015234873630106449,
                    0.9455089569091797,
                    3.8114688396453857
                ],
                [
                    0.0,
                    0.9998701810836792,
                    -0.01611078716814518,
                    -0.06494466960430145
                ],
                [
                    0.0,
                    0.0,
                    0.0,
                    1.0
                ]
            ]
        },
        {
            "file_path": "/data/shapenet_blender/all_50_random/02958343/4a423ae9a28afe3588cf40718544e7cc/r_15",
            "rotation": 0.12566370614359174,
            "transform_matrix": [
                [
                    0.993877112865448,
                    -0.10049102455377579,
                    -0.045932985842227936,
                    -0.1851617693901062
                ],
                [
                    -0.11049111932516098,
                    -0.9039254188537598,
                    -0.4131711423397064,
                    -1.66554594039917
                ],
                [
                    0.0,
                    0.41571661829948425,
                    -0.9094942808151245,
                    -3.666288375854492
                ],
                [
                    0.0,
                    0.0,
                    0.0,
                    1.0
                ]
            ]
        },
        {
            "file_path": "/data/shapenet_blender/all_50_random/02958343/4a423ae9a28afe3588cf40718544e7cc/r_16",
            "rotation": 0.12566370614359174,
            "transform_matrix": [
                [
                    0.9043067097663879,
                    -0.0671582967042923,
                    0.42156752943992615,
                    1.6993930339813232
                ],
                [
                    0.42688336968421936,
                    0.142267644405365,
                    -0.8930456042289734,
                    -3.5999820232391357
                ],
                [
                    3.725290298461914e-09,
                    0.9875473380088806,
                    0.15732233226299286,
                    0.6341866254806519
                ],
                [
                    0.0,
                    0.0,
                    0.0,
                    1.0
                ]
            ]
        },
        {
            "file_path": "/data/shapenet_blender/all_50_random/02958343/4a423ae9a28afe3588cf40718544e7cc/r_17",
            "rotation": 0.12566370614359174,
            "transform_matrix": [
                [
                    0.676027774810791,
                    -0.002068720990791917,
                    0.7368731498718262,
                    2.970430850982666
                ],
                [
                    0.7368761301040649,
                    0.0018978940788656473,
                    -0.6760250329971313,
                    -2.725144386291504
                ],
                [
                    0.0,
                    0.9999960660934448,
                    0.002807419979944825,
                    0.011317072436213493
                ],
                [
                    0.0,
                    0.0,
                    0.0,
                    1.0
                ]
            ]
        },
        {
            "file_path": "/data/shapenet_blender/all_50_random/02958343/4a423ae9a28afe3588cf40718544e7cc/r_18",
            "rotation": 0.12566370614359174,
            "transform_matrix": [
                [
                    0.11625176668167114,
                    0.569332480430603,
                    0.8138463497161865,
                    3.280719757080078
                ],
                [
                    0.993219792842865,
                    -0.06663772463798523,
                    -0.09525693953037262,
                    -0.3839930295944214
                ],
                [
                    0.0,
                    0.8194022178649902,
                    -0.5732190012931824,
                    -2.3107199668884277
                ],
                [
                    0.0,
                    0.0,
                    0.0,
                    1.0
                ]
            ]
        },
        {
            "file_path": "/data/shapenet_blender/all_50_random/02958343/4a423ae9a28afe3588cf40718544e7cc/r_19",
            "rotation": 0.12566370614359174,
            "transform_matrix": [
                [
                    0.7233737707138062,
                    -0.026554465293884277,
                    0.6899458169937134,
                    2.7812604904174805
                ],
                [
                    0.6904566287994385,
                    0.027820434421300888,
                    -0.7228385806083679,
                    -2.91385555267334
                ],
                [
                    0.0,
                    0.9992602467536926,
                    0.03845927491784096,
                    0.15503428876399994
                ],
                [
                    0.0,
                    0.0,
                    0.0,
                    1.0
                ]
            ]
        },
        {
            "file_path": "/data/shapenet_blender/all_50_random/02958343/4a423ae9a28afe3588cf40718544e7cc/r_20",
            "rotation": 0.12566370614359174,
            "transform_matrix": [
                [
                    -0.9965900182723999,
                    0.0028674874920397997,
                    -0.08246356248855591,
                    -0.33242127299308777
                ],
                [
                    -0.08251341432332993,
                    -0.034633271396160126,
                    0.9959879517555237,
                    4.014955997467041
                ],
                [
                    -2.3283061589829401e-10,
                    0.999396026134491,
                    0.0347517691552639,
                    0.14008887112140656
                ],
                [
                    0.0,
                    0.0,
                    0.0,
                    1.0
                ]
            ]
        },
        {
            "file_path": "/data/shapenet_blender/all_50_random/02958343/4a423ae9a28afe3588cf40718544e7cc/r_21",
            "rotation": 0.12566370614359174,
            "transform_matrix": [
                [
                    0.9245750308036804,
                    0.03420479968190193,
                    -0.379461407661438,
                    -1.5296579599380493
                ],
                [
                    -0.380999892950058,
                    0.08300501108169556,
                    -0.9208415150642395,
                    -3.712031126022339
                ],
                [
                    -3.725290076417309e-09,
                    0.9959619641304016,
                    0.08977638185024261,
                    0.3619002103805542
                ],
                [
                    0.0,
                    0.0,
                    0.0,
                    1.0
                ]
            ]
        },
        {
            "file_path": "/data/shapenet_blender/all_50_random/02958343/4a423ae9a28afe3588cf40718544e7cc/r_22",
            "rotation": 0.12566370614359174,
            "transform_matrix": [
                [
                    0.4793497323989868,
                    -0.8254470229148865,
                    -0.2980952858924866,
                    -1.2016606330871582
                ],
                [
                    -0.8776239156723022,
                    -0.4508512318134308,
                    -0.16281677782535553,
                    -0.6563354730606079
                ],
                [
                    0.0,
                    0.3396618068218231,
                    -0.940547525882721,
                    -3.791468620300293
                ],
                [
                    0.0,
                    0.0,
                    0.0,
                    1.0
                ]
            ]
        },
        {
            "file_path": "/data/shapenet_blender/all_50_random/02958343/4a423ae9a28afe3588cf40718544e7cc/r_23",
            "rotation": 0.12566370614359174,
            "transform_matrix": [
                [
                    0.8164118528366089,
                    -0.21478933095932007,
                    -0.5360383987426758,
                    -2.1608400344848633
                ],
                [
                    -0.577470064163208,
                    -0.3036634624004364,
                    -0.7578368782997131,
                    -3.054938316345215
                ],
                [
                    -1.4901161193847656e-08,
                    0.9282531142234802,
                    -0.37194886803627014,
                    -1.4993739128112793
                ],
                [
                    0.0,
                    0.0,
                    0.0,
                    1.0
                ]
            ]
        },
        {
            "file_path": "/data/shapenet_blender/all_50_random/02958343/4a423ae9a28afe3588cf40718544e7cc/r_24",
            "rotation": 0.12566370614359174,
            "transform_matrix": [
                [
                    -0.9890949130058289,
                    -0.043670132756233215,
                    -0.1406562179327011,
                    -0.5670033693313599
                ],
                [
                    -0.1472795009613037,
                    0.29327845573425293,
                    0.9446144700050354,
                    3.8078627586364746
                ],
                [
                    0.0,
                    0.9550291299819946,
                    -0.2965119183063507,
                    -1.1952778100967407
                ],
                [
                    0.0,
                    0.0,
                    0.0,
                    1.0
                ]
            ]
        },
        {
            "file_path": "/data/shapenet_blender/all_50_random/02958343/4a423ae9a28afe3588cf40718544e7cc/r_25",
            "rotation": 0.12566370614359174,
            "transform_matrix": [
                [
                    0.4439011514186859,
                    -0.5323185920715332,
                    0.7208248972892761,
                    2.905738353729248
                ],
                [
                    0.8960757851600647,
                    0.263701856136322,
                    -0.3570847511291504,
                    -1.4394547939300537
                ],
                [
                    -1.4901161193847656e-08,
                    0.8044240474700928,
                    0.5940553545951843,
                    2.394713878631592
                ],
                [
                    0.0,
                    0.0,
                    0.0,
                    1.0
                ]
            ]
        },
        {
            "file_path": "/data/shapenet_blender/all_50_random/02958343/4a423ae9a28afe3588cf40718544e7cc/r_26",
            "rotation": 0.12566370614359174,
            "transform_matrix": [
                [
                    0.9459607005119324,
                    -0.05986713990569115,
                    0.3187071681022644,
                    1.2847498655319214
                ],
                [
                    0.3242812752723694,
                    0.17463839054107666,
                    -0.9297004342079163,
                    -3.7477426528930664
                ],
                [
                    -3.725290298461914e-09,
                    0.982810914516449,
                    0.18461482226848602,
                    0.7442061901092529
                ],
                [
                    0.0,
                    0.0,
                    0.0,
                    1.0
                ]
            ]
        },
        {
            "file_path": "/data/shapenet_blender/all_50_random/02958343/4a423ae9a28afe3588cf40718544e7cc/r_27",
            "rotation": 0.12566370614359174,
            "transform_matrix": [
                [
                    -0.6956754326820374,
                    0.6339991688728333,
                    -0.3377583622932434,
                    -1.361547589302063
                ],
                [
                    -0.718356192111969,
                    -0.6139818429946899,
                    0.32709425687789917,
                    1.3185592889785767
                ],
                [
                    -1.4901160305669237e-08,
                    0.4701823592185974,
                    0.8825692534446716,
                    3.557750701904297
                ],
                [
                    0.0,
                    0.0,
                    0.0,
                    1.0
                ]
            ]
        },
        {
            "file_path": "/data/shapenet_blender/all_50_random/02958343/4a423ae9a28afe3588cf40718544e7cc/r_28",
            "rotation": 0.12566370614359174,
            "transform_matrix": [
                [
                    -0.3157387971878052,
                    -0.5816566944122314,
                    -0.7496562004089355,
                    -3.021960735321045
                ],
                [
                    -0.948846161365509,
                    0.19355255365371704,
                    0.24945619702339172,
                    1.0055900812149048
                ],
                [
                    0.0,
                    0.790071427822113,
                    -0.6130147576332092,
                    -2.4711415767669678
                ],
                [
                    0.0,
                    0.0,
                    0.0,
                    1.0
                ]
            ]
        },
        {
            "file_path": "/data/shapenet_blender/all_50_random/02958343/4a423ae9a28afe3588cf40718544e7cc/r_29",
            "rotation": 0.12566370614359174,
            "transform_matrix": [
                [
                    -0.8718519806861877,
                    0.06337077170610428,
                    -0.48565226793289185,
                    -1.9577268362045288
                ],
                [
                    -0.48976930975914,
                    -0.11280809342861176,
                    0.86452317237854,
                    3.485004186630249
                ],
                [
                    0.0,
                    0.9915938377380371,
                    0.12938903272151947,
                    0.5215838551521301
                ],
                [
                    0.0,
                    0.0,
                    0.0,
                    1.0
                ]
            ]
        },
        {
            "file_path": "/data/shapenet_blender/all_50_random/02958343/4a423ae9a28afe3588cf40718544e7cc/r_30",
            "rotation": 0.12566370614359174,
            "transform_matrix": [
                [
                    -0.05362396314740181,
                    0.2960033714771271,
                    -0.9536803960800171,
                    -3.8444089889526367
                ],
                [
                    -0.9985612034797668,
                    -0.015895744785666466,
                    0.05121380835771561,
                    0.2064494788646698
                ],
                [
                    0.0,
                    0.9550545811653137,
                    0.2964298725128174,
                    1.1949471235275269
                ],
                [
                    0.0,
                    0.0,
                    0.0,
                    1.0
                ]
            ]
        },
        {
            "file_path": "/data/shapenet_blender/all_50_random/02958343/4a423ae9a28afe3588cf40718544e7cc/r_31",
            "rotation": 0.12566370614359174,
            "transform_matrix": [
                [
                    0.9046772718429565,
                    0.3468334674835205,
                    -0.24751907587051392,
                    -0.9977812767028809
                ],
                [
                    -0.4260976016521454,
                    0.7363860607147217,
                    -0.5255247950553894,
                    -2.1184582710266113
                ],
                [
                    0.0,
                    0.5808975100517273,
                    0.8139765858650208,
                    3.2812445163726807
                ],
                [
                    0.0,
                    0.0,
                    0.0,
                    1.0
                ]
            ]
        },
        {
            "file_path": "/data/shapenet_blender/all_50_random/02958343/4a423ae9a28afe3588cf40718544e7cc/r_32",
            "rotation": 0.12566370614359174,
            "transform_matrix": [
                [
                    0.045522917062044144,
                    0.3654131591320038,
                    0.929731547832489,
                    3.747868061065674
                ],
                [
                    0.9989632964134216,
                    -0.016651935875415802,
                    -0.04236801341176033,
                    -0.17079094052314758
                ],
                [
                    9.313225746154785e-10,
                    0.9306964874267578,
                    -0.36579233407974243,
                    -1.4745562076568604
                ],
                [
                    0.0,
                    0.0,
                    0.0,
                    1.0
                ]
            ]
        },
        {
            "file_path": "/data/shapenet_blender/all_50_random/02958343/4a423ae9a28afe3588cf40718544e7cc/r_33",
            "rotation": 0.12566370614359174,
            "transform_matrix": [
                [
                    0.7333542108535767,
                    0.1878139227628708,
                    -0.6533892154693604,
                    -2.6338961124420166
                ],
                [
                    -0.6798466444015503,
                    0.20259585976600647,
                    -0.7048143744468689,
                    -2.8411977291107178
                ],
                [
                    0.0,
                    0.9610830545425415,
                    0.2762592136859894,
                    1.1136364936828613
                ],
                [
                    0.0,
                    0.0,
                    0.0,
                    1.0
                ]
            ]
        },
        {
            "file_path": "/data/shapenet_blender/all_50_random/02958343/4a423ae9a28afe3588cf40718544e7cc/r_34",
            "rotation": 0.12566370614359174,
            "transform_matrix": [
                [
                    0.998518168926239,
                    0.021913982927799225,
                    0.049811817705631256,
                    0.20079785585403442
                ],
                [
                    0.05441911518573761,
                    -0.4020923376083374,
                    -0.9139804244041443,
                    -3.684372901916504
                ],
                [
                    0.0,
                    0.9153367877006531,
                    -0.4026890695095062,
                    -1.6232916116714478
                ],
                [
                    0.0,
                    0.0,
                    0.0,
                    1.0
                ]
            ]
        },
        {
            "file_path": "/data/shapenet_blender/all_50_random/02958343/4a423ae9a28afe3588cf40718544e7cc/r_35",
            "rotation": 0.12566370614359174,
            "transform_matrix": [
                [
                    0.762185275554657,
                    -0.19695612788200378,
                    0.6166699528694153,
                    2.4858763217926025
                ],
                [
                    0.6473589539527893,
                    0.23189152777194977,
                    -0.7260527610778809,
                    -2.9268126487731934
                ],
                [
                    0.0,
                    0.9525936245918274,
                    0.30424556136131287,
                    1.226453185081482
                ],
                [
                    0.0,
                    0.0,
                    0.0,
                    1.0
                ]
            ]
        },
        {
            "file_path": "/data/shapenet_blender/all_50_random/02958343/4a423ae9a28afe3588cf40718544e7cc/r_36",
            "rotation": 0.12566370614359174,
            "transform_matrix": [
                [
                    -0.9092973470687866,
                    0.18122249841690063,
                    -0.3746154308319092,
                    -1.5101231336593628
                ],
                [
                    -0.4161469340324402,
                    -0.39597824215888977,
                    0.8185493350028992,
                    3.299677848815918
                ],
                [
                    0.0,
                    0.9001997709274292,
                    0.4354771375656128,
                    1.7554644346237183
                ],
                [
                    0.0,
                    0.0,
                    0.0,
                    1.0
                ]
            ]
        },
        {
            "file_path": "/data/shapenet_blender/all_50_random/02958343/4a423ae9a28afe3588cf40718544e7cc/r_37",
            "rotation": 0.12566370614359174,
            "transform_matrix": [
                [
                    0.8635855913162231,
                    -0.15147589147090912,
                    0.4809105098247528,
                    1.9386122226715088
                ],
                [
                    0.5042021870613098,
                    0.25944429636001587,
                    -0.8236921429634094,
                    -3.3204092979431152
                ],
                [
                    1.4901161193847656e-08,
                    0.9538047909736633,
                    0.3004268705844879,
                    1.2110594511032104
                ],
                [
                    0.0,
                    0.0,
                    0.0,
                    1.0
                ]
            ]
        },
        {
            "file_path": "/data/shapenet_blender/all_50_random/02958343/4a423ae9a28afe3588cf40718544e7cc/r_38",
            "rotation": 0.12566370614359174,
            "transform_matrix": [
                [
                    0.010319196619093418,
                    -0.31290704011917114,
                    -0.9497277140617371,
                    -3.828474521636963
                ],
                [
                    -0.9999467134475708,
                    -0.003229121444746852,
                    -0.00980094913393259,
                    -0.0395088866353035
                ],
                [
                    0.0,
                    0.9497781991958618,
                    -0.31292375922203064,
                    -1.261435866355896
                ],
                [
                    0.0,
                    0.0,
                    0.0,
                    1.0
                ]
            ]
        },
        {
            "file_path": "/data/shapenet_blender/all_50_random/02958343/4a423ae9a28afe3588cf40718544e7cc/r_39",
            "rotation": 0.12566370614359174,
            "transform_matrix": [
                [
                    0.4090503454208374,
                    0.2207711637020111,
                    0.8854026794433594,
                    3.5691721439361572
                ],
                [
                    0.9125117659568787,
                    -0.09896476566791534,
                    -0.39689818024635315,
                    -1.5999476909637451
                ],
                [
                    -7.450580152834618e-09,
                    0.9702916145324707,
                    -0.24193789064884186,
                    -0.9752827882766724
                ],
                [
                    0.0,
                    0.0,
                    0.0,
                    1.0
                ]
            ]
        },
        {
            "file_path": "/data/shapenet_blender/all_50_random/02958343/4a423ae9a28afe3588cf40718544e7cc/r_40",
            "rotation": 0.12566370614359174,
            "transform_matrix": [
                [
                    -0.46234676241874695,
                    0.29710349440574646,
                    0.8354429006576538,
                    3.3677783012390137
                ],
                [
                    0.8866991996765137,
                    0.15491706132888794,
                    0.4356204569339752,
                    1.7560423612594604
                ],
                [
                    0.0,
                    0.9421943426132202,
                    -0.3350668251514435,
                    -1.350697636604309
                ],
                [
                    0.0,
                    0.0,
                    0.0,
                    1.0
                ]
            ]
        },
        {
            "file_path": "/data/shapenet_blender/all_50_random/02958343/4a423ae9a28afe3588cf40718544e7cc/r_41",
            "rotation": 0.12566370614359174,
            "transform_matrix": [
                [
                    -0.9394305944442749,
                    0.06094558164477348,
                    0.337276816368103,
                    1.3596065044403076
                ],
                [
                    0.34273895621299744,
                    0.16704882681369781,
                    0.9244590997695923,
                    3.726613998413086
                ],
                [
