{
    "class": "02958343",
    "model": "3220cc9f67cd763af63ee8a34069b7c5",
    "remove_doubles": true,
    "edge_split": true,
    "denoise": true,
    "camera_angle_x": 0.6911112070083618,
    "scale_factor": 2.3570535397741166,
    "hdri_file": "/data/IndoorHDRDataset2018/9C4A6351-0e98e87647.exr",
    "center_offset": [
        0.0,
        -2.7939677238464355e-09,
        0.0
    ],
    "lights": [],
    "frames": [
        {
            "file_path": "/data/shapenet_blender/all_50_random/02958343/3220cc9f67cd763af63ee8a34069b7c5/r_0",
            "rotation": 0.12566370614359174,
            "transform_matrix": [
                [
                    0.7237927913665771,
                    0.3036165237426758,
                    -0.6196297407150269,
                    -2.497807264328003
                ],
                [
                    -0.6900174021720886,
                    0.31847813725471497,
                    -0.6499597430229187,
                    -2.6200714111328125
                ],
                [
                    1.4901159417490817e-08,
                    0.897991418838501,
                    0.44001293182373047,
                    1.7737488746643066
                ],
                [
                    0.0,
                    0.0,
                    0.0,
                    1.0
                ]
            ]
        },
        {
            "file_path": "/data/shapenet_blender/all_50_random/02958343/3220cc9f67cd763af63ee8a34069b7c5/r_1",
            "rotation": 0.12566370614359174,
            "transform_matrix": [
                [
                    0.3077932298183441,
                    -0.5345900058746338,
                    0.7870685458183289,
                    3.1727747917175293
                ],
                [
                    0.9514533877372742,
                    0.1729387640953064,
                    -0.25461506843566895,
                    -1.0263861417770386
                ],
                [
                    1.4901162970204496e-08,
                    0.827227771282196,
                    0.5618667006492615,
                    2.2649571895599365
                ],
                [
                    0.0,
                    0.0,
                    0.0,
                    1.0
                ]
            ]
        },
        {
            "file_path": "/data/shapenet_blender/all_50_random/02958343/3220cc9f67cd763af63ee8a34069b7c5/r_2",
            "rotation": 0.12566370614359174,
            "transform_matrix": [
                [
                    0.3329073190689087,
                    -0.2518613934516907,
                    0.9087016582489014,
                    3.663093090057373
                ],
                [
                    0.9429596066474915,
                    0.08891844749450684,
                    -0.3208127021789551,
                    -1.2932372093200684
                ],
                [
                    0.0,
                    0.9636696577072144,
                    0.26709675788879395,
                    1.0767014026641846
                ],
                [
                    0.0,
                    0.0,
                    0.0,
                    1.0
                ]
            ]
        },
        {
            "file_path": "/data/shapenet_blender/all_50_random/02958343/3220cc9f67cd763af63ee8a34069b7c5/r_3",
            "rotation": 0.12566370614359174,
            "transform_matrix": [
                [
                    0.9321014881134033,
                    0.09726932644844055,
                    0.3488920032978058,
                    1.4064286947250366
                ],
                [
                    0.3621973991394043,
                    -0.2503189742565155,
                    -0.8978605270385742,
                    -3.619391441345215
                ],
                [
                    0.0,
                    0.9632648229598999,
                    -0.26855334639549255,
                    -1.0825731754302979
                ],
                [
                    0.0,
                    0.0,
                    0.0,
                    1.0
                ]
            ]
        },
        {
            "file_path": "/data/shapenet_blender/all_50_random/02958343/3220cc9f67cd763af63ee8a34069b7c5/r_4",
            "rotation": 0.12566370614359174,
            "transform_matrix": [
                [
                    0.42205262184143066,
                    -0.08116350322961807,
                    0.9029308557510376,
                    3.6398305892944336
                ],
                [
                    0.9065713882446289,
                    0.037785518914461136,
                    -0.4203577935695648,
                    -1.6945164203643799
                ],
                [
                    0.0,
                    0.9959843158721924,
                    0.08952798694372177,
                    0.36089885234832764
                ],
                [
                    0.0,
                    0.0,
                    0.0,
                    1.0
                ]
            ]
        },
        {
            "file_path": "/data/shapenet_blender/all_50_random/02958343/3220cc9f67cd763af63ee8a34069b7c5/r_5",
            "rotation": 0.12566370614359174,
            "transform_matrix": [
                [
                    0.4177320599555969,
                    -0.17501282691955566,
                    0.8915550708770752,
                    3.593973398208618
                ],
                [
                    0.9085703492164612,
                    0.0804653987288475,
                    -0.4099089801311493,
                    -1.6523959636688232
                ],
                [
                    0.0,
                    0.9812725782394409,
                    0.19262443482875824,
                    0.7764939069747925
                ],
                [
                    0.0,
                    0.0,
                    0.0,
                    1.0
                ]
            ]
        },
        {
            "file_path": "/data/shapenet_blender/all_50_random/02958343/3220cc9f67cd763af63ee8a34069b7c5/r_6",
            "rotation": 0.12566370614359174,
            "transform_matrix": [
                [
                    0.132581427693367,
                    0.8002731204032898,
                    -0.584794819355011,
                    -2.3573832511901855
                ],
                [
                    -0.9911721348762512,
                    0.10704634338617325,
                    -0.07822348177433014,
                    -0.3153289556503296
                ],
                [
                    -7.450580596923828e-09,
                    0.5900033116340637,
                    0.8074008226394653,
                    3.25473690032959
                ],
                [
                    0.0,
                    0.0,
                    0.0,
                    1.0
                ]
            ]
        },
        {
            "file_path": "/data/shapenet_blender/all_50_random/02958343/3220cc9f67cd763af63ee8a34069b7c5/r_7",
            "rotation": 0.12566370614359174,
            "transform_matrix": [
                [
                    0.9117377996444702,
                    -0.25132641196250916,
                    0.3249143064022064,
                    1.3097715377807617
                ],
                [
                    0.4107728600502014,
                    0.5578358173370361,
                    -0.7211690545082092,
                    -2.90712571144104
                ],
                [
                    -1.4901162970204496e-08,
                    0.7909830808639526,
                    0.6118379831314087,
                    2.466398000717163
                ],
                [
                    0.0,
                    0.0,
                    0.0,
                    1.0
                ]
            ]
        },
        {
            "file_path": "/data/shapenet_blender/all_50_random/02958343/3220cc9f67cd763af63ee8a34069b7c5/r_8",
            "rotation": 0.12566370614359174,
            "transform_matrix": [
                [
                    0.4383302628993988,
                    0.1095450296998024,
                    -0.8921135663986206,
                    -3.596224308013916
                ],
                [
                    -0.8988139629364014,
                    0.05342251434922218,
                    -0.4350626468658447,
                    -1.7537933588027954
                ],
                [
                    0.0,
                    0.9925451278686523,
                    0.12187733501195908,
                    0.4913032054901123
                ],
                [
                    0.0,
                    0.0,
                    0.0,
                    1.0
                ]
            ]
        },
        {
            "file_path": "/data/shapenet_blender/all_50_random/02958343/3220cc9f67cd763af63ee8a34069b7c5/r_9",
            "rotation": 0.12566370614359174,
            "transform_matrix": [
                [
                    -0.8119054436683655,
                    -0.4046945571899414,
                    -0.42075157165527344,
                    -1.6961039304733276
                ],
                [
                    -0.5837889909744263,
                    0.5628294944763184,
                    0.5851608514785767,
                    2.358859062194824
                ],
                [
                    -2.9802322387695312e-08,
                    0.7207253575325012,
                    -0.6932204961776733,
                    -2.794461488723755
                ],
                [
                    0.0,
                    0.0,
                    0.0,
                    1.0
                ]
            ]
        },
        {
            "file_path": "/data/shapenet_blender/all_50_random/02958343/3220cc9f67cd763af63ee8a34069b7c5/r_10",
            "rotation": 0.12566370614359174,
            "transform_matrix": [
                [
                    -0.3479006588459015,
                    -0.5423327088356018,
                    -0.7647485733032227,
                    -3.0828001499176025
                ],
                [
                    -0.9375314712524414,
                    0.20124967396259308,
                    0.28378409147262573,
                    1.143970251083374
                ],
                [
                    1.4901162970204496e-08,
                    0.8157044649124146,
                    -0.5784688591957092,
                    -2.3318824768066406
                ],
                [
                    0.0,
                    0.0,
                    0.0,
                    1.0
                ]
            ]
        },
        {
            "file_path": "/data/shapenet_blender/all_50_random/02958343/3220cc9f67cd763af63ee8a34069b7c5/r_11",
            "rotation": 0.12566370614359174,
            "transform_matrix": [
                [
                    -0.018553992733359337,
                    0.9820071458816528,
                    -0.187930166721344,
                    -0.757570743560791
                ],
                [
                    -0.9998279213905334,
                    -0.018223289400339127,
                    0.003487455192953348,
                    0.01405838131904602
                ],
                [
                    2.3283064365386963e-10,
                    0.18796268105506897,
                    0.9821762442588806,
                    3.9592790603637695
                ],
                [
                    0.0,
                    0.0,
                    0.0,
                    1.0
                ]
            ]
        },
        {
            "file_path": "/data/shapenet_blender/all_50_random/02958343/3220cc9f67cd763af63ee8a34069b7c5/r_12",
            "rotation": 0.12566370614359174,
            "transform_matrix": [
                [
                    0.9953555464744568,
                    0.0030361555982381105,
                    0.09621988236904144,
                    0.3878747820854187
                ],
                [
                    0.09626778215169907,
                    -0.031392164528369904,
                    -0.9948602914810181,
                    -4.010410308837891
                ],
                [
                    0.0,
                    0.9995024800300598,
                    -0.03153865039348602,
                    -0.12713637948036194
                ],
                [
                    0.0,
                    0.0,
                    0.0,
                    1.0
                ]
            ]
        },
        {
            "file_path": "/data/shapenet_blender/all_50_random/02958343/3220cc9f67cd763af63ee8a34069b7c5/r_13",
            "rotation": 0.12566370614359174,
            "transform_matrix": [
                [
                    0.966231644153595,
                    0.13282839953899384,
                    -0.22080102562904358,
                    -0.8900774717330933
                ],
                [
                    -0.2576751410961151,
                    0.49808064103126526,
                    -0.8279607892036438,
                    -3.3376169204711914
                ],
                [
                    7.450580596923828e-09,
                    0.8568968772888184,
                    0.5154877305030823,
                    2.0779976844787598
                ],
                [
                    0.0,
                    0.0,
                    0.0,
                    1.0
                ]
            ]
        },
        {
            "file_path": "/data/shapenet_blender/all_50_random/02958343/3220cc9f67cd763af63ee8a34069b7c5/r_14",
            "rotation": 0.12566370614359174,
            "transform_matrix": [
                [
                    -0.8904295563697815,
                    0.05333344638347626,
                    0.4519854485988617,
                    1.8220115900039673
                ],
                [
                    0.4551211893558502,
                    0.10434511303901672,
                    0.8842945098876953,
                    3.5647051334381104
                ],
                [
                    0.0,
                    0.9931101202964783,
                    -0.11718515306711197,
                    -0.47238847613334656
                ],
                [
                    0.0,
                    0.0,
                    0.0,
                    1.0
                ]
            ]
        },
        {
            "file_path": "/data/shapenet_blender/all_50_random/02958343/3220cc9f67cd763af63ee8a34069b7c5/r_15",
            "rotation": 0.12566370614359174,
            "transform_matrix": [
                [
                    0.14275608956813812,
                    0.10368075966835022,
                    -0.9843124747276306,
                    -3.9678902626037598
                ],
                [
                    -0.9897579550743103,
                    0.014954221434891224,
                    -0.1419706493616104,
                    -0.572301983833313
                ],
                [
                    9.313225746154785e-10,
                    0.9944981336593628,
                    0.10475366562604904,
                    0.42227551341056824
                ],
                [
                    0.0,
                    0.0,
                    0.0,
                    1.0
                ]
            ]
        },
        {
            "file_path": "/data/shapenet_blender/all_50_random/02958343/3220cc9f67cd763af63ee8a34069b7c5/r_16",
            "rotation": 0.12566370614359174,
            "transform_matrix": [
                [
                    0.5434570908546448,
                    0.6858378052711487,
                    0.4840255379676819,
                    1.9511693716049194
                ],
                [
                    0.8394370079040527,
                    -0.4440160095691681,
                    -0.31336134672164917,
                    -1.263200044631958
                ],
                [
                    1.4901162970204496e-08,
                    0.5766072869300842,
                    -0.817021369934082,
                    -3.293518543243408
                ],
                [
                    0.0,
                    0.0,
                    0.0,
                    1.0
                ]
            ]
        },
        {
            "file_path": "/data/shapenet_blender/all_50_random/02958343/3220cc9f67cd763af63ee8a34069b7c5/r_17",
            "rotation": 0.12566370614359174,
            "transform_matrix": [
                [
                    -0.9242296814918518,
                    0.12828734517097473,
                    -0.35964152216911316,
                    -1.449761152267456
                ],
                [
                    -0.38183724880218506,
                    -0.3105170726776123,
                    0.8705053925514221,
                    3.5091190338134766
                ],
                [
                    -7.450580596923828e-09,
                    0.9418712854385376,
                    0.33597394824028015,
                    1.3543541431427002
                ],
                [
                    0.0,
                    0.0,
                    0.0,
                    1.0
                ]
            ]
        },
        {
            "file_path": "/data/shapenet_blender/all_50_random/02958343/3220cc9f67cd763af63ee8a34069b7c5/r_18",
            "rotation": 0.12566370614359174,
            "transform_matrix": [
                [
                    -0.6771831512451172,
                    -0.38034507632255554,
                    -0.6298893094062805,
                    -2.5391650199890137
                ],
                [
                    -0.7358145117759705,
                    0.3500383198261261,
                    0.5796983242034912,
                    2.336838722229004
                ],
                [
                    0.0,
                    0.8560435771942139,
                    -0.5169035196304321,
                    -2.083704710006714
                ],
                [
                    0.0,
                    0.0,
                    0.0,
                    1.0
                ]
            ]
        },
        {
            "file_path": "/data/shapenet_blender/all_50_random/02958343/3220cc9f67cd763af63ee8a34069b7c5/r_19",
            "rotation": 0.12566370614359174,
            "transform_matrix": [
                [
                    0.8046548962593079,
                    -0.5077022314071655,
                    -0.3078456223011017,
                    -1.2409653663635254
                ],
                [
                    -0.593742847442627,
                    -0.6880505084991455,
                    -0.41719990968704224,
                    -1.6817866563796997
                ],
                [
                    -1.4901162970204496e-08,
                    0.5184829831123352,
                    -0.8550878763198853,
                    -3.446969509124756
                ],
                [
                    0.0,
                    0.0,
                    0.0,
                    1.0
                ]
            ]
        },
        {
            "file_path": "/data/shapenet_blender/all_50_random/02958343/3220cc9f67cd763af63ee8a34069b7c5/r_20",
            "rotation": 0.12566370614359174,
            "transform_matrix": [
                [
                    0.9337191581726074,
                    -0.07501457631587982,
                    0.35005900263786316,
                    1.411133050918579
                ],
                [
                    0.3580062985420227,
                    0.19564612209796906,
                    -0.9129917621612549,
                    -3.6803877353668213
                ],
                [
                    7.450580152834618e-09,
                    0.9778013229370117,
                    0.20953421294689178,
                    0.8446595072746277
                ],
                [
                    0.0,
                    0.0,
                    0.0,
                    1.0
                ]
            ]
        },
        {
            "file_path": "/data/shapenet_blender/all_50_random/02958343/3220cc9f67cd763af63ee8a34069b7c5/r_21",
            "rotation": 0.12566370614359174,
            "transform_matrix": [
                [
                    -0.7395365238189697,
                    -0.03175588697195053,
                    -0.6723668575286865,
                    -2.710397720336914
                ],
                [
                    -0.6731165051460266,
                    0.03488941118121147,
                    0.7387129664421082,
                    2.9778475761413574
                ],
                [
                    -1.862645371275562e-09,
                    0.9988864660263062,
                    -0.047177400439977646,
                    -0.19017820060253143
                ],
                [
                    0.0,
                    0.0,
                    0.0,
                    1.0
                ]
            ]
        },
        {
            "file_path": "/data/shapenet_blender/all_50_random/02958343/3220cc9f67cd763af63ee8a34069b7c5/r_22",
            "rotation": 0.12566370614359174,
            "transform_matrix": [
                [
                    0.42015260457992554,
                    0.15864689648151398,
                    -0.8934780359268188,
                    -3.6017251014709473
                ],
                [
                    -0.9074535369873047,
                    0.07345379143953323,
                    -0.41368192434310913,
                    -1.6676051616668701
                ],
                [
                    -7.450580596923828e-09,
                    0.984599232673645,
                    0.1748264878988266,
                    0.7047480940818787
                ],
                [
                    0.0,
                    0.0,
                    0.0,
                    1.0
                ]
            ]
        },
        {
            "file_path": "/data/shapenet_blender/all_50_random/02958343/3220cc9f67cd763af63ee8a34069b7c5/r_23",
            "rotation": 0.12566370614359174,
            "transform_matrix": [
                [
                    0.98615962266922,
                    0.01524990051984787,
                    0.16509538888931274,
                    0.6655207276344299
                ],
                [
                    0.16579817235469818,
                    -0.09070567041635513,
                    -0.9819794297218323,
                    -3.9584851264953613
                ],
                [
                    0.0,
                    0.9957609176635742,
                    -0.09197869151830673,
                    -0.3707779347896576
                ],
                [
                    0.0,
                    0.0,
                    0.0,
                    1.0
                ]
            ]
        },
        {
            "file_path": "/data/shapenet_blender/all_50_random/02958343/3220cc9f67cd763af63ee8a34069b7c5/r_24",
            "rotation": 0.12566370614359174,
            "transform_matrix": [
                [
                    0.9644010066986084,
                    -0.04128817841410637,
                    0.261200875043869,
                    1.0529344081878662
                ],
                [
                    0.264443963766098,
                    0.15057390928268433,
                    -0.952573835849762,
                    -3.8399479389190674
                ],
                [
                    3.725290076417309e-09,
                    0.9877362251281738,
                    0.1561320424079895,
                    0.6293883919715881
                ],
                [
                    0.0,
                    0.0,
                    0.0,
                    1.0
                ]
            ]
        },
        {
            "file_path": "/data/shapenet_blender/all_50_random/02958343/3220cc9f67cd763af63ee8a34069b7c5/r_25",
            "rotation": 0.12566370614359174,
            "transform_matrix": [
                [
                    -0.7609477639198303,
                    -0.3740358352661133,
                    -0.5301468372344971,
                    -2.1370904445648193
                ],
                [
                    -0.6488131284713745,
                    0.4386805593967438,
                    0.621772289276123,
                    2.5064444541931152
                ],
                [
                    0.0,
                    0.8171024918556213,
                    -0.5764923095703125,
                    -2.3239150047302246
                ],
                [
                    0.0,
                    0.0,
                    0.0,
                    1.0
                ]
            ]
        },
        {
            "file_path": "/data/shapenet_blender/all_50_random/02958343/3220cc9f67cd763af63ee8a34069b7c5/r_26",
            "rotation": 0.12566370614359174,
            "transform_matrix": [
                [
                    0.7765923142433167,
                    -0.264961302280426,
                    -0.5715766549110413,
                    -2.3040990829467773
                ],
                [
                    -0.6300034523010254,
                    -0.32661235332489014,
                    -0.7045707702636719,
                    -2.8402154445648193
                ],
                [
                    0.0,
                    0.9072594046592712,
                    -0.4205712676048279,
                    -1.6953768730163574
                ],
                [
                    0.0,
                    0.0,
                    0.0,
                    1.0
                ]
            ]
        },
        {
            "file_path": "/data/shapenet_blender/all_50_random/02958343/3220cc9f67cd763af63ee8a34069b7c5/r_27",
            "rotation": 0.12566370614359174,
            "transform_matrix": [
                [
                    -0.2507506012916565,
                    -0.6373052000999451,
                    -0.7286742329597473,
                    -2.937379837036133
                ],
                [
                    -0.9680517911911011,
                    0.16507862508296967,
                    0.18874558806419373,
                    0.7608578205108643
                ],
                [
                    0.0,
                    0.7527225017547607,
                    -0.6583379507064819,
                    -2.6538450717926025
                ],
                [
                    0.0,
                    0.0,
                    0.0,
                    1.0
                ]
            ]
        },
        {
            "file_path": "/data/shapenet_blender/all_50_random/02958343/3220cc9f67cd763af63ee8a34069b7c5/r_28",
            "rotation": 0.12566370614359174,
            "transform_matrix": [
                [
                    -0.22551803290843964,
                    -0.5964106917381287,
                    -0.7703478932380676,
                    -3.1053717136383057
                ],
                [
                    -0.974238932132721,
                    0.1380578726530075,
                    0.17832107841968536,
                    0.7188352346420288
                ],
                [
                    -7.450580152834618e-09,
                    0.7907176613807678,
                    -0.6121810674667358,
                    -2.467780828475952
                ],
                [
                    0.0,
                    0.0,
                    0.0,
                    1.0
                ]
            ]
        },
        {
            "file_path": "/data/shapenet_blender/all_50_random/02958343/3220cc9f67cd763af63ee8a34069b7c5/r_29",
            "rotation": 0.12566370614359174,
            "transform_matrix": [
                [
                    -0.8064124584197998,
                    0.22727330029010773,
                    0.5459357500076294,
                    2.200737714767456
                ],
                [
                    0.5913536548614502,
                    0.30992621183395386,
                    0.7444773316383362,
                    3.001084327697754
                ],
                [
                    1.4901162970204496e-08,
                    0.9231968522071838,
                    -0.384327232837677,
                    -1.5492727756500244
                ],
                [
                    0.0,
                    0.0,
                    0.0,
                    1.0
                ]
            ]
        },
        {
            "file_path": "/data/shapenet_blender/all_50_random/02958343/3220cc9f67cd763af63ee8a34069b7c5/r_30",
            "rotation": 0.12566370614359174,
            "transform_matrix": [
                [
                    0.3646770417690277,
                    -0.8008259534835815,
                    0.4750666916370392,
                    1.9150551557540894
                ],
                [
                    0.931134045124054,
                    0.31364211440086365,
                    -0.18605905771255493,
                    -0.750028133392334
                ],
                [
                    0.0,
                    0.5102022290229797,
                    0.8600543737411499,
                    3.4669902324676514
                ],
                [
                    0.0,
                    0.0,
                    0.0,
                    1.0
                ]
            ]
        },
        {
            "file_path": "/data/shapenet_blender/all_50_random/02958343/3220cc9f67cd763af63ee8a34069b7c5/r_31",
            "rotation": 0.12566370614359174,
            "transform_matrix": [
                [
                    0.4536305367946625,
                    -0.5021107196807861,
                    -0.736277163028717,
                    -2.9680280685424805
                ],
                [
                    -0.8911898136138916,
                    -0.2555827498435974,
                    -0.3747774064540863,
                    -1.5107760429382324
                ],
                [
                    1.4901160305669237e-08,
                    0.8261731863021851,
                    -0.5634161829948425,
                    -2.2712032794952393
                ],
                [
                    0.0,
                    0.0,
                    0.0,
                    1.0
                ]
            ]
        },
        {
            "file_path": "/data/shapenet_blender/all_50_random/02958343/3220cc9f67cd763af63ee8a34069b7c5/r_32",
            "rotation": 0.12566370614359174,
            "transform_matrix": [
                [
                    0.998410165309906,
                    0.0032652041409164667,
                    0.056272219866514206,
                    0.22684058547019958
                ],
                [
                    0.05636687949299812,
                    -0.05783561244606972,
                    -0.9967334866523743,
                    -4.017961502075195
                ],
                [
                    0.0,
                    0.9983207583427429,
                    -0.057927705347537994,
                    -0.23351407051086426
                ],
                [
                    0.0,
                    0.0,
                    0.0,
                    1.0
                ]
            ]
        },
        {
            "file_path": "/data/shapenet_blender/all_50_random/02958343/3220cc9f67cd763af63ee8a34069b7c5/r_33",
            "rotation": 0.12566370614359174,
            "transform_matrix": [
                [
                    0.7807711362838745,
                    0.4196392893791199,
                    -0.4629247486591339,
                    -1.8661093711853027
                ],
                [
                    -0.6248171329498291,
                    0.5243809223175049,
                    -0.5784704685211182,
                    -2.3318891525268555
                ],
                [
                    -2.9802322387695312e-08,
                    0.7408962249755859,
                    0.6716194152832031,
                    2.7073843479156494
                ],
                [
                    0.0,
                    0.0,
                    0.0,
                    1.0
                ]
            ]
        },
        {
            "file_path": "/data/shapenet_blender/all_50_random/02958343/3220cc9f67cd763af63ee8a34069b7c5/r_34",
            "rotation": 0.12566370614359174,
            "transform_matrix": [
                [
                    -0.5773900151252747,
                    0.5669297575950623,
                    0.5875469446182251,
                    2.3684775829315186
                ],
                [
                    0.8164685964584351,
                    0.4009212553501129,
                    0.41550132632255554,
                    1.6749393939971924
                ],
                [
                    0.0,
                    0.7196199297904968,
                    -0.6943681836128235,
                    -2.7990877628326416
                ],
                [
                    0.0,
                    0.0,
                    0.0,
                    1.0
                ]
            ]
        },
        {
            "file_path": "/data/shapenet_blender/all_50_random/02958343/3220cc9f67cd763af63ee8a34069b7c5/r_35",
            "rotation": 0.12566370614359174,
            "transform_matrix": [
                [
                    -0.9940117597579956,
                    -0.104615718126297,
                    -0.03156163543462753,
                    -0.1272290199995041
                ],
                [
                    -0.10927299410104752,
                    0.9516464471817017,
                    0.2871033251285553,
                    1.1573505401611328
                ],
                [
                    -1.862645371275562e-09,
                    0.2888328731060028,
                    -0.9573794603347778,
                    -3.8593201637268066
                ],
                [
                    0.0,
                    0.0,
                    0.0,
                    1.0
                ]
            ]
        },
        {
            "file_path": "/data/shapenet_blender/all_50_random/02958343/3220cc9f67cd763af63ee8a34069b7c5/r_36",
            "rotation": 0.12566370614359174,
            "transform_matrix": [
                [
                    0.650736927986145,
                    -0.6588274836540222,
                    -0.3774756193161011,
                    -1.5216529369354248
                ],
                [
                    -0.7593032121658325,
                    -0.5646273493766785,
                    -0.32350361347198486,
                    -1.3040847778320312
                ],
                [
                    1.4901159417490817e-08,
                    0.49713411927223206,
                    -0.8676736950874329,
                    -3.49770450592041
                ],
                [
                    0.0,
                    0.0,
                    0.0,
                    1.0
                ]
            ]
        },
        {
            "file_path": "/data/shapenet_blender/all_50_random/02958343/3220cc9f67cd763af63ee8a34069b7c5/r_37",
            "rotation": 0.12566370614359174,
            "transform_matrix": [
                [
                    0.8537242412567139,
                    0.0027162660844624043,
                    0.5207182765007019,
                    2.0990824699401855
                ],
                [
                    0.5207253694534302,
                    -0.004453292116522789,
                    -0.8537126183509827,
                    -3.4414255619049072
                ],
                [
                    0.0,
                    0.9999864101409912,
                    -0.005216311663389206,
                    -0.02102762460708618
                ],
                [
                    0.0,
                    0.0,
                    0.0,
                    1.0
                ]
            ]
        },
        {
            "file_path": "/data/shapenet_blender/all_50_random/02958343/3220cc9f67cd763af63ee8a34069b7c5/r_38",
            "rotation": 0.12566370614359174,
            "transform_matrix": [
                [
                    0.9515626430511475,
                    -0.1244441568851471,
                    0.2811444401741028,
                    1.1333293914794922
                ],
                [
                    0.3074549436569214,
                    0.3851504623889923,
                    -0.870132565498352,
                    -3.5076160430908203
                ],
                [
                    7.450580596923828e-09,
                    0.9144247174263,
                    0.4047558307647705,
                    1.6316227912902832
                ],
                [
                    0.0,
                    0.0,
                    0.0,
                    1.0
                ]
            ]
        },
        {
            "file_path": "/data/shapenet_blender/all_50_random/02958343/3220cc9f67cd763af63ee8a34069b7c5/r_39",
            "rotation": 0.12566370614359174,
            "transform_matrix": [
                [
                    0.8353863954544067,
                    0.3139389455318451,
                    -0.4511893391609192,
                    -1.8188024759292603
                ],
                [
                    -0.5496630668640137,
                    0.4771292805671692,
                    -0.6857244968414307,
                    -2.7642440795898438
                ],
                [
                    1.4901159417490817e-08,
                    0.8208470940589905,
                    0.5711479187011719,
                    2.302371025085449
                ],
                [
                    0.0,
                    0.0,
                    0.0,
                    1.0
                ]
            ]
        },
        {
            "file_path": "/data/shapenet_blender/all_50_random/02958343/3220cc9f67cd763af63ee8a34069b7c5/r_40",
            "rotation": 0.12566370614359174,
            "transform_matrix": [
                [
                    0.38291239738464355,
                    0.05123429000377655,
                    0.9223628044128418,
                    3.718163251876831
                ],
                [
                    0.923784613609314,
                    -0.02123681642115116,
                    -0.3823230564594269,
                    -1.5411934852600098
                ],
                [
                    0.0,
                    0.9984607696533203,
                    -0.05546129122376442,
                    -0.22357159852981567
                ],
                [
                    0.0,
                    0.0,
                    0.0,
                    1.0
                ]
            ]
        },
        {
            "file_path": "/data/shapenet_blender/all_50_random/02958343/3220cc9f67cd763af63ee8a34069b7c5/r_41",
            "rotation": 0.12566370614359174,
            "transform_matrix": [
                [
                    0.530242919921875,
                    -0.12741295993328094,
                    0.8382173180580139,
                    3.3789620399475098
                ],
                [
                    0.8478457927703857,
                    0.07968410104513168,
                    -0.5242213010787964,
