{
    "class": "02958343",
    "model": "72d1eb25d911b6d8913eef1194316fef",
    "remove_doubles": true,
    "edge_split": true,
    "denoise": true,
    "camera_angle_x": 0.6911112070083618,
    "scale_factor": 2.2473171715753737,
    "hdri_file": "/data/IndoorHDRDataset2018/AG8A9226-7e9ad4b6a6.exr",
    "center_offset": [
        0.0,
        0.0,
        -4.6566128730773926e-09
    ],
    "lights": [],
    "frames": [
        {
            "file_path": "/data/shapenet_blender/all_50_random/02958343/72d1eb25d911b6d8913eef1194316fef/r_0",
            "rotation": 0.12566370614359174,
            "transform_matrix": [
                [
                    -0.9868781566619873,
                    0.018320370465517044,
                    -0.16042369604110718,
                    -0.6466885209083557
                ],
                [
                    -0.16146637499332428,
                    -0.1119735985994339,
                    0.9805052876472473,
                    3.952542781829834
                ],
                [
                    1.8626450382086546e-09,
                    0.9935421943664551,
                    0.11346245557069778,
                    0.4573817253112793
                ],
                [
                    0.0,
                    0.0,
                    0.0,
                    1.0
                ]
            ]
        },
        {
            "file_path": "/data/shapenet_blender/all_50_random/02958343/72d1eb25d911b6d8913eef1194316fef/r_1",
            "rotation": 0.12566370614359174,
            "transform_matrix": [
                [
                    -0.634378969669342,
                    0.670998752117157,
                    -0.38382795453071594,
                    -1.5472599267959595
                ],
                [
                    -0.7730221152305603,
                    -0.5506537556648254,
                    0.3149876296520233,
                    1.2697557210922241
                ],
                [
                    0.0,
                    0.4965290129184723,
                    0.8680201172828674,
                    3.499100923538208
                ],
                [
                    0.0,
                    0.0,
                    0.0,
                    1.0
                ]
            ]
        },
        {
            "file_path": "/data/shapenet_blender/all_50_random/02958343/72d1eb25d911b6d8913eef1194316fef/r_2",
            "rotation": 0.12566370614359174,
            "transform_matrix": [
                [
                    0.9984666705131531,
                    0.0030197056476026773,
                    0.055274561047554016,
                    0.22281888127326965
                ],
                [
                    0.05535699054598808,
                    -0.05446603149175644,
                    -0.9969799518585205,
                    -4.018954753875732
                ],
                [
                    0.0,
                    0.9985111355781555,
                    -0.054549671709537506,
                    -0.21989676356315613
                ],
                [
                    0.0,
                    0.0,
                    0.0,
                    1.0
                ]
            ]
        },
        {
            "file_path": "/data/shapenet_blender/all_50_random/02958343/72d1eb25d911b6d8913eef1194316fef/r_3",
            "rotation": 0.12566370614359174,
            "transform_matrix": [
                [
                    0.8500370383262634,
                    0.046989526599645615,
                    -0.5246226787567139,
                    -2.1148219108581543
                ],
                [
                    -0.5267228484153748,
                    0.07583273202180862,
                    -0.8466476798057556,
                    -3.4129462242126465
                ],
                [
                    0.0,
                    0.9960125684738159,
                    0.08921109139919281,
                    0.35962143540382385
                ],
                [
                    0.0,
                    0.0,
                    0.0,
                    1.0
                ]
            ]
        },
        {
            "file_path": "/data/shapenet_blender/all_50_random/02958343/72d1eb25d911b6d8913eef1194316fef/r_4",
            "rotation": 0.12566370614359174,
            "transform_matrix": [
                [
                    -0.33809852600097656,
                    -0.24006809294223785,
                    -0.9099761247634888,
                    -3.668231248855591
                ],
                [
                    -0.9411107301712036,
                    0.08624561131000519,
                    0.3269132673740387,
                    1.3178296089172363
                ],
                [
                    0.0,
                    0.9669172167778015,
                    -0.2550901770591736,
                    -1.028301477432251
                ],
                [
                    0.0,
                    0.0,
                    0.0,
                    1.0
                ]
            ]
        },
        {
            "file_path": "/data/shapenet_blender/all_50_random/02958343/72d1eb25d911b6d8913eef1194316fef/r_5",
            "rotation": 0.12566370614359174,
            "transform_matrix": [
                [
                    -0.8622872829437256,
                    -0.27546676993370056,
                    -0.42494550347328186,
                    -1.7130101919174194
                ],
                [
                    -0.5064194798469543,
                    0.46904101967811584,
                    0.7235604524612427,
                    2.9167656898498535
                ],
                [
                    0.0,
                    0.8391175866127014,
                    -0.5439499020576477,
                    -2.192732334136963
                ],
                [
                    0.0,
                    0.0,
                    0.0,
                    1.0
                ]
            ]
        },
        {
            "file_path": "/data/shapenet_blender/all_50_random/02958343/72d1eb25d911b6d8913eef1194316fef/r_6",
            "rotation": 0.12566370614359174,
            "transform_matrix": [
                [
                    -0.055389415472745895,
                    -0.21145255863666534,
                    -0.9758175015449524,
                    -3.9336462020874023
                ],
                [
                    -0.998464822769165,
                    0.01173024158924818,
                    0.054133061319589615,
                    0.21821734309196472
                ],
                [
                    9.313225746154785e-10,
                    0.9773178696632385,
                    -0.2117776870727539,
                    -0.8537031412124634
                ],
                [
                    0.0,
                    0.0,
                    0.0,
                    1.0
                ]
            ]
        },
        {
            "file_path": "/data/shapenet_blender/all_50_random/02958343/72d1eb25d911b6d8913eef1194316fef/r_7",
            "rotation": 0.12566370614359174,
            "transform_matrix": [
                [
                    -0.13144323229789734,
                    0.8513039946556091,
                    -0.5079408884048462,
                    -2.0475752353668213
                ],
                [
                    -0.9913236498832703,
                    -0.11287752538919449,
                    0.06734974682331085,
                    0.271495521068573
                ],
                [
                    -3.725290298461914e-09,
                    0.5123865008354187,
                    0.8587548732757568,
                    3.461751699447632
                ],
                [
                    0.0,
                    0.0,
                    0.0,
                    1.0
                ]
            ]
        },
        {
            "file_path": "/data/shapenet_blender/all_50_random/02958343/72d1eb25d911b6d8913eef1194316fef/r_8",
            "rotation": 0.12566370614359174,
            "transform_matrix": [
                [
                    -0.6984657049179077,
                    -0.3450998067855835,
                    0.6269384026527405,
                    2.5272696018218994
                ],
                [
                    0.715643584728241,
                    -0.3368162512779236,
                    0.6118897795677185,
                    2.466606616973877
                ],
                [
                    0.0,
                    0.8760483860969543,
                    0.4822230935096741,
                    1.9439034461975098
                ],
                [
                    0.0,
                    0.0,
                    0.0,
                    1.0
                ]
            ]
        },
        {
            "file_path": "/data/shapenet_blender/all_50_random/02958343/72d1eb25d911b6d8913eef1194316fef/r_9",
            "rotation": 0.12566370614359174,
            "transform_matrix": [
                [
                    0.890143632888794,
                    0.07564860582351685,
                    0.4493570029735565,
                    1.8114160299301147
                ],
                [
                    0.4556802213191986,
                    -0.14777494966983795,
                    -0.8777915835380554,
                    -3.5384910106658936
                ],
                [
                    0.0,
                    0.9861236214637756,
                    -0.1660124808549881,
                    -0.6692177057266235
                ],
                [
                    0.0,
                    0.0,
                    0.0,
                    1.0
                ]
            ]
        },
        {
            "file_path": "/data/shapenet_blender/all_50_random/02958343/72d1eb25d911b6d8913eef1194316fef/r_10",
            "rotation": 0.12566370614359174,
            "transform_matrix": [
                [
                    -0.9802600145339966,
                    -0.1383845955133438,
                    -0.14120952785015106,
                    -0.5692338347434998
                ],
                [
                    -0.1977130025625229,
                    0.6861100792884827,
                    0.7001160979270935,
                    2.822258234024048
                ],
                [
                    -7.450580596923828e-09,
                    0.7142146229743958,
                    -0.6999266743659973,
                    -2.8214945793151855
                ],
                [
                    0.0,
                    0.0,
                    0.0,
                    1.0
                ]
            ]
        },
        {
            "file_path": "/data/shapenet_blender/all_50_random/02958343/72d1eb25d911b6d8913eef1194316fef/r_11",
            "rotation": 0.12566370614359174,
            "transform_matrix": [
                [
                    0.9581019878387451,
                    0.04320090636610985,
                    -0.28315064311027527,
                    -1.1414167881011963
                ],
                [
                    -0.2864273190498352,
                    0.14450743794441223,
                    -0.9471414685249329,
                    -3.818049430847168
                ],
                [
                    3.725290298461914e-09,
                    0.9885602593421936,
                    0.15082675218582153,
                    0.6080020666122437
                ],
                [
                    0.0,
                    0.0,
                    0.0,
                    1.0
                ]
            ]
        },
        {
            "file_path": "/data/shapenet_blender/all_50_random/02958343/72d1eb25d911b6d8913eef1194316fef/r_12",
            "rotation": 0.12566370614359174,
            "transform_matrix": [
                [
                    -0.006810865830630064,
                    -0.3006128966808319,
                    -0.9537220001220703,
                    -3.844575881958008
                ],
                [
                    -0.9999768733978271,
                    0.00204748148098588,
                    0.0064958231523633,
                    0.026185497641563416
                ],
                [
                    -1.1641532182693481e-10,
                    0.9537439942359924,
                    -0.30061987042427063,
                    -1.2118372917175293
                ],
                [
                    0.0,
                    0.0,
                    0.0,
                    1.0
                ]
            ]
        },
        {
            "file_path": "/data/shapenet_blender/all_50_random/02958343/72d1eb25d911b6d8913eef1194316fef/r_13",
            "rotation": 0.12566370614359174,
            "transform_matrix": [
                [
                    -0.6670007705688477,
                    -0.24183101952075958,
                    0.7047182321548462,
                    2.8408100605010986
                ],
                [
                    0.7450570464134216,
                    -0.21649546921253204,
                    0.630888044834137,
                    2.5431909561157227
                ],
                [
                    0.0,
                    0.9458580017089844,
                    0.3245805501937866,
                    1.308426022529602
                ],
                [
                    0.0,
                    0.0,
                    0.0,
                    1.0
                ]
            ]
        },
        {
            "file_path": "/data/shapenet_blender/all_50_random/02958343/72d1eb25d911b6d8913eef1194316fef/r_14",
            "rotation": 0.12566370614359174,
            "transform_matrix": [
                [
                    -0.3795596659183502,
                    -0.18862135708332062,
                    0.9057352542877197,
                    3.6511356830596924
                ],
                [
                    0.9251672029495239,
                    -0.07738391309976578,
                    0.37158748507499695,
                    1.4979170560836792
                ],
                [
                    7.450580596923828e-09,
                    0.978996217250824,
                    0.20387811958789825,
                    0.8218590021133423
                ],
                [
                    0.0,
                    0.0,
                    0.0,
                    1.0
                ]
            ]
        },
        {
            "file_path": "/data/shapenet_blender/all_50_random/02958343/72d1eb25d911b6d8913eef1194316fef/r_15",
            "rotation": 0.12566370614359174,
            "transform_matrix": [
                [
                    -0.3696422278881073,
                    -0.42233753204345703,
                    0.8276445269584656,
                    3.3363420963287354
                ],
                [
                    0.9291741251945496,
                    -0.16801349818706512,
                    0.3292519450187683,
                    1.3272571563720703
                ],
                [
                    0.0,
                    0.8907313942909241,
                    0.45452991127967834,
                    1.8322688341140747
                ],
                [
                    0.0,
                    0.0,
                    0.0,
                    1.0
                ]
            ]
        },
        {
            "file_path": "/data/shapenet_blender/all_50_random/02958343/72d1eb25d911b6d8913eef1194316fef/r_16",
            "rotation": 0.12566370614359174,
            "transform_matrix": [
                [
                    -0.9375189542770386,
                    0.13033939898014069,
                    -0.3225988447666168,
                    -1.300437569618225
                ],
                [
                    -0.34793445467948914,
                    -0.3512030839920044,
                    0.8692514300346375,
                    3.5040645599365234
                ],
                [
                    0.0,
                    0.9271828532218933,
                    0.3746090829372406,
                    1.5100975036621094
                ],
                [
                    0.0,
                    0.0,
                    0.0,
                    1.0
                ]
            ]
        },
        {
            "file_path": "/data/shapenet_blender/all_50_random/02958343/72d1eb25d911b6d8913eef1194316fef/r_17",
            "rotation": 0.12566370614359174,
            "transform_matrix": [
                [
                    -0.392287939786911,
                    0.9189926981925964,
                    0.03952976316213608,
                    0.15934959053993225
                ],
                [
                    0.9198424816131592,
                    0.39192554354667664,
                    0.016858376562595367,
                    0.0679582953453064
                ],
                [
                    1.862645149230957e-09,
                    0.04297409579157829,
                    -0.9990760684013367,
                    -4.02740478515625
                ],
                [
                    0.0,
                    0.0,
                    0.0,
                    1.0
                ]
            ]
        },
        {
            "file_path": "/data/shapenet_blender/all_50_random/02958343/72d1eb25d911b6d8913eef1194316fef/r_18",
            "rotation": 0.12566370614359174,
            "transform_matrix": [
                [
                    -0.7695360779762268,
                    -0.3030607998371124,
                    0.5621105432510376,
                    2.2659404277801514
                ],
                [
                    0.6386033296585083,
                    -0.3651973307132721,
                    0.6773599982261658,
                    2.7305257320404053
                ],
                [
                    0.0,
                    0.8802187442779541,
                    0.4745681881904602,
                    1.9130456447601318
                ],
                [
                    0.0,
                    0.0,
                    0.0,
                    1.0
                ]
            ]
        },
        {
            "file_path": "/data/shapenet_blender/all_50_random/02958343/72d1eb25d911b6d8913eef1194316fef/r_19",
            "rotation": 0.12566370614359174,
            "transform_matrix": [
                [
                    -0.6256082057952881,
                    -0.28054478764533997,
                    -0.7279484868049622,
                    -2.9344544410705566
                ],
                [
                    -0.7801374793052673,
                    0.2249746024608612,
                    0.5837567448616028,
                    2.353199005126953
                ],
                [
                    0.0,
                    0.9331029653549194,
                    -0.3596093952655792,
                    -1.449631929397583
                ],
                [
                    0.0,
                    0.0,
                    0.0,
                    1.0
                ]
            ]
        },
        {
            "file_path": "/data/shapenet_blender/all_50_random/02958343/72d1eb25d911b6d8913eef1194316fef/r_20",
            "rotation": 0.12566370614359174,
            "transform_matrix": [
                [
                    0.9399561882019043,
                    -0.2632489800453186,
                    -0.2172151505947113,
                    -0.8756222724914551
                ],
                [
                    -0.3412952721118927,
                    -0.7250100374221802,
                    -0.5982289910316467,
                    -2.4115381240844727
                ],
                [
                    1.4901161193847656e-08,
                    0.636443555355072,
                    -0.7713233828544617,
                    -3.1093039512634277
                ],
                [
                    0.0,
                    0.0,
                    0.0,
                    1.0
                ]
            ]
        },
        {
            "file_path": "/data/shapenet_blender/all_50_random/02958343/72d1eb25d911b6d8913eef1194316fef/r_21",
            "rotation": 0.12566370614359174,
            "transform_matrix": [
                [
                    0.7926145195960999,
                    0.11442831158638,
                    -0.5988892912864685,
                    -2.4142003059387207
                ],
                [
                    -0.6097231507301331,
                    0.14875198900699615,
                    -0.7785309553146362,
                    -3.1383588314056396
                ],
                [
                    -7.450580596923828e-09,
                    0.982231616973877,
                    0.18767255544662476,
                    0.7565323114395142
                ],
                [
                    0.0,
                    0.0,
                    0.0,
                    1.0
                ]
            ]
        },
        {
            "file_path": "/data/shapenet_blender/all_50_random/02958343/72d1eb25d911b6d8913eef1194316fef/r_22",
            "rotation": 0.12566370614359174,
            "transform_matrix": [
                [
                    -0.7503336668014526,
                    -0.47651416063308716,
                    -0.4581851661205292,
                    -1.84700345993042
                ],
                [
                    -0.6610592603683472,
                    0.5408661961555481,
                    0.5200619101524353,
                    2.0964365005493164
                ],
                [
                    0.0,
                    0.6931074261665344,
                    -0.7208342552185059,
                    -2.905775785446167
                ],
                [
                    0.0,
                    0.0,
                    0.0,
                    1.0
                ]
            ]
        },
        {
            "file_path": "/data/shapenet_blender/all_50_random/02958343/72d1eb25d911b6d8913eef1194316fef/r_23",
            "rotation": 0.12566370614359174,
            "transform_matrix": [
                [
                    -0.9586157202720642,
                    -0.15283343195915222,
                    -0.24020375311374664,
                    -0.9682923555374146
                ],
                [
                    -0.28470319509506226,
                    0.514600932598114,
                    0.8087829947471619,
                    3.2603087425231934
                ],
                [
                    -7.4505797087454084e-09,
                    0.8436989188194275,
                    -0.5368166565895081,
                    -2.1639773845672607
                ],
                [
                    0.0,
                    0.0,
                    0.0,
                    1.0
                ]
            ]
        },
        {
            "file_path": "/data/shapenet_blender/all_50_random/02958343/72d1eb25d911b6d8913eef1194316fef/r_24",
            "rotation": 0.12566370614359174,
            "transform_matrix": [
                [
                    -0.6527978181838989,
                    -0.11081600189208984,
                    -0.7493829131126404,
                    -3.0208592414855957
                ],
                [
                    -0.7575320601463318,
                    0.09549488872289658,
                    0.645775318145752,
                    2.603203535079956
                ],
                [
                    0.0,
                    0.9892423152923584,
                    -0.1462855488061905,
                    -0.589695930480957
                ],
                [
                    0.0,
                    0.0,
                    0.0,
                    1.0
                ]
            ]
        },
        {
            "file_path": "/data/shapenet_blender/all_50_random/02958343/72d1eb25d911b6d8913eef1194316fef/r_25",
            "rotation": 0.12566370614359174,
            "transform_matrix": [
                [
                    0.5725224018096924,
                    -0.22621126472949982,
                    -0.7880650162696838,
                    -3.1767916679382324
                ],
                [
                    -0.8198889493942261,
                    -0.1579616367816925,
                    -0.5502999424934387,
                    -2.218329906463623
                ],
                [
                    7.4505792646561986e-09,
                    0.9611849784851074,
                    -0.27590471506118774,
                    -1.1122074127197266
                ],
                [
                    0.0,
                    0.0,
                    0.0,
                    1.0
                ]
            ]
        },
        {
            "file_path": "/data/shapenet_blender/all_50_random/02958343/72d1eb25d911b6d8913eef1194316fef/r_26",
            "rotation": 0.12566370614359174,
            "transform_matrix": [
                [
                    0.8125292658805847,
                    0.280234158039093,
                    -0.5111408829689026,
                    -2.0604751110076904
                ],
                [
                    -0.582920491695404,
                    0.39061662554740906,
                    -0.7124761343002319,
                    -2.8720834255218506
                ],
                [
                    -1.4901162970204496e-08,
                    0.8768622279167175,
                    0.4807416498661041,
                    1.9379316568374634
                ],
                [
                    0.0,
                    0.0,
                    0.0,
                    1.0
                ]
            ]
        },
        {
            "file_path": "/data/shapenet_blender/all_50_random/02958343/72d1eb25d911b6d8913eef1194316fef/r_27",
            "rotation": 0.12566370614359174,
            "transform_matrix": [
                [
                    0.20775321125984192,
                    0.11730177700519562,
                    -0.9711225032806396,
                    -3.914719820022583
                ],
                [
                    -0.9781812429428101,
                    0.024913398548960686,
                    -0.2062540203332901,
                    -0.8314365148544312
                ],
                [
                    -1.8626448161640496e-09,
                    0.992783784866333,
                    0.11991823464632034,
                    0.48340582847595215
                ],
                [
                    0.0,
                    0.0,
                    0.0,
                    1.0
                ]
            ]
        },
        {
            "file_path": "/data/shapenet_blender/all_50_random/02958343/72d1eb25d911b6d8913eef1194316fef/r_28",
            "rotation": 0.12566370614359174,
            "transform_matrix": [
                [
                    0.09825514256954193,
                    0.2640937268733978,
                    0.9594792127609253,
                    3.8677845001220703
                ],
                [
                    0.9951612949371338,
                    -0.026074733585119247,
                    -0.09473215043544769,
                    -0.38187751173973083
                ],
                [
                    -1.862645149230957e-09,
                    0.9641445875167847,
                    -0.2653777599334717,
                    -1.0697720050811768
                ],
                [
                    0.0,
                    0.0,
                    0.0,
                    1.0
                ]
            ]
        },
        {
            "file_path": "/data/shapenet_blender/all_50_random/02958343/72d1eb25d911b6d8913eef1194316fef/r_29",
            "rotation": 0.12566370614359174,
            "transform_matrix": [
                [
                    0.9668006300926208,
                    -0.08178778737783432,
                    0.24208934605121613,
                    0.9758933782577515
                ],
                [
                    0.25553178787231445,
                    0.3094428777694702,
                    -0.9159413576126099,
                    -3.692277669906616
                ],
                [
                    -7.450580596923828e-09,
                    0.9473941326141357,
                    0.32006895542144775,
                    1.2902392148971558
                ],
                [
                    0.0,
                    0.0,
                    0.0,
                    1.0
                ]
            ]
        },
        {
            "file_path": "/data/shapenet_blender/all_50_random/02958343/72d1eb25d911b6d8913eef1194316fef/r_30",
            "rotation": 0.12566370614359174,
            "transform_matrix": [
                [
                    -0.3729325532913208,
                    0.1906428337097168,
                    -0.9080619812011719,
                    -3.6605148315429688
                ],
                [
                    -0.9278584122657776,
                    -0.07662475109100342,
                    0.36497581005096436,
                    1.4712646007537842
                ],
                [
                    0.0,
                    0.9786643385887146,
                    0.2054654210805893,
                    0.8282576203346252
                ],
                [
                    0.0,
                    0.0,
                    0.0,
                    1.0
                ]
            ]
        },
        {
            "file_path": "/data/shapenet_blender/all_50_random/02958343/72d1eb25d911b6d8913eef1194316fef/r_31",
            "rotation": 0.12566370614359174,
            "transform_matrix": [
                [
                    -0.3016505837440491,
                    -0.005698828957974911,
                    -0.953401505947113,
                    -3.8432846069335938
                ],
                [
                    -0.9534186124801636,
                    0.0018030432984232903,
                    0.3016451299190521,
                    1.215970516204834
                ],
                [
                    1.1641532182693481e-10,
                    0.9999821186065674,
                    -0.005977259017527103,
                    -0.02409510314464569
                ],
                [
                    0.0,
                    0.0,
                    0.0,
                    1.0
                ]
            ]
        },
        {
            "file_path": "/data/shapenet_blender/all_50_random/02958343/72d1eb25d911b6d8913eef1194316fef/r_32",
            "rotation": 0.12566370614359174,
            "transform_matrix": [
                [
                    0.1719532310962677,
                    -0.08546750992536545,
                    -0.9813904762268066,
                    -3.9561116695404053
                ],
                [
                    -0.9851050972938538,
                    -0.014918627217411995,
                    -0.1713048368692398,
                    -0.6905518770217896
                ],
                [
                    -9.313225746154785e-10,
                    0.9962292313575745,
                    -0.0867597833275795,
                    -0.3497398793697357
                ],
                [
                    0.0,
                    0.0,
                    0.0,
                    1.0
                ]
            ]
        },
        {
            "file_path": "/data/shapenet_blender/all_50_random/02958343/72d1eb25d911b6d8913eef1194316fef/r_33",
            "rotation": 0.12566370614359174,
            "transform_matrix": [
                [
                    -0.03422260284423828,
                    -0.4065944254398346,
                    0.9129675030708313,
                    3.6802899837493896
                ],
                [
                    0.999414324760437,
                    -0.013922872953116894,
                    0.03126243129372597,
                    0.12602290511131287
                ],
                [
                    -9.31322685637781e-10,
                    0.9135026931762695,
                    0.40683266520500183,
                    1.6399950981140137
                ],
                [
                    0.0,
                    0.0,
                    0.0,
                    1.0
                ]
            ]
        },
        {
            "file_path": "/data/shapenet_blender/all_50_random/02958343/72d1eb25d911b6d8913eef1194316fef/r_34",
            "rotation": 0.12566370614359174,
            "transform_matrix": [
                [
                    0.9938024282455444,
                    0.0993594229221344,
                    0.04984608665108681,
                    0.20093601942062378
                ],
                [
                    0.1111617311835289,
                    -0.8882880806922913,
                    -0.4456314444541931,
                    -1.7963979244232178
                ],
                [
                    0.0,
                    0.4484105408191681,
                    -0.8938276171684265,
                    -3.6031346321105957
                ],
                [
                    0.0,
                    0.0,
                    0.0,
                    1.0
                ]
            ]
        },
        {
            "file_path": "/data/shapenet_blender/all_50_random/02958343/72d1eb25d911b6d8913eef1194316fef/r_35",
            "rotation": 0.12566370614359174,
            "transform_matrix": [
                [
                    0.967623770236969,
                    -0.04676111415028572,
                    -0.24802781641483307,
                    -0.9998321533203125
                ],
                [
                    -0.2523973286151886,
                    -0.17926958203315735,
                    -0.9508721828460693,
                    -3.8330886363983154
                ],
                [
                    0.0,
                    0.9826879501342773,
                    -0.1852678805589676,
                    -0.7468387484550476
                ],
                [
                    0.0,
                    0.0,
                    0.0,
                    1.0
                ]
            ]
        },
        {
            "file_path": "/data/shapenet_blender/all_50_random/02958343/72d1eb25d911b6d8913eef1194316fef/r_36",
            "rotation": 0.12566370614359174,
            "transform_matrix": [
                [
                    -0.1418924778699875,
                    -0.5029478073120117,
                    0.8525900840759277,
                    3.4369008541107178
                ],
                [
                    0.9898821115493774,
                    -0.07209395617246628,
                    0.12221265584230423,
                    0.4926550090312958
                ],
                [
                    7.450581485102248e-09,
                    0.8613046407699585,
                    0.5080886483192444,
                    2.048171043395996
                ],
                [
                    0.0,
                    0.0,
                    0.0,
                    1.0
                ]
            ]
        },
        {
            "file_path": "/data/shapenet_blender/all_50_random/02958343/72d1eb25d911b6d8913eef1194316fef/r_37",
            "rotation": 0.12566370614359174,
            "transform_matrix": [
                [
                    -0.9885044693946838,
                    0.07062391936779022,
                    0.13368330895900726,
                    0.5388946533203125
                ],
                [
                    0.1511918157339096,
                    0.4617449939250946,
                    0.8740324378013611,
                    3.5233373641967773
                ],
                [
                    -3.725290298461914e-09,
                    0.8841966986656189,
                    -0.46711471676826477,
                    -1.8829996585845947
                ],
                [
                    0.0,
                    0.0,
                    0.0,
                    1.0
                ]
            ]
        },
        {
            "file_path": "/data/shapenet_blender/all_50_random/02958343/72d1eb25d911b6d8913eef1194316fef/r_38",
            "rotation": 0.12566370614359174,
            "transform_matrix": [
                [
                    0.9822289347648621,
                    -0.08717136085033417,
                    0.16621527075767517,
                    0.670035183429718
                ],
                [
                    0.18768689036369324,
                    0.45619723200798035,
                    -0.8698607087135315,
                    -3.5065207481384277
                ],
                [
                    0.0,
                    0.8855986595153809,
                    0.4644511044025421,
                    1.8722622394561768
                ],
                [
                    0.0,
                    0.0,
                    0.0,
                    1.0
                ]
            ]
        },
        {
            "file_path": "/data/shapenet_blender/all_50_random/02958343/72d1eb25d911b6d8913eef1194316fef/r_39",
            "rotation": 0.12566370614359174,
            "transform_matrix": [
                [
                    0.8660758137702942,
                    -0.2644102871417999,
                    0.4242638349533081,
                    1.7102621793746948
                ],
                [
                    0.4999125897884369,
                    0.4580788314342499,
                    -0.7350178360939026,
                    -2.96295166015625
                ],
                [
                    0.0,
                    0.8486759662628174,
                    0.5289130210876465,
                    2.1321165561676025
                ],
                [
                    0.0,
                    0.0,
                    0.0,
                    1.0
                ]
            ]
        },
        {
            "file_path": "/data/shapenet_blender/all_50_random/02958343/72d1eb25d911b6d8913eef1194316fef/r_40",
            "rotation": 0.12566370614359174,
            "transform_matrix": [
                [
                    0.9016444683074951,
                    0.14335156977176666,
                    -0.4080289304256439,
                    -1.6448172330856323
                ],
                [
                    -0.4324781000614166,
                    0.2988640367984772,
                    -0.8506720662117004,
                    -3.429168701171875
                ],
                [
                    0.0,
                    0.9434672594070435,
                    0.3314655125141144,
                    1.3361802101135254
                ],
                [
                    0.0,
                    0.0,
                    0.0,
                    1.0
                ]
            ]
        },
        {
            "file_path": "/data/shapenet_blender/all_50_random/02958343/72d1eb25d911b6d8913eef1194316fef/r_41",
            "rotation": 0.12566370614359174,
            "transform_matrix": [
                [
                    -0.9828854203224182,
                    -0.0008333809091709554,
                    -0.18421627581119537,
                    -0.742599606513977
                ],
                [
                    -0.18421818315982819,
                    0.004446455743163824,
                    0.9828752875328064,
                    3.96209716796875
