{
    "class": "02958343",
    "model": "5721c147ce05684d613dc416ee51531e",
    "remove_doubles": true,
    "edge_split": true,
    "denoise": true,
    "camera_angle_x": 0.6911112070083618,
    "scale_factor": 2.2881149255264117,
    "hdri_file": "/data/IndoorHDRDataset2018/AG8A9312-26a5c8def4.exr",
    "center_offset": [
        0.0,
        -1.862645149230957e-09,
        -3.725290298461914e-09
    ],
    "lights": [],
    "frames": [
        {
            "file_path": "/data/shapenet_blender/all_50_random/02958343/5721c147ce05684d613dc416ee51531e/r_0",
            "rotation": 0.12566370614359174,
            "transform_matrix": [
                [
                    0.869989275932312,
                    0.01038866676390171,
                    -0.49296125769615173,
                    -1.9871903657913208
                ],
                [
                    -0.49307072162628174,
                    0.018330086022615433,
                    -0.869796097278595,
                    -3.5062601566314697
                ],
                [
                    0.0,
                    0.9997780323028564,
                    0.021069323644042015,
                    0.08493316173553467
                ],
                [
                    0.0,
                    0.0,
                    0.0,
                    1.0
                ]
            ]
        },
        {
            "file_path": "/data/shapenet_blender/all_50_random/02958343/5721c147ce05684d613dc416ee51531e/r_1",
            "rotation": 0.12566370614359174,
            "transform_matrix": [
                [
                    -0.9423844218254089,
                    0.013754955492913723,
                    -0.33424919843673706,
                    -1.3474016189575195
                ],
                [
                    -0.33453211188316345,
                    -0.038748014718294144,
                    0.9415873885154724,
                    3.7956602573394775
                ],
                [
                    -9.31322685637781e-10,
                    0.9991543292999268,
                    0.04111699387431145,
                    0.16574791073799133
                ],
                [
                    0.0,
                    0.0,
                    0.0,
                    1.0
                ]
            ]
        },
        {
            "file_path": "/data/shapenet_blender/all_50_random/02958343/5721c147ce05684d613dc416ee51531e/r_2",
            "rotation": 0.12566370614359174,
            "transform_matrix": [
                [
                    -0.7985840439796448,
                    0.04441916197538376,
                    -0.6002419590950012,
                    -2.4196529388427734
                ],
                [
                    -0.6018832921981812,
                    -0.0589357353746891,
                    0.7964062690734863,
                    3.210416555404663
                ],
                [
                    -3.725290298461914e-09,
                    0.9972729682922363,
                    0.07380028814077377,
                    0.297498494386673
                ],
                [
                    0.0,
                    0.0,
                    0.0,
                    1.0
                ]
            ]
        },
        {
            "file_path": "/data/shapenet_blender/all_50_random/02958343/5721c147ce05684d613dc416ee51531e/r_3",
            "rotation": 0.12566370614359174,
            "transform_matrix": [
                [
                    0.9025403261184692,
                    -0.024270758032798767,
                    0.42992088198661804,
                    1.7330665588378906
                ],
                [
                    0.4306054413318634,
                    0.050871022045612335,
                    -0.901105523109436,
                    -3.632472515106201
                ],
                [
                    0.0,
                    0.9984102845191956,
                    0.0563642717897892,
                    0.22721165418624878
                ],
                [
                    0.0,
                    0.0,
                    0.0,
                    1.0
                ]
            ]
        },
        {
            "file_path": "/data/shapenet_blender/all_50_random/02958343/5721c147ce05684d613dc416ee51531e/r_4",
            "rotation": 0.12566370614359174,
            "transform_matrix": [
                [
                    -0.9456946849822998,
                    -0.07121667265892029,
                    -0.3171590268611908,
                    -1.2785089015960693
                ],
                [
                    -0.32505643367767334,
                    0.20719243586063385,
                    0.9227185845375061,
                    3.719597578048706
                ],
                [
                    7.450581485102248e-09,
                    0.9757044911384583,
                    -0.21909023821353912,
                    -0.8831809759140015
                ],
                [
                    0.0,
                    0.0,
                    0.0,
                    1.0
                ]
            ]
        },
        {
            "file_path": "/data/shapenet_blender/all_50_random/02958343/5721c147ce05684d613dc416ee51531e/r_5",
            "rotation": 0.12566370614359174,
            "transform_matrix": [
                [
                    -0.72845858335495,
                    -0.5802600979804993,
                    -0.36420631408691406,
                    -1.4681626558303833
                ],
                [
                    -0.6850898861885071,
                    0.616992712020874,
                    0.38726189732551575,
                    1.5611026287078857
                ],
                [
                    1.4901162970204496e-08,
                    0.5316182971000671,
                    -0.8469840288162231,
                    -3.414301872253418
                ],
                [
                    0.0,
                    0.0,
                    0.0,
                    1.0
                ]
            ]
        },
        {
            "file_path": "/data/shapenet_blender/all_50_random/02958343/5721c147ce05684d613dc416ee51531e/r_6",
            "rotation": 0.12566370614359174,
            "transform_matrix": [
                [
                    -0.8247479200363159,
                    0.02379816770553589,
                    -0.5649996399879456,
                    -2.2775862216949463
                ],
                [
                    -0.5655006170272827,
                    -0.034708164632320404,
                    0.8240172863006592,
                    3.3217196464538574
                ],
                [
                    0.0,
                    0.9991140365600586,
                    0.042083367705345154,
                    0.16964346170425415
                ],
                [
                    0.0,
                    0.0,
                    0.0,
                    1.0
                ]
            ]
        },
        {
            "file_path": "/data/shapenet_blender/all_50_random/02958343/5721c147ce05684d613dc416ee51531e/r_7",
            "rotation": 0.12566370614359174,
            "transform_matrix": [
                [
                    -0.9537848830223083,
                    0.22285810112953186,
                    0.20156548917293549,
                    0.8125364780426025
                ],
                [
                    0.30049023032188416,
                    0.7073729634284973,
                    0.6397882103919983,
                    2.579068660736084
                ],
                [
                    1.4901160305669237e-08,
                    0.6707888245582581,
                    -0.7416483759880066,
                    -2.989680290222168
                ],
                [
                    0.0,
                    0.0,
                    0.0,
                    1.0
                ]
            ]
        },
        {
            "file_path": "/data/shapenet_blender/all_50_random/02958343/5721c147ce05684d613dc416ee51531e/r_8",
            "rotation": 0.12566370614359174,
            "transform_matrix": [
                [
                    0.7438552975654602,
                    0.07755528390407562,
                    -0.6638255715370178,
                    -2.675966739654541
                ],
                [
                    -0.6683406829833984,
                    0.08631811290979385,
                    -0.738830029964447,
                    -2.9783194065093994
                ],
                [
                    -3.725290298461914e-09,
                    0.9932442903518677,
                    0.11604153364896774,
                    0.46777841448783875
                ],
                [
                    0.0,
                    0.0,
                    0.0,
                    1.0
                ]
            ]
        },
        {
            "file_path": "/data/shapenet_blender/all_50_random/02958343/5721c147ce05684d613dc416ee51531e/r_9",
            "rotation": 0.12566370614359174,
            "transform_matrix": [
                [
                    0.933433473110199,
                    -0.010768544860184193,
                    -0.3585888743400574,
                    -1.445518136024475
                ],
                [
                    -0.3587505519390106,
                    -0.028018688783049583,
                    -0.9330127835273743,
                    -3.7610950469970703
                ],
                [
                    0.0,
                    0.9995492696762085,
                    -0.030016804113984108,
                    -0.12100161612033844
                ],
                [
                    0.0,
                    0.0,
                    0.0,
                    1.0
                ]
            ]
        },
        {
            "file_path": "/data/shapenet_blender/all_50_random/02958343/5721c147ce05684d613dc416ee51531e/r_10",
            "rotation": 0.12566370614359174,
            "transform_matrix": [
                [
                    0.9131153225898743,
                    0.2399899810552597,
                    0.3295833170413971,
                    1.3285930156707764
                ],
                [
                    0.4077013432979584,
                    -0.5374976992607117,
                    -0.7381569743156433,
                    -2.9756062030792236
                ],
                [
                    0.0,
                    0.8083940744400024,
                    -0.5886415243148804,
                    -2.3728902339935303
                ],
                [
                    0.0,
                    0.0,
                    0.0,
                    1.0
                ]
            ]
        },
        {
            "file_path": "/data/shapenet_blender/all_50_random/02958343/5721c147ce05684d613dc416ee51531e/r_11",
            "rotation": 0.12566370614359174,
            "transform_matrix": [
                [
                    0.7100975513458252,
                    0.0019904642831534147,
                    0.7041004300117493,
                    2.8383195400238037
                ],
                [
                    0.7041032314300537,
                    -0.002007409930229187,
                    -0.7100947499275208,
                    -2.862483501434326
                ],
                [
                    -1.1641531488804091e-10,
                    0.9999960064888,
                    -0.0028269493486732244,
                    -0.01139579713344574
                ],
                [
                    0.0,
                    0.0,
                    0.0,
                    1.0
                ]
            ]
        },
        {
            "file_path": "/data/shapenet_blender/all_50_random/02958343/5721c147ce05684d613dc416ee51531e/r_12",
            "rotation": 0.12566370614359174,
            "transform_matrix": [
                [
                    0.2605212926864624,
                    0.5792108774185181,
                    0.772426962852478,
                    3.113752603530884
                ],
                [
                    0.965468168258667,
                    -0.15629389882087708,
                    -0.2084311991930008,
                    -0.8402130603790283
                ],
                [
                    0.0,
                    0.8000543117523193,
                    -0.599927544593811,
                    -2.4183852672576904
                ],
                [
                    0.0,
                    0.0,
                    0.0,
                    1.0
                ]
            ]
        },
        {
            "file_path": "/data/shapenet_blender/all_50_random/02958343/5721c147ce05684d613dc416ee51531e/r_13",
            "rotation": 0.12566370614359174,
            "transform_matrix": [
                [
                    0.9925541281700134,
                    0.0350857675075531,
                    0.11664146184921265,
                    0.47019681334495544
                ],
                [
                    0.12180411070585251,
                    -0.28590598702430725,
                    -0.9504848718643188,
                    -3.8315272331237793
                ],
                [
                    0.0,
                    0.9576151371002197,
                    -0.28805074095726013,
                    -1.1611697673797607
                ],
                [
                    0.0,
                    0.0,
                    0.0,
                    1.0
                ]
            ]
        },
        {
            "file_path": "/data/shapenet_blender/all_50_random/02958343/5721c147ce05684d613dc416ee51531e/r_14",
            "rotation": 0.12566370614359174,
            "transform_matrix": [
                [
                    -0.22743844985961914,
                    -0.9096455574035645,
                    -0.3475869297981262,
                    -1.401167869567871
                ],
                [
                    -0.973792552947998,
                    0.21245630085468292,
                    0.08118220418691635,
                    0.3272559642791748
                ],
                [
                    7.450581485102248e-09,
                    0.3569415211677551,
                    -0.934126615524292,
                    -3.76558518409729
                ],
                [
                    0.0,
                    0.0,
                    0.0,
                    1.0
                ]
            ]
        },
        {
            "file_path": "/data/shapenet_blender/all_50_random/02958343/5721c147ce05684d613dc416ee51531e/r_15",
            "rotation": 0.12566370614359174,
            "transform_matrix": [
                [
                    0.85956209897995,
                    -0.14386995136737823,
                    -0.4903615117073059,
                    -1.976710557937622
                ],
                [
                    -0.5110312700271606,
                    -0.2419913411140442,
                    -0.8247951865196228,
                    -3.3248560428619385
                ],
                [
                    7.450580152834618e-09,
                    0.9595528841018677,
                    -0.2815285623073578,
                    -1.1348780393600464
                ],
                [
                    0.0,
                    0.0,
                    0.0,
                    1.0
                ]
            ]
        },
        {
            "file_path": "/data/shapenet_blender/all_50_random/02958343/5721c147ce05684d613dc416ee51531e/r_16",
            "rotation": 0.12566370614359174,
            "transform_matrix": [
                [
                    -0.9568169713020325,
                    -0.03142804279923439,
                    -0.28898704051971436,
                    -1.1649439334869385
                ],
                [
                    -0.29069092869758606,
                    0.10344624519348145,
                    0.9512085914611816,
                    3.834444046020508
                ],
                [
                    -1.8626450382086546e-09,
                    0.9941383004188538,
                    -0.10811500251293182,
                    -0.4358254671096802
                ],
                [
                    0.0,
                    0.0,
                    0.0,
                    1.0
                ]
            ]
        },
        {
            "file_path": "/data/shapenet_blender/all_50_random/02958343/5721c147ce05684d613dc416ee51531e/r_17",
            "rotation": 0.12566370614359174,
            "transform_matrix": [
                [
                    0.6978372931480408,
                    -0.02529727853834629,
                    -0.7158094048500061,
                    -2.8855199813842773
                ],
                [
                    -0.716256320476532,
                    -0.02464674413204193,
                    -0.6974019408226013,
                    -2.811317205429077
                ],
                [
                    0.0,
                    0.9993760585784912,
                    -0.035318754613399506,
                    -0.1423744559288025
                ],
                [
                    0.0,
                    0.0,
                    0.0,
                    1.0
                ]
            ]
        },
        {
            "file_path": "/data/shapenet_blender/all_50_random/02958343/5721c147ce05684d613dc416ee51531e/r_18",
            "rotation": 0.12566370614359174,
            "transform_matrix": [
                [
                    -0.8902746438980103,
                    -0.28667598962783813,
                    -0.3538755476474762,
                    -1.4265179634094238
                ],
                [
                    -0.4554240107536316,
                    0.5604016184806824,
                    0.6917650699615479,
                    2.7885942459106445
                ],
                [
                    -1.4901161193847656e-08,
                    0.7770242094993591,
                    -0.6294705867767334,
                    -2.5374770164489746
                ],
                [
                    0.0,
                    0.0,
                    0.0,
                    1.0
                ]
            ]
        },
        {
            "file_path": "/data/shapenet_blender/all_50_random/02958343/5721c147ce05684d613dc416ee51531e/r_19",
            "rotation": 0.12566370614359174,
            "transform_matrix": [
                [
                    -0.112594835460186,
                    0.34608545899391174,
                    -0.9314221739768982,
                    -3.754682779312134
                ],
                [
                    -0.9936410188674927,
                    -0.03921681270003319,
                    0.10554448515176773,
                    0.4254634380340576
                ],
                [
                    0.0,
                    0.9373829364776611,
                    0.34830033779144287,
                    1.4040435552597046
                ],
                [
                    0.0,
                    0.0,
                    0.0,
                    1.0
                ]
            ]
        },
        {
            "file_path": "/data/shapenet_blender/all_50_random/02958343/5721c147ce05684d613dc416ee51531e/r_20",
            "rotation": 0.12566370614359174,
            "transform_matrix": [
                [
                    0.14183202385902405,
                    -0.5612410306930542,
                    -0.8154091835021973,
                    -3.287019729614258
                ],
                [
                    -0.9898908138275146,
                    -0.08041487634181976,
                    -0.11683221161365509,
                    -0.47096574306488037
                ],
                [
                    0.0,
                    0.8237366080284119,
                    -0.5669726729393005,
                    -2.2855401039123535
                ],
                [
                    0.0,
                    0.0,
                    0.0,
                    1.0
                ]
            ]
        },
        {
            "file_path": "/data/shapenet_blender/all_50_random/02958343/5721c147ce05684d613dc416ee51531e/r_21",
            "rotation": 0.12566370614359174,
            "transform_matrix": [
                [
                    0.0205464456230402,
                    -0.31003537774086,
                    -0.9505029320716858,
                    -3.8315999507904053
                ],
                [
                    -0.9997888803482056,
                    -0.006371470633894205,
                    -0.019533582031726837,
                    -0.0787423849105835
                ],
                [
                    0.0,
                    0.9507035613059998,
                    -0.31010088324546814,
                    -1.2500566244125366
                ],
                [
                    0.0,
                    0.0,
                    0.0,
                    1.0
                ]
            ]
        },
        {
            "file_path": "/data/shapenet_blender/all_50_random/02958343/5721c147ce05684d613dc416ee51531e/r_22",
            "rotation": 0.12566370614359174,
            "transform_matrix": [
                [
                    0.8339142203330994,
                    0.3945174813270569,
                    0.38593143224716187,
                    1.555739402770996
                ],
                [
                    0.5518940687179565,
                    -0.5961174368858337,
                    -0.5831438899040222,
                    -2.3507282733917236
                ],
                [
                    0.0,
                    0.6992852091789246,
                    -0.714842677116394,
                    -2.8816230297088623
                ],
                [
                    0.0,
                    0.0,
                    0.0,
                    1.0
                ]
            ]
        },
        {
            "file_path": "/data/shapenet_blender/all_50_random/02958343/5721c147ce05684d613dc416ee51531e/r_23",
            "rotation": 0.12566370614359174,
            "transform_matrix": [
                [
                    -0.8014330863952637,
                    0.504077136516571,
                    0.32188689708709717,
                    1.2975674867630005
                ],
                [
                    0.5980843901634216,
                    0.6754634380340576,
                    0.43132850527763367,
                    1.7387405633926392
                ],
                [
                    1.4901159417490817e-08,
                    0.5381965041160583,
                    -0.8428195118904114,
                    -3.3975136280059814
                ],
                [
                    0.0,
                    0.0,
                    0.0,
                    1.0
                ]
            ]
        },
        {
            "file_path": "/data/shapenet_blender/all_50_random/02958343/5721c147ce05684d613dc416ee51531e/r_24",
            "rotation": 0.12566370614359174,
            "transform_matrix": [
                [
                    0.9990016222000122,
                    -0.036487869918346405,
                    0.025777889415621758,
                    0.10391399264335632
                ],
                [
                    0.04467510059475899,
                    0.8159229755401611,
                    -0.576431930065155,
                    -2.323671340942383
                ],
                [
                    0.0,
                    0.5770079493522644,
                    0.816738486289978,
                    3.2923781871795654
                ],
                [
                    0.0,
                    0.0,
                    0.0,
                    1.0
                ]
            ]
        },
        {
            "file_path": "/data/shapenet_blender/all_50_random/02958343/5721c147ce05684d613dc416ee51531e/r_25",
            "rotation": 0.12566370614359174,
            "transform_matrix": [
                [
                    -0.825029730796814,
                    -0.05392023175954819,
                    -0.5625109672546387,
                    -2.267554521560669
                ],
                [
                    -0.5650894641876221,
                    0.07872344553470612,
                    0.8212651014328003,
                    3.3106257915496826
                ],
                [
                    -3.725290742551124e-09,
                    0.9954372048377991,
                    -0.09541891515254974,
                    -0.3846459686756134
                ],
                [
                    0.0,
                    0.0,
                    0.0,
                    1.0
                ]
            ]
        },
        {
            "file_path": "/data/shapenet_blender/all_50_random/02958343/5721c147ce05684d613dc416ee51531e/r_26",
            "rotation": 0.12566370614359174,
            "transform_matrix": [
                [
                    0.992082953453064,
                    -0.033725347369909286,
                    0.12097060680389404,
                    0.4876481294631958
                ],
                [
                    0.12558376789093018,
                    0.26642245054244995,
                    -0.9556398987770081,
                    -3.8523077964782715
                ],
                [
                    3.725290076417309e-09,
                    0.9632660746574402,
                    0.26854851841926575,
                    1.0825538635253906
                ],
                [
                    0.0,
                    0.0,
                    0.0,
                    1.0
                ]
            ]
        },
        {
            "file_path": "/data/shapenet_blender/all_50_random/02958343/5721c147ce05684d613dc416ee51531e/r_27",
            "rotation": 0.12566370614359174,
            "transform_matrix": [
                [
                    0.6921558380126953,
                    -0.4700371325016022,
                    -0.5477091670036316,
                    -2.207886219024658
                ],
                [
                    -0.7217481136322021,
                    -0.4507652223110199,
                    -0.525252640247345,
                    -2.117361068725586
                ],
                [
                    0.0,
                    0.7588645815849304,
                    -0.6512482762336731,
                    -2.6252658367156982
                ],
                [
                    0.0,
                    0.0,
                    0.0,
                    1.0
                ]
            ]
        },
        {
            "file_path": "/data/shapenet_blender/all_50_random/02958343/5721c147ce05684d613dc416ee51531e/r_28",
            "rotation": 0.12566370614359174,
            "transform_matrix": [
                [
                    -0.5072817802429199,
                    0.25406816601753235,
                    -0.8234770894050598,
                    -3.319542407989502
                ],
                [
                    -0.8617802858352661,
                    -0.14955569803714752,
                    0.48473483324050903,
                    1.954028606414795
                ],
                [
                    0.0,
                    0.9555535316467285,
                    0.2948177754878998,
                    1.188448429107666
                ],
                [
                    0.0,
                    0.0,
                    0.0,
                    1.0
                ]
            ]
        },
        {
            "file_path": "/data/shapenet_blender/all_50_random/02958343/5721c147ce05684d613dc416ee51531e/r_29",
            "rotation": 0.12566370614359174,
            "transform_matrix": [
                [
                    -0.340264230966568,
                    -0.2266158014535904,
                    -0.912614643573761,
                    -3.6788673400878906
                ],
                [
                    -0.9403298497200012,
                    0.08200234174728394,
                    0.3302353024482727,
                    1.331221103668213
                ],
                [
                    0.0,
                    0.9705260992050171,
                    -0.24099603295326233,
                    -0.9714860916137695
                ],
                [
                    0.0,
                    0.0,
                    0.0,
                    1.0
                ]
            ]
        },
        {
            "file_path": "/data/shapenet_blender/all_50_random/02958343/5721c147ce05684d613dc416ee51531e/r_30",
            "rotation": 0.12566370614359174,
            "transform_matrix": [
                [
                    -0.9542384147644043,
                    0.042055949568748474,
                    -0.29607492685317993,
                    -1.1935162544250488
                ],
                [
                    -0.29904693365097046,
                    -0.1341976672410965,
                    0.944754958152771,
                    3.808429002761841
                ],
                [
                    3.725290298461914e-09,
                    0.9900617599487305,
                    0.14063327014446259,
                    0.5669108629226685
                ],
                [
                    0.0,
                    0.0,
                    0.0,
                    1.0
                ]
            ]
        },
        {
            "file_path": "/data/shapenet_blender/all_50_random/02958343/5721c147ce05684d613dc416ee51531e/r_31",
            "rotation": 0.12566370614359174,
            "transform_matrix": [
                [
                    0.9817495942115784,
                    0.06985930353403091,
                    0.17688296735286713,
                    0.7130380868911743
                ],
                [
                    0.19017866253852844,
                    -0.36063113808631897,
                    -0.9131139516830444,
                    -3.680880308151245
                ],
                [
                    0.0,
                    0.9300885796546936,
                    -0.3673352003097534,
                    -1.4807757139205933
                ],
                [
                    0.0,
                    0.0,
                    0.0,
                    1.0
                ]
            ]
        },
        {
            "file_path": "/data/shapenet_blender/all_50_random/02958343/5721c147ce05684d613dc416ee51531e/r_32",
            "rotation": 0.12566370614359174,
            "transform_matrix": [
                [
                    -0.9731041193008423,
                    0.01267273910343647,
                    -0.23001724481582642,
                    -0.9272292256355286
                ],
                [
                    -0.23036614060401917,
                    -0.053531717509031296,
                    0.9716303944587708,
                    3.9167675971984863
                ],
                [
                    0.0,
                    0.9984856843948364,
                    0.05501129850745201,
                    0.2217576503753662
                ],
                [
                    0.0,
                    0.0,
                    0.0,
                    1.0
                ]
            ]
        },
        {
            "file_path": "/data/shapenet_blender/all_50_random/02958343/5721c147ce05684d613dc416ee51531e/r_33",
            "rotation": 0.12566370614359174,
            "transform_matrix": [
                [
                    0.7823687791824341,
                    -0.15760080516338348,
                    -0.602545440196991,
                    -2.428938388824463
                ],
                [
                    -0.6228153705596924,
                    -0.19797512888908386,
                    -0.7569060325622559,
                    -3.0511858463287354
                ],
                [
                    -7.450580596923828e-09,
                    0.967454195022583,
                    -0.25304579734802246,
                    -1.0200601816177368
                ],
                [
                    0.0,
                    0.0,
                    0.0,
                    1.0
                ]
            ]
        },
        {
            "file_path": "/data/shapenet_blender/all_50_random/02958343/5721c147ce05684d613dc416ee51531e/r_34",
            "rotation": 0.12566370614359174,
            "transform_matrix": [
                [
                    0.739934504032135,
                    -0.15141475200653076,
                    -0.6554162502288818,
                    -2.6420674324035645
                ],
                [
                    -0.6726788878440857,
                    -0.16655346751213074,
                    -0.7209458947181702,
                    -2.9062259197235107
                ],
                [
                    -7.450580596923828e-09,
                    0.9743373990058899,
                    -0.22509217262268066,
                    -0.9073755741119385
                ],
                [
                    0.0,
                    0.0,
                    0.0,
                    1.0
                ]
            ]
        },
        {
            "file_path": "/data/shapenet_blender/all_50_random/02958343/5721c147ce05684d613dc416ee51531e/r_35",
            "rotation": 0.12566370614359174,
            "transform_matrix": [
                [
                    0.9283613562583923,
                    -0.09310375899076462,
                    -0.35982879996299744,
                    -1.4505163431167603
                ],
                [
                    -0.3716786801815033,
                    -0.23255011439323425,
                    -0.8987632393836975,
                    -3.623030424118042
                ],
                [
                    1.4901160305669237e-08,
                    0.9681177735328674,
                    -0.2504952549934387,
                    -1.009778618812561
                ],
                [
                    0.0,
                    0.0,
                    0.0,
                    1.0
                ]
            ]
        },
        {
            "file_path": "/data/shapenet_blender/all_50_random/02958343/5721c147ce05684d613dc416ee51531e/r_36",
            "rotation": 0.12566370614359174,
            "transform_matrix": [
                [
                    -0.34232836961746216,
                    -0.003947223536670208,
                    0.9395720362663269,
                    3.787536144256592
                ],
                [
                    0.9395803809165955,
                    -0.0014381383080035448,
                    0.3423253297805786,
                    1.3799575567245483
                ],
                [
                    -1.1641532182693481e-10,
                    0.9999911785125732,
                    0.004201048985123634,
                    0.016934970393776894
                ],
                [
                    0.0,
                    0.0,
                    0.0,
                    1.0
                ]
            ]
        },
        {
            "file_path": "/data/shapenet_blender/all_50_random/02958343/5721c147ce05684d613dc416ee51531e/r_37",
            "rotation": 0.12566370614359174,
            "transform_matrix": [
                [
                    0.7784430384635925,
                    0.3361921012401581,
                    -0.5300954580307007,
                    -2.136883497238159
                ],
                [
                    -0.6277152299880981,
                    0.41691896319389343,
                    -0.6573826670646667,
                    -2.6499946117401123
                ],
                [
                    -1.4901161193847656e-08,
                    0.8444840312004089,
                    0.535580575466156,
                    2.158994674682617
                ],
                [
                    0.0,
                    0.0,
                    0.0,
                    1.0
                ]
            ]
        },
        {
            "file_path": "/data/shapenet_blender/all_50_random/02958343/5721c147ce05684d613dc416ee51531e/r_38",
            "rotation": 0.12566370614359174,
            "transform_matrix": [
                [
                    0.7668715715408325,
                    0.18265129625797272,
                    -0.6152612566947937,
                    -2.4801976680755615
                ],
                [
                    -0.641800582408905,
                    0.2182454764842987,
                    -0.7351603507995605,
                    -2.963526487350464
                ],
                [
                    0.0,
                    0.958648681640625,
                    0.284591943025589,
                    1.1472269296646118
                ],
                [
                    0.0,
                    0.0,
                    0.0,
                    1.0
                ]
            ]
        },
        {
            "file_path": "/data/shapenet_blender/all_50_random/02958343/5721c147ce05684d613dc416ee51531e/r_39",
            "rotation": 0.12566370614359174,
            "transform_matrix": [
                [
                    -0.8549546003341675,
                    0.3722539246082306,
                    -0.3612197935581207,
                    -1.45612370967865
                ],
                [
                    -0.518703043460846,
                    -0.6135692000389099,
                    0.5953821539878845,
                    2.4000625610351562
                ],
                [
                    1.4901162970204496e-08,
                    0.6963905096054077,
                    0.7176629304885864,
                    2.8929920196533203
                ],
                [
                    0.0,
                    0.0,
                    0.0,
                    1.0
                ]
            ]
        },
        {
            "file_path": "/data/shapenet_blender/all_50_random/02958343/5721c147ce05684d613dc416ee51531e/r_40",
            "rotation": 0.12566370614359174,
            "transform_matrix": [
                [
                    -0.3103846311569214,
                    0.6777505874633789,
                    0.6665699481964111,
                    2.6870293617248535
                ],
                [
                    0.9506109952926636,
                    0.22129280865192413,
                    0.21764221787452698,
                    0.8773437738418579
                ],
                [
                    0.0,
                    0.7012015581130981,
                    -0.7129630446434021,
                    -2.8740458488464355
                ],
                [
                    0.0,
                    0.0,
                    0.0,
                    1.0
                ]
            ]
        },
        {
            "file_path": "/data/shapenet_blender/all_50_random/02958343/5721c147ce05684d613dc416ee51531e/r_41",
            "rotation": 0.12566370614359174,
            "transform_matrix": [
                [
                    -0.9845540523529053,
                    0.06994945555925369,
                    0.16050054132938385,
                    0.646998405456543
                ],
                [
                    0.17508098483085632,
                    0.39335522055625916,
                    0.9025620818138123,
