{
    "class": "02958343",
    "model": "e5c45e408595abe2bfff0ff366de48fe",
    "remove_doubles": true,
    "edge_split": true,
    "denoise": true,
    "camera_angle_x": 0.6911112070083618,
    "scale_factor": 2.196491628642814,
    "hdri_file": "/data/IndoorHDRDataset2018/9C4A6225-ccf0d2da77.exr",
    "center_offset": [
        0.0,
        -1.862645149230957e-09,
        -3.725290298461914e-09
    ],
    "lights": [],
    "frames": [
        {
            "file_path": "/data/shapenet_blender/all_50_random/02958343/e5c45e408595abe2bfff0ff366de48fe/r_0",
            "rotation": 0.12566370614359174,
            "transform_matrix": [
                [
                    0.3449949622154236,
                    0.5838616490364075,
                    -0.7349040508270264,
                    -2.9624931812286377
                ],
                [
                    -0.9386045932769775,
                    0.21460509300231934,
                    -0.2701224684715271,
                    -1.0888986587524414
                ],
                [
                    -1.4901161193847656e-08,
                    0.7829751968383789,
                    0.6220528483390808,
                    2.507575511932373
                ],
                [
                    0.0,
                    0.0,
                    0.0,
                    1.0
                ]
            ]
        },
        {
            "file_path": "/data/shapenet_blender/all_50_random/02958343/e5c45e408595abe2bfff0ff366de48fe/r_1",
            "rotation": 0.12566370614359174,
            "transform_matrix": [
                [
                    0.7589238286018372,
                    -0.29033511877059937,
                    -0.5828723311424255,
                    -2.3496334552764893
                ],
                [
                    -0.6511794328689575,
                    -0.3383740782737732,
                    -0.6793146133422852,
                    -2.7384047508239746
                ],
                [
                    0.0,
                    0.8951024413108826,
                    -0.44586044549942017,
                    -1.7973209619522095
                ],
                [
                    0.0,
                    0.0,
                    0.0,
                    1.0
                ]
            ]
        },
        {
            "file_path": "/data/shapenet_blender/all_50_random/02958343/e5c45e408595abe2bfff0ff366de48fe/r_2",
            "rotation": 0.12566370614359174,
            "transform_matrix": [
                [
                    -0.5351470708847046,
                    -0.27543723583221436,
                    -0.7985936403274536,
                    -3.2192342281341553
                ],
                [
                    -0.8447589874267578,
                    0.17448696494102478,
                    0.5059017539024353,
                    2.039355516433716
                ],
                [
                    -1.4901162970204496e-08,
                    0.9453509449958801,
                    -0.32605424523353577,
                    -1.3143668174743652
                ],
                [
                    0.0,
                    0.0,
                    0.0,
                    1.0
                ]
            ]
        },
        {
            "file_path": "/data/shapenet_blender/all_50_random/02958343/e5c45e408595abe2bfff0ff366de48fe/r_3",
            "rotation": 0.12566370614359174,
            "transform_matrix": [
                [
                    -0.7677831649780273,
                    -0.45317021012306213,
                    -0.45293018221855164,
                    -1.825819969177246
                ],
                [
                    -0.6407097578048706,
                    0.5430484414100647,
                    0.5427608489990234,
                    2.187938928604126
                ],
                [
                    -1.4901161193847656e-08,
                    0.7069193124771118,
                    -0.7072941064834595,
                    -2.85119366645813
                ],
                [
                    0.0,
                    0.0,
                    0.0,
                    1.0
                ]
            ]
        },
        {
            "file_path": "/data/shapenet_blender/all_50_random/02958343/e5c45e408595abe2bfff0ff366de48fe/r_4",
            "rotation": 0.12566370614359174,
            "transform_matrix": [
                [
                    -0.9819904565811157,
                    0.14673633873462677,
                    -0.11900930106639862,
                    -0.4797418713569641
                ],
                [
                    -0.18893061578273773,
                    -0.7626804709434509,
                    0.6185656785964966,
                    2.493518352508545
                ],
                [
                    0.0,
                    0.6299101710319519,
                    0.7766678929328918,
                    3.1308486461639404
                ],
                [
                    0.0,
                    0.0,
                    0.0,
                    1.0
                ]
            ]
        },
        {
            "file_path": "/data/shapenet_blender/all_50_random/02958343/e5c45e408595abe2bfff0ff366de48fe/r_5",
            "rotation": 0.12566370614359174,
            "transform_matrix": [
                [
                    -0.7614604830741882,
                    0.06647700816392899,
                    -0.6447935700416565,
                    -2.599246025085449
                ],
                [
                    -0.6482114195823669,
                    -0.07809121906757355,
                    0.7574455738067627,
                    3.0533607006073
                ],
                [
                    -3.725290298461914e-09,
                    0.994727373123169,
                    0.10255453735589981,
                    0.4134105443954468
                ],
                [
                    0.0,
                    0.0,
                    0.0,
                    1.0
                ]
            ]
        },
        {
            "file_path": "/data/shapenet_blender/all_50_random/02958343/e5c45e408595abe2bfff0ff366de48fe/r_6",
            "rotation": 0.12566370614359174,
            "transform_matrix": [
                [
                    -0.9477502703666687,
                    -0.17419959604740143,
                    -0.26725247502326965,
                    -1.077329158782959
                ],
                [
                    -0.3190131187438965,
                    0.517526388168335,
                    0.7939754128456116,
                    3.2006173133850098
                ],
                [
                    1.4901161193847656e-08,
                    0.8377473950386047,
                    -0.5460577607154846,
                    -2.2012293338775635
                ],
                [
                    0.0,
                    0.0,
                    0.0,
                    1.0
                ]
            ]
        },
        {
            "file_path": "/data/shapenet_blender/all_50_random/02958343/e5c45e408595abe2bfff0ff366de48fe/r_7",
            "rotation": 0.12566370614359174,
            "transform_matrix": [
                [
                    -0.6937009692192078,
                    -0.061562180519104004,
                    0.7176274061203003,
                    2.892848491668701
                ],
                [
                    0.7202631831169128,
                    -0.059291861951351166,
                    0.6911624073982239,
                    2.7861647605895996
                ],
                [
                    0.0,
                    0.9963405728340149,
                    0.08547179400920868,
                    0.3445478081703186
                ],
                [
                    0.0,
                    0.0,
                    0.0,
                    1.0
                ]
            ]
        },
        {
            "file_path": "/data/shapenet_blender/all_50_random/02958343/e5c45e408595abe2bfff0ff366de48fe/r_8",
            "rotation": 0.12566370614359174,
            "transform_matrix": [
                [
                    -0.9999542236328125,
                    0.0032910583540797234,
                    0.008987334556877613,
                    0.036229103803634644
                ],
                [
                    0.009570959024131298,
                    0.3438430428504944,
                    0.938978374004364,
                    3.785142660140991
                ],
                [
                    0.0,
                    0.9390214085578918,
                    -0.3438587486743927,
                    -1.386138916015625
                ],
                [
                    0.0,
                    0.0,
                    0.0,
                    1.0
                ]
            ]
        },
        {
            "file_path": "/data/shapenet_blender/all_50_random/02958343/e5c45e408595abe2bfff0ff366de48fe/r_9",
            "rotation": 0.12566370614359174,
            "transform_matrix": [
                [
                    -0.16999338567256927,
                    -0.8202383518218994,
                    0.5461788773536682,
                    2.2017173767089844
                ],
                [
                    0.9854451417922974,
                    -0.1414945423603058,
                    0.09421812742948532,
                    0.37980541586875916
                ],
                [
                    1.4901160305669237e-08,
                    0.5542457699775696,
                    0.8323529958724976,
                    3.3553223609924316
                ],
                [
                    0.0,
                    0.0,
                    0.0,
                    1.0
                ]
            ]
        },
        {
            "file_path": "/data/shapenet_blender/all_50_random/02958343/e5c45e408595abe2bfff0ff366de48fe/r_10",
            "rotation": 0.12566370614359174,
            "transform_matrix": [
                [
                    0.479804664850235,
                    -0.41366928815841675,
                    -0.7737345099449158,
                    -3.1190237998962402
                ],
                [
                    -0.8773753046989441,
                    -0.22622068226337433,
                    -0.42312726378440857,
                    -1.7056807279586792
                ],
                [
                    0.0,
                    0.8818739056587219,
                    -0.4714849889278412,
                    -1.9006168842315674
                ],
                [
                    0.0,
                    0.0,
                    0.0,
                    1.0
                ]
            ]
        },
        {
            "file_path": "/data/shapenet_blender/all_50_random/02958343/e5c45e408595abe2bfff0ff366de48fe/r_11",
            "rotation": 0.12566370614359174,
            "transform_matrix": [
                [
                    -0.8417714834213257,
                    -0.2595635950565338,
                    0.4733365476131439,
                    1.908080816268921
                ],
                [
                    0.5398340225219727,
                    -0.40474146604537964,
                    0.7380809187889099,
                    2.975299596786499
                ],
                [
                    -1.4901161193847656e-08,
                    0.8768186569213867,
                    0.48082107305526733,
                    1.9382518529891968
                ],
                [
                    0.0,
                    0.0,
                    0.0,
                    1.0
                ]
            ]
        },
        {
            "file_path": "/data/shapenet_blender/all_50_random/02958343/e5c45e408595abe2bfff0ff366de48fe/r_12",
            "rotation": 0.12566370614359174,
            "transform_matrix": [
                [
                    0.05446798726916313,
                    0.11129703372716904,
                    0.9922933578491211,
                    4.000062465667725
                ],
                [
                    0.9985156059265137,
                    -0.006071137264370918,
                    -0.05412857234477997,
                    -0.2181992530822754
                ],
                [
                    -4.656613428188905e-10,
                    0.9937686324119568,
                    -0.11146248877048492,
                    -0.44931966066360474
                ],
                [
                    0.0,
                    0.0,
                    0.0,
                    1.0
                ]
            ]
        },
        {
            "file_path": "/data/shapenet_blender/all_50_random/02958343/e5c45e408595abe2bfff0ff366de48fe/r_13",
            "rotation": 0.12566370614359174,
            "transform_matrix": [
                [
                    0.3649758994579315,
                    -0.4748375713825226,
                    -0.8008257150650024,
                    -3.228231906890869
                ],
                [
                    -0.9310170412063599,
                    -0.1861451268196106,
                    -0.3139384984970093,
                    -1.2655266523361206
                ],
                [
                    -1.4901161193847656e-08,
                    0.8601623177528381,
                    -0.5100202560424805,
                    -2.055957555770874
                ],
                [
                    0.0,
                    0.0,
                    0.0,
                    1.0
                ]
            ]
        },
        {
            "file_path": "/data/shapenet_blender/all_50_random/02958343/e5c45e408595abe2bfff0ff366de48fe/r_14",
            "rotation": 0.12566370614359174,
            "transform_matrix": [
                [
                    -0.6235131025314331,
                    -0.38741713762283325,
                    0.6790724396705627,
                    2.737428665161133
                ],
                [
                    0.7818129062652588,
                    -0.3089737296104431,
                    0.5415753126144409,
                    2.183159828186035
                ],
                [
                    -1.4901161193847656e-08,
                    0.8685868978500366,
                    0.4955368936061859,
                    1.9975731372833252
                ],
                [
                    0.0,
                    0.0,
                    0.0,
                    1.0
                ]
            ]
        },
        {
            "file_path": "/data/shapenet_blender/all_50_random/02958343/e5c45e408595abe2bfff0ff366de48fe/r_15",
            "rotation": 0.12566370614359174,
            "transform_matrix": [
                [
                    -0.2584957182407379,
                    0.559531033039093,
                    0.7874674797058105,
                    3.1743829250335693
                ],
                [
                    0.9660124182701111,
                    0.14972516894340515,
                    0.2107187956571579,
                    0.8494346141815186
                ],
                [
                    0.0,
                    0.8151732683181763,
                    -0.5792171955108643,
                    -2.3348991870880127
                ],
                [
                    0.0,
                    0.0,
                    0.0,
                    1.0
                ]
            ]
        },
        {
            "file_path": "/data/shapenet_blender/all_50_random/02958343/e5c45e408595abe2bfff0ff366de48fe/r_16",
            "rotation": 0.12566370614359174,
            "transform_matrix": [
                [
                    -0.9948868155479431,
                    0.07711921632289886,
                    -0.06521383672952652,
                    -0.2628853917121887
                ],
                [
                    -0.10099612921476364,
                    -0.7596815228462219,
                    0.6424046754837036,
                    2.589616060256958
                ],
                [
                    0.0,
                    0.6457063555717468,
                    0.7635858654975891,
                    3.078113079071045
                ],
                [
                    0.0,
                    0.0,
                    0.0,
                    1.0
                ]
            ]
        },
        {
            "file_path": "/data/shapenet_blender/all_50_random/02958343/e5c45e408595abe2bfff0ff366de48fe/r_17",
            "rotation": 0.12566370614359174,
            "transform_matrix": [
                [
                    0.08011430501937866,
                    -0.4105578064918518,
                    -0.9083082675933838,
                    -3.6615078449249268
                ],
                [
                    -0.9967857003211975,
                    -0.03299761936068535,
                    -0.0730031430721283,
                    -0.2942850887775421
                ],
                [
                    -1.862645371275562e-09,
                    0.9112372398376465,
                    -0.4118817150592804,
                    -1.6603482961654663
                ],
                [
                    0.0,
                    0.0,
                    0.0,
                    1.0
                ]
            ]
        },
        {
            "file_path": "/data/shapenet_blender/all_50_random/02958343/e5c45e408595abe2bfff0ff366de48fe/r_18",
            "rotation": 0.12566370614359174,
            "transform_matrix": [
                [
                    0.8183033466339111,
                    -0.5540174841880798,
                    0.1531156599521637,
                    0.6172289848327637
                ],
                [
                    0.5747867822647095,
                    0.7887347936630249,
                    -0.21798527240753174,
                    -0.8787267208099365
                ],
                [
                    7.450581485102248e-09,
                    0.2663869857788086,
                    0.9638661742210388,
                    3.8854687213897705
                ],
                [
                    0.0,
                    0.0,
                    0.0,
                    1.0
                ]
            ]
        },
        {
            "file_path": "/data/shapenet_blender/all_50_random/02958343/e5c45e408595abe2bfff0ff366de48fe/r_19",
            "rotation": 0.12566370614359174,
            "transform_matrix": [
                [
                    0.9095170497894287,
                    -0.022991914302110672,
                    -0.41503024101257324,
                    -1.673040509223938
                ],
                [
                    -0.4156666696071625,
                    -0.05030842870473862,
                    -0.9081245064735413,
                    -3.6607673168182373
                ],
                [
                    1.862645371275562e-09,
                    0.9984689354896545,
                    -0.0553133487701416,
                    -0.2229752540588379
                ],
                [
                    0.0,
                    0.0,
                    0.0,
                    1.0
                ]
            ]
        },
        {
            "file_path": "/data/shapenet_blender/all_50_random/02958343/e5c45e408595abe2bfff0ff366de48fe/r_20",
            "rotation": 0.12566370614359174,
            "transform_matrix": [
                [
                    -0.4700608253479004,
                    -0.8560402989387512,
                    0.2150295227766037,
                    0.8668116927146912
                ],
                [
                    0.8826340436935425,
                    -0.45589789748191833,
                    0.11451740562915802,
                    0.46163439750671387
                ],
                [
                    -7.450580152834618e-09,
                    0.24362243711948395,
                    0.9698701500892639,
                    3.9096713066101074
                ],
                [
                    0.0,
                    0.0,
                    0.0,
                    1.0
                ]
            ]
        },
        {
            "file_path": "/data/shapenet_blender/all_50_random/02958343/e5c45e408595abe2bfff0ff366de48fe/r_21",
            "rotation": 0.12566370614359174,
            "transform_matrix": [
                [
                    -0.5625149011611938,
                    -0.4493788778781891,
                    0.6939996480941772,
                    2.797602415084839
                ],
                [
                    0.8267870545387268,
                    -0.3057405352592468,
                    0.4721713364124298,
                    1.9033836126327515
                ],
                [
                    1.4901160305669237e-08,
                    0.8393934965133667,
                    0.5435241460800171,
                    2.19101619720459
                ],
                [
                    0.0,
                    0.0,
                    0.0,
                    1.0
                ]
            ]
        },
        {
            "file_path": "/data/shapenet_blender/all_50_random/02958343/e5c45e408595abe2bfff0ff366de48fe/r_22",
            "rotation": 0.12566370614359174,
            "transform_matrix": [
                [
                    -0.905672013759613,
                    0.06842458248138428,
                    -0.41842108964920044,
                    -1.6867094039916992
                ],
                [
                    -0.4239789545536041,
                    -0.1461634635925293,
                    0.8937997817993164,
                    3.6030220985412598
                ],
                [
                    0.0,
                    0.9868912100791931,
                    0.16138675808906555,
                    0.650570809841156
                ],
                [
                    0.0,
                    0.0,
                    0.0,
                    1.0
                ]
            ]
        },
        {
            "file_path": "/data/shapenet_blender/all_50_random/02958343/e5c45e408595abe2bfff0ff366de48fe/r_23",
            "rotation": 0.12566370614359174,
            "transform_matrix": [
                [
                    -0.858527421951294,
                    -0.22910481691360474,
                    -0.45873934030532837,
                    -1.8492374420166016
                ],
                [
                    -0.5127678513526917,
                    0.38359031081199646,
                    0.768067479133606,
                    3.0961790084838867
                ],
                [
                    0.0,
                    0.8946337103843689,
                    -0.4468003511428833,
                    -1.801109790802002
                ],
                [
                    0.0,
                    0.0,
                    0.0,
                    1.0
                ]
            ]
        },
        {
            "file_path": "/data/shapenet_blender/all_50_random/02958343/e5c45e408595abe2bfff0ff366de48fe/r_24",
            "rotation": 0.12566370614359174,
            "transform_matrix": [
                [
                    -0.39620867371559143,
                    0.6538221836090088,
                    0.6446201205253601,
                    2.5985467433929443
                ],
                [
                    0.9181604385375977,
                    0.28214025497436523,
                    0.27816933393478394,
                    1.1213364601135254
                ],
                [
                    -1.4901160305669237e-08,
                    0.7020778656005859,
                    -0.7121001482009888,
                    -2.870567560195923
                ],
                [
                    0.0,
                    0.0,
                    0.0,
                    1.0
                ]
            ]
        },
        {
            "file_path": "/data/shapenet_blender/all_50_random/02958343/e5c45e408595abe2bfff0ff366de48fe/r_25",
            "rotation": 0.12566370614359174,
            "transform_matrix": [
                [
                    -0.6385167241096497,
                    -0.02603955939412117,
                    0.7691673040390015,
                    3.1006126403808594
                ],
                [
                    0.7696080207824707,
                    -0.021604109555482864,
                    0.6381511092185974,
                    2.572469472885132
                ],
                [
                    1.862645371275562e-09,
                    0.9994273781776428,
                    0.03383484110236168,
                    0.13639260828495026
                ],
                [
                    0.0,
                    0.0,
                    0.0,
                    1.0
                ]
            ]
        },
        {
            "file_path": "/data/shapenet_blender/all_50_random/02958343/e5c45e408595abe2bfff0ff366de48fe/r_26",
            "rotation": 0.12566370614359174,
            "transform_matrix": [
                [
                    0.9842390418052673,
                    -0.07032999396324158,
                    -0.1622564047574997,
                    -0.6540765166282654
                ],
                [
                    -0.17684301733970642,
                    -0.39142927527427673,
                    -0.903055727481842,
                    -3.640334129333496
                ],
                [
                    0.0,
                    0.9175165891647339,
                    -0.3976973295211792,
                    -1.6031692028045654
                ],
                [
                    0.0,
                    0.0,
                    0.0,
                    1.0
                ]
            ]
        },
        {
            "file_path": "/data/shapenet_blender/all_50_random/02958343/e5c45e408595abe2bfff0ff366de48fe/r_27",
            "rotation": 0.12566370614359174,
            "transform_matrix": [
                [
                    0.14520689845085144,
                    0.9140315651893616,
                    -0.3787625730037689,
                    -1.5268408060073853
                ],
                [
                    -0.9894012808799744,
                    0.13414545357227325,
                    -0.05558810010552406,
                    -0.2240827977657318
                ],
                [
                    0.0,
                    0.38281992077827454,
                    0.9238229393959045,
                    3.7240493297576904
                ],
                [
                    0.0,
                    0.0,
                    0.0,
                    1.0
                ]
            ]
        },
        {
            "file_path": "/data/shapenet_blender/all_50_random/02958343/e5c45e408595abe2bfff0ff366de48fe/r_28",
            "rotation": 0.12566370614359174,
            "transform_matrix": [
                [
                    -0.9967063665390015,
                    -0.046415094286203384,
                    -0.06649991869926453,
                    -0.2680697441101074
                ],
                [
                    -0.08109625428915024,
                    0.5704606175422668,
                    0.8173114061355591,
                    3.2946877479553223
                ],
                [
                    0.0,
                    0.8200123310089111,
                    -0.5723458528518677,
                    -2.3071999549865723
                ],
                [
                    0.0,
                    0.0,
                    0.0,
                    1.0
                ]
            ]
        },
        {
            "file_path": "/data/shapenet_blender/all_50_random/02958343/e5c45e408595abe2bfff0ff366de48fe/r_29",
            "rotation": 0.12566370614359174,
            "transform_matrix": [
                [
                    0.9958802461624146,
                    0.06378044188022614,
                    -0.06445638835430145,
                    -0.2598320245742798
                ],
                [
                    -0.0906783938407898,
                    0.7004720568656921,
                    -0.7078956961631775,
                    -2.853618860244751
                ],
                [
                    0.0,
                    0.710824191570282,
                    0.7033697962760925,
                    2.835374355316162
                ],
                [
                    0.0,
                    0.0,
                    0.0,
                    1.0
                ]
            ]
        },
        {
            "file_path": "/data/shapenet_blender/all_50_random/02958343/e5c45e408595abe2bfff0ff366de48fe/r_30",
            "rotation": 0.12566370614359174,
            "transform_matrix": [
                [
                    -0.7864209413528442,
                    0.015054128132760525,
                    -0.6175076365470886,
                    -2.4892525672912598
                ],
                [
                    -0.6176910400390625,
                    -0.01916634663939476,
                    0.7861873507499695,
                    3.169222116470337
                ],
                [
                    0.0,
                    0.9997029304504395,
                    0.024371620267629623,
                    0.09824512898921967
                ],
                [
                    0.0,
                    0.0,
                    0.0,
                    1.0
                ]
            ]
        },
        {
            "file_path": "/data/shapenet_blender/all_50_random/02958343/e5c45e408595abe2bfff0ff366de48fe/r_31",
            "rotation": 0.12566370614359174,
            "transform_matrix": [
                [
                    -0.675979495048523,
                    -0.10754185169935226,
                    0.7290312051773071,
                    2.9388186931610107
                ],
                [
                    0.7369204163551331,
                    -0.09864848852157593,
                    0.6687426567077637,
                    2.6957879066467285
                ],
                [
                    0.0,
                    0.9892942905426025,
                    0.14593413472175598,
                    0.5882793068885803
                ],
                [
                    0.0,
                    0.0,
                    0.0,
                    1.0
                ]
            ]
        },
        {
            "file_path": "/data/shapenet_blender/all_50_random/02958343/e5c45e408595abe2bfff0ff366de48fe/r_32",
            "rotation": 0.12566370614359174,
            "transform_matrix": [
                [
                    0.385973185300827,
                    -0.09284643083810806,
                    0.9178258180618286,
                    3.69987416267395
                ],
                [
                    0.9225099682807922,
                    0.0388464480638504,
                    -0.3840133845806122,
                    -1.5480074882507324
                ],
                [
                    0.0,
                    0.994922399520874,
                    0.10064544528722763,
                    0.4057147800922394
                ],
                [
                    0.0,
                    0.0,
                    0.0,
                    1.0
                ]
            ]
        },
        {
            "file_path": "/data/shapenet_blender/all_50_random/02958343/e5c45e408595abe2bfff0ff366de48fe/r_33",
            "rotation": 0.12566370614359174,
            "transform_matrix": [
                [
                    0.5100340843200684,
                    -0.5376231074333191,
                    -0.6714361906051636,
                    -2.706645965576172
                ],
                [
                    -0.8601542711257935,
                    -0.318787157535553,
                    -0.39813247323036194,
                    -1.6049233675003052
                ],
                [
                    -2.980232594040899e-08,
                    0.7805998921394348,
                    -0.625031054019928,
                    -2.519580841064453
                ],
                [
                    0.0,
                    0.0,
                    0.0,
                    1.0
                ]
            ]
        },
        {
            "file_path": "/data/shapenet_blender/all_50_random/02958343/e5c45e408595abe2bfff0ff366de48fe/r_34",
            "rotation": 0.12566370614359174,
            "transform_matrix": [
                [
                    -0.6422393918037415,
                    0.22485432028770447,
                    0.7327817678451538,
                    2.9539377689361572
                ],
                [
                    0.766504168510437,
                    0.18840119242668152,
                    0.6139840483665466,
                    2.475048780441284
                ],
                [
                    0.0,
                    0.9560050368309021,
                    -0.2933504283428192,
                    -1.1825333833694458
                ],
                [
                    0.0,
                    0.0,
                    0.0,
                    1.0
                ]
            ]
        },
        {
            "file_path": "/data/shapenet_blender/all_50_random/02958343/e5c45e408595abe2bfff0ff366de48fe/r_35",
            "rotation": 0.12566370614359174,
            "transform_matrix": [
                [
                    -0.3965841233730316,
                    -0.6906011700630188,
                    0.6048065423965454,
                    2.4380533695220947
                ],
                [
                    0.9179983735084534,
                    -0.2983463704586029,
                    0.2612822651863098,
                    1.0532625913619995
                ],
                [
                    0.0,
                    0.6588319540023804,
                    0.7522900700569153,
                    3.032578706741333
                ],
                [
                    0.0,
                    0.0,
                    0.0,
                    1.0
                ]
            ]
        },
        {
            "file_path": "/data/shapenet_blender/all_50_random/02958343/e5c45e408595abe2bfff0ff366de48fe/r_36",
            "rotation": 0.12566370614359174,
            "transform_matrix": [
                [
                    0.25294843316078186,
                    -0.42038971185684204,
                    0.8713721632957458,
                    3.5126137733459473
                ],
                [
                    0.9674798250198364,
                    0.1099112406373024,
                    -0.2278209924697876,
                    -0.9183758497238159
                ],
                [
                    7.450581485102248e-09,
                    0.9006618857383728,
                    0.434520423412323,
                    1.7516080141067505
                ],
                [
                    0.0,
                    0.0,
                    0.0,
                    1.0
                ]
            ]
        },
        {
            "file_path": "/data/shapenet_blender/all_50_random/02958343/e5c45e408595abe2bfff0ff366de48fe/r_37",
            "rotation": 0.12566370614359174,
            "transform_matrix": [
                [
                    0.7048356533050537,
                    -0.24604684114456177,
                    -0.6653327345848083,
                    -2.682042121887207
                ],
                [
                    -0.7093706727027893,
                    -0.2444738745689392,
                    -0.6610792875289917,
                    -2.66489577293396
                ],
                [
                    0.0,
                    0.9379197955131531,
                    -0.34685230255126953,
                    -1.398206353187561
                ],
                [
                    0.0,
                    0.0,
                    0.0,
                    1.0
                ]
            ]
        },
        {
            "file_path": "/data/shapenet_blender/all_50_random/02958343/e5c45e408595abe2bfff0ff366de48fe/r_38",
            "rotation": 0.12566370614359174,
            "transform_matrix": [
                [
                    0.3748135268688202,
                    0.20298311114311218,
                    -0.9046063423156738,
                    -3.6465847492218018
                ],
                [
                    -0.9271003007888794,
                    0.0820632055401802,
                    -0.3657195568084717,
                    -1.4742627143859863
                ],
                [
                    0.0,
                    0.9757373929023743,
                    0.21894408762454987,
                    0.8825918436050415
                ],
                [
                    0.0,
                    0.0,
                    0.0,
                    1.0
                ]
            ]
        },
        {
            "file_path": "/data/shapenet_blender/all_50_random/02958343/e5c45e408595abe2bfff0ff366de48fe/r_39",
            "rotation": 0.12566370614359174,
            "transform_matrix": [
                [
                    0.44748416543006897,
                    0.4478876292705536,
                    -0.7740507125854492,
                    -3.120298147201538
                ],
                [
                    -0.8942918181419373,
                    0.22411322593688965,
                    -0.38731810450553894,
                    -1.5613292455673218
                ],
                [
                    1.4901161193847656e-08,
                    0.8655458688735962,
                    0.5008294582366943,
                    2.0189080238342285
                ],
                [
                    0.0,
                    0.0,
                    0.0,
                    1.0
                ]
            ]
        },
        {
            "file_path": "/data/shapenet_blender/all_50_random/02958343/e5c45e408595abe2bfff0ff366de48fe/r_40",
            "rotation": 0.12566370614359174,
            "transform_matrix": [
                [
                    0.9567583203315735,
                    0.05178265646100044,
                    0.286237895488739,
                    1.1538619995117188
                ],
                [
                    0.2908841669559479,
                    -0.1703203320503235,
                    -0.9414761066436768,
                    -3.7952117919921875
                ],
                [
                    0.0,
                    0.9840270280838013,
                    -0.17801815271377563,
                    -0.7176141738891602
                ],
                [
                    0.0,
                    0.0,
                    0.0,
                    1.0
                ]
            ]
        },
        {
            "file_path": "/data/shapenet_blender/all_50_random/02958343/e5c45e408595abe2bfff0ff366de48fe/r_41",
            "rotation": 0.12566370614359174,
            "transform_matrix": [
                [
                    -0.9212390184402466,
                    -0.11802324652671814,
                    -0.3706607222557068,
                    -1.4941811561584473
                ],
                [
                    -0.38899728655815125,
                    0.2795073688030243,
                    0.8778136372566223,
                    3.5385799407958984
                ],
                [
