{
    "class": "02958343",
    "model": "e39215e03ab8e65e68428aabd2c41ee8",
    "remove_doubles": true,
    "edge_split": true,
    "denoise": true,
    "camera_angle_x": 0.6911112070083618,
    "scale_factor": 2.2884577729597306,
    "hdri_file": "/data/IndoorHDRDataset2018/9C4A0321-b68bbecfc0.exr",
    "center_offset": [
        0.0,
        0.0,
        0.0
    ],
    "lights": [],
    "frames": [
        {
            "file_path": "/data/shapenet_blender/all_50_random/02958343/e39215e03ab8e65e68428aabd2c41ee8/r_0",
            "rotation": 0.12566370614359174,
            "transform_matrix": [
                [
                    -0.93276047706604,
                    0.01914559304714203,
                    0.35998809337615967,
                    1.4511585235595703
                ],
                [
                    0.3604968786239624,
                    0.04953787848353386,
                    0.931443989276886,
                    3.7547709941864014
                ],
                [
                    0.0,
                    0.9985886812210083,
                    -0.053108904510736465,
                    -0.21408885717391968
                ],
                [
                    0.0,
                    0.0,
                    0.0,
                    1.0
                ]
            ]
        },
        {
            "file_path": "/data/shapenet_blender/all_50_random/02958343/e39215e03ab8e65e68428aabd2c41ee8/r_1",
            "rotation": 0.12566370614359174,
            "transform_matrix": [
                [
                    0.11225137114524841,
                    0.8670680522918701,
                    -0.485378623008728,
                    -1.956623911857605
                ],
                [
                    -0.9936798810958862,
                    0.09794862568378448,
                    -0.05483095347881317,
                    -0.22103065252304077
                ],
                [
                    3.725290742551124e-09,
                    0.4884657859802246,
                    0.8725829124450684,
                    3.5174944400787354
                ],
                [
                    0.0,
                    0.0,
                    0.0,
                    1.0
                ]
            ]
        },
        {
            "file_path": "/data/shapenet_blender/all_50_random/02958343/e39215e03ab8e65e68428aabd2c41ee8/r_2",
            "rotation": 0.12566370614359174,
            "transform_matrix": [
                [
                    -0.5302950143814087,
                    -0.2524395287036896,
                    -0.8093586564064026,
                    -3.262629270553589
                ],
                [
                    -0.8478132486343384,
                    0.15789729356765747,
                    0.5062421560287476,
                    2.0407276153564453
                ],
                [
                    0.0,
                    0.9546425342559814,
                    -0.2977537214756012,
                    -1.2002837657928467
                ],
                [
                    0.0,
                    0.0,
                    0.0,
                    1.0
                ]
            ]
        },
        {
            "file_path": "/data/shapenet_blender/all_50_random/02958343/e39215e03ab8e65e68428aabd2c41ee8/r_3",
            "rotation": 0.12566370614359174,
            "transform_matrix": [
                [
                    0.6426441073417664,
                    -0.33578774333000183,
                    -0.6886618137359619,
                    -2.7760846614837646
                ],
                [
                    -0.7661649584770203,
                    -0.28165218234062195,
                    -0.5776360630989075,
                    -2.3285255432128906
                ],
                [
                    0.0,
                    0.8988428711891174,
                    -0.4382708966732025,
                    -1.7667264938354492
                ],
                [
                    0.0,
                    0.0,
                    0.0,
                    1.0
                ]
            ]
        },
        {
            "file_path": "/data/shapenet_blender/all_50_random/02958343/e39215e03ab8e65e68428aabd2c41ee8/r_4",
            "rotation": 0.12566370614359174,
            "transform_matrix": [
                [
                    0.8778865933418274,
                    -0.15485182404518127,
                    0.45314037799835205,
                    1.826667308807373
                ],
                [
                    0.4788688123226166,
                    0.283882200717926,
                    -0.8307198882102966,
                    -3.3487389087677
                ],
                [
                    0.0,
                    0.9462724924087524,
                    0.3233700692653656,
                    1.30354642868042
                ],
                [
                    0.0,
                    0.0,
                    0.0,
                    1.0
                ]
            ]
        },
        {
            "file_path": "/data/shapenet_blender/all_50_random/02958343/e39215e03ab8e65e68428aabd2c41ee8/r_5",
            "rotation": 0.12566370614359174,
            "transform_matrix": [
                [
                    -0.96012943983078,
                    -0.08903252333402634,
                    -0.2649995684623718,
                    -1.0682474374771118
                ],
                [
                    -0.2795560657978058,
                    0.3057803511619568,
                    0.9101355671882629,
                    3.6688737869262695
                ],
                [
                    0.0,
                    0.947930097579956,
                    -0.3184782862663269,
                    -1.2838270664215088
                ],
                [
                    0.0,
                    0.0,
                    0.0,
                    1.0
                ]
            ]
        },
        {
            "file_path": "/data/shapenet_blender/all_50_random/02958343/e39215e03ab8e65e68428aabd2c41ee8/r_6",
            "rotation": 0.12566370614359174,
            "transform_matrix": [
                [
                    -0.9859252572059631,
                    0.031052468344569206,
                    -0.16427770256996155,
                    -0.6622246503829956
                ],
                [
                    -0.16718679666519165,
                    -0.1831209808588028,
                    0.968769907951355,
                    3.9052367210388184
                ],
                [
                    1.862645149230957e-09,
                    0.9825997948646545,
                    0.18573516607284546,
                    0.7487224340438843
                ],
                [
                    0.0,
                    0.0,
                    0.0,
                    1.0
                ]
            ]
        },
        {
            "file_path": "/data/shapenet_blender/all_50_random/02958343/e39215e03ab8e65e68428aabd2c41ee8/r_7",
            "rotation": 0.12566370614359174,
            "transform_matrix": [
                [
                    -0.4553108513355255,
                    -0.35243549942970276,
                    0.8176069855690002,
                    3.2958791255950928
                ],
                [
                    0.8903325200080872,
                    -0.18023346364498138,
                    0.4181194603443146,
                    1.6854934692382812
                ],
                [
                    0.0,
                    0.9183163642883301,
                    0.39584705233573914,
                    1.5957105159759521
                ],
                [
                    0.0,
                    0.0,
                    0.0,
                    1.0
                ]
            ]
        },
        {
            "file_path": "/data/shapenet_blender/all_50_random/02958343/e39215e03ab8e65e68428aabd2c41ee8/r_8",
            "rotation": 0.12566370614359174,
            "transform_matrix": [
                [
                    0.1293317675590515,
                    0.9771457314491272,
                    0.16869889199733734,
                    0.6800469756126404
                ],
                [
                    0.9916014671325684,
                    -0.12744635343551636,
                    -0.022002918645739555,
                    -0.08869659900665283
                ],
                [
                    1.862645149230957e-09,
                    0.17012791335582733,
                    -0.9854220151901245,
                    -3.972362995147705
                ],
                [
                    0.0,
                    0.0,
                    0.0,
                    1.0
                ]
            ]
        },
        {
            "file_path": "/data/shapenet_blender/all_50_random/02958343/e39215e03ab8e65e68428aabd2c41ee8/r_9",
            "rotation": 0.12566370614359174,
            "transform_matrix": [
                [
                    -0.9729419946670532,
                    -0.004389943554997444,
                    -0.23100797832012177,
                    -0.9312229752540588
                ],
                [
                    -0.23104968667030334,
                    0.018485896289348602,
                    0.9727663397789001,
                    3.921346426010132
                ],
                [
                    4.656612873077393e-10,
                    0.9998194575309753,
                    -0.01899999938905239,
                    -0.07659144699573517
                ],
                [
                    0.0,
                    0.0,
                    0.0,
                    1.0
                ]
            ]
        },
        {
            "file_path": "/data/shapenet_blender/all_50_random/02958343/e39215e03ab8e65e68428aabd2c41ee8/r_10",
            "rotation": 0.12566370614359174,
            "transform_matrix": [
                [
                    0.07517329603433609,
                    0.4759705066680908,
                    -0.876242458820343,
                    -3.5322465896606445
                ],
                [
                    -0.9971705079078674,
                    0.03588179871439934,
                    -0.06605693697929382,
                    -0.2662840485572815
                ],
                [
                    0.0,
                    0.8787288069725037,
                    0.4773211181163788,
                    1.9241430759429932
                ],
                [
                    0.0,
                    0.0,
                    0.0,
                    1.0
                ]
            ]
        },
        {
            "file_path": "/data/shapenet_blender/all_50_random/02958343/e39215e03ab8e65e68428aabd2c41ee8/r_11",
            "rotation": 0.12566370614359174,
            "transform_matrix": [
                [
                    0.24513936042785645,
                    -0.2923036515712738,
                    0.9243728518486023,
                    3.726266384124756
                ],
                [
                    0.9694879055023193,
                    0.07391028106212616,
                    -0.23373180627822876,
                    -0.9422031044960022
                ],
                [
                    0.0,
                    0.9534651637077332,
                    0.30150318145751953,
                    1.2153983116149902
                ],
                [
                    0.0,
                    0.0,
                    0.0,
                    1.0
                ]
            ]
        },
        {
            "file_path": "/data/shapenet_blender/all_50_random/02958343/e39215e03ab8e65e68428aabd2c41ee8/r_12",
            "rotation": 0.12566370614359174,
            "transform_matrix": [
                [
                    0.731788158416748,
                    0.08540217578411102,
                    -0.6761602163314819,
                    -2.725688934326172
                ],
                [
                    -0.6815322041511536,
                    0.09169969707727432,
                    -0.7260200381278992,
                    -2.926680326461792
                ],
                [
                    -3.725290298461914e-09,
                    0.992117702960968,
                    0.12530909478664398,
                    0.5051371455192566
                ],
                [
                    0.0,
                    0.0,
                    0.0,
                    1.0
                ]
            ]
        },
        {
            "file_path": "/data/shapenet_blender/all_50_random/02958343/e39215e03ab8e65e68428aabd2c41ee8/r_13",
            "rotation": 0.12566370614359174,
            "transform_matrix": [
                [
                    -0.6145554184913635,
                    0.523464024066925,
                    0.5901753306388855,
                    2.379073143005371
                ],
                [
                    0.7888736128807068,
                    0.40779364109039307,
                    0.4597637355327606,
                    1.8533669710159302
                ],
                [
                    1.4901161193847656e-08,
                    0.7481241226196289,
                    -0.6635587215423584,
                    -2.6748909950256348
                ],
                [
                    0.0,
                    0.0,
                    0.0,
                    1.0
                ]
            ]
        },
        {
            "file_path": "/data/shapenet_blender/all_50_random/02958343/e39215e03ab8e65e68428aabd2c41ee8/r_14",
            "rotation": 0.12566370614359174,
            "transform_matrix": [
                [
                    -0.37579694390296936,
                    0.04049554094672203,
                    0.9258167147636414,
                    3.7320868968963623
                ],
                [
                    0.9267019629478455,
                    0.016421785578131676,
                    0.37543797492980957,
                    1.5134390592575073
                ],
                [
                    0.0,
                    0.9990447163581848,
                    -0.04369855299592018,
                    -0.17615452408790588
                ],
                [
                    0.0,
                    0.0,
                    0.0,
                    1.0
                ]
            ]
        },
        {
            "file_path": "/data/shapenet_blender/all_50_random/02958343/e39215e03ab8e65e68428aabd2c41ee8/r_15",
            "rotation": 0.12566370614359174,
            "transform_matrix": [
                [
                    0.18437068164348602,
                    -0.1395348757505417,
                    -0.9729015827178955,
                    -3.921891450881958
                ],
                [
                    -0.982856810092926,
                    -0.026174860075116158,
                    -0.18250320851802826,
                    -0.7356939315795898
                ],
                [
                    0.0,
                    0.9898711442947388,
                    -0.14196866750717163,
                    -0.5722939968109131
                ],
                [
                    0.0,
                    0.0,
                    0.0,
                    1.0
                ]
            ]
        },
        {
            "file_path": "/data/shapenet_blender/all_50_random/02958343/e39215e03ab8e65e68428aabd2c41ee8/r_16",
            "rotation": 0.12566370614359174,
            "transform_matrix": [
                [
                    -0.886892557144165,
                    0.089980848133564,
                    -0.4531280994415283,
                    -1.8266178369522095
                ],
                [
                    -0.4619758129119873,
                    -0.172743558883667,
                    0.8699069023132324,
                    3.506706953048706
                ],
                [
                    0.0,
                    0.9808480739593506,
                    0.19477395713329315,
                    0.7851589322090149
                ],
                [
                    0.0,
                    0.0,
                    0.0,
                    1.0
                ]
            ]
        },
        {
            "file_path": "/data/shapenet_blender/all_50_random/02958343/e39215e03ab8e65e68428aabd2c41ee8/r_17",
            "rotation": 0.12566370614359174,
            "transform_matrix": [
                [
                    -0.3650325536727905,
                    -0.7974624633789062,
                    0.4804215729236603,
                    1.9366414546966553
                ],
                [
                    0.9309948086738586,
                    -0.3126760423183441,
                    0.18836788833141327,
                    0.7593352794647217
                ],
                [
                    0.0,
                    0.5160304307937622,
                    0.8565701842308044,
                    3.4529449939727783
                ],
                [
                    0.0,
                    0.0,
                    0.0,
                    1.0
                ]
            ]
        },
        {
            "file_path": "/data/shapenet_blender/all_50_random/02958343/e39215e03ab8e65e68428aabd2c41ee8/r_18",
            "rotation": 0.12566370614359174,
            "transform_matrix": [
                [
                    0.18203118443489075,
                    -0.5013477802276611,
                    0.8458812236785889,
                    3.4098563194274902
                ],
                [
                    0.983292818069458,
                    0.09281155467033386,
                    -0.15659299492835999,
                    -0.6312465667724609
                ],
                [
                    0.0,
                    0.8602535724639893,
                    0.5098662376403809,
                    2.0553364753723145
                ],
                [
                    0.0,
                    0.0,
                    0.0,
                    1.0
                ]
            ]
        },
        {
            "file_path": "/data/shapenet_blender/all_50_random/02958343/e39215e03ab8e65e68428aabd2c41ee8/r_19",
            "rotation": 0.12566370614359174,
            "transform_matrix": [
                [
                    0.4402163028717041,
                    -0.09746740758419037,
                    -0.8925859332084656,
                    -3.5981290340423584
                ],
                [
                    -0.897891640663147,
                    -0.047786109149456024,
                    -0.4376150667667389,
                    -1.7640827894210815
                ],
                [
                    0.0,
                    0.9940908551216125,
                    -0.10855140537023544,
                    -0.43758469820022583
                ],
                [
                    0.0,
                    0.0,
                    0.0,
                    1.0
                ]
            ]
        },
        {
            "file_path": "/data/shapenet_blender/all_50_random/02958343/e39215e03ab8e65e68428aabd2c41ee8/r_20",
            "rotation": 0.12566370614359174,
            "transform_matrix": [
                [
                    -0.6872400045394897,
                    0.24084411561489105,
                    -0.6853431463241577,
                    -2.7627065181732178
                ],
                [
                    -0.7264304161071777,
                    -0.2278507649898529,
                    0.6483694314956665,
                    2.6136608123779297
                ],
                [
                    0.0,
                    0.9434394836425781,
                    0.3315446674823761,
                    1.3364993333816528
                ],
                [
                    0.0,
                    0.0,
                    0.0,
                    1.0
                ]
            ]
        },
        {
            "file_path": "/data/shapenet_blender/all_50_random/02958343/e39215e03ab8e65e68428aabd2c41ee8/r_21",
            "rotation": 0.12566370614359174,
            "transform_matrix": [
                [
                    -0.5946040749549866,
                    0.1292472630739212,
                    0.7935621738433838,
                    3.1989517211914062
                ],
                [
                    0.8040186166763306,
                    0.09558355063199997,
                    0.5868711471557617,
                    2.365753412246704
                ],
                [
                    7.450580596923828e-09,
                    0.9869948625564575,
                    -0.1607515662908554,
                    -0.6480103731155396
                ],
                [
                    0.0,
                    0.0,
                    0.0,
                    1.0
                ]
            ]
        },
        {
            "file_path": "/data/shapenet_blender/all_50_random/02958343/e39215e03ab8e65e68428aabd2c41ee8/r_22",
            "rotation": 0.12566370614359174,
            "transform_matrix": [
                [
                    -0.5596199035644531,
                    0.06091805920004845,
                    -0.8265074491500854,
                    -3.3317580223083496
                ],
                [
                    -0.828749418258667,
                    -0.04113542288541794,
                    0.558106005191803,
                    2.2497973442077637
                ],
                [
                    0.0,
                    0.9972947835922241,
                    0.07350600510835648,
                    0.2963121831417084
                ],
                [
                    0.0,
                    0.0,
                    0.0,
                    1.0
                ]
            ]
        },
        {
            "file_path": "/data/shapenet_blender/all_50_random/02958343/e39215e03ab8e65e68428aabd2c41ee8/r_23",
            "rotation": 0.12566370614359174,
            "transform_matrix": [
                [
                    -0.47704118490219116,
                    0.38315626978874207,
                    0.7909632921218872,
                    3.1884751319885254
                ],
                [
                    0.8788809776306152,
                    0.207970529794693,
                    0.4293210208415985,
                    1.730648398399353
                ],
                [
                    0.0,
                    0.899966299533844,
                    -0.4359593093395233,
                    -1.7574081420898438
                ],
                [
                    0.0,
                    0.0,
                    0.0,
                    1.0
                ]
            ]
        },
        {
            "file_path": "/data/shapenet_blender/all_50_random/02958343/e39215e03ab8e65e68428aabd2c41ee8/r_24",
            "rotation": 0.12566370614359174,
            "transform_matrix": [
                [
                    0.9617860317230225,
                    -0.241539865732193,
                    -0.12894248962402344,
                    -0.5197837948799133
                ],
                [
                    -0.2738022804260254,
                    -0.8484578132629395,
                    -0.45293667912483215,
                    -1.8258461952209473
                ],
                [
                    0.0,
                    0.47093284130096436,
                    -0.8821690082550049,
                    -3.5561370849609375
                ],
                [
                    0.0,
                    0.0,
                    0.0,
                    1.0
                ]
            ]
        },
        {
            "file_path": "/data/shapenet_blender/all_50_random/02958343/e39215e03ab8e65e68428aabd2c41ee8/r_25",
            "rotation": 0.12566370614359174,
            "transform_matrix": [
                [
                    0.7163026928901672,
                    0.394704669713974,
                    0.5754292011260986,
                    2.319629192352295
                ],
                [
                    0.6977897882461548,
                    -0.4051764905452728,
                    -0.5906957387924194,
                    -2.3811707496643066
                ],
                [
                    2.9802322387695312e-08,
                    0.8246455192565918,
                    -0.5656498670578003,
                    -2.280207633972168
                ],
                [
                    0.0,
                    0.0,
                    0.0,
                    1.0
                ]
            ]
        },
        {
            "file_path": "/data/shapenet_blender/all_50_random/02958343/e39215e03ab8e65e68428aabd2c41ee8/r_26",
            "rotation": 0.12566370614359174,
            "transform_matrix": [
                [
                    0.4521774649620056,
                    -0.100311279296875,
                    0.8862693309783936,
                    3.5726654529571533
                ],
                [
                    0.89192795753479,
                    0.05085444822907448,
                    -0.44930875301361084,
                    -1.8112212419509888
                ],
                [
                    -3.7252898543727042e-09,
                    0.9936555027961731,
                    0.11246570944786072,
                    0.45336371660232544
                ],
                [
                    0.0,
                    0.0,
                    0.0,
                    1.0
                ]
            ]
        },
        {
            "file_path": "/data/shapenet_blender/all_50_random/02958343/e39215e03ab8e65e68428aabd2c41ee8/r_27",
            "rotation": 0.12566370614359174,
            "transform_matrix": [
                [
                    0.7647618651390076,
                    0.48214513063430786,
                    0.42740532755851746,
                    1.7229257822036743
                ],
                [
                    0.6443129777908325,
                    -0.5722781419754028,
                    -0.5073052048683167,
                    -2.0450124740600586
                ],
                [
                    -1.4901159417490817e-08,
                    0.6633504629135132,
                    -0.7483088970184326,
                    -3.0165293216705322
                ],
                [
                    0.0,
                    0.0,
                    0.0,
                    1.0
                ]
            ]
        },
        {
            "file_path": "/data/shapenet_blender/all_50_random/02958343/e39215e03ab8e65e68428aabd2c41ee8/r_28",
            "rotation": 0.12566370614359174,
            "transform_matrix": [
                [
                    -0.5819982290267944,
                    -0.08669047057628632,
                    -0.8085559606552124,
                    -3.2593934535980225
                ],
                [
                    -0.8131900429725647,
                    0.0620441660284996,
                    0.5786815881729126,
                    2.332740306854248
                ],
                [
                    -3.725290298461914e-09,
                    0.9943013191223145,
                    -0.1066054254770279,
                    -0.4297402501106262
                ],
                [
                    0.0,
                    0.0,
                    0.0,
                    1.0
                ]
            ]
        },
        {
            "file_path": "/data/shapenet_blender/all_50_random/02958343/e39215e03ab8e65e68428aabd2c41ee8/r_29",
            "rotation": 0.12566370614359174,
            "transform_matrix": [
                [
                    0.9996388554573059,
                    -0.00094764115056023,
                    -0.026860222220420837,
                    -0.10827702283859253
                ],
                [
                    -0.026876935735344887,
                    -0.03524579480290413,
                    -0.9990172386169434,
                    -4.027167320251465
                ],
                [
                    -5.820766785236131e-11,
                    0.9993782043457031,
                    -0.03525852784514427,
                    -0.14213167130947113
                ],
                [
                    0.0,
                    0.0,
                    0.0,
                    1.0
                ]
            ]
        },
        {
            "file_path": "/data/shapenet_blender/all_50_random/02958343/e39215e03ab8e65e68428aabd2c41ee8/r_30",
            "rotation": 0.12566370614359174,
            "transform_matrix": [
                [
                    -0.1882879137992859,
                    0.17263203859329224,
                    0.9668225646018982,
                    3.897386312484741
                ],
                [
                    0.9821138978004456,
                    0.033096496015787125,
                    0.18535631895065308,
                    0.7471952438354492
                ],
                [
                    -3.725290298461914e-09,
                    0.9844301342964172,
                    -0.17577598989009857,
                    -0.7085756659507751
                ],
                [
                    0.0,
                    0.0,
                    0.0,
                    1.0
                ]
            ]
        },
        {
            "file_path": "/data/shapenet_blender/all_50_random/02958343/e39215e03ab8e65e68428aabd2c41ee8/r_31",
            "rotation": 0.12566370614359174,
            "transform_matrix": [
                [
                    0.7801837921142578,
                    0.021840400993824005,
                    0.6251689195632935,
                    2.520136833190918
                ],
                [
                    0.6255503296852112,
                    -0.027239257469773293,
                    -0.7797080874443054,
                    -3.143104076385498
                ],
                [
                    0.0,
                    0.9993904232978821,
                    -0.034913890063762665,
                    -0.14074240624904633
                ],
                [
                    0.0,
                    0.0,
                    0.0,
                    1.0
                ]
            ]
        },
        {
            "file_path": "/data/shapenet_blender/all_50_random/02958343/e39215e03ab8e65e68428aabd2c41ee8/r_32",
            "rotation": 0.12566370614359174,
            "transform_matrix": [
                [
                    -0.9807356595993042,
                    -0.07500199973583221,
                    0.18036749958992004,
                    0.7270846366882324
                ],
                [
                    0.1953400820493698,
                    -0.37655940651893616,
                    0.905563473701477,
                    3.6504430770874023
                ],
                [
                    7.450581485102248e-09,
                    0.9233513474464417,
                    0.38395610451698303,
                    1.5477765798568726
                ],
                [
                    0.0,
                    0.0,
                    0.0,
                    1.0
                ]
            ]
        },
        {
            "file_path": "/data/shapenet_blender/all_50_random/02958343/e39215e03ab8e65e68428aabd2c41ee8/r_33",
            "rotation": 0.12566370614359174,
            "transform_matrix": [
                [
                    0.9946109056472778,
                    0.00798786710947752,
                    -0.10336997359991074,
                    -0.4166976809501648
                ],
                [
                    -0.1036781519651413,
                    0.0766296535730362,
                    -0.9916545152664185,
                    -3.9974873065948486
                ],
                [
                    0.0,
                    0.9970275163650513,
                    0.07704485952854156,
                    0.31057775020599365
                ],
                [
                    0.0,
                    0.0,
                    0.0,
                    1.0
                ]
            ]
        },
        {
            "file_path": "/data/shapenet_blender/all_50_random/02958343/e39215e03ab8e65e68428aabd2c41ee8/r_34",
            "rotation": 0.12566370614359174,
            "transform_matrix": [
                [
                    -0.5238979458808899,
                    -0.007812517695128918,
                    0.8517452478408813,
                    3.433494806289673
                ],
                [
                    0.8517811298370361,
                    -0.004805180709809065,
                    0.523875892162323,
                    2.1118111610412598
                ],
                [
                    0.0,
                    0.9999579191207886,
                    0.009171979501843452,
                    0.03697343170642853
                ],
                [
                    0.0,
                    0.0,
                    0.0,
                    1.0
                ]
            ]
        },
        {
            "file_path": "/data/shapenet_blender/all_50_random/02958343/e39215e03ab8e65e68428aabd2c41ee8/r_35",
            "rotation": 0.12566370614359174,
            "transform_matrix": [
                [
                    0.9992403388023376,
                    -0.00516680721193552,
                    0.038627441972494125,
                    0.15571221709251404
                ],
                [
                    0.038971468806266785,
                    0.1324785202741623,
                    -0.9904193878173828,
                    -3.9925084114074707
                ],
                [
                    -4.6566125955216364e-10,
                    0.9911724925041199,
                    0.13257920742034912,
                    0.5344439148902893
                ],
                [
                    0.0,
                    0.0,
                    0.0,
                    1.0
                ]
            ]
        },
        {
            "file_path": "/data/shapenet_blender/all_50_random/02958343/e39215e03ab8e65e68428aabd2c41ee8/r_36",
            "rotation": 0.12566370614359174,
            "transform_matrix": [
                [
                    0.9991044402122498,
                    0.0017275229329243302,
                    0.042277708649635315,
                    0.1704268753528595
                ],
                [
                    0.04231299087405205,
                    -0.04079068452119827,
                    -0.9982714056968689,
                    -4.024160385131836
                ],
                [
                    -1.1641532182693481e-10,
                    0.9991662502288818,
                    -0.040827251970767975,
                    -0.16457989811897278
                ],
                [
                    0.0,
                    0.0,
                    0.0,
                    1.0
                ]
            ]
        },
        {
            "file_path": "/data/shapenet_blender/all_50_random/02958343/e39215e03ab8e65e68428aabd2c41ee8/r_37",
            "rotation": 0.12566370614359174,
            "transform_matrix": [
                [
                    -0.9254531264305115,
                    0.23409530520439148,
                    0.29788583517074585,
                    1.2008161544799805
                ],
                [
                    0.3788622319698334,
                    0.5718285441398621,
                    0.7276507019996643,
                    2.933253765106201
                ],
                [
                    -1.4901161193847656e-08,
                    0.7862642407417297,
                    -0.6178903579711914,
                    -2.490795612335205
                ],
                [
                    0.0,
                    0.0,
                    0.0,
                    1.0
                ]
            ]
        },
        {
            "file_path": "/data/shapenet_blender/all_50_random/02958343/e39215e03ab8e65e68428aabd2c41ee8/r_38",
            "rotation": 0.12566370614359174,
            "transform_matrix": [
                [
                    -0.14836227893829346,
                    0.26510533690452576,
                    -0.9527369141578674,
                    -3.8406054973602295
                ],
                [
                    -0.9889330863952637,
                    -0.03977178409695625,
                    0.14293204247951508,
                    0.5761775374412537
                ],
                [
                    0.0,
                    0.963398814201355,
                    0.2680720090866089,
                    1.0806329250335693
                ],
                [
                    0.0,
                    0.0,
                    0.0,
                    1.0
                ]
            ]
        },
        {
            "file_path": "/data/shapenet_blender/all_50_random/02958343/e39215e03ab8e65e68428aabd2c41ee8/r_39",
            "rotation": 0.12566370614359174,
            "transform_matrix": [
                [
                    0.16943427920341492,
                    0.5925842523574829,
                    -0.7874870300292969,
                    -3.174462080001831
                ],
                [
                    -0.9855415225028992,
                    0.10187707841396332,
                    -0.13538475334644318,
                    -0.5457534790039062
                ],
                [
                    0.0,
                    0.7990399599075317,
                    0.601277768611908,
                    2.423828363418579
                ],
                [
                    0.0,
                    0.0,
                    0.0,
                    1.0
                ]
            ]
        },
        {
            "file_path": "/data/shapenet_blender/all_50_random/02958343/e39215e03ab8e65e68428aabd2c41ee8/r_40",
            "rotation": 0.12566370614359174,
            "transform_matrix": [
                [
                    -0.6904724836349487,
                    -0.031992726027965546,
                    0.7226508855819702,
                    2.9130988121032715
                ],
                [
                    0.7233587503433228,
                    -0.030538231134414673,
                    0.6897968053817749,
                    2.7806599140167236
                ],
                [
                    0.0,
                    0.9990215301513672,
                    0.044228024780750275,
                    0.17828887701034546
                ],
                [
                    0.0,
                    0.0,
                    0.0,
                    1.0
                ]
            ]
        },
        {
            "file_path": "/data/shapenet_blender/all_50_random/02958343/e39215e03ab8e65e68428aabd2c41ee8/r_41",
            "rotation": 0.12566370614359174,
            "transform_matrix": [
                [
                    0.9998601675033569,
                    -0.0026683283504098654,
                    0.016512397676706314,
                    0.06656360626220703
                ],
                [
                    0.016726603731513023,
                    0.15950371325016022,
                    -0.9870556592941284,
                    -3.9789485931396484
                ],
                [
                    -2.3283064365386963e-10,
