{
    "class": "02958343",
    "model": "556ec1ccfcb79f08a7fd25564c2e888e",
    "remove_doubles": true,
    "edge_split": true,
    "denoise": true,
    "camera_angle_x": 0.6911112070083618,
    "scale_factor": 2.247405677690516,
    "hdri_file": "/data/IndoorHDRDataset2018/9C4A6051-f7b81355d6.exr",
    "center_offset": [
        0.0,
        0.0,
        0.0
    ],
    "lights": [],
    "frames": [
        {
            "file_path": "/data/shapenet_blender/all_50_random/02958343/556ec1ccfcb79f08a7fd25564c2e888e/r_0",
            "rotation": 0.12566370614359174,
            "transform_matrix": [
                [
                    0.494143009185791,
                    -0.379548043012619,
                    0.7821545600891113,
                    3.152966022491455
                ],
                [
                    0.8693804740905762,
                    0.2157294899225235,
                    -0.444565087556839,
                    -1.7920993566513062
                ],
                [
                    0.0,
                    0.89966881275177,
                    0.43657293915748596,
                    1.7598819732666016
                ],
                [
                    0.0,
                    0.0,
                    0.0,
                    1.0
                ]
            ]
        },
        {
            "file_path": "/data/shapenet_blender/all_50_random/02958343/556ec1ccfcb79f08a7fd25564c2e888e/r_1",
            "rotation": 0.12566370614359174,
            "transform_matrix": [
                [
                    0.09411146491765976,
                    -0.08359093219041824,
                    0.992046058177948,
                    3.99906587600708
                ],
                [
                    0.9955616593360901,
                    0.007901935838162899,
                    -0.09377912431955338,
                    -0.3780357837677002
                ],
                [
                    0.0,
                    0.9964687824249268,
                    0.08396358788013458,
                    0.338468074798584
                ],
                [
                    0.0,
                    0.0,
                    0.0,
                    1.0
                ]
            ]
        },
        {
            "file_path": "/data/shapenet_blender/all_50_random/02958343/556ec1ccfcb79f08a7fd25564c2e888e/r_2",
            "rotation": 0.12566370614359174,
            "transform_matrix": [
                [
                    -0.7147891521453857,
                    0.3845544457435608,
                    -0.5841183066368103,
                    -2.354656457901001
                ],
                [
                    -0.6993399262428284,
                    -0.3930497169494629,
                    0.5970221757888794,
                    2.4066736698150635
                ],
                [
                    0.0,
                    0.8352423906326294,
                    0.5498818755149841,
                    2.2166450023651123
                ],
                [
                    0.0,
                    0.0,
                    0.0,
                    1.0
                ]
            ]
        },
        {
            "file_path": "/data/shapenet_blender/all_50_random/02958343/556ec1ccfcb79f08a7fd25564c2e888e/r_3",
            "rotation": 0.12566370614359174,
            "transform_matrix": [
                [
                    -0.8403970003128052,
                    0.5111472010612488,
                    0.18017065525054932,
                    0.7262911796569824
                ],
                [
                    0.5419713258743286,
                    0.792600154876709,
                    0.2793780267238617,
                    1.126209020614624
                ],
                [
                    1.4901161193847656e-08,
                    0.33243581652641296,
                    -0.9431257843971252,
                    -3.8018620014190674
                ],
                [
                    0.0,
                    0.0,
                    0.0,
                    1.0
                ]
            ]
        },
        {
            "file_path": "/data/shapenet_blender/all_50_random/02958343/556ec1ccfcb79f08a7fd25564c2e888e/r_4",
            "rotation": 0.12566370614359174,
            "transform_matrix": [
                [
                    0.5899612903594971,
                    -0.11893314123153687,
                    -0.7986240983009338,
                    -3.2193567752838135
                ],
                [
                    -0.8074313998222351,
                    -0.08690020442008972,
                    -0.5835261344909668,
                    -2.352269172668457
                ],
                [
                    -7.450580152834618e-09,
                    0.9890921711921692,
                    -0.14729811251163483,
                    -0.5937776565551758
                ],
                [
                    0.0,
                    0.0,
                    0.0,
                    1.0
                ]
            ]
        },
        {
            "file_path": "/data/shapenet_blender/all_50_random/02958343/556ec1ccfcb79f08a7fd25564c2e888e/r_5",
            "rotation": 0.12566370614359174,
            "transform_matrix": [
                [
                    0.7214388251304626,
                    0.5308045744895935,
                    -0.44471627473831177,
                    -1.7927086353302002
                ],
                [
                    -0.6924782395362854,
                    0.55300372838974,
                    -0.46331503987312317,
                    -1.867682695388794
                ],
                [
                    0.0,
                    0.6422097086906433,
                    0.7665289044380188,
                    3.0899767875671387
                ],
                [
                    0.0,
                    0.0,
                    0.0,
                    1.0
                ]
            ]
        },
        {
            "file_path": "/data/shapenet_blender/all_50_random/02958343/556ec1ccfcb79f08a7fd25564c2e888e/r_6",
            "rotation": 0.12566370614359174,
            "transform_matrix": [
                [
                    0.7609833478927612,
                    -0.48390665650367737,
                    -0.4321327209472656,
                    -1.7419826984405518
                ],
                [
                    -0.6487714648246765,
                    -0.5676034092903137,
                    -0.506874680519104,
                    -2.0432772636413574
                ],
                [
                    1.4901162970204496e-08,
                    0.6660785675048828,
                    -0.7458815574645996,
                    -3.006744623184204
                ],
                [
                    0.0,
                    0.0,
                    0.0,
                    1.0
                ]
            ]
        },
        {
            "file_path": "/data/shapenet_blender/all_50_random/02958343/556ec1ccfcb79f08a7fd25564c2e888e/r_7",
            "rotation": 0.12566370614359174,
            "transform_matrix": [
                [
                    0.5184175372123718,
                    0.3219814896583557,
                    -0.7921938896179199,
                    -3.1934356689453125
                ],
                [
                    -0.8551276922225952,
                    0.19519992172718048,
                    -0.48026421666145325,
                    -1.936007022857666
                ],
                [
                    0.0,
                    0.9264042377471924,
                    0.37653034925460815,
                    1.517842411994934
                ],
                [
                    0.0,
                    0.0,
                    0.0,
                    1.0
                ]
            ]
        },
        {
            "file_path": "/data/shapenet_blender/all_50_random/02958343/556ec1ccfcb79f08a7fd25564c2e888e/r_8",
            "rotation": 0.12566370614359174,
            "transform_matrix": [
                [
                    -0.32684850692749023,
                    -0.25304314494132996,
                    -0.9105708003044128,
                    -3.670628309249878
                ],
                [
                    -0.9450767636299133,
                    0.08751329034566879,
                    0.31491488218307495,
                    1.2694624662399292
                ],
                [
                    -7.450580596923828e-09,
                    0.9634886980056763,
                    -0.26774880290031433,
                    -1.0793299674987793
                ],
                [
                    0.0,
                    0.0,
                    0.0,
                    1.0
                ]
            ]
        },
        {
            "file_path": "/data/shapenet_blender/all_50_random/02958343/556ec1ccfcb79f08a7fd25564c2e888e/r_9",
            "rotation": 0.12566370614359174,
            "transform_matrix": [
                [
                    -0.4522269666194916,
                    -0.6089490056037903,
                    -0.6516686081886292,
                    -2.626960277557373
                ],
                [
                    -0.8919029235839844,
                    0.30875909328460693,
                    0.33041948080062866,
                    1.3319635391235352
                ],
                [
                    -1.4901161193847656e-08,
                    0.7306497693061829,
                    -0.6827524900436401,
                    -2.752263307571411
                ],
                [
                    0.0,
                    0.0,
                    0.0,
                    1.0
                ]
            ]
        },
        {
            "file_path": "/data/shapenet_blender/all_50_random/02958343/556ec1ccfcb79f08a7fd25564c2e888e/r_10",
            "rotation": 0.12566370614359174,
            "transform_matrix": [
                [
                    -0.431129515171051,
                    0.6917192339897156,
                    0.5793546438217163,
                    2.3354532718658447
                ],
                [
                    0.9022901058197021,
                    0.33051517605781555,
                    0.2768254578113556,
                    1.1159191131591797
                ],
                [
                    -1.4901161193847656e-08,
                    0.6420935392379761,
                    -0.766626238822937,
                    -3.09036922454834
                ],
                [
                    0.0,
                    0.0,
                    0.0,
                    1.0
                ]
            ]
        },
        {
            "file_path": "/data/shapenet_blender/all_50_random/02958343/556ec1ccfcb79f08a7fd25564c2e888e/r_11",
            "rotation": 0.12566370614359174,
            "transform_matrix": [
                [
                    -0.8532559871673584,
                    0.42989692091941833,
                    0.2951996922492981,
                    1.189988136291504
                ],
                [
                    0.5214924216270447,
                    0.7033891677856445,
                    0.48300012946128845,
                    1.9470359086990356
                ],
                [
                    -1.4901162970204496e-08,
                    0.566067099571228,
                    -0.8243590593338013,
                    -3.3230979442596436
                ],
                [
                    0.0,
                    0.0,
                    0.0,
                    1.0
                ]
            ]
        },
        {
            "file_path": "/data/shapenet_blender/all_50_random/02958343/556ec1ccfcb79f08a7fd25564c2e888e/r_12",
            "rotation": 0.12566370614359174,
            "transform_matrix": [
                [
                    0.06663070619106293,
                    0.8285763263702393,
                    0.5558969974517822,
                    2.2408924102783203
                ],
                [
                    0.9977777004241943,
                    -0.05533159151673317,
                    -0.03712230920791626,
                    -0.14964482188224792
                ],
                [
                    -1.862645149230957e-09,
                    0.5571350455284119,
                    -0.8304218649864197,
                    -3.3475375175476074
                ],
                [
                    0.0,
                    0.0,
                    0.0,
                    1.0
                ]
            ]
        },
        {
            "file_path": "/data/shapenet_blender/all_50_random/02958343/556ec1ccfcb79f08a7fd25564c2e888e/r_13",
            "rotation": 0.12566370614359174,
            "transform_matrix": [
                [
                    -0.9429733157157898,
                    0.005779347848147154,
                    -0.33281823992729187,
                    -1.3416332006454468
                ],
                [
                    -0.33286842703819275,
                    -0.01637214608490467,
                    0.9428311586380005,
                    3.800673723220825
                ],
                [
                    0.0,
                    0.9998492002487183,
                    0.017362259328365326,
                    0.06998950242996216
                ],
                [
                    0.0,
                    0.0,
                    0.0,
                    1.0
                ]
            ]
        },
        {
            "file_path": "/data/shapenet_blender/all_50_random/02958343/556ec1ccfcb79f08a7fd25564c2e888e/r_14",
            "rotation": 0.12566370614359174,
            "transform_matrix": [
                [
                    -0.272115021944046,
                    -0.37716424465179443,
                    -0.8852686285972595,
                    -3.568631887435913
                ],
                [
                    -0.9622647166252136,
                    0.10665678977966309,
                    0.25034162402153015,
                    1.0091593265533447
                ],
                [
                    0.0,
                    0.9199845194816589,
                    -0.3919547498226166,
                    -1.5800201892852783
                ],
                [
                    0.0,
                    0.0,
                    0.0,
                    1.0
                ]
            ]
        },
        {
            "file_path": "/data/shapenet_blender/all_50_random/02958343/556ec1ccfcb79f08a7fd25564c2e888e/r_15",
            "rotation": 0.12566370614359174,
            "transform_matrix": [
                [
                    -0.14063778519630432,
                    0.039364662021398544,
                    -0.989278256893158,
                    -3.987908124923706
                ],
                [
                    -0.9900612235069275,
                    -0.005591734312474728,
                    0.14052656292915344,
                    0.5664806962013245
                ],
                [
                    -4.656613428188905e-10,
                    0.9992092251777649,
                    0.039759837090969086,
                    0.16027702391147614
                ],
                [
                    0.0,
                    0.0,
                    0.0,
                    1.0
                ]
            ]
        },
        {
            "file_path": "/data/shapenet_blender/all_50_random/02958343/556ec1ccfcb79f08a7fd25564c2e888e/r_16",
            "rotation": 0.12566370614359174,
            "transform_matrix": [
                [
                    0.9998486042022705,
                    -0.0013587725115939975,
                    0.017352232709527016,
                    0.06994909048080444
                ],
                [
                    0.017405351623892784,
                    0.07805454730987549,
                    -0.9967972040176392,
                    -4.018218040466309
                ],
                [
                    0.0,
                    0.9969481825828552,
                    0.0780663788318634,
                    0.3146956264972687
                ],
                [
                    0.0,
                    0.0,
                    0.0,
                    1.0
                ]
            ]
        },
        {
            "file_path": "/data/shapenet_blender/all_50_random/02958343/556ec1ccfcb79f08a7fd25564c2e888e/r_17",
            "rotation": 0.12566370614359174,
            "transform_matrix": [
                [
                    -0.982909619808197,
                    -0.08926917612552643,
                    0.16099612414836884,
                    0.648996114730835
                ],
                [
                    0.18408894538879395,
                    -0.4766366183757782,
                    0.8596096634864807,
                    3.4651973247528076
                ],
                [
                    7.450581485102248e-09,
                    0.8745561242103577,
                    0.48492419719696045,
                    1.9547920227050781
                ],
                [
                    0.0,
                    0.0,
                    0.0,
                    1.0
                ]
            ]
        },
        {
            "file_path": "/data/shapenet_blender/all_50_random/02958343/556ec1ccfcb79f08a7fd25564c2e888e/r_18",
            "rotation": 0.12566370614359174,
            "transform_matrix": [
                [
                    0.5518056750297546,
                    -0.5112999677658081,
                    -0.6588495373725891,
                    -2.655907392501831
                ],
                [
                    -0.8339727520942688,
                    -0.33830633759498596,
                    -0.4359338581562042,
                    -1.75730562210083
                ],
                [
                    0.0,
                    0.7900132536888123,
                    -0.6130896806716919,
                    -2.4714436531066895
                ],
                [
                    0.0,
                    0.0,
                    0.0,
                    1.0
                ]
            ]
        },
        {
            "file_path": "/data/shapenet_blender/all_50_random/02958343/556ec1ccfcb79f08a7fd25564c2e888e/r_19",
            "rotation": 0.12566370614359174,
            "transform_matrix": [
                [
                    0.844942569732666,
                    -0.2321876883506775,
                    -0.4818308353424072,
                    -1.9423223733901978
                ],
                [
                    -0.5348571538925171,
                    -0.36679938435554504,
                    -0.7611740827560425,
                    -3.0683910846710205
                ],
                [
                    0.0,
                    0.9008590579032898,
                    -0.4341115653514862,
                    -1.7499598264694214
                ],
                [
                    0.0,
                    0.0,
                    0.0,
                    1.0
                ]
            ]
        },
        {
            "file_path": "/data/shapenet_blender/all_50_random/02958343/556ec1ccfcb79f08a7fd25564c2e888e/r_20",
            "rotation": 0.12566370614359174,
            "transform_matrix": [
                [
                    0.9932426810264587,
                    -0.03909672051668167,
                    -0.10927212238311768,
                    -0.4404900074005127
                ],
                [
                    -0.11605580151081085,
                    -0.3346021771430969,
                    -0.9351857304573059,
                    -3.7698543071746826
                ],
                [
                    7.450580152834618e-09,
                    0.9415481090545654,
                    -0.33687856793403625,
                    -1.3580009937286377
                ],
                [
                    0.0,
                    0.0,
                    0.0,
                    1.0
                ]
            ]
        },
        {
            "file_path": "/data/shapenet_blender/all_50_random/02958343/556ec1ccfcb79f08a7fd25564c2e888e/r_21",
            "rotation": 0.12566370614359174,
            "transform_matrix": [
                [
                    -0.7510229349136353,
                    -0.07722971588373184,
                    0.6557440161705017,
                    2.6433887481689453
                ],
                [
                    0.6602761745452881,
                    -0.08784397691488266,
                    0.7458677887916565,
                    3.0066893100738525
                ],
                [
                    3.725290298461914e-09,
                    0.9931359887123108,
                    0.11696577072143555,
                    0.4715040922164917
                ],
                [
                    0.0,
                    0.0,
                    0.0,
                    1.0
                ]
            ]
        },
        {
            "file_path": "/data/shapenet_blender/all_50_random/02958343/556ec1ccfcb79f08a7fd25564c2e888e/r_22",
            "rotation": 0.12566370614359174,
            "transform_matrix": [
                [
                    -0.6390807628631592,
                    0.004619427490979433,
                    0.7691258788108826,
                    3.10044527053833
                ],
                [
                    0.7691395878791809,
                    0.003838297678157687,
                    0.6390692591667175,
                    2.5761702060699463
                ],
                [
                    2.328306020205062e-10,
                    0.9999819993972778,
                    -0.006005967501550913,
                    -0.024210825562477112
                ],
                [
                    0.0,
                    0.0,
                    0.0,
                    1.0
                ]
            ]
        },
        {
            "file_path": "/data/shapenet_blender/all_50_random/02958343/556ec1ccfcb79f08a7fd25564c2e888e/r_23",
            "rotation": 0.12566370614359174,
            "transform_matrix": [
                [
                    -0.9446312785148621,
                    -0.05636196956038475,
                    0.3232569098472595,
                    1.3030904531478882
                ],
                [
                    0.3281337022781372,
                    -0.16225482523441315,
                    0.9305920004844666,
                    3.7513365745544434
                ],
                [
                    -3.725290298461914e-09,
                    0.9851378798484802,
                    0.17176523804664612,
                    0.6924079060554504
                ],
                [
                    0.0,
                    0.0,
                    0.0,
                    1.0
                ]
            ]
        },
        {
            "file_path": "/data/shapenet_blender/all_50_random/02958343/556ec1ccfcb79f08a7fd25564c2e888e/r_24",
            "rotation": 0.12566370614359174,
            "transform_matrix": [
                [
                    -0.9058030247688293,
                    0.040851376950740814,
                    -0.42172515392303467,
                    -1.700028419494629
                ],
                [
                    -0.42369911074638367,
                    -0.08733391016721725,
                    0.9015830159187317,
                    3.634397268295288
                ],
                [
                    0.0,
                    0.9953410625457764,
                    0.09641600400209427,
                    0.3886653482913971
                ],
                [
                    0.0,
                    0.0,
                    0.0,
                    1.0
                ]
            ]
        },
        {
            "file_path": "/data/shapenet_blender/all_50_random/02958343/556ec1ccfcb79f08a7fd25564c2e888e/r_25",
            "rotation": 0.12566370614359174,
            "transform_matrix": [
                [
                    0.808962345123291,
                    -0.5818250775337219,
                    -0.08402098715305328,
                    -0.33869943022727966
                ],
                [
                    -0.5878605842590332,
                    -0.8006568551063538,
                    -0.11562233418226242,
                    -0.46608853340148926
                ],
                [
                    0.0,
                    0.14292678236961365,
                    -0.9897332191467285,
                    -3.9897422790527344
                ],
                [
                    0.0,
                    0.0,
                    0.0,
                    1.0
                ]
            ]
        },
        {
            "file_path": "/data/shapenet_blender/all_50_random/02958343/556ec1ccfcb79f08a7fd25564c2e888e/r_26",
            "rotation": 0.12566370614359174,
            "transform_matrix": [
                [
                    -0.7281885743141174,
                    0.10154692083597183,
                    0.6778123378753662,
                    2.732349157333374
                ],
                [
                    0.6853768825531006,
                    0.10788999497890472,
                    0.7201515436172485,
                    2.9030239582061768
                ],
                [
                    0.0,
                    0.9889630675315857,
                    -0.14816215634346008,
                    -0.5972608327865601
                ],
                [
                    0.0,
                    0.0,
                    0.0,
                    1.0
                ]
            ]
        },
        {
            "file_path": "/data/shapenet_blender/all_50_random/02958343/556ec1ccfcb79f08a7fd25564c2e888e/r_27",
            "rotation": 0.12566370614359174,
            "transform_matrix": [
                [
                    -0.15582676231861115,
                    -0.38003697991371155,
                    -0.9117510318756104,
                    -3.6753857135772705
                ],
                [
                    -0.9877843260765076,
                    0.05995228886604309,
                    0.1438322216272354,
                    0.5798062086105347
                ],
                [
                    -3.7252896323280993e-09,
                    0.9230263829231262,
                    -0.3847367465496063,
                    -1.5509233474731445
                ],
                [
                    0.0,
                    0.0,
                    0.0,
                    1.0
                ]
            ]
        },
        {
            "file_path": "/data/shapenet_blender/all_50_random/02958343/556ec1ccfcb79f08a7fd25564c2e888e/r_28",
            "rotation": 0.12566370614359174,
            "transform_matrix": [
                [
                    0.5867576599121094,
                    -0.015765253454446793,
                    -0.8096091747283936,
                    -3.263638496398926
                ],
                [
                    -0.8097625970840454,
                    -0.011423574760556221,
                    -0.5866464972496033,
                    -2.364847421646118
                ],
                [
                    0.0,
                    0.9998103380203247,
                    -0.019468987360596657,
                    -0.07848198711872101
                ],
                [
                    0.0,
                    0.0,
                    0.0,
                    1.0
                ]
            ]
        },
        {
            "file_path": "/data/shapenet_blender/all_50_random/02958343/556ec1ccfcb79f08a7fd25564c2e888e/r_29",
            "rotation": 0.12566370614359174,
            "transform_matrix": [
                [
                    0.9982694983482361,
                    0.0187863577157259,
                    0.055724333971738815,
                    0.22463198006153107
                ],
                [
                    0.058805856853723526,
                    -0.31891122460365295,
                    -0.9459585547447205,
                    -3.8132808208465576
                ],
                [
                    0.0,
                    0.947598397731781,
                    -0.3194640874862671,
                    -1.287800908088684
                ],
                [
                    0.0,
                    0.0,
                    0.0,
                    1.0
                ]
            ]
        },
        {
            "file_path": "/data/shapenet_blender/all_50_random/02958343/556ec1ccfcb79f08a7fd25564c2e888e/r_30",
            "rotation": 0.12566370614359174,
            "transform_matrix": [
                [
                    -0.6887795329093933,
                    -0.030332935974001884,
                    0.7243359684944153,
                    2.919891595840454
                ],
                [
                    0.7249707579612732,
                    -0.028818687424063683,
                    0.6881764531135559,
                    2.774127960205078
                ],
                [
                    0.0,
                    0.99912428855896,
                    0.041840218007564545,
                    0.16866330802440643
                ],
                [
                    0.0,
                    0.0,
                    0.0,
                    1.0
                ]
            ]
        },
        {
            "file_path": "/data/shapenet_blender/all_50_random/02958343/556ec1ccfcb79f08a7fd25564c2e888e/r_31",
            "rotation": 0.12566370614359174,
            "transform_matrix": [
                [
                    -0.24528509378433228,
                    0.6763399243354797,
                    -0.6945499181747437,
                    -2.7998204231262207
                ],
                [
                    -0.9694510698318481,
                    -0.17112375795841217,
                    0.17573115229606628,
                    0.7083950042724609
                ],
                [
                    0.0,
                    0.7164363265037537,
                    0.6976523995399475,
                    2.8123269081115723
                ],
                [
                    0.0,
                    0.0,
                    0.0,
                    1.0
                ]
            ]
        },
        {
            "file_path": "/data/shapenet_blender/all_50_random/02958343/556ec1ccfcb79f08a7fd25564c2e888e/r_32",
            "rotation": 0.12566370614359174,
            "transform_matrix": [
                [
                    -0.8174848556518555,
                    0.007978062145411968,
                    0.575894832611084,
                    2.3215065002441406
                ],
                [
                    0.5759501457214355,
                    0.011323800310492516,
                    0.8174062967300415,
                    3.2950704097747803
                ],
                [
                    0.0,
                    0.9999040961265564,
                    -0.013851998373866081,
                    -0.05583919584751129
                ],
                [
                    0.0,
                    0.0,
                    0.0,
                    1.0
                ]
            ]
        },
        {
            "file_path": "/data/shapenet_blender/all_50_random/02958343/556ec1ccfcb79f08a7fd25564c2e888e/r_33",
            "rotation": 0.12566370614359174,
            "transform_matrix": [
                [
                    0.3500613272190094,
                    0.3641968369483948,
                    0.8630281090736389,
                    3.478977918624878
                ],
                [
                    0.9367268681526184,
                    -0.13610288500785828,
                    -0.32251960039138794,
                    -1.3001182079315186
                ],
                [
                    0.0,
                    0.921323299407959,
                    -0.38879725337028503,
                    -1.5672919750213623
                ],
                [
                    0.0,
                    0.0,
                    0.0,
                    1.0
                ]
            ]
        },
        {
            "file_path": "/data/shapenet_blender/all_50_random/02958343/556ec1ccfcb79f08a7fd25564c2e888e/r_34",
            "rotation": 0.12566370614359174,
            "transform_matrix": [
                [
                    0.8330309391021729,
                    0.5483725070953369,
                    0.07312395423650742,
                    0.29477208852767944
                ],
                [
                    0.5532265305519104,
                    -0.8257218599319458,
                    -0.11010772734880447,
                    -0.44385844469070435
                ],
                [
                    0.0,
                    0.13217733800411224,
                    -0.991226077079773,
                    -3.995760202407837
                ],
                [
                    0.0,
                    0.0,
                    0.0,
                    1.0
                ]
            ]
        },
        {
            "file_path": "/data/shapenet_blender/all_50_random/02958343/556ec1ccfcb79f08a7fd25564c2e888e/r_35",
            "rotation": 0.12566370614359174,
            "transform_matrix": [
                [
                    -0.13749052584171295,
                    -0.35877659916877747,
                    -0.923241913318634,
                    -3.721707344055176
                ],
                [
                    -0.9905030727386475,
                    0.04980133846402168,
                    0.12815406918525696,
                    0.5166056156158447
                ],
                [
                    -3.725290298461914e-09,
                    0.9320939183235168,
                    -0.3622165322303772,
                    -1.460141658782959
                ],
                [
                    0.0,
                    0.0,
                    0.0,
                    1.0
                ]
            ]
        },
        {
            "file_path": "/data/shapenet_blender/all_50_random/02958343/556ec1ccfcb79f08a7fd25564c2e888e/r_36",
            "rotation": 0.12566370614359174,
            "transform_matrix": [
                [
                    -0.9232515692710876,
                    -0.02396353706717491,
                    0.3834479749202728,
                    1.5457282066345215
                ],
                [
                    0.38419604301452637,
                    -0.057586152106523514,
                    0.9214538931846619,
                    3.7144994735717773
                ],
                [
                    -1.862645149230957e-09,
                    0.9980528950691223,
                    0.06237320229411125,
                    0.25143441557884216
                ],
                [
                    0.0,
                    0.0,
                    0.0,
                    1.0
                ]
            ]
        },
        {
            "file_path": "/data/shapenet_blender/all_50_random/02958343/556ec1ccfcb79f08a7fd25564c2e888e/r_37",
            "rotation": 0.12566370614359174,
            "transform_matrix": [
                [
                    0.8624069094657898,
                    0.29832005500793457,
                    -0.4089737832546234,
                    -1.6486262083053589
                ],
                [
                    -0.5062158703804016,
                    0.5082283616065979,
                    -0.6967419385910034,
                    -2.808656930923462
                ],
                [
                    -1.4901162970204496e-08,
                    0.807904064655304,
                    0.5893139243125916,
                    2.375600576400757
                ],
                [
                    0.0,
                    0.0,
                    0.0,
                    1.0
                ]
            ]
        },
        {
            "file_path": "/data/shapenet_blender/all_50_random/02958343/556ec1ccfcb79f08a7fd25564c2e888e/r_38",
            "rotation": 0.12566370614359174,
            "transform_matrix": [
                [
                    0.7016310095787048,
                    -0.665266752243042,
                    -0.25521329045295715,
                    -1.0287976264953613
                ],
                [
                    -0.7125404477119446,
                    -0.6550810933113098,
                    -0.25130578875541687,
                    -1.0130460262298584
                ],
                [
                    -1.4901161193847656e-08,
                    0.3581739068031311,
                    -0.9336549639701843,
                    -3.763683319091797
                ],
                [
                    0.0,
                    0.0,
                    0.0,
                    1.0
                ]
            ]
        },
        {
            "file_path": "/data/shapenet_blender/all_50_random/02958343/556ec1ccfcb79f08a7fd25564c2e888e/r_39",
            "rotation": 0.12566370614359174,
            "transform_matrix": [
                [
                    0.854580819606781,
                    0.02424982562661171,
                    0.5187520384788513,
                    2.091156005859375
                ],
                [
                    0.5193185210227966,
                    -0.039905060082674026,
                    -0.8536486625671387,
                    -3.4411673545837402
                ],
                [
                    0.0,
                    0.998909056186676,
                    -0.04669548571109772,
                    -0.18823550641536713
                ],
                [
                    0.0,
                    0.0,
                    0.0,
                    1.0
                ]
            ]
        },
        {
            "file_path": "/data/shapenet_blender/all_50_random/02958343/556ec1ccfcb79f08a7fd25564c2e888e/r_40",
            "rotation": 0.12566370614359174,
            "transform_matrix": [
                [
                    -0.6702654957771301,
                    0.574853777885437,
                    -0.4693478047847748,
                    -1.8920015096664429
                ],
                [
                    -0.7421213984489441,
                    -0.5191935300827026,
                    0.4239031672477722,
                    1.7088083028793335
                ],
                [
                    0.0,
                    0.6324405670166016,
                    0.7746087908744812,
                    3.1225478649139404
                ],
                [
                    0.0,
                    0.0,
                    0.0,
                    1.0
                ]
            ]
        },
        {
            "file_path": "/data/shapenet_blender/all_50_random/02958343/556ec1ccfcb79f08a7fd25564c2e888e/r_41",
            "rotation": 0.12566370614359174,
            "transform_matrix": [
                [
                    -0.988851010799408,
                    -0.045024942606687546,
                    -0.14193761348724365,
                    -0.5721688270568848
                ],
                [
                    -0.14890779554843903,
                    0.29899686574935913,
                    0.9425642490386963,
                    3.79959774017334
                ],
                [
                    0.0,
