{
    "class": "02958343",
    "model": "2fc99d3fe3f1f3b3b5e3401710af905a",
    "remove_doubles": true,
    "edge_split": true,
    "denoise": true,
    "camera_angle_x": 0.6911112070083618,
    "scale_factor": 2.283376168485051,
    "hdri_file": "/data/IndoorHDRDataset2018/AG8A8010-64f891fa65.exr",
    "center_offset": [
        0.0,
        -1.862645149230957e-09,
        0.0
    ],
    "lights": [],
    "frames": [
        {
            "file_path": "/data/shapenet_blender/all_50_random/02958343/2fc99d3fe3f1f3b3b5e3401710af905a/r_0",
            "rotation": 0.12566370614359174,
            "transform_matrix": [
                [
                    0.7748743295669556,
                    0.3444676399230957,
                    -0.5300112366676331,
                    -2.1365437507629395
                ],
                [
                    -0.6321154236793518,
                    0.4222632348537445,
                    -0.6497105360031128,
                    -2.6190669536590576
                ],
                [
                    1.4901162970204496e-08,
                    0.8384722471237183,
                    0.5449442267417908,
                    2.1967403888702393
                ],
                [
                    0.0,
                    0.0,
                    0.0,
                    1.0
                ]
            ]
        },
        {
            "file_path": "/data/shapenet_blender/all_50_random/02958343/2fc99d3fe3f1f3b3b5e3401710af905a/r_1",
            "rotation": 0.12566370614359174,
            "transform_matrix": [
                [
                    0.9760133028030396,
                    -0.04377933219075203,
                    -0.2132638841867447,
                    -0.859694242477417
                ],
                [
                    -0.21771107614040375,
                    -0.19626565277576447,
                    -0.9560762047767639,
                    -3.8540663719177246
                ],
                [
                    3.725290298461914e-09,
                    0.9795729517936707,
                    -0.20108912885189056,
                    -0.8106161952018738
                ],
                [
                    0.0,
                    0.0,
                    0.0,
                    1.0
                ]
            ]
        },
        {
            "file_path": "/data/shapenet_blender/all_50_random/02958343/2fc99d3fe3f1f3b3b5e3401710af905a/r_2",
            "rotation": 0.12566370614359174,
            "transform_matrix": [
                [
                    -0.9608426094055176,
                    -0.25301435589790344,
                    0.11298292130231857,
                    0.4554487466812134
                ],
                [
                    0.2770945727825165,
                    -0.877342939376831,
                    0.3917752504348755,
                    1.5792967081069946
                ],
                [
                    0.0,
                    0.40774136781692505,
                    0.9130973815917969,
                    3.6808135509490967
                ],
                [
                    0.0,
                    0.0,
                    0.0,
                    1.0
                ]
            ]
        },
        {
            "file_path": "/data/shapenet_blender/all_50_random/02958343/2fc99d3fe3f1f3b3b5e3401710af905a/r_3",
            "rotation": 0.12566370614359174,
            "transform_matrix": [
                [
                    -0.6570314168930054,
                    0.23149323463439941,
                    0.7174402475357056,
                    2.892094373703003
                ],
                [
                    0.7538632750511169,
                    0.2017585188150406,
                    0.625286877155304,
                    2.5206122398376465
                ],
                [
                    0.0,
                    0.9516848921775818,
                    -0.3070759177207947,
                    -1.2378627061843872
                ],
                [
                    0.0,
                    0.0,
                    0.0,
                    1.0
                ]
            ]
        },
        {
            "file_path": "/data/shapenet_blender/all_50_random/02958343/2fc99d3fe3f1f3b3b5e3401710af905a/r_4",
            "rotation": 0.12566370614359174,
            "transform_matrix": [
                [
                    -0.9716868996620178,
                    0.007495029363781214,
                    0.23615355789661407,
                    0.9519654512405396
                ],
                [
                    0.23627249896526337,
                    0.030823824927210808,
                    0.971197783946991,
                    3.9150235652923584
                ],
                [
                    0.0,
                    0.9994966387748718,
                    -0.031721971929073334,
                    -0.12787535786628723
                ],
                [
                    0.0,
                    0.0,
                    0.0,
                    1.0
                ]
            ]
        },
        {
            "file_path": "/data/shapenet_blender/all_50_random/02958343/2fc99d3fe3f1f3b3b5e3401710af905a/r_5",
            "rotation": 0.12566370614359174,
            "transform_matrix": [
                [
                    0.7072197794914246,
                    0.0365728959441185,
                    0.7060471773147583,
                    2.8461673259735107
                ],
                [
                    0.706993818283081,
                    -0.03658458590507507,
                    -0.7062728404998779,
                    -2.847076892852783
                ],
                [
                    0.0,
                    0.9986611604690552,
                    -0.05173014849424362,
                    -0.20853090286254883
                ],
                [
                    0.0,
                    0.0,
                    0.0,
                    1.0
                ]
            ]
        },
        {
            "file_path": "/data/shapenet_blender/all_50_random/02958343/2fc99d3fe3f1f3b3b5e3401710af905a/r_6",
            "rotation": 0.12566370614359174,
            "transform_matrix": [
                [
                    0.9090078473091125,
                    -0.018834656104445457,
                    0.416353315114975,
                    1.67837393283844
                ],
                [
                    0.41677913069725037,
                    0.041078947484493256,
                    -0.9080790877342224,
                    -3.660583972930908
                ],
                [
                    1.862645149230957e-09,
                    0.9989783763885498,
                    0.045190971344709396,
                    0.18217062950134277
                ],
                [
                    0.0,
                    0.0,
                    0.0,
                    1.0
                ]
            ]
        },
        {
            "file_path": "/data/shapenet_blender/all_50_random/02958343/2fc99d3fe3f1f3b3b5e3401710af905a/r_7",
            "rotation": 0.12566370614359174,
            "transform_matrix": [
                [
                    0.036073971539735794,
                    0.3173203468322754,
                    -0.9476319551467896,
                    -3.8200268745422363
                ],
                [
                    -0.9993491172790527,
                    0.011454460211098194,
                    -0.03420710936188698,
                    -0.13789328932762146
                ],
                [
                    0.0,
                    0.9482491612434387,
                    0.31752699613571167,
                    1.2799923419952393
                ],
                [
                    0.0,
                    0.0,
                    0.0,
                    1.0
                ]
            ]
        },
        {
            "file_path": "/data/shapenet_blender/all_50_random/02958343/2fc99d3fe3f1f3b3b5e3401710af905a/r_8",
            "rotation": 0.12566370614359174,
            "transform_matrix": [
                [
                    -0.11682004481554031,
                    0.44425565004348755,
                    -0.888251006603241,
                    -3.5806546211242676
                ],
                [
                    -0.9931531548500061,
                    -0.05225574970245361,
                    0.10448088496923447,
                    0.4211759567260742
                ],
                [
                    0.0,
                    0.8943747282028198,
                    0.44731834530830383,
                    1.8031980991363525
                ],
                [
                    0.0,
                    0.0,
                    0.0,
                    1.0
                ]
            ]
        },
        {
            "file_path": "/data/shapenet_blender/all_50_random/02958343/2fc99d3fe3f1f3b3b5e3401710af905a/r_9",
            "rotation": 0.12566370614359174,
            "transform_matrix": [
                [
                    -0.6460648775100708,
                    0.004557921551167965,
                    0.7632688283920288,
                    3.0768351554870605
                ],
                [
                    0.7632823586463928,
                    0.0038579602260142565,
                    0.6460534334182739,
                    2.6043245792388916
                ],
                [
                    0.0,
                    0.9999822378158569,
                    -0.005971474107354879,
                    -0.02407178282737732
                ],
                [
                    0.0,
                    0.0,
                    0.0,
                    1.0
                ]
            ]
        },
        {
            "file_path": "/data/shapenet_blender/all_50_random/02958343/2fc99d3fe3f1f3b3b5e3401710af905a/r_10",
            "rotation": 0.12566370614359174,
            "transform_matrix": [
                [
                    -0.9974991679191589,
                    -0.060680877417325974,
                    -0.0362396165728569,
                    -0.14608657360076904
                ],
                [
                    -0.0706787034869194,
                    0.8563982844352722,
                    0.5114551186561584,
                    2.061741590499878
                ],
                [
                    0.0,
                    0.5127373337745667,
                    -0.8585454821586609,
                    -3.460907459259033
                ],
                [
                    0.0,
                    0.0,
                    0.0,
                    1.0
                ]
            ]
        },
        {
            "file_path": "/data/shapenet_blender/all_50_random/02958343/2fc99d3fe3f1f3b3b5e3401710af905a/r_11",
            "rotation": 0.12566370614359174,
            "transform_matrix": [
                [
                    0.8619970083236694,
                    -0.3449288308620453,
                    -0.3714638352394104,
                    -1.4974186420440674
                ],
                [
                    -0.5069134831428528,
                    -0.5865451097488403,
                    -0.6316673159599304,
                    -2.546332359313965
                ],
                [
                    -2.9802322387695312e-08,
                    0.7327953577041626,
                    -0.6804491281509399,
                    -2.742978096008301
                ],
                [
                    0.0,
                    0.0,
                    0.0,
                    1.0
                ]
            ]
        },
        {
            "file_path": "/data/shapenet_blender/all_50_random/02958343/2fc99d3fe3f1f3b3b5e3401710af905a/r_12",
            "rotation": 0.12566370614359174,
            "transform_matrix": [
                [
                    -0.9583248496055603,
                    0.2284778207540512,
                    0.17149674892425537,
                    0.6913254857063293
                ],
                [
                    0.28568029403686523,
                    0.7664370536804199,
                    0.5752919912338257,
                    2.3190762996673584
                ],
                [
                    0.0,
                    0.6003099083900452,
                    -0.7997673749923706,
                    -3.2239654064178467
                ],
                [
                    0.0,
                    0.0,
                    0.0,
                    1.0
                ]
            ]
        },
        {
            "file_path": "/data/shapenet_blender/all_50_random/02958343/2fc99d3fe3f1f3b3b5e3401710af905a/r_13",
            "rotation": 0.12566370614359174,
            "transform_matrix": [
                [
                    -0.986615777015686,
                    0.04289437457919121,
                    0.1573198139667511,
                    0.6341764330863953
                ],
                [
                    0.16306273639202118,
                    0.25953367352485657,
                    0.9518680572509766,
                    3.8371028900146484
                ],
                [
                    -3.725290742551124e-09,
                    0.9647809267044067,
                    -0.2630544602870941,
                    -1.0604064464569092
                ],
                [
                    0.0,
                    0.0,
                    0.0,
                    1.0
                ]
            ]
        },
        {
            "file_path": "/data/shapenet_blender/all_50_random/02958343/2fc99d3fe3f1f3b3b5e3401710af905a/r_14",
            "rotation": 0.12566370614359174,
            "transform_matrix": [
                [
                    -0.9584671854972839,
                    0.08392348885536194,
                    0.2725756764411926,
                    1.098787784576416
                ],
                [
                    0.28520286083221436,
                    0.28203752636909485,
                    0.9160316586494446,
                    3.6926419734954834
                ],
                [
                    0.0,
                    0.9557257890701294,
                    -0.29425886273384094,
                    -1.1861954927444458
                ],
                [
                    0.0,
                    0.0,
                    0.0,
                    1.0
                ]
            ]
        },
        {
            "file_path": "/data/shapenet_blender/all_50_random/02958343/2fc99d3fe3f1f3b3b5e3401710af905a/r_15",
            "rotation": 0.12566370614359174,
            "transform_matrix": [
                [
                    0.4561840295791626,
                    0.35620516538619995,
                    -0.8154839873313904,
                    -3.287320613861084
                ],
                [
                    -0.889885425567627,
                    0.18260227143764496,
                    -0.41804343461990356,
                    -1.685186743736267
                ],
                [
                    0.0,
                    0.916391909122467,
                    0.4002821147441864,
                    1.613588571548462
                ],
                [
                    0.0,
                    0.0,
                    0.0,
                    1.0
                ]
            ]
        },
        {
            "file_path": "/data/shapenet_blender/all_50_random/02958343/2fc99d3fe3f1f3b3b5e3401710af905a/r_16",
            "rotation": 0.12566370614359174,
            "transform_matrix": [
                [
                    0.4361925721168518,
                    0.5736860036849976,
                    -0.6932679414749146,
                    -2.7946524620056152
                ],
                [
                    -0.8998533487319946,
                    0.2780870795249939,
                    -0.33605292439460754,
                    -1.3546726703643799
                ],
                [
                    0.0,
                    0.7704232335090637,
                    0.6375327706336975,
                    2.569976806640625
                ],
                [
                    0.0,
                    0.0,
                    0.0,
                    1.0
                ]
            ]
        },
        {
            "file_path": "/data/shapenet_blender/all_50_random/02958343/2fc99d3fe3f1f3b3b5e3401710af905a/r_17",
            "rotation": 0.12566370614359174,
            "transform_matrix": [
                [
                    0.9395795464515686,
                    0.02724616788327694,
                    0.3412444591522217,
                    1.3756005764007568
                ],
                [
                    0.3423304557800293,
                    -0.07478136569261551,
                    -0.9365988969802856,
                    -3.7755510807037354
                ],
                [
                    -1.8626450382086546e-09,
                    0.9968276023864746,
                    -0.07959024608135223,
                    -0.3208385705947876
                ],
                [
                    0.0,
                    0.0,
                    0.0,
                    1.0
                ]
            ]
        },
        {
            "file_path": "/data/shapenet_blender/all_50_random/02958343/2fc99d3fe3f1f3b3b5e3401710af905a/r_18",
            "rotation": 0.12566370614359174,
            "transform_matrix": [
                [
                    0.9393284320831299,
                    0.011529436334967613,
                    0.342825323343277,
                    1.3819730281829834
                ],
                [
                    0.34301915764808655,
                    -0.0315723642706871,
                    -0.938797652721405,
                    -3.784414291381836
                ],
                [
                    -9.313225746154785e-10,
                    0.9994349479675293,
                    -0.033611640334129333,
                    -0.13549286127090454
                ],
                [
                    0.0,
                    0.0,
                    0.0,
                    1.0
                ]
            ]
        },
        {
            "file_path": "/data/shapenet_blender/all_50_random/02958343/2fc99d3fe3f1f3b3b5e3401710af905a/r_19",
            "rotation": 0.12566370614359174,
            "transform_matrix": [
                [
                    0.8497663140296936,
                    -0.5184827446937561,
                    -0.0952519029378891,
                    -0.383972704410553
                ],
                [
                    -0.5271597504615784,
                    -0.8357792496681213,
                    -0.15354332327842712,
                    -0.6189529299736023
                ],
                [
                    0.0,
                    0.1806890219449997,
                    -0.9835402965545654,
                    -3.964777708053589
                ],
                [
                    0.0,
                    0.0,
                    0.0,
                    1.0
                ]
            ]
        },
        {
            "file_path": "/data/shapenet_blender/all_50_random/02958343/2fc99d3fe3f1f3b3b5e3401710af905a/r_20",
            "rotation": 0.12566370614359174,
            "transform_matrix": [
                [
                    -0.7701925039291382,
                    -0.5726022720336914,
                    -0.28094497323036194,
                    -1.1325254440307617
                ],
                [
                    -0.637811541557312,
                    0.6914488077163696,
                    0.33925655484199524,
                    1.3675869703292847
                ],
                [
                    -1.4901161193847656e-08,
                    0.4404827952384949,
                    -0.8977610468864441,
                    -3.618990421295166
                ],
                [
                    0.0,
                    0.0,
                    0.0,
                    1.0
                ]
            ]
        },
        {
            "file_path": "/data/shapenet_blender/all_50_random/02958343/2fc99d3fe3f1f3b3b5e3401710af905a/r_21",
            "rotation": 0.12566370614359174,
            "transform_matrix": [
                [
                    -0.7200379967689514,
                    0.13401579856872559,
                    -0.6808708310127258,
                    -2.744678020477295
                ],
                [
                    -0.6939346790313721,
                    -0.139056995511055,
                    0.7064827680587769,
                    2.8479230403900146
                ],
                [
                    0.0,
                    0.9811742305755615,
                    0.19312457740306854,
                    0.7785100936889648
                ],
                [
                    0.0,
                    0.0,
                    0.0,
                    1.0
                ]
            ]
        },
        {
            "file_path": "/data/shapenet_blender/all_50_random/02958343/2fc99d3fe3f1f3b3b5e3401710af905a/r_22",
            "rotation": 0.12566370614359174,
            "transform_matrix": [
                [
                    0.23300854861736298,
                    -0.07360956817865372,
                    0.9696847796440125,
                    3.9089245796203613
                ],
                [
                    0.9724746942520142,
                    0.01763712428510189,
                    -0.23234006762504578,
                    -0.9365928173065186
                ],
                [
                    1.862645149230957e-09,
                    0.9971311688423157,
                    0.0756930261850357,
                    0.3051283657550812
                ],
                [
                    0.0,
                    0.0,
                    0.0,
                    1.0
                ]
            ]
        },
        {
            "file_path": "/data/shapenet_blender/all_50_random/02958343/2fc99d3fe3f1f3b3b5e3401710af905a/r_23",
            "rotation": 0.12566370614359174,
            "transform_matrix": [
                [
                    -0.3387746214866638,
                    0.596585750579834,
                    0.7275418639183044,
                    2.9328150749206543
                ],
                [
                    0.94086754322052,
                    0.21481037139892578,
                    0.26196324825286865,
                    1.0560076236724854
                ],
                [
                    1.4901161193847656e-08,
                    0.7732669115066528,
                    -0.6340805292129517,
                    -2.556060314178467
                ],
                [
                    0.0,
                    0.0,
                    0.0,
                    1.0
                ]
            ]
        },
        {
            "file_path": "/data/shapenet_blender/all_50_random/02958343/2fc99d3fe3f1f3b3b5e3401710af905a/r_24",
            "rotation": 0.12566370614359174,
            "transform_matrix": [
                [
                    -0.1044781431555748,
                    0.6027764081954956,
                    0.7910404205322266,
                    3.188786029815674
                ],
                [
                    0.9945271015167236,
                    0.06332352757453918,
                    0.08310124278068542,
                    0.33499181270599365
                ],
                [
                    -3.725290076417309e-09,
                    0.7953934073448181,
                    -0.6060934066772461,
                    -2.4432406425476074
                ],
                [
                    0.0,
                    0.0,
                    0.0,
                    1.0
                ]
            ]
        },
        {
            "file_path": "/data/shapenet_blender/all_50_random/02958343/2fc99d3fe3f1f3b3b5e3401710af905a/r_25",
            "rotation": 0.12566370614359174,
            "transform_matrix": [
                [
                    -0.20818504691123962,
                    -0.7147698998451233,
                    -0.667654812335968,
                    -2.6914026737213135
                ],
                [
                    -0.978089451789856,
                    0.15213781595230103,
                    0.1421094387769699,
                    0.5728614926338196
                ],
                [
                    0.0,
                    0.6826112866401672,
                    -0.7307816743850708,
                    -2.9458751678466797
                ],
                [
                    0.0,
                    0.0,
                    0.0,
                    1.0
                ]
            ]
        },
        {
            "file_path": "/data/shapenet_blender/all_50_random/02958343/2fc99d3fe3f1f3b3b5e3401710af905a/r_26",
            "rotation": 0.12566370614359174,
            "transform_matrix": [
                [
                    0.9933876395225525,
                    0.04396824166178703,
                    -0.1060553789138794,
                    -0.4275228977203369
                ],
                [
                    -0.11480832099914551,
                    0.38043853640556335,
                    -0.9176521897315979,
                    -3.699174165725708
                ],
                [
                    0.0,
                    0.9237603545188904,
                    0.3829708993434906,
                    1.5438050031661987
                ],
                [
                    0.0,
                    0.0,
                    0.0,
                    1.0
                ]
            ]
        },
        {
            "file_path": "/data/shapenet_blender/all_50_random/02958343/2fc99d3fe3f1f3b3b5e3401710af905a/r_27",
            "rotation": 0.12566370614359174,
            "transform_matrix": [
                [
                    -0.9251021146774292,
                    -0.20785017311573029,
                    -0.31778061389923096,
                    -1.2810148000717163
                ],
                [
                    -0.3797186315059662,
                    0.5063818693161011,
                    0.7742035388946533,
                    3.1209144592285156
                ],
                [
                    0.0,
                    0.8368844389915466,
                    -0.5473794341087341,
                    -2.206557273864746
                ],
                [
                    0.0,
                    0.0,
                    0.0,
                    1.0
                ]
            ]
        },
        {
            "file_path": "/data/shapenet_blender/all_50_random/02958343/2fc99d3fe3f1f3b3b5e3401710af905a/r_28",
            "rotation": 0.12566370614359174,
            "transform_matrix": [
                [
                    -0.761557400226593,
                    0.6048042178153992,
                    0.23289933800697327,
                    0.9388473033905029
                ],
                [
                    0.6480974555015564,
                    0.7106850147247314,
                    0.27367210388183594,
                    1.1032077074050903
                ],
                [
                    -1.4901161193847656e-08,
                    0.35935842990875244,
                    -0.9331995248794556,
                    -3.761847734451294
                ],
                [
                    0.0,
                    0.0,
                    0.0,
                    1.0
                ]
            ]
        },
        {
            "file_path": "/data/shapenet_blender/all_50_random/02958343/2fc99d3fe3f1f3b3b5e3401710af905a/r_29",
            "rotation": 0.12566370614359174,
            "transform_matrix": [
                [
                    -0.2161700576543808,
                    0.16947655379772186,
                    -0.9615342617034912,
                    -3.876068592071533
                ],
                [
                    -0.9763557314872742,
                    -0.03752296045422554,
                    0.21288850903511047,
                    0.8581809997558594
                ],
                [
                    0.0,
                    0.9848196506500244,
                    0.17358073592185974,
                    0.6997263431549072
                ],
                [
                    0.0,
                    0.0,
                    0.0,
                    1.0
                ]
            ]
        },
        {
            "file_path": "/data/shapenet_blender/all_50_random/02958343/2fc99d3fe3f1f3b3b5e3401710af905a/r_30",
            "rotation": 0.12566370614359174,
            "transform_matrix": [
                [
                    0.993266224861145,
                    -0.06827569007873535,
                    0.09359876066446304,
                    0.3773086965084076
                ],
                [
                    0.1158546656370163,
                    0.5853536128997803,
                    -0.8024579882621765,
                    -3.234811782836914
                ],
                [
                    0.0,
                    0.807898223400116,
                    0.5893219113349915,
                    2.3756327629089355
                ],
                [
                    0.0,
                    0.0,
                    0.0,
                    1.0
                ]
            ]
        },
        {
            "file_path": "/data/shapenet_blender/all_50_random/02958343/2fc99d3fe3f1f3b3b5e3401710af905a/r_31",
            "rotation": 0.12566370614359174,
            "transform_matrix": [
                [
                    -0.6412488222122192,
                    0.7119442820549011,
                    -0.2862434387207031,
                    -1.1538841724395752
                ],
                [
                    -0.7673331499099731,
                    -0.5949611067771912,
                    0.2392093539237976,
                    0.9642837643623352
                ],
                [
                    1.4901164746561335e-08,
                    0.373036652803421,
                    0.9278165102005005,
                    3.7401480674743652
                ],
                [
                    0.0,
                    0.0,
                    0.0,
                    1.0
                ]
            ]
        },
        {
            "file_path": "/data/shapenet_blender/all_50_random/02958343/2fc99d3fe3f1f3b3b5e3401710af905a/r_32",
            "rotation": 0.12566370614359174,
            "transform_matrix": [
                [
                    -0.4549027979373932,
                    0.6354525685310364,
                    -0.6239097118377686,
                    -2.5150606632232666
                ],
                [
                    -0.8905410766601562,
                    -0.3245994746685028,
                    0.31870317459106445,
                    1.2847336530685425
                ],
                [
                    -1.4901161193847656e-08,
                    0.7005962133407593,
                    0.7135578393936157,
                    2.876443862915039
                ],
                [
                    0.0,
                    0.0,
                    0.0,
                    1.0
                ]
            ]
        },
        {
            "file_path": "/data/shapenet_blender/all_50_random/02958343/2fc99d3fe3f1f3b3b5e3401710af905a/r_33",
            "rotation": 0.12566370614359174,
            "transform_matrix": [
                [
                    -0.3885568082332611,
                    -0.05764852836728096,
                    0.9196196794509888,
                    3.7071053981781006
                ],
                [
                    0.9214248061180115,
                    -0.024309881031513214,
                    0.3877955973148346,
                    1.5632539987564087
                ],
                [
                    0.0,
                    0.9980409145355225,
                    0.06256455928087234,
                    0.25220581889152527
                ],
                [
                    0.0,
                    0.0,
                    0.0,
                    1.0
                ]
            ]
        },
        {
            "file_path": "/data/shapenet_blender/all_50_random/02958343/2fc99d3fe3f1f3b3b5e3401710af905a/r_34",
            "rotation": 0.12566370614359174,
            "transform_matrix": [
                [
                    -0.6932238936424255,
                    -0.3270692527294159,
                    -0.6422353386878967,
                    -2.5889337062835693
                ],
                [
                    -0.7207223176956177,
                    0.3145902752876282,
                    0.617731511592865,
                    2.4901556968688965
                ],
                [
                    1.4901161193847656e-08,
                    0.891099750995636,
                    -0.453807532787323,
                    -1.8293567895889282
                ],
                [
                    0.0,
                    0.0,
                    0.0,
                    1.0
                ]
            ]
        },
        {
            "file_path": "/data/shapenet_blender/all_50_random/02958343/2fc99d3fe3f1f3b3b5e3401710af905a/r_35",
            "rotation": 0.12566370614359174,
            "transform_matrix": [
                [
                    0.5322672724723816,
                    0.7494271993637085,
                    -0.3937643766403198,
                    -1.5873149633407593
                ],
                [
                    -0.846576452255249,
                    0.47118666768074036,
                    -0.24757112562656403,
                    -0.997991144657135
                ],
                [
                    -1.4901162970204496e-08,
                    0.46512559056282043,
                    0.8852446675300598,
                    3.568535327911377
                ],
                [
                    0.0,
                    0.0,
                    0.0,
                    1.0
                ]
            ]
        },
        {
            "file_path": "/data/shapenet_blender/all_50_random/02958343/2fc99d3fe3f1f3b3b5e3401710af905a/r_36",
            "rotation": 0.12566370614359174,
            "transform_matrix": [
                [
                    0.9379333853721619,
                    0.16219724714756012,
                    -0.30654990673065186,
                    -1.2357423305511475
                ],
                [
                    -0.34681522846221924,
                    0.43864917755126953,
                    -0.8290392160415649,
                    -3.3419642448425293
                ],
                [
                    0.0,
                    0.8838999271392822,
                    0.4676761329174042,
                    1.8852629661560059
                ],
                [
                    0.0,
                    0.0,
                    0.0,
                    1.0
                ]
            ]
        },
        {
            "file_path": "/data/shapenet_blender/all_50_random/02958343/2fc99d3fe3f1f3b3b5e3401710af905a/r_37",
            "rotation": 0.12566370614359174,
            "transform_matrix": [
                [
                    0.9335126280784607,
                    0.08887620270252228,
                    -0.3473545014858246,
                    -1.4002307653427124
                ],
                [
                    -0.3585444688796997,
                    0.23139964044094086,
                    -0.9043782949447632,
                    -3.645665407180786
                ],
                [
                    0.0,
                    0.9687905311584473,
                    0.24788059294223785,
                    0.9992386102676392
                ],
                [
                    0.0,
                    0.0,
                    0.0,
                    1.0
                ]
            ]
        },
        {
            "file_path": "/data/shapenet_blender/all_50_random/02958343/2fc99d3fe3f1f3b3b5e3401710af905a/r_38",
            "rotation": 0.12566370614359174,
            "transform_matrix": [
                [
                    -0.9642613530158997,
                    0.001250628032721579,
                    -0.2649496793746948,
                    -1.0680464506149292
                ],
                [
                    -0.2649526298046112,
                    -0.004551501478999853,
                    0.9642505645751953,
                    3.8870186805725098
                ],
                [
                    -1.1641531488804091e-10,
                    0.9999889135360718,
                    0.004720193333923817,
                    0.0190277099609375
                ],
                [
                    0.0,
                    0.0,
                    0.0,
                    1.0
                ]
            ]
        },
        {
            "file_path": "/data/shapenet_blender/all_50_random/02958343/2fc99d3fe3f1f3b3b5e3401710af905a/r_39",
            "rotation": 0.12566370614359174,
            "transform_matrix": [
                [
                    0.8743306398391724,
                    0.25766661763191223,
                    -0.4112832546234131,
                    -1.6579358577728271
                ],
                [
                    -0.48533084988594055,
                    0.46419021487236023,
                    -0.740932822227478,
                    -2.986795663833618
                ],
                [
                    1.4901161193847656e-08,
                    0.8474286794662476,
                    0.5309092402458191,
                    2.1401636600494385
                ],
                [
                    0.0,
                    0.0,
                    0.0,
                    1.0
                ]
            ]
        },
        {
            "file_path": "/data/shapenet_blender/all_50_random/02958343/2fc99d3fe3f1f3b3b5e3401710af905a/r_40",
            "rotation": 0.12566370614359174,
            "transform_matrix": [
                [
                    -0.0688522532582283,
                    -0.17940327525138855,
                    0.9813632369041443,
                    3.9560017585754395
                ],
                [
                    0.9976269006729126,
                    -0.012381703592836857,
                    0.06772980093955994,
                    0.27302756905555725
                ],
                [
                    9.313225746154785e-10,
                    0.9836976528167725,
                    0.17983005940914154,
                    0.7249181866645813
                ],
                [
                    0.0,
                    0.0,
                    0.0,
                    1.0
                ]
            ]
        },
        {
            "file_path": "/data/shapenet_blender/all_50_random/02958343/2fc99d3fe3f1f3b3b5e3401710af905a/r_41",
            "rotation": 0.12566370614359174,
            "transform_matrix": [
                [
                    0.7946677207946777,
                    0.21731536090373993,
                    0.5668131709098816,
                    2.2848970890045166
                ],
                [
                    0.607044517993927,
                    -0.2844823896884918,
                    -0.7420017123222351,
                    -2.9911046028137207
                ],
                [
                    0.0,
