{
    "class": "02958343",
    "model": "6cbadb3a39216f12ac6dec6f3725ccf",
    "remove_doubles": true,
    "edge_split": true,
    "denoise": true,
    "camera_angle_x": 0.6911112070083618,
    "scale_factor": 2.2569949193044234,
    "hdri_file": "/data/IndoorHDRDataset2018/9C4A8021-2e81481485.exr",
    "center_offset": [
        0.0,
        0.0,
        -1.862645149230957e-09
    ],
    "lights": [],
    "frames": [
        {
            "file_path": "/data/shapenet_blender/all_50_random/02958343/6cbadb3a39216f12ac6dec6f3725ccf/r_0",
            "rotation": 0.12566370614359174,
            "transform_matrix": [
                [
                    0.9678560495376587,
                    -0.02016657404601574,
                    0.2506951093673706,
                    1.0105843544006348
                ],
                [
                    0.25150492787361145,
                    0.0776061937212944,
                    -0.9647396206855774,
                    -3.8889896869659424
                ],
                [
                    0.0,
                    0.9967801570892334,
                    0.08018361032009125,
                    0.32323047518730164
                ],
                [
                    0.0,
                    0.0,
                    0.0,
                    1.0
                ]
            ]
        },
        {
            "file_path": "/data/shapenet_blender/all_50_random/02958343/6cbadb3a39216f12ac6dec6f3725ccf/r_1",
            "rotation": 0.12566370614359174,
            "transform_matrix": [
                [
                    0.28410419821739197,
                    0.6900714039802551,
                    0.6656470894813538,
                    2.683309555053711
                ],
                [
                    0.9587934613227844,
                    -0.20447804033756256,
                    -0.19724075496196747,
                    -0.7951029539108276
                ],
                [
                    0.0,
                    0.6942550539970398,
                    -0.719728946685791,
                    -2.901320457458496
                ],
                [
                    0.0,
                    0.0,
                    0.0,
                    1.0
                ]
            ]
        },
        {
            "file_path": "/data/shapenet_blender/all_50_random/02958343/6cbadb3a39216f12ac6dec6f3725ccf/r_2",
            "rotation": 0.12566370614359174,
            "transform_matrix": [
                [
                    0.4444020092487335,
                    0.10482057929039001,
                    0.8896737694740295,
                    3.5863900184631348
                ],
                [
                    0.89582759141922,
                    -0.051999371498823166,
                    -0.44134920835494995,
                    -1.7791357040405273
                ],
                [
                    -3.725290742551124e-09,
                    0.9931306838989258,
                    -0.11700978130102158,
                    -0.47168153524398804
                ],
                [
                    0.0,
                    0.0,
                    0.0,
                    1.0
                ]
            ]
        },
        {
            "file_path": "/data/shapenet_blender/all_50_random/02958343/6cbadb3a39216f12ac6dec6f3725ccf/r_3",
            "rotation": 0.12566370614359174,
            "transform_matrix": [
                [
                    -0.9594684839248657,
                    0.17421606183052063,
                    0.22151510417461395,
                    0.8929559588432312
                ],
                [
                    0.28181585669517517,
                    0.593134880065918,
                    0.7541689276695251,
                    3.040152072906494
                ],
                [
                    0.0,
                    0.786027729511261,
                    -0.618191123008728,
                    -2.4920082092285156
                ],
                [
                    0.0,
                    0.0,
                    0.0,
                    1.0
                ]
            ]
        },
        {
            "file_path": "/data/shapenet_blender/all_50_random/02958343/6cbadb3a39216f12ac6dec6f3725ccf/r_4",
            "rotation": 0.12566370614359174,
            "transform_matrix": [
                [
                    0.07495783269405365,
                    -0.22830533981323242,
                    0.9706998467445374,
                    3.913015842437744
                ],
                [
                    0.9971867799758911,
                    0.017161553725600243,
                    -0.07296682894229889,
                    -0.29413866996765137
                ],
                [
                    0.0,
                    0.9734382629394531,
                    0.22894948720932007,
                    0.9229247570037842
                ],
                [
                    0.0,
                    0.0,
                    0.0,
                    1.0
                ]
            ]
        },
        {
            "file_path": "/data/shapenet_blender/all_50_random/02958343/6cbadb3a39216f12ac6dec6f3725ccf/r_5",
            "rotation": 0.12566370614359174,
            "transform_matrix": [
                [
                    0.8231662511825562,
                    -0.024301033467054367,
                    0.5672801733016968,
                    2.2867796421051025
                ],
                [
                    0.5678004622459412,
                    0.03523031622171402,
                    -0.8224118947982788,
                    -3.315248489379883
                ],
                [
                    0.0,
                    0.9990838170051575,
                    0.04279853776097298,
                    0.17252641916275024
                ],
                [
                    0.0,
                    0.0,
                    0.0,
                    1.0
                ]
            ]
        },
        {
            "file_path": "/data/shapenet_blender/all_50_random/02958343/6cbadb3a39216f12ac6dec6f3725ccf/r_6",
            "rotation": 0.12566370614359174,
            "transform_matrix": [
                [
                    -0.42362555861473083,
                    0.5698168873786926,
                    -0.7041662335395813,
                    -2.8385848999023438
                ],
                [
                    -0.9058374166488647,
                    -0.26648157835006714,
                    0.32931166887283325,
                    1.3274977207183838
                ],
                [
                    1.4901159417490817e-08,
                    0.7773649096488953,
                    0.6290498375892639,
                    2.535780906677246
                ],
                [
                    0.0,
                    0.0,
                    0.0,
                    1.0
                ]
            ]
        },
        {
            "file_path": "/data/shapenet_blender/all_50_random/02958343/6cbadb3a39216f12ac6dec6f3725ccf/r_7",
            "rotation": 0.12566370614359174,
            "transform_matrix": [
                [
                    -0.32675987482070923,
                    0.5534360408782959,
                    -0.7661177515983582,
                    -3.0883195400238037
                ],
                [
                    -0.9451074004173279,
                    -0.19134408235549927,
                    0.2648763060569763,
                    1.0677505731582642
                ],
                [
                    0.0,
                    0.8106144666671753,
                    0.5855801105499268,
                    2.360548973083496
                ],
                [
                    0.0,
                    0.0,
                    0.0,
                    1.0
                ]
            ]
        },
        {
            "file_path": "/data/shapenet_blender/all_50_random/02958343/6cbadb3a39216f12ac6dec6f3725ccf/r_8",
            "rotation": 0.12566370614359174,
            "transform_matrix": [
                [
                    -0.9862386584281921,
                    0.12240192294120789,
                    -0.11113627254962921,
                    -0.44800466299057007
                ],
                [
                    -0.1653284877538681,
                    -0.73016756772995,
                    0.6629642844200134,
                    2.672494649887085
                ],
                [
                    7.450581485102248e-09,
                    0.672214925289154,
                    0.740355908870697,
                    2.9844703674316406
                ],
                [
                    0.0,
                    0.0,
                    0.0,
                    1.0
                ]
            ]
        },
        {
            "file_path": "/data/shapenet_blender/all_50_random/02958343/6cbadb3a39216f12ac6dec6f3725ccf/r_9",
            "rotation": 0.12566370614359174,
            "transform_matrix": [
                [
                    -0.12875331938266754,
                    0.2103828340768814,
                    0.9691035151481628,
                    3.906581163406372
                ],
                [
                    0.9916767477989197,
                    0.027314836159348488,
                    0.1258225440979004,
                    0.507206916809082
                ],
                [
                    0.0,
                    0.9772374033927917,
                    -0.21214860677719116,
                    -0.8551983833312988
                ],
                [
                    0.0,
                    0.0,
                    0.0,
                    1.0
                ]
            ]
        },
        {
            "file_path": "/data/shapenet_blender/all_50_random/02958343/6cbadb3a39216f12ac6dec6f3725ccf/r_10",
            "rotation": 0.12566370614359174,
            "transform_matrix": [
                [
                    -0.9750969409942627,
                    -0.037437934428453445,
                    -0.2185959368944168,
                    -0.8811883926391602
                ],
                [
                    -0.22177866101264954,
                    0.1646038144826889,
                    0.9611033797264099,
                    3.8743317127227783
                ],
                [
                    0.0,
                    0.9856489896774292,
                    -0.16880762577056885,
                    -0.6804853081703186
                ],
                [
                    0.0,
                    0.0,
                    0.0,
                    1.0
                ]
            ]
        },
        {
            "file_path": "/data/shapenet_blender/all_50_random/02958343/6cbadb3a39216f12ac6dec6f3725ccf/r_11",
            "rotation": 0.12566370614359174,
            "transform_matrix": [
                [
                    0.9695199728012085,
                    -0.13313362002372742,
                    0.20568521320819855,
                    0.8291437029838562
                ],
                [
                    0.24501219391822815,
                    0.5268133878707886,
                    -0.8139020204544067,
                    -3.280944347381592
                ],
                [
                    0.0,
                    0.8394896984100342,
                    0.5433754324913025,
                    2.1904165744781494
                ],
                [
                    0.0,
                    0.0,
                    0.0,
                    1.0
                ]
            ]
        },
        {
            "file_path": "/data/shapenet_blender/all_50_random/02958343/6cbadb3a39216f12ac6dec6f3725ccf/r_12",
            "rotation": 0.12566370614359174,
            "transform_matrix": [
                [
                    -0.9195666909217834,
                    -0.1493929922580719,
                    -0.36342644691467285,
                    -1.4650189876556396
                ],
                [
                    -0.3929339051246643,
                    0.349618136882782,
                    0.8505116105079651,
                    3.4285221099853516
                ],
                [
                    0.0,
                    0.9249047040939331,
                    -0.38019877672195435,
                    -1.532630443572998
                ],
                [
                    0.0,
                    0.0,
                    0.0,
                    1.0
                ]
            ]
        },
        {
            "file_path": "/data/shapenet_blender/all_50_random/02958343/6cbadb3a39216f12ac6dec6f3725ccf/r_13",
            "rotation": 0.12566370614359174,
            "transform_matrix": [
                [
                    0.17060641944408417,
                    0.3125840425491333,
                    -0.934443473815918,
                    -3.766862154006958
                ],
                [
                    -0.9853392243385315,
                    0.05412232130765915,
                    -0.16179409623146057,
                    -0.6522128582000732
                ],
                [
                    -3.725290076417309e-09,
                    0.9483470320701599,
                    0.31723490357398987,
                    1.2788147926330566
                ],
                [
                    0.0,
                    0.0,
                    0.0,
                    1.0
                ]
            ]
        },
        {
            "file_path": "/data/shapenet_blender/all_50_random/02958343/6cbadb3a39216f12ac6dec6f3725ccf/r_14",
            "rotation": 0.12566370614359174,
            "transform_matrix": [
                [
                    -0.005590464919805527,
                    -0.37965622544288635,
                    -0.9251107573509216,
                    -3.7292404174804688
                ],
                [
                    -0.9999844431877136,
                    0.002122487872838974,
                    0.005171880125999451,
                    0.020848512649536133
                ],
                [
                    -2.3283064365386963e-10,
                    0.9251251816749573,
                    -0.3796621859073639,
                    -1.5304670333862305
                ],
                [
                    0.0,
                    0.0,
                    0.0,
                    1.0
                ]
            ]
        },
        {
            "file_path": "/data/shapenet_blender/all_50_random/02958343/6cbadb3a39216f12ac6dec6f3725ccf/r_15",
            "rotation": 0.12566370614359174,
            "transform_matrix": [
                [
                    0.1101941168308258,
                    0.2359231412410736,
                    0.9655036926269531,
                    3.8920700550079346
                ],
                [
                    0.9939101338386536,
                    -0.026156632229685783,
                    -0.10704471915960312,
                    -0.4315111041069031
                ],
                [
                    -1.862645371275562e-09,
                    0.9714195728302002,
                    -0.23736868798732758,
                    -0.9568638205528259
                ],
                [
                    0.0,
                    0.0,
                    0.0,
                    1.0
                ]
            ]
        },
        {
            "file_path": "/data/shapenet_blender/all_50_random/02958343/6cbadb3a39216f12ac6dec6f3725ccf/r_16",
            "rotation": 0.12566370614359174,
            "transform_matrix": [
                [
                    -0.9998091459274292,
                    0.0007602197583764791,
                    0.019521439447999,
                    0.0786934494972229
                ],
                [
                    0.01953623816370964,
                    0.03890588879585266,
                    0.9990518689155579,
                    4.027307033538818
                ],
                [
                    0.0,
                    0.9992426633834839,
                    -0.0389133095741272,
                    -0.15686458349227905
                ],
                [
                    0.0,
                    0.0,
                    0.0,
                    1.0
                ]
            ]
        },
        {
            "file_path": "/data/shapenet_blender/all_50_random/02958343/6cbadb3a39216f12ac6dec6f3725ccf/r_17",
            "rotation": 0.12566370614359174,
            "transform_matrix": [
                [
                    -0.7678890824317932,
                    -0.12870457768440247,
                    -0.6275202035903931,
                    -2.5296149253845215
                ],
                [
                    -0.6405829191207886,
                    0.15428264439105988,
                    0.7522302865982056,
                    3.032337188720703
                ],
                [
                    -7.450580596923828e-09,
                    0.9796081185340881,
                    -0.20091788470745087,
                    -0.80992591381073
                ],
                [
                    0.0,
                    0.0,
                    0.0,
                    1.0
                ]
            ]
        },
        {
            "file_path": "/data/shapenet_blender/all_50_random/02958343/6cbadb3a39216f12ac6dec6f3725ccf/r_18",
            "rotation": 0.12566370614359174,
            "transform_matrix": [
                [
                    0.9939279556274414,
                    -0.0639471784234047,
                    0.08954291045665741,
                    0.3609590232372284
                ],
                [
                    0.11003260314464569,
                    0.5776368379592896,
                    -0.8088438510894775,
                    -3.2605538368225098
                ],
                [
                    -3.725290298461914e-09,
                    0.8137850761413574,
                    0.5811657905578613,
                    2.3427541255950928
                ],
                [
                    0.0,
                    0.0,
                    0.0,
                    1.0
                ]
            ]
        },
        {
            "file_path": "/data/shapenet_blender/all_50_random/02958343/6cbadb3a39216f12ac6dec6f3725ccf/r_19",
            "rotation": 0.12566370614359174,
            "transform_matrix": [
                [
                    -0.9848805665969849,
                    0.15144504606723785,
                    0.08411009609699249,
                    0.33905860781669617
                ],
                [
                    0.1732342690229416,
                    0.8610033988952637,
                    0.4781871736049652,
                    1.9276338815689087
                ],
                [
                    0.0,
                    0.48552799224853516,
                    -0.8742212057113647,
                    -3.5240979194641113
                ],
                [
                    0.0,
                    0.0,
                    0.0,
                    1.0
                ]
            ]
        },
        {
            "file_path": "/data/shapenet_blender/all_50_random/02958343/6cbadb3a39216f12ac6dec6f3725ccf/r_20",
            "rotation": 0.12566370614359174,
            "transform_matrix": [
                [
                    -0.19593851268291473,
                    -0.1434977799654007,
                    -0.9700599908828735,
                    -3.9104371070861816
                ],
                [
                    -0.9806162118911743,
                    0.02867252565920353,
                    0.1938292533159256,
                    0.7813507914543152
                ],
                [
                    1.862645149230957e-09,
                    0.9892352223396301,
                    -0.14633427560329437,
                    -0.5898923873901367
                ],
                [
                    0.0,
                    0.0,
                    0.0,
                    1.0
                ]
            ]
        },
        {
            "file_path": "/data/shapenet_blender/all_50_random/02958343/6cbadb3a39216f12ac6dec6f3725ccf/r_21",
            "rotation": 0.12566370614359174,
            "transform_matrix": [
                [
                    -0.9998222589492798,
                    -0.015919320285320282,
                    -0.010109498165547848,
                    -0.04075269401073456
                ],
                [
                    -0.01885806955397129,
                    0.8440148234367371,
                    0.5359880924224854,
                    2.160637378692627
                ],
                [
                    0.0,
                    0.5360835194587708,
                    -0.8441649079322815,
                    -3.402937889099121
                ],
                [
                    0.0,
                    0.0,
                    0.0,
                    1.0
                ]
            ]
        },
        {
            "file_path": "/data/shapenet_blender/all_50_random/02958343/6cbadb3a39216f12ac6dec6f3725ccf/r_22",
            "rotation": 0.12566370614359174,
            "transform_matrix": [
                [
                    0.9994274377822876,
                    -0.0007630049949511886,
                    0.03382469713687897,
                    0.13635170459747314
                ],
                [
                    0.03383329510688782,
                    0.022538984194397926,
                    -0.9991734027862549,
                    -4.027796268463135
                ],
                [
                    0.0,
                    0.9997457265853882,
                    0.022551894187927246,
                    0.09090958535671234
                ],
                [
                    0.0,
                    0.0,
                    0.0,
                    1.0
                ]
            ]
        },
        {
            "file_path": "/data/shapenet_blender/all_50_random/02958343/6cbadb3a39216f12ac6dec6f3725ccf/r_23",
            "rotation": 0.12566370614359174,
            "transform_matrix": [
                [
                    -0.9981399178504944,
                    -0.02318781614303589,
                    -0.056383393704891205,
                    -0.22728872299194336
                ],
                [
                    -0.06096525117754936,
                    0.3796372711658478,
                    0.9231244325637817,
                    3.721233606338501
                ],
                [
                    -3.725290298461914e-09,
                    0.9248447418212891,
                    -0.38034477829933167,
                    -1.5332188606262207
                ],
                [
                    0.0,
                    0.0,
                    0.0,
                    1.0
                ]
            ]
        },
        {
            "file_path": "/data/shapenet_blender/all_50_random/02958343/6cbadb3a39216f12ac6dec6f3725ccf/r_24",
            "rotation": 0.12566370614359174,
            "transform_matrix": [
                [
                    0.8184467554092407,
                    -0.03606502711772919,
                    -0.5734493732452393,
                    -2.311648368835449
                ],
                [
                    -0.5745823383331299,
                    -0.05137175694108009,
                    -0.816832959651947,
                    -3.2927589416503906
                ],
                [
                    0.0,
                    0.9980282187461853,
                    -0.06276737153530121,
                    -0.2530233561992645
                ],
                [
                    0.0,
                    0.0,
                    0.0,
                    1.0
                ]
            ]
        },
        {
            "file_path": "/data/shapenet_blender/all_50_random/02958343/6cbadb3a39216f12ac6dec6f3725ccf/r_25",
            "rotation": 0.12566370614359174,
            "transform_matrix": [
                [
                    0.842012345790863,
                    0.1270824372768402,
                    -0.5242758989334106,
                    -2.113424062728882
                ],
                [
                    -0.5394582748413086,
                    0.19835637509822845,
                    -0.8183149695396423,
                    -3.2987334728240967
                ],
                [
                    0.0,
                    0.9718563556671143,
                    0.2355741709470749,
                    0.9496299028396606
                ],
                [
                    0.0,
                    0.0,
                    0.0,
                    1.0
                ]
            ]
        },
        {
            "file_path": "/data/shapenet_blender/all_50_random/02958343/6cbadb3a39216f12ac6dec6f3725ccf/r_26",
            "rotation": 0.12566370614359174,
            "transform_matrix": [
                [
                    -0.9985576272010803,
                    -0.032326504588127136,
                    0.04286815971136093,
                    0.17280709743499756
                ],
                [
                    0.05369062349200249,
                    -0.6012200713157654,
                    0.797277569770813,
                    3.2139289379119873
                ],
                [
                    1.862645149230957e-09,
                    0.7984291911125183,
                    0.6020885109901428,
                    2.4270966053009033
                ],
                [
                    0.0,
                    0.0,
                    0.0,
                    1.0
                ]
            ]
        },
        {
            "file_path": "/data/shapenet_blender/all_50_random/02958343/6cbadb3a39216f12ac6dec6f3725ccf/r_27",
            "rotation": 0.12566370614359174,
            "transform_matrix": [
                [
                    -0.43765637278556824,
                    -0.4026607573032379,
                    0.803941011428833,
                    3.2407898902893066
                ],
                [
                    0.899142324924469,
                    -0.19599460065364838,
                    0.3913172781467438,
                    1.5774503946304321
                ],
                [
                    -1.4901161193847656e-08,
                    0.8941197991371155,
                    0.44782763719558716,
                    1.8052510023117065
                ],
                [
                    0.0,
                    0.0,
                    0.0,
                    1.0
                ]
            ]
        },
        {
            "file_path": "/data/shapenet_blender/all_50_random/02958343/6cbadb3a39216f12ac6dec6f3725ccf/r_28",
            "rotation": 0.12566370614359174,
            "transform_matrix": [
                [
                    -0.9978638291358948,
                    0.01729145459830761,
                    -0.06299944221973419,
                    -0.25395888090133667
                ],
                [
                    -0.06532935798168182,
                    -0.2641158103942871,
                    0.9622758626937866,
                    3.8790581226348877
                ],
                [
                    0.0,
                    0.9643358588218689,
                    0.26468127965927124,
                    1.0669643878936768
                ],
                [
                    0.0,
                    0.0,
                    0.0,
                    1.0
                ]
            ]
        },
        {
            "file_path": "/data/shapenet_blender/all_50_random/02958343/6cbadb3a39216f12ac6dec6f3725ccf/r_29",
            "rotation": 0.12566370614359174,
            "transform_matrix": [
                [
                    0.9285054206848145,
                    0.2662482261657715,
                    -0.258823424577713,
                    -1.0433505773544312
                ],
                [
                    -0.37131884694099426,
                    0.6657698750495911,
                    -0.6472036838531494,
                    -2.608961582183838
                ],
                [
                    0.0,
                    0.6970381140708923,
                    0.7170339822769165,
                    2.890456438064575
                ],
                [
                    0.0,
                    0.0,
                    0.0,
                    1.0
                ]
            ]
        },
        {
            "file_path": "/data/shapenet_blender/all_50_random/02958343/6cbadb3a39216f12ac6dec6f3725ccf/r_30",
            "rotation": 0.12566370614359174,
            "transform_matrix": [
                [
                    0.9990969896316528,
                    0.01007724180817604,
                    -0.04127470403909683,
                    -0.16638365387916565
                ],
                [
                    -0.04248708114027977,
                    0.2369695007801056,
                    -0.9705876111984253,
                    -3.9125635623931885
                ],
                [
                    0.0,
                    0.9714648127555847,
                    0.23718367516994476,
                    0.9561179280281067
                ],
                [
                    0.0,
                    0.0,
                    0.0,
                    1.0
                ]
            ]
        },
        {
            "file_path": "/data/shapenet_blender/all_50_random/02958343/6cbadb3a39216f12ac6dec6f3725ccf/r_31",
            "rotation": 0.12566370614359174,
            "transform_matrix": [
                [
                    -0.6335707902908325,
                    -0.09717340022325516,
                    -0.7675579190254211,
                    -3.094125270843506
                ],
                [
                    -0.7736846804618835,
                    0.07957535982131958,
                    0.6285536289215088,
                    2.533781051635742
                ],
                [
                    3.725290298461914e-09,
                    0.9920811653137207,
                    -0.12559817731380463,
                    -0.506302535533905
                ],
                [
                    0.0,
                    0.0,
                    0.0,
                    1.0
                ]
            ]
        },
        {
            "file_path": "/data/shapenet_blender/all_50_random/02958343/6cbadb3a39216f12ac6dec6f3725ccf/r_32",
            "rotation": 0.12566370614359174,
            "transform_matrix": [
                [
                    0.8209351301193237,
                    -0.03236904740333557,
                    0.5701032280921936,
                    2.298159599304199
                ],
                [
                    0.5710213780403137,
                    0.04653571546077728,
                    -0.8196151256561279,
                    -3.303974151611328
                ],
                [
                    0.0,
                    0.9983919858932495,
                    0.05668622627854347,
                    0.22850948572158813
                ],
                [
                    0.0,
                    0.0,
                    0.0,
                    1.0
                ]
            ]
        },
        {
            "file_path": "/data/shapenet_blender/all_50_random/02958343/6cbadb3a39216f12ac6dec6f3725ccf/r_33",
            "rotation": 0.12566370614359174,
            "transform_matrix": [
                [
                    -0.17197874188423157,
                    0.2766444981098175,
                    -0.9454581141471863,
                    -3.8112635612487793
                ],
                [
                    -0.9851006269454956,
                    -0.04829655587673187,
                    0.1650579571723938,
                    0.6653699278831482
                ],
                [
                    3.725290298461914e-09,
                    0.9597577452659607,
                    0.28082868456840515,
                    1.1320565938949585
                ],
                [
                    0.0,
                    0.0,
                    0.0,
                    1.0
                ]
            ]
        },
        {
            "file_path": "/data/shapenet_blender/all_50_random/02958343/6cbadb3a39216f12ac6dec6f3725ccf/r_34",
            "rotation": 0.12566370614359174,
            "transform_matrix": [
                [
                    -0.7754052877426147,
                    0.3703494369983673,
                    0.5114568471908569,
                    2.061748504638672
                ],
                [
                    0.6314640641212463,
                    0.4547699987888336,
                    0.6280425786972046,
                    2.5317206382751465
                ],
                [
                    -1.4901162970204496e-08,
                    0.8099541068077087,
                    -0.5864933133125305,
                    -2.364230155944824
                ],
                [
                    0.0,
                    0.0,
                    0.0,
                    1.0
                ]
            ]
        },
        {
            "file_path": "/data/shapenet_blender/all_50_random/02958343/6cbadb3a39216f12ac6dec6f3725ccf/r_35",
            "rotation": 0.12566370614359174,
            "transform_matrix": [
                [
                    -0.12192434817552567,
                    -0.8681156039237976,
                    0.48115473985671997,
                    1.9395968914031982
                ],
                [
                    0.9925394654273987,
                    -0.10664001852273941,
                    0.059105437248945236,
                    0.2382616549730301
                ],
                [
                    -3.725290298461914e-09,
                    0.4847714602947235,
                    0.8746408224105835,
                    3.525790214538574
                ],
                [
                    0.0,
                    0.0,
                    0.0,
                    1.0
                ]
            ]
        },
        {
            "file_path": "/data/shapenet_blender/all_50_random/02958343/6cbadb3a39216f12ac6dec6f3725ccf/r_36",
            "rotation": 0.12566370614359174,
            "transform_matrix": [
                [
                    -0.01316083874553442,
                    -0.3542226552963257,
                    0.9350684285163879,
                    3.769381523132324
                ],
                [
                    0.9999133944511414,
                    -0.004662271123379469,
                    0.012307350523769855,
                    0.04961252212524414
                ],
                [
                    4.656612873077393e-10,
                    0.9351494312286377,
                    0.354253351688385,
                    1.4280411005020142
                ],
                [
                    0.0,
                    0.0,
                    0.0,
                    1.0
                ]
            ]
        },
        {
            "file_path": "/data/shapenet_blender/all_50_random/02958343/6cbadb3a39216f12ac6dec6f3725ccf/r_37",
            "rotation": 0.12566370614359174,
            "transform_matrix": [
                [
                    -0.9978377819061279,
                    -0.03690706193447113,
                    0.05438480153679848,
                    0.21923214197158813
                ],
                [
                    0.06572547554969788,
                    -0.5603194236755371,
                    0.8256648182868958,
                    3.3283612728118896
                ],
                [
                    -3.725290298461914e-09,
                    0.8274539709091187,
                    0.5615335702896118,
                    2.2636141777038574
                ],
                [
                    0.0,
                    0.0,
                    0.0,
                    1.0
                ]
            ]
        },
        {
            "file_path": "/data/shapenet_blender/all_50_random/02958343/6cbadb3a39216f12ac6dec6f3725ccf/r_38",
            "rotation": 0.12566370614359174,
            "transform_matrix": [
                [
                    -0.8072280883789062,
                    -0.05176936462521553,
                    -0.5879647731781006,
                    -2.370162010192871
                ],
                [
                    -0.5902395248413086,
                    0.07080123573541641,
                    0.8041171431541443,
                    3.24150013923645
                ],
                [
                    0.0,
                    0.9961462020874023,
                    -0.08770906180143356,
                    -0.35356655716896057
                ],
                [
                    0.0,
                    0.0,
                    0.0,
                    1.0
                ]
            ]
        },
        {
            "file_path": "/data/shapenet_blender/all_50_random/02958343/6cbadb3a39216f12ac6dec6f3725ccf/r_39",
            "rotation": 0.12566370614359174,
            "transform_matrix": [
                [
                    -0.41254040598869324,
                    0.0914217159152031,
                    -0.9063401222229004,
                    -3.653573989868164
                ],
                [
                    -0.9109392762184143,
                    -0.041402485221624374,
                    0.4104575514793396,
                    1.6546072959899902
                ],
                [
                    0.0,
                    0.9949511289596558,
                    0.10035984218120575,
                    0.40456345677375793
                ],
                [
                    0.0,
                    0.0,
                    0.0,
                    1.0
                ]
            ]
        },
        {
            "file_path": "/data/shapenet_blender/all_50_random/02958343/6cbadb3a39216f12ac6dec6f3725ccf/r_40",
            "rotation": 0.12566370614359174,
            "transform_matrix": [
                [
                    0.4949527978897095,
                    -0.29212936758995056,
                    0.818341076374054,
                    3.2988383769989014
                ],
                [
                    0.868919849395752,
                    0.16640228033065796,
                    -0.4661422073841095,
                    -1.8790793418884277
                ],
                [
                    1.4901161193847656e-08,
                    0.9417911171913147,
                    0.3361983299255371,
                    1.355258822441101
                ],
                [
                    0.0,
                    0.0,
                    0.0,
                    1.0
                ]
            ]
        },
        {
            "file_path": "/data/shapenet_blender/all_50_random/02958343/6cbadb3a39216f12ac6dec6f3725ccf/r_41",
            "rotation": 0.12566370614359174,
            "transform_matrix": [
                [
                    -0.9533491730690002,
                    -0.009640626609325409,
                    0.30171576142311096,
                    1.2162549495697021
                ],
                [
                    0.3018697202205658,
                    -0.030446525663137436,
                    0.9528629779815674,
                    3.8411130905151367
                ],
                [
                    9.313224635931761e-10,
