{
    "class": "02958343",
    "model": "ef15b938dcfa9893c4d922e8a1141322",
    "remove_doubles": true,
    "edge_split": true,
    "denoise": true,
    "camera_angle_x": 0.6911112070083618,
    "scale_factor": 2.296509082845461,
    "hdri_file": "/data/IndoorHDRDataset2018/AG8A1201-8e2fb53674.exr",
    "center_offset": [
        0.0,
        -2.7939677238464355e-09,
        0.0
    ],
    "lights": [],
    "frames": [
        {
            "file_path": "/data/shapenet_blender/all_50_random/02958343/ef15b938dcfa9893c4d922e8a1141322/r_0",
            "rotation": 0.12566370614359174,
            "transform_matrix": [
                [
                    0.9102185964584351,
                    -0.2674018144607544,
                    -0.3162253499031067,
                    -1.2747451066970825
                ],
                [
                    -0.41412827372550964,
                    -0.587726354598999,
                    -0.6950362920761108,
                    -2.801780939102173
                ],
                [
                    0.0,
                    0.7635927796363831,
                    -0.645698070526123,
                    -2.6028921604156494
                ],
                [
                    0.0,
                    0.0,
                    0.0,
                    1.0
                ]
            ]
        },
        {
            "file_path": "/data/shapenet_blender/all_50_random/02958343/ef15b938dcfa9893c4d922e8a1141322/r_1",
            "rotation": 0.12566370614359174,
            "transform_matrix": [
                [
                    -0.9606812000274658,
                    -0.20187172293663025,
                    0.19062906503677368,
                    0.7684502601623535
                ],
                [
                    0.2776537835597992,
                    -0.6984755396842957,
                    0.6595759391784668,
                    2.6588354110717773
                ],
                [
                    1.4901159417490817e-08,
                    0.6865710020065308,
                    0.7270627617835999,
                    2.9308834075927734
                ],
                [
                    0.0,
                    0.0,
                    0.0,
                    1.0
                ]
            ]
        },
        {
            "file_path": "/data/shapenet_blender/all_50_random/02958343/ef15b938dcfa9893c4d922e8a1141322/r_2",
            "rotation": 0.12566370614359174,
            "transform_matrix": [
                [
                    -0.4671322703361511,
                    -0.3313029408454895,
                    0.8197718262672424,
                    3.3046059608459473
                ],
                [
                    0.8841875791549683,
                    -0.175033301115036,
                    0.43310025334358215,
                    1.7458829879760742
                ],
                [
                    -2.980232594040899e-08,
                    0.9271470904350281,
                    0.37469759583473206,
                    1.5104542970657349
                ],
                [
                    0.0,
                    0.0,
                    0.0,
                    1.0
                ]
            ]
        },
        {
            "file_path": "/data/shapenet_blender/all_50_random/02958343/ef15b938dcfa9893c4d922e8a1141322/r_3",
            "rotation": 0.12566370614359174,
            "transform_matrix": [
                [
                    -0.6100031733512878,
                    0.7596203684806824,
                    0.22555015981197357,
                    0.9092217683792114
                ],
                [
                    0.7923989295959473,
                    0.5847696661949158,
                    0.1736326515674591,
                    0.6999356150627136
                ],
                [
                    1.4901160305669237e-08,
                    0.28464221954345703,
                    -0.9586338400840759,
                    -3.8643765449523926
                ],
                [
                    0.0,
                    0.0,
                    0.0,
                    1.0
                ]
            ]
        },
        {
            "file_path": "/data/shapenet_blender/all_50_random/02958343/ef15b938dcfa9893c4d922e8a1141322/r_4",
            "rotation": 0.12566370614359174,
            "transform_matrix": [
                [
                    -0.6985145807266235,
                    -0.05055433511734009,
                    -0.7138077616691589,
                    -2.8774514198303223
                ],
                [
                    -0.7155958414077759,
                    0.04934760928153992,
                    0.6967692375183105,
                    2.8087668418884277
                ],
                [
                    3.725290742551124e-09,
                    0.9975013136863708,
                    -0.0706464946269989,
                    -0.2847851514816284
                ],
                [
                    0.0,
                    0.0,
                    0.0,
                    1.0
                ]
            ]
        },
        {
            "file_path": "/data/shapenet_blender/all_50_random/02958343/ef15b938dcfa9893c4d922e8a1141322/r_5",
            "rotation": 0.12566370614359174,
            "transform_matrix": [
                [
                    -0.9798743724822998,
                    -0.0022780185099691153,
                    0.19960232079029083,
                    0.8046227693557739
                ],
                [
                    0.19961535930633545,
                    -0.01118236593902111,
                    0.9798104166984558,
                    3.949742317199707
                ],
                [
                    0.0,
                    0.99993497133255,
                    0.011412038467824459,
                    0.04600340127944946
                ],
                [
                    0.0,
                    0.0,
                    0.0,
                    1.0
                ]
            ]
        },
        {
            "file_path": "/data/shapenet_blender/all_50_random/02958343/ef15b938dcfa9893c4d922e8a1141322/r_6",
            "rotation": 0.12566370614359174,
            "transform_matrix": [
                [
                    0.10867204517126083,
                    -0.010781098157167435,
                    -0.9940192103385925,
                    -4.007019519805908
                ],
                [
                    -0.9940776824951172,
                    -0.0011785839451476932,
                    -0.10866565257310867,
                    -0.4380452632904053
                ],
                [
                    0.0,
                    0.9999412894248962,
                    -0.010845326818525791,
                    -0.043718911707401276
                ],
                [
                    0.0,
                    0.0,
                    0.0,
                    1.0
                ]
            ]
        },
        {
            "file_path": "/data/shapenet_blender/all_50_random/02958343/ef15b938dcfa9893c4d922e8a1141322/r_7",
            "rotation": 0.12566370614359174,
            "transform_matrix": [
                [
                    0.9763078689575195,
                    0.0401492677628994,
                    -0.21262915432453156,
                    -0.857135534286499
                ],
                [
                    -0.21638652682304382,
                    0.18114829063415527,
                    -0.9593551158905029,
                    -3.867284059524536
                ],
                [
                    3.725290742551124e-09,
                    0.9826357960700989,
                    0.18554425239562988,
                    0.7479528188705444
                ],
                [
                    0.0,
                    0.0,
                    0.0,
                    1.0
                ]
            ]
        },
        {
            "file_path": "/data/shapenet_blender/all_50_random/02958343/ef15b938dcfa9893c4d922e8a1141322/r_8",
            "rotation": 0.12566370614359174,
            "transform_matrix": [
                [
                    0.7408899664878845,
                    0.6162123084068298,
                    0.267141193151474,
                    1.0768804550170898
                ],
                [
                    0.6716264486312866,
                    -0.6797611117362976,
                    -0.29469093680381775,
                    -1.1879370212554932
                ],
                [
                    1.4901161193847656e-08,
                    0.39775267243385315,
                    -0.9174927473068237,
                    -3.698531150817871
                ],
                [
                    0.0,
                    0.0,
                    0.0,
                    1.0
                ]
            ]
        },
        {
            "file_path": "/data/shapenet_blender/all_50_random/02958343/ef15b938dcfa9893c4d922e8a1141322/r_9",
            "rotation": 0.12566370614359174,
            "transform_matrix": [
                [
                    -0.9443523287773132,
                    0.08624079823493958,
                    -0.31742924451828003,
                    -1.279598355293274
                ],
                [
                    -0.3289359211921692,
                    -0.24759137630462646,
                    0.9113175272941589,
                    3.6736385822296143
                ],
                [
                    7.450580596923828e-09,
                    0.9650186896324158,
                    0.2621811628341675,
                    1.0568861961364746
                ],
                [
                    0.0,
                    0.0,
                    0.0,
                    1.0
                ]
            ]
        },
        {
            "file_path": "/data/shapenet_blender/all_50_random/02958343/ef15b938dcfa9893c4d922e8a1141322/r_10",
            "rotation": 0.12566370614359174,
            "transform_matrix": [
                [
                    -0.7826189398765564,
                    0.18626119196414948,
                    0.5939818024635315,
                    2.3944172859191895
                ],
                [
                    0.6225010752677917,
                    0.23417070508003235,
                    0.7467639446258545,
                    3.0103018283843994
                ],
                [
                    1.4901161193847656e-08,
                    0.9541859030723572,
                    -0.2992142140865326,
                    -1.2061710357666016
                ],
                [
                    0.0,
                    0.0,
                    0.0,
                    1.0
                ]
            ]
        },
        {
            "file_path": "/data/shapenet_blender/all_50_random/02958343/ef15b938dcfa9893c4d922e8a1141322/r_11",
            "rotation": 0.12566370614359174,
            "transform_matrix": [
                [
                    -0.6345956325531006,
                    -0.31991976499557495,
                    -0.7035195827484131,
                    -2.8359780311584473
                ],
                [
                    -0.7728444337844849,
                    0.26269152760505676,
                    0.5776718258857727,
                    2.328669548034668
                ],
                [
                    -1.4901161193847656e-08,
                    0.9102991223335266,
                    -0.4139510989189148,
                    -1.6686902046203613
                ],
                [
                    0.0,
                    0.0,
                    0.0,
                    1.0
                ]
            ]
        },
        {
            "file_path": "/data/shapenet_blender/all_50_random/02958343/ef15b938dcfa9893c4d922e8a1141322/r_12",
            "rotation": 0.12566370614359174,
            "transform_matrix": [
                [
                    -0.8779852390289307,
                    0.0008692090050317347,
                    0.47868701815605164,
                    1.9296491146087646
                ],
                [
                    0.4786878228187561,
                    0.001594259636476636,
                    0.8779837489128113,
                    3.5392656326293945
                ],
                [
                    0.0,
                    0.9999983906745911,
                    -0.0018158162711188197,
                    -0.007319789379835129
                ],
                [
                    0.0,
                    0.0,
                    0.0,
                    1.0
                ]
            ]
        },
        {
            "file_path": "/data/shapenet_blender/all_50_random/02958343/ef15b938dcfa9893c4d922e8a1141322/r_13",
            "rotation": 0.12566370614359174,
            "transform_matrix": [
                [
                    -0.9991378784179688,
                    0.0025007962249219418,
                    -0.04144120588898659,
                    -0.16705483198165894
                ],
                [
                    -0.04151659831404686,
                    -0.06018412485718727,
                    0.9973235130310059,
                    4.020339488983154
                ],
                [
                    0.0,
                    0.9981841444969177,
                    0.06023605912923813,
                    0.24281930923461914
                ],
                [
                    0.0,
                    0.0,
                    0.0,
                    1.0
                ]
            ]
        },
        {
            "file_path": "/data/shapenet_blender/all_50_random/02958343/ef15b938dcfa9893c4d922e8a1141322/r_14",
            "rotation": 0.12566370614359174,
            "transform_matrix": [
                [
                    -0.9305357336997986,
                    0.07207783311605453,
                    -0.35903772711753845,
                    -1.4473273754119873
                ],
                [
                    -0.36620116233825684,
                    -0.1831534206867218,
                    0.9123330116271973,
                    3.677731990814209
                ],
                [
                    0.0,
                    0.9804384112358093,
                    0.1968258023262024,
                    0.7934302091598511
                ],
                [
                    0.0,
                    0.0,
                    0.0,
                    1.0
                ]
            ]
        },
        {
            "file_path": "/data/shapenet_blender/all_50_random/02958343/ef15b938dcfa9893c4d922e8a1141322/r_15",
            "rotation": 0.12566370614359174,
            "transform_matrix": [
                [
                    -0.4153859615325928,
                    -0.37835493683815,
                    0.8272255063056946,
                    3.3346526622772217
                ],
                [
                    0.9096452593803406,
                    -0.1727742999792099,
                    0.3777492940425873,
                    1.5227560997009277
                ],
                [
                    0.0,
                    0.9093935489654541,
                    0.41593679785728455,
                    1.6766948699951172
                ],
                [
                    0.0,
                    0.0,
                    0.0,
                    1.0
                ]
            ]
        },
        {
            "file_path": "/data/shapenet_blender/all_50_random/02958343/ef15b938dcfa9893c4d922e8a1141322/r_16",
            "rotation": 0.12566370614359174,
            "transform_matrix": [
                [
                    -0.7309396862983704,
                    0.18338465690612793,
                    -0.6573410630226135,
                    -2.6498262882232666
                ],
                [
                    -0.6824419498443604,
                    -0.19641686975955963,
                    0.7040549516677856,
                    2.8381359577178955
                ],
                [
                    0.0,
                    0.9632187485694885,
                    0.2687183618545532,
                    1.0832382440567017
                ],
                [
                    0.0,
                    0.0,
                    0.0,
                    1.0
                ]
            ]
        },
        {
            "file_path": "/data/shapenet_blender/all_50_random/02958343/ef15b938dcfa9893c4d922e8a1141322/r_17",
            "rotation": 0.12566370614359174,
            "transform_matrix": [
                [
                    0.17780949175357819,
                    0.94556725025177,
                    -0.27255526185035706,
                    -1.0987054109573364
                ],
                [
                    -0.9840649366378784,
                    0.170853391289711,
                    -0.049247682094573975,
                    -0.19852375984191895
                ],
                [
                    0.0,
                    0.2769688069820404,
                    0.9608789086341858,
                    3.873426675796509
                ],
                [
                    0.0,
                    0.0,
                    0.0,
                    1.0
                ]
            ]
        },
        {
            "file_path": "/data/shapenet_blender/all_50_random/02958343/ef15b938dcfa9893c4d922e8a1141322/r_18",
            "rotation": 0.12566370614359174,
            "transform_matrix": [
                [
                    0.89795982837677,
                    0.21070966124534607,
                    -0.3863542079925537,
                    -1.557443618774414
                ],
                [
                    -0.44007742404937744,
                    0.42994436621665955,
                    -0.7883398532867432,
                    -3.1778995990753174
                ],
                [
                    -1.4901161193847656e-08,
                    0.8779232501983643,
                    0.47880133986473083,
                    1.930109977722168
                ],
                [
                    0.0,
                    0.0,
                    0.0,
                    1.0
                ]
            ]
        },
        {
            "file_path": "/data/shapenet_blender/all_50_random/02958343/ef15b938dcfa9893c4d922e8a1141322/r_19",
            "rotation": 0.12566370614359174,
            "transform_matrix": [
                [
                    -0.8686762452125549,
                    0.4184936285018921,
                    -0.2650749087333679,
                    -1.0685511827468872
                ],
                [
                    -0.49538034200668335,
                    -0.7338512539863586,
                    0.4648232161998749,
                    1.8737623691558838
                ],
                [
                    0.0,
                    0.5350937247276306,
                    0.8447926640510559,
                    3.405468225479126
                ],
                [
                    0.0,
                    0.0,
                    0.0,
                    1.0
                ]
            ]
        },
        {
            "file_path": "/data/shapenet_blender/all_50_random/02958343/ef15b938dcfa9893c4d922e8a1141322/r_20",
            "rotation": 0.12566370614359174,
            "transform_matrix": [
                [
                    -0.9197531342506409,
                    0.2131996750831604,
                    0.32954517006874084,
                    1.3284392356872559
                ],
                [
                    0.39249733090400696,
                    0.49959850311279297,
                    0.772235095500946,
                    3.1129794120788574
                ],
                [
                    0.0,
                    0.8396113514900208,
                    -0.5431875586509705,
                    -2.189659357070923
                ],
                [
                    0.0,
                    0.0,
                    0.0,
                    1.0
                ]
            ]
        },
        {
            "file_path": "/data/shapenet_blender/all_50_random/02958343/ef15b938dcfa9893c4d922e8a1141322/r_21",
            "rotation": 0.12566370614359174,
            "transform_matrix": [
                [
                    0.4184323847293854,
                    0.45621931552886963,
                    0.7853522896766663,
                    3.16585636138916
                ],
                [
                    0.9082480669021606,
                    -0.21018150448799133,
                    -0.3618139922618866,
                    -1.4585188627243042
                ],
                [
                    0.0,
                    0.8646892309188843,
                    -0.5023070573806763,
                    -2.024864435195923
                ],
                [
                    0.0,
                    0.0,
                    0.0,
                    1.0
                ]
            ]
        },
        {
            "file_path": "/data/shapenet_blender/all_50_random/02958343/ef15b938dcfa9893c4d922e8a1141322/r_22",
            "rotation": 0.12566370614359174,
            "transform_matrix": [
                [
                    0.998690664768219,
                    -0.003438316285610199,
                    0.05104098841547966,
                    0.20575281977653503
                ],
                [
                    0.0511566698551178,
                    0.06712349504232407,
                    -0.996432363986969,
                    -4.01674747467041
                ],
                [
                    0.0,
                    0.9977386593818665,
                    0.06721150875091553,
                    0.27093827724456787
                ],
                [
                    0.0,
                    0.0,
                    0.0,
                    1.0
                ]
            ]
        },
        {
            "file_path": "/data/shapenet_blender/all_50_random/02958343/ef15b938dcfa9893c4d922e8a1141322/r_23",
            "rotation": 0.12566370614359174,
            "transform_matrix": [
                [
                    0.8423526287078857,
                    -0.17524009943008423,
                    0.5096399784088135,
                    2.05442476272583
                ],
                [
                    0.5389267802238464,
                    0.2739035487174988,
                    -0.7965768575668335,
                    -3.211104154586792
                ],
                [
                    0.0,
                    0.9456573128700256,
                    0.32516491413116455,
                    1.3107818365097046
                ],
                [
                    0.0,
                    0.0,
                    0.0,
                    1.0
                ]
            ]
        },
        {
            "file_path": "/data/shapenet_blender/all_50_random/02958343/ef15b938dcfa9893c4d922e8a1141322/r_24",
            "rotation": 0.12566370614359174,
            "transform_matrix": [
                [
                    -0.8969509601593018,
                    -0.028224457055330276,
                    0.44122835993766785,
                    1.7786487340927124
                ],
                [
                    0.44213029742240906,
                    -0.05725903809070587,
                    0.8951212167739868,
                    3.6083498001098633
                ],
                [
                    1.862645593320167e-09,
                    0.9979602098464966,
                    0.06383741647005081,
                    0.25733691453933716
                ],
                [
                    0.0,
                    0.0,
                    0.0,
                    1.0
                ]
            ]
        },
        {
            "file_path": "/data/shapenet_blender/all_50_random/02958343/ef15b938dcfa9893c4d922e8a1141322/r_25",
            "rotation": 0.12566370614359174,
            "transform_matrix": [
                [
                    -0.7592298984527588,
                    -0.4244478642940521,
                    0.4933701753616333,
                    1.988838791847229
                ],
                [
                    0.650822639465332,
                    -0.4951479434967041,
                    0.5755506157875061,
                    2.3201186656951904
                ],
                [
                    0.0,
                    0.7580716609954834,
                    0.6521713137626648,
                    2.6289865970611572
                ],
                [
                    0.0,
                    0.0,
                    0.0,
                    1.0
                ]
            ]
        },
        {
            "file_path": "/data/shapenet_blender/all_50_random/02958343/ef15b938dcfa9893c4d922e8a1141322/r_26",
            "rotation": 0.12566370614359174,
            "transform_matrix": [
                [
                    -0.5353292226791382,
                    0.21682165563106537,
                    -0.8163399696350098,
                    -3.290771961212158
                ],
                [
                    -0.8446435928344727,
                    -0.13742005825042725,
                    0.5173905491828918,
                    2.0856683254241943
                ],
                [
                    -7.450581485102248e-09,
                    0.9664905667304993,
                    0.2567019462585449,
                    1.0347987413406372
                ],
                [
                    0.0,
                    0.0,
                    0.0,
                    1.0
                ]
            ]
        },
        {
            "file_path": "/data/shapenet_blender/all_50_random/02958343/ef15b938dcfa9893c4d922e8a1141322/r_27",
            "rotation": 0.12566370614359174,
            "transform_matrix": [
                [
                    0.9974170327186584,
                    0.057845644652843475,
                    -0.04258033633232117,
                    -0.1716468334197998
                ],
                [
                    -0.07182759046554565,
                    0.8032599091529846,
                    -0.5912818312644958,
                    -2.383533239364624
                ],
                [
                    0.0,
                    0.5928130149841309,
                    0.805340051651001,
                    3.246429681777954
                ],
                [
                    0.0,
                    0.0,
                    0.0,
                    1.0
                ]
            ]
        },
        {
            "file_path": "/data/shapenet_blender/all_50_random/02958343/ef15b938dcfa9893c4d922e8a1141322/r_28",
            "rotation": 0.12566370614359174,
            "transform_matrix": [
                [
                    0.1028897687792778,
                    -0.027522843331098557,
                    0.9943118691444397,
                    4.008199214935303
                ],
                [
                    0.9946928024291992,
                    0.002846928546205163,
                    -0.10285037010908127,
                    -0.4146030843257904
                ],
                [
                    0.0,
                    0.9996170997619629,
                    0.027669692412018776,
                    0.11154009401798248
                ],
                [
                    0.0,
                    0.0,
                    0.0,
                    1.0
                ]
            ]
        },
        {
            "file_path": "/data/shapenet_blender/all_50_random/02958343/ef15b938dcfa9893c4d922e8a1141322/r_29",
            "rotation": 0.12566370614359174,
            "transform_matrix": [
                [
                    0.9208155274391174,
                    0.2631092369556427,
                    0.28787553310394287,
                    1.1604633331298828
                ],
                [
                    0.3899984061717987,
                    -0.621220588684082,
                    -0.679695725440979,
                    -2.739941120147705
                ],
                [
                    -1.4901160305669237e-08,
                    0.7381453514099121,
                    -0.6746417284011841,
                    -2.7195677757263184
                ],
                [
                    0.0,
                    0.0,
                    0.0,
                    1.0
                ]
            ]
        },
        {
            "file_path": "/data/shapenet_blender/all_50_random/02958343/ef15b938dcfa9893c4d922e8a1141322/r_30",
            "rotation": 0.12566370614359174,
            "transform_matrix": [
                [
                    -0.1768190562725067,
                    -0.0225746538490057,
                    -0.9839844703674316,
                    -3.9665682315826416
                ],
                [
                    -0.9842433929443359,
                    0.0040555307641625404,
                    0.17677254974842072,
                    0.7125929594039917
                ],
                [
                    4.6566123179658803e-10,
                    0.999737024307251,
                    -0.02293604612350464,
                    -0.09245815873146057
                ],
                [
                    0.0,
                    0.0,
                    0.0,
                    1.0
                ]
            ]
        },
        {
            "file_path": "/data/shapenet_blender/all_50_random/02958343/ef15b938dcfa9893c4d922e8a1141322/r_31",
            "rotation": 0.12566370614359174,
            "transform_matrix": [
                [
                    -0.4250882863998413,
                    -0.46192827820777893,
                    0.778410017490387,
                    3.137871026992798
                ],
                [
                    0.905151903629303,
                    -0.21693630516529083,
                    0.3655662536621094,
                    1.4736446142196655
                ],
                [
                    0.0,
                    0.859977126121521,
                    0.5103324055671692,
                    2.057215690612793
                ],
                [
                    0.0,
                    0.0,
                    0.0,
                    1.0
                ]
            ]
        },
        {
            "file_path": "/data/shapenet_blender/all_50_random/02958343/ef15b938dcfa9893c4d922e8a1141322/r_32",
            "rotation": 0.12566370614359174,
            "transform_matrix": [
                [
                    0.9635810256004333,
                    -0.011366890743374825,
                    0.26717495918273926,
                    1.0770167112350464
                ],
                [
                    0.26741665601730347,
                    0.040958255529403687,
                    -0.9627100825309753,
                    -3.8808085918426514
                ],
                [
                    0.0,
                    0.9990960955619812,
                    0.042506296187639236,
                    0.17134836316108704
                ],
                [
                    0.0,
                    0.0,
                    0.0,
                    1.0
                ]
            ]
        },
        {
            "file_path": "/data/shapenet_blender/all_50_random/02958343/ef15b938dcfa9893c4d922e8a1141322/r_33",
            "rotation": 0.12566370614359174,
            "transform_matrix": [
                [
                    0.09993477165699005,
                    0.2536376714706421,
                    0.9621231555938721,
                    3.8784425258636475
                ],
                [
                    0.994994044303894,
                    -0.025474747642874718,
                    -0.09663329273462296,
                    -0.38954126834869385
                ],
                [
                    1.862645371275562e-09,
                    0.9669637680053711,
                    -0.2549137771129608,
                    -1.027590274810791
                ],
                [
                    0.0,
                    0.0,
                    0.0,
                    1.0
                ]
            ]
        },
        {
            "file_path": "/data/shapenet_blender/all_50_random/02958343/ef15b938dcfa9893c4d922e8a1141322/r_34",
            "rotation": 0.12566370614359174,
            "transform_matrix": [
                [
                    -0.42195576429367065,
                    0.02499166503548622,
                    0.9062718152999878,
                    3.6532986164093018
                ],
                [
                    0.9066163897514343,
                    0.011631575413048267,
                    0.42179539799690247,
                    1.7003116607666016
                ],
                [
                    9.313225191043273e-10,
                    0.9996199607849121,
                    -0.027565862983465195,
                    -0.11112155020236969
                ],
                [
                    0.0,
                    0.0,
                    0.0,
                    1.0
                ]
            ]
        },
        {
            "file_path": "/data/shapenet_blender/all_50_random/02958343/ef15b938dcfa9893c4d922e8a1141322/r_35",
            "rotation": 0.12566370614359174,
            "transform_matrix": [
                [
                    -0.973097562789917,
                    -0.1754866987466812,
                    -0.14928407967090607,
                    -0.6017834544181824
                ],
                [
                    -0.23039385676383972,
                    0.7411901950836182,
                    0.6305201649665833,
                    2.54170823097229
                ],
                [
                    -7.450580596923828e-09,
                    0.6479517221450806,
                    -0.761681318283081,
                    -3.0704357624053955
                ],
                [
                    0.0,
                    0.0,
                    0.0,
                    1.0
                ]
            ]
        },
        {
            "file_path": "/data/shapenet_blender/all_50_random/02958343/ef15b938dcfa9893c4d922e8a1141322/r_36",
            "rotation": 0.12566370614359174,
            "transform_matrix": [
                [
                    0.9138096570968628,
                    0.36719369888305664,
                    0.17355307936668396,
                    0.6996148228645325
                ],
                [
                    0.4061426818370819,
                    -0.8261755108833313,
                    -0.39048951864242554,
                    -1.5741136074066162
                ],
                [
                    1.4901160305669237e-08,
                    0.4273204505443573,
                    -0.904100239276886,
                    -3.6445446014404297
                ],
                [
                    0.0,
                    0.0,
                    0.0,
                    1.0
                ]
            ]
        },
        {
            "file_path": "/data/shapenet_blender/all_50_random/02958343/ef15b938dcfa9893c4d922e8a1141322/r_37",
            "rotation": 0.12566370614359174,
            "transform_matrix": [
                [
                    -0.9798548221588135,
                    -0.03279537335038185,
                    0.19699989259243011,
                    0.7941319942474365
                ],
                [
                    0.19971100986003876,
                    -0.16090603172779083,
                    0.9665530323982239,
                    3.8962998390197754
                ],
                [
                    0.0,
                    0.9864246845245361,
                    0.16421416401863098,
                    0.661968469619751
                ],
                [
                    0.0,
                    0.0,
                    0.0,
                    1.0
                ]
            ]
        },
        {
            "file_path": "/data/shapenet_blender/all_50_random/02958343/ef15b938dcfa9893c4d922e8a1141322/r_38",
            "rotation": 0.12566370614359174,
            "transform_matrix": [
                [
                    -0.4712616205215454,
                    -0.6981682777404785,
                    -0.5389560461044312,
                    -2.1726012229919434
                ],
                [
                    -0.8819935917854309,
                    0.37304115295410156,
                    0.2879718244075775,
                    1.1608515977859497
                ],
                [
                    -1.4901162970204496e-08,
                    0.611065685749054,
                    -0.7915798425674438,
                    -3.19096040725708
                ],
                [
                    0.0,
                    0.0,
                    0.0,
                    1.0
                ]
            ]
        },
        {
            "file_path": "/data/shapenet_blender/all_50_random/02958343/ef15b938dcfa9893c4d922e8a1141322/r_39",
            "rotation": 0.12566370614359174,
            "transform_matrix": [
                [
                    0.35296210646629333,
                    0.45418480038642883,
                    -0.8180060982704163,
                    -3.29748797416687
                ],
                [
                    -0.9356377124786377,
                    0.17133772373199463,
                    -0.3085865080356598,
                    -1.2439520359039307
                ],
                [
                    0.0,
                    0.8742764592170715,
                    0.485428124666214,
                    1.9568233489990234
                ],
                [
                    0.0,
                    0.0,
                    0.0,
                    1.0
                ]
            ]
        },
        {
            "file_path": "/data/shapenet_blender/all_50_random/02958343/ef15b938dcfa9893c4d922e8a1141322/r_40",
            "rotation": 0.12566370614359174,
            "transform_matrix": [
                [
                    0.04936804622411728,
                    0.622273862361908,
                    -0.7812412977218628,
                    -3.1492843627929688
                ],
                [
                    -0.9987807273864746,
                    0.030757945030927658,
                    -0.03861543536186218,
                    -0.15566380321979523
                ],
                [
                    0.0,
                    0.7821950316429138,
                    0.6230335831642151,
                    2.511528730392456
                ],
                [
                    0.0,
                    0.0,
                    0.0,
                    1.0
                ]
            ]
        },
        {
            "file_path": "/data/shapenet_blender/all_50_random/02958343/ef15b938dcfa9893c4d922e8a1141322/r_41",
            "rotation": 0.12566370614359174,
            "transform_matrix": [
                [
                    0.48783376812934875,
                    -0.7560459971427917,
                    -0.43636295199394226,
                    -1.759035348892212
                ],
                [
                    -0.8729366064071655,
                    -0.4225103557109833,
                    -0.2438579946756363,
                    -0.9830230474472046
                ],
                [
                    0.0,
