{
    "class": "02958343",
    "model": "8bf2d0d0b01f6476c3fe7930fce05ded",
    "remove_doubles": true,
    "edge_split": true,
    "denoise": true,
    "camera_angle_x": 0.6911112070083618,
    "scale_factor": 2.3537858608555453,
    "hdri_file": "/data/IndoorHDRDataset2018/9C4A0975-aebac9568b.exr",
    "center_offset": [
        0.0,
        -9.313225746154785e-10,
        0.0
    ],
    "lights": [],
    "frames": [
        {
            "file_path": "/data/shapenet_blender/all_50_random/02958343/8bf2d0d0b01f6476c3fe7930fce05ded/r_0",
            "rotation": 0.12566370614359174,
            "transform_matrix": [
                [
                    -0.9872327446937561,
                    0.07414253801107407,
                    -0.1409766972064972,
                    -0.5682952404022217
                ],
                [
                    -0.15928447246551514,
                    -0.45952966809272766,
                    0.8737625479698181,
                    3.522249460220337
                ],
                [
                    0.0,
                    0.8850623369216919,
                    0.4654725193977356,
                    1.8763797283172607
                ],
                [
                    0.0,
                    0.0,
                    0.0,
                    1.0
                ]
            ]
        },
        {
            "file_path": "/data/shapenet_blender/all_50_random/02958343/8bf2d0d0b01f6476c3fe7930fce05ded/r_1",
            "rotation": 0.12566370614359174,
            "transform_matrix": [
                [
                    -0.7398273348808289,
                    -0.020675454288721085,
                    0.672478973865509,
                    2.7108497619628906
                ],
                [
                    0.6727968454360962,
                    -0.022735340520739555,
                    0.739477813243866,
                    2.9809305667877197
                ],
                [
                    -9.313225746154785e-10,
                    0.9995277523994446,
                    0.0307305995374918,
                    0.12387901544570923
                ],
                [
                    0.0,
                    0.0,
                    0.0,
                    1.0
                ]
            ]
        },
        {
            "file_path": "/data/shapenet_blender/all_50_random/02958343/8bf2d0d0b01f6476c3fe7930fce05ded/r_2",
            "rotation": 0.12566370614359174,
            "transform_matrix": [
                [
                    0.9951096177101135,
                    -0.08585704118013382,
                    -0.04884274676442146,
                    -0.1968914121389389
                ],
                [
                    -0.09877777099609375,
                    -0.864943265914917,
                    -0.4920528531074524,
                    -1.9835284948349
                ],
                [
                    0.0,
                    0.49447107315063477,
                    -0.8691940903663635,
                    -3.503833532333374
                ],
                [
                    0.0,
                    0.0,
                    0.0,
                    1.0
                ]
            ]
        },
        {
            "file_path": "/data/shapenet_blender/all_50_random/02958343/8bf2d0d0b01f6476c3fe7930fce05ded/r_3",
            "rotation": 0.12566370614359174,
            "transform_matrix": [
                [
                    0.899641215801239,
                    -0.0512821227312088,
                    0.4336080551147461,
                    1.7479298114776611
                ],
                [
                    0.4366300702095032,
                    0.10566270351409912,
                    -0.8934146761894226,
                    -3.6014692783355713
                ],
                [
                    3.725290298461914e-09,
                    0.9930788278579712,
                    0.11744983494281769,
                    0.47345536947250366
                ],
                [
                    0.0,
                    0.0,
                    0.0,
                    1.0
                ]
            ]
        },
        {
            "file_path": "/data/shapenet_blender/all_50_random/02958343/8bf2d0d0b01f6476c3fe7930fce05ded/r_4",
            "rotation": 0.12566370614359174,
            "transform_matrix": [
                [
                    0.853588879108429,
                    0.0765598937869072,
                    0.5152909159660339,
                    2.0772042274475098
                ],
                [
                    0.5209473371505737,
                    -0.12544581294059753,
                    -0.84432053565979,
                    -3.403564929962158
                ],
                [
                    0.0,
                    0.9891419410705566,
                    -0.14696282148361206,
                    -0.592426061630249
                ],
                [
                    0.0,
                    0.0,
                    0.0,
                    1.0
                ]
            ]
        },
        {
            "file_path": "/data/shapenet_blender/all_50_random/02958343/8bf2d0d0b01f6476c3fe7930fce05ded/r_5",
            "rotation": 0.12566370614359174,
            "transform_matrix": [
                [
                    0.3311537504196167,
                    -0.010173683986067772,
                    -0.9435219764709473,
                    -3.8034586906433105
                ],
                [
                    -0.9435768723487854,
                    -0.0035705131012946367,
                    -0.33113446831703186,
                    -1.334845781326294
                ],
                [
                    0.0,
                    0.999941885471344,
                    -0.010782040655612946,
                    -0.04346379637718201
                ],
                [
                    0.0,
                    0.0,
                    0.0,
                    1.0
                ]
            ]
        },
        {
            "file_path": "/data/shapenet_blender/all_50_random/02958343/8bf2d0d0b01f6476c3fe7930fce05ded/r_6",
            "rotation": 0.12566370614359174,
            "transform_matrix": [
                [
                    0.7671360373497009,
                    0.07712999731302261,
                    0.6368305087089539,
                    2.567145824432373
                ],
                [
                    0.6414843201637268,
                    -0.09223795682191849,
                    -0.7615706920623779,
                    -3.0699896812438965
                ],
                [
                    0.0,
                    0.9927452802658081,
                    -0.12023673951625824,
                    -0.4846898019313812
                ],
                [
                    0.0,
                    0.0,
                    0.0,
                    1.0
                ]
            ]
        },
        {
            "file_path": "/data/shapenet_blender/all_50_random/02958343/8bf2d0d0b01f6476c3fe7930fce05ded/r_7",
            "rotation": 0.12566370614359174,
            "transform_matrix": [
                [
                    0.849305272102356,
                    0.015244581736624241,
                    0.5276818871498108,
                    2.1271536350250244
                ],
                [
                    0.5279020667076111,
                    -0.02452595718204975,
                    -0.8489510416984558,
                    -3.4222311973571777
                ],
                [
                    0.0,
                    0.9995829463005066,
                    -0.02887766808271408,
                    -0.11640959978103638
                ],
                [
                    0.0,
                    0.0,
                    0.0,
                    1.0
                ]
            ]
        },
        {
            "file_path": "/data/shapenet_blender/all_50_random/02958343/8bf2d0d0b01f6476c3fe7930fce05ded/r_8",
            "rotation": 0.12566370614359174,
            "transform_matrix": [
                [
                    0.6160535216331482,
                    0.39633452892303467,
                    -0.6807326674461365,
                    -2.7441213130950928
                ],
                [
                    -0.7877044081687927,
                    0.30996814370155334,
                    -0.5323922634124756,
                    -2.14614200592041
                ],
                [
                    0.0,
                    0.8641983270645142,
                    0.5031513571739197,
                    2.028268337249756
                ],
                [
                    0.0,
                    0.0,
                    0.0,
                    1.0
                ]
            ]
        },
        {
            "file_path": "/data/shapenet_blender/all_50_random/02958343/8bf2d0d0b01f6476c3fe7930fce05ded/r_9",
            "rotation": 0.12566370614359174,
            "transform_matrix": [
                [
                    0.9826011061668396,
                    0.07140194624662399,
                    -0.17145495116710663,
                    -0.6911571025848389
                ],
                [
                    -0.18572841584682465,
                    0.377753883600235,
                    -0.907086968421936,
                    -3.6565847396850586
                ],
                [
                    0.0,
                    0.9231487512588501,
                    0.3844427764415741,
                    1.5497385263442993
                ],
                [
                    0.0,
                    0.0,
                    0.0,
                    1.0
                ]
            ]
        },
        {
            "file_path": "/data/shapenet_blender/all_50_random/02958343/8bf2d0d0b01f6476c3fe7930fce05ded/r_10",
            "rotation": 0.12566370614359174,
            "transform_matrix": [
                [
                    0.09837698191404343,
                    0.3391439914703369,
                    0.9355763792991638,
                    3.7714293003082275
                ],
                [
                    0.9951493144035339,
                    -0.03352658823132515,
                    -0.09248780459165573,
                    -0.3728303015232086
                ],
                [
                    0.0,
                    0.9401368498802185,
                    -0.3407970666885376,
                    -1.373797059059143
                ],
                [
                    0.0,
                    0.0,
                    0.0,
                    1.0
                ]
            ]
        },
        {
            "file_path": "/data/shapenet_blender/all_50_random/02958343/8bf2d0d0b01f6476c3fe7930fce05ded/r_11",
            "rotation": 0.12566370614359174,
            "transform_matrix": [
                [
                    0.9494186639785767,
                    -0.20594331622123718,
                    -0.23704734444618225,
                    -0.9555684328079224
                ],
                [
                    -0.3140128552913666,
                    -0.6226701140403748,
                    -0.7167132496833801,
                    -2.8891634941101074
                ],
                [
                    1.4901159417490817e-08,
                    0.7548969388008118,
                    -0.6558434367179871,
                    -2.643789529800415
                ],
                [
                    0.0,
                    0.0,
                    0.0,
                    1.0
                ]
            ]
        },
        {
            "file_path": "/data/shapenet_blender/all_50_random/02958343/8bf2d0d0b01f6476c3fe7930fce05ded/r_12",
            "rotation": 0.12566370614359174,
            "transform_matrix": [
                [
                    -0.8159515857696533,
                    -0.011047184467315674,
                    -0.5780146718025208,
                    -2.330051898956299
                ],
                [
                    -0.5781203508377075,
                    0.015591854229569435,
                    0.8158025145530701,
                    3.2886054515838623
                ],
                [
                    0.0,
                    0.9998173713684082,
                    -0.01910879835486412,
                    -0.07703004032373428
                ],
                [
                    0.0,
                    0.0,
                    0.0,
                    1.0
                ]
            ]
        },
        {
            "file_path": "/data/shapenet_blender/all_50_random/02958343/8bf2d0d0b01f6476c3fe7930fce05ded/r_13",
            "rotation": 0.12566370614359174,
            "transform_matrix": [
                [
                    0.6513981223106384,
                    -0.6416718363761902,
                    0.40489232540130615,
                    1.6321731805801392
                ],
                [
                    0.758736252784729,
                    0.5508947968482971,
                    -0.3476124107837677,
                    -1.4012703895568848
                ],
                [
                    2.980232594040899e-08,
                    0.5336405634880066,
                    0.845711350440979,
                    3.4091715812683105
                ],
                [
                    0.0,
                    0.0,
                    0.0,
                    1.0
                ]
            ]
        },
        {
            "file_path": "/data/shapenet_blender/all_50_random/02958343/8bf2d0d0b01f6476c3fe7930fce05ded/r_14",
            "rotation": 0.12566370614359174,
            "transform_matrix": [
                [
                    -0.9604067206382751,
                    -0.21342810988426208,
                    0.17907388508319855,
                    0.721869945526123
                ],
                [
                    0.27860188484191895,
                    -0.7357372045516968,
                    0.617310106754303,
                    2.4884567260742188
                ],
                [
                    -1.4901161193847656e-08,
                    0.6427590847015381,
                    0.7660683989524841,
                    3.088120460510254
                ],
                [
                    0.0,
                    0.0,
                    0.0,
                    1.0
                ]
            ]
        },
        {
            "file_path": "/data/shapenet_blender/all_50_random/02958343/8bf2d0d0b01f6476c3fe7930fce05ded/r_15",
            "rotation": 0.12566370614359174,
            "transform_matrix": [
                [
                    0.9546488523483276,
                    0.24553394317626953,
                    0.16840073466300964,
                    0.6788451075553894
                ],
                [
                    0.2977343499660492,
                    -0.7872745394706726,
                    -0.5399563908576965,
                    -2.1766340732574463
                ],
                [
                    -1.4901162970204496e-08,
                    0.5656073689460754,
                    -0.8246744871139526,
                    -3.3243696689605713
                ],
                [
                    0.0,
                    0.0,
                    0.0,
                    1.0
                ]
            ]
        },
        {
            "file_path": "/data/shapenet_blender/all_50_random/02958343/8bf2d0d0b01f6476c3fe7930fce05ded/r_16",
            "rotation": 0.12566370614359174,
            "transform_matrix": [
                [
                    0.5756157636642456,
                    0.13046923279762268,
                    -0.8072448968887329,
                    -3.254108190536499
                ],
                [
                    -0.817720353603363,
                    0.09184086322784424,
                    -0.5682417750358582,
                    -2.2906558513641357
                ],
                [
                    0.0,
                    0.9871894717216492,
                    0.1595524102449417,
                    0.6431763172149658
                ],
                [
                    0.0,
                    0.0,
                    0.0,
                    1.0
                ]
            ]
        },
        {
            "file_path": "/data/shapenet_blender/all_50_random/02958343/8bf2d0d0b01f6476c3fe7930fce05ded/r_17",
            "rotation": 0.12566370614359174,
            "transform_matrix": [
                [
                    0.7181747555732727,
                    -0.24870090186595917,
                    -0.6499021649360657,
                    -2.6198394298553467
                ],
                [
                    -0.6958627700805664,
                    -0.25667521357536316,
                    -0.6707404851913452,
                    -2.703841209411621
                ],
                [
                    -1.4901160305669237e-08,
                    0.9339516758918762,
                    -0.3573993444442749,
                    -1.4407228231430054
                ],
                [
                    0.0,
                    0.0,
                    0.0,
                    1.0
                ]
            ]
        },
        {
            "file_path": "/data/shapenet_blender/all_50_random/02958343/8bf2d0d0b01f6476c3fe7930fce05ded/r_18",
            "rotation": 0.12566370614359174,
            "transform_matrix": [
                [
                    0.8812460899353027,
                    0.2212873250246048,
                    -0.41765686869621277,
                    -1.683628797531128
                ],
                [
                    -0.47265779972076416,
                    0.412578821182251,
                    -0.7786996960639954,
                    -3.1390390396118164
                ],
                [
                    0.0,
                    0.8836348652839661,
                    0.46817663311958313,
                    1.8872804641723633
                ],
                [
                    0.0,
                    0.0,
                    0.0,
                    1.0
                ]
            ]
        },
        {
            "file_path": "/data/shapenet_blender/all_50_random/02958343/8bf2d0d0b01f6476c3fe7930fce05ded/r_19",
            "rotation": 0.12566370614359174,
            "transform_matrix": [
                [
                    -0.6674755811691284,
                    -0.3645128607749939,
                    0.6493124961853027,
                    2.617462158203125
                ],
                [
                    0.7446317076683044,
                    -0.32674333453178406,
                    0.5820330381393433,
                    2.346250057220459
                ],
                [
                    0.0,
                    0.8719914555549622,
                    0.4895210862159729,
                    1.9733223915100098
                ],
                [
                    0.0,
                    0.0,
                    0.0,
                    1.0
                ]
            ]
        },
        {
            "file_path": "/data/shapenet_blender/all_50_random/02958343/8bf2d0d0b01f6476c3fe7930fce05ded/r_20",
            "rotation": 0.12566370614359174,
            "transform_matrix": [
                [
                    0.998935878276825,
                    0.028301095589995384,
                    0.036418646574020386,
                    0.14680828154087067
                ],
                [
                    0.046122338622808456,
                    -0.6129563450813293,
                    -0.7887694835662842,
                    -3.1796317100524902
                ],
                [
                    0.0,
                    0.7896098494529724,
                    -0.6136091947555542,
                    -2.4735379219055176
                ],
                [
                    0.0,
                    0.0,
                    0.0,
                    1.0
                ]
            ]
        },
        {
            "file_path": "/data/shapenet_blender/all_50_random/02958343/8bf2d0d0b01f6476c3fe7930fce05ded/r_21",
            "rotation": 0.12566370614359174,
            "transform_matrix": [
                [
                    0.516279399394989,
                    -0.4930763244628906,
                    0.7002365589141846,
                    2.822744131088257
                ],
                [
                    0.8564202189445496,
                    0.29724326729774475,
                    -0.42212656140327454,
                    -1.7016466856002808
                ],
                [
                    0.0,
                    0.8176320195198059,
                    0.5757411122322083,
                    2.3208868503570557
                ],
                [
                    0.0,
                    0.0,
                    0.0,
                    1.0
                ]
            ]
        },
        {
            "file_path": "/data/shapenet_blender/all_50_random/02958343/8bf2d0d0b01f6476c3fe7930fce05ded/r_22",
            "rotation": 0.12566370614359174,
            "transform_matrix": [
                [
                    -0.6018905639648438,
                    -0.306061714887619,
                    0.7376000881195068,
                    2.973361015319824
                ],
                [
                    0.7985785603523254,
                    -0.2306794673204422,
                    0.5559309720993042,
                    2.2410295009613037
                ],
                [
                    0.0,
                    0.9236412048339844,
                    0.3832581639289856,
                    1.5449631214141846
                ],
                [
                    0.0,
                    0.0,
                    0.0,
                    1.0
                ]
            ]
        },
        {
            "file_path": "/data/shapenet_blender/all_50_random/02958343/8bf2d0d0b01f6476c3fe7930fce05ded/r_23",
            "rotation": 0.12566370614359174,
            "transform_matrix": [
                [
                    -0.9815823435783386,
                    0.009441087953746319,
                    -0.19080637395381927,
                    -0.7691650986671448
                ],
                [
                    -0.1910398155450821,
                    -0.04850929230451584,
                    0.9803829193115234,
                    3.952049970626831
                ],
                [
                    -9.313225746154785e-10,
                    0.9987781047821045,
                    0.04941948503255844,
                    0.1992163211107254
                ],
                [
                    0.0,
                    0.0,
                    0.0,
                    1.0
                ]
            ]
        },
        {
            "file_path": "/data/shapenet_blender/all_50_random/02958343/8bf2d0d0b01f6476c3fe7930fce05ded/r_24",
            "rotation": 0.12566370614359174,
            "transform_matrix": [
                [
                    0.4180809259414673,
                    0.25865864753723145,
                    -0.8708065152168274,
                    -3.510333299636841
                ],
                [
                    -0.9084097743034363,
                    0.11904346942901611,
                    -0.40077462792396545,
                    -1.6155742406845093
                ],
                [
                    7.450580596923828e-09,
                    0.9586054682731628,
                    0.28473785519599915,
                    1.1478149890899658
                ],
                [
                    0.0,
                    0.0,
                    0.0,
                    1.0
                ]
            ]
        },
        {
            "file_path": "/data/shapenet_blender/all_50_random/02958343/8bf2d0d0b01f6476c3fe7930fce05ded/r_25",
            "rotation": 0.12566370614359174,
            "transform_matrix": [
                [
                    -0.8735271692276001,
                    0.019292043522000313,
                    0.48639294505119324,
                    1.9607127904891968
                ],
                [
                    0.4867754578590393,
                    0.03461991623044014,
                    0.8728407621383667,
                    3.518533945083618
                ],
                [
                    0.0,
                    0.9992143511772156,
                    -0.039632320404052734,
                    -0.15976300835609436
                ],
                [
                    0.0,
                    0.0,
                    0.0,
                    1.0
                ]
            ]
        },
        {
            "file_path": "/data/shapenet_blender/all_50_random/02958343/8bf2d0d0b01f6476c3fe7930fce05ded/r_26",
            "rotation": 0.12566370614359174,
            "transform_matrix": [
                [
                    -0.3796292245388031,
                    -0.0808476135134697,
                    -0.9215993285179138,
                    -3.715085744857788
                ],
                [
                    -0.9251387715339661,
                    0.03317568823695183,
                    0.37817680835723877,
                    1.5244795083999634
                ],
                [
                    0.0,
                    0.996174156665802,
                    -0.08738972246646881,
                    -0.3522792458534241
                ],
                [
                    0.0,
                    0.0,
                    0.0,
                    1.0
                ]
            ]
        },
        {
            "file_path": "/data/shapenet_blender/all_50_random/02958343/8bf2d0d0b01f6476c3fe7930fce05ded/r_27",
            "rotation": 0.12566370614359174,
            "transform_matrix": [
                [
                    -0.9345349073410034,
                    -0.06593537330627441,
                    -0.34971004724502563,
                    -1.4097263813018799
                ],
                [
                    -0.35587164759635925,
                    0.1731492578983307,
                    0.9183542728424072,
                    3.7020046710968018
                ],
                [
                    7.450581485102248e-09,
                    0.9826860427856445,
                    -0.18527851998806,
                    -0.7468816637992859
                ],
                [
                    0.0,
                    0.0,
                    0.0,
                    1.0
                ]
            ]
        },
        {
            "file_path": "/data/shapenet_blender/all_50_random/02958343/8bf2d0d0b01f6476c3fe7930fce05ded/r_28",
            "rotation": 0.12566370614359174,
            "transform_matrix": [
                [
                    -0.9998698234558105,
                    0.009936940856277943,
                    0.012719574384391308,
                    0.051274240016937256
                ],
                [
                    0.016140954568982124,
                    0.6155551075935364,
                    0.7879285216331482,
                    3.176241159439087
                ],
                [
                    0.0,
                    0.7880311608314514,
                    -0.6156353950500488,
                    -2.4817054271698
                ],
                [
                    0.0,
                    0.0,
                    0.0,
                    1.0
                ]
            ]
        },
        {
            "file_path": "/data/shapenet_blender/all_50_random/02958343/8bf2d0d0b01f6476c3fe7930fce05ded/r_29",
            "rotation": 0.12566370614359174,
            "transform_matrix": [
                [
                    -0.9826697111129761,
                    -0.09138143062591553,
                    0.16127526760101318,
                    0.6501214504241943
                ],
                [
                    0.18536527454853058,
                    -0.4844368100166321,
                    0.8549622893333435,
                    3.4464635848999023
                ],
                [
                    0.0,
                    0.8700404167175293,
                    0.49298030138015747,
                    1.987267255783081
                ],
                [
                    0.0,
                    0.0,
                    0.0,
                    1.0
                ]
            ]
        },
        {
            "file_path": "/data/shapenet_blender/all_50_random/02958343/8bf2d0d0b01f6476c3fe7930fce05ded/r_30",
            "rotation": 0.12566370614359174,
            "transform_matrix": [
                [
                    -0.3918240964412689,
                    -0.36417701840400696,
                    0.8448958396911621,
                    3.405884027481079
                ],
                [
                    0.9200401306152344,
                    -0.1550946831703186,
                    0.3598218560218811,
                    1.4504883289337158
                ],
                [
                    0.0,
                    0.9183249473571777,
                    0.3958273231983185,
                    1.5956310033798218
                ],
                [
                    0.0,
                    0.0,
                    0.0,
                    1.0
                ]
            ]
        },
        {
            "file_path": "/data/shapenet_blender/all_50_random/02958343/8bf2d0d0b01f6476c3fe7930fce05ded/r_31",
            "rotation": 0.12566370614359174,
            "transform_matrix": [
                [
                    -0.922048032283783,
                    0.2668997049331665,
                    -0.28034284710884094,
                    -1.1300983428955078
                ],
                [
                    -0.3870757222175598,
                    -0.6357783079147339,
                    0.667801022529602,
                    2.6919922828674316
                ],
                [
                    0.0,
                    0.7242584824562073,
                    0.6895284056663513,
                    2.77957820892334
                ],
                [
                    0.0,
                    0.0,
                    0.0,
                    1.0
                ]
            ]
        },
        {
            "file_path": "/data/shapenet_blender/all_50_random/02958343/8bf2d0d0b01f6476c3fe7930fce05ded/r_32",
            "rotation": 0.12566370614359174,
            "transform_matrix": [
                [
                    0.9552831053733826,
                    0.08131749927997589,
                    0.28429171442985535,
                    1.1460167169570923
                ],
                [
                    0.2956930100917816,
                    -0.2627090811729431,
                    -0.9184494614601135,
                    -3.7023885250091553
                ],
                [
                    0.0,
                    0.9614423513412476,
                    -0.275006502866745,
                    -1.1085867881774902
                ],
                [
                    0.0,
                    0.0,
                    0.0,
                    1.0
                ]
            ]
        },
        {
            "file_path": "/data/shapenet_blender/all_50_random/02958343/8bf2d0d0b01f6476c3fe7930fce05ded/r_33",
            "rotation": 0.12566370614359174,
            "transform_matrix": [
                [
                    -0.819206178188324,
                    0.050281550735235214,
                    -0.5712906718254089,
                    -2.3029463291168213
                ],
                [
                    -0.5734990835189819,
                    -0.07182392477989197,
                    0.8160515427589417,
                    3.289608955383301
                ],
                [
                    0.0,
                    0.9961490631103516,
                    0.08767502754926682,
                    0.3534293472766876
                ],
                [
                    0.0,
                    0.0,
                    0.0,
                    1.0
                ]
            ]
        },
        {
            "file_path": "/data/shapenet_blender/all_50_random/02958343/8bf2d0d0b01f6476c3fe7930fce05ded/r_34",
            "rotation": 0.12566370614359174,
            "transform_matrix": [
                [
                    0.8264190554618835,
                    0.22002878785133362,
                    -0.5182846188545227,
                    -2.0892720222473145
                ],
                [
                    -0.5630556344985962,
                    0.3229449689388275,
                    -0.7607068419456482,
                    -3.066507339477539
                ],
                [
                    1.4901162970204496e-08,
                    0.9204855561256409,
                    0.3907763361930847,
                    1.5752698183059692
                ],
                [
                    0.0,
                    0.0,
                    0.0,
                    1.0
                ]
            ]
        },
        {
            "file_path": "/data/shapenet_blender/all_50_random/02958343/8bf2d0d0b01f6476c3fe7930fce05ded/r_35",
            "rotation": 0.12566370614359174,
            "transform_matrix": [
                [
                    -0.6455445289611816,
                    0.47606077790260315,
                    0.5971919298171997,
                    2.407357931137085
                ],
                [
                    0.7637225985527039,
                    0.4023953676223755,
                    0.5047827363014221,
                    2.0348446369171143
                ],
                [
                    0.0,
                    0.7819488048553467,
                    -0.6233425140380859,
                    -2.5127742290496826
                ],
                [
                    0.0,
                    0.0,
                    0.0,
                    1.0
                ]
            ]
        },
        {
            "file_path": "/data/shapenet_blender/all_50_random/02958343/8bf2d0d0b01f6476c3fe7930fce05ded/r_36",
            "rotation": 0.12566370614359174,
            "transform_matrix": [
                [
                    -0.9997896552085876,
                    0.0028610965237021446,
                    0.02030983567237854,
                    0.08187157660722733
                ],
                [
                    0.020510371774435043,
                    0.13946576416492462,
                    0.9900144338607788,
                    3.9908759593963623
                ],
                [
                    0.0,
                    0.990222692489624,
                    -0.1394951194524765,
                    -0.5623228549957275
                ],
                [
                    0.0,
                    0.0,
                    0.0,
                    1.0
                ]
            ]
        },
        {
            "file_path": "/data/shapenet_blender/all_50_random/02958343/8bf2d0d0b01f6476c3fe7930fce05ded/r_37",
            "rotation": 0.12566370614359174,
            "transform_matrix": [
                [
                    0.3302348256111145,
                    -0.1827286332845688,
                    0.9260426759719849,
                    3.7329976558685303
                ],
                [
                    0.9438987970352173,
                    0.06392990052700043,
                    -0.3239876329898834,
                    -1.3060359954833984
                ],
                [
                    3.725290298461914e-09,
                    0.9810826182365417,
                    0.1935892105102539,
                    0.7803831100463867
                ],
                [
                    0.0,
                    0.0,
                    0.0,
                    1.0
                ]
            ]
        },
        {
            "file_path": "/data/shapenet_blender/all_50_random/02958343/8bf2d0d0b01f6476c3fe7930fce05ded/r_38",
            "rotation": 0.12566370614359174,
            "transform_matrix": [
                [
                    0.9081088900566101,
                    0.021964799612760544,
                    -0.4181578457355499,
                    -1.685647964477539
                ],
                [
                    -0.4187343418598175,
                    0.047635048627853394,
                    -0.9068586826324463,
                    -3.6556637287139893
                ],
                [
                    0.0,
                    0.9986231327056885,
                    0.05245523527264595,
                    0.21145379543304443
                ],
                [
                    0.0,
                    0.0,
                    0.0,
                    1.0
                ]
            ]
        },
        {
            "file_path": "/data/shapenet_blender/all_50_random/02958343/8bf2d0d0b01f6476c3fe7930fce05ded/r_39",
            "rotation": 0.12566370614359174,
            "transform_matrix": [
                [
                    0.7226239442825317,
                    -0.25373053550720215,
                    0.6429895162582397,
                    2.5919735431671143
                ],
                [
                    0.691241443157196,
                    0.26524993777275085,
                    -0.6721813082695007,
                    -2.7096495628356934
                ],
                [
                    -1.4901162970204496e-08,
                    0.9301952123641968,
                    0.36706504225730896,
                    1.4796864986419678
                ],
                [
                    0.0,
                    0.0,
                    0.0,
                    1.0
                ]
            ]
        },
        {
            "file_path": "/data/shapenet_blender/all_50_random/02958343/8bf2d0d0b01f6476c3fe7930fce05ded/r_40",
            "rotation": 0.12566370614359174,
            "transform_matrix": [
                [
                    0.6160985231399536,
                    -0.05771985277533531,
                    0.7855514287948608,
                    3.166658878326416
                ],
                [
                    0.7876690626144409,
                    0.04514727741479874,
                    -0.6144421100616455,
                    -2.476895332336426
                ],
                [
                    0.0,
                    0.9973114728927612,
                    0.07327931374311447,
                    0.2953983545303345
                ],
                [
                    0.0,
                    0.0,
                    0.0,
                    1.0
                ]
            ]
        },
        {
            "file_path": "/data/shapenet_blender/all_50_random/02958343/8bf2d0d0b01f6476c3fe7930fce05ded/r_41",
            "rotation": 0.12566370614359174,
            "transform_matrix": [
                [
                    0.5636334419250488,
                    0.6327134966850281,
                    -0.5310283303260803,
                    -2.14064359664917
                ],
                [
                    -0.8260250687599182,
                    0.43172839283943176,
                    -0.3623441159725189,
                    -1.4606558084487915
                ],
                [
                    0.0,
                    0.6428719162940979,
                    0.765973687171936,
                    3.0877387523651123
                ],
