{
    "class": "02958343",
    "model": "301d1c48d321d29f5d2921c9c16f3c69",
    "remove_doubles": true,
    "edge_split": true,
    "denoise": true,
    "camera_angle_x": 0.6911112070083618,
    "scale_factor": 2.628172639127891,
    "hdri_file": "/data/IndoorHDRDataset2018/9C4A9316-e66248150e.exr",
    "center_offset": [
        0.0,
        -9.313225746154785e-10,
        0.0
    ],
    "lights": [],
    "frames": [
        {
            "file_path": "/data/shapenet_blender/all_50_random/02958343/301d1c48d321d29f5d2921c9c16f3c69/r_0",
            "rotation": 0.12566370614359174,
            "transform_matrix": [
                [
                    -0.20219185948371887,
                    -0.1755734384059906,
                    0.9634793400764465,
                    3.8839094638824463
                ],
                [
                    0.979345977306366,
                    -0.036248188465833664,
                    0.19891609251499176,
                    0.8018563985824585
                ],
                [
                    0.0,
                    0.9837987422943115,
                    0.1792762279510498,
                    0.7226855754852295
                ],
                [
                    0.0,
                    0.0,
                    0.0,
                    1.0
                ]
            ]
        },
        {
            "file_path": "/data/shapenet_blender/all_50_random/02958343/301d1c48d321d29f5d2921c9c16f3c69/r_1",
            "rotation": 0.12566370614359174,
            "transform_matrix": [
                [
                    0.47843030095100403,
                    -0.8613654971122742,
                    -0.17074476182460785,
                    -0.6882941722869873
                ],
                [
                    -0.8781255483627319,
                    -0.4692988991737366,
                    -0.09302709251642227,
                    -0.37500420212745667
                ],
                [
                    0.0,
                    0.19444233179092407,
                    -0.9809139370918274,
                    -3.954190492630005
                ],
                [
                    0.0,
                    0.0,
                    0.0,
                    1.0
                ]
            ]
        },
        {
            "file_path": "/data/shapenet_blender/all_50_random/02958343/301d1c48d321d29f5d2921c9c16f3c69/r_2",
            "rotation": 0.12566370614359174,
            "transform_matrix": [
                [
                    0.9716416597366333,
                    -0.21315526962280273,
                    -0.10235954076051712,
                    -0.4126245677471161
                ],
                [
                    -0.23645858466625214,
                    -0.8758850693702698,
                    -0.4206097722053528,
                    -1.6955324411392212
                ],
                [
                    -7.450581485102248e-09,
                    0.43288567662239075,
                    -0.9014486074447632,
                    -3.6338560581207275
                ],
                [
                    0.0,
                    0.0,
                    0.0,
                    1.0
                ]
            ]
        },
        {
            "file_path": "/data/shapenet_blender/all_50_random/02958343/301d1c48d321d29f5d2921c9c16f3c69/r_3",
            "rotation": 0.12566370614359174,
            "transform_matrix": [
                [
                    0.06101430207490921,
                    -0.2505437135696411,
                    -0.9661805629730225,
                    -3.894798994064331
                ],
                [
                    -0.9981368780136108,
                    -0.015315283089876175,
                    -0.059060871601104736,
                    -0.23808202147483826
                ],
                [
                    9.313225746154785e-10,
                    0.9679840803146362,
                    -0.25101134181022644,
                    -1.0118591785430908
                ],
                [
                    0.0,
                    0.0,
                    0.0,
                    1.0
                ]
            ]
        },
        {
            "file_path": "/data/shapenet_blender/all_50_random/02958343/301d1c48d321d29f5d2921c9c16f3c69/r_4",
            "rotation": 0.12566370614359174,
            "transform_matrix": [
                [
                    0.7616033554077148,
                    0.2598845064640045,
                    0.5936500430107117,
                    2.3930797576904297
                ],
                [
                    0.6480434536933899,
                    -0.30542537569999695,
                    -0.6976783275604248,
                    -2.8124313354492188
                ],
                [
                    0.0,
                    0.9160652160644531,
                    -0.40102943778038025,
                    -1.6166013479232788
                ],
                [
                    0.0,
                    0.0,
                    0.0,
                    1.0
                ]
            ]
        },
        {
            "file_path": "/data/shapenet_blender/all_50_random/02958343/301d1c48d321d29f5d2921c9c16f3c69/r_5",
            "rotation": 0.12566370614359174,
            "transform_matrix": [
                [
                    0.22147932648658752,
                    -0.4027469754219055,
                    0.8881112933158875,
                    3.5800914764404297
                ],
                [
                    0.9751651287078857,
                    0.09147180616855621,
                    -0.201707661151886,
                    -0.8131096363067627
                ],
                [
                    7.450581485102248e-09,
                    0.9107292294502258,
                    0.4130038619041443,
                    1.6648719310760498
                ],
                [
                    0.0,
                    0.0,
                    0.0,
                    1.0
                ]
            ]
        },
        {
            "file_path": "/data/shapenet_blender/all_50_random/02958343/301d1c48d321d29f5d2921c9c16f3c69/r_6",
            "rotation": 0.12566370614359174,
            "transform_matrix": [
                [
                    -0.24105021357536316,
                    0.551891565322876,
                    -0.7983172535896301,
                    -3.2181198596954346
                ],
                [
                    -0.9705127477645874,
                    -0.13707557320594788,
                    0.19828131794929504,
                    0.799297571182251
                ],
                [
                    -7.450581485102248e-09,
                    0.8225727677345276,
                    0.5686598420143127,
                    2.2923412322998047
                ],
                [
                    0.0,
                    0.0,
                    0.0,
                    1.0
                ]
            ]
        },
        {
            "file_path": "/data/shapenet_blender/all_50_random/02958343/301d1c48d321d29f5d2921c9c16f3c69/r_7",
            "rotation": 0.12566370614359174,
            "transform_matrix": [
                [
                    0.9974316954612732,
                    -0.011905385181307793,
                    -0.07062879949808121,
                    -0.2847138047218323
                ],
                [
                    -0.07162518054246902,
                    -0.16579098999500275,
                    -0.9835563898086548,
                    -3.9648425579071045
                ],
                [
                    -9.313225746154785e-10,
                    0.9860890507698059,
                    -0.1662178933620453,
                    -0.6700457334518433
                ],
                [
                    0.0,
                    0.0,
                    0.0,
                    1.0
                ]
            ]
        },
        {
            "file_path": "/data/shapenet_blender/all_50_random/02958343/301d1c48d321d29f5d2921c9c16f3c69/r_8",
            "rotation": 0.12566370614359174,
            "transform_matrix": [
                [
                    0.9992110729217529,
                    0.00011268441448919475,
                    -0.03971562907099724,
                    -0.1600988209247589
                ],
                [
                    -0.03971578925848007,
                    0.002835031133145094,
                    -0.9992069602012634,
                    -4.027932167053223
                ],
                [
                    -7.275957614183426e-12,
                    0.9999960064888,
                    0.0028372695669531822,
                    0.011437399312853813
                ],
                [
                    0.0,
                    0.0,
                    0.0,
                    1.0
                ]
            ]
        },
        {
            "file_path": "/data/shapenet_blender/all_50_random/02958343/301d1c48d321d29f5d2921c9c16f3c69/r_9",
            "rotation": 0.12566370614359174,
            "transform_matrix": [
                [
                    -0.9841014742851257,
                    -0.12728413939476013,
                    -0.12386659532785416,
                    -0.49932214617729187
                ],
                [
                    -0.17760682106018066,
                    0.7052686214447021,
                    0.6863323450088501,
                    2.7666938304901123
                ],
                [
                    -7.4505792646561986e-09,
                    0.6974201798439026,
                    -0.7166624665260315,
                    -2.88895845413208
                ],
                [
                    0.0,
                    0.0,
                    0.0,
                    1.0
                ]
            ]
        },
        {
            "file_path": "/data/shapenet_blender/all_50_random/02958343/301d1c48d321d29f5d2921c9c16f3c69/r_10",
            "rotation": 0.12566370614359174,
            "transform_matrix": [
                [
                    -0.9816076159477234,
                    0.0427880734205246,
                    -0.18605276942253113,
                    -0.7500027418136597
                ],
                [
                    -0.19090956449508667,
                    -0.22000522911548615,
                    0.9566352963447571,
                    3.856320381164551
                ],
                [
                    0.0,
                    0.9745597243309021,
                    0.22412745654582977,
                    0.9034867286682129
                ],
                [
                    0.0,
                    0.0,
                    0.0,
                    1.0
                ]
            ]
        },
        {
            "file_path": "/data/shapenet_blender/all_50_random/02958343/301d1c48d321d29f5d2921c9c16f3c69/r_11",
            "rotation": 0.12566370614359174,
            "transform_matrix": [
                [
                    -0.9995523691177368,
                    -0.015519388020038605,
                    -0.025581039488315582,
                    -0.10312047600746155
                ],
                [
                    -0.029920581728219986,
                    0.51845383644104,
                    0.854581892490387,
                    3.444930076599121
                ],
                [
                    9.31322685637781e-10,
                    0.8549647331237793,
                    -0.5186859965324402,
                    -2.090890407562256
                ],
                [
                    0.0,
                    0.0,
                    0.0,
                    1.0
                ]
            ]
        },
        {
            "file_path": "/data/shapenet_blender/all_50_random/02958343/301d1c48d321d29f5d2921c9c16f3c69/r_12",
            "rotation": 0.12566370614359174,
            "transform_matrix": [
                [
                    0.9788821935653687,
                    -0.15014633536338806,
                    -0.13872890174388885,
                    -0.5592341423034668
                ],
                [
                    -0.2044251412153244,
                    -0.7189701199531555,
                    -0.6642981767654419,
                    -2.6778719425201416
                ],
                [
                    7.450580596923828e-09,
                    0.6786293387413025,
                    -0.7344807982444763,
                    -2.960787057876587
                ],
                [
                    0.0,
                    0.0,
                    0.0,
                    1.0
                ]
            ]
        },
        {
            "file_path": "/data/shapenet_blender/all_50_random/02958343/301d1c48d321d29f5d2921c9c16f3c69/r_13",
            "rotation": 0.12566370614359174,
            "transform_matrix": [
                [
                    0.7123169898986816,
                    0.6148805618286133,
                    0.3384174704551697,
                    1.3642045259475708
                ],
                [
                    0.70185786485672,
                    -0.6240435242652893,
                    -0.3434606194496155,
                    -1.3845341205596924
                ],
                [
                    -2.9802320611338473e-08,
                    0.4821738302707672,
                    -0.8760754466056824,
                    -3.531573534011841
                ],
                [
                    0.0,
                    0.0,
                    0.0,
                    1.0
                ]
            ]
        },
        {
            "file_path": "/data/shapenet_blender/all_50_random/02958343/301d1c48d321d29f5d2921c9c16f3c69/r_14",
            "rotation": 0.12566370614359174,
            "transform_matrix": [
                [
                    0.6138955354690552,
                    0.00016159239748958498,
                    -0.7893872857093811,
                    -3.182121515274048
                ],
                [
                    -0.7893872261047363,
                    0.0001256681716768071,
                    -0.6138955950737,
                    -2.4746921062469482
                ],
                [
                    -7.275956746821688e-12,
                    1.0,
                    0.00020470611343625933,
                    0.0008251966210082173
                ],
                [
                    0.0,
                    0.0,
                    0.0,
                    1.0
                ]
            ]
        },
        {
            "file_path": "/data/shapenet_blender/all_50_random/02958343/301d1c48d321d29f5d2921c9c16f3c69/r_15",
            "rotation": 0.12566370614359174,
            "transform_matrix": [
                [
                    0.41019004583358765,
                    0.6028972864151001,
                    0.6842944622039795,
                    2.758479356765747
                ],
                [
                    0.9120000600814819,
                    -0.27116498351097107,
                    -0.30777496099472046,
                    -1.2406806945800781
                ],
                [
                    0.0,
                    0.7503228783607483,
                    -0.6610714793205261,
                    -2.6648645401000977
                ],
                [
                    0.0,
                    0.0,
                    0.0,
                    1.0
                ]
            ]
        },
        {
            "file_path": "/data/shapenet_blender/all_50_random/02958343/301d1c48d321d29f5d2921c9c16f3c69/r_16",
            "rotation": 0.12566370614359174,
            "transform_matrix": [
                [
                    0.29100337624549866,
                    0.171973317861557,
                    -0.9411388635635376,
                    -3.793851613998413
                ],
                [
                    -0.9567220211029053,
                    0.05230863019824028,
                    -0.28626349568367004,
                    -1.153964877128601
                ],
                [
                    3.7252898543727042e-09,
                    0.9837118983268738,
                    0.1797526776790619,
                    0.7246061563491821
                ],
                [
                    0.0,
                    0.0,
                    0.0,
                    1.0
                ]
            ]
        },
        {
            "file_path": "/data/shapenet_blender/all_50_random/02958343/301d1c48d321d29f5d2921c9c16f3c69/r_17",
            "rotation": 0.12566370614359174,
            "transform_matrix": [
                [
                    0.978406548500061,
                    -0.09247022867202759,
                    -0.18485146760940552,
                    -0.7451601624488831
                ],
                [
                    -0.20669016242027283,
                    -0.43772515654563904,
                    -0.8750290274620056,
                    -3.5273549556732178
                ],
                [
                    0.0,
                    0.894340991973877,
                    -0.4473857879638672,
                    -1.8034698963165283
                ],
                [
                    0.0,
                    0.0,
                    0.0,
                    1.0
                ]
            ]
        },
        {
            "file_path": "/data/shapenet_blender/all_50_random/02958343/301d1c48d321d29f5d2921c9c16f3c69/r_18",
            "rotation": 0.12566370614359174,
            "transform_matrix": [
                [
                    0.9972132444381714,
                    0.0675012543797493,
                    -0.0317692793905735,
                    -0.1280660629272461
                ],
                [
                    -0.07460366934537888,
                    0.9022766351699829,
                    -0.4246539771556854,
                    -1.7118349075317383
                ],
                [
                    0.0,
                    0.4258407950401306,
                    0.9047982096672058,
                    3.6473581790924072
                ],
                [
                    0.0,
                    0.0,
                    0.0,
                    1.0
                ]
            ]
        },
        {
            "file_path": "/data/shapenet_blender/all_50_random/02958343/301d1c48d321d29f5d2921c9c16f3c69/r_19",
            "rotation": 0.12566370614359174,
            "transform_matrix": [
                [
                    -0.025578264147043228,
                    -0.7358913421630859,
                    0.6766161918640137,
                    2.727527379989624
                ],
                [
                    0.9996728897094727,
                    -0.0188289824873209,
                    0.01731233112514019,
                    0.06978824734687805
                ],
                [
                    -9.31322685637781e-10,
                    0.6768375635147095,
                    0.7361322045326233,
                    2.9674441814422607
                ],
                [
                    0.0,
                    0.0,
                    0.0,
                    1.0
                ]
            ]
        },
        {
            "file_path": "/data/shapenet_blender/all_50_random/02958343/301d1c48d321d29f5d2921c9c16f3c69/r_20",
            "rotation": 0.12566370614359174,
            "transform_matrix": [
                [
                    -0.2958196997642517,
                    -0.06799487769603729,
                    -0.9528206586837769,
                    -3.8409430980682373
                ],
                [
                    -0.9552437663078308,
                    0.02105664275586605,
                    0.2950693368911743,
                    1.189462661743164
                ],
                [
                    -1.862645149230957e-09,
                    0.9974633455276489,
                    -0.07118064910173416,
                    -0.2869383990764618
                ],
                [
                    0.0,
                    0.0,
                    0.0,
                    1.0
                ]
            ]
        },
        {
            "file_path": "/data/shapenet_blender/all_50_random/02958343/301d1c48d321d29f5d2921c9c16f3c69/r_21",
            "rotation": 0.12566370614359174,
            "transform_matrix": [
                [
                    0.9537608623504639,
                    -0.07640095800161362,
                    -0.29069432616233826,
                    -1.1718263626098633
                ],
                [
                    -0.3005666434764862,
                    -0.2424362152814865,
                    -0.9224339127540588,
                    -3.7184500694274902
                ],
                [
                    0.0,
                    0.967154324054718,
                    -0.25418972969055176,
                    -1.0246715545654297
                ],
                [
                    0.0,
                    0.0,
                    0.0,
                    1.0
                ]
            ]
        },
        {
            "file_path": "/data/shapenet_blender/all_50_random/02958343/301d1c48d321d29f5d2921c9c16f3c69/r_22",
            "rotation": 0.12566370614359174,
            "transform_matrix": [
                [
                    -0.8771327137947083,
                    0.4616738259792328,
                    -0.13227078318595886,
                    -0.5332006216049194
                ],
                [
                    -0.4802481532096863,
                    -0.8432082533836365,
                    0.24158142507076263,
                    0.9738459587097168
                ],
                [
                    0.0,
                    0.2754215896129608,
                    0.9613234400749207,
                    3.8752188682556152
                ],
                [
                    0.0,
                    0.0,
                    0.0,
                    1.0
                ]
            ]
        },
        {
            "file_path": "/data/shapenet_blender/all_50_random/02958343/301d1c48d321d29f5d2921c9c16f3c69/r_23",
            "rotation": 0.12566370614359174,
            "transform_matrix": [
                [
                    0.029288679361343384,
                    0.33647704124450684,
                    0.9412360191345215,
                    3.7942440509796143
                ],
                [
                    0.9995710849761963,
                    -0.009859196841716766,
                    -0.02757938764989376,
                    -0.11117607355117798
                ],
                [
                    0.0,
                    0.9416400194168091,
                    -0.3366214334964752,
                    -1.3569644689559937
                ],
                [
                    0.0,
                    0.0,
                    0.0,
                    1.0
                ]
            ]
        },
        {
            "file_path": "/data/shapenet_blender/all_50_random/02958343/301d1c48d321d29f5d2921c9c16f3c69/r_24",
            "rotation": 0.12566370614359174,
            "transform_matrix": [
                [
                    0.9971287250518799,
                    -0.011047149077057838,
                    -0.0749155730009079,
                    -0.30199435353279114
                ],
                [
                    -0.07572571933269501,
                    -0.14546483755111694,
                    -0.9864610433578491,
                    -3.9765520095825195
                ],
                [
                    9.31322685637781e-10,
                    0.9893017411231995,
                    -0.1458836942911148,
                    -0.5880760550498962
                ],
                [
                    0.0,
                    0.0,
                    0.0,
                    1.0
                ]
            ]
        },
        {
            "file_path": "/data/shapenet_blender/all_50_random/02958343/301d1c48d321d29f5d2921c9c16f3c69/r_25",
            "rotation": 0.12566370614359174,
            "transform_matrix": [
                [
                    0.6049938797950745,
                    0.3891405761241913,
                    -0.6946595907211304,
                    -2.800262689590454
                ],
                [
                    -0.796230137348175,
                    0.29567790031433105,
                    -0.5278182625770569,
                    -2.1277036666870117
                ],
                [
                    -1.4901161193847656e-08,
                    0.8724358081817627,
                    0.48872870206832886,
                    1.9701285362243652
                ],
                [
                    0.0,
                    0.0,
                    0.0,
                    1.0
                ]
            ]
        },
        {
            "file_path": "/data/shapenet_blender/all_50_random/02958343/301d1c48d321d29f5d2921c9c16f3c69/r_26",
            "rotation": 0.12566370614359174,
            "transform_matrix": [
                [
                    0.7848991751670837,
                    0.5542504787445068,
                    0.2770189344882965,
                    1.1166990995407104
                ],
                [
                    0.6196233630180359,
                    -0.7020890116691589,
                    -0.3509098291397095,
                    -1.4145628213882446
                ],
                [
                    0.0,
                    0.44707638025283813,
                    -0.8944957852363586,
                    -3.605827808380127
                ],
                [
                    0.0,
                    0.0,
                    0.0,
                    1.0
                ]
            ]
        },
        {
            "file_path": "/data/shapenet_blender/all_50_random/02958343/301d1c48d321d29f5d2921c9c16f3c69/r_27",
            "rotation": 0.12566370614359174,
            "transform_matrix": [
                [
                    -0.856891393661499,
                    -0.4494493305683136,
                    0.2524528503417969,
                    1.0176701545715332
                ],
                [
                    0.5154969096183777,
                    -0.7471029162406921,
                    0.41964298486709595,
                    1.6916351318359375
                ],
                [
                    1.4901159417490817e-08,
                    0.4897271692752838,
                    0.8718756437301636,
                    3.514643430709839
                ],
                [
                    0.0,
                    0.0,
                    0.0,
                    1.0
                ]
            ]
        },
        {
            "file_path": "/data/shapenet_blender/all_50_random/02958343/301d1c48d321d29f5d2921c9c16f3c69/r_28",
            "rotation": 0.12566370614359174,
            "transform_matrix": [
                [
                    0.8454506397247314,
                    -0.4135558307170868,
                    0.337912380695343,
                    1.362168550491333
                ],
                [
                    0.5340536236763,
                    0.6546927690505981,
                    -0.5349429845809937,
                    -2.1564242839813232
                ],
                [
                    0.0,
                    0.6327311992645264,
                    0.7743713855743408,
                    3.121591091156006
                ],
                [
                    0.0,
                    0.0,
                    0.0,
                    1.0
                ]
            ]
        },
        {
            "file_path": "/data/shapenet_blender/all_50_random/02958343/301d1c48d321d29f5d2921c9c16f3c69/r_29",
            "rotation": 0.12566370614359174,
            "transform_matrix": [
                [
                    -0.10732921957969666,
                    -0.1548105925321579,
                    0.982096791267395,
                    3.958958864212036
                ],
                [
                    0.9942235350608826,
                    -0.016712237149477005,
                    0.10602010041475296,
                    0.42738068103790283
                ],
                [
                    0.0,
                    0.9878028035163879,
                    0.15571004152297974,
                    0.6276872754096985
                ],
                [
                    0.0,
                    0.0,
                    0.0,
                    1.0
                ]
            ]
        },
        {
            "file_path": "/data/shapenet_blender/all_50_random/02958343/301d1c48d321d29f5d2921c9c16f3c69/r_30",
            "rotation": 0.12566370614359174,
            "transform_matrix": [
                [
                    0.38573402166366577,
                    -0.03427143394947052,
                    0.9219732284545898,
                    3.716593027114868
                ],
                [
                    0.9226099848747253,
                    0.014328543096780777,
                    -0.3854677975177765,
                    -1.553870439529419
                ],
                [
                    9.313225746154785e-10,
                    0.999309778213501,
                    0.03714617341756821,
                    0.1497410088777542
                ],
                [
                    0.0,
                    0.0,
                    0.0,
                    1.0
                ]
            ]
        },
        {
            "file_path": "/data/shapenet_blender/all_50_random/02958343/301d1c48d321d29f5d2921c9c16f3c69/r_31",
            "rotation": 0.12566370614359174,
            "transform_matrix": [
                [
                    -0.0036674358416348696,
                    -0.33226338028907776,
                    0.9431794881820679,
                    3.8020782470703125
                ],
                [
                    0.9999933242797852,
                    -0.00121856271289289,
                    0.0034590731374919415,
                    0.013943970203399658
                ],
                [
                    0.0,
                    0.9431858658790588,
                    0.33226558566093445,
                    1.3394054174423218
                ],
                [
                    0.0,
                    0.0,
                    0.0,
                    1.0
                ]
            ]
        },
        {
            "file_path": "/data/shapenet_blender/all_50_random/02958343/301d1c48d321d29f5d2921c9c16f3c69/r_32",
            "rotation": 0.12566370614359174,
            "transform_matrix": [
                [
                    -0.6045944094657898,
                    0.13269421458244324,
                    -0.7854030132293701,
                    -3.166060447692871
                ],
                [
                    -0.796533465385437,
                    -0.1007191613316536,
                    0.5961460471153259,
                    2.4031412601470947
                ],
                [
                    0.0,
                    0.9860262870788574,
                    0.1665896475315094,
                    0.6715442538261414
                ],
                [
                    0.0,
                    0.0,
                    0.0,
                    1.0
                ]
            ]
        },
        {
            "file_path": "/data/shapenet_blender/all_50_random/02958343/301d1c48d321d29f5d2921c9c16f3c69/r_33",
            "rotation": 0.12566370614359174,
            "transform_matrix": [
                [
                    0.6769657135009766,
                    0.18795810639858246,
                    0.7116102576255798,
                    2.8685927391052246
                ],
                [
                    0.7360145449638367,
                    -0.17287863790988922,
                    -0.6545193195343018,
                    -2.6384518146514893
                ],
                [
                    0.0,
                    0.9668425917625427,
                    -0.2553727924823761,
                    -1.0294406414031982
                ],
                [
                    0.0,
                    0.0,
                    0.0,
                    1.0
                ]
            ]
        },
        {
            "file_path": "/data/shapenet_blender/all_50_random/02958343/301d1c48d321d29f5d2921c9c16f3c69/r_34",
            "rotation": 0.12566370614359174,
            "transform_matrix": [
                [
                    -0.940909743309021,
                    0.1329585164785385,
                    0.31146594882011414,
                    1.2555594444274902
                ],
                [
                    0.3386576771736145,
                    0.3694053590297699,
                    0.8653615713119507,
                    3.4883840084075928
                ],
                [
                    0.0,
                    0.9197073578834534,
                    -0.3926045000553131,
                    -1.5826393365859985
                ],
                [
                    0.0,
                    0.0,
                    0.0,
                    1.0
                ]
            ]
        },
        {
            "file_path": "/data/shapenet_blender/all_50_random/02958343/301d1c48d321d29f5d2921c9c16f3c69/r_35",
            "rotation": 0.12566370614359174,
            "transform_matrix": [
                [
                    0.8315632343292236,
                    -0.01677785813808441,
                    -0.5551765561103821,
                    -2.2379884719848633
                ],
                [
                    -0.5554301142692566,
                    -0.025119002908468246,
                    -0.8311837315559387,
                    -3.350609064102173
                ],
                [
                    1.862645149230957e-09,
                    0.9995436072349548,
                    -0.030206965282559395,
                    -0.12176817655563354
                ],
                [
                    0.0,
                    0.0,
                    0.0,
                    1.0
                ]
            ]
        },
        {
            "file_path": "/data/shapenet_blender/all_50_random/02958343/301d1c48d321d29f5d2921c9c16f3c69/r_36",
            "rotation": 0.12566370614359174,
            "transform_matrix": [
                [
                    -0.4060918092727661,
                    0.3798133432865143,
                    0.8311625123023987,
                    3.3505234718322754
                ],
                [
                    0.9138322472572327,
                    0.16878272593021393,
                    0.3693547546863556,
                    1.4889167547225952
                ],
                [
                    -1.4901160305669237e-08,
                    0.9095351099967957,
                    -0.41562700271606445,
                    -1.6754461526870728
                ],
                [
                    0.0,
                    0.0,
                    0.0,
                    1.0
                ]
            ]
        },
        {
            "file_path": "/data/shapenet_blender/all_50_random/02958343/301d1c48d321d29f5d2921c9c16f3c69/r_37",
            "rotation": 0.12566370614359174,
            "transform_matrix": [
                [
                    -0.20021449029445648,
                    0.6175463199615479,
                    -0.7606251835823059,
                    -3.0661780834198
                ],
                [
                    -0.9797521233558655,
                    -0.1261969357728958,
                    0.15543541312217712,
                    0.6265801787376404
                ],
                [
                    0.0,
                    0.7763445377349854,
                    0.6303087472915649,
                    2.540855884552002
                ],
                [
                    0.0,
                    0.0,
                    0.0,
                    1.0
                ]
            ]
        },
        {
            "file_path": "/data/shapenet_blender/all_50_random/02958343/301d1c48d321d29f5d2921c9c16f3c69/r_38",
            "rotation": 0.12566370614359174,
            "transform_matrix": [
                [
                    -0.031922709196805954,
                    -0.38405561447143555,
                    0.9227578639984131,
                    3.7197561264038086
                ],
                [
                    0.9994903206825256,
                    -0.012266349047422409,
                    0.029471956193447113,
                    0.11880525946617126
                ],
                [
                    0.0,
                    0.9232285022735596,
                    0.3842514157295227,
                    1.5489671230316162
                ],
                [
                    0.0,
                    0.0,
                    0.0,
                    1.0
                ]
            ]
        },
        {
            "file_path": "/data/shapenet_blender/all_50_random/02958343/301d1c48d321d29f5d2921c9c16f3c69/r_39",
            "rotation": 0.12566370614359174,
            "transform_matrix": [
                [
                    0.8039469718933105,
                    -0.0355462022125721,
                    -0.5936375856399536,
                    -2.3930299282073975
                ],
                [
                    -0.5947008728981018,
                    -0.04805317148566246,
                    -0.8025095462799072,
                    -3.2350196838378906
                ],
                [
                    -3.725290076417309e-09,
                    0.9982120990753174,
                    -0.05977156013250351,
                    -0.24094687402248383
                ],
                [
                    0.0,
                    0.0,
                    0.0,
                    1.0
                ]
            ]
        },
        {
            "file_path": "/data/shapenet_blender/all_50_random/02958343/301d1c48d321d29f5d2921c9c16f3c69/r_40",
            "rotation": 0.12566370614359174,
            "transform_matrix": [
                [
                    0.3026617169380188,
                    0.7698562145233154,
                    -0.5618870854377747,
                    -2.2650392055511475
                ],
                [
                    -0.9530980587005615,
                    0.24447223544120789,
                    -0.1784304529428482,
                    -0.7192761898040771
                ],
                [
                    0.0,
                    0.5895374417304993,
                    0.8077410459518433,
                    3.256108283996582
                ],
                [
                    0.0,
                    0.0,
                    0.0,
                    1.0
                ]
            ]
        },
        {
            "file_path": "/data/shapenet_blender/all_50_random/02958343/301d1c48d321d29f5d2921c9c16f3c69/r_41",
            "rotation": 0.12566370614359174,
            "transform_matrix": [
                [
                    -0.09101977944374084,
                    0.08444472402334213,
                    0.9922623038291931,
                    3.9999372959136963
                ],
                [
                    0.9958491325378418,
                    0.007718177046626806,
                    0.0906919464468956,
                    0.3655909299850464
