{
    "class": "02958343",
    "model": "6201a29763c2256a2bb5796f842ca661",
    "remove_doubles": true,
    "edge_split": true,
    "denoise": true,
    "camera_angle_x": 0.6911112070083618,
    "scale_factor": 2.256355964116104,
    "hdri_file": "/data/IndoorHDRDataset2018/9C4A5841-fbdfe1a4a5.exr",
    "center_offset": [
        0.0,
        -9.313225746154785e-10,
        -9.313225746154785e-10
    ],
    "lights": [],
    "frames": [
        {
            "file_path": "/data/shapenet_blender/all_50_random/02958343/6201a29763c2256a2bb5796f842ca661/r_0",
            "rotation": 0.12566370614359174,
            "transform_matrix": [
                [
                    -0.016190167516469955,
                    -0.17319618165493011,
                    -0.984754204750061,
                    -3.9696712493896484
                ],
                [
                    -0.9998689293861389,
                    0.002804442774504423,
                    0.015945425257086754,
                    0.06427806615829468
                ],
                [
                    2.3283064365386963e-10,
                    0.9848833084106445,
                    -0.17321889102458954,
                    -0.6982676982879639
                ],
                [
                    0.0,
                    0.0,
                    0.0,
                    1.0
                ]
            ]
        },
        {
            "file_path": "/data/shapenet_blender/all_50_random/02958343/6201a29763c2256a2bb5796f842ca661/r_1",
            "rotation": 0.12566370614359174,
            "transform_matrix": [
                [
                    0.6564279794692993,
                    0.010955343022942543,
                    0.7543092370033264,
                    3.040717840194702
                ],
                [
                    0.7543888092041016,
                    -0.009532740339636803,
                    -0.6563586592674255,
                    -2.6458663940429688
                ],
                [
                    0.0,
                    0.9998946189880371,
                    -0.014522143639624119,
                    -0.05854063481092453
                ],
                [
                    0.0,
                    0.0,
                    0.0,
                    1.0
                ]
            ]
        },
        {
            "file_path": "/data/shapenet_blender/all_50_random/02958343/6201a29763c2256a2bb5796f842ca661/r_2",
            "rotation": 0.12566370614359174,
            "transform_matrix": [
                [
                    0.7922458648681641,
                    0.10106037557125092,
                    -0.6017751097679138,
                    -2.425833225250244
                ],
                [
                    -0.6102020740509033,
                    0.1312100887298584,
                    -0.7813048958778381,
                    -3.149540901184082
                ],
                [
                    0.0,
                    0.9861900210380554,
                    0.16561788320541382,
                    0.6676270961761475
                ],
                [
                    0.0,
                    0.0,
                    0.0,
                    1.0
                ]
            ]
        },
        {
            "file_path": "/data/shapenet_blender/all_50_random/02958343/6201a29763c2256a2bb5796f842ca661/r_3",
            "rotation": 0.12566370614359174,
            "transform_matrix": [
                [
                    0.36623966693878174,
                    -0.5633664727210999,
                    -0.7405988574028015,
                    -2.9854495525360107
                ],
                [
                    -0.9305206537246704,
                    -0.22173301875591278,
                    -0.2914891839027405,
                    -1.1750304698944092
                ],
                [
                    1.4901162970204496e-08,
                    0.7958973050117493,
                    -0.6054314970970154,
                    -2.440572500228882
                ],
                [
                    0.0,
                    0.0,
                    0.0,
                    1.0
                ]
            ]
        },
        {
            "file_path": "/data/shapenet_blender/all_50_random/02958343/6201a29763c2256a2bb5796f842ca661/r_4",
            "rotation": 0.12566370614359174,
            "transform_matrix": [
                [
                    -0.7669283151626587,
                    -0.1518092304468155,
                    0.623518168926239,
                    2.5134823322296143
                ],
                [
                    0.6417328119277954,
                    -0.18142566084861755,
                    0.7451601624488831,
                    3.0038368701934814
                ],
                [
                    7.450580596923828e-09,
                    0.9716164469718933,
                    0.23656147718429565,
                    0.9536098837852478
                ],
                [
                    0.0,
                    0.0,
                    0.0,
                    1.0
                ]
            ]
        },
        {
            "file_path": "/data/shapenet_blender/all_50_random/02958343/6201a29763c2256a2bb5796f842ca661/r_5",
            "rotation": 0.12566370614359174,
            "transform_matrix": [
                [
                    0.9999953508377075,
                    0.00117580802179873,
                    -0.002821552101522684,
                    -0.011374041438102722
                ],
                [
                    -0.0030567441135644913,
                    0.384658545255661,
                    -0.9230538010597229,
                    -3.720949172973633
                ],
                [
                    1.1641533570472262e-10,
                    0.9230581521987915,
                    0.3846603035926819,
                    1.5506154298782349
                ],
                [
                    0.0,
                    0.0,
                    0.0,
                    1.0
                ]
            ]
        },
        {
            "file_path": "/data/shapenet_blender/all_50_random/02958343/6201a29763c2256a2bb5796f842ca661/r_6",
            "rotation": 0.12566370614359174,
            "transform_matrix": [
                [
                    -0.6075605750083923,
                    -0.06541571021080017,
                    0.791575014591217,
                    3.1909408569335938
                ],
                [
                    0.7942733764648438,
                    -0.05003819614648819,
                    0.6054965257644653,
                    2.4408345222473145
                ],
                [
                    0.0,
                    0.9966026544570923,
                    0.0823592022061348,
                    0.3320005536079407
                ],
                [
                    0.0,
                    0.0,
                    0.0,
                    1.0
                ]
            ]
        },
        {
            "file_path": "/data/shapenet_blender/all_50_random/02958343/6201a29763c2256a2bb5796f842ca661/r_7",
            "rotation": 0.12566370614359174,
            "transform_matrix": [
                [
                    -0.7638135552406311,
                    0.23085172474384308,
                    -0.6027407050132751,
                    -2.429725170135498
                ],
                [
                    -0.6454369425773621,
                    -0.2731911838054657,
                    0.7132866382598877,
                    2.875349998474121
                ],
                [
                    0.0,
                    0.9338490962982178,
                    0.3576674163341522,
                    1.4418033361434937
                ],
                [
                    0.0,
                    0.0,
                    0.0,
                    1.0
                ]
            ]
        },
        {
            "file_path": "/data/shapenet_blender/all_50_random/02958343/6201a29763c2256a2bb5796f842ca661/r_8",
            "rotation": 0.12566370614359174,
            "transform_matrix": [
                [
                    0.9678794145584106,
                    -0.19238907098770142,
                    0.16185136139392853,
                    0.6524437069892883
                ],
                [
                    0.25141483545303345,
                    0.7406460642814636,
                    -0.6230841279029846,
                    -2.511732578277588
                ],
                [
                    7.450580596923828e-09,
                    0.6437621116638184,
                    0.7652256488800049,
                    3.0847232341766357
                ],
                [
                    0.0,
                    0.0,
                    0.0,
                    1.0
                ]
            ]
        },
        {
            "file_path": "/data/shapenet_blender/all_50_random/02958343/6201a29763c2256a2bb5796f842ca661/r_9",
            "rotation": 0.12566370614359174,
            "transform_matrix": [
                [
                    0.6814110279083252,
                    0.01762446202337742,
                    -0.7316886186599731,
                    -2.949531316757202
                ],
                [
                    -0.7319008708000183,
                    0.016408646479249,
                    -0.6812134385108948,
                    -2.7460594177246094
                ],
                [
                    -9.313225746154785e-10,
                    0.9997099041938782,
                    0.024080393835902214,
                    0.09707117825746536
                ],
                [
                    0.0,
                    0.0,
                    0.0,
                    1.0
                ]
            ]
        },
        {
            "file_path": "/data/shapenet_blender/all_50_random/02958343/6201a29763c2256a2bb5796f842ca661/r_10",
            "rotation": 0.12566370614359174,
            "transform_matrix": [
                [
                    0.9827176928520203,
                    0.07887271791696548,
                    0.16746675968170166,
                    0.6750801801681519
                ],
                [
                    0.18511083722114563,
                    -0.41871997714042664,
                    -0.8890486359596252,
                    -3.5838699340820312
                ],
                [
                    -7.450580596923828e-09,
                    0.9046837091445923,
                    -0.42608368396759033,
                    -1.7175984382629395
                ],
                [
                    0.0,
                    0.0,
                    0.0,
                    1.0
                ]
            ]
        },
        {
            "file_path": "/data/shapenet_blender/all_50_random/02958343/6201a29763c2256a2bb5796f842ca661/r_11",
            "rotation": 0.12566370614359174,
            "transform_matrix": [
                [
                    -0.993183970451355,
                    -0.030800197273492813,
                    -0.11241476982831955,
                    -0.453158438205719
                ],
                [
                    -0.11655785888433456,
                    0.2624469995498657,
                    0.9578809142112732,
                    3.8613414764404297
                ],
                [
                    0.0,
                    0.9644545912742615,
                    -0.26424819231033325,
                    -1.0652185678482056
                ],
                [
                    0.0,
                    0.0,
                    0.0,
                    1.0
                ]
            ]
        },
        {
            "file_path": "/data/shapenet_blender/all_50_random/02958343/6201a29763c2256a2bb5796f842ca661/r_12",
            "rotation": 0.12566370614359174,
            "transform_matrix": [
                [
                    -0.4589879512786865,
                    0.09307005256414413,
                    0.8835541605949402,
                    3.561720848083496
                ],
                [
                    0.8884424567222595,
                    0.048081934452056885,
                    0.456462562084198,
                    1.8400593996047974
                ],
                [
                    0.0,
                    0.9944977760314941,
                    -0.1047564223408699,
                    -0.42228665947914124
                ],
                [
                    0.0,
                    0.0,
                    0.0,
                    1.0
                ]
            ]
        },
        {
            "file_path": "/data/shapenet_blender/all_50_random/02958343/6201a29763c2256a2bb5796f842ca661/r_13",
            "rotation": 0.12566370614359174,
            "transform_matrix": [
                [
                    -0.619328498840332,
                    -0.015144133009016514,
                    -0.7849858403205872,
                    -3.164379119873047
                ],
                [
                    -0.7851318717002869,
                    0.011946010403335094,
                    0.619213342666626,
                    2.496128797531128
                ],
                [
                    0.0,
                    0.999813973903656,
                    -0.019288647919893265,
                    -0.07775502651929855
                ],
                [
                    0.0,
                    0.0,
                    0.0,
                    1.0
                ]
            ]
        },
        {
            "file_path": "/data/shapenet_blender/all_50_random/02958343/6201a29763c2256a2bb5796f842ca661/r_14",
            "rotation": 0.12566370614359174,
            "transform_matrix": [
                [
                    -0.29624179005622864,
                    -0.16297872364521027,
                    0.94110506772995,
                    3.793715715408325
                ],
                [
                    0.9551129937171936,
                    -0.05055015906691551,
                    0.2918970286846161,
                    1.176674485206604
                ],
                [
                    3.7252898543727042e-09,
                    0.9853337407112122,
                    0.17063815891742706,
                    0.6878644227981567
                ],
                [
                    0.0,
                    0.0,
                    0.0,
                    1.0
                ]
            ]
        },
        {
            "file_path": "/data/shapenet_blender/all_50_random/02958343/6201a29763c2256a2bb5796f842ca661/r_15",
            "rotation": 0.12566370614359174,
            "transform_matrix": [
                [
                    -0.30028796195983887,
                    -0.047854483127593994,
                    0.9526473879814148,
                    3.8402445316314697
                ],
                [
                    0.953848659992218,
                    -0.015065415762364864,
                    0.2999098002910614,
                    1.208975076675415
                ],
                [
                    9.31322685637781e-10,
                    0.9987406134605408,
                    0.05016990005970001,
                    0.20224133133888245
                ],
                [
                    0.0,
                    0.0,
                    0.0,
                    1.0
                ]
            ]
        },
        {
            "file_path": "/data/shapenet_blender/all_50_random/02958343/6201a29763c2256a2bb5796f842ca661/r_16",
            "rotation": 0.12566370614359174,
            "transform_matrix": [
                [
                    0.9867633581161499,
                    -0.007834361866116524,
                    -0.1619778275489807,
                    -0.6529535055160522
                ],
                [
                    -0.16216717660427094,
                    -0.04767092689871788,
                    -0.985611081123352,
                    -3.973125457763672
                ],
                [
                    4.656613428188905e-10,
                    0.9988323450088501,
                    -0.04831039905548096,
                    -0.19474545121192932
                ],
                [
                    0.0,
                    0.0,
                    0.0,
                    1.0
                ]
            ]
        },
        {
            "file_path": "/data/shapenet_blender/all_50_random/02958343/6201a29763c2256a2bb5796f842ca661/r_17",
            "rotation": 0.12566370614359174,
            "transform_matrix": [
                [
                    -0.8874058723449707,
                    0.07944508641958237,
                    0.45409178733825684,
                    1.8305025100708008
                ],
                [
                    0.46098899841308594,
                    0.15293212234973907,
                    0.8741286396980286,
                    3.5237252712249756
                ],
                [
                    0.0,
                    0.9850382208824158,
                    -0.1723361611366272,
                    -0.694709300994873
                ],
                [
                    0.0,
                    0.0,
                    0.0,
                    1.0
                ]
            ]
        },
        {
            "file_path": "/data/shapenet_blender/all_50_random/02958343/6201a29763c2256a2bb5796f842ca661/r_18",
            "rotation": 0.12566370614359174,
            "transform_matrix": [
                [
                    0.5077643990516663,
                    0.7677527070045471,
                    0.3908081650733948,
                    1.5753982067108154
                ],
                [
                    0.8614959716796875,
                    -0.45251229405403137,
                    -0.23034174740314484,
                    -0.9285373687744141
                ],
                [
                    0.0,
                    0.4536390006542206,
                    -0.8911854028701782,
                    -3.5924835205078125
                ],
                [
                    0.0,
                    0.0,
                    0.0,
                    1.0
                ]
            ]
        },
        {
            "file_path": "/data/shapenet_blender/all_50_random/02958343/6201a29763c2256a2bb5796f842ca661/r_19",
            "rotation": 0.12566370614359174,
            "transform_matrix": [
                [
                    -0.9525886178016663,
                    -0.12312015891075134,
                    -0.2782381772994995,
                    -1.1216140985488892
                ],
                [
                    -0.30426153540611267,
                    0.3854672908782959,
                    0.8711141347885132,
                    3.511573553085327
                ],
                [
                    7.450581485102248e-09,
                    0.9144704937934875,
                    -0.40465247631073,
                    -1.6312063932418823
                ],
                [
                    0.0,
                    0.0,
                    0.0,
                    1.0
                ]
            ]
        },
        {
            "file_path": "/data/shapenet_blender/all_50_random/02958343/6201a29763c2256a2bb5796f842ca661/r_20",
            "rotation": 0.12566370614359174,
            "transform_matrix": [
                [
                    0.21878859400749207,
                    -0.5487606525421143,
                    -0.8068415522575378,
                    -3.2524824142456055
                ],
                [
                    -0.9757723808288574,
                    -0.12304362654685974,
                    -0.18091076612472534,
                    -0.7292746305465698
                ],
                [
                    -7.450581485102248e-09,
                    0.826874852180481,
                    -0.5623859167098999,
                    -2.26705002784729
                ],
                [
                    0.0,
                    0.0,
                    0.0,
                    1.0
                ]
            ]
        },
        {
            "file_path": "/data/shapenet_blender/all_50_random/02958343/6201a29763c2256a2bb5796f842ca661/r_21",
            "rotation": 0.12566370614359174,
            "transform_matrix": [
                [
                    0.8276806473731995,
                    0.1407567858695984,
                    -0.5432607531547546,
                    -2.1899538040161133
                ],
                [
                    -0.5611993074417114,
                    0.2075941115617752,
                    -0.8012241125106812,
                    -3.229837417602539
                ],
                [
                    0.0,
                    0.9680351614952087,
                    0.250814288854599,
                    1.0110646486282349
                ],
                [
                    0.0,
                    0.0,
                    0.0,
                    1.0
                ]
            ]
        },
        {
            "file_path": "/data/shapenet_blender/all_50_random/02958343/6201a29763c2256a2bb5796f842ca661/r_22",
            "rotation": 0.12566370614359174,
            "transform_matrix": [
                [
                    -0.5256924629211426,
                    0.38434675335884094,
                    -0.7588972449302673,
                    -3.0592126846313477
                ],
                [
                    -0.8506747484207153,
                    -0.23751521110534668,
                    0.4689766466617584,
                    1.890505313873291
                ],
                [
                    0.0,
                    0.8921121954917908,
                    0.4518139958381653,
                    1.8213204145431519
                ],
                [
                    0.0,
                    0.0,
                    0.0,
                    1.0
                ]
            ]
        },
        {
            "file_path": "/data/shapenet_blender/all_50_random/02958343/6201a29763c2256a2bb5796f842ca661/r_23",
            "rotation": 0.12566370614359174,
            "transform_matrix": [
                [
                    0.4344039559364319,
                    -0.12366745620965958,
                    0.8921880722045898,
                    3.596525192260742
                ],
                [
                    0.9007182121276855,
                    0.059643104672431946,
                    -0.43028998374938965,
                    -1.734554409980774
                ],
                [
                    0.0,
                    0.9905296564102173,
                    0.13729871809482574,
                    0.5534688234329224
                ],
                [
                    0.0,
                    0.0,
                    0.0,
                    1.0
                ]
            ]
        },
        {
            "file_path": "/data/shapenet_blender/all_50_random/02958343/6201a29763c2256a2bb5796f842ca661/r_24",
            "rotation": 0.12566370614359174,
            "transform_matrix": [
                [
                    0.2358023226261139,
                    0.2660699486732483,
                    -0.9346678256988525,
                    -3.7677667140960693
                ],
                [
                    -0.9718011021614075,
                    0.06456045061349869,
                    -0.2267921268939972,
                    -0.9142283797264099
                ],
                [
                    7.450581485102248e-09,
                    0.9617893099784851,
                    0.27379053831100464,
                    1.1036851406097412
                ],
                [
                    0.0,
                    0.0,
                    0.0,
                    1.0
                ]
            ]
        },
        {
            "file_path": "/data/shapenet_blender/all_50_random/02958343/6201a29763c2256a2bb5796f842ca661/r_25",
            "rotation": 0.12566370614359174,
            "transform_matrix": [
                [
                    -0.3604789972305298,
                    -0.14479942619800568,
                    -0.9214597344398499,
                    -3.7145230770111084
                ],
                [
                    -0.932767391204834,
                    0.05595945566892624,
                    0.35610905289649963,
                    1.4355214834213257
                ],
                [
                    -3.725290298461914e-09,
                    0.9878773093223572,
                    -0.1552363932132721,
                    -0.6257779002189636
                ],
                [
                    0.0,
                    0.0,
                    0.0,
                    1.0
                ]
            ]
        },
        {
            "file_path": "/data/shapenet_blender/all_50_random/02958343/6201a29763c2256a2bb5796f842ca661/r_26",
            "rotation": 0.12566370614359174,
            "transform_matrix": [
                [
                    0.9981435537338257,
                    0.019730402156710625,
                    0.05762189254164696,
                    0.23228128254413605
                ],
                [
                    0.06090625375509262,
                    -0.3233456611633301,
                    -0.9443188309669495,
                    -3.806670904159546
                ],
                [
                    0.0,
                    0.9460751414299011,
                    -0.32394713163375854,
                    -1.3058726787567139
                ],
                [
                    0.0,
                    0.0,
                    0.0,
                    1.0
                ]
            ]
        },
        {
            "file_path": "/data/shapenet_blender/all_50_random/02958343/6201a29763c2256a2bb5796f842ca661/r_27",
            "rotation": 0.12566370614359174,
            "transform_matrix": [
                [
                    0.052239637821912766,
                    0.05874701216816902,
                    -0.9969050288200378,
                    -4.01865291595459
                ],
                [
                    -0.9986345171928406,
                    0.003073119092732668,
                    -0.05214916542172432,
                    -0.21022002398967743
                ],
                [
                    0.0,
                    0.998268187046051,
                    0.05882732942700386,
                    0.23714056611061096
                ],
                [
                    0.0,
                    0.0,
                    0.0,
                    1.0
                ]
            ]
        },
        {
            "file_path": "/data/shapenet_blender/all_50_random/02958343/6201a29763c2256a2bb5796f842ca661/r_28",
            "rotation": 0.12566370614359174,
            "transform_matrix": [
                [
                    0.9999887347221375,
                    0.00019460722978692502,
                    -0.004753299988806248,
                    -0.0191611647605896
                ],
                [
                    -0.0047572823241353035,
                    0.040906768292188644,
                    -0.9991516470909119,
                    -4.027709007263184
                ],
                [
                    0.0,
                    0.9991628527641296,
                    0.04090723395347595,
                    0.16490232944488525
                ],
                [
                    0.0,
                    0.0,
                    0.0,
                    1.0
                ]
            ]
        },
        {
            "file_path": "/data/shapenet_blender/all_50_random/02958343/6201a29763c2256a2bb5796f842ca661/r_29",
            "rotation": 0.12566370614359174,
            "transform_matrix": [
                [
                    -0.04758946970105171,
                    -0.03326776996254921,
                    -0.9983128309249878,
                    -4.024327754974365
                ],
                [
                    -0.9988669157028198,
                    0.00158499157987535,
                    0.04756307229399681,
                    0.19173288345336914
                ],
                [
                    0.0,
                    0.9994451403617859,
                    -0.03330551087856293,
                    -0.13425880670547485
                ],
                [
                    0.0,
                    0.0,
                    0.0,
                    1.0
                ]
            ]
        },
        {
            "file_path": "/data/shapenet_blender/all_50_random/02958343/6201a29763c2256a2bb5796f842ca661/r_30",
            "rotation": 0.12566370614359174,
            "transform_matrix": [
                [
                    -0.7323503494262695,
                    0.5164815187454224,
                    0.44374504685401917,
                    1.7887934446334839
                ],
                [
                    0.6809278726577759,
                    0.5554853081703186,
                    0.4772559106349945,
                    1.9238801002502441
                ],
                [
                    0.0,
                    0.6516770124435425,
                    -0.7584965825080872,
                    -3.0575976371765137
                ],
                [
                    0.0,
                    0.0,
                    0.0,
                    1.0
                ]
            ]
        },
        {
            "file_path": "/data/shapenet_blender/all_50_random/02958343/6201a29763c2256a2bb5796f842ca661/r_31",
            "rotation": 0.12566370614359174,
            "transform_matrix": [
                [
                    -0.7225564122200012,
                    0.6847218871116638,
                    0.0952267274260521,
                    0.3838712275028229
                ],
                [
                    0.6913120150566101,
                    0.7156684398651123,
                    0.09953058511018753,
                    0.4012206196784973
                ],
                [
                    7.450580596923828e-09,
                    0.13774794340133667,
                    -0.9904673099517822,
                    -3.992701530456543
                ],
                [
                    0.0,
                    0.0,
                    0.0,
                    1.0
                ]
            ]
        },
        {
            "file_path": "/data/shapenet_blender/all_50_random/02958343/6201a29763c2256a2bb5796f842ca661/r_32",
            "rotation": 0.12566370614359174,
            "transform_matrix": [
                [
                    -0.25747135281562805,
                    -0.4252232015132904,
                    0.8676944971084595,
                    3.4977879524230957
                ],
                [
                    0.9662858843803406,
                    -0.11330271512269974,
                    0.23120124638080597,
                    0.9320019483566284
                ],
                [
                    7.450580152834618e-09,
                    0.8979685306549072,
                    0.44005951285362244,
                    1.77393639087677
                ],
                [
                    0.0,
                    0.0,
                    0.0,
                    1.0
                ]
            ]
        },
        {
            "file_path": "/data/shapenet_blender/all_50_random/02958343/6201a29763c2256a2bb5796f842ca661/r_33",
            "rotation": 0.12566370614359174,
            "transform_matrix": [
                [
                    -0.012174371629953384,
                    -0.07985547930002213,
                    0.9967321157455444,
                    4.017955780029297
                ],
                [
                    0.9999259114265442,
                    -0.0009722622926346958,
                    0.012135486118495464,
                    0.04891970753669739
                ],
                [
                    -5.820766091346741e-11,
                    0.9968059659004211,
                    0.07986140251159668,
                    0.3219316005706787
                ],
                [
                    0.0,
                    0.0,
                    0.0,
                    1.0
                ]
            ]
        },
        {
            "file_path": "/data/shapenet_blender/all_50_random/02958343/6201a29763c2256a2bb5796f842ca661/r_34",
            "rotation": 0.12566370614359174,
            "transform_matrix": [
                [
                    0.2881351113319397,
                    -0.5081944465637207,
                    0.8116135001182556,
                    3.271718740463257
                ],
                [
                    0.9575898051261902,
                    0.15291379392147064,
                    -0.24421143531799316,
                    -0.9844477772712708
                ],
                [
                    0.0,
                    0.8475587368011475,
                    0.5307015776634216,
                    2.139326572418213
                ],
                [
                    0.0,
                    0.0,
                    0.0,
                    1.0
                ]
            ]
        },
        {
            "file_path": "/data/shapenet_blender/all_50_random/02958343/6201a29763c2256a2bb5796f842ca661/r_35",
            "rotation": 0.12566370614359174,
            "transform_matrix": [
                [
                    -0.0004084595129825175,
                    0.45676299929618835,
                    -0.8895883560180664,
                    -3.586045265197754
                ],
                [
                    -1.0,
                    -0.00018656920292414725,
                    0.0003633608284872025,
                    0.001464754343032837
                ],
                [
                    0.0,
                    0.889588475227356,
                    0.45676305890083313,
                    1.8412708044052124
                ],
                [
                    0.0,
                    0.0,
                    0.0,
                    1.0
                ]
            ]
        },
        {
            "file_path": "/data/shapenet_blender/all_50_random/02958343/6201a29763c2256a2bb5796f842ca661/r_36",
            "rotation": 0.12566370614359174,
            "transform_matrix": [
                [
                    0.5993601679801941,
                    -0.1964886635541916,
                    -0.7759893536567688,
                    -3.128113269805908
                ],
                [
                    -0.8004794120788574,
                    -0.14712119102478027,
                    -0.5810232162475586,
                    -2.342179775238037
                ],
                [
                    0.0,
                    0.9694058299064636,
                    -0.24546369910240173,
                    -0.9894958734512329
                ],
                [
                    0.0,
                    0.0,
                    0.0,
                    1.0
                ]
            ]
        },
        {
            "file_path": "/data/shapenet_blender/all_50_random/02958343/6201a29763c2256a2bb5796f842ca661/r_37",
            "rotation": 0.12566370614359174,
            "transform_matrix": [
                [
                    -0.15962156653404236,
                    0.3488094210624695,
                    -0.9235002994537354,
                    -3.7227489948272705
                ],
                [
                    -0.987178385257721,
                    -0.05640065670013428,
                    0.1493251472711563,
                    0.6019489765167236
                ],
                [
                    0.0,
                    0.9354949593544006,
                    0.3533398509025574,
                    1.424358606338501
                ],
                [
                    0.0,
                    0.0,
                    0.0,
                    1.0
                ]
            ]
        },
        {
            "file_path": "/data/shapenet_blender/all_50_random/02958343/6201a29763c2256a2bb5796f842ca661/r_38",
            "rotation": 0.12566370614359174,
            "transform_matrix": [
                [
                    0.8935224413871765,
                    0.11639793962240219,
                    0.4336692690849304,
                    1.7481766939163208
                ],
                [
                    0.44901835918426514,
                    -0.23162564635276794,
                    -0.8629785776138306,
                    -3.4787778854370117
                ],
                [
                    -7.450580152834618e-09,
                    0.9658161997795105,
                    -0.25922757387161255,
                    -1.0449798107147217
                ],
                [
                    0.0,
                    0.0,
                    0.0,
                    1.0
                ]
            ]
        },
        {
            "file_path": "/data/shapenet_blender/all_50_random/02958343/6201a29763c2256a2bb5796f842ca661/r_39",
            "rotation": 0.12566370614359174,
            "transform_matrix": [
                [
                    -0.9999344944953918,
                    -0.001974129118025303,
                    0.011283045634627342,
                    0.045483410358428955
                ],
                [
                    0.011454445309937,
                    -0.17233480513095856,
                    0.984971821308136,
                    3.970548391342163
                ],
                [
                    -1.1641533570472262e-10,
                    0.9850364327430725,
                    0.1723461151123047,
                    0.6947494149208069
                ],
                [
                    0.0,
                    0.0,
                    0.0,
                    1.0
                ]
            ]
        },
        {
            "file_path": "/data/shapenet_blender/all_50_random/02958343/6201a29763c2256a2bb5796f842ca661/r_40",
            "rotation": 0.12566370614359174,
            "transform_matrix": [
                [
                    -0.9363784193992615,
                    0.32002371549606323,
                    0.14415408670902252,
                    0.5811037421226501
                ],
                [
                    0.350992351770401,
                    0.8537602424621582,
                    0.3845747113227844,
                    1.5502703189849854
                ],
                [
                    0.0,
                    0.4107043147087097,
                    -0.9117684960365295,
                    -3.6754565238952637
                ],
                [
                    0.0,
                    0.0,
                    0.0,
                    1.0
                ]
            ]
        },
        {
            "file_path": "/data/shapenet_blender/all_50_random/02958343/6201a29763c2256a2bb5796f842ca661/r_41",
            "rotation": 0.12566370614359174,
            "transform_matrix": [
                [
                    0.40375542640686035,
                    0.7014442086219788,
                    0.5873308777809143,
                    2.3676064014434814
                ],
                [
                    0.9148669838905334,
                    -0.3095661997795105,
                    -0.2592049241065979,
                    -1.0448884963989258
                ],
