{
    "class": "02958343",
    "model": "448efa9c287dac40a1523482d6af89d8",
    "remove_doubles": true,
    "edge_split": true,
    "denoise": true,
    "camera_angle_x": 0.6911112070083618,
    "scale_factor": 2.3356245184933364,
    "hdri_file": "/data/IndoorHDRDataset2018/9C4A0548-b8fe6edac7.exr",
    "center_offset": [
        0.0,
        -1.862645149230957e-09,
        1.862645149230957e-09
    ],
    "lights": [],
    "frames": [
        {
            "file_path": "/data/shapenet_blender/all_50_random/02958343/448efa9c287dac40a1523482d6af89d8/r_0",
            "rotation": 0.12566370614359174,
            "transform_matrix": [
                [
                    0.772003710269928,
                    0.1954425424337387,
                    0.604824423789978,
                    2.4381253719329834
                ],
                [
                    0.6356181502342224,
                    -0.23737893998622894,
                    -0.7346024513244629,
                    -2.961277484893799
                ],
                [
                    1.4901161193847656e-08,
                    0.951553225517273,
                    -0.3074841797351837,
                    -1.2395085096359253
                ],
                [
                    0.0,
                    0.0,
                    0.0,
                    1.0
                ]
            ]
        },
        {
            "file_path": "/data/shapenet_blender/all_50_random/02958343/448efa9c287dac40a1523482d6af89d8/r_1",
            "rotation": 0.12566370614359174,
            "transform_matrix": [
                [
                    0.5926199555397034,
                    0.5514335632324219,
                    0.5871308445930481,
                    2.366799831390381
                ],
                [
                    0.8054822683334351,
                    -0.4057079255580902,
                    -0.43197157979011536,
                    -1.7413328886032104
                ],
                [
                    0.0,
                    0.7289183139801025,
                    -0.6846006512641907,
                    -2.7597131729125977
                ],
                [
                    0.0,
                    0.0,
                    0.0,
                    1.0
                ]
            ]
        },
        {
            "file_path": "/data/shapenet_blender/all_50_random/02958343/448efa9c287dac40a1523482d6af89d8/r_2",
            "rotation": 0.12566370614359174,
            "transform_matrix": [
                [
                    -0.32527995109558105,
                    -0.8179429769515991,
                    -0.47451236844062805,
                    -1.9128206968307495
                ],
                [
                    -0.94561767578125,
                    0.28136155009269714,
                    0.16322597861289978,
                    0.6579850316047668
                ],
                [
                    0.0,
                    0.5018014311790466,
                    -0.8649826645851135,
                    -3.4868569374084473
                ],
                [
                    0.0,
                    0.0,
                    0.0,
                    1.0
                ]
            ]
        },
        {
            "file_path": "/data/shapenet_blender/all_50_random/02958343/448efa9c287dac40a1523482d6af89d8/r_3",
            "rotation": 0.12566370614359174,
            "transform_matrix": [
                [
                    -0.7255938053131104,
                    0.10318423062562943,
                    -0.680342972278595,
                    -2.7425503730773926
                ],
                [
                    -0.6881231665611267,
                    -0.10880294442176819,
                    0.7173898816108704,
                    2.8918912410736084
                ],
                [
                    7.450580152834618e-09,
                    0.9886934757232666,
                    0.14995020627975464,
                    0.6044687032699585
                ],
                [
                    0.0,
                    0.0,
                    0.0,
                    1.0
                ]
            ]
        },
        {
            "file_path": "/data/shapenet_blender/all_50_random/02958343/448efa9c287dac40a1523482d6af89d8/r_4",
            "rotation": 0.12566370614359174,
            "transform_matrix": [
                [
                    0.5937738418579102,
                    0.2801649272441864,
                    -0.7542812824249268,
                    -3.040605068206787
                ],
                [
                    -0.8046320676803589,
                    0.2067461907863617,
                    -0.556617796421051,
                    -2.243798017501831
                ],
                [
                    0.0,
                    0.937423825263977,
                    0.34819018840789795,
                    1.403599500656128
                ],
                [
                    0.0,
                    0.0,
                    0.0,
                    1.0
                ]
            ]
        },
        {
            "file_path": "/data/shapenet_blender/all_50_random/02958343/448efa9c287dac40a1523482d6af89d8/r_5",
            "rotation": 0.12566370614359174,
            "transform_matrix": [
                [
                    0.8003019094467163,
                    0.029940171167254448,
                    -0.5988492965698242,
                    -2.414038896560669
                ],
                [
                    -0.5995973348617554,
                    0.039962105453014374,
                    -0.7993034720420837,
                    -3.222095489501953
                ],
                [
                    -1.862645149230957e-09,
                    0.9987525343894958,
                    0.04993379861116409,
                    0.2012895941734314
                ],
                [
                    0.0,
                    0.0,
                    0.0,
                    1.0
                ]
            ]
        },
        {
            "file_path": "/data/shapenet_blender/all_50_random/02958343/448efa9c287dac40a1523482d6af89d8/r_6",
            "rotation": 0.12566370614359174,
            "transform_matrix": [
                [
                    -0.2984950542449951,
                    0.5500366687774658,
                    0.7799744606018066,
                    3.1441776752471924
                ],
                [
                    0.9544110894203186,
                    0.17202571034431458,
                    0.24393947422504425,
                    0.983351469039917
                ],
                [
                    0.0,
                    0.8172310590744019,
                    -0.5763100981712341,
                    -2.3231801986694336
                ],
                [
                    0.0,
                    0.0,
                    0.0,
                    1.0
                ]
            ]
        },
        {
            "file_path": "/data/shapenet_blender/all_50_random/02958343/448efa9c287dac40a1523482d6af89d8/r_7",
            "rotation": 0.12566370614359174,
            "transform_matrix": [
                [
                    0.18019156157970428,
                    -0.9130985140800476,
                    0.36576223373413086,
                    1.474434733390808
                ],
                [
                    0.9836315512657166,
                    0.16727060079574585,
                    -0.06700402498245239,
                    -0.2701018750667572
                ],
                [
                    7.450580596923828e-09,
                    0.37184882164001465,
                    0.9282932877540588,
                    3.742069959640503
                ],
                [
                    0.0,
                    0.0,
                    0.0,
                    1.0
                ]
            ]
        },
        {
            "file_path": "/data/shapenet_blender/all_50_random/02958343/448efa9c287dac40a1523482d6af89d8/r_8",
            "rotation": 0.12566370614359174,
            "transform_matrix": [
                [
                    -0.5677226781845093,
                    -0.041219327598810196,
                    -0.8221873044967651,
                    -3.314342975616455
                ],
                [
                    -0.8232198357582092,
                    0.028426364064216614,
                    0.5670105814933777,
                    2.2856926918029785
                ],
                [
                    0.0,
                    0.9987456202507019,
                    -0.0500708632171154,
                    -0.20184209942817688
                ],
                [
                    0.0,
                    0.0,
                    0.0,
                    1.0
                ]
            ]
        },
        {
            "file_path": "/data/shapenet_blender/all_50_random/02958343/448efa9c287dac40a1523482d6af89d8/r_9",
            "rotation": 0.12566370614359174,
            "transform_matrix": [
                [
                    -0.3598933517932892,
                    0.8996257781982422,
                    0.2472856342792511,
                    0.9968403577804565
                ],
                [
                    0.932993471622467,
                    0.34702208638191223,
                    0.09538808465003967,
                    0.3845216929912567
                ],
                [
                    0.0,
                    0.2650454044342041,
                    -0.9642358422279358,
                    -3.8869593143463135
                ],
                [
                    0.0,
                    0.0,
                    0.0,
                    1.0
                ]
            ]
        },
        {
            "file_path": "/data/shapenet_blender/all_50_random/02958343/448efa9c287dac40a1523482d6af89d8/r_10",
            "rotation": 0.12566370614359174,
            "transform_matrix": [
                [
                    -0.9354418516159058,
                    -0.3403763771057129,
                    0.09535503387451172,
                    0.38438844680786133
                ],
                [
                    0.3534807860851288,
                    -0.9007626175880432,
                    0.25234493613243103,
                    1.0172349214553833
                ],
                [
                    0.0,
                    0.2697601020336151,
                    0.962927520275116,
                    3.8816850185394287
                ],
                [
                    0.0,
                    0.0,
                    0.0,
                    1.0
                ]
            ]
        },
        {
            "file_path": "/data/shapenet_blender/all_50_random/02958343/448efa9c287dac40a1523482d6af89d8/r_11",
            "rotation": 0.12566370614359174,
            "transform_matrix": [
                [
                    -0.9169039130210876,
                    -0.1714470386505127,
                    -0.36040687561035156,
                    -1.4528465270996094
                ],
                [
                    -0.399107962846756,
                    0.3938795328140259,
                    0.8279926180839539,
                    3.337744951248169
                ],
                [
                    1.4901160305669237e-08,
                    0.9030309319496155,
                    -0.42957553267478943,
                    -1.731674313545227
                ],
                [
                    0.0,
                    0.0,
                    0.0,
                    1.0
                ]
            ]
        },
        {
            "file_path": "/data/shapenet_blender/all_50_random/02958343/448efa9c287dac40a1523482d6af89d8/r_12",
            "rotation": 0.12566370614359174,
            "transform_matrix": [
                [
                    -0.5261667370796204,
                    -0.46419233083724976,
                    0.7125124335289001,
                    2.87222957611084
                ],
                [
                    0.8503813147544861,
                    -0.28721535205841064,
                    0.44086143374443054,
                    1.7771692276000977
                ],
                [
                    1.4901160305669237e-08,
                    0.8378739356994629,
                    0.5458637475967407,
                    2.2004470825195312
                ],
                [
                    0.0,
                    0.0,
                    0.0,
                    1.0
                ]
            ]
        },
        {
            "file_path": "/data/shapenet_blender/all_50_random/02958343/448efa9c287dac40a1523482d6af89d8/r_13",
            "rotation": 0.12566370614359174,
            "transform_matrix": [
                [
                    -0.3935135304927826,
                    -0.22072964906692505,
                    0.8924267292022705,
                    3.597487211227417
                ],
                [
                    0.9193188548088074,
                    -0.09448309987783432,
                    0.3820023536682129,
                    1.539900779724121
                ],
                [
                    -7.450581485102248e-09,
                    0.9707477688789368,
                    0.24010129272937775,
                    0.9678792953491211
                ],
                [
                    0.0,
                    0.0,
                    0.0,
                    1.0
                ]
            ]
        },
        {
            "file_path": "/data/shapenet_blender/all_50_random/02958343/448efa9c287dac40a1523482d6af89d8/r_14",
            "rotation": 0.12566370614359174,
            "transform_matrix": [
                [
                    0.7959045171737671,
                    -0.10430589318275452,
                    0.5963693261146545,
                    2.4040417671203613
                ],
                [
                    0.6054222583770752,
                    0.13712333142757416,
                    -0.7840031981468201,
                    -3.1604180335998535
                ],
                [
                    7.450581485102248e-09,
                    0.985046923160553,
                    0.17228618264198303,
                    0.6945078372955322
                ],
                [
                    0.0,
                    0.0,
                    0.0,
                    1.0
                ]
            ]
        },
        {
            "file_path": "/data/shapenet_blender/all_50_random/02958343/448efa9c287dac40a1523482d6af89d8/r_15",
            "rotation": 0.12566370614359174,
            "transform_matrix": [
                [
                    0.6823978424072266,
                    -0.7195329666137695,
                    0.12886154651641846,
                    0.5194574594497681
                ],
                [
                    0.7309808731079102,
                    0.6717108488082886,
                    -0.12029706686735153,
                    -0.48493292927742004
                ],
                [
                    7.4505792646561986e-09,
                    0.17628607153892517,
                    0.9843391180038452,
                    3.9679973125457764
                ],
                [
                    0.0,
                    0.0,
                    0.0,
                    1.0
                ]
            ]
        },
        {
            "file_path": "/data/shapenet_blender/all_50_random/02958343/448efa9c287dac40a1523482d6af89d8/r_16",
            "rotation": 0.12566370614359174,
            "transform_matrix": [
                [
                    0.17626944184303284,
                    0.01719139888882637,
                    -0.9841918349266052,
                    -3.9674041271209717
                ],
                [
                    -0.9843419790267944,
                    0.003078521927818656,
                    -0.17624256014823914,
                    -0.7104564905166626
                ],
                [
                    0.0,
                    0.9998473525047302,
                    0.01746486872434616,
                    0.07040313631296158
                ],
                [
                    0.0,
                    0.0,
                    0.0,
                    1.0
                ]
            ]
        },
        {
            "file_path": "/data/shapenet_blender/all_50_random/02958343/448efa9c287dac40a1523482d6af89d8/r_17",
            "rotation": 0.12566370614359174,
            "transform_matrix": [
                [
                    0.8628706932067871,
                    0.002012167125940323,
                    0.5054206848144531,
                    2.0374159812927246
                ],
                [
                    0.5054246783256531,
                    -0.0034352100919932127,
                    -0.8628638982772827,
                    -3.4783153533935547
                ],
                [
                    0.0,
                    0.9999921321868896,
                    -0.0039811404421925545,
                    -0.01604849100112915
                ],
                [
                    0.0,
                    0.0,
                    0.0,
                    1.0
                ]
            ]
        },
        {
            "file_path": "/data/shapenet_blender/all_50_random/02958343/448efa9c287dac40a1523482d6af89d8/r_18",
            "rotation": 0.12566370614359174,
            "transform_matrix": [
                [
                    -0.5301650762557983,
                    -0.5533457398414612,
                    0.6424431800842285,
                    2.5897715091705322
                ],
                [
                    0.8478943705558777,
                    -0.34599193930625916,
                    0.4017021358013153,
                    1.6193132400512695
                ],
                [
                    0.0,
                    0.7576925158500671,
                    0.6526116132736206,
                    2.6307618618011475
                ],
                [
                    0.0,
                    0.0,
                    0.0,
                    1.0
                ]
            ]
        },
        {
            "file_path": "/data/shapenet_blender/all_50_random/02958343/448efa9c287dac40a1523482d6af89d8/r_19",
            "rotation": 0.12566370614359174,
            "transform_matrix": [
                [
                    -0.9974532127380371,
                    0.03507915884256363,
                    0.06210225820541382,
                    0.2503422200679779
                ],
                [
                    0.07132487744092941,
                    0.4905696213245392,
                    0.8684780597686768,
                    3.5009472370147705
                ],
                [
                    -1.862645149230957e-09,
                    0.8706957101821899,
                    -0.49182215332984924,
                    -1.9825986623764038
                ],
                [
                    0.0,
                    0.0,
                    0.0,
                    1.0
                ]
            ]
        },
        {
            "file_path": "/data/shapenet_blender/all_50_random/02958343/448efa9c287dac40a1523482d6af89d8/r_20",
            "rotation": 0.12566370614359174,
            "transform_matrix": [
                [
                    -0.8101909756660461,
                    0.03018404357135296,
                    -0.5853883028030396,
                    -2.3597757816314697
                ],
                [
                    -0.5861659646034241,
                    -0.04171999171376228,
                    0.8091161251068115,
                    3.2616512775421143
                ],
                [
                    0.0,
                    0.9986733198165894,
                    0.05149402469396591,
                    0.20757904648780823
                ],
                [
                    0.0,
                    0.0,
                    0.0,
                    1.0
                ]
            ]
        },
        {
            "file_path": "/data/shapenet_blender/all_50_random/02958343/448efa9c287dac40a1523482d6af89d8/r_21",
            "rotation": 0.12566370614359174,
            "transform_matrix": [
                [
                    0.9805352091789246,
                    -0.04826579988002777,
                    0.19031855463981628,
                    0.7671986818313599
                ],
                [
                    0.19634343683719635,
                    0.24103844165802002,
                    -0.9504470825195312,
                    -3.8313748836517334
                ],
                [
                    0.0,
                    0.9693146347999573,
                    0.24582333862781525,
                    0.9909456372261047
                ],
                [
                    0.0,
                    0.0,
                    0.0,
                    1.0
                ]
            ]
        },
        {
            "file_path": "/data/shapenet_blender/all_50_random/02958343/448efa9c287dac40a1523482d6af89d8/r_22",
            "rotation": 0.12566370614359174,
            "transform_matrix": [
                [
                    0.6482868194580078,
                    0.19988732039928436,
                    -0.7346898913383484,
                    -2.961629629135132
                ],
                [
                    -0.7613962292671204,
                    0.17019301652908325,
                    -0.6255478858947754,
                    -2.5216641426086426
                ],
                [
                    0.0,
                    0.9649245142936707,
                    0.26252734661102295,
                    1.0582815408706665
                ],
                [
                    0.0,
                    0.0,
                    0.0,
                    1.0
                ]
            ]
        },
        {
            "file_path": "/data/shapenet_blender/all_50_random/02958343/448efa9c287dac40a1523482d6af89d8/r_23",
            "rotation": 0.12566370614359174,
            "transform_matrix": [
                [
                    0.6288989782333374,
                    -0.4026908576488495,
                    0.6650760769844055,
                    2.6810073852539062
                ],
                [
                    0.7774870991706848,
                    0.3257312774658203,
                    -0.5379711985588074,
                    -2.1686313152313232
                ],
                [
                    0.0,
                    0.8554174304008484,
                    0.5179389715194702,
                    2.087878704071045
                ],
                [
                    0.0,
                    0.0,
                    0.0,
                    1.0
                ]
            ]
        },
        {
            "file_path": "/data/shapenet_blender/all_50_random/02958343/448efa9c287dac40a1523482d6af89d8/r_24",
            "rotation": 0.12566370614359174,
            "transform_matrix": [
                [
                    0.8159774541854858,
                    -0.19646647572517395,
                    0.5436742901802063,
                    2.1916210651397705
                ],
                [
                    0.5780836939811707,
                    0.2773166000843048,
                    -0.7674077749252319,
                    -3.093519687652588
                ],
                [
                    0.0,
                    0.9404767751693726,
                    0.33985814452171326,
                    1.3700120449066162
                ],
                [
                    0.0,
                    0.0,
                    0.0,
                    1.0
                ]
            ]
        },
        {
            "file_path": "/data/shapenet_blender/all_50_random/02958343/448efa9c287dac40a1523482d6af89d8/r_25",
            "rotation": 0.12566370614359174,
            "transform_matrix": [
                [
                    -0.12200121581554413,
                    -0.3935450613498688,
                    -0.9111738801002502,
                    -3.6730597019195557
                ],
                [
                    -0.9925299882888794,
                    0.04837433248758316,
                    0.112000972032547,
                    0.4514904022216797
                ],
                [
                    -3.725290742551124e-09,
                    0.918031632900238,
                    -0.3965069651603699,
                    -1.5983707904815674
                ],
                [
                    0.0,
                    0.0,
                    0.0,
                    1.0
                ]
            ]
        },
        {
            "file_path": "/data/shapenet_blender/all_50_random/02958343/448efa9c287dac40a1523482d6af89d8/r_26",
            "rotation": 0.12566370614359174,
            "transform_matrix": [
                [
                    -0.9850717782974243,
                    -0.10002798587083817,
                    0.1401001214981079,
                    0.5647616386413574
                ],
                [
                    0.17214424908161163,
                    -0.5723963975906372,
                    0.8017036318778992,
                    3.2317707538604736
                ],
                [
                    7.450580596923828e-09,
                    0.8138530850410461,
                    0.5810707211494446,
                    2.3423709869384766
                ],
                [
                    0.0,
                    0.0,
                    0.0,
                    1.0
                ]
            ]
        },
        {
            "file_path": "/data/shapenet_blender/all_50_random/02958343/448efa9c287dac40a1523482d6af89d8/r_27",
            "rotation": 0.12566370614359174,
            "transform_matrix": [
                [
                    0.9982397556304932,
                    0.028366824612021446,
                    0.052084289491176605,
                    0.2099584937095642
                ],
                [
                    0.05930810049176216,
                    -0.4774540662765503,
                    -0.8766527771949768,
                    -3.533900499343872
                ],
                [
                    0.0,
                    0.8781987428665161,
                    -0.4782959222793579,
                    -1.9280725717544556
                ],
                [
                    0.0,
                    0.0,
                    0.0,
                    1.0
                ]
            ]
        },
        {
            "file_path": "/data/shapenet_blender/all_50_random/02958343/448efa9c287dac40a1523482d6af89d8/r_28",
            "rotation": 0.12566370614359174,
            "transform_matrix": [
                [
                    0.9357333183288574,
                    -0.12842689454555511,
                    -0.3284962773323059,
                    -1.3242110013961792
                ],
                [
                    -0.3527085483074188,
                    -0.3407156467437744,
                    -0.8714983463287354,
                    -3.51312255859375
                ],
                [
                    7.450581485102248e-09,
                    0.9313535094261169,
                    -0.36411619186401367,
                    -1.467799425125122
                ],
                [
                    0.0,
                    0.0,
                    0.0,
                    1.0
                ]
            ]
        },
        {
            "file_path": "/data/shapenet_blender/all_50_random/02958343/448efa9c287dac40a1523482d6af89d8/r_29",
            "rotation": 0.12566370614359174,
            "transform_matrix": [
                [
                    0.9943702816963196,
                    -0.06893722712993622,
                    -0.080470010638237,
                    -0.32438501715660095
                ],
                [
                    -0.1059611588716507,
                    -0.646926999092102,
                    -0.7551539540290833,
                    -3.0441231727600098
                ],
                [
                    0.0,
                    0.7594292759895325,
                    -0.650589644908905,
                    -2.6226110458374023
                ],
                [
                    0.0,
                    0.0,
                    0.0,
                    1.0
                ]
            ]
        },
        {
            "file_path": "/data/shapenet_blender/all_50_random/02958343/448efa9c287dac40a1523482d6af89d8/r_30",
            "rotation": 0.12566370614359174,
            "transform_matrix": [
                [
                    0.6378577947616577,
                    0.36002710461616516,
                    0.6808215379714966,
                    2.7444794178009033
                ],
                [
                    0.7701542377471924,
                    -0.29818195104599,
                    -0.5638706088066101,
                    -2.2730350494384766
                ],
                [
                    0.0,
                    0.8840068578720093,
                    -0.46747398376464844,
                    -1.8844479322433472
                ],
                [
                    0.0,
                    0.0,
                    0.0,
                    1.0
                ]
            ]
        },
        {
            "file_path": "/data/shapenet_blender/all_50_random/02958343/448efa9c287dac40a1523482d6af89d8/r_31",
            "rotation": 0.12566370614359174,
            "transform_matrix": [
                [
                    0.2928151488304138,
                    0.06841505318880081,
                    -0.9537182450294495,
                    -3.8445615768432617
                ],
                [
                    -0.9561691284179688,
                    0.020951276645064354,
                    -0.2920645773410797,
                    -1.1773500442504883
                ],
                [
                    0.0,
                    0.9974368214607239,
                    0.07155120372772217,
                    0.28843215107917786
                ],
                [
                    0.0,
                    0.0,
                    0.0,
                    1.0
                ]
            ]
        },
        {
            "file_path": "/data/shapenet_blender/all_50_random/02958343/448efa9c287dac40a1523482d6af89d8/r_32",
            "rotation": 0.12566370614359174,
            "transform_matrix": [
                [
                    -0.17999613285064697,
                    -0.08163785189390182,
                    0.9802736639976501,
                    3.9516098499298096
                ],
                [
                    0.9836673736572266,
                    -0.014938484877347946,
                    0.17937514185905457,
                    0.7230843901634216
                ],
                [
                    1.862645371275562e-09,
                    0.9965500831604004,
                    0.08299335092306137,
                    0.3345569372177124
                ],
                [
                    0.0,
                    0.0,
                    0.0,
                    1.0
                ]
            ]
        },
        {
            "file_path": "/data/shapenet_blender/all_50_random/02958343/448efa9c287dac40a1523482d6af89d8/r_33",
            "rotation": 0.12566370614359174,
            "transform_matrix": [
                [
                    -0.6898590922355652,
                    -0.3271316587924957,
                    -0.6458167433738708,
                    -2.6033706665039062
                ],
                [
                    -0.7239436507225037,
                    0.31172969937324524,
                    0.6154105067253113,
                    2.4807991981506348
                ],
                [
                    0.0,
                    0.8920814394950867,
                    -0.4518745243549347,
                    -1.8215644359588623
                ],
                [
                    0.0,
                    0.0,
                    0.0,
                    1.0
                ]
            ]
        },
        {
            "file_path": "/data/shapenet_blender/all_50_random/02958343/448efa9c287dac40a1523482d6af89d8/r_34",
            "rotation": 0.12566370614359174,
            "transform_matrix": [
                [
                    0.06292851269245148,
                    0.8264041543006897,
                    0.5595499277114868,
                    2.25561785697937
                ],
                [
                    0.9980179667472839,
                    -0.052107665687799454,
                    -0.035281576216220856,
                    -0.14222458004951477
                ],
                [
                    0.0,
                    0.5606611967086792,
                    -0.8280453085899353,
                    -3.3379573822021484
                ],
                [
                    0.0,
                    0.0,
                    0.0,
                    1.0
                ]
            ]
        },
        {
            "file_path": "/data/shapenet_blender/all_50_random/02958343/448efa9c287dac40a1523482d6af89d8/r_35",
            "rotation": 0.12566370614359174,
            "transform_matrix": [
                [
                    0.24523085355758667,
                    0.6248215436935425,
                    0.741255521774292,
                    2.9880967140197754
                ],
                [
                    0.9694647789001465,
                    -0.15805165469646454,
                    -0.18750420212745667,
                    -0.7558536529541016
                ],
                [
                    -7.450581485102248e-09,
                    0.7646029591560364,
                    -0.6445015072822571,
                    -2.598068952560425
                ],
                [
                    0.0,
                    0.0,
                    0.0,
                    1.0
                ]
            ]
        },
        {
            "file_path": "/data/shapenet_blender/all_50_random/02958343/448efa9c287dac40a1523482d6af89d8/r_36",
            "rotation": 0.12566370614359174,
            "transform_matrix": [
                [
                    -0.9968656301498413,
                    0.05638403072953224,
                    -0.0554962158203125,
                    -0.22371241450309753
                ],
                [
                    -0.07911378145217896,
                    -0.7104616165161133,
                    0.6992747187614441,
                    2.818866729736328
                ],
                [
                    0.0,
                    0.7014735341072083,
                    0.7126954197883606,
                    2.872967481613159
                ],
                [
                    0.0,
                    0.0,
                    0.0,
                    1.0
                ]
            ]
        },
        {
            "file_path": "/data/shapenet_blender/all_50_random/02958343/448efa9c287dac40a1523482d6af89d8/r_37",
            "rotation": 0.12566370614359174,
            "transform_matrix": [
                [
                    -0.4091951251029968,
                    -0.25969767570495605,
                    -0.8747093677520752,
                    -3.526066303253174
                ],
                [
                    -0.9124470353126526,
                    0.11646375805139542,
                    0.3922713100910187,
                    1.5812962055206299
                ],
                [
                    -7.450581485102248e-09,
                    0.9586414098739624,
                    -0.28461670875549316,
                    -1.1473267078399658
                ],
                [
                    0.0,
                    0.0,
                    0.0,
                    1.0
                ]
            ]
        },
        {
            "file_path": "/data/shapenet_blender/all_50_random/02958343/448efa9c287dac40a1523482d6af89d8/r_38",
            "rotation": 0.12566370614359174,
            "transform_matrix": [
                [
                    0.5473729372024536,
                    -0.025784099474549294,
                    -0.8364914655685425,
                    -3.3720052242279053
                ],
                [
                    -0.8368887901306152,
                    -0.016864269971847534,
                    -0.5471130609512329,
                    -2.2054834365844727
                ],
                [
                    0.0,
                    0.9995251893997192,
                    -0.030809473246335983,
                    -0.12419696897268295
                ],
                [
                    0.0,
                    0.0,
                    0.0,
                    1.0
                ]
            ]
        },
        {
            "file_path": "/data/shapenet_blender/all_50_random/02958343/448efa9c287dac40a1523482d6af89d8/r_39",
            "rotation": 0.12566370614359174,
            "transform_matrix": [
                [
                    -0.9623666405677795,
                    -0.05958714708685875,
                    -0.2651413679122925,
                    -1.0688190460205078
                ],
                [
                    -0.271754652261734,
                    0.21101640164852142,
                    0.9389470219612122,
                    3.7850165367126465
                ],
                [
                    3.725290298461914e-09,
                    0.9756646752357483,
                    -0.21926820278167725,
                    -0.8838983774185181
                ],
                [
                    0.0,
                    0.0,
                    0.0,
                    1.0
                ]
            ]
        },
        {
            "file_path": "/data/shapenet_blender/all_50_random/02958343/448efa9c287dac40a1523482d6af89d8/r_40",
            "rotation": 0.12566370614359174,
            "transform_matrix": [
                [
                    0.9363850951194763,
                    -0.2161283642053604,
                    0.2765348553657532,
                    1.1147477626800537
                ],
                [
                    0.3509743809700012,
                    0.5766214728355408,
                    -0.7377835512161255,
                    -2.9741008281707764
                ],
                [
                    1.4901161193847656e-08,
                    0.7879062294960022,
                    0.6157951951026917,
                    2.4823501110076904
                ],
                [
                    0.0,
                    0.0,
                    0.0,
                    1.0
                ]
            ]
        },
        {
            "file_path": "/data/shapenet_blender/all_50_random/02958343/448efa9c287dac40a1523482d6af89d8/r_41",
            "rotation": 0.12566370614359174,
            "transform_matrix": [
                [
                    0.23428206145763397,
                    0.15899215638637543,
                    0.9590794444084167,
                    3.8661727905273438
                ],
                [
                    0.9721686840057373,
                    -0.03831537812948227,
                    -0.23112769424915314,
                    -0.9317055344581604
                ],
                [
