{
    "class": "02958343",
    "model": "5768ae99da7499feadca4990256df2c6",
    "remove_doubles": true,
    "edge_split": true,
    "denoise": true,
    "camera_angle_x": 0.6911112070083618,
    "scale_factor": 2.30908470062869,
    "hdri_file": "/data/IndoorHDRDataset2018/9C4A0489-8d22949d1e.exr",
    "center_offset": [
        0.0,
        0.0,
        3.725290298461914e-09
    ],
    "lights": [],
    "frames": [
        {
            "file_path": "/data/shapenet_blender/all_50_random/02958343/5768ae99da7499feadca4990256df2c6/r_0",
            "rotation": 0.12566370614359174,
            "transform_matrix": [
                [
                    0.5795877575874329,
                    0.2972373068332672,
                    0.7587674856185913,
                    3.058689594268799
                ],
                [
                    0.8149099349975586,
                    -0.21140384674072266,
                    -0.5396575927734375,
                    -2.175429344177246
                ],
                [
                    0.0,
                    0.9311060309410095,
                    -0.36474868655204773,
                    -1.4703489542007446
                ],
                [
                    0.0,
                    0.0,
                    0.0,
                    1.0
                ]
            ]
        },
        {
            "file_path": "/data/shapenet_blender/all_50_random/02958343/5768ae99da7499feadca4990256df2c6/r_1",
            "rotation": 0.12566370614359174,
            "transform_matrix": [
                [
                    0.9935153722763062,
                    -0.0437508299946785,
                    -0.10494391620159149,
                    -0.4230424463748932
                ],
                [
                    -0.1136985495686531,
                    -0.3823014199733734,
                    -0.9170159697532654,
                    -3.6966094970703125
                ],
                [
                    3.725290298461914e-09,
                    0.9230012893676758,
                    -0.38479673862457275,
                    -1.551165223121643
                ],
                [
                    0.0,
                    0.0,
                    0.0,
                    1.0
                ]
            ]
        },
        {
            "file_path": "/data/shapenet_blender/all_50_random/02958343/5768ae99da7499feadca4990256df2c6/r_2",
            "rotation": 0.12566370614359174,
            "transform_matrix": [
                [
                    -0.9566899538040161,
                    0.015513453632593155,
                    0.2906953990459442,
                    1.1718307733535767
                ],
                [
                    0.2911091148853302,
                    0.050982825458049774,
                    0.9553303718566895,
                    3.851060152053833
                ],
                [
                    0.0,
                    0.9985789656639099,
                    -0.05329085886478424,
                    -0.21482233703136444
                ],
                [
                    0.0,
                    0.0,
                    0.0,
                    1.0
                ]
            ]
        },
        {
            "file_path": "/data/shapenet_blender/all_50_random/02958343/5768ae99da7499feadca4990256df2c6/r_3",
            "rotation": 0.12566370614359174,
            "transform_matrix": [
                [
                    -0.6231207847595215,
                    -0.17024242877960205,
                    0.7633726596832275,
                    3.077253818511963
                ],
                [
                    0.7821255922317505,
                    -0.1356324404478073,
                    0.6081803441047668,
                    2.4516537189483643
                ],
                [
                    -7.450581485102248e-09,
                    0.9760231375694275,
                    0.2176663726568222,
                    0.8774412870407104
                ],
                [
                    0.0,
                    0.0,
                    0.0,
                    1.0
                ]
            ]
        },
        {
            "file_path": "/data/shapenet_blender/all_50_random/02958343/5768ae99da7499feadca4990256df2c6/r_4",
            "rotation": 0.12566370614359174,
            "transform_matrix": [
                [
                    0.7880891561508179,
                    0.2076006382703781,
                    0.5794975757598877,
                    2.3360297679901123
                ],
                [
                    0.6155611872673035,
                    -0.26578643918037415,
                    -0.7419177293777466,
                    -2.9907662868499756
                ],
                [
                    1.4901162970204496e-08,
                    0.9414135813713074,
                    -0.33725422620773315,
                    -1.3595154285430908
                ],
                [
                    0.0,
                    0.0,
                    0.0,
                    1.0
                ]
            ]
        },
        {
            "file_path": "/data/shapenet_blender/all_50_random/02958343/5768ae99da7499feadca4990256df2c6/r_5",
            "rotation": 0.12566370614359174,
            "transform_matrix": [
                [
                    0.6938029527664185,
                    -0.0032927002757787704,
                    -0.7201572060585022,
                    -2.9030468463897705
                ],
                [
                    -0.7201647758483887,
                    -0.0031721703708171844,
                    -0.6937956809997559,
                    -2.7967801094055176
                ],
                [
                    -2.3283062977608182e-10,
                    0.9999895691871643,
                    -0.004572147503495216,
                    -0.0184309184551239
                ],
                [
                    0.0,
                    0.0,
                    0.0,
                    1.0
                ]
            ]
        },
        {
            "file_path": "/data/shapenet_blender/all_50_random/02958343/5768ae99da7499feadca4990256df2c6/r_6",
            "rotation": 0.12566370614359174,
            "transform_matrix": [
                [
                    0.8753477931022644,
                    -0.12395013123750687,
                    -0.46733567118644714,
                    -1.8838903903961182
                ],
                [
                    -0.483493834733963,
                    -0.2244071364402771,
                    -0.846094012260437,
                    -3.4107141494750977
                ],
                [
                    7.450581485102248e-09,
                    0.966580331325531,
                    -0.2563634216785431,
                    -1.0334340333938599
                ],
                [
                    0.0,
                    0.0,
                    0.0,
                    1.0
                ]
            ]
        },
        {
            "file_path": "/data/shapenet_blender/all_50_random/02958343/5768ae99da7499feadca4990256df2c6/r_7",
            "rotation": 0.12566370614359174,
            "transform_matrix": [
                [
                    -0.8302808403968811,
                    0.11869549006223679,
                    0.5445594787597656,
                    2.1951894760131836
                ],
                [
                    0.5573450922966003,
                    0.17682147026062012,
                    0.8112339377403259,
                    3.270188570022583
                ],
                [
                    0.0,
                    0.977059543132782,
                    -0.21296584606170654,
                    -0.8584927916526794
                ],
                [
                    0.0,
                    0.0,
                    0.0,
                    1.0
                ]
            ]
        },
        {
            "file_path": "/data/shapenet_blender/all_50_random/02958343/5768ae99da7499feadca4990256df2c6/r_8",
            "rotation": 0.12566370614359174,
            "transform_matrix": [
                [
                    0.07355546951293945,
                    -0.2753719985485077,
                    -0.9585196375846863,
                    -3.8639159202575684
                ],
                [
                    -0.9972911477088928,
                    -0.020310133695602417,
                    -0.07069586217403412,
                    -0.28498414158821106
                ],
                [
                    0.0,
                    0.9611231088638306,
                    -0.27612000703811646,
                    -1.1130753755569458
                ],
                [
                    0.0,
                    0.0,
                    0.0,
                    1.0
                ]
            ]
        },
        {
            "file_path": "/data/shapenet_blender/all_50_random/02958343/5768ae99da7499feadca4990256df2c6/r_9",
            "rotation": 0.12566370614359174,
            "transform_matrix": [
                [
                    -0.4688367545604706,
                    0.5112764239311218,
                    -0.7202697992324829,
                    -2.9035000801086426
                ],
                [
                    -0.8832848072052002,
                    -0.2713792622089386,
                    0.3823103606700897,
                    1.541142225265503
                ],
                [
                    0.0,
                    0.8154444694519043,
                    0.5788353085517883,
                    2.333359479904175
                ],
                [
                    0.0,
                    0.0,
                    0.0,
                    1.0
                ]
            ]
        },
        {
            "file_path": "/data/shapenet_blender/all_50_random/02958343/5768ae99da7499feadca4990256df2c6/r_10",
            "rotation": 0.12566370614359174,
            "transform_matrix": [
                [
                    0.9267881512641907,
                    -0.038089510053396225,
                    0.37364789843559265,
                    1.5062228441238403
                ],
                [
                    0.375584214925766,
                    0.093989297747612,
                    -0.9220100045204163,
                    -3.7167410850524902
                ],
                [
                    3.7252896323280993e-09,
                    0.9948441982269287,
                    0.1014140173792839,
                    0.4088129699230194
                ],
                [
                    0.0,
                    0.0,
                    0.0,
                    1.0
                ]
            ]
        },
        {
            "file_path": "/data/shapenet_blender/all_50_random/02958343/5768ae99da7499feadca4990256df2c6/r_11",
            "rotation": 0.12566370614359174,
            "transform_matrix": [
                [
                    -0.9999999403953552,
                    -8.217660251830239e-06,
                    1.6575208064750768e-05,
                    6.681680679321289e-05
                ],
                [
                    1.850047192419879e-05,
                    -0.4441864788532257,
                    0.8959342837333679,
                    3.6116268634796143
                ],
                [
                    0.0,
                    0.8959344029426575,
                    0.4441864490509033,
                    1.790573000907898
                ],
                [
                    0.0,
                    0.0,
                    0.0,
                    1.0
                ]
            ]
        },
        {
            "file_path": "/data/shapenet_blender/all_50_random/02958343/5768ae99da7499feadca4990256df2c6/r_12",
            "rotation": 0.12566370614359174,
            "transform_matrix": [
                [
                    0.6883422136306763,
                    0.08601799607276917,
                    0.7202679514884949,
                    2.9034931659698486
                ],
                [
                    0.7253862023353577,
                    -0.08162523061037064,
                    -0.6834853291511536,
                    -2.7552177906036377
                ],
                [
                    0.0,
                    0.9929443001747131,
                    -0.1185823529958725,
                    -0.4780207872390747
                ],
                [
                    0.0,
                    0.0,
                    0.0,
                    1.0
                ]
            ]
        },
        {
            "file_path": "/data/shapenet_blender/all_50_random/02958343/5768ae99da7499feadca4990256df2c6/r_13",
            "rotation": 0.12566370614359174,
            "transform_matrix": [
                [
                    -0.5560798048973083,
                    0.3359276354312897,
                    0.7602156400680542,
                    3.0645272731781006
                ],
                [
                    0.8311289548873901,
                    0.22475765645503998,
                    0.5086342096328735,
                    2.05036997795105
                ],
                [
                    0.0,
                    0.9146783351898193,
                    -0.4041823744773865,
                    -1.6293113231658936
                ],
                [
                    0.0,
                    0.0,
                    0.0,
                    1.0
                ]
            ]
        },
        {
            "file_path": "/data/shapenet_blender/all_50_random/02958343/5768ae99da7499feadca4990256df2c6/r_14",
            "rotation": 0.12566370614359174,
            "transform_matrix": [
                [
                    0.7737671732902527,
                    -0.36597806215286255,
                    -0.5170535445213318,
                    -2.0843098163604736
                ],
                [
                    -0.6334701180458069,
                    -0.4470326602458954,
                    -0.6315674185752869,
                    -2.5459299087524414
                ],
                [
                    -1.4901161193847656e-08,
                    0.8162240982055664,
                    -0.5777352452278137,
                    -2.328925609588623
                ],
                [
                    0.0,
                    0.0,
                    0.0,
                    1.0
                ]
            ]
        },
        {
            "file_path": "/data/shapenet_blender/all_50_random/02958343/5768ae99da7499feadca4990256df2c6/r_15",
            "rotation": 0.12566370614359174,
            "transform_matrix": [
                [
                    0.9965380430221558,
                    -0.04787696897983551,
                    0.06796912848949432,
                    0.2739923596382141
                ],
                [
                    0.08313848078250885,
                    0.5738764405250549,
                    -0.814710795879364,
                    -3.2842044830322266
                ],
                [
                    0.0,
                    0.8175411224365234,
                    0.5758700370788574,
                    2.321406602859497
                ],
                [
                    0.0,
                    0.0,
                    0.0,
                    1.0
                ]
            ]
        },
        {
            "file_path": "/data/shapenet_blender/all_50_random/02958343/5768ae99da7499feadca4990256df2c6/r_16",
            "rotation": 0.12566370614359174,
            "transform_matrix": [
                [
                    0.39003869891166687,
                    0.05497213453054428,
                    0.9191559553146362,
                    3.7052366733551025
                ],
                [
                    0.9207985401153564,
                    -0.023285504430532455,
                    -0.38934290409088135,
                    -1.5694917440414429
                ],
                [
                    -1.862645149230957e-09,
                    0.9982163906097412,
                    -0.05970049276947975,
                    -0.2406604140996933
                ],
                [
                    0.0,
                    0.0,
                    0.0,
                    1.0
                ]
            ]
        },
        {
            "file_path": "/data/shapenet_blender/all_50_random/02958343/5768ae99da7499feadca4990256df2c6/r_17",
            "rotation": 0.12566370614359174,
            "transform_matrix": [
                [
                    0.4349682033061981,
                    0.10964547842741013,
                    -0.8937452435493469,
                    -3.602802276611328
                ],
                [
                    -0.900445818901062,
                    0.052965205162763596,
                    -0.4317314326763153,
                    -1.7403650283813477
                ],
                [
                    3.725290298461914e-09,
                    0.9925585985183716,
                    0.12176799029111862,
                    0.4908624589443207
                ],
                [
                    0.0,
                    0.0,
                    0.0,
                    1.0
                ]
            ]
        },
        {
            "file_path": "/data/shapenet_blender/all_50_random/02958343/5768ae99da7499feadca4990256df2c6/r_18",
            "rotation": 0.12566370614359174,
            "transform_matrix": [
                [
                    0.2108767330646515,
                    -0.24443423748016357,
                    -0.9464580416679382,
                    -3.8152945041656494
                ],
                [
                    -0.9775127172470093,
                    -0.05273127555847168,
                    -0.2041773796081543,
                    -0.8230653405189514
                ],
                [
                    0.0,
                    0.9682310223579407,
                    -0.2500573396682739,
                    -1.008013367652893
                ],
                [
                    0.0,
                    0.0,
                    0.0,
                    1.0
                ]
            ]
        },
        {
            "file_path": "/data/shapenet_blender/all_50_random/02958343/5768ae99da7499feadca4990256df2c6/r_19",
            "rotation": 0.12566370614359174,
            "transform_matrix": [
                [
                    0.9464204907417297,
                    0.012814921326935291,
                    -0.3226824998855591,
                    -1.3007749319076538
                ],
                [
                    -0.32293686270713806,
                    0.03755626827478409,
                    -0.9456750154495239,
                    -3.812138080596924
                ],
                [
                    9.313225191043273e-10,
                    0.9992123246192932,
                    0.039682433009147644,
                    0.15996502339839935
                ],
                [
                    0.0,
                    0.0,
                    0.0,
                    1.0
                ]
            ]
        },
        {
            "file_path": "/data/shapenet_blender/all_50_random/02958343/5768ae99da7499feadca4990256df2c6/r_20",
            "rotation": 0.12566370614359174,
            "transform_matrix": [
                [
                    -0.9995734691619873,
                    -0.01076122373342514,
                    -0.027152128517627716,
                    -0.10945373773574829
                ],
                [
                    -0.029206886887550354,
                    0.3682909905910492,
                    0.9292516112327576,
                    3.7459332942962646
                ],
                [
                    0.0,
                    0.9296482801437378,
                    -0.3684481680393219,
                    -1.485262155532837
                ],
                [
                    0.0,
                    0.0,
                    0.0,
                    1.0
                ]
            ]
        },
        {
            "file_path": "/data/shapenet_blender/all_50_random/02958343/5768ae99da7499feadca4990256df2c6/r_21",
            "rotation": 0.12566370614359174,
            "transform_matrix": [
                [
                    -0.47695666551589966,
                    0.7004041075706482,
                    0.5309861898422241,
                    2.1404738426208496
                ],
                [
                    0.8789269328117371,
                    0.38007986545562744,
                    0.2881438732147217,
                    1.1615451574325562
                ],
                [
                    0.0,
                    0.6041300892829895,
                    -0.79688560962677,
                    -3.212348699569702
                ],
                [
                    0.0,
                    0.0,
                    0.0,
                    1.0
                ]
            ]
        },
        {
            "file_path": "/data/shapenet_blender/all_50_random/02958343/5768ae99da7499feadca4990256df2c6/r_22",
            "rotation": 0.12566370614359174,
            "transform_matrix": [
                [
                    -0.2461434155702591,
                    0.46047309041023254,
                    0.8528645038604736,
                    3.43800687789917
                ],
                [
                    0.9692334532737732,
                    0.11694026738405228,
                    0.2165907323360443,
                    0.8731051683425903
                ],
                [
                    0.0,
                    0.8799371719360352,
                    -0.475089967250824,
                    -1.9151489734649658
                ],
                [
                    0.0,
                    0.0,
                    0.0,
                    1.0
                ]
            ]
        },
        {
            "file_path": "/data/shapenet_blender/all_50_random/02958343/5768ae99da7499feadca4990256df2c6/r_23",
            "rotation": 0.12566370614359174,
            "transform_matrix": [
                [
                    -0.9082855582237244,
                    0.014619271270930767,
                    -0.4180951416492462,
                    -1.6853957176208496
                ],
                [
                    -0.4183507263660431,
                    -0.03174005076289177,
                    0.9077306985855103,
                    3.659179925918579
                ],
                [
                    0.0,
                    0.9993891716003418,
                    0.034945011138916016,
                    0.14086785912513733
                ],
                [
                    0.0,
                    0.0,
                    0.0,
                    1.0
                ]
            ]
        },
        {
            "file_path": "/data/shapenet_blender/all_50_random/02958343/5768ae99da7499feadca4990256df2c6/r_24",
            "rotation": 0.12566370614359174,
            "transform_matrix": [
                [
                    0.9471662640571594,
                    -0.24289457499980927,
                    0.2094716727733612,
                    0.844407320022583
                ],
                [
                    0.3207431137561798,
                    0.7172766327857971,
                    -0.6185775399208069,
                    -2.493565797805786
                ],
                [
                    -1.4901161193847656e-08,
                    0.6530823111534119,
                    0.7572868466377258,
                    3.0527210235595703
                ],
                [
                    0.0,
                    0.0,
                    0.0,
                    1.0
                ]
            ]
        },
        {
            "file_path": "/data/shapenet_blender/all_50_random/02958343/5768ae99da7499feadca4990256df2c6/r_25",
            "rotation": 0.12566370614359174,
            "transform_matrix": [
                [
                    0.5074705481529236,
                    -0.03914174810051918,
                    -0.8607796430587769,
                    -3.4699137210845947
                ],
                [
                    -0.8616691827774048,
                    -0.023052100092172623,
                    -0.5069466829299927,
                    -2.043567419052124
                ],
                [
                    0.0,
                    0.998967707157135,
                    -0.04542549327015877,
                    -0.18311601877212524
                ],
                [
                    0.0,
                    0.0,
                    0.0,
                    1.0
                ]
            ]
        },
        {
            "file_path": "/data/shapenet_blender/all_50_random/02958343/5768ae99da7499feadca4990256df2c6/r_26",
            "rotation": 0.12566370614359174,
            "transform_matrix": [
                [
                    -0.5029051899909973,
                    0.6749606132507324,
                    -0.5399208664894104,
                    -2.176490545272827
                ],
                [
                    -0.8643414378166199,
                    -0.39271652698516846,
                    0.3141455054283142,
                    1.2663609981536865
                ],
                [
                    0.0,
                    0.6246614456176758,
                    0.7808956503868103,
                    3.147891044616699
                ],
                [
                    0.0,
                    0.0,
                    0.0,
                    1.0
                ]
            ]
        },
        {
            "file_path": "/data/shapenet_blender/all_50_random/02958343/5768ae99da7499feadca4990256df2c6/r_27",
            "rotation": 0.12566370614359174,
            "transform_matrix": [
                [
                    -0.5448760986328125,
                    0.06672642379999161,
                    -0.8358573913574219,
                    -3.3694489002227783
                ],
                [
                    -0.8385165929794312,
                    -0.04335947707295418,
                    0.5431481599807739,
                    2.189500331878662
                ],
                [
                    -3.725290298461914e-09,
                    0.9968287348747253,
                    0.0795767530798912,
                    0.32078415155410767
                ],
                [
                    0.0,
                    0.0,
                    0.0,
                    1.0
                ]
            ]
        },
        {
            "file_path": "/data/shapenet_blender/all_50_random/02958343/5768ae99da7499feadca4990256df2c6/r_28",
            "rotation": 0.12566370614359174,
            "transform_matrix": [
                [
                    0.5578519701957703,
                    0.6528801918029785,
                    -0.5123950839042664,
                    -2.06553053855896
                ],
                [
                    -0.8299405574798584,
                    0.43883928656578064,
                    -0.3444109261035919,
                    -1.3883647918701172
                ],
                [
                    1.4901162970204496e-08,
                    0.6173877120018005,
                    0.7866589426994324,
                    3.171123743057251
                ],
                [
                    0.0,
                    0.0,
                    0.0,
                    1.0
                ]
            ]
        },
        {
            "file_path": "/data/shapenet_blender/all_50_random/02958343/5768ae99da7499feadca4990256df2c6/r_29",
            "rotation": 0.12566370614359174,
            "transform_matrix": [
                [
                    0.8200303912162781,
                    -0.03959498554468155,
                    -0.5709487795829773,
                    -2.301568031311035
                ],
                [
                    -0.5723201632499695,
                    -0.05673239752650261,
                    -0.8180654644966125,
                    -3.297727346420288
                ],
                [
                    -3.725290742551124e-09,
                    0.9976040124893188,
                    -0.06918328255414963,
                    -0.27888673543930054
                ],
                [
                    0.0,
                    0.0,
                    0.0,
                    1.0
                ]
            ]
        },
        {
            "file_path": "/data/shapenet_blender/all_50_random/02958343/5768ae99da7499feadca4990256df2c6/r_30",
            "rotation": 0.12566370614359174,
            "transform_matrix": [
                [
                    -0.9322889447212219,
                    -0.042757127434015274,
                    -0.3591783940792084,
                    -1.44789457321167
                ],
                [
                    -0.3617143929004669,
                    0.11020296066999435,
                    0.9257525205612183,
                    3.731828212738037
                ],
                [
                    0.0,
                    0.9929889440536499,
                    -0.11820685863494873,
                    -0.47650715708732605
                ],
                [
                    0.0,
                    0.0,
                    0.0,
                    1.0
                ]
            ]
        },
        {
            "file_path": "/data/shapenet_blender/all_50_random/02958343/5768ae99da7499feadca4990256df2c6/r_31",
            "rotation": 0.12566370614359174,
            "transform_matrix": [
                [
                    -0.9887603521347046,
                    -0.0012310544261708856,
                    -0.14950411021709442,
                    -0.6026703715324402
                ],
                [
                    -0.14950917661190033,
                    0.00814142543822527,
                    0.988726794719696,
                    3.985685110092163
                ],
                [
                    1.1641531488804091e-10,
                    0.9999662041664124,
                    -0.00823397096246481,
                    -0.03319219872355461
                ],
                [
                    0.0,
                    0.0,
                    0.0,
                    1.0
                ]
            ]
        },
        {
            "file_path": "/data/shapenet_blender/all_50_random/02958343/5768ae99da7499feadca4990256df2c6/r_32",
            "rotation": 0.12566370614359174,
            "transform_matrix": [
                [
                    -0.9283400177955627,
                    -0.16851937770843506,
                    0.33133989572525024,
                    1.3356739282608032
                ],
                [
                    0.37173235416412354,
                    -0.4208492338657379,
                    0.8274664878845215,
                    3.3356244564056396
                ],
                [
                    0.0,
                    0.8913400173187256,
                    0.4533352553844452,
                    1.8274530172348022
                ],
                [
                    0.0,
                    0.0,
                    0.0,
                    1.0
                ]
            ]
        },
        {
            "file_path": "/data/shapenet_blender/all_50_random/02958343/5768ae99da7499feadca4990256df2c6/r_33",
            "rotation": 0.12566370614359174,
            "transform_matrix": [
                [
                    0.69903564453125,
                    -0.046186983585357666,
                    0.7135937213897705,
                    2.8765883445739746
                ],
                [
                    0.7150869369506836,
                    0.04515024647116661,
                    -0.6975759863853455,
                    -2.812018632888794
                ],
                [
                    -3.725290298461914e-09,
                    0.9979119300842285,
                    0.06458933651447296,
                    0.2603679299354553
                ],
                [
                    0.0,
                    0.0,
                    0.0,
                    1.0
                ]
            ]
        },
        {
            "file_path": "/data/shapenet_blender/all_50_random/02958343/5768ae99da7499feadca4990256df2c6/r_34",
            "rotation": 0.12566370614359174,
            "transform_matrix": [
                [
                    0.09860670566558838,
                    0.08267272263765335,
                    0.9916864037513733,
                    3.9976155757904053
                ],
                [
                    0.995126485824585,
                    -0.00819200836122036,
                    -0.09826582670211792,
                    -0.39612218737602234
                ],
                [
                    -9.313225746154785e-10,
                    0.9965430498123169,
                    -0.08307760208845139,
                    -0.3348965048789978
                ],
                [
                    0.0,
                    0.0,
                    0.0,
                    1.0
                ]
            ]
        },
        {
            "file_path": "/data/shapenet_blender/all_50_random/02958343/5768ae99da7499feadca4990256df2c6/r_35",
            "rotation": 0.12566370614359174,
            "transform_matrix": [
                [
                    0.6696950793266296,
                    0.589176595211029,
                    0.45208343863487244,
                    1.8224066495895386
                ],
                [
                    0.7426362037658691,
                    -0.531308114528656,
                    -0.4076801538467407,
                    -1.6434112787246704
                ],
                [
                    0.0,
                    0.6087549924850464,
                    -0.793358325958252,
                    -3.198129653930664
                ],
                [
                    0.0,
                    0.0,
                    0.0,
                    1.0
                ]
            ]
        },
        {
            "file_path": "/data/shapenet_blender/all_50_random/02958343/5768ae99da7499feadca4990256df2c6/r_36",
            "rotation": 0.12566370614359174,
            "transform_matrix": [
                [
                    0.9927338361740112,
                    0.023651646450161934,
                    -0.11798426508903503,
                    -0.47560980916023254
                ],
                [
                    -0.12033159285783768,
                    0.19512571394443512,
                    -0.9733684062957764,
                    -3.923773765563965
                ],
                [
                    -1.862645371275562e-09,
                    0.9804929494857788,
                    0.19655393064022064,
                    0.7923343181610107
                ],
                [
                    0.0,
                    0.0,
                    0.0,
                    1.0
                ]
            ]
        },
        {
            "file_path": "/data/shapenet_blender/all_50_random/02958343/5768ae99da7499feadca4990256df2c6/r_37",
            "rotation": 0.12566370614359174,
            "transform_matrix": [
                [
                    0.7461713552474976,
                    0.027615787461400032,
                    -0.6651809811592102,
                    -2.6814303398132324
                ],
                [
                    -0.6657540202140808,
                    0.030951539054512978,
                    -0.7455291152000427,
                    -3.005323886871338
                ],
                [
                    0.0,
                    0.9991392493247986,
                    0.04148047789931297,
                    0.16721315681934357
                ],
                [
                    0.0,
                    0.0,
                    0.0,
                    1.0
                ]
            ]
        },
        {
            "file_path": "/data/shapenet_blender/all_50_random/02958343/5768ae99da7499feadca4990256df2c6/r_38",
            "rotation": 0.12566370614359174,
            "transform_matrix": [
                [
                    0.060750991106033325,
                    0.2747124433517456,
                    -0.9596052765846252,
                    -3.868292808532715
                ],
                [
                    -0.9981529116630554,
                    0.016719935461878777,
                    -0.05840484797954559,
                    -0.23543748259544373
                ],
                [
                    0.0,
                    0.9613810181617737,
                    0.2752207815647125,
                    1.1094505786895752
                ],
                [
                    0.0,
                    0.0,
                    0.0,
                    1.0
                ]
            ]
        },
        {
            "file_path": "/data/shapenet_blender/all_50_random/02958343/5768ae99da7499feadca4990256df2c6/r_39",
            "rotation": 0.12566370614359174,
            "transform_matrix": [
                [
                    0.5444711446762085,
                    0.6082184910774231,
                    0.5775996446609497,
                    2.328378677368164
                ],
                [
                    0.8387795686721802,
                    -0.39480867981910706,
                    -0.37493327260017395,
                    -1.5114043951034546
                ],
                [
                    0.0,
                    0.688619077205658,
                    -0.7251232266426086,
                    -2.923065185546875
                ],
                [
                    0.0,
                    0.0,
                    0.0,
                    1.0
                ]
            ]
        },
        {
            "file_path": "/data/shapenet_blender/all_50_random/02958343/5768ae99da7499feadca4990256df2c6/r_40",
            "rotation": 0.12566370614359174,
            "transform_matrix": [
                [
                    -0.6728312373161316,
                    -0.02709120512008667,
                    -0.7392998337745667,
                    -2.980212926864624
                ],
                [
                    -0.7397960424423218,
                    0.024638963863253593,
                    0.6723799109458923,
                    2.7104501724243164
                ],
                [
                    0.0,
                    0.9993292689323425,
                    -0.03661982715129852,
                    -0.14761924743652344
                ],
                [
                    0.0,
                    0.0,
                    0.0,
                    1.0
                ]
            ]
        },
        {
            "file_path": "/data/shapenet_blender/all_50_random/02958343/5768ae99da7499feadca4990256df2c6/r_41",
            "rotation": 0.12566370614359174,
            "transform_matrix": [
                [
                    -0.7255721688270569,
                    -0.5917003154754639,
                    0.35133418440818787,
                    1.4162734746932983
                ],
                [
                    0.6881460547447205,
                    -0.6238810420036316,
                    0.3704421818256378,
                    1.4933003187179565
                ],
                [
