{
    "class": "02958343",
    "model": "792a93f2b8dcfe7116abce8cb03e7794",
    "remove_doubles": true,
    "edge_split": true,
    "denoise": true,
    "camera_angle_x": 0.6911112070083618,
    "scale_factor": 2.1896212090215617,
    "hdri_file": "/data/IndoorHDRDataset2018/9C4A4616-4682b1ba51.exr",
    "center_offset": [
        0.0,
        0.0,
        -4.6566128730773926e-09
    ],
    "lights": [],
    "frames": [
        {
            "file_path": "/data/shapenet_blender/all_50_random/02958343/792a93f2b8dcfe7116abce8cb03e7794/r_0",
            "rotation": 0.12566370614359174,
            "transform_matrix": [
                [
                    -0.9993179440498352,
                    -0.029650453478097916,
                    0.02200980857014656,
                    0.08872437477111816
                ],
                [
                    0.03692669793963432,
                    -0.8024066686630249,
                    0.5956339836120605,
                    2.4010772705078125
                ],
                [
                    -1.8626450382086546e-09,
                    0.5960404276847839,
                    0.802954375743866,
                    3.2368125915527344
                ],
                [
                    0.0,
                    0.0,
                    0.0,
                    1.0
                ]
            ]
        },
        {
            "file_path": "/data/shapenet_blender/all_50_random/02958343/792a93f2b8dcfe7116abce8cb03e7794/r_1",
            "rotation": 0.12566370614359174,
            "transform_matrix": [
                [
                    0.8347074389457703,
                    0.16152141988277435,
                    0.5264734029769897,
                    2.1222822666168213
                ],
                [
                    0.5506935715675354,
                    -0.24482426047325134,
                    -0.7979959845542908,
                    -3.216824769973755
                ],
                [
                    1.4901160305669237e-08,
                    0.9560188055038452,
                    -0.2933054268360138,
                    -1.1823519468307495
                ],
                [
                    0.0,
                    0.0,
                    0.0,
                    1.0
                ]
            ]
        },
        {
            "file_path": "/data/shapenet_blender/all_50_random/02958343/792a93f2b8dcfe7116abce8cb03e7794/r_2",
            "rotation": 0.12566370614359174,
            "transform_matrix": [
                [
                    -0.7419056296348572,
                    -0.4712632894515991,
                    0.47695592045783997,
                    1.922670841217041
                ],
                [
                    0.6705043315887451,
                    -0.5214475989341736,
                    0.5277464389801025,
                    2.1274139881134033
                ],
                [
                    1.4901161193847656e-08,
                    0.711338996887207,
                    0.7028490304946899,
                    2.833275079727173
                ],
                [
                    0.0,
                    0.0,
                    0.0,
                    1.0
                ]
            ]
        },
        {
            "file_path": "/data/shapenet_blender/all_50_random/02958343/792a93f2b8dcfe7116abce8cb03e7794/r_3",
            "rotation": 0.12566370614359174,
            "transform_matrix": [
                [
                    -0.15756258368492126,
                    -0.15700267255306244,
                    -0.9749482274055481,
                    -3.9301421642303467
                ],
                [
                    -0.9875090718269348,
                    0.025050653144717216,
                    0.15555843710899353,
                    0.6270761489868164
                ],
                [
                    -1.862645371275562e-09,
                    0.9872803688049316,
                    -0.1589885652065277,
                    -0.6409034729003906
                ],
                [
                    0.0,
                    0.0,
                    0.0,
                    1.0
                ]
            ]
        },
        {
            "file_path": "/data/shapenet_blender/all_50_random/02958343/792a93f2b8dcfe7116abce8cb03e7794/r_4",
            "rotation": 0.12566370614359174,
            "transform_matrix": [
                [
                    -0.904402494430542,
                    0.1255185455083847,
                    -0.4078005254268646,
                    -1.643896460533142
                ],
                [
                    -0.42668041586875916,
                    -0.26605224609375,
                    0.8643841743469238,
                    3.4844441413879395
                ],
                [
                    -7.450580596923828e-09,
                    0.9557517170906067,
                    0.2941746115684509,
                    1.185855746269226
                ],
                [
                    0.0,
                    0.0,
                    0.0,
                    1.0
                ]
            ]
        },
        {
            "file_path": "/data/shapenet_blender/all_50_random/02958343/792a93f2b8dcfe7116abce8cb03e7794/r_5",
            "rotation": 0.12566370614359174,
            "transform_matrix": [
                [
                    0.9117560386657715,
                    0.1401420384645462,
                    0.38608425855636597,
                    1.5563557147979736
                ],
                [
                    0.4107321500778198,
                    -0.31109166145324707,
                    -0.8570418953895569,
                    -3.4548468589782715
                ],
                [
                    -7.450580596923828e-09,
                    0.9399904608726501,
                    -0.3412005305290222,
                    -1.3754234313964844
                ],
                [
                    0.0,
                    0.0,
                    0.0,
                    1.0
                ]
            ]
        },
        {
            "file_path": "/data/shapenet_blender/all_50_random/02958343/792a93f2b8dcfe7116abce8cb03e7794/r_6",
            "rotation": 0.12566370614359174,
            "transform_matrix": [
                [
                    0.6892549991607666,
                    -0.47712817788124084,
                    0.5452304482460022,
                    2.197894334793091
                ],
                [
                    0.724518895149231,
                    0.45390528440475464,
                    -0.5186929106712341,
                    -2.0909180641174316
                ],
                [
                    1.4901161193847656e-08,
                    0.7525414228439331,
                    0.6585448384284973,
                    2.6546790599823
                ],
                [
                    0.0,
                    0.0,
                    0.0,
                    1.0
                ]
            ]
        },
        {
            "file_path": "/data/shapenet_blender/all_50_random/02958343/792a93f2b8dcfe7116abce8cb03e7794/r_7",
            "rotation": 0.12566370614359174,
            "transform_matrix": [
                [
                    0.8379147052764893,
                    -0.265109658241272,
                    -0.47709110379219055,
                    -1.9232157468795776
                ],
                [
                    -0.5458013415336609,
                    -0.40699657797813416,
                    -0.7324306964874268,
                    -2.9525225162506104
                ],
                [
                    0.0,
                    0.8741112947463989,
                    -0.48572561144828796,
                    -1.9580225944519043
                ],
                [
                    0.0,
                    0.0,
                    0.0,
                    1.0
                ]
            ]
        },
        {
            "file_path": "/data/shapenet_blender/all_50_random/02958343/792a93f2b8dcfe7116abce8cb03e7794/r_8",
            "rotation": 0.12566370614359174,
            "transform_matrix": [
                [
                    -0.9031726717948914,
                    -0.09076976776123047,
                    -0.4195711612701416,
                    -1.69134521484375
                ],
                [
                    -0.4292773902416229,
                    0.1909738928079605,
                    0.8827514052391052,
                    3.5584843158721924
                ],
                [
                    -7.4505797087454084e-09,
                    0.9773892760276794,
                    -0.2114478349685669,
                    -0.8523733615875244
                ],
                [
                    0.0,
                    0.0,
                    0.0,
                    1.0
                ]
            ]
        },
        {
            "file_path": "/data/shapenet_blender/all_50_random/02958343/792a93f2b8dcfe7116abce8cb03e7794/r_9",
            "rotation": 0.12566370614359174,
            "transform_matrix": [
                [
                    -0.9794899821281433,
                    -0.03144240751862526,
                    -0.19902442395687103,
                    -0.8022931218147278
                ],
                [
                    -0.2014927715063095,
                    0.1528467833995819,
                    0.9674908518791199,
                    3.900080442428589
                ],
                [
                    1.8626449271863521e-09,
                    0.9877496361732483,
                    -0.1560472995042801,
                    -0.6290467977523804
                ],
                [
                    0.0,
                    0.0,
                    0.0,
                    1.0
                ]
            ]
        },
        {
            "file_path": "/data/shapenet_blender/all_50_random/02958343/792a93f2b8dcfe7116abce8cb03e7794/r_10",
            "rotation": 0.12566370614359174,
            "transform_matrix": [
                [
                    0.34419742226600647,
                    -0.4868142306804657,
                    -0.8028325438499451,
                    -3.236321449279785
                ],
                [
                    -0.9388972520828247,
                    -0.1784648895263672,
                    -0.2943164110183716,
                    -1.186427354812622
                ],
                [
                    0.0,
                    0.855080246925354,
                    -0.5184956789016724,
                    -2.090122938156128
                ],
                [
                    0.0,
                    0.0,
                    0.0,
                    1.0
                ]
            ]
        },
        {
            "file_path": "/data/shapenet_blender/all_50_random/02958343/792a93f2b8dcfe7116abce8cb03e7794/r_11",
            "rotation": 0.12566370614359174,
            "transform_matrix": [
                [
                    -0.9319566488265991,
                    0.11697696894407272,
                    0.3431808054447174,
                    1.3834060430526733
                ],
                [
                    0.3625694811344147,
                    0.30068016052246094,
                    0.8821194767951965,
                    3.5559372901916504
                ],
                [
                    7.450580152834618e-09,
                    0.9465240240097046,
                    -0.32263320684432983,
                    -1.300576090812683
                ],
                [
                    0.0,
                    0.0,
                    0.0,
                    1.0
                ]
            ]
        },
        {
            "file_path": "/data/shapenet_blender/all_50_random/02958343/792a93f2b8dcfe7116abce8cb03e7794/r_12",
            "rotation": 0.12566370614359174,
            "transform_matrix": [
                [
                    0.9904340505599976,
                    -0.015264661982655525,
                    -0.13714076578617096,
                    -0.5528321266174316
                ],
                [
                    -0.13798768818378448,
                    -0.1095651388168335,
                    -0.9843550324440002,
                    -3.968062162399292
                ],
                [
                    0.0,
                    0.9938623905181885,
                    -0.11062335968017578,
                    -0.44593703746795654
                ],
                [
                    0.0,
                    0.0,
                    0.0,
                    1.0
                ]
            ]
        },
        {
            "file_path": "/data/shapenet_blender/all_50_random/02958343/792a93f2b8dcfe7116abce8cb03e7794/r_13",
            "rotation": 0.12566370614359174,
            "transform_matrix": [
                [
                    -0.8630416989326477,
                    0.1762276440858841,
                    -0.47339510917663574,
                    -1.908316731452942
                ],
                [
                    -0.505132794380188,
                    -0.3010927140712738,
                    0.8088164329528809,
                    3.2604432106018066
                ],
                [
                    -1.4901162970204496e-08,
                    0.9371695518493652,
                    0.34887397289276123,
                    1.4063559770584106
                ],
                [
                    0.0,
                    0.0,
                    0.0,
                    1.0
                ]
            ]
        },
        {
            "file_path": "/data/shapenet_blender/all_50_random/02958343/792a93f2b8dcfe7116abce8cb03e7794/r_14",
            "rotation": 0.12566370614359174,
            "transform_matrix": [
                [
                    -0.7218884229660034,
                    -0.2531560957431793,
                    -0.6440412402153015,
                    -2.5962135791778564
                ],
                [
                    -0.6920095682144165,
                    0.26408660411834717,
                    0.6718489527702332,
                    2.7083098888397217
                ],
                [
                    0.0,
                    0.9306827187538147,
                    -0.36582744121551514,
                    -1.4746977090835571
                ],
                [
                    0.0,
                    0.0,
                    0.0,
                    1.0
                ]
            ]
        },
        {
            "file_path": "/data/shapenet_blender/all_50_random/02958343/792a93f2b8dcfe7116abce8cb03e7794/r_15",
            "rotation": 0.12566370614359174,
            "transform_matrix": [
                [
                    0.8779556155204773,
                    0.1430196613073349,
                    0.4568800628185272,
                    1.8417423963546753
                ],
                [
                    0.47874215245246887,
                    -0.2622808814048767,
                    -0.8378631472587585,
                    -3.3775343894958496
                ],
                [
                    7.450581485102248e-09,
                    0.9543342590332031,
                    -0.2987405061721802,
                    -1.2042615413665771
                ],
                [
                    0.0,
                    0.0,
                    0.0,
                    1.0
                ]
            ]
        },
        {
            "file_path": "/data/shapenet_blender/all_50_random/02958343/792a93f2b8dcfe7116abce8cb03e7794/r_16",
            "rotation": 0.12566370614359174,
            "transform_matrix": [
                [
                    0.6869509816169739,
                    0.29531311988830566,
                    -0.6639943718910217,
                    -2.6766469478607178
                ],
                [
                    -0.7267037630081177,
                    0.2791586220264435,
                    -0.6276719570159912,
                    -2.530226707458496
                ],
                [
                    0.0,
                    0.9137070178985596,
                    0.40637344121932983,
                    1.63814377784729
                ],
                [
                    0.0,
                    0.0,
                    0.0,
                    1.0
                ]
            ]
        },
        {
            "file_path": "/data/shapenet_blender/all_50_random/02958343/792a93f2b8dcfe7116abce8cb03e7794/r_17",
            "rotation": 0.12566370614359174,
            "transform_matrix": [
                [
                    -0.9971338510513306,
                    -0.01614835299551487,
                    -0.07391508668661118,
                    -0.2979612350463867
                ],
                [
                    -0.07565850764513016,
                    0.21282561123371124,
                    0.9741565585136414,
                    3.926950693130493
                ],
                [
                    0.0,
                    0.9769567251205444,
                    -0.21343736350536346,
                    -0.8603935241699219
                ],
                [
                    0.0,
                    0.0,
                    0.0,
                    1.0
                ]
            ]
        },
        {
            "file_path": "/data/shapenet_blender/all_50_random/02958343/792a93f2b8dcfe7116abce8cb03e7794/r_18",
            "rotation": 0.12566370614359174,
            "transform_matrix": [
                [
                    0.9193326234817505,
                    0.18813981115818024,
                    0.345587819814682,
                    1.3931090831756592
                ],
                [
                    0.3934812843799591,
                    -0.4395712614059448,
                    -0.8074339628219604,
                    -3.2548704147338867
                ],
                [
                    0.0,
                    0.8782827258110046,
                    -0.4781416952610016,
                    -1.9274507761001587
                ],
                [
                    0.0,
                    0.0,
                    0.0,
                    1.0
                ]
            ]
        },
        {
            "file_path": "/data/shapenet_blender/all_50_random/02958343/792a93f2b8dcfe7116abce8cb03e7794/r_19",
            "rotation": 0.12566370614359174,
            "transform_matrix": [
                [
                    0.9078125953674316,
                    -0.3659000098705292,
                    0.20492351055145264,
                    0.826073169708252
                ],
                [
                    0.4193762540817261,
                    0.7920539379119873,
                    -0.4435924291610718,
                    -1.7881784439086914
                ],
                [
                    0.0,
                    0.4886387586593628,
                    0.8724861145019531,
                    3.517104148864746
                ],
                [
                    0.0,
                    0.0,
                    0.0,
                    1.0
                ]
            ]
        },
        {
            "file_path": "/data/shapenet_blender/all_50_random/02958343/792a93f2b8dcfe7116abce8cb03e7794/r_20",
            "rotation": 0.12566370614359174,
            "transform_matrix": [
                [
                    0.7820519804954529,
                    -0.3320782482624054,
                    -0.5273697376251221,
                    -2.1258955001831055
                ],
                [
                    -0.6232133507728577,
                    -0.41671520471572876,
                    -0.6617806553840637,
                    -2.6677231788635254
                ],
                [
                    -2.980232594040899e-08,
                    0.8462105393409729,
                    -0.5328484773635864,
                    -2.1479809284210205
                ],
                [
                    0.0,
                    0.0,
                    0.0,
                    1.0
                ]
            ]
        },
        {
            "file_path": "/data/shapenet_blender/all_50_random/02958343/792a93f2b8dcfe7116abce8cb03e7794/r_21",
            "rotation": 0.12566370614359174,
            "transform_matrix": [
                [
                    -0.8247198462486267,
                    0.01981377601623535,
                    -0.5651944875717163,
                    -2.278371810913086
                ],
                [
                    -0.565541684627533,
                    -0.02889409102499485,
                    0.8242133855819702,
                    3.3225104808807373
                ],
                [
                    -1.862645371275562e-09,
                    0.9993860721588135,
                    0.035035040229558945,
                    0.1412307620048523
                ],
                [
                    0.0,
                    0.0,
                    0.0,
                    1.0
                ]
            ]
        },
        {
            "file_path": "/data/shapenet_blender/all_50_random/02958343/792a93f2b8dcfe7116abce8cb03e7794/r_22",
            "rotation": 0.12566370614359174,
            "transform_matrix": [
                [
                    -0.9983881115913391,
                    0.04156195744872093,
                    -0.03864801302552223,
                    -0.1557951271533966
                ],
                [
                    -0.05675442889332771,
                    -0.7311317920684814,
                    0.6798714399337769,
                    2.740649461746216
                ],
                [
                    -1.8626450382086546e-09,
                    0.6809689402580261,
                    0.7323122024536133,
                    2.95204496383667
                ],
                [
                    0.0,
                    0.0,
                    0.0,
                    1.0
                ]
            ]
        },
        {
            "file_path": "/data/shapenet_blender/all_50_random/02958343/792a93f2b8dcfe7116abce8cb03e7794/r_23",
            "rotation": 0.12566370614359174,
            "transform_matrix": [
                [
                    0.6178368330001831,
                    -0.5612995624542236,
                    0.5506544709205627,
                    2.219759464263916
                ],
                [
                    0.7863063812255859,
                    0.44103872776031494,
                    -0.4326744079589844,
                    -1.7441664934158325
                ],
                [
                    1.4901161193847656e-08,
                    0.7003053426742554,
                    0.7138433456420898,
                    2.8775947093963623
                ],
                [
                    0.0,
                    0.0,
                    0.0,
                    1.0
                ]
            ]
        },
        {
            "file_path": "/data/shapenet_blender/all_50_random/02958343/792a93f2b8dcfe7116abce8cb03e7794/r_24",
            "rotation": 0.12566370614359174,
            "transform_matrix": [
                [
                    -0.33256611227989197,
                    -0.490730345249176,
                    -0.8053467869758606,
                    -3.2464568614959717
                ],
                [
                    -0.9430800676345825,
                    0.17305029928684235,
                    0.2839961051940918,
                    1.1448249816894531
                ],
                [
                    0.0,
                    0.8539538979530334,
                    -0.5203484892845154,
                    -2.0975921154022217
                ],
                [
                    0.0,
                    0.0,
                    0.0,
                    1.0
                ]
            ]
        },
        {
            "file_path": "/data/shapenet_blender/all_50_random/02958343/792a93f2b8dcfe7116abce8cb03e7794/r_25",
            "rotation": 0.12566370614359174,
            "transform_matrix": [
                [
                    -0.9653559327125549,
                    -0.10343196243047714,
                    0.23956163227558136,
                    0.9657038450241089
                ],
                [
                    0.2609366774559021,
                    -0.38265475630760193,
                    0.8862772583961487,
                    3.572697877883911
                ],
                [
                    0.0,
                    0.9180833697319031,
                    0.3963872492313385,
                    1.5978881120681763
                ],
                [
                    0.0,
                    0.0,
                    0.0,
                    1.0
                ]
            ]
        },
        {
            "file_path": "/data/shapenet_blender/all_50_random/02958343/792a93f2b8dcfe7116abce8cb03e7794/r_26",
            "rotation": 0.12566370614359174,
            "transform_matrix": [
                [
                    0.838733971118927,
                    0.2748807966709137,
                    0.47007009387016296,
                    1.8949133157730103
                ],
                [
                    0.5445414781570435,
                    -0.42338716983795166,
                    -0.7240288853645325,
                    -2.918653964996338
                ],
                [
                    -1.4901161193847656e-08,
                    0.8632403016090393,
                    -0.504793107509613,
                    -2.034886360168457
                ],
                [
                    0.0,
                    0.0,
                    0.0,
                    1.0
                ]
            ]
        },
        {
            "file_path": "/data/shapenet_blender/all_50_random/02958343/792a93f2b8dcfe7116abce8cb03e7794/r_27",
            "rotation": 0.12566370614359174,
            "transform_matrix": [
                [
                    -0.9351473450660706,
                    -0.09948667138814926,
                    0.34000271558761597,
                    1.3705947399139404
                ],
                [
                    0.35425901412963867,
                    -0.26261773705482483,
                    0.8975146412849426,
                    3.617997169494629
                ],
                [
                    0.0,
                    0.9597575068473816,
                    0.2808303236961365,
                    1.1320632696151733
                ],
                [
                    0.0,
                    0.0,
                    0.0,
                    1.0
                ]
            ]
        },
        {
            "file_path": "/data/shapenet_blender/all_50_random/02958343/792a93f2b8dcfe7116abce8cb03e7794/r_28",
            "rotation": 0.12566370614359174,
            "transform_matrix": [
                [
                    0.20479466021060944,
                    -0.35635071992874146,
                    0.9116321802139282,
                    3.6749069690704346
                ],
                [
                    0.9788049459457397,
                    0.07455900311470032,
                    -0.19074013829231262,
                    -0.768898069858551
                ],
                [
                    -7.450581485102248e-09,
                    0.9313725233078003,
                    0.3640671670436859,
                    1.4676016569137573
                ],
                [
                    0.0,
                    0.0,
                    0.0,
                    1.0
                ]
            ]
        },
        {
            "file_path": "/data/shapenet_blender/all_50_random/02958343/792a93f2b8dcfe7116abce8cb03e7794/r_29",
            "rotation": 0.12566370614359174,
            "transform_matrix": [
                [
                    0.6121871471405029,
                    0.03073805943131447,
                    0.7901151776313782,
                    3.185056209564209
                ],
                [
                    0.7907128930091858,
                    -0.023798076435923576,
                    -0.6117244362831116,
                    -2.465939998626709
                ],
                [
                    0.0,
                    0.9992440938949585,
                    -0.03887385502457619,
                    -0.15670552849769592
                ],
                [
                    0.0,
                    0.0,
                    0.0,
                    1.0
                ]
            ]
        },
        {
            "file_path": "/data/shapenet_blender/all_50_random/02958343/792a93f2b8dcfe7116abce8cb03e7794/r_30",
            "rotation": 0.12566370614359174,
            "transform_matrix": [
                [
                    -0.504890501499176,
                    -0.48163148760795593,
                    -0.716321587562561,
                    -2.887584924697876
                ],
                [
                    -0.8631834983825684,
                    0.2817143499851227,
                    0.41898852586746216,
                    1.6889969110488892
                ],
                [
                    0.0,
                    0.8298603296279907,
                    -0.5579711198806763,
                    -2.249253749847412
                ],
                [
                    0.0,
                    0.0,
                    0.0,
                    1.0
                ]
            ]
        },
        {
            "file_path": "/data/shapenet_blender/all_50_random/02958343/792a93f2b8dcfe7116abce8cb03e7794/r_31",
            "rotation": 0.12566370614359174,
            "transform_matrix": [
                [
                    0.12036573886871338,
                    0.5303990840911865,
                    0.8391595482826233,
                    3.382760524749756
                ],
                [
                    0.9927296042442322,
                    -0.06430942565202713,
                    -0.10174578428268433,
                    -0.410150408744812
                ],
                [
                    -3.725290298461914e-09,
                    0.8453052639961243,
                    -0.5342835187911987,
                    -2.153765916824341
                ],
                [
                    0.0,
                    0.0,
                    0.0,
                    1.0
                ]
            ]
        },
        {
            "file_path": "/data/shapenet_blender/all_50_random/02958343/792a93f2b8dcfe7116abce8cb03e7794/r_32",
            "rotation": 0.12566370614359174,
            "transform_matrix": [
                [
                    0.35998618602752686,
                    -0.29317817091941833,
                    -0.8856954574584961,
                    -3.570352792739868
                ],
                [
                    -0.9329577088356018,
                    -0.11312420666217804,
                    -0.3417498469352722,
                    -1.3776378631591797
                ],
                [
                    0.0,
                    0.9493416547775269,
                    -0.31424590945243835,
                    -1.2667659521102905
                ],
                [
                    0.0,
                    0.0,
                    0.0,
                    1.0
                ]
            ]
        },
        {
            "file_path": "/data/shapenet_blender/all_50_random/02958343/792a93f2b8dcfe7116abce8cb03e7794/r_33",
            "rotation": 0.12566370614359174,
            "transform_matrix": [
                [
                    0.9583747386932373,
                    0.10885115712881088,
                    0.26394951343536377,
                    1.0640145540237427
                ],
                [
                    0.2855134606361389,
                    -0.3653775155544281,
                    -0.8859916925430298,
                    -3.571546792984009
                ],
                [
                    -7.450581485102248e-09,
                    0.9244731664657593,
                    -0.38124704360961914,
                    -1.536855936050415
                ],
                [
                    0.0,
                    0.0,
                    0.0,
                    1.0
                ]
            ]
        },
        {
            "file_path": "/data/shapenet_blender/all_50_random/02958343/792a93f2b8dcfe7116abce8cb03e7794/r_34",
            "rotation": 0.12566370614359174,
            "transform_matrix": [
                [
                    -0.3680669367313385,
                    -0.8688204884529114,
                    0.33117637038230896,
                    1.3350147008895874
                ],
                [
                    0.9297993779182434,
                    -0.3439280390739441,
                    0.13109824061393738,
                    0.5284739136695862
                ],
                [
                    0.0,
                    0.3561803698539734,
                    0.934417188167572,
                    3.766756057739258
                ],
                [
                    0.0,
                    0.0,
                    0.0,
                    1.0
                ]
            ]
        },
        {
            "file_path": "/data/shapenet_blender/all_50_random/02958343/792a93f2b8dcfe7116abce8cb03e7794/r_35",
            "rotation": 0.12566370614359174,
            "transform_matrix": [
                [
                    0.9170325398445129,
                    -0.18117301166057587,
                    0.35528549551963806,
                    1.432201623916626
                ],
                [
                    0.39881256222724915,
                    0.4165905714035034,
                    -0.8169460296630859,
                    -3.293214797973633
                ],
                [
                    -1.4901161193847656e-08,
                    0.8908583521842957,
                    0.45428115129470825,
                    1.831265926361084
                ],
                [
                    0.0,
                    0.0,
                    0.0,
                    1.0
                ]
            ]
        },
        {
            "file_path": "/data/shapenet_blender/all_50_random/02958343/792a93f2b8dcfe7116abce8cb03e7794/r_36",
            "rotation": 0.12566370614359174,
            "transform_matrix": [
                [
                    0.8854820728302002,
                    -0.018453743308782578,
                    0.46430692076683044,
                    1.8716812133789062
                ],
                [
                    0.46467354893684387,
                    0.035165462642908096,
                    -0.8847834467887878,
                    -3.566676378250122
                ],
                [
                    -1.862645149230957e-09,
                    0.9992110729217529,
                    0.03971334919333458,
                    0.1600896418094635
                ],
                [
                    0.0,
                    0.0,
                    0.0,
                    1.0
                ]
            ]
        },
        {
            "file_path": "/data/shapenet_blender/all_50_random/02958343/792a93f2b8dcfe7116abce8cb03e7794/r_37",
            "rotation": 0.12566370614359174,
            "transform_matrix": [
                [
                    -0.10006852447986603,
                    -0.6879278421401978,
                    0.7188472747802734,
                    2.897766351699829
                ],
                [
                    0.9949805736541748,
                    -0.06918720155954361,
                    0.0722968727350235,
                    0.2914380431175232
                ],
                [
                    0.0,
                    0.7224737405776978,
                    0.6913982629776001,
                    2.7871158123016357
                ],
                [
                    0.0,
                    0.0,
                    0.0,
                    1.0
                ]
            ]
        },
        {
            "file_path": "/data/shapenet_blender/all_50_random/02958343/792a93f2b8dcfe7116abce8cb03e7794/r_38",
            "rotation": 0.12566370614359174,
            "transform_matrix": [
                [
                    -0.09946068376302719,
                    -0.8303775191307068,
                    -0.5482523441314697,
                    -2.210076093673706
                ],
                [
                    -0.9950416088104248,
                    0.08300146460533142,
                    0.054801277816295624,
                    0.22091102600097656
                ],
                [
                    3.725290742551124e-09,
                    0.5509843826293945,
                    -0.8345154523849487,
                    -3.364039659500122
                ],
                [
                    0.0,
                    0.0,
                    0.0,
                    1.0
                ]
            ]
        },
        {
            "file_path": "/data/shapenet_blender/all_50_random/02958343/792a93f2b8dcfe7116abce8cb03e7794/r_39",
            "rotation": 0.12566370614359174,
            "transform_matrix": [
                [
                    -0.366355836391449,
                    -0.17729787528514862,
                    0.9134269952774048,
                    3.6821420192718506
                ],
                [
                    0.9304748177528381,
                    -0.06980748474597931,
                    0.3596435785293579,
                    1.4497696161270142
                ],
                [
                    0.0,
                    0.9816783666610718,
                    0.19054558873176575,
                    0.7681138515472412
                ],
                [
                    0.0,
                    0.0,
                    0.0,
                    1.0
                ]
            ]
        },
        {
            "file_path": "/data/shapenet_blender/all_50_random/02958343/792a93f2b8dcfe7116abce8cb03e7794/r_40",
            "rotation": 0.12566370614359174,
            "transform_matrix": [
                [
                    -0.9925780892372131,
                    0.043721433728933334,
                    0.11347762495279312,
                    0.4574429392814636
                ],
                [
                    0.12160894274711609,
                    0.35685646533966064,
                    0.9262098670005798,
                    3.7336714267730713
                ],
                [
                    0.0,
                    0.9331355094909668,
                    -0.35952481627464294,
                    -1.4492908716201782
                ],
                [
                    0.0,
                    0.0,
                    0.0,
                    1.0
                ]
            ]
        },
        {
            "file_path": "/data/shapenet_blender/all_50_random/02958343/792a93f2b8dcfe7116abce8cb03e7794/r_41",
            "rotation": 0.12566370614359174,
            "transform_matrix": [
                [
                    -0.14390002191066742,
                    -0.2697054445743561,
                    0.952130138874054,
                    3.8381593227386475
                ],
                [
                    0.9895922541618347,
                    -0.03921879827976227,
                    0.13845252990722656,
                    0.5581200122833252
