{
    "class": "02958343",
    "model": "68b62b9b9d49f262b12ea83455b0f44",
    "remove_doubles": true,
    "edge_split": true,
    "denoise": true,
    "camera_angle_x": 0.6911112070083618,
    "scale_factor": 2.350756290087186,
    "hdri_file": "/data/IndoorHDRDataset2018/AG8A9036-6ff35fa9a6.exr",
    "center_offset": [
        0.0,
        -3.725290298461914e-09,
        0.0
    ],
    "lights": [],
    "frames": [
        {
            "file_path": "/data/shapenet_blender/all_50_random/02958343/68b62b9b9d49f262b12ea83455b0f44/r_0",
            "rotation": 0.12566370614359174,
            "transform_matrix": [
                [
                    0.48168933391571045,
                    0.13868001103401184,
                    -0.8652994632720947,
                    -3.488133668899536
                ],
                [
                    -0.8763420581817627,
                    0.07622673362493515,
                    -0.47561970353126526,
                    -1.917284369468689
                ],
                [
                    7.450580596923828e-09,
                    0.987399160861969,
                    0.15824875235557556,
                    0.637921154499054
                ],
                [
                    0.0,
                    0.0,
                    0.0,
                    1.0
                ]
            ]
        },
        {
            "file_path": "/data/shapenet_blender/all_50_random/02958343/68b62b9b9d49f262b12ea83455b0f44/r_1",
            "rotation": 0.12566370614359174,
            "transform_matrix": [
                [
                    0.6808368563652039,
                    0.5884380340576172,
                    -0.4361214339733124,
                    -1.7580618858337402
                ],
                [
                    -0.7324351072311401,
                    0.5469840168952942,
                    -0.4053977131843567,
                    -1.6342105865478516
                ],
                [
                    1.4901161193847656e-08,
                    0.5954403877258301,
                    0.8033994436264038,
                    3.2386069297790527
                ],
                [
                    0.0,
                    0.0,
                    0.0,
                    1.0
                ]
            ]
        },
        {
            "file_path": "/data/shapenet_blender/all_50_random/02958343/68b62b9b9d49f262b12ea83455b0f44/r_2",
            "rotation": 0.12566370614359174,
            "transform_matrix": [
                [
                    -0.3798024654388428,
                    0.8581738471984863,
                    0.3453804552555084,
                    1.3922733068466187
                ],
                [
                    0.9250675439834595,
                    0.35233810544013977,
                    0.14180190861225128,
                    0.571621835231781
                ],
                [
                    0.0,
                    0.37335702776908875,
                    -0.9276876449584961,
                    -3.739628791809082
                ],
                [
                    0.0,
                    0.0,
                    0.0,
                    1.0
                ]
            ]
        },
        {
            "file_path": "/data/shapenet_blender/all_50_random/02958343/68b62b9b9d49f262b12ea83455b0f44/r_3",
            "rotation": 0.12566370614359174,
            "transform_matrix": [
                [
                    -0.941868782043457,
                    0.08066022396087646,
                    0.32615503668785095,
                    1.3147730827331543
                ],
                [
                    0.33598095178604126,
                    0.2261180281639099,
                    0.9143234491348267,
                    3.685755968093872
                ],
                [
                    0.0,
                    0.9707546234130859,
                    -0.24007382988929749,
                    -0.9677686095237732
                ],
                [
                    0.0,
                    0.0,
                    0.0,
                    1.0
                ]
            ]
        },
        {
            "file_path": "/data/shapenet_blender/all_50_random/02958343/68b62b9b9d49f262b12ea83455b0f44/r_4",
            "rotation": 0.12566370614359174,
            "transform_matrix": [
                [
                    0.7359513640403748,
                    -0.6188865303993225,
                    -0.2745087146759033,
                    -1.1065800189971924
                ],
                [
                    -0.6770344376564026,
                    -0.6727433204650879,
                    -0.298397034406662,
                    -1.2028769254684448
                ],
                [
                    0.0,
                    0.405457466840744,
                    -0.9141138195991516,
                    -3.684910774230957
                ],
                [
                    0.0,
                    0.0,
                    0.0,
                    1.0
                ]
            ]
        },
        {
            "file_path": "/data/shapenet_blender/all_50_random/02958343/68b62b9b9d49f262b12ea83455b0f44/r_5",
            "rotation": 0.12566370614359174,
            "transform_matrix": [
                [
                    -0.45892342925071716,
                    0.8115925192832947,
                    0.36153414845466614,
                    1.4573907852172852
                ],
                [
                    0.8884758949279785,
                    0.4192109704017639,
                    0.18674282729625702,
                    0.7527844309806824
                ],
                [
                    0.0,
                    0.40691494941711426,
                    -0.9134660363197327,
                    -3.6822993755340576
                ],
                [
                    0.0,
                    0.0,
                    0.0,
                    1.0
                ]
            ]
        },
        {
            "file_path": "/data/shapenet_blender/all_50_random/02958343/68b62b9b9d49f262b12ea83455b0f44/r_6",
            "rotation": 0.12566370614359174,
            "transform_matrix": [
                [
                    0.41051894426345825,
                    -0.7895511388778687,
                    0.4561612606048584,
                    1.8388447761535645
                ],
                [
                    0.9118520021438599,
                    0.35545870661735535,
                    -0.2053654044866562,
                    -0.8278543949127197
                ],
                [
                    -1.4901159417490817e-08,
                    0.5002580881118774,
                    0.8658763766288757,
                    3.4904592037200928
                ],
                [
                    0.0,
                    0.0,
                    0.0,
                    1.0
                ]
            ]
        },
        {
            "file_path": "/data/shapenet_blender/all_50_random/02958343/68b62b9b9d49f262b12ea83455b0f44/r_7",
            "rotation": 0.12566370614359174,
            "transform_matrix": [
                [
                    0.7361322045326233,
                    -0.2508143186569214,
                    0.6286505460739136,
                    2.5341715812683105
                ],
                [
                    0.6768378019332886,
                    0.2727869153022766,
                    -0.683723509311676,
                    -2.7561779022216797
                ],
                [
                    0.0,
                    0.928805410861969,
                    0.37056779861450195,
                    1.4938067197799683
                ],
                [
                    0.0,
                    0.0,
                    0.0,
                    1.0
                ]
            ]
        },
        {
            "file_path": "/data/shapenet_blender/all_50_random/02958343/68b62b9b9d49f262b12ea83455b0f44/r_8",
            "rotation": 0.12566370614359174,
            "transform_matrix": [
                [
                    0.8322315812110901,
                    -0.35616376996040344,
                    -0.4248976707458496,
                    -1.7128173112869263
                ],
                [
                    -0.5544282793998718,
                    -0.5346240997314453,
                    -0.637798011302948,
                    -2.5710461139678955
                ],
                [
                    0.0,
                    0.7663708329200745,
                    -0.6423982977867126,
                    -2.589590311050415
                ],
                [
                    0.0,
                    0.0,
                    0.0,
                    1.0
                ]
            ]
        },
        {
            "file_path": "/data/shapenet_blender/all_50_random/02958343/68b62b9b9d49f262b12ea83455b0f44/r_9",
            "rotation": 0.12566370614359174,
            "transform_matrix": [
                [
                    -0.8305729627609253,
                    0.055142465978860855,
                    -0.5541730523109436,
                    -2.233942985534668
                ],
                [
                    -0.5569097399711609,
                    -0.08223926275968552,
                    0.8264915347099304,
                    3.3316938877105713
                ],
                [
                    -3.7252898543727042e-09,
                    0.9950858950614929,
                    0.09901509433984756,
                    0.39914262294769287
                ],
                [
                    0.0,
                    0.0,
                    0.0,
                    1.0
                ]
            ]
        },
        {
            "file_path": "/data/shapenet_blender/all_50_random/02958343/68b62b9b9d49f262b12ea83455b0f44/r_10",
            "rotation": 0.12566370614359174,
            "transform_matrix": [
                [
                    -0.23478443920612335,
                    -0.005211334675550461,
                    -0.9720334410667419,
                    -3.9183921813964844
                ],
                [
                    -0.9720474481582642,
                    0.001258724951185286,
                    0.23478105664253235,
                    0.9464327096939087
                ],
                [
                    0.0,
                    0.9999856948852539,
                    -0.00536119332537055,
                    -0.021611660718917847
                ],
                [
                    0.0,
                    0.0,
                    0.0,
                    1.0
                ]
            ]
        },
        {
            "file_path": "/data/shapenet_blender/all_50_random/02958343/68b62b9b9d49f262b12ea83455b0f44/r_11",
            "rotation": 0.12566370614359174,
            "transform_matrix": [
                [
                    -0.6378687024116516,
                    -0.26182520389556885,
                    -0.7242727875709534,
                    -2.9196369647979736
                ],
                [
                    -0.770145058631897,
                    0.21685539186000824,
                    0.5998752117156982,
                    2.4181742668151855
                ],
                [
                    0.0,
                    0.9404367208480835,
                    -0.3399686813354492,
                    -1.3704575300216675
                ],
                [
                    0.0,
                    0.0,
                    0.0,
                    1.0
                ]
            ]
        },
        {
            "file_path": "/data/shapenet_blender/all_50_random/02958343/68b62b9b9d49f262b12ea83455b0f44/r_12",
            "rotation": 0.12566370614359174,
            "transform_matrix": [
                [
                    0.9926014542579651,
                    -0.019607827067375183,
                    0.11982433497905731,
                    0.4830273389816284
                ],
                [
                    0.12141802906990051,
                    0.16029545664787292,
                    -0.9795728921890259,
                    -3.948784589767456
                ],
                [
                    -1.8626450382086546e-09,
                    0.9868743419647217,
                    0.16149023175239563,
                    0.6509879231452942
                ],
                [
                    0.0,
                    0.0,
                    0.0,
                    1.0
                ]
            ]
        },
        {
            "file_path": "/data/shapenet_blender/all_50_random/02958343/68b62b9b9d49f262b12ea83455b0f44/r_13",
            "rotation": 0.12566370614359174,
            "transform_matrix": [
                [
                    -0.7625211477279663,
                    0.3192986845970154,
                    0.5626809000968933,
                    2.2682390213012695
                ],
                [
                    0.6469632387161255,
                    0.37633052468299866,
                    0.6631847023963928,
                    2.6733827590942383
                ],
                [
                    1.4901159417490817e-08,
                    0.8697261810302734,
                    -0.49353456497192383,
                    -1.9895012378692627
                ],
                [
                    0.0,
                    0.0,
                    0.0,
                    1.0
                ]
            ]
        },
        {
            "file_path": "/data/shapenet_blender/all_50_random/02958343/68b62b9b9d49f262b12ea83455b0f44/r_14",
            "rotation": 0.12566370614359174,
            "transform_matrix": [
                [
                    0.9260246157646179,
                    -0.2921880781650543,
                    0.23896533250808716,
                    0.9633000493049622
                ],
                [
                    0.3774629533290863,
                    0.7168208956718445,
                    -0.5862503051757812,
                    -2.363250494003296
                ],
                [
                    1.4901160305669237e-08,
                    0.6330827474594116,
                    0.7740840315818787,
                    3.1204326152801514
                ],
                [
                    0.0,
                    0.0,
                    0.0,
                    1.0
                ]
            ]
        },
        {
            "file_path": "/data/shapenet_blender/all_50_random/02958343/68b62b9b9d49f262b12ea83455b0f44/r_15",
            "rotation": 0.12566370614359174,
            "transform_matrix": [
                [
                    -0.13236182928085327,
                    0.49733462929725647,
                    -0.8574022054672241,
                    -3.456298828125
                ],
                [
                    -0.9912014007568359,
                    -0.06641245633363724,
                    0.11449472606182098,
                    0.4615429937839508
                ],
                [
                    0.0,
                    0.8650130033493042,
                    0.5017493367195129,
                    2.022616386413574
                ],
                [
                    0.0,
                    0.0,
                    0.0,
                    1.0
                ]
            ]
        },
        {
            "file_path": "/data/shapenet_blender/all_50_random/02958343/68b62b9b9d49f262b12ea83455b0f44/r_16",
            "rotation": 0.12566370614359174,
            "transform_matrix": [
                [
                    0.49375292658805847,
                    -0.01815749518573284,
                    -0.8694126009941101,
                    -3.5047144889831543
                ],
                [
                    -0.8696023225784302,
                    -0.01030967477709055,
                    -0.49364522099494934,
                    -1.9899476766586304
                ],
                [
                    0.0,
                    0.9997819066047668,
                    -0.020880229771137238,
                    -0.08417090773582458
                ],
                [
                    0.0,
                    0.0,
                    0.0,
                    1.0
                ]
            ]
        },
        {
            "file_path": "/data/shapenet_blender/all_50_random/02958343/68b62b9b9d49f262b12ea83455b0f44/r_17",
            "rotation": 0.12566370614359174,
            "transform_matrix": [
                [
                    -0.5094478726387024,
                    -0.12642346322536469,
                    -0.8511638045310974,
                    -3.4311513900756836
                ],
                [
                    -0.8605014681816101,
                    0.07484724372625351,
                    0.5039196014404297,
                    2.031365156173706
                ],
                [
                    0.0,
                    0.9891486763954163,
                    -0.14691831171512604,
                    -0.5922467112541199
                ],
                [
                    0.0,
                    0.0,
                    0.0,
                    1.0
                ]
            ]
        },
        {
            "file_path": "/data/shapenet_blender/all_50_random/02958343/68b62b9b9d49f262b12ea83455b0f44/r_18",
            "rotation": 0.12566370614359174,
            "transform_matrix": [
                [
                    0.3654788136482239,
                    0.07360409945249557,
                    0.9279050230979919,
                    3.740504741668701
                ],
                [
                    0.9308196902275085,
                    -0.02890005148947239,
                    -0.364334374666214,
                    -1.4686788320541382
                ],
                [
                    -1.862645149230957e-09,
                    0.9968687295913696,
                    -0.07907450199127197,
                    -0.3187595009803772
                ],
                [
                    0.0,
                    0.0,
                    0.0,
                    1.0
                ]
            ]
        },
        {
            "file_path": "/data/shapenet_blender/all_50_random/02958343/68b62b9b9d49f262b12ea83455b0f44/r_19",
            "rotation": 0.12566370614359174,
            "transform_matrix": [
                [
                    -0.48361441493034363,
                    -0.022085683420300484,
                    0.875002384185791,
                    3.527247667312622
                ],
                [
                    0.8752810955047607,
                    -0.012202885001897812,
                    0.4834604263305664,
                    1.9488914012908936
                ],
                [
                    0.0,
                    0.9996816515922546,
                    0.025232670828700066,
                    0.10171616077423096
                ],
                [
                    0.0,
                    0.0,
                    0.0,
                    1.0
                ]
            ]
        },
        {
            "file_path": "/data/shapenet_blender/all_50_random/02958343/68b62b9b9d49f262b12ea83455b0f44/r_20",
            "rotation": 0.12566370614359174,
            "transform_matrix": [
                [
                    -0.49378502368927,
                    0.003555482951924205,
                    -0.8695767521858215,
                    -3.505376100540161
                ],
                [
                    -0.8695841431617737,
                    -0.00201894692145288,
                    0.49378082156181335,
                    1.9904941320419312
                ],
                [
                    0.0,
                    0.9999916553497314,
                    0.004088716581463814,
                    0.016482144594192505
                ],
                [
                    0.0,
                    0.0,
                    0.0,
                    1.0
                ]
            ]
        },
        {
            "file_path": "/data/shapenet_blender/all_50_random/02958343/68b62b9b9d49f262b12ea83455b0f44/r_21",
            "rotation": 0.12566370614359174,
            "transform_matrix": [
                [
                    -0.8387370109558105,
                    0.4719753861427307,
                    -0.2715871334075928,
                    -1.0948028564453125
                ],
                [
                    -0.544536828994751,
                    -0.7269723415374756,
                    0.4183191657066345,
                    1.6862986087799072
                ],
                [
                    0.0,
                    0.4987489581108093,
                    0.8667464256286621,
                    3.493966817855835
                ],
                [
                    0.0,
                    0.0,
                    0.0,
                    1.0
                ]
            ]
        },
        {
            "file_path": "/data/shapenet_blender/all_50_random/02958343/68b62b9b9d49f262b12ea83455b0f44/r_22",
            "rotation": 0.12566370614359174,
            "transform_matrix": [
                [
                    0.9966493844985962,
                    -0.06244679167866707,
                    0.05282572656869888,
                    0.2129473090171814
                ],
                [
                    0.0817934051156044,
                    0.7609116435050964,
                    -0.6436793804168701,
                    -2.594754695892334
                ],
                [
                    0.0,
                    0.6458433866500854,
                    0.7634698748588562,
                    3.0776455402374268
                ],
                [
                    0.0,
                    0.0,
                    0.0,
                    1.0
                ]
            ]
        },
        {
            "file_path": "/data/shapenet_blender/all_50_random/02958343/68b62b9b9d49f262b12ea83455b0f44/r_23",
            "rotation": 0.12566370614359174,
            "transform_matrix": [
                [
                    0.8825262784957886,
                    0.38859307765960693,
                    0.26484477519989014,
                    1.0676236152648926
                ],
                [
                    0.4702630639076233,
                    -0.7292590141296387,
                    -0.49702489376068115,
                    -2.0035715103149414
                ],
                [
                    1.4901161193847656e-08,
                    0.5631842613220215,
                    -0.8263312578201294,
                    -3.331048011779785
                ],
                [
                    0.0,
                    0.0,
                    0.0,
                    1.0
                ]
            ]
        },
        {
            "file_path": "/data/shapenet_blender/all_50_random/02958343/68b62b9b9d49f262b12ea83455b0f44/r_24",
            "rotation": 0.12566370614359174,
            "transform_matrix": [
                [
                    0.8330832123756409,
                    0.1590830385684967,
                    -0.5297783613204956,
                    -2.1356048583984375
                ],
                [
                    -0.5531478524208069,
                    0.23959127068519592,
                    -0.7978869080543518,
                    -3.2163848876953125
                ],
                [
                    0.0,
                    0.9577518105506897,
                    0.2875958979129791,
                    1.1593360900878906
                ],
                [
                    0.0,
                    0.0,
                    0.0,
                    1.0
                ]
            ]
        },
        {
            "file_path": "/data/shapenet_blender/all_50_random/02958343/68b62b9b9d49f262b12ea83455b0f44/r_25",
            "rotation": 0.12566370614359174,
            "transform_matrix": [
                [
                    0.08381018042564392,
                    0.093439482152462,
                    -0.9920911192893982,
                    -3.9992473125457764
                ],
                [
                    -0.9964817762374878,
                    0.007858829572796822,
                    -0.08344090729951859,
                    -0.3363610506057739
                ],
                [
                    0.0,
                    0.9955939054489136,
                    0.0937693789601326,
                    0.37799644470214844
                ],
                [
                    0.0,
                    0.0,
                    0.0,
                    1.0
                ]
            ]
        },
        {
            "file_path": "/data/shapenet_blender/all_50_random/02958343/68b62b9b9d49f262b12ea83455b0f44/r_26",
            "rotation": 0.12566370614359174,
            "transform_matrix": [
                [
                    -0.7413870692253113,
                    -0.24215088784694672,
                    -0.6258659958839417,
                    -2.52294659614563
                ],
                [
                    -0.6710777282714844,
                    0.2675212323665619,
                    0.6914384961128235,
                    2.7872776985168457
                ],
                [
                    0.0,
                    0.9326282143592834,
                    -0.3608388304710388,
                    -1.4545878171920776
                ],
                [
                    0.0,
                    0.0,
                    0.0,
                    1.0
                ]
            ]
        },
        {
            "file_path": "/data/shapenet_blender/all_50_random/02958343/68b62b9b9d49f262b12ea83455b0f44/r_27",
            "rotation": 0.12566370614359174,
            "transform_matrix": [
                [
                    0.20715805888175964,
                    0.3358612656593323,
                    0.9188485741615295,
                    3.7039971351623535
                ],
                [
                    0.9783074855804443,
                    -0.07111912220716476,
                    -0.19456753134727478,
                    -0.7843267917633057
                ],
                [
                    7.450580596923828e-09,
                    0.9392227530479431,
                    -0.3433084785938263,
                    -1.3839207887649536
                ],
                [
                    0.0,
                    0.0,
                    0.0,
                    1.0
                ]
            ]
        },
        {
            "file_path": "/data/shapenet_blender/all_50_random/02958343/68b62b9b9d49f262b12ea83455b0f44/r_28",
            "rotation": 0.12566370614359174,
            "transform_matrix": [
                [
                    -0.9086700677871704,
                    0.22525149583816528,
                    0.35154008865356445,
                    1.4171035289764404
                ],
                [
                    0.41751495003700256,
                    0.49023228883743286,
                    0.7650839686393738,
                    3.0841524600982666
                ],
                [
                    1.4901162970204496e-08,
                    0.8419821858406067,
                    -0.5395051836967468,
                    -2.1748151779174805
                ],
                [
                    0.0,
                    0.0,
                    0.0,
                    1.0
                ]
            ]
        },
        {
            "file_path": "/data/shapenet_blender/all_50_random/02958343/68b62b9b9d49f262b12ea83455b0f44/r_29",
            "rotation": 0.12566370614359174,
            "transform_matrix": [
                [
                    -0.9761707186698914,
                    0.0669703409075737,
                    -0.20641157031059265,
                    -0.8320716619491577
                ],
                [
                    -0.21700409054756165,
                    -0.30125921964645386,
                    0.9285213947296143,
                    3.7429895401000977
                ],
                [
                    7.450581485102248e-09,
                    0.9511874914169312,
                    0.30861330032348633,
                    1.2440600395202637
                ],
                [
                    0.0,
                    0.0,
                    0.0,
                    1.0
                ]
            ]
        },
        {
            "file_path": "/data/shapenet_blender/all_50_random/02958343/68b62b9b9d49f262b12ea83455b0f44/r_30",
            "rotation": 0.12566370614359174,
            "transform_matrix": [
                [
                    -0.47914156317710876,
                    -0.05693613737821579,
                    -0.875889003276825,
                    -3.5308218002319336
                ],
                [
                    -0.8777377009391785,
                    0.03108043596148491,
                    0.4781323969364166,
                    1.9274134635925293
                ],
                [
                    0.0,
                    0.9978938698768616,
                    -0.06486691534519196,
                    -0.2614869177341461
                ],
                [
                    0.0,
                    0.0,
                    0.0,
                    1.0
                ]
            ]
        },
        {
            "file_path": "/data/shapenet_blender/all_50_random/02958343/68b62b9b9d49f262b12ea83455b0f44/r_31",
            "rotation": 0.12566370614359174,
            "transform_matrix": [
                [
                    -0.9069547653198242,
                    0.23271101713180542,
                    -0.3511103689670563,
                    -1.4153711795806885
                ],
                [
                    -0.4212278425693512,
                    -0.501055121421814,
                    0.7559833526611328,
                    3.047466278076172
                ],
                [
                    0.0,
                    0.833540141582489,
                    0.5524587631225586,
                    2.227032423019409
                ],
                [
                    0.0,
                    0.0,
                    0.0,
                    1.0
                ]
            ]
        },
        {
            "file_path": "/data/shapenet_blender/all_50_random/02958343/68b62b9b9d49f262b12ea83455b0f44/r_32",
            "rotation": 0.12566370614359174,
            "transform_matrix": [
                [
                    -0.9619773626327515,
                    0.10458718985319138,
                    -0.2523115277290344,
                    -1.01710045337677
                ],
                [
                    -0.27312928438186646,
                    -0.3683621883392334,
                    0.8886560201644897,
                    3.582287311553955
                ],
                [
                    7.450581485102248e-09,
                    0.9237806797027588,
                    0.38292184472084045,
                    1.543607473373413
                ],
                [
                    0.0,
                    0.0,
                    0.0,
                    1.0
                ]
            ]
        },
        {
            "file_path": "/data/shapenet_blender/all_50_random/02958343/68b62b9b9d49f262b12ea83455b0f44/r_33",
            "rotation": 0.12566370614359174,
            "transform_matrix": [
                [
                    0.8063756823539734,
                    -0.23874928057193756,
                    -0.541070282459259,
                    -2.181123971939087
                ],
                [
                    -0.5914036631584167,
                    -0.32553336024284363,
                    -0.7377464175224304,
                    -2.9739508628845215
                ],
                [
                    -1.4901161193847656e-08,
                    0.9148916006088257,
                    -0.40369945764541626,
                    -1.6273645162582397
                ],
                [
                    0.0,
                    0.0,
                    0.0,
                    1.0
                ]
            ]
        },
        {
            "file_path": "/data/shapenet_blender/all_50_random/02958343/68b62b9b9d49f262b12ea83455b0f44/r_34",
            "rotation": 0.12566370614359174,
            "transform_matrix": [
                [
                    -0.9595499634742737,
                    -0.1561509072780609,
                    -0.23426653444766998,
                    -0.9443585872650146
                ],
                [
                    -0.2815384864807129,
                    0.5321993231773376,
                    0.7984359264373779,
                    3.2185981273651123
                ],
                [
                    -7.450580596923828e-09,
                    0.8320942521095276,
                    -0.5546343326568604,
                    -2.235802412033081
                ],
                [
                    0.0,
                    0.0,
                    0.0,
                    1.0
                ]
            ]
        },
        {
            "file_path": "/data/shapenet_blender/all_50_random/02958343/68b62b9b9d49f262b12ea83455b0f44/r_35",
            "rotation": 0.12566370614359174,
            "transform_matrix": [
                [
                    0.384604811668396,
                    -0.022209880873560905,
                    -0.9228140711784363,
                    -3.719982624053955
                ],
                [
                    -0.9230813384056091,
                    -0.009253817610442638,
                    -0.3844934403896332,
                    -1.5499426126480103
                ],
                [
                    9.31322685637781e-10,
                    0.9997103810310364,
                    -0.02406059019267559,
                    -0.09699133783578873
                ],
                [
                    0.0,
                    0.0,
                    0.0,
                    1.0
                ]
            ]
        },
        {
            "file_path": "/data/shapenet_blender/all_50_random/02958343/68b62b9b9d49f262b12ea83455b0f44/r_36",
            "rotation": 0.12566370614359174,
            "transform_matrix": [
                [
                    -0.79698246717453,
                    0.3098866939544678,
                    0.5184487700462341,
                    2.0899338722229004
                ],
                [
                    0.6040024161338806,
                    0.40889614820480347,
                    0.6840943098068237,
                    2.7576723098754883
                ],
                [
                    1.4901161193847656e-08,
                    0.8583555221557617,
                    -0.5130553841590881,
                    -2.068192481994629
                ],
                [
                    0.0,
                    0.0,
                    0.0,
                    1.0
                ]
            ]
        },
        {
            "file_path": "/data/shapenet_blender/all_50_random/02958343/68b62b9b9d49f262b12ea83455b0f44/r_37",
            "rotation": 0.12566370614359174,
            "transform_matrix": [
                [
                    0.9818509817123413,
                    -0.07052776217460632,
                    -0.17605242133140564,
                    -0.7096900939941406
                ],
                [
                    -0.18965397775173187,
                    -0.3651268184185028,
                    -0.9114348888397217,
                    -3.674111843109131
                ],
                [
                    0.0,
                    0.9282824397087097,
                    -0.37187597155570984,
                    -1.4990800619125366
                ],
                [
                    0.0,
                    0.0,
                    0.0,
                    1.0
                ]
            ]
        },
        {
            "file_path": "/data/shapenet_blender/all_50_random/02958343/68b62b9b9d49f262b12ea83455b0f44/r_38",
            "rotation": 0.12566370614359174,
            "transform_matrix": [
                [
                    -0.8357622623443604,
                    -0.41308698058128357,
                    -0.36174657940864563,
                    -1.458247184753418
                ],
                [
                    -0.5490915179252625,
                    0.6287521719932556,
                    0.5506078600883484,
                    2.219571590423584
                ],
                [
                    0.0,
                    0.6588093042373657,
                    -0.7523098587989807,
                    -3.032658338546753
                ],
                [
                    0.0,
                    0.0,
                    0.0,
                    1.0
                ]
            ]
        },
        {
            "file_path": "/data/shapenet_blender/all_50_random/02958343/68b62b9b9d49f262b12ea83455b0f44/r_39",
            "rotation": 0.12566370614359174,
            "transform_matrix": [
                [
                    -0.032765280455350876,
                    0.16880233585834503,
                    -0.9851051568984985,
                    -3.971085786819458
                ],
                [
                    -0.9994630217552185,
                    -0.005533827934414148,
                    0.03229459375143051,
                    0.13018366694450378
                ],
                [
                    4.6566125955216364e-10,
                    0.9856343865394592,
                    0.1688930094242096,
                    0.6808295249938965
                ],
                [
                    0.0,
                    0.0,
                    0.0,
                    1.0
                ]
            ]
        },
        {
            "file_path": "/data/shapenet_blender/all_50_random/02958343/68b62b9b9d49f262b12ea83455b0f44/r_40",
            "rotation": 0.12566370614359174,
            "transform_matrix": [
                [
                    -0.052562978118658066,
                    0.22694435715675354,
                    0.9724881649017334,
                    3.9202253818511963
                ],
                [
                    0.9986177086830139,
                    0.011945383623242378,
                    0.051187630742788315,
                    0.20634394884109497
                ],
                [
                    0.0,
                    0.9738343954086304,
                    -0.22725851833820343,
                    -0.9161084294319153
                ],
                [
                    0.0,
                    0.0,
                    0.0,
                    1.0
                ]
            ]
        },
        {
            "file_path": "/data/shapenet_blender/all_50_random/02958343/68b62b9b9d49f262b12ea83455b0f44/r_41",
            "rotation": 0.12566370614359174,
            "transform_matrix": [
                [
                    -0.989171028137207,
                    -0.024682391434907913,
                    -0.14467786252498627,
                    -0.5832151770591736
                ],
                [
                    -0.1467682272195816,
                    0.16635143756866455,
                    0.9750826358795166,
                    3.9306840896606445
                ],
                [
                    0.0,
                    0.98575758934021,
