{
    "class": "02958343",
    "model": "4cabd6d81c0a9e8c6436916a86a90ed7",
    "remove_doubles": true,
    "edge_split": true,
    "denoise": true,
    "camera_angle_x": 0.6911112070083618,
    "scale_factor": 2.275323171881995,
    "hdri_file": "/data/IndoorHDRDataset2018/AG8A2290-2cd8873790.exr",
    "center_offset": [
        0.0,
        -1.862645149230957e-09,
        -3.725290298461914e-09
    ],
    "lights": [],
    "frames": [
        {
            "file_path": "/data/shapenet_blender/all_50_random/02958343/4cabd6d81c0a9e8c6436916a86a90ed7/r_0",
            "rotation": 0.12566370614359174,
            "transform_matrix": [
                [
                    -0.899455726146698,
                    -0.2533421218395233,
                    -0.3560858964920044,
                    -1.4354281425476074
                ],
                [
                    -0.4370119571685791,
                    0.5214274525642395,
                    0.7328941822052002,
                    2.9543910026550293
                ],
                [
                    0.0,
                    0.8148196339607239,
                    -0.5797144770622253,
                    -2.3369038105010986
                ],
                [
                    0.0,
                    0.0,
                    0.0,
                    1.0
                ]
            ]
        },
        {
            "file_path": "/data/shapenet_blender/all_50_random/02958343/4cabd6d81c0a9e8c6436916a86a90ed7/r_1",
            "rotation": 0.12566370614359174,
            "transform_matrix": [
                [
                    -0.10844574123620987,
                    -0.0837276503443718,
                    0.990570068359375,
                    3.9931159019470215
                ],
                [
                    0.9941023588180542,
                    -0.009133773855865002,
                    0.10806039720773697,
                    0.4356054365634918
                ],
                [
                    0.0,
                    0.9964467287063599,
                    0.08422437310218811,
                    0.33951935172080994
                ],
                [
                    0.0,
                    0.0,
                    0.0,
                    1.0
                ]
            ]
        },
        {
            "file_path": "/data/shapenet_blender/all_50_random/02958343/4cabd6d81c0a9e8c6436916a86a90ed7/r_2",
            "rotation": 0.12566370614359174,
            "transform_matrix": [
                [
                    -0.9486353397369385,
                    -0.06564055383205414,
                    -0.3094872534275055,
                    -1.2475831508636475
                ],
                [
                    -0.31637170910835266,
                    0.19682207703590393,
                    0.9279923439025879,
                    3.7408571243286133
                ],
                [
                    -3.725290298461914e-09,
                    0.9782394766807556,
                    -0.20747914910316467,
                    -0.8363752365112305
                ],
                [
                    0.0,
                    0.0,
                    0.0,
                    1.0
                ]
            ]
        },
        {
            "file_path": "/data/shapenet_blender/all_50_random/02958343/4cabd6d81c0a9e8c6436916a86a90ed7/r_3",
            "rotation": 0.12566370614359174,
            "transform_matrix": [
                [
                    0.9999827742576599,
                    0.0029045247938483953,
                    -0.005103605799376965,
                    -0.020573295652866364
                ],
                [
                    -0.005872228182852268,
                    0.49461206793785095,
                    -0.8690939545631409,
                    -3.503430128097534
                ],
                [
                    0.0,
                    0.869109034538269,
                    0.49462056159973145,
                    1.9938794374465942
                ],
                [
                    0.0,
                    0.0,
                    0.0,
                    1.0
                ]
            ]
        },
        {
            "file_path": "/data/shapenet_blender/all_50_random/02958343/4cabd6d81c0a9e8c6436916a86a90ed7/r_4",
            "rotation": 0.12566370614359174,
            "transform_matrix": [
                [
                    0.22142580151557922,
                    0.4293676018714905,
                    -0.8755649924278259,
                    -3.529515266418457
                ],
                [
                    -0.9751772284507751,
                    0.09749311953783035,
                    -0.19880764186382294,
                    -0.801419198513031
                ],
                [
                    0.0,
                    0.8978521227836609,
                    0.44029700756073,
                    1.774893879890442
                ],
                [
                    0.0,
                    0.0,
                    0.0,
                    1.0
                ]
            ]
        },
        {
            "file_path": "/data/shapenet_blender/all_50_random/02958343/4cabd6d81c0a9e8c6436916a86a90ed7/r_5",
            "rotation": 0.12566370614359174,
            "transform_matrix": [
                [
                    0.39176180958747864,
                    -0.6183196902275085,
                    0.6813247203826904,
                    2.7465078830718994
                ],
                [
                    0.9200666546821594,
                    0.2632787823677063,
                    -0.2901061773300171,
                    -1.1694554090499878
                ],
                [
                    1.4901160305669237e-08,
                    0.7405166625976562,
                    0.6720379590988159,
                    2.709071636199951
                ],
                [
                    0.0,
                    0.0,
                    0.0,
                    1.0
                ]
            ]
        },
        {
            "file_path": "/data/shapenet_blender/all_50_random/02958343/4cabd6d81c0a9e8c6436916a86a90ed7/r_6",
            "rotation": 0.12566370614359174,
            "transform_matrix": [
                [
                    -0.9777788519859314,
                    -0.14857478439807892,
                    0.14789848029613495,
                    0.5961978435516357
                ],
                [
                    0.2096387892961502,
                    -0.6929694414138794,
                    0.689815104007721,
                    2.780733585357666
                ],
                [
                    0.0,
                    0.7054919600486755,
                    0.708717942237854,
                    2.856933355331421
                ],
                [
                    0.0,
                    0.0,
                    0.0,
                    1.0
                ]
            ]
        },
        {
            "file_path": "/data/shapenet_blender/all_50_random/02958343/4cabd6d81c0a9e8c6436916a86a90ed7/r_7",
            "rotation": 0.12566370614359174,
            "transform_matrix": [
                [
                    0.6971825361251831,
                    0.030505016446113586,
                    -0.7162443399429321,
                    -2.8872733116149902
                ],
                [
                    -0.7168936729431152,
                    0.029666272923350334,
                    -0.6965510249137878,
                    -2.807887077331543
                ],
                [
                    0.0,
                    0.9990941882133484,
                    0.042551662772893906,
                    0.17153124511241913
                ],
                [
                    0.0,
                    0.0,
                    0.0,
                    1.0
                ]
            ]
        },
        {
            "file_path": "/data/shapenet_blender/all_50_random/02958343/4cabd6d81c0a9e8c6436916a86a90ed7/r_8",
            "rotation": 0.12566370614359174,
            "transform_matrix": [
                [
                    0.2958597242832184,
                    -0.20562724769115448,
                    0.9328367710113525,
                    3.760385274887085
                ],
                [
                    0.9552313685417175,
                    0.06368805468082428,
                    -0.28892356157302856,
                    -1.1646881103515625
                ],
                [
                    -3.725290076417309e-09,
                    0.9765558838844299,
                    0.21526432037353516,
                    0.8677582144737244
                ],
                [
                    0.0,
                    0.0,
                    0.0,
                    1.0
                ]
            ]
        },
        {
            "file_path": "/data/shapenet_blender/all_50_random/02958343/4cabd6d81c0a9e8c6436916a86a90ed7/r_9",
            "rotation": 0.12566370614359174,
            "transform_matrix": [
                [
                    -0.06438027322292328,
                    -0.4325585961341858,
                    0.8993042707443237,
                    3.625211715698242
                ],
                [
                    0.9979254603385925,
                    -0.027906134724617004,
                    0.05801782011985779,
                    0.23387733101844788
                ],
                [
                    -1.8626450382086546e-09,
                    0.9011738300323486,
                    0.43345779180526733,
                    1.7473243474960327
                ],
                [
                    0.0,
                    0.0,
                    0.0,
                    1.0
                ]
            ]
        },
        {
            "file_path": "/data/shapenet_blender/all_50_random/02958343/4cabd6d81c0a9e8c6436916a86a90ed7/r_10",
            "rotation": 0.12566370614359174,
            "transform_matrix": [
                [
                    -0.9130731225013733,
                    0.20267146825790405,
                    0.35386690497398376,
                    1.426483154296875
                ],
                [
                    0.4077959358692169,
                    0.4537903666496277,
                    0.792323648929596,
                    3.1939587593078613
                ],
                [
                    0.0,
                    0.8677548766136169,
                    -0.4969923794269562,
                    -2.0034403800964355
                ],
                [
                    0.0,
                    0.0,
                    0.0,
                    1.0
                ]
            ]
        },
        {
            "file_path": "/data/shapenet_blender/all_50_random/02958343/4cabd6d81c0a9e8c6436916a86a90ed7/r_11",
            "rotation": 0.12566370614359174,
            "transform_matrix": [
                [
                    -0.9996225833892822,
                    0.020531028509140015,
                    -0.01825559511780739,
                    -0.07359066605567932
                ],
                [
                    -0.027473442256450653,
                    -0.7470225095748901,
                    0.6642307639122009,
                    2.677600145339966
                ],
                [
                    0.0,
                    0.6644815802574158,
                    0.7473045587539673,
                    3.012481212615967
                ],
                [
                    0.0,
                    0.0,
                    0.0,
                    1.0
                ]
            ]
        },
        {
            "file_path": "/data/shapenet_blender/all_50_random/02958343/4cabd6d81c0a9e8c6436916a86a90ed7/r_12",
            "rotation": 0.12566370614359174,
            "transform_matrix": [
                [
                    0.992109477519989,
                    -0.08532346785068512,
                    -0.09186204522848129,
                    -0.3703077435493469
                ],
                [
                    -0.12537436187267303,
                    -0.675179660320282,
                    -0.7269206047058105,
                    -2.9303107261657715
                ],
                [
                    3.725290298461914e-09,
                    0.7327019572257996,
                    -0.6805495619773865,
                    -2.7433829307556152
                ],
                [
                    0.0,
                    0.0,
                    0.0,
                    1.0
                ]
            ]
        },
        {
            "file_path": "/data/shapenet_blender/all_50_random/02958343/4cabd6d81c0a9e8c6436916a86a90ed7/r_13",
            "rotation": 0.12566370614359174,
            "transform_matrix": [
                [
                    -0.8292393684387207,
                    0.2582431137561798,
                    -0.4956536591053009,
                    -1.9980435371398926
                ],
                [
                    -0.5588935613632202,
                    -0.38315948843955994,
                    0.7354093194007874,
                    2.964529514312744
                ],
                [
                    -1.4901159417490817e-08,
                    0.886847972869873,
                    0.4620613753795624,
                    1.862628698348999
                ],
                [
                    0.0,
                    0.0,
                    0.0,
                    1.0
                ]
            ]
        },
        {
            "file_path": "/data/shapenet_blender/all_50_random/02958343/4cabd6d81c0a9e8c6436916a86a90ed7/r_14",
            "rotation": 0.12566370614359174,
            "transform_matrix": [
                [
                    -0.9378559589385986,
                    -0.016605790704488754,
                    0.34662726521492004,
                    1.3972991704940796
                ],
                [
                    0.3470247983932495,
                    -0.04487817734479904,
                    0.9367815852165222,
                    3.776287317276001
                ],
                [
                    0.0,
                    0.998854398727417,
                    0.047851890325546265,
                    0.19289714097976685
                ],
                [
                    0.0,
                    0.0,
                    0.0,
                    1.0
                ]
            ]
        },
        {
            "file_path": "/data/shapenet_blender/all_50_random/02958343/4cabd6d81c0a9e8c6436916a86a90ed7/r_15",
            "rotation": 0.12566370614359174,
            "transform_matrix": [
                [
                    0.9605038166046143,
                    0.1898203194141388,
                    -0.20347145199775696,
                    -0.8202196359634399
                ],
                [
                    -0.2782667279243469,
                    0.6552099585533142,
                    -0.7023300528526306,
                    -2.8311829566955566
                ],
                [
                    0.0,
                    0.7312100529670715,
                    0.6821523308753967,
                    2.7498440742492676
                ],
                [
                    0.0,
                    0.0,
                    0.0,
                    1.0
                ]
            ]
        },
        {
            "file_path": "/data/shapenet_blender/all_50_random/02958343/4cabd6d81c0a9e8c6436916a86a90ed7/r_16",
            "rotation": 0.12566370614359174,
            "transform_matrix": [
                [
                    0.2550857365131378,
                    0.31727996468544006,
                    -0.9133808612823486,
                    -3.6819562911987305
                ],
                [
                    -0.9669183492660522,
                    0.08370261639356613,
                    -0.24096184968948364,
                    -0.9713483452796936
                ],
                [
                    0.0,
                    0.9446307420730591,
                    0.3281351923942566,
                    1.3227553367614746
                ],
                [
                    0.0,
                    0.0,
                    0.0,
                    1.0
                ]
            ]
        },
        {
            "file_path": "/data/shapenet_blender/all_50_random/02958343/4cabd6d81c0a9e8c6436916a86a90ed7/r_17",
            "rotation": 0.12566370614359174,
            "transform_matrix": [
                [
                    0.37124866247177124,
                    -0.020940570160746574,
                    -0.9282973408699036,
                    -3.742086172103882
                ],
                [
                    -0.9285334944725037,
                    -0.008372512646019459,
                    -0.37115421891212463,
                    -1.4961705207824707
                ],
                [
                    0.0,
                    0.9997456669807434,
                    -0.022552305832505226,
                    -0.09091125428676605
                ],
                [
                    0.0,
                    0.0,
                    0.0,
                    1.0
                ]
            ]
        },
        {
            "file_path": "/data/shapenet_blender/all_50_random/02958343/4cabd6d81c0a9e8c6436916a86a90ed7/r_18",
            "rotation": 0.12566370614359174,
            "transform_matrix": [
                [
                    -0.0916847363114357,
                    -0.7271594405174255,
                    -0.6803181767463684,
                    -2.742450475692749
                ],
                [
                    -0.9957880973815918,
                    0.06695140898227692,
                    0.06263861805200577,
                    0.2525043785572052
                ],
                [
                    0.0,
                    0.6831957101821899,
                    -0.7302351593971252,
                    -2.9436724185943604
                ],
                [
                    0.0,
                    0.0,
                    0.0,
                    1.0
                ]
            ]
        },
        {
            "file_path": "/data/shapenet_blender/all_50_random/02958343/4cabd6d81c0a9e8c6436916a86a90ed7/r_19",
            "rotation": 0.12566370614359174,
            "transform_matrix": [
                [
                    0.17454956471920013,
                    -0.08106304705142975,
                    0.9813059568405151,
                    3.955770254135132
                ],
                [
                    0.9846483469009399,
                    0.014370124787092209,
                    -0.17395706474781036,
                    -0.7012432813644409
                ],
                [
                    9.313224080820248e-10,
                    0.9966053366661072,
                    0.08232690393924713,
                    0.33187031745910645
                ],
                [
                    0.0,
                    0.0,
                    0.0,
                    1.0
                ]
            ]
        },
        {
            "file_path": "/data/shapenet_blender/all_50_random/02958343/4cabd6d81c0a9e8c6436916a86a90ed7/r_20",
            "rotation": 0.12566370614359174,
            "transform_matrix": [
                [
                    0.573367714881897,
                    -0.7767010927200317,
                    0.26073870062828064,
                    1.051071286201477
                ],
                [
                    0.8192981481552124,
                    0.5435571074485779,
                    -0.18247221410274506,
                    -0.7355690002441406
                ],
                [
                    -1.4901162970204496e-08,
                    0.318246454000473,
                    0.9480080008506775,
                    3.821542501449585
                ],
                [
                    0.0,
                    0.0,
                    0.0,
                    1.0
                ]
            ]
        },
        {
            "file_path": "/data/shapenet_blender/all_50_random/02958343/4cabd6d81c0a9e8c6436916a86a90ed7/r_21",
            "rotation": 0.12566370614359174,
            "transform_matrix": [
                [
                    -0.9323329329490662,
                    0.1480770856142044,
                    -0.32989171147346497,
                    -1.3298358917236328
                ],
                [
                    -0.3616010844707489,
                    -0.3817940056324005,
                    0.8505751490592957,
                    3.4287776947021484
                ],
                [
                    1.4901161193847656e-08,
                    0.9123082756996155,
                    0.4095039963722229,
                    1.6507631540298462
                ],
                [
                    0.0,
                    0.0,
                    0.0,
                    1.0
                ]
            ]
        },
        {
            "file_path": "/data/shapenet_blender/all_50_random/02958343/4cabd6d81c0a9e8c6436916a86a90ed7/r_22",
            "rotation": 0.12566370614359174,
            "transform_matrix": [
                [
                    -0.9758703112602234,
                    -0.007013610564172268,
                    0.21823833882808685,
                    0.8797469139099121
                ],
                [
                    0.21835102140903473,
                    -0.03134573996067047,
                    0.9753667116165161,
                    3.9318292140960693
                ],
                [
                    0.0,
                    0.9994840025901794,
                    0.032120801508426666,
                    0.12948310375213623
                ],
                [
                    0.0,
                    0.0,
                    0.0,
                    1.0
                ]
            ]
        },
        {
            "file_path": "/data/shapenet_blender/all_50_random/02958343/4cabd6d81c0a9e8c6436916a86a90ed7/r_23",
            "rotation": 0.12566370614359174,
            "transform_matrix": [
                [
                    0.4782753884792328,
                    0.02208724245429039,
                    0.877932071685791,
                    3.539057493209839
                ],
                [
                    0.8782100081443787,
                    -0.012028768658638,
                    -0.47812405228614807,
                    -1.9273797273635864
                ],
                [
                    0.0,
                    0.9996836185455322,
                    -0.025150300934910774,
                    -0.10138410329818726
                ],
                [
                    0.0,
                    0.0,
                    0.0,
                    1.0
                ]
            ]
        },
        {
            "file_path": "/data/shapenet_blender/all_50_random/02958343/4cabd6d81c0a9e8c6436916a86a90ed7/r_24",
            "rotation": 0.12566370614359174,
            "transform_matrix": [
                [
                    -0.668388843536377,
                    0.21790257096290588,
                    0.7111784815788269,
                    2.866852045059204
                ],
                [
                    0.7438120245933533,
                    0.1958070546388626,
                    0.639064371585846,
                    2.576150894165039
                ],
                [
                    0.0,
                    0.9561266303062439,
                    -0.2929537892341614,
                    -1.1809345483779907
                ],
                [
                    0.0,
                    0.0,
                    0.0,
                    1.0
                ]
            ]
        },
        {
            "file_path": "/data/shapenet_blender/all_50_random/02958343/4cabd6d81c0a9e8c6436916a86a90ed7/r_25",
            "rotation": 0.12566370614359174,
            "transform_matrix": [
                [
                    -0.9949771165847778,
                    0.04092570021748543,
                    -0.09135524928569794,
                    -0.3682648241519928
                ],
                [
                    -0.10010343790054321,
                    -0.40678057074546814,
                    0.9080246090888977,
                    3.6603646278381348
                ],
                [
                    0.0,
                    0.9126086831092834,
                    0.4088340699672699,
                    1.6480629444122314
                ],
                [
                    0.0,
                    0.0,
                    0.0,
                    1.0
                ]
            ]
        },
        {
            "file_path": "/data/shapenet_blender/all_50_random/02958343/4cabd6d81c0a9e8c6436916a86a90ed7/r_26",
            "rotation": 0.12566370614359174,
            "transform_matrix": [
                [
                    -0.8498880863189697,
                    -0.47685617208480835,
                    -0.2242729812860489,
                    -0.9040733575820923
                ],
                [
                    -0.5269631743431091,
                    0.769075334072113,
                    0.36170828342437744,
                    1.4580928087234497
                ],
                [
                    0.0,
                    0.42559510469436646,
                    -0.904913604259491,
                    -3.6478235721588135
                ],
                [
                    0.0,
                    0.0,
                    0.0,
                    1.0
                ]
            ]
        },
        {
            "file_path": "/data/shapenet_blender/all_50_random/02958343/4cabd6d81c0a9e8c6436916a86a90ed7/r_27",
            "rotation": 0.12566370614359174,
            "transform_matrix": [
                [
                    -0.9117372035980225,
                    -0.4067414104938507,
                    -0.057415921241045,
                    -0.23145097494125366
                ],
                [
                    -0.4107738435268402,
                    0.9027869701385498,
                    0.12743808329105377,
                    0.5137193202972412
                ],
                [
                    0.0,
                    0.1397748440504074,
                    -0.9901832342147827,
                    -3.991556406021118
                ],
                [
                    0.0,
                    0.0,
                    0.0,
                    1.0
                ]
            ]
        },
        {
            "file_path": "/data/shapenet_blender/all_50_random/02958343/4cabd6d81c0a9e8c6436916a86a90ed7/r_28",
            "rotation": 0.12566370614359174,
            "transform_matrix": [
                [
                    0.5194070935249329,
                    -0.12175135314464569,
                    -0.8458090424537659,
                    -3.4095652103424072
                ],
                [
                    -0.8545269966125488,
                    -0.07400412857532501,
                    -0.5141081213951111,
                    -2.0724360942840576
                ],
                [
                    -7.450580596923828e-09,
                    0.9897979497909546,
                    -0.1424780935049057,
                    -0.5743475556373596
                ],
                [
                    0.0,
                    0.0,
                    0.0,
                    1.0
                ]
            ]
        },
        {
            "file_path": "/data/shapenet_blender/all_50_random/02958343/4cabd6d81c0a9e8c6436916a86a90ed7/r_29",
            "rotation": 0.12566370614359174,
            "transform_matrix": [
                [
                    0.8023502230644226,
                    0.2711732089519501,
                    0.5316945314407349,
                    2.14332914352417
                ],
                [
                    0.5968533158302307,
                    -0.3645382821559906,
                    -0.7147572040557861,
                    -2.8812785148620605
                ],
                [
                    0.0,
                    0.89082932472229,
                    -0.45433810353279114,
                    -1.8314955234527588
                ],
                [
                    0.0,
                    0.0,
                    0.0,
                    1.0
                ]
            ]
        },
        {
            "file_path": "/data/shapenet_blender/all_50_random/02958343/4cabd6d81c0a9e8c6436916a86a90ed7/r_30",
            "rotation": 0.12566370614359174,
            "transform_matrix": [
                [
                    0.9476590752601624,
                    0.18188847601413727,
                    -0.2624097764492035,
                    -1.0578078031539917
                ],
                [
                    -0.3192840814590454,
                    0.5398585796356201,
                    -0.7788518667221069,
                    -3.1396524906158447
                ],
                [
                    0.0,
                    0.8218692541122437,
                    0.5696759819984436,
                    2.2964375019073486
                ],
                [
                    0.0,
                    0.0,
                    0.0,
                    1.0
                ]
            ]
        },
        {
            "file_path": "/data/shapenet_blender/all_50_random/02958343/4cabd6d81c0a9e8c6436916a86a90ed7/r_31",
            "rotation": 0.12566370614359174,
            "transform_matrix": [
                [
                    -0.31262338161468506,
                    0.1465233862400055,
                    0.9385080933570862,
                    3.783247232437134
                ],
                [
                    0.9498772025108337,
                    0.048223745077848434,
                    0.30888161063194275,
                    1.245141625404358
                ],
                [
                    3.725290742551124e-09,
                    0.9880310297012329,
                    -0.15425507724285126,
                    -0.6218221187591553
                ],
                [
                    0.0,
                    0.0,
                    0.0,
                    1.0
                ]
            ]
        },
        {
            "file_path": "/data/shapenet_blender/all_50_random/02958343/4cabd6d81c0a9e8c6436916a86a90ed7/r_32",
            "rotation": 0.12566370614359174,
            "transform_matrix": [
                [
                    -0.5787911415100098,
                    -0.2613954246044159,
                    0.7724462151527405,
                    3.11383056640625
                ],
                [
                    0.8154759407043457,
                    -0.18552769720554352,
                    0.5482504367828369,
                    2.210068464279175
                ],
                [
                    0.0,
                    0.9472336769104004,
                    0.32054343819618225,
                    1.2921520471572876
                ],
                [
                    0.0,
                    0.0,
                    0.0,
                    1.0
                ]
            ]
        },
        {
            "file_path": "/data/shapenet_blender/all_50_random/02958343/4cabd6d81c0a9e8c6436916a86a90ed7/r_33",
            "rotation": 0.12566370614359174,
            "transform_matrix": [
                [
                    0.7145489454269409,
                    0.04998394474387169,
                    0.6977975964546204,
                    2.8129119873046875
                ],
                [
                    0.6995855569839478,
                    -0.05105305090546608,
                    -0.7127227783203125,
                    -2.873077392578125
                ],
                [
                    0.0,
                    0.9974443316459656,
                    -0.0714479461312294,
                    -0.28801587224006653
                ],
                [
                    0.0,
                    0.0,
                    0.0,
                    1.0
                ]
            ]
        },
        {
            "file_path": "/data/shapenet_blender/all_50_random/02958343/4cabd6d81c0a9e8c6436916a86a90ed7/r_34",
            "rotation": 0.12566370614359174,
            "transform_matrix": [
                [
                    0.9948471188545227,
                    0.0008904944406822324,
                    0.10138332843780518,
                    0.4086892604827881
                ],
                [
                    0.10138724744319916,
                    -0.008737842552363873,
                    -0.9948086738586426,
                    -4.010201930999756
                ],
                [
                    0.0,
                    0.9999614953994751,
                    -0.008783101104199886,
                    -0.03540581464767456
                ],
                [
                    0.0,
                    0.0,
                    0.0,
                    1.0
                ]
            ]
        },
        {
            "file_path": "/data/shapenet_blender/all_50_random/02958343/4cabd6d81c0a9e8c6436916a86a90ed7/r_35",
            "rotation": 0.12566370614359174,
            "transform_matrix": [
                [
                    0.7522052526473999,
                    -0.1952667534351349,
                    -0.6293314695358276,
                    -2.536916494369507
                ],
                [
                    -0.6589288711547852,
                    -0.22290824353694916,
                    -0.7184180617332458,
                    -2.896036148071289
                ],
                [
                    -1.4901161193847656e-08,
                    0.9550826549530029,
                    -0.29633963108062744,
                    -1.1945834159851074
                ],
                [
                    0.0,
                    0.0,
                    0.0,
                    1.0
                ]
            ]
        },
        {
            "file_path": "/data/shapenet_blender/all_50_random/02958343/4cabd6d81c0a9e8c6436916a86a90ed7/r_36",
            "rotation": 0.12566370614359174,
            "transform_matrix": [
                [
                    -0.8836697936058044,
                    0.20885999500751495,
                    0.41893354058265686,
                    1.6887750625610352
                ],
                [
                    0.46811094880104065,
                    0.39427247643470764,
                    0.7908358573913574,
                    3.1879613399505615
                ],
                [
                    0.0,
                    0.894944965839386,
                    -0.44617635011672974,
                    -1.798594355583191
                ],
                [
                    0.0,
                    0.0,
                    0.0,
                    1.0
                ]
            ]
        },
        {
            "file_path": "/data/shapenet_blender/all_50_random/02958343/4cabd6d81c0a9e8c6436916a86a90ed7/r_37",
            "rotation": 0.12566370614359174,
            "transform_matrix": [
                [
                    0.4280981421470642,
                    0.8307326436042786,
                    0.35583022236824036,
                    1.434397578239441
                ],
                [
                    0.9037322402000427,
                    -0.39351820945739746,
                    -0.16855685412883759,
                    -0.6794744729995728
                ],
                [
                    -1.4901161193847656e-08,
                    0.39373400807380676,
                    -0.9192242622375488,
                    -3.7055118083953857
                ],
                [
                    0.0,
                    0.0,
                    0.0,
                    1.0
                ]
            ]
        },
        {
            "file_path": "/data/shapenet_blender/all_50_random/02958343/4cabd6d81c0a9e8c6436916a86a90ed7/r_38",
            "rotation": 0.12566370614359174,
            "transform_matrix": [
                [
                    -0.7737518548965454,
                    0.48418495059013367,
                    -0.40850090980529785,
                    -1.6467198133468628
                ],
                [
                    -0.6334887742996216,
                    -0.591390073299408,
                    0.4989485740661621,
                    2.0113260746002197
                ],
                [
                    1.4901161193847656e-08,
                    0.6448431611061096,
                    0.7643148899078369,
                    3.081051826477051
                ],
                [
                    0.0,
                    0.0,
                    0.0,
                    1.0
                ]
            ]
        },
        {
            "file_path": "/data/shapenet_blender/all_50_random/02958343/4cabd6d81c0a9e8c6436916a86a90ed7/r_39",
            "rotation": 0.12566370614359174,
            "transform_matrix": [
                [
                    0.8216965198516846,
                    -0.03817373886704445,
                    0.5686453580856323,
                    2.292283058166504
                ],
                [
                    0.5699253082275391,
                    0.05503743886947632,
                    -0.8198511600494385,
                    -3.3049259185791016
                ],
                [
                    -3.725290298461914e-09,
                    0.9977542161941528,
                    0.06698025017976761,
                    0.27000606060028076
                ],
                [
                    0.0,
                    0.0,
                    0.0,
                    1.0
                ]
            ]
        },
        {
            "file_path": "/data/shapenet_blender/all_50_random/02958343/4cabd6d81c0a9e8c6436916a86a90ed7/r_40",
            "rotation": 0.12566370614359174,
            "transform_matrix": [
                [
                    0.3843364417552948,
                    -0.15097174048423767,
                    -0.9107651114463806,
                    -3.6714115142822266
                ],
                [
                    -0.923193097114563,
                    -0.06285135447978973,
                    -0.3791624903678894,
                    -1.5284528732299805
                ],
                [
                    -3.725290298461914e-09,
                    0.9865379333496094,
                    -0.16353216767311096,
                    -0.6592192649841309
                ],
                [
                    0.0,
                    0.0,
                    0.0,
                    1.0
                ]
            ]
        },
        {
            "file_path": "/data/shapenet_blender/all_50_random/02958343/4cabd6d81c0a9e8c6436916a86a90ed7/r_41",
            "rotation": 0.12566370614359174,
            "transform_matrix": [
                [
                    0.24335406720638275,
                    0.11064170300960541,
                    -0.9636062979698181,
                    -3.8844213485717773
                ],
                [
                    -0.9699375033378601,
                    0.027759632095694542,
                    -0.2417655885219574,
                    -0.9745882749557495
                ],
                [
                    0.0,
