{
    "class": "02958343",
    "model": "4d22bfe3097f63236436916a86a90ed7",
    "remove_doubles": true,
    "edge_split": true,
    "denoise": true,
    "camera_angle_x": 0.6911112070083618,
    "scale_factor": 2.278060006426607,
    "hdri_file": "/data/IndoorHDRDataset2018/9C4A0232-2c9e5539a7.exr",
    "center_offset": [
        0.0,
        0.0,
        -1.862645149230957e-09
    ],
    "lights": [],
    "frames": [
        {
            "file_path": "/data/shapenet_blender/all_50_random/02958343/4d22bfe3097f63236436916a86a90ed7/r_0",
            "rotation": 0.12566370614359174,
            "transform_matrix": [
                [
                    0.7188393473625183,
                    -0.004481160081923008,
                    -0.6951617002487183,
                    -2.802286386489868
                ],
                [
                    -0.6951761245727539,
                    -0.004633695352822542,
                    -0.7188244462013245,
                    -2.897674083709717
                ],
                [
                    -2.328306020205062e-10,
                    0.9999792575836182,
                    -0.006446078419685364,
                    -0.025984972715377808
                ],
                [
                    0.0,
                    0.0,
                    0.0,
                    1.0
                ]
            ]
        },
        {
            "file_path": "/data/shapenet_blender/all_50_random/02958343/4d22bfe3097f63236436916a86a90ed7/r_1",
            "rotation": 0.12566370614359174,
            "transform_matrix": [
                [
                    -0.4900195896625519,
                    -0.6738056540489197,
                    0.5530520677566528,
                    2.229424476623535
                ],
                [
                    0.8717114925384521,
                    -0.37876978516578674,
                    0.31088995933532715,
                    1.2532376050949097
                ],
                [
                    0.0,
                    0.6344439387321472,
                    0.7729687094688416,
                    3.115936756134033
                ],
                [
                    0.0,
                    0.0,
                    0.0,
                    1.0
                ]
            ]
        },
        {
            "file_path": "/data/shapenet_blender/all_50_random/02958343/4d22bfe3097f63236436916a86a90ed7/r_2",
            "rotation": 0.12566370614359174,
            "transform_matrix": [
                [
                    -0.9933282136917114,
                    -0.0623430497944355,
                    0.09701716154813766,
                    0.39108872413635254
                ],
                [
                    0.11532122641801834,
                    -0.536996603012085,
                    0.8356647491455078,
                    3.3686726093292236
                ],
                [
                    0.0,
                    0.841277539730072,
                    0.5406033396720886,
                    2.179241895675659
                ],
                [
                    0.0,
                    0.0,
                    0.0,
                    1.0
                ]
            ]
        },
        {
            "file_path": "/data/shapenet_blender/all_50_random/02958343/4d22bfe3097f63236436916a86a90ed7/r_3",
            "rotation": 0.12566370614359174,
            "transform_matrix": [
                [
                    0.999823808670044,
                    0.0006217806367203593,
                    -0.01876184344291687,
                    -0.07563140988349915
                ],
                [
                    -0.018772143870592117,
                    0.03311667963862419,
                    -0.9992752075195312,
                    -4.028207302093506
                ],
                [
                    0.0,
                    0.9994513392448425,
                    0.03312252089381218,
                    0.1335211545228958
                ],
                [
                    0.0,
                    0.0,
                    0.0,
                    1.0
                ]
            ]
        },
        {
            "file_path": "/data/shapenet_blender/all_50_random/02958343/4d22bfe3097f63236436916a86a90ed7/r_4",
            "rotation": 0.12566370614359174,
            "transform_matrix": [
                [
                    0.23352909088134766,
                    0.28137508034706116,
                    -0.9307482242584229,
                    -3.7519659996032715
                ],
                [
                    -0.9723498225212097,
                    0.0675778016448021,
                    -0.2235376536846161,
                    -0.9011090993881226
                ],
                [
                    -7.450580596923828e-09,
                    0.9572153091430664,
                    0.2893764078617096,
                    1.1665135622024536
                ],
                [
                    0.0,
                    0.0,
                    0.0,
                    1.0
                ]
            ]
        },
        {
            "file_path": "/data/shapenet_blender/all_50_random/02958343/4d22bfe3097f63236436916a86a90ed7/r_5",
            "rotation": 0.12566370614359174,
            "transform_matrix": [
                [
                    -0.2978493273258209,
                    0.08207468688488007,
                    -0.9510779976844788,
                    -3.833918333053589
                ],
                [
                    -0.9546129107475281,
                    -0.02560817077755928,
                    0.2967464029788971,
                    1.1962231397628784
                ],
                [
                    1.862645371275562e-09,
                    0.9962970614433289,
                    0.08597692847251892,
                    0.34658411145210266
                ],
                [
                    0.0,
                    0.0,
                    0.0,
                    1.0
                ]
            ]
        },
        {
            "file_path": "/data/shapenet_blender/all_50_random/02958343/4d22bfe3097f63236436916a86a90ed7/r_6",
            "rotation": 0.12566370614359174,
            "transform_matrix": [
                [
                    0.2902335822582245,
                    -0.013365750201046467,
                    0.9568623900413513,
                    3.857235908508301
                ],
                [
                    0.9569557309150696,
                    0.004053676966577768,
                    -0.2902052700519562,
                    -1.169854998588562
                ],
                [
                    2.328306020205062e-10,
                    0.9999024868011475,
                    0.013966944068670273,
                    0.05630255490541458
                ],
                [
                    0.0,
                    0.0,
                    0.0,
                    1.0
                ]
            ]
        },
        {
            "file_path": "/data/shapenet_blender/all_50_random/02958343/4d22bfe3097f63236436916a86a90ed7/r_7",
            "rotation": 0.12566370614359174,
            "transform_matrix": [
                [
                    -0.9961425065994263,
                    0.0006627182010561228,
                    -0.08774688839912415,
                    -0.3537190556526184
                ],
                [
                    -0.08774939179420471,
                    -0.007523263338953257,
                    0.9961141347885132,
                    4.015464782714844
                ],
                [
                    0.0,
                    0.9999715089797974,
                    0.007552395574748516,
                    0.030444681644439697
                ],
                [
                    0.0,
                    0.0,
                    0.0,
                    1.0
                ]
            ]
        },
        {
            "file_path": "/data/shapenet_blender/all_50_random/02958343/4d22bfe3097f63236436916a86a90ed7/r_8",
            "rotation": 0.12566370614359174,
            "transform_matrix": [
                [
                    0.9851244688034058,
                    0.032155998051166534,
                    0.16880667209625244,
                    0.680481493473053
                ],
                [
                    0.1718420833349228,
                    -0.18434171378612518,
                    -0.9677232503890991,
                    -3.901017427444458
                ],
                [
                    5.587935891782081e-09,
                    0.9823359847068787,
                    -0.18712526559829712,
                    -0.7543261051177979
                ],
                [
                    0.0,
                    0.0,
                    0.0,
                    1.0
                ]
            ]
        },
        {
            "file_path": "/data/shapenet_blender/all_50_random/02958343/4d22bfe3097f63236436916a86a90ed7/r_9",
            "rotation": 0.12566370614359174,
            "transform_matrix": [
                [
                    0.9216369390487671,
                    -0.1491386741399765,
                    0.35825005173683167,
                    1.4441521167755127
                ],
                [
                    0.38805341720581055,
                    0.35420820116996765,
                    -0.8508531451225281,
                    -3.429898738861084
                ],
                [
                    1.4901161193847656e-08,
                    0.9231977462768555,
                    0.38432520627975464,
                    1.5492644309997559
                ],
                [
                    0.0,
                    0.0,
                    0.0,
                    1.0
                ]
            ]
        },
        {
            "file_path": "/data/shapenet_blender/all_50_random/02958343/4d22bfe3097f63236436916a86a90ed7/r_10",
            "rotation": 0.12566370614359174,
            "transform_matrix": [
                [
                    0.9874709248542786,
                    0.10757660865783691,
                    -0.11544828861951828,
                    -0.46538692712783813
                ],
                [
                    -0.1578005999326706,
                    0.6731835007667542,
                    -0.7224422693252563,
                    -2.9122579097747803
                ],
                [
                    0.0,
                    0.7316085696220398,
                    0.6817249059677124,
                    2.7481210231781006
                ],
                [
                    0.0,
                    0.0,
                    0.0,
                    1.0
                ]
            ]
        },
        {
            "file_path": "/data/shapenet_blender/all_50_random/02958343/4d22bfe3097f63236436916a86a90ed7/r_11",
            "rotation": 0.12566370614359174,
            "transform_matrix": [
                [
                    0.715822696685791,
                    -0.33618032932281494,
                    0.6120297312736511,
                    2.4671709537506104
                ],
                [
                    0.6982819437980652,
                    0.34462517499923706,
                    -0.6274039149284363,
                    -2.529146432876587
                ],
                [
                    1.4901160305669237e-08,
                    0.8764793872833252,
                    0.4814392328262329,
                    1.9407436847686768
                ],
                [
                    0.0,
                    0.0,
                    0.0,
                    1.0
                ]
            ]
        },
        {
            "file_path": "/data/shapenet_blender/all_50_random/02958343/4d22bfe3097f63236436916a86a90ed7/r_12",
            "rotation": 0.12566370614359174,
            "transform_matrix": [
                [
                    -0.140889510512352,
                    -0.19611436128616333,
                    0.970406711101532,
                    3.911834716796875
                ],
                [
                    0.9900253415107727,
                    -0.027908839285373688,
                    0.1380975991487503,
                    0.5566892623901367
                ],
                [
                    1.862645149230957e-09,
                    0.9801837801933289,
                    0.19809024035930634,
                    0.7985273599624634
                ],
                [
                    0.0,
                    0.0,
                    0.0,
                    1.0
                ]
            ]
        },
        {
            "file_path": "/data/shapenet_blender/all_50_random/02958343/4d22bfe3097f63236436916a86a90ed7/r_13",
            "rotation": 0.12566370614359174,
            "transform_matrix": [
                [
                    -0.7555724382400513,
                    -0.5163443088531494,
                    -0.4031115174293518,
                    -1.6249945163726807
                ],
                [
                    -0.65506511926651,
                    0.595567524433136,
                    0.46496132016181946,
                    1.874319076538086
                ],
                [
                    0.0,
                    0.6153762340545654,
                    -0.7882335186004639,
                    -3.1774709224700928
                ],
                [
                    0.0,
                    0.0,
                    0.0,
                    1.0
                ]
            ]
        },
        {
            "file_path": "/data/shapenet_blender/all_50_random/02958343/4d22bfe3097f63236436916a86a90ed7/r_14",
            "rotation": 0.12566370614359174,
            "transform_matrix": [
                [
                    -0.3920723497867584,
                    0.10117599368095398,
                    -0.914353609085083,
                    -3.685877561569214
                ],
                [
                    -0.9199342131614685,
                    -0.043120816349983215,
                    0.389693945646286,
                    1.570906639099121
                ],
                [
                    0.0,
                    0.9939334988594055,
                    0.10998177528381348,
                    0.44335073232650757
                ],
                [
                    0.0,
                    0.0,
                    0.0,
                    1.0
                ]
            ]
        },
        {
            "file_path": "/data/shapenet_blender/all_50_random/02958343/4d22bfe3097f63236436916a86a90ed7/r_15",
            "rotation": 0.12566370614359174,
            "transform_matrix": [
                [
                    -0.6365978121757507,
                    -0.3738214075565338,
                    0.6745374798774719,
                    2.7191476821899414
                ],
                [
                    0.7711960673332214,
                    -0.30857765674591064,
                    0.5568091869354248,
                    2.244569778442383
                ],
                [
                    0.0,
                    0.8746640682220459,
                    0.48472946882247925,
                    1.9540071487426758
                ],
                [
                    0.0,
                    0.0,
                    0.0,
                    1.0
                ]
            ]
        },
        {
            "file_path": "/data/shapenet_blender/all_50_random/02958343/4d22bfe3097f63236436916a86a90ed7/r_16",
            "rotation": 0.12566370614359174,
            "transform_matrix": [
                [
                    0.692554771900177,
                    -0.051042862236499786,
                    0.7195571064949036,
                    2.900627613067627
                ],
                [
                    0.7213652729988098,
                    0.049004267901182175,
                    -0.6908187866210938,
                    -2.7847797870635986
                ],
                [
                    0.0,
                    0.997493326663971,
                    0.07075869292020798,
                    0.2852374315261841
                ],
                [
                    0.0,
                    0.0,
                    0.0,
                    1.0
                ]
            ]
        },
        {
            "file_path": "/data/shapenet_blender/all_50_random/02958343/4d22bfe3097f63236436916a86a90ed7/r_17",
            "rotation": 0.12566370614359174,
            "transform_matrix": [
                [
                    -0.07765017449855804,
                    0.2054724246263504,
                    -0.9755774736404419,
                    -3.932678699493408
                ],
                [
                    -0.996980607509613,
                    -0.016003290191292763,
                    0.0759831890463829,
                    0.30629801750183105
                ],
                [
                    0.0,
                    0.9785319566726685,
                    0.20609469711780548,
                    0.8307942748069763
                ],
                [
                    0.0,
                    0.0,
                    0.0,
                    1.0
                ]
            ]
        },
        {
            "file_path": "/data/shapenet_blender/all_50_random/02958343/4d22bfe3097f63236436916a86a90ed7/r_18",
            "rotation": 0.12566370614359174,
            "transform_matrix": [
                [
                    0.5947297811508179,
                    -0.028862446546554565,
                    0.8034074306488037,
                    3.2386388778686523
                ],
                [
                    0.8039256930351257,
                    0.021351918578147888,
                    -0.5943464040756226,
                    -2.3958868980407715
                ],
                [
                    1.862645149230957e-09,
                    0.9993551969528198,
                    0.03590188920497894,
                    0.14472514390945435
                ],
                [
                    0.0,
                    0.0,
                    0.0,
                    1.0
                ]
            ]
        },
        {
            "file_path": "/data/shapenet_blender/all_50_random/02958343/4d22bfe3097f63236436916a86a90ed7/r_19",
            "rotation": 0.12566370614359174,
            "transform_matrix": [
                [
                    -0.9131318926811218,
                    -0.0682293102145195,
                    -0.40191417932510376,
                    -1.62016761302948
                ],
                [
                    -0.40766435861587524,
                    0.15282757580280304,
                    0.9002519845962524,
                    3.6290314197540283
                ],
                [
                    -3.725290742551124e-09,
                    0.9858947396278381,
                    -0.1673664003610611,
                    -0.674675464630127
                ],
                [
                    0.0,
                    0.0,
                    0.0,
                    1.0
                ]
            ]
        },
        {
            "file_path": "/data/shapenet_blender/all_50_random/02958343/4d22bfe3097f63236436916a86a90ed7/r_20",
            "rotation": 0.12566370614359174,
            "transform_matrix": [
                [
                    0.1271199882030487,
                    -0.5982205867767334,
                    0.7911841869354248,
                    3.1893656253814697
                ],
                [
                    0.9918873906135559,
                    0.07666777074337006,
                    -0.10139792412519455,
                    -0.40874814987182617
                ],
                [
                    -3.725290298461914e-09,
                    0.7976552844047546,
                    0.6031135320663452,
                    2.4312286376953125
                ],
                [
                    0.0,
                    0.0,
                    0.0,
                    1.0
                ]
            ]
        },
        {
            "file_path": "/data/shapenet_blender/all_50_random/02958343/4d22bfe3097f63236436916a86a90ed7/r_21",
            "rotation": 0.12566370614359174,
            "transform_matrix": [
                [
                    0.8952112197875977,
                    0.026298675686120987,
                    -0.444865345954895,
                    -1.7933096885681152
                ],
                [
                    -0.44564199447631836,
                    0.052829109132289886,
                    -0.893651008605957,
                    -3.6024227142333984
                ],
                [
                    1.8626450382086546e-09,
                    0.9982571601867676,
                    0.0590130053460598,
                    0.23788905143737793
                ],
                [
                    0.0,
                    0.0,
                    0.0,
                    1.0
                ]
            ]
        },
        {
            "file_path": "/data/shapenet_blender/all_50_random/02958343/4d22bfe3097f63236436916a86a90ed7/r_22",
            "rotation": 0.12566370614359174,
            "transform_matrix": [
                [
                    0.7945627570152283,
                    -0.3707773685455322,
                    -0.48082658648490906,
                    -1.9382740259170532
                ],
                [
                    -0.6071821451187134,
                    -0.4852018654346466,
                    -0.6292130351066589,
                    -2.5364389419555664
                ],
                [
                    0.0,
                    0.7918986082077026,
                    -0.6106526851654053,
                    -2.4616196155548096
                ],
                [
                    0.0,
                    0.0,
                    0.0,
                    1.0
                ]
            ]
        },
        {
            "file_path": "/data/shapenet_blender/all_50_random/02958343/4d22bfe3097f63236436916a86a90ed7/r_23",
            "rotation": 0.12566370614359174,
            "transform_matrix": [
                [
                    0.48664477467536926,
                    0.051474474370479584,
                    -0.8720821142196655,
                    -3.5154755115509033
                ],
                [
                    -0.8735999464988708,
                    0.028674205765128136,
                    -0.48579925298690796,
                    -1.9583194255828857
                ],
                [
                    1.862645149230957e-09,
                    0.9982625842094421,
                    0.05892224609851837,
                    0.2375231683254242
                ],
                [
                    0.0,
                    0.0,
                    0.0,
                    1.0
                ]
            ]
        },
        {
            "file_path": "/data/shapenet_blender/all_50_random/02958343/4d22bfe3097f63236436916a86a90ed7/r_24",
            "rotation": 0.12566370614359174,
            "transform_matrix": [
                [
                    -0.26252681016921997,
                    -0.03623542934656143,
                    0.9642440676689148,
                    3.8869922161102295
                ],
                [
                    0.9649247527122498,
                    -0.009858562611043453,
                    0.26234161853790283,
                    1.0575329065322876
                ],
                [
                    0.0,
                    0.999294638633728,
                    0.037552595138549805,
                    0.15137934684753418
                ],
                [
                    0.0,
                    0.0,
                    0.0,
                    1.0
                ]
            ]
        },
        {
            "file_path": "/data/shapenet_blender/all_50_random/02958343/4d22bfe3097f63236436916a86a90ed7/r_25",
            "rotation": 0.12566370614359174,
            "transform_matrix": [
                [
                    -0.79632169008255,
                    -0.45098796486854553,
                    0.4030899107456207,
                    1.6249074935913086
                ],
                [
                    0.6048732399940491,
                    -0.5937301516532898,
                    0.5306718945503235,
                    2.139207124710083
                ],
                [
                    -1.4901160305669237e-08,
                    0.6664039492607117,
                    0.7455908060073853,
                    3.00557279586792
                ],
                [
                    0.0,
                    0.0,
                    0.0,
                    1.0
                ]
            ]
        },
        {
            "file_path": "/data/shapenet_blender/all_50_random/02958343/4d22bfe3097f63236436916a86a90ed7/r_26",
            "rotation": 0.12566370614359174,
            "transform_matrix": [
                [
                    -0.9919226765632629,
                    0.010511529631912708,
                    0.12640827894210815,
                    0.5095680952072144
                ],
                [
                    0.12684457004070282,
                    0.08219999819993973,
                    0.9885108470916748,
                    3.984814405441284
                ],
                [
                    0.0,
                    0.9965603351593018,
                    -0.08286938071250916,
                    -0.33405715227127075
                ],
                [
                    0.0,
                    0.0,
                    0.0,
                    1.0
                ]
            ]
        },
        {
            "file_path": "/data/shapenet_blender/all_50_random/02958343/4d22bfe3097f63236436916a86a90ed7/r_27",
            "rotation": 0.12566370614359174,
            "transform_matrix": [
                [
                    0.624236524105072,
                    -0.046750105917453766,
                    0.7798353433609009,
                    3.1436169147491455
                ],
                [
                    0.7812355160713196,
                    0.03735509514808655,
                    -0.6231178045272827,
                    -2.5118682384490967
                ],
                [
                    0.0,
                    0.9982078075408936,
                    0.05984126031398773,
                    0.24122783541679382
                ],
                [
                    0.0,
                    0.0,
                    0.0,
                    1.0
                ]
            ]
        },
        {
            "file_path": "/data/shapenet_blender/all_50_random/02958343/4d22bfe3097f63236436916a86a90ed7/r_28",
            "rotation": 0.12566370614359174,
            "transform_matrix": [
                [
                    -0.8419524431228638,
                    0.48900070786476135,
                    0.2280227243900299,
                    0.9191890358924866
                ],
                [
                    0.5395517349243164,
                    0.7630692720413208,
                    0.3558218479156494,
                    1.434363842010498
                ],
                [
                    0.0,
                    0.4226151704788208,
                    -0.9063091278076172,
                    -3.653449296951294
                ],
                [
                    0.0,
                    0.0,
                    0.0,
                    1.0
                ]
            ]
        },
        {
            "file_path": "/data/shapenet_blender/all_50_random/02958343/4d22bfe3097f63236436916a86a90ed7/r_29",
            "rotation": 0.12566370614359174,
            "transform_matrix": [
                [
                    0.9930033683776855,
                    0.018209874629974365,
                    0.11667372286319733,
                    0.47032684087753296
                ],
                [
                    0.11808624863624573,
                    -0.15312930941581726,
                    -0.9811252951622009,
                    -3.955042839050293
                ],
                [
                    -1.862645149230957e-09,
                    0.9880383610725403,
                    -0.154208242893219,
                    -0.6216333508491516
                ],
                [
                    0.0,
                    0.0,
                    0.0,
                    1.0
                ]
            ]
        },
        {
            "file_path": "/data/shapenet_blender/all_50_random/02958343/4d22bfe3097f63236436916a86a90ed7/r_30",
            "rotation": 0.12566370614359174,
            "transform_matrix": [
                [
                    -0.8631823658943176,
                    -0.0017014771001413465,
                    -0.5048893690109253,
                    -2.035274028778076
                ],
                [
                    -0.5048922300338745,
                    0.0029089078307151794,
                    0.863177478313446,
                    3.4795796871185303
                ],
                [
                    -1.1641532182693481e-10,
                    0.9999942779541016,
                    -0.003369980724528432,
                    -0.013584827072918415
                ],
                [
                    0.0,
                    0.0,
                    0.0,
                    1.0
                ]
            ]
        },
        {
            "file_path": "/data/shapenet_blender/all_50_random/02958343/4d22bfe3097f63236436916a86a90ed7/r_31",
            "rotation": 0.12566370614359174,
            "transform_matrix": [
                [
                    -0.8387055397033691,
                    0.10051080584526062,
                    -0.5352293848991394,
                    -2.157578706741333
                ],
                [
                    -0.544585108757019,
                    -0.1547948569059372,
                    0.8242970108985901,
                    3.322847604751587
                ],
                [
                    0.0,
                    0.9828205108642578,
                    0.18456397950649261,
                    0.7440012097358704
                ],
                [
                    0.0,
                    0.0,
                    0.0,
                    1.0
                ]
            ]
        },
        {
            "file_path": "/data/shapenet_blender/all_50_random/02958343/4d22bfe3097f63236436916a86a90ed7/r_32",
            "rotation": 0.12566370614359174,
            "transform_matrix": [
                [
                    -0.8082727193832397,
                    -0.3078612983226776,
                    0.5019130110740662,
                    2.0232760906219482
                ],
                [
                    0.5888083577156067,
                    -0.4226093292236328,
                    0.6889892220497131,
                    2.777404308319092
                ],
                [
                    0.0,
                    0.8524217009544373,
                    0.5228549242019653,
                    2.1076955795288086
                ],
                [
                    0.0,
                    0.0,
                    0.0,
                    1.0
                ]
            ]
        },
        {
            "file_path": "/data/shapenet_blender/all_50_random/02958343/4d22bfe3097f63236436916a86a90ed7/r_33",
            "rotation": 0.12566370614359174,
            "transform_matrix": [
                [
                    0.5181437730789185,
                    -0.6712014675140381,
                    -0.5301091074943542,
                    -2.1369380950927734
                ],
                [
                    -0.8552936315536499,
                    -0.40661925077438354,
                    -0.32114437222480774,
                    -1.2945743799209595
                ],
                [
                    0.0,
                    0.6197978258132935,
                    -0.7847614884376526,
                    -3.1634747982025146
                ],
                [
                    0.0,
                    0.0,
                    0.0,
                    1.0
                ]
            ]
        },
        {
            "file_path": "/data/shapenet_blender/all_50_random/02958343/4d22bfe3097f63236436916a86a90ed7/r_34",
            "rotation": 0.12566370614359174,
            "transform_matrix": [
                [
                    0.4852680265903473,
                    0.1908828765153885,
                    -0.8532751798629761,
                    -3.439662456512451
                ],
                [
                    -0.8743654489517212,
                    0.10593894124031067,
                    -0.4735630452632904,
                    -1.9089937210083008
                ],
                [
                    -7.450580152834618e-09,
                    0.9758793711662292,
                    0.21831014752388,
                    0.8800363540649414
                ],
                [
                    0.0,
                    0.0,
                    0.0,
                    1.0
                ]
            ]
        },
        {
            "file_path": "/data/shapenet_blender/all_50_random/02958343/4d22bfe3097f63236436916a86a90ed7/r_35",
            "rotation": 0.12566370614359174,
            "transform_matrix": [
                [
                    0.46294957399368286,
                    -0.5557143092155457,
                    0.690549910068512,
                    2.783695936203003
                ],
                [
                    0.8863846063613892,
                    0.29024386405944824,
                    -0.3606671392917633,
                    -1.4538958072662354
                ],
                [
                    1.4901161193847656e-08,
                    0.7790635824203491,
                    0.6269448399543762,
                    2.5272958278656006
                ],
                [
                    0.0,
                    0.0,
                    0.0,
                    1.0
                ]
            ]
        },
        {
            "file_path": "/data/shapenet_blender/all_50_random/02958343/4d22bfe3097f63236436916a86a90ed7/r_36",
            "rotation": 0.12566370614359174,
            "transform_matrix": [
                [
                    0.3324246406555176,
                    0.13581660389900208,
                    -0.9332993030548096,
                    -3.7622501850128174
                ],
                [
                    -0.9431299567222595,
                    0.04787122458219528,
                    -0.3289596140384674,
                    -1.3260787725448608
                ],
                [
                    0.0,
                    0.9895766377449036,
                    0.14400626718997955,
                    0.5805078744888306
                ],
                [
                    0.0,
                    0.0,
                    0.0,
                    1.0
                ]
            ]
        },
        {
            "file_path": "/data/shapenet_blender/all_50_random/02958343/4d22bfe3097f63236436916a86a90ed7/r_37",
            "rotation": 0.12566370614359174,
            "transform_matrix": [
                [
                    0.9736286997795105,
                    0.006809915881603956,
                    0.2280368208885193,
                    0.9192458391189575
                ],
                [
                    0.2281384915113449,
                    -0.02906273864209652,
                    -0.9731948375701904,
                    -3.9230737686157227
                ],
                [
                    -4.656612873077393e-10,
                    0.9995543956756592,
                    -0.02984992042183876,
                    -0.1203288808465004
                ],
                [
                    0.0,
                    0.0,
                    0.0,
                    1.0
                ]
            ]
        },
        {
            "file_path": "/data/shapenet_blender/all_50_random/02958343/4d22bfe3097f63236436916a86a90ed7/r_38",
            "rotation": 0.12566370614359174,
            "transform_matrix": [
                [
                    -0.8425518870353699,
                    0.10406559705734253,
                    0.5284663438796997,
                    2.1303160190582275
                ],
                [
                    0.5386152267456055,
                    0.16278907656669617,
                    0.826676070690155,
                    3.332437753677368
                ],
                [
                    -7.450580596923828e-09,
                    0.9811574816703796,
                    -0.19320954382419586,
                    -0.7788525819778442
                ],
                [
                    0.0,
                    0.0,
                    0.0,
                    1.0
                ]
            ]
        },
        {
            "file_path": "/data/shapenet_blender/all_50_random/02958343/4d22bfe3097f63236436916a86a90ed7/r_39",
            "rotation": 0.12566370614359174,
            "transform_matrix": [
                [
                    -0.8356602787971497,
                    -0.003707036841660738,
                    0.5492342114448547,
                    2.214034080505371
                ],
                [
                    0.5492467880249023,
                    -0.005640130024403334,
                    0.8356411457061768,
                    3.368577480316162
                ],
                [
                    0.0,
                    0.9999772310256958,
                    0.006749310530722141,
                    0.02720734290778637
                ],
                [
                    0.0,
                    0.0,
                    0.0,
                    1.0
                ]
            ]
        },
        {
            "file_path": "/data/shapenet_blender/all_50_random/02958343/4d22bfe3097f63236436916a86a90ed7/r_40",
            "rotation": 0.12566370614359174,
            "transform_matrix": [
                [
                    -0.14959906041622162,
                    0.146201029419899,
                    -0.9778779745101929,
                    -3.9419522285461426
                ],
                [
                    -0.9887468218803406,
                    -0.022120460867881775,
                    0.14795458316802979,
                    0.5964239835739136
                ],
                [
                    0.0,
                    0.9890074729919434,
                    0.14786501228809357,
                    0.596062958240509
                ],
                [
                    0.0,
                    0.0,
                    0.0,
                    1.0
                ]
            ]
        },
        {
            "file_path": "/data/shapenet_blender/all_50_random/02958343/4d22bfe3097f63236436916a86a90ed7/r_41",
            "rotation": 0.12566370614359174,
            "transform_matrix": [
                [
                    0.713042140007019,
                    0.6323348879814148,
                    -0.30285874009132385,
                    -1.220862627029419
                ],
                [
                    -0.7011210918426514,
                    0.6430863738059998,
                    -0.30800819396972656,
                    -1.2416207790374756
                ],
                [
