{
    "class": "02958343",
    "model": "44bd1920adb5fdbb473f10e6caaeca56",
    "remove_doubles": true,
    "edge_split": true,
    "denoise": true,
    "camera_angle_x": 0.6911112070083618,
    "scale_factor": 2.4984915720740832,
    "hdri_file": "/data/IndoorHDRDataset2018/AG8A3554-d4197d3321.exr",
    "center_offset": [
        0.0,
        -3.259629011154175e-09,
        0.0
    ],
    "lights": [],
    "frames": [
        {
            "file_path": "/data/shapenet_blender/all_50_random/02958343/44bd1920adb5fdbb473f10e6caaeca56/r_0",
            "rotation": 0.12566370614359174,
            "transform_matrix": [
                [
                    0.9189184904098511,
                    -0.37964969873428345,
                    -0.10702759772539139,
                    -0.4314420521259308
                ],
                [
                    -0.3944474458694458,
                    -0.8844451308250427,
                    -0.24933521449565887,
                    -1.0051023960113525
                ],
                [
                    0.0,
                    0.2713354527950287,
                    -0.9624848365783691,
                    -3.8799004554748535
                ],
                [
                    0.0,
                    0.0,
                    0.0,
                    1.0
                ]
            ]
        },
        {
            "file_path": "/data/shapenet_blender/all_50_random/02958343/44bd1920adb5fdbb473f10e6caaeca56/r_1",
            "rotation": 0.12566370614359174,
            "transform_matrix": [
                [
                    0.9965824484825134,
                    0.0018290086882188916,
                    0.08258339762687683,
                    0.33290427923202515
                ],
                [
                    0.08260364830493927,
                    -0.02206631377339363,
                    -0.9963382482528687,
                    -4.016367435455322
                ],
                [
                    -1.1641530794914701e-10,
                    0.999754786491394,
                    -0.022141991183161736,
                    -0.08925721049308777
                ],
                [
                    0.0,
                    0.0,
                    0.0,
                    1.0
                ]
            ]
        },
        {
            "file_path": "/data/shapenet_blender/all_50_random/02958343/44bd1920adb5fdbb473f10e6caaeca56/r_2",
            "rotation": 0.12566370614359174,
            "transform_matrix": [
                [
                    -0.11667824536561966,
                    0.4199838638305664,
                    0.8999999165534973,
                    3.6280152797698975
                ],
                [
                    0.9931697845458984,
                    0.049339983612298965,
                    0.10573258996009827,
                    0.426221638917923
                ],
                [
                    0.0,
                    0.9061892628669739,
                    -0.42287224531173706,
                    -1.7046523094177246
                ],
                [
                    0.0,
                    0.0,
                    0.0,
                    1.0
                ]
            ]
        },
        {
            "file_path": "/data/shapenet_blender/all_50_random/02958343/44bd1920adb5fdbb473f10e6caaeca56/r_3",
            "rotation": 0.12566370614359174,
            "transform_matrix": [
                [
                    -0.9232218861579895,
                    0.2326238751411438,
                    -0.3058553636074066,
                    -1.2329424619674683
                ],
                [
                    -0.3842673599720001,
                    -0.5588907599449158,
                    0.7348331212997437,
                    2.962207078933716
                ],
                [
                    -1.4901161193847656e-08,
                    0.7959442734718323,
                    0.6053699254989624,
                    2.440324306488037
                ],
                [
                    0.0,
                    0.0,
                    0.0,
                    1.0
                ]
            ]
        },
        {
            "file_path": "/data/shapenet_blender/all_50_random/02958343/44bd1920adb5fdbb473f10e6caaeca56/r_4",
            "rotation": 0.12566370614359174,
            "transform_matrix": [
                [
                    0.08551562577486038,
                    -0.24940305948257446,
                    0.964616596698761,
                    3.8884940147399902
                ],
                [
                    0.9963368773460388,
                    0.021406272426247597,
                    -0.08279306441545486,
                    -0.33374956250190735
                ],
                [
                    -1.862645149230957e-09,
                    0.9681631922721863,
                    0.2503200173377991,
                    1.0090724229812622
                ],
                [
                    0.0,
                    0.0,
                    0.0,
                    1.0
                ]
            ]
        },
        {
            "file_path": "/data/shapenet_blender/all_50_random/02958343/44bd1920adb5fdbb473f10e6caaeca56/r_5",
            "rotation": 0.12566370614359174,
            "transform_matrix": [
                [
                    -0.20048640668392181,
                    -0.19467797875404358,
                    0.9601592421531677,
                    3.870525598526001
                ],
                [
                    0.97969651222229,
                    -0.039839159697294235,
                    0.19648827612400055,
                    0.7920695543289185
                ],
                [
                    -3.725290298461914e-09,
                    0.9800577163696289,
                    0.1987125724554062,
                    0.80103600025177
                ],
                [
                    0.0,
                    0.0,
                    0.0,
                    1.0
                ]
            ]
        },
        {
            "file_path": "/data/shapenet_blender/all_50_random/02958343/44bd1920adb5fdbb473f10e6caaeca56/r_6",
            "rotation": 0.12566370614359174,
            "transform_matrix": [
                [
                    0.9998100399971008,
                    0.010392832569777966,
                    -0.01648871600627899,
                    -0.06646814197301865
                ],
                [
                    -0.019490733742713928,
                    0.5331177711486816,
                    -0.845816433429718,
                    -3.409595012664795
                ],
                [
                    -9.313225746154785e-10,
                    0.8459770679473877,
                    0.5332191586494446,
                    2.14947509765625
                ],
                [
                    0.0,
                    0.0,
                    0.0,
                    1.0
                ]
            ]
        },
        {
            "file_path": "/data/shapenet_blender/all_50_random/02958343/44bd1920adb5fdbb473f10e6caaeca56/r_7",
            "rotation": 0.12566370614359174,
            "transform_matrix": [
                [
                    0.6482179164886475,
                    -0.11904950439929962,
                    -0.7520909309387207,
                    -3.03177547454834
                ],
                [
                    -0.7614549994468689,
                    -0.1013454869389534,
                    -0.6402464509010315,
                    -2.580915927886963
                ],
                [
                    0.0,
                    0.9877025485038757,
                    -0.15634477138519287,
                    -0.6302459239959717
                ],
                [
                    0.0,
                    0.0,
                    0.0,
                    1.0
                ]
            ]
        },
        {
            "file_path": "/data/shapenet_blender/all_50_random/02958343/44bd1920adb5fdbb473f10e6caaeca56/r_8",
            "rotation": 0.12566370614359174,
            "transform_matrix": [
                [
                    -0.4821435511112213,
                    -0.46792352199554443,
                    -0.7406653761863708,
                    -2.985717535018921
                ],
                [
                    -0.8760921955108643,
                    0.2575143575668335,
                    0.4076135456562042,
                    1.643142819404602
                ],
                [
                    0.0,
                    0.8454194068908691,
                    -0.5341029763221741,
                    -2.1530380249023438
                ],
                [
                    0.0,
                    0.0,
                    0.0,
                    1.0
                ]
            ]
        },
        {
            "file_path": "/data/shapenet_blender/all_50_random/02958343/44bd1920adb5fdbb473f10e6caaeca56/r_9",
            "rotation": 0.12566370614359174,
            "transform_matrix": [
                [
                    -0.5525063276290894,
                    0.11680340766906738,
                    0.825283944606781,
                    3.3268260955810547
                ],
                [
                    0.8335086107254028,
                    0.07742525637149811,
                    0.5470544695854187,
                    2.205247163772583
                ],
                [
                    7.450580152834618e-09,
                    0.9901325106620789,
                    -0.14013458788394928,
                    -0.5649005770683289
                ],
                [
                    0.0,
                    0.0,
                    0.0,
                    1.0
                ]
            ]
        },
        {
            "file_path": "/data/shapenet_blender/all_50_random/02958343/44bd1920adb5fdbb473f10e6caaeca56/r_10",
            "rotation": 0.12566370614359174,
            "transform_matrix": [
                [
                    -0.09710385650396347,
                    -0.98355633020401,
                    0.1522749662399292,
                    0.6138401031494141
                ],
                [
                    0.9952742457389832,
                    -0.0959605947136879,
                    0.014856694266200066,
                    0.059889256954193115
                ],
                [
                    9.313225746154785e-10,
                    0.152998149394989,
                    0.9882263541221619,
                    3.983668327331543
                ],
                [
                    0.0,
                    0.0,
                    0.0,
                    1.0
                ]
            ]
        },
        {
            "file_path": "/data/shapenet_blender/all_50_random/02958343/44bd1920adb5fdbb473f10e6caaeca56/r_11",
            "rotation": 0.12566370614359174,
            "transform_matrix": [
                [
                    0.382538378238678,
                    0.2026422619819641,
                    0.901443600654602,
                    3.6338353157043457
                ],
                [
                    0.9239396452903748,
                    -0.08389989286661148,
                    -0.3732243478298187,
                    -1.5045154094696045
                ],
                [
                    0.0,
                    0.9756520986557007,
                    -0.21932411193847656,
                    -0.8841238021850586
                ],
                [
                    0.0,
                    0.0,
                    0.0,
                    1.0
                ]
            ]
        },
        {
            "file_path": "/data/shapenet_blender/all_50_random/02958343/44bd1920adb5fdbb473f10e6caaeca56/r_12",
            "rotation": 0.12566370614359174,
            "transform_matrix": [
                [
                    0.8738694190979004,
                    -0.4573323130607605,
                    -0.1649225354194641,
                    -0.6648240685462952
                ],
                [
                    -0.48616087436676025,
                    -0.8220503926277161,
                    -0.29644668102264404,
                    -1.1950149536132812
                ],
                [
                    1.4901162970204496e-08,
                    0.3392345905303955,
                    -0.9407017230987549,
                    -3.7920901775360107
                ],
                [
                    0.0,
                    0.0,
                    0.0,
                    1.0
                ]
            ]
        },
        {
            "file_path": "/data/shapenet_blender/all_50_random/02958343/44bd1920adb5fdbb473f10e6caaeca56/r_13",
            "rotation": 0.12566370614359174,
            "transform_matrix": [
                [
                    -0.6844280958175659,
                    -0.22963517904281616,
                    -0.6919724345207214,
                    -2.7894301414489746
                ],
                [
                    -0.7290803790092468,
                    0.21557125449180603,
                    0.6495928168296814,
                    2.6185925006866455
                ],
                [
                    0.0,
                    0.9491031765937805,
                    -0.31496548652648926,
                    -1.2696664333343506
                ],
                [
                    0.0,
                    0.0,
                    0.0,
                    1.0
                ]
            ]
        },
        {
            "file_path": "/data/shapenet_blender/all_50_random/02958343/44bd1920adb5fdbb473f10e6caaeca56/r_14",
            "rotation": 0.12566370614359174,
            "transform_matrix": [
                [
                    -0.6933846473693848,
                    -0.11686546355485916,
                    0.7110276818275452,
                    2.866243839263916
                ],
                [
                    0.7205677628517151,
                    -0.11245675384998322,
                    0.6842044591903687,
                    2.7581160068511963
                ],
                [
                    -7.4505797087454084e-09,
                    0.9867603778839111,
                    0.16218528151512146,
                    0.6537896990776062
                ],
                [
                    0.0,
                    0.0,
                    0.0,
                    1.0
                ]
            ]
        },
        {
            "file_path": "/data/shapenet_blender/all_50_random/02958343/44bd1920adb5fdbb473f10e6caaeca56/r_15",
            "rotation": 0.12566370614359174,
            "transform_matrix": [
                [
                    0.99893718957901,
                    -0.009035367518663406,
                    -0.04519925266504288,
                    -0.182204008102417
                ],
                [
                    -0.046093497425317764,
                    -0.19581428170204163,
                    -0.9795571565628052,
                    -3.948721170425415
                ],
                [
                    0.0,
                    0.9805993437767029,
                    -0.1960226446390152,
                    -0.7901925444602966
                ],
                [
                    0.0,
                    0.0,
                    0.0,
                    1.0
                ]
            ]
        },
        {
            "file_path": "/data/shapenet_blender/all_50_random/02958343/44bd1920adb5fdbb473f10e6caaeca56/r_16",
            "rotation": 0.12566370614359174,
            "transform_matrix": [
                [
                    0.14806266129016876,
                    0.027783242985606194,
                    -0.9885876774787903,
                    -3.985124349594116
                ],
                [
                    -0.9889780282974243,
                    0.004159506876021624,
                    -0.1480042189359665,
                    -0.5966240763664246
                ],
                [
                    0.0,
                    0.9996052980422974,
                    0.0280928835272789,
                    0.11324603855609894
                ],
                [
                    0.0,
                    0.0,
                    0.0,
                    1.0
                ]
            ]
        },
        {
            "file_path": "/data/shapenet_blender/all_50_random/02958343/44bd1920adb5fdbb473f10e6caaeca56/r_17",
            "rotation": 0.12566370614359174,
            "transform_matrix": [
                [
                    0.7142568826675415,
                    0.03661162406206131,
                    0.6989253163337708,
                    2.817458152770996
                ],
                [
                    0.6998836398124695,
                    -0.037363506853580475,
                    -0.7132789492607117,
                    -2.875319480895996
                ],
                [
                    0.0,
                    0.9986307621002197,
                    -0.052311018109321594,
                    -0.21087245643138885
                ],
                [
                    0.0,
                    0.0,
                    0.0,
                    1.0
                ]
            ]
        },
        {
            "file_path": "/data/shapenet_blender/all_50_random/02958343/44bd1920adb5fdbb473f10e6caaeca56/r_18",
            "rotation": 0.12566370614359174,
            "transform_matrix": [
                [
                    0.5039384365081787,
                    0.0010437903692945838,
                    0.8637389540672302,
                    3.4818429946899414
                ],
                [
                    0.8637396097183228,
                    -0.0006089869420975447,
                    -0.5039380788803101,
                    -2.0314393043518066
                ],
                [
                    5.820766091346741e-11,
                    0.9999993443489075,
                    -0.0012084548361599445,
                    -0.0048714373260736465
                ],
                [
                    0.0,
                    0.0,
                    0.0,
                    1.0
                ]
            ]
        },
        {
            "file_path": "/data/shapenet_blender/all_50_random/02958343/44bd1920adb5fdbb473f10e6caaeca56/r_19",
            "rotation": 0.12566370614359174,
            "transform_matrix": [
                [
                    0.9990239143371582,
                    0.013772415928542614,
                    -0.041972942650318146,
                    -0.16919834911823273
                ],
                [
                    -0.044174738228321075,
                    0.3114669620990753,
                    -0.9492296576499939,
                    -3.8264670372009277
                ],
                [
                    -9.31322685637781e-10,
                    0.9501571655273438,
                    0.31177130341529846,
                    1.256790280342102
                ],
                [
                    0.0,
                    0.0,
                    0.0,
                    1.0
                ]
            ]
        },
        {
            "file_path": "/data/shapenet_blender/all_50_random/02958343/44bd1920adb5fdbb473f10e6caaeca56/r_20",
            "rotation": 0.12566370614359174,
            "transform_matrix": [
                [
                    0.17356039583683014,
                    -0.29207414388656616,
                    0.9405155181884766,
                    3.79133939743042
                ],
                [
                    0.9848232865333557,
                    0.0514737069606781,
                    -0.16575181484222412,
                    -0.6681669354438782
                ],
                [
                    0.0,
                    0.9550095796585083,
                    0.2965751886367798,
                    1.1955327987670898
                ],
                [
                    0.0,
                    0.0,
                    0.0,
                    1.0
                ]
            ]
        },
        {
            "file_path": "/data/shapenet_blender/all_50_random/02958343/44bd1920adb5fdbb473f10e6caaeca56/r_21",
            "rotation": 0.12566370614359174,
            "transform_matrix": [
                [
                    -0.9712439775466919,
                    -0.09785762429237366,
                    0.2170463502407074,
                    0.8749418258666992
                ],
                [
                    0.23808662593364716,
                    -0.39919766783714294,
                    0.885412871837616,
                    3.569213390350342
                ],
                [
                    -7.450581485102248e-09,
                    0.9116276502609253,
                    0.41101691126823425,
                    1.6568621397018433
                ],
                [
                    0.0,
                    0.0,
                    0.0,
                    1.0
                ]
            ]
        },
        {
            "file_path": "/data/shapenet_blender/all_50_random/02958343/44bd1920adb5fdbb473f10e6caaeca56/r_22",
            "rotation": 0.12566370614359174,
            "transform_matrix": [
                [
                    -0.9921900629997253,
                    -0.1092163622379303,
                    0.060254354029893875,
                    0.2428930401802063
                ],
                [
                    0.12473491579294205,
                    -0.8687494397163391,
                    0.4792865514755249,
                    1.9320656061172485
                ],
                [
                    0.0,
                    0.4830591678619385,
                    0.8755877614021301,
                    3.529606819152832
                ],
                [
                    0.0,
                    0.0,
                    0.0,
                    1.0
                ]
            ]
        },
        {
            "file_path": "/data/shapenet_blender/all_50_random/02958343/44bd1920adb5fdbb473f10e6caaeca56/r_23",
            "rotation": 0.12566370614359174,
            "transform_matrix": [
                [
                    -0.9206188917160034,
                    -0.13143567740917206,
                    -0.3676760494709015,
                    -1.482149600982666
                ],
                [
                    -0.39046260714530945,
                    0.3098943829536438,
                    0.8668935298919678,
                    3.4945595264434814
                ],
                [
                    7.450581485102248e-09,
                    0.9416422247886658,
                    -0.33661529421806335,
                    -1.356939673423767
                ],
                [
                    0.0,
                    0.0,
                    0.0,
                    1.0
                ]
            ]
        },
        {
            "file_path": "/data/shapenet_blender/all_50_random/02958343/44bd1920adb5fdbb473f10e6caaeca56/r_24",
            "rotation": 0.12566370614359174,
            "transform_matrix": [
                [
                    -0.33718031644821167,
                    -0.6318877339363098,
                    0.6978732943534851,
                    2.8132174015045166
                ],
                [
                    0.9414401054382324,
                    -0.22631298005580902,
                    0.24994595348834991,
                    1.0075644254684448
                ],
                [
                    0.0,
                    0.7412827610969543,
                    0.6711927652359009,
                    2.705664873123169
                ],
                [
                    0.0,
                    0.0,
                    0.0,
                    1.0
                ]
            ]
        },
        {
            "file_path": "/data/shapenet_blender/all_50_random/02958343/44bd1920adb5fdbb473f10e6caaeca56/r_25",
            "rotation": 0.12566370614359174,
            "transform_matrix": [
                [
                    -0.9182731509208679,
                    -0.1729782521724701,
                    -0.3561640977859497,
                    -1.4357432126998901
                ],
                [
                    -0.39594733715057373,
                    0.40116769075393677,
                    0.8260086178779602,
                    3.329746961593628
                ],
                [
                    0.0,
                    0.8995237946510315,
                    -0.43687185645103455,
                    -1.7610865831375122
                ],
                [
                    0.0,
                    0.0,
                    0.0,
                    1.0
                ]
            ]
        },
        {
            "file_path": "/data/shapenet_blender/all_50_random/02958343/44bd1920adb5fdbb473f10e6caaeca56/r_26",
            "rotation": 0.12566370614359174,
            "transform_matrix": [
                [
                    0.6543880105018616,
                    -0.30872419476509094,
                    -0.690264880657196,
                    -2.7825469970703125
                ],
                [
                    -0.7561589479446411,
                    -0.2671732008457184,
                    -0.5973625779151917,
                    -2.408045768737793
                ],
                [
                    1.4901161193847656e-08,
                    0.9128569960594177,
                    -0.4082794785499573,
                    -1.645827293395996
                ],
                [
                    0.0,
                    0.0,
                    0.0,
                    1.0
                ]
            ]
        },
        {
            "file_path": "/data/shapenet_blender/all_50_random/02958343/44bd1920adb5fdbb473f10e6caaeca56/r_27",
            "rotation": 0.12566370614359174,
            "transform_matrix": [
                [
                    0.9490334987640381,
                    0.20968417823314667,
                    0.2353038638830185,
                    0.948540210723877
                ],
                [
                    0.3151751160621643,
                    -0.631386399269104,
                    -0.7085306644439697,
                    -2.8561785221099854
                ],
                [
                    -1.4901161193847656e-08,
                    0.7465813755989075,
                    -0.6652941107749939,
                    -2.6818864345550537
                ],
                [
                    0.0,
                    0.0,
                    0.0,
                    1.0
                ]
            ]
        },
        {
            "file_path": "/data/shapenet_blender/all_50_random/02958343/44bd1920adb5fdbb473f10e6caaeca56/r_28",
            "rotation": 0.12566370614359174,
            "transform_matrix": [
                [
                    -0.4087517261505127,
                    0.5062735676765442,
                    -0.7593477964401245,
                    -3.0610289573669434
                ],
                [
                    -0.912645697593689,
                    -0.22674758732318878,
                    0.34009334444999695,
                    1.3709601163864136
                ],
                [
                    -1.4901162970204496e-08,
                    0.8320291638374329,
                    0.5547318458557129,
                    2.2361955642700195
                ],
                [
                    0.0,
                    0.0,
                    0.0,
                    1.0
                ]
            ]
        },
        {
            "file_path": "/data/shapenet_blender/all_50_random/02958343/44bd1920adb5fdbb473f10e6caaeca56/r_29",
            "rotation": 0.12566370614359174,
            "transform_matrix": [
                [
                    0.20407365262508392,
                    -0.1644907295703888,
                    -0.9650371670722961,
                    -3.8901891708374023
                ],
                [
                    -0.9789555072784424,
                    -0.03428983688354492,
                    -0.20117223262786865,
                    -0.8109512329101562
                ],
                [
                    0.0,
                    0.9857823848724365,
                    -0.16802676022052765,
                    -0.6773375272750854
                ],
                [
                    0.0,
                    0.0,
                    0.0,
                    1.0
                ]
            ]
        },
        {
            "file_path": "/data/shapenet_blender/all_50_random/02958343/44bd1920adb5fdbb473f10e6caaeca56/r_30",
            "rotation": 0.12566370614359174,
            "transform_matrix": [
                [
                    0.10577204823493958,
                    -0.745460569858551,
                    -0.6581037640571594,
                    -2.6529011726379395
                ],
                [
                    -0.9943904876708984,
                    -0.07929369062185287,
                    -0.07000166177749634,
                    -0.28218573331832886
                ],
                [
                    0.0,
                    0.6618162393569946,
                    -0.7496659755706787,
                    -3.022000312805176
                ],
                [
                    0.0,
                    0.0,
                    0.0,
                    1.0
                ]
            ]
        },
        {
            "file_path": "/data/shapenet_blender/all_50_random/02958343/44bd1920adb5fdbb473f10e6caaeca56/r_31",
            "rotation": 0.12566370614359174,
            "transform_matrix": [
                [
                    0.505814254283905,
                    0.46361950039863586,
                    0.72746741771698,
                    2.9325151443481445
                ],
                [
                    0.8626425266265869,
                    -0.27184534072875977,
                    -0.42655372619628906,
                    -1.7194932699203491
                ],
                [
                    -1.4901162970204496e-08,
                    0.8433012962341309,
                    -0.5374410152435303,
                    -2.166494369506836
                ],
                [
                    0.0,
                    0.0,
                    0.0,
                    1.0
                ]
            ]
        },
        {
            "file_path": "/data/shapenet_blender/all_50_random/02958343/44bd1920adb5fdbb473f10e6caaeca56/r_32",
            "rotation": 0.12566370614359174,
            "transform_matrix": [
                [
                    -0.19562570750713348,
                    -0.9362831115722656,
                    0.29172655940055847,
                    1.1759873628616333
                ],
                [
                    0.9806787371635437,
                    -0.18676966428756714,
                    0.05819359049201012,
                    0.23458585143089294
                ],
                [
                    0.0,
                    0.297474205493927,
                    0.9547298550605774,
                    3.8486390113830566
                ],
                [
                    0.0,
                    0.0,
                    0.0,
                    1.0
                ]
            ]
        },
        {
            "file_path": "/data/shapenet_blender/all_50_random/02958343/44bd1920adb5fdbb473f10e6caaeca56/r_33",
            "rotation": 0.12566370614359174,
            "transform_matrix": [
                [
                    -0.6671850681304932,
                    0.11523958295583725,
                    -0.7359238862991333,
                    -2.9666037559509277
                ],
                [
                    -0.7448919415473938,
                    -0.10321783274412155,
                    0.6591525673866272,
                    2.6571285724639893
                ],
                [
                    -7.450580152834618e-09,
                    0.9879604578018188,
                    0.1547064483165741,
                    0.6236415505409241
                ],
                [
                    0.0,
                    0.0,
                    0.0,
                    1.0
                ]
            ]
        },
        {
            "file_path": "/data/shapenet_blender/all_50_random/02958343/44bd1920adb5fdbb473f10e6caaeca56/r_34",
            "rotation": 0.12566370614359174,
            "transform_matrix": [
                [
                    -0.9780552983283997,
                    0.14212115108966827,
                    -0.15234637260437012,
                    -0.6141278743743896
                ],
                [
                    -0.20834548771381378,
                    -0.667172372341156,
                    0.7151735424995422,
                    2.8829567432403564
                ],
                [
                    0.0,
                    0.7312199473381042,
                    0.6821417212486267,
                    2.7498011589050293
                ],
                [
                    0.0,
                    0.0,
                    0.0,
                    1.0
                ]
            ]
        },
        {
            "file_path": "/data/shapenet_blender/all_50_random/02958343/44bd1920adb5fdbb473f10e6caaeca56/r_35",
            "rotation": 0.12566370614359174,
            "transform_matrix": [
                [
                    0.9257364273071289,
                    0.16971248388290405,
                    -0.33794957399368286,
                    -1.3623182773590088
                ],
                [
                    -0.3781696557998657,
                    0.41544589400291443,
                    -0.8272801637649536,
                    -3.3348729610443115
                ],
                [
                    0.0,
                    0.8936455249786377,
                    0.44877347350120544,
                    1.8090637922286987
                ],
                [
                    0.0,
                    0.0,
                    0.0,
                    1.0
                ]
            ]
        },
        {
            "file_path": "/data/shapenet_blender/all_50_random/02958343/44bd1920adb5fdbb473f10e6caaeca56/r_36",
            "rotation": 0.12566370614359174,
            "transform_matrix": [
                [
                    -0.7496985197067261,
                    -0.040159955620765686,
                    0.6605598330497742,
                    2.66280198097229
                ],
                [
                    0.6617795825004578,
                    -0.04549529775977135,
                    0.748316764831543,
                    3.016561508178711
                ],
                [
                    -1.862645149230957e-09,
                    0.9981569051742554,
                    0.060684796422719955,
                    0.24462825059890747
                ],
                [
                    0.0,
                    0.0,
                    0.0,
                    1.0
                ]
            ]
        },
        {
            "file_path": "/data/shapenet_blender/all_50_random/02958343/44bd1920adb5fdbb473f10e6caaeca56/r_37",
            "rotation": 0.12566370614359174,
            "transform_matrix": [
                [
                    0.9991236925125122,
                    0.008252806030213833,
                    0.04103509709239006,
                    0.16541776061058044
                ],
                [
                    0.04185675457119942,
                    -0.1969950646162033,
                    -0.9795106053352356,
                    -3.948533535003662
                ],
                [
                    0.0,
                    0.9803696870803833,
                    -0.19716785848140717,
                    -0.7948090434074402
                ],
                [
                    0.0,
                    0.0,
                    0.0,
                    1.0
                ]
            ]
        },
        {
            "file_path": "/data/shapenet_blender/all_50_random/02958343/44bd1920adb5fdbb473f10e6caaeca56/r_38",
            "rotation": 0.12566370614359174,
            "transform_matrix": [
                [
                    -0.21174032986164093,
                    0.7242968082427979,
                    0.6561708450317383,
                    2.645109176635742
                ],
                [
                    0.977325975894928,
                    0.1569208800792694,
                    0.14216120541095734,
                    0.5730701684951782
                ],
                [
                    -7.450580152834618e-09,
                    0.6713939309120178,
                    -0.7411006093025208,
                    -2.9874720573425293
                ],
                [
                    0.0,
                    0.0,
                    0.0,
                    1.0
                ]
            ]
        },
        {
            "file_path": "/data/shapenet_blender/all_50_random/02958343/44bd1920adb5fdbb473f10e6caaeca56/r_39",
            "rotation": 0.12566370614359174,
            "transform_matrix": [
                [
                    0.9996539950370789,
                    -0.014340768568217754,
                    0.022050099447369576,
                    0.0888867974281311
                ],
                [
                    0.02630331739783287,
                    0.5450189113616943,
                    -0.8380110263824463,
                    -3.3781304359436035
                ],
                [
                    9.313225746154785e-10,
                    0.8383010029792786,
                    0.5452075600624084,
                    2.1978020668029785
                ],
                [
                    0.0,
                    0.0,
                    0.0,
                    1.0
                ]
            ]
        },
        {
            "file_path": "/data/shapenet_blender/all_50_random/02958343/44bd1920adb5fdbb473f10e6caaeca56/r_40",
            "rotation": 0.12566370614359174,
            "transform_matrix": [
                [
                    0.9474549889564514,
                    -0.06936752796173096,
                    -0.3122776746749878,
                    -1.2588316202163696
                ],
                [
                    -0.3198893666267395,
                    -0.20545420050621033,
                    -0.9249104857444763,
                    -3.72843337059021
                ],
                [
                    -7.450581485102248e-09,
                    0.9762051701545715,
                    -0.21684853732585907,
                    -0.874144434928894
                ],
                [
                    0.0,
                    0.0,
                    0.0,
                    1.0
                ]
            ]
        },
        {
            "file_path": "/data/shapenet_blender/all_50_random/02958343/44bd1920adb5fdbb473f10e6caaeca56/r_41",
            "rotation": 0.12566370614359174,
            "transform_matrix": [
                [
                    0.1216442883014679,
                    0.016461433842778206,
                    0.9924373030662537,
                    4.000642776489258
                ],
                [
                    0.9925738573074341,
                    -0.0020174209494143724,
                    -0.12162754684686661,
