{
    "class": "02958343",
    "model": "d4434de782382a47a7e7e5ea49ad8e45",
    "remove_doubles": true,
    "edge_split": true,
    "denoise": true,
    "camera_angle_x": 0.6911112070083618,
    "scale_factor": 2.2961400927148548,
    "hdri_file": "/data/IndoorHDRDataset2018/9C4A6562-1416c801a7.exr",
    "center_offset": [
        0.0,
        -1.1641532182693481e-09,
        -3.725290298461914e-09
    ],
    "lights": [],
    "frames": [
        {
            "file_path": "/data/shapenet_blender/all_50_random/02958343/d4434de782382a47a7e7e5ea49ad8e45/r_0",
            "rotation": 0.12566370614359174,
            "transform_matrix": [
                [
                    -0.23364821076393127,
                    0.5487325191497803,
                    -0.8026837110519409,
                    -3.2357215881347656
                ],
                [
                    -0.9723212718963623,
                    -0.13186009228229523,
                    0.1928844153881073,
                    0.7775419354438782
                ],
                [
                    7.450580596923828e-09,
                    0.8255334496498108,
                    0.5643531084060669,
                    2.274980068206787
                ],
                [
                    0.0,
                    0.0,
                    0.0,
                    1.0
                ]
            ]
        },
        {
            "file_path": "/data/shapenet_blender/all_50_random/02958343/d4434de782382a47a7e7e5ea49ad8e45/r_1",
            "rotation": 0.12566370614359174,
            "transform_matrix": [
                [
                    -0.8323654532432556,
                    -0.30663740634918213,
                    -0.4616720974445343,
                    -1.8610599040985107
                ],
                [
                    -0.5542270541191101,
                    0.46052315831184387,
                    0.6933618783950806,
                    2.7950313091278076
                ],
                [
                    0.0,
                    0.8330016732215881,
                    -0.5532703399658203,
                    -2.23030424118042
                ],
                [
                    0.0,
                    0.0,
                    0.0,
                    1.0
                ]
            ]
        },
        {
            "file_path": "/data/shapenet_blender/all_50_random/02958343/d4434de782382a47a7e7e5ea49ad8e45/r_2",
            "rotation": 0.12566370614359174,
            "transform_matrix": [
                [
                    0.7073829174041748,
                    -0.27343347668647766,
                    0.6518002152442932,
                    2.627490758895874
                ],
                [
                    0.7068304419517517,
                    0.2736471891403198,
                    -0.6523096561431885,
                    -2.629544258117676
                ],
                [
                    0.0,
                    0.922144889831543,
                    0.3868444859981537,
                    1.5594199895858765
                ],
                [
                    0.0,
                    0.0,
                    0.0,
                    1.0
                ]
            ]
        },
        {
            "file_path": "/data/shapenet_blender/all_50_random/02958343/d4434de782382a47a7e7e5ea49ad8e45/r_3",
            "rotation": 0.12566370614359174,
            "transform_matrix": [
                [
                    -0.5524125695228577,
                    -0.8092253804206848,
                    0.19998663663864136,
                    0.8061718940734863
                ],
                [
                    0.8335707783699036,
                    -0.5362787842750549,
                    0.13253240287303925,
                    0.5342552065849304
                ],
                [
                    7.450580152834618e-09,
                    0.23991559445858002,
                    0.9707937240600586,
                    3.9133946895599365
                ],
                [
                    0.0,
                    0.0,
                    0.0,
                    1.0
                ]
            ]
        },
        {
            "file_path": "/data/shapenet_blender/all_50_random/02958343/d4434de782382a47a7e7e5ea49ad8e45/r_4",
            "rotation": 0.12566370614359174,
            "transform_matrix": [
                [
                    0.8237792253494263,
                    0.026118814945220947,
                    -0.5663087368011475,
                    -2.2828636169433594
                ],
                [
                    -0.5669107437133789,
                    0.03795330598950386,
                    -0.8229044675827026,
                    -3.3172340393066406
                ],
                [
                    0.0,
                    0.9989380836486816,
                    0.046072185039520264,
                    0.18572291731834412
                ],
                [
                    0.0,
                    0.0,
                    0.0,
                    1.0
                ]
            ]
        },
        {
            "file_path": "/data/shapenet_blender/all_50_random/02958343/d4434de782382a47a7e7e5ea49ad8e45/r_5",
            "rotation": 0.12566370614359174,
            "transform_matrix": [
                [
                    -0.9723355174064636,
                    0.1746537983417511,
                    -0.1551116406917572,
                    -0.6252750158309937
                ],
                [
                    -0.23358847200870514,
                    -0.7270140647888184,
                    0.6456678509712219,
                    2.6027703285217285
                ],
                [
                    0.0,
                    0.6640381813049316,
                    0.7476987242698669,
                    3.0140700340270996
                ],
                [
                    0.0,
                    0.0,
                    0.0,
                    1.0
                ]
            ]
        },
        {
            "file_path": "/data/shapenet_blender/all_50_random/02958343/d4434de782382a47a7e7e5ea49ad8e45/r_6",
            "rotation": 0.12566370614359174,
            "transform_matrix": [
                [
                    -0.6275721192359924,
                    0.6783956289291382,
                    -0.3820111155509949,
                    -1.5399360656738281
                ],
                [
                    -0.7785583138465881,
                    -0.5468340516090393,
                    0.30792754888534546,
                    1.2412956953048706
                ],
                [
                    1.4901160305669237e-08,
                    0.49066466093063354,
                    0.8713484406471252,
                    3.5125179290771484
                ],
                [
                    0.0,
                    0.0,
                    0.0,
                    1.0
                ]
            ]
        },
        {
            "file_path": "/data/shapenet_blender/all_50_random/02958343/d4434de782382a47a7e7e5ea49ad8e45/r_7",
            "rotation": 0.12566370614359174,
            "transform_matrix": [
                [
                    0.9947611689567566,
                    -0.011702553369104862,
                    -0.10155436396598816,
                    -0.4093787372112274
                ],
                [
                    -0.10222640633583069,
                    -0.11387708783149719,
                    -0.9882215261459351,
                    -3.9836483001708984
                ],
                [
                    0.0,
                    0.9934259057044983,
                    -0.11447681486606598,
                    -0.4614708125591278
                ],
                [
                    0.0,
                    0.0,
                    0.0,
                    1.0
                ]
            ]
        },
        {
            "file_path": "/data/shapenet_blender/all_50_random/02958343/d4434de782382a47a7e7e5ea49ad8e45/r_8",
            "rotation": 0.12566370614359174,
            "transform_matrix": [
                [
                    0.7773329019546509,
                    -0.3711664378643036,
                    0.5079261660575867,
                    2.047515630722046
                ],
                [
                    0.62908935546875,
                    0.4586310088634491,
                    -0.6276178956031799,
                    -2.530008316040039
                ],
                [
                    1.4901158529312397e-08,
                    0.8073989748954773,
                    0.5900059342384338,
                    2.378389596939087
                ],
                [
                    0.0,
                    0.0,
                    0.0,
                    1.0
                ]
            ]
        },
        {
            "file_path": "/data/shapenet_blender/all_50_random/02958343/d4434de782382a47a7e7e5ea49ad8e45/r_9",
            "rotation": 0.12566370614359174,
            "transform_matrix": [
                [
                    -0.2237517237663269,
                    -0.4814457595348358,
                    -0.847434401512146,
                    -3.4161174297332764
                ],
                [
                    -0.974646270275116,
                    0.11052656918764114,
                    0.1945473998785019,
                    0.7842456698417664
                ],
                [
                    -7.450581485102248e-09,
                    0.8694790005683899,
                    -0.49396979808807373,
                    -1.9912559986114502
                ],
                [
                    0.0,
                    0.0,
                    0.0,
                    1.0
                ]
            ]
        },
        {
            "file_path": "/data/shapenet_blender/all_50_random/02958343/d4434de782382a47a7e7e5ea49ad8e45/r_10",
            "rotation": 0.12566370614359174,
            "transform_matrix": [
                [
                    0.6513387560844421,
                    0.37925612926483154,
                    -0.6572080850601196,
                    -2.6492905616760254
                ],
                [
                    -0.7587870955467224,
                    0.32555148005485535,
                    -0.56414395570755,
                    -2.274137020111084
                ],
                [
                    0.0,
                    0.8661296963691711,
                    0.4998190104961395,
                    2.0148348808288574
                ],
                [
                    0.0,
                    0.0,
                    0.0,
                    1.0
                ]
            ]
        },
        {
            "file_path": "/data/shapenet_blender/all_50_random/02958343/d4434de782382a47a7e7e5ea49ad8e45/r_11",
            "rotation": 0.12566370614359174,
            "transform_matrix": [
                [
                    0.49476563930511475,
                    0.6807866096496582,
                    0.5401262640953064,
                    2.177318811416626
                ],
                [
                    0.8690264225006104,
                    -0.38759446144104004,
                    -0.3075118660926819,
                    -1.2396200895309448
                ],
                [
                    -1.4901161193847656e-08,
                    0.6215303540229797,
                    -0.7833899855613708,
                    -3.1579463481903076
                ],
                [
                    0.0,
                    0.0,
                    0.0,
                    1.0
                ]
            ]
        },
        {
            "file_path": "/data/shapenet_blender/all_50_random/02958343/d4434de782382a47a7e7e5ea49ad8e45/r_12",
            "rotation": 0.12566370614359174,
            "transform_matrix": [
                [
                    -0.9574272632598877,
                    -0.1649148017168045,
                    0.23693083226680756,
                    0.9550987482070923
                ],
                [
                    0.2886747419834137,
                    -0.5469613075256348,
                    0.7858118414878845,
                    3.1677088737487793
                ],
                [
                    0.0,
                    0.8207535743713379,
                    0.5712823271751404,
                    2.302912712097168
                ],
                [
                    0.0,
                    0.0,
                    0.0,
                    1.0
                ]
            ]
        },
        {
            "file_path": "/data/shapenet_blender/all_50_random/02958343/d4434de782382a47a7e7e5ea49ad8e45/r_13",
            "rotation": 0.12566370614359174,
            "transform_matrix": [
                [
                    0.49336954951286316,
                    0.4618132412433624,
                    0.7370989918708801,
                    2.971341371536255
                ],
                [
                    0.869819700717926,
                    -0.26194459199905396,
                    -0.4180891513824463,
                    -1.6853713989257812
                ],
                [
                    0.0,
                    0.8474157452583313,
                    -0.530929684638977,
                    -2.1402461528778076
                ],
                [
                    0.0,
                    0.0,
                    0.0,
                    1.0
                ]
            ]
        },
        {
            "file_path": "/data/shapenet_blender/all_50_random/02958343/d4434de782382a47a7e7e5ea49ad8e45/r_14",
            "rotation": 0.12566370614359174,
            "transform_matrix": [
                [
                    -0.9517828822135925,
                    -0.1901485025882721,
                    0.24073410034179688,
                    0.9704301953315735
                ],
                [
                    0.30677250027656555,
                    -0.5899488925933838,
                    0.7468941807746887,
                    3.010826826095581
                ],
                [
                    1.4901161193847656e-08,
                    0.7847316861152649,
                    0.6198355555534363,
                    2.4986369609832764
                ],
                [
                    0.0,
                    0.0,
                    0.0,
                    1.0
                ]
            ]
        },
        {
            "file_path": "/data/shapenet_blender/all_50_random/02958343/d4434de782382a47a7e7e5ea49ad8e45/r_15",
            "rotation": 0.12566370614359174,
            "transform_matrix": [
                [
                    -0.6855856776237488,
                    0.4795648455619812,
                    0.5477132797241211,
                    2.2079031467437744
                ],
                [
                    0.7279919981956482,
                    0.4516296982765198,
                    0.5158084034919739,
                    2.0792903900146484
                ],
                [
                    0.0,
                    0.7523617148399353,
                    -0.6587501168251038,
                    -2.6555068492889404
                ],
                [
                    0.0,
                    0.0,
                    0.0,
                    1.0
                ]
            ]
        },
        {
            "file_path": "/data/shapenet_blender/all_50_random/02958343/d4434de782382a47a7e7e5ea49ad8e45/r_16",
            "rotation": 0.12566370614359174,
            "transform_matrix": [
                [
                    -0.7964388132095337,
                    -0.2691078186035156,
                    -0.5415405035018921,
                    -2.1830196380615234
                ],
                [
                    -0.6047189831733704,
                    0.3544256091117859,
                    0.7132301926612854,
                    2.8751227855682373
                ],
                [
                    0.0,
                    0.8955240845680237,
                    -0.44501298666000366,
                    -1.7939047813415527
                ],
                [
                    0.0,
                    0.0,
                    0.0,
                    1.0
                ]
            ]
        },
        {
            "file_path": "/data/shapenet_blender/all_50_random/02958343/d4434de782382a47a7e7e5ea49ad8e45/r_17",
            "rotation": 0.12566370614359174,
            "transform_matrix": [
                [
                    0.973541796207428,
                    -0.16607141494750977,
                    -0.15696032345294952,
                    -0.6327273845672607
                ],
                [
                    -0.22850875556468964,
                    -0.7075329422950745,
                    -0.6687158942222595,
                    -2.6956801414489746
                ],
                [
                    0.0,
                    0.6868897080421448,
                    -0.7267615795135498,
                    -2.9296698570251465
                ],
                [
                    0.0,
                    0.0,
                    0.0,
                    1.0
                ]
            ]
        },
        {
            "file_path": "/data/shapenet_blender/all_50_random/02958343/d4434de782382a47a7e7e5ea49ad8e45/r_18",
            "rotation": 0.12566370614359174,
            "transform_matrix": [
                [
                    -0.6161063313484192,
                    0.042336802929639816,
                    -0.7865244150161743,
                    -3.170581340789795
                ],
                [
                    -0.7876630425453186,
                    -0.03311564028263092,
                    0.6152156591415405,
                    2.480013608932495
                ],
                [
                    3.725290298461914e-09,
                    0.9985544085502625,
                    0.053749892860651016,
                    0.21667274832725525
                ],
                [
                    0.0,
                    0.0,
                    0.0,
                    1.0
                ]
            ]
        },
        {
            "file_path": "/data/shapenet_blender/all_50_random/02958343/d4434de782382a47a7e7e5ea49ad8e45/r_19",
            "rotation": 0.12566370614359174,
            "transform_matrix": [
                [
                    -0.9254388213157654,
                    -0.2826211750507355,
                    -0.25236520171165466,
                    -1.0173166990280151
                ],
                [
                    -0.3788970112800598,
                    0.6902894973754883,
                    0.6163906455039978,
                    2.484750270843506
                ],
                [
                    0.0,
                    0.6660522222518921,
                    -0.7459050416946411,
                    -3.0068395137786865
                ],
                [
                    0.0,
                    0.0,
                    0.0,
                    1.0
                ]
            ]
        },
        {
            "file_path": "/data/shapenet_blender/all_50_random/02958343/d4434de782382a47a7e7e5ea49ad8e45/r_20",
            "rotation": 0.12566370614359174,
            "transform_matrix": [
                [
                    0.545872688293457,
                    0.26956889033317566,
                    -0.7933193445205688,
                    -3.197972536087036
                ],
                [
                    -0.8378681540489197,
                    0.17562465369701385,
                    -0.5168491005897522,
                    -2.0834853649139404
                ],
                [
                    0.0,
                    0.9468308091163635,
                    0.32173189520835876,
                    1.2969427108764648
                ],
                [
                    0.0,
                    0.0,
                    0.0,
                    1.0
                ]
            ]
        },
        {
            "file_path": "/data/shapenet_blender/all_50_random/02958343/d4434de782382a47a7e7e5ea49ad8e45/r_21",
            "rotation": 0.12566370614359174,
            "transform_matrix": [
                [
                    -0.6806150674819946,
                    -0.1477164477109909,
                    0.7175952792167664,
                    2.892719268798828
                ],
                [
                    0.7326412200927734,
                    -0.13722683489322662,
                    0.6666374802589417,
                    2.6873018741607666
                ],
                [
                    7.450580596923828e-09,
                    0.9794634580612183,
                    0.20162178575992584,
                    0.8127634525299072
                ],
                [
                    0.0,
                    0.0,
                    0.0,
                    1.0
                ]
            ]
        },
        {
            "file_path": "/data/shapenet_blender/all_50_random/02958343/d4434de782382a47a7e7e5ea49ad8e45/r_22",
            "rotation": 0.12566370614359174,
            "transform_matrix": [
                [
                    -0.08710300922393799,
                    0.22762303054332733,
                    -0.9698457717895508,
                    -3.9095733165740967
                ],
                [
                    -0.9961993098258972,
                    -0.019902292639017105,
                    0.08479877561330795,
                    0.34183478355407715
                ],
                [
                    0.0,
                    0.9735459089279175,
                    0.22849145531654358,
                    0.9210785031318665
                ],
                [
                    0.0,
                    0.0,
                    0.0,
                    1.0
                ]
            ]
        },
        {
            "file_path": "/data/shapenet_blender/all_50_random/02958343/d4434de782382a47a7e7e5ea49ad8e45/r_23",
            "rotation": 0.12566370614359174,
            "transform_matrix": [
                [
                    0.899374783039093,
                    0.35273638367652893,
                    0.25826725363731384,
                    1.0411086082458496
                ],
                [
                    0.437178373336792,
                    -0.7256585359573364,
                    -0.5313141345977783,
                    -2.1417958736419678
                ],
                [
                    1.4901160305669237e-08,
                    0.5907593965530396,
                    -0.8068477511405945,
                    -3.252507209777832
                ],
                [
                    0.0,
                    0.0,
                    0.0,
                    1.0
                ]
            ]
        },
        {
            "file_path": "/data/shapenet_blender/all_50_random/02958343/d4434de782382a47a7e7e5ea49ad8e45/r_24",
            "rotation": 0.12566370614359174,
            "transform_matrix": [
                [
                    0.4718801975250244,
                    -0.29791319370269775,
                    -0.8298052549362183,
                    -3.3450520038604736
                ],
                [
                    -0.8816626667976379,
                    -0.15944799780845642,
                    -0.44412529468536377,
                    -1.7903263568878174
                ],
                [
                    -1.4901161193847656e-08,
                    0.9411822557449341,
                    -0.33789926767349243,
                    -1.362115502357483
                ],
                [
                    0.0,
                    0.0,
                    0.0,
                    1.0
                ]
            ]
        },
        {
            "file_path": "/data/shapenet_blender/all_50_random/02958343/d4434de782382a47a7e7e5ea49ad8e45/r_25",
            "rotation": 0.12566370614359174,
            "transform_matrix": [
                [
                    0.9861364960670471,
                    -0.03281942754983902,
                    -0.16265828907489777,
                    -0.6556965112686157
                ],
                [
                    -0.16593624651432037,
                    -0.19504138827323914,
                    -0.9666560888290405,
                    -3.8967154026031494
                ],
                [
                    3.725290298461914e-09,
                    0.9802457690238953,
                    -0.19778335094451904,
                    -0.7972902059555054
                ],
                [
                    0.0,
                    0.0,
                    0.0,
                    1.0
                ]
            ]
        },
        {
            "file_path": "/data/shapenet_blender/all_50_random/02958343/d4434de782382a47a7e7e5ea49ad8e45/r_26",
            "rotation": 0.12566370614359174,
            "transform_matrix": [
                [
                    -0.0429091602563858,
                    0.9620826244354248,
                    -0.26936182379722595,
                    -1.085832118988037
                ],
                [
                    -0.9990789890289307,
                    -0.04132021218538284,
                    0.011568744666874409,
                    0.04663509503006935
                ],
                [
                    0.0,
                    0.2696102559566498,
                    0.9629696607589722,
                    3.881854295730591
                ],
                [
                    0.0,
                    0.0,
                    0.0,
                    1.0
                ]
            ]
        },
        {
            "file_path": "/data/shapenet_blender/all_50_random/02958343/d4434de782382a47a7e7e5ea49ad8e45/r_27",
            "rotation": 0.12566370614359174,
            "transform_matrix": [
                [
                    0.6233100891113281,
                    -0.08610367029905319,
                    -0.777219831943512,
                    -3.133073568344116
                ],
                [
                    -0.7819747924804688,
                    -0.06863300502300262,
                    -0.6195198893547058,
                    -2.4973647594451904
                ],
                [
                    3.7252898543727042e-09,
                    0.9939193725585938,
                    -0.11011055111885071,
                    -0.44386985898017883
                ],
                [
                    0.0,
                    0.0,
                    0.0,
                    1.0
                ]
            ]
        },
        {
            "file_path": "/data/shapenet_blender/all_50_random/02958343/d4434de782382a47a7e7e5ea49ad8e45/r_28",
            "rotation": 0.12566370614359174,
            "transform_matrix": [
                [
                    -0.9498072266578674,
                    0.05767321586608887,
                    0.3074737787246704,
                    1.2394664287567139
                ],
                [
                    0.3128359615802765,
                    0.17510275542736053,
                    0.9335270524024963,
                    3.7631676197052
                ],
                [
                    0.0,
                    0.9828596115112305,
                    -0.18435610830783844,
                    -0.7431632280349731
                ],
                [
                    0.0,
                    0.0,
                    0.0,
                    1.0
                ]
            ]
        },
        {
            "file_path": "/data/shapenet_blender/all_50_random/02958343/d4434de782382a47a7e7e5ea49ad8e45/r_29",
            "rotation": 0.12566370614359174,
            "transform_matrix": [
                [
                    -0.8455491662025452,
                    -0.48876699805259705,
                    0.2148335725069046,
                    0.8660218119621277
                ],
                [
                    0.5338976979255676,
                    -0.7740744352340698,
                    0.34023815393447876,
                    1.3715438842773438
                ],
                [
                    0.0,
                    0.40238720178604126,
                    0.9154695272445679,
                    3.690375804901123
                ],
                [
                    0.0,
                    0.0,
                    0.0,
                    1.0
                ]
            ]
        },
        {
            "file_path": "/data/shapenet_blender/all_50_random/02958343/d4434de782382a47a7e7e5ea49ad8e45/r_30",
            "rotation": 0.12566370614359174,
            "transform_matrix": [
                [
                    0.10931365936994553,
                    -0.33010074496269226,
                    -0.9375948309898376,
                    -3.7795655727386475
                ],
                [
                    -0.994007408618927,
                    -0.03630205988883972,
                    -0.10310981422662735,
                    -0.4156489670276642
                ],
                [
                    0.0,
                    0.9432474970817566,
                    -0.332090824842453,
                    -1.3387008905410767
                ],
                [
                    0.0,
                    0.0,
                    0.0,
                    1.0
                ]
            ]
        },
        {
            "file_path": "/data/shapenet_blender/all_50_random/02958343/d4434de782382a47a7e7e5ea49ad8e45/r_31",
            "rotation": 0.12566370614359174,
            "transform_matrix": [
                [
                    -0.3572348952293396,
                    0.44734469056129456,
                    -0.8199182152748108,
                    -3.3051962852478027
                ],
                [
                    -0.9340146780014038,
                    -0.1710970252752304,
                    0.3135961592197418,
                    1.2641466856002808
                ],
                [
                    1.4901162970204496e-08,
                    0.8778431415557861,
                    0.4789482057094574,
                    1.9307020902633667
                ],
                [
                    0.0,
                    0.0,
                    0.0,
                    1.0
                ]
            ]
        },
        {
            "file_path": "/data/shapenet_blender/all_50_random/02958343/d4434de782382a47a7e7e5ea49ad8e45/r_32",
            "rotation": 0.12566370614359174,
            "transform_matrix": [
                [
                    0.931337296962738,
                    -0.1407080739736557,
                    0.33587518334388733,
                    1.3539559841156006
                ],
                [
                    0.3641577661037445,
                    0.359862357378006,
                    -0.8590042591094971,
                    -3.462756395339966
                ],
                [
                    0.0,
                    0.9223340749740601,
                    0.3863932490348816,
                    1.5576008558273315
                ],
                [
                    0.0,
                    0.0,
                    0.0,
                    1.0
                ]
            ]
        },
        {
            "file_path": "/data/shapenet_blender/all_50_random/02958343/d4434de782382a47a7e7e5ea49ad8e45/r_33",
            "rotation": 0.12566370614359174,
            "transform_matrix": [
                [
                    0.4119996428489685,
                    0.17335152626037598,
                    -0.8945420384407043,
                    -3.6060144901275635
                ],
                [
                    -0.9111840128898621,
                    0.07838237285614014,
                    -0.40447482466697693,
                    -1.6304903030395508
                ],
                [
                    0.0,
                    0.9817358255386353,
                    0.19024865329265594,
                    0.7669169306755066
                ],
                [
                    0.0,
                    0.0,
                    0.0,
                    1.0
                ]
            ]
        },
        {
            "file_path": "/data/shapenet_blender/all_50_random/02958343/d4434de782382a47a7e7e5ea49ad8e45/r_34",
            "rotation": 0.12566370614359174,
            "transform_matrix": [
                [
                    0.31633850932121277,
                    0.40741854906082153,
                    -0.856702983379364,
                    -3.4534802436828613
                ],
                [
                    -0.9486464262008667,
                    0.13585902750492096,
                    -0.28567877411842346,
                    -1.1516079902648926
                ],
                [
                    7.450581485102248e-09,
                    0.9030793309211731,
                    0.4294736087322235,
                    1.731263518333435
                ],
                [
                    0.0,
                    0.0,
                    0.0,
                    1.0
                ]
            ]
        },
        {
            "file_path": "/data/shapenet_blender/all_50_random/02958343/d4434de782382a47a7e7e5ea49ad8e45/r_35",
            "rotation": 0.12566370614359174,
            "transform_matrix": [
                [
                    0.7897295355796814,
                    -0.519470751285553,
                    0.32630857825279236,
                    1.3153918981552124
                ],
                [
                    0.613455057144165,
                    0.6687390804290771,
                    -0.4200723469257355,
                    -1.6933658123016357
                ],
                [
                    0.0,
                    0.5319191813468933,
                    0.8467950820922852,
                    3.4135401248931885
                ],
                [
                    0.0,
                    0.0,
                    0.0,
                    1.0
                ]
            ]
        },
        {
            "file_path": "/data/shapenet_blender/all_50_random/02958343/d4434de782382a47a7e7e5ea49ad8e45/r_36",
            "rotation": 0.12566370614359174,
            "transform_matrix": [
                [
                    0.8013280034065247,
                    -0.25091326236724854,
                    0.5430616736412048,
                    2.1891515254974365
                ],
                [
                    0.5982252359390259,
                    0.3361005187034607,
                    -0.7274358868598938,
                    -2.9323878288269043
                ],
                [
                    1.4901161193847656e-08,
                    0.9077877998352051,
                    0.4194294512271881,
                    1.6907742023468018
                ],
                [
                    0.0,
                    0.0,
                    0.0,
                    1.0
                ]
            ]
        },
        {
            "file_path": "/data/shapenet_blender/all_50_random/02958343/d4434de782382a47a7e7e5ea49ad8e45/r_37",
            "rotation": 0.12566370614359174,
            "transform_matrix": [
                [
                    -0.43699467182159424,
                    -0.13979840278625488,
                    -0.8885337114334106,
                    -3.5817935466766357
                ],
                [
                    -0.8994640707969666,
                    0.06791950762271881,
                    0.431684285402298,
                    1.7401747703552246
                ],
                [
                    0.0,
                    0.9878478050231934,
                    -0.15542413294315338,
                    -0.626534640789032
                ],
                [
                    0.0,
                    0.0,
                    0.0,
                    1.0
                ]
            ]
        },
        {
            "file_path": "/data/shapenet_blender/all_50_random/02958343/d4434de782382a47a7e7e5ea49ad8e45/r_38",
            "rotation": 0.12566370614359174,
            "transform_matrix": [
                [
                    0.9312704801559448,
                    -0.31213656067848206,
                    0.18789872527122498,
                    0.7574440240859985
                ],
                [
                    0.36432838439941406,
                    0.7978615164756775,
                    -0.48029351234436035,
                    -1.9361251592636108
                ],
                [
                    0.0,
                    0.5157400369644165,
                    0.8567450642585754,
                    3.4536499977111816
                ],
                [
                    0.0,
                    0.0,
                    0.0,
                    1.0
                ]
            ]
        },
        {
            "file_path": "/data/shapenet_blender/all_50_random/02958343/d4434de782382a47a7e7e5ea49ad8e45/r_39",
            "rotation": 0.12566370614359174,
            "transform_matrix": [
                [
                    -0.259095162153244,
                    -0.00932842306792736,
                    0.9658067226409912,
                    3.893291473388672
                ],
                [
                    0.9658517837524414,
                    -0.0025024020578712225,
                    0.259083092212677,
                    1.0443973541259766
                ],
                [
                    0.0,
                    0.9999534487724304,
                    0.00965823419392109,
                    0.038933586329221725
                ],
                [
                    0.0,
                    0.0,
                    0.0,
                    1.0
                ]
            ]
        },
        {
            "file_path": "/data/shapenet_blender/all_50_random/02958343/d4434de782382a47a7e7e5ea49ad8e45/r_40",
            "rotation": 0.12566370614359174,
            "transform_matrix": [
                [
                    -0.9058204889297485,
                    -0.2848721742630005,
                    -0.3135876953601837,
                    -1.2641124725341797
                ],
                [
                    -0.4236619472503662,
                    0.6090776920318604,
                    0.670473575592041,
                    2.702765464782715
                ],
                [
                    0.0,
                    0.7401837110519409,
                    -0.6724045872688293,
                    -2.7105495929718018
                ],
                [
                    0.0,
                    0.0,
                    0.0,
                    1.0
                ]
            ]
        },
        {
            "file_path": "/data/shapenet_blender/all_50_random/02958343/d4434de782382a47a7e7e5ea49ad8e45/r_41",
            "rotation": 0.12566370614359174,
            "transform_matrix": [
                [
                    0.4737846255302429,
                    -0.029770392924547195,
                    -0.8801373839378357,
                    -3.547947406768799
                ],
                [
                    -0.8806408643722534,
                    -0.016016462817788124,
                    -0.47351375222206116,
                    -1.9087951183319092
                ],
                [
                    1.862645371275562e-09,
