{
    "class": "02958343",
    "model": "7a13aaf4344630329ed7f3a4aa9b6d86",
    "remove_doubles": true,
    "edge_split": true,
    "denoise": true,
    "camera_angle_x": 0.6911112070083618,
    "scale_factor": 2.2988426873025003,
    "hdri_file": "/data/IndoorHDRDataset2018/9C4A8021-2e81481485.exr",
    "center_offset": [
        0.0,
        0.0,
        -2.7939677238464355e-09
    ],
    "lights": [],
    "frames": [
        {
            "file_path": "/data/shapenet_blender/all_50_random/02958343/7a13aaf4344630329ed7f3a4aa9b6d86/r_0",
            "rotation": 0.12566370614359174,
            "transform_matrix": [
                [
                    -0.7671554088592529,
                    -0.14089572429656982,
                    -0.625796377658844,
                    -2.5226659774780273
                ],
                [
                    -0.6414613723754883,
                    0.16850413382053375,
                    0.7484207153320312,
                    3.0169804096221924
                ],
                [
                    -7.450581485102248e-09,
                    0.9755791425704956,
                    -0.21964801847934723,
                    -0.8854295015335083
                ],
                [
                    0.0,
                    0.0,
                    0.0,
                    1.0
                ]
            ]
        },
        {
            "file_path": "/data/shapenet_blender/all_50_random/02958343/7a13aaf4344630329ed7f3a4aa9b6d86/r_1",
            "rotation": 0.12566370614359174,
            "transform_matrix": [
                [
                    -0.6377623081207275,
                    -0.349715918302536,
                    0.6862636804580688,
                    2.7664175033569336
                ],
                [
                    0.7702332139015198,
                    -0.2895689904689789,
                    0.5682345628738403,
                    2.2906270027160645
                ],
                [
                    1.4901161193847656e-08,
                    0.8909816741943359,
                    0.4540390074253082,
                    1.8302899599075317
                ],
                [
                    0.0,
                    0.0,
                    0.0,
                    1.0
                ]
            ]
        },
        {
            "file_path": "/data/shapenet_blender/all_50_random/02958343/7a13aaf4344630329ed7f3a4aa9b6d86/r_2",
            "rotation": 0.12566370614359174,
            "transform_matrix": [
                [
                    0.9991559386253357,
                    0.029242543503642082,
                    0.02884841151535511,
                    0.11629166454076767
                ],
                [
                    0.041077446192502975,
                    -0.7112870812416077,
                    -0.7017003297805786,
                    -2.8286445140838623
                ],
                [
                    0.0,
                    0.7022930383682251,
                    -0.7118879556655884,
                    -2.8697121143341064
                ],
                [
                    0.0,
                    0.0,
                    0.0,
                    1.0
                ]
            ]
        },
        {
            "file_path": "/data/shapenet_blender/all_50_random/02958343/7a13aaf4344630329ed7f3a4aa9b6d86/r_3",
            "rotation": 0.12566370614359174,
            "transform_matrix": [
                [
                    -0.9927308559417725,
                    0.09430119395256042,
                    0.07478456944227219,
                    0.3014662563800812
                ],
                [
                    0.1203555017709732,
                    0.7778265476226807,
                    0.6168471574783325,
                    2.4865903854370117
                ],
                [
                    0.0,
                    0.6213639378547668,
                    -0.7835220694541931,
                    -3.1584784984588623
                ],
                [
                    0.0,
                    0.0,
                    0.0,
                    1.0
                ]
            ]
        },
        {
            "file_path": "/data/shapenet_blender/all_50_random/02958343/7a13aaf4344630329ed7f3a4aa9b6d86/r_4",
            "rotation": 0.12566370614359174,
            "transform_matrix": [
                [
                    0.48662176728248596,
                    0.8605678081512451,
                    0.1504070907831192,
                    0.6063104271888733
                ],
                [
                    0.8736128807067871,
                    -0.4793553948402405,
                    -0.08378009498119354,
                    -0.3377283811569214
                ],
                [
                    0.0,
                    0.17216670513153076,
                    -0.9850677251815796,
                    -3.970935344696045
                ],
                [
                    0.0,
                    0.0,
                    0.0,
                    1.0
                ]
            ]
        },
        {
            "file_path": "/data/shapenet_blender/all_50_random/02958343/7a13aaf4344630329ed7f3a4aa9b6d86/r_5",
            "rotation": 0.12566370614359174,
            "transform_matrix": [
                [
                    -0.5628409385681152,
                    0.09406580775976181,
                    0.8211952447891235,
                    3.3103442192077637
                ],
                [
                    0.8265652656555176,
                    0.06405312567949295,
                    0.5591842532157898,
                    2.2541439533233643
                ],
                [
                    -3.725290298461914e-09,
                    0.9935033321380615,
                    -0.11380323767662048,
                    -0.4587555527687073
                ],
                [
                    0.0,
                    0.0,
                    0.0,
                    1.0
                ]
            ]
        },
        {
            "file_path": "/data/shapenet_blender/all_50_random/02958343/7a13aaf4344630329ed7f3a4aa9b6d86/r_6",
            "rotation": 0.12566370614359174,
            "transform_matrix": [
                [
                    0.8000563383102417,
                    -0.41463279724121094,
                    -0.43357744812965393,
                    -1.7478066682815552
                ],
                [
                    -0.5999248027801514,
                    -0.5529519319534302,
                    -0.5782164335250854,
                    -2.330864906311035
                ],
                [
                    0.0,
                    0.7227196097373962,
                    -0.6911412477493286,
                    -2.7860794067382812
                ],
                [
                    0.0,
                    0.0,
                    0.0,
                    1.0
                ]
            ]
        },
        {
            "file_path": "/data/shapenet_blender/all_50_random/02958343/7a13aaf4344630329ed7f3a4aa9b6d86/r_7",
            "rotation": 0.12566370614359174,
            "transform_matrix": [
                [
                    -0.8103601336479187,
                    0.5723950862884521,
                    -0.12522144615650177,
                    -0.5047838091850281
                ],
                [
                    -0.5859323143959045,
                    -0.7916377782821655,
                    0.17318463325500488,
                    0.6981295943260193
                ],
                [
                    0.0,
                    0.21371307969093323,
                    0.9768964052200317,
                    3.937995433807373
                ],
                [
                    0.0,
                    0.0,
                    0.0,
                    1.0
                ]
            ]
        },
        {
            "file_path": "/data/shapenet_blender/all_50_random/02958343/7a13aaf4344630329ed7f3a4aa9b6d86/r_8",
            "rotation": 0.12566370614359174,
            "transform_matrix": [
                [
                    0.4444984793663025,
                    -0.1512928456068039,
                    0.8829108476638794,
                    3.5591275691986084
                ],
                [
                    0.8957797288894653,
                    0.07507363706827164,
                    -0.4381127655506134,
                    -1.7660890817642212
                ],
                [
                    -7.450581485102248e-09,
                    0.9856339693069458,
                    0.1688951700925827,
                    0.6808382272720337
                ],
                [
                    0.0,
                    0.0,
                    0.0,
                    1.0
                ]
            ]
        },
        {
            "file_path": "/data/shapenet_blender/all_50_random/02958343/7a13aaf4344630329ed7f3a4aa9b6d86/r_9",
            "rotation": 0.12566370614359174,
            "transform_matrix": [
                [
                    0.47545650601387024,
                    -0.07855206727981567,
                    -0.8762252330780029,
                    -3.532176971435547
                ],
                [
                    -0.8797392249107361,
                    -0.042453594505786896,
                    -0.47355738282203674,
                    -1.908970832824707
                ],
                [
                    3.725290298461914e-09,
                    0.9960055947303772,
                    -0.08929017931222916,
                    -0.35994023084640503
                ],
                [
                    0.0,
                    0.0,
                    0.0,
                    1.0
                ]
            ]
        },
        {
            "file_path": "/data/shapenet_blender/all_50_random/02958343/7a13aaf4344630329ed7f3a4aa9b6d86/r_10",
            "rotation": 0.12566370614359174,
            "transform_matrix": [
                [
                    0.97596275806427,
                    0.046178508549928665,
                    0.21298888325691223,
                    0.8585856556892395
                ],
                [
                    0.2179374098777771,
                    -0.20679563283920288,
                    -0.9538023471832275,
                    -3.844900131225586
                ],
                [
                    3.725290298461914e-09,
                    0.9772937297821045,
                    -0.21188884973526,
                    -0.8541512489318848
                ],
                [
                    0.0,
                    0.0,
                    0.0,
                    1.0
                ]
            ]
        },
        {
            "file_path": "/data/shapenet_blender/all_50_random/02958343/7a13aaf4344630329ed7f3a4aa9b6d86/r_11",
            "rotation": 0.12566370614359174,
            "transform_matrix": [
                [
                    0.20661737024784088,
                    0.8546848297119141,
                    -0.47625938057899475,
                    -1.919862985610962
                ],
                [
                    -0.9784218668937683,
                    0.18048730492591858,
                    -0.10057364404201508,
                    -0.4054253399372101
                ],
                [
                    7.450581485102248e-09,
                    0.486762672662735,
                    0.8735342025756836,
                    3.521328926086426
                ],
                [
                    0.0,
                    0.0,
                    0.0,
                    1.0
                ]
            ]
        },
        {
            "file_path": "/data/shapenet_blender/all_50_random/02958343/7a13aaf4344630329ed7f3a4aa9b6d86/r_12",
            "rotation": 0.12566370614359174,
            "transform_matrix": [
                [
                    -0.5774515271186829,
                    0.732064962387085,
                    -0.36142832040786743,
                    -1.4569642543792725
                ],
                [
                    -0.8164249658584595,
                    -0.5177842974662781,
                    0.25563564896583557,
                    1.0305004119873047
                ],
                [
                    0.0,
                    0.44269633293151855,
                    0.8966715335845947,
                    3.6145987510681152
                ],
                [
                    0.0,
                    0.0,
                    0.0,
                    1.0
                ]
            ]
        },
        {
            "file_path": "/data/shapenet_blender/all_50_random/02958343/7a13aaf4344630329ed7f3a4aa9b6d86/r_13",
            "rotation": 0.12566370614359174,
            "transform_matrix": [
                [
                    -0.9812391996383667,
                    -0.03786855190992355,
                    -0.18903867900371552,
                    -0.762039303779602
                ],
                [
                    -0.1927943378686905,
                    0.19273445010185242,
                    0.9621245861053467,
                    3.878448247909546
                ],
                [
                    3.725290298461914e-09,
                    0.9805200099945068,
                    -0.19641941785812378,
                    -0.7917919754981995
                ],
                [
                    0.0,
                    0.0,
                    0.0,
                    1.0
                ]
            ]
        },
        {
            "file_path": "/data/shapenet_blender/all_50_random/02958343/7a13aaf4344630329ed7f3a4aa9b6d86/r_14",
            "rotation": 0.12566370614359174,
            "transform_matrix": [
                [
                    0.9226698279380798,
                    0.022321971133351326,
                    -0.38494423031806946,
                    -1.551759958267212
                ],
                [
                    -0.38559094071388245,
                    0.05341362580657005,
                    -0.9211223721504211,
                    -3.713163375854492
                ],
                [
                    0.0,
                    0.9983230233192444,
                    0.057890281081199646,
                    0.23336319625377655
                ],
                [
                    0.0,
                    0.0,
                    0.0,
                    1.0
                ]
            ]
        },
        {
            "file_path": "/data/shapenet_blender/all_50_random/02958343/7a13aaf4344630329ed7f3a4aa9b6d86/r_15",
            "rotation": 0.12566370614359174,
            "transform_matrix": [
                [
                    0.8781518936157227,
                    0.06381398439407349,
                    0.4741065502166748,
                    1.9111847877502441
                ],
                [
                    0.4783819913864136,
                    -0.1171414852142334,
                    -0.8703036308288574,
                    -3.5083065032958984
                ],
                [
                    0.0,
                    0.9910629987716675,
                    -0.13339543342590332,
                    -0.5377342700958252
                ],
                [
                    0.0,
                    0.0,
                    0.0,
                    1.0
                ]
            ]
        },
        {
            "file_path": "/data/shapenet_blender/all_50_random/02958343/7a13aaf4344630329ed7f3a4aa9b6d86/r_16",
            "rotation": 0.12566370614359174,
            "transform_matrix": [
                [
                    0.9923726320266724,
                    -0.04996199905872345,
                    -0.11269471794366837,
                    -0.45428693294525146
                ],
                [
                    -0.12327326834201813,
                    -0.40220335125923157,
                    -0.9072133898735046,
                    -3.6570942401885986
                ],
                [
                    3.7252898543727042e-09,
                    0.9141861796379089,
                    -0.40529459714889526,
                    -1.6337947845458984
                ],
                [
                    0.0,
                    0.0,
                    0.0,
                    1.0
                ]
            ]
        },
        {
            "file_path": "/data/shapenet_blender/all_50_random/02958343/7a13aaf4344630329ed7f3a4aa9b6d86/r_17",
            "rotation": 0.12566370614359174,
            "transform_matrix": [
                [
                    0.9763003587722778,
                    0.14673243463039398,
                    -0.1590820848941803,
                    -0.6412804126739502
                ],
                [
                    -0.2164197564125061,
                    0.6619309186935425,
                    -0.7176419496536255,
                    -2.89290714263916
                ],
                [
                    0.0,
                    0.7350624799728394,
                    0.6779992580413818,
                    2.733102321624756
                ],
                [
                    0.0,
                    0.0,
                    0.0,
                    1.0
                ]
            ]
        },
        {
            "file_path": "/data/shapenet_blender/all_50_random/02958343/7a13aaf4344630329ed7f3a4aa9b6d86/r_18",
            "rotation": 0.12566370614359174,
            "transform_matrix": [
                [
                    0.6647753119468689,
                    0.15238487720489502,
                    -0.731336236000061,
                    -2.948110580444336
                ],
                [
                    -0.7470434308052063,
                    0.13560350239276886,
                    -0.6507978439331055,
                    -2.6234500408172607
                ],
                [
                    7.450581485102248e-09,
                    0.9789742231369019,
                    0.20398396253585815,
                    0.8222856521606445
                ],
                [
                    0.0,
                    0.0,
                    0.0,
                    1.0
                ]
            ]
        },
        {
            "file_path": "/data/shapenet_blender/all_50_random/02958343/7a13aaf4344630329ed7f3a4aa9b6d86/r_19",
            "rotation": 0.12566370614359174,
            "transform_matrix": [
                [
                    0.6761690974235535,
                    0.49926260113716125,
                    -0.5417860150337219,
                    -2.184009552001953
                ],
                [
                    -0.7367464303970337,
                    0.45821183919906616,
                    -0.4972388744354248,
                    -2.004434108734131
                ],
                [
                    0.0,
                    0.7353763580322266,
                    0.6776586771011353,
                    2.731729745864868
                ],
                [
                    0.0,
                    0.0,
                    0.0,
                    1.0
                ]
            ]
        },
        {
            "file_path": "/data/shapenet_blender/all_50_random/02958343/7a13aaf4344630329ed7f3a4aa9b6d86/r_20",
            "rotation": 0.12566370614359174,
            "transform_matrix": [
                [
                    -0.9405960440635681,
                    0.07780995219945908,
                    -0.33049169182777405,
                    -1.3322546482086182
                ],
                [
                    -0.3395278751850128,
                    -0.21555738151073456,
                    0.9155631065368652,
                    3.6907529830932617
                ],
                [
                    0.0,
                    0.9733862280845642,
                    0.2291710525751114,
                    0.923818051815033
                ],
                [
                    0.0,
                    0.0,
                    0.0,
                    1.0
                ]
            ]
        },
        {
            "file_path": "/data/shapenet_blender/all_50_random/02958343/7a13aaf4344630329ed7f3a4aa9b6d86/r_21",
            "rotation": 0.12566370614359174,
            "transform_matrix": [
                [
                    -0.534972608089447,
                    -0.1817936897277832,
                    -0.8250789046287537,
                    -3.3259997367858887
                ],
                [
                    -0.8448694348335266,
                    0.1151120513677597,
                    0.5224412679672241,
                    2.1060283184051514
                ],
                [
                    -7.450580596923828e-09,
                    0.9765757918357849,
                    -0.21517370641231537,
                    -0.8673930168151855
                ],
                [
                    0.0,
                    0.0,
                    0.0,
                    1.0
                ]
            ]
        },
        {
            "file_path": "/data/shapenet_blender/all_50_random/02958343/7a13aaf4344630329ed7f3a4aa9b6d86/r_22",
            "rotation": 0.12566370614359174,
            "transform_matrix": [
                [
                    -0.9971945285797119,
                    -0.039147067815065384,
                    0.06380205601453781,
                    0.2571943402290344
                ],
                [
                    0.07485451549291611,
                    -0.5215082168579102,
                    0.8499562740325928,
                    3.426283836364746
                ],
                [
                    3.725290742551124e-09,
                    0.8523476719856262,
                    0.5229754447937012,
                    2.1081817150115967
                ],
                [
                    0.0,
                    0.0,
                    0.0,
                    1.0
                ]
            ]
        },
        {
            "file_path": "/data/shapenet_blender/all_50_random/02958343/7a13aaf4344630329ed7f3a4aa9b6d86/r_23",
            "rotation": 0.12566370614359174,
            "transform_matrix": [
                [
                    -0.9921457171440125,
                    -0.0014572837390005589,
                    -0.12507930397987366,
                    -0.5042107701301575
                ],
                [
                    -0.12508778274059296,
                    0.011558584868907928,
                    0.992078423500061,
                    3.9991955757141113
                ],
                [
                    0.0,
                    0.9999322295188904,
                    -0.011650089174509048,
                    -0.046963006258010864
                ],
                [
                    0.0,
                    0.0,
                    0.0,
                    1.0
                ]
            ]
        },
        {
            "file_path": "/data/shapenet_blender/all_50_random/02958343/7a13aaf4344630329ed7f3a4aa9b6d86/r_24",
            "rotation": 0.12566370614359174,
            "transform_matrix": [
                [
                    0.22261562943458557,
                    -0.5928841233253479,
                    -0.7739060521125793,
                    -3.1197152137756348
                ],
                [
                    -0.9749062657356262,
                    -0.1353825330734253,
                    -0.1767181009054184,
                    -0.7123734951019287
                ],
                [
                    -7.450580152834618e-09,
                    0.793826162815094,
                    -0.6081447005271912,
                    -2.451509952545166
                ],
                [
                    0.0,
                    0.0,
                    0.0,
                    1.0
                ]
            ]
        },
        {
            "file_path": "/data/shapenet_blender/all_50_random/02958343/7a13aaf4344630329ed7f3a4aa9b6d86/r_25",
            "rotation": 0.12566370614359174,
            "transform_matrix": [
                [
                    0.5875696539878845,
                    0.3651260733604431,
                    -0.7221114039421082,
                    -2.910924196243286
                ],
                [
                    -0.8091737031936646,
                    0.2651309370994568,
                    -0.524350643157959,
                    -2.113724946975708
                ],
                [
                    -1.4901162970204496e-08,
                    0.8924059271812439,
                    0.4512333273887634,
                    1.8189797401428223
                ],
                [
                    0.0,
                    0.0,
                    0.0,
                    1.0
                ]
            ]
        },
        {
            "file_path": "/data/shapenet_blender/all_50_random/02958343/7a13aaf4344630329ed7f3a4aa9b6d86/r_26",
            "rotation": 0.12566370614359174,
            "transform_matrix": [
                [
                    0.8761304616928101,
                    0.012852376326918602,
                    0.48190268874168396,
                    1.9426120519638062
                ],
                [
                    0.4820740818977356,
                    -0.023358147591352463,
                    -0.8758189678192139,
                    -3.5305395126342773
                ],
                [
                    -9.313225746154785e-10,
                    0.9996445178985596,
                    -0.026660582050681114,
                    -0.1074722483754158
                ],
                [
                    0.0,
                    0.0,
                    0.0,
                    1.0
                ]
            ]
        },
        {
            "file_path": "/data/shapenet_blender/all_50_random/02958343/7a13aaf4344630329ed7f3a4aa9b6d86/r_27",
            "rotation": 0.12566370614359174,
            "transform_matrix": [
                [
                    0.21021807193756104,
                    -0.3838750123977661,
                    0.8991374969482422,
                    3.624539375305176
                ],
                [
                    0.9776545166969299,
                    0.08254189789295197,
                    -0.19333511590957642,
                    -0.7793588638305664
                ],
                [
                    0.0,
                    0.9196884036064148,
                    0.3926489055156708,
                    1.5828185081481934
                ],
                [
                    0.0,
                    0.0,
                    0.0,
                    1.0
                ]
            ]
        },
        {
            "file_path": "/data/shapenet_blender/all_50_random/02958343/7a13aaf4344630329ed7f3a4aa9b6d86/r_28",
            "rotation": 0.12566370614359174,
            "transform_matrix": [
                [
                    -0.6910547018051147,
                    0.13547080755233765,
                    -0.7099936008453369,
                    -2.8620758056640625
                ],
                [
                    -0.7228024005889893,
                    -0.12952052056789398,
                    0.6788085699081421,
                    2.7363648414611816
                ],
                [
                    0.0,
                    0.9822789430618286,
                    0.1874244213104248,
                    0.7555320262908936
                ],
                [
                    0.0,
                    0.0,
                    0.0,
                    1.0
                ]
            ]
        },
        {
            "file_path": "/data/shapenet_blender/all_50_random/02958343/7a13aaf4344630329ed7f3a4aa9b6d86/r_29",
            "rotation": 0.12566370614359174,
            "transform_matrix": [
                [
                    0.43459242582321167,
                    0.41875550150871277,
                    0.7973539233207703,
                    3.2142364978790283
                ],
                [
                    0.9006273150444031,
                    -0.2020680010318756,
                    -0.38475844264030457,
                    -1.5510108470916748
                ],
                [
                    0.0,
                    0.8853317499160767,
                    -0.4649598300457001,
                    -1.8743129968643188
                ],
                [
                    0.0,
                    0.0,
                    0.0,
                    1.0
                ]
            ]
        },
        {
            "file_path": "/data/shapenet_blender/all_50_random/02958343/7a13aaf4344630329ed7f3a4aa9b6d86/r_30",
            "rotation": 0.12566370614359174,
            "transform_matrix": [
                [
                    0.22085168957710266,
                    0.6861463785171509,
                    0.693128764629364,
                    2.7940914630889893
                ],
                [
                    0.9753074049949646,
                    -0.15537315607070923,
                    -0.15695425868034363,
                    -0.6327028274536133
                ],
                [
                    7.450581485102248e-09,
                    0.7106771469116211,
                    -0.7035181522369385,
                    -2.835972309112549
                ],
                [
                    0.0,
                    0.0,
                    0.0,
                    1.0
                ]
            ]
        },
        {
            "file_path": "/data/shapenet_blender/all_50_random/02958343/7a13aaf4344630329ed7f3a4aa9b6d86/r_31",
            "rotation": 0.12566370614359174,
            "transform_matrix": [
                [
                    -0.8438687324523926,
                    0.2768935561180115,
                    0.45958182215690613,
                    1.8526337146759033
                ],
                [
                    0.5365496277809143,
                    0.4354896545410156,
                    0.7228161096572876,
                    2.9137651920318604
                ],
                [
                    0.0,
                    0.856550395488739,
                    -0.5160631537437439,
                    -2.080317258834839
                ],
                [
                    0.0,
                    0.0,
                    0.0,
                    1.0
                ]
            ]
        },
        {
            "file_path": "/data/shapenet_blender/all_50_random/02958343/7a13aaf4344630329ed7f3a4aa9b6d86/r_32",
            "rotation": 0.12566370614359174,
            "transform_matrix": [
                [
                    -0.9283756017684937,
                    0.03054850734770298,
                    -0.37038591504096985,
                    -1.4930733442306519
                ],
                [
                    -0.3716435730457306,
                    -0.07631098479032516,
                    0.9252338409423828,
                    3.729736804962158
                ],
                [
                    -1.862645371275562e-09,
                    0.9966159462928772,
                    0.08219839632511139,
                    0.3313523232936859
                ],
                [
                    0.0,
                    0.0,
                    0.0,
                    1.0
                ]
            ]
        },
        {
            "file_path": "/data/shapenet_blender/all_50_random/02958343/7a13aaf4344630329ed7f3a4aa9b6d86/r_33",
            "rotation": 0.12566370614359174,
            "transform_matrix": [
                [
                    0.9457369446754456,
                    -0.2506695091724396,
                    -0.20675180852413177,
                    -0.833443284034729
                ],
                [
                    -0.32493308186531067,
                    -0.7295883893966675,
                    -0.6017633676528931,
                    -2.425786018371582
                ],
                [
                    1.4901160305669237e-08,
                    0.6362904906272888,
                    -0.7714495062828064,
                    -3.1098127365112305
                ],
                [
                    0.0,
                    0.0,
                    0.0,
                    1.0
                ]
            ]
        },
        {
            "file_path": "/data/shapenet_blender/all_50_random/02958343/7a13aaf4344630329ed7f3a4aa9b6d86/r_34",
            "rotation": 0.12566370614359174,
            "transform_matrix": [
                [
                    0.028562385588884354,
                    0.1252819001674652,
                    -0.9917099475860596,
                    -3.9977104663848877
                ],
                [
                    -0.9995920062065125,
                    0.0035798109602183104,
                    -0.028337163850665092,
                    -0.11423075199127197
                ],
                [
                    2.3283064365386963e-10,
                    0.9921146035194397,
                    0.1253330558538437,
                    0.5052337050437927
                ],
                [
                    0.0,
                    0.0,
                    0.0,
                    1.0
                ]
            ]
        },
        {
            "file_path": "/data/shapenet_blender/all_50_random/02958343/7a13aaf4344630329ed7f3a4aa9b6d86/r_35",
            "rotation": 0.12566370614359174,
            "transform_matrix": [
                [
                    -0.05197565630078316,
                    -0.5822502374649048,
                    0.8113464713096619,
                    3.2706422805786133
                ],
                [
                    0.9986483454704285,
                    -0.030303800478577614,
                    0.04222734272480011,
                    0.17022386193275452
                ],
                [
                    0.0,
                    0.8124445080757141,
                    0.583038330078125,
                    2.3503026962280273
                ],
                [
                    0.0,
                    0.0,
                    0.0,
                    1.0
                ]
            ]
        },
        {
            "file_path": "/data/shapenet_blender/all_50_random/02958343/7a13aaf4344630329ed7f3a4aa9b6d86/r_36",
            "rotation": 0.12566370614359174,
            "transform_matrix": [
                [
                    -0.44750916957855225,
                    -0.5526832342147827,
                    0.7030481696128845,
                    2.834077835083008
                ],
                [
                    0.8942793607711792,
                    -0.2765699625015259,
                    0.3518145978450775,
                    1.4182100296020508
                ],
                [
                    -1.4901161193847656e-08,
                    0.7861616611480713,
                    0.6180208325386047,
                    2.491321563720703
                ],
                [
                    0.0,
                    0.0,
                    0.0,
                    1.0
                ]
            ]
        },
        {
            "file_path": "/data/shapenet_blender/all_50_random/02958343/7a13aaf4344630329ed7f3a4aa9b6d86/r_37",
            "rotation": 0.12566370614359174,
            "transform_matrix": [
                [
                    -0.06387202441692352,
                    -0.5836035013198853,
                    -0.809522807598114,
                    -3.263291120529175
                ],
                [
                    -0.9979581236839294,
                    0.03735220804810524,
                    0.05181166157126427,
                    0.20885950326919556
                ],
                [
                    -3.725290298461914e-09,
                    0.8111792206764221,
                    -0.5847975015640259,
                    -2.3573944568634033
                ],
                [
                    0.0,
                    0.0,
                    0.0,
                    1.0
                ]
            ]
        },
        {
            "file_path": "/data/shapenet_blender/all_50_random/02958343/7a13aaf4344630329ed7f3a4aa9b6d86/r_38",
            "rotation": 0.12566370614359174,
            "transform_matrix": [
                [
                    -0.9413136839866638,
                    0.20885136723518372,
                    0.26515960693359375,
                    1.0688925981521606
                ],
                [
                    0.33753299713134766,
                    0.5824457406997681,
                    0.7394784092903137,
                    2.9809327125549316
                ],
                [
                    -1.4901161193847656e-08,
                    0.7855813503265381,
                    -0.6187584400177002,
                    -2.494295120239258
                ],
                [
                    0.0,
                    0.0,
                    0.0,
                    1.0
                ]
            ]
        },
        {
            "file_path": "/data/shapenet_blender/all_50_random/02958343/7a13aaf4344630329ed7f3a4aa9b6d86/r_39",
            "rotation": 0.12566370614359174,
            "transform_matrix": [
                [
                    -0.9976993799209595,
                    0.06472530215978622,
                    -0.020164871588349342,
                    -0.0812872052192688
                ],
                [
                    -0.06779371947050095,
                    -0.9525424838066101,
                    0.296760231256485,
                    1.1962789297103882
                ],
                [
                    0.0,
                    0.2974444627761841,
                    0.954738974571228,
                    3.8486762046813965
                ],
                [
                    0.0,
                    0.0,
                    0.0,
                    1.0
                ]
            ]
        },
        {
            "file_path": "/data/shapenet_blender/all_50_random/02958343/7a13aaf4344630329ed7f3a4aa9b6d86/r_40",
            "rotation": 0.12566370614359174,
            "transform_matrix": [
                [
                    0.07534508407115936,
                    0.7931198477745056,
                    -0.6043872833251953,
                    -2.4363629817962646
                ],
                [
                    -0.9971575736999512,
                    0.05992802605032921,
                    -0.04566742107272148,
                    -0.18409126996994019
                ],
                [
                    0.0,
                    0.6061102151870728,
                    0.795380711555481,
                    3.206282138824463
                ],
                [
                    0.0,
                    0.0,
                    0.0,
                    1.0
                ]
            ]
        },
        {
            "file_path": "/data/shapenet_blender/all_50_random/02958343/7a13aaf4344630329ed7f3a4aa9b6d86/r_41",
            "rotation": 0.12566370614359174,
            "transform_matrix": [
                [
                    -0.984296977519989,
                    -0.00178537517786026,
                    -0.17651128768920898,
                    -0.7115397453308105
                ],
                [
                    -0.17652030289173126,
                    0.009955451823771,
                    0.9842466711997986,
