{
    "class": "02958343",
    "model": "8058b048fcc7730ffaf9aa0fdafb5e7c",
    "remove_doubles": true,
    "edge_split": true,
    "denoise": true,
    "camera_angle_x": 0.6911112070083618,
    "scale_factor": 2.211129653005909,
    "hdri_file": "/data/IndoorHDRDataset2018/AG8A3938-467a295a70.exr",
    "center_offset": [
        0.0,
        -9.313225746154785e-10,
        -3.725290298461914e-09
    ],
    "lights": [],
    "frames": [
        {
            "file_path": "/data/shapenet_blender/all_50_random/02958343/8058b048fcc7730ffaf9aa0fdafb5e7c/r_0",
            "rotation": 0.12566370614359174,
            "transform_matrix": [
                [
                    0.650547206401825,
                    0.06795543432235718,
                    0.7564194798469543,
                    3.049224376678467
                ],
                [
                    0.759465754032135,
                    -0.0582096204161644,
                    -0.6479377746582031,
                    -2.6119205951690674
                ],
                [
                    -3.7252898543727042e-09,
                    0.9959887862205505,
                    -0.08947794139385223,
                    -0.3606971204280853
                ],
                [
                    0.0,
                    0.0,
                    0.0,
                    1.0
                ]
            ]
        },
        {
            "file_path": "/data/shapenet_blender/all_50_random/02958343/8058b048fcc7730ffaf9aa0fdafb5e7c/r_1",
            "rotation": 0.12566370614359174,
            "transform_matrix": [
                [
                    0.9362307786941528,
                    0.1336486041545868,
                    0.3249768018722534,
                    1.310023546218872
                ],
                [
                    0.3513856828212738,
                    -0.3560929000377655,
                    -0.8658671379089355,
                    -3.490422248840332
                ],
                [
                    0.0,
                    0.9248437881469727,
                    -0.38034728169441223,
                    -1.533229112625122
                ],
                [
                    0.0,
                    0.0,
                    0.0,
                    1.0
                ]
            ]
        },
        {
            "file_path": "/data/shapenet_blender/all_50_random/02958343/8058b048fcc7730ffaf9aa0fdafb5e7c/r_2",
            "rotation": 0.12566370614359174,
            "transform_matrix": [
                [
                    0.9878826141357422,
                    -0.03682408109307289,
                    -0.15077130496501923,
                    -0.6077785491943359
                ],
                [
                    -0.15520310401916504,
                    -0.2343888133764267,
                    -0.9596738219261169,
                    -3.8685688972473145
                ],
                [
                    0.0,
                    0.9714452028274536,
                    -0.23726384341716766,
                    -0.9564411640167236
                ],
                [
                    0.0,
                    0.0,
                    0.0,
                    1.0
                ]
            ]
        },
        {
            "file_path": "/data/shapenet_blender/all_50_random/02958343/8058b048fcc7730ffaf9aa0fdafb5e7c/r_3",
            "rotation": 0.12566370614359174,
            "transform_matrix": [
                [
                    0.9461811184883118,
                    0.05308055132627487,
                    -0.31925520300865173,
                    -1.286958932876587
                ],
                [
                    -0.32363784313201904,
                    0.15518523752689362,
                    -0.9333681464195251,
                    -3.7625274658203125
                ],
                [
                    0.0,
                    0.9864582419395447,
                    0.16401222348213196,
                    0.6611544489860535
                ],
                [
                    0.0,
                    0.0,
                    0.0,
                    1.0
                ]
            ]
        },
        {
            "file_path": "/data/shapenet_blender/all_50_random/02958343/8058b048fcc7730ffaf9aa0fdafb5e7c/r_4",
            "rotation": 0.12566370614359174,
            "transform_matrix": [
                [
                    -0.019390223547816277,
                    0.22617627680301666,
                    -0.9738933444023132,
                    -3.925889730453491
                ],
                [
                    -0.9998119473457336,
                    -0.004386433865875006,
                    0.018887562677264214,
                    0.0761381983757019
                ],
                [
                    -4.656612873077393e-10,
                    0.9740763902664185,
                    0.2262188345193863,
                    0.9119172692298889
                ],
                [
                    0.0,
                    0.0,
                    0.0,
                    1.0
                ]
            ]
        },
        {
            "file_path": "/data/shapenet_blender/all_50_random/02958343/8058b048fcc7730ffaf9aa0fdafb5e7c/r_5",
            "rotation": 0.12566370614359174,
            "transform_matrix": [
                [
                    -0.6820066571235657,
                    0.04572419449687004,
                    0.7299151420593262,
                    2.942382335662842
                ],
                [
                    0.7313460111618042,
                    0.04263946786522865,
                    0.6806723475456238,
                    2.743878126144409
                ],
                [
                    0.0,
                    0.9980436563491821,
                    -0.0625205934047699,
                    -0.25202861428260803
                ],
                [
                    0.0,
                    0.0,
                    0.0,
                    1.0
                ]
            ]
        },
        {
            "file_path": "/data/shapenet_blender/all_50_random/02958343/8058b048fcc7730ffaf9aa0fdafb5e7c/r_6",
            "rotation": 0.12566370614359174,
            "transform_matrix": [
                [
                    -0.36526623368263245,
                    0.5443912744522095,
                    0.7551282048225403,
                    3.0440194606781006
                ],
                [
                    0.9309030175209045,
                    0.21360738575458527,
                    0.29629600048065186,
                    1.1944074630737305
                ],
                [
                    0.0,
                    0.8111781477928162,
                    -0.5847989916801453,
                    -2.357400417327881
                ],
                [
                    0.0,
                    0.0,
                    0.0,
                    1.0
                ]
            ]
        },
        {
            "file_path": "/data/shapenet_blender/all_50_random/02958343/8058b048fcc7730ffaf9aa0fdafb5e7c/r_7",
            "rotation": 0.12566370614359174,
            "transform_matrix": [
                [
                    -0.9982245564460754,
                    0.03358050808310509,
                    0.049194324761629105,
                    0.19830866158008575
                ],
                [
                    0.05956284701824188,
                    0.562781810760498,
                    0.8244566321372986,
                    3.323491096496582
                ],
                [
                    1.862645149230957e-09,
                    0.8259230256080627,
                    -0.563782811164856,
                    -2.27268123626709
                ],
                [
                    0.0,
                    0.0,
                    0.0,
                    1.0
                ]
            ]
        },
        {
            "file_path": "/data/shapenet_blender/all_50_random/02958343/8058b048fcc7730ffaf9aa0fdafb5e7c/r_8",
            "rotation": 0.12566370614359174,
            "transform_matrix": [
                [
                    -0.8571635484695435,
                    -0.009240050800144672,
                    -0.5149614810943604,
                    -2.075876235961914
                ],
                [
                    -0.5150443911552429,
                    0.015377771109342575,
                    0.8570255041122437,
                    3.454780340194702
                ],
                [
                    0.0,
                    0.9998389482498169,
                    -0.017940301448106766,
                    -0.07231967151165009
                ],
                [
                    0.0,
                    0.0,
                    0.0,
                    1.0
                ]
            ]
        },
        {
            "file_path": "/data/shapenet_blender/all_50_random/02958343/8058b048fcc7730ffaf9aa0fdafb5e7c/r_9",
            "rotation": 0.12566370614359174,
            "transform_matrix": [
                [
                    0.1268005520105362,
                    0.7934842109680176,
                    0.5952348113059998,
                    2.399468183517456
                ],
                [
                    0.9919283390045166,
                    -0.10143297165632248,
                    -0.07609027624130249,
                    -0.3067297041416168
                ],
                [
                    3.725290742551124e-09,
                    0.6000784635543823,
                    -0.7999410629272461,
                    -3.224665641784668
                ],
                [
                    0.0,
                    0.0,
                    0.0,
                    1.0
                ]
            ]
        },
        {
            "file_path": "/data/shapenet_blender/all_50_random/02958343/8058b048fcc7730ffaf9aa0fdafb5e7c/r_10",
            "rotation": 0.12566370614359174,
            "transform_matrix": [
                [
                    -0.5730119347572327,
                    -0.27036985754966736,
                    0.7736650109291077,
                    3.118743419647217
                ],
                [
                    0.8195470571517944,
                    -0.1890375316143036,
                    0.5409320592880249,
                    2.1805667877197266
                ],
                [
                    0.0,
                    0.9440153241157532,
                    0.3299015760421753,
                    1.3298758268356323
                ],
                [
                    0.0,
                    0.0,
                    0.0,
                    1.0
                ]
            ]
        },
        {
            "file_path": "/data/shapenet_blender/all_50_random/02958343/8058b048fcc7730ffaf9aa0fdafb5e7c/r_11",
            "rotation": 0.12566370614359174,
            "transform_matrix": [
                [
                    0.9849416613578796,
                    -0.045548465102910995,
                    -0.16677914559841156,
                    -0.6723082661628723
                ],
                [
                    -0.17288708686828613,
                    -0.25949063897132874,
                    -0.9501445293426514,
                    -3.83015513420105
                ],
                [
                    -3.725290298461914e-09,
                    0.9646708369255066,
                    -0.26345789432525635,
                    -1.062032699584961
                ],
                [
                    0.0,
                    0.0,
                    0.0,
                    1.0
                ]
            ]
        },
        {
            "file_path": "/data/shapenet_blender/all_50_random/02958343/8058b048fcc7730ffaf9aa0fdafb5e7c/r_12",
            "rotation": 0.12566370614359174,
            "transform_matrix": [
                [
                    -0.9997581243515015,
                    -0.015642056241631508,
                    -0.015458828769624233,
                    -0.06231653690338135
                ],
                [
                    -0.021992027759552002,
                    0.711088240146637,
                    0.7027587294578552,
                    2.832911252975464
                ],
                [
                    0.0,
                    0.7029287815093994,
                    -0.711260199546814,
                    -2.8671817779541016
                ],
                [
                    0.0,
                    0.0,
                    0.0,
                    1.0
                ]
            ]
        },
        {
            "file_path": "/data/shapenet_blender/all_50_random/02958343/8058b048fcc7730ffaf9aa0fdafb5e7c/r_13",
            "rotation": 0.12566370614359174,
            "transform_matrix": [
                [
                    -0.8429887294769287,
                    -0.11112728714942932,
                    -0.5263274908065796,
                    -2.121694326400757
                ],
                [
                    -0.5379312038421631,
                    0.17414690554141998,
                    0.8248046636581421,
                    3.3248941898345947
                ],
                [
                    7.450580596923828e-09,
                    0.9784290790557861,
                    -0.2065826952457428,
                    -0.8327615261077881
                ],
                [
                    0.0,
                    0.0,
                    0.0,
                    1.0
                ]
            ]
        },
        {
            "file_path": "/data/shapenet_blender/all_50_random/02958343/8058b048fcc7730ffaf9aa0fdafb5e7c/r_14",
            "rotation": 0.12566370614359174,
            "transform_matrix": [
                [
                    0.9854180812835693,
                    0.042151935398578644,
                    0.16484719514846802,
                    0.6645202040672302
                ],
                [
                    0.17015106976032257,
                    -0.2441200166940689,
                    -0.9547010660171509,
                    -3.848522663116455
                ],
                [
                    3.725290298461914e-09,
                    0.9688284397125244,
                    -0.2477324903011322,
                    -0.9986414909362793
                ],
                [
                    0.0,
                    0.0,
                    0.0,
                    1.0
                ]
            ]
        },
        {
            "file_path": "/data/shapenet_blender/all_50_random/02958343/8058b048fcc7730ffaf9aa0fdafb5e7c/r_15",
            "rotation": 0.12566370614359174,
            "transform_matrix": [
                [
                    0.08827821910381317,
                    -0.4630511403083801,
                    0.8819243311882019,
                    3.5551507472991943
                ],
                [
                    0.9960958957672119,
                    0.04103754460811615,
                    -0.07815985381603241,
                    -0.3150724470615387
                ],
                [
                    0.0,
                    0.8853809833526611,
                    0.4648660719394684,
                    1.8739351034164429
                ],
                [
                    0.0,
                    0.0,
                    0.0,
                    1.0
                ]
            ]
        },
        {
            "file_path": "/data/shapenet_blender/all_50_random/02958343/8058b048fcc7730ffaf9aa0fdafb5e7c/r_16",
            "rotation": 0.12566370614359174,
            "transform_matrix": [
                [
                    -0.9285994172096252,
                    -0.157110795378685,
                    0.3361835479736328,
                    1.3551992177963257
                ],
                [
                    0.3710837960243225,
                    -0.3931537866592407,
                    0.841265082359314,
                    3.3912479877471924
                ],
                [
                    0.0,
                    0.9059504270553589,
                    0.4233836531639099,
                    1.706714153289795
                ],
                [
                    0.0,
                    0.0,
                    0.0,
                    1.0
                ]
            ]
        },
        {
            "file_path": "/data/shapenet_blender/all_50_random/02958343/8058b048fcc7730ffaf9aa0fdafb5e7c/r_17",
            "rotation": 0.12566370614359174,
            "transform_matrix": [
                [
                    0.010801782831549644,
                    0.2293359488248825,
                    -0.9732872843742371,
                    -3.9234468936920166
                ],
                [
                    -0.9999416470527649,
                    0.0024773816112428904,
                    -0.010513851419091225,
                    -0.04238269478082657
                ],
                [
                    0.0,
                    0.9733441472053528,
                    0.22934933006763458,
                    0.9245367646217346
                ],
                [
                    0.0,
                    0.0,
                    0.0,
                    1.0
                ]
            ]
        },
        {
            "file_path": "/data/shapenet_blender/all_50_random/02958343/8058b048fcc7730ffaf9aa0fdafb5e7c/r_18",
            "rotation": 0.12566370614359174,
            "transform_matrix": [
                [
                    0.7561070919036865,
                    -0.47923800349235535,
                    -0.44568270444869995,
                    -1.7966043949127197
                ],
                [
                    -0.6544479727745056,
                    -0.5536807775497437,
                    -0.5149131417274475,
                    -2.075681209564209
                ],
                [
                    0.0,
                    0.6810055375099182,
                    -0.7322782874107361,
                    -2.9519081115722656
                ],
                [
                    0.0,
                    0.0,
                    0.0,
                    1.0
                ]
            ]
        },
        {
            "file_path": "/data/shapenet_blender/all_50_random/02958343/8058b048fcc7730ffaf9aa0fdafb5e7c/r_19",
            "rotation": 0.12566370614359174,
            "transform_matrix": [
                [
                    -0.3170011341571808,
                    -0.7708562016487122,
                    -0.5525314807891846,
                    -2.227325677871704
                ],
                [
                    -0.9484251141548157,
                    0.25765061378479004,
                    0.184677854180336,
                    0.7444602251052856
                ],
                [
                    0.0,
                    0.5825778841972351,
                    -0.8127748966217041,
                    -3.276400327682495
                ],
                [
                    0.0,
                    0.0,
                    0.0,
                    1.0
                ]
            ]
        },
        {
            "file_path": "/data/shapenet_blender/all_50_random/02958343/8058b048fcc7730ffaf9aa0fdafb5e7c/r_20",
            "rotation": 0.12566370614359174,
            "transform_matrix": [
                [
                    0.8725059032440186,
                    0.09546469151973724,
                    -0.47918665409088135,
                    -1.931663155555725
                ],
                [
                    -0.48860347270965576,
                    0.1704726219177246,
                    -0.8556901812553406,
                    -3.449397563934326
                ],
                [
                    7.4505797087454084e-09,
                    0.9807270765304565,
                    0.195382758975029,
                    0.7876130938529968
                ],
                [
                    0.0,
                    0.0,
                    0.0,
                    1.0
                ]
            ]
        },
        {
            "file_path": "/data/shapenet_blender/all_50_random/02958343/8058b048fcc7730ffaf9aa0fdafb5e7c/r_21",
            "rotation": 0.12566370614359174,
            "transform_matrix": [
                [
                    -0.7820440530776978,
                    -0.10770030319690704,
                    -0.6138467788696289,
                    -2.4744954109191895
                ],
                [
                    -0.6232232451438904,
                    0.1351463943719864,
                    0.7702779769897461,
                    3.1050899028778076
                ],
                [
                    7.450581485102248e-09,
                    0.984954833984375,
                    -0.17281174659729004,
                    -0.6966264247894287
                ],
                [
                    0.0,
                    0.0,
                    0.0,
                    1.0
                ]
            ]
        },
        {
            "file_path": "/data/shapenet_blender/all_50_random/02958343/8058b048fcc7730ffaf9aa0fdafb5e7c/r_22",
            "rotation": 0.12566370614359174,
            "transform_matrix": [
                [
                    0.4209345281124115,
                    -0.8420846462249756,
                    -0.33720558881759644,
                    -1.3593193292617798
                ],
                [
                    -0.9070910215377808,
                    -0.3907683789730072,
                    -0.1564798355102539,
                    -0.6307904720306396
                ],
                [
                    -1.4901161193847656e-08,
                    0.37174391746520996,
                    -0.9283352494239807,
                    -3.742239236831665
                ],
                [
                    0.0,
                    0.0,
                    0.0,
                    1.0
                ]
            ]
        },
        {
            "file_path": "/data/shapenet_blender/all_50_random/02958343/8058b048fcc7730ffaf9aa0fdafb5e7c/r_23",
            "rotation": 0.12566370614359174,
            "transform_matrix": [
                [
                    0.8831438422203064,
                    0.21721775829792023,
                    -0.41578051447868347,
                    -1.6760648488998413
                ],
                [
                    -0.4691023528575897,
                    0.4089395999908447,
                    -0.7827588319778442,
                    -3.1554017066955566
                ],
                [
                    0.0,
                    0.8863321542739868,
                    0.46304988861083984,
                    1.8666138648986816
                ],
                [
                    0.0,
                    0.0,
                    0.0,
                    1.0
                ]
            ]
        },
        {
            "file_path": "/data/shapenet_blender/all_50_random/02958343/8058b048fcc7730ffaf9aa0fdafb5e7c/r_24",
            "rotation": 0.12566370614359174,
            "transform_matrix": [
                [
                    0.4326554536819458,
                    0.6350588202476501,
                    0.6399293541908264,
                    2.5796377658843994
                ],
                [
                    0.9015594124794006,
                    -0.30476269125938416,
                    -0.3071000277996063,
                    -1.237959861755371
                ],
                [
                    1.4901162970204496e-08,
                    0.7098027467727661,
                    -0.7044004201889038,
                    -2.839528799057007
                ],
                [
                    0.0,
                    0.0,
                    0.0,
                    1.0
                ]
            ]
        },
        {
            "file_path": "/data/shapenet_blender/all_50_random/02958343/8058b048fcc7730ffaf9aa0fdafb5e7c/r_25",
            "rotation": 0.12566370614359174,
            "transform_matrix": [
                [
                    0.7124783396720886,
                    -0.009349055588245392,
                    -0.7016317844390869,
                    -2.8283681869506836
                ],
                [
                    -0.7016940712928772,
                    -0.009492740035057068,
                    -0.7124150991439819,
                    -2.8718371391296387
                ],
                [
                    0.0,
                    0.9999113082885742,
                    -0.013323548249900341,
                    -0.053708940744400024
                ],
                [
                    0.0,
                    0.0,
                    0.0,
                    1.0
                ]
            ]
        },
        {
            "file_path": "/data/shapenet_blender/all_50_random/02958343/8058b048fcc7730ffaf9aa0fdafb5e7c/r_26",
            "rotation": 0.12566370614359174,
            "transform_matrix": [
                [
                    0.9439262747764587,
                    0.12717387080192566,
                    -0.30468034744262695,
                    -1.228205919265747
                ],
                [
                    -0.330156534910202,
                    0.3635934293270111,
                    -0.8710891604423523,
                    -3.5114729404449463
                ],
                [
                    0.0,
                    0.922836184501648,
                    0.3851926326751709,
                    1.5527613162994385
                ],
                [
                    0.0,
                    0.0,
                    0.0,
                    1.0
                ]
            ]
        },
        {
            "file_path": "/data/shapenet_blender/all_50_random/02958343/8058b048fcc7730ffaf9aa0fdafb5e7c/r_27",
            "rotation": 0.12566370614359174,
            "transform_matrix": [
                [
                    0.63843834400177,
                    -0.7343097925186157,
                    -0.2306201159954071,
                    -0.9296594858169556
                ],
                [
                    -0.7696730494499207,
                    -0.6091047525405884,
                    -0.1912977397441864,
                    -0.7711459398269653
                ],
                [
                    0.0,
                    0.29963403940200806,
                    -0.9540542364120483,
                    -3.8459157943725586
                ],
                [
                    0.0,
                    0.0,
                    0.0,
                    1.0
                ]
            ]
        },
        {
            "file_path": "/data/shapenet_blender/all_50_random/02958343/8058b048fcc7730ffaf9aa0fdafb5e7c/r_28",
            "rotation": 0.12566370614359174,
            "transform_matrix": [
                [
                    -0.44605904817581177,
                    -0.057107873260974884,
                    0.8931797742843628,
                    3.600522518157959
                ],
                [
                    0.895003616809845,
                    -0.028461879119277,
                    0.44515007734298706,
                    1.794457197189331
                ],
                [
                    0.0,
                    0.9979621767997742,
                    0.0638074278831482,
                    0.2572159469127655
                ],
                [
                    0.0,
                    0.0,
                    0.0,
                    1.0
                ]
            ]
        },
        {
            "file_path": "/data/shapenet_blender/all_50_random/02958343/8058b048fcc7730ffaf9aa0fdafb5e7c/r_29",
            "rotation": 0.12566370614359174,
            "transform_matrix": [
                [
                    -0.7152538299560547,
                    0.2055216133594513,
                    -0.6679617166519165,
                    -2.6926398277282715
                ],
                [
                    -0.6988648176193237,
                    -0.21034127473831177,
                    0.6836260557174683,
                    2.755784749984741
                ],
                [
                    0.0,
                    0.9557810425758362,
                    0.2940792143344879,
                    1.1854711771011353
                ],
                [
                    0.0,
                    0.0,
                    0.0,
                    1.0
                ]
            ]
        },
        {
            "file_path": "/data/shapenet_blender/all_50_random/02958343/8058b048fcc7730ffaf9aa0fdafb5e7c/r_30",
            "rotation": 0.12566370614359174,
            "transform_matrix": [
                [
                    0.6943466663360596,
                    0.05438637360930443,
                    -0.717582643032074,
                    -2.8926682472229004
                ],
                [
                    -0.7196407318115234,
                    0.05247478559613228,
                    -0.6923608779907227,
                    -2.7909960746765137
                ],
                [
                    0.0,
                    0.9971401691436768,
                    0.07557433098554611,
                    0.30464985966682434
                ],
                [
                    0.0,
                    0.0,
                    0.0,
                    1.0
                ]
            ]
        },
        {
            "file_path": "/data/shapenet_blender/all_50_random/02958343/8058b048fcc7730ffaf9aa0fdafb5e7c/r_31",
            "rotation": 0.12566370614359174,
            "transform_matrix": [
                [
                    -0.9529913067817688,
                    -0.20842139422893524,
                    -0.21992748975753784,
                    -0.886556088924408
                ],
                [
                    -0.3029976487159729,
                    0.6555290222167969,
                    0.6917181015014648,
                    2.788404941558838
                ],
                [
                    0.0,
                    0.7258390188217163,
                    -0.6878646612167358,
                    -2.772871255874634
                ],
                [
                    0.0,
                    0.0,
                    0.0,
                    1.0
                ]
            ]
        },
        {
            "file_path": "/data/shapenet_blender/all_50_random/02958343/8058b048fcc7730ffaf9aa0fdafb5e7c/r_32",
            "rotation": 0.12566370614359174,
            "transform_matrix": [
                [
                    0.7661436200141907,
                    -0.5700112581253052,
                    0.29683518409729004,
                    1.1965810060501099
                ],
                [
                    0.6426693797111511,
                    0.6795258522033691,
                    -0.35386526584625244,
                    -1.4264765977859497
                ],
                [
                    0.0,
                    0.46187862753868103,
                    0.8869431018829346,
                    3.5753822326660156
                ],
                [
                    0.0,
                    0.0,
                    0.0,
                    1.0
                ]
            ]
        },
        {
            "file_path": "/data/shapenet_blender/all_50_random/02958343/8058b048fcc7730ffaf9aa0fdafb5e7c/r_33",
            "rotation": 0.12566370614359174,
            "transform_matrix": [
                [
                    0.1684887856245041,
                    -0.017734287306666374,
                    0.985543966293335,
                    3.9728550910949707
                ],
                [
                    0.9857036471366882,
                    0.003031366039067507,
                    -0.16846148669719696,
                    -0.6790900230407715
                ],
                [
                    0.0,
                    0.9998380541801453,
                    0.017991501837968826,
                    0.07252606749534607
                ],
                [
                    0.0,
                    0.0,
                    0.0,
                    1.0
                ]
            ]
        },
        {
            "file_path": "/data/shapenet_blender/all_50_random/02958343/8058b048fcc7730ffaf9aa0fdafb5e7c/r_34",
            "rotation": 0.12566370614359174,
            "transform_matrix": [
                [
                    -0.999830961227417,
                    0.0040335762314498425,
                    -0.01793782226741314,
                    -0.07230967283248901
                ],
                [
                    -0.018385732546448708,
                    -0.21934913098812103,
                    0.975473165512085,
                    3.932258129119873
                ],
                [
                    0.0,
                    0.9756379723548889,
                    0.2193862497806549,
                    0.8843742609024048
                ],
                [
                    0.0,
                    0.0,
                    0.0,
                    1.0
                ]
            ]
        },
        {
            "file_path": "/data/shapenet_blender/all_50_random/02958343/8058b048fcc7730ffaf9aa0fdafb5e7c/r_35",
            "rotation": 0.12566370614359174,
            "transform_matrix": [
                [
                    -0.7896826267242432,
                    -0.01975942775607109,
                    0.613197386264801,
                    2.4718778133392334
                ],
                [
                    0.6135157346725464,
                    -0.025433212518692017,
                    0.7892728447914124,
                    3.1816606521606445
                ],
                [
                    0.0,
                    0.999481201171875,
                    0.032206881791353226,
                    0.12983009219169617
                ],
                [
                    0.0,
                    0.0,
                    0.0,
                    1.0
                ]
            ]
        },
        {
            "file_path": "/data/shapenet_blender/all_50_random/02958343/8058b048fcc7730ffaf9aa0fdafb5e7c/r_36",
            "rotation": 0.12566370614359174,
            "transform_matrix": [
                [
                    0.5248048305511475,
                    0.33466359972953796,
                    0.78267502784729,
                    3.1550638675689697
                ],
                [
                    0.8512226343154907,
                    -0.20633035898208618,
                    -0.48254311084747314,
                    -1.9451935291290283
                ],
                [
                    0.0,
                    0.9194715619087219,
                    -0.39315640926361084,
                    -1.5848641395568848
                ],
                [
                    0.0,
                    0.0,
                    0.0,
                    1.0
                ]
            ]
        },
        {
            "file_path": "/data/shapenet_blender/all_50_random/02958343/8058b048fcc7730ffaf9aa0fdafb5e7c/r_37",
            "rotation": 0.12566370614359174,
            "transform_matrix": [
                [
                    -0.9231454730033875,
                    -0.17222066223621368,
                    0.34371858835220337,
                    1.3855741024017334
                ],
                [
                    0.38445091247558594,
                    -0.4135371744632721,
                    0.8253389000892639,
                    3.327047824859619
                ],
                [
                    0.0,
                    0.8940508365631104,
                    0.4479653537273407,
                    1.805806279182434
                ],
                [
                    0.0,
                    0.0,
                    0.0,
                    1.0
                ]
            ]
        },
        {
            "file_path": "/data/shapenet_blender/all_50_random/02958343/8058b048fcc7730ffaf9aa0fdafb5e7c/r_38",
            "rotation": 0.12566370614359174,
            "transform_matrix": [
                [
                    -0.341585636138916,
                    -0.2095581591129303,
                    0.9161902070045471,
                    3.6932811737060547
                ],
                [
                    0.9398506879806519,
                    -0.07616323232650757,
                    0.33298632502555847,
                    1.342310905456543
                ],
                [
                    7.450580596923828e-09,
                    0.9748254418373108,
                    0.22296960651874542,
                    0.8988192677497864
                ],
                [
                    0.0,
                    0.0,
                    0.0,
                    1.0
                ]
            ]
        },
        {
            "file_path": "/data/shapenet_blender/all_50_random/02958343/8058b048fcc7730ffaf9aa0fdafb5e7c/r_39",
            "rotation": 0.12566370614359174,
            "transform_matrix": [
                [
                    0.9088104963302612,
                    0.1091507226228714,
                    -0.40267810225486755,
                    -1.6232473850250244
                ],
                [
                    -0.4172092378139496,
                    0.23776395618915558,
                    -0.8771572113037109,
                    -3.53593373298645
                ],
                [
                    -7.450580596923828e-09,
                    0.965170681476593,
                    0.26162105798721313,
                    1.0546282529830933
                ],
                [
                    0.0,
                    0.0,
                    0.0,
                    1.0
                ]
            ]
        },
        {
            "file_path": "/data/shapenet_blender/all_50_random/02958343/8058b048fcc7730ffaf9aa0fdafb5e7c/r_40",
            "rotation": 0.12566370614359174,
            "transform_matrix": [
                [
                    0.5765626430511475,
                    0.4791819751262665,
                    0.6617854833602905,
                    2.667742967605591
                ],
                [
                    0.817052960395813,
                    -0.3381401598453522,
                    -0.4669964015483856,
                    -1.8825228214263916
                ],
                [
                    1.4901161193847656e-08,
                    0.809966504573822,
                    -0.5864759683609009,
                    -2.3641605377197266
                ],
                [
                    0.0,
                    0.0,
                    0.0,
                    1.0
                ]
            ]
        },
        {
            "file_path": "/data/shapenet_blender/all_50_random/02958343/8058b048fcc7730ffaf9aa0fdafb5e7c/r_41",
            "rotation": 0.12566370614359174,
            "transform_matrix": [
                [
                    0.05755066126585007,
                    0.39038392901420593,
                    0.9188515543937683,
                    3.7040092945098877
                ],
                [
                    0.9983425736427307,
                    -0.022504152730107307,
                    -0.052968304604291916,
                    -0.2135220766067505
                ],
                [
                    0.0,
                    0.9203770160675049,
