{
    "class": "02958343",
    "model": "d22a2d20acbdca70c972ff3f74d38438",
    "remove_doubles": true,
    "edge_split": true,
    "denoise": true,
    "camera_angle_x": 0.6911112070083618,
    "scale_factor": 2.268016112345719,
    "hdri_file": "/data/IndoorHDRDataset2018/AG8A2061-5e19001755.exr",
    "center_offset": [
        0.0,
        3.725290298461914e-09,
        0.0
    ],
    "lights": [],
    "frames": [
        {
            "file_path": "/data/shapenet_blender/all_50_random/02958343/d22a2d20acbdca70c972ff3f74d38438/r_0",
            "rotation": 0.12566370614359174,
            "transform_matrix": [
                [
                    -0.4925118684768677,
                    0.009237498976290226,
                    0.8702567219734192,
                    3.5081169605255127
                ],
                [
                    0.8703057765960693,
                    0.005227562505751848,
                    0.49248409271240234,
                    1.985266923904419
                ],
                [
                    0.0,
                    0.999943733215332,
                    -0.010614084079861641,
                    -0.04278673976659775
                ],
                [
                    0.0,
                    0.0,
                    0.0,
                    1.0
                ]
            ]
        },
        {
            "file_path": "/data/shapenet_blender/all_50_random/02958343/d22a2d20acbdca70c972ff3f74d38438/r_1",
            "rotation": 0.12566370614359174,
            "transform_matrix": [
                [
                    0.3142094910144806,
                    -0.22443734109401703,
                    -0.9224424958229065,
                    -3.718484878540039
                ],
                [
                    -0.9493537545204163,
                    -0.07428247481584549,
                    -0.30530261993408203,
                    -1.2307143211364746
                ],
                [
                    0.0,
                    0.971653163433075,
                    -0.23641066253185272,
                    -0.9530019164085388
                ],
                [
                    0.0,
                    0.0,
                    0.0,
                    1.0
                ]
            ]
        },
        {
            "file_path": "/data/shapenet_blender/all_50_random/02958343/d22a2d20acbdca70c972ff3f74d38438/r_2",
            "rotation": 0.12566370614359174,
            "transform_matrix": [
                [
                    -0.9906845688819885,
                    -0.0012560577597469091,
                    -0.13617147505283356,
                    -0.5489248037338257
                ],
                [
                    -0.13617727160453796,
                    0.0091377729550004,
                    0.9906423687934875,
                    3.9934070110321045
                ],
                [
                    0.0,
                    0.9999574422836304,
                    -0.009223696775734425,
                    -0.03718191012740135
                ],
                [
                    0.0,
                    0.0,
                    0.0,
                    1.0
                ]
            ]
        },
        {
            "file_path": "/data/shapenet_blender/all_50_random/02958343/d22a2d20acbdca70c972ff3f74d38438/r_3",
            "rotation": 0.12566370614359174,
            "transform_matrix": [
                [
                    -0.9659791588783264,
                    -0.22604599595069885,
                    -0.12564896047115326,
                    -0.506507158279419
                ],
                [
                    -0.25862032175064087,
                    0.84430992603302,
                    0.4693145453929901,
                    1.8918673992156982
                ],
                [
                    -7.450581485102248e-09,
                    0.48584339022636414,
                    -0.8740458488464355,
                    -3.5233914852142334
                ],
                [
                    0.0,
                    0.0,
                    0.0,
                    1.0
                ]
            ]
        },
        {
            "file_path": "/data/shapenet_blender/all_50_random/02958343/d22a2d20acbdca70c972ff3f74d38438/r_4",
            "rotation": 0.12566370614359174,
            "transform_matrix": [
                [
                    0.4081461727619171,
                    -0.8228193521499634,
                    0.3954555094242096,
                    1.5941321849822998
                ],
                [
                    0.9129167199134827,
                    0.36786550283432007,
                    -0.1767999678850174,
                    -0.7127034664154053
                ],
                [
                    0.0,
                    0.4331781268119812,
                    0.9013082981109619,
                    3.6332900524139404
                ],
                [
                    0.0,
                    0.0,
                    0.0,
                    1.0
                ]
            ]
        },
        {
            "file_path": "/data/shapenet_blender/all_50_random/02958343/d22a2d20acbdca70c972ff3f74d38438/r_5",
            "rotation": 0.12566370614359174,
            "transform_matrix": [
                [
                    -0.8491668105125427,
                    -0.2794608771800995,
                    -0.44812658429145813,
                    -1.806456208229065
                ],
                [
                    -0.5281248688697815,
                    0.44934239983558655,
                    0.720538318157196,
                    2.904583215713501
                ],
                [
                    0.0,
                    0.8485240340232849,
                    -0.5291567444801331,
                    -2.133099317550659
                ],
                [
                    0.0,
                    0.0,
                    0.0,
                    1.0
                ]
            ]
        },
        {
            "file_path": "/data/shapenet_blender/all_50_random/02958343/d22a2d20acbdca70c972ff3f74d38438/r_6",
            "rotation": 0.12566370614359174,
            "transform_matrix": [
                [
                    0.1929720938205719,
                    -0.002383240731433034,
                    -0.9812013506889343,
                    -3.9553492069244385
                ],
                [
                    -0.9812042117118835,
                    -0.0004687087202910334,
                    -0.19297154247760773,
                    -0.7778931856155396
                ],
                [
                    2.9103828722010228e-11,
                    0.9999970197677612,
                    -0.0024288936983793974,
                    -0.009791183285415173
                ],
                [
                    0.0,
                    0.0,
                    0.0,
                    1.0
                ]
            ]
        },
        {
            "file_path": "/data/shapenet_blender/all_50_random/02958343/d22a2d20acbdca70c972ff3f74d38438/r_7",
            "rotation": 0.12566370614359174,
            "transform_matrix": [
                [
                    0.38436681032180786,
                    0.624640703201294,
                    -0.6797691583633423,
                    -2.740237236022949
                ],
                [
                    -0.9231804013252258,
                    0.2600696086883545,
                    -0.28302237391471863,
                    -1.140899658203125
                ],
                [
                    0.0,
                    0.7363340258598328,
                    0.676618218421936,
                    2.7275352478027344
                ],
                [
                    0.0,
                    0.0,
                    0.0,
                    1.0
                ]
            ]
        },
        {
            "file_path": "/data/shapenet_blender/all_50_random/02958343/d22a2d20acbdca70c972ff3f74d38438/r_8",
            "rotation": 0.12566370614359174,
            "transform_matrix": [
                [
                    -0.3039706349372864,
                    -0.3362977206707001,
                    0.8913504481315613,
                    3.593148708343506
                ],
                [
                    0.9526814222335815,
                    -0.10730201005935669,
                    0.2844018340110779,
                    1.1464605331420898
                ],
                [
                    0.0,
                    0.9356227517127991,
                    0.3530012369155884,
                    1.4229936599731445
                ],
                [
                    0.0,
                    0.0,
                    0.0,
                    1.0
                ]
            ]
        },
        {
            "file_path": "/data/shapenet_blender/all_50_random/02958343/d22a2d20acbdca70c972ff3f74d38438/r_9",
            "rotation": 0.12566370614359174,
            "transform_matrix": [
                [
                    -0.9907890558242798,
                    0.037184908986091614,
                    -0.13020916283130646,
                    -0.5248899459838867
                ],
                [
                    -0.135414719581604,
                    -0.27207088470458984,
                    0.9527015686035156,
                    3.8404629230499268
                ],
                [
                    0.0,
                    0.9615585207939148,
                    0.27460020780563354,
                    1.1069488525390625
                ],
                [
                    0.0,
                    0.0,
                    0.0,
                    1.0
                ]
            ]
        },
        {
            "file_path": "/data/shapenet_blender/all_50_random/02958343/d22a2d20acbdca70c972ff3f74d38438/r_10",
            "rotation": 0.12566370614359174,
            "transform_matrix": [
                [
                    0.43634265661239624,
                    -0.3711284399032593,
                    0.8196759819984436,
                    3.3042194843292236
                ],
                [
                    0.8997804522514343,
                    0.17997631430625916,
                    -0.3974965214729309,
                    -1.6023597717285156
                ],
                [
                    0.0,
                    0.9109731912612915,
                    0.41246551275253296,
                    1.6627016067504883
                ],
                [
                    0.0,
                    0.0,
                    0.0,
                    1.0
                ]
            ]
        },
        {
            "file_path": "/data/shapenet_blender/all_50_random/02958343/d22a2d20acbdca70c972ff3f74d38438/r_11",
            "rotation": 0.12566370614359174,
            "transform_matrix": [
                [
                    0.634175717830658,
                    0.2915734052658081,
                    -0.7161048650741577,
                    -2.8867106437683105
                ],
                [
                    -0.7731889486312866,
                    0.23915082216262817,
                    -0.5873548984527588,
                    -2.3677029609680176
                ],
                [
                    0.0,
                    0.9261704683303833,
                    0.3771050274372101,
                    1.5201587677001953
                ],
                [
                    0.0,
                    0.0,
                    0.0,
                    1.0
                ]
            ]
        },
        {
            "file_path": "/data/shapenet_blender/all_50_random/02958343/d22a2d20acbdca70c972ff3f74d38438/r_12",
            "rotation": 0.12566370614359174,
            "transform_matrix": [
                [
                    -0.9125183820724487,
                    -0.017974963411688805,
                    -0.40864065289497375,
                    -1.6472831964492798
                ],
                [
                    -0.409035861492157,
                    0.04010036215186119,
                    0.9116367697715759,
                    3.6749253273010254
                ],
                [
                    0.0,
                    0.9990338683128357,
                    -0.04394472390413284,
                    -0.17714685201644897
                ],
                [
                    0.0,
                    0.0,
                    0.0,
                    1.0
                ]
            ]
        },
        {
            "file_path": "/data/shapenet_blender/all_50_random/02958343/d22a2d20acbdca70c972ff3f74d38438/r_13",
            "rotation": 0.12566370614359174,
            "transform_matrix": [
                [
                    -0.9985489845275879,
                    0.005157011095434427,
                    -0.053603291511535645,
                    -0.21608176827430725
                ],
                [
                    -0.05385079234838486,
                    -0.0956258624792099,
                    0.9939596056938171,
                    4.006779193878174
                ],
                [
                    0.0,
                    0.9954039454460144,
                    0.09576481580734253,
                    0.3860403001308441
                ],
                [
                    0.0,
                    0.0,
                    0.0,
                    1.0
                ]
            ]
        },
        {
            "file_path": "/data/shapenet_blender/all_50_random/02958343/d22a2d20acbdca70c972ff3f74d38438/r_14",
            "rotation": 0.12566370614359174,
            "transform_matrix": [
                [
                    0.07618635892868042,
                    -0.3288857638835907,
                    0.9412916302680969,
                    3.7944674491882324
                ],
                [
                    0.9970934987068176,
                    0.02512964978814125,
                    -0.07192263007164001,
                    -0.2899293601512909
                ],
                [
                    0.0,
                    0.9440352320671082,
                    0.3298444449901581,
                    1.3296452760696411
                ],
                [
                    0.0,
                    0.0,
                    0.0,
                    1.0
                ]
            ]
        },
        {
            "file_path": "/data/shapenet_blender/all_50_random/02958343/d22a2d20acbdca70c972ff3f74d38438/r_15",
            "rotation": 0.12566370614359174,
            "transform_matrix": [
                [
                    0.9920456409454346,
                    -0.046598032116889954,
                    -0.11693643033504486,
                    -0.4713858366012573
                ],
                [
                    -0.1258789300918579,
                    -0.36723679304122925,
                    -0.9215701818466187,
                    -3.714968204498291
                ],
                [
                    0.0,
                    0.9289594888687134,
                    -0.3701813519001007,
                    -1.492248773574829
                ],
                [
                    0.0,
                    0.0,
                    0.0,
                    1.0
                ]
            ]
        },
        {
            "file_path": "/data/shapenet_blender/all_50_random/02958343/d22a2d20acbdca70c972ff3f74d38438/r_16",
            "rotation": 0.12566370614359174,
            "transform_matrix": [
                [
                    0.6312927603721619,
                    -0.5598436594009399,
                    -0.5366976857185364,
                    -2.1634979248046875
                ],
                [
                    -0.7755447030067444,
                    -0.45571231842041016,
                    -0.4368715286254883,
                    -1.7610856294631958
                ],
                [
                    0.0,
                    0.6920269131660461,
                    -0.7218716144561768,
                    -2.9099578857421875
                ],
                [
                    0.0,
                    0.0,
                    0.0,
                    1.0
                ]
            ]
        },
        {
            "file_path": "/data/shapenet_blender/all_50_random/02958343/d22a2d20acbdca70c972ff3f74d38438/r_17",
            "rotation": 0.12566370614359174,
            "transform_matrix": [
                [
                    0.47989073395729065,
                    0.021720118820667267,
                    -0.877059280872345,
                    -3.535539150238037
                ],
                [
                    -0.8773282766342163,
                    0.011880711652338505,
                    -0.479743629693985,
                    -1.933908462524414
                ],
                [
                    0.0,
                    0.9996935129165649,
                    0.02475711517035961,
                    0.09979912638664246
                ],
                [
                    0.0,
                    0.0,
                    0.0,
                    1.0
                ]
            ]
        },
        {
            "file_path": "/data/shapenet_blender/all_50_random/02958343/d22a2d20acbdca70c972ff3f74d38438/r_18",
            "rotation": 0.12566370614359174,
            "transform_matrix": [
                [
                    0.8469983339309692,
                    -0.03091074712574482,
                    0.5306961536407471,
                    2.1393046379089355
                ],
                [
                    0.5315956473350525,
                    0.04925049841403961,
                    -0.845565140247345,
                    -3.4085822105407715
                ],
                [
                    0.0,
                    0.9983080625534058,
                    0.05814710259437561,
                    0.2343984693288803
                ],
                [
                    0.0,
                    0.0,
                    0.0,
                    1.0
                ]
            ]
        },
        {
            "file_path": "/data/shapenet_blender/all_50_random/02958343/d22a2d20acbdca70c972ff3f74d38438/r_19",
            "rotation": 0.12566370614359174,
            "transform_matrix": [
                [
                    0.9999054670333862,
                    -0.0049621169455349445,
                    -0.012827696278691292,
                    -0.0517100989818573
                ],
                [
                    -0.013753997161984444,
                    -0.3607422411441803,
                    -0.9325640797615051,
                    -3.7592861652374268
                ],
                [
                    0.0,
                    0.9326522350311279,
                    -0.3607763946056366,
                    -1.454336166381836
                ],
                [
                    0.0,
                    0.0,
                    0.0,
                    1.0
                ]
            ]
        },
        {
            "file_path": "/data/shapenet_blender/all_50_random/02958343/d22a2d20acbdca70c972ff3f74d38438/r_20",
            "rotation": 0.12566370614359174,
            "transform_matrix": [
                [
                    0.4102713465690613,
                    -0.41515275835990906,
                    0.8119885921478271,
                    3.273231029510498
                ],
                [
                    0.9119635224342346,
                    0.18676765263080597,
                    -0.3652949333190918,
                    -1.4725511074066162
                ],
                [
                    0.0,
                    0.8903740644454956,
                    0.4552295506000519,
                    1.835089087486267
                ],
                [
                    0.0,
                    0.0,
                    0.0,
                    1.0
                ]
            ]
        },
        {
            "file_path": "/data/shapenet_blender/all_50_random/02958343/d22a2d20acbdca70c972ff3f74d38438/r_21",
            "rotation": 0.12566370614359174,
            "transform_matrix": [
                [
                    0.8297516703605652,
                    -0.17245733737945557,
                    0.5308207273483276,
                    2.1398067474365234
                ],
                [
                    0.5581327676773071,
                    0.25638481974601746,
                    -0.7891480326652527,
                    -3.1811575889587402
                ],
                [
                    -1.4901161193847656e-08,
                    0.9510653018951416,
                    0.30898985266685486,
                    1.2455779314041138
                ],
                [
                    0.0,
                    0.0,
                    0.0,
                    1.0
                ]
            ]
        },
        {
            "file_path": "/data/shapenet_blender/all_50_random/02958343/d22a2d20acbdca70c972ff3f74d38438/r_22",
            "rotation": 0.12566370614359174,
            "transform_matrix": [
                [
                    0.5202710032463074,
                    0.5114152431488037,
                    0.6839388608932495,
                    2.7570459842681885
                ],
                [
                    0.8540012836456299,
                    -0.3115622401237488,
                    -0.41666632890701294,
                    -1.679635763168335
                ],
                [
                    0.0,
                    0.8008639812469482,
                    -0.5988460779190063,
                    -2.4140260219573975
                ],
                [
                    0.0,
                    0.0,
                    0.0,
                    1.0
                ]
            ]
        },
        {
            "file_path": "/data/shapenet_blender/all_50_random/02958343/d22a2d20acbdca70c972ff3f74d38438/r_23",
            "rotation": 0.12566370614359174,
            "transform_matrix": [
                [
                    -0.8229758143424988,
                    0.062483012676239014,
                    0.5646296739578247,
                    2.276094675064087
                ],
                [
                    0.5680763125419617,
                    0.09051954001188278,
                    0.8179826140403748,
                    3.2973930835723877
                ],
                [
                    0.0,
                    0.9939326047897339,
                    -0.10999054461717606,
                    -0.4433860182762146
                ],
                [
                    0.0,
                    0.0,
                    0.0,
                    1.0
                ]
            ]
        },
        {
            "file_path": "/data/shapenet_blender/all_50_random/02958343/d22a2d20acbdca70c972ff3f74d38438/r_24",
            "rotation": 0.12566370614359174,
            "transform_matrix": [
                [
                    0.1834540218114853,
                    0.7911808490753174,
                    -0.5834186673164368,
                    -2.3518359661102295
                ],
                [
                    -0.9830282330513,
                    0.14765122532844543,
                    -0.10887837409973145,
                    -0.43890276551246643
                ],
                [
                    0.0,
                    0.5934911370277405,
                    0.8048404455184937,
                    3.244415521621704
                ],
                [
                    0.0,
                    0.0,
                    0.0,
                    1.0
                ]
            ]
        },
        {
            "file_path": "/data/shapenet_blender/all_50_random/02958343/d22a2d20acbdca70c972ff3f74d38438/r_25",
            "rotation": 0.12566370614359174,
            "transform_matrix": [
                [
                    0.779605507850647,
                    -0.4284633994102478,
                    0.4567650854587555,
                    1.8412789106369019
                ],
                [
                    0.6262708902359009,
                    0.5333672761917114,
                    -0.5685982704162598,
                    -2.29209303855896
                ],
                [
                    0.0,
                    0.7293409109115601,
                    0.6841502785682678,
                    2.7578980922698975
                ],
                [
                    0.0,
                    0.0,
                    0.0,
                    1.0
                ]
            ]
        },
        {
            "file_path": "/data/shapenet_blender/all_50_random/02958343/d22a2d20acbdca70c972ff3f74d38438/r_26",
            "rotation": 0.12566370614359174,
            "transform_matrix": [
                [
                    0.9493708610534668,
                    0.23733752965927124,
                    0.20583000779151917,
                    0.829727292060852
                ],
                [
                    0.31415775418281555,
                    -0.7172234654426575,
                    -0.6220091581344604,
                    -2.507399082183838
                ],
                [
                    -1.4901161193847656e-08,
                    0.6551803946495056,
                    -0.7554724216461182,
                    -3.0454068183898926
                ],
                [
                    0.0,
                    0.0,
                    0.0,
                    1.0
                ]
            ]
        },
        {
            "file_path": "/data/shapenet_blender/all_50_random/02958343/d22a2d20acbdca70c972ff3f74d38438/r_27",
            "rotation": 0.12566370614359174,
            "transform_matrix": [
                [
                    -0.5532280206680298,
                    0.30564191937446594,
                    -0.7749333381652832,
                    -3.123856544494629
                ],
                [
                    -0.8330299854278564,
                    -0.20298151671886444,
                    0.5146451592445374,
                    2.074601173400879
                ],
                [
                    0.0,
                    0.9302587509155273,
                    0.3669038712978363,
                    1.4790369272232056
                ],
                [
                    0.0,
                    0.0,
                    0.0,
                    1.0
                ]
            ]
        },
        {
            "file_path": "/data/shapenet_blender/all_50_random/02958343/d22a2d20acbdca70c972ff3f74d38438/r_28",
            "rotation": 0.12566370614359174,
            "transform_matrix": [
                [
                    -0.22428005933761597,
                    -0.8965656757354736,
                    -0.3819273114204407,
                    -1.5395982265472412
                ],
                [
                    -0.974524736404419,
                    0.2063383311033249,
                    0.0878979042172432,
                    0.3543277978897095
                ],
                [
                    0.0,
                    0.3919112980365753,
                    -0.9200029969215393,
                    -3.708650588989258
                ],
                [
                    0.0,
                    0.0,
                    0.0,
                    1.0
                ]
            ]
        },
        {
            "file_path": "/data/shapenet_blender/all_50_random/02958343/d22a2d20acbdca70c972ff3f74d38438/r_29",
            "rotation": 0.12566370614359174,
            "transform_matrix": [
                [
                    0.4784606099128723,
                    -0.010149412788450718,
                    -0.8780503869056702,
                    -3.539534091949463
                ],
                [
                    -0.8781089782714844,
                    -0.005530172493308783,
                    -0.4784286618232727,
                    -1.92860746383667
                ],
                [
                    0.0,
                    0.9999332427978516,
                    -0.011558261699974537,
                    -0.046592842787504196
                ],
                [
                    0.0,
                    0.0,
                    0.0,
                    1.0
                ]
            ]
        },
        {
            "file_path": "/data/shapenet_blender/all_50_random/02958343/d22a2d20acbdca70c972ff3f74d38438/r_30",
            "rotation": 0.12566370614359174,
            "transform_matrix": [
                [
                    0.42065173387527466,
                    0.5473212599754333,
                    -0.7235271334648132,
                    -2.9166312217712402
                ],
                [
                    -0.9072222709655762,
                    0.2537764310836792,
                    -0.3354777991771698,
                    -1.3523542881011963
                ],
                [
                    0.0,
                    0.7975192070007324,
                    0.6032934784889221,
                    2.4319539070129395
                ],
                [
                    0.0,
                    0.0,
                    0.0,
                    1.0
                ]
            ]
        },
        {
            "file_path": "/data/shapenet_blender/all_50_random/02958343/d22a2d20acbdca70c972ff3f74d38438/r_31",
            "rotation": 0.12566370614359174,
            "transform_matrix": [
                [
                    0.8409528732299805,
                    -0.12541401386260986,
                    -0.5263739824295044,
                    -2.1218814849853516
                ],
                [
                    -0.5411083102226257,
                    -0.1949097216129303,
                    -0.8180537223815918,
                    -3.297680139541626
                ],
                [
                    0.0,
                    0.9727699756622314,
                    -0.23177245259284973,
                    -0.9343046545982361
                ],
                [
                    0.0,
                    0.0,
                    0.0,
                    1.0
                ]
            ]
        },
        {
            "file_path": "/data/shapenet_blender/all_50_random/02958343/d22a2d20acbdca70c972ff3f74d38438/r_32",
            "rotation": 0.12566370614359174,
            "transform_matrix": [
                [
                    -0.8975849747657776,
                    0.11683011800050735,
                    0.4250788390636444,
                    1.7135475873947144
                ],
                [
                    0.4408416152000427,
                    0.23787446320056915,
                    0.8654908537864685,
                    3.488905191421509
                ],
                [
                    0.0,
                    0.9642439484596252,
                    -0.265016108751297,
                    -1.0683140754699707
                ],
                [
                    0.0,
                    0.0,
                    0.0,
                    1.0
                ]
            ]
        },
        {
            "file_path": "/data/shapenet_blender/all_50_random/02958343/d22a2d20acbdca70c972ff3f74d38438/r_33",
            "rotation": 0.12566370614359174,
            "transform_matrix": [
                [
                    -0.9792707562446594,
                    -0.1470414251089096,
                    -0.13931089639663696,
                    -0.5615801811218262
                ],
                [
                    -0.20255543291568756,
                    0.7108837366104126,
                    0.6735098361968994,
                    2.7150049209594727
                ],
                [
                    7.450580152834618e-09,
                    0.6877666711807251,
                    -0.7259317636489868,
                    -2.9263246059417725
                ],
                [
                    0.0,
                    0.0,
                    0.0,
                    1.0
                ]
            ]
        },
        {
            "file_path": "/data/shapenet_blender/all_50_random/02958343/d22a2d20acbdca70c972ff3f74d38438/r_34",
            "rotation": 0.12566370614359174,
            "transform_matrix": [
                [
                    0.9662249684333801,
                    -0.07931939512491226,
                    0.24518956243991852,
                    0.9883908033370972
                ],
                [
                    0.2577004134654999,
                    0.2974010407924652,
                    -0.9193165898323059,
                    -3.7058839797973633
                ],
                [
                    0.0,
                    0.9514519572257996,
                    0.3077969551086426,
                    1.240769386291504
                ],
                [
                    0.0,
                    0.0,
                    0.0,
                    1.0
                ]
            ]
        },
        {
            "file_path": "/data/shapenet_blender/all_50_random/02958343/d22a2d20acbdca70c972ff3f74d38438/r_35",
            "rotation": 0.12566370614359174,
            "transform_matrix": [
                [
                    -0.9419721364974976,
                    0.3034687042236328,
                    0.1435108482837677,
                    0.5785106420516968
                ],
                [
                    0.33569130301475525,
                    0.8515533804893494,
                    0.4027009904384613,
                    1.6233394145965576
                ],
                [
                    0.0,
                    0.4275084435939789,
                    -0.9040114283561707,
                    -3.64418625831604
                ],
                [
                    0.0,
                    0.0,
                    0.0,
                    1.0
                ]
            ]
        },
        {
            "file_path": "/data/shapenet_blender/all_50_random/02958343/d22a2d20acbdca70c972ff3f74d38438/r_36",
            "rotation": 0.12566370614359174,
            "transform_matrix": [
                [
                    0.9820550084114075,
                    0.16141128540039062,
                    0.09754113852977753,
                    0.39320090413093567
                ],
                [
                    0.18859444558620453,
                    -0.8405058979988098,
                    -0.5079192519187927,
                    -2.04748797416687
                ],
                [
                    0.0,
                    0.5172003507614136,
                    -0.8558643460273743,
                    -3.450099468231201
                ],
                [
                    0.0,
                    0.0,
                    0.0,
                    1.0
                ]
            ]
        },
        {
            "file_path": "/data/shapenet_blender/all_50_random/02958343/d22a2d20acbdca70c972ff3f74d38438/r_37",
            "rotation": 0.12566370614359174,
            "transform_matrix": [
                [
                    -0.25585493445396423,
                    -0.9476891756057739,
                    0.19084973633289337,
                    0.769339919090271
                ],
                [
                    0.9667152166366577,
                    -0.2508194148540497,
                    0.05051109567284584,
                    0.20361673831939697
                ],
                [
                    0.0,
                    0.1974209100008011,
                    0.9803187847137451,
                    3.951791524887085
                ],
                [
                    0.0,
                    0.0,
                    0.0,
                    1.0
                ]
            ]
        },
        {
            "file_path": "/data/shapenet_blender/all_50_random/02958343/d22a2d20acbdca70c972ff3f74d38438/r_38",
            "rotation": 0.12566370614359174,
            "transform_matrix": [
                [
                    -0.4724615812301636,
                    -0.22894875705242157,
                    0.8510949611663818,
                    3.430873155593872
                ],
                [
                    0.8813512921333313,
                    -0.12273140251636505,
                    0.4562422037124634,
                    1.8391709327697754
                ],
                [
                    -7.4505797087454084e-09,
                    0.9656705260276794,
                    0.25977015495300293,
                    1.0471668243408203
                ],
                [
                    0.0,
                    0.0,
                    0.0,
                    1.0
                ]
            ]
        },
        {
            "file_path": "/data/shapenet_blender/all_50_random/02958343/d22a2d20acbdca70c972ff3f74d38438/r_39",
            "rotation": 0.12566370614359174,
            "transform_matrix": [
                [
                    -0.023532025516033173,
                    -0.39480364322662354,
                    -0.9184640645980835,
                    -3.7024471759796143
                ],
                [
                    -0.9997230768203735,
                    0.009293102659285069,
                    0.02161930687725544,
                    0.0871502161026001
                ],
                [
                    0.0,
                    0.9187185168266296,
                    -0.394912987947464,
                    -1.5919451713562012
                ],
                [
                    0.0,
                    0.0,
                    0.0,
                    1.0
                ]
            ]
        },
        {
            "file_path": "/data/shapenet_blender/all_50_random/02958343/d22a2d20acbdca70c972ff3f74d38438/r_40",
            "rotation": 0.12566370614359174,
            "transform_matrix": [
                [
                    0.605172872543335,
                    -0.29870137572288513,
                    0.7379317879676819,
                    2.974698305130005
                ],
                [
                    0.7960941195487976,
                    0.22706608474254608,
                    -0.5609591603279114,
                    -2.261298656463623
                ],
                [
                    -1.4901161193847656e-08,
                    0.9269404411315918,
                    0.37520861625671387,
                    1.512514352798462
                ],
                [
                    0.0,
                    0.0,
                    0.0,
                    1.0
                ]
            ]
        },
        {
            "file_path": "/data/shapenet_blender/all_50_random/02958343/d22a2d20acbdca70c972ff3f74d38438/r_41",
            "rotation": 0.12566370614359174,
            "transform_matrix": [
                [
                    0.6640389561653137,
                    -0.6243137717247009,
                    -0.41144219040870667,
                    -1.658576488494873
                ],
                [
                    -0.7476980686187744,
                    -0.5544599890708923,
                    -0.3654063642024994,
                    -1.473000168800354
                ],
                [
                    -1.4901162970204496e-08,
                    0.5502785444259644,
                    -0.8349810838699341,
                    -3.3659164905548096
                ],
                [
                    0.0,
