{
    "class": "02958343",
    "model": "383f8d508b6f25f565d21723f535417",
    "remove_doubles": true,
    "edge_split": true,
    "denoise": true,
    "camera_angle_x": 0.6911112070083618,
    "scale_factor": 2.2980686992745225,
    "hdri_file": "/data/IndoorHDRDataset2018/9C4A7578-8fbdbfea08.exr",
    "center_offset": [
        0.0,
        -1.862645149230957e-09,
        0.0
    ],
    "lights": [],
    "frames": [
        {
            "file_path": "/data/shapenet_blender/all_50_random/02958343/383f8d508b6f25f565d21723f535417/r_0",
            "rotation": 0.12566370614359174,
            "transform_matrix": [
                [
                    0.044575922191143036,
                    -0.5254610180854797,
                    -0.84964919090271,
                    -3.4250452518463135
                ],
                [
                    -0.9990059733390808,
                    -0.023446213454008102,
                    -0.03791157901287079,
                    -0.1528264582157135
                ],
                [
                    1.8626449271863521e-09,
                    0.8504946231842041,
                    -0.5259837508201599,
                    -2.1203083992004395
                ],
                [
                    0.0,
                    0.0,
                    0.0,
                    1.0
                ]
            ]
        },
        {
            "file_path": "/data/shapenet_blender/all_50_random/02958343/383f8d508b6f25f565d21723f535417/r_1",
            "rotation": 0.12566370614359174,
            "transform_matrix": [
                [
                    -0.9766188859939575,
                    0.0695822611451149,
                    0.20340591669082642,
                    0.8199554681777954
                ],
                [
                    0.21497829258441925,
                    0.3161032795906067,
                    0.92404705286026,
                    3.7249529361724854
                ],
                [
                    7.450581485102248e-09,
                    0.9461696147918701,
                    -0.3236711025238037,
                    -1.3047599792480469
                ],
                [
                    0.0,
                    0.0,
                    0.0,
                    1.0
                ]
            ]
        },
        {
            "file_path": "/data/shapenet_blender/all_50_random/02958343/383f8d508b6f25f565d21723f535417/r_2",
            "rotation": 0.12566370614359174,
            "transform_matrix": [
                [
                    0.020650502294301987,
                    0.3561425805091858,
                    -0.9342033267021179,
                    -3.7658941745758057
                ],
                [
                    -0.9997867345809937,
                    0.007356093265116215,
                    -0.019295884296298027,
                    -0.07778419554233551
                ],
                [
                    4.656612873077393e-10,
                    0.9344026446342468,
                    0.3562185764312744,
                    1.4359630346298218
                ],
                [
                    0.0,
                    0.0,
                    0.0,
                    1.0
                ]
            ]
        },
        {
            "file_path": "/data/shapenet_blender/all_50_random/02958343/383f8d508b6f25f565d21723f535417/r_3",
            "rotation": 0.12566370614359174,
            "transform_matrix": [
                [
                    0.8322057723999023,
                    0.47450223565101624,
                    -0.28684696555137634,
                    -1.156317114830017
                ],
                [
                    -0.554466962814331,
                    0.7121857404708862,
                    -0.4305318593978882,
                    -1.7355294227600098
                ],
                [
                    -1.4901162970204496e-08,
                    0.5173381567001343,
                    0.8557810187339783,
                    3.449763536453247
                ],
                [
                    0.0,
                    0.0,
                    0.0,
                    1.0
                ]
            ]
        },
        {
            "file_path": "/data/shapenet_blender/all_50_random/02958343/383f8d508b6f25f565d21723f535417/r_4",
            "rotation": 0.12566370614359174,
            "transform_matrix": [
                [
                    0.9687045216560364,
                    -0.07771288603544235,
                    0.23573793470859528,
                    0.9502900838851929
                ],
                [
                    0.24821698665618896,
                    0.3032863438129425,
                    -0.9200030565261841,
                    -3.708651065826416
                ],
                [
                    0.0,
                    0.949725329875946,
                    0.3130844533443451,
                    1.262083888053894
                ],
                [
                    0.0,
                    0.0,
                    0.0,
                    1.0
                ]
            ]
        },
        {
            "file_path": "/data/shapenet_blender/all_50_random/02958343/383f8d508b6f25f565d21723f535417/r_5",
            "rotation": 0.12566370614359174,
            "transform_matrix": [
                [
                    -0.09335853904485703,
                    0.8551462292671204,
                    -0.5099107027053833,
                    -2.055516004562378
                ],
                [
                    -0.9956326484680176,
                    -0.0801854059100151,
                    0.04781334102153778,
                    0.1927417516708374
                ],
                [
                    0.0,
                    0.5121474266052246,
                    0.8588974475860596,
                    3.4623265266418457
                ],
                [
                    0.0,
                    0.0,
                    0.0,
                    1.0
                ]
            ]
        },
        {
            "file_path": "/data/shapenet_blender/all_50_random/02958343/383f8d508b6f25f565d21723f535417/r_6",
            "rotation": 0.12566370614359174,
            "transform_matrix": [
                [
                    0.7904309630393982,
                    0.025041842833161354,
                    0.6120389103889465,
                    2.467207670211792
                ],
                [
                    0.6125509738922119,
                    -0.03231380134820938,
                    -0.789770245552063,
                    -3.1836657524108887
                ],
                [
                    1.8626450382086546e-09,
                    0.9991639852523804,
                    -0.040881238877773285,
                    -0.16479754447937012
                ],
                [
                    0.0,
                    0.0,
                    0.0,
                    1.0
                ]
            ]
        },
        {
            "file_path": "/data/shapenet_blender/all_50_random/02958343/383f8d508b6f25f565d21723f535417/r_7",
            "rotation": 0.12566370614359174,
            "transform_matrix": [
                [
                    0.6081934571266174,
                    -0.28364622592926025,
                    0.7413806915283203,
                    2.9886014461517334
                ],
                [
                    0.7937887907028198,
                    0.2173270583152771,
                    -0.5680388808250427,
                    -2.2898383140563965
                ],
                [
                    0.0,
                    0.9339773654937744,
                    0.3573320508003235,
                    1.440451741218567
                ],
                [
                    0.0,
                    0.0,
                    0.0,
                    1.0
                ]
            ]
        },
        {
            "file_path": "/data/shapenet_blender/all_50_random/02958343/383f8d508b6f25f565d21723f535417/r_8",
            "rotation": 0.12566370614359174,
            "transform_matrix": [
                [
                    0.6533619165420532,
                    0.22967414557933807,
                    0.7213653922080994,
                    2.907917022705078
                ],
                [
                    0.7570458054542542,
                    -0.19821830093860626,
                    -0.6225682497024536,
                    -2.509652853012085
                ],
                [
                    -1.4901162970204496e-08,
                    0.9528688788414001,
                    -0.30338212847709656,
                    -1.2229725122451782
                ],
                [
                    0.0,
                    0.0,
                    0.0,
                    1.0
                ]
            ]
        },
        {
            "file_path": "/data/shapenet_blender/all_50_random/02958343/383f8d508b6f25f565d21723f535417/r_9",
            "rotation": 0.12566370614359174,
            "transform_matrix": [
                [
                    0.9371560215950012,
                    -0.1413048505783081,
                    0.3190164864063263,
                    1.285996675491333
                ],
                [
                    0.3489105701446533,
                    0.3795376121997833,
                    -0.8568620085716248,
                    -3.4541215896606445
                ],
                [
                    0.0,
                    0.9143217206001282,
                    0.4049886465072632,
                    1.6325615644454956
                ],
                [
                    0.0,
                    0.0,
                    0.0,
                    1.0
                ]
            ]
        },
        {
            "file_path": "/data/shapenet_blender/all_50_random/02958343/383f8d508b6f25f565d21723f535417/r_10",
            "rotation": 0.12566370614359174,
            "transform_matrix": [
                [
                    -0.3433917462825775,
                    0.43917936086654663,
                    0.8301829099655151,
                    3.346574306488037
                ],
                [
                    0.9391923546791077,
                    0.1605747491121292,
                    0.30353522300720215,
                    1.2235896587371826
                ],
                [
                    -1.4901161193847656e-08,
                    0.883932888507843,
                    -0.46761393547058105,
                    -1.8850120306015015
                ],
                [
                    0.0,
                    0.0,
                    0.0,
                    1.0
                ]
            ]
        },
        {
            "file_path": "/data/shapenet_blender/all_50_random/02958343/383f8d508b6f25f565d21723f535417/r_11",
            "rotation": 0.12566370614359174,
            "transform_matrix": [
                [
                    -0.4324969947338104,
                    0.46070945262908936,
                    0.7750439643859863,
                    3.1243021488189697
                ],
                [
                    0.9016353487968445,
                    0.22099338471889496,
                    0.3717735707759857,
                    1.4986672401428223
                ],
                [
                    0.0,
                    0.8595980405807495,
                    -0.5109708905220032,
                    -2.0597896575927734
                ],
                [
                    0.0,
                    0.0,
                    0.0,
                    1.0
                ]
            ]
        },
        {
            "file_path": "/data/shapenet_blender/all_50_random/02958343/383f8d508b6f25f565d21723f535417/r_12",
            "rotation": 0.12566370614359174,
            "transform_matrix": [
                [
                    0.9702315330505371,
                    0.026199959218502045,
                    -0.24075819551944733,
                    -0.9705274105072021
                ],
                [
                    -0.24217960238456726,
                    0.1049635261297226,
                    -0.9645369648933411,
                    -3.8881731033325195
                ],
                [
                    0.0,
                    0.9941307902336121,
                    0.10818400979042053,
                    0.4361037313938141
                ],
                [
                    0.0,
                    0.0,
                    0.0,
                    1.0
                ]
            ]
        },
        {
            "file_path": "/data/shapenet_blender/all_50_random/02958343/383f8d508b6f25f565d21723f535417/r_13",
            "rotation": 0.12566370614359174,
            "transform_matrix": [
                [
                    -0.6419035196304321,
                    -0.40030887722969055,
                    0.6539973020553589,
                    2.636347770690918
                ],
                [
                    0.7667853832244873,
                    -0.33511292934417725,
                    0.5474846363067627,
                    2.2069814205169678
                ],
                [
                    -1.4901161193847656e-08,
                    0.8529079556465149,
                    0.5220611095428467,
                    2.1044960021972656
                ],
                [
                    0.0,
                    0.0,
                    0.0,
                    1.0
                ]
            ]
        },
        {
            "file_path": "/data/shapenet_blender/all_50_random/02958343/383f8d508b6f25f565d21723f535417/r_14",
            "rotation": 0.12566370614359174,
            "transform_matrix": [
                [
                    -0.07858637720346451,
                    -0.7594314217567444,
                    0.6458237171173096,
                    2.603398561477661
                ],
                [
                    0.9969072937965393,
                    -0.05986611172556877,
                    0.05091039836406708,
                    0.2052263766527176
                ],
                [
                    0.0,
                    0.6478272676467896,
                    0.7617872953414917,
                    3.0708627700805664
                ],
                [
                    0.0,
                    0.0,
                    0.0,
                    1.0
                ]
            ]
        },
        {
            "file_path": "/data/shapenet_blender/all_50_random/02958343/383f8d508b6f25f565d21723f535417/r_15",
            "rotation": 0.12566370614359174,
            "transform_matrix": [
                [
                    -0.9583682417869568,
                    -0.18994154036045074,
                    -0.21319596469402313,
                    -0.8594204187393188
                ],
                [
                    -0.28553512692451477,
                    0.6375185251235962,
                    0.7155695557594299,
                    2.8845531940460205
                ],
                [
                    0.0,
                    0.7466541528701782,
                    -0.6652124524116516,
                    -2.6815571784973145
                ],
                [
                    0.0,
                    0.0,
                    0.0,
                    1.0
                ]
            ]
        },
        {
            "file_path": "/data/shapenet_blender/all_50_random/02958343/383f8d508b6f25f565d21723f535417/r_16",
            "rotation": 0.12566370614359174,
            "transform_matrix": [
                [
                    0.8275730609893799,
                    -0.007361031137406826,
                    -0.5613097548484802,
                    -2.262712240219116
                ],
                [
                    -0.5613580942153931,
                    -0.01085188053548336,
                    -0.8275017738342285,
                    -3.335766553878784
                ],
                [
                    0.0,
                    0.9999141097068787,
                    -0.01311289519071579,
                    -0.052859775722026825
                ],
                [
                    0.0,
                    0.0,
                    0.0,
                    1.0
                ]
            ]
        },
        {
            "file_path": "/data/shapenet_blender/all_50_random/02958343/383f8d508b6f25f565d21723f535417/r_17",
            "rotation": 0.12566370614359174,
            "transform_matrix": [
                [
                    0.6939626336097717,
                    -0.5918700098991394,
                    -0.41000670194625854,
                    -1.652789831161499
                ],
                [
                    -0.7200108766555786,
                    -0.5704576373100281,
                    -0.39517366886138916,
                    -1.5929960012435913
                ],
                [
                    0.0,
                    0.569445013999939,
                    -0.8220293521881104,
                    -3.313706398010254
                ],
                [
                    0.0,
                    0.0,
                    0.0,
                    1.0
                ]
            ]
        },
        {
            "file_path": "/data/shapenet_blender/all_50_random/02958343/383f8d508b6f25f565d21723f535417/r_18",
            "rotation": 0.12566370614359174,
            "transform_matrix": [
                [
                    0.14746691286563873,
                    -0.06424026191234589,
                    -0.9869785308837891,
                    -3.9786376953125
                ],
                [
                    -0.989067018032074,
                    -0.009578030556440353,
                    -0.1471555382013321,
                    -0.5932029485702515
                ],
                [
                    0.0,
                    0.997888445854187,
                    -0.0649503618478775,
                    -0.26182329654693604
                ],
                [
                    0.0,
                    0.0,
                    0.0,
                    1.0
                ]
            ]
        },
        {
            "file_path": "/data/shapenet_blender/all_50_random/02958343/383f8d508b6f25f565d21723f535417/r_19",
            "rotation": 0.12566370614359174,
            "transform_matrix": [
                [
                    -0.9953469634056091,
                    -0.0057726590894162655,
                    0.09618239104747772,
                    0.3877236545085907
                ],
                [
                    0.09635546058416367,
                    -0.05963127315044403,
                    0.9935591220855713,
                    4.005165100097656
                ],
                [
                    4.6566123179658803e-10,
                    0.9982037544250488,
                    0.059910036623477936,
                    0.24150510132312775
                ],
                [
                    0.0,
                    0.0,
                    0.0,
                    1.0
                ]
            ]
        },
        {
            "file_path": "/data/shapenet_blender/all_50_random/02958343/383f8d508b6f25f565d21723f535417/r_20",
            "rotation": 0.12566370614359174,
            "transform_matrix": [
                [
                    -0.6358160972595215,
                    -0.43714389204978943,
                    -0.636115550994873,
                    -2.5642640590667725
                ],
                [
                    -0.7718406319618225,
                    0.3601043224334717,
                    0.524010419845581,
                    2.112353801727295
                ],
                [
                    0.0,
                    0.8241541385650635,
                    -0.5663654208183289,
                    -2.2830922603607178
                ],
                [
                    0.0,
                    0.0,
                    0.0,
                    1.0
                ]
            ]
        },
        {
            "file_path": "/data/shapenet_blender/all_50_random/02958343/383f8d508b6f25f565d21723f535417/r_21",
            "rotation": 0.12566370614359174,
            "transform_matrix": [
                [
                    0.25391334295272827,
                    -0.011266604997217655,
                    0.967161238193512,
                    3.898751974105835
                ],
                [
                    0.967227041721344,
                    0.002957673044875264,
                    -0.2538960576057434,
                    -1.0234878063201904
                ],
                [
                    2.3283067140944524e-10,
                    0.9999321103096008,
                    0.011648355051875114,
                    0.04695602506399155
                ],
                [
                    0.0,
                    0.0,
                    0.0,
                    1.0
                ]
            ]
        },
        {
            "file_path": "/data/shapenet_blender/all_50_random/02958343/383f8d508b6f25f565d21723f535417/r_22",
            "rotation": 0.12566370614359174,
            "transform_matrix": [
                [
                    -0.9711166620254517,
                    0.03178000450134277,
                    -0.236479252576828,
                    -0.9532784223556519
                ],
                [
                    -0.23860512673854828,
                    -0.12934377789497375,
                    0.9624643921852112,
                    3.8798182010650635
                ],
                [
                    1.8626450382086546e-09,
                    0.9910904169082642,
                    0.13319076597690582,
                    0.5369092226028442
                ],
                [
                    0.0,
                    0.0,
                    0.0,
                    1.0
                ]
            ]
        },
        {
            "file_path": "/data/shapenet_blender/all_50_random/02958343/383f8d508b6f25f565d21723f535417/r_23",
            "rotation": 0.12566370614359174,
            "transform_matrix": [
                [
                    0.4787335991859436,
                    -0.7279695868492126,
                    -0.4907894432544708,
                    -1.9784355163574219
                ],
                [
                    -0.8779603242874146,
                    -0.3969467878341675,
                    -0.2676173448562622,
                    -1.078800082206726
                ],
                [
                    0.0,
                    0.559010922908783,
                    -0.829160213470459,
                    -3.342451810836792
                ],
                [
                    0.0,
                    0.0,
                    0.0,
                    1.0
                ]
            ]
        },
        {
            "file_path": "/data/shapenet_blender/all_50_random/02958343/383f8d508b6f25f565d21723f535417/r_24",
            "rotation": 0.12566370614359174,
            "transform_matrix": [
                [
                    -0.7209031581878662,
                    0.0022232290357351303,
                    0.6930321455001831,
                    2.7937018871307373
                ],
                [
                    0.6930357217788696,
                    0.00231262668967247,
                    0.7208994626998901,
                    2.906038761138916
                ],
                [
                    0.0,
                    0.9999948740005493,
                    -0.003207957372069359,
                    -0.012931689620018005
                ],
                [
                    0.0,
                    0.0,
                    0.0,
                    1.0
                ]
            ]
        },
        {
            "file_path": "/data/shapenet_blender/all_50_random/02958343/383f8d508b6f25f565d21723f535417/r_25",
            "rotation": 0.12566370614359174,
            "transform_matrix": [
                [
                    0.9976957440376282,
                    0.013784040696918964,
                    -0.06643176078796387,
                    -0.26779499650001526
                ],
                [
                    -0.06784673035144806,
                    0.2026962786912918,
                    -0.9768884181976318,
                    -3.9379632472991943
                ],
                [
                    9.313225746154785e-10,
                    0.9791446328163147,
                    0.20316439867019653,
                    0.8189818859100342
                ],
                [
                    0.0,
                    0.0,
                    0.0,
                    1.0
                ]
            ]
        },
        {
            "file_path": "/data/shapenet_blender/all_50_random/02958343/383f8d508b6f25f565d21723f535417/r_26",
            "rotation": 0.12566370614359174,
            "transform_matrix": [
                [
                    0.781622052192688,
                    0.3144468665122986,
                    -0.5386931300163269,
                    -2.171541452407837
                ],
                [
                    -0.6237524747848511,
                    0.39403223991394043,
                    -0.6750344634056091,
                    -2.7211508750915527
                ],
                [
                    0.0,
                    0.86363285779953,
                    0.5041211843490601,
                    2.032177448272705
                ],
                [
                    0.0,
                    0.0,
                    0.0,
                    1.0
                ]
            ]
        },
        {
            "file_path": "/data/shapenet_blender/all_50_random/02958343/383f8d508b6f25f565d21723f535417/r_27",
            "rotation": 0.12566370614359174,
            "transform_matrix": [
                [
                    0.7478878498077393,
                    0.25761181116104126,
                    -0.6118005514144897,
                    -2.4662468433380127
                ],
                [
                    -0.6638250946998596,
                    0.29023420810699463,
                    -0.6892752051353455,
                    -2.778557300567627
                ],
                [
                    1.4901160305669237e-08,
                    0.9216291308403015,
                    0.38807180523872375,
                    1.5643675327301025
                ],
                [
                    0.0,
                    0.0,
                    0.0,
                    1.0
                ]
            ]
        },
        {
            "file_path": "/data/shapenet_blender/all_50_random/02958343/383f8d508b6f25f565d21723f535417/r_28",
            "rotation": 0.12566370614359174,
            "transform_matrix": [
                [
                    -0.9077786207199097,
                    0.13677114248275757,
                    0.3965243399143219,
                    1.5984408855438232
                ],
                [
                    0.4194495379924774,
                    0.29600200057029724,
                    0.858163595199585,
                    3.4593682289123535
                ],
                [
                    1.4901161193847656e-08,
                    0.9453445672988892,
                    -0.3260728716850281,
                    -1.3144419193267822
                ],
                [
                    0.0,
                    0.0,
                    0.0,
                    1.0
                ]
            ]
        },
        {
            "file_path": "/data/shapenet_blender/all_50_random/02958343/383f8d508b6f25f565d21723f535417/r_29",
            "rotation": 0.12566370614359174,
            "transform_matrix": [
                [
                    -0.07671812921762466,
                    0.5020630359649658,
                    0.8614214062690735,
                    3.472501039505005
                ],
                [
                    0.9970529079437256,
                    0.03863118588924408,
                    0.06628197431564331,
                    0.26719120144844055
                ],
                [
                    0.0,
                    0.8639676570892334,
                    -0.5035470724105835,
                    -2.0298633575439453
                ],
                [
                    0.0,
                    0.0,
                    0.0,
                    1.0
                ]
            ]
        },
        {
            "file_path": "/data/shapenet_blender/all_50_random/02958343/383f8d508b6f25f565d21723f535417/r_30",
            "rotation": 0.12566370614359174,
            "transform_matrix": [
                [
                    0.9351310133934021,
                    0.26435384154319763,
                    -0.23589631915092468,
                    -0.9509284496307373
                ],
                [
                    -0.35430216789245605,
                    0.6977249979972839,
                    -0.6226152777671814,
                    -2.5098423957824707
                ],
                [
                    1.4901161193847656e-08,
                    0.6658053398132324,
                    0.7461254000663757,
                    3.00772762298584
                ],
                [
                    0.0,
                    0.0,
                    0.0,
                    1.0
                ]
            ]
        },
        {
            "file_path": "/data/shapenet_blender/all_50_random/02958343/383f8d508b6f25f565d21723f535417/r_31",
            "rotation": 0.12566370614359174,
            "transform_matrix": [
                [
                    -0.43303313851356506,
                    0.09448891878128052,
                    -0.896411657333374,
                    -3.613551378250122
                ],
                [
                    -0.9013779759407043,
                    -0.04539364576339722,
                    0.43064725399017334,
                    1.735994815826416
                ],
                [
                    0.0,
                    0.9944904446601868,
                    0.1048271656036377,
                    0.4225718677043915
                ],
                [
                    0.0,
                    0.0,
                    0.0,
                    1.0
                ]
            ]
        },
        {
            "file_path": "/data/shapenet_blender/all_50_random/02958343/383f8d508b6f25f565d21723f535417/r_32",
            "rotation": 0.12566370614359174,
            "transform_matrix": [
                [
                    -0.7614849209785461,
                    0.0019028151873499155,
                    -0.6481797695159912,
                    -2.612896203994751
                ],
                [
                    -0.6481825709342957,
                    -0.002235427498817444,
                    0.7614817023277283,
                    3.0696308612823486
                ],
                [
                    0.0,
                    0.9999957084655762,
                    0.0029356160666793585,
                    0.01183384656906128
                ],
                [
                    0.0,
                    0.0,
                    0.0,
                    1.0
                ]
            ]
        },
        {
            "file_path": "/data/shapenet_blender/all_50_random/02958343/383f8d508b6f25f565d21723f535417/r_33",
            "rotation": 0.12566370614359174,
            "transform_matrix": [
                [
                    -0.9707565307617188,
                    0.11125673353672028,
                    -0.21272912621498108,
                    -0.8575385212898254
                ],
                [
                    -0.24006614089012146,
                    -0.4498893618583679,
                    0.8602137565612793,
                    3.467632532119751
                ],
                [
                    0.0,
                    0.8861271142959595,
                    0.4634420573711395,
                    1.8681946992874146
                ],
                [
                    0.0,
                    0.0,
                    0.0,
                    1.0
                ]
            ]
        },
        {
            "file_path": "/data/shapenet_blender/all_50_random/02958343/383f8d508b6f25f565d21723f535417/r_34",
            "rotation": 0.12566370614359174,
            "transform_matrix": [
                [
                    -0.3508452773094177,
                    0.6563672423362732,
                    0.6678994297981262,
                    2.6923887729644775
                ],
                [
                    0.9364334940910339,
                    0.24591533839702606,
                    0.25023600459098816,
                    1.0087336301803589
                ],
                [
                    1.4901161193847656e-08,
                    0.713237464427948,
                    -0.700922429561615,
                    -2.8255085945129395
                ],
                [
                    0.0,
                    0.0,
                    0.0,
                    1.0
                ]
            ]
        },
        {
            "file_path": "/data/shapenet_blender/all_50_random/02958343/383f8d508b6f25f565d21723f535417/r_35",
            "rotation": 0.12566370614359174,
            "transform_matrix": [
                [
                    0.05654582753777504,
                    -0.05827469378709793,
                    0.9966979026794434,
                    4.017817497253418
                ],
                [
                    0.9983999729156494,
                    0.0033004716970026493,
                    -0.05644942820072174,
                    -0.22755491733551025
                ],
                [
                    0.0,
                    0.9982950687408447,
                    0.05836809426546097,
                    0.2352893054485321
                ],
                [
                    0.0,
                    0.0,
                    0.0,
                    1.0
                ]
            ]
        },
        {
            "file_path": "/data/shapenet_blender/all_50_random/02958343/383f8d508b6f25f565d21723f535417/r_36",
            "rotation": 0.12566370614359174,
            "transform_matrix": [
                [
                    -0.838461697101593,
                    -0.039062973111867905,
                    -0.5435585975646973,
                    -2.191154956817627
                ],
                [
                    -0.5449604392051697,
                    0.060101255774497986,
                    0.8363048434257507,
                    3.37125301361084
                ],
                [
                    0.0,
                    0.9974275827407837,
                    -0.07168038189411163,
                    -0.28895288705825806
                ],
                [
                    0.0,
                    0.0,
                    0.0,
                    1.0
                ]
            ]
        },
        {
            "file_path": "/data/shapenet_blender/all_50_random/02958343/383f8d508b6f25f565d21723f535417/r_37",
            "rotation": 0.12566370614359174,
            "transform_matrix": [
                [
                    -0.7322612404823303,
                    0.0001360502210445702,
                    0.6810238361358643,
                    2.7452948093414307
                ],
                [
                    0.6810238361358643,
                    0.0001462860673200339,
                    0.7322612404823303,
                    2.9518394470214844
                ],
                [
                    7.275957614183426e-12,
                    1.0,
                    -0.00019977304327767342,
                    -0.0008053109049797058
                ],
                [
                    0.0,
                    0.0,
                    0.0,
                    1.0
                ]
            ]
        },
        {
            "file_path": "/data/shapenet_blender/all_50_random/02958343/383f8d508b6f25f565d21723f535417/r_38",
            "rotation": 0.12566370614359174,
            "transform_matrix": [
                [
                    -0.9988896250724792,
                    0.04356175661087036,
                    0.01794125884771347,
                    0.07232353091239929
                ],
                [
                    0.04711172729730606,
                    0.9236210584640503,
                    0.38040074706077576,
                    1.5334444046020508
                ],
                [
                    0.0,
                    0.38082364201545715,
                    -0.9246476888656616,
                    -3.7273740768432617
                ],
                [
                    0.0,
                    0.0,
                    0.0,
                    1.0
                ]
            ]
        },
        {
            "file_path": "/data/shapenet_blender/all_50_random/02958343/383f8d508b6f25f565d21723f535417/r_39",
            "rotation": 0.12566370614359174,
            "transform_matrix": [
                [
                    -0.5729284286499023,
                    0.5297114849090576,
                    0.6254269480705261,
                    2.521176338195801
                ],
                [
                    0.8196054697036743,
                    0.37028396129608154,
                    0.437191903591156,
                    1.7623766660690308
                ],
                [
                    1.4901159417490817e-08,
                    0.7630829811096191,
                    -0.6463006734848022,
                    -2.605320930480957
                ],
                [
                    0.0,
                    0.0,
                    0.0,
                    1.0
                ]
            ]
        },
        {
            "file_path": "/data/shapenet_blender/all_50_random/02958343/383f8d508b6f25f565d21723f535417/r_40",
            "rotation": 0.12566370614359174,
            "transform_matrix": [
                [
                    -0.7576168775558472,
                    0.03625677153468132,
                    0.6516917943954468,
                    2.627053737640381
                ],
                [
                    0.6526996493339539,
                    0.042084816843271255,
                    0.7564470171928406,
                    3.049335479736328
                ],
                [
                    -3.725290742551124e-09,
                    0.9984559416770935,
                    -0.05554894357919693,
                    -0.22392494976520538
                ],
                [
                    0.0,
                    0.0,
                    0.0,
                    1.0
                ]
            ]
        },
        {
            "file_path": "/data/shapenet_blender/all_50_random/02958343/383f8d508b6f25f565d21723f535417/r_41",
            "rotation": 0.12566370614359174,
            "transform_matrix": [
                [
                    0.3008766174316406,
                    -0.01216057687997818,
                    0.9535855650901794,
                    3.8440263271331787
                ],
                [
                    0.9536631107330322,
                    0.0038366098888218403,
                    -0.3008521497249603,
                    -1.2127737998962402
                ],
                [
                    -2.3283064365386963e-10,
