{
    "class": "02958343",
    "model": "787ba4e958f1bbe88ec77d0d80815cf8",
    "remove_doubles": true,
    "edge_split": true,
    "denoise": true,
    "camera_angle_x": 0.6911112070083618,
    "scale_factor": 2.2620699028173243,
    "hdri_file": "/data/IndoorHDRDataset2018/9C4A5690-7ea1980afe.exr",
    "center_offset": [
        0.0,
        0.0,
        3.725290298461914e-09
    ],
    "lights": [],
    "frames": [
        {
            "file_path": "/data/shapenet_blender/all_50_random/02958343/787ba4e958f1bbe88ec77d0d80815cf8/r_0",
            "rotation": 0.12566370614359174,
            "transform_matrix": [
                [
                    0.11916186660528183,
                    -0.2077418863773346,
                    0.9708983898162842,
                    3.9138166904449463
                ],
                [
                    0.9928749203681946,
                    0.024932553991675377,
                    -0.11652430891990662,
                    -0.46972450613975525
                ],
                [
                    1.862645371275562e-09,
                    0.9778658151626587,
                    0.20923270285129547,
                    0.8434439897537231
                ],
                [
                    0.0,
                    0.0,
                    0.0,
                    1.0
                ]
            ]
        },
        {
            "file_path": "/data/shapenet_blender/all_50_random/02958343/787ba4e958f1bbe88ec77d0d80815cf8/r_1",
            "rotation": 0.12566370614359174,
            "transform_matrix": [
                [
                    0.3636611998081207,
                    -0.2087191939353943,
                    -0.9078474044799805,
                    -3.6596498489379883
                ],
                [
                    -0.9315313100814819,
                    -0.08148203045129776,
                    -0.3544152081012726,
                    -1.428693413734436
                ],
                [
                    0.0,
                    0.9745752811431885,
                    -0.2240603268146515,
                    -0.9032160639762878
                ],
                [
                    0.0,
                    0.0,
                    0.0,
                    1.0
                ]
            ]
        },
        {
            "file_path": "/data/shapenet_blender/all_50_random/02958343/787ba4e958f1bbe88ec77d0d80815cf8/r_2",
            "rotation": 0.12566370614359174,
            "transform_matrix": [
                [
                    0.9148582220077515,
                    0.047402821481227875,
                    0.4009828567504883,
                    1.6164137125015259
                ],
                [
                    0.40377503633499146,
                    -0.10740352421998978,
                    -0.9085317850112915,
                    -3.6624090671539307
                ],
                [
                    3.725290076417309e-09,
                    0.993084728717804,
                    -0.11739908158779144,
                    -0.4732508659362793
                ],
                [
                    0.0,
                    0.0,
                    0.0,
                    1.0
                ]
            ]
        },
        {
            "file_path": "/data/shapenet_blender/all_50_random/02958343/787ba4e958f1bbe88ec77d0d80815cf8/r_3",
            "rotation": 0.12566370614359174,
            "transform_matrix": [
                [
                    0.6589981913566589,
                    -0.009754478931427002,
                    0.7520813345909119,
                    3.0317368507385254
                ],
                [
                    0.7521445155143738,
                    0.00854647345840931,
                    -0.6589427590370178,
                    -2.656283140182495
                ],
                [
                    0.0,
                    0.9999159574508667,
                    0.012968889437615871,
                    0.052279263734817505
                ],
                [
                    0.0,
                    0.0,
                    0.0,
                    1.0
                ]
            ]
        },
        {
            "file_path": "/data/shapenet_blender/all_50_random/02958343/787ba4e958f1bbe88ec77d0d80815cf8/r_4",
            "rotation": 0.12566370614359174,
            "transform_matrix": [
                [
                    0.9898465275764465,
                    0.14199963212013245,
                    -0.006322061643004417,
                    -0.025485046207904816
                ],
                [
                    -0.14214032888412476,
                    0.9888668060302734,
                    -0.044026002287864685,
                    -0.1774744987487793
                ],
                [
                    4.656612873077393e-10,
                    0.04447806626558304,
                    0.9990103840827942,
                    4.027139663696289
                ],
                [
                    0.0,
                    0.0,
                    0.0,
                    1.0
                ]
            ]
        },
        {
            "file_path": "/data/shapenet_blender/all_50_random/02958343/787ba4e958f1bbe88ec77d0d80815cf8/r_5",
            "rotation": 0.12566370614359174,
            "transform_matrix": [
                [
                    0.6252052783966064,
                    -0.17686332762241364,
                    -0.7601563930511475,
                    -3.064288377761841
                ],
                [
                    -0.7804604172706604,
                    -0.14168031513690948,
                    -0.6089402437210083,
                    -2.454716682434082
                ],
                [
                    0.0,
                    0.9739845991134644,
                    -0.2266141176223755,
                    -0.9135106801986694
                ],
                [
                    0.0,
                    0.0,
                    0.0,
                    1.0
                ]
            ]
        },
        {
            "file_path": "/data/shapenet_blender/all_50_random/02958343/787ba4e958f1bbe88ec77d0d80815cf8/r_6",
            "rotation": 0.12566370614359174,
            "transform_matrix": [
                [
                    -0.7626895308494568,
                    -0.612847626209259,
                    0.2066943347454071,
                    0.8332115411758423
                ],
                [
                    0.6467649340629578,
                    -0.7226929068565369,
                    0.2437417060136795,
                    0.9825542569160461
                ],
                [
                    0.0,
                    0.3195820152759552,
                    0.9475587010383606,
                    3.8197312355041504
                ],
                [
                    0.0,
                    0.0,
                    0.0,
                    1.0
                ]
            ]
        },
        {
            "file_path": "/data/shapenet_blender/all_50_random/02958343/787ba4e958f1bbe88ec77d0d80815cf8/r_7",
            "rotation": 0.12566370614359174,
            "transform_matrix": [
                [
                    0.7629479169845581,
                    0.4419710040092468,
                    0.47177547216415405,
                    1.9017878770828247
                ],
                [
                    0.6464600563049316,
                    -0.5216112732887268,
                    -0.556786298751831,
                    -2.2444775104522705
                ],
                [
                    1.4901161193847656e-08,
                    0.7297829985618591,
                    -0.6836788058280945,
                    -2.755997657775879
                ],
                [
                    0.0,
                    0.0,
                    0.0,
                    1.0
                ]
            ]
        },
        {
            "file_path": "/data/shapenet_blender/all_50_random/02958343/787ba4e958f1bbe88ec77d0d80815cf8/r_8",
            "rotation": 0.12566370614359174,
            "transform_matrix": [
                [
                    0.9725102782249451,
                    0.001567517756484449,
                    -0.23285503685474396,
                    -0.9386686682701111
                ],
                [
                    -0.23286034166812897,
                    0.006546529475599527,
                    -0.9724881649017334,
                    -3.920225143432617
                ],
                [
                    -1.1641533570472262e-10,
                    0.9999772906303406,
                    0.006731580011546612,
                    0.02713586762547493
                ],
                [
                    0.0,
                    0.0,
                    0.0,
                    1.0
                ]
            ]
        },
        {
            "file_path": "/data/shapenet_blender/all_50_random/02958343/787ba4e958f1bbe88ec77d0d80815cf8/r_9",
            "rotation": 0.12566370614359174,
            "transform_matrix": [
                [
                    0.9546026587486267,
                    0.2847692370414734,
                    0.08740906417369843,
                    0.3523571789264679
                ],
                [
                    0.2978822886943817,
                    -0.9125800728797913,
                    -0.28011372685432434,
                    -1.1291744709014893
                ],
                [
                    0.0,
                    0.29343488812446594,
                    -0.9559791088104248,
                    -3.8536746501922607
                ],
                [
                    0.0,
                    0.0,
                    0.0,
                    1.0
                ]
            ]
        },
        {
            "file_path": "/data/shapenet_blender/all_50_random/02958343/787ba4e958f1bbe88ec77d0d80815cf8/r_10",
            "rotation": 0.12566370614359174,
            "transform_matrix": [
                [
                    0.7235648036003113,
                    0.25222247838974,
                    -0.6425244808197021,
                    -2.590099334716797
                ],
                [
                    -0.6902564764022827,
                    0.26439347863197327,
                    -0.6735295057296753,
                    -2.7150845527648926
                ],
                [
                    0.0,
                    0.930849015712738,
                    0.3654039800167084,
                    1.47299063205719
                ],
                [
                    0.0,
                    0.0,
                    0.0,
                    1.0
                ]
            ]
        },
        {
            "file_path": "/data/shapenet_blender/all_50_random/02958343/787ba4e958f1bbe88ec77d0d80815cf8/r_11",
            "rotation": 0.12566370614359174,
            "transform_matrix": [
                [
                    -0.11708445847034454,
                    -0.4112338125705719,
                    -0.9039790034294128,
                    -3.6440558433532715
                ],
                [
                    -0.9931219220161438,
                    0.04848255589604378,
                    0.10657492280006409,
                    0.4296172559261322
                ],
                [
                    3.7252898543727042e-09,
                    0.910239577293396,
                    -0.4140819013118744,
                    -1.669217586517334
                ],
                [
                    0.0,
                    0.0,
                    0.0,
                    1.0
                ]
            ]
        },
        {
            "file_path": "/data/shapenet_blender/all_50_random/02958343/787ba4e958f1bbe88ec77d0d80815cf8/r_12",
            "rotation": 0.12566370614359174,
            "transform_matrix": [
                [
                    -0.5138807892799377,
                    -0.06232359632849693,
                    0.8555946350097656,
                    3.449012517929077
                ],
                [
                    0.8578615784645081,
                    -0.0373334176838398,
                    0.5125228762626648,
                    2.0660459995269775
                ],
                [
                    0.0,
                    0.9973575472831726,
                    0.07264993339776993,
                    0.29286128282546997
                ],
                [
                    0.0,
                    0.0,
                    0.0,
                    1.0
                ]
            ]
        },
        {
            "file_path": "/data/shapenet_blender/all_50_random/02958343/787ba4e958f1bbe88ec77d0d80815cf8/r_13",
            "rotation": 0.12566370614359174,
            "transform_matrix": [
                [
                    0.9902660250663757,
                    0.0010757949203252792,
                    0.13918380439281464,
                    0.5610678791999817
                ],
                [
                    0.1391879767179489,
                    -0.007653846405446529,
                    -0.9902364015579224,
                    -3.9917705059051514
                ],
                [
                    2.3283064365386963e-10,
                    0.9999701380729675,
                    -0.007729080971330404,
                    -0.03115692175924778
                ],
                [
                    0.0,
                    0.0,
                    0.0,
                    1.0
                ]
            ]
        },
        {
            "file_path": "/data/shapenet_blender/all_50_random/02958343/787ba4e958f1bbe88ec77d0d80815cf8/r_14",
            "rotation": 0.12566370614359174,
            "transform_matrix": [
                [
                    0.927070677280426,
                    0.23654936254024506,
                    0.2908336818218231,
                    1.1723880767822266
                ],
                [
                    0.3748864233493805,
                    -0.5849717259407043,
                    -0.7192134857177734,
                    -2.899242401123047
                ],
                [
                    -1.4901160305669237e-08,
                    0.7757914662361145,
                    -0.6309893727302551,
                    -2.5435996055603027
                ],
                [
                    0.0,
                    0.0,
                    0.0,
                    1.0
                ]
            ]
        },
        {
            "file_path": "/data/shapenet_blender/all_50_random/02958343/787ba4e958f1bbe88ec77d0d80815cf8/r_15",
            "rotation": 0.12566370614359174,
            "transform_matrix": [
                [
                    -0.5887351036071777,
                    -0.09629134088754654,
                    0.8025701642036438,
                    3.2352638244628906
                ],
                [
                    0.8083260655403137,
                    -0.07013270258903503,
                    0.5845428705215454,
                    2.356367588043213
                ],
                [
                    0.0,
                    0.992879331111908,
                    0.11912437528371811,
                    0.4802057147026062
                ],
                [
                    0.0,
                    0.0,
                    0.0,
                    1.0
                ]
            ]
        },
        {
            "file_path": "/data/shapenet_blender/all_50_random/02958343/787ba4e958f1bbe88ec77d0d80815cf8/r_16",
            "rotation": 0.12566370614359174,
            "transform_matrix": [
                [
                    0.9209160208702087,
                    -0.06164923310279846,
                    -0.38485467433929443,
                    -1.5513989925384521
                ],
                [
                    -0.38976120948791504,
                    -0.14566294848918915,
                    -0.9093230366706848,
                    -3.6655986309051514
                ],
                [
                    0.0,
                    0.9874115586280823,
                    -0.15817178785800934,
                    -0.637610912322998
                ],
                [
                    0.0,
                    0.0,
                    0.0,
                    1.0
                ]
            ]
        },
        {
            "file_path": "/data/shapenet_blender/all_50_random/02958343/787ba4e958f1bbe88ec77d0d80815cf8/r_17",
            "rotation": 0.12566370614359174,
            "transform_matrix": [
                [
                    -0.8698999285697937,
                    -0.1699066311120987,
                    0.46303990483283997,
                    1.8665735721588135
                ],
                [
                    0.49322837591171265,
                    -0.29966193437576294,
                    0.8166569471359253,
                    3.2920494079589844
                ],
                [
                    1.4901161193847656e-08,
                    0.9387941956520081,
                    0.34447866678237915,
                    1.388637900352478
                ],
                [
                    0.0,
                    0.0,
                    0.0,
                    1.0
                ]
            ]
        },
        {
            "file_path": "/data/shapenet_blender/all_50_random/02958343/787ba4e958f1bbe88ec77d0d80815cf8/r_18",
            "rotation": 0.12566370614359174,
            "transform_matrix": [
                [
                    -0.13200214505195618,
                    -0.3332129418849945,
                    0.9335654973983765,
                    3.7633228302001953
                ],
                [
                    0.9912494421005249,
                    -0.04437310993671417,
                    0.12432051450014114,
                    0.5011520385742188
                ],
                [
                    0.0,
                    0.9418067336082458,
                    0.3361545205116272,
                    1.3550822734832764
                ],
                [
                    0.0,
                    0.0,
                    0.0,
                    1.0
                ]
            ]
        },
        {
            "file_path": "/data/shapenet_blender/all_50_random/02958343/787ba4e958f1bbe88ec77d0d80815cf8/r_19",
            "rotation": 0.12566370614359174,
            "transform_matrix": [
                [
                    -0.7682585120201111,
                    0.03615628555417061,
                    0.6391178369522095,
                    2.5763661861419678
                ],
                [
                    0.6401396989822388,
                    0.04339268058538437,
                    0.7670322060585022,
                    3.0920052528381348
                ],
                [
                    0.0,
                    0.9984036087989807,
                    -0.05648187920451164,
                    -0.22768570482730865
                ],
                [
                    0.0,
                    0.0,
                    0.0,
                    1.0
                ]
            ]
        },
        {
            "file_path": "/data/shapenet_blender/all_50_random/02958343/787ba4e958f1bbe88ec77d0d80815cf8/r_20",
            "rotation": 0.12566370614359174,
            "transform_matrix": [
                [
                    -0.8237646222114563,
                    -0.047381915152072906,
                    0.5649483799934387,
                    2.2773799896240234
                ],
                [
                    0.566931962966919,
                    -0.06884696334600449,
                    0.8208824992179871,
                    3.3090834617614746
                ],
                [
                    -3.725290298461914e-09,
                    0.9965015053749084,
                    0.08357600122690201,
                    0.33690565824508667
                ],
                [
                    0.0,
                    0.0,
                    0.0,
                    1.0
                ]
            ]
        },
        {
            "file_path": "/data/shapenet_blender/all_50_random/02958343/787ba4e958f1bbe88ec77d0d80815cf8/r_21",
            "rotation": 0.12566370614359174,
            "transform_matrix": [
                [
                    -0.6186529397964478,
                    0.2255885750055313,
                    0.7525810599327087,
                    3.0337514877319336
                ],
                [
                    0.785664439201355,
                    0.17763440310955048,
                    0.5926021933555603,
                    2.3888561725616455
                ],
                [
                    0.0,
                    0.9578912854194641,
                    -0.2871309518814087,
                    -1.1574620008468628
                ],
                [
                    0.0,
                    0.0,
                    0.0,
                    1.0
                ]
            ]
        },
        {
            "file_path": "/data/shapenet_blender/all_50_random/02958343/787ba4e958f1bbe88ec77d0d80815cf8/r_22",
            "rotation": 0.12566370614359174,
            "transform_matrix": [
                [
                    0.9643166661262512,
                    -0.02227286621928215,
                    0.2638130187988281,
                    1.0634644031524658
                ],
                [
                    0.2647515833377838,
                    0.08112546801567078,
                    -0.9608981013298035,
                    -3.873504400253296
                ],
                [
                    0.0,
                    0.9964548945426941,
                    0.08412741869688034,
                    0.3391284942626953
                ],
                [
                    0.0,
                    0.0,
                    0.0,
                    1.0
                ]
            ]
        },
        {
            "file_path": "/data/shapenet_blender/all_50_random/02958343/787ba4e958f1bbe88ec77d0d80815cf8/r_23",
            "rotation": 0.12566370614359174,
            "transform_matrix": [
                [
                    -0.9942691326141357,
                    0.05787422135472298,
                    0.08988647907972336,
                    0.36234402656555176
                ],
                [
                    0.10690654069185257,
                    0.5382509827613831,
                    0.8359764814376831,
                    3.369929313659668
                ],
                [
                    0.0,
                    0.8407949805259705,
                    -0.5413534641265869,
                    -2.1822657585144043
                ],
                [
                    0.0,
                    0.0,
                    0.0,
                    1.0
                ]
            ]
        },
        {
            "file_path": "/data/shapenet_blender/all_50_random/02958343/787ba4e958f1bbe88ec77d0d80815cf8/r_24",
            "rotation": 0.12566370614359174,
            "transform_matrix": [
                [
                    -0.6100434064865112,
                    0.010228353552520275,
                    0.7923019528388977,
                    3.193871259689331
                ],
                [
                    0.7923679351806641,
                    0.007874801754951477,
                    0.6099926233291626,
                    2.458958864212036
                ],
                [
                    -9.313224635931761e-10,
                    0.9999167919158936,
                    -0.012908589094877243,
                    -0.052036188542842865
                ],
                [
                    0.0,
                    0.0,
                    0.0,
                    1.0
                ]
            ]
        },
        {
            "file_path": "/data/shapenet_blender/all_50_random/02958343/787ba4e958f1bbe88ec77d0d80815cf8/r_25",
            "rotation": 0.12566370614359174,
            "transform_matrix": [
                [
                    0.9338206052780151,
                    0.31231290102005005,
                    0.1744699478149414,
                    0.7033108472824097
                ],
                [
                    0.35774168372154236,
                    -0.8152368664741516,
                    -0.4554225504398346,
                    -1.8358670473098755
                ],
                [
                    0.0,
                    0.48769813776016235,
                    -0.8730123043060303,
                    -3.5192251205444336
                ],
                [
                    0.0,
                    0.0,
                    0.0,
                    1.0
                ]
            ]
        },
        {
            "file_path": "/data/shapenet_blender/all_50_random/02958343/787ba4e958f1bbe88ec77d0d80815cf8/r_26",
            "rotation": 0.12566370614359174,
            "transform_matrix": [
                [
                    -0.018325699493288994,
                    -0.3748743236064911,
                    -0.92689448595047,
                    -3.736431121826172
                ],
                [
                    -0.9998320937156677,
                    0.0068709878250956535,
                    0.0169888436794281,
                    0.06848421692848206
                ],
                [
                    -4.656612873077393e-10,
                    0.9270501136779785,
                    -0.3749372661113739,
                    -1.511420488357544
                ],
                [
                    0.0,
                    0.0,
                    0.0,
                    1.0
                ]
            ]
        },
        {
            "file_path": "/data/shapenet_blender/all_50_random/02958343/787ba4e958f1bbe88ec77d0d80815cf8/r_27",
            "rotation": 0.12566370614359174,
            "transform_matrix": [
                [
                    -0.49431684613227844,
                    0.019855262711644173,
                    0.8690549731254578,
                    3.503272771835327
                ],
                [
                    0.8692818880081177,
                    0.011290689930319786,
                    0.4941878318786621,
                    1.992134928703308
                ],
                [
                    -9.31322685637781e-10,
                    0.9997390508651733,
                    -0.02284099906682968,
                    -0.09207501262426376
                ],
                [
                    0.0,
                    0.0,
                    0.0,
                    1.0
                ]
            ]
        },
        {
            "file_path": "/data/shapenet_blender/all_50_random/02958343/787ba4e958f1bbe88ec77d0d80815cf8/r_28",
            "rotation": 0.12566370614359174,
            "transform_matrix": [
                [
                    0.7591078877449036,
                    0.07978162169456482,
                    -0.6460573077201843,
                    -2.6043405532836914
                ],
                [
                    -0.6509648561477661,
                    0.09303553402423859,
                    -0.753385066986084,
                    -3.0369925498962402
                ],
                [
                    3.725290298461914e-09,
                    0.9924611449241638,
                    0.12255904078483582,
                    0.49405133724212646
                ],
                [
                    0.0,
                    0.0,
                    0.0,
                    1.0
                ]
            ]
        },
        {
            "file_path": "/data/shapenet_blender/all_50_random/02958343/787ba4e958f1bbe88ec77d0d80815cf8/r_29",
            "rotation": 0.12566370614359174,
            "transform_matrix": [
                [
                    0.7575462460517883,
                    -0.3276594281196594,
                    -0.5645909905433655,
                    -2.2759389877319336
                ],
                [
                    -0.6527814865112305,
                    -0.3802453875541687,
                    -0.6552020311355591,
                    -2.6412038803100586
                ],
                [
                    0.0,
                    0.8649003505706787,
                    -0.5019435286521912,
                    -2.0233991146087646
                ],
                [
                    0.0,
                    0.0,
                    0.0,
                    1.0
                ]
            ]
        },
        {
            "file_path": "/data/shapenet_blender/all_50_random/02958343/787ba4e958f1bbe88ec77d0d80815cf8/r_30",
            "rotation": 0.12566370614359174,
            "transform_matrix": [
                [
                    -0.37168699502944946,
                    -0.3914278447628021,
                    -0.8418033719062805,
                    -3.3934178352355957
                ],
                [
                    -0.9283580780029297,
                    0.15671609342098236,
                    0.33703306317329407,
                    1.358623743057251
                ],
                [
                    1.4901161193847656e-08,
                    0.9067657589912415,
                    -0.42163458466529846,
                    -1.6996632814407349
                ],
                [
                    0.0,
                    0.0,
                    0.0,
                    1.0
                ]
            ]
        },
        {
            "file_path": "/data/shapenet_blender/all_50_random/02958343/787ba4e958f1bbe88ec77d0d80815cf8/r_31",
            "rotation": 0.12566370614359174,
            "transform_matrix": [
                [
                    0.28690338134765625,
                    -0.32418397068977356,
                    0.901438295841217,
                    3.6338143348693848
                ],
                [
                    0.9579595327377319,
                    0.09709125012159348,
                    -0.26997560262680054,
                    -1.0883065462112427
                ],
                [
                    -7.450581485102248e-09,
                    0.940998375415802,
                    0.3384109139442444,
                    1.36417818069458
                ],
                [
                    0.0,
                    0.0,
                    0.0,
                    1.0
                ]
            ]
        },
        {
            "file_path": "/data/shapenet_blender/all_50_random/02958343/787ba4e958f1bbe88ec77d0d80815cf8/r_32",
            "rotation": 0.12566370614359174,
            "transform_matrix": [
                [
                    0.1103237196803093,
                    0.664059579372406,
                    0.7394952774047852,
                    2.981001138687134
                ],
                [
                    0.9938957095146179,
                    -0.07371147722005844,
                    -0.08208493143320084,
                    -0.33089497685432434
                ],
                [
                    7.450581485102248e-09,
                    0.7440371513366699,
                    -0.6681380867958069,
                    -2.6933510303497314
                ],
                [
                    0.0,
                    0.0,
                    0.0,
                    1.0
                ]
            ]
        },
        {
            "file_path": "/data/shapenet_blender/all_50_random/02958343/787ba4e958f1bbe88ec77d0d80815cf8/r_33",
            "rotation": 0.12566370614359174,
            "transform_matrix": [
                [
                    0.9992617964744568,
                    0.00590414647012949,
                    -0.0379633828997612,
                    -0.15303529798984528
                ],
                [
                    -0.038419753313064575,
                    0.1535613089799881,
                    -0.9873919486999512,
                    -3.98030424118042
                ],
                [
                    0.0,
                    0.9881214499473572,
                    0.15367476642131805,
                    0.6194828152656555
                ],
                [
                    0.0,
                    0.0,
                    0.0,
                    1.0
                ]
            ]
        },
        {
            "file_path": "/data/shapenet_blender/all_50_random/02958343/787ba4e958f1bbe88ec77d0d80815cf8/r_34",
            "rotation": 0.12566370614359174,
            "transform_matrix": [
                [
                    -0.9996384978294373,
                    0.004931918811053038,
                    -0.026430310681462288,
                    -0.10654398798942566
                ],
                [
                    -0.02688652276992798,
                    -0.18336829543113708,
                    0.9826765656471252,
                    3.9612958431243896
                ],
                [
                    0.0,
                    0.9830318689346313,
                    0.1834346354007721,
                    0.7394486665725708
                ],
                [
                    0.0,
                    0.0,
                    0.0,
                    1.0
                ]
            ]
        },
        {
            "file_path": "/data/shapenet_blender/all_50_random/02958343/787ba4e958f1bbe88ec77d0d80815cf8/r_35",
            "rotation": 0.12566370614359174,
            "transform_matrix": [
                [
                    0.14574411511421204,
                    -0.2142786681652069,
                    0.9658381342887878,
                    3.893418073654175
                ],
                [
                    0.9893223643302917,
                    0.03156691789627075,
                    -0.14228449761867523,
                    -0.5735671520233154
                ],
                [
                    -1.862645149230957e-09,
                    0.9762623906135559,
                    0.21659135818481445,
                    0.8731076717376709
                ],
                [
                    0.0,
                    0.0,
                    0.0,
                    1.0
                ]
            ]
        },
        {
            "file_path": "/data/shapenet_blender/all_50_random/02958343/787ba4e958f1bbe88ec77d0d80815cf8/r_36",
            "rotation": 0.12566370614359174,
            "transform_matrix": [
                [
                    -0.5899270176887512,
                    -0.021122317761182785,
                    0.8071802854537964,
                    3.25384783744812
                ],
                [
                    0.8074566125869751,
                    -0.015431944280862808,
                    0.589725136756897,
                    2.377258062362671
                ],
                [
                    -9.31322685637781e-10,
                    0.9996576309204102,
                    0.026159077882766724,
                    0.10545061528682709
                ],
                [
                    0.0,
                    0.0,
                    0.0,
                    1.0
                ]
            ]
        },
        {
            "file_path": "/data/shapenet_blender/all_50_random/02958343/787ba4e958f1bbe88ec77d0d80815cf8/r_37",
            "rotation": 0.12566370614359174,
            "transform_matrix": [
                [
                    -0.6023319363594055,
                    -0.12594303488731384,
                    -0.7882478833198547,
                    -3.1775283813476562
                ],
                [
                    -0.7982457280158997,
                    0.09503277391195297,
                    0.5947878360748291,
                    2.3976662158966064
                ],
                [
                    -7.4505797087454084e-09,
                    0.9874750971794128,
                    -0.15777480602264404,
                    -0.6360105276107788
                ],
                [
                    0.0,
                    0.0,
                    0.0,
                    1.0
                ]
            ]
        },
        {
            "file_path": "/data/shapenet_blender/all_50_random/02958343/787ba4e958f1bbe88ec77d0d80815cf8/r_38",
            "rotation": 0.12566370614359174,
            "transform_matrix": [
                [
                    -0.712033748626709,
                    0.3581329882144928,
                    0.6039443016052246,
                    2.434577465057373
                ],
                [
                    0.7021452784538269,
                    0.3631766438484192,
                    0.6124497652053833,
                    2.4688639640808105
                ],
                [
                    0.0,
                    0.8601415157318115,
                    -0.510055422782898,
                    -2.0560991764068604
                ],
                [
                    0.0,
                    0.0,
                    0.0,
                    1.0
                ]
            ]
        },
        {
            "file_path": "/data/shapenet_blender/all_50_random/02958343/787ba4e958f1bbe88ec77d0d80815cf8/r_39",
            "rotation": 0.12566370614359174,
            "transform_matrix": [
                [
                    0.9163950085639954,
                    -0.017690444365143776,
                    0.39988404512405396,
                    1.611984133720398
                ],
                [
                    0.4002751410007477,
                    0.04050072655081749,
                    -0.9154995679855347,
                    -3.6904966831207275
                ],
                [
                    0.0,
                    0.999022901058197,
                    0.044195711612701416,
                    0.17815861105918884
                ],
                [
                    0.0,
                    0.0,
                    0.0,
                    1.0
                ]
            ]
        },
        {
            "file_path": "/data/shapenet_blender/all_50_random/02958343/787ba4e958f1bbe88ec77d0d80815cf8/r_40",
            "rotation": 0.12566370614359174,
            "transform_matrix": [
                [
                    -0.6441869735717773,
                    -0.5981063842773438,
                    -0.47675132751464844,
                    -1.9218460321426392
                ],
                [
                    -0.7648680210113525,
                    0.5037370324134827,
                    0.4015294015407562,
                    1.6186168193817139
                ],
                [
                    1.4901161193847656e-08,
                    0.6233118772506714,
                    -0.7819733023643494,
                    -3.152235269546509
                ],
                [
                    0.0,
                    0.0,
                    0.0,
                    1.0
                ]
            ]
        },
        {
            "file_path": "/data/shapenet_blender/all_50_random/02958343/787ba4e958f1bbe88ec77d0d80815cf8/r_41",
            "rotation": 0.12566370614359174,
            "transform_matrix": [
                [
                    0.8407712578773499,
                    -0.16742469370365143,
                    -0.5148521065711975,
                    -2.075435161590576
                ],
                [
                    -0.5413905382156372,
                    -0.2600080072879791,
                    -0.7995574474334717,
                    -3.2231192588806152
