{
    "class": "02958343",
    "model": "cd2ac3225eb36c0e1a04a94f2d5fba0a",
    "remove_doubles": true,
    "edge_split": true,
    "denoise": true,
    "camera_angle_x": 0.6911112070083618,
    "scale_factor": 2.270487700623195,
    "hdri_file": "/data/IndoorHDRDataset2018/9C4A7181-9f7524e92d.exr",
    "center_offset": [
        0.0,
        -1.3969838619232178e-09,
        -3.725290298461914e-09
    ],
    "lights": [],
    "frames": [
        {
            "file_path": "/data/shapenet_blender/all_50_random/02958343/cd2ac3225eb36c0e1a04a94f2d5fba0a/r_0",
            "rotation": 0.12566370614359174,
            "transform_matrix": [
                [
                    0.7641271352767944,
                    0.5788657069206238,
                    0.2846478223800659,
                    1.1474521160125732
                ],
                [
                    0.6450658440589905,
                    -0.685708224773407,
                    -0.33718591928482056,
                    -1.359239935874939
                ],
                [
                    -1.4901162970204496e-08,
                    0.4412693977355957,
                    -0.8973746299743652,
                    -3.6174328327178955
                ],
                [
                    0.0,
                    0.0,
                    0.0,
                    1.0
                ]
            ]
        },
        {
            "file_path": "/data/shapenet_blender/all_50_random/02958343/cd2ac3225eb36c0e1a04a94f2d5fba0a/r_1",
            "rotation": 0.12566370614359174,
            "transform_matrix": [
                [
                    -0.3322049677371979,
                    0.621244490146637,
                    0.7097148299217224,
                    2.8609519004821777
                ],
                [
                    0.9432072639465332,
                    0.2188071757555008,
                    0.24996711313724518,
                    1.0076496601104736
                ],
                [
                    0.0,
                    0.7524483799934387,
                    -0.6586511731147766,
                    -2.6551077365875244
                ],
                [
                    0.0,
                    0.0,
                    0.0,
                    1.0
                ]
            ]
        },
        {
            "file_path": "/data/shapenet_blender/all_50_random/02958343/cd2ac3225eb36c0e1a04a94f2d5fba0a/r_2",
            "rotation": 0.12566370614359174,
            "transform_matrix": [
                [
                    -0.3860763609409332,
                    -0.48190972208976746,
                    0.7865798473358154,
                    3.1708052158355713
                ],
                [
                    0.9224667549133301,
                    -0.20169177651405334,
                    0.3292042016983032,
                    1.3270647525787354
                ],
                [
                    0.0,
                    0.8526918888092041,
                    0.5224140286445618,
                    2.1059186458587646
                ],
                [
                    0.0,
                    0.0,
                    0.0,
                    1.0
                ]
            ]
        },
        {
            "file_path": "/data/shapenet_blender/all_50_random/02958343/cd2ac3225eb36c0e1a04a94f2d5fba0a/r_3",
            "rotation": 0.12566370614359174,
            "transform_matrix": [
                [
                    -0.3463902771472931,
                    0.15622223913669586,
                    0.9249910116195679,
                    3.728757858276367
                ],
                [
                    0.9380905032157898,
                    0.05768512561917305,
                    0.34155330061912537,
                    1.376845359802246
                ],
                [
                    0.0,
                    0.9860360026359558,
                    -0.16653215885162354,
                    -0.6713125705718994
                ],
                [
                    0.0,
                    0.0,
                    0.0,
                    1.0
                ]
            ]
        },
        {
            "file_path": "/data/shapenet_blender/all_50_random/02958343/cd2ac3225eb36c0e1a04a94f2d5fba0a/r_4",
            "rotation": 0.12566370614359174,
            "transform_matrix": [
                [
                    -0.6830875873565674,
                    -0.7272778749465942,
                    -0.06676970422267914,
                    -0.2691572606563568
                ],
                [
                    -0.7303364872932434,
                    0.6802268624305725,
                    0.06245005875825882,
                    0.25174421072006226
                ],
                [
                    0.0,
                    0.09142362326383591,
                    -0.9958122372627258,
                    -4.014246940612793
                ],
                [
                    0.0,
                    0.0,
                    0.0,
                    1.0
                ]
            ]
        },
        {
            "file_path": "/data/shapenet_blender/all_50_random/02958343/cd2ac3225eb36c0e1a04a94f2d5fba0a/r_5",
            "rotation": 0.12566370614359174,
            "transform_matrix": [
                [
                    -0.4762841761112213,
                    0.5169950723648071,
                    0.7112449407577515,
                    2.8671202659606934
                ],
                [
                    0.8792914748191833,
                    0.28003978729248047,
                    0.3852587342262268,
                    1.5530277490615845
                ],
                [
                    -1.4901161193847656e-08,
                    0.8088842630386353,
                    -0.5879678130149841,
                    -2.3701744079589844
                ],
                [
                    0.0,
                    0.0,
                    0.0,
                    1.0
                ]
            ]
        },
        {
            "file_path": "/data/shapenet_blender/all_50_random/02958343/cd2ac3225eb36c0e1a04a94f2d5fba0a/r_6",
            "rotation": 0.12566370614359174,
            "transform_matrix": [
                [
                    -0.7436383366584778,
                    0.5629644989967346,
                    -0.3606562912464142,
                    -1.4538520574569702
                ],
                [
                    -0.6685821413993835,
                    -0.626163899898529,
                    0.4011441767215729,
                    1.6170638799667358
                ],
                [
                    -1.4901161193847656e-08,
                    0.5394344925880432,
                    0.8420275449752808,
                    3.3943216800689697
                ],
                [
                    0.0,
                    0.0,
                    0.0,
                    1.0
                ]
            ]
        },
        {
            "file_path": "/data/shapenet_blender/all_50_random/02958343/cd2ac3225eb36c0e1a04a94f2d5fba0a/r_7",
            "rotation": 0.12566370614359174,
            "transform_matrix": [
                [
                    0.6827526688575745,
                    0.06643275171518326,
                    0.7276230454444885,
                    2.93314266204834
                ],
                [
                    0.730649471282959,
                    -0.0620778352022171,
                    -0.6799246072769165,
                    -2.7408640384674072
                ],
                [
                    0.0,
                    0.9958579540252686,
                    -0.09092285484075546,
                    -0.36652177572250366
                ],
                [
                    0.0,
                    0.0,
                    0.0,
                    1.0
                ]
            ]
        },
        {
            "file_path": "/data/shapenet_blender/all_50_random/02958343/cd2ac3225eb36c0e1a04a94f2d5fba0a/r_8",
            "rotation": 0.12566370614359174,
            "transform_matrix": [
                [
                    -0.26233094930648804,
                    -0.2937500476837158,
                    -0.9191808700561523,
                    -3.705336570739746
                ],
                [
                    -0.964978039264679,
                    0.07985645532608032,
                    0.24988090991973877,
                    1.007302165031433
                ],
                [
                    -7.450580596923828e-09,
                    0.9525407552719116,
                    -0.3044111132621765,
                    -1.2271203994750977
                ],
                [
                    0.0,
                    0.0,
                    0.0,
                    1.0
                ]
            ]
        },
        {
            "file_path": "/data/shapenet_blender/all_50_random/02958343/cd2ac3225eb36c0e1a04a94f2d5fba0a/r_9",
            "rotation": 0.12566370614359174,
            "transform_matrix": [
                [
                    -0.9897783994674683,
                    0.08233160525560379,
                    0.116448774933815,
                    0.46942001581192017
                ],
                [
                    0.1426142007112503,
                    0.5714020133018494,
                    0.8081837296485901,
                    3.2578928470611572
                ],
                [
                    0.0,
                    0.8165299892425537,
                    -0.5773029923439026,
                    -2.3271827697753906
                ],
                [
                    0.0,
                    0.0,
                    0.0,
                    1.0
                ]
            ]
        },
        {
            "file_path": "/data/shapenet_blender/all_50_random/02958343/cd2ac3225eb36c0e1a04a94f2d5fba0a/r_10",
            "rotation": 0.12566370614359174,
            "transform_matrix": [
                [
                    0.08143210411071777,
                    0.009878436103463173,
                    0.9966299533843994,
                    4.017543792724609
                ],
                [
                    0.9966789484024048,
                    -0.0008071023039519787,
                    -0.08142810314893723,
                    -0.32824718952178955
                ],
                [
                    0.0,
                    0.9999508261680603,
                    -0.009911354631185532,
                    -0.03995394706726074
                ],
                [
                    0.0,
                    0.0,
                    0.0,
                    1.0
                ]
            ]
        },
        {
            "file_path": "/data/shapenet_blender/all_50_random/02958343/cd2ac3225eb36c0e1a04a94f2d5fba0a/r_11",
            "rotation": 0.12566370614359174,
            "transform_matrix": [
                [
                    0.3923754394054413,
                    0.012807310558855534,
                    -0.9197160005569458,
                    -3.707493782043457
                ],
                [
                    -0.919805109500885,
                    0.005463411565870047,
                    -0.3923374116420746,
                    -1.5815626382827759
                ],
                [
                    0.0,
                    0.99990314245224,
                    0.01392393745481968,
                    0.05612918734550476
                ],
                [
                    0.0,
                    0.0,
                    0.0,
                    1.0
                ]
            ]
        },
        {
            "file_path": "/data/shapenet_blender/all_50_random/02958343/cd2ac3225eb36c0e1a04a94f2d5fba0a/r_12",
            "rotation": 0.12566370614359174,
            "transform_matrix": [
                [
                    0.3802366256713867,
                    0.3827090263366699,
                    -0.8419939875602722,
                    -3.39418625831604
                ],
                [
                    -0.9248892068862915,
                    0.1573377400636673,
                    -0.3461570739746094,
                    -1.3954037427902222
                ],
                [
                    -1.4901159417490817e-08,
                    0.9103727340698242,
                    0.4137890636920929,
                    1.668036937713623
                ],
                [
                    0.0,
                    0.0,
                    0.0,
                    1.0
                ]
            ]
        },
        {
            "file_path": "/data/shapenet_blender/all_50_random/02958343/cd2ac3225eb36c0e1a04a94f2d5fba0a/r_13",
            "rotation": 0.12566370614359174,
            "transform_matrix": [
                [
                    0.06478568911552429,
                    -0.03256365284323692,
                    0.9973676800727844,
                    4.020517826080322
                ],
                [
                    0.9978992938995361,
                    0.0021140999160706997,
                    -0.06475117802619934,
                    -0.26102036237716675
                ],
                [
                    -2.3283067140944524e-10,
                    0.9994674324989319,
                    0.03263220191001892,
                    0.13154461979866028
                ],
                [
                    0.0,
                    0.0,
                    0.0,
                    1.0
                ]
            ]
        },
        {
            "file_path": "/data/shapenet_blender/all_50_random/02958343/cd2ac3225eb36c0e1a04a94f2d5fba0a/r_14",
            "rotation": 0.12566370614359174,
            "transform_matrix": [
                [
                    -0.9751381874084473,
                    -0.1940399408340454,
                    -0.10702424496412277,
                    -0.4314285218715668
                ],
                [
                    -0.2215980589389801,
                    0.8538691997528076,
                    0.47095826268196106,
                    1.8984935283660889
                ],
                [
                    -7.450581485102248e-09,
                    0.48296570777893066,
                    -0.8756392598152161,
                    -3.5298147201538086
                ],
                [
                    0.0,
                    0.0,
                    0.0,
                    1.0
                ]
            ]
        },
        {
            "file_path": "/data/shapenet_blender/all_50_random/02958343/cd2ac3225eb36c0e1a04a94f2d5fba0a/r_15",
            "rotation": 0.12566370614359174,
            "transform_matrix": [
                [
                    -0.8558415174484253,
                    0.27536723017692566,
                    -0.4378448724746704,
                    -1.7650091648101807
                ],
                [
                    -0.5172380805015564,
                    -0.4556329548358917,
                    0.7244745492935181,
                    2.920450210571289
                ],
                [
                    0.0,
                    0.8465054035186768,
                    0.5323800444602966,
                    2.146092653274536
                ],
                [
                    0.0,
                    0.0,
                    0.0,
                    1.0
                ]
            ]
        },
        {
            "file_path": "/data/shapenet_blender/all_50_random/02958343/cd2ac3225eb36c0e1a04a94f2d5fba0a/r_16",
            "rotation": 0.12566370614359174,
            "transform_matrix": [
                [
                    -0.8342360258102417,
                    -0.48428094387054443,
                    -0.26367077231407166,
                    -1.0628910064697266
                ],
                [
                    -0.551407516002655,
                    0.7326787710189819,
                    0.39891305565834045,
                    1.6080701351165771
                ],
                [
                    0.0,
                    0.47817763686180115,
                    -0.878262996673584,
                    -3.540391683578491
                ],
                [
                    0.0,
                    0.0,
                    0.0,
                    1.0
                ]
            ]
        },
        {
            "file_path": "/data/shapenet_blender/all_50_random/02958343/cd2ac3225eb36c0e1a04a94f2d5fba0a/r_17",
            "rotation": 0.12566370614359174,
            "transform_matrix": [
                [
                    -0.9887575507164001,
                    -0.08105319738388062,
                    0.12565362453460693,
                    0.506525993347168
                ],
                [
                    0.149527445435524,
                    -0.5359682440757751,
                    0.8308907747268677,
                    3.349428176879883
                ],
                [
                    0.0,
                    0.8403382897377014,
                    0.5420622229576111,
                    2.1851229667663574
                ],
                [
                    0.0,
                    0.0,
                    0.0,
                    1.0
                ]
            ]
        },
        {
            "file_path": "/data/shapenet_blender/all_50_random/02958343/cd2ac3225eb36c0e1a04a94f2d5fba0a/r_18",
            "rotation": 0.12566370614359174,
            "transform_matrix": [
                [
                    0.10737992823123932,
                    0.02220090478658676,
                    0.9939701557159424,
                    4.006822109222412
                ],
                [
                    0.9942180514335632,
                    -0.0023977956734597683,
                    -0.10735315829515457,
                    -0.4327544569969177
                ],
                [
                    2.3283061589829401e-10,
                    0.9997506737709045,
                    -0.022330014035105705,
                    -0.09001517295837402
                ],
                [
                    0.0,
                    0.0,
                    0.0,
                    1.0
                ]
            ]
        },
        {
            "file_path": "/data/shapenet_blender/all_50_random/02958343/cd2ac3225eb36c0e1a04a94f2d5fba0a/r_19",
            "rotation": 0.12566370614359174,
            "transform_matrix": [
                [
                    0.5546518564224243,
                    -0.12969501316547394,
                    0.8219127058982849,
                    3.3132362365722656
                ],
                [
                    0.8320826292037964,
                    0.08645244687795639,
                    -0.5478727221488953,
                    -2.2085459232330322
                ],
                [
                    0.0,
                    0.987777829170227,
                    0.15586796402931213,
                    0.6283239126205444
                ],
                [
                    0.0,
                    0.0,
                    0.0,
                    1.0
                ]
            ]
        },
        {
            "file_path": "/data/shapenet_blender/all_50_random/02958343/cd2ac3225eb36c0e1a04a94f2d5fba0a/r_20",
            "rotation": 0.12566370614359174,
            "transform_matrix": [
                [
                    -0.060841962695121765,
                    0.48808151483535767,
                    0.8706748485565186,
                    3.5098025798797607
                ],
                [
                    0.9981474280357361,
                    0.029750952497124672,
                    0.05307188257575035,
                    0.2139396071434021
                ],
                [
                    0.0,
                    0.872290849685669,
                    -0.48898741602897644,
                    -1.9711713790893555
                ],
                [
                    0.0,
                    0.0,
                    0.0,
                    1.0
                ]
            ]
        },
        {
            "file_path": "/data/shapenet_blender/all_50_random/02958343/cd2ac3225eb36c0e1a04a94f2d5fba0a/r_21",
            "rotation": 0.12566370614359174,
            "transform_matrix": [
                [
                    -0.28531843423843384,
                    0.9139660596847534,
                    -0.2885470390319824,
                    -1.163170337677002
                ],
                [
                    -0.9584328532218933,
                    -0.2720809876918793,
                    0.08589833974838257,
                    0.3462672829627991
                ],
                [
                    7.450581485102248e-09,
                    0.30106133222579956,
                    0.9536047577857971,
                    3.8441038131713867
                ],
                [
                    0.0,
                    0.0,
                    0.0,
                    1.0
                ]
            ]
        },
        {
            "file_path": "/data/shapenet_blender/all_50_random/02958343/cd2ac3225eb36c0e1a04a94f2d5fba0a/r_22",
            "rotation": 0.12566370614359174,
            "transform_matrix": [
                [
                    -0.9948523044586182,
                    0.06263035535812378,
                    -0.07966366410255432,
                    -0.3211345076560974
                ],
                [
                    -0.10133538395166397,
                    -0.6148686408996582,
                    0.7820918560028076,
                    3.1527130603790283
                ],
                [
                    3.725290298461914e-09,
                    0.786138653755188,
                    0.6180501580238342,
                    2.4914398193359375
                ],
                [
                    0.0,
                    0.0,
                    0.0,
                    1.0
                ]
            ]
        },
        {
            "file_path": "/data/shapenet_blender/all_50_random/02958343/cd2ac3225eb36c0e1a04a94f2d5fba0a/r_23",
            "rotation": 0.12566370614359174,
            "transform_matrix": [
                [
                    0.61421138048172,
                    0.28659147024154663,
                    -0.7352616190910339,
                    -2.9639344215393066
                ],
                [
                    -0.7891415357589722,
                    0.22306232154369354,
                    -0.5722751617431641,
                    -2.306915044784546
                ],
                [
                    -1.4901161193847656e-08,
                    0.9317233562469482,
                    0.3631686568260193,
                    1.463979721069336
                ],
                [
                    0.0,
                    0.0,
                    0.0,
                    1.0
                ]
            ]
        },
        {
            "file_path": "/data/shapenet_blender/all_50_random/02958343/cd2ac3225eb36c0e1a04a94f2d5fba0a/r_24",
            "rotation": 0.12566370614359174,
            "transform_matrix": [
                [
                    -0.899042010307312,
                    -0.04743625223636627,
                    0.43528518080711365,
                    1.7546906471252441
                ],
                [
                    0.4378622770309448,
                    -0.09739862382411957,
                    0.8937506079673767,
                    3.6028239727020264
                ],
                [
                    -3.725290076417309e-09,
                    0.994114339351654,
                    0.10833601653575897,
                    0.4367164373397827
                ],
                [
                    0.0,
                    0.0,
                    0.0,
                    1.0
                ]
            ]
        },
        {
            "file_path": "/data/shapenet_blender/all_50_random/02958343/cd2ac3225eb36c0e1a04a94f2d5fba0a/r_25",
            "rotation": 0.12566370614359174,
            "transform_matrix": [
                [
                    -0.05183888599276543,
                    0.24801453948020935,
                    0.9673683643341064,
                    3.8995866775512695
                ],
                [
                    0.9986554980278015,
                    0.01287410594522953,
                    0.05021481215953827,
                    0.2024223804473877
                ],
                [
                    0.0,
                    0.9686707258224487,
                    -0.2483484447002411,
                    -1.001124620437622
                ],
                [
                    0.0,
                    0.0,
                    0.0,
                    1.0
                ]
            ]
        },
        {
            "file_path": "/data/shapenet_blender/all_50_random/02958343/cd2ac3225eb36c0e1a04a94f2d5fba0a/r_26",
            "rotation": 0.12566370614359174,
            "transform_matrix": [
                [
                    -0.4144117534160614,
                    -0.2789154350757599,
                    0.8662961721420288,
                    3.4921514987945557
                ],
                [
                    0.9100894331932068,
                    -0.12700492143630981,
                    0.39447036385536194,
                    1.590160846710205
                ],
                [
                    7.450580152834618e-09,
                    0.951880156993866,
                    0.3064703345298767,
                    1.2354214191436768
                ],
                [
                    0.0,
                    0.0,
                    0.0,
                    1.0
                ]
            ]
        },
        {
            "file_path": "/data/shapenet_blender/all_50_random/02958343/cd2ac3225eb36c0e1a04a94f2d5fba0a/r_27",
            "rotation": 0.12566370614359174,
            "transform_matrix": [
                [
                    -0.6211476922035217,
                    -0.26106348633766174,
                    -0.7389325499534607,
                    -2.9787325859069824
                ],
                [
                    -0.7836936712265015,
                    0.20691631734371185,
                    0.585670530796051,
                    2.3609137535095215
                ],
                [
                    0.0,
                    0.942884624004364,
                    -0.33311933279037476,
                    -1.3428471088409424
                ],
                [
                    0.0,
                    0.0,
                    0.0,
                    1.0
                ]
            ]
        },
        {
            "file_path": "/data/shapenet_blender/all_50_random/02958343/cd2ac3225eb36c0e1a04a94f2d5fba0a/r_28",
            "rotation": 0.12566370614359174,
            "transform_matrix": [
                [
                    -0.43227481842041016,
                    0.6221445798873901,
                    0.6527438759803772,
                    2.6312947273254395
                ],
                [
                    0.9017419219017029,
                    0.29824212193489075,
                    0.3129107356071472,
                    1.2613835334777832
                ],
                [
                    0.0,
                    0.7238698601722717,
                    -0.6899364590644836,
                    -2.7812228202819824
                ],
                [
                    0.0,
                    0.0,
                    0.0,
                    1.0
                ]
            ]
        },
        {
            "file_path": "/data/shapenet_blender/all_50_random/02958343/cd2ac3225eb36c0e1a04a94f2d5fba0a/r_29",
            "rotation": 0.12566370614359174,
            "transform_matrix": [
                [
                    0.8573902249336243,
                    0.36412882804870605,
                    0.36371996998786926,
                    1.4662021398544312
                ],
                [
                    0.5146669149398804,
                    -0.6066068410873413,
                    -0.6059257388114929,
                    -2.4425647258758545
                ],
                [
                    0.0,
                    0.7067093849182129,
                    -0.7075039148330688,
                    -2.8520395755767822
                ],
                [
                    0.0,
                    0.0,
                    0.0,
                    1.0
                ]
            ]
        },
        {
            "file_path": "/data/shapenet_blender/all_50_random/02958343/cd2ac3225eb36c0e1a04a94f2d5fba0a/r_30",
            "rotation": 0.12566370614359174,
            "transform_matrix": [
                [
                    -0.3464645743370056,
                    0.28812921047210693,
                    0.8927171230316162,
                    3.5986578464508057
                ],
                [
                    0.9380630254745483,
                    0.10641776025295258,
                    0.3297165036201477,
                    1.329129695892334
                ],
                [
                    -7.450580596923828e-09,
                    0.9516600370407104,
                    -0.3071533441543579,
                    -1.2381746768951416
                ],
                [
                    0.0,
                    0.0,
                    0.0,
                    1.0
                ]
            ]
        },
        {
            "file_path": "/data/shapenet_blender/all_50_random/02958343/cd2ac3225eb36c0e1a04a94f2d5fba0a/r_31",
            "rotation": 0.12566370614359174,
            "transform_matrix": [
                [
                    0.7091847658157349,
                    -0.052978821098804474,
                    -0.7030292749404907,
                    -2.8340015411376953
                ],
                [
                    -0.7050225734710693,
                    -0.05329159274697304,
                    -0.7071797251701355,
                    -2.8507325649261475
                ],
                [
                    0.0,
                    0.9971725940704346,
                    -0.07514484971761703,
                    -0.30291858315467834
                ],
                [
                    0.0,
                    0.0,
                    0.0,
                    1.0
                ]
            ]
        },
        {
            "file_path": "/data/shapenet_blender/all_50_random/02958343/cd2ac3225eb36c0e1a04a94f2d5fba0a/r_32",
            "rotation": 0.12566370614359174,
            "transform_matrix": [
                [
                    -0.8850672841072083,
                    0.4440658688545227,
                    -0.13950367271900177,
                    -0.5623573660850525
                ],
                [
                    -0.46546298265457153,
                    -0.8443812131881714,
                    0.26526308059692383,
                    1.0693098306655884
                ],
                [
                    0.0,
                    0.29970934987068176,
                    0.954030454158783,
                    3.8458199501037598
                ],
                [
                    0.0,
                    0.0,
                    0.0,
                    1.0
                ]
            ]
        },
        {
            "file_path": "/data/shapenet_blender/all_50_random/02958343/cd2ac3225eb36c0e1a04a94f2d5fba0a/r_33",
            "rotation": 0.12566370614359174,
            "transform_matrix": [
                [
                    0.7714704275131226,
                    0.15519464015960693,
                    -0.6170477867126465,
                    -2.487399101257324
                ],
                [
                    -0.6362650990486145,
                    0.18817324936389923,
                    -0.7481694221496582,
                    -3.01596736907959
                ],
                [
                    0.0,
                    0.9697965383529663,
                    0.24391506612300873,
                    0.9832530617713928
                ],
                [
                    0.0,
                    0.0,
                    0.0,
                    1.0
                ]
            ]
        },
        {
            "file_path": "/data/shapenet_blender/all_50_random/02958343/cd2ac3225eb36c0e1a04a94f2d5fba0a/r_34",
            "rotation": 0.12566370614359174,
            "transform_matrix": [
                [
                    0.622225284576416,
                    0.31345051527023315,
                    0.7173454165458679,
                    2.891711950302124
                ],
                [
                    0.7828382253646851,
                    -0.249140664935112,
                    -0.5701694488525391,
                    -2.298426628112793
                ],
                [
                    0.0,
                    0.9163392782211304,
                    -0.40040266513824463,
                    -1.6140748262405396
                ],
                [
                    0.0,
                    0.0,
                    0.0,
                    1.0
                ]
            ]
        },
        {
            "file_path": "/data/shapenet_blender/all_50_random/02958343/cd2ac3225eb36c0e1a04a94f2d5fba0a/r_35",
            "rotation": 0.12566370614359174,
            "transform_matrix": [
                [
                    -0.2959766983985901,
                    -0.31151026487350464,
                    0.9029722809791565,
                    3.639997959136963
                ],
                [
                    0.9551951885223389,
                    -0.09652454406023026,
                    0.2797949016094208,
                    1.1278893947601318
                ],
                [
                    0.0,
                    0.9453275799751282,
                    0.32612207531929016,
                    1.3146402835845947
                ],
                [
                    0.0,
                    0.0,
                    0.0,
                    1.0
                ]
            ]
        },
        {
            "file_path": "/data/shapenet_blender/all_50_random/02958343/cd2ac3225eb36c0e1a04a94f2d5fba0a/r_36",
            "rotation": 0.12566370614359174,
            "transform_matrix": [
                [
                    0.8426518440246582,
                    -0.4761449992656708,
                    -0.25144341588020325,
                    -1.0136008262634277
                ],
                [
                    -0.5384588241577148,
                    -0.7451348900794983,
                    -0.3934920132160187,
                    -1.5862170457839966
                ],
                [
                    0.0,
                    0.46696868538856506,
                    -0.8842738270759583,
                    -3.564621925354004
                ],
                [
                    0.0,
                    0.0,
                    0.0,
                    1.0
                ]
            ]
        },
        {
            "file_path": "/data/shapenet_blender/all_50_random/02958343/cd2ac3225eb36c0e1a04a94f2d5fba0a/r_37",
            "rotation": 0.12566370614359174,
            "transform_matrix": [
                [
                    -0.7700256109237671,
                    0.2853012681007385,
                    -0.5706696510314941,
                    -2.300442934036255
                ],
                [
                    -0.6380131244659424,
                    -0.3443334698677063,
                    0.6887479424476624,
                    2.7764317989349365
                ],
                [
                    0.0,
                    0.8944481611251831,
                    0.44717153906822205,
                    1.8026061058044434
                ],
                [
                    0.0,
                    0.0,
                    0.0,
                    1.0
                ]
            ]
        },
        {
            "file_path": "/data/shapenet_blender/all_50_random/02958343/cd2ac3225eb36c0e1a04a94f2d5fba0a/r_38",
            "rotation": 0.12566370614359174,
            "transform_matrix": [
                [
                    -0.6076705455780029,
                    -0.694191575050354,
                    0.38579079508781433,
                    1.5551725625991821
                ],
                [
                    0.7941893339157104,
                    -0.5311576724052429,
                    0.2951861321926117,
                    1.1899335384368896
                ],
                [
                    1.4901162970204496e-08,
                    0.4857669174671173,
                    0.8740882873535156,
                    3.5235629081726074
                ],
                [
                    0.0,
                    0.0,
                    0.0,
                    1.0
                ]
            ]
        },
        {
            "file_path": "/data/shapenet_blender/all_50_random/02958343/cd2ac3225eb36c0e1a04a94f2d5fba0a/r_39",
            "rotation": 0.12566370614359174,
            "transform_matrix": [
                [
                    -0.329063355922699,
                    0.8482522368431091,
                    -0.41495218873023987,
                    -1.672725796699524
                ],
                [
                    -0.944307804107666,
                    -0.2955908477306366,
                    0.144598588347435,
                    0.5828955769538879
                ],
                [
                    0.0,
                    0.43942469358444214,
                    0.8982794284820557,
                    3.621080160140991
                ],
                [
                    0.0,
                    0.0,
                    0.0,
                    1.0
                ]
            ]
        },
        {
            "file_path": "/data/shapenet_blender/all_50_random/02958343/cd2ac3225eb36c0e1a04a94f2d5fba0a/r_40",
            "rotation": 0.12566370614359174,
            "transform_matrix": [
                [
                    -0.6334716081619263,
                    -0.36281341314315796,
                    -0.6834325790405273,
                    -2.755005121231079
                ],
                [
                    -0.7737658619880676,
                    0.29703041911125183,
                    0.559516966342926,
                    2.2554852962493896
                ],
                [
                    0.0,
                    0.8832550048828125,
                    -0.4688929319381714,
                    -1.8901679515838623
                ],
                [
                    0.0,
                    0.0,
                    0.0,
                    1.0
                ]
            ]
        },
        {
            "file_path": "/data/shapenet_blender/all_50_random/02958343/cd2ac3225eb36c0e1a04a94f2d5fba0a/r_41",
            "rotation": 0.12566370614359174,
            "transform_matrix": [
                [
                    -0.621507465839386,
                    -0.3281319737434387,
                    0.7113774418830872,
                    2.8676540851593018
                ],
                [
                    0.7834082841873169,
                    -0.2603195309638977,
                    0.5643627047538757,
                    2.2750189304351807
                ],
                [
                    0.0,
                    0.9080545902252197,
                    0.4188518524169922,
