{
    "class": "02958343",
    "model": "b8f6994a33f4f1adbda733a39f84326d",
    "remove_doubles": true,
    "edge_split": true,
    "denoise": true,
    "camera_angle_x": 0.6911112070083618,
    "scale_factor": 2.1905133206093614,
    "hdri_file": "/data/IndoorHDRDataset2018/9C4A1355-b620eda505.exr",
    "center_offset": [
        0.0,
        0.0,
        3.725290298461914e-09
    ],
    "lights": [],
    "frames": [
        {
            "file_path": "/data/shapenet_blender/all_50_random/02958343/b8f6994a33f4f1adbda733a39f84326d/r_0",
            "rotation": 0.12566370614359174,
            "transform_matrix": [
                [
                    -0.20354712009429932,
                    -0.14215342700481415,
                    0.9686902761459351,
                    3.9049155712127686
                ],
                [
                    0.9790652394294739,
                    -0.029553618282079697,
                    0.20139016211032867,
                    0.8118297457695007
                ],
                [
                    0.0,
                    0.989403247833252,
                    0.14519302546977997,
                    0.585291862487793
                ],
                [
                    0.0,
                    0.0,
                    0.0,
                    1.0
                ]
            ]
        },
        {
            "file_path": "/data/shapenet_blender/all_50_random/02958343/b8f6994a33f4f1adbda733a39f84326d/r_1",
            "rotation": 0.12566370614359174,
            "transform_matrix": [
                [
                    0.2085321694612503,
                    -0.22792541980743408,
                    -0.9510858654975891,
                    -3.8339498043060303
                ],
                [
                    -0.9780156016349792,
                    -0.04859818518161774,
                    -0.20279021561145782,
                    -0.8174735307693481
                ],
                [
                    -3.725290742551124e-09,
                    0.9724650382995605,
                    -0.23304888606071472,
                    -0.9394500851631165
                ],
                [
                    0.0,
                    0.0,
                    0.0,
                    1.0
                ]
            ]
        },
        {
            "file_path": "/data/shapenet_blender/all_50_random/02958343/b8f6994a33f4f1adbda733a39f84326d/r_2",
            "rotation": 0.12566370614359174,
            "transform_matrix": [
                [
                    -0.87526535987854,
                    0.08310804516077042,
                    0.4764488935470581,
                    1.9206268787384033
                ],
                [
                    0.48364293575286865,
                    0.15040351450443268,
                    0.8622460961341858,
                    3.475825071334839
                ],
                [
                    0.0,
                    0.9851253032684326,
                    -0.17183761298656464,
                    -0.6926995515823364
                ],
                [
                    0.0,
                    0.0,
                    0.0,
                    1.0
                ]
            ]
        },
        {
            "file_path": "/data/shapenet_blender/all_50_random/02958343/b8f6994a33f4f1adbda733a39f84326d/r_3",
            "rotation": 0.12566370614359174,
            "transform_matrix": [
                [
                    0.8239403367042542,
                    0.04887990280985832,
                    0.5645645260810852,
                    2.275832414627075
                ],
                [
                    0.5666766166687012,
                    -0.07107073813676834,
                    -0.8208694458007812,
                    -3.309030532836914
                ],
                [
                    0.0,
                    0.99627286195755,
                    -0.08625715225934982,
                    -0.3477137088775635
                ],
                [
                    0.0,
                    0.0,
                    0.0,
                    1.0
                ]
            ]
        },
        {
            "file_path": "/data/shapenet_blender/all_50_random/02958343/b8f6994a33f4f1adbda733a39f84326d/r_4",
            "rotation": 0.12566370614359174,
            "transform_matrix": [
                [
                    -0.8063657283782959,
                    -0.3161338269710541,
                    -0.4998335838317871,
                    -2.0148937702178955
                ],
                [
                    -0.591417133808136,
                    0.43103161454200745,
                    0.6814964413642883,
                    2.7472002506256104
                ],
                [
                    -1.4901159417490817e-08,
                    0.8451456427574158,
                    -0.5345360636711121,
                    -2.1547839641571045
                ],
                [
                    0.0,
                    0.0,
                    0.0,
                    1.0
                ]
            ]
        },
        {
            "file_path": "/data/shapenet_blender/all_50_random/02958343/b8f6994a33f4f1adbda733a39f84326d/r_5",
            "rotation": 0.12566370614359174,
            "transform_matrix": [
                [
                    -0.5886613726615906,
                    -0.3291660249233246,
                    0.7383275032043457,
                    2.9762933254241943
                ],
                [
                    0.8083797693252563,
                    -0.2396984100341797,
                    0.537649393081665,
                    2.1673340797424316
                ],
                [
                    0.0,
                    0.9133423566818237,
                    0.4071923792362213,
                    1.6414450407028198
                ],
                [
                    0.0,
                    0.0,
                    0.0,
                    1.0
                ]
            ]
        },
        {
            "file_path": "/data/shapenet_blender/all_50_random/02958343/b8f6994a33f4f1adbda733a39f84326d/r_6",
            "rotation": 0.12566370614359174,
            "transform_matrix": [
                [
                    0.9677321314811707,
                    0.05722438544034958,
                    0.24539723992347717,
                    0.9892278909683228
                ],
                [
                    0.2519810199737549,
                    -0.21977002918720245,
                    -0.9424471855163574,
                    -3.799126148223877
                ],
                [
                    -3.7252898543727042e-09,
                    0.9738718271255493,
                    -0.22709804773330688,
                    -0.915461540222168
                ],
                [
                    0.0,
                    0.0,
                    0.0,
                    1.0
                ]
            ]
        },
        {
            "file_path": "/data/shapenet_blender/all_50_random/02958343/b8f6994a33f4f1adbda733a39f84326d/r_7",
            "rotation": 0.12566370614359174,
            "transform_matrix": [
                [
                    0.8440460562705994,
                    0.24986641108989716,
                    -0.47450292110443115,
                    -1.9127823114395142
                ],
                [
                    -0.5362706184387207,
                    0.39326924085617065,
                    -0.7468286752700806,
                    -3.0105626583099365
                ],
                [
                    0.0,
                    0.8848198056221008,
                    0.46593332290649414,
                    1.878237247467041
                ],
                [
                    0.0,
                    0.0,
                    0.0,
                    1.0
                ]
            ]
        },
        {
            "file_path": "/data/shapenet_blender/all_50_random/02958343/b8f6994a33f4f1adbda733a39f84326d/r_8",
            "rotation": 0.12566370614359174,
            "transform_matrix": [
                [
                    0.8893519639968872,
                    -0.2820190191268921,
                    0.3598867356777191,
                    1.4507498741149902
                ],
                [
                    0.45722338557243347,
                    0.5485593676567078,
                    -0.700020968914032,
                    -2.8218748569488525
                ],
                [
                    -1.4901161193847656e-08,
                    0.787113606929779,
                    0.6168080568313599,
                    2.4864327907562256
                ],
                [
                    0.0,
                    0.0,
                    0.0,
                    1.0
                ]
            ]
        },
        {
            "file_path": "/data/shapenet_blender/all_50_random/02958343/b8f6994a33f4f1adbda733a39f84326d/r_9",
            "rotation": 0.12566370614359174,
            "transform_matrix": [
                [
                    0.6228987574577332,
                    -0.18513722717761993,
                    -0.7600798010826111,
                    -3.0639796257019043
                ],
                [
                    -0.7823024392127991,
                    -0.1474132388830185,
                    -0.6052042245864868,
                    -2.4396562576293945
                ],
                [
                    7.4505797087454084e-09,
                    0.9715933799743652,
                    -0.23665682971477509,
                    -0.9539941549301147
                ],
                [
                    0.0,
                    0.0,
                    0.0,
                    1.0
                ]
            ]
        },
        {
            "file_path": "/data/shapenet_blender/all_50_random/02958343/b8f6994a33f4f1adbda733a39f84326d/r_10",
            "rotation": 0.12566370614359174,
            "transform_matrix": [
                [
                    0.938033401966095,
                    -0.12111035734415054,
                    0.32469338178634644,
                    1.3088810443878174
                ],
                [
                    0.34654515981674194,
                    0.3278232216835022,
                    -0.8788846731185913,
                    -3.5428977012634277
                ],
                [
                    0.0,
                    0.9369440078735352,
                    0.3494792878627777,
                    1.4087961912155151
                ],
                [
                    0.0,
                    0.0,
                    0.0,
                    1.0
                ]
            ]
        },
        {
            "file_path": "/data/shapenet_blender/all_50_random/02958343/b8f6994a33f4f1adbda733a39f84326d/r_11",
            "rotation": 0.12566370614359174,
            "transform_matrix": [
                [
                    0.9208078980445862,
                    0.17630380392074585,
                    0.3478931784629822,
                    1.4024022817611694
                ],
                [
                    0.39001625776290894,
                    -0.4162440001964569,
                    -0.8213574886322021,
                    -3.31099796295166
                ],
                [
                    1.4901160305669237e-08,
                    0.891996443271637,
                    -0.45204219222068787,
                    -1.8222403526306152
                ],
                [
                    0.0,
                    0.0,
                    0.0,
                    1.0
                ]
            ]
        },
        {
            "file_path": "/data/shapenet_blender/all_50_random/02958343/b8f6994a33f4f1adbda733a39f84326d/r_12",
            "rotation": 0.12566370614359174,
            "transform_matrix": [
                [
                    -0.9393013119697571,
                    0.101711705327034,
                    -0.32767045497894287,
                    -1.3208818435668945
                ],
                [
                    -0.3430935740470886,
                    -0.2784602642059326,
                    0.8970767259597778,
                    3.616231918334961
                ],
                [
                    -7.450581485102248e-09,
                    0.9550467729568481,
                    0.2964547574520111,
                    1.195047378540039
                ],
                [
                    0.0,
                    0.0,
                    0.0,
                    1.0
                ]
            ]
        },
        {
            "file_path": "/data/shapenet_blender/all_50_random/02958343/b8f6994a33f4f1adbda733a39f84326d/r_13",
            "rotation": 0.12566370614359174,
            "transform_matrix": [
                [
                    0.4916335344314575,
                    -0.525271475315094,
                    -0.6945403814315796,
                    -2.7997817993164062
                ],
                [
                    -0.8708022832870483,
                    -0.29655537009239197,
                    -0.3921204209327698,
                    -1.5806879997253418
                ],
                [
                    0.0,
                    0.7975867986679077,
                    -0.6032041311264038,
                    -2.431593656539917
                ],
                [
                    0.0,
                    0.0,
                    0.0,
                    1.0
                ]
            ]
        },
        {
            "file_path": "/data/shapenet_blender/all_50_random/02958343/b8f6994a33f4f1adbda733a39f84326d/r_14",
            "rotation": 0.12566370614359174,
            "transform_matrix": [
                [
                    0.06033017113804817,
                    -0.48260799050331116,
                    0.8737561106681824,
                    3.522223472595215
                ],
                [
                    0.9981784820556641,
                    0.029168952256441116,
                    -0.052810050547122955,
                    -0.2128841131925583
                ],
                [
                    1.8626449271863521e-09,
                    0.8753505945205688,
                    0.48348867893218994,
                    1.949005126953125
                ],
                [
                    0.0,
                    0.0,
                    0.0,
                    1.0
                ]
            ]
        },
        {
            "file_path": "/data/shapenet_blender/all_50_random/02958343/b8f6994a33f4f1adbda733a39f84326d/r_15",
            "rotation": 0.12566370614359174,
            "transform_matrix": [
                [
                    -0.7900444269180298,
                    0.546634316444397,
                    -0.27752602100372314,
                    -1.1187431812286377
                ],
                [
                    -0.6130496263504028,
                    -0.704454243183136,
                    0.35765114426612854,
                    1.4417378902435303
                ],
                [
                    1.4901159417490817e-08,
                    0.45269760489463806,
                    0.8916642069816589,
                    3.5944132804870605
                ],
                [
                    0.0,
                    0.0,
                    0.0,
                    1.0
                ]
            ]
        },
        {
            "file_path": "/data/shapenet_blender/all_50_random/02958343/b8f6994a33f4f1adbda733a39f84326d/r_16",
            "rotation": 0.12566370614359174,
            "transform_matrix": [
                [
                    -0.8470818996429443,
                    0.18283016979694366,
                    -0.49902448058128357,
                    -2.011631965637207
                ],
                [
                    -0.5314624905586243,
                    -0.2914074659347534,
                    0.7953799962997437,
                    3.2062792778015137
                ],
                [
                    0.0,
                    0.9389647245407104,
                    0.3440133333206177,
                    1.3867621421813965
                ],
                [
                    0.0,
                    0.0,
                    0.0,
                    1.0
                ]
            ]
        },
        {
            "file_path": "/data/shapenet_blender/all_50_random/02958343/b8f6994a33f4f1adbda733a39f84326d/r_17",
            "rotation": 0.12566370614359174,
            "transform_matrix": [
                [
                    -0.9999507665634155,
                    0.007366090547293425,
                    -0.0066467104479670525,
                    -0.026793748140335083
                ],
                [
                    -0.009921595454216003,
                    -0.7423934936523438,
                    0.6698905229568481,
                    2.7004153728485107
                ],
                [
                    0.0,
                    0.6699234843254089,
                    0.7424299716949463,
                    2.992831230163574
                ],
                [
                    0.0,
                    0.0,
                    0.0,
                    1.0
                ]
            ]
        },
        {
            "file_path": "/data/shapenet_blender/all_50_random/02958343/b8f6994a33f4f1adbda733a39f84326d/r_18",
            "rotation": 0.12566370614359174,
            "transform_matrix": [
                [
                    -0.08644425868988037,
                    -0.10365069657564163,
                    -0.9908499717712402,
                    -3.994244337081909
                ],
                [
                    -0.9962567090988159,
                    0.008993673138320446,
                    0.08597512543201447,
                    0.34657683968544006
                ],
                [
                    -9.313225746154785e-10,
                    0.9945730566978455,
                    -0.10404013842344284,
                    -0.419399231672287
                ],
                [
                    0.0,
                    0.0,
                    0.0,
                    1.0
                ]
            ]
        },
        {
            "file_path": "/data/shapenet_blender/all_50_random/02958343/b8f6994a33f4f1adbda733a39f84326d/r_19",
            "rotation": 0.12566370614359174,
            "transform_matrix": [
                [
                    -0.25460001826286316,
                    0.41331014037132263,
                    0.8742731213569641,
                    3.5243077278137207
                ],
                [
                    0.9670464396476746,
                    0.10881460458040237,
                    0.23017506301403046,
                    0.9278653860092163
                ],
                [
                    0.0,
                    0.9040652513504028,
                    -0.4273943305015564,
                    -1.7228816747665405
                ],
                [
                    0.0,
                    0.0,
                    0.0,
                    1.0
                ]
            ]
        },
        {
            "file_path": "/data/shapenet_blender/all_50_random/02958343/b8f6994a33f4f1adbda733a39f84326d/r_20",
            "rotation": 0.12566370614359174,
            "transform_matrix": [
                [
                    -0.9953909516334534,
                    -0.07381681352853775,
                    -0.06122152507305145,
                    -0.24679186940193176
                ],
                [
                    -0.0959009975194931,
                    0.7661713361740112,
                    0.6354402899742126,
                    2.56154203414917
                ],
                [
                    -3.725290742551124e-09,
                    0.6383826732635498,
                    -0.7697190046310425,
                    -3.102836847305298
                ],
                [
                    0.0,
                    0.0,
                    0.0,
                    1.0
                ]
            ]
        },
        {
            "file_path": "/data/shapenet_blender/all_50_random/02958343/b8f6994a33f4f1adbda733a39f84326d/r_21",
            "rotation": 0.12566370614359174,
            "transform_matrix": [
                [
                    0.919814944267273,
                    -0.1044204980134964,
                    -0.3782021105289459,
                    -1.5245814323425293
                ],
                [
                    -0.39235255122184753,
                    -0.24479907751083374,
                    -0.8866413235664368,
                    -3.5741655826568604
                ],
                [
                    0.0,
                    0.9639344215393066,
                    -0.26613950729370117,
                    -1.0728427171707153
                ],
                [
                    0.0,
                    0.0,
                    0.0,
                    1.0
                ]
            ]
        },
        {
            "file_path": "/data/shapenet_blender/all_50_random/02958343/b8f6994a33f4f1adbda733a39f84326d/r_22",
            "rotation": 0.12566370614359174,
            "transform_matrix": [
                [
                    0.12055863440036774,
                    0.04600975662469864,
                    -0.9916393756866455,
                    -3.9974262714385986
                ],
                [
                    -0.992706298828125,
                    0.005587628111243248,
                    -0.12042906880378723,
                    -0.4854651093482971
                ],
                [
                    0.0,
                    0.9989252686500549,
                    0.046347811818122864,
                    0.18683400750160217
                ],
                [
                    0.0,
                    0.0,
                    0.0,
                    1.0
                ]
            ]
        },
        {
            "file_path": "/data/shapenet_blender/all_50_random/02958343/b8f6994a33f4f1adbda733a39f84326d/r_23",
            "rotation": 0.12566370614359174,
            "transform_matrix": [
                [
                    -0.32222357392311096,
                    -0.270343154668808,
                    0.90724116563797,
                    3.6572060585021973
                ],
                [
                    0.9466636776924133,
                    -0.09201889485120773,
                    0.30880501866340637,
                    1.2448328733444214
                ],
                [
                    7.450581485102248e-09,
                    0.9583563804626465,
                    0.28557470440864563,
                    1.1511884927749634
                ],
                [
                    0.0,
                    0.0,
                    0.0,
                    1.0
                ]
            ]
        },
        {
            "file_path": "/data/shapenet_blender/all_50_random/02958343/b8f6994a33f4f1adbda733a39f84326d/r_24",
            "rotation": 0.12566370614359174,
            "transform_matrix": [
                [
                    -0.3822287321090698,
                    0.7557276487350464,
                    -0.5317676663398743,
                    -2.1436243057250977
                ],
                [
                    -0.9240677356719971,
                    -0.31259700655937195,
                    0.2199588567018509,
                    0.8866825699806213
                ],
                [
                    0.0,
                    0.5754640102386475,
                    0.817827045917511,
                    3.296766519546509
                ],
                [
                    0.0,
                    0.0,
                    0.0,
                    1.0
                ]
            ]
        },
        {
            "file_path": "/data/shapenet_blender/all_50_random/02958343/b8f6994a33f4f1adbda733a39f84326d/r_25",
            "rotation": 0.12566370614359174,
            "transform_matrix": [
                [
                    0.5294464230537415,
                    0.20346815884113312,
                    -0.823581874370575,
                    -3.31996488571167
                ],
                [
                    -0.8483433723449707,
                    0.12698335945606232,
                    -0.5139929056167603,
                    -2.071971893310547
                ],
                [
                    7.450580596923828e-09,
                    0.9708119034767151,
                    0.2398417592048645,
                    0.9668331146240234
                ],
                [
                    0.0,
                    0.0,
                    0.0,
                    1.0
                ]
            ]
        },
        {
            "file_path": "/data/shapenet_blender/all_50_random/02958343/b8f6994a33f4f1adbda733a39f84326d/r_26",
            "rotation": 0.12566370614359174,
            "transform_matrix": [
                [
                    0.8831161856651306,
                    0.25964781641960144,
                    0.3907540440559387,
                    1.575179934501648
                ],
                [
                    0.4691541790962219,
                    -0.4887501299381256,
                    -0.7355390191078186,
                    -2.965052604675293
                ],
                [
                    -1.4901158529312397e-08,
                    0.8328903913497925,
                    -0.5534380674362183,
                    -2.230980157852173
                ],
                [
                    0.0,
                    0.0,
                    0.0,
                    1.0
                ]
            ]
        },
        {
            "file_path": "/data/shapenet_blender/all_50_random/02958343/b8f6994a33f4f1adbda733a39f84326d/r_27",
            "rotation": 0.12566370614359174,
            "transform_matrix": [
                [
                    -0.9916920065879822,
                    -0.009686429984867573,
                    -0.1282697319984436,
                    -0.5170718431472778
                ],
                [
                    -0.1286349594593048,
                    0.07467608898878098,
                    0.9888764023780823,
                    3.98628830909729
                ],
                [
                    -9.313225746154785e-10,
                    0.9971607327461243,
                    -0.07530169934034348,
                    -0.3035508692264557
                ],
                [
                    0.0,
                    0.0,
                    0.0,
                    1.0
                ]
            ]
        },
        {
            "file_path": "/data/shapenet_blender/all_50_random/02958343/b8f6994a33f4f1adbda733a39f84326d/r_28",
            "rotation": 0.12566370614359174,
            "transform_matrix": [
                [
                    -0.4857998192310333,
                    0.8537884950637817,
                    -0.18719960749149323,
                    -0.7546257376670837
                ],
                [
                    -0.8740701675415039,
                    -0.4745274484157562,
                    0.10404374450445175,
                    0.4194137454032898
                ],
                [
                    0.0,
                    0.21417009830474854,
                    0.9767963886260986,
                    3.9375922679901123
                ],
                [
                    0.0,
                    0.0,
                    0.0,
                    1.0
                ]
            ]
        },
        {
            "file_path": "/data/shapenet_blender/all_50_random/02958343/b8f6994a33f4f1adbda733a39f84326d/r_29",
            "rotation": 0.12566370614359174,
            "transform_matrix": [
                [
                    -0.49328675866127014,
                    0.45151716470718384,
                    -0.7435055375099182,
                    -2.997166395187378
                ],
                [
                    -0.8698667883872986,
                    -0.2560477554798126,
                    0.4216294288635254,
                    1.6996424198150635
                ],
                [
                    0.0,
                    0.8547348380088806,
                    0.5190647840499878,
                    2.092416763305664
                ],
                [
                    0.0,
                    0.0,
                    0.0,
                    1.0
                ]
            ]
        },
        {
            "file_path": "/data/shapenet_blender/all_50_random/02958343/b8f6994a33f4f1adbda733a39f84326d/r_30",
            "rotation": 0.12566370614359174,
            "transform_matrix": [
                [
                    0.7004926204681396,
                    0.4712105095386505,
                    -0.5359764695167542,
                    -2.160590171813965
                ],
                [
                    -0.7136597037315369,
                    0.4625166058540344,
                    -0.5260876417160034,
                    -2.120727062225342
                ],
                [
                    -1.4901162970204496e-08,
                    0.7510252594947815,
                    0.6602734923362732,
                    2.6616475582122803
                ],
                [
                    0.0,
                    0.0,
                    0.0,
                    1.0
                ]
            ]
        },
        {
            "file_path": "/data/shapenet_blender/all_50_random/02958343/b8f6994a33f4f1adbda733a39f84326d/r_31",
            "rotation": 0.12566370614359174,
            "transform_matrix": [
                [
                    -0.4406827986240387,
                    0.8086885809898376,
                    0.3896428048610687,
                    1.5707004070281982
                ],
                [
                    0.8976629376411438,
                    0.39700329303741455,
                    0.19128435850143433,
                    0.7710919380187988
                ],
                [
                    0.0,
                    0.43406349420547485,
                    -0.9008821845054626,
                    -3.6315722465515137
                ],
                [
                    0.0,
                    0.0,
                    0.0,
                    1.0
                ]
            ]
        },
        {
            "file_path": "/data/shapenet_blender/all_50_random/02958343/b8f6994a33f4f1adbda733a39f84326d/r_32",
            "rotation": 0.12566370614359174,
            "transform_matrix": [
                [
                    0.36503005027770996,
                    -0.6254410743713379,
                    -0.6896205544471741,
                    -2.779949426651001
                ],
                [
                    -0.930995762348175,
                    -0.24522648751735687,
                    -0.2703903317451477,
                    -1.0899783372879028
                ],
                [
                    -1.4901161193847656e-08,
                    0.7407343983650208,
                    -0.6717979311943054,
                    -2.708104133605957
                ],
                [
                    0.0,
                    0.0,
                    0.0,
                    1.0
                ]
            ]
        },
        {
            "file_path": "/data/shapenet_blender/all_50_random/02958343/b8f6994a33f4f1adbda733a39f84326d/r_33",
            "rotation": 0.12566370614359174,
            "transform_matrix": [
                [
                    0.7147801518440247,
                    0.051658350974321365,
                    -0.6974387168884277,
                    -2.8114655017852783
                ],
                [
                    -0.6993492841720581,
                    0.05279817432165146,
                    -0.7128274440765381,
                    -2.8734993934631348
                ],
                [
                    0.0,
                    0.9972680807113647,
                    0.07386631518602371,
                    0.2977646291255951
                ],
                [
                    0.0,
                    0.0,
                    0.0,
                    1.0
                ]
            ]
        },
        {
            "file_path": "/data/shapenet_blender/all_50_random/02958343/b8f6994a33f4f1adbda733a39f84326d/r_34",
            "rotation": 0.12566370614359174,
            "transform_matrix": [
                [
                    0.2946676015853882,
                    -0.24611228704452515,
                    -0.9233633279800415,
                    -3.722196578979492
                ],
                [
                    -0.9555997848510742,
                    -0.07589089125394821,
                    -0.28472721576690674,
                    -1.1477720737457275
                ],
                [
                    0.0,
                    0.9662656784057617,
                    -0.25754743814468384,
                    -1.038206934928894
                ],
                [
                    0.0,
                    0.0,
                    0.0,
                    1.0
                ]
            ]
        },
        {
            "file_path": "/data/shapenet_blender/all_50_random/02958343/b8f6994a33f4f1adbda733a39f84326d/r_35",
            "rotation": 0.12566370614359174,
            "transform_matrix": [
                [
                    0.9534114003181458,
                    -0.014389351941645145,
                    -0.30132976174354553,
                    -1.2146992683410645
                ],
                [
                    -0.30167317390441895,
                    -0.0454762764275074,
                    -0.9523261189460754,
                    -3.838949680328369
                ],
                [
                    -9.313225746154785e-10,
                    0.9988617300987244,
                    -0.047698479145765305,
                    -0.19227872788906097
                ],
                [
                    0.0,
                    0.0,
                    0.0,
                    1.0
                ]
            ]
        },
        {
            "file_path": "/data/shapenet_blender/all_50_random/02958343/b8f6994a33f4f1adbda733a39f84326d/r_36",
            "rotation": 0.12566370614359174,
            "transform_matrix": [
                [
                    0.7377187013626099,
                    0.07266631722450256,
                    -0.6711859703063965,
                    -2.705637216567993
                ],
                [
                    -0.6751080751419067,
                    0.07940550893545151,
                    -0.7334328293800354,
                    -2.9565622806549072
                ],
                [
                    0.0,
                    0.9941902160644531,
                    0.10763655602931976,
                    0.43389683961868286
                ],
                [
                    0.0,
                    0.0,
                    0.0,
                    1.0
                ]
            ]
        },
        {
            "file_path": "/data/shapenet_blender/all_50_random/02958343/b8f6994a33f4f1adbda733a39f84326d/r_37",
            "rotation": 0.12566370614359174,
            "transform_matrix": [
                [
                    0.01439377386122942,
                    -0.0028606767300516367,
                    -0.9998922944068909,
                    -4.030694484710693
                ],
                [
                    -0.9998964071273804,
                    -4.1180199332302436e-05,
                    -0.014393714256584644,
                    -0.058022916316986084
                ],
                [
                    0.0,
                    0.9999960064888,
                    -0.0028609728906303644,
                    -0.011532950215041637
                ],
                [
                    0.0,
                    0.0,
                    0.0,
                    1.0
                ]
            ]
        },
        {
            "file_path": "/data/shapenet_blender/all_50_random/02958343/b8f6994a33f4f1adbda733a39f84326d/r_38",
            "rotation": 0.12566370614359174,
            "transform_matrix": [
                [
                    0.9762381315231323,
                    -0.08866436034440994,
                    0.1977316290140152,
                    0.797081708908081
                ],
                [
                    0.21670064330101013,
                    0.3994336426258087,
                    -0.8907825946807861,
                    -3.5908594131469727
                ],
                [
                    7.450580596923828e-09,
                    0.9124644994735718,
                    0.4091559648513794,
                    1.6493604183197021
                ],
                [
                    0.0,
                    0.0,
                    0.0,
                    1.0
                ]
            ]
        },
        {
            "file_path": "/data/shapenet_blender/all_50_random/02958343/b8f6994a33f4f1adbda733a39f84326d/r_39",
            "rotation": 0.12566370614359174,
            "transform_matrix": [
                [
                    0.9541222453117371,
                    0.15592779219150543,
                    -0.25561192631721497,
                    -1.0304046869277954
                ],
                [
                    -0.2994177043437958,
                    0.49687838554382324,
                    -0.8145310878753662,
                    -3.283479928970337
                ],
                [
                    0.0,
                    0.8536969423294067,
                    0.5207701921463013,
                    2.0992918014526367
                ],
                [
                    0.0,
                    0.0,
                    0.0,
                    1.0
                ]
            ]
        },
        {
            "file_path": "/data/shapenet_blender/all_50_random/02958343/b8f6994a33f4f1adbda733a39f84326d/r_40",
            "rotation": 0.12566370614359174,
            "transform_matrix": [
                [
                    0.9976818561553955,
                    -0.05257692560553551,
                    -0.043203823268413544,
                    -0.1741601824760437
                ],
                [
                    -0.06805074214935303,
                    -0.7708224654197693,
                    -0.6334047913551331,
                    -2.5533363819122314
                ],
                [
                    0.0,
                    0.6348764896392822,
                    -0.7726135849952698,
                    -3.1145050525665283
                ],
                [
                    0.0,
                    0.0,
                    0.0,
                    1.0
                ]
            ]
        },
        {
            "file_path": "/data/shapenet_blender/all_50_random/02958343/b8f6994a33f4f1adbda733a39f84326d/r_41",
            "rotation": 0.12566370614359174,
            "transform_matrix": [
                [
                    -0.861842155456543,
                    0.4098052680492401,
                    0.2988106608390808,
                    1.2045443058013916
                ],
                [
                    0.5071766376495361,
                    0.696379542350769,
                    0.5077670812606812,
                    2.046874523162842
                ],
                [
