{
    "class": "02958343",
    "model": "d9cfad911b26b2ae5690f18c88ad5b9e",
    "remove_doubles": true,
    "edge_split": true,
    "denoise": true,
    "camera_angle_x": 0.6911112070083618,
    "scale_factor": 2.297838933384758,
    "hdri_file": "/data/IndoorHDRDataset2018/AG8A0293-ea887d3710.exr",
    "center_offset": [
        0.0,
        -9.313225746154785e-10,
        -9.313225746154785e-10
    ],
    "lights": [],
    "frames": [
        {
            "file_path": "/data/shapenet_blender/all_50_random/02958343/d9cfad911b26b2ae5690f18c88ad5b9e/r_0",
            "rotation": 0.12566370614359174,
            "transform_matrix": [
                [
                    0.9555021524429321,
                    0.08783578872680664,
                    0.28160354495048523,
                    1.1351802349090576
                ],
                [
                    0.29498422145843506,
                    -0.28451448678970337,
                    -0.9121599793434143,
                    -3.677034378051758
                ],
                [
                    0.0,
                    0.9546394348144531,
                    -0.2977643609046936,
                    -1.2003265619277954
                ],
                [
                    0.0,
                    0.0,
                    0.0,
                    1.0
                ]
            ]
        },
        {
            "file_path": "/data/shapenet_blender/all_50_random/02958343/d9cfad911b26b2ae5690f18c88ad5b9e/r_1",
            "rotation": 0.12566370614359174,
            "transform_matrix": [
                [
                    0.9844952821731567,
                    0.07356016337871552,
                    0.15924230217933655,
                    0.6419262290000916
                ],
                [
                    0.17541153728961945,
                    -0.4128555655479431,
                    -0.8937455415725708,
                    -3.6028034687042236
                ],
                [
                    7.450581485102248e-09,
                    0.9078210592269897,
                    -0.41935762763023376,
                    -1.690484642982483
                ],
                [
                    0.0,
                    0.0,
                    0.0,
                    1.0
                ]
            ]
        },
        {
            "file_path": "/data/shapenet_blender/all_50_random/02958343/d9cfad911b26b2ae5690f18c88ad5b9e/r_2",
            "rotation": 0.12566370614359174,
            "transform_matrix": [
                [
                    -0.9835723042488098,
                    -0.14216341078281403,
                    -0.11124338209629059,
                    -0.4484364092350006
                ],
                [
                    -0.1805146038532257,
                    0.7746075391769409,
                    0.606133222579956,
                    2.4434010982513428
                ],
                [
                    -7.450580596923828e-09,
                    0.6162567734718323,
                    -0.7875452041625977,
                    -3.174696207046509
                ],
                [
                    0.0,
                    0.0,
                    0.0,
                    1.0
                ]
            ]
        },
        {
            "file_path": "/data/shapenet_blender/all_50_random/02958343/d9cfad911b26b2ae5690f18c88ad5b9e/r_3",
            "rotation": 0.12566370614359174,
            "transform_matrix": [
                [
                    -0.8589057922363281,
                    0.13202312588691711,
                    -0.49482396245002747,
                    -1.994699239730835
                ],
                [
                    -0.5121336579322815,
                    -0.2214176505804062,
                    0.8298754692077637,
                    3.345335006713867
                ],
                [
                    0.0,
                    0.9662008285522461,
                    0.25779038667678833,
                    1.0391862392425537
                ],
                [
                    0.0,
                    0.0,
                    0.0,
                    1.0
                ]
            ]
        },
        {
            "file_path": "/data/shapenet_blender/all_50_random/02958343/d9cfad911b26b2ae5690f18c88ad5b9e/r_4",
            "rotation": 0.12566370614359174,
            "transform_matrix": [
                [
                    -0.4688461422920227,
                    0.14718097448349,
                    -0.8709311485290527,
                    -3.510835647583008
                ],
                [
                    -0.8832798600196838,
                    -0.07812385261058807,
                    0.4622914493083954,
                    1.8635563850402832
                ],
                [
                    7.450580596923828e-09,
                    0.986019492149353,
                    0.16663005948066711,
                    0.671707272529602
                ],
                [
                    0.0,
                    0.0,
                    0.0,
                    1.0
                ]
            ]
        },
        {
            "file_path": "/data/shapenet_blender/all_50_random/02958343/d9cfad911b26b2ae5690f18c88ad5b9e/r_5",
            "rotation": 0.12566370614359174,
            "transform_matrix": [
                [
                    0.2219190150499344,
                    -0.06646186113357544,
                    -0.9727973937988281,
                    -3.92147159576416
                ],
                [
                    -0.9750651121139526,
                    -0.015126326121389866,
                    -0.22140289843082428,
                    -0.892503559589386
                ],
                [
                    -9.313225746154785e-10,
                    0.9976742267608643,
                    -0.06816146522760391,
                    -0.27476766705513
                ],
                [
                    0.0,
                    0.0,
                    0.0,
                    1.0
                ]
            ]
        },
        {
            "file_path": "/data/shapenet_blender/all_50_random/02958343/d9cfad911b26b2ae5690f18c88ad5b9e/r_6",
            "rotation": 0.12566370614359174,
            "transform_matrix": [
                [
                    0.9980719685554504,
                    0.013805421069264412,
                    -0.0605137012898922,
                    -0.24393853545188904
                ],
                [
                    -0.06206849589943886,
                    0.22199352085590363,
                    -0.9730706214904785,
                    -3.9225730895996094
                ],
                [
                    0.0,
                    0.97495037317276,
                    0.22242240607738495,
                    0.8966134190559387
                ],
                [
                    0.0,
                    0.0,
                    0.0,
                    1.0
                ]
            ]
        },
        {
            "file_path": "/data/shapenet_blender/all_50_random/02958343/d9cfad911b26b2ae5690f18c88ad5b9e/r_7",
            "rotation": 0.12566370614359174,
            "transform_matrix": [
                [
                    -0.9999998807907104,
                    -0.00018945030751638114,
                    0.0004279316926840693,
                    0.0017250478267669678
                ],
                [
                    0.0004679924459196627,
                    -0.40481480956077576,
                    0.9143985509872437,
                    3.686058521270752
                ],
                [
                    0.0,
                    0.9143986105918884,
                    0.40481483936309814,
                    1.6318608522415161
                ],
                [
                    0.0,
                    0.0,
                    0.0,
                    1.0
                ]
            ]
        },
        {
            "file_path": "/data/shapenet_blender/all_50_random/02958343/d9cfad911b26b2ae5690f18c88ad5b9e/r_8",
            "rotation": 0.12566370614359174,
            "transform_matrix": [
                [
                    0.6824720501899719,
                    -0.174660786986351,
                    -0.709736168384552,
                    -2.8610379695892334
                ],
                [
                    -0.7309115529060364,
                    -0.16308553516864777,
                    -0.6626999974250793,
                    -2.67142915725708
                ],
                [
                    0.0,
                    0.9710286259651184,
                    -0.23896294832229614,
                    -0.9632904529571533
                ],
                [
                    0.0,
                    0.0,
                    0.0,
                    1.0
                ]
            ]
        },
        {
            "file_path": "/data/shapenet_blender/all_50_random/02958343/d9cfad911b26b2ae5690f18c88ad5b9e/r_9",
            "rotation": 0.12566370614359174,
            "transform_matrix": [
                [
                    -0.5025730729103088,
                    0.18439479172229767,
                    0.8446412086486816,
                    3.404857635498047
                ],
                [
                    0.8645347356796265,
                    0.1071927547454834,
                    0.49100857973098755,
                    1.9793188571929932
                ],
                [
                    7.450580596923828e-09,
                    0.9769893884658813,
                    -0.21328787505626678,
                    -0.8597909212112427
                ],
                [
                    0.0,
                    0.0,
                    0.0,
                    1.0
                ]
            ]
        },
        {
            "file_path": "/data/shapenet_blender/all_50_random/02958343/d9cfad911b26b2ae5690f18c88ad5b9e/r_10",
            "rotation": 0.12566370614359174,
            "transform_matrix": [
                [
                    -0.27775153517723083,
                    0.38392770290374756,
                    -0.8805984258651733,
                    -3.5498056411743164
                ],
                [
                    -0.9606528878211975,
                    -0.11100421100854874,
                    0.25460556149482727,
                    1.0263478755950928
                ],
                [
                    0.0,
                    0.916666567325592,
                    0.3996528685092926,
                    1.61105215549469
                ],
                [
                    0.0,
                    0.0,
                    0.0,
                    1.0
                ]
            ]
        },
        {
            "file_path": "/data/shapenet_blender/all_50_random/02958343/d9cfad911b26b2ae5690f18c88ad5b9e/r_11",
            "rotation": 0.12566370614359174,
            "transform_matrix": [
                [
                    0.9886664748191833,
                    0.015122217126190662,
                    0.14936546981334686,
                    0.6021114587783813
                ],
                [
                    0.150129035115242,
                    -0.09958653151988983,
                    -0.9836380481719971,
                    -3.9651718139648438
                ],
                [
                    9.313225746154785e-10,
                    0.9949140548706055,
                    -0.1007281243801117,
                    -0.406048059463501
                ],
                [
                    0.0,
                    0.0,
                    0.0,
                    1.0
                ]
            ]
        },
        {
            "file_path": "/data/shapenet_blender/all_50_random/02958343/d9cfad911b26b2ae5690f18c88ad5b9e/r_12",
            "rotation": 0.12566370614359174,
            "transform_matrix": [
                [
                    -0.8286824822425842,
                    0.4256281852722168,
                    -0.3634914457798004,
                    -1.4652810096740723
                ],
                [
                    -0.5597190260887146,
                    -0.6301564574241638,
                    0.538161039352417,
                    2.1693968772888184
                ],
                [
                    2.9802322387695312e-08,
                    0.6494176387786865,
                    0.7604317665100098,
                    3.065398693084717
                ],
                [
                    0.0,
                    0.0,
                    0.0,
                    1.0
                ]
            ]
        },
        {
            "file_path": "/data/shapenet_blender/all_50_random/02958343/d9cfad911b26b2ae5690f18c88ad5b9e/r_13",
            "rotation": 0.12566370614359174,
            "transform_matrix": [
                [
                    0.016951659694314003,
                    -0.23829635977745056,
                    -0.9710446000099182,
                    -3.914405584335327
                ],
                [
                    -0.9998562335968018,
                    -0.004040099680423737,
                    -0.016463184729218483,
                    -0.06636521220207214
                ],
                [
                    0.0,
                    0.9711841344833374,
                    -0.23833060264587402,
                    -0.9607412815093994
                ],
                [
                    0.0,
                    0.0,
                    0.0,
                    1.0
                ]
            ]
        },
        {
            "file_path": "/data/shapenet_blender/all_50_random/02958343/d9cfad911b26b2ae5690f18c88ad5b9e/r_14",
            "rotation": 0.12566370614359174,
            "transform_matrix": [
                [
                    0.1683620810508728,
                    -0.08046165108680725,
                    -0.9824358820915222,
                    -3.960325241088867
                ],
                [
                    -0.9857252240180969,
                    -0.013742867857217789,
                    -0.16780026257038116,
                    -0.6764243841171265
                ],
                [
                    -9.313225191043273e-10,
                    0.996662974357605,
                    -0.08162685483694077,
                    -0.3290483355522156
                ],
                [
                    0.0,
                    0.0,
                    0.0,
                    1.0
                ]
            ]
        },
        {
            "file_path": "/data/shapenet_blender/all_50_random/02958343/d9cfad911b26b2ae5690f18c88ad5b9e/r_15",
            "rotation": 0.12566370614359174,
            "transform_matrix": [
                [
                    0.9233088493347168,
                    0.04201047122478485,
                    -0.3817538022994995,
                    -1.5388988256454468
                ],
                [
                    -0.3840583860874176,
                    0.1009967178106308,
                    -0.9177683591842651,
                    -3.6996426582336426
                ],
                [
                    0.0,
                    0.9939994215965271,
                    0.10938562452793121,
                    0.440947562456131
                ],
                [
                    0.0,
                    0.0,
                    0.0,
                    1.0
                ]
            ]
        },
        {
            "file_path": "/data/shapenet_blender/all_50_random/02958343/d9cfad911b26b2ae5690f18c88ad5b9e/r_16",
            "rotation": 0.12566370614359174,
            "transform_matrix": [
                [
                    0.8052038550376892,
                    -0.007205064874142408,
                    -0.5929543972015381,
                    -2.390275716781616
                ],
                [
                    -0.5929982662200928,
                    -0.009783411398530006,
                    -0.8051443696022034,
                    -3.245640754699707
                ],
                [
                    4.656612873077393e-10,
                    0.9999262094497681,
                    -0.012150230817496777,
                    -0.048979148268699646
                ],
                [
                    0.0,
                    0.0,
                    0.0,
                    1.0
                ]
            ]
        },
        {
            "file_path": "/data/shapenet_blender/all_50_random/02958343/d9cfad911b26b2ae5690f18c88ad5b9e/r_17",
            "rotation": 0.12566370614359174,
            "transform_matrix": [
                [
                    0.8925373554229736,
                    -0.3532392084598541,
                    -0.2803552746772766,
                    -1.1301482915878296
                ],
                [
                    -0.4509734511375427,
                    -0.6991081237792969,
                    -0.5548609495162964,
                    -2.2367160320281982
                ],
                [
                    -1.4901161193847656e-08,
                    0.6216669082641602,
                    -0.783281683921814,
                    -3.1575095653533936
                ],
                [
                    0.0,
                    0.0,
                    0.0,
                    1.0
                ]
            ]
        },
        {
            "file_path": "/data/shapenet_blender/all_50_random/02958343/d9cfad911b26b2ae5690f18c88ad5b9e/r_18",
            "rotation": 0.12566370614359174,
            "transform_matrix": [
                [
                    0.9582456350326538,
                    -0.2455178201198578,
                    -0.14658255875110626,
                    -0.5908932685852051
                ],
                [
                    -0.2859466075897217,
                    -0.8227633237838745,
                    -0.4912179410457611,
                    -1.9801629781723022
                ],
                [
                    0.0,
                    0.5126222372055054,
                    -0.8586142063140869,
                    -3.4611847400665283
                ],
                [
                    0.0,
                    0.0,
                    0.0,
                    1.0
                ]
            ]
        },
        {
            "file_path": "/data/shapenet_blender/all_50_random/02958343/d9cfad911b26b2ae5690f18c88ad5b9e/r_19",
            "rotation": 0.12566370614359174,
            "transform_matrix": [
                [
                    -0.5147063732147217,
                    0.18681883811950684,
                    0.8367651700973511,
                    3.3731086254119873
                ],
                [
                    0.8573665022850037,
                    0.11215372383594513,
                    0.5023386478424072,
                    2.024991989135742
                ],
                [
                    0.0,
                    0.9759714007377625,
                    -0.21789845824241638,
                    -0.878376841545105
                ],
                [
                    0.0,
                    0.0,
                    0.0,
                    1.0
                ]
            ]
        },
        {
            "file_path": "/data/shapenet_blender/all_50_random/02958343/d9cfad911b26b2ae5690f18c88ad5b9e/r_20",
            "rotation": 0.12566370614359174,
            "transform_matrix": [
                [
                    0.2761862576007843,
                    -0.1319924145936966,
                    0.9519973993301392,
                    3.8376243114471436
                ],
                [
                    0.961104154586792,
                    0.037929803133010864,
                    -0.2735693156719208,
                    -1.1027932167053223
                ],
                [
                    0.0,
                    0.9905247688293457,
                    0.13733413815498352,
                    0.5536116361618042
                ],
                [
                    0.0,
                    0.0,
                    0.0,
                    1.0
                ]
            ]
        },
        {
            "file_path": "/data/shapenet_blender/all_50_random/02958343/d9cfad911b26b2ae5690f18c88ad5b9e/r_21",
            "rotation": 0.12566370614359174,
            "transform_matrix": [
                [
                    -0.10280659049749374,
                    -0.29678165912628174,
                    0.9493953585624695,
                    3.827134609222412
                ],
                [
                    0.9947013258934021,
                    -0.030673645436763763,
                    0.09812403470277786,
                    0.39555057883262634
                ],
                [
                    0.0,
                    0.9544525742530823,
                    0.2983626425266266,
                    1.2027381658554077
                ],
                [
                    0.0,
                    0.0,
                    0.0,
                    1.0
                ]
            ]
        },
        {
            "file_path": "/data/shapenet_blender/all_50_random/02958343/d9cfad911b26b2ae5690f18c88ad5b9e/r_22",
            "rotation": 0.12566370614359174,
            "transform_matrix": [
                [
                    -0.45401155948638916,
                    -0.25544705986976624,
                    0.8535925149917603,
                    3.44094181060791
                ],
                [
                    0.8909959197044373,
                    -0.13016436994075775,
                    0.4349524974822998,
                    1.7533496618270874
                ],
                [
                    -7.450581485102248e-09,
                    0.958020806312561,
                    0.2866983413696289,
                    1.1557180881500244
                ],
                [
                    0.0,
                    0.0,
                    0.0,
                    1.0
                ]
            ]
        },
        {
            "file_path": "/data/shapenet_blender/all_50_random/02958343/d9cfad911b26b2ae5690f18c88ad5b9e/r_23",
            "rotation": 0.12566370614359174,
            "transform_matrix": [
                [
                    0.02706381119787693,
                    -0.05897098407149315,
                    -0.9978926777839661,
                    -4.022634506225586
                ],
                [
                    -0.9996337294578552,
                    -0.0015965644270181656,
                    -0.02701667509973049,
                    -0.10890771448612213
                ],
                [
                    0.0,
                    0.9982584118843079,
                    -0.05899259075522423,
                    -0.2378067672252655
                ],
                [
                    0.0,
                    0.0,
                    0.0,
                    1.0
                ]
            ]
        },
        {
            "file_path": "/data/shapenet_blender/all_50_random/02958343/d9cfad911b26b2ae5690f18c88ad5b9e/r_24",
            "rotation": 0.12566370614359174,
            "transform_matrix": [
                [
                    -0.699830949306488,
                    0.4597896933555603,
                    -0.5466534495353699,
                    -2.2036306858062744
                ],
                [
                    -0.714308500289917,
                    -0.4504707157611847,
                    0.5355738997459412,
                    2.1589677333831787
                ],
                [
                    -1.4901161193847656e-08,
                    0.7652903199195862,
                    0.6436851024627686,
                    2.594777822494507
                ],
                [
                    0.0,
                    0.0,
                    0.0,
                    1.0
                ]
            ]
        },
        {
            "file_path": "/data/shapenet_blender/all_50_random/02958343/d9cfad911b26b2ae5690f18c88ad5b9e/r_25",
            "rotation": 0.12566370614359174,
            "transform_matrix": [
                [
                    0.41682714223861694,
                    -0.046425458043813705,
                    0.9077994227409363,
                    3.659456491470337
                ],
                [
                    0.9089856743812561,
                    0.021288996562361717,
                    -0.41628319025039673,
                    -1.6780911684036255
                ],
                [
                    -1.8626450382086546e-09,
                    0.9986947774887085,
                    0.05107391998171806,
                    0.20588555932044983
                ],
                [
                    0.0,
                    0.0,
                    0.0,
                    1.0
                ]
            ]
        },
        {
            "file_path": "/data/shapenet_blender/all_50_random/02958343/d9cfad911b26b2ae5690f18c88ad5b9e/r_26",
            "rotation": 0.12566370614359174,
            "transform_matrix": [
                [
                    0.5516916513442993,
                    6.636017496930435e-05,
                    -0.8340480327606201,
                    -3.3621554374694824
                ],
                [
                    -0.8340480327606201,
                    4.3894779082620516e-05,
                    -0.5516916513442993,
                    -2.223940372467041
                ],
                [
                    -3.6379785902512785e-12,
                    1.0,
                    7.956395711516961e-05,
                    0.00032073259353637695
                ],
                [
                    0.0,
                    0.0,
                    0.0,
                    1.0
                ]
            ]
        },
        {
            "file_path": "/data/shapenet_blender/all_50_random/02958343/d9cfad911b26b2ae5690f18c88ad5b9e/r_27",
            "rotation": 0.12566370614359174,
            "transform_matrix": [
                [
                    -0.9135066866874695,
                    0.060247741639614105,
                    0.4023377597332001,
                    1.621875524520874
                ],
                [
                    0.40682366490364075,
                    0.135283961892128,
                    0.9034337997436523,
                    3.6418583393096924
                ],
                [
                    0.0,
                    0.9889733791351318,
                    -0.14809301495552063,
                    -0.5969821214675903
                ],
                [
                    0.0,
                    0.0,
                    0.0,
                    1.0
                ]
            ]
        },
        {
            "file_path": "/data/shapenet_blender/all_50_random/02958343/d9cfad911b26b2ae5690f18c88ad5b9e/r_28",
            "rotation": 0.12566370614359174,
            "transform_matrix": [
                [
                    -0.8431362509727478,
                    -0.1889394372701645,
                    -0.5034115314483643,
                    -2.0293169021606445
                ],
                [
                    -0.5376999378204346,
                    0.29626497626304626,
                    0.7893704175949097,
                    3.182054042816162
                ],
                [
                    0.0,
                    0.9362311363220215,
                    -0.3513845205307007,
                    -1.4164762496948242
                ],
                [
                    0.0,
                    0.0,
                    0.0,
                    1.0
                ]
            ]
        },
        {
            "file_path": "/data/shapenet_blender/all_50_random/02958343/d9cfad911b26b2ae5690f18c88ad5b9e/r_29",
            "rotation": 0.12566370614359174,
            "transform_matrix": [
                [
                    -0.9477607607841492,
                    0.09898547828197479,
                    0.3032352328300476,
                    1.22238028049469
                ],
                [
                    0.3189823627471924,
                    0.29410576820373535,
                    0.900972843170166,
                    3.6319377422332764
                ],
                [
                    -7.450581485102248e-09,
                    0.9506332874298096,
                    -0.3103165030479431,
                    -1.2509257793426514
                ],
                [
                    0.0,
                    0.0,
                    0.0,
                    1.0
                ]
            ]
        },
        {
            "file_path": "/data/shapenet_blender/all_50_random/02958343/d9cfad911b26b2ae5690f18c88ad5b9e/r_30",
            "rotation": 0.12566370614359174,
            "transform_matrix": [
                [
                    -0.8430787324905396,
                    -0.3668089509010315,
                    0.3932802975177765,
                    1.585363745689392
                ],
                [
                    0.5377901792526245,
                    -0.5750362277030945,
                    0.6165345907211304,
                    2.485330581665039
                ],
                [
                    0.0,
                    0.7312895059585571,
                    0.6820670366287231,
                    2.7495005130767822
                ],
                [
                    0.0,
                    0.0,
                    0.0,
                    1.0
                ]
            ]
        },
        {
            "file_path": "/data/shapenet_blender/all_50_random/02958343/d9cfad911b26b2ae5690f18c88ad5b9e/r_31",
            "rotation": 0.12566370614359174,
            "transform_matrix": [
                [
                    0.9295417070388794,
                    0.02952582947909832,
                    -0.3675331175327301,
                    -1.4815733432769775
                ],
                [
                    -0.3687171936035156,
                    0.07443506270647049,
                    -0.9265565872192383,
                    -3.7350690364837646
                ],
                [
                    0.0,
                    0.9967885613441467,
                    0.08007717877626419,
                    0.3228014409542084
                ],
                [
                    0.0,
                    0.0,
                    0.0,
                    1.0
                ]
            ]
        },
        {
            "file_path": "/data/shapenet_blender/all_50_random/02958343/d9cfad911b26b2ae5690f18c88ad5b9e/r_32",
            "rotation": 0.12566370614359174,
            "transform_matrix": [
                [
                    -0.4285872280597687,
                    -0.7713419795036316,
                    0.47047263383865356,
                    1.896535873413086
                ],
                [
                    0.9035004377365112,
                    -0.3658961355686188,
                    0.2231748253107071,
                    0.899646520614624
                ],
                [
                    0.0,
                    0.5207220315933228,
                    0.8537262678146362,
                    3.4414806365966797
                ],
                [
                    0.0,
                    0.0,
                    0.0,
                    1.0
                ]
            ]
        },
        {
            "file_path": "/data/shapenet_blender/all_50_random/02958343/d9cfad911b26b2ae5690f18c88ad5b9e/r_33",
            "rotation": 0.12566370614359174,
            "transform_matrix": [
                [
                    0.2643495500087738,
                    -0.0038032117299735546,
                    -0.9644194841384888,
                    -3.8876988887786865
                ],
                [
                    -0.9644269347190857,
                    -0.0010424607899039984,
                    -0.26434752345085144,
                    -1.065618872642517
                ],
                [
                    1.164153010102531e-10,
                    0.999992311000824,
                    -0.003943493589758873,
                    -0.01589673012495041
                ],
                [
                    0.0,
                    0.0,
                    0.0,
                    1.0
                ]
            ]
        },
        {
            "file_path": "/data/shapenet_blender/all_50_random/02958343/d9cfad911b26b2ae5690f18c88ad5b9e/r_34",
            "rotation": 0.12566370614359174,
            "transform_matrix": [
                [
                    -0.9880030155181885,
                    0.1500852406024933,
                    -0.03639145568013191,
                    -0.14669865369796753
                ],
                [
                    -0.1544341742992401,
                    -0.9601804614067078,
                    0.23281680047512054,
                    0.9385145306587219
                ],
                [
                    0.0,
                    0.23564377427101135,
                    0.9718395471572876,
                    3.9176104068756104
                ],
                [
                    0.0,
                    0.0,
                    0.0,
                    1.0
                ]
            ]
        },
        {
            "file_path": "/data/shapenet_blender/all_50_random/02958343/d9cfad911b26b2ae5690f18c88ad5b9e/r_35",
            "rotation": 0.12566370614359174,
            "transform_matrix": [
                [
                    0.9566388130187988,
                    0.2765689194202423,
                    -0.09138883650302887,
                    -0.3684001863002777
                ],
                [
                    -0.2912770211696625,
                    0.9083331227302551,
                    -0.3001476228237152,
                    -1.2099337577819824
                ],
                [
                    7.450581485102248e-09,
                    0.31375235319137573,
                    0.9495048522949219,
                    3.8275763988494873
                ],
                [
                    0.0,
                    0.0,
                    0.0,
                    1.0
                ]
            ]
        },
        {
            "file_path": "/data/shapenet_blender/all_50_random/02958343/d9cfad911b26b2ae5690f18c88ad5b9e/r_36",
            "rotation": 0.12566370614359174,
            "transform_matrix": [
                [
                    -0.8009181022644043,
                    0.0997375026345253,
                    0.5904089212417603,
                    2.380014419555664
                ],
                [
                    0.5987740159034729,
                    0.1334085464477539,
                    0.7897289991378784,
                    3.183499336242676
                ],
                [
                    7.450580596923828e-09,
                    0.9860297441482544,
                    -0.1665695309638977,
                    -0.6714632511138916
                ],
                [
                    0.0,
                    0.0,
                    0.0,
                    1.0
                ]
            ]
        },
        {
            "file_path": "/data/shapenet_blender/all_50_random/02958343/d9cfad911b26b2ae5690f18c88ad5b9e/r_37",
            "rotation": 0.12566370614359174,
            "transform_matrix": [
                [
                    0.012314153835177422,
                    -0.6464828848838806,
                    -0.7628290057182312,
                    -3.0750622749328613
                ],
                [
                    -0.9999241828918457,
                    -0.007961492985486984,
                    -0.009394305758178234,
                    -0.037869662046432495
                ],
                [
                    0.0,
                    0.7628869414329529,
                    -0.6465318202972412,
                    -2.6062533855438232
                ],
                [
                    0.0,
                    0.0,
                    0.0,
                    1.0
                ]
            ]
        },
        {
            "file_path": "/data/shapenet_blender/all_50_random/02958343/d9cfad911b26b2ae5690f18c88ad5b9e/r_38",
            "rotation": 0.12566370614359174,
            "transform_matrix": [
                [
                    0.41533318161964417,
                    0.7032619714736938,
                    -0.5769930481910706,
                    -2.3259336948394775
                ],
                [
                    -0.9096693992614746,
                    0.32109251618385315,
                    -0.26344114542007446,
                    -1.0619653463363647
                ],
                [
                    0.0,
                    0.6342888474464417,
                    0.7730960845947266,
                    3.116450309753418
                ],
                [
                    0.0,
                    0.0,
                    0.0,
                    1.0
                ]
            ]
        },
        {
            "file_path": "/data/shapenet_blender/all_50_random/02958343/d9cfad911b26b2ae5690f18c88ad5b9e/r_39",
            "rotation": 0.12566370614359174,
            "transform_matrix": [
                [
                    -0.9160901308059692,
                    0.17183028161525726,
                    -0.3622889816761017,
                    -1.4604337215423584
                ],
                [
                    -0.40097251534461975,
                    -0.39257553219795227,
                    0.8277109265327454,
                    3.3366096019744873
                ],
                [
                    1.4901161193847656e-08,
                    0.9035257697105408,
                    0.42853376269340515,
                    1.7274749279022217
                ],
                [
                    0.0,
                    0.0,
                    0.0,
                    1.0
                ]
            ]
        },
        {
            "file_path": "/data/shapenet_blender/all_50_random/02958343/d9cfad911b26b2ae5690f18c88ad5b9e/r_40",
            "rotation": 0.12566370614359174,
            "transform_matrix": [
                [
                    0.9247815012931824,
                    -0.10914453864097595,
                    0.3645086884498596,
                    1.4693816900253296
                ],
                [
                    0.3804985284805298,
                    0.26527002453804016,
                    -0.8859190344810486,
                    -3.571254014968872
                ],
                [
                    -7.450580152834618e-09,
                    0.9579766988754272,
                    0.2868461012840271,
                    1.1563137769699097
                ],
                [
                    0.0,
                    0.0,
                    0.0,
                    1.0
                ]
            ]
        },
        {
            "file_path": "/data/shapenet_blender/all_50_random/02958343/d9cfad911b26b2ae5690f18c88ad5b9e/r_41",
            "rotation": 0.12566370614359174,
            "transform_matrix": [
                [
                    0.9955276846885681,
                    -0.03472696244716644,
                    0.08785603195428848,
                    0.35415899753570557
                ],
                [
                    0.09447035193443298,
                    0.3659524619579315,
                    -0.9258261322975159,
                    -3.7321245670318604
