{
    "class": "02958343",
    "model": "8285dfa786cf25b2c29fde65e51f52cb",
    "remove_doubles": true,
    "edge_split": true,
    "denoise": true,
    "camera_angle_x": 0.6911112070083618,
    "scale_factor": 2.46883095068045,
    "hdri_file": "/data/IndoorHDRDataset2018/9C4A9051-7d3fb71cd3.exr",
    "center_offset": [
        0.0,
        0.0,
        0.0
    ],
    "lights": [],
    "frames": [
        {
            "file_path": "/data/shapenet_blender/all_50_random/02958343/8285dfa786cf25b2c29fde65e51f52cb/r_0",
            "rotation": 0.12566370614359174,
            "transform_matrix": [
                [
                    0.99289870262146,
                    0.052263762801885605,
                    0.10686834156513214,
                    0.43080008029937744
                ],
                [
                    0.11896365135908127,
                    -0.43620574474334717,
                    -0.8919484615325928,
                    -3.595559597015381
                ],
                [
                    3.725290742551124e-09,
                    0.8983278870582581,
                    -0.4393255412578583,
                    -1.7709779739379883
                ],
                [
                    0.0,
                    0.0,
                    0.0,
                    1.0
                ]
            ]
        },
        {
            "file_path": "/data/shapenet_blender/all_50_random/02958343/8285dfa786cf25b2c29fde65e51f52cb/r_1",
            "rotation": 0.12566370614359174,
            "transform_matrix": [
                [
                    -0.17876562476158142,
                    0.539780855178833,
                    0.8226052522659302,
                    3.316027879714966
                ],
                [
                    0.9838917255401611,
                    0.09807407110929489,
                    0.14946110546588898,
                    0.6024969816207886
                ],
                [
                    0.0,
                    0.8360728621482849,
                    -0.5486181974411011,
                    -2.211550712585449
                ],
                [
                    0.0,
                    0.0,
                    0.0,
                    1.0
                ]
            ]
        },
        {
            "file_path": "/data/shapenet_blender/all_50_random/02958343/8285dfa786cf25b2c29fde65e51f52cb/r_2",
            "rotation": 0.12566370614359174,
            "transform_matrix": [
                [
                    -0.9109586477279663,
                    -0.020206939429044724,
                    -0.4120025336742401,
                    -1.6608355045318604
                ],
                [
                    -0.4124978184700012,
                    0.0446249283850193,
                    0.9098648428916931,
                    3.667782783508301
                ],
                [
                    0.0,
                    0.9987993836402893,
                    -0.048986781388521194,
                    -0.19747205078601837
                ],
                [
                    0.0,
                    0.0,
                    0.0,
                    1.0
                ]
            ]
        },
        {
            "file_path": "/data/shapenet_blender/all_50_random/02958343/8285dfa786cf25b2c29fde65e51f52cb/r_3",
            "rotation": 0.12566370614359174,
            "transform_matrix": [
                [
                    -0.23085127770900726,
                    0.5880788564682007,
                    -0.7751585841178894,
                    -3.1247642040252686
                ],
                [
                    -0.9729890823364258,
                    -0.13952751457691193,
                    0.18391403555870056,
                    0.7413811683654785
                ],
                [
                    7.450581485102248e-09,
                    0.7966776490211487,
                    0.6044044494628906,
                    2.436432361602783
                ],
                [
                    0.0,
                    0.0,
                    0.0,
                    1.0
                ]
            ]
        },
        {
            "file_path": "/data/shapenet_blender/all_50_random/02958343/8285dfa786cf25b2c29fde65e51f52cb/r_4",
            "rotation": 0.12566370614359174,
            "transform_matrix": [
                [
                    0.9527899622917175,
                    -0.26802459359169006,
                    -0.14266762137413025,
                    -0.5751116275787354
                ],
                [
                    -0.30363011360168457,
                    -0.8410600423812866,
                    -0.4476904273033142,
                    -1.8046979904174805
                ],
                [
                    7.450580596923828e-09,
                    0.4698731601238251,
                    -0.8827338814735413,
                    -3.5584142208099365
                ],
                [
                    0.0,
                    0.0,
                    0.0,
                    1.0
                ]
            ]
        },
        {
            "file_path": "/data/shapenet_blender/all_50_random/02958343/8285dfa786cf25b2c29fde65e51f52cb/r_5",
            "rotation": 0.12566370614359174,
            "transform_matrix": [
                [
                    0.8233065605163574,
                    0.5617493391036987,
                    0.08126532286405563,
                    0.32759103178977966
                ],
                [
                    0.5675970315933228,
                    -0.8148244619369507,
                    -0.11787637323141098,
                    -0.4751749038696289
                ],
                [
                    0.0,
                    0.1431741863489151,
                    -0.9896973967552185,
                    -3.989598035812378
                ],
                [
                    0.0,
                    0.0,
                    0.0,
                    1.0
                ]
            ]
        },
        {
            "file_path": "/data/shapenet_blender/all_50_random/02958343/8285dfa786cf25b2c29fde65e51f52cb/r_6",
            "rotation": 0.12566370614359174,
            "transform_matrix": [
                [
                    0.3673492670059204,
                    -0.002984385471791029,
                    -0.9300782680511475,
                    -3.749265432357788
                ],
                [
                    -0.930083155632019,
                    -0.00117872457485646,
                    -0.3673473298549652,
                    -1.4808244705200195
                ],
                [
                    -1.1641532182693481e-10,
                    0.9999949336051941,
                    -0.0032087299041450024,
                    -0.01293480396270752
                ],
                [
                    0.0,
                    0.0,
                    0.0,
                    1.0
                ]
            ]
        },
        {
            "file_path": "/data/shapenet_blender/all_50_random/02958343/8285dfa786cf25b2c29fde65e51f52cb/r_7",
            "rotation": 0.12566370614359174,
            "transform_matrix": [
                [
                    0.9878040552139282,
                    0.0006005255854688585,
                    0.15570087730884552,
                    0.6276503801345825
                ],
                [
                    0.15570203959941864,
                    -0.003809851361438632,
                    -0.9877966642379761,
                    -3.981935977935791
                ],
                [
                    5.8207653974573503e-11,
                    0.9999926090240479,
                    -0.0038568892050534487,
                    -0.015547618269920349
                ],
                [
                    0.0,
                    0.0,
                    0.0,
                    1.0
                ]
            ]
        },
        {
            "file_path": "/data/shapenet_blender/all_50_random/02958343/8285dfa786cf25b2c29fde65e51f52cb/r_8",
            "rotation": 0.12566370614359174,
            "transform_matrix": [
                [
                    0.9088389873504639,
                    0.35725414752960205,
                    0.21536295115947723,
                    0.8681558966636658
                ],
                [
                    0.4171471893787384,
                    -0.7783499956130981,
                    -0.4692114591598511,
                    -1.8914519548416138
                ],
                [
                    1.4901161193847656e-08,
                    0.5162757039070129,
                    -0.8564223647117615,
                    -3.4523491859436035
                ],
                [
                    0.0,
                    0.0,
                    0.0,
                    1.0
                ]
            ]
        },
        {
            "file_path": "/data/shapenet_blender/all_50_random/02958343/8285dfa786cf25b2c29fde65e51f52cb/r_9",
            "rotation": 0.12566370614359174,
            "transform_matrix": [
                [
                    0.8448436856269836,
                    0.2012176662683487,
                    0.4957324266433716,
                    1.998361349105835
                ],
                [
                    0.5350133180618286,
                    -0.3177443742752075,
                    -0.7828149199485779,
                    -3.155627965927124
                ],
                [
                    0.0,
                    0.9265796542167664,
                    -0.3760984241962433,
                    -1.5161012411117554
                ],
                [
                    0.0,
                    0.0,
                    0.0,
                    1.0
                ]
            ]
        },
        {
            "file_path": "/data/shapenet_blender/all_50_random/02958343/8285dfa786cf25b2c29fde65e51f52cb/r_10",
            "rotation": 0.12566370614359174,
            "transform_matrix": [
                [
                    0.8943139910697937,
                    0.28600433468818665,
                    0.3440987467765808,
                    1.3871064186096191
                ],
                [
                    0.4474398195743561,
                    -0.5716471076011658,
                    -0.687762439250946,
                    -2.772459030151367
                ],
                [
                    1.4901160305669237e-08,
                    0.7690390348434448,
                    -0.6392017602920532,
                    -2.576704740524292
                ],
                [
                    0.0,
                    0.0,
                    0.0,
                    1.0
                ]
            ]
        },
        {
            "file_path": "/data/shapenet_blender/all_50_random/02958343/8285dfa786cf25b2c29fde65e51f52cb/r_11",
            "rotation": 0.12566370614359174,
            "transform_matrix": [
                [
                    -0.9966679811477661,
                    0.001103716902434826,
                    -0.0815591886639595,
                    -0.328775554895401
                ],
                [
                    -0.08156666159629822,
                    -0.013486385345458984,
                    0.996576726436615,
                    4.01732873916626
                ],
                [
                    -1.1641532182693481e-10,
                    0.9999083876609802,
                    0.013531475327908993,
                    0.05454711616039276
                ],
                [
                    0.0,
                    0.0,
                    0.0,
                    1.0
                ]
            ]
        },
        {
            "file_path": "/data/shapenet_blender/all_50_random/02958343/8285dfa786cf25b2c29fde65e51f52cb/r_12",
            "rotation": 0.12566370614359174,
            "transform_matrix": [
                [
                    -0.8968299031257629,
                    -0.04093330726027489,
                    0.44047778844833374,
                    1.7756227254867554
                ],
                [
                    0.44237565994262695,
                    -0.08298424631357193,
                    0.8929823040962219,
                    3.599726915359497
                ],
                [
                    -3.725290298461914e-09,
                    0.9957098960876465,
                    0.09253064543008804,
                    0.3730029761791229
                ],
                [
                    0.0,
                    0.0,
                    0.0,
                    1.0
                ]
            ]
        },
        {
            "file_path": "/data/shapenet_blender/all_50_random/02958343/8285dfa786cf25b2c29fde65e51f52cb/r_13",
            "rotation": 0.12566370614359174,
            "transform_matrix": [
                [
                    0.7609302997589111,
                    -0.5218900442123413,
                    -0.38550716638565063,
                    -1.554029107093811
                ],
                [
                    -0.6488336324691772,
                    -0.6120551824569702,
                    -0.4521099030971527,
                    -1.8225133419036865
                ],
                [
                    0.0,
                    0.5941540598869324,
                    -0.8043512105941772,
                    -3.242443323135376
                ],
                [
                    0.0,
                    0.0,
                    0.0,
                    1.0
                ]
            ]
        },
        {
            "file_path": "/data/shapenet_blender/all_50_random/02958343/8285dfa786cf25b2c29fde65e51f52cb/r_14",
            "rotation": 0.12566370614359174,
            "transform_matrix": [
                [
                    0.9976609349250793,
                    -0.008833836764097214,
                    0.06778321415185928,
                    0.2732428312301636
                ],
                [
                    0.06835641711950302,
                    0.1289297342300415,
                    -0.9892950057983398,
                    -3.9879753589630127
                ],
                [
                    -1.8626450382086546e-09,
                    0.9916142821311951,
                    0.1292320340871811,
                    0.5209509134292603
                ],
                [
                    0.0,
                    0.0,
                    0.0,
                    1.0
                ]
            ]
        },
        {
            "file_path": "/data/shapenet_blender/all_50_random/02958343/8285dfa786cf25b2c29fde65e51f52cb/r_15",
            "rotation": 0.12566370614359174,
            "transform_matrix": [
                [
                    0.13019731640815735,
                    -0.19075091183185577,
                    -0.9729658365249634,
                    -3.9221510887145996
                ],
                [
                    -0.9914880990982056,
                    -0.025048470124602318,
                    -0.12776507437229156,
                    -0.5150375366210938
                ],
                [
                    0.0,
                    0.9813187718391418,
                    -0.19238850474357605,
                    -0.7755429148674011
                ],
                [
                    0.0,
                    0.0,
                    0.0,
                    1.0
                ]
            ]
        },
        {
            "file_path": "/data/shapenet_blender/all_50_random/02958343/8285dfa786cf25b2c29fde65e51f52cb/r_16",
            "rotation": 0.12566370614359174,
            "transform_matrix": [
                [
                    -0.584101676940918,
                    0.7509805560112,
                    0.30798280239105225,
                    1.2415183782577515
                ],
                [
                    0.8116804957389832,
                    0.5404207110404968,
                    0.22163061797618866,
                    0.8934215903282166
                ],
                [
                    -1.4901161193847656e-08,
                    0.3794384300708771,
                    -0.9252169728279114,
                    -3.7296688556671143
                ],
                [
                    0.0,
                    0.0,
                    0.0,
                    1.0
                ]
            ]
        },
        {
            "file_path": "/data/shapenet_blender/all_50_random/02958343/8285dfa786cf25b2c29fde65e51f52cb/r_17",
            "rotation": 0.12566370614359174,
            "transform_matrix": [
                [
                    -0.5477343797683716,
                    -0.3334987461566925,
                    0.7673105597496033,
                    3.093127965927124
                ],
                [
                    0.8366522789001465,
                    -0.2183329164981842,
                    0.502338171005249,
                    2.0249900817871094
                ],
                [
                    0.0,
                    0.917120099067688,
                    0.398610919713974,
                    1.6068521738052368
                ],
                [
                    0.0,
                    0.0,
                    0.0,
                    1.0
                ]
            ]
        },
        {
            "file_path": "/data/shapenet_blender/all_50_random/02958343/8285dfa786cf25b2c29fde65e51f52cb/r_18",
            "rotation": 0.12566370614359174,
            "transform_matrix": [
                [
                    -0.016201172024011612,
                    -0.01662282831966877,
                    -0.9997305274009705,
                    -4.03004264831543
                ],
                [
                    -0.9998687505722046,
                    0.0002693446585908532,
                    0.016198933124542236,
                    0.06529998779296875
                ],
                [
                    0.0,
                    0.9998618364334106,
                    -0.01662500761449337,
                    -0.06701754778623581
                ],
                [
                    0.0,
                    0.0,
                    0.0,
                    1.0
                ]
            ]
        },
        {
            "file_path": "/data/shapenet_blender/all_50_random/02958343/8285dfa786cf25b2c29fde65e51f52cb/r_19",
            "rotation": 0.12566370614359174,
            "transform_matrix": [
                [
                    -0.40786129236221313,
                    -0.03509198874235153,
                    0.9123693108558655,
                    3.6778783798217773
                ],
                [
                    0.9130439758300781,
                    -0.01567576825618744,
                    0.40755990147590637,
                    1.6429264545440674
                ],
                [
                    2.7939677238464355e-09,
                    0.999261200428009,
                    0.038434065878391266,
                    0.1549326777458191
                ],
                [
                    0.0,
                    0.0,
                    0.0,
                    1.0
                ]
            ]
        },
        {
            "file_path": "/data/shapenet_blender/all_50_random/02958343/8285dfa786cf25b2c29fde65e51f52cb/r_20",
            "rotation": 0.12566370614359174,
            "transform_matrix": [
                [
                    0.9906399846076965,
                    0.07793158292770386,
                    0.11206693947315216,
                    0.4517562687397003
                ],
                [
                    0.136500284075737,
                    -0.5655822157859802,
                    -0.8133168816566467,
                    -3.278585195541382
                ],
                [
                    -7.450580152834618e-09,
                    0.8210014700889587,
                    -0.5709260702133179,
                    -2.3014767169952393
                ],
                [
                    0.0,
                    0.0,
                    0.0,
                    1.0
                ]
            ]
        },
        {
            "file_path": "/data/shapenet_blender/all_50_random/02958343/8285dfa786cf25b2c29fde65e51f52cb/r_21",
            "rotation": 0.12566370614359174,
            "transform_matrix": [
                [
                    -0.008903215639293194,
                    -0.09876939654350281,
                    0.9950705170631409,
                    4.011257648468018
                ],
                [
                    0.9999603033065796,
                    -0.0008794001187197864,
                    0.008859679102897644,
                    0.03571450710296631
                ],
                [
                    -5.8207657444020455e-11,
                    0.9951099753379822,
                    0.09877331554889679,
                    0.3981679677963257
                ],
                [
                    0.0,
                    0.0,
                    0.0,
                    1.0
                ]
            ]
        },
        {
            "file_path": "/data/shapenet_blender/all_50_random/02958343/8285dfa786cf25b2c29fde65e51f52cb/r_22",
            "rotation": 0.12566370614359174,
            "transform_matrix": [
                [
                    0.6305143237113953,
                    0.3041020929813385,
                    -0.714124321937561,
                    -2.8787271976470947
                ],
                [
                    -0.7761776447296143,
                    0.247032031416893,
                    -0.5801064372062683,
                    -2.3384838104248047
                ],
                [
                    0.0,
                    0.9200526475906372,
                    0.39179450273513794,
                    1.5793741941452026
                ],
                [
                    0.0,
                    0.0,
                    0.0,
                    1.0
                ]
            ]
        },
        {
            "file_path": "/data/shapenet_blender/all_50_random/02958343/8285dfa786cf25b2c29fde65e51f52cb/r_23",
            "rotation": 0.12566370614359174,
            "transform_matrix": [
                [
                    0.6462123394012451,
                    0.4334169328212738,
                    -0.6281396746635437,
                    -2.5321121215820312
                ],
                [
                    -0.7631577253341675,
                    0.36700060963630676,
                    -0.5318842530250549,
                    -2.1440939903259277
                ],
                [
                    0.0,
                    0.8230798244476318,
                    0.567925751209259,
                    2.289381980895996
                ],
                [
                    0.0,
                    0.0,
                    0.0,
                    1.0
                ]
            ]
        },
        {
            "file_path": "/data/shapenet_blender/all_50_random/02958343/8285dfa786cf25b2c29fde65e51f52cb/r_24",
            "rotation": 0.12566370614359174,
            "transform_matrix": [
                [
                    0.6258441805839539,
                    -0.3826853930950165,
                    -0.6796108484268188,
                    -2.7395989894866943
                ],
                [
                    -0.7799481153488159,
                    -0.30707353353500366,
                    -0.5453317761421204,
                    -2.198302745819092
                ],
                [
                    0.0,
                    0.8713539838790894,
                    -0.49065491557121277,
                    -1.9778932332992554
                ],
                [
                    0.0,
                    0.0,
                    0.0,
                    1.0
                ]
            ]
        },
        {
            "file_path": "/data/shapenet_blender/all_50_random/02958343/8285dfa786cf25b2c29fde65e51f52cb/r_25",
            "rotation": 0.12566370614359174,
            "transform_matrix": [
                [
                    -0.6322820782661438,
                    0.18042249977588654,
                    0.753436803817749,
                    3.037200927734375
                ],
                [
                    0.7747383117675781,
                    0.1472470462322235,
                    0.6148974895477295,
                    2.478731155395508
                ],
                [
                    -7.450581485102248e-09,
                    0.9725049138069153,
                    -0.23288191854953766,
                    -0.9387770295143127
                ],
                [
                    0.0,
                    0.0,
                    0.0,
                    1.0
                ]
            ]
        },
        {
            "file_path": "/data/shapenet_blender/all_50_random/02958343/8285dfa786cf25b2c29fde65e51f52cb/r_26",
            "rotation": 0.12566370614359174,
            "transform_matrix": [
                [
                    0.5337859392166138,
                    -0.3931792974472046,
                    0.7486538887023926,
                    3.0179202556610107
                ],
                [
                    0.8456196188926697,
                    0.24818910658359528,
                    -0.47257763147354126,
                    -1.9050213098526
                ],
                [
                    0.0,
                    0.8853316903114319,
                    0.464959979057312,
                    1.8743135929107666
                ],
                [
                    0.0,
                    0.0,
                    0.0,
                    1.0
                ]
            ]
        },
        {
            "file_path": "/data/shapenet_blender/all_50_random/02958343/8285dfa786cf25b2c29fde65e51f52cb/r_27",
            "rotation": 0.12566370614359174,
            "transform_matrix": [
                [
                    0.9974831938743591,
                    -0.0400027297437191,
                    -0.058540940284729004,
                    -0.23598608374595642
                ],
                [
                    -0.07090317457914352,
                    -0.5627681612968445,
                    -0.8235682249069214,
                    -3.3199098110198975
                ],
                [
                    0.0,
                    0.8256462216377258,
                    -0.5641880631446838,
                    -2.2743148803710938
                ],
                [
                    0.0,
                    0.0,
                    0.0,
                    1.0
                ]
            ]
        },
        {
            "file_path": "/data/shapenet_blender/all_50_random/02958343/8285dfa786cf25b2c29fde65e51f52cb/r_28",
            "rotation": 0.12566370614359174,
            "transform_matrix": [
                [
                    -0.9998005032539368,
                    -0.009790088050067425,
                    0.017412539571523666,
                    0.07019218802452087
                ],
                [
                    0.019976045936346054,
                    -0.4899935722351074,
                    0.8714970946311951,
                    3.5131170749664307
                ],
                [
                    0.0,
                    0.8716709613800049,
                    0.4900914132595062,
                    1.9756215810775757
                ],
                [
                    0.0,
                    0.0,
                    0.0,
                    1.0
                ]
            ]
        },
        {
            "file_path": "/data/shapenet_blender/all_50_random/02958343/8285dfa786cf25b2c29fde65e51f52cb/r_29",
            "rotation": 0.12566370614359174,
            "transform_matrix": [
                [
                    -0.7016171813011169,
                    -0.12659083306789398,
                    0.7012189030647278,
                    2.8267040252685547
                ],
                [
                    0.7125539779663086,
                    -0.12464781850576401,
                    0.6904560327529907,
                    2.7833175659179688
                ],
                [
                    0.0,
                    0.9840923547744751,
                    0.1776578426361084,
                    0.7161617279052734
                ],
                [
                    0.0,
                    0.0,
                    0.0,
                    1.0
                ]
            ]
        },
        {
            "file_path": "/data/shapenet_blender/all_50_random/02958343/8285dfa786cf25b2c29fde65e51f52cb/r_30",
            "rotation": 0.12566370614359174,
            "transform_matrix": [
                [
                    -0.30292487144470215,
                    0.703559398651123,
                    -0.6428377628326416,
                    -2.5913619995117188
                ],
                [
                    -0.9530144929885864,
                    -0.22363318502902985,
                    0.20433220267295837,
                    0.8236894607543945
                ],
                [
                    -1.4901162970204496e-08,
                    0.6745310425758362,
                    0.7382464408874512,
                    2.975966691970825
                ],
                [
                    0.0,
                    0.0,
                    0.0,
                    1.0
                ]
            ]
        },
        {
            "file_path": "/data/shapenet_blender/all_50_random/02958343/8285dfa786cf25b2c29fde65e51f52cb/r_31",
            "rotation": 0.12566370614359174,
            "transform_matrix": [
                [
                    -0.9949106574058533,
                    0.07503587007522583,
                    0.06724802404642105,
                    0.2710855007171631
                ],
                [
                    0.10076051205396652,
                    0.740905225276947,
                    0.6640079617500305,
                    2.6767020225524902
                ],
                [
                    3.725290298461914e-09,
                    0.6674046516418457,
                    -0.7446951866149902,
                    -3.001962661743164
                ],
                [
                    0.0,
                    0.0,
                    0.0,
                    1.0
                ]
            ]
        },
        {
            "file_path": "/data/shapenet_blender/all_50_random/02958343/8285dfa786cf25b2c29fde65e51f52cb/r_32",
            "rotation": 0.12566370614359174,
            "transform_matrix": [
                [
                    0.2470061182975769,
                    0.3850446045398712,
                    0.8892292380332947,
                    3.5845978260040283
                ],
                [
                    0.9690139889717102,
                    -0.09814964234828949,
                    -0.2266686111688614,
                    -0.9137303829193115
                ],
                [
                    7.450580596923828e-09,
                    0.917664110660553,
                    -0.39735713601112366,
                    -1.6017978191375732
                ],
                [
                    0.0,
                    0.0,
                    0.0,
                    1.0
                ]
            ]
        },
        {
            "file_path": "/data/shapenet_blender/all_50_random/02958343/8285dfa786cf25b2c29fde65e51f52cb/r_33",
            "rotation": 0.12566370614359174,
            "transform_matrix": [
                [
                    -0.28055688738822937,
                    -0.08751373738050461,
                    0.9558395147323608,
                    3.85311222076416
                ],
                [
                    0.9598373174667358,
                    -0.025579940527677536,
                    0.27938833832740784,
                    1.1262503862380981
                ],
                [
                    0.0,
                    0.9958349466323853,
                    0.09117557853460312,
                    0.36754050850868225
                ],
                [
                    0.0,
                    0.0,
                    0.0,
                    1.0
                ]
            ]
        },
        {
            "file_path": "/data/shapenet_blender/all_50_random/02958343/8285dfa786cf25b2c29fde65e51f52cb/r_34",
            "rotation": 0.12566370614359174,
            "transform_matrix": [
                [
                    -0.08400031179189682,
                    0.8955323696136475,
                    -0.43699607253074646,
                    -1.7615875005722046
                ],
                [
                    -0.9964657425880432,
                    -0.07549180835485458,
                    0.03683800250291824,
                    0.1484987437725067
                ],
                [
                    -3.725290298461914e-09,
                    0.43854597210884094,
                    0.898708701133728,
                    3.6228106021881104
                ],
                [
                    0.0,
                    0.0,
                    0.0,
                    1.0
                ]
            ]
        },
        {
            "file_path": "/data/shapenet_blender/all_50_random/02958343/8285dfa786cf25b2c29fde65e51f52cb/r_35",
            "rotation": 0.12566370614359174,
            "transform_matrix": [
                [
                    0.6436692476272583,
                    0.7611105442047119,
                    -0.08000361919403076,
                    -0.3225049376487732
                ],
                [
                    -0.765303909778595,
                    0.6401423811912537,
                    -0.06728813052177429,
                    -0.27124714851379395
                ],
                [
                    0.0,
                    0.10453837364912033,
                    0.9945207834243774,
                    4.009041786193848
                ],
                [
                    0.0,
                    0.0,
                    0.0,
                    1.0
                ]
            ]
        },
        {
            "file_path": "/data/shapenet_blender/all_50_random/02958343/8285dfa786cf25b2c29fde65e51f52cb/r_36",
            "rotation": 0.12566370614359174,
            "transform_matrix": [
                [
                    0.0668872520327568,
                    -0.4293993413448334,
                    -0.9006343483924866,
                    -3.630573272705078
                ],
                [
                    -0.9977605938911438,
                    -0.02878580614924431,
                    -0.06037616357207298,
                    -0.24338409304618835
                ],
                [
                    0.0,
                    0.9026557803153992,
                    -0.43036314845085144,
                    -1.7348493337631226
                ],
                [
                    0.0,
                    0.0,
                    0.0,
                    1.0
                ]
            ]
        },
        {
            "file_path": "/data/shapenet_blender/all_50_random/02958343/8285dfa786cf25b2c29fde65e51f52cb/r_37",
            "rotation": 0.12566370614359174,
            "transform_matrix": [
                [
                    -0.8605934977531433,
                    0.046033624559640884,
                    -0.5072076916694641,
                    -2.044619560241699
                ],
                [
                    -0.5092924237251282,
                    -0.07778683304786682,
                    0.8570708632469177,
                    3.454963207244873
                ],
                [
                    -3.7252898543727042e-09,
                    0.9959067106246948,
                    0.09038741886615753,
                    0.36436334252357483
                ],
                [
                    0.0,
                    0.0,
                    0.0,
                    1.0
                ]
            ]
        },
        {
            "file_path": "/data/shapenet_blender/all_50_random/02958343/8285dfa786cf25b2c29fde65e51f52cb/r_38",
            "rotation": 0.12566370614359174,
            "transform_matrix": [
                [
                    0.9945082664489746,
                    0.08008354157209396,
                    -0.06737984716892242,
                    -0.2716168463230133
                ],
                [
                    -0.1046585887670517,
                    0.7609862089157104,
                    -0.6402705907821655,
                    -2.5810132026672363
                ],
                [
                    -3.725290742551124e-09,
                    0.6438062787055969,
                    0.7651885151863098,
                    3.08457350730896
                ],
                [
                    0.0,
                    0.0,
                    0.0,
                    1.0
                ]
            ]
        },
        {
            "file_path": "/data/shapenet_blender/all_50_random/02958343/8285dfa786cf25b2c29fde65e51f52cb/r_39",
            "rotation": 0.12566370614359174,
            "transform_matrix": [
                [
                    0.43969640135765076,
                    -0.1465572863817215,
                    0.8861083388328552,
                    3.572016954421997
                ],
                [
                    0.8981465101242065,
                    0.07174855470657349,
                    -0.4338030219078064,
                    -1.748715877532959
                ],
                [
                    7.450580596923828e-09,
                    0.9865966439247131,
                    0.1631775051355362,
                    0.6577895879745483
                ],
                [
                    0.0,
                    0.0,
                    0.0,
                    1.0
                ]
            ]
        },
        {
            "file_path": "/data/shapenet_blender/all_50_random/02958343/8285dfa786cf25b2c29fde65e51f52cb/r_40",
            "rotation": 0.12566370614359174,
            "transform_matrix": [
                [
                    0.5963361263275146,
                    -0.03819131478667259,
                    0.801825761795044,
                    3.2322633266448975
                ],
                [
                    0.802734911441803,
                    0.02837158739566803,
                    -0.5956607460975647,
                    -2.4011855125427246
                ],
                [
                    0.0,
                    0.9988675117492676,
                    0.047576501965522766,
                    0.19178703427314758
                ],
                [
                    0.0,
                    0.0,
                    0.0,
                    1.0
                ]
            ]
        },
        {
            "file_path": "/data/shapenet_blender/all_50_random/02958343/8285dfa786cf25b2c29fde65e51f52cb/r_41",
            "rotation": 0.12566370614359174,
            "transform_matrix": [
                [
                    -0.5974873900413513,
                    0.21352635324001312,
                    -0.7729264497756958,
                    -3.1157662868499756
                ],
                [
                    -0.8018783330917358,
                    -0.15910059213638306,
                    0.5759150981903076,
                    2.3215880393981934
