{
    "class": "02958343",
    "model": "dbe713c83afe559316abce8cb03e7794",
    "remove_doubles": true,
    "edge_split": true,
    "denoise": true,
    "camera_angle_x": 0.6911112070083618,
    "scale_factor": 2.1874921443222943,
    "hdri_file": "/data/IndoorHDRDataset2018/9C4A9459-0fa8bc2c41.exr",
    "center_offset": [
        0.0,
        0.0,
        -4.6566128730773926e-09
    ],
    "lights": [],
    "frames": [
        {
            "file_path": "/data/shapenet_blender/all_50_random/02958343/dbe713c83afe559316abce8cb03e7794/r_0",
            "rotation": 0.12566370614359174,
            "transform_matrix": [
                [
                    -0.9299975037574768,
                    -0.02366773784160614,
                    0.3668028712272644,
                    1.4786297082901
                ],
                [
                    0.3675656318664551,
                    -0.05988301336765289,
                    0.9280676245689392,
                    3.7411601543426514
                ],
                [
                    0.0,
                    0.9979247450828552,
                    0.06439050287008286,
                    0.25956642627716064
                ],
                [
                    0.0,
                    0.0,
                    0.0,
                    1.0
                ]
            ]
        },
        {
            "file_path": "/data/shapenet_blender/all_50_random/02958343/dbe713c83afe559316abce8cb03e7794/r_1",
            "rotation": 0.12566370614359174,
            "transform_matrix": [
                [
                    0.9963658452033997,
                    0.020844466984272003,
                    0.08258677273988724,
                    0.3329179286956787
                ],
                [
                    0.08517666906118393,
                    -0.24383100867271423,
                    -0.9660700559616089,
                    -3.894352912902832
                ],
                [
                    1.862645149230957e-09,
                    0.9695936441421509,
                    -0.24472036957740784,
                    -0.9864993691444397
                ],
                [
                    0.0,
                    0.0,
                    0.0,
                    1.0
                ]
            ]
        },
        {
            "file_path": "/data/shapenet_blender/all_50_random/02958343/dbe713c83afe559316abce8cb03e7794/r_2",
            "rotation": 0.12566370614359174,
            "transform_matrix": [
                [
                    0.7616851329803467,
                    0.3710291087627411,
                    -0.5311998128890991,
                    -2.1413350105285645
                ],
                [
                    -0.6479474902153015,
                    0.43615779280662537,
                    -0.6244441270828247,
                    -2.517214775085449
                ],
                [
                    -1.4901162970204496e-08,
                    0.8198192119598389,
                    0.5726222991943359,
                    2.308314323425293
                ],
                [
                    0.0,
                    0.0,
                    0.0,
                    1.0
                ]
            ]
        },
        {
            "file_path": "/data/shapenet_blender/all_50_random/02958343/dbe713c83afe559316abce8cb03e7794/r_3",
            "rotation": 0.12566370614359174,
            "transform_matrix": [
                [
                    0.8107599020004272,
                    0.3606261909008026,
                    0.46110427379608154,
                    1.858770728111267
                ],
                [
                    0.5853789448738098,
                    -0.499473512172699,
                    -0.638637363910675,
                    -2.574429512023926
                ],
                [
                    0.0,
                    0.7877021431922913,
                    -0.6160561442375183,
                    -2.4834017753601074
                ],
                [
                    0.0,
                    0.0,
                    0.0,
                    1.0
                ]
            ]
        },
        {
            "file_path": "/data/shapenet_blender/all_50_random/02958343/dbe713c83afe559316abce8cb03e7794/r_4",
            "rotation": 0.12566370614359174,
            "transform_matrix": [
                [
                    -0.9983757138252258,
                    0.007760161533951759,
                    0.05644072964787483,
                    0.22751986980438232
                ],
                [
                    0.0569717101752758,
                    0.13598954677581787,
                    0.9890707731246948,
                    3.987071990966797
                ],
                [
                    -4.656612040410124e-10,
                    0.9906799793243408,
                    -0.13621075451374054,
                    -0.5490831732749939
                ],
                [
                    0.0,
                    0.0,
                    0.0,
                    1.0
                ]
            ]
        },
        {
            "file_path": "/data/shapenet_blender/all_50_random/02958343/dbe713c83afe559316abce8cb03e7794/r_5",
            "rotation": 0.12566370614359174,
            "transform_matrix": [
                [
                    0.4178485572338104,
                    0.3829052150249481,
                    0.8238847851753235,
                    3.321185827255249
                ],
                [
                    0.9085168242454529,
                    -0.176107257604599,
                    -0.37892428040504456,
                    -1.527492642402649
                ],
                [
                    0.0,
                    0.9068459868431091,
                    -0.4214619994163513,
                    -1.698967695236206
                ],
                [
                    0.0,
                    0.0,
                    0.0,
                    1.0
                ]
            ]
        },
        {
            "file_path": "/data/shapenet_blender/all_50_random/02958343/dbe713c83afe559316abce8cb03e7794/r_6",
            "rotation": 0.12566370614359174,
            "transform_matrix": [
                [
                    0.043869748711586,
                    -0.010701281018555164,
                    -0.9989798069000244,
                    -4.027016639709473
                ],
                [
                    -0.9990372657775879,
                    -0.00046991495764814317,
                    -0.04386722669005394,
                    -0.17683446407318115
                ],
                [
                    -2.9103830456733704e-11,
                    0.9999426603317261,
                    -0.010711591690778732,
                    -0.04317981004714966
                ],
                [
                    0.0,
                    0.0,
                    0.0,
                    1.0
                ]
            ]
        },
        {
            "file_path": "/data/shapenet_blender/all_50_random/02958343/dbe713c83afe559316abce8cb03e7794/r_7",
            "rotation": 0.12566370614359174,
            "transform_matrix": [
                [
                    0.41287750005722046,
                    0.09089194983243942,
                    0.9062398076057434,
                    3.653169870376587
                ],
                [
                    0.9107865691184998,
                    -0.04120311513543129,
                    -0.41081640124320984,
                    -1.6560540199279785
                ],
                [
                    -3.725290298461914e-09,
                    0.9950079917907715,
                    -0.09979499876499176,
                    -0.4022865295410156
                ],
                [
                    0.0,
                    0.0,
                    0.0,
                    1.0
                ]
            ]
        },
        {
            "file_path": "/data/shapenet_blender/all_50_random/02958343/dbe713c83afe559316abce8cb03e7794/r_8",
            "rotation": 0.12566370614359174,
            "transform_matrix": [
                [
                    0.4793930649757385,
                    0.8363792300224304,
                    0.2658047676086426,
                    1.0714932680130005
                ],
                [
                    0.8776003122329712,
                    -0.45687586069107056,
                    -0.1451970338821411,
                    -0.5853079557418823
                ],
                [
                    0.0,
                    0.3028767704963684,
                    -0.9530296921730042,
                    -3.8417856693267822
                ],
                [
                    0.0,
                    0.0,
                    0.0,
                    1.0
                ]
            ]
        },
        {
            "file_path": "/data/shapenet_blender/all_50_random/02958343/dbe713c83afe559316abce8cb03e7794/r_9",
            "rotation": 0.12566370614359174,
            "transform_matrix": [
                [
                    -0.7235161066055298,
                    0.1000313013792038,
                    0.6830214262008667,
                    2.753347396850586
                ],
                [
                    0.6903076171875,
                    0.10484348982572556,
                    0.7158794403076172,
                    2.8858022689819336
                ],
                [
                    7.450580596923828e-09,
                    0.989445149898529,
                    -0.14490829408168793,
                    -0.5841439962387085
                ],
                [
                    0.0,
                    0.0,
                    0.0,
                    1.0
                ]
            ]
        },
        {
            "file_path": "/data/shapenet_blender/all_50_random/02958343/dbe713c83afe559316abce8cb03e7794/r_10",
            "rotation": 0.12566370614359174,
            "transform_matrix": [
                [
                    0.9084404706954956,
                    -0.05618882551789284,
                    -0.41422075033187866,
                    -1.6697773933410645
                ],
                [
                    -0.41801440715789795,
                    -0.12211110442876816,
                    -0.9001959562301636,
                    -3.6288061141967773
                ],
                [
                    0.0,
                    0.9909246563911438,
                    -0.13441838324069977,
                    -0.541857898235321
                ],
                [
                    0.0,
                    0.0,
                    0.0,
                    1.0
                ]
            ]
        },
        {
            "file_path": "/data/shapenet_blender/all_50_random/02958343/dbe713c83afe559316abce8cb03e7794/r_11",
            "rotation": 0.12566370614359174,
            "transform_matrix": [
                [
                    0.8768422603607178,
                    -0.33476895093917847,
                    0.3450760841369629,
                    1.391046166419983
                ],
                [
                    0.4807782769203186,
                    0.6105507612228394,
                    -0.6293489336967468,
                    -2.5369865894317627
                ],
                [
                    1.4901161193847656e-08,
                    0.7177448272705078,
                    0.6963062286376953,
                    2.8069002628326416
                ],
                [
                    0.0,
                    0.0,
                    0.0,
                    1.0
                ]
            ]
        },
        {
            "file_path": "/data/shapenet_blender/all_50_random/02958343/dbe713c83afe559316abce8cb03e7794/r_12",
            "rotation": 0.12566370614359174,
            "transform_matrix": [
                [
                    -0.1907361000776291,
                    -0.3610156774520874,
                    -0.9128457903862,
                    -3.6797988414764404
                ],
                [
                    -0.981641411781311,
                    0.07014650851488113,
                    0.1773688793182373,
                    0.7149968147277832
                ],
                [
                    0.0,
                    0.9299177527427673,
                    -0.36776745319366455,
                    -1.482517957687378
                ],
                [
                    0.0,
                    0.0,
                    0.0,
                    1.0
                ]
            ]
        },
        {
            "file_path": "/data/shapenet_blender/all_50_random/02958343/dbe713c83afe559316abce8cb03e7794/r_13",
            "rotation": 0.12566370614359174,
            "transform_matrix": [
                [
                    -0.8117183446884155,
                    -0.2246495932340622,
                    -0.5391159653663635,
                    -2.173245906829834
                ],
                [
                    -0.5840492248535156,
                    0.31222057342529297,
                    0.7492695450782776,
                    3.020402193069458
                ],
                [
                    0.0,
                    0.9230660200119019,
                    -0.38464152812957764,
                    -1.5505396127700806
                ],
                [
                    0.0,
                    0.0,
                    0.0,
                    1.0
                ]
            ]
        },
        {
            "file_path": "/data/shapenet_blender/all_50_random/02958343/dbe713c83afe559316abce8cb03e7794/r_14",
            "rotation": 0.12566370614359174,
            "transform_matrix": [
                [
                    -0.18408018350601196,
                    0.6983031034469604,
                    -0.6917276978492737,
                    -2.7884435653686523
                ],
                [
                    -0.982911229133606,
                    -0.13077861070632935,
                    0.12954717874526978,
                    0.5222213864326477
                ],
                [
                    1.4901161193847656e-08,
                    0.7037540078163147,
                    0.7104436755180359,
                    2.8638901710510254
                ],
                [
                    0.0,
                    0.0,
                    0.0,
                    1.0
                ]
            ]
        },
        {
            "file_path": "/data/shapenet_blender/all_50_random/02958343/dbe713c83afe559316abce8cb03e7794/r_15",
            "rotation": 0.12566370614359174,
            "transform_matrix": [
                [
                    0.7547739148139954,
                    0.34029361605644226,
                    -0.5608176589012146,
                    -2.260728359222412
                ],
                [
                    -0.6559848785400391,
                    0.39154067635536194,
                    -0.6452748775482178,
                    -2.6011862754821777
                ],
                [
                    1.4901160305669237e-08,
                    0.8549246788024902,
                    0.5187521576881409,
                    2.0911567211151123
                ],
                [
                    0.0,
                    0.0,
                    0.0,
                    1.0
                ]
            ]
        },
        {
            "file_path": "/data/shapenet_blender/all_50_random/02958343/dbe713c83afe559316abce8cb03e7794/r_16",
            "rotation": 0.12566370614359174,
            "transform_matrix": [
                [
                    -0.6087695956230164,
                    0.012939411215484142,
                    0.7932415008544922,
                    3.1976590156555176
                ],
                [
                    0.793347179889679,
                    0.009928969666361809,
                    0.6086885333061218,
                    2.453702211380005
                ],
                [
                    9.31322685637781e-10,
                    0.9998669028282166,
                    -0.01630989834666252,
                    -0.06574731320142746
                ],
                [
                    0.0,
                    0.0,
                    0.0,
                    1.0
                ]
            ]
        },
        {
            "file_path": "/data/shapenet_blender/all_50_random/02958343/dbe713c83afe559316abce8cb03e7794/r_17",
            "rotation": 0.12566370614359174,
            "transform_matrix": [
                [
                    0.16781733930110931,
                    -0.1780960112810135,
                    0.9695973992347717,
                    3.908572196960449
                ],
                [
                    0.9858181476593018,
                    0.030317557975649834,
                    -0.165056049823761,
                    -0.6653622388839722
                ],
                [
                    -1.862645149230957e-09,
                    0.9835460186004639,
                    0.18065807223320007,
                    0.7282559871673584
                ],
                [
                    0.0,
                    0.0,
                    0.0,
                    1.0
                ]
            ]
        },
        {
            "file_path": "/data/shapenet_blender/all_50_random/02958343/dbe713c83afe559316abce8cb03e7794/r_18",
            "rotation": 0.12566370614359174,
            "transform_matrix": [
                [
                    -0.15359532833099365,
                    -0.5352216362953186,
                    0.8306300044059753,
                    3.348376750946045
                ],
                [
                    0.9881339073181152,
                    -0.08319474756717682,
                    0.12911295890808105,
                    0.5204709768295288
                ],
                [
                    7.450581485102248e-09,
                    0.8406047821044922,
                    0.5416488647460938,
                    2.1834564208984375
                ],
                [
                    0.0,
                    0.0,
                    0.0,
                    1.0
                ]
            ]
        },
        {
            "file_path": "/data/shapenet_blender/all_50_random/02958343/dbe713c83afe559316abce8cb03e7794/r_19",
            "rotation": 0.12566370614359174,
            "transform_matrix": [
                [
                    -0.9377245903015137,
                    -0.16835053265094757,
                    0.30385980010032654,
                    1.224898099899292
                ],
                [
                    0.34737980365753174,
                    -0.4544491171836853,
                    0.8202458024024963,
                    3.3065168857574463
                ],
                [
                    0.0,
                    0.8747194409370422,
                    0.48462963104248047,
                    1.9536046981811523
                ],
                [
                    0.0,
                    0.0,
                    0.0,
                    1.0
                ]
            ]
        },
        {
            "file_path": "/data/shapenet_blender/all_50_random/02958343/dbe713c83afe559316abce8cb03e7794/r_20",
            "rotation": 0.12566370614359174,
            "transform_matrix": [
                [
                    0.9961446523666382,
                    -0.008031521923840046,
                    -0.08735813200473785,
                    -0.35215190052986145
                ],
                [
                    -0.08772656321525574,
                    -0.09119880944490433,
                    -0.9919610619544983,
                    -3.998723030090332
                ],
                [
                    -9.31322685637781e-10,
                    0.9958003163337708,
                    -0.091551773250103,
                    -0.3690569996833801
                ],
                [
                    0.0,
                    0.0,
                    0.0,
                    1.0
                ]
            ]
        },
        {
            "file_path": "/data/shapenet_blender/all_50_random/02958343/dbe713c83afe559316abce8cb03e7794/r_21",
            "rotation": 0.12566370614359174,
            "transform_matrix": [
                [
                    0.7058057188987732,
                    0.5509210228919983,
                    -0.4453360438346863,
                    -1.7952072620391846
                ],
                [
                    -0.7084054946899414,
                    0.548899233341217,
                    -0.44370174407958984,
                    -1.7886191606521606
                ],
                [
                    -1.4901161193847656e-08,
                    0.6286457777023315,
                    0.7776916027069092,
                    3.1349756717681885
                ],
                [
                    0.0,
                    0.0,
                    0.0,
                    1.0
                ]
            ]
        },
        {
            "file_path": "/data/shapenet_blender/all_50_random/02958343/dbe713c83afe559316abce8cb03e7794/r_22",
            "rotation": 0.12566370614359174,
            "transform_matrix": [
                [
                    0.8384936451911926,
                    -0.24918408691883087,
                    0.484598308801651,
                    1.9534780979156494
                ],
                [
                    0.5449111461639404,
                    0.3834373354911804,
                    -0.7456859946250916,
                    -3.0059561729431152
                ],
                [
                    0.0,
                    0.8893160820007324,
                    0.4572930634021759,
                    1.843407154083252
                ],
                [
                    0.0,
                    0.0,
                    0.0,
                    1.0
                ]
            ]
        },
        {
            "file_path": "/data/shapenet_blender/all_50_random/02958343/dbe713c83afe559316abce8cb03e7794/r_23",
            "rotation": 0.12566370614359174,
            "transform_matrix": [
                [
                    0.6727011799812317,
                    0.5688657760620117,
                    -0.4731435179710388,
                    -1.9073024988174438
                ],
                [
                    -0.7399142980575562,
                    0.5171905755996704,
                    -0.4301636219024658,
                    -1.7340450286865234
                ],
                [
                    0.0,
                    0.6394572257995605,
                    0.7688266634941101,
                    3.0992393493652344
                ],
                [
                    0.0,
                    0.0,
                    0.0,
                    1.0
                ]
            ]
        },
        {
            "file_path": "/data/shapenet_blender/all_50_random/02958343/dbe713c83afe559316abce8cb03e7794/r_24",
            "rotation": 0.12566370614359174,
            "transform_matrix": [
                [
                    0.33790892362594604,
                    0.260516881942749,
                    -0.9044049978256226,
                    -3.645773410797119
                ],
                [
                    -0.9411788582801819,
                    0.09353268146514893,
                    -0.324706107378006,
                    -1.3089323043823242
                ],
                [
                    -7.450580596923828e-09,
                    0.9609279632568359,
                    0.2767984867095947,
                    1.115810513496399
                ],
                [
                    0.0,
                    0.0,
                    0.0,
                    1.0
                ]
            ]
        },
        {
            "file_path": "/data/shapenet_blender/all_50_random/02958343/dbe713c83afe559316abce8cb03e7794/r_25",
            "rotation": 0.12566370614359174,
            "transform_matrix": [
                [
                    0.9627984166145325,
                    -0.02709789387881756,
                    -0.2688584625720978,
                    -1.0838032960891724
                ],
                [
                    -0.2702206075191498,
                    -0.09655003249645233,
                    -0.9579450488090515,
                    -3.861600160598755
                ],
                [
                    -1.862645149230957e-09,
                    0.9949591159820557,
                    -0.10028061270713806,
                    -0.4042441248893738
                ],
                [
                    0.0,
                    0.0,
                    0.0,
                    1.0
                ]
            ]
        },
        {
            "file_path": "/data/shapenet_blender/all_50_random/02958343/dbe713c83afe559316abce8cb03e7794/r_26",
            "rotation": 0.12566370614359174,
            "transform_matrix": [
                [
                    0.9891458749771118,
                    -0.04182420298457146,
                    0.1408587396144867,
                    0.5678197145462036
                ],
                [
                    0.14693687856197357,
                    0.2815510630607605,
                    -0.9482291340827942,
                    -3.8224339485168457
                ],
                [
                    -3.725290076417309e-09,
                    0.9586343169212341,
                    0.2846405804157257,
                    1.1474229097366333
                ],
                [
                    0.0,
                    0.0,
                    0.0,
                    1.0
                ]
            ]
        },
        {
            "file_path": "/data/shapenet_blender/all_50_random/02958343/dbe713c83afe559316abce8cb03e7794/r_27",
            "rotation": 0.12566370614359174,
            "transform_matrix": [
                [
                    -0.1017083004117012,
                    0.9486997723579407,
                    -0.299373060464859,
                    -1.2068114280700684
                ],
                [
                    -0.9948142766952515,
                    -0.09699362516403198,
                    0.030607448890805244,
                    0.1233825758099556
                ],
                [
                    1.862645149230957e-09,
                    0.3009335696697235,
                    0.9536450505256653,
                    3.844266176223755
                ],
                [
                    0.0,
                    0.0,
                    0.0,
                    1.0
                ]
            ]
        },
        {
            "file_path": "/data/shapenet_blender/all_50_random/02958343/dbe713c83afe559316abce8cb03e7794/r_28",
            "rotation": 0.12566370614359174,
            "transform_matrix": [
                [
                    0.9996691942214966,
                    -0.0003740548563655466,
                    0.025717081502079964,
                    0.10366886854171753
                ],
                [
                    0.02571980096399784,
                    0.01453864760696888,
                    -0.9995635151863098,
                    -4.029369354248047
                ],
                [
                    0.0,
                    0.9998943209648132,
                    0.014543458819389343,
                    0.058626558631658554
                ],
                [
                    0.0,
                    0.0,
                    0.0,
                    1.0
                ]
            ]
        },
        {
            "file_path": "/data/shapenet_blender/all_50_random/02958343/dbe713c83afe559316abce8cb03e7794/r_29",
            "rotation": 0.12566370614359174,
            "transform_matrix": [
                [
                    -0.9546763896942139,
                    -0.09354979544878006,
                    -0.2825623154640198,
                    -1.1390451192855835
                ],
                [
                    -0.29764580726623535,
                    0.3000538647174835,
                    0.9062972068786621,
                    3.6534008979797363
                ],
                [
                    0.0,
                    0.949323832988739,
                    -0.3142991364002228,
                    -1.2669802904129028
                ],
                [
                    0.0,
                    0.0,
                    0.0,
                    1.0
                ]
            ]
        },
        {
            "file_path": "/data/shapenet_blender/all_50_random/02958343/dbe713c83afe559316abce8cb03e7794/r_30",
            "rotation": 0.12566370614359174,
            "transform_matrix": [
                [
                    0.9975168108940125,
                    0.0036413499619811773,
                    -0.07033451646566391,
                    -0.2835274934768677
                ],
                [
                    -0.07042872160673141,
                    0.05157424136996269,
                    -0.9961826205253601,
                    -4.015740394592285
                ],
                [
                    0.0,
                    0.9986624717712402,
                    0.051702629774808884,
                    0.20841996371746063
                ],
                [
                    0.0,
                    0.0,
                    0.0,
                    1.0
                ]
            ]
        },
        {
            "file_path": "/data/shapenet_blender/all_50_random/02958343/dbe713c83afe559316abce8cb03e7794/r_31",
            "rotation": 0.12566370614359174,
            "transform_matrix": [
                [
                    -0.9743315577507019,
                    -0.033835820853710175,
                    0.22256052494049072,
                    0.8971701860427856
                ],
                [
                    0.22511786222457886,
                    -0.1464446634054184,
                    0.9632631540298462,
                    3.88303804397583
                ],
                [
                    0.0,
                    0.9886400103569031,
                    0.1503026932477951,
                    0.6058895587921143
                ],
                [
                    0.0,
                    0.0,
                    0.0,
                    1.0
                ]
            ]
        },
        {
            "file_path": "/data/shapenet_blender/all_50_random/02958343/dbe713c83afe559316abce8cb03e7794/r_32",
            "rotation": 0.12566370614359174,
            "transform_matrix": [
                [
                    -0.3320131003856659,
                    -0.24038733541965485,
                    -0.9121299386024475,
                    -3.6769137382507324
                ],
                [
                    -0.943274736404419,
                    0.08461134880781174,
                    0.3210507929325104,
                    1.2941973209381104
                ],
                [
                    0.0,
                    0.9669823050498962,
                    -0.2548433542251587,
                    -1.0273065567016602
                ],
                [
                    0.0,
                    0.0,
                    0.0,
                    1.0
                ]
            ]
        },
        {
            "file_path": "/data/shapenet_blender/all_50_random/02958343/dbe713c83afe559316abce8cb03e7794/r_33",
            "rotation": 0.12566370614359174,
            "transform_matrix": [
                [
                    -0.2396792322397232,
                    -0.7249458432197571,
                    0.6457610726356506,
                    2.6031460762023926
                ],
                [
                    0.9708521962165833,
                    -0.1789710819721222,
                    0.15942232310771942,
                    0.6426519155502319
                ],
                [
                    7.450581485102248e-09,
                    0.6651487350463867,
                    0.7467108368873596,
                    3.010087728500366
                ],
                [
                    0.0,
                    0.0,
                    0.0,
                    1.0
                ]
            ]
        },
        {
            "file_path": "/data/shapenet_blender/all_50_random/02958343/dbe713c83afe559316abce8cb03e7794/r_34",
            "rotation": 0.12566370614359174,
            "transform_matrix": [
                [
                    -0.9404587745666504,
                    -0.06280810385942459,
                    0.334054559469223,
                    1.3466168642044067
                ],
                [
                    0.33990779519081116,
                    -0.17377781867980957,
                    0.9242640733718872,
                    3.725827217102051
                ],
                [
                    -3.725290298461914e-09,
                    0.982779860496521,
                    0.18477986752986908,
                    0.7448713779449463
                ],
                [
                    0.0,
                    0.0,
                    0.0,
                    1.0
                ]
            ]
        },
        {
            "file_path": "/data/shapenet_blender/all_50_random/02958343/dbe713c83afe559316abce8cb03e7794/r_35",
            "rotation": 0.12566370614359174,
            "transform_matrix": [
                [
                    0.973687469959259,
                    -0.18002715706825256,
                    -0.13972453773021698,
                    -0.5632476210594177
                ],
                [
                    -0.22788751125335693,
                    -0.769196093082428,
                    -0.5969964265823364,
                    -2.406569480895996
                ],
                [
                    0.0,
                    0.6131293773651123,
                    -0.7899824976921082,
                    -3.184521198272705
                ],
                [
                    0.0,
                    0.0,
                    0.0,
                    1.0
                ]
            ]
        },
        {
            "file_path": "/data/shapenet_blender/all_50_random/02958343/dbe713c83afe559316abce8cb03e7794/r_36",
            "rotation": 0.12566370614359174,
            "transform_matrix": [
                [
                    0.9328612089157104,
                    0.049193914979696274,
                    0.35686126351356506,
                    1.438553810119629
                ],
                [
                    0.3602360486984253,
                    -0.1273917257785797,
                    -0.9241219162940979,
                    -3.725254535675049
                ],
                [
                    -3.725290298461914e-09,
                    0.9906318187713623,
                    -0.13656021654605865,
                    -0.5504918694496155
                ],
                [
                    0.0,
                    0.0,
                    0.0,
                    1.0
                ]
            ]
        },
        {
            "file_path": "/data/shapenet_blender/all_50_random/02958343/dbe713c83afe559316abce8cb03e7794/r_37",
            "rotation": 0.12566370614359174,
            "transform_matrix": [
                [
                    0.698868989944458,
                    -0.6998043656349182,
                    -0.14783743023872375,
                    -0.5959517359733582
                ],
                [
                    -0.7152495384216309,
                    -0.6837775111198425,
                    -0.14445167779922485,
                    -0.5823033452033997
                ],
                [
                    0.0,
                    0.20669333636760712,
                    -0.9784057140350342,
                    -3.944079637527466
                ],
                [
                    0.0,
                    0.0,
                    0.0,
                    1.0
                ]
            ]
        },
        {
            "file_path": "/data/shapenet_blender/all_50_random/02958343/dbe713c83afe559316abce8cb03e7794/r_38",
            "rotation": 0.12566370614359174,
            "transform_matrix": [
                [
                    -0.4484293460845947,
                    0.35117679834365845,
                    -0.8219403624534607,
                    -3.313347578048706
                ],
                [
                    -0.8938183188438416,
                    -0.17618568241596222,
                    0.4123680889606476,
                    1.662308931350708
                ],
                [
                    -1.4901161193847656e-08,
                    0.9195832014083862,
                    0.3928951323032379,
                    1.5838109254837036
                ],
                [
                    0.0,
                    0.0,
                    0.0,
                    1.0
                ]
            ]
        },
        {
            "file_path": "/data/shapenet_blender/all_50_random/02958343/dbe713c83afe559316abce8cb03e7794/r_39",
            "rotation": 0.12566370614359174,
            "transform_matrix": [
                [
                    0.9997414946556091,
                    0.00013363832840695977,
                    -0.022737927734851837,
                    -0.09165951609611511
                ],
                [
                    -0.022738322615623474,
                    0.0058757103979587555,
                    -0.9997242093086243,
                    -4.030016899108887
                ],
                [
                    0.0,
                    0.9999828338623047,
                    0.005877228919416666,
                    0.023691866546869278
                ],
                [
                    0.0,
                    0.0,
                    0.0,
                    1.0
                ]
            ]
        },
        {
            "file_path": "/data/shapenet_blender/all_50_random/02958343/dbe713c83afe559316abce8cb03e7794/r_40",
            "rotation": 0.12566370614359174,
            "transform_matrix": [
                [
                    0.30030959844589233,
                    -0.7828361988067627,
                    0.544960081577301,
                    2.1968042850494385
                ],
                [
                    0.9538418054580688,
                    0.24646984040737152,
                    -0.1715763956308365,
                    -0.6916465759277344
                ],
                [
                    -1.4901162970204496e-08,
                    0.5713316798210144,
                    0.8207191824913025,
                    3.308424949645996
                ],
                [
                    0.0,
                    0.0,
                    0.0,
                    1.0
                ]
            ]
        },
        {
            "file_path": "/data/shapenet_blender/all_50_random/02958343/dbe713c83afe559316abce8cb03e7794/r_41",
            "rotation": 0.12566370614359174,
            "transform_matrix": [
                [
                    0.476112425327301,
                    0.5741004943847656,
                    -0.6661273241043091,
                    -2.6852452754974365
                ],
                [
                    -0.8793843984603882,
                    0.31082695722579956,
                    -0.36065173149108887,
