{
    "class": "02958343",
    "model": "3363bde33b9abfbf7c5640de9da0cd4",
    "remove_doubles": true,
    "edge_split": true,
    "denoise": true,
    "camera_angle_x": 0.6911112070083618,
    "scale_factor": 2.2735875060406423,
    "hdri_file": "/data/IndoorHDRDataset2018/AG8A7295-a7ccdc0d4f.exr",
    "center_offset": [
        0.0,
        0.0,
        -3.725290298461914e-09
    ],
    "lights": [],
    "frames": [
        {
            "file_path": "/data/shapenet_blender/all_50_random/02958343/3363bde33b9abfbf7c5640de9da0cd4/r_0",
            "rotation": 0.12566370614359174,
            "transform_matrix": [
                [
                    -0.8061424493789673,
                    -0.25762513279914856,
                    0.5326946973800659,
                    2.1473610401153564
                ],
                [
                    0.5917215347290039,
                    -0.3509802222251892,
                    0.7257261276245117,
                    2.9254956245422363
                ],
                [
                    0.0,
                    0.9002455472946167,
                    0.4353823959827423,
                    1.755082607269287
                ],
                [
                    0.0,
                    0.0,
                    0.0,
                    1.0
                ]
            ]
        },
        {
            "file_path": "/data/shapenet_blender/all_50_random/02958343/3363bde33b9abfbf7c5640de9da0cd4/r_1",
            "rotation": 0.12566370614359174,
            "transform_matrix": [
                [
                    0.20014072954654694,
                    0.9038968086242676,
                    -0.37803998589515686,
                    -1.5239280462265015
                ],
                [
                    -0.9797672629356384,
                    0.18464237451553345,
                    -0.07722364366054535,
                    -0.3112984895706177
                ],
                [
                    -7.450581485102248e-09,
                    0.38584673404693604,
                    0.9225627779960632,
                    3.7189698219299316
                ],
                [
                    0.0,
                    0.0,
                    0.0,
                    1.0
                ]
            ]
        },
        {
            "file_path": "/data/shapenet_blender/all_50_random/02958343/3363bde33b9abfbf7c5640de9da0cd4/r_2",
            "rotation": 0.12566370614359174,
            "transform_matrix": [
                [
                    -0.8285766243934631,
                    0.23559768497943878,
                    -0.5078921318054199,
                    -2.0473790168762207
                ],
                [
                    -0.5598756074905396,
                    -0.34866800904273987,
                    0.7516446113586426,
                    3.0299768447875977
                ],
                [
                    0.0,
                    0.9071517586708069,
                    0.4208034873008728,
                    1.6963133811950684
                ],
                [
                    0.0,
                    0.0,
                    0.0,
                    1.0
                ]
            ]
        },
        {
            "file_path": "/data/shapenet_blender/all_50_random/02958343/3363bde33b9abfbf7c5640de9da0cd4/r_3",
            "rotation": 0.12566370614359174,
            "transform_matrix": [
                [
                    -0.06356801092624664,
                    -0.04378797113895416,
                    -0.9970163702964783,
                    -4.019101619720459
                ],
                [
                    -0.9979774951934814,
                    0.0027891555801033974,
                    0.06350679695606232,
                    0.25600409507751465
                ],
                [
                    0.0,
                    0.9990368485450745,
                    -0.04387671500444412,
                    -0.17687270045280457
                ],
                [
                    0.0,
                    0.0,
                    0.0,
                    1.0
                ]
            ]
        },
        {
            "file_path": "/data/shapenet_blender/all_50_random/02958343/3363bde33b9abfbf7c5640de9da0cd4/r_4",
            "rotation": 0.12566370614359174,
            "transform_matrix": [
                [
                    0.9457095265388489,
                    -0.13826201856136322,
                    0.29413825273513794,
                    1.1857092380523682
                ],
                [
                    0.3250133991241455,
                    0.4023086428642273,
                    -0.8558703064918518,
                    -3.4501235485076904
                ],
                [
                    0.0,
                    0.9050034284591675,
                    0.4254041016101837,
                    1.7148587703704834
                ],
                [
                    0.0,
                    0.0,
                    0.0,
                    1.0
                ]
            ]
        },
        {
            "file_path": "/data/shapenet_blender/all_50_random/02958343/3363bde33b9abfbf7c5640de9da0cd4/r_5",
            "rotation": 0.12566370614359174,
            "transform_matrix": [
                [
                    -0.5627384185791016,
                    -0.2584705948829651,
                    0.7851868271827698,
                    3.165189266204834
                ],
                [
                    0.82663494348526,
                    -0.17595596611499786,
                    0.534522294998169,
                    2.1547281742095947
                ],
                [
                    1.4901160305669237e-08,
                    0.949859082698822,
                    0.3126780688762665,
                    1.2604455947875977
                ],
                [
                    0.0,
                    0.0,
                    0.0,
                    1.0
                ]
            ]
        },
        {
            "file_path": "/data/shapenet_blender/all_50_random/02958343/3363bde33b9abfbf7c5640de9da0cd4/r_6",
            "rotation": 0.12566370614359174,
            "transform_matrix": [
                [
                    -0.6392505168914795,
                    0.29486897587776184,
                    -0.7102189660072327,
                    -2.8629841804504395
                ],
                [
                    -0.7689984440803528,
                    -0.24511773884296417,
                    0.5903884768486023,
                    2.379932165145874
                ],
                [
                    -1.4901160305669237e-08,
                    0.9235634207725525,
                    0.38344547152519226,
                    1.5457181930541992
                ],
                [
                    0.0,
                    0.0,
                    0.0,
                    1.0
                ]
            ]
        },
        {
            "file_path": "/data/shapenet_blender/all_50_random/02958343/3363bde33b9abfbf7c5640de9da0cd4/r_7",
            "rotation": 0.12566370614359174,
            "transform_matrix": [
                [
                    -0.898313581943512,
                    0.006552019622176886,
                    -0.43930599093437195,
                    -1.7708991765975952
                ],
                [
                    -0.43935489654541016,
                    -0.013396386988461018,
                    0.8982135653495789,
                    3.6208150386810303
                ],
                [
                    0.0,
                    0.9998888373374939,
                    0.014912815764546394,
                    0.06011548638343811
                ],
                [
                    0.0,
                    0.0,
                    0.0,
                    1.0
                ]
            ]
        },
        {
            "file_path": "/data/shapenet_blender/all_50_random/02958343/3363bde33b9abfbf7c5640de9da0cd4/r_8",
            "rotation": 0.12566370614359174,
            "transform_matrix": [
                [
                    0.9341663122177124,
                    -0.18749195337295532,
                    0.30361178517341614,
                    1.2238982915878296
                ],
                [
                    0.35683801770210266,
                    0.4908352494239807,
                    -0.7948253750801086,
                    -3.2040436267852783
                ],
                [
                    0.0,
                    0.8508392572402954,
                    0.5254259705543518,
                    2.1180598735809326
                ],
                [
                    0.0,
                    0.0,
                    0.0,
                    1.0
                ]
            ]
        },
        {
            "file_path": "/data/shapenet_blender/all_50_random/02958343/3363bde33b9abfbf7c5640de9da0cd4/r_9",
            "rotation": 0.12566370614359174,
            "transform_matrix": [
                [
                    -0.9024567008018494,
                    0.03743063658475876,
                    0.4291514754295349,
                    1.7299649715423584
                ],
                [
                    0.4307807683944702,
                    0.0784146636724472,
                    0.8990434408187866,
                    3.624160051345825
                ],
                [
                    0.0,
                    0.9962178468704224,
                    -0.08689023554325104,
                    -0.3502657413482666
                ],
                [
                    0.0,
                    0.0,
                    0.0,
                    1.0
                ]
            ]
        },
        {
            "file_path": "/data/shapenet_blender/all_50_random/02958343/3363bde33b9abfbf7c5640de9da0cd4/r_10",
            "rotation": 0.12566370614359174,
            "transform_matrix": [
                [
                    0.9384399652481079,
                    -0.06719285994768143,
                    -0.33884456753730774,
                    -1.3659262657165527
                ],
                [
                    -0.345442533493042,
                    -0.1825381964445114,
                    -0.9205157160758972,
                    -3.7107176780700684
                ],
                [
                    3.725290298461914e-09,
                    0.9809001088142395,
                    -0.19451238214969635,
                    -0.7841045260429382
                ],
                [
                    0.0,
                    0.0,
                    0.0,
                    1.0
                ]
            ]
        },
        {
            "file_path": "/data/shapenet_blender/all_50_random/02958343/3363bde33b9abfbf7c5640de9da0cd4/r_11",
            "rotation": 0.12566370614359174,
            "transform_matrix": [
                [
                    0.412943959236145,
                    0.3710003197193146,
                    0.8317667245864868,
                    3.352959156036377
                ],
                [
                    0.9107564091682434,
                    -0.16821439564228058,
                    -0.3771294355392456,
                    -1.5202574729919434
                ],
                [
                    0.0,
                    0.9132703542709351,
                    -0.4073539972305298,
                    -1.6420966386795044
                ],
                [
                    0.0,
                    0.0,
                    0.0,
                    1.0
                ]
            ]
        },
        {
            "file_path": "/data/shapenet_blender/all_50_random/02958343/3363bde33b9abfbf7c5640de9da0cd4/r_12",
            "rotation": 0.12566370614359174,
            "transform_matrix": [
                [
                    0.325577974319458,
                    0.8785691857337952,
                    -0.34944990277290344,
                    -1.408677577972412
                ],
                [
                    -0.9455152153968811,
                    0.3025258481502533,
                    -0.12032932043075562,
                    -0.48506301641464233
                ],
                [
                    -7.450580596923828e-09,
                    0.36958667635917664,
                    0.9291961789131165,
                    3.7457096576690674
                ],
                [
                    0.0,
                    0.0,
                    0.0,
                    1.0
                ]
            ]
        },
        {
            "file_path": "/data/shapenet_blender/all_50_random/02958343/3363bde33b9abfbf7c5640de9da0cd4/r_13",
            "rotation": 0.12566370614359174,
            "transform_matrix": [
                [
                    -0.9199200868606567,
                    -0.16357244551181793,
                    -0.35635805130004883,
                    -1.4365253448486328
                ],
                [
                    -0.3921058773994446,
                    0.38375747203826904,
                    0.8360520005226135,
                    3.3702337741851807
                ],
                [
                    0.0,
                    0.9088311791419983,
                    -0.4171639680862427,
                    -1.6816418170928955
                ],
                [
                    0.0,
                    0.0,
                    0.0,
                    1.0
                ]
            ]
        },
        {
            "file_path": "/data/shapenet_blender/all_50_random/02958343/3363bde33b9abfbf7c5640de9da0cd4/r_14",
            "rotation": 0.12566370614359174,
            "transform_matrix": [
                [
                    -0.01933557167649269,
                    0.3774869740009308,
                    -0.9258130192756653,
                    -3.7320716381073
                ],
                [
                    -0.9998130202293396,
                    -0.0073002916760742664,
                    0.01790447160601616,
                    0.07217523455619812
                ],
                [
                    -4.6566125955216364e-10,
                    0.9259861707687378,
                    0.37755754590034485,
                    1.5219831466674805
                ],
                [
                    0.0,
                    0.0,
                    0.0,
                    1.0
                ]
            ]
        },
        {
            "file_path": "/data/shapenet_blender/all_50_random/02958343/3363bde33b9abfbf7c5640de9da0cd4/r_15",
            "rotation": 0.12566370614359174,
            "transform_matrix": [
                [
                    0.4273822009563446,
                    0.33440524339675903,
                    0.8399509191513062,
                    3.3859505653381348
                ],
                [
                    0.9040711522102356,
                    -0.15808363258838654,
                    -0.39707058668136597,
                    -1.6006426811218262
                ],
                [
                    0.0,
                    0.9290761947631836,
                    -0.36988821625709534,
                    -1.4910670518875122
                ],
                [
                    0.0,
                    0.0,
                    0.0,
                    1.0
                ]
            ]
        },
        {
            "file_path": "/data/shapenet_blender/all_50_random/02958343/3363bde33b9abfbf7c5640de9da0cd4/r_16",
            "rotation": 0.12566370614359174,
            "transform_matrix": [
                [
                    0.5966002345085144,
                    -0.01850389875471592,
                    -0.8023253083229065,
                    -3.234276294708252
                ],
                [
                    -0.8025385737419128,
                    -0.013755638152360916,
                    -0.5964416861534119,
                    -2.4043331146240234
                ],
                [
                    0.0,
                    0.9997341632843018,
                    -0.02305671013891697,
                    -0.09294456243515015
                ],
                [
                    0.0,
                    0.0,
                    0.0,
                    1.0
                ]
            ]
        },
        {
            "file_path": "/data/shapenet_blender/all_50_random/02958343/3363bde33b9abfbf7c5640de9da0cd4/r_17",
            "rotation": 0.12566370614359174,
            "transform_matrix": [
                [
                    0.9323717355728149,
                    -0.3254038095474243,
                    -0.15746518969535828,
                    -0.6347624659538269
                ],
                [
                    -0.36150091886520386,
                    -0.8392711877822876,
                    -0.40612924098968506,
                    -1.6371593475341797
                ],
                [
                    0.0,
                    0.4355871081352234,
                    -0.9001465439796448,
                    -3.6286067962646484
                ],
                [
                    0.0,
                    0.0,
                    0.0,
                    1.0
                ]
            ]
        },
        {
            "file_path": "/data/shapenet_blender/all_50_random/02958343/3363bde33b9abfbf7c5640de9da0cd4/r_18",
            "rotation": 0.12566370614359174,
            "transform_matrix": [
                [
                    0.7175909876823425,
                    0.4124790132045746,
                    -0.5611810684204102,
                    -2.262193202972412
                ],
                [
                    -0.6964647173881531,
                    0.4249909818172455,
                    -0.5782037377357483,
                    -2.3308138847351074
                ],
                [
                    -1.4901160305669237e-08,
                    0.8057565689086914,
                    0.5922467708587646,
                    2.387423038482666
                ],
                [
                    0.0,
                    0.0,
                    0.0,
                    1.0
                ]
            ]
        },
        {
            "file_path": "/data/shapenet_blender/all_50_random/02958343/3363bde33b9abfbf7c5640de9da0cd4/r_19",
            "rotation": 0.12566370614359174,
            "transform_matrix": [
                [
                    -0.9125611186027527,
                    0.18333126604557037,
                    -0.3655434250831604,
                    -1.4735527038574219
                ],
                [
                    -0.40894055366516113,
                    -0.40910831093788147,
                    0.8157193064689636,
                    3.2882697582244873
                ],
                [
                    0.0,
                    0.8938791751861572,
                    0.4483078420162201,
                    1.8071867227554321
                ],
                [
                    0.0,
                    0.0,
                    0.0,
                    1.0
                ]
            ]
        },
        {
            "file_path": "/data/shapenet_blender/all_50_random/02958343/3363bde33b9abfbf7c5640de9da0cd4/r_20",
            "rotation": 0.12566370614359174,
            "transform_matrix": [
                [
                    -0.5433065295219421,
                    -0.045987702906131744,
                    -0.8382738828659058,
                    -3.37919020652771
                ],
                [
                    -0.8395344018936157,
                    0.029761044308543205,
                    0.5424907803535461,
                    2.1868503093719482
                ],
                [
                    1.862645149230957e-09,
                    0.9984985589981079,
                    -0.05477762967348099,
                    -0.22081568837165833
                ],
                [
                    0.0,
                    0.0,
                    0.0,
                    1.0
                ]
            ]
        },
        {
            "file_path": "/data/shapenet_blender/all_50_random/02958343/3363bde33b9abfbf7c5640de9da0cd4/r_21",
            "rotation": 0.12566370614359174,
            "transform_matrix": [
                [
                    -0.25281190872192383,
                    -0.25993090867996216,
                    -0.9319453239440918,
                    -3.756791830062866
                ],
                [
                    -0.9675154685974121,
                    0.06791997700929642,
                    0.2435174137353897,
                    0.9816501140594482
                ],
                [
                    0.0,
                    0.9632355570793152,
                    -0.2686581611633301,
                    -1.0829956531524658
                ],
                [
                    0.0,
                    0.0,
                    0.0,
                    1.0
                ]
            ]
        },
        {
            "file_path": "/data/shapenet_blender/all_50_random/02958343/3363bde33b9abfbf7c5640de9da0cd4/r_22",
            "rotation": 0.12566370614359174,
            "transform_matrix": [
                [
                    -0.8438416719436646,
                    0.03933063894510269,
                    0.5351488590240479,
                    2.1572539806365967
                ],
                [
                    0.5365921854972839,
                    0.061851128935813904,
                    0.8415719270706177,
                    3.3924849033355713
                ],
                [
                    3.7252898543727042e-09,
                    0.9973101019859314,
                    -0.07329707592725754,
                    -0.2954699695110321
                ],
                [
                    0.0,
                    0.0,
                    0.0,
                    1.0
                ]
            ]
        },
        {
            "file_path": "/data/shapenet_blender/all_50_random/02958343/3363bde33b9abfbf7c5640de9da0cd4/r_23",
            "rotation": 0.12566370614359174,
            "transform_matrix": [
                [
                    -0.29491153359413147,
                    -0.22729408740997314,
                    -0.9280972480773926,
                    -3.7412798404693604
                ],
                [
                    -0.9555245637893677,
                    0.0701516717672348,
                    0.28644639253616333,
                    1.1547024250030518
                ],
                [
                    0.0,
                    0.9712960124015808,
                    -0.23787365853786469,
                    -0.9588994383811951
                ],
                [
                    0.0,
                    0.0,
                    0.0,
                    1.0
                ]
            ]
        },
        {
            "file_path": "/data/shapenet_blender/all_50_random/02958343/3363bde33b9abfbf7c5640de9da0cd4/r_24",
            "rotation": 0.12566370614359174,
            "transform_matrix": [
                [
                    -0.9875358939170837,
                    -0.0034683875273913145,
                    -0.15735581517219543,
                    -0.6343215703964233
                ],
                [
                    -0.15739403665065765,
                    0.02176167070865631,
                    0.9872960448265076,
                    3.9799177646636963
                ],
                [
                    2.3283067140944524e-10,
                    0.9997571110725403,
                    -0.02203633449971676,
                    -0.08883130550384521
                ],
                [
                    0.0,
                    0.0,
                    0.0,
                    1.0
                ]
            ]
        },
        {
            "file_path": "/data/shapenet_blender/all_50_random/02958343/3363bde33b9abfbf7c5640de9da0cd4/r_25",
            "rotation": 0.12566370614359174,
            "transform_matrix": [
                [
                    0.9796975255012512,
                    -0.1603356897830963,
                    0.12035493552684784,
                    0.4851662516593933
                ],
                [
                    0.20048154890537262,
                    0.7835159301757812,
                    -0.5881410837173462,
                    -2.3708724975585938
                ],
                [
                    0.0,
                    0.6003291606903076,
                    0.799752950668335,
                    3.223907232284546
                ],
                [
                    0.0,
                    0.0,
                    0.0,
                    1.0
                ]
            ]
        },
        {
            "file_path": "/data/shapenet_blender/all_50_random/02958343/3363bde33b9abfbf7c5640de9da0cd4/r_26",
            "rotation": 0.12566370614359174,
            "transform_matrix": [
                [
                    -0.7963149547576904,
                    0.36440128087997437,
                    0.4827982783317566,
                    1.946222186088562
                ],
                [
                    0.6048822402954102,
                    0.47972676157951355,
                    0.6355939507484436,
                    2.562161445617676
                ],
                [
                    1.4901161193847656e-08,
                    0.7981690764427185,
                    -0.6024333834648132,
                    -2.4284868240356445
                ],
                [
                    0.0,
                    0.0,
                    0.0,
                    1.0
                ]
            ]
        },
        {
            "file_path": "/data/shapenet_blender/all_50_random/02958343/3363bde33b9abfbf7c5640de9da0cd4/r_27",
            "rotation": 0.12566370614359174,
            "transform_matrix": [
                [
                    -0.9255625009536743,
                    -0.06274956464767456,
                    0.37335866689682007,
                    1.5050569772720337
                ],
                [
                    0.37859511375427246,
                    -0.15340569615364075,
                    0.912760853767395,
                    3.6794567108154297
                ],
                [
                    0.0,
                    0.9861689805984497,
                    0.16574320197105408,
                    0.6681322455406189
                ],
                [
                    0.0,
                    0.0,
                    0.0,
                    1.0
                ]
            ]
        },
        {
            "file_path": "/data/shapenet_blender/all_50_random/02958343/3363bde33b9abfbf7c5640de9da0cd4/r_28",
            "rotation": 0.12566370614359174,
            "transform_matrix": [
                [
                    -0.542661190032959,
                    0.7185792922973633,
                    -0.434928297996521,
                    -1.7532520294189453
                ],
                [
                    -0.8399516344070435,
                    -0.46424707770347595,
                    0.2809908092021942,
                    1.1327102184295654
                ],
                [
                    -1.4901159417490817e-08,
                    0.5178015232086182,
                    0.8555007576942444,
                    3.448633909225464
                ],
                [
                    0.0,
                    0.0,
                    0.0,
                    1.0
                ]
            ]
        },
        {
            "file_path": "/data/shapenet_blender/all_50_random/02958343/3363bde33b9abfbf7c5640de9da0cd4/r_29",
            "rotation": 0.12566370614359174,
            "transform_matrix": [
                [
                    -0.9291644096374512,
                    -0.08167306333780289,
                    -0.3605315387248993,
                    -1.4533491134643555
                ],
                [
                    -0.36966672539711,
                    0.20528681576251984,
                    0.9062029719352722,
                    3.6530208587646484
                ],
                [
                    0.0,
                    0.9752881526947021,
                    -0.22093699872493744,
                    -0.8906254768371582
                ],
                [
                    0.0,
                    0.0,
                    0.0,
                    1.0
                ]
            ]
        },
        {
            "file_path": "/data/shapenet_blender/all_50_random/02958343/3363bde33b9abfbf7c5640de9da0cd4/r_30",
            "rotation": 0.12566370614359174,
            "transform_matrix": [
                [
                    0.31774285435676575,
                    -0.5608167052268982,
                    -0.764541745185852,
                    -3.0819664001464844
                ],
                [
                    -0.9481770396232605,
                    -0.18793483078479767,
                    -0.2562049627304077,
                    -1.0327951908111572
                ],
                [
                    1.4901162970204496e-08,
                    0.8063281178474426,
                    -0.5914683938026428,
                    -2.3842854499816895
                ],
                [
                    0.0,
                    0.0,
                    0.0,
                    1.0
                ]
            ]
        },
        {
            "file_path": "/data/shapenet_blender/all_50_random/02958343/3363bde33b9abfbf7c5640de9da0cd4/r_31",
            "rotation": 0.12566370614359174,
            "transform_matrix": [
                [
                    0.8680375218391418,
                    -0.16898135840892792,
                    0.4668578803539276,
                    1.8819643259048462
                ],
                [
                    0.4964987635612488,
                    0.29543307423591614,
                    -0.8162158131599426,
                    -3.290271282196045
                ],
                [
                    0.0,
                    0.9403002262115479,
                    0.3403460383415222,
                    1.371978759765625
                ],
                [
                    0.0,
                    0.0,
                    0.0,
                    1.0
                ]
            ]
        },
        {
            "file_path": "/data/shapenet_blender/all_50_random/02958343/3363bde33b9abfbf7c5640de9da0cd4/r_32",
            "rotation": 0.12566370614359174,
            "transform_matrix": [
                [
                    -0.9959709644317627,
                    0.05196675658226013,
                    0.07308541238307953,
                    0.2946167588233948
                ],
                [
                    0.08967732638120651,
                    0.5771511793136597,
                    0.8116984367370605,
                    3.272061347961426
                ],
                [
                    3.725290742551124e-09,
                    0.8149820566177368,
                    -0.5794860124588013,
                    -2.3359830379486084
                ],
                [
                    0.0,
                    0.0,
                    0.0,
                    1.0
                ]
            ]
        },
        {
            "file_path": "/data/shapenet_blender/all_50_random/02958343/3363bde33b9abfbf7c5640de9da0cd4/r_33",
            "rotation": 0.12566370614359174,
            "transform_matrix": [
                [
                    -0.7519719004631042,
                    -0.3917493522167206,
                    -0.5301609039306641,
                    -2.1371469497680664
                ],
                [
                    -0.6591950058937073,
                    0.44688525795936584,
                    0.6047772765159607,
                    2.4379351139068604
                ],
                [
                    -1.4901158529312397e-08,
                    0.8042550086975098,
                    -0.5942844152450562,
                    -2.395637035369873
                ],
                [
                    0.0,
                    0.0,
                    0.0,
                    1.0
                ]
            ]
        },
        {
            "file_path": "/data/shapenet_blender/all_50_random/02958343/3363bde33b9abfbf7c5640de9da0cd4/r_34",
            "rotation": 0.12566370614359174,
            "transform_matrix": [
                [
                    0.9137107133865356,
                    -0.37630560994148254,
                    0.15338407456874847,
                    0.6183109879493713
                ],
                [
                    0.4063650965690613,
                    0.8461220860481262,
                    -0.34488365054130554,
                    -1.390270471572876
                ],
                [
                    0.0,
                    0.37745389342308044,
                    0.9260283708572388,
                    3.7329397201538086
                ],
                [
                    0.0,
                    0.0,
                    0.0,
                    1.0
                ]
            ]
        },
        {
            "file_path": "/data/shapenet_blender/all_50_random/02958343/3363bde33b9abfbf7c5640de9da0cd4/r_35",
            "rotation": 0.12566370614359174,
            "transform_matrix": [
                [
                    -0.3393629193305969,
                    -0.1846439242362976,
                    0.9223553538322449,
                    3.7181332111358643
                ],
                [
                    0.940655529499054,
                    -0.06661450862884521,
                    0.3327607214450836,
                    1.3414013385772705
                ],
                [
                    0.0,
                    0.9805452227592468,
                    0.19629280269145966,
                    0.7912815809249878
                ],
                [
                    0.0,
                    0.0,
                    0.0,
                    1.0
                ]
            ]
        },
        {
            "file_path": "/data/shapenet_blender/all_50_random/02958343/3363bde33b9abfbf7c5640de9da0cd4/r_36",
            "rotation": 0.12566370614359174,
            "transform_matrix": [
                [
                    -0.3621317446231842,
                    0.882007896900177,
                    0.3015337288379669,
                    1.2155213356018066
                ],
                [
                    0.9321269392967224,
                    0.34266048669815063,
                    0.11714599281549454,
                    0.47223061323165894
                ],
                [
                    -7.450580596923828e-09,
                    0.32348984479904175,
                    -0.9462316036224365,
                    -3.8143815994262695
                ],
                [
                    0.0,
                    0.0,
                    0.0,
                    1.0
                ]
            ]
        },
        {
            "file_path": "/data/shapenet_blender/all_50_random/02958343/3363bde33b9abfbf7c5640de9da0cd4/r_37",
            "rotation": 0.12566370614359174,
            "transform_matrix": [
                [
                    -0.9079487919807434,
                    -0.045709334313869476,
                    0.41658079624176025,
                    1.679291009902954
                ],
                [
                    0.41908103227615356,
                    -0.09903033822774887,
                    0.9025319814682007,
                    3.6382229328155518
                ],
                [
                    0.0,
                    0.9940340518951416,
                    0.10907038301229477,
                    0.43967682123184204
                ],
                [
                    0.0,
                    0.0,
                    0.0,
                    1.0
                ]
            ]
        },
        {
            "file_path": "/data/shapenet_blender/all_50_random/02958343/3363bde33b9abfbf7c5640de9da0cd4/r_38",
            "rotation": 0.12566370614359174,
            "transform_matrix": [
                [
                    0.9861798882484436,
                    -0.12426747381687164,
                    -0.10957574844360352,
                    -0.44171398878097534
                ],
                [
                    -0.16567814350128174,
                    -0.7396876811981201,
                    -0.652236819267273,
                    -2.629251003265381
                ],
                [
                    -7.450580596923828e-09,
                    0.6613771915435791,
                    -0.7500534057617188,
                    -3.02356219291687
                ],
                [
                    0.0,
                    0.0,
                    0.0,
                    1.0
                ]
            ]
        },
        {
            "file_path": "/data/shapenet_blender/all_50_random/02958343/3363bde33b9abfbf7c5640de9da0cd4/r_39",
            "rotation": 0.12566370614359174,
            "transform_matrix": [
                [
                    -0.006430380512028933,
                    0.9933745861053467,
                    0.11474114656448364,
                    0.46253636479377747
                ],
                [
                    0.9999792575836182,
                    0.006387908942997456,
                    0.0007378445006906986,
                    0.0029743462800979614
                ],
                [
                    0.0,
                    0.11474347114562988,
                    -0.9933950901031494,
                    -4.0045037269592285
                ],
                [
                    0.0,
                    0.0,
                    0.0,
                    1.0
                ]
            ]
        },
        {
            "file_path": "/data/shapenet_blender/all_50_random/02958343/3363bde33b9abfbf7c5640de9da0cd4/r_40",
            "rotation": 0.12566370614359174,
            "transform_matrix": [
                [
                    0.12736767530441284,
                    -0.30204448103904724,
                    -0.9447467923164368,
                    -3.808396339416504
                ],
                [
                    -0.9918556213378906,
                    -0.038786593824625015,
                    -0.1213182657957077,
                    -0.48904961347579956
                ],
                [
                    3.725290298461914e-09,
                    0.9525044560432434,
                    -0.30452460050582886,
                    -1.227578043937683
                ],
                [
                    0.0,
                    0.0,
                    0.0,
                    1.0
                ]
            ]
        },
        {
            "file_path": "/data/shapenet_blender/all_50_random/02958343/3363bde33b9abfbf7c5640de9da0cd4/r_41",
            "rotation": 0.12566370614359174,
            "transform_matrix": [
                [
                    0.3596361577510834,
                    -0.5522533059120178,
                    0.7521157264709473,
                    3.0318753719329834
                ],
                [
                    0.9330927133560181,
                    0.21285158395767212,
                    -0.2898833155632019,
                    -1.168557047843933
                ],
                [
                    0.0,
