{
    "class": "02958343",
    "model": "f55e967e8617484fe565b03326f48ebc",
    "remove_doubles": true,
    "edge_split": true,
    "denoise": true,
    "camera_angle_x": 0.6911112070083618,
    "scale_factor": 2.214005844731263,
    "hdri_file": "/data/IndoorHDRDataset2018/AG8A2164-e98d89e588.exr",
    "center_offset": [
        0.0,
        0.0,
        -9.313225746154785e-10
    ],
    "lights": [],
    "frames": [
        {
            "file_path": "/data/shapenet_blender/all_50_random/02958343/f55e967e8617484fe565b03326f48ebc/r_0",
            "rotation": 0.12566370614359174,
            "transform_matrix": [
                [
                    -0.12129168212413788,
                    0.724132776260376,
                    0.6789107918739319,
                    2.7367770671844482
                ],
                [
                    0.9926167726516724,
                    0.08848458528518677,
                    0.08295873552560806,
                    0.3344174027442932
                ],
                [
                    0.0,
                    0.6839605569839478,
                    -0.7295188903808594,
                    -2.9407849311828613
                ],
                [
                    0.0,
                    0.0,
                    0.0,
                    1.0
                ]
            ]
        },
        {
            "file_path": "/data/shapenet_blender/all_50_random/02958343/f55e967e8617484fe565b03326f48ebc/r_1",
            "rotation": 0.12566370614359174,
            "transform_matrix": [
                [
                    -0.5796626210212708,
                    -0.389394611120224,
                    0.7157953381538391,
                    2.885463237762451
                ],
                [
                    0.8148564696311951,
                    -0.2770027816295624,
                    0.5091937780380249,
                    2.0526256561279297
                ],
                [
                    0.0,
                    0.8784310817718506,
                    0.477868914604187,
                    1.9263511896133423
                ],
                [
                    0.0,
                    0.0,
                    0.0,
                    1.0
                ]
            ]
        },
        {
            "file_path": "/data/shapenet_blender/all_50_random/02958343/f55e967e8617484fe565b03326f48ebc/r_2",
            "rotation": 0.12566370614359174,
            "transform_matrix": [
                [
                    0.18064522743225098,
                    0.46531036496162415,
                    -0.866517961025238,
                    -3.4930458068847656
                ],
                [
                    -0.9835482835769653,
                    0.08546210080385208,
                    -0.159150630235672,
                    -0.6415567994117737
                ],
                [
                    7.450580596923828e-09,
                    0.8810121417045593,
                    0.47309353947639465,
                    1.9071011543273926
                ],
                [
                    0.0,
                    0.0,
                    0.0,
                    1.0
                ]
            ]
        },
        {
            "file_path": "/data/shapenet_blender/all_50_random/02958343/f55e967e8617484fe565b03326f48ebc/r_3",
            "rotation": 0.12566370614359174,
            "transform_matrix": [
                [
                    -0.08271846175193787,
                    -0.12474210560321808,
                    0.9887350797653198,
                    3.9857187271118164
                ],
                [
                    0.9965729117393494,
                    -0.010353959165513515,
                    0.08206789940595627,
                    0.3308263123035431
                ],
                [
                    0.0,
                    0.9921351671218872,
                    0.12517106533050537,
                    0.5045807361602783
                ],
                [
                    0.0,
                    0.0,
                    0.0,
                    1.0
                ]
            ]
        },
        {
            "file_path": "/data/shapenet_blender/all_50_random/02958343/f55e967e8617484fe565b03326f48ebc/r_4",
            "rotation": 0.12566370614359174,
            "transform_matrix": [
                [
                    -0.27146175503730774,
                    -0.29863253235816956,
                    -0.9149463772773743,
                    -3.688267230987549
                ],
                [
                    -0.9624492526054382,
                    0.0842302218079567,
                    0.2580634355545044,
                    1.0402871370315552
                ],
                [
                    0.0,
                    0.9506438970565796,
                    -0.31028392910957336,
                    -1.2507946491241455
                ],
                [
                    0.0,
                    0.0,
                    0.0,
                    1.0
                ]
            ]
        },
        {
            "file_path": "/data/shapenet_blender/all_50_random/02958343/f55e967e8617484fe565b03326f48ebc/r_5",
            "rotation": 0.12566370614359174,
            "transform_matrix": [
                [
                    0.9795619249343872,
                    -0.026554763317108154,
                    -0.1993820071220398,
                    -0.8037346601486206
                ],
                [
                    -0.2011425942182541,
                    -0.1293213665485382,
                    -0.9709879159927368,
                    -3.914177656173706
                ],
                [
                    1.8626450382086546e-09,
                    0.9912471175193787,
                    -0.13201956450939178,
                    -0.5321879386901855
                ],
                [
                    0.0,
                    0.0,
                    0.0,
                    1.0
                ]
            ]
        },
        {
            "file_path": "/data/shapenet_blender/all_50_random/02958343/f55e967e8617484fe565b03326f48ebc/r_6",
            "rotation": 0.12566370614359174,
            "transform_matrix": [
                [
                    -0.1711362600326538,
                    0.14917317032814026,
                    -0.9738889336585999,
                    -3.9258720874786377
                ],
                [
                    -0.9852474331855774,
                    -0.02591119520366192,
                    0.1691633015871048,
                    0.6819191575050354
                ],
                [
                    0.0,
                    0.9884713888168335,
                    0.15140682458877563,
                    0.6103404760360718
                ],
                [
                    0.0,
                    0.0,
                    0.0,
                    1.0
                ]
            ]
        },
        {
            "file_path": "/data/shapenet_blender/all_50_random/02958343/f55e967e8617484fe565b03326f48ebc/r_7",
            "rotation": 0.12566370614359174,
            "transform_matrix": [
                [
                    -0.5797475576400757,
                    -0.4472150504589081,
                    -0.6810957789421082,
                    -2.7455849647521973
                ],
                [
                    -0.8147962689399719,
                    0.31820449233055115,
                    0.48461639881134033,
                    1.953551173210144
                ],
                [
                    0.0,
                    0.8359093070030212,
                    -0.5488674640655518,
                    -2.212555408477783
                ],
                [
                    0.0,
                    0.0,
                    0.0,
                    1.0
                ]
            ]
        },
        {
            "file_path": "/data/shapenet_blender/all_50_random/02958343/f55e967e8617484fe565b03326f48ebc/r_8",
            "rotation": 0.12566370614359174,
            "transform_matrix": [
                [
                    0.6731686592102051,
                    0.2531634271144867,
                    0.6948037147521973,
                    2.8008434772491455
                ],
                [
                    0.7394890189170837,
                    -0.23045870661735535,
                    -0.632490873336792,
                    -2.549652338027954
                ],
                [
                    1.4901162970204496e-08,
                    0.9395727515220642,
                    -0.3423491418361664,
                    -1.3800535202026367
                ],
                [
                    0.0,
                    0.0,
                    0.0,
                    1.0
                ]
            ]
        },
        {
            "file_path": "/data/shapenet_blender/all_50_random/02958343/f55e967e8617484fe565b03326f48ebc/r_9",
            "rotation": 0.12566370614359174,
            "transform_matrix": [
                [
                    0.9892625212669373,
                    0.026060644537210464,
                    0.14380739629268646,
                    0.5797061920166016
                ],
                [
                    0.146149680018425,
                    -0.1764001101255417,
                    -0.973408043384552,
                    -3.923933506011963
                ],
                [
                    1.862645149230957e-09,
                    0.9839734435081482,
                    -0.17831477522850037,
                    -0.7188099026679993
                ],
                [
                    0.0,
                    0.0,
                    0.0,
                    1.0
                ]
            ]
        },
        {
            "file_path": "/data/shapenet_blender/all_50_random/02958343/f55e967e8617484fe565b03326f48ebc/r_10",
            "rotation": 0.12566370614359174,
            "transform_matrix": [
                [
                    0.5662871599197388,
                    0.7718378305435181,
                    0.28911107778549194,
                    1.1654441356658936
                ],
                [
                    0.82420814037323,
                    -0.5303052067756653,
                    -0.19863902032375336,
                    -0.800739586353302
                ],
                [
                    0.0,
                    0.3507744371891022,
                    -0.9364598989486694,
                    -3.7749907970428467
                ],
                [
                    0.0,
                    0.0,
                    0.0,
                    1.0
                ]
            ]
        },
        {
            "file_path": "/data/shapenet_blender/all_50_random/02958343/f55e967e8617484fe565b03326f48ebc/r_11",
            "rotation": 0.12566370614359174,
            "transform_matrix": [
                [
                    0.7268686890602112,
                    -0.24196018278598785,
                    0.6427419185638428,
                    2.590975522994995
                ],
                [
                    0.6867764592170715,
                    0.25608518719673157,
                    -0.6802635192871094,
                    -2.74222993850708
                ],
                [
                    -1.4901161193847656e-08,
                    0.9358822107315063,
                    0.3523128628730774,
                    1.420218586921692
                ],
                [
                    0.0,
                    0.0,
                    0.0,
                    1.0
                ]
            ]
        },
        {
            "file_path": "/data/shapenet_blender/all_50_random/02958343/f55e967e8617484fe565b03326f48ebc/r_12",
            "rotation": 0.12566370614359174,
            "transform_matrix": [
                [
                    0.019321590662002563,
                    0.11203600466251373,
                    0.993516206741333,
                    4.0049920082092285
                ],
                [
                    0.9998133778572083,
                    -0.0021651177667081356,
                    -0.019199896603822708,
                    -0.07739725708961487
                ],
                [
                    -2.3283067140944524e-10,
                    0.9937017560005188,
                    -0.1120569184422493,
                    -0.451715886592865
                ],
                [
                    0.0,
                    0.0,
                    0.0,
                    1.0
                ]
            ]
        },
        {
            "file_path": "/data/shapenet_blender/all_50_random/02958343/f55e967e8617484fe565b03326f48ebc/r_13",
            "rotation": 0.12566370614359174,
            "transform_matrix": [
                [
                    -0.6301732659339905,
                    0.31091412901878357,
                    -0.7114871144294739,
                    -2.8680965900421143
                ],
                [
                    -0.7764546275138855,
                    -0.25233903527259827,
                    0.5774454474449158,
                    2.3277573585510254
                ],
                [
                    -1.4901162970204496e-08,
                    0.9163281917572021,
                    0.4004279673099518,
                    1.614176869392395
                ],
                [
                    0.0,
                    0.0,
                    0.0,
                    1.0
                ]
            ]
        },
        {
            "file_path": "/data/shapenet_blender/all_50_random/02958343/f55e967e8617484fe565b03326f48ebc/r_14",
            "rotation": 0.12566370614359174,
            "transform_matrix": [
                [
                    -0.6453920602798462,
                    -0.7006906867027283,
                    -0.3041405975818634,
                    -1.2260299921035767
                ],
                [
                    -0.7638513445854187,
                    0.5920264720916748,
                    0.2569740116596222,
                    1.0358953475952148
                ],
                [
                    -1.4901160305669237e-08,
                    0.39816707372665405,
                    -0.9173128604888916,
                    -3.6978063583374023
                ],
                [
                    0.0,
                    0.0,
                    0.0,
                    1.0
                ]
            ]
        },
        {
            "file_path": "/data/shapenet_blender/all_50_random/02958343/f55e967e8617484fe565b03326f48ebc/r_15",
            "rotation": 0.12566370614359174,
            "transform_matrix": [
                [
                    -0.4870123267173767,
                    0.3414992094039917,
                    0.8038638830184937,
                    3.2404792308807373
                ],
                [
                    0.8733951449394226,
                    0.19042278826236725,
                    0.44824114441871643,
                    1.8069180250167847
                ],
                [
                    0.0,
                    0.9203897714614868,
                    -0.39100196957588196,
                    -1.5761795043945312
                ],
                [
                    0.0,
                    0.0,
                    0.0,
                    1.0
                ]
            ]
        },
        {
            "file_path": "/data/shapenet_blender/all_50_random/02958343/f55e967e8617484fe565b03326f48ebc/r_16",
            "rotation": 0.12566370614359174,
            "transform_matrix": [
                [
                    0.8766341209411621,
                    -0.024578088894486427,
                    0.4805292785167694,
                    1.9370753765106201
                ],
                [
                    0.4811573922634125,
                    0.04477950930595398,
                    -0.8754897713661194,
                    -3.52921199798584
                ],
                [
                    0.0,
                    0.9986945390701294,
                    0.05108117684721947,
                    0.20591479539871216
                ],
                [
                    0.0,
                    0.0,
                    0.0,
                    1.0
                ]
            ]
        },
        {
            "file_path": "/data/shapenet_blender/all_50_random/02958343/f55e967e8617484fe565b03326f48ebc/r_17",
            "rotation": 0.12566370614359174,
            "transform_matrix": [
                [
                    0.5858832001686096,
                    0.5996809005737305,
                    -0.5450904965400696,
                    -2.1973302364349365
                ],
                [
                    -0.8103954195976257,
                    0.4335450828075409,
                    -0.39407843351364136,
                    -1.5885810852050781
                ],
                [
                    0.0,
                    0.6726229190826416,
                    0.7399853467941284,
                    2.9829766750335693
                ],
                [
                    0.0,
                    0.0,
                    0.0,
                    1.0
                ]
            ]
        },
        {
            "file_path": "/data/shapenet_blender/all_50_random/02958343/f55e967e8617484fe565b03326f48ebc/r_18",
            "rotation": 0.12566370614359174,
            "transform_matrix": [
                [
                    0.9135053753852844,
                    0.4010542929172516,
                    -0.0682876855134964,
                    -0.27527645230293274
                ],
                [
                    -0.4068264663219452,
                    0.9005443453788757,
                    -0.1533360630273819,
                    -0.6181174516677856
                ],
                [
                    3.725290076417309e-09,
                    0.1678546518087387,
                    0.9858117699623108,
                    3.9739341735839844
                ],
                [
                    0.0,
                    0.0,
                    0.0,
                    1.0
                ]
            ]
        },
        {
            "file_path": "/data/shapenet_blender/all_50_random/02958343/f55e967e8617484fe565b03326f48ebc/r_19",
            "rotation": 0.12566370614359174,
            "transform_matrix": [
                [
                    -0.9996536374092102,
                    0.011978552676737309,
                    -0.02343611977994442,
                    -0.09447401762008667
                ],
                [
                    -0.02631990797817707,
                    -0.45495614409446716,
                    0.8901247978210449,
                    3.588207721710205
                ],
                [
                    0.0,
                    0.8904332518577576,
                    0.45511382818222046,
                    1.8346225023269653
                ],
                [
                    0.0,
                    0.0,
                    0.0,
                    1.0
                ]
            ]
        },
        {
            "file_path": "/data/shapenet_blender/all_50_random/02958343/f55e967e8617484fe565b03326f48ebc/r_20",
            "rotation": 0.12566370614359174,
            "transform_matrix": [
                [
                    -0.6302431225776672,
                    0.03027571365237236,
                    -0.77580726146698,
                    -3.1273794174194336
                ],
                [
                    -0.7763978242874146,
                    -0.024576393887400627,
                    0.629763662815094,
                    2.538658857345581
                ],
                [
                    0.0,
                    0.9992393851280212,
                    0.03899509832262993,
                    0.15719428658485413
                ],
                [
                    0.0,
                    0.0,
                    0.0,
                    1.0
                ]
            ]
        },
        {
            "file_path": "/data/shapenet_blender/all_50_random/02958343/f55e967e8617484fe565b03326f48ebc/r_21",
            "rotation": 0.12566370614359174,
            "transform_matrix": [
                [
                    0.9773369431495667,
                    0.03644213452935219,
                    0.20852933824062347,
                    0.8406086564064026
                ],
                [
                    0.21168966591358185,
                    -0.16824743151664734,
                    -0.9627462029457092,
                    -3.8809540271759033
                ],
                [
                    -3.725290298461914e-09,
                    0.9850708842277527,
                    -0.17214888334274292,
                    -0.693954348564148
                ],
                [
                    0.0,
                    0.0,
                    0.0,
                    1.0
                ]
            ]
        },
        {
            "file_path": "/data/shapenet_blender/all_50_random/02958343/f55e967e8617484fe565b03326f48ebc/r_22",
            "rotation": 0.12566370614359174,
            "transform_matrix": [
                [
                    0.31336817145347595,
                    -0.013783271424472332,
                    -0.949531614780426,
                    -3.8276846408843994
                ],
                [
                    -0.9496317505836487,
                    -0.004548329859972,
                    -0.313335120677948,
                    -1.263094425201416
                ],
                [
                    0.0,
                    0.9998946785926819,
                    -0.014514332637190819,
                    -0.05850914865732193
                ],
                [
                    0.0,
                    0.0,
                    0.0,
                    1.0
                ]
            ]
        },
        {
            "file_path": "/data/shapenet_blender/all_50_random/02958343/f55e967e8617484fe565b03326f48ebc/r_23",
            "rotation": 0.12566370614359174,
            "transform_matrix": [
                [
                    -0.647737979888916,
                    0.5998307466506958,
                    0.46972185373306274,
                    1.8935095071792603
                ],
                [
                    0.7618634700775146,
                    0.5099774599075317,
                    0.3993586003780365,
                    1.6098661422729492
                ],
                [
                    1.4901164746561335e-08,
                    0.6165434718132019,
                    -0.7873207330703735,
                    -3.1737916469573975
                ],
                [
                    0.0,
                    0.0,
                    0.0,
                    1.0
                ]
            ]
        },
        {
            "file_path": "/data/shapenet_blender/all_50_random/02958343/f55e967e8617484fe565b03326f48ebc/r_24",
            "rotation": 0.12566370614359174,
            "transform_matrix": [
                [
                    0.9701575636863708,
                    0.1991940438747406,
                    0.13826081156730652,
                    0.5573472380638123
                ],
                [
                    0.24247539043426514,
                    -0.7969864010810852,
                    -0.553189218044281,
                    -2.2299773693084717
                ],
                [
                    -7.450580596923828e-09,
                    0.5702055096626282,
                    -0.8215019106864929,
                    -3.3115804195404053
                ],
                [
                    0.0,
                    0.0,
                    0.0,
                    1.0
                ]
            ]
        },
        {
            "file_path": "/data/shapenet_blender/all_50_random/02958343/f55e967e8617484fe565b03326f48ebc/r_25",
            "rotation": 0.12566370614359174,
            "transform_matrix": [
                [
                    0.8199120163917542,
                    0.09174562245607376,
                    -0.565090537071228,
                    -2.2779529094696045
                ],
                [
                    -0.5724899172782898,
                    0.13139678537845612,
                    -0.8093146681785583,
                    -3.2624518871307373
                ],
                [
                    0.0,
                    0.9870752692222595,
                    0.16025720536708832,
                    0.6460174322128296
                ],
                [
                    0.0,
                    0.0,
                    0.0,
                    1.0
                ]
            ]
        },
        {
            "file_path": "/data/shapenet_blender/all_50_random/02958343/f55e967e8617484fe565b03326f48ebc/r_26",
            "rotation": 0.12566370614359174,
            "transform_matrix": [
                [
                    -0.9810377359390259,
                    0.1381428837776184,
                    -0.13594667613506317,
                    -0.5480186343193054
                ],
                [
                    -0.19381682574748993,
                    -0.6992343664169312,
                    0.6881178617477417,
                    2.7738921642303467
                ],
                [
                    0.0,
                    0.701418399810791,
                    0.7127496600151062,
                    2.8731861114501953
                ],
                [
                    0.0,
                    0.0,
                    0.0,
                    1.0
                ]
            ]
        },
        {
            "file_path": "/data/shapenet_blender/all_50_random/02958343/f55e967e8617484fe565b03326f48ebc/r_27",
            "rotation": 0.12566370614359174,
            "transform_matrix": [
                [
                    0.2523389756679535,
                    -0.02343403920531273,
                    0.9673550724983215,
                    3.8995330333709717
                ],
                [
                    0.9676389694213867,
                    0.006111082620918751,
                    -0.25226494669914246,
                    -1.016912579536438
                ],
                [
                    0.0,
                    0.9997066259384155,
                    0.024217752739787102,
                    0.09762488305568695
                ],
                [
                    0.0,
                    0.0,
                    0.0,
                    1.0
                ]
            ]
        },
        {
            "file_path": "/data/shapenet_blender/all_50_random/02958343/f55e967e8617484fe565b03326f48ebc/r_28",
            "rotation": 0.12566370614359174,
            "transform_matrix": [
                [
                    0.6886621117591858,
                    -0.3404719829559326,
                    -0.640174388885498,
                    -2.580625534057617
                ],
                [
                    -0.7250823378562927,
                    -0.32337042689323425,
                    -0.6080190539360046,
                    -2.451003313064575
                ],
                [
                    0.0,
                    0.8828988671302795,
                    -0.46956318616867065,
                    -1.8928697109222412
                ],
                [
                    0.0,
                    0.0,
                    0.0,
                    1.0
                ]
            ]
        },
        {
            "file_path": "/data/shapenet_blender/all_50_random/02958343/f55e967e8617484fe565b03326f48ebc/r_29",
            "rotation": 0.12566370614359174,
            "transform_matrix": [
                [
                    0.8883118033409119,
                    -0.06310946494340897,
                    -0.4548839032649994,
                    -1.8336957693099976
                ],
                [
                    -0.4592409133911133,
                    -0.12207293510437012,
                    -0.8798840045928955,
                    -3.5469260215759277
                ],
                [
                    0.0,
                    0.9905126690864563,
                    -0.13742125034332275,
                    -0.5539628267288208
                ],
                [
                    0.0,
                    0.0,
                    0.0,
                    1.0
                ]
            ]
        },
        {
            "file_path": "/data/shapenet_blender/all_50_random/02958343/f55e967e8617484fe565b03326f48ebc/r_30",
            "rotation": 0.12566370614359174,
            "transform_matrix": [
                [
                    0.26205629110336304,
                    0.6534854769706726,
                    0.7101288437843323,
                    2.8626210689544678
                ],
                [
                    0.9650525450706482,
                    -0.1774514764547348,
                    -0.19283276796340942,
                    -0.7773337960243225
                ],
                [
                    0.0,
                    0.7358447313308716,
                    -0.6771501898765564,
                    -2.729680061340332
                ],
                [
                    0.0,
                    0.0,
                    0.0,
                    1.0
                ]
            ]
        },
        {
            "file_path": "/data/shapenet_blender/all_50_random/02958343/f55e967e8617484fe565b03326f48ebc/r_31",
            "rotation": 0.12566370614359174,
            "transform_matrix": [
                [
                    0.6760416030883789,
                    0.5870816707611084,
                    0.445311963558197,
                    1.7951101064682007
                ],
                [
                    0.7368634939193726,
                    -0.538623034954071,
                    -0.40855520963668823,
                    -1.6469388008117676
                ],
                [
                    0.0,
                    0.6043344736099243,
                    -0.796730637550354,
                    -3.211724281311035
                ],
                [
                    0.0,
                    0.0,
                    0.0,
                    1.0
                ]
            ]
        },
        {
            "file_path": "/data/shapenet_blender/all_50_random/02958343/f55e967e8617484fe565b03326f48ebc/r_32",
            "rotation": 0.12566370614359174,
            "transform_matrix": [
                [
                    -0.6324636936187744,
                    -0.08125446736812592,
                    0.7703164219856262,
                    3.1052446365356445
                ],
                [
                    0.7745899558067322,
                    -0.06634542346000671,
                    0.6289742588996887,
                    2.5354762077331543
                ],
                [
                    0.0,
                    0.9944828152656555,
                    0.10489996522665024,
                    0.42286527156829834
                ],
                [
                    0.0,
                    0.0,
                    0.0,
                    1.0
                ]
            ]
        },
        {
            "file_path": "/data/shapenet_blender/all_50_random/02958343/f55e967e8617484fe565b03326f48ebc/r_33",
            "rotation": 0.12566370614359174,
            "transform_matrix": [
                [
                    -0.1897324025630951,
                    0.6613154411315918,
                    -0.7257158756256104,
                    -2.9254543781280518
                ],
                [
                    -0.9818357825279236,
                    -0.12779425084590912,
                    0.1402391642332077,
                    0.5653221607208252
                ],
                [
                    7.450580152834618e-09,
                    0.7391417622566223,
                    0.6735498309135437,
                    2.7151663303375244
                ],
                [
                    0.0,
                    0.0,
                    0.0,
                    1.0
                ]
            ]
        },
        {
            "file_path": "/data/shapenet_blender/all_50_random/02958343/f55e967e8617484fe565b03326f48ebc/r_34",
            "rotation": 0.12566370614359174,
            "transform_matrix": [
                [
                    0.5456423163414001,
                    -0.012162744998931885,
                    0.8379298448562622,
                    3.377803325653076
                ],
                [
                    0.8380181789398193,
                    0.007919290103018284,
                    -0.5455848574638367,
                    -2.1993229389190674
                ],
                [
                    0.0,
                    0.9998947381973267,
                    0.01451369933784008,
                    0.058506593108177185
                ],
                [
                    0.0,
                    0.0,
                    0.0,
                    1.0
                ]
            ]
        },
        {
            "file_path": "/data/shapenet_blender/all_50_random/02958343/f55e967e8617484fe565b03326f48ebc/r_35",
            "rotation": 0.12566370614359174,
            "transform_matrix": [
                [
                    0.7435009479522705,
                    -0.46434593200683594,
                    -0.4812370836734772,
                    -1.9399288892745972
                ],
                [
                    -0.6687347888946533,
                    -0.5162609219551086,
                    -0.5350404977798462,
                    -2.1568174362182617
                ],
                [
                    -1.4901161193847656e-08,
                    0.7196232080459595,
                    -0.6943646669387817,
                    -2.7990736961364746
                ],
                [
                    0.0,
                    0.0,
                    0.0,
                    1.0
                ]
            ]
        },
        {
            "file_path": "/data/shapenet_blender/all_50_random/02958343/f55e967e8617484fe565b03326f48ebc/r_36",
            "rotation": 0.12566370614359174,
            "transform_matrix": [
                [
                    -0.762306272983551,
                    -0.6235649585723877,
                    -0.17336644232273102,
                    -0.6988624930381775
                ],
                [
                    -0.6472164392471313,
                    0.734449028968811,
                    0.20419494807720184,
                    0.8231361508369446
                ],
                [
                    0.0,
                    0.2678646147251129,
                    -0.9634565114974976,
                    -3.883817434310913
                ],
                [
                    0.0,
                    0.0,
                    0.0,
                    1.0
                ]
            ]
        },
        {
            "file_path": "/data/shapenet_blender/all_50_random/02958343/f55e967e8617484fe565b03326f48ebc/r_37",
            "rotation": 0.12566370614359174,
            "transform_matrix": [
                [
                    0.999545693397522,
                    -0.013424625620245934,
                    0.02698894962668419,
                    0.10879594087600708
                ],
                [
                    0.03014339879155159,
                    0.44515639543533325,
                    -0.8949452042579651,
                    -3.607639789581299
                ],
                [
                    9.313227966600834e-10,
                    0.8953521251678467,
                    0.4453587830066681,
                    1.7952988147735596
                ],
                [
                    0.0,
                    0.0,
                    0.0,
                    1.0
                ]
            ]
        },
        {
            "file_path": "/data/shapenet_blender/all_50_random/02958343/f55e967e8617484fe565b03326f48ebc/r_38",
            "rotation": 0.12566370614359174,
            "transform_matrix": [
                [
                    0.9978808760643005,
                    0.04836617410182953,
                    -0.0435248538851738,
                    -0.17545431852340698
                ],
                [
                    -0.0650668814778328,
                    0.7417548894882202,
                    -0.6675072312355042,
                    -2.690808057785034
                ],
                [
                    3.725290076417309e-09,
                    0.6689248085021973,
                    0.7433300018310547,
                    2.9964592456817627
                ],
                [
                    0.0,
                    0.0,
                    0.0,
                    1.0
                ]
            ]
        },
        {
            "file_path": "/data/shapenet_blender/all_50_random/02958343/f55e967e8617484fe565b03326f48ebc/r_39",
            "rotation": 0.12566370614359174,
            "transform_matrix": [
                [
                    0.8570429086685181,
                    0.21617339551448822,
                    0.4677034914493561,
                    1.8853733539581299
                ],
                [
                    0.5152451992034912,
                    -0.35957613587379456,
                    -0.7779635190963745,
                    -3.1360716819763184
                ],
                [
                    0.0,
                    0.9077300429344177,
                    -0.4195544421672821,
                    -1.691278338432312
                ],
                [
                    0.0,
                    0.0,
                    0.0,
                    1.0
                ]
            ]
        },
        {
            "file_path": "/data/shapenet_blender/all_50_random/02958343/f55e967e8617484fe565b03326f48ebc/r_40",
            "rotation": 0.12566370614359174,
            "transform_matrix": [
                [
                    -0.3931858241558075,
                    -0.30768686532974243,
                    -0.8664488792419434,
                    -3.492767095565796
                ],
                [
                    -0.9194590449333191,
                    0.1315753161907196,
                    0.37051722407341003,
                    1.4936027526855469
                ],
                [
                    7.450580596923828e-09,
                    0.9423463344573975,
                    -0.3346390426158905,
                    -1.3489731550216675
                ],
                [
                    0.0,
                    0.0,
                    0.0,
                    1.0
                ]
            ]
        },
        {
            "file_path": "/data/shapenet_blender/all_50_random/02958343/f55e967e8617484fe565b03326f48ebc/r_41",
            "rotation": 0.12566370614359174,
            "transform_matrix": [
                [
                    -0.9881277680397034,
                    0.09787891805171967,
                    -0.11841928213834763,
                    -0.4773634076118469
                ],
                [
                    -0.1536339968442917,
                    -0.629527747631073,
                    0.761637270450592,
                    3.070258140563965
                ],
                [
                    7.450580152834618e-09,
