{
    "class": "02958343",
    "model": "6aa8f648cc8df63ab2c17ece4015d55",
    "remove_doubles": true,
    "edge_split": true,
    "denoise": true,
    "camera_angle_x": 0.6911112070083618,
    "scale_factor": 2.16148453438239,
    "hdri_file": "/data/IndoorHDRDataset2018/AG8A0845-c11b5f7cb1.exr",
    "center_offset": [
        0.0,
        0.0,
        0.0
    ],
    "lights": [],
    "frames": [
        {
            "file_path": "/data/shapenet_blender/all_50_random/02958343/6aa8f648cc8df63ab2c17ece4015d55/r_0",
            "rotation": 0.12566370614359174,
            "transform_matrix": [
                [
                    0.9876160621643066,
                    0.056162312626838684,
                    -0.14649374783039093,
                    -0.5905351638793945
                ],
                [
                    -0.15689048171043396,
                    0.3535383343696594,
                    -0.9221692085266113,
                    -3.7173829078674316
                ],
                [
                    0.0,
                    0.9337325692176819,
                    0.3579714298248291,
                    1.4430290460586548
                ],
                [
                    0.0,
                    0.0,
                    0.0,
                    1.0
                ]
            ]
        },
        {
            "file_path": "/data/shapenet_blender/all_50_random/02958343/6aa8f648cc8df63ab2c17ece4015d55/r_1",
            "rotation": 0.12566370614359174,
            "transform_matrix": [
                [
                    0.5423117876052856,
                    0.06727004796266556,
                    -0.8374798893928528,
                    -3.3759896755218506
                ],
                [
                    -0.8401774168014526,
                    0.04342099651694298,
                    -0.5405706167221069,
                    -2.179110050201416
                ],
                [
                    -3.725290742551124e-09,
                    0.9967894554138184,
                    0.0800664871931076,
                    0.32275837659835815
                ],
                [
                    0.0,
                    0.0,
                    0.0,
                    1.0
                ]
            ]
        },
        {
            "file_path": "/data/shapenet_blender/all_50_random/02958343/6aa8f648cc8df63ab2c17ece4015d55/r_2",
            "rotation": 0.12566370614359174,
            "transform_matrix": [
                [
                    0.1611585170030594,
                    -0.9826012849807739,
                    0.09231843054294586,
                    0.37214750051498413
                ],
                [
                    0.9869285225868225,
                    0.16045191884040833,
                    -0.015074953436851501,
                    -0.060769081115722656
                ],
                [
                    -9.313225746154785e-10,
                    0.09354130923748016,
                    0.9956153631210327,
                    4.013453960418701
                ],
                [
                    0.0,
                    0.0,
                    0.0,
                    1.0
                ]
            ]
        },
        {
            "file_path": "/data/shapenet_blender/all_50_random/02958343/6aa8f648cc8df63ab2c17ece4015d55/r_3",
            "rotation": 0.12566370614359174,
            "transform_matrix": [
                [
                    0.9954004883766174,
                    -0.00045806565321981907,
                    0.09580046683549881,
                    0.38618403673171997
                ],
                [
                    0.09580156207084656,
                    0.004759408533573151,
                    -0.9953891038894653,
                    -4.012541770935059
                ],
                [
                    0.0,
                    0.9999885559082031,
                    0.004781401250511408,
                    0.01927444525063038
                ],
                [
                    0.0,
                    0.0,
                    0.0,
                    1.0
                ]
            ]
        },
        {
            "file_path": "/data/shapenet_blender/all_50_random/02958343/6aa8f648cc8df63ab2c17ece4015d55/r_4",
            "rotation": 0.12566370614359174,
            "transform_matrix": [
                [
                    -0.5288928151130676,
                    -0.03998523950576782,
                    0.8477461934089661,
                    3.4173741340637207
                ],
                [
                    0.8486886024475098,
                    -0.0249183289706707,
                    0.5283054113388062,
                    2.129667282104492
                ],
                [
                    0.0,
                    0.9988895654678345,
                    0.047114141285419464,
                    0.18992316722869873
                ],
                [
                    0.0,
                    0.0,
                    0.0,
                    1.0
                ]
            ]
        },
        {
            "file_path": "/data/shapenet_blender/all_50_random/02958343/6aa8f648cc8df63ab2c17ece4015d55/r_5",
            "rotation": 0.12566370614359174,
            "transform_matrix": [
                [
                    0.9306148290634155,
                    0.05070427432656288,
                    -0.36247095465660095,
                    -1.4611672163009644
                ],
                [
                    -0.3660002052783966,
                    0.12892384827136993,
                    -0.9216411709785461,
                    -3.715254545211792
                ],
                [
                    3.725290298461914e-09,
                    0.9903573989868164,
                    0.13853619992733002,
                    0.5584573149681091
                ],
                [
                    0.0,
                    0.0,
                    0.0,
                    1.0
                ]
            ]
        },
        {
            "file_path": "/data/shapenet_blender/all_50_random/02958343/6aa8f648cc8df63ab2c17ece4015d55/r_6",
            "rotation": 0.12566370614359174,
            "transform_matrix": [
                [
                    -0.6829708814620972,
                    0.1749265342950821,
                    -0.7091907858848572,
                    -2.858839511871338
                ],
                [
                    -0.7304456830024719,
                    -0.16355730593204498,
                    0.6630973815917969,
                    2.6730310916900635
                ],
                [
                    -7.450580596923828e-09,
                    0.9709015488624573,
                    0.2394791841506958,
                    0.9653714895248413
                ],
                [
                    0.0,
                    0.0,
                    0.0,
                    1.0
                ]
            ]
        },
        {
            "file_path": "/data/shapenet_blender/all_50_random/02958343/6aa8f648cc8df63ab2c17ece4015d55/r_7",
            "rotation": 0.12566370614359174,
            "transform_matrix": [
                [
                    0.9681367874145508,
                    -0.22346368432044983,
                    -0.11302710324525833,
                    -0.45562681555747986
                ],
                [
                    -0.250421941280365,
                    -0.8639156222343445,
                    -0.43696531653404236,
                    -1.7614635229110718
                ],
                [
                    0.0,
                    0.45134657621383667,
                    -0.8923487067222595,
                    -3.597172737121582
                ],
                [
                    0.0,
                    0.0,
                    0.0,
                    1.0
                ]
            ]
        },
        {
            "file_path": "/data/shapenet_blender/all_50_random/02958343/6aa8f648cc8df63ab2c17ece4015d55/r_8",
            "rotation": 0.12566370614359174,
            "transform_matrix": [
                [
                    0.9441592693328857,
                    0.15795759856700897,
                    -0.289158433675766,
                    -1.1656348705291748
                ],
                [
                    -0.3294892907142639,
                    0.4526312053203583,
                    -0.8285902142524719,
                    -3.340153932571411
                ],
                [
                    1.4901160305669237e-08,
                    0.8775957822799683,
                    0.4794013202190399,
                    1.9325284957885742
                ],
                [
                    0.0,
                    0.0,
                    0.0,
                    1.0
                ]
            ]
        },
        {
            "file_path": "/data/shapenet_blender/all_50_random/02958343/6aa8f648cc8df63ab2c17ece4015d55/r_9",
            "rotation": 0.12566370614359174,
            "transform_matrix": [
                [
                    0.6553787589073181,
                    -0.32649296522140503,
                    0.6810881495475769,
                    2.745554208755493
                ],
                [
                    0.7553005218505859,
                    0.28329992294311523,
                    -0.5909842848777771,
                    -2.382333755493164
                ],
                [
                    0.0,
                    0.9017447233200073,
                    0.43226897716522217,
                    1.7425320148468018
                ],
                [
                    0.0,
                    0.0,
                    0.0,
                    1.0
                ]
            ]
        },
        {
            "file_path": "/data/shapenet_blender/all_50_random/02958343/6aa8f648cc8df63ab2c17ece4015d55/r_10",
            "rotation": 0.12566370614359174,
            "transform_matrix": [
                [
                    0.191933736205101,
                    -0.617403507232666,
                    0.7628724575042725,
                    3.075237274169922
                ],
                [
                    0.9814079999923706,
                    0.1207454577088356,
                    -0.14919477701187134,
                    -0.6014233827590942
                ],
                [
                    -7.450581485102248e-09,
                    0.7773246169090271,
                    0.6290997266769409,
                    2.535982131958008
                ],
                [
                    0.0,
                    0.0,
                    0.0,
                    1.0
                ]
            ]
        },
        {
            "file_path": "/data/shapenet_blender/all_50_random/02958343/6aa8f648cc8df63ab2c17ece4015d55/r_11",
            "rotation": 0.12566370614359174,
            "transform_matrix": [
                [
                    -0.40663978457450867,
                    0.852464497089386,
                    0.3285548985004425,
                    1.3244471549987793
                ],
                [
                    0.9135885834693909,
                    0.37943336367607117,
                    0.14624033868312836,
                    0.5895136594772339
                ],
                [
                    7.450580596923828e-09,
                    0.35963115096092224,
                    -0.9330945014953613,
                    -3.7614243030548096
                ],
                [
                    0.0,
                    0.0,
                    0.0,
                    1.0
                ]
            ]
        },
        {
            "file_path": "/data/shapenet_blender/all_50_random/02958343/6aa8f648cc8df63ab2c17ece4015d55/r_12",
            "rotation": 0.12566370614359174,
            "transform_matrix": [
                [
                    0.37821677327156067,
                    0.35127776861190796,
                    -0.8564788103103638,
                    -3.4525766372680664
                ],
                [
                    -0.9257170557975769,
                    0.14352025091648102,
                    -0.3499283790588379,
                    -1.4106063842773438
                ],
                [
                    -7.450580152834618e-09,
                    0.9252058267593384,
                    0.37946560978889465,
                    1.529674768447876
                ],
                [
                    0.0,
                    0.0,
                    0.0,
                    1.0
                ]
            ]
        },
        {
            "file_path": "/data/shapenet_blender/all_50_random/02958343/6aa8f648cc8df63ab2c17ece4015d55/r_13",
            "rotation": 0.12566370614359174,
            "transform_matrix": [
                [
                    -0.26577210426330566,
                    -0.16826364398002625,
                    -0.9492378234863281,
                    -3.826500177383423
                ],
                [
                    -0.9640358686447144,
                    0.04638809338212013,
                    0.26169249415397644,
                    1.0549161434173584
                ],
                [
                    0.0,
                    0.9846498370170593,
                    -0.17454086244106293,
                    -0.7035967111587524
                ],
                [
                    0.0,
                    0.0,
                    0.0,
                    1.0
                ]
            ]
        },
        {
            "file_path": "/data/shapenet_blender/all_50_random/02958343/6aa8f648cc8df63ab2c17ece4015d55/r_14",
            "rotation": 0.12566370614359174,
            "transform_matrix": [
                [
                    -0.425877183675766,
                    0.5252055525779724,
                    -0.7367411851882935,
                    -2.9698989391326904
                ],
                [
                    -0.9047811031341553,
                    -0.24721236526966095,
                    0.3467814028263092,
                    1.3979207277297974
                ],
                [
                    0.0,
                    0.8142757415771484,
                    0.5804781317710876,
                    2.339982509613037
                ],
                [
                    0.0,
                    0.0,
                    0.0,
                    1.0
                ]
            ]
        },
        {
            "file_path": "/data/shapenet_blender/all_50_random/02958343/6aa8f648cc8df63ab2c17ece4015d55/r_15",
            "rotation": 0.12566370614359174,
            "transform_matrix": [
                [
                    -0.06555867195129395,
                    -0.4995376765727997,
                    0.8638079166412354,
                    3.482121229171753
                ],
                [
                    0.9978486895561218,
                    -0.032819636166095734,
                    0.056752193719148636,
                    0.22877542674541473
                ],
                [
                    1.8626450382086546e-09,
                    0.8656703233718872,
                    0.5006145238876343,
                    2.0180418491363525
                ],
                [
                    0.0,
                    0.0,
                    0.0,
                    1.0
                ]
            ]
        },
        {
            "file_path": "/data/shapenet_blender/all_50_random/02958343/6aa8f648cc8df63ab2c17ece4015d55/r_16",
            "rotation": 0.12566370614359174,
            "transform_matrix": [
                [
                    -0.34862273931503296,
                    0.8409748077392578,
                    0.4137916564941406,
                    1.6680474281311035
                ],
                [
                    0.9372630715370178,
                    0.31280750036239624,
                    0.153913214802742,
                    0.6204439997673035
                ],
                [
                    1.4901158529312397e-08,
                    0.4414892792701721,
                    -0.8972665071487427,
                    -3.6169967651367188
                ],
                [
                    0.0,
                    0.0,
                    0.0,
                    1.0
                ]
            ]
        },
        {
            "file_path": "/data/shapenet_blender/all_50_random/02958343/6aa8f648cc8df63ab2c17ece4015d55/r_17",
            "rotation": 0.12566370614359174,
            "transform_matrix": [
                [
                    0.2164810597896576,
                    0.3434467017650604,
                    0.9138820171356201,
                    3.683976173400879
                ],
                [
                    0.9762868881225586,
                    -0.07615559548139572,
                    -0.20264345407485962,
                    -0.8168818950653076
                ],
                [
                    7.450580596923828e-09,
                    0.9360793828964233,
                    -0.3517887592315674,
                    -1.4181058406829834
                ],
                [
                    0.0,
                    0.0,
                    0.0,
                    1.0
                ]
            ]
        },
        {
            "file_path": "/data/shapenet_blender/all_50_random/02958343/6aa8f648cc8df63ab2c17ece4015d55/r_18",
            "rotation": 0.12566370614359174,
            "transform_matrix": [
                [
                    0.8795421123504639,
                    0.4346572756767273,
                    -0.19359399378299713,
                    -0.780402421951294
                ],
                [
                    -0.475820928812027,
                    0.80345219373703,
                    -0.3578532338142395,
                    -1.4425526857376099
                ],
                [
                    0.0,
                    0.4068630635738373,
                    0.913489043712616,
                    3.6823923587799072
                ],
                [
                    0.0,
                    0.0,
                    0.0,
                    1.0
                ]
            ]
        },
        {
            "file_path": "/data/shapenet_blender/all_50_random/02958343/6aa8f648cc8df63ab2c17ece4015d55/r_19",
            "rotation": 0.12566370614359174,
            "transform_matrix": [
                [
                    -0.930814266204834,
                    0.31334251165390015,
                    -0.18815219402313232,
                    -0.7584657669067383
                ],
                [
                    -0.3654925227165222,
                    -0.798001766204834,
                    0.4791746437549591,
                    1.9316147565841675
                ],
                [
                    0.0,
                    0.5147907733917236,
                    0.8573157787322998,
                    3.4559504985809326
                ],
                [
                    0.0,
                    0.0,
                    0.0,
                    1.0
                ]
            ]
        },
        {
            "file_path": "/data/shapenet_blender/all_50_random/02958343/6aa8f648cc8df63ab2c17ece4015d55/r_20",
            "rotation": 0.12566370614359174,
            "transform_matrix": [
                [
                    0.7093048691749573,
                    0.18314622342586517,
                    0.6806938648223877,
                    2.743964672088623
                ],
                [
                    0.704901933670044,
                    -0.18429020047187805,
                    -0.6849455833435059,
                    -2.761103868484497
                ],
                [
                    1.4901161193847656e-08,
                    0.9656575918197632,
                    -0.25981804728507996,
                    -1.0473600625991821
                ],
                [
                    0.0,
                    0.0,
                    0.0,
                    1.0
                ]
            ]
        },
        {
            "file_path": "/data/shapenet_blender/all_50_random/02958343/6aa8f648cc8df63ab2c17ece4015d55/r_21",
            "rotation": 0.12566370614359174,
            "transform_matrix": [
                [
                    0.24736659228801727,
                    -0.3811681568622589,
                    0.8907976746559143,
                    3.5909204483032227
                ],
                [
                    0.968921959400177,
                    0.0973125472664833,
                    -0.22742138803005219,
                    -0.9167649745941162
                ],
                [
                    0.0,
                    0.9193698763847351,
                    0.3933940529823303,
                    1.5858222246170044
                ],
                [
                    0.0,
                    0.0,
                    0.0,
                    1.0
                ]
            ]
        },
        {
            "file_path": "/data/shapenet_blender/all_50_random/02958343/6aa8f648cc8df63ab2c17ece4015d55/r_22",
            "rotation": 0.12566370614359174,
            "transform_matrix": [
                [
                    -0.8033860921859741,
                    -0.11337541788816452,
                    0.5845654010772705,
                    2.3564586639404297
                ],
                [
                    0.595458447933197,
                    -0.15296487510204315,
                    0.7886892557144165,
                    3.1793086528778076
                ],
                [
                    0.0,
                    0.981706440448761,
                    0.19040018320083618,
                    0.7675278186798096
                ],
                [
                    0.0,
                    0.0,
                    0.0,
                    1.0
                ]
            ]
        },
        {
            "file_path": "/data/shapenet_blender/all_50_random/02958343/6aa8f648cc8df63ab2c17ece4015d55/r_23",
            "rotation": 0.12566370614359174,
            "transform_matrix": [
                [
                    0.9987512826919556,
                    0.04202579706907272,
                    -0.027013355866074562,
                    -0.10889431834220886
                ],
                [
                    -0.049958884716033936,
                    0.8401573300361633,
                    -0.5400366187095642,
                    -2.176957130432129
                ],
                [
                    0.0,
                    0.5407117605209351,
                    0.8412078619003296,
                    3.391017436981201
                ],
                [
                    0.0,
                    0.0,
                    0.0,
                    1.0
                ]
            ]
        },
        {
            "file_path": "/data/shapenet_blender/all_50_random/02958343/6aa8f648cc8df63ab2c17ece4015d55/r_24",
            "rotation": 0.12566370614359174,
            "transform_matrix": [
                [
                    -0.5383140444755554,
                    -0.7751436829566956,
                    -0.3307115435600281,
                    -1.3331409692764282
                ],
                [
                    -0.8427444100379944,
                    0.49513325095176697,
                    0.2112463414669037,
                    0.8515613079071045
                ],
                [
                    1.4901162970204496e-08,
                    0.3924221098423004,
                    -0.9197851419448853,
                    -3.707772731781006
                ],
                [
                    0.0,
                    0.0,
                    0.0,
                    1.0
                ]
            ]
        },
        {
            "file_path": "/data/shapenet_blender/all_50_random/02958343/6aa8f648cc8df63ab2c17ece4015d55/r_25",
            "rotation": 0.12566370614359174,
            "transform_matrix": [
                [
                    0.88222736120224,
                    0.06470081955194473,
                    -0.4663568437099457,
                    -1.8799445629119873
                ],
                [
                    -0.4708236753940582,
                    0.12123611569404602,
                    -0.8738574385643005,
                    -3.522632122039795
                ],
                [
                    0.0,
                    0.9905128479003906,
                    0.13742047548294067,
                    0.5539596676826477
                ],
                [
                    0.0,
                    0.0,
                    0.0,
                    1.0
                ]
            ]
        },
        {
            "file_path": "/data/shapenet_blender/all_50_random/02958343/6aa8f648cc8df63ab2c17ece4015d55/r_26",
            "rotation": 0.12566370614359174,
            "transform_matrix": [
                [
                    0.9598866701126099,
                    0.0001907425030367449,
                    0.2803882360458374,
                    1.1302812099456787
                ],
                [
                    0.28038835525512695,
                    -0.0006529914098791778,
                    -0.9598863124847412,
                    -3.8694257736206055
                ],
                [
                    0.0,
                    0.9999997615814209,
                    -0.0006802796269766986,
                    -0.002742295153439045
                ],
                [
                    0.0,
                    0.0,
                    0.0,
                    1.0
                ]
            ]
        },
        {
            "file_path": "/data/shapenet_blender/all_50_random/02958343/6aa8f648cc8df63ab2c17ece4015d55/r_27",
            "rotation": 0.12566370614359174,
            "transform_matrix": [
                [
                    0.7558760046958923,
                    -0.12800954282283783,
                    0.6420788168907166,
                    2.5883021354675293
                ],
                [
                    0.6547148823738098,
                    0.14778850972652435,
                    -0.7412874698638916,
                    -2.988224983215332
                ],
                [
                    0.0,
                    0.9806997776031494,
                    0.1955195516347885,
                    0.7881644368171692
                ],
                [
                    0.0,
                    0.0,
                    0.0,
                    1.0
                ]
            ]
        },
        {
            "file_path": "/data/shapenet_blender/all_50_random/02958343/6aa8f648cc8df63ab2c17ece4015d55/r_28",
            "rotation": 0.12566370614359174,
            "transform_matrix": [
                [
                    0.9200249910354614,
                    0.07696403563022614,
                    -0.3842272162437439,
                    -1.5488694906234741
                ],
                [
                    -0.3918597102165222,
                    0.1806994527578354,
                    -0.9021050930023193,
                    -3.6365020275115967
                ],
                [
                    -7.450581485102248e-09,
                    0.9805223345756531,
                    0.19640712440013885,
                    0.7917424440383911
                ],
                [
                    0.0,
                    0.0,
                    0.0,
                    1.0
                ]
            ]
        },
        {
            "file_path": "/data/shapenet_blender/all_50_random/02958343/6aa8f648cc8df63ab2c17ece4015d55/r_29",
            "rotation": 0.12566370614359174,
            "transform_matrix": [
                [
                    -0.7331780195236206,
                    0.6651788353919983,
                    -0.1413760483264923,
                    -0.5699049830436707
                ],
                [
                    -0.6800368428230286,
                    -0.7171589136123657,
                    0.15242381393909454,
                    0.6144399642944336
                ],
                [
                    0.0,
                    0.20789478719234467,
                    0.978151261806488,
                    3.9430534839630127
                ],
                [
                    0.0,
                    0.0,
                    0.0,
                    1.0
                ]
            ]
        },
        {
            "file_path": "/data/shapenet_blender/all_50_random/02958343/6aa8f648cc8df63ab2c17ece4015d55/r_30",
            "rotation": 0.12566370614359174,
            "transform_matrix": [
                [
                    -0.58803391456604,
                    0.1627696007490158,
                    0.792289137840271,
                    3.193819761276245
                ],
                [
                    0.8088362812995911,
                    0.11833550781011581,
                    0.5760039687156677,
                    2.321946382522583
                ],
                [
                    0.0,
                    0.9795420169830322,
                    -0.20123927295207977,
                    -0.8112214803695679
                ],
                [
                    0.0,
                    0.0,
                    0.0,
                    1.0
                ]
            ]
        },
        {
            "file_path": "/data/shapenet_blender/all_50_random/02958343/6aa8f648cc8df63ab2c17ece4015d55/r_31",
            "rotation": 0.12566370614359174,
            "transform_matrix": [
                [
                    0.3191351592540741,
                    -0.5875426530838013,
                    0.743603527545929,
                    2.9975616931915283
                ],
                [
                    0.947709321975708,
                    0.197851300239563,
                    -0.2504037916660309,
                    -1.00941002368927
                ],
                [
                    -1.4901164746561335e-08,
                    0.7846325635910034,
                    0.6199609637260437,
                    2.499142646789551
                ],
                [
                    0.0,
                    0.0,
                    0.0,
                    1.0
                ]
            ]
        },
        {
            "file_path": "/data/shapenet_blender/all_50_random/02958343/6aa8f648cc8df63ab2c17ece4015d55/r_32",
            "rotation": 0.12566370614359174,
            "transform_matrix": [
                [
                    0.6226409673690796,
                    0.1868181824684143,
                    0.7598796486854553,
                    3.0631728172302246
                ],
                [
                    0.7825076580047607,
                    -0.1486511528491974,
                    -0.6046359539031982,
                    -2.4373655319213867
                ],
                [
                    0.0,
                    0.9710826873779297,
                    -0.23874297738075256,
                    -0.9624037146568298
                ],
                [
                    0.0,
                    0.0,
                    0.0,
                    1.0
                ]
            ]
        },
        {
            "file_path": "/data/shapenet_blender/all_50_random/02958343/6aa8f648cc8df63ab2c17ece4015d55/r_33",
            "rotation": 0.12566370614359174,
            "transform_matrix": [
                [
                    0.5277693271636963,
                    0.20352010428905487,
                    -0.8246448040008545,
                    -3.324249744415283
                ],
                [
                    -0.8493878245353699,
                    0.12645775079727173,
                    -0.5123952031135559,
                    -2.0655312538146973
                ],
                [
                    0.0,
                    0.9708696007728577,
                    0.2396080195903778,
                    0.9658908843994141
                ],
                [
                    0.0,
                    0.0,
                    0.0,
                    1.0
                ]
            ]
        },
        {
            "file_path": "/data/shapenet_blender/all_50_random/02958343/6aa8f648cc8df63ab2c17ece4015d55/r_34",
            "rotation": 0.12566370614359174,
            "transform_matrix": [
                [
                    0.5790518522262573,
                    0.16851435601711273,
                    -0.7976853251457214,
                    -3.2155723571777344
                ],
                [
                    -0.8152907490730286,
                    0.1196855828166008,
                    -0.5665478110313416,
                    -2.283827304840088
                ],
                [
                    -7.450580596923828e-09,
                    0.9784058928489685,
                    0.20669235289096832,
                    0.8332035541534424
                ],
                [
                    0.0,
                    0.0,
                    0.0,
                    1.0
                ]
            ]
        },
        {
            "file_path": "/data/shapenet_blender/all_50_random/02958343/6aa8f648cc8df63ab2c17ece4015d55/r_35",
            "rotation": 0.12566370614359174,
            "transform_matrix": [
                [
                    -0.9760823249816895,
                    -0.06013436242938042,
                    0.2089190036058426,
                    0.8421794772148132
                ],
                [
                    0.21740123629570007,
                    -0.26998966932296753,
                    0.9379990100860596,
                    3.7811951637268066
                ],
                [
                    0.0,
                    0.9609835147857666,
                    0.27660542726516724,
                    1.1150323152542114
                ],
                [
                    0.0,
                    0.0,
                    0.0,
                    1.0
                ]
            ]
        },
        {
            "file_path": "/data/shapenet_blender/all_50_random/02958343/6aa8f648cc8df63ab2c17ece4015d55/r_36",
            "rotation": 0.12566370614359174,
            "transform_matrix": [
                [
                    0.9240197539329529,
                    -0.05726763606071472,
                    0.3780316114425659,
                    1.5238940715789795
                ],
                [
                    0.38234469294548035,
                    0.13839977979660034,
                    -0.9135962128639221,
                    -3.682823896408081
                ],
                [
                    3.725290076417309e-09,
                    0.9887192845344543,
                    0.14978010952472687,
                    0.6037828922271729
                ],
                [
                    0.0,
                    0.0,
                    0.0,
                    1.0
                ]
            ]
        },
        {
            "file_path": "/data/shapenet_blender/all_50_random/02958343/6aa8f648cc8df63ab2c17ece4015d55/r_37",
            "rotation": 0.12566370614359174,
            "transform_matrix": [
                [
                    0.597899317741394,
                    -0.4386245012283325,
                    0.6709135174751282,
                    2.7045388221740723
                ],
                [
                    0.8015711903572083,
                    0.32717403769493103,
                    -0.5004405379295349,
                    -2.0173404216766357
                ],
                [
                    -1.4901161193847656e-08,
                    0.8369979858398438,
                    0.547205924987793,
                    2.205857753753662
                ],
                [
                    0.0,
                    0.0,
                    0.0,
                    1.0
                ]
            ]
        },
        {
            "file_path": "/data/shapenet_blender/all_50_random/02958343/6aa8f648cc8df63ab2c17ece4015d55/r_38",
            "rotation": 0.12566370614359174,
            "transform_matrix": [
                [
                    0.4360611140727997,
                    -0.21698275208473206,
                    -0.8733665943145752,
                    -3.520653247833252
                ],
                [
                    -0.8999170660972595,
                    -0.10514050722122192,
                    -0.42319589853286743,
                    -1.7059571743011475
                ],
                [
                    0.0,
                    0.9704967737197876,
                    -0.24111415445804596,
                    -0.9719622731208801
                ],
                [
                    0.0,
                    0.0,
                    0.0,
                    1.0
                ]
            ]
        },
        {
            "file_path": "/data/shapenet_blender/all_50_random/02958343/6aa8f648cc8df63ab2c17ece4015d55/r_39",
            "rotation": 0.12566370614359174,
            "transform_matrix": [
                [
                    0.8730193376541138,
                    0.3923243582248688,
                    -0.28968754410743713,
                    -1.167767882347107
                ],
                [
                    -0.4876856803894043,
                    0.7023104429244995,
                    -0.518577516078949,
                    -2.0904529094696045
                ],
                [
                    0.0,
                    0.5940045714378357,
                    0.8044615387916565,
                    3.2428882122039795
                ],
                [
                    0.0,
                    0.0,
                    0.0,
                    1.0
                ]
            ]
        },
        {
            "file_path": "/data/shapenet_blender/all_50_random/02958343/6aa8f648cc8df63ab2c17ece4015d55/r_40",
            "rotation": 0.12566370614359174,
            "transform_matrix": [
                [
                    -0.9608421921730042,
                    -0.2056780308485031,
                    0.18568523228168488,
                    0.748521089553833
                ],
                [
                    0.2770965099334717,
                    -0.7131960391998291,
                    0.6438702344894409,
                    2.5955238342285156
                ],
                [
                    0.0,
                    0.6701102256774902,
                    0.7422614693641663,
                    2.9921517372131348
                ],
                [
                    0.0,
                    0.0,
                    0.0,
                    1.0
                ]
            ]
        },
        {
            "file_path": "/data/shapenet_blender/all_50_random/02958343/6aa8f648cc8df63ab2c17ece4015d55/r_41",
            "rotation": 0.12566370614359174,
            "transform_matrix": [
                [
                    -0.9017769694328308,
                    0.02586100623011589,
                    0.43142738938331604,
                    1.739139437675476
                ],
                [
                    0.4322018325328827,
                    0.05395826697349548,
                    0.9001611471176147,
                    3.6286656856536865
                ],
                [
                    -1.862645371275562e-09,
                    0.998208224773407,
                    -0.059835489839315414,
