{
    "class": "02958343",
    "model": "de683c906ed97d7456ca31471168385",
    "remove_doubles": true,
    "edge_split": true,
    "denoise": true,
    "camera_angle_x": 0.6911112070083618,
    "scale_factor": 2.341799828034795,
    "hdri_file": "/data/IndoorHDRDataset2018/9C4A3461-ed15a74306.exr",
    "center_offset": [
        0.0,
        -1.862645149230957e-09,
        -3.725290298461914e-09
    ],
    "lights": [],
    "frames": [
        {
            "file_path": "/data/shapenet_blender/all_50_random/02958343/de683c906ed97d7456ca31471168385/r_0",
            "rotation": 0.12566370614359174,
            "transform_matrix": [
                [
                    -0.9307661652565002,
                    -0.22101683914661407,
                    0.29124894738197327,
                    1.1740620136260986
                ],
                [
                    0.3656150698661804,
                    -0.5626545548439026,
                    0.7414482831954956,
                    2.9888737201690674
                ],
                [
                    -1.4901161193847656e-08,
                    0.7965999245643616,
                    0.6045068502426147,
                    2.436845064163208
                ],
                [
                    0.0,
                    0.0,
                    0.0,
                    1.0
                ]
            ]
        },
        {
            "file_path": "/data/shapenet_blender/all_50_random/02958343/de683c906ed97d7456ca31471168385/r_1",
            "rotation": 0.12566370614359174,
            "transform_matrix": [
                [
                    -0.503865659236908,
                    -0.3819558918476105,
                    0.7747445106506348,
                    3.1230950355529785
                ],
                [
                    0.8637820482254028,
                    -0.22280444204807281,
                    0.45192787051200867,
                    1.821779489517212
                ],
                [
                    0.0,
                    0.8969212770462036,
                    0.44219017028808594,
                    1.7825255393981934
                ],
                [
                    0.0,
                    0.0,
                    0.0,
                    1.0
                ]
            ]
        },
        {
            "file_path": "/data/shapenet_blender/all_50_random/02958343/de683c906ed97d7456ca31471168385/r_2",
            "rotation": 0.12566370614359174,
            "transform_matrix": [
                [
                    0.7821016311645508,
                    0.5672597289085388,
                    -0.2579408884048462,
                    -1.0397930145263672
                ],
                [
                    -0.6231510043144226,
                    0.71195387840271,
                    -0.3237352967262268,
                    -1.305018663406372
                ],
                [
                    1.4901162970204496e-08,
                    0.41392993927001953,
                    0.9103087186813354,
                    3.669571876525879
                ],
                [
                    0.0,
                    0.0,
                    0.0,
                    1.0
                ]
            ]
        },
        {
            "file_path": "/data/shapenet_blender/all_50_random/02958343/de683c906ed97d7456ca31471168385/r_3",
            "rotation": 0.12566370614359174,
            "transform_matrix": [
                [
                    -0.9881700277328491,
                    -0.1357022225856781,
                    -0.07144768536090851,
                    -0.28801482915878296
                ],
                [
                    -0.15336188673973083,
                    0.874381959438324,
                    0.4603651165962219,
                    1.8557910919189453
                ],
                [
                    -7.450580596923828e-09,
                    0.46587640047073364,
                    -0.8848497867584229,
                    -3.566943645477295
                ],
                [
                    0.0,
                    0.0,
                    0.0,
                    1.0
                ]
            ]
        },
        {
            "file_path": "/data/shapenet_blender/all_50_random/02958343/de683c906ed97d7456ca31471168385/r_4",
            "rotation": 0.12566370614359174,
            "transform_matrix": [
                [
                    -0.6782225966453552,
                    0.20878376066684723,
                    0.7045732140541077,
                    2.8402256965637207
                ],
                [
                    0.7348566055297852,
                    0.19269318878650665,
                    0.6502730846405029,
                    2.6213347911834717
                ],
                [
                    0.0,
                    0.9587902426719666,
                    -0.2841149568557739,
                    -1.1453042030334473
                ],
                [
                    0.0,
                    0.0,
                    0.0,
                    1.0
                ]
            ]
        },
        {
            "file_path": "/data/shapenet_blender/all_50_random/02958343/de683c906ed97d7456ca31471168385/r_5",
            "rotation": 0.12566370614359174,
            "transform_matrix": [
                [
                    -0.9730318188667297,
                    -0.1923282891511917,
                    -0.12735295295715332,
                    -0.5133762359619141
                ],
                [
                    -0.23067064583301544,
                    0.8112933039665222,
                    0.5372095704078674,
                    2.1655611991882324
                ],
                [
                    7.450580152834618e-09,
                    0.5520986318588257,
                    -0.8337786793708801,
                    -3.361069679260254
                ],
                [
                    0.0,
                    0.0,
                    0.0,
                    1.0
                ]
            ]
        },
        {
            "file_path": "/data/shapenet_blender/all_50_random/02958343/de683c906ed97d7456ca31471168385/r_6",
            "rotation": 0.12566370614359174,
            "transform_matrix": [
                [
                    -0.9042184948921204,
                    0.03863883763551712,
                    0.4253186881542206,
                    1.7145144939422607
                ],
                [
                    0.42707017064094543,
                    0.08180844783782959,
                    0.9005101323127747,
                    3.6300723552703857
                ],
                [
                    3.725290298461914e-09,
                    0.9958987832069397,
                    -0.0904742106795311,
                    -0.36471322178840637
                ],
                [
                    0.0,
                    0.0,
                    0.0,
                    1.0
                ]
            ]
        },
        {
            "file_path": "/data/shapenet_blender/all_50_random/02958343/de683c906ed97d7456ca31471168385/r_7",
            "rotation": 0.12566370614359174,
            "transform_matrix": [
                [
                    0.9988963603973389,
                    -0.017569351941347122,
                    0.04355989024043083,
                    0.17559555172920227
                ],
                [
                    0.046969637274742126,
                    0.3736448585987091,
                    -0.9263818264007568,
                    -3.7343647480010986
                ],
                [
                    -1.862645149230957e-09,
                    0.9274054765701294,
                    0.3740576207637787,
                    1.507874608039856
                ],
                [
                    0.0,
                    0.0,
                    0.0,
                    1.0
                ]
            ]
        },
        {
            "file_path": "/data/shapenet_blender/all_50_random/02958343/de683c906ed97d7456ca31471168385/r_8",
            "rotation": 0.12566370614359174,
            "transform_matrix": [
                [
                    -0.8237570524215698,
                    0.2210889458656311,
                    0.5220575332641602,
                    2.1044814586639404
                ],
                [
                    0.5669431090354919,
                    0.32123783230781555,
                    0.7585391998291016,
                    3.057769536972046
                ],
                [
                    -1.4901162970204496e-08,
                    0.9208288192749023,
                    -0.389966756105423,
                    -1.572006344795227
                ],
                [
                    0.0,
                    0.0,
                    0.0,
                    1.0
                ]
            ]
        },
        {
            "file_path": "/data/shapenet_blender/all_50_random/02958343/de683c906ed97d7456ca31471168385/r_9",
            "rotation": 0.12566370614359174,
            "transform_matrix": [
                [
                    -0.24545839428901672,
                    0.044896624982357025,
                    0.9683669209480286,
                    3.903611898422241
                ],
                [
                    0.9694072008132935,
                    0.011368033476173878,
                    0.24519498646259308,
                    0.988412618637085
                ],
                [
                    0.0,
                    0.9989269375801086,
                    -0.046313486993312836,
                    -0.1866956353187561
                ],
                [
                    0.0,
                    0.0,
                    0.0,
                    1.0
                ]
            ]
        },
        {
            "file_path": "/data/shapenet_blender/all_50_random/02958343/de683c906ed97d7456ca31471168385/r_10",
            "rotation": 0.12566370614359174,
            "transform_matrix": [
                [
                    0.6572767496109009,
                    0.5647306442260742,
                    -0.499065637588501,
                    -2.0117979049682617
                ],
                [
                    -0.7536492943763733,
                    0.49251604080200195,
                    -0.43524789810180664,
                    -1.7545404434204102
                ],
                [
                    0.0,
                    0.6621987819671631,
                    0.7493281960487366,
                    3.0206384658813477
                ],
                [
                    0.0,
                    0.0,
                    0.0,
                    1.0
                ]
            ]
        },
        {
            "file_path": "/data/shapenet_blender/all_50_random/02958343/de683c906ed97d7456ca31471168385/r_11",
            "rotation": 0.12566370614359174,
            "transform_matrix": [
                [
                    -0.34635239839553833,
                    0.1243513822555542,
                    -0.9298262000083923,
                    -3.7482492923736572
                ],
                [
                    -0.9381045699119568,
                    -0.04591108858585358,
                    0.34329602122306824,
                    1.3838704824447632
                ],
                [
                    0.0,
                    0.9911754727363586,
                    0.1325560063123703,
                    0.5343503355979919
                ],
                [
                    0.0,
                    0.0,
                    0.0,
                    1.0
                ]
            ]
        },
        {
            "file_path": "/data/shapenet_blender/all_50_random/02958343/de683c906ed97d7456ca31471168385/r_12",
            "rotation": 0.12566370614359174,
            "transform_matrix": [
                [
                    0.44835150241851807,
                    -0.38672155141830444,
                    0.8058704733848572,
                    3.248568058013916
                ],
                [
                    0.8938573598861694,
                    0.19397635757923126,
                    -0.40421801805496216,
                    -1.6294550895690918
                ],
                [
                    0.0,
                    0.9015650153160095,
                    0.43264350295066833,
                    1.744041919708252
                ],
                [
                    0.0,
                    0.0,
                    0.0,
                    1.0
                ]
            ]
        },
        {
            "file_path": "/data/shapenet_blender/all_50_random/02958343/de683c906ed97d7456ca31471168385/r_13",
            "rotation": 0.12566370614359174,
            "transform_matrix": [
                [
                    -0.16211442649364471,
                    0.09474899619817734,
                    -0.982212483882904,
                    -3.959425449371338
                ],
                [
                    -0.9867720007896423,
                    -0.015566086396574974,
                    0.16136534512043,
                    0.650484561920166
                ],
                [
                    9.31322685637781e-10,
                    0.9953794479370117,
                    0.09601912647485733,
                    0.38706550002098083
                ],
                [
                    0.0,
                    0.0,
                    0.0,
                    1.0
                ]
            ]
        },
        {
            "file_path": "/data/shapenet_blender/all_50_random/02958343/de683c906ed97d7456ca31471168385/r_14",
            "rotation": 0.12566370614359174,
            "transform_matrix": [
                [
                    -0.6855931878089905,
                    0.14985217154026031,
                    0.7123948335647583,
                    2.871755361557007
                ],
                [
                    0.7279849648475647,
                    0.14112602174282074,
                    0.6709108948707581,
                    2.704528331756592
                ],
                [
                    7.450580596923828e-09,
                    0.9785845279693604,
                    -0.2058451771736145,
                    -0.8297884464263916
                ],
                [
                    0.0,
                    0.0,
                    0.0,
                    1.0
                ]
            ]
        },
        {
            "file_path": "/data/shapenet_blender/all_50_random/02958343/de683c906ed97d7456ca31471168385/r_15",
            "rotation": 0.12566370614359174,
            "transform_matrix": [
                [
                    0.574554979801178,
                    -0.36199939250946045,
                    -0.7340591549873352,
                    -2.959087371826172
                ],
                [
                    -0.8184658885002136,
                    -0.25411999225616455,
                    -0.5153022408485413,
                    -2.0772500038146973
                ],
                [
                    -1.4901160305669237e-08,
                    0.8968720436096191,
                    -0.4422900676727295,
                    -1.782928466796875
                ],
                [
                    0.0,
                    0.0,
                    0.0,
                    1.0
                ]
            ]
        },
        {
            "file_path": "/data/shapenet_blender/all_50_random/02958343/de683c906ed97d7456ca31471168385/r_16",
            "rotation": 0.12566370614359174,
            "transform_matrix": [
                [
                    -0.49330365657806396,
                    -0.49625295400619507,
                    0.7144119739532471,
                    2.879887104034424
                ],
                [
                    0.8698573112487793,
                    -0.28142938017845154,
                    0.40514928102493286,
                    1.6332091093063354
                ],
                [
                    0.0,
                    0.8212981224060059,
                    0.5704992413520813,
                    2.2997562885284424
                ],
                [
                    0.0,
                    0.0,
                    0.0,
                    1.0
                ]
            ]
        },
        {
            "file_path": "/data/shapenet_blender/all_50_random/02958343/de683c906ed97d7456ca31471168385/r_17",
            "rotation": 0.12566370614359174,
            "transform_matrix": [
                [
                    -0.7272473573684692,
                    0.12836779654026031,
                    0.6742647290229797,
                    2.718048095703125
                ],
                [
                    0.6863754391670227,
                    0.1360117644071579,
                    0.7144154906272888,
                    2.8799009323120117
                ],
                [
                    7.450580596923828e-09,
                    0.982355535030365,
                    -0.18702270090579987,
                    -0.7539125680923462
                ],
                [
                    0.0,
                    0.0,
                    0.0,
                    1.0
                ]
            ]
        },
        {
            "file_path": "/data/shapenet_blender/all_50_random/02958343/de683c906ed97d7456ca31471168385/r_18",
            "rotation": 0.12566370614359174,
            "transform_matrix": [
                [
                    -0.9004859328269958,
                    0.11208466440439224,
                    0.42019301652908325,
                    1.693852186203003
                ],
                [
                    0.43488526344299316,
                    0.23208573460578918,
                    0.8700637817382812,
                    3.5073392391204834
                ],
                [
                    0.0,
                    0.9662158489227295,
                    -0.25773394107818604,
                    -1.0389587879180908
                ],
                [
                    0.0,
                    0.0,
                    0.0,
                    1.0
                ]
            ]
        },
        {
            "file_path": "/data/shapenet_blender/all_50_random/02958343/de683c906ed97d7456ca31471168385/r_19",
            "rotation": 0.12566370614359174,
            "transform_matrix": [
                [
                    0.462216854095459,
                    0.19788473844528198,
                    0.8644056916236877,
                    3.4845309257507324
                ],
                [
                    0.8867669701576233,
                    -0.10314510017633438,
                    -0.4505613148212433,
                    -1.8162708282470703
                ],
                [
                    7.450580596923828e-09,
                    0.9747834205627441,
                    -0.22315305471420288,
                    -0.8995587825775146
                ],
                [
                    0.0,
                    0.0,
                    0.0,
                    1.0
                ]
            ]
        },
        {
            "file_path": "/data/shapenet_blender/all_50_random/02958343/de683c906ed97d7456ca31471168385/r_20",
            "rotation": 0.12566370614359174,
            "transform_matrix": [
                [
                    -0.9263727068901062,
                    0.023850563913583755,
                    0.37585222721099854,
                    1.5151088237762451
                ],
                [
                    0.3766082227230072,
                    0.05866709351539612,
                    0.9245131015777588,
                    3.7268314361572266
                ],
                [
                    1.862645149230957e-09,
                    0.9979926943778992,
                    -0.06332990527153015,
                    -0.25529101490974426
                ],
                [
                    0.0,
                    0.0,
                    0.0,
                    1.0
                ]
            ]
        },
        {
            "file_path": "/data/shapenet_blender/all_50_random/02958343/de683c906ed97d7456ca31471168385/r_21",
            "rotation": 0.12566370614359174,
            "transform_matrix": [
                [
                    -0.009077737107872963,
                    0.4767828583717346,
                    -0.8789741396903992,
                    -3.5432584285736084
                ],
                [
                    -0.999958872795105,
                    -0.004328287672251463,
                    0.00797942467033863,
                    0.032166093587875366
                ],
                [
                    2.3283067140944524e-10,
                    0.8790103793144226,
                    0.4768024682998657,
                    1.9220523834228516
                ],
                [
                    0.0,
                    0.0,
                    0.0,
                    1.0
                ]
            ]
        },
        {
            "file_path": "/data/shapenet_blender/all_50_random/02958343/de683c906ed97d7456ca31471168385/r_22",
            "rotation": 0.12566370614359174,
            "transform_matrix": [
                [
                    -0.65935218334198,
                    -0.10633216798305511,
                    0.7442769408226013,
                    3.0002763271331787
                ],
                [
                    0.7518342137336731,
                    -0.09325240552425385,
                    0.6527245044708252,
                    2.631216526031494
                ],
                [
                    7.450580596923828e-09,
                    0.9899481534957886,
                    0.1414303481578827,
                    0.5701239705085754
                ],
                [
                    0.0,
                    0.0,
                    0.0,
                    1.0
                ]
            ]
        },
        {
            "file_path": "/data/shapenet_blender/all_50_random/02958343/de683c906ed97d7456ca31471168385/r_23",
            "rotation": 0.12566370614359174,
            "transform_matrix": [
                [
                    -0.8451529145240784,
                    0.06794168800115585,
                    -0.5301892757415771,
                    -2.137261390686035
                ],
                [
                    -0.5345247983932495,
                    -0.10742458701133728,
                    0.8382977843284607,
                    3.379286527633667
                ],
                [
                    3.725290742551124e-09,
                    0.9918890595436096,
                    0.1271066963672638,
                    0.5123834609985352
                ],
                [
                    0.0,
                    0.0,
                    0.0,
                    1.0
                ]
            ]
        },
        {
            "file_path": "/data/shapenet_blender/all_50_random/02958343/de683c906ed97d7456ca31471168385/r_24",
            "rotation": 0.12566370614359174,
            "transform_matrix": [
                [
                    -0.9698264002799988,
                    0.0009725595009513199,
                    0.24379488825798035,
                    0.9827686548233032
                ],
                [
                    0.24379685521125793,
                    0.003868851810693741,
                    0.9698185324668884,
                    3.90946364402771
                ],
                [
                    -5.820766785236131e-11,
                    0.9999920129776001,
                    -0.003989221062511206,
                    -0.0160810649394989
                ],
                [
                    0.0,
                    0.0,
                    0.0,
                    1.0
                ]
            ]
        },
        {
            "file_path": "/data/shapenet_blender/all_50_random/02958343/de683c906ed97d7456ca31471168385/r_25",
            "rotation": 0.12566370614359174,
            "transform_matrix": [
                [
                    0.5305008888244629,
                    -0.15862466394901276,
                    0.8327106833457947,
                    3.356764078140259
                ],
                [
                    0.8476845026016235,
                    0.09927104413509369,
                    -0.5211299061775208,
                    -2.1007418632507324
                ],
                [
                    0.0,
                    0.9823356866836548,
                    0.1871270388364792,
                    0.7543331980705261
                ],
                [
                    0.0,
                    0.0,
                    0.0,
                    1.0
                ]
            ]
        },
        {
            "file_path": "/data/shapenet_blender/all_50_random/02958343/de683c906ed97d7456ca31471168385/r_26",
            "rotation": 0.12566370614359174,
            "transform_matrix": [
                [
                    0.5307676792144775,
                    -0.21214590966701508,
                    0.8205363154411316,
                    3.307687759399414
                ],
                [
                    0.8475174903869629,
                    0.13285885751247406,
                    -0.5138704180717468,
                    -2.0714778900146484
                ],
                [
                    -7.450581485102248e-09,
                    0.9681645631790161,
                    0.25031453371047974,
                    1.0090501308441162
                ],
                [
                    0.0,
                    0.0,
                    0.0,
                    1.0
                ]
            ]
        },
        {
            "file_path": "/data/shapenet_blender/all_50_random/02958343/de683c906ed97d7456ca31471168385/r_27",
            "rotation": 0.12566370614359174,
            "transform_matrix": [
                [
                    0.25551480054855347,
                    0.03197213262319565,
                    0.9662763476371765,
                    3.8951845169067383
                ],
                [
                    0.9668051600456238,
                    -0.00844984408468008,
                    -0.25537505745887756,
                    -1.0294498205184937
                ],
                [
                    -9.313225746154785e-10,
                    0.9994530081748962,
                    -0.03306988254189491,
                    -0.13330896198749542
                ],
                [
                    0.0,
                    0.0,
                    0.0,
                    1.0
                ]
            ]
        },
        {
            "file_path": "/data/shapenet_blender/all_50_random/02958343/de683c906ed97d7456ca31471168385/r_28",
            "rotation": 0.12566370614359174,
            "transform_matrix": [
                [
                    -0.2667267322540283,
                    0.7084787487983704,
                    0.6533870697021484,
                    2.633887529373169
                ],
                [
                    0.9637722969055176,
                    0.196073517203331,
                    0.18082673847675323,
                    0.7289358973503113
                ],
                [
                    0.0,
                    0.6779475212097168,
                    -0.7351102232933044,
                    -2.9633240699768066
                ],
                [
                    0.0,
                    0.0,
                    0.0,
                    1.0
                ]
            ]
        },
        {
            "file_path": "/data/shapenet_blender/all_50_random/02958343/de683c906ed97d7456ca31471168385/r_29",
            "rotation": 0.12566370614359174,
            "transform_matrix": [
                [
                    -0.7983932495117188,
                    -0.0012152120471000671,
                    -0.6021350622177124,
                    -2.4272842407226562
                ],
                [
                    -0.6021363139152527,
                    0.0016112914308905602,
                    0.798391580581665,
                    3.2184195518493652
                ],
                [
                    5.8207657444020455e-11,
                    0.9999979734420776,
                    -0.0020181674044579268,
                    -0.008135493844747543
                ],
                [
                    0.0,
                    0.0,
                    0.0,
                    1.0
                ]
            ]
        },
        {
            "file_path": "/data/shapenet_blender/all_50_random/02958343/de683c906ed97d7456ca31471168385/r_30",
            "rotation": 0.12566370614359174,
            "transform_matrix": [
                [
                    -0.20826958119869232,
                    0.5120331645011902,
                    -0.8333340883255005,
                    -3.3592772483825684
                ],
                [
                    -0.9780715107917786,
                    -0.10903184115886688,
                    0.1774493306875229,
                    0.7153211236000061
                ],
                [
                    -7.450581485102248e-09,
                    0.8520175218582153,
                    0.5235130786895752,
                    2.110348701477051
                ],
                [
                    0.0,
                    0.0,
                    0.0,
                    1.0
                ]
            ]
        },
        {
            "file_path": "/data/shapenet_blender/all_50_random/02958343/de683c906ed97d7456ca31471168385/r_31",
            "rotation": 0.12566370614359174,
            "transform_matrix": [
                [
                    0.03827962279319763,
                    -0.5111209154129028,
                    -0.8586559295654297,
                    -3.461353063583374
                ],
                [
                    -0.9992671012878418,
                    -0.019579865038394928,
                    -0.03289313241839409,
                    -0.1325964778661728
                ],
                [
                    0.0,
                    0.8592857718467712,
                    -0.5114957094192505,
                    -2.0619053840637207
                ],
                [
                    0.0,
                    0.0,
                    0.0,
                    1.0
                ]
            ]
        },
        {
            "file_path": "/data/shapenet_blender/all_50_random/02958343/de683c906ed97d7456ca31471168385/r_32",
            "rotation": 0.12566370614359174,
            "transform_matrix": [
                [
                    0.09508822858333588,
                    0.06449224799871445,
                    0.9933775663375854,
                    4.0044331550598145
                ],
                [
                    0.9954688549041748,
                    -0.00616036681458354,
                    -0.09488846361637115,
                    -0.3825076222419739
                ],
                [
                    0.0,
                    0.9978992342948914,
                    -0.06478580087423325,
                    -0.2611599266529083
                ],
                [
                    0.0,
                    0.0,
                    0.0,
                    1.0
                ]
            ]
        },
        {
            "file_path": "/data/shapenet_blender/all_50_random/02958343/de683c906ed97d7456ca31471168385/r_33",
            "rotation": 0.12566370614359174,
            "transform_matrix": [
                [
                    0.9999204277992249,
                    0.00041694441461004317,
                    -0.012610753998160362,
                    -0.05083557963371277
                ],
                [
                    -0.012617645785212517,
                    0.03304191678762436,
                    -0.999374270439148,
                    -4.02860689163208
                ],
                [
                    -2.9103830456733704e-11,
                    0.9994538426399231,
                    0.03304454684257507,
                    0.13320684432983398
                ],
                [
                    0.0,
                    0.0,
                    0.0,
                    1.0
                ]
            ]
        },
        {
            "file_path": "/data/shapenet_blender/all_50_random/02958343/de683c906ed97d7456ca31471168385/r_34",
            "rotation": 0.12566370614359174,
            "transform_matrix": [
                [
                    -0.44888219237327576,
                    0.7123939394950867,
                    0.539443850517273,
                    2.174567699432373
                ],
                [
                    0.8935909271240234,
                    0.3578605651855469,
                    0.27098163962364197,
                    1.0923619270324707
                ],
                [
                    0.0,
                    0.6036810278892517,
                    -0.7972259521484375,
                    -3.2137205600738525
                ],
                [
                    0.0,
                    0.0,
                    0.0,
                    1.0
                ]
            ]
        },
        {
            "file_path": "/data/shapenet_blender/all_50_random/02958343/de683c906ed97d7456ca31471168385/r_35",
            "rotation": 0.12566370614359174,
            "transform_matrix": [
                [
                    0.9999936819076538,
                    -0.0018848722102120519,
                    -0.0030233708675950766,
                    -0.012187600135803223
                ],
                [
                    -0.0035627963952720165,
                    -0.5290395617485046,
                    -0.8485895395278931,
                    -3.420774221420288
                ],
                [
                    0.0,
                    0.8485949635505676,
                    -0.5290428996086121,
                    -2.1326403617858887
                ],
                [
                    0.0,
                    0.0,
                    0.0,
                    1.0
                ]
            ]
        },
        {
            "file_path": "/data/shapenet_blender/all_50_random/02958343/de683c906ed97d7456ca31471168385/r_36",
            "rotation": 0.12566370614359174,
            "transform_matrix": [
                [
                    0.9766901731491089,
                    -0.07169617712497711,
                    -0.20232635736465454,
                    -0.8156036138534546
                ],
                [
                    -0.2146538943052292,
                    -0.32622259855270386,
                    -0.9205989837646484,
                    -3.7110531330108643
                ],
                [
                    0.0,
                    0.9425700306892395,
                    -0.3340083360671997,
                    -1.3464306592941284
                ],
                [
                    0.0,
                    0.0,
                    0.0,
                    1.0
                ]
            ]
        },
        {
            "file_path": "/data/shapenet_blender/all_50_random/02958343/de683c906ed97d7456ca31471168385/r_37",
            "rotation": 0.12566370614359174,
            "transform_matrix": [
                [
                    0.2801271975040436,
                    -0.027265110984444618,
                    -0.9595755934715271,
                    -3.8681728839874268
                ],
                [
                    -0.9599629044532776,
                    -0.007956244982779026,
                    -0.2800142168998718,
                    -1.1287734508514404
                ],
                [
                    4.656612873077393e-10,
                    0.9995965361595154,
                    -0.028402255848050117,
                    -0.11449315398931503
                ],
                [
                    0.0,
                    0.0,
                    0.0,
                    1.0
                ]
            ]
        },
        {
            "file_path": "/data/shapenet_blender/all_50_random/02958343/de683c906ed97d7456ca31471168385/r_38",
            "rotation": 0.12566370614359174,
            "transform_matrix": [
                [
                    0.8318889141082764,
                    0.5313501358032227,
                    0.16008701920509338,
                    0.6453313827514648
                ],
                [
                    0.5549421310424805,
                    -0.7965232133865356,
                    -0.23997928202152252,
                    -0.967387318611145
                ],
                [
                    1.4901161193847656e-08,
                    0.288474977016449,
                    -0.9574874639511108,
                    -3.859755039215088
                ],
                [
                    0.0,
                    0.0,
                    0.0,
                    1.0
                ]
            ]
        },
        {
            "file_path": "/data/shapenet_blender/all_50_random/02958343/de683c906ed97d7456ca31471168385/r_39",
            "rotation": 0.12566370614359174,
            "transform_matrix": [
                [
                    0.6330859065055847,
                    -0.41416096687316895,
                    -0.6539670825004578,
                    -2.636225700378418
                ],
                [
                    -0.7740815281867981,
                    -0.3387233018875122,
                    -0.5348497629165649,
                    -2.15604829788208
                ],
                [
                    0.0,
                    0.8448296785354614,
                    -0.5350353717803955,
                    -2.156796455383301
                ],
                [
                    0.0,
                    0.0,
                    0.0,
                    1.0
                ]
            ]
        },
        {
            "file_path": "/data/shapenet_blender/all_50_random/02958343/de683c906ed97d7456ca31471168385/r_40",
            "rotation": 0.12566370614359174,
            "transform_matrix": [
                [
                    0.9250849485397339,
                    0.15493746101856232,
                    -0.3467163145542145,
                    -1.397658109664917
                ],
                [
                    -0.3797602355480194,
                    0.37742316722869873,
                    -0.844590961933136,
                    -3.4046549797058105
                ],
                [
                    -1.4901161193847656e-08,
                    0.9129874110221863,
                    0.4079876244068146,
                    1.6446506977081299
                ],
                [
                    0.0,
                    0.0,
                    0.0,
                    1.0
                ]
            ]
        },
        {
            "file_path": "/data/shapenet_blender/all_50_random/02958343/de683c906ed97d7456ca31471168385/r_41",
            "rotation": 0.12566370614359174,
            "transform_matrix": [
                [
                    0.7043811678886414,
                    0.17481562495231628,
                    0.6879582405090332,
                    2.7732486724853516
                ],
                [
                    0.709821879863739,
                    -0.17347566783428192,
                    -0.6826850771903992,
