{
    "class": "02958343",
    "model": "f374adc8c35b9a0b3eb5f91920765edb",
    "remove_doubles": true,
    "edge_split": true,
    "denoise": true,
    "camera_angle_x": 0.6911112070083618,
    "scale_factor": 2.250394588606419,
    "hdri_file": "/data/IndoorHDRDataset2018/AG8A8841-3a73ed56c3.exr",
    "center_offset": [
        0.0,
        0.0,
        -6.984919309616089e-10
    ],
    "lights": [],
    "frames": [
        {
            "file_path": "/data/shapenet_blender/all_50_random/02958343/f374adc8c35b9a0b3eb5f91920765edb/r_0",
            "rotation": 0.12566370614359174,
            "transform_matrix": [
                [
                    -0.32759416103363037,
                    -0.7459350824356079,
                    -0.5798817873001099,
                    -2.337578296661377
                ],
                [
                    -0.9448185563087463,
                    0.25863587856292725,
                    0.2010607272386551,
                    0.8105016946792603
                ],
                [
                    -1.4901161193847656e-08,
                    0.6137493252754211,
                    -0.789500892162323,
                    -3.18257999420166
                ],
                [
                    0.0,
                    0.0,
                    0.0,
                    1.0
                ]
            ]
        },
        {
            "file_path": "/data/shapenet_blender/all_50_random/02958343/f374adc8c35b9a0b3eb5f91920765edb/r_1",
            "rotation": 0.12566370614359174,
            "transform_matrix": [
                [
                    -0.21624046564102173,
                    -0.8335979580879211,
                    -0.508285641670227,
                    -2.0489649772644043
                ],
                [
                    -0.976340115070343,
                    0.18462583422660828,
                    0.11257544159889221,
                    0.4538061320781708
                ],
                [
                    7.450580596923828e-09,
                    0.5206031203269958,
                    -0.8537987470626831,
                    -3.441772937774658
                ],
                [
                    0.0,
                    0.0,
                    0.0,
                    1.0
                ]
            ]
        },
        {
            "file_path": "/data/shapenet_blender/all_50_random/02958343/f374adc8c35b9a0b3eb5f91920765edb/r_2",
            "rotation": 0.12566370614359174,
            "transform_matrix": [
                [
                    0.3955073058605194,
                    0.6553600430488586,
                    -0.6434881687164307,
                    -2.5939841270446777
                ],
                [
                    -0.918462872505188,
                    0.2822102904319763,
                    -0.27709805965423584,
                    -1.1170181035995483
                ],
                [
                    -1.4901161193847656e-08,
                    0.700614333152771,
                    0.7135400772094727,
                    2.8763723373413086
                ],
                [
                    0.0,
                    0.0,
                    0.0,
                    1.0
                ]
            ]
        },
        {
            "file_path": "/data/shapenet_blender/all_50_random/02958343/f374adc8c35b9a0b3eb5f91920765edb/r_3",
            "rotation": 0.12566370614359174,
            "transform_matrix": [
                [
                    -0.9144603610038757,
                    -0.11722920835018158,
                    -0.38732340931892395,
                    -1.5613505840301514
                ],
                [
                    -0.4046752452850342,
                    0.2649073600769043,
                    0.8752496838569641,
                    3.5282442569732666
                ],
                [
                    -7.4505792646561986e-09,
                    0.9571214914321899,
                    -0.28968706727027893,
                    -1.1677659749984741
                ],
                [
                    0.0,
                    0.0,
                    0.0,
                    1.0
                ]
            ]
        },
        {
            "file_path": "/data/shapenet_blender/all_50_random/02958343/f374adc8c35b9a0b3eb5f91920765edb/r_4",
            "rotation": 0.12566370614359174,
            "transform_matrix": [
                [
                    -0.9688214063644409,
                    0.07024270296096802,
                    0.23759417235851288,
                    0.9577727317810059
                ],
                [
                    0.24776002764701843,
                    0.2746715545654297,
                    0.9290696978569031,
                    3.745199680328369
                ],
                [
                    7.450580596923828e-09,
                    0.9589689373970032,
                    -0.28351104259490967,
                    -1.1428695917129517
                ],
                [
                    0.0,
                    0.0,
                    0.0,
                    1.0
                ]
            ]
        },
        {
            "file_path": "/data/shapenet_blender/all_50_random/02958343/f374adc8c35b9a0b3eb5f91920765edb/r_5",
            "rotation": 0.12566370614359174,
            "transform_matrix": [
                [
                    0.6398798823356628,
                    0.48706650733947754,
                    -0.5944072008132935,
                    -2.396131753921509
                ],
                [
                    -0.768474817276001,
                    0.4055618643760681,
                    -0.4949404299259186,
                    -1.9951684474945068
                ],
                [
                    -1.4901160305669237e-08,
                    0.7734893560409546,
                    0.6338093280792236,
                    2.554966926574707
                ],
                [
                    0.0,
                    0.0,
                    0.0,
                    1.0
                ]
            ]
        },
        {
            "file_path": "/data/shapenet_blender/all_50_random/02958343/f374adc8c35b9a0b3eb5f91920765edb/r_6",
            "rotation": 0.12566370614359174,
            "transform_matrix": [
                [
                    -0.9350071549415588,
                    0.29216307401657104,
                    0.2010038048028946,
                    0.8102722764015198
                ],
                [
                    0.3546290993690491,
                    0.7703105807304382,
                    0.5299621224403381,
                    2.136345624923706
                ],
                [
                    0.0,
                    0.566800057888031,
                    -0.8238553404808044,
                    -3.3210670948028564
                ],
                [
                    0.0,
                    0.0,
                    0.0,
                    1.0
                ]
            ]
        },
        {
            "file_path": "/data/shapenet_blender/all_50_random/02958343/f374adc8c35b9a0b3eb5f91920765edb/r_7",
            "rotation": 0.12566370614359174,
            "transform_matrix": [
                [
                    -0.43099474906921387,
                    -0.3442358374595642,
                    0.834113359451294,
                    3.3624186515808105
                ],
                [
                    0.9023544192314148,
                    -0.16441857814788818,
                    0.39840051531791687,
                    1.606003999710083
                ],
                [
                    0.0,
                    0.9243744611740112,
                    0.3814862370491028,
                    1.5378203392028809
                ],
                [
                    0.0,
                    0.0,
                    0.0,
                    1.0
                ]
            ]
        },
        {
            "file_path": "/data/shapenet_blender/all_50_random/02958343/f374adc8c35b9a0b3eb5f91920765edb/r_8",
            "rotation": 0.12566370614359174,
            "transform_matrix": [
                [
                    0.568877100944519,
                    0.0056784930638968945,
                    0.8224029541015625,
                    3.3152122497558594
                ],
                [
                    0.8224225640296936,
                    -0.003927864599972963,
                    -0.568863570690155,
                    -2.2931623458862305
                ],
                [
                    -2.3283064365386963e-10,
                    0.9999760985374451,
                    -0.006904593203216791,
                    -0.027833305299282074
                ],
                [
                    0.0,
                    0.0,
                    0.0,
                    1.0
                ]
            ]
        },
        {
            "file_path": "/data/shapenet_blender/all_50_random/02958343/f374adc8c35b9a0b3eb5f91920765edb/r_9",
            "rotation": 0.12566370614359174,
            "transform_matrix": [
                [
                    -0.6087442636489868,
                    -0.11003845185041428,
                    -0.785698413848877,
                    -3.1672515869140625
                ],
                [
                    -0.793366551399231,
                    0.08443167805671692,
                    0.6028605103492737,
                    2.430208444595337
                ],
                [
                    0.0,
                    0.990334689617157,
                    -0.13869811594486237,
                    -0.5591099858283997
                ],
                [
                    0.0,
                    0.0,
                    0.0,
                    1.0
                ]
            ]
        },
        {
            "file_path": "/data/shapenet_blender/all_50_random/02958343/f374adc8c35b9a0b3eb5f91920765edb/r_10",
            "rotation": 0.12566370614359174,
            "transform_matrix": [
                [
                    0.9990853667259216,
                    -0.001634172280319035,
                    -0.042730215936899185,
                    -0.17225101590156555
                ],
                [
                    -0.042761459946632385,
                    -0.03818105533719063,
                    -0.9983553886413574,
                    -4.024499416351318
                ],
                [
                    -1.1641534958251043e-10,
                    0.9992693662643433,
                    -0.038216009736061096,
                    -0.15405365824699402
                ],
                [
                    0.0,
                    0.0,
                    0.0,
                    1.0
                ]
            ]
        },
        {
            "file_path": "/data/shapenet_blender/all_50_random/02958343/f374adc8c35b9a0b3eb5f91920765edb/r_11",
            "rotation": 0.12566370614359174,
            "transform_matrix": [
                [
                    0.9517111778259277,
                    -0.08841324597597122,
                    0.2939879894256592,
                    1.1851032972335815
                ],
                [
                    0.30699482560157776,
                    0.27408888936042786,
                    -0.9113888144493103,
                    -3.6739253997802734
                ],
                [
                    0.0,
                    0.9576316475868225,
                    0.28799593448638916,
                    1.160948634147644
                ],
                [
                    0.0,
                    0.0,
                    0.0,
                    1.0
                ]
            ]
        },
        {
            "file_path": "/data/shapenet_blender/all_50_random/02958343/f374adc8c35b9a0b3eb5f91920765edb/r_12",
            "rotation": 0.12566370614359174,
            "transform_matrix": [
                [
                    -0.5481246709823608,
                    0.2892571687698364,
                    -0.7847863435745239,
                    -3.1635749340057373
                ],
                [
                    -0.8363966345787048,
                    -0.18956197798252106,
                    0.5143023729324341,
                    2.073219060897827
                ],
                [
                    0.0,
                    0.9382944107055664,
                    0.3458373546600342,
                    1.3941149711608887
                ],
                [
                    0.0,
                    0.0,
                    0.0,
                    1.0
                ]
            ]
        },
        {
            "file_path": "/data/shapenet_blender/all_50_random/02958343/f374adc8c35b9a0b3eb5f91920765edb/r_13",
            "rotation": 0.12566370614359174,
            "transform_matrix": [
                [
                    -0.16416141390800476,
                    0.7261499762535095,
                    -0.6676505208015442,
                    -2.691385269165039
                ],
                [
                    -0.9864335060119629,
                    -0.1208452507853508,
                    0.11110982298851013,
                    0.4478980302810669
                ],
                [
                    0.0,
                    0.6768327951431274,
                    0.736136794090271,
                    2.9674623012542725
                ],
                [
                    0.0,
                    0.0,
                    0.0,
                    1.0
                ]
            ]
        },
        {
            "file_path": "/data/shapenet_blender/all_50_random/02958343/f374adc8c35b9a0b3eb5f91920765edb/r_14",
            "rotation": 0.12566370614359174,
            "transform_matrix": [
                [
                    -0.7184081673622131,
                    0.029179058969020844,
                    0.6950095295906067,
                    2.80167293548584
                ],
                [
                    0.6956217885017395,
                    0.03013487346470356,
                    0.7177758812904358,
                    2.893447160720825
                ],
                [
                    0.0,
                    0.9991198182106018,
                    -0.04194673150777817,
                    -0.16909268498420715
                ],
                [
                    0.0,
                    0.0,
                    0.0,
                    1.0
                ]
            ]
        },
        {
            "file_path": "/data/shapenet_blender/all_50_random/02958343/f374adc8c35b9a0b3eb5f91920765edb/r_15",
            "rotation": 0.12566370614359174,
            "transform_matrix": [
                [
                    0.7200629115104675,
                    0.6023702621459961,
                    0.3444698452949524,
                    1.388602375984192
                ],
                [
                    0.6939088702201843,
                    -0.6250741481781006,
                    -0.35745325684547424,
                    -1.4409401416778564
                ],
                [
                    -1.4901162970204496e-08,
                    0.4964194595813751,
                    -0.8680827617645264,
                    -3.4993536472320557
                ],
                [
                    0.0,
                    0.0,
                    0.0,
                    1.0
                ]
            ]
        },
        {
            "file_path": "/data/shapenet_blender/all_50_random/02958343/f374adc8c35b9a0b3eb5f91920765edb/r_16",
            "rotation": 0.12566370614359174,
            "transform_matrix": [
                [
                    -0.6135714650154114,
                    0.34899917244911194,
                    -0.7083287239074707,
                    -2.8553643226623535
                ],
                [
                    -0.7896391153335571,
                    -0.27118203043937683,
                    0.5503910779953003,
                    2.2186973094940186
                ],
                [
                    0.0,
                    0.8970282673835754,
                    0.4419730305671692,
                    1.7816503047943115
                ],
                [
                    0.0,
                    0.0,
                    0.0,
                    1.0
                ]
            ]
        },
        {
            "file_path": "/data/shapenet_blender/all_50_random/02958343/f374adc8c35b9a0b3eb5f91920765edb/r_17",
            "rotation": 0.12566370614359174,
            "transform_matrix": [
                [
                    0.27825838327407837,
                    0.7746924161911011,
                    -0.5678238272666931,
                    -2.288970947265625
                ],
                [
                    -0.96050626039505,
                    0.224428191781044,
                    -0.16449840366840363,
                    -0.6631142497062683
                ],
                [
                    0.0,
                    0.591171383857727,
                    0.8065459728240967,
                    3.251290798187256
                ],
                [
                    0.0,
                    0.0,
                    0.0,
                    1.0
                ]
            ]
        },
        {
            "file_path": "/data/shapenet_blender/all_50_random/02958343/f374adc8c35b9a0b3eb5f91920765edb/r_18",
            "rotation": 0.12566370614359174,
            "transform_matrix": [
                [
                    -0.9999248385429382,
                    0.007891920395195484,
                    -0.00938825961202383,
                    -0.03784528374671936
                ],
                [
                    -0.012264658696949482,
                    -0.6434200406074524,
                    0.7654150128364563,
                    3.085486650466919
                ],
                [
                    0.0,
                    0.7654725909233093,
                    0.64346843957901,
                    2.5939042568206787
                ],
                [
                    0.0,
                    0.0,
                    0.0,
                    1.0
                ]
            ]
        },
        {
            "file_path": "/data/shapenet_blender/all_50_random/02958343/f374adc8c35b9a0b3eb5f91920765edb/r_19",
            "rotation": 0.12566370614359174,
            "transform_matrix": [
                [
                    -0.23989251255989075,
                    -0.8418772220611572,
                    -0.4834192097187042,
                    -1.9487252235412598
                ],
                [
                    -0.970799446105957,
                    0.20803478360176086,
                    0.11945684999227524,
                    0.48154595494270325
                ],
                [
                    7.450580596923828e-09,
                    0.4979598820209503,
                    -0.8672000169754028,
                    -3.4957950115203857
                ],
                [
                    0.0,
                    0.0,
                    0.0,
                    1.0
                ]
            ]
        },
        {
            "file_path": "/data/shapenet_blender/all_50_random/02958343/f374adc8c35b9a0b3eb5f91920765edb/r_20",
            "rotation": 0.12566370614359174,
            "transform_matrix": [
                [
                    -0.2011035829782486,
                    -0.4798402488231659,
                    0.8539968729019165,
                    3.4425714015960693
                ],
                [
                    0.9795700311660767,
                    -0.09851016104221344,
                    0.1753236949443817,
                    0.7067524194717407
                ],
                [
                    0.0,
                    0.871807873249054,
                    0.489847868680954,
                    1.974639892578125
                ],
                [
                    0.0,
                    0.0,
                    0.0,
                    1.0
                ]
            ]
        },
        {
            "file_path": "/data/shapenet_blender/all_50_random/02958343/f374adc8c35b9a0b3eb5f91920765edb/r_21",
            "rotation": 0.12566370614359174,
            "transform_matrix": [
                [
                    0.9731806516647339,
                    -0.06465331465005875,
                    -0.2207699418067932,
                    -0.8899521827697754
                ],
                [
                    -0.2300422340631485,
                    -0.27351221442222595,
                    -0.9339547753334045,
                    -3.764892339706421
                ],
                [
                    -3.725290298461914e-09,
                    0.9596930742263794,
                    -0.28104978799819946,
                    -1.1329480409622192
                ],
                [
                    0.0,
                    0.0,
                    0.0,
                    1.0
                ]
            ]
        },
        {
            "file_path": "/data/shapenet_blender/all_50_random/02958343/f374adc8c35b9a0b3eb5f91920765edb/r_22",
            "rotation": 0.12566370614359174,
            "transform_matrix": [
                [
                    -0.4838995933532715,
                    0.33187708258628845,
                    -0.8097522854804993,
                    -3.2642159461975098
                ],
                [
                    -0.8751236200332642,
                    -0.18351143598556519,
                    0.4477525055408478,
                    1.804948091506958
                ],
                [
                    -1.4901162970204496e-08,
                    0.9253005385398865,
                    0.3792346119880676,
                    1.5287436246871948
                ],
                [
                    0.0,
                    0.0,
                    0.0,
                    1.0
                ]
            ]
        },
        {
            "file_path": "/data/shapenet_blender/all_50_random/02958343/f374adc8c35b9a0b3eb5f91920765edb/r_23",
            "rotation": 0.12566370614359174,
            "transform_matrix": [
                [
                    -0.9996931552886963,
                    0.01009784173220396,
                    0.022621989250183105,
                    0.09119215607643127
                ],
                [
                    0.02477339096367359,
                    0.4074833393096924,
                    0.912876546382904,
                    3.6799230575561523
                ],
                [
                    -9.313225746154785e-10,
                    0.9131568670272827,
                    -0.40760838985443115,
                    -1.6431219577789307
                ],
                [
                    0.0,
                    0.0,
                    0.0,
                    1.0
                ]
            ]
        },
        {
            "file_path": "/data/shapenet_blender/all_50_random/02958343/f374adc8c35b9a0b3eb5f91920765edb/r_24",
            "rotation": 0.12566370614359174,
            "transform_matrix": [
                [
                    -0.7746845483779907,
                    -0.5781688690185547,
                    0.2560948431491852,
                    1.0323513746261597
                ],
                [
                    0.6323478817939758,
                    -0.7083103060722351,
                    0.3137398362159729,
                    1.264725685119629
                ],
                [
                    1.4901161193847656e-08,
                    0.40499043464660645,
                    0.9143208861351013,
                    3.6857454776763916
                ],
                [
                    0.0,
                    0.0,
                    0.0,
                    1.0
                ]
            ]
        },
        {
            "file_path": "/data/shapenet_blender/all_50_random/02958343/f374adc8c35b9a0b3eb5f91920765edb/r_25",
            "rotation": 0.12566370614359174,
            "transform_matrix": [
                [
                    0.2065894901752472,
                    -0.1747170090675354,
                    0.9627017378807068,
                    3.880774974822998
                ],
                [
                    0.9784276485443115,
                    0.03689051419496536,
                    -0.20326906442642212,
                    -0.819403886795044
                ],
                [
                    0.0,
                    0.9839272499084473,
                    0.17856916785240173,
                    0.7198354005813599
                ],
                [
                    0.0,
                    0.0,
                    0.0,
                    1.0
                ]
            ]
        },
        {
            "file_path": "/data/shapenet_blender/all_50_random/02958343/f374adc8c35b9a0b3eb5f91920765edb/r_26",
            "rotation": 0.12566370614359174,
            "transform_matrix": [
                [
                    -0.3855474293231964,
                    -0.6179918646812439,
                    -0.6851563453674316,
                    -2.761953592300415
                ],
                [
                    -0.9226879477500916,
                    0.25822940468788147,
                    0.28629428148269653,
                    1.1540892124176025
                ],
                [
                    -1.4901160305669237e-08,
                    0.7425655722618103,
                    -0.6697733402252197,
                    -2.6999425888061523
                ],
                [
                    0.0,
                    0.0,
                    0.0,
                    1.0
                ]
            ]
        },
        {
            "file_path": "/data/shapenet_blender/all_50_random/02958343/f374adc8c35b9a0b3eb5f91920765edb/r_27",
            "rotation": 0.12566370614359174,
            "transform_matrix": [
                [
                    -0.9418423175811768,
                    0.3184058666229248,
                    -0.10747407376766205,
                    -0.4332417845726013
                ],
                [
                    -0.3360550105571747,
                    -0.8923781514167786,
                    0.30121150612831116,
                    1.2142223119735718
                ],
                [
                    -7.4505797087454084e-09,
                    0.3198108673095703,
                    0.9474814534187317,
                    3.8194193840026855
                ],
                [
                    0.0,
                    0.0,
                    0.0,
                    1.0
                ]
            ]
        },
        {
            "file_path": "/data/shapenet_blender/all_50_random/02958343/f374adc8c35b9a0b3eb5f91920765edb/r_28",
            "rotation": 0.12566370614359174,
            "transform_matrix": [
                [
                    0.5367225408554077,
                    0.00531768798828125,
                    -0.8437420725822449,
                    -3.401233196258545
                ],
                [
                    -0.8437588810920715,
                    0.0033826285507529974,
                    -0.5367118120193481,
                    -2.1635544300079346
                ],
                [
                    0.0,
                    0.9999801516532898,
                    0.006302379537373781,
                    0.025405704975128174
                ],
                [
                    0.0,
                    0.0,
                    0.0,
                    1.0
                ]
            ]
        },
        {
            "file_path": "/data/shapenet_blender/all_50_random/02958343/f374adc8c35b9a0b3eb5f91920765edb/r_29",
            "rotation": 0.12566370614359174,
            "transform_matrix": [
                [
                    -0.9100766181945801,
                    0.3269270360469818,
                    -0.25471413135528564,
                    -1.0267854928970337
                ],
                [
                    -0.4144400358200073,
                    -0.7179051041603088,
                    0.559331476688385,
                    2.254737377166748
                ],
                [
                    1.4901161193847656e-08,
                    0.6145982146263123,
                    0.7888402938842773,
                    3.1799168586730957
                ],
                [
                    0.0,
                    0.0,
                    0.0,
                    1.0
                ]
            ]
        },
        {
            "file_path": "/data/shapenet_blender/all_50_random/02958343/f374adc8c35b9a0b3eb5f91920765edb/r_30",
            "rotation": 0.12566370614359174,
            "transform_matrix": [
                [
                    0.9673823118209839,
                    -0.11180859804153442,
                    0.22731120884418488,
                    0.91632080078125
                ],
                [
                    0.2533210217952728,
                    0.4269746243953705,
                    -0.8680559396743774,
                    -3.4992454051971436
                ],
                [
                    -7.450580596923828e-09,
                    0.8973245620727539,
                    0.4413711726665497,
                    1.779224157333374
                ],
                [
                    0.0,
                    0.0,
                    0.0,
                    1.0
                ]
            ]
        },
        {
            "file_path": "/data/shapenet_blender/all_50_random/02958343/f374adc8c35b9a0b3eb5f91920765edb/r_31",
            "rotation": 0.12566370614359174,
            "transform_matrix": [
                [
                    0.9998593330383301,
                    0.0005491889896802604,
                    0.01676926575601101,
                    0.06759907305240631
                ],
                [
                    0.016778256744146347,
                    -0.03272758051753044,
                    -0.9993234872817993,
                    -4.028401851654053
                ],
                [
                    5.820766785236131e-11,
                    0.9994640350341797,
                    -0.032732196152210236,
                    -0.13194769620895386
                ],
                [
                    0.0,
                    0.0,
                    0.0,
                    1.0
                ]
            ]
        },
        {
            "file_path": "/data/shapenet_blender/all_50_random/02958343/f374adc8c35b9a0b3eb5f91920765edb/r_32",
            "rotation": 0.12566370614359174,
            "transform_matrix": [
                [
                    -0.3917386531829834,
                    0.4355139136314392,
                    0.8104742169380188,
                    3.2671260833740234
                ],
                [
                    0.9200766086578369,
                    0.18542762100696564,
                    0.34507349133491516,
                    1.391035795211792
                ],
                [
                    0.0,
                    0.8808769583702087,
                    -0.47334524989128113,
                    -1.9081157445907593
                ],
                [
                    0.0,
                    0.0,
                    0.0,
                    1.0
                ]
            ]
        },
        {
            "file_path": "/data/shapenet_blender/all_50_random/02958343/f374adc8c35b9a0b3eb5f91920765edb/r_33",
            "rotation": 0.12566370614359174,
            "transform_matrix": [
                [
                    -0.9019017219543457,
                    -0.15744617581367493,
                    -0.4022235870361328,
                    -1.6214152574539185
                ],
                [
                    -0.4319411516189575,
                    0.32875075936317444,
                    0.839850902557373,
                    3.385547637939453
                ],
                [
                    0.0,
                    0.9312000870704651,
                    -0.36450836062431335,
                    -1.4693803787231445
                ],
                [
                    0.0,
                    0.0,
                    0.0,
                    1.0
                ]
            ]
        },
        {
            "file_path": "/data/shapenet_blender/all_50_random/02958343/f374adc8c35b9a0b3eb5f91920765edb/r_34",
            "rotation": 0.12566370614359174,
            "transform_matrix": [
                [
                    0.903493344783783,
                    0.203487366437912,
                    -0.37721681594848633,
                    -1.5206096172332764
                ],
                [
                    -0.4286019504070282,
                    0.428951621055603,
                    -0.7951734662055969,
                    -3.205446720123291
                ],
                [
                    1.4901160305669237e-08,
                    0.8801097869873047,
                    0.47477009892463684,
                    1.913859486579895
                ],
                [
                    0.0,
                    0.0,
                    0.0,
                    1.0
                ]
            ]
        },
        {
            "file_path": "/data/shapenet_blender/all_50_random/02958343/f374adc8c35b9a0b3eb5f91920765edb/r_35",
            "rotation": 0.12566370614359174,
            "transform_matrix": [
                [
                    -0.2828860282897949,
                    -0.46003222465515137,
                    -0.8416328430175781,
                    -3.392730474472046
                ],
                [
                    -0.9591535329818726,
                    0.13567869365215302,
                    0.24822531640529633,
                    1.0006282329559326
                ],
                [
                    0.0,
                    0.8774746060371399,
                    -0.47962313890457153,
                    -1.9334226846694946
                ],
                [
                    0.0,
                    0.0,
                    0.0,
                    1.0
                ]
            ]
        },
        {
            "file_path": "/data/shapenet_blender/all_50_random/02958343/f374adc8c35b9a0b3eb5f91920765edb/r_36",
            "rotation": 0.12566370614359174,
            "transform_matrix": [
                [
                    -0.9373447299003601,
                    0.20231088995933533,
                    0.2836461663246155,
                    1.1434142589569092
                ],
                [
                    0.3484032452106476,
                    0.5442975759506226,
                    0.7631221413612366,
                    3.0762436389923096
                ],
                [
                    0.0,
                    0.8141317963600159,
                    -0.5806801915168762,
                    -2.340796709060669
                ],
                [
                    0.0,
                    0.0,
                    0.0,
                    1.0
                ]
            ]
        },
        {
            "file_path": "/data/shapenet_blender/all_50_random/02958343/f374adc8c35b9a0b3eb5f91920765edb/r_37",
            "rotation": 0.12566370614359174,
            "transform_matrix": [
                [
                    -0.22934868931770325,
                    -0.7821676135063171,
                    -0.5793212056159973,
                    -2.3353188037872314
                ],
                [
                    -0.9733443856239319,
                    0.18430179357528687,
                    0.13650518655776978,
                    0.5502700805664062
                ],
                [
                    0.0,
                    0.5951863527297974,
                    -0.8035876154899597,
                    -3.239365577697754
                ],
                [
                    0.0,
                    0.0,
                    0.0,
                    1.0
                ]
            ]
        },
        {
            "file_path": "/data/shapenet_blender/all_50_random/02958343/f374adc8c35b9a0b3eb5f91920765edb/r_38",
            "rotation": 0.12566370614359174,
            "transform_matrix": [
                [
                    -0.4626719653606415,
                    0.7372792363166809,
                    0.4922946095466614,
                    1.9845030307769775
                ],
                [
                    0.8865295052528381,
                    0.38477957248687744,
                    0.25692424178123474,
                    1.0356947183609009
                ],
                [
                    0.0,
                    0.5553051829338074,
                    -0.8316465616226196,
                    -3.3524744510650635
                ],
                [
                    0.0,
                    0.0,
                    0.0,
                    1.0
                ]
            ]
        },
        {
            "file_path": "/data/shapenet_blender/all_50_random/02958343/f374adc8c35b9a0b3eb5f91920765edb/r_39",
            "rotation": 0.12566370614359174,
            "transform_matrix": [
                [
                    -0.9888878464698792,
                    -0.13371416926383972,
                    0.06497159600257874,
                    0.2619088888168335
                ],
                [
                    0.14866334199905396,
                    -0.8894480466842651,
                    0.4321820139884949,
                    1.742181420326233
                ],
                [
                    0.0,
                    0.43703845143318176,
                    0.8994427919387817,
                    3.625769853591919
                ],
                [
                    0.0,
                    0.0,
                    0.0,
                    1.0
                ]
            ]
        },
        {
            "file_path": "/data/shapenet_blender/all_50_random/02958343/f374adc8c35b9a0b3eb5f91920765edb/r_40",
            "rotation": 0.12566370614359174,
            "transform_matrix": [
                [
                    -0.015520165674388409,
                    0.4246406555175781,
                    0.9052289128303528,
                    3.649094343185425
                ],
                [
                    0.9998795390129089,
                    0.006591287441551685,
                    0.014050994999706745,
                    0.05664137005805969
                ],
                [
                    0.0,
                    0.905337929725647,
                    -0.4246918559074402,
                    -1.7119874954223633
                ],
                [
                    0.0,
                    0.0,
                    0.0,
                    1.0
                ]
            ]
        },
        {
            "file_path": "/data/shapenet_blender/all_50_random/02958343/f374adc8c35b9a0b3eb5f91920765edb/r_41",
            "rotation": 0.12566370614359174,
            "transform_matrix": [
                [
                    -0.9983615279197693,
                    -0.0003078533336520195,
                    0.05722183361649513,
                    0.23066860437393188
                ],
                [
                    0.05722266808152199,
                    -0.005371104460209608,
                    0.9983469843864441,
                    4.024465560913086
                ],
                [
