{
    "class": "02958343",
    "model": "40e7559b88089f4ba7fd25564c2e888e",
    "remove_doubles": true,
    "edge_split": true,
    "denoise": true,
    "camera_angle_x": 0.6911112070083618,
    "scale_factor": 2.327673590471104,
    "hdri_file": "/data/IndoorHDRDataset2018/9C4A8983-ebfeb5a3a4.exr",
    "center_offset": [
        0.0,
        0.0,
        -1.862645149230957e-09
    ],
    "lights": [],
    "frames": [
        {
            "file_path": "/data/shapenet_blender/all_50_random/02958343/40e7559b88089f4ba7fd25564c2e888e/r_0",
            "rotation": 0.12566370614359174,
            "transform_matrix": [
                [
                    -0.5246938467025757,
                    -0.01956450566649437,
                    0.8510661125183105,
                    3.430757522583008
                ],
                [
                    0.8512910604476929,
                    -0.01205859612673521,
                    0.5245551466941833,
                    2.1145496368408203
                ],
                [
                    0.0,
                    0.9997358322143555,
                    0.022982157766819,
                    0.09264405071735382
                ],
                [
                    0.0,
                    0.0,
                    0.0,
                    1.0
                ]
            ]
        },
        {
            "file_path": "/data/shapenet_blender/all_50_random/02958343/40e7559b88089f4ba7fd25564c2e888e/r_1",
            "rotation": 0.12566370614359174,
            "transform_matrix": [
                [
                    0.40392741560935974,
                    -0.25460806488990784,
                    -0.878645122051239,
                    -3.5419321060180664
                ],
                [
                    -0.9147911071777344,
                    -0.11242258548736572,
                    -0.3879671096801758,
                    -1.5639455318450928
                ],
                [
                    -7.450580596923828e-09,
                    0.9604873657226562,
                    -0.2783237099647522,
                    -1.12195885181427
                ],
                [
                    0.0,
                    0.0,
                    0.0,
                    1.0
                ]
            ]
        },
        {
            "file_path": "/data/shapenet_blender/all_50_random/02958343/40e7559b88089f4ba7fd25564c2e888e/r_2",
            "rotation": 0.12566370614359174,
            "transform_matrix": [
                [
                    -0.7264929413795471,
                    0.07569888234138489,
                    0.682991623878479,
                    2.7532272338867188
                ],
                [
                    0.6871737837791443,
                    0.08003026247024536,
                    0.7220714688301086,
                    2.9107632637023926
                ],
                [
                    3.725290298461914e-09,
                    0.9939137697219849,
                    -0.110159732401371,
                    -0.4440680742263794
                ],
                [
                    0.0,
                    0.0,
                    0.0,
                    1.0
                ]
            ]
        },
        {
            "file_path": "/data/shapenet_blender/all_50_random/02958343/40e7559b88089f4ba7fd25564c2e888e/r_3",
            "rotation": 0.12566370614359174,
            "transform_matrix": [
                [
                    0.1648157387971878,
                    -0.1048039048910141,
                    0.9807403683662415,
                    3.9534912109375
                ],
                [
                    0.9863242506980896,
                    0.017512833699584007,
                    -0.16388265788555145,
                    -0.6606321930885315
                ],
                [
                    0.0,
                    0.9943387508392334,
                    0.10625702142715454,
                    0.4283357858657837
                ],
                [
                    0.0,
                    0.0,
                    0.0,
                    1.0
                ]
            ]
        },
        {
            "file_path": "/data/shapenet_blender/all_50_random/02958343/40e7559b88089f4ba7fd25564c2e888e/r_4",
            "rotation": 0.12566370614359174,
            "transform_matrix": [
                [
                    -0.473849356174469,
                    -0.1319809854030609,
                    0.8706594109535217,
                    3.5097403526306152
                ],
                [
                    0.8806059956550598,
                    -0.0710182636976242,
                    0.4684971570968628,
                    1.8885724544525146
                ],
                [
                    3.725290298461914e-09,
                    0.9887049198150635,
                    0.1498751938343048,
                    0.6041662096977234
                ],
                [
                    0.0,
                    0.0,
                    0.0,
                    1.0
                ]
            ]
        },
        {
            "file_path": "/data/shapenet_blender/all_50_random/02958343/40e7559b88089f4ba7fd25564c2e888e/r_5",
            "rotation": 0.12566370614359174,
            "transform_matrix": [
                [
                    0.2018137127161026,
                    0.5011473298072815,
                    0.8415001630783081,
                    3.392195701599121
                ],
                [
                    0.9794239401817322,
                    -0.10326314717531204,
                    -0.17339403927326202,
                    -0.6989737153053284
                ],
                [
                    -7.450580596923828e-09,
                    0.8591786026954651,
                    -0.5116755962371826,
                    -2.0626304149627686
                ],
                [
                    0.0,
                    0.0,
                    0.0,
                    1.0
                ]
            ]
        },
        {
            "file_path": "/data/shapenet_blender/all_50_random/02958343/40e7559b88089f4ba7fd25564c2e888e/r_6",
            "rotation": 0.12566370614359174,
            "transform_matrix": [
                [
                    0.8602266311645508,
                    0.12809301912784576,
                    0.4935608506202698,
                    1.9896074533462524
                ],
                [
                    0.5099118947982788,
                    -0.2160942405462265,
                    -0.8326422572135925,
                    -3.3564882278442383
                ],
                [
                    -7.450580596923828e-09,
                    0.9679335355758667,
                    -0.2512061893939972,
                    -1.0126445293426514
                ],
                [
                    0.0,
                    0.0,
                    0.0,
                    1.0
                ]
            ]
        },
        {
            "file_path": "/data/shapenet_blender/all_50_random/02958343/40e7559b88089f4ba7fd25564c2e888e/r_7",
            "rotation": 0.12566370614359174,
            "transform_matrix": [
                [
                    0.14599500596523285,
                    -0.06851223111152649,
                    -0.9869101047515869,
                    -3.9783618450164795
                ],
                [
                    -0.989285409450531,
                    -0.01011077594012022,
                    -0.14564445614814758,
                    -0.5871115922927856
                ],
                [
                    0.0,
                    0.9975989460945129,
                    -0.06925427913665771,
                    -0.2791729271411896
                ],
                [
                    0.0,
                    0.0,
                    0.0,
                    1.0
                ]
            ]
        },
        {
            "file_path": "/data/shapenet_blender/all_50_random/02958343/40e7559b88089f4ba7fd25564c2e888e/r_8",
            "rotation": 0.12566370614359174,
            "transform_matrix": [
                [
                    -0.7950665354728699,
                    -0.5922369360923767,
                    -0.13086135685443878,
                    -0.5275189876556396
                ],
                [
                    -0.6065223217010498,
                    0.7763403058052063,
                    0.1715410351753235,
                    0.6915040612220764
                ],
                [
                    7.450581485102248e-09,
                    0.21575696766376495,
                    -0.9764471054077148,
                    -3.9361841678619385
                ],
                [
                    0.0,
                    0.0,
                    0.0,
                    1.0
                ]
            ]
        },
        {
            "file_path": "/data/shapenet_blender/all_50_random/02958343/40e7559b88089f4ba7fd25564c2e888e/r_9",
            "rotation": 0.12566370614359174,
            "transform_matrix": [
                [
                    0.9931451082229614,
                    0.032406121492385864,
                    -0.11230696737766266,
                    -0.4527238607406616
                ],
                [
                    -0.11688889563083649,
                    0.27533823251724243,
                    -0.9542147517204285,
                    -3.846562623977661
                ],
                [
                    1.862645371275562e-09,
                    0.9608010053634644,
                    0.27723872661590576,
                    1.1175850629806519
                ],
                [
                    0.0,
                    0.0,
                    0.0,
                    1.0
                ]
            ]
        },
        {
            "file_path": "/data/shapenet_blender/all_50_random/02958343/40e7559b88089f4ba7fd25564c2e888e/r_10",
            "rotation": 0.12566370614359174,
            "transform_matrix": [
                [
                    0.3960266709327698,
                    0.9090573787689209,
                    0.12952758371829987,
                    0.5221424102783203
                ],
                [
                    0.9182390570640564,
                    -0.39206668734550476,
                    -0.05586385726928711,
                    -0.22519440948963165
                ],
                [
                    0.0,
                    0.14106090366840363,
                    -0.9900009036064148,
                    -3.990821361541748
                ],
                [
                    0.0,
                    0.0,
                    0.0,
                    1.0
                ]
            ]
        },
        {
            "file_path": "/data/shapenet_blender/all_50_random/02958343/40e7559b88089f4ba7fd25564c2e888e/r_11",
            "rotation": 0.12566370614359174,
            "transform_matrix": [
                [
                    0.6027266383171082,
                    -0.4757581651210785,
                    0.6406049132347107,
                    2.5823612213134766
                ],
                [
                    0.7979478240013123,
                    0.35936200618743896,
                    -0.48387834429740906,
                    -1.9505760669708252
                ],
                [
                    -1.4901162970204496e-08,
                    0.8028156161308289,
                    0.5962271690368652,
                    2.4034688472747803
                ],
                [
                    0.0,
                    0.0,
                    0.0,
                    1.0
                ]
            ]
        },
        {
            "file_path": "/data/shapenet_blender/all_50_random/02958343/40e7559b88089f4ba7fd25564c2e888e/r_12",
            "rotation": 0.12566370614359174,
            "transform_matrix": [
                [
                    0.14106017351150513,
                    -0.7842350602149963,
                    -0.6042162179946899,
                    -2.435673713684082
                ],
                [
                    -0.9900009632110596,
                    -0.11174164712429047,
                    -0.08609168231487274,
                    -0.34704670310020447
                ],
                [
                    0.0,
                    0.6103187799453735,
                    -0.7921558022499084,
                    -3.19328236579895
                ],
                [
                    0.0,
                    0.0,
                    0.0,
                    1.0
                ]
            ]
        },
        {
            "file_path": "/data/shapenet_blender/all_50_random/02958343/40e7559b88089f4ba7fd25564c2e888e/r_13",
            "rotation": 0.12566370614359174,
            "transform_matrix": [
                [
                    -0.5734655857086182,
                    -0.2026025354862213,
                    0.7937817573547363,
                    3.1998367309570312
                ],
                [
                    0.8192296624183655,
                    -0.141822949051857,
                    0.555651843547821,
                    2.2399041652679443
                ],
                [
                    7.450580596923828e-09,
                    0.9689367413520813,
                    0.24730859696865082,
                    0.996932864189148
                ],
                [
                    0.0,
                    0.0,
                    0.0,
                    1.0
                ]
            ]
        },
        {
            "file_path": "/data/shapenet_blender/all_50_random/02958343/40e7559b88089f4ba7fd25564c2e888e/r_14",
            "rotation": 0.12566370614359174,
            "transform_matrix": [
                [
                    0.9221901893615723,
                    0.18874846398830414,
                    0.337549090385437,
                    1.360703706741333
                ],
                [
                    0.38673684000968933,
                    -0.4500786066055298,
                    -0.8048999309539795,
                    -3.244655132293701
                ],
                [
                    0.0,
                    0.8728134036064148,
                    -0.4880540668964386,
                    -1.9674086570739746
                ],
                [
                    0.0,
                    0.0,
                    0.0,
                    1.0
                ]
            ]
        },
        {
            "file_path": "/data/shapenet_blender/all_50_random/02958343/40e7559b88089f4ba7fd25564c2e888e/r_15",
            "rotation": 0.12566370614359174,
            "transform_matrix": [
                [
                    -0.9975752830505371,
                    -0.0002383436803938821,
                    0.06959597021341324,
                    0.2805503308773041
                ],
                [
                    0.06959638744592667,
                    -0.003416352206841111,
                    0.9975693821907043,
                    4.021330833435059
                ],
                [
                    -1.4551915228366852e-11,
                    0.9999942183494568,
                    0.003424655878916383,
                    0.013805229216814041
                ],
                [
                    0.0,
                    0.0,
                    0.0,
                    1.0
                ]
            ]
        },
        {
            "file_path": "/data/shapenet_blender/all_50_random/02958343/40e7559b88089f4ba7fd25564c2e888e/r_16",
            "rotation": 0.12566370614359174,
            "transform_matrix": [
                [
                    -0.048686470836400986,
                    -0.9732979536056519,
                    0.2243228405714035,
                    0.9042743444442749
                ],
                [
                    0.9988141655921936,
                    -0.04744269698858261,
                    0.010934452526271343,
                    0.044078193604946136
                ],
                [
                    0.0,
                    0.22458921372890472,
                    0.9744534492492676,
                    3.928147792816162
                ],
                [
                    0.0,
                    0.0,
                    0.0,
                    1.0
                ]
            ]
        },
        {
            "file_path": "/data/shapenet_blender/all_50_random/02958343/40e7559b88089f4ba7fd25564c2e888e/r_17",
            "rotation": 0.12566370614359174,
            "transform_matrix": [
                [
                    0.880656898021698,
                    -0.038883041590452194,
                    0.47215625643730164,
                    1.903322696685791
                ],
                [
                    0.4737545847892761,
                    0.07227922976016998,
                    -0.8776857852935791,
                    -3.538064479827881
                ],
                [
                    3.725290298461914e-09,
                    0.9966261982917786,
                    0.08207422494888306,
                    0.33085179328918457
                ],
                [
                    0.0,
                    0.0,
                    0.0,
                    1.0
                ]
            ]
        },
        {
            "file_path": "/data/shapenet_blender/all_50_random/02958343/40e7559b88089f4ba7fd25564c2e888e/r_18",
            "rotation": 0.12566370614359174,
            "transform_matrix": [
                [
                    0.8068891167640686,
                    0.07039114087820053,
                    -0.5864938497543335,
                    -2.364232301712036
                ],
                [
                    -0.5907028913497925,
                    0.09615297615528107,
                    -0.8011395931243896,
                    -3.229496955871582
                ],
                [
                    -3.725290298461914e-09,
                    0.9928743839263916,
                    0.11916504800319672,
                    0.4803696870803833
                ],
                [
                    0.0,
                    0.0,
                    0.0,
                    1.0
                ]
            ]
        },
        {
            "file_path": "/data/shapenet_blender/all_50_random/02958343/40e7559b88089f4ba7fd25564c2e888e/r_19",
            "rotation": 0.12566370614359174,
            "transform_matrix": [
                [
                    0.3107973635196686,
                    -0.4806133806705475,
                    -0.8200095891952515,
                    -3.3055644035339355
                ],
                [
                    -0.9504761099815369,
                    -0.15715636312961578,
                    -0.2681359648704529,
                    -1.0808906555175781
                ],
                [
                    0.0,
                    0.8627356290817261,
                    -0.5056552886962891,
                    -2.0383615493774414
                ],
                [
                    0.0,
                    0.0,
                    0.0,
                    1.0
                ]
            ]
        },
        {
            "file_path": "/data/shapenet_blender/all_50_random/02958343/40e7559b88089f4ba7fd25564c2e888e/r_20",
            "rotation": 0.12566370614359174,
            "transform_matrix": [
                [
                    -0.9392181634902954,
                    0.21931517124176025,
                    -0.26413974165916443,
                    -1.0647813081741333
                ],
                [
                    -0.34332042932510376,
                    -0.5999782681465149,
                    0.7226043939590454,
                    2.9129114151000977
                ],
                [
                    -1.4901157641133977e-08,
                    0.7693678140640259,
                    0.6388060450553894,
                    2.5751094818115234
                ],
                [
                    0.0,
                    0.0,
                    0.0,
                    1.0
                ]
            ]
        },
        {
            "file_path": "/data/shapenet_blender/all_50_random/02958343/40e7559b88089f4ba7fd25564c2e888e/r_21",
            "rotation": 0.12566370614359174,
            "transform_matrix": [
                [
                    -0.5269671678543091,
                    -0.12721070647239685,
                    -0.8403112292289734,
                    -3.3874030113220215
                ],
                [
                    -0.8498856425285339,
                    0.07887633889913559,
                    0.5210306644439697,
                    2.100341796875
                ],
                [
                    -7.450580596923828e-09,
                    0.9887344837188721,
                    -0.1496797800064087,
                    -0.6033784747123718
                ],
                [
                    0.0,
                    0.0,
                    0.0,
                    1.0
                ]
            ]
        },
        {
            "file_path": "/data/shapenet_blender/all_50_random/02958343/40e7559b88089f4ba7fd25564c2e888e/r_22",
            "rotation": 0.12566370614359174,
            "transform_matrix": [
                [
                    -0.18755920231342316,
                    -0.16173359751701355,
                    0.9688466191291809,
                    3.905545711517334
                ],
                [
                    0.9822533130645752,
                    -0.030882690101861954,
                    0.1849992275238037,
                    0.7457557320594788
                ],
                [
                    -1.862645149230957e-09,
                    0.9863510727882385,
                    0.1646556854248047,
                    0.6637483239173889
                ],
                [
                    0.0,
                    0.0,
                    0.0,
                    1.0
                ]
            ]
        },
        {
            "file_path": "/data/shapenet_blender/all_50_random/02958343/40e7559b88089f4ba7fd25564c2e888e/r_23",
            "rotation": 0.12566370614359174,
            "transform_matrix": [
                [
                    0.9779645204544067,
                    0.08521449565887451,
                    -0.19058871269226074,
                    -0.7682876586914062
                ],
                [
                    -0.20877158641815186,
                    0.3991767168045044,
                    -0.8927891254425049,
                    -3.5989480018615723
                ],
                [
                    7.450580596923828e-09,
                    0.9129055142402649,
                    0.40817102789878845,
                    1.6453900337219238
                ],
                [
                    0.0,
                    0.0,
                    0.0,
                    1.0
                ]
            ]
        },
        {
            "file_path": "/data/shapenet_blender/all_50_random/02958343/40e7559b88089f4ba7fd25564c2e888e/r_24",
            "rotation": 0.12566370614359174,
            "transform_matrix": [
                [
                    0.6921446919441223,
                    -0.03211337700486183,
                    0.7210440039634705,
                    2.906620979309082
                ],
                [
                    0.7217587232589722,
                    0.030795754864811897,
                    -0.6914593577384949,
                    -2.7873613834381104
                ],
                [
                    1.8626448161640496e-09,
                    0.9990097284317017,
                    0.04449322819709778,
                    0.17935791611671448
                ],
                [
                    0.0,
                    0.0,
                    0.0,
                    1.0
                ]
            ]
        },
        {
            "file_path": "/data/shapenet_blender/all_50_random/02958343/40e7559b88089f4ba7fd25564c2e888e/r_25",
            "rotation": 0.12566370614359174,
            "transform_matrix": [
                [
                    -0.656683087348938,
                    -0.7296586036682129,
                    -0.1906978040933609,
                    -0.7687274217605591
                ],
                [
                    -0.7541667222976685,
                    0.6353428959846497,
                    0.16604819893836975,
                    0.6693617105484009
                ],
                [
                    -7.450580596923828e-09,
                    0.2528587281703949,
                    -0.9675031900405884,
                    -3.900130033493042
                ],
                [
                    0.0,
                    0.0,
                    0.0,
                    1.0
                ]
            ]
        },
        {
            "file_path": "/data/shapenet_blender/all_50_random/02958343/40e7559b88089f4ba7fd25564c2e888e/r_26",
            "rotation": 0.12566370614359174,
            "transform_matrix": [
                [
                    0.8637998700141907,
                    0.24173897504806519,
                    -0.4420544505119324,
                    -1.7819786071777344
                ],
                [
                    -0.5038352012634277,
                    0.41444915533065796,
                    -0.7578798532485962,
                    -3.0551116466522217
                ],
                [
                    0.0,
                    0.8773791193962097,
                    0.4797976613044739,
                    1.934126377105713
                ],
                [
                    0.0,
                    0.0,
                    0.0,
                    1.0
                ]
            ]
        },
        {
            "file_path": "/data/shapenet_blender/all_50_random/02958343/40e7559b88089f4ba7fd25564c2e888e/r_27",
            "rotation": 0.12566370614359174,
            "transform_matrix": [
                [
                    0.7019104361534119,
                    0.6710905432701111,
                    0.23866155743598938,
                    0.9620755910873413
                ],
                [
                    0.7122653126716614,
                    -0.661334216594696,
                    -0.23519191145896912,
                    -0.9480890035629272
                ],
                [
                    -1.4901162970204496e-08,
                    0.3350740075111389,
                    -0.9421917200088501,
                    -3.7980966567993164
                ],
                [
                    0.0,
                    0.0,
                    0.0,
                    1.0
                ]
            ]
        },
        {
            "file_path": "/data/shapenet_blender/all_50_random/02958343/40e7559b88089f4ba7fd25564c2e888e/r_28",
            "rotation": 0.12566370614359174,
            "transform_matrix": [
                [
                    -0.994613766670227,
                    0.03529110923409462,
                    0.09745778888463974,
                    0.3928649127483368
                ],
                [
                    0.1036507785320282,
                    0.3386469781398773,
                    0.9351869821548462,
                    3.7698593139648438
                ],
                [
                    0.0,
                    0.940251350402832,
                    -0.3404809236526489,
                    -1.3725224733352661
                ],
                [
                    0.0,
                    0.0,
                    0.0,
                    1.0
                ]
            ]
        },
        {
            "file_path": "/data/shapenet_blender/all_50_random/02958343/40e7559b88089f4ba7fd25564c2e888e/r_29",
            "rotation": 0.12566370614359174,
            "transform_matrix": [
                [
                    0.8839700818061829,
                    0.46309903264045715,
                    -0.06431388854980469,
                    -0.25925758481025696
                ],
                [
                    -0.4675436317920685,
                    0.875566840171814,
                    -0.12159625440835953,
                    -0.4901701807975769
                ],
                [
                    0.0,
                    0.13755686581134796,
                    0.9904938340187073,
                    3.9928083419799805
                ],
                [
                    0.0,
                    0.0,
                    0.0,
                    1.0
                ]
            ]
        },
        {
            "file_path": "/data/shapenet_blender/all_50_random/02958343/40e7559b88089f4ba7fd25564c2e888e/r_30",
            "rotation": 0.12566370614359174,
            "transform_matrix": [
                [
                    -0.9330877065658569,
                    0.11321793496608734,
                    -0.34136369824409485,
                    -1.3760812282562256
                ],
                [
                    -0.3596491515636444,
                    -0.2937369644641876,
                    0.885647177696228,
                    3.5701582431793213
                ],
                [
                    0.0,
                    0.9491575956344604,
                    0.31480106711387634,
                    1.2690038681030273
                ],
                [
                    0.0,
                    0.0,
                    0.0,
                    1.0
                ]
            ]
        },
        {
            "file_path": "/data/shapenet_blender/all_50_random/02958343/40e7559b88089f4ba7fd25564c2e888e/r_31",
            "rotation": 0.12566370614359174,
            "transform_matrix": [
                [
                    0.15122582018375397,
                    -0.29055464267730713,
                    0.9448327422142029,
                    3.808742046356201
                ],
                [
                    0.9884992837905884,
                    0.04445057734847069,
                    -0.14454548060894012,
                    -0.58268141746521
                ],
                [
                    0.0,
                    0.9558254480361938,
                    0.2939351201057434,
                    1.1848902702331543
                ],
                [
                    0.0,
                    0.0,
                    0.0,
                    1.0
                ]
            ]
        },
        {
            "file_path": "/data/shapenet_blender/all_50_random/02958343/40e7559b88089f4ba7fd25564c2e888e/r_32",
            "rotation": 0.12566370614359174,
            "transform_matrix": [
                [
                    0.6822084188461304,
                    -0.07105588912963867,
                    0.7276968359947205,
                    2.9334397315979004
                ],
                [
                    0.731157660484314,
                    0.06629887223243713,
                    -0.6789792776107788,
                    -2.7370529174804688
                ],
                [
                    -3.725290076417309e-09,
                    0.9952664971351624,
                    0.09718272089958191,
                    0.3917560875415802
                ],
                [
                    0.0,
                    0.0,
                    0.0,
                    1.0
                ]
            ]
        },
        {
            "file_path": "/data/shapenet_blender/all_50_random/02958343/40e7559b88089f4ba7fd25564c2e888e/r_33",
            "rotation": 0.12566370614359174,
            "transform_matrix": [
                [
                    -0.18063655495643616,
                    0.1776725798845291,
                    0.967369019985199,
                    3.8995893001556396
                ],
                [
                    0.983549952507019,
                    0.03263094648718834,
                    0.1776648312807083,
                    0.7161898612976074
                ],
                [
                    3.725290298461914e-09,
                    0.9835484027862549,
                    -0.1806442141532898,
                    -0.7282001376152039
                ],
                [
                    0.0,
                    0.0,
                    0.0,
                    1.0
                ]
            ]
        },
        {
            "file_path": "/data/shapenet_blender/all_50_random/02958343/40e7559b88089f4ba7fd25564c2e888e/r_34",
            "rotation": 0.12566370614359174,
            "transform_matrix": [
                [
                    0.8107325434684753,
                    -0.23865137994289398,
                    0.5345637202262878,
                    2.154895305633545
                ],
                [
                    0.585416853427887,
                    0.3305036723613739,
                    -0.7403069734573364,
                    -2.9842729568481445
                ],
                [
                    0.0,
                    0.9131335020065308,
                    0.4076605439186096,
                    1.6433322429656982
                ],
                [
                    0.0,
                    0.0,
                    0.0,
                    1.0
                ]
            ]
        },
        {
            "file_path": "/data/shapenet_blender/all_50_random/02958343/40e7559b88089f4ba7fd25564c2e888e/r_35",
            "rotation": 0.12566370614359174,
            "transform_matrix": [
                [
                    -0.4073387384414673,
                    0.8566561341285706,
                    -0.3165680170059204,
                    -1.2761266231536865
                ],
                [
                    -0.9132772088050842,
                    -0.3820846676826477,
                    0.14119525253772736,
                    0.5691763162612915
                ],
                [
                    0.0,
                    0.34662872552871704,
                    0.938002347946167,
                    3.7812087535858154
                ],
                [
                    0.0,
                    0.0,
                    0.0,
                    1.0
                ]
            ]
        },
        {
            "file_path": "/data/shapenet_blender/all_50_random/02958343/40e7559b88089f4ba7fd25564c2e888e/r_36",
            "rotation": 0.12566370614359174,
            "transform_matrix": [
                [
                    -0.38156020641326904,
                    0.8599141240119934,
                    -0.3390565514564514,
                    -1.3667807579040527
                ],
                [
                    -0.924344003200531,
                    -0.3549641966819763,
                    0.13995924592018127,
                    0.564193844795227
                ],
                [
                    0.0,
                    0.3668079376220703,
                    0.9302967190742493,
                    3.7501461505889893
                ],
                [
                    0.0,
                    0.0,
                    0.0,
                    1.0
                ]
            ]
        },
        {
            "file_path": "/data/shapenet_blender/all_50_random/02958343/40e7559b88089f4ba7fd25564c2e888e/r_37",
            "rotation": 0.12566370614359174,
            "transform_matrix": [
                [
                    -0.8803060054779053,
                    -0.14865785837173462,
                    -0.4505133032798767,
                    -1.8160772323608398
                ],
                [
                    -0.4744063913822174,
                    0.27584871649742126,
                    0.8359701037406921,
                    3.369903326034546
                ],
                [
                    -7.450580596923828e-09,
                    0.949635922908783,
                    -0.3133555054664612,
                    -1.263176441192627
                ],
                [
                    0.0,
                    0.0,
                    0.0,
                    1.0
                ]
            ]
        },
        {
            "file_path": "/data/shapenet_blender/all_50_random/02958343/40e7559b88089f4ba7fd25564c2e888e/r_38",
            "rotation": 0.12566370614359174,
            "transform_matrix": [
                [
                    -0.9934478998184204,
                    0.04125825688242912,
                    -0.10657908022403717,
                    -0.4296339750289917
                ],
                [
                    -0.11428624391555786,
                    -0.3586427569389343,
                    0.9264524579048157,
                    3.7346489429473877
                ],
                [
                    0.0,
                    0.9325627088546753,
                    0.3610081076622009,
                    1.4552700519561768
                ],
                [
                    0.0,
                    0.0,
                    0.0,
                    1.0
                ]
            ]
        },
        {
            "file_path": "/data/shapenet_blender/all_50_random/02958343/40e7559b88089f4ba7fd25564c2e888e/r_39",
            "rotation": 0.12566370614359174,
            "transform_matrix": [
                [
                    -0.2065373659133911,
                    0.6812117695808411,
                    -0.7023480534553528,
                    -2.8312556743621826
                ],
                [
                    -0.9784387350082397,
                    -0.14379611611366272,
                    0.14825774729251862,
                    0.5976461172103882
                ],
                [
                    0.0,
                    0.7178253531455994,
                    0.6962231993675232,
                    2.806565523147583
                ],
                [
                    0.0,
                    0.0,
                    0.0,
                    1.0
                ]
            ]
        },
        {
            "file_path": "/data/shapenet_blender/all_50_random/02958343/40e7559b88089f4ba7fd25564c2e888e/r_40",
            "rotation": 0.12566370614359174,
            "transform_matrix": [
                [
                    -0.07145889103412628,
                    -0.9712638258934021,
                    -0.22702457010746002,
                    -0.915165364742279
                ],
                [
                    -0.9974436163902283,
                    0.06958331912755966,
                    0.016264501959085464,
                    0.06556431204080582
                ],
                [
                    0.0,
                    0.22760629653930664,
                    -0.9737531542778015,
                    -3.9253246784210205
                ],
                [
                    0.0,
                    0.0,
                    0.0,
                    1.0
                ]
            ]
        },
        {
            "file_path": "/data/shapenet_blender/all_50_random/02958343/40e7559b88089f4ba7fd25564c2e888e/r_41",
            "rotation": 0.12566370614359174,
            "transform_matrix": [
                [
                    0.15575510263442993,
                    -0.6896089911460876,
                    -0.7072339057922363,
                    -2.8509509563446045
                ],
                [
                    -0.9877957105636597,
                    -0.10873717069625854,
                    -0.11151625216007233,
                    -0.44953638315200806
                ],
