{
    "class": "02958343",
    "model": "c3858a8b73dcb137e3bdba9430565083",
    "remove_doubles": true,
    "edge_split": true,
    "denoise": true,
    "camera_angle_x": 0.6911112070083618,
    "scale_factor": 2.292066623864305,
    "hdri_file": "/data/IndoorHDRDataset2018/AG8A0285-a548ca4742.exr",
    "center_offset": [
        0.0,
        0.0,
        1.862645149230957e-09
    ],
    "lights": [],
    "frames": [
        {
            "file_path": "/data/shapenet_blender/all_50_random/02958343/c3858a8b73dcb137e3bdba9430565083/r_0",
            "rotation": 0.12566370614359174,
            "transform_matrix": [
                [
                    -0.5856374502182007,
                    0.10386224836111069,
                    -0.8038914203643799,
                    -3.2405898571014404
                ],
                [
                    -0.8105732202529907,
                    -0.07504025846719742,
                    0.5808098912239075,
                    2.3413195610046387
                ],
                [
                    0.0,
                    0.9917567372322083,
                    0.1281343400478363,
                    0.5165260434150696
                ],
                [
                    0.0,
                    0.0,
                    0.0,
                    1.0
                ]
            ]
        },
        {
            "file_path": "/data/shapenet_blender/all_50_random/02958343/c3858a8b73dcb137e3bdba9430565083/r_1",
            "rotation": 0.12566370614359174,
            "transform_matrix": [
                [
                    0.29046058654785156,
                    -0.072761170566082,
                    0.9541165828704834,
                    3.8461668491363525
                ],
                [
                    0.956886887550354,
                    0.02208646945655346,
                    -0.28961968421936035,
                    -1.167494297027588
                ],
                [
                    0.0,
                    0.9971047043800354,
                    0.07603947073221207,
                    0.3065249025821686
                ],
                [
                    0.0,
                    0.0,
                    0.0,
                    1.0
                ]
            ]
        },
        {
            "file_path": "/data/shapenet_blender/all_50_random/02958343/c3858a8b73dcb137e3bdba9430565083/r_2",
            "rotation": 0.12566370614359174,
            "transform_matrix": [
                [
                    -0.9944108724594116,
                    -0.065484419465065,
                    -0.08281809091567993,
                    -0.3338504135608673
                ],
                [
                    -0.10557956993579865,
                    0.6167709827423096,
                    0.7800297737121582,
                    3.1444005966186523
                ],
                [
                    -3.725290742551124e-09,
                    0.7844139337539673,
                    -0.6202375888824463,
                    -2.500257730484009
                ],
                [
                    0.0,
                    0.0,
                    0.0,
                    1.0
                ]
            ]
        },
        {
            "file_path": "/data/shapenet_blender/all_50_random/02958343/c3858a8b73dcb137e3bdba9430565083/r_3",
            "rotation": 0.12566370614359174,
            "transform_matrix": [
                [
                    -0.8162714838981628,
                    -0.20637847483158112,
                    -0.5395451188087463,
                    -2.174975872039795
                ],
                [
                    -0.5776686668395996,
                    0.29162195324897766,
                    0.7624012231826782,
                    3.0733375549316406
                ],
                [
                    0.0,
                    0.934004545211792,
                    -0.3572610318660736,
                    -1.4401652812957764
                ],
                [
                    0.0,
                    0.0,
                    0.0,
                    1.0
                ]
            ]
        },
        {
            "file_path": "/data/shapenet_blender/all_50_random/02958343/c3858a8b73dcb137e3bdba9430565083/r_4",
            "rotation": 0.12566370614359174,
            "transform_matrix": [
                [
                    -0.9033408761024475,
                    0.049460265785455704,
                    -0.4260621964931488,
                    -1.7175116539001465
                ],
                [
                    -0.42892348766326904,
                    -0.10416655987501144,
                    0.8973148465156555,
                    3.617191791534424
                ],
                [
                    0.0,
                    0.9933292269706726,
                    0.11531256884336472,
                    0.4648398458957672
                ],
                [
                    0.0,
                    0.0,
                    0.0,
                    1.0
                ]
            ]
        },
        {
            "file_path": "/data/shapenet_blender/all_50_random/02958343/c3858a8b73dcb137e3bdba9430565083/r_5",
            "rotation": 0.12566370614359174,
            "transform_matrix": [
                [
                    0.9993695616722107,
                    0.03286021575331688,
                    0.013448534533381462,
                    0.0542127788066864
                ],
                [
                    0.035505738109350204,
                    -0.9249067902565002,
                    -0.37853196263313293,
                    -1.5259112119674683
                ],
                [
                    -9.31322685637781e-10,
                    0.3787708282470703,
                    -0.9254904389381409,
                    -3.730771541595459
                ],
                [
                    0.0,
                    0.0,
                    0.0,
                    1.0
                ]
            ]
        },
        {
            "file_path": "/data/shapenet_blender/all_50_random/02958343/c3858a8b73dcb137e3bdba9430565083/r_6",
            "rotation": 0.12566370614359174,
            "transform_matrix": [
                [
                    0.6359651684761047,
                    -0.11755356937646866,
                    0.7627118229866028,
                    3.074589967727661
                ],
                [
                    0.7717176675796509,
                    0.09687477350234985,
                    -0.628543496131897,
                    -2.5337400436401367
                ],
                [
                    -7.450580152834618e-09,
                    0.988330066204071,
                    0.15232713520526886,
                    0.6140503883361816
                ],
                [
                    0.0,
                    0.0,
                    0.0,
                    1.0
                ]
            ]
        },
        {
            "file_path": "/data/shapenet_blender/all_50_random/02958343/c3858a8b73dcb137e3bdba9430565083/r_7",
            "rotation": 0.12566370614359174,
            "transform_matrix": [
                [
                    -0.7147464156150818,
                    -0.009177803993225098,
                    -0.6993235945701599,
                    -2.819063186645508
                ],
                [
                    -0.6993838548660278,
                    0.009379402734339237,
                    0.7146848440170288,
                    2.880986452102661
                ],
                [
                    0.0,
                    0.9999139308929443,
                    -0.01312270201742649,
                    -0.05289929732680321
                ],
                [
                    0.0,
                    0.0,
                    0.0,
                    1.0
                ]
            ]
        },
        {
            "file_path": "/data/shapenet_blender/all_50_random/02958343/c3858a8b73dcb137e3bdba9430565083/r_8",
            "rotation": 0.12566370614359174,
            "transform_matrix": [
                [
                    0.872338056564331,
                    0.1529180407524109,
                    0.46437326073646545,
                    1.871948480606079
                ],
                [
                    0.48890334367752075,
                    -0.27284786105155945,
                    -0.8285695910453796,
                    -3.340070962905884
                ],
                [
                    1.4901162970204496e-08,
                    0.9498263597488403,
                    -0.31277763843536377,
                    -1.2608469724655151
                ],
                [
                    0.0,
                    0.0,
                    0.0,
                    1.0
                ]
            ]
        },
        {
            "file_path": "/data/shapenet_blender/all_50_random/02958343/c3858a8b73dcb137e3bdba9430565083/r_9",
            "rotation": 0.12566370614359174,
            "transform_matrix": [
                [
                    0.7219561338424683,
                    -0.45931878685951233,
                    0.5174992084503174,
                    2.086106061935425
                ],
                [
                    0.6919387578964233,
                    0.47924476861953735,
                    -0.5399491786956787,
                    -2.176604747772217
                ],
                [
                    1.4901161193847656e-08,
                    0.7478973865509033,
                    0.6638143062591553,
                    2.6759209632873535
                ],
                [
                    0.0,
                    0.0,
                    0.0,
                    1.0
                ]
            ]
        },
        {
            "file_path": "/data/shapenet_blender/all_50_random/02958343/c3858a8b73dcb137e3bdba9430565083/r_10",
            "rotation": 0.12566370614359174,
            "transform_matrix": [
                [
                    -0.984055757522583,
                    -0.1623246669769287,
                    -0.07269769161939621,
                    -0.2930538058280945
                ],
                [
                    -0.17786021530628204,
                    0.8981015086174011,
                    0.4022180140018463,
                    1.621392846107483
                ],
                [
                    0.0,
                    0.4087349474430084,
                    -0.9126530289649963,
                    -3.6790223121643066
                ],
                [
                    0.0,
                    0.0,
                    0.0,
                    1.0
                ]
            ]
        },
        {
            "file_path": "/data/shapenet_blender/all_50_random/02958343/c3858a8b73dcb137e3bdba9430565083/r_11",
            "rotation": 0.12566370614359174,
            "transform_matrix": [
                [
                    0.17516696453094482,
                    -0.9751786589622498,
                    -0.13543641567230225,
                    -0.5459617376327515
                ],
                [
                    -0.984538733959198,
                    -0.1735016405582428,
                    -0.024096552282571793,
                    -0.09713631868362427
                ],
                [
                    1.862645149230957e-09,
                    0.1375630795955658,
                    -0.9904928803443909,
                    -3.992804765701294
                ],
                [
                    0.0,
                    0.0,
                    0.0,
                    1.0
                ]
            ]
        },
        {
            "file_path": "/data/shapenet_blender/all_50_random/02958343/c3858a8b73dcb137e3bdba9430565083/r_12",
            "rotation": 0.12566370614359174,
            "transform_matrix": [
                [
                    -0.9449443221092224,
                    0.04198441281914711,
                    -0.324526846408844,
                    -1.3082095384597778
                ],
                [
                    -0.32723137736320496,
                    -0.12123817205429077,
                    0.9371344447135925,
                    3.777709722518921
                ],
                [
                    0.0,
                    0.9917351007461548,
                    0.1283019334077835,
                    0.5172016620635986
                ],
                [
                    0.0,
                    0.0,
                    0.0,
                    1.0
                ]
            ]
        },
        {
            "file_path": "/data/shapenet_blender/all_50_random/02958343/c3858a8b73dcb137e3bdba9430565083/r_13",
            "rotation": 0.12566370614359174,
            "transform_matrix": [
                [
                    0.35303184390068054,
                    -0.10030047595500946,
                    0.9302194714546204,
                    3.7498347759246826
                ],
                [
                    0.935611367225647,
                    0.03784612566232681,
                    -0.35099732875823975,
                    -1.4149155616760254
                ],
                [
                    -3.725290742551124e-09,
                    0.9942370653152466,
                    0.1072031632065773,
                    0.4321497976779938
                ],
                [
                    0.0,
                    0.0,
                    0.0,
                    1.0
                ]
            ]
        },
        {
            "file_path": "/data/shapenet_blender/all_50_random/02958343/c3858a8b73dcb137e3bdba9430565083/r_14",
            "rotation": 0.12566370614359174,
            "transform_matrix": [
                [
                    -0.025142701342701912,
                    0.760995626449585,
                    -0.6482695937156677,
                    -2.6132583618164062
                ],
                [
                    -0.9996839165687561,
                    -0.01913953386247158,
                    0.01630440168082714,
                    0.06572514772415161
                ],
                [
                    0.0,
                    0.6484745740890503,
                    0.761236310005188,
                    3.0686416625976562
                ],
                [
                    0.0,
                    0.0,
                    0.0,
                    1.0
                ]
            ]
        },
        {
            "file_path": "/data/shapenet_blender/all_50_random/02958343/c3858a8b73dcb137e3bdba9430565083/r_15",
            "rotation": 0.12566370614359174,
            "transform_matrix": [
                [
                    0.18689338862895966,
                    0.2767569124698639,
                    -0.9425901770591736,
                    -3.7997028827667236
                ],
                [
                    -0.9823801517486572,
                    0.05265175551176071,
                    -0.17932353913784027,
                    -0.7228763699531555
                ],
                [
                    -3.725290298461914e-09,
                    0.959496259689331,
                    0.28172075748443604,
                    1.135652780532837
                ],
                [
                    0.0,
                    0.0,
                    0.0,
                    1.0
                ]
            ]
        },
        {
            "file_path": "/data/shapenet_blender/all_50_random/02958343/c3858a8b73dcb137e3bdba9430565083/r_16",
            "rotation": 0.12566370614359174,
            "transform_matrix": [
                [
                    -0.576217532157898,
                    -0.018536671996116638,
                    0.8170861005783081,
                    3.2937793731689453
                ],
                [
                    0.8172962069511414,
                    -0.013068890199065208,
                    0.5760693550109863,
                    2.3222098350524902
                ],
                [
                    0.0,
                    0.999742865562439,
                    0.022680476307868958,
                    0.09142792224884033
                ],
                [
                    0.0,
                    0.0,
                    0.0,
                    1.0
                ]
            ]
        },
        {
            "file_path": "/data/shapenet_blender/all_50_random/02958343/c3858a8b73dcb137e3bdba9430565083/r_17",
            "rotation": 0.12566370614359174,
            "transform_matrix": [
                [
                    0.18133048713207245,
                    0.6641651391983032,
                    -0.7252612113952637,
                    -2.923621416091919
                ],
                [
                    -0.9834222197532654,
                    0.12246357649564743,
                    -0.13372890651226044,
                    -0.5390784740447998
                ],
                [
                    0.0,
                    0.7374870181083679,
                    0.675361156463623,
                    2.7224678993225098
                ],
                [
                    0.0,
                    0.0,
                    0.0,
                    1.0
                ]
            ]
        },
        {
            "file_path": "/data/shapenet_blender/all_50_random/02958343/c3858a8b73dcb137e3bdba9430565083/r_18",
            "rotation": 0.12566370614359174,
            "transform_matrix": [
                [
                    0.7215510010719299,
                    0.49414077401161194,
                    -0.4849628508090973,
                    -1.9549479484558105
                ],
                [
                    -0.6923612356185913,
                    0.5149735808372498,
                    -0.5054087042808533,
                    -2.037367820739746
                ],
                [
                    1.4901160305669237e-08,
                    0.7004477381706238,
                    0.7137036323547363,
                    2.8770315647125244
                ],
                [
                    0.0,
                    0.0,
                    0.0,
                    1.0
                ]
            ]
        },
        {
            "file_path": "/data/shapenet_blender/all_50_random/02958343/c3858a8b73dcb137e3bdba9430565083/r_19",
            "rotation": 0.12566370614359174,
            "transform_matrix": [
                [
                    -0.8740976452827454,
                    -0.35632139444351196,
                    -0.33013373613357544,
                    -1.3308117389678955
                ],
                [
                    -0.4857501685619354,
                    0.6411932110786438,
                    0.5940690040588379,
                    2.3947689533233643
                ],
                [
                    1.4901160305669237e-08,
                    0.6796370148658752,
                    -0.7335485816001892,
                    -2.957029104232788
                ],
                [
                    0.0,
                    0.0,
                    0.0,
                    1.0
                ]
            ]
        },
        {
            "file_path": "/data/shapenet_blender/all_50_random/02958343/c3858a8b73dcb137e3bdba9430565083/r_20",
            "rotation": 0.12566370614359174,
            "transform_matrix": [
                [
                    0.21406611800193787,
                    0.6289252638816833,
                    -0.7474144697189331,
                    -3.0129244327545166
                ],
                [
                    -0.9768192768096924,
                    0.13782650232315063,
                    -0.1637929528951645,
                    -0.6602705717086792
                ],
                [
                    -7.450582373280668e-09,
                    0.7651513814926147,
                    0.6438502669334412,
                    2.5954437255859375
                ],
                [
                    0.0,
                    0.0,
                    0.0,
                    1.0
                ]
            ]
        },
        {
            "file_path": "/data/shapenet_blender/all_50_random/02958343/c3858a8b73dcb137e3bdba9430565083/r_21",
            "rotation": 0.12566370614359174,
            "transform_matrix": [
                [
                    -0.1743527054786682,
                    0.5049530267715454,
                    0.8453540802001953,
                    3.407731533050537
                ],
                [
                    0.9846832752227783,
                    0.08940938115119934,
                    0.14968241751194,
                    0.6033892035484314
                ],
                [
                    0.0,
                    0.8585035800933838,
                    -0.5128074884414673,
                    -2.0671932697296143
                ],
                [
                    0.0,
                    0.0,
                    0.0,
                    1.0
                ]
            ]
        },
        {
            "file_path": "/data/shapenet_blender/all_50_random/02958343/c3858a8b73dcb137e3bdba9430565083/r_22",
            "rotation": 0.12566370614359174,
            "transform_matrix": [
                [
                    0.9970496296882629,
                    0.06031709536910057,
                    0.04747556895017624,
                    0.191380113363266
                ],
                [
                    0.07675989717245102,
                    -0.7834707498550415,
                    -0.6166696548461914,
                    -2.485874652862549
                ],
                [
                    0.0,
                    0.6184943914413452,
                    -0.7857892513275146,
                    -3.1676173210144043
                ],
                [
                    0.0,
                    0.0,
                    0.0,
                    1.0
                ]
            ]
        },
        {
            "file_path": "/data/shapenet_blender/all_50_random/02958343/c3858a8b73dcb137e3bdba9430565083/r_23",
            "rotation": 0.12566370614359174,
            "transform_matrix": [
                [
                    -0.029370732605457306,
                    0.3838464021682739,
                    0.9229296445846558,
                    3.7204487323760986
                ],
                [
                    0.999568521976471,
                    0.011278715915977955,
                    0.02711881883442402,
                    0.10931946337223053
                ],
                [
                    -9.313225746154785e-10,
                    0.9233279824256897,
                    -0.3840120732784271,
                    -1.5480022430419922
                ],
                [
                    0.0,
                    0.0,
                    0.0,
                    1.0
                ]
            ]
        },
        {
            "file_path": "/data/shapenet_blender/all_50_random/02958343/c3858a8b73dcb137e3bdba9430565083/r_24",
            "rotation": 0.12566370614359174,
            "transform_matrix": [
                [
                    0.8506259322166443,
                    0.06137868016958237,
                    0.5221764445304871,
                    2.1049609184265137
                ],
                [
                    0.5257715582847595,
                    -0.0993022471666336,
                    -0.8448095917701721,
                    -3.405536651611328
                ],
                [
                    -3.725290742551124e-09,
                    0.9931624531745911,
                    -0.11674021184444427,
                    -0.4705948829650879
                ],
                [
                    0.0,
                    0.0,
                    0.0,
                    1.0
                ]
            ]
        },
        {
            "file_path": "/data/shapenet_blender/all_50_random/02958343/c3858a8b73dcb137e3bdba9430565083/r_25",
            "rotation": 0.12566370614359174,
            "transform_matrix": [
                [
                    -0.7624903321266174,
                    -0.3355410099029541,
                    0.5531914830207825,
                    2.2299859523773193
                ],
                [
                    0.6469996571540833,
                    -0.39543572068214417,
                    0.6519372463226318,
                    2.628042697906494
                ],
                [
                    -1.4901159417490817e-08,
                    0.8550105094909668,
                    0.5186107754707336,
                    2.0905866622924805
                ],
                [
                    0.0,
                    0.0,
                    0.0,
                    1.0
                ]
            ]
        },
        {
            "file_path": "/data/shapenet_blender/all_50_random/02958343/c3858a8b73dcb137e3bdba9430565083/r_26",
            "rotation": 0.12566370614359174,
            "transform_matrix": [
                [
                    0.8494173884391785,
                    0.15530046820640564,
                    0.504352867603302,
                    2.033111572265625
                ],
                [
                    0.527721643447876,
                    -0.2499706745147705,
                    -0.8118032217025757,
                    -3.2724835872650146
                ],
                [
                    0.0,
                    0.9557177424430847,
                    -0.2942848205566406,
                    -1.1863001585006714
                ],
                [
                    0.0,
                    0.0,
                    0.0,
                    1.0
                ]
            ]
        },
        {
            "file_path": "/data/shapenet_blender/all_50_random/02958343/c3858a8b73dcb137e3bdba9430565083/r_27",
            "rotation": 0.12566370614359174,
            "transform_matrix": [
                [
                    -0.03211367130279541,
                    -0.7076504230499268,
                    -0.7058324813842773,
                    -2.845301866531372
                ],
                [
                    -0.9994842410087585,
                    0.02273697964847088,
                    0.022678567096590996,
                    0.0914202332496643
                ],
                [
                    1.862645149230957e-09,
                    0.7061967849731445,
                    -0.7080155611038208,
                    -2.854102373123169
                ],
                [
                    0.0,
                    0.0,
                    0.0,
                    1.0
                ]
            ]
        },
        {
            "file_path": "/data/shapenet_blender/all_50_random/02958343/c3858a8b73dcb137e3bdba9430565083/r_28",
            "rotation": 0.12566370614359174,
            "transform_matrix": [
                [
                    0.9657331705093384,
                    -0.11008154600858688,
                    0.23503531515598297,
                    0.9474576711654663
                ],
                [
                    0.2595371901988983,
                    0.40961140394210815,
                    -0.8745620846748352,
                    -3.525472640991211
                ],
                [
                    0.0,
                    0.9055940508842468,
                    0.42414551973342896,
                    1.7097852230072021
                ],
                [
                    0.0,
                    0.0,
                    0.0,
                    1.0
                ]
            ]
        },
        {
            "file_path": "/data/shapenet_blender/all_50_random/02958343/c3858a8b73dcb137e3bdba9430565083/r_29",
            "rotation": 0.12566370614359174,
            "transform_matrix": [
                [
                    -0.8170178532600403,
                    0.4756714403629303,
                    0.3259117007255554,
                    1.313792109489441
                ],
                [
                    0.5766122341156006,
                    0.6739920377731323,
                    0.46179333329200745,
                    1.8615484237670898
                ],
                [
                    1.4901160305669237e-08,
                    0.5652180910110474,
                    -0.8249414563179016,
                    -3.3254454135894775
                ],
                [
                    0.0,
                    0.0,
                    0.0,
                    1.0
                ]
            ]
        },
        {
            "file_path": "/data/shapenet_blender/all_50_random/02958343/c3858a8b73dcb137e3bdba9430565083/r_30",
            "rotation": 0.12566370614359174,
            "transform_matrix": [
                [
                    -0.8587936758995056,
                    0.3152448236942291,
                    0.4038490653038025,
                    1.6279677152633667
                ],
                [
                    0.5123215913772583,
                    0.528438150882721,
                    0.6769635081291199,
                    2.7289273738861084
                ],
                [
                    -1.4901161193847656e-08,
                    0.7882726788520813,
                    -0.6153259873390198,
                    -2.4804587364196777
                ],
                [
                    0.0,
                    0.0,
                    0.0,
                    1.0
                ]
            ]
        },
        {
            "file_path": "/data/shapenet_blender/all_50_random/02958343/c3858a8b73dcb137e3bdba9430565083/r_31",
            "rotation": 0.12566370614359174,
            "transform_matrix": [
                [
                    -0.13721610605716705,
                    -0.7004585266113281,
                    -0.7003780603408813,
                    -2.8233141899108887
                ],
                [
                    -0.9905412197113037,
                    0.09703198820352554,
                    0.09702084958553314,
                    0.3911035358905792
                ],
                [
                    -7.450581485102248e-09,
                    0.7070660591125488,
                    -0.7071473598480225,
                    -2.850602149963379
                ],
                [
                    0.0,
                    0.0,
                    0.0,
                    1.0
                ]
            ]
        },
        {
            "file_path": "/data/shapenet_blender/all_50_random/02958343/c3858a8b73dcb137e3bdba9430565083/r_32",
            "rotation": 0.12566370614359174,
            "transform_matrix": [
                [
                    -0.1525479406118393,
                    -0.6079283952713013,
                    -0.7791996598243713,
                    -3.141054391860962
                ],
                [
                    -0.9882961511611938,
                    0.0938364714384079,
                    0.12027295678853989,
                    0.48483580350875854
                ],
                [
                    0.0,
                    0.788427472114563,
                    -0.6151278018951416,
                    -2.4796595573425293
                ],
                [
                    0.0,
                    0.0,
                    0.0,
                    1.0
                ]
            ]
        },
        {
            "file_path": "/data/shapenet_blender/all_50_random/02958343/c3858a8b73dcb137e3bdba9430565083/r_33",
            "rotation": 0.12566370614359174,
            "transform_matrix": [
                [
                    -0.396207720041275,
                    0.5141515731811523,
                    0.7607020735740662,
                    3.0664877891540527
                ],
                [
                    0.9181608557701111,
                    0.2218683362007141,
                    0.3282605707645416,
                    1.3232605457305908
                ],
                [
                    0.0,
                    0.8285061120986938,
                    -0.5599799156188965,
                    -2.2573509216308594
                ],
                [
                    0.0,
                    0.0,
                    0.0,
                    1.0
                ]
            ]
        },
        {
            "file_path": "/data/shapenet_blender/all_50_random/02958343/c3858a8b73dcb137e3bdba9430565083/r_34",
            "rotation": 0.12566370614359174,
            "transform_matrix": [
                [
                    0.6183956265449524,
                    -0.029224436730146408,
                    -0.785323441028595,
                    -3.1657400131225586
                ],
                [
                    -0.7858669757843018,
                    -0.02299659140408039,
                    -0.6179678440093994,
                    -2.491107940673828
                ],
                [
                    0.0,
                    0.9993084073066711,
                    -0.03718750923871994,
                    -0.149907648563385
                ],
                [
                    0.0,
                    0.0,
                    0.0,
                    1.0
                ]
            ]
        },
        {
            "file_path": "/data/shapenet_blender/all_50_random/02958343/c3858a8b73dcb137e3bdba9430565083/r_35",
            "rotation": 0.12566370614359174,
            "transform_matrix": [
                [
                    -0.7087788581848145,
                    0.644090473651886,
                    0.28771477937698364,
                    1.1598153114318848
                ],
                [
                    0.7054306864738464,
                    0.647147536277771,
                    0.28908035159111023,
                    1.1653201580047607
                ],
                [
                    -1.4901160305669237e-08,
                    0.4078570604324341,
                    -0.9130458831787109,
                    -3.680605411529541
                ],
                [
                    0.0,
                    0.0,
                    0.0,
                    1.0
                ]
            ]
        },
        {
            "file_path": "/data/shapenet_blender/all_50_random/02958343/c3858a8b73dcb137e3bdba9430565083/r_36",
            "rotation": 0.12566370614359174,
            "transform_matrix": [
                [
                    0.9770545959472656,
                    -0.007696736138314009,
                    -0.21285006403923035,
                    -0.8580260276794434
                ],
                [
                    -0.2129891812801361,
                    -0.03530757501721382,
                    -0.9764164090156555,
                    -3.9360604286193848
                ],
                [
                    0.0,
                    0.999346911907196,
                    -0.036136746406555176,
                    -0.14567188918590546
                ],
                [
                    0.0,
                    0.0,
                    0.0,
                    1.0
                ]
            ]
        },
        {
            "file_path": "/data/shapenet_blender/all_50_random/02958343/c3858a8b73dcb137e3bdba9430565083/r_37",
            "rotation": 0.12566370614359174,
            "transform_matrix": [
                [
                    -0.6970503926277161,
                    -0.009833753108978271,
                    -0.7169547080993652,
                    -2.890136957168579
                ],
                [
                    -0.717022180557251,
                    0.009559846483170986,
                    0.6969848275184631,
                    2.809635639190674
                ],
                [
                    0.0,
                    0.9999059438705444,
                    -0.013714713975787163,
                    -0.05528578162193298
                ],
                [
                    0.0,
                    0.0,
                    0.0,
                    1.0
                ]
            ]
        },
        {
            "file_path": "/data/shapenet_blender/all_50_random/02958343/c3858a8b73dcb137e3bdba9430565083/r_38",
            "rotation": 0.12566370614359174,
            "transform_matrix": [
                [
                    0.5152353644371033,
                    -0.488046258687973,
                    -0.7045162916183472,
                    -2.839996337890625
                ],
                [
                    -0.857048749923706,
                    -0.29340067505836487,
                    -0.42353683710098267,
                    -1.7073317766189575
                ],
                [
                    0.0,
                    0.8220260143280029,
                    -0.569449782371521,
                    -2.2955257892608643
                ],
                [
                    0.0,
                    0.0,
                    0.0,
                    1.0
                ]
            ]
        },
        {
            "file_path": "/data/shapenet_blender/all_50_random/02958343/c3858a8b73dcb137e3bdba9430565083/r_39",
            "rotation": 0.12566370614359174,
            "transform_matrix": [
                [
                    0.835360586643219,
                    0.11664063483476639,
                    -0.5371849536895752,
                    -2.165461778640747
                ],
                [
                    -0.5497024059295654,
                    0.1772540658712387,
                    -0.816338300704956,
                    -3.2907650470733643
                ],
                [
                    0.0,
                    0.9772287607192993,
                    0.21218867599964142,
                    0.8553599119186401
                ],
                [
                    0.0,
                    0.0,
                    0.0,
                    1.0
                ]
            ]
        },
        {
            "file_path": "/data/shapenet_blender/all_50_random/02958343/c3858a8b73dcb137e3bdba9430565083/r_40",
            "rotation": 0.12566370614359174,
            "transform_matrix": [
                [
                    0.9755128026008606,
                    -0.05856712535023689,
                    -0.2120017409324646,
                    -0.8546063303947449
                ],
                [
                    -0.2199428379535675,
                    -0.25976285338401794,
                    -0.9402916431427002,
                    -3.7904367446899414
                ],
                [
                    -3.725290742551124e-09,
                    0.9638946652412415,
                    -0.26628345251083374,
                    -1.073422908782959
                ],
                [
                    0.0,
                    0.0,
                    0.0,
                    1.0
                ]
            ]
        },
        {
            "file_path": "/data/shapenet_blender/all_50_random/02958343/c3858a8b73dcb137e3bdba9430565083/r_41",
            "rotation": 0.12566370614359174,
            "transform_matrix": [
                [
                    0.49995291233062744,
                    0.6156081557273865,
                    -0.6091580986976624,
                    -2.455595016479492
                ],
                [
                    -0.8660525679588318,
                    0.3553768992424011,
                    -0.35165345668792725,
                    -1.4175605773925781
                ],
                [
