{
    "class": "02958343",
    "model": "794fc3e07d3c5954514e3d96995c555d",
    "remove_doubles": true,
    "edge_split": true,
    "denoise": true,
    "camera_angle_x": 0.6911112070083618,
    "scale_factor": 2.2882194698415,
    "hdri_file": "/data/IndoorHDRDataset2018/AG8A4593-730c5459fd.exr",
    "center_offset": [
        0.0,
        0.0,
        2.7939677238464355e-09
    ],
    "lights": [],
    "frames": [
        {
            "file_path": "/data/shapenet_blender/all_50_random/02958343/794fc3e07d3c5954514e3d96995c555d/r_0",
            "rotation": 0.12566370614359174,
            "transform_matrix": [
                [
                    -0.9903383255004883,
                    0.0012633784208446741,
                    0.13866592943668365,
                    0.5589802265167236
                ],
                [
                    0.1386716663837433,
                    0.009022549726068974,
                    0.9902973175048828,
                    3.992016077041626
                ],
                [
                    0.0,
                    0.9999585747718811,
                    -0.009110571816563606,
                    -0.03672588989138603
                ],
                [
                    0.0,
                    0.0,
                    0.0,
                    1.0
                ]
            ]
        },
        {
            "file_path": "/data/shapenet_blender/all_50_random/02958343/794fc3e07d3c5954514e3d96995c555d/r_1",
            "rotation": 0.12566370614359174,
            "transform_matrix": [
                [
                    0.8842973709106445,
                    0.1394781619310379,
                    0.4456053078174591,
                    1.7962924242019653
                ],
                [
                    0.4669242799282074,
                    -0.2641545534133911,
                    -0.8439218997955322,
                    -3.4019579887390137
                ],
                [
                    -7.450580596923828e-09,
                    0.9543418288230896,
                    -0.29871687293052673,
                    -1.2041661739349365
                ],
                [
                    0.0,
                    0.0,
                    0.0,
                    1.0
                ]
            ]
        },
        {
            "file_path": "/data/shapenet_blender/all_50_random/02958343/794fc3e07d3c5954514e3d96995c555d/r_2",
            "rotation": 0.12566370614359174,
            "transform_matrix": [
                [
                    -0.8060424327850342,
                    0.1214161217212677,
                    -0.5792699456214905,
                    -2.3351120948791504
                ],
                [
                    -0.5918577909469604,
                    -0.16535483300685883,
                    0.7888992428779602,
                    3.180154800415039
                ],
                [
                    0.0,
                    0.9787316918373108,
                    0.20514409244060516,
                    0.8269623517990112
                ],
                [
                    0.0,
                    0.0,
                    0.0,
                    1.0
                ]
            ]
        },
        {
            "file_path": "/data/shapenet_blender/all_50_random/02958343/794fc3e07d3c5954514e3d96995c555d/r_3",
            "rotation": 0.12566370614359174,
            "transform_matrix": [
                [
                    0.8958559632301331,
                    -0.1374531090259552,
                    -0.4225502610206604,
                    -1.7033547163009644
                ],
                [
                    -0.4443446099758148,
                    -0.2771231532096863,
                    -0.8519157767295837,
                    -3.434182643890381
                ],
                [
                    1.4901161193847656e-08,
                    0.950951874256134,
                    -0.30933889746665955,
                    -1.2469850778579712
                ],
                [
                    0.0,
                    0.0,
                    0.0,
                    1.0
                ]
            ]
        },
        {
            "file_path": "/data/shapenet_blender/all_50_random/02958343/794fc3e07d3c5954514e3d96995c555d/r_4",
            "rotation": 0.12566370614359174,
            "transform_matrix": [
                [
                    0.019522055983543396,
                    0.8045346140861511,
                    0.5935848355293274,
                    2.3928170204162598
                ],
                [
                    0.9998095035552979,
                    -0.01570916175842285,
                    -0.011590204201638699,
                    -0.04672160744667053
                ],
                [
                    0.0,
                    0.5936979055404663,
                    -0.8046879768371582,
                    -3.2438008785247803
                ],
                [
                    0.0,
                    0.0,
                    0.0,
                    1.0
                ]
            ]
        },
        {
            "file_path": "/data/shapenet_blender/all_50_random/02958343/794fc3e07d3c5954514e3d96995c555d/r_5",
            "rotation": 0.12566370614359174,
            "transform_matrix": [
                [
                    0.9292435050010681,
                    0.025551509112119675,
                    -0.3685833215713501,
                    -1.485806941986084
                ],
                [
                    -0.36946791410446167,
                    0.06426423043012619,
                    -0.9270186424255371,
                    -3.736931562423706
                ],
                [
                    -1.862645149230957e-09,
                    0.9976056814193726,
                    0.06915758550167084,
                    0.2787831425666809
                ],
                [
                    0.0,
                    0.0,
                    0.0,
                    1.0
                ]
            ]
        },
        {
            "file_path": "/data/shapenet_blender/all_50_random/02958343/794fc3e07d3c5954514e3d96995c555d/r_6",
            "rotation": 0.12566370614359174,
            "transform_matrix": [
                [
                    -0.9887052178382874,
                    -0.026277806609869003,
                    0.14755181968212128,
                    0.5948004722595215
                ],
                [
                    0.1498735249042511,
                    -0.17335286736488342,
                    0.973389208316803,
                    3.9238576889038086
                ],
                [
                    0.0,
                    0.9845092296600342,
                    0.1753331869840622,
                    0.7067907452583313
                ],
                [
                    0.0,
                    0.0,
                    0.0,
                    1.0
                ]
            ]
        },
        {
            "file_path": "/data/shapenet_blender/all_50_random/02958343/794fc3e07d3c5954514e3d96995c555d/r_7",
            "rotation": 0.12566370614359174,
            "transform_matrix": [
                [
                    0.14058177173137665,
                    -0.039263639599084854,
                    -0.989290177822113,
                    -3.9879562854766846
                ],
                [
                    -0.9900690913200378,
                    -0.005575118120759726,
                    -0.1404711753129959,
                    -0.5662574172019958
                ],
                [
                    0.0,
                    0.9992133378982544,
                    -0.03965747356414795,
                    -0.1598643958568573
                ],
                [
                    0.0,
                    0.0,
                    0.0,
                    1.0
                ]
            ]
        },
        {
            "file_path": "/data/shapenet_blender/all_50_random/02958343/794fc3e07d3c5954514e3d96995c555d/r_8",
            "rotation": 0.12566370614359174,
            "transform_matrix": [
                [
                    0.7887353301048279,
                    0.3466033637523651,
                    0.5077032446861267,
                    2.046617269515991
                ],
                [
                    0.6147328019142151,
                    -0.4447108209133148,
                    -0.6514106392860413,
                    -2.625920295715332
                ],
                [
                    1.4901160305669237e-08,
                    0.8258925080299377,
                    -0.5638275742530823,
                    -2.2728617191314697
                ],
                [
                    0.0,
                    0.0,
                    0.0,
                    1.0
                ]
            ]
        },
        {
            "file_path": "/data/shapenet_blender/all_50_random/02958343/794fc3e07d3c5954514e3d96995c555d/r_9",
            "rotation": 0.12566370614359174,
            "transform_matrix": [
                [
                    0.9875097274780273,
                    0.1311490684747696,
                    -0.08731906116008759,
                    -0.3519943654537201
                ],
                [
                    -0.15755857527256012,
                    0.8219863176345825,
                    -0.5472785234451294,
                    -2.2061500549316406
                ],
                [
                    0.0,
                    0.5542006492614746,
                    0.8323831558227539,
                    3.3554434776306152
                ],
                [
                    0.0,
                    0.0,
                    0.0,
                    1.0
                ]
            ]
        },
        {
            "file_path": "/data/shapenet_blender/all_50_random/02958343/794fc3e07d3c5954514e3d96995c555d/r_10",
            "rotation": 0.12566370614359174,
            "transform_matrix": [
                [
                    0.23451660573482513,
                    0.7968843579292297,
                    -0.5567559003829956,
                    -2.244354724884033
                ],
                [
                    -0.9721121788024902,
                    0.19224387407302856,
                    -0.13431422412395477,
                    -0.5414379835128784
                ],
                [
                    7.450581485102248e-09,
                    0.5727280974388123,
                    0.8197454810142517,
                    3.304499626159668
                ],
                [
                    0.0,
                    0.0,
                    0.0,
                    1.0
                ]
            ]
        },
        {
            "file_path": "/data/shapenet_blender/all_50_random/02958343/794fc3e07d3c5954514e3d96995c555d/r_11",
            "rotation": 0.12566370614359174,
            "transform_matrix": [
                [
                    0.5815819501876831,
                    -0.0025174717884510756,
                    -0.8134838938713074,
                    -3.2792584896087646
                ],
                [
                    -0.8134877681732178,
                    -0.001799801248125732,
                    -0.5815792083740234,
                    -2.3444206714630127
                ],
                [
                    0.0,
                    0.999995231628418,
                    -0.003094664542004466,
                    -0.012474991381168365
                ],
                [
                    0.0,
                    0.0,
                    0.0,
                    1.0
                ]
            ]
        },
        {
            "file_path": "/data/shapenet_blender/all_50_random/02958343/794fc3e07d3c5954514e3d96995c555d/r_12",
            "rotation": 0.12566370614359174,
            "transform_matrix": [
                [
                    -0.9907246828079224,
                    -0.08918637037277222,
                    -0.10252111405134201,
                    -0.4132758378982544
                ],
                [
                    -0.13588522374629974,
                    0.6502483487129211,
                    0.7474705576896667,
                    3.013150215148926
                ],
                [
                    -7.450581485102248e-09,
                    0.754468560218811,
                    -0.65633624792099,
                    -2.6457760334014893
                ],
                [
                    0.0,
                    0.0,
                    0.0,
                    1.0
                ]
            ]
        },
        {
            "file_path": "/data/shapenet_blender/all_50_random/02958343/794fc3e07d3c5954514e3d96995c555d/r_13",
            "rotation": 0.12566370614359174,
            "transform_matrix": [
                [
                    -0.7763557434082031,
                    -0.04901846870779991,
                    -0.6283859014511108,
                    -2.533104181289673
                ],
                [
                    -0.6302947998046875,
                    0.060377731919288635,
                    0.7740045189857483,
                    3.1201117038726807
                ],
                [
                    0.0,
                    0.9969713091850281,
                    -0.07777069509029388,
                    -0.3135036528110504
                ],
                [
                    0.0,
                    0.0,
                    0.0,
                    1.0
                ]
            ]
        },
        {
            "file_path": "/data/shapenet_blender/all_50_random/02958343/794fc3e07d3c5954514e3d96995c555d/r_14",
            "rotation": 0.12566370614359174,
            "transform_matrix": [
                [
                    -0.917364239692688,
                    0.08994391560554504,
                    0.3877537250518799,
                    1.5630853176116943
                ],
                [
                    0.39804884791374207,
                    0.207289457321167,
                    0.8936375975608826,
                    3.6023683547973633
                ],
                [
                    0.0,
                    0.9741359353065491,
                    -0.22596204280853271,
                    -0.9108821153640747
                ],
                [
                    0.0,
                    0.0,
                    0.0,
                    1.0
                ]
            ]
        },
        {
            "file_path": "/data/shapenet_blender/all_50_random/02958343/794fc3e07d3c5954514e3d96995c555d/r_15",
            "rotation": 0.12566370614359174,
            "transform_matrix": [
                [
                    -0.608460545539856,
                    -0.24090373516082764,
                    -0.7561357021331787,
                    -3.0480804443359375
                ],
                [
                    -0.7935841679573059,
                    0.18470682203769684,
                    0.5797478556632996,
                    2.337038278579712
                ],
                [
                    0.0,
                    0.9528110027313232,
                    -0.3035642206668854,
                    -1.2237064838409424
                ],
                [
                    0.0,
                    0.0,
                    0.0,
                    1.0
                ]
            ]
        },
        {
            "file_path": "/data/shapenet_blender/all_50_random/02958343/794fc3e07d3c5954514e3d96995c555d/r_16",
            "rotation": 0.12566370614359174,
            "transform_matrix": [
                [
                    0.487574964761734,
                    -0.007375960238277912,
                    0.8730499744415283,
                    3.5193769931793213
                ],
                [
                    0.8730810880661011,
                    0.004119128920137882,
                    -0.4875575602054596,
                    -1.965407371520996
                ],
                [
                    0.0,
                    0.9999642968177795,
                    0.008448196575045586,
                    0.03405576944351196
                ],
                [
                    0.0,
                    0.0,
                    0.0,
                    1.0
                ]
            ]
        },
        {
            "file_path": "/data/shapenet_blender/all_50_random/02958343/794fc3e07d3c5954514e3d96995c555d/r_17",
            "rotation": 0.12566370614359174,
            "transform_matrix": [
                [
                    0.1640341579914093,
                    -0.3169100880622864,
                    -0.9341631531715393,
                    -3.7657320499420166
                ],
                [
                    -0.9864546656608582,
                    -0.052697885781526566,
                    -0.15533877909183502,
                    -0.6261906623840332
                ],
                [
                    3.725290298461914e-09,
                    0.9469904899597168,
                    -0.3212616741657257,
                    -1.2950472831726074
                ],
                [
                    0.0,
                    0.0,
                    0.0,
                    1.0
                ]
            ]
        },
        {
            "file_path": "/data/shapenet_blender/all_50_random/02958343/794fc3e07d3c5954514e3d96995c555d/r_18",
            "rotation": 0.12566370614359174,
            "transform_matrix": [
                [
                    0.992390513420105,
                    0.006665240041911602,
                    0.12294965237379074,
                    0.49562591314315796
                ],
                [
                    0.1231301799416542,
                    -0.05371973663568497,
                    -0.9909355044364929,
                    -3.994588851928711
                ],
                [
                    0.0,
                    0.9985339045524597,
                    -0.054131653159856796,
                    -0.21821168065071106
                ],
                [
                    0.0,
                    0.0,
                    0.0,
                    1.0
                ]
            ]
        },
        {
            "file_path": "/data/shapenet_blender/all_50_random/02958343/794fc3e07d3c5954514e3d96995c555d/r_19",
            "rotation": 0.12566370614359174,
            "transform_matrix": [
                [
                    0.26207947731018066,
                    -0.08811252564191818,
                    0.9610152840614319,
                    3.873976707458496
                ],
                [
                    0.965046226978302,
                    0.023928890004754066,
                    -0.26098477840423584,
                    -1.0520634651184082
                ],
                [
                    0.0,
                    0.9958229660987854,
                    0.09130393713712692,
                    0.3680579662322998
                ],
                [
                    0.0,
                    0.0,
                    0.0,
                    1.0
                ]
            ]
        },
        {
            "file_path": "/data/shapenet_blender/all_50_random/02958343/794fc3e07d3c5954514e3d96995c555d/r_20",
            "rotation": 0.12566370614359174,
            "transform_matrix": [
                [
                    0.9584335088729858,
                    0.05264817178249359,
                    0.2804165482521057,
                    1.1303954124450684
                ],
                [
                    0.2853161096572876,
                    -0.1768556386232376,
                    -0.9419748783111572,
                    -3.797222375869751
                ],
                [
                    -3.725290298461914e-09,
                    0.9828276634216309,
                    -0.1845257431268692,
                    -0.743847131729126
                ],
                [
                    0.0,
                    0.0,
                    0.0,
                    1.0
                ]
            ]
        },
        {
            "file_path": "/data/shapenet_blender/all_50_random/02958343/794fc3e07d3c5954514e3d96995c555d/r_21",
            "rotation": 0.12566370614359174,
            "transform_matrix": [
                [
                    0.19913432002067566,
                    0.51263028383255,
                    0.8351979851722717,
                    3.366790771484375
                ],
                [
                    0.979972243309021,
                    -0.10416854918003082,
                    -0.16971559822559357,
                    -0.684145450592041
                ],
                [
                    7.450581485102248e-09,
                    0.8522669672966003,
                    -0.5231069922447205,
                    -2.1087117195129395
                ],
                [
                    0.0,
                    0.0,
                    0.0,
                    1.0
                ]
            ]
        },
        {
            "file_path": "/data/shapenet_blender/all_50_random/02958343/794fc3e07d3c5954514e3d96995c555d/r_22",
            "rotation": 0.12566370614359174,
            "transform_matrix": [
                [
                    -0.1531396508216858,
                    0.025719523429870605,
                    0.9878697991371155,
                    3.9822306632995605
                ],
                [
                    0.9882045984268188,
                    0.0039856918156147,
                    0.1530877649784088,
                    0.6171165704727173
                ],
                [
                    -4.656613428188905e-10,
                    0.9996610879898071,
                    -0.026026522740721703,
                    -0.1049162745475769
                ],
                [
                    0.0,
                    0.0,
                    0.0,
                    1.0
                ]
            ]
        },
        {
            "file_path": "/data/shapenet_blender/all_50_random/02958343/794fc3e07d3c5954514e3d96995c555d/r_23",
            "rotation": 0.12566370614359174,
            "transform_matrix": [
                [
                    -0.6754815578460693,
                    0.1495436429977417,
                    0.7220535278320312,
                    2.9106907844543457
                ],
                [
                    0.7373768091201782,
                    0.1369909793138504,
                    0.6614445447921753,
                    2.666368246078491
                ],
                [
                    7.450580152834618e-09,
                    0.9792191386222839,
                    -0.20280490815639496,
                    -0.8175327181816101
                ],
                [
                    0.0,
                    0.0,
                    0.0,
                    1.0
                ]
            ]
        },
        {
            "file_path": "/data/shapenet_blender/all_50_random/02958343/794fc3e07d3c5954514e3d96995c555d/r_24",
            "rotation": 0.12566370614359174,
            "transform_matrix": [
                [
                    -0.8328165411949158,
                    -0.4008866548538208,
                    -0.38171544671058655,
                    -1.538744330406189
                ],
                [
                    -0.5535492897033691,
                    0.6031351089477539,
                    0.5742919445037842,
                    2.315045118331909
                ],
                [
                    1.4901162970204496e-08,
                    0.6895780563354492,
                    -0.7242112159729004,
                    -2.919389009475708
                ],
                [
                    0.0,
                    0.0,
                    0.0,
                    1.0
                ]
            ]
        },
        {
            "file_path": "/data/shapenet_blender/all_50_random/02958343/794fc3e07d3c5954514e3d96995c555d/r_25",
            "rotation": 0.12566370614359174,
            "transform_matrix": [
                [
                    -0.689694344997406,
                    -0.18265753984451294,
                    -0.7006839513778687,
                    -2.824547290802002
                ],
                [
                    -0.7241007089614868,
                    0.17397838830947876,
                    0.6673902869224548,
                    2.690336227416992
                ],
                [
                    -7.450580596923828e-09,
                    0.9676609635353088,
                    -0.25225433707237244,
                    -1.0168697834014893
                ],
                [
                    0.0,
                    0.0,
                    0.0,
                    1.0
                ]
            ]
        },
        {
            "file_path": "/data/shapenet_blender/all_50_random/02958343/794fc3e07d3c5954514e3d96995c555d/r_26",
            "rotation": 0.12566370614359174,
            "transform_matrix": [
                [
                    -0.955211877822876,
                    -0.16194212436676025,
                    -0.24767960608005524,
                    -0.9984284043312073
                ],
                [
                    -0.29592302441596985,
                    0.5227339863777161,
                    0.7994865775108337,
                    3.2228333950042725
                ],
                [
                    -1.4901162970204496e-08,
                    0.8369730114936829,
                    -0.5472440719604492,
                    -2.2060112953186035
                ],
                [
                    0.0,
                    0.0,
                    0.0,
                    1.0
                ]
            ]
        },
        {
            "file_path": "/data/shapenet_blender/all_50_random/02958343/794fc3e07d3c5954514e3d96995c555d/r_27",
            "rotation": 0.12566370614359174,
            "transform_matrix": [
                [
                    0.49363717436790466,
                    0.19875186681747437,
                    -0.846652090549469,
                    -3.412964344024658
                ],
                [
                    -0.8696679472923279,
                    0.11281467974185944,
                    -0.48057302832603455,
                    -1.9372520446777344
                ],
                [
                    0.0,
                    0.9735350608825684,
                    0.22853758931159973,
                    0.9212645888328552
                ],
                [
                    0.0,
                    0.0,
                    0.0,
                    1.0
                ]
            ]
        },
        {
            "file_path": "/data/shapenet_blender/all_50_random/02958343/794fc3e07d3c5954514e3d96995c555d/r_28",
            "rotation": 0.12566370614359174,
            "transform_matrix": [
                [
                    -0.06965366005897522,
                    0.2818778455257416,
                    0.9569185972213745,
                    3.857462167739868
                ],
                [
                    0.9975711703300476,
                    0.019681628793478012,
                    0.06681516766548157,
                    0.26934054493904114
                ],
                [
                    -1.8626450382086546e-09,
                    0.9592483639717102,
                    -0.2825641632080078,
                    -1.1390526294708252
                ],
                [
                    0.0,
                    0.0,
                    0.0,
                    1.0
                ]
            ]
        },
        {
            "file_path": "/data/shapenet_blender/all_50_random/02958343/794fc3e07d3c5954514e3d96995c555d/r_29",
            "rotation": 0.12566370614359174,
            "transform_matrix": [
                [
                    0.9984050393104553,
                    0.008899685926735401,
                    0.05575120449066162,
                    0.22474026679992676
                ],
                [
                    0.056457068771123886,
                    -0.1573849320411682,
                    -0.9859222769737244,
                    -3.974379301071167
                ],
                [
                    9.313224635931761e-10,
                    0.9874972105026245,
                    -0.157636359333992,
                    -0.635452389717102
                ],
                [
                    0.0,
                    0.0,
                    0.0,
                    1.0
                ]
            ]
        },
        {
            "file_path": "/data/shapenet_blender/all_50_random/02958343/794fc3e07d3c5954514e3d96995c555d/r_30",
            "rotation": 0.12566370614359174,
            "transform_matrix": [
                [
                    0.1101468950510025,
                    -0.05951136723160744,
                    0.9921320676803589,
                    3.9994122982025146
                ],
                [
                    0.993915319442749,
                    0.006595121696591377,
                    -0.1099492758512497,
                    -0.44321972131729126
                ],
                [
                    0.0,
                    0.998205840587616,
                    0.059875693172216415,
                    0.24136663973331451
                ],
                [
                    0.0,
                    0.0,
                    0.0,
                    1.0
                ]
            ]
        },
        {
            "file_path": "/data/shapenet_blender/all_50_random/02958343/794fc3e07d3c5954514e3d96995c555d/r_31",
            "rotation": 0.12566370614359174,
            "transform_matrix": [
                [
                    0.8977833986282349,
                    -0.21877266466617584,
                    -0.38226118683815,
                    -1.540944218635559
                ],
                [
                    -0.4404374659061432,
                    -0.44594407081604004,
                    -0.7791974544525146,
                    -3.141045570373535
                ],
                [
                    0.0,
                    0.8679126501083374,
                    -0.49671679735183716,
                    -2.0023295879364014
                ],
                [
                    0.0,
                    0.0,
                    0.0,
                    1.0
                ]
            ]
        },
        {
            "file_path": "/data/shapenet_blender/all_50_random/02958343/794fc3e07d3c5954514e3d96995c555d/r_32",
            "rotation": 0.12566370614359174,
            "transform_matrix": [
                [
                    -0.8141826391220093,
                    0.30244550108909607,
                    0.4956141412258148,
                    1.9978846311569214
                ],
                [
                    0.5806089043617249,
                    0.4241165518760681,
                    0.6949951648712158,
                    2.8016154766082764
                ],
                [
                    0.0,
                    0.8536110520362854,
                    -0.5209107995033264,
                    -2.0998587608337402
                ],
                [
                    0.0,
                    0.0,
                    0.0,
                    1.0
                ]
            ]
        },
        {
            "file_path": "/data/shapenet_blender/all_50_random/02958343/794fc3e07d3c5954514e3d96995c555d/r_33",
            "rotation": 0.12566370614359174,
            "transform_matrix": [
                [
                    0.2881978750228882,
                    0.5635432600975037,
                    0.774183988571167,
                    3.120835781097412
                ],
                [
                    0.9575709700584412,
                    -0.16960828006267548,
                    -0.23300431668758392,
                    -0.9392704963684082
                ],
                [
                    0.0,
                    0.8084873557090759,
                    -0.5885133743286133,
                    -2.372373580932617
                ],
                [
                    0.0,
                    0.0,
                    0.0,
                    1.0
                ]
            ]
        },
        {
            "file_path": "/data/shapenet_blender/all_50_random/02958343/794fc3e07d3c5954514e3d96995c555d/r_34",
            "rotation": 0.12566370614359174,
            "transform_matrix": [
                [
                    -0.8896443843841553,
                    -0.0595439113676548,
                    -0.45275524258613586,
                    -1.8251147270202637
                ],
                [
                    -0.4566538631916046,
                    0.11600230634212494,
                    0.8820491433143616,
                    3.5556538105010986
                ],
                [
                    -3.7252898543727042e-09,
                    0.9914625287055969,
                    -0.13039176166057587,
                    -0.525626003742218
                ],
                [
                    0.0,
                    0.0,
                    0.0,
                    1.0
                ]
            ]
        },
        {
            "file_path": "/data/shapenet_blender/all_50_random/02958343/794fc3e07d3c5954514e3d96995c555d/r_35",
            "rotation": 0.12566370614359174,
            "transform_matrix": [
                [
                    -0.951263964176178,
                    0.28234395384788513,
                    0.12401093542575836,
                    0.4999040961265564
                ],
                [
                    0.3083777129650116,
                    0.8709566593170166,
                    0.3825410008430481,
                    1.5420721769332886
                ],
                [
                    0.0,
                    0.40213966369628906,
                    -0.9155782461166382,
                    -3.690814256668091
                ],
                [
                    0.0,
                    0.0,
                    0.0,
                    1.0
                ]
            ]
        },
        {
            "file_path": "/data/shapenet_blender/all_50_random/02958343/794fc3e07d3c5954514e3d96995c555d/r_36",
            "rotation": 0.12566370614359174,
            "transform_matrix": [
                [
                    -0.6701281070709229,
                    -0.26626092195510864,
                    -0.6928443908691406,
                    -2.792945146560669
                ],
                [
                    -0.7422453761100769,
                    0.24039076268672943,
                    0.6255269646644592,
                    2.5215797424316406
                ],
                [
                    0.0,
                    0.9334437251091003,
                    -0.35872358083724976,
                    -1.4460610151290894
                ],
                [
                    0.0,
                    0.0,
                    0.0,
                    1.0
                ]
            ]
        },
        {
            "file_path": "/data/shapenet_blender/all_50_random/02958343/794fc3e07d3c5954514e3d96995c555d/r_37",
            "rotation": 0.12566370614359174,
            "transform_matrix": [
                [
                    -0.41017383337020874,
                    -0.8508003950119019,
                    0.3284755349159241,
                    1.324127197265625
                ],
                [
                    0.9120073914527893,
                    -0.3826460838317871,
                    0.14773133397102356,
                    0.5955240726470947
                ],
                [
                    0.0,
                    0.3601675033569336,
                    0.9328875541687012,
                    3.760590076446533
                ],
                [
                    0.0,
                    0.0,
                    0.0,
                    1.0
                ]
            ]
        },
        {
            "file_path": "/data/shapenet_blender/all_50_random/02958343/794fc3e07d3c5954514e3d96995c555d/r_38",
            "rotation": 0.12566370614359174,
            "transform_matrix": [
                [
                    0.6757723093032837,
                    -0.1905214786529541,
                    -0.7120627760887146,
                    -2.8704168796539307
                ],
                [
                    -0.7371104955673218,
                    -0.1746673434972763,
                    -0.6528089046478271,
                    -2.631556749343872
                ],
                [
                    7.450580596923828e-09,
                    0.9660191535949707,
                    -0.25847068428993225,
                    -1.0419286489486694
                ],
                [
                    0.0,
                    0.0,
                    0.0,
                    1.0
                ]
            ]
        },
        {
            "file_path": "/data/shapenet_blender/all_50_random/02958343/794fc3e07d3c5954514e3d96995c555d/r_39",
            "rotation": 0.12566370614359174,
            "transform_matrix": [
                [
                    0.7175599336624146,
                    -0.012509636580944061,
                    -0.6963843107223511,
                    -2.8072152137756348
                ],
                [
                    -0.6964967250823975,
                    -0.012887949123978615,
                    -0.717444121837616,
                    -2.8921101093292236
                ],
                [
                    -9.313225746154785e-10,
                    0.999838650226593,
                    -0.017960794270038605,
                    -0.07240228354930878
                ],
                [
                    0.0,
                    0.0,
                    0.0,
                    1.0
                ]
            ]
        },
        {
            "file_path": "/data/shapenet_blender/all_50_random/02958343/794fc3e07d3c5954514e3d96995c555d/r_40",
            "rotation": 0.12566370614359174,
            "transform_matrix": [
                [
                    0.9208472967147827,
                    0.3729875087738037,
                    -0.11366887390613556,
                    -0.4582138955593109
                ],
                [
                    -0.38992345333099365,
                    0.8808512091636658,
                    -0.2684415876865387,
                    -1.0821226835250854
                ],
                [
                    7.450580596923828e-09,
                    0.29151585698127747,
                    0.9565659761428833,
                    3.8560407161712646
                ],
                [
                    0.0,
                    0.0,
                    0.0,
                    1.0
                ]
            ]
        },
        {
            "file_path": "/data/shapenet_blender/all_50_random/02958343/794fc3e07d3c5954514e3d96995c555d/r_41",
            "rotation": 0.12566370614359174,
            "transform_matrix": [
                [
                    0.8617956638336182,
                    0.05800217017531395,
                    0.5039286017417908,
                    2.0314011573791504
                ],
                [
                    0.5072556734085083,
                    -0.09854205697774887,
                    -0.8561431765556335,
                    -3.451223611831665
                ],
