{
    "class": "02958343",
    "model": "8b090b8ab3172dad2d7a27ffaafaaddb",
    "remove_doubles": true,
    "edge_split": true,
    "denoise": true,
    "camera_angle_x": 0.6911112070083618,
    "scale_factor": 2.4569570882306726,
    "hdri_file": "/data/IndoorHDRDataset2018/9C4A0540-386d03b367.exr",
    "center_offset": [
        0.0,
        0.0,
        -1.862645149230957e-09
    ],
    "lights": [],
    "frames": [
        {
            "file_path": "/data/shapenet_blender/all_50_random/02958343/8b090b8ab3172dad2d7a27ffaafaaddb/r_0",
            "rotation": 0.12566370614359174,
            "transform_matrix": [
                [
                    0.03417331725358963,
                    0.1309233009815216,
                    -0.9908033609390259,
                    -3.994055986404419
                ],
                [
                    -0.999415934085846,
                    0.004476698115468025,
                    -0.03387882560491562,
                    -0.13656991720199585
                ],
                [
                    0.0,
                    0.9913823008537292,
                    0.1309998333454132,
                    0.528077244758606
                ],
                [
                    0.0,
                    0.0,
                    0.0,
                    1.0
                ]
            ]
        },
        {
            "file_path": "/data/shapenet_blender/all_50_random/02958343/8b090b8ab3172dad2d7a27ffaafaaddb/r_1",
            "rotation": 0.12566370614359174,
            "transform_matrix": [
                [
                    -0.5559359192848206,
                    -0.2387228012084961,
                    -0.79620760679245,
                    -3.209615707397461
                ],
                [
                    -0.8312251567840576,
                    0.1596614122390747,
                    0.5325156450271606,
                    2.146639585494995
                ],
                [
                    0.0,
                    0.9578723907470703,
                    -0.2871938943862915,
                    -1.1577157974243164
                ],
                [
                    0.0,
                    0.0,
                    0.0,
                    1.0
                ]
            ]
        },
        {
            "file_path": "/data/shapenet_blender/all_50_random/02958343/8b090b8ab3172dad2d7a27ffaafaaddb/r_2",
            "rotation": 0.12566370614359174,
            "transform_matrix": [
                [
                    0.1518407016992569,
                    -0.7007632255554199,
                    -0.6970475316047668,
                    -2.8098883628845215
                ],
                [
                    -0.9884049892425537,
                    -0.10765261203050613,
                    -0.10708180069923401,
                    -0.431660532951355
                ],
                [
                    0.0,
                    0.7052246332168579,
                    -0.7089838981628418,
                    -2.8580055236816406
                ],
                [
                    0.0,
                    0.0,
                    0.0,
                    1.0
                ]
            ]
        },
        {
            "file_path": "/data/shapenet_blender/all_50_random/02958343/8b090b8ab3172dad2d7a27ffaafaaddb/r_3",
            "rotation": 0.12566370614359174,
            "transform_matrix": [
                [
                    0.20229555666446686,
                    0.3456812798976898,
                    0.9162864685058594,
                    3.693669080734253
                ],
                [
                    0.979324460029602,
                    -0.07140614837408066,
                    -0.18927402794361115,
                    -0.7629880905151367
                ],
                [
                    0.0,
                    0.9356310963630676,
                    -0.35297930240631104,
                    -1.4229052066802979
                ],
                [
                    0.0,
                    0.0,
                    0.0,
                    1.0
                ]
            ]
        },
        {
            "file_path": "/data/shapenet_blender/all_50_random/02958343/8b090b8ab3172dad2d7a27ffaafaaddb/r_4",
            "rotation": 0.12566370614359174,
            "transform_matrix": [
                [
                    0.9723942279815674,
                    -0.055006202310323715,
                    0.2267681509256363,
                    0.9141316413879395
                ],
                [
                    0.23334412276744843,
                    0.22922243177890778,
                    -0.9449907541275024,
                    -3.8093795776367188
                ],
                [
                    7.450580596923828e-09,
                    0.9718185663223267,
                    0.23572993278503418,
                    0.9502577781677246
                ],
                [
                    0.0,
                    0.0,
                    0.0,
                    1.0
                ]
            ]
        },
        {
            "file_path": "/data/shapenet_blender/all_50_random/02958343/8b090b8ab3172dad2d7a27ffaafaaddb/r_5",
            "rotation": 0.12566370614359174,
            "transform_matrix": [
                [
                    -0.750877857208252,
                    -0.4835797846317291,
                    -0.44981440901756287,
                    -1.8132599592208862
                ],
                [
                    -0.6604411005973816,
                    0.5497982501983643,
                    0.5114092230796814,
                    2.061556816101074
                ],
                [
                    0.0,
                    0.6810818314552307,
                    -0.7322072386741638,
                    -2.9516220092773438
                ],
                [
                    0.0,
                    0.0,
                    0.0,
                    1.0
                ]
            ]
        },
        {
            "file_path": "/data/shapenet_blender/all_50_random/02958343/8b090b8ab3172dad2d7a27ffaafaaddb/r_6",
            "rotation": 0.12566370614359174,
            "transform_matrix": [
                [
                    -0.528379499912262,
                    0.12013715505599976,
                    -0.8404653072357178,
                    -3.38802433013916
                ],
                [
                    -0.8490082025527954,
                    -0.07476725429296494,
                    0.5230628848075867,
                    2.108534097671509
                ],
                [
                    7.450580152834618e-09,
                    0.9899377822875977,
                    0.14150290191173553,
                    0.5704165101051331
                ],
                [
                    0.0,
                    0.0,
                    0.0,
                    1.0
                ]
            ]
        },
        {
            "file_path": "/data/shapenet_blender/all_50_random/02958343/8b090b8ab3172dad2d7a27ffaafaaddb/r_7",
            "rotation": 0.12566370614359174,
            "transform_matrix": [
                [
                    0.9886249303817749,
                    -0.011047597043216228,
                    -0.14999611675739288,
                    -0.6046536564826965
                ],
                [
                    -0.15040241181850433,
                    -0.0726180449128151,
                    -0.9859542846679688,
                    -3.97450852394104
                ],
                [
                    9.313224635931761e-10,
                    0.9972985982894897,
                    -0.07345359772443771,
                    -0.296100914478302
                ],
                [
                    0.0,
                    0.0,
                    0.0,
                    1.0
                ]
            ]
        },
        {
            "file_path": "/data/shapenet_blender/all_50_random/02958343/8b090b8ab3172dad2d7a27ffaafaaddb/r_8",
            "rotation": 0.12566370614359174,
            "transform_matrix": [
                [
                    -0.9920000433921814,
                    -0.01979551650583744,
                    0.12467589974403381,
                    0.5025845766067505
                ],
                [
                    0.1262376308441162,
                    -0.1555570363998413,
                    0.9797276258468628,
                    3.9494078159332275
                ],
                [
                    -1.8626450382086546e-09,
                    0.9876285195350647,
                    0.15681153535842896,
                    0.6321274638175964
                ],
                [
                    0.0,
                    0.0,
                    0.0,
                    1.0
                ]
            ]
        },
        {
            "file_path": "/data/shapenet_blender/all_50_random/02958343/8b090b8ab3172dad2d7a27ffaafaaddb/r_9",
            "rotation": 0.12566370614359174,
            "transform_matrix": [
                [
                    0.9390571713447571,
                    -0.001314588007517159,
                    -0.34375861287117004,
                    -1.385735273361206
                ],
                [
                    -0.3437611758708954,
                    -0.0035910787992179394,
                    -0.9390502572059631,
                    -3.7854325771331787
                ],
                [
                    0.0,
                    0.9999927878379822,
                    -0.0038241317961364985,
                    -0.01541556790471077
                ],
                [
                    0.0,
                    0.0,
                    0.0,
                    1.0
                ]
            ]
        },
        {
            "file_path": "/data/shapenet_blender/all_50_random/02958343/8b090b8ab3172dad2d7a27ffaafaaddb/r_10",
            "rotation": 0.12566370614359174,
            "transform_matrix": [
                [
                    -0.7539685964584351,
                    0.2550496459007263,
                    0.6053768396377563,
                    2.440352201461792
                ],
                [
                    0.6569105982780457,
                    0.29273298382759094,
                    0.6948207020759583,
                    2.8009119033813477
                ],
                [
                    0.0,
                    0.9215514063835144,
                    -0.3882562518119812,
                    -1.5651110410690308
                ],
                [
                    0.0,
                    0.0,
                    0.0,
                    1.0
                ]
            ]
        },
        {
            "file_path": "/data/shapenet_blender/all_50_random/02958343/8b090b8ab3172dad2d7a27ffaafaaddb/r_11",
            "rotation": 0.12566370614359174,
            "transform_matrix": [
                [
                    -0.9842044115066528,
                    -0.10028862953186035,
                    -0.1458902209997177,
                    -0.5881023406982422
                ],
                [
                    -0.1770360767841339,
                    0.5575389862060547,
                    0.8110538721084595,
                    3.269463062286377
                ],
                [
                    7.450581485102248e-09,
                    0.8240706324577332,
                    -0.5664869546890259,
                    -2.2835822105407715
                ],
                [
                    0.0,
                    0.0,
                    0.0,
                    1.0
                ]
            ]
        },
        {
            "file_path": "/data/shapenet_blender/all_50_random/02958343/8b090b8ab3172dad2d7a27ffaafaaddb/r_12",
            "rotation": 0.12566370614359174,
            "transform_matrix": [
                [
                    0.592073917388916,
                    0.5509665608406067,
                    0.5881192684173584,
                    2.3707845211029053
                ],
                [
                    0.8058836460113525,
                    -0.40478911995887756,
                    -0.4320847988128662,
                    -1.7417895793914795
                ],
                [
                    0.0,
                    0.7297817468643188,
                    -0.6836801171302795,
                    -2.75600266456604
                ],
                [
                    0.0,
                    0.0,
                    0.0,
                    1.0
                ]
            ]
        },
        {
            "file_path": "/data/shapenet_blender/all_50_random/02958343/8b090b8ab3172dad2d7a27ffaafaaddb/r_13",
            "rotation": 0.12566370614359174,
            "transform_matrix": [
                [
                    0.9962098598480225,
                    0.04044286534190178,
                    -0.07700871676206589,
                    -0.3104320764541626
                ],
                [
                    -0.08698257803916931,
                    0.46319136023521423,
                    -0.8819794058799744,
                    -3.555372714996338
                ],
                [
                    0.0,
                    0.8853350281715393,
                    0.4649536609649658,
                    1.8742882013320923
                ],
                [
                    0.0,
                    0.0,
                    0.0,
                    1.0
                ]
            ]
        },
        {
            "file_path": "/data/shapenet_blender/all_50_random/02958343/8b090b8ab3172dad2d7a27ffaafaaddb/r_14",
            "rotation": 0.12566370614359174,
            "transform_matrix": [
                [
                    0.9443336725234985,
                    0.16435517370700836,
                    -0.284993439912796,
                    -1.1488454341888428
                ],
                [
                    -0.3289892077445984,
                    0.4717666208744049,
                    -0.8180477619171143,
                    -3.297656297683716
                ],
                [
                    1.4901161193847656e-08,
                    0.8662698864936829,
                    0.4995761215686798,
                    2.0138559341430664
                ],
                [
                    0.0,
                    0.0,
                    0.0,
                    1.0
                ]
            ]
        },
        {
            "file_path": "/data/shapenet_blender/all_50_random/02958343/8b090b8ab3172dad2d7a27ffaafaaddb/r_15",
            "rotation": 0.12566370614359174,
            "transform_matrix": [
                [
                    -0.1586659699678421,
                    -0.009172981604933739,
                    -0.9872897267341614,
                    -3.9798920154571533
                ],
                [
                    -0.9873323440551758,
                    0.0014741135528311133,
                    0.15865911543369293,
                    0.6395753622055054
                ],
                [
                    -1.1641531488804091e-10,
                    0.9999567866325378,
                    -0.009290672838687897,
                    -0.03745190054178238
                ],
                [
                    0.0,
                    0.0,
                    0.0,
                    1.0
                ]
            ]
        },
        {
            "file_path": "/data/shapenet_blender/all_50_random/02958343/8b090b8ab3172dad2d7a27ffaafaaddb/r_16",
            "rotation": 0.12566370614359174,
            "transform_matrix": [
                [
                    0.9485740661621094,
                    0.1557350754737854,
                    -0.27559733390808105,
                    -1.1109683513641357
                ],
                [
                    -0.316555380821228,
                    0.4666679799556732,
                    -0.8258411884307861,
                    -3.3290722370147705
                ],
                [
                    0.0,
                    0.870613157749176,
                    0.4919680058956146,
                    1.9831864833831787
                ],
                [
                    0.0,
                    0.0,
                    0.0,
                    1.0
                ]
            ]
        },
        {
            "file_path": "/data/shapenet_blender/all_50_random/02958343/8b090b8ab3172dad2d7a27ffaafaaddb/r_17",
            "rotation": 0.12566370614359174,
            "transform_matrix": [
                [
                    -0.8824011087417603,
                    -0.04807039350271225,
                    -0.46803590655326843,
                    -1.8867132663726807
                ],
                [
                    -0.47049808502197266,
                    0.09015417844057083,
                    0.8777833580970764,
                    3.5384581089019775
                ],
                [
                    0.0,
                    0.9947670102119446,
                    -0.10216914862394333,
                    -0.4118570387363434
                ],
                [
                    0.0,
                    0.0,
                    0.0,
                    1.0
                ]
            ]
        },
        {
            "file_path": "/data/shapenet_blender/all_50_random/02958343/8b090b8ab3172dad2d7a27ffaafaaddb/r_18",
            "rotation": 0.12566370614359174,
            "transform_matrix": [
                [
                    0.8012908697128296,
                    0.0765247717499733,
                    0.5933606624603271,
                    2.391913414001465
                ],
                [
                    0.5982749462127686,
                    -0.10249236226081848,
                    -0.7947090268135071,
                    -3.2035746574401855
                ],
                [
                    7.450580596923828e-09,
                    0.9917858242988586,
                    -0.12790906429290771,
                    -0.5156179070472717
                ],
                [
                    0.0,
                    0.0,
                    0.0,
                    1.0
                ]
            ]
        },
        {
            "file_path": "/data/shapenet_blender/all_50_random/02958343/8b090b8ab3172dad2d7a27ffaafaaddb/r_19",
            "rotation": 0.12566370614359174,
            "transform_matrix": [
                [
                    -0.6524316668510437,
                    -0.2836562693119049,
                    0.7027603387832642,
                    2.8329174518585205
                ],
                [
                    0.7578476071357727,
                    -0.2441999316215515,
                    0.605006992816925,
                    2.438861131668091
                ],
                [
                    -1.4901161193847656e-08,
                    0.9273108243942261,
                    0.3742920160293579,
                    1.508819341659546
                ],
                [
                    0.0,
                    0.0,
                    0.0,
                    1.0
                ]
            ]
        },
        {
            "file_path": "/data/shapenet_blender/all_50_random/02958343/8b090b8ab3172dad2d7a27ffaafaaddb/r_20",
            "rotation": 0.12566370614359174,
            "transform_matrix": [
                [
                    -0.9995279312133789,
                    0.00029214678215794265,
                    -0.03072202019393444,
                    -0.12384441494941711
                ],
                [
                    -0.030723409727215767,
                    -0.009504441171884537,
                    0.9994827508926392,
                    4.029043674468994
                ],
                [
                    2.9103826987286752e-11,
                    0.9999548196792603,
                    0.009508930146694183,
                    0.03833172097802162
                ],
                [
                    0.0,
                    0.0,
                    0.0,
                    1.0
                ]
            ]
        },
        {
            "file_path": "/data/shapenet_blender/all_50_random/02958343/8b090b8ab3172dad2d7a27ffaafaaddb/r_21",
            "rotation": 0.12566370614359174,
            "transform_matrix": [
                [
                    -0.19461894035339355,
                    -0.14374351501464844,
                    0.9702892303466797,
                    3.9113612174987793
                ],
                [
                    0.980879008769989,
                    -0.028520548716187477,
                    0.19251777231693268,
                    0.7760640382766724
                ],
                [
                    0.0,
                    0.9892038702964783,
                    0.1465456336736679,
                    0.5907443761825562
                ],
                [
                    0.0,
                    0.0,
                    0.0,
                    1.0
                ]
            ]
        },
        {
            "file_path": "/data/shapenet_blender/all_50_random/02958343/8b090b8ab3172dad2d7a27ffaafaaddb/r_22",
            "rotation": 0.12566370614359174,
            "transform_matrix": [
                [
                    0.894109845161438,
                    0.2504594027996063,
                    -0.371265172958374,
                    -1.4966177940368652
                ],
                [
                    -0.44784796237945557,
                    0.5000317692756653,
                    -0.7412154674530029,
                    -2.9879350662231445
                ],
                [
                    0.0,
                    0.8289982676506042,
                    0.559251070022583,
                    2.25441312789917
                ],
                [
                    0.0,
                    0.0,
                    0.0,
                    1.0
                ]
            ]
        },
        {
            "file_path": "/data/shapenet_blender/all_50_random/02958343/8b090b8ab3172dad2d7a27ffaafaaddb/r_23",
            "rotation": 0.12566370614359174,
            "transform_matrix": [
                [
                    0.9994760751724243,
                    -0.007278251927345991,
                    -0.03153663128614426,
                    -0.1271282434463501
                ],
                [
                    -0.03236560523509979,
                    -0.2247583121061325,
                    -0.9738768339157104,
                    -3.925823211669922
                ],
                [
                    4.656612873077393e-10,
                    0.9743872880935669,
                    -0.22487613558769226,
                    -0.90650475025177
                ],
                [
                    0.0,
                    0.0,
                    0.0,
                    1.0
                ]
            ]
        },
        {
            "file_path": "/data/shapenet_blender/all_50_random/02958343/8b090b8ab3172dad2d7a27ffaafaaddb/r_24",
            "rotation": 0.12566370614359174,
            "transform_matrix": [
                [
                    0.47200846672058105,
                    -0.03973673656582832,
                    -0.8806980848312378,
                    -3.5502071380615234
                ],
                [
                    -0.8815940618515015,
                    -0.02127518132328987,
                    -0.4715287387371063,
                    -1.9007929563522339
                ],
                [
                    1.862645149230957e-09,
                    0.9989835619926453,
                    -0.0450737401843071,
                    -0.1816980391740799
                ],
                [
                    0.0,
                    0.0,
                    0.0,
                    1.0
                ]
            ]
        },
        {
            "file_path": "/data/shapenet_blender/all_50_random/02958343/8b090b8ab3172dad2d7a27ffaafaaddb/r_25",
            "rotation": 0.12566370614359174,
            "transform_matrix": [
                [
                    0.8528332710266113,
                    -0.01188005693256855,
                    0.5220481157302856,
                    2.104443311691284
                ],
                [
                    0.5221832990646362,
                    0.01940258778631687,
                    -0.8526124954223633,
                    -3.436990976333618
                ],
                [
                    0.0,
                    0.9997411966323853,
                    0.022750739008188248,
                    0.09171116352081299
                ],
                [
                    0.0,
                    0.0,
                    0.0,
                    1.0
                ]
            ]
        },
        {
            "file_path": "/data/shapenet_blender/all_50_random/02958343/8b090b8ab3172dad2d7a27ffaafaaddb/r_26",
            "rotation": 0.12566370614359174,
            "transform_matrix": [
                [
                    0.9918571710586548,
                    0.03243153542280197,
                    -0.12315719574689865,
                    -0.49646252393722534
                ],
                [
                    -0.12735581398010254,
                    0.25257936120033264,
                    -0.9591580033302307,
                    -3.8664896488189697
                ],
                [
                    -1.862645371275562e-09,
                    0.9670324921607971,
                    0.2546529769897461,
                    1.0265389680862427
                ],
                [
                    0.0,
                    0.0,
                    0.0,
                    1.0
                ]
            ]
        },
        {
            "file_path": "/data/shapenet_blender/all_50_random/02958343/8b090b8ab3172dad2d7a27ffaafaaddb/r_27",
            "rotation": 0.12566370614359174,
            "transform_matrix": [
                [
                    0.6991365551948547,
                    -0.12030033767223358,
                    -0.7047948837280273,
                    -2.8411192893981934
                ],
                [
                    -0.7149881720542908,
                    -0.11763322353363037,
                    -0.6891692280769348,
                    -2.778130292892456
                ],
                [
                    -7.450580596923828e-09,
                    0.985743522644043,
                    -0.16825497150421143,
                    -0.6782575249671936
                ],
                [
                    0.0,
                    0.0,
                    0.0,
                    1.0
                ]
            ]
        },
        {
            "file_path": "/data/shapenet_blender/all_50_random/02958343/8b090b8ab3172dad2d7a27ffaafaaddb/r_28",
            "rotation": 0.12566370614359174,
            "transform_matrix": [
                [
                    0.4241361916065216,
                    0.09300118684768677,
                    -0.9008102416992188,
                    -3.6312825679779053
                ],
                [
                    -0.9055984616279602,
                    0.04355701431632042,
                    -0.4218936264514923,
                    -1.7007076740264893
                ],
                [
                    -3.725290298461914e-09,
                    0.994712769985199,
                    0.10269582271575928,
                    0.4139801263809204
                ],
                [
                    0.0,
                    0.0,
                    0.0,
                    1.0
                ]
            ]
        },
        {
            "file_path": "/data/shapenet_blender/all_50_random/02958343/8b090b8ab3172dad2d7a27ffaafaaddb/r_29",
            "rotation": 0.12566370614359174,
            "transform_matrix": [
                [
                    0.711713969707489,
                    0.16102252900600433,
                    0.6837653517723083,
                    2.7563462257385254
                ],
                [
                    0.7024694681167603,
                    -0.16314160823822021,
                    -0.6927637457847595,
                    -2.7926199436187744
                ],
                [
                    1.4901161193847656e-08,
                    0.9733737707138062,
                    -0.2292235791683197,
                    -0.9240298271179199
                ],
                [
                    0.0,
                    0.0,
                    0.0,
                    1.0
                ]
            ]
        },
        {
            "file_path": "/data/shapenet_blender/all_50_random/02958343/8b090b8ab3172dad2d7a27ffaafaaddb/r_30",
            "rotation": 0.12566370614359174,
            "transform_matrix": [
                [
                    0.49245014786720276,
                    -0.723983883857727,
                    0.48305296897888184,
                    1.9472488164901733
                ],
                [
                    0.8703407049179077,
                    0.4096395671367645,
                    -0.27331769466400146,
                    -1.1017788648605347
                ],
                [
                    -1.4901161193847656e-08,
                    0.5550159811973572,
                    0.8318396210670471,
                    3.35325288772583
                ],
                [
                    0.0,
                    0.0,
                    0.0,
                    1.0
                ]
            ]
        },
        {
            "file_path": "/data/shapenet_blender/all_50_random/02958343/8b090b8ab3172dad2d7a27ffaafaaddb/r_31",
            "rotation": 0.12566370614359174,
            "transform_matrix": [
                [
                    0.23200206458568573,
                    0.2679849863052368,
                    0.9350717067718506,
                    3.769394636154175
                ],
                [
                    0.9727153182029724,
                    -0.06391701847314835,
                    -0.2230236828327179,
                    -0.89903724193573
                ],
                [
                    -3.725290298461914e-09,
                    0.9613005518913269,
                    -0.27550193667411804,
                    -1.110583782196045
                ],
                [
                    0.0,
                    0.0,
                    0.0,
                    1.0
                ]
            ]
        },
        {
            "file_path": "/data/shapenet_blender/all_50_random/02958343/8b090b8ab3172dad2d7a27ffaafaaddb/r_32",
            "rotation": 0.12566370614359174,
            "transform_matrix": [
                [
                    -0.9355497360229492,
                    -0.012527684681117535,
                    -0.3529728055000305,
                    -1.4228788614273071
                ],
                [
                    -0.35319504141807556,
                    0.033183567225933075,
                    0.9349610805511475,
                    3.768948554992676
                ],
                [
                    0.0,
                    0.9993706345558167,
                    -0.035469602793455124,
                    -0.14298254251480103
                ],
                [
                    0.0,
                    0.0,
                    0.0,
                    1.0
                ]
            ]
        },
        {
            "file_path": "/data/shapenet_blender/all_50_random/02958343/8b090b8ab3172dad2d7a27ffaafaaddb/r_33",
            "rotation": 0.12566370614359174,
            "transform_matrix": [
                [
                    -0.7804681062698364,
                    0.5449919700622559,
                    -0.30635499954223633,
                    -1.2349565029144287
                ],
                [
                    -0.6251957416534424,
                    -0.6803450584411621,
                    0.3824406862258911,
                    1.5416676998138428
                ],
                [
                    0.0,
                    0.49001455307006836,
                    0.8717142343521118,
                    3.5139923095703125
                ],
                [
                    0.0,
                    0.0,
                    0.0,
                    1.0
                ]
            ]
        },
        {
            "file_path": "/data/shapenet_blender/all_50_random/02958343/8b090b8ab3172dad2d7a27ffaafaaddb/r_34",
            "rotation": 0.12566370614359174,
            "transform_matrix": [
                [
                    -0.9287156462669373,
                    -0.07784868776798248,
                    0.36252859234809875,
                    1.4613995552062988
                ],
                [
                    0.370792955160141,
                    -0.19498561322689056,
                    0.9080160856246948,
                    3.660329818725586
                ],
                [
                    0.0,
                    0.9777116179466248,
                    0.20995193719863892,
                    0.8463433384895325
                ],
                [
                    0.0,
                    0.0,
                    0.0,
                    1.0
                ]
            ]
        },
        {
            "file_path": "/data/shapenet_blender/all_50_random/02958343/8b090b8ab3172dad2d7a27ffaafaaddb/r_35",
            "rotation": 0.12566370614359174,
            "transform_matrix": [
                [
                    -0.30553388595581055,
                    0.05028262734413147,
                    -0.950852632522583,
                    -3.8330094814300537
                ],
                [
                    -0.9521812200546265,
                    -0.016134582459926605,
                    0.30510759353637695,
                    1.2299280166625977
                ],
                [
                    9.313225746154785e-10,
                    0.9986047148704529,
                    0.05280784144997597,
                    0.21287521719932556
                ],
                [
                    0.0,
                    0.0,
                    0.0,
                    1.0
                ]
            ]
        },
        {
            "file_path": "/data/shapenet_blender/all_50_random/02958343/8b090b8ab3172dad2d7a27ffaafaaddb/r_36",
            "rotation": 0.12566370614359174,
            "transform_matrix": [
                [
                    0.471330463886261,
                    0.002817271975800395,
                    0.881952166557312,
                    3.555263042449951
                ],
                [
                    0.8819567561149597,
                    -0.0015055909752845764,
                    -0.4713280200958252,
                    -1.8999841213226318
                ],
                [
                    0.0,
                    0.9999949336051941,
                    -0.0031943428330123425,
                    -0.012876808643341064
                ],
                [
                    0.0,
                    0.0,
                    0.0,
                    1.0
                ]
            ]
        },
        {
            "file_path": "/data/shapenet_blender/all_50_random/02958343/8b090b8ab3172dad2d7a27ffaafaaddb/r_37",
            "rotation": 0.12566370614359174,
            "transform_matrix": [
                [
                    0.5602099299430847,
                    -0.8063169121742249,
                    0.18978318572044373,
                    0.7650405168533325
                ],
                [
                    0.8283505439758301,
                    0.5453087091445923,
                    -0.12834957242012024,
                    -0.5173936486244202
                ],
                [
                    7.4505792646561986e-09,
                    0.22910988330841064,
                    0.9734006524085999,
                    3.923903465270996
                ],
                [
                    0.0,
                    0.0,
                    0.0,
                    1.0
                ]
            ]
        },
        {
            "file_path": "/data/shapenet_blender/all_50_random/02958343/8b090b8ab3172dad2d7a27ffaafaaddb/r_38",
            "rotation": 0.12566370614359174,
            "transform_matrix": [
                [
                    0.46321144700050354,
                    -0.5827807784080505,
                    -0.6676838397979736,
                    -2.6915197372436523
                ],
                [
                    -0.8862478137016296,
                    -0.3045995831489563,
                    -0.3489755094051361,
                    -1.4067652225494385
                ],
                [
                    0.0,
                    0.7533828020095825,
                    -0.65758216381073,
                    -2.6507985591888428
                ],
                [
                    0.0,
                    0.0,
                    0.0,
                    1.0
                ]
            ]
        },
        {
            "file_path": "/data/shapenet_blender/all_50_random/02958343/8b090b8ab3172dad2d7a27ffaafaaddb/r_39",
            "rotation": 0.12566370614359174,
            "transform_matrix": [
                [
                    -0.2832659184932709,
                    0.24400800466537476,
                    0.9274806976318359,
                    3.7387943267822266
                ],
                [
                    0.9590414762496948,
                    0.07207108289003372,
                    0.27394402027130127,
                    1.1043037176132202
                ],
                [
                    -7.450581485102248e-09,
                    0.96709144115448,
                    -0.25442904233932495,
                    -1.0256363153457642
                ],
                [
                    0.0,
                    0.0,
                    0.0,
                    1.0
                ]
            ]
        },
        {
            "file_path": "/data/shapenet_blender/all_50_random/02958343/8b090b8ab3172dad2d7a27ffaafaaddb/r_40",
            "rotation": 0.12566370614359174,
            "transform_matrix": [
                [
                    -0.9877455830574036,
                    0.13703273236751556,
                    0.07470434159040451,
                    0.3011428713798523
                ],
                [
                    0.15607278048992157,
                    0.8672458529472351,
                    0.472785085439682,
                    1.905857801437378
                ],
                [
                    7.450580596923828e-09,
                    0.47865059971809387,
                    -0.87800532579422,
                    -3.5393528938293457
                ],
                [
                    0.0,
                    0.0,
                    0.0,
                    1.0
                ]
            ]
        },
        {
            "file_path": "/data/shapenet_blender/all_50_random/02958343/8b090b8ab3172dad2d7a27ffaafaaddb/r_41",
            "rotation": 0.12566370614359174,
            "transform_matrix": [
                [
                    -0.7737776041030884,
                    0.38357001543045044,
                    -0.5041252970695496,
                    -2.032194137573242
                ],
                [
                    -0.6334574222564697,
                    -0.46853646636009216,
                    0.6157965064048767,
