{
    "class": "02958343",
    "model": "42af1d5d3b2524003e241901f2025878",
    "remove_doubles": true,
    "edge_split": true,
    "denoise": true,
    "camera_angle_x": 0.6911112070083618,
    "scale_factor": 2.245626659235327,
    "hdri_file": "/data/IndoorHDRDataset2018/AG8A7631-25a01d0d07.exr",
    "center_offset": [
        0.0,
        0.0,
        3.725290298461914e-09
    ],
    "lights": [],
    "frames": [
        {
            "file_path": "/data/shapenet_blender/all_50_random/02958343/42af1d5d3b2524003e241901f2025878/r_0",
            "rotation": 0.12566370614359174,
            "transform_matrix": [
                [
                    0.8315199613571167,
                    0.07612805813550949,
                    -0.5502537488937378,
                    -2.2181437015533447
                ],
                [
                    -0.555495023727417,
                    0.113956019282341,
                    -0.8236743211746216,
                    -3.3203372955322266
                ],
                [
                    0.0,
                    0.9905646443367004,
                    0.1370454728603363,
                    0.5524479746818542
                ],
                [
                    0.0,
                    0.0,
                    0.0,
                    1.0
                ]
            ]
        },
        {
            "file_path": "/data/shapenet_blender/all_50_random/02958343/42af1d5d3b2524003e241901f2025878/r_1",
            "rotation": 0.12566370614359174,
            "transform_matrix": [
                [
                    0.696083128452301,
                    -0.5402663946151733,
                    -0.47284290194511414,
                    -1.9060908555984497
                ],
                [
                    -0.7179610729217529,
                    -0.5238032341003418,
                    -0.4584342837333679,
                    -1.8480077981948853
                ],
                [
                    0.0,
                    0.6585912704467773,
                    -0.7525007724761963,
                    -3.0334279537200928
                ],
                [
                    0.0,
                    0.0,
                    0.0,
                    1.0
                ]
            ]
        },
        {
            "file_path": "/data/shapenet_blender/all_50_random/02958343/42af1d5d3b2524003e241901f2025878/r_2",
            "rotation": 0.12566370614359174,
            "transform_matrix": [
                [
                    -0.8822755813598633,
                    0.21035324037075043,
                    -0.4211190342903137,
                    -1.6975852251052856
                ],
                [
                    -0.4707332253456116,
                    -0.3942562937736511,
                    0.7892857789993286,
                    3.181713104248047
                ],
                [
                    -1.4901161193847656e-08,
                    0.8946024775505066,
                    0.4468628466129303,
                    1.8013619184494019
                ],
                [
                    0.0,
                    0.0,
                    0.0,
                    1.0
                ]
            ]
        },
        {
            "file_path": "/data/shapenet_blender/all_50_random/02958343/42af1d5d3b2524003e241901f2025878/r_3",
            "rotation": 0.12566370614359174,
            "transform_matrix": [
                [
                    0.6372644305229187,
                    0.638285219669342,
                    0.431840181350708,
                    1.7408033609390259
                ],
                [
                    0.7706453204154968,
                    -0.5278128385543823,
                    -0.35709863901138306,
                    -1.4395105838775635
                ],
                [
                    0.0,
                    0.5603618621826172,
                    -0.8282479047775269,
                    -3.3387739658355713
                ],
                [
                    0.0,
                    0.0,
                    0.0,
                    1.0
                ]
            ]
        },
        {
            "file_path": "/data/shapenet_blender/all_50_random/02958343/42af1d5d3b2524003e241901f2025878/r_4",
            "rotation": 0.12566370614359174,
            "transform_matrix": [
                [
                    -0.9929048418998718,
                    -0.06840313971042633,
                    -0.09726715832948685,
                    -0.39209645986557007
                ],
                [
                    -0.1189112588763237,
                    0.5711637735366821,
                    0.8121773600578308,
                    3.273991584777832
                ],
                [
                    -3.725290076417309e-09,
                    0.817980945110321,
                    -0.5752452611923218,
                    -2.318887710571289
                ],
                [
                    0.0,
                    0.0,
                    0.0,
                    1.0
                ]
            ]
        },
        {
            "file_path": "/data/shapenet_blender/all_50_random/02958343/42af1d5d3b2524003e241901f2025878/r_5",
            "rotation": 0.12566370614359174,
            "transform_matrix": [
                [
                    0.8572454452514648,
                    0.4869142770767212,
                    0.16746562719345093,
                    0.6750755310058594
                ],
                [
                    0.514907956123352,
                    -0.8106399774551392,
                    -0.2788054049015045,
                    -1.1239005327224731
                ],
                [
                    0.0,
                    0.3252340853214264,
                    -0.9456335306167603,
                    -3.8119707107543945
                ],
                [
                    0.0,
                    0.0,
                    0.0,
                    1.0
                ]
            ]
        },
        {
            "file_path": "/data/shapenet_blender/all_50_random/02958343/42af1d5d3b2524003e241901f2025878/r_6",
            "rotation": 0.12566370614359174,
            "transform_matrix": [
                [
                    -0.5240671634674072,
                    0.7638847827911377,
                    -0.37660813331604004,
                    -1.5181559324264526
                ],
                [
                    -0.8516769409179688,
                    -0.4700455069541931,
                    0.23174040019512177,
                    0.934175431728363
                ],
                [
                    0.0,
                    0.44219592213630676,
                    0.8969184756278992,
                    3.615593910217285
                ],
                [
                    0.0,
                    0.0,
                    0.0,
                    1.0
                ]
            ]
        },
        {
            "file_path": "/data/shapenet_blender/all_50_random/02958343/42af1d5d3b2524003e241901f2025878/r_7",
            "rotation": 0.12566370614359174,
            "transform_matrix": [
                [
                    -1.0,
                    -5.194812183617614e-05,
                    -7.322166493395343e-05,
                    -0.00029516592621803284
                ],
                [
                    -8.977761171991006e-05,
                    0.5786311626434326,
                    0.8155893683433533,
                    3.287745475769043
                ],
                [
                    3.637978373410844e-12,
                    0.8155892491340637,
                    -0.5786312818527222,
                    -2.3325369358062744
                ],
                [
                    0.0,
                    0.0,
                    0.0,
                    1.0
                ]
            ]
        },
        {
            "file_path": "/data/shapenet_blender/all_50_random/02958343/42af1d5d3b2524003e241901f2025878/r_8",
            "rotation": 0.12566370614359174,
            "transform_matrix": [
                [
                    0.47257545590400696,
                    -0.019031092524528503,
                    0.8810847401618958,
                    3.5517659187316895
                ],
                [
                    0.8812902569770813,
                    0.010205067694187164,
                    -0.4724652171134949,
                    -1.904568076133728
                ],
                [
                    0.0,
                    0.9997667074203491,
                    0.0215945802628994,
                    0.08705053478479385
                ],
                [
                    0.0,
                    0.0,
                    0.0,
                    1.0
                ]
            ]
        },
        {
            "file_path": "/data/shapenet_blender/all_50_random/02958343/42af1d5d3b2524003e241901f2025878/r_9",
            "rotation": 0.12566370614359174,
            "transform_matrix": [
                [
                    -0.7922604084014893,
                    -0.44755011796951294,
                    0.4147556722164154,
                    1.671933650970459
                ],
                [
                    0.6101830005645752,
                    -0.581098198890686,
                    0.5385178923606873,
                    2.170835018157959
                ],
                [
                    2.9802320611338473e-08,
                    0.67972332239151,
                    0.7334685921669006,
                    2.9567065238952637
                ],
                [
                    0.0,
                    0.0,
                    0.0,
                    1.0
                ]
            ]
        },
        {
            "file_path": "/data/shapenet_blender/all_50_random/02958343/42af1d5d3b2524003e241901f2025878/r_10",
            "rotation": 0.12566370614359174,
            "transform_matrix": [
                [
                    -0.6043448448181152,
                    0.020443107932806015,
                    0.7964605093002319,
                    3.21063494682312
                ],
                [
                    0.7967227697372437,
                    0.015506880357861519,
                    0.6041458249092102,
                    2.435389757156372
                ],
                [
                    9.313225191043273e-10,
                    0.999670684337616,
                    -0.025658996775746346,
                    -0.103434719145298
                ],
                [
                    0.0,
                    0.0,
                    0.0,
                    1.0
                ]
            ]
        },
        {
            "file_path": "/data/shapenet_blender/all_50_random/02958343/42af1d5d3b2524003e241901f2025878/r_11",
            "rotation": 0.12566370614359174,
            "transform_matrix": [
                [
                    0.9385987520217896,
                    0.22189320623874664,
                    -0.26418909430503845,
                    -1.0649802684783936
                ],
                [
                    -0.3450108468532562,
                    0.6036584377288818,
                    -0.7187239527702332,
                    -2.8972690105438232
                ],
                [
                    1.4901161193847656e-08,
                    0.7657414674758911,
                    0.6431485414505005,
                    2.5926146507263184
                ],
                [
                    0.0,
                    0.0,
                    0.0,
                    1.0
                ]
            ]
        },
        {
            "file_path": "/data/shapenet_blender/all_50_random/02958343/42af1d5d3b2524003e241901f2025878/r_12",
            "rotation": 0.12566370614359174,
            "transform_matrix": [
                [
                    -0.8447301983833313,
                    0.33898887038230896,
                    0.41414669156074524,
                    1.6694788932800293
                ],
                [
                    0.5351924896240234,
                    0.5350488424301147,
                    0.6536754965782166,
                    2.6350505352020264
                ],
                [
                    1.4901162970204496e-08,
                    0.7738276124000549,
                    -0.6333960890769958,
                    -2.5533015727996826
                ],
                [
                    0.0,
                    0.0,
                    0.0,
                    1.0
                ]
            ]
        },
        {
            "file_path": "/data/shapenet_blender/all_50_random/02958343/42af1d5d3b2524003e241901f2025878/r_13",
            "rotation": 0.12566370614359174,
            "transform_matrix": [
                [
                    -0.457256555557251,
                    -0.3561663329601288,
                    -0.8148999810218811,
                    -3.2849669456481934
                ],
                [
                    -0.8893348574638367,
                    0.18312494456768036,
                    0.4189854562282562,
                    1.6889843940734863
                ],
                [
                    0.0,
                    0.9163028001785278,
                    -0.40048617124557495,
                    -1.6144113540649414
                ],
                [
                    0.0,
                    0.0,
                    0.0,
                    1.0
                ]
            ]
        },
        {
            "file_path": "/data/shapenet_blender/all_50_random/02958343/42af1d5d3b2524003e241901f2025878/r_14",
            "rotation": 0.12566370614359174,
            "transform_matrix": [
                [
                    -0.022146210074424744,
                    -0.34146302938461304,
                    0.9396342039108276,
                    3.7877867221832275
                ],
                [
                    0.999754786491394,
                    -0.007563967257738113,
                    0.0208144411444664,
                    0.08390569686889648
                ],
                [
                    0.0,
                    0.9398646354675293,
                    0.3415468633174896,
                    1.3768194913864136
                ],
                [
                    0.0,
                    0.0,
                    0.0,
                    1.0
                ]
            ]
        },
        {
            "file_path": "/data/shapenet_blender/all_50_random/02958343/42af1d5d3b2524003e241901f2025878/r_15",
            "rotation": 0.12566370614359174,
            "transform_matrix": [
                [
                    -0.8745041489601135,
                    0.10562146455049515,
                    0.4733780026435852,
                    1.908247709274292
                ],
                [
                    0.48501819372177124,
                    0.19043906033039093,
                    0.8535164594650269,
                    3.4406349658966064
                ],
                [
                    -7.450581485102248e-09,
                    0.9760004281997681,
                    -0.2177681177854538,
                    -0.8778513669967651
                ],
                [
                    0.0,
                    0.0,
                    0.0,
                    1.0
                ]
            ]
        },
        {
            "file_path": "/data/shapenet_blender/all_50_random/02958343/42af1d5d3b2524003e241901f2025878/r_16",
            "rotation": 0.12566370614359174,
            "transform_matrix": [
                [
                    -0.8170976638793945,
                    -0.3683878481388092,
                    0.4434429705142975,
                    1.7875759601593018
                ],
                [
                    0.5764992237091064,
                    -0.5221322774887085,
                    0.6285111904144287,
                    2.5336098670959473
                ],
                [
                    0.0,
                    0.7691996097564697,
                    0.6390084028244019,
                    2.575925588607788
                ],
                [
                    0.0,
                    0.0,
                    0.0,
                    1.0
                ]
            ]
        },
        {
            "file_path": "/data/shapenet_blender/all_50_random/02958343/42af1d5d3b2524003e241901f2025878/r_17",
            "rotation": 0.12566370614359174,
            "transform_matrix": [
                [
                    -0.9944360256195068,
                    -0.0783659890294075,
                    -0.07039667665958405,
                    -0.2837781012058258
                ],
                [
                    -0.10534191876649857,
                    0.7397810816764832,
                    0.6645501255989075,
                    2.678887367248535
                ],
                [
                    0.0,
                    0.6682683229446411,
                    -0.7439202070236206,
                    -2.998838424682617
                ],
                [
                    0.0,
                    0.0,
                    0.0,
                    1.0
                ]
            ]
        },
        {
            "file_path": "/data/shapenet_blender/all_50_random/02958343/42af1d5d3b2524003e241901f2025878/r_18",
            "rotation": 0.12566370614359174,
            "transform_matrix": [
                [
                    -0.8959192037582397,
                    0.33799242973327637,
                    -0.2882532775402069,
                    -1.1619861125946045
                ],
                [
                    -0.44421711564064026,
                    -0.6816799640655518,
                    0.5813635587692261,
                    2.3435513973236084
                ],
                [
                    0.0,
                    0.648901641368866,
                    0.7608721256256104,
                    3.067173719406128
                ],
                [
                    0.0,
                    0.0,
                    0.0,
                    1.0
                ]
            ]
        },
        {
            "file_path": "/data/shapenet_blender/all_50_random/02958343/42af1d5d3b2524003e241901f2025878/r_19",
            "rotation": 0.12566370614359174,
            "transform_matrix": [
                [
                    -0.1277610957622528,
                    0.498537540435791,
                    -0.8574014902114868,
                    -3.456295967102051
                ],
                [
                    -0.9918049573898315,
                    -0.06421998888254166,
                    0.11044768244028091,
                    0.44522884488105774
                ],
                [
                    0.0,
                    0.8644859194755554,
                    0.502656877040863,
                    2.0262746810913086
                ],
                [
                    0.0,
                    0.0,
                    0.0,
                    1.0
                ]
            ]
        },
        {
            "file_path": "/data/shapenet_blender/all_50_random/02958343/42af1d5d3b2524003e241901f2025878/r_20",
            "rotation": 0.12566370614359174,
            "transform_matrix": [
                [
                    0.2465619146823883,
                    0.9213409423828125,
                    -0.30056244134902954,
                    -1.2116057872772217
                ],
                [
                    -0.9691271185874939,
                    0.23440434038639069,
                    -0.07646804302930832,
                    -0.3082525134086609
                ],
                [
                    0.0,
                    0.31013748049736023,
                    0.9506918787956238,
                    3.8323609828948975
                ],
                [
                    0.0,
                    0.0,
                    0.0,
                    1.0
                ]
            ]
        },
        {
            "file_path": "/data/shapenet_blender/all_50_random/02958343/42af1d5d3b2524003e241901f2025878/r_21",
            "rotation": 0.12566370614359174,
            "transform_matrix": [
                [
                    0.8850266933441162,
                    -0.1885523498058319,
                    0.42564764618873596,
                    1.7158405780792236
                ],
                [
                    0.46554049849510193,
                    0.35845187306404114,
                    -0.8091874718666077,
                    -3.26193904876709
                ],
                [
                    0.0,
                    0.9143086075782776,
                    0.4050181806087494,
                    1.6326805353164673
                ],
                [
                    0.0,
                    0.0,
                    0.0,
                    1.0
                ]
            ]
        },
        {
            "file_path": "/data/shapenet_blender/all_50_random/02958343/42af1d5d3b2524003e241901f2025878/r_22",
            "rotation": 0.12566370614359174,
            "transform_matrix": [
                [
                    -0.9800543189048767,
                    0.02806726098060608,
                    -0.19673801958560944,
                    -0.7930763363838196
                ],
                [
                    -0.19873002171516418,
                    -0.13841612637043,
                    0.9702305793762207,
                    3.9111244678497314
                ],
                [
                    1.862645149230957e-09,
                    0.9899764060974121,
                    0.14123311638832092,
                    0.5693289041519165
                ],
                [
                    0.0,
                    0.0,
                    0.0,
                    1.0
                ]
            ]
        },
        {
            "file_path": "/data/shapenet_blender/all_50_random/02958343/42af1d5d3b2524003e241901f2025878/r_23",
            "rotation": 0.12566370614359174,
            "transform_matrix": [
                [
                    -0.3393116891384125,
                    -0.5237115621566772,
                    0.781404972076416,
                    3.149944305419922
                ],
                [
                    0.9406740665435791,
                    -0.1889086365699768,
                    0.2818615436553955,
                    1.1362202167510986
                ],
                [
                    0.0,
                    0.8306862115859985,
                    0.5567407608032227,
                    2.244293689727783
                ],
                [
                    0.0,
                    0.0,
                    0.0,
                    1.0
                ]
            ]
        },
        {
            "file_path": "/data/shapenet_blender/all_50_random/02958343/42af1d5d3b2524003e241901f2025878/r_24",
            "rotation": 0.12566370614359174,
            "transform_matrix": [
                [
                    -0.3700619041919708,
                    -0.7236887216567993,
                    0.5825194120407104,
                    2.3482108116149902
                ],
                [
                    0.9290069937705994,
                    -0.2882751524448395,
                    0.23204158246517181,
                    0.935389518737793
                ],
                [
                    0.0,
                    0.6270344257354736,
                    0.7789915204048157,
                    3.1402151584625244
                ],
                [
                    0.0,
                    0.0,
                    0.0,
                    1.0
                ]
            ]
        },
        {
            "file_path": "/data/shapenet_blender/all_50_random/02958343/42af1d5d3b2524003e241901f2025878/r_25",
            "rotation": 0.12566370614359174,
            "transform_matrix": [
                [
                    0.13196085393428802,
                    0.9354761838912964,
                    0.3278273642063141,
                    1.321514368057251
                ],
                [
                    0.9912549257278442,
                    -0.12453531473875046,
                    -0.04364203289151192,
                    -0.17592665553092957
                ],
                [
                    0.0,
                    0.33071938157081604,
                    -0.9437291026115417,
                    -3.804293632507324
                ],
                [
                    0.0,
                    0.0,
                    0.0,
                    1.0
                ]
            ]
        },
        {
            "file_path": "/data/shapenet_blender/all_50_random/02958343/42af1d5d3b2524003e241901f2025878/r_26",
            "rotation": 0.12566370614359174,
            "transform_matrix": [
                [
                    -0.13208143413066864,
                    -0.3968640863895416,
                    -0.9083244800567627,
                    -3.6615731716156006
                ],
                [
                    -0.9912388920783997,
                    0.05288167670369148,
                    0.12103317677974701,
                    0.48790034651756287
                ],
                [
                    0.0,
                    0.9163527488708496,
                    -0.400371789932251,
                    -1.613950252532959
                ],
                [
                    0.0,
                    0.0,
                    0.0,
                    1.0
                ]
            ]
        },
        {
            "file_path": "/data/shapenet_blender/all_50_random/02958343/42af1d5d3b2524003e241901f2025878/r_27",
            "rotation": 0.12566370614359174,
            "transform_matrix": [
                [
                    -0.9200267195701599,
                    -0.024400901049375534,
                    -0.39109498262405396,
                    -1.5765544176101685
                ],
                [
                    -0.3918554484844208,
                    0.0572902113199234,
                    0.9182412624359131,
                    3.7015490531921387
                ],
                [
                    1.8626450382086546e-09,
                    0.9980593323707581,
                    -0.0622701533138752,
                    -0.25101903080940247
                ],
                [
                    0.0,
                    0.0,
                    0.0,
                    1.0
                ]
            ]
        },
        {
            "file_path": "/data/shapenet_blender/all_50_random/02958343/42af1d5d3b2524003e241901f2025878/r_28",
            "rotation": 0.12566370614359174,
            "transform_matrix": [
                [
                    0.3834957778453827,
                    -0.102469302713871,
                    -0.9178404211997986,
                    -3.6999330520629883
                ],
                [
                    -0.9235427379608154,
                    -0.04254978522658348,
                    -0.3811279237270355,
                    -1.5363757610321045
                ],
                [
                    0.0,
                    0.9938256740570068,
                    -0.11095244437456131,
                    -0.44726359844207764
                ],
                [
                    0.0,
                    0.0,
                    0.0,
                    1.0
                ]
            ]
        },
        {
            "file_path": "/data/shapenet_blender/all_50_random/02958343/42af1d5d3b2524003e241901f2025878/r_29",
            "rotation": 0.12566370614359174,
            "transform_matrix": [
                [
                    0.9982523322105408,
                    0.013096228241920471,
                    -0.05762646719813347,
                    -0.23229971528053284
                ],
                [
                    -0.05909586697816849,
                    0.22122260928153992,
                    -0.9734311699867249,
                    -3.9240264892578125
                ],
                [
                    9.313225746154785e-10,
                    0.9751353859901428,
                    0.2216099202632904,
                    0.893338143825531
                ],
                [
                    0.0,
                    0.0,
                    0.0,
                    1.0
                ]
            ]
        },
        {
            "file_path": "/data/shapenet_blender/all_50_random/02958343/42af1d5d3b2524003e241901f2025878/r_30",
            "rotation": 0.12566370614359174,
            "transform_matrix": [
                [
                    0.9391806721687317,
                    -0.26395222544670105,
                    -0.21970176696777344,
                    -0.8856461048126221
                ],
                [
                    -0.343423455953598,
                    -0.7218459248542786,
                    -0.6008315682411194,
                    -2.422029495239258
                ],
                [
                    0.0,
                    0.6397402286529541,
                    -0.7685912251472473,
                    -3.098290205001831
                ],
                [
                    0.0,
                    0.0,
                    0.0,
                    1.0
                ]
            ]
        },
        {
            "file_path": "/data/shapenet_blender/all_50_random/02958343/42af1d5d3b2524003e241901f2025878/r_31",
            "rotation": 0.12566370614359174,
            "transform_matrix": [
                [
                    0.6661232113838196,
                    -0.2784214913845062,
                    0.6919257640838623,
                    2.7892417907714844
                ],
                [
                    0.7458416819572449,
                    0.24866271018981934,
                    -0.6179700493812561,
                    -2.491117000579834
                ],
                [
                    0.0,
                    0.9277113676071167,
                    0.3732983469963074,
                    1.5048136711120605
                ],
                [
                    0.0,
                    0.0,
                    0.0,
                    1.0
                ]
            ]
        },
        {
            "file_path": "/data/shapenet_blender/all_50_random/02958343/42af1d5d3b2524003e241901f2025878/r_32",
            "rotation": 0.12566370614359174,
            "transform_matrix": [
                [
                    -0.9214239716529846,
                    -0.3686044216156006,
                    -0.12291695922613144,
                    -0.49549412727355957
                ],
                [
                    -0.38855865597724915,
                    0.8741047382354736,
                    0.291483998298645,
                    1.1750097274780273
                ],
                [
                    0.0,
                    0.3163408935070038,
                    -0.9486455321311951,
                    -3.8241126537323
                ],
                [
                    0.0,
                    0.0,
                    0.0,
                    1.0
                ]
            ]
        },
        {
            "file_path": "/data/shapenet_blender/all_50_random/02958343/42af1d5d3b2524003e241901f2025878/r_33",
            "rotation": 0.12566370614359174,
            "transform_matrix": [
                [
                    -0.9977953433990479,
                    -0.02871391363441944,
                    0.0598333403468132,
                    0.2411959171295166
                ],
                [
                    0.0663665384054184,
                    -0.4317026138305664,
                    0.8995711803436279,
                    3.6262874603271484
                ],
                [
                    0.0,
                    0.9015588164329529,
                    0.43265649676322937,
                    1.7440941333770752
                ],
                [
                    0.0,
                    0.0,
                    0.0,
                    1.0
                ]
            ]
        },
        {
            "file_path": "/data/shapenet_blender/all_50_random/02958343/42af1d5d3b2524003e241901f2025878/r_34",
            "rotation": 0.12566370614359174,
            "transform_matrix": [
                [
                    0.8291110992431641,
                    -0.429019033908844,
                    0.3584934175014496,
                    1.4451332092285156
                ],
                [
                    0.5590839982032776,
                    0.6362271308898926,
                    -0.531639039516449,
                    -2.1431055068969727
                ],
                [
                    2.980232594040899e-08,
                    0.6412156820297241,
                    0.7673606276512146,
                    3.093329668045044
                ],
                [
                    0.0,
                    0.0,
                    0.0,
                    1.0
                ]
            ]
        },
        {
            "file_path": "/data/shapenet_blender/all_50_random/02958343/42af1d5d3b2524003e241901f2025878/r_35",
            "rotation": 0.12566370614359174,
            "transform_matrix": [
                [
                    0.20513568818569183,
                    -0.666187584400177,
                    0.7170171141624451,
                    2.890388011932373
                ],
                [
                    0.9787335395812988,
                    0.13962824642658234,
                    -0.15028175711631775,
                    -0.6058050394058228
                ],
                [
                    0.0,
                    0.7325968742370605,
                    0.6806629300117493,
                    2.743839740753174
                ],
                [
                    0.0,
                    0.0,
                    0.0,
                    1.0
                ]
            ]
        },
        {
            "file_path": "/data/shapenet_blender/all_50_random/02958343/42af1d5d3b2524003e241901f2025878/r_36",
            "rotation": 0.12566370614359174,
            "transform_matrix": [
                [
                    0.9488235116004944,
                    -0.11293522268533707,
                    0.29492273926734924,
                    1.1888717412948608
                ],
                [
                    0.3158065676689148,
                    0.3393076956272125,
                    -0.8860791921615601,
                    -3.571899652481079
                ],
                [
                    -7.450580152834618e-09,
                    0.9338713884353638,
                    0.357608824968338,
                    1.4415674209594727
                ],
                [
                    0.0,
                    0.0,
                    0.0,
                    1.0
                ]
            ]
        },
        {
            "file_path": "/data/shapenet_blender/all_50_random/02958343/42af1d5d3b2524003e241901f2025878/r_37",
            "rotation": 0.12566370614359174,
            "transform_matrix": [
                [
                    -0.019348178058862686,
                    -0.48653265833854675,
                    -0.8734481334686279,
                    -3.520982027053833
                ],
                [
                    -0.9998128414154053,
                    0.009415282867848873,
                    0.016902795061469078,
                    0.06813734769821167
                ],
                [
                    -9.313225746154785e-10,
                    0.8736116886138916,
                    -0.48662370443344116,
                    -1.961642861366272
                ],
                [
                    0.0,
                    0.0,
                    0.0,
                    1.0
                ]
            ]
        },
        {
            "file_path": "/data/shapenet_blender/all_50_random/02958343/42af1d5d3b2524003e241901f2025878/r_38",
            "rotation": 0.12566370614359174,
            "transform_matrix": [
                [
                    -0.6032077670097351,
                    0.3989112675189972,
                    -0.6906592845916748,
                    -2.7841365337371826
                ],
                [
                    -0.7975841164588928,
                    -0.30169403553009033,
                    0.5223411917686462,
                    2.1056246757507324
                ],
                [
                    0.0,
                    0.8659391403198242,
                    0.5001494288444519,
                    2.016166925430298
                ],
                [
                    0.0,
                    0.0,
                    0.0,
                    1.0
                ]
            ]
        },
        {
            "file_path": "/data/shapenet_blender/all_50_random/02958343/42af1d5d3b2524003e241901f2025878/r_39",
            "rotation": 0.12566370614359174,
            "transform_matrix": [
                [
                    0.073258176445961,
                    -0.03726926073431969,
                    -0.9966164827346802,
                    -4.017488956451416
                ],
                [
                    -0.9973130822181702,
                    -0.0027376338839530945,
                    -0.07320700585842133,
                    -0.2951068580150604
                ],
                [
                    0.0,
                    0.9993014931678772,
                    -0.037369679659605026,
                    -0.15064197778701782
                ],
                [
                    0.0,
                    0.0,
                    0.0,
                    1.0
                ]
            ]
        },
        {
            "file_path": "/data/shapenet_blender/all_50_random/02958343/42af1d5d3b2524003e241901f2025878/r_40",
            "rotation": 0.12566370614359174,
            "transform_matrix": [
                [
                    -0.4606879949569702,
                    -0.7179883122444153,
                    -0.521784782409668,
                    -2.103381872177124
                ],
                [
                    -0.8875622153282166,
                    0.37267088890075684,
                    0.2708317041397095,
                    1.0917576551437378
                ],
                [
                    0.0,
                    0.5878854393959045,
                    -0.8089441657066345,
                    -3.260958433151245
                ],
                [
                    0.0,
                    0.0,
                    0.0,
                    1.0
                ]
            ]
        },
        {
            "file_path": "/data/shapenet_blender/all_50_random/02958343/42af1d5d3b2524003e241901f2025878/r_41",
            "rotation": 0.12566370614359174,
            "transform_matrix": [
                [
                    0.9993029832839966,
                    0.012304042465984821,
                    -0.035244688391685486,
                    -0.14207589626312256
                ],
                [
                    -0.03733065724372864,
                    0.32936641573905945,
                    -0.9434638023376465,
                    -3.803224563598633
                ],
                [
                    -9.313225746154785e-10,
                    0.9441219568252563,
                    0.3295961618423462,
                    1.3286447525024414
