{
    "class": "02958343",
    "model": "eb575f66bedfeaf629ebc23acefb248a",
    "remove_doubles": true,
    "edge_split": true,
    "denoise": true,
    "camera_angle_x": 0.6911112070083618,
    "scale_factor": 2.2087536981041063,
    "hdri_file": "/data/IndoorHDRDataset2018/9C4A1948-d05cab6f1f.exr",
    "center_offset": [
        0.0,
        0.0,
        -3.725290298461914e-09
    ],
    "lights": [],
    "frames": [
        {
            "file_path": "/data/shapenet_blender/all_50_random/02958343/eb575f66bedfeaf629ebc23acefb248a/r_0",
            "rotation": 0.12566370614359174,
            "transform_matrix": [
                [
                    -0.5129880905151367,
                    0.019182343035936356,
                    -0.858181357383728,
                    -3.459439754486084
                ],
                [
                    -0.8583956956863403,
                    -0.011463609524071217,
                    0.5128600001335144,
                    2.0674047470092773
                ],
                [
                    9.313224635931761e-10,
                    0.9997503757476807,
                    0.022346733137965202,
                    0.0900825634598732
                ],
                [
                    0.0,
                    0.0,
                    0.0,
                    1.0
                ]
            ]
        },
        {
            "file_path": "/data/shapenet_blender/all_50_random/02958343/eb575f66bedfeaf629ebc23acefb248a/r_1",
            "rotation": 0.12566370614359174,
            "transform_matrix": [
                [
                    0.39347541332244873,
                    -0.3177005648612976,
                    -0.8626954555511475,
                    -3.4776365756988525
                ],
                [
                    -0.9193352460861206,
                    -0.13597582280635834,
                    -0.3692336082458496,
                    -1.4884282350540161
                ],
                [
                    -7.450581485102248e-09,
                    0.9383904933929443,
                    -0.3455764949321747,
                    -1.3930634260177612
                ],
                [
                    0.0,
                    0.0,
                    0.0,
                    1.0
                ]
            ]
        },
        {
            "file_path": "/data/shapenet_blender/all_50_random/02958343/eb575f66bedfeaf629ebc23acefb248a/r_2",
            "rotation": 0.12566370614359174,
            "transform_matrix": [
                [
                    0.998583972454071,
                    -0.020784173160791397,
                    -0.04897041618824005,
                    -0.1974060833454132
                ],
                [
                    -0.05319853127002716,
                    -0.39013752341270447,
                    -0.9192184805870056,
                    -3.705488443374634
                ],
                [
                    0.0,
                    0.9205219745635986,
                    -0.39069071412086487,
                    -1.5749247074127197
                ],
                [
                    0.0,
                    0.0,
                    0.0,
                    1.0
                ]
            ]
        },
        {
            "file_path": "/data/shapenet_blender/all_50_random/02958343/eb575f66bedfeaf629ebc23acefb248a/r_3",
            "rotation": 0.12566370614359174,
            "transform_matrix": [
                [
                    0.8965555429458618,
                    -0.030959559604525566,
                    -0.44184795022010803,
                    -1.7811462879180908
                ],
                [
                    -0.44293129444122314,
                    -0.06266651302576065,
                    -0.8943626284599304,
                    -3.6052916049957275
                ],
                [
                    1.862645149230957e-09,
                    0.9975541234016418,
                    -0.06989697366952896,
                    -0.2817637324333191
                ],
                [
                    0.0,
                    0.0,
                    0.0,
                    1.0
                ]
            ]
        },
        {
            "file_path": "/data/shapenet_blender/all_50_random/02958343/eb575f66bedfeaf629ebc23acefb248a/r_4",
            "rotation": 0.12566370614359174,
            "transform_matrix": [
                [
                    -0.30889013409614563,
                    -0.12132537364959717,
                    -0.9433276057243347,
                    -3.802675247192383
                ],
                [
                    -0.9510977268218994,
                    0.03940311074256897,
                    0.30636662244796753,
                    1.2350033521652222
                ],
                [
                    -3.725290298461914e-09,
                    0.9918304085731506,
                    -0.1275635063648224,
                    -0.5142249464988708
                ],
                [
                    0.0,
                    0.0,
                    0.0,
                    1.0
                ]
            ]
        },
        {
            "file_path": "/data/shapenet_blender/all_50_random/02958343/eb575f66bedfeaf629ebc23acefb248a/r_5",
            "rotation": 0.12566370614359174,
            "transform_matrix": [
                [
                    0.43932631611824036,
                    -0.3869118094444275,
                    0.8107352256774902,
                    3.2681782245635986
                ],
                [
                    0.8983275294303894,
                    0.1892188936471939,
                    -0.39648938179016113,
                    -1.5982998609542847
                ],
                [
                    0.0,
                    0.9024940729141235,
                    0.4307023286819458,
                    1.73621666431427
                ],
                [
                    0.0,
                    0.0,
                    0.0,
                    1.0
                ]
            ]
        },
        {
            "file_path": "/data/shapenet_blender/all_50_random/02958343/eb575f66bedfeaf629ebc23acefb248a/r_6",
            "rotation": 0.12566370614359174,
            "transform_matrix": [
                [
                    -0.9680303931236267,
                    0.004563525784760714,
                    0.25079146027565,
                    1.0109727382659912
                ],
                [
                    0.25083300471305847,
                    0.017611844465136528,
                    0.9678701758384705,
                    3.901609182357788
                ],
                [
                    0.0,
                    0.9998344779014587,
                    -0.018193483352661133,
                    -0.0733402743935585
                ],
                [
                    0.0,
                    0.0,
                    0.0,
                    1.0
                ]
            ]
        },
        {
            "file_path": "/data/shapenet_blender/all_50_random/02958343/eb575f66bedfeaf629ebc23acefb248a/r_7",
            "rotation": 0.12566370614359174,
            "transform_matrix": [
                [
                    -0.9923065900802612,
                    0.07298571616411209,
                    0.1000036895275116,
                    0.4031277894973755
                ],
                [
                    0.12380490452051163,
                    0.5849865674972534,
                    0.8015378713607788,
                    3.231102705001831
                ],
                [
                    0.0,
                    0.8077523112297058,
                    -0.5895219445228577,
                    -2.376439094543457
                ],
                [
                    0.0,
                    0.0,
                    0.0,
                    1.0
                ]
            ]
        },
        {
            "file_path": "/data/shapenet_blender/all_50_random/02958343/eb575f66bedfeaf629ebc23acefb248a/r_8",
            "rotation": 0.12566370614359174,
            "transform_matrix": [
                [
                    0.8557769656181335,
                    -0.42682987451553345,
                    -0.292339026927948,
                    -1.1784563064575195
                ],
                [
                    -0.5173450708389282,
                    -0.706049382686615,
                    -0.483578622341156,
                    -1.949367642402649
                ],
                [
                    0.0,
                    0.5650755763053894,
                    -0.8250391483306885,
                    -3.325839042663574
                ],
                [
                    0.0,
                    0.0,
                    0.0,
                    1.0
                ]
            ]
        },
        {
            "file_path": "/data/shapenet_blender/all_50_random/02958343/eb575f66bedfeaf629ebc23acefb248a/r_9",
            "rotation": 0.12566370614359174,
            "transform_matrix": [
                [
                    0.6667274236679077,
                    -0.2565213739871979,
                    -0.699765145778656,
                    -2.8208436965942383
                ],
                [
                    -0.7453016042709351,
                    -0.22947731614112854,
                    -0.6259916424751282,
                    -2.5234532356262207
                ],
                [
                    0.0,
                    0.938901960849762,
                    -0.34418460726737976,
                    -1.3874526023864746
                ],
                [
                    0.0,
                    0.0,
                    0.0,
                    1.0
                ]
            ]
        },
        {
            "file_path": "/data/shapenet_blender/all_50_random/02958343/eb575f66bedfeaf629ebc23acefb248a/r_10",
            "rotation": 0.12566370614359174,
            "transform_matrix": [
                [
                    -0.5122191905975342,
                    0.02469935268163681,
                    0.8584995865821838,
                    3.4607222080230713
                ],
                [
                    0.8588547706604004,
                    0.01473064161837101,
                    0.5120073556900024,
                    2.06396746635437
                ],
                [
                    9.313225746154785e-10,
                    0.9995863437652588,
                    -0.028758475556969643,
                    -0.11592911183834076
                ],
                [
                    0.0,
                    0.0,
                    0.0,
                    1.0
                ]
            ]
        },
        {
            "file_path": "/data/shapenet_blender/all_50_random/02958343/eb575f66bedfeaf629ebc23acefb248a/r_11",
            "rotation": 0.12566370614359174,
            "transform_matrix": [
                [
                    0.7509284615516663,
                    0.5068378448486328,
                    0.42334601283073425,
                    1.7065625190734863
                ],
                [
                    0.6603835225105286,
                    -0.5763301849365234,
                    -0.4813908040523529,
                    -1.9405485391616821
                ],
                [
                    0.0,
                    0.6410608291625977,
                    -0.7674899697303772,
                    -3.093851327896118
                ],
                [
                    0.0,
                    0.0,
                    0.0,
                    1.0
                ]
            ]
        },
        {
            "file_path": "/data/shapenet_blender/all_50_random/02958343/eb575f66bedfeaf629ebc23acefb248a/r_12",
            "rotation": 0.12566370614359174,
            "transform_matrix": [
                [
                    0.16972416639328003,
                    -0.04854116216301918,
                    -0.9842953085899353,
                    -3.9678215980529785
                ],
                [
                    -0.9854916334152222,
                    -0.008359896950423717,
                    -0.1695181280374527,
                    -0.6833494901657104
                ],
                [
                    0.0,
                    0.9987860918045044,
                    -0.04925578832626343,
                    -0.19855645298957825
                ],
                [
                    0.0,
                    0.0,
                    0.0,
                    1.0
                ]
            ]
        },
        {
            "file_path": "/data/shapenet_blender/all_50_random/02958343/eb575f66bedfeaf629ebc23acefb248a/r_13",
            "rotation": 0.12566370614359174,
            "transform_matrix": [
                [
                    -0.757440447807312,
                    -0.5036789774894714,
                    0.4154413342475891,
                    1.674697756767273
                ],
                [
                    0.6529042720794678,
                    -0.5843227505683899,
                    0.4819573760032654,
                    1.9428324699401855
                ],
                [
                    2.9802322387695312e-08,
                    0.6362974047660828,
                    0.7714437246322632,
                    3.1097893714904785
                ],
                [
                    0.0,
                    0.0,
                    0.0,
                    1.0
                ]
            ]
        },
        {
            "file_path": "/data/shapenet_blender/all_50_random/02958343/eb575f66bedfeaf629ebc23acefb248a/r_14",
            "rotation": 0.12566370614359174,
            "transform_matrix": [
                [
                    -0.028549913316965103,
                    -0.7386244535446167,
                    -0.6735122203826904,
                    -2.715014934539795
                ],
                [
                    -0.9995923638343811,
                    0.02109626494348049,
                    0.019236557185649872,
                    0.07754504680633545
                ],
                [
                    0.0,
                    0.6737869381904602,
                    -0.738925576210022,
                    -2.9787044525146484
                ],
                [
                    0.0,
                    0.0,
                    0.0,
                    1.0
                ]
            ]
        },
        {
            "file_path": "/data/shapenet_blender/all_50_random/02958343/eb575f66bedfeaf629ebc23acefb248a/r_15",
            "rotation": 0.12566370614359174,
            "transform_matrix": [
                [
                    0.45930683612823486,
                    0.384818434715271,
                    -0.800594687461853,
                    -3.2273006439208984
                ],
                [
                    -0.8882777094841003,
                    0.19898028671741486,
                    -0.4139680862426758,
                    -1.6687588691711426
                ],
                [
                    1.4901161193847656e-08,
                    0.9012888669967651,
                    0.4332185983657837,
                    1.746360182762146
                ],
                [
                    0.0,
                    0.0,
                    0.0,
                    1.0
                ]
            ]
        },
        {
            "file_path": "/data/shapenet_blender/all_50_random/02958343/eb575f66bedfeaf629ebc23acefb248a/r_16",
            "rotation": 0.12566370614359174,
            "transform_matrix": [
                [
                    0.674005389213562,
                    -0.48461663722991943,
                    -0.5575513243675232,
                    -2.24756121635437
                ],
                [
                    -0.7387264966964722,
                    -0.4421585202217102,
                    -0.5087032914161682,
                    -2.0506484508514404
                ],
                [
                    0.0,
                    0.7547464966773987,
                    -0.6560164093971252,
                    -2.644486665725708
                ],
                [
                    0.0,
                    0.0,
                    0.0,
                    1.0
                ]
            ]
        },
        {
            "file_path": "/data/shapenet_blender/all_50_random/02958343/eb575f66bedfeaf629ebc23acefb248a/r_17",
            "rotation": 0.12566370614359174,
            "transform_matrix": [
                [
                    0.9986871480941772,
                    0.012801557779312134,
                    -0.049600351601839066,
                    -0.19994543492794037
                ],
                [
                    -0.05122573301196098,
                    0.24957676231861115,
                    -0.9669990539550781,
                    -3.8980982303619385
                ],
                [
                    9.31322685637781e-10,
                    0.9682703018188477,
                    0.2499048411846161,
                    1.0073987245559692
                ],
                [
                    0.0,
                    0.0,
                    0.0,
                    1.0
                ]
            ]
        },
        {
            "file_path": "/data/shapenet_blender/all_50_random/02958343/eb575f66bedfeaf629ebc23acefb248a/r_18",
            "rotation": 0.12566370614359174,
            "transform_matrix": [
                [
                    -0.9836475253105164,
                    0.07278139889240265,
                    0.16474367678165436,
                    0.664103090763092
                ],
                [
                    0.18010446429252625,
                    0.3974984288215637,
                    0.8997539281845093,
                    3.6270244121551514
                ],
                [
                    -7.450581485102248e-09,
                    0.9147117733955383,
                    -0.40410658717155457,
                    -1.6290059089660645
                ],
                [
                    0.0,
                    0.0,
                    0.0,
                    1.0
                ]
            ]
        },
        {
            "file_path": "/data/shapenet_blender/all_50_random/02958343/eb575f66bedfeaf629ebc23acefb248a/r_19",
            "rotation": 0.12566370614359174,
            "transform_matrix": [
                [
                    -0.23612000048160553,
                    0.5295839905738831,
                    -0.8147318959236145,
                    -3.2842893600463867
                ],
                [
                    -0.9717238545417786,
                    -0.12868404388427734,
                    0.1979723870754242,
                    0.798052191734314
                ],
                [
                    1.4901161193847656e-08,
                    0.8384395837783813,
                    0.5449943542480469,
                    2.1969425678253174
                ],
                [
                    0.0,
                    0.0,
                    0.0,
                    1.0
                ]
            ]
        },
        {
            "file_path": "/data/shapenet_blender/all_50_random/02958343/eb575f66bedfeaf629ebc23acefb248a/r_20",
            "rotation": 0.12566370614359174,
            "transform_matrix": [
                [
                    -0.682783305644989,
                    0.6583333611488342,
                    -0.31686627864837646,
                    -1.2773287296295166
                ],
                [
                    -0.7306210398674011,
                    -0.6152286529541016,
                    0.2961192727088928,
                    1.193694829940796
                ],
                [
                    -1.4901159417490817e-08,
                    0.43369460105895996,
                    0.9010601043701172,
                    3.632288932800293
                ],
                [
                    0.0,
                    0.0,
                    0.0,
                    1.0
                ]
            ]
        },
        {
            "file_path": "/data/shapenet_blender/all_50_random/02958343/eb575f66bedfeaf629ebc23acefb248a/r_21",
            "rotation": 0.12566370614359174,
            "transform_matrix": [
                [
                    -0.6396445035934448,
                    0.040188517421483994,
                    0.7676195502281189,
                    3.0943732261657715
                ],
                [
                    0.7686707973480225,
                    0.03344261273741722,
                    0.6387696266174316,
                    2.574962615966797
                ],
                [
                    0.0,
                    0.9986322522163391,
                    -0.05228312686085701,
                    -0.21076001226902008
                ],
                [
                    0.0,
                    0.0,
                    0.0,
                    1.0
                ]
            ]
        },
        {
            "file_path": "/data/shapenet_blender/all_50_random/02958343/eb575f66bedfeaf629ebc23acefb248a/r_22",
            "rotation": 0.12566370614359174,
            "transform_matrix": [
                [
                    -0.6718895435333252,
                    -0.28566330671310425,
                    0.683345377445221,
                    2.7546534538269043
                ],
                [
                    0.7406514286994934,
                    -0.25914236903190613,
                    0.6199037432670593,
                    2.4989120960235596
                ],
                [
                    -1.4901162970204496e-08,
                    0.9226275682449341,
                    0.38569194078445435,
                    1.5547740459442139
                ],
                [
                    0.0,
                    0.0,
                    0.0,
                    1.0
                ]
            ]
        },
        {
            "file_path": "/data/shapenet_blender/all_50_random/02958343/eb575f66bedfeaf629ebc23acefb248a/r_23",
            "rotation": 0.12566370614359174,
            "transform_matrix": [
                [
                    -0.5223425030708313,
                    0.621635377407074,
                    -0.5837188959121704,
                    -2.353046178817749
                ],
                [
                    -0.8527358770370483,
                    -0.3807820975780487,
                    0.35755643248558044,
                    1.4413560628890991
                ],
                [
                    1.4901162970204496e-08,
                    0.6845248937606812,
                    0.7289894223213196,
                    2.938650369644165
                ],
                [
                    0.0,
                    0.0,
                    0.0,
                    1.0
                ]
            ]
        },
        {
            "file_path": "/data/shapenet_blender/all_50_random/02958343/eb575f66bedfeaf629ebc23acefb248a/r_24",
            "rotation": 0.12566370614359174,
            "transform_matrix": [
                [
                    -0.5126211047172546,
                    0.15514616668224335,
                    0.8444817066192627,
                    3.40421462059021
                ],
                [
                    0.8586150407791138,
                    0.09262730926275253,
                    0.5041830539703369,
                    2.0324268341064453
                ],
                [
                    0.0,
                    0.983539342880249,
                    -0.18069353699684143,
                    -0.7283989191055298
                ],
                [
                    0.0,
                    0.0,
                    0.0,
                    1.0
                ]
            ]
        },
        {
            "file_path": "/data/shapenet_blender/all_50_random/02958343/eb575f66bedfeaf629ebc23acefb248a/r_25",
            "rotation": 0.12566370614359174,
            "transform_matrix": [
                [
                    0.422364205121994,
                    -0.7232977151870728,
                    -0.5463046431541443,
                    -2.2022247314453125
                ],
                [
                    -0.9064262509346008,
                    -0.3370324671268463,
                    -0.25455963611602783,
                    -1.02616286277771
                ],
                [
                    0.0,
                    0.6027016639709473,
                    -0.797966480255127,
                    -3.2167060375213623
                ],
                [
                    0.0,
                    0.0,
                    0.0,
                    1.0
                ]
            ]
        },
        {
            "file_path": "/data/shapenet_blender/all_50_random/02958343/eb575f66bedfeaf629ebc23acefb248a/r_26",
            "rotation": 0.12566370614359174,
            "transform_matrix": [
                [
                    0.892728328704834,
                    -0.0941464826464653,
                    -0.44065022468566895,
                    -1.776317834854126
                ],
                [
                    -0.4505953788757324,
                    -0.18652482330799103,
                    -0.8730247616767883,
                    -3.519275426864624
                ],
                [
                    7.450580596923828e-09,
                    0.977928876876831,
                    -0.20893795788288116,
                    -0.8422558307647705
                ],
                [
                    0.0,
                    0.0,
                    0.0,
                    1.0
                ]
            ]
        },
        {
            "file_path": "/data/shapenet_blender/all_50_random/02958343/eb575f66bedfeaf629ebc23acefb248a/r_27",
            "rotation": 0.12566370614359174,
            "transform_matrix": [
                [
                    -0.9442841410636902,
                    0.3141668438911438,
                    0.09811629354953766,
                    0.3955194354057312
                ],
                [
                    0.3291316628456116,
                    0.9013498425483704,
                    0.2814972400665283,
                    1.1347516775131226
                ],
                [
                    0.0,
                    0.29810643196105957,
                    -0.9545326232910156,
                    -3.847844123840332
                ],
                [
                    0.0,
                    0.0,
                    0.0,
                    1.0
                ]
            ]
        },
        {
            "file_path": "/data/shapenet_blender/all_50_random/02958343/eb575f66bedfeaf629ebc23acefb248a/r_28",
            "rotation": 0.12566370614359174,
            "transform_matrix": [
                [
                    -0.9956899881362915,
                    0.02916606515645981,
                    -0.08803868293762207,
                    -0.35489529371261597
                ],
                [
                    -0.09274409711360931,
                    -0.313123494386673,
                    0.9451731443405151,
                    3.810114860534668
                ],
                [
                    1.8626450382086546e-09,
                    0.9492644667625427,
                    0.31447890400886536,
                    1.267704963684082
                ],
                [
                    0.0,
                    0.0,
                    0.0,
                    1.0
                ]
            ]
        },
        {
            "file_path": "/data/shapenet_blender/all_50_random/02958343/eb575f66bedfeaf629ebc23acefb248a/r_29",
            "rotation": 0.12566370614359174,
            "transform_matrix": [
                [
                    0.0715629979968071,
                    -0.8448272943496704,
                    0.5302314162254333,
                    2.1374311447143555
                ],
                [
                    0.9974361062049866,
                    0.060613784939050674,
                    -0.03804248943924904,
                    -0.15335418283939362
                ],
                [
                    0.0,
                    0.5315943360328674,
                    0.8469990491867065,
                    3.4143624305725098
                ],
                [
                    0.0,
                    0.0,
                    0.0,
                    1.0
                ]
            ]
        },
        {
            "file_path": "/data/shapenet_blender/all_50_random/02958343/eb575f66bedfeaf629ebc23acefb248a/r_30",
            "rotation": 0.12566370614359174,
            "transform_matrix": [
                [
                    -0.46483656764030457,
                    -0.4416886866092682,
                    0.7673578858375549,
                    3.093318462371826
                ],
                [
                    0.8853964805603027,
                    -0.23188826441764832,
                    0.40286582708358765,
                    1.6240041255950928
                ],
                [
                    0.0,
                    0.8666826486587524,
                    0.4988597631454468,
                    2.010967969894409
                ],
                [
                    0.0,
                    0.0,
                    0.0,
                    1.0
                ]
            ]
        },
        {
            "file_path": "/data/shapenet_blender/all_50_random/02958343/eb575f66bedfeaf629ebc23acefb248a/r_31",
            "rotation": 0.12566370614359174,
            "transform_matrix": [
                [
                    -0.21244487166404724,
                    -0.4149777591228485,
                    0.884680986404419,
                    3.566263437271118
                ],
                [
                    0.9771730899810791,
                    -0.09021931141614914,
                    0.19233636558055878,
                    0.7753327488899231
                ],
                [
                    -7.450581485102248e-09,
                    0.9053473472595215,
                    0.4246716797351837,
                    1.7119064331054688
                ],
                [
                    0.0,
                    0.0,
                    0.0,
                    1.0
                ]
            ]
        },
        {
            "file_path": "/data/shapenet_blender/all_50_random/02958343/eb575f66bedfeaf629ebc23acefb248a/r_32",
            "rotation": 0.12566370614359174,
            "transform_matrix": [
                [
                    -0.9732275605201721,
                    -0.017850173637270927,
                    -0.2291497141122818,
                    -0.9237320423126221
                ],
                [
                    -0.22984391450881958,
                    0.07558295130729675,
                    0.970288097858429,
                    3.9113564491271973
                ],
                [
                    0.0,
                    0.9969797134399414,
                    -0.0776621624827385,
                    -0.31306618452072144
                ],
                [
                    0.0,
                    0.0,
                    0.0,
                    1.0
                ]
            ]
        },
        {
            "file_path": "/data/shapenet_blender/all_50_random/02958343/eb575f66bedfeaf629ebc23acefb248a/r_33",
            "rotation": 0.12566370614359174,
            "transform_matrix": [
                [
                    0.300249844789505,
                    -0.6432029008865356,
                    -0.7043720483779907,
                    -2.839414596557617
                ],
                [
                    -0.9538607001304626,
                    -0.2024630904197693,
                    -0.22171750664710999,
                    -0.8937718868255615
                ],
                [
                    0.0,
                    0.7384434342384338,
                    -0.6743154525756836,
                    -2.718252420425415
                ],
                [
                    0.0,
                    0.0,
                    0.0,
                    1.0
                ]
            ]
        },
        {
            "file_path": "/data/shapenet_blender/all_50_random/02958343/eb575f66bedfeaf629ebc23acefb248a/r_34",
            "rotation": 0.12566370614359174,
            "transform_matrix": [
                [
                    -0.572882354259491,
                    0.7696214914321899,
                    0.28193697333335876,
                    1.1365243196487427
                ],
                [
                    0.819637656211853,
                    0.5379237532615662,
                    0.19705870747566223,
                    0.7943690419197083
                ],
                [
                    1.4901162970204496e-08,
                    0.34397751092910767,
                    -0.938977837562561,
                    -3.7851407527923584
                ],
                [
                    0.0,
                    0.0,
                    0.0,
                    1.0
                ]
            ]
        },
        {
            "file_path": "/data/shapenet_blender/all_50_random/02958343/eb575f66bedfeaf629ebc23acefb248a/r_35",
            "rotation": 0.12566370614359174,
            "transform_matrix": [
                [
                    0.6758617758750916,
                    -0.4037986099720001,
                    -0.6165691018104553,
                    -2.4854698181152344
                ],
                [
                    -0.7370284795761108,
                    -0.3702870011329651,
                    -0.5653994679450989,
                    -2.279198408126831
                ],
                [
                    0.0,
                    0.836560845375061,
                    -0.547873854637146,
                    -2.208550453186035
                ],
                [
                    0.0,
                    0.0,
                    0.0,
                    1.0
                ]
            ]
        },
        {
            "file_path": "/data/shapenet_blender/all_50_random/02958343/eb575f66bedfeaf629ebc23acefb248a/r_36",
            "rotation": 0.12566370614359174,
            "transform_matrix": [
                [
                    0.9035508036613464,
                    -0.06529752910137177,
                    -0.42347636818885803,
                    -1.7070878744125366
                ],
                [
                    -0.4284810721874237,
                    -0.137694850564003,
                    -0.8929972052574158,
                    -3.5997869968414307
                ],
                [
                    -3.725290742551124e-09,
                    0.9883199334144592,
                    -0.15239302814006805,
                    -0.614315927028656
                ],
                [
                    0.0,
                    0.0,
                    0.0,
                    1.0
                ]
            ]
        },
        {
            "file_path": "/data/shapenet_blender/all_50_random/02958343/eb575f66bedfeaf629ebc23acefb248a/r_37",
            "rotation": 0.12566370614359174,
            "transform_matrix": [
                [
                    0.9768558144569397,
                    -0.12756285071372986,
                    0.1716986745595932,
                    0.6921395063400269
                ],
                [
                    0.21389885246753693,
                    0.5825673937797546,
                    -0.7841315865516663,
                    -3.160935640335083
                ],
                [
                    1.4901161193847656e-08,
                    0.802709698677063,
                    0.5963699221611023,
                    2.4040441513061523
                ],
                [
                    0.0,
                    0.0,
                    0.0,
                    1.0
                ]
            ]
        },
        {
            "file_path": "/data/shapenet_blender/all_50_random/02958343/eb575f66bedfeaf629ebc23acefb248a/r_38",
            "rotation": 0.12566370614359174,
            "transform_matrix": [
                [
                    -0.786461353302002,
                    0.5817875266075134,
                    0.20736916363239288,
                    0.8359318375587463
                ],
                [
                    0.6176396012306213,
                    0.7408096790313721,
                    0.264050155878067,
                    1.064420223236084
                ],
                [
                    1.4901161193847656e-08,
                    0.33574455976486206,
                    -0.9419530630111694,
                    -3.7971341609954834
                ],
                [
                    0.0,
                    0.0,
                    0.0,
                    1.0
                ]
            ]
        },
        {
            "file_path": "/data/shapenet_blender/all_50_random/02958343/eb575f66bedfeaf629ebc23acefb248a/r_39",
            "rotation": 0.12566370614359174,
            "transform_matrix": [
                [
                    0.6862662434577942,
                    0.39505863189697266,
                    -0.6107105016708374,
                    -2.461852788925171
                ],
                [
                    -0.7273504734039307,
                    0.3727438449859619,
                    -0.5762146711349487,
                    -2.3227956295013428
                ],
                [
                    0.0,
                    0.8396372199058533,
                    0.5431475639343262,
                    2.189497947692871
                ],
                [
                    0.0,
                    0.0,
                    0.0,
                    1.0
                ]
            ]
        },
        {
            "file_path": "/data/shapenet_blender/all_50_random/02958343/eb575f66bedfeaf629ebc23acefb248a/r_40",
            "rotation": 0.12566370614359174,
            "transform_matrix": [
                [
                    -0.9778180718421936,
                    -0.07165080308914185,
                    0.19681963324546814,
                    0.793405294418335
                ],
                [
                    0.20945598185062408,
                    -0.3344924747943878,
                    0.9188269376754761,
                    3.7039098739624023
                ],
                [
                    0.0,
                    0.9396706223487854,
                    0.3420804738998413,
                    1.3789705038070679
                ],
                [
                    0.0,
                    0.0,
                    0.0,
                    1.0
                ]
            ]
        },
        {
            "file_path": "/data/shapenet_blender/all_50_random/02958343/eb575f66bedfeaf629ebc23acefb248a/r_41",
            "rotation": 0.12566370614359174,
            "transform_matrix": [
                [
                    0.9398153424263,
                    0.11883863061666489,
                    -0.320350706577301,
                    -1.2913750410079956
                ],
                [
                    -0.34168288111686707,
                    0.326871395111084,
                    -0.8811401128768921,
                    -3.5519893169403076
                ],
                [
                    0.0,
