{
    "class": "02958343",
    "model": "55c545ac0d94ea16becf71e2e014ff6f",
    "remove_doubles": true,
    "edge_split": true,
    "denoise": true,
    "camera_angle_x": 0.6911112070083618,
    "scale_factor": 2.346352037361018,
    "hdri_file": "/data/IndoorHDRDataset2018/AG8A9772-9fb9aa4491.exr",
    "center_offset": [
        0.0,
        0.0,
        2.7939677238464355e-09
    ],
    "lights": [],
    "frames": [
        {
            "file_path": "/data/shapenet_blender/all_50_random/02958343/55c545ac0d94ea16becf71e2e014ff6f/r_0",
            "rotation": 0.12566370614359174,
            "transform_matrix": [
                [
                    -0.6965713500976562,
                    -0.02292615920305252,
                    -0.7171211838722229,
                    -2.890807867050171
                ],
                [
                    -0.7174875736236572,
                    0.022257812321186066,
                    0.6962155699729919,
                    2.806534767150879
                ],
                [
                    0.0,
                    0.9994893074035645,
                    -0.03195338696241379,
                    -0.12880823016166687
                ],
                [
                    0.0,
                    0.0,
                    0.0,
                    1.0
                ]
            ]
        },
        {
            "file_path": "/data/shapenet_blender/all_50_random/02958343/55c545ac0d94ea16becf71e2e014ff6f/r_1",
            "rotation": 0.12566370614359174,
            "transform_matrix": [
                [
                    -0.9926280975341797,
                    0.06304600834846497,
                    -0.10351171344518661,
                    -0.4172690808773041
                ],
                [
                    -0.12120014429092407,
                    -0.5163462162017822,
                    0.847760021686554,
                    3.4174301624298096
                ],
                [
                    3.725290298461914e-09,
                    0.8540560603141785,
                    0.520180881023407,
                    2.096916437149048
                ],
                [
                    0.0,
                    0.0,
                    0.0,
                    1.0
                ]
            ]
        },
        {
            "file_path": "/data/shapenet_blender/all_50_random/02958343/55c545ac0d94ea16becf71e2e014ff6f/r_2",
            "rotation": 0.12566370614359174,
            "transform_matrix": [
                [
                    0.856585681438446,
                    -0.41133394837379456,
                    0.3115527629852295,
                    1.2559094429016113
                ],
                [
                    0.5160046219825745,
                    0.6828287839889526,
                    -0.5171884894371033,
                    -2.0848536491394043
                ],
                [
                    0.0,
                    0.6037790179252625,
                    0.7971516251564026,
                    3.213421106338501
                ],
                [
                    0.0,
                    0.0,
                    0.0,
                    1.0
                ]
            ]
        },
        {
            "file_path": "/data/shapenet_blender/all_50_random/02958343/55c545ac0d94ea16becf71e2e014ff6f/r_3",
            "rotation": 0.12566370614359174,
            "transform_matrix": [
                [
                    0.13705751299858093,
                    0.7637512683868408,
                    0.6307923793792725,
                    2.5428056716918945
                ],
                [
                    0.990563154220581,
                    -0.1056750938296318,
                    -0.08727847039699554,
                    -0.3518308103084564
                ],
                [
                    0.0,
                    0.6368017792701721,
                    -0.7710273861885071,
                    -3.1081111431121826
                ],
                [
                    0.0,
                    0.0,
                    0.0,
                    1.0
                ]
            ]
        },
        {
            "file_path": "/data/shapenet_blender/all_50_random/02958343/55c545ac0d94ea16becf71e2e014ff6f/r_4",
            "rotation": 0.12566370614359174,
            "transform_matrix": [
                [
                    -0.9989634156227112,
                    -0.0009390715858899057,
                    0.04551262781023979,
                    0.18346726894378662
                ],
                [
                    0.04552231729030609,
                    -0.02060743235051632,
                    0.9987507462501526,
                    4.026093006134033
                ],
                [
                    -5.820766785236131e-11,
                    0.9997872114181519,
                    0.02062881737947464,
                    0.08315742015838623
                ],
                [
                    0.0,
                    0.0,
                    0.0,
                    1.0
                ]
            ]
        },
        {
            "file_path": "/data/shapenet_blender/all_50_random/02958343/55c545ac0d94ea16becf71e2e014ff6f/r_5",
            "rotation": 0.12566370614359174,
            "transform_matrix": [
                [
                    0.9971255660057068,
                    0.02317580208182335,
                    0.07213529944419861,
                    0.29078665375709534
                ],
                [
                    0.07576686888933182,
                    -0.305003821849823,
                    -0.9493324756622314,
                    -3.826881170272827
                ],
                [
                    0.0,
                    0.9520690441131592,
                    -0.30588310956954956,
                    -1.2330541610717773
                ],
                [
                    0.0,
                    0.0,
                    0.0,
                    1.0
                ]
            ]
        },
        {
            "file_path": "/data/shapenet_blender/all_50_random/02958343/55c545ac0d94ea16becf71e2e014ff6f/r_6",
            "rotation": 0.12566370614359174,
            "transform_matrix": [
                [
                    0.779787003993988,
                    -0.6052781343460083,
                    -0.15990839898586273,
                    -0.6446114182472229
                ],
                [
                    -0.6260450482368469,
                    -0.7539201974868774,
                    -0.19917815923690796,
                    -0.8029128909111023
                ],
                [
                    1.4901162970204496e-08,
                    0.25542640686035156,
                    -0.9668284058570862,
                    -3.8974101543426514
                ],
                [
                    0.0,
                    0.0,
                    0.0,
                    1.0
                ]
            ]
        },
        {
            "file_path": "/data/shapenet_blender/all_50_random/02958343/55c545ac0d94ea16becf71e2e014ff6f/r_7",
            "rotation": 0.12566370614359174,
            "transform_matrix": [
                [
                    0.6663327813148499,
                    -0.3769012987613678,
                    0.6433864235877991,
                    2.593573570251465
                ],
                [
                    0.7456544637680054,
                    0.3368070721626282,
                    -0.5749438405036926,
                    -2.3176727294921875
                ],
                [
                    -1.4901161193847656e-08,
                    0.8628478050231934,
                    0.505463719367981,
                    2.0375893115997314
                ],
                [
                    0.0,
                    0.0,
                    0.0,
                    1.0
                ]
            ]
        },
        {
            "file_path": "/data/shapenet_blender/all_50_random/02958343/55c545ac0d94ea16becf71e2e014ff6f/r_8",
            "rotation": 0.12566370614359174,
            "transform_matrix": [
                [
                    -0.38288557529449463,
                    0.8078739643096924,
                    0.4480385184288025,
                    1.8061010837554932
                ],
                [
                    0.9237958192825317,
                    0.33483946323394775,
                    0.1856985092163086,
                    0.7485746145248413
                ],
                [
                    1.4901159417490817e-08,
                    0.48499730229377747,
                    -0.8745156526565552,
                    -3.525285243988037
                ],
                [
                    0.0,
                    0.0,
                    0.0,
                    1.0
                ]
            ]
        },
        {
            "file_path": "/data/shapenet_blender/all_50_random/02958343/55c545ac0d94ea16becf71e2e014ff6f/r_9",
            "rotation": 0.12566370614359174,
            "transform_matrix": [
                [
                    -0.1722947359085083,
                    0.013188901357352734,
                    0.9849570989608765,
                    3.970489263534546
                ],
                [
                    0.9850454926490784,
                    0.0023068764712661505,
                    0.1722792685031891,
                    0.6944800019264221
                ],
                [
                    0.0,
                    0.9999103546142578,
                    -0.01338912919163704,
                    -0.05397330969572067
                ],
                [
                    0.0,
                    0.0,
                    0.0,
                    1.0
                ]
            ]
        },
        {
            "file_path": "/data/shapenet_blender/all_50_random/02958343/55c545ac0d94ea16becf71e2e014ff6f/r_10",
            "rotation": 0.12566370614359174,
            "transform_matrix": [
                [
                    0.9426587820053101,
                    -0.21394230425357819,
                    -0.25617000460624695,
                    -1.0326542854309082
                ],
                [
                    -0.3337579667568207,
                    -0.6042540073394775,
                    -0.7235209941864014,
                    -2.9166064262390137
                ],
                [
                    -1.4901161193847656e-08,
                    0.767532229423523,
                    -0.6410103440284729,
                    -2.5839953422546387
                ],
                [
                    0.0,
                    0.0,
                    0.0,
                    1.0
                ]
            ]
        },
        {
            "file_path": "/data/shapenet_blender/all_50_random/02958343/55c545ac0d94ea16becf71e2e014ff6f/r_11",
            "rotation": 0.12566370614359174,
            "transform_matrix": [
                [
                    0.9116274118423462,
                    -0.06456313282251358,
                    0.4059152901172638,
                    1.6362968683242798
                ],
                [
                    0.41101783514022827,
                    0.14319942891597748,
                    -0.9003100991249084,
                    -3.6292660236358643
                ],
                [
                    3.725290742551124e-09,
                    0.9875856637954712,
                    0.15708111226558685,
                    0.6332142353057861
                ],
                [
                    0.0,
                    0.0,
                    0.0,
                    1.0
                ]
            ]
        },
        {
            "file_path": "/data/shapenet_blender/all_50_random/02958343/55c545ac0d94ea16becf71e2e014ff6f/r_12",
            "rotation": 0.12566370614359174,
            "transform_matrix": [
                [
                    -0.7229142785072327,
                    0.6622447967529297,
                    -0.19704514741897583,
                    -0.7943143844604492
                ],
                [
                    -0.6909377574920654,
                    -0.6928934454917908,
                    0.2061643749475479,
                    0.8310751914978027
                ],
                [
                    -1.4901161193847656e-08,
                    0.2851850986480713,
                    0.9584724307060242,
                    3.8637259006500244
                ],
                [
                    0.0,
                    0.0,
                    0.0,
                    1.0
                ]
            ]
        },
        {
            "file_path": "/data/shapenet_blender/all_50_random/02958343/55c545ac0d94ea16becf71e2e014ff6f/r_13",
            "rotation": 0.12566370614359174,
            "transform_matrix": [
                [
                    -0.9133732318878174,
                    -0.3957573175430298,
                    -0.09552769362926483,
                    -0.3850843906402588
                ],
                [
                    -0.4071233868598938,
                    0.8878737092018127,
                    0.21431449055671692,
                    0.8639292120933533
                ],
                [
                    -7.450580596923828e-09,
                    0.23464053869247437,
                    -0.972082257270813,
                    -3.918588399887085
                ],
                [
                    0.0,
                    0.0,
                    0.0,
                    1.0
                ]
            ]
        },
        {
            "file_path": "/data/shapenet_blender/all_50_random/02958343/55c545ac0d94ea16becf71e2e014ff6f/r_14",
            "rotation": 0.12566370614359174,
            "transform_matrix": [
                [
                    0.656855583190918,
                    -0.003010975895449519,
                    -0.7540103197097778,
                    -3.039512872695923
                ],
                [
                    -0.7540162801742554,
                    -0.00262298877350986,
                    -0.6568503975868225,
                    -2.647848606109619
                ],
                [
                    0.0,
                    0.9999919533729553,
                    -0.0039932504296302795,
                    -0.016097307205200195
                ],
                [
                    0.0,
                    0.0,
                    0.0,
                    1.0
                ]
            ]
        },
        {
            "file_path": "/data/shapenet_blender/all_50_random/02958343/55c545ac0d94ea16becf71e2e014ff6f/r_15",
            "rotation": 0.12566370614359174,
            "transform_matrix": [
                [
                    -0.8863719701766968,
                    0.04284790903329849,
                    0.4609868824481964,
                    1.858297348022461
                ],
                [
                    0.4629739224910736,
                    0.08203309774398804,
                    0.8825677633285522,
                    3.557744026184082
                ],
                [
                    0.0,
                    0.9957080483436584,
                    -0.09254930913448334,
                    -0.3730781674385071
                ],
                [
                    0.0,
                    0.0,
                    0.0,
                    1.0
                ]
            ]
        },
        {
            "file_path": "/data/shapenet_blender/all_50_random/02958343/55c545ac0d94ea16becf71e2e014ff6f/r_16",
            "rotation": 0.12566370614359174,
            "transform_matrix": [
                [
                    0.23332373797893524,
                    -0.17197178304195404,
                    0.9570714235305786,
                    3.8580782413482666
                ],
                [
                    0.9723990559577942,
                    0.04126402735710144,
                    -0.22964593768119812,
                    -0.9257323741912842
                ],
                [
                    0.0,
                    0.9842372536659241,
                    0.17685307562351227,
                    0.7129175662994385
                ],
                [
                    0.0,
                    0.0,
                    0.0,
                    1.0
                ]
            ]
        },
        {
            "file_path": "/data/shapenet_blender/all_50_random/02958343/55c545ac0d94ea16becf71e2e014ff6f/r_17",
            "rotation": 0.12566370614359174,
            "transform_matrix": [
                [
                    -0.8269274234771729,
                    0.1939772367477417,
                    0.527791440486908,
                    2.1275954246520996
                ],
                [
                    0.5623086094856262,
                    0.2852616608142853,
                    0.7761666774749756,
                    3.1288280487060547
                ],
                [
                    0.0,
                    0.9386152625083923,
                    -0.34496578574180603,
                    -1.3906015157699585
                ],
                [
                    0.0,
                    0.0,
                    0.0,
                    1.0
                ]
            ]
        },
        {
            "file_path": "/data/shapenet_blender/all_50_random/02958343/55c545ac0d94ea16becf71e2e014ff6f/r_18",
            "rotation": 0.12566370614359174,
            "transform_matrix": [
                [
                    -0.847927451133728,
                    0.24224220216274261,
                    -0.47152701020240784,
                    -1.9007861614227295
                ],
                [
                    -0.5301122665405273,
                    -0.3874723017215729,
                    0.7542189359664917,
                    3.040353775024414
                ],
                [
                    0.0,
                    0.8894851803779602,
                    0.45696398615837097,
                    1.8420807123184204
                ],
                [
                    0.0,
                    0.0,
                    0.0,
                    1.0
                ]
            ]
        },
        {
            "file_path": "/data/shapenet_blender/all_50_random/02958343/55c545ac0d94ea16becf71e2e014ff6f/r_19",
            "rotation": 0.12566370614359174,
            "transform_matrix": [
                [
                    0.6770995855331421,
                    0.4790650010108948,
                    0.5585989356040955,
                    2.251784563064575
                ],
                [
                    0.7358914017677307,
                    -0.4407915472984314,
                    -0.5139713287353516,
                    -2.071884870529175
                ],
                [
                    1.4901162970204496e-08,
                    0.7590779662132263,
                    -0.6509995460510254,
                    -2.624263286590576
                ],
                [
                    0.0,
                    0.0,
                    0.0,
                    1.0
                ]
            ]
        },
        {
            "file_path": "/data/shapenet_blender/all_50_random/02958343/55c545ac0d94ea16becf71e2e014ff6f/r_20",
            "rotation": 0.12566370614359174,
            "transform_matrix": [
                [
                    0.9999943971633911,
                    -0.0028845779597759247,
                    0.0017228975193575025,
                    0.006945222616195679
                ],
                [
                    0.003359935712069273,
                    0.8585169315338135,
                    -0.5127740502357483,
                    -2.067058563232422
                ],
                [
                    1.1641532182693481e-10,
                    0.5127770304679871,
                    0.8585217595100403,
                    3.4608120918273926
                ],
                [
                    0.0,
                    0.0,
                    0.0,
                    1.0
                ]
            ]
        },
        {
            "file_path": "/data/shapenet_blender/all_50_random/02958343/55c545ac0d94ea16becf71e2e014ff6f/r_21",
            "rotation": 0.12566370614359174,
            "transform_matrix": [
                [
                    -0.9229229688644409,
                    -0.21449625492095947,
                    -0.3196946084499359,
                    -1.2887301445007324
                ],
                [
                    -0.3849848508834839,
                    0.5142111778259277,
                    0.7664029002189636,
                    3.0894689559936523
                ],
                [
                    0.0,
                    0.8304083347320557,
                    -0.5571551322937012,
                    -2.245964288711548
                ],
                [
                    0.0,
                    0.0,
                    0.0,
                    1.0
                ]
            ]
        },
        {
            "file_path": "/data/shapenet_blender/all_50_random/02958343/55c545ac0d94ea16becf71e2e014ff6f/r_22",
            "rotation": 0.12566370614359174,
            "transform_matrix": [
                [
                    0.7637372016906738,
                    -0.03786073997616768,
                    0.6444161534309387,
                    2.597724676132202
                ],
                [
                    0.6455274224281311,
                    0.04479384049773216,
                    -0.7624223828315735,
                    -3.073422908782959
                ],
                [
                    1.862645371275562e-09,
                    0.9982784986495972,
                    0.05865086242556572,
                    0.23642918467521667
                ],
                [
                    0.0,
                    0.0,
                    0.0,
                    1.0
                ]
            ]
        },
        {
            "file_path": "/data/shapenet_blender/all_50_random/02958343/55c545ac0d94ea16becf71e2e014ff6f/r_23",
            "rotation": 0.12566370614359174,
            "transform_matrix": [
                [
                    0.9896075129508972,
                    -0.07574187964200974,
                    0.12222985923290253,
                    0.49272432923316956
                ],
                [
                    0.14379487931728363,
                    0.52126145362854,
                    -0.841195285320282,
                    -3.3909666538238525
                ],
                [
                    0.0,
                    0.8500291705131531,
                    0.5267354846000671,
                    2.1233386993408203
                ],
                [
                    0.0,
                    0.0,
                    0.0,
                    1.0
                ]
            ]
        },
        {
            "file_path": "/data/shapenet_blender/all_50_random/02958343/55c545ac0d94ea16becf71e2e014ff6f/r_24",
            "rotation": 0.12566370614359174,
            "transform_matrix": [
                [
                    -0.8481975197792053,
                    0.026281120255589485,
                    -0.5290276408195496,
                    -2.1325788497924805
                ],
                [
                    -0.529680073261261,
                    -0.04208499193191528,
                    0.8471527695655823,
                    3.414982318878174
                ],
                [
                    -1.862645149230957e-09,
                    0.9987683296203613,
                    0.04961696267127991,
                    0.20001238584518433
                ],
                [
                    0.0,
                    0.0,
                    0.0,
                    1.0
                ]
            ]
        },
        {
            "file_path": "/data/shapenet_blender/all_50_random/02958343/55c545ac0d94ea16becf71e2e014ff6f/r_25",
            "rotation": 0.12566370614359174,
            "transform_matrix": [
                [
                    -0.4873204827308655,
                    0.4569662809371948,
                    0.744110643863678,
                    2.999605894088745
                ],
                [
                    0.8732233047485352,
                    0.25501957535743713,
                    0.4152664542198181,
                    1.67399263381958
                ],
                [
                    -1.4901162970204496e-08,
                    0.8521424531936646,
                    -0.5233097672462463,
                    -2.1095292568206787
                ],
                [
                    0.0,
                    0.0,
                    0.0,
                    1.0
                ]
            ]
        },
        {
            "file_path": "/data/shapenet_blender/all_50_random/02958343/55c545ac0d94ea16becf71e2e014ff6f/r_26",
            "rotation": 0.12566370614359174,
            "transform_matrix": [
                [
                    0.7280924320220947,
                    0.36757904291152954,
                    -0.5785905718803406,
                    -2.3323733806610107
                ],
                [
                    -0.6854789853096008,
                    0.39042991399765015,
                    -0.6145591735839844,
                    -2.477367401123047
                ],
                [
                    -1.4901159417490817e-08,
                    0.8440675735473633,
                    0.5362367630004883,
                    2.16163969039917
                ],
                [
                    0.0,
                    0.0,
                    0.0,
                    1.0
                ]
            ]
        },
        {
            "file_path": "/data/shapenet_blender/all_50_random/02958343/55c545ac0d94ea16becf71e2e014ff6f/r_27",
            "rotation": 0.12566370614359174,
            "transform_matrix": [
                [
                    0.531095027923584,
                    0.8369017839431763,
                    0.13241396844387054,
                    0.5337778329849243
                ],
                [
                    0.8473122119903564,
                    -0.5245698094367981,
                    -0.08299703896045685,
                    -0.33457180857658386
                ],
                [
                    0.0,
                    0.1562754362821579,
                    -0.9877134561538696,
                    -3.981600522994995
                ],
                [
                    0.0,
                    0.0,
                    0.0,
                    1.0
                ]
            ]
        },
        {
            "file_path": "/data/shapenet_blender/all_50_random/02958343/55c545ac0d94ea16becf71e2e014ff6f/r_28",
            "rotation": 0.12566370614359174,
            "transform_matrix": [
                [
                    0.6325417757034302,
                    0.07604505121707916,
                    -0.7707840204238892,
                    -3.1071300506591797
                ],
                [
                    -0.7745263576507568,
                    0.06210463494062424,
                    -0.6294854879379272,
                    -2.5375373363494873
                ],
                [
                    0.0,
                    0.9951683282852173,
                    0.09818266332149506,
                    0.39578700065612793
                ],
                [
                    0.0,
                    0.0,
                    0.0,
                    1.0
                ]
            ]
        },
        {
            "file_path": "/data/shapenet_blender/all_50_random/02958343/55c545ac0d94ea16becf71e2e014ff6f/r_29",
            "rotation": 0.12566370614359174,
            "transform_matrix": [
                [
                    0.5917600393295288,
                    -0.7400884032249451,
                    -0.31951409578323364,
                    -1.288002610206604
                ],
                [
                    -0.8061140179634094,
                    -0.5432912707328796,
                    -0.23455201089382172,
                    -0.9455094337463379
                ],
                [
                    0.0,
                    0.3963633179664612,
                    -0.9180936813354492,
                    -3.7009541988372803
                ],
                [
                    0.0,
                    0.0,
                    0.0,
                    1.0
                ]
            ]
        },
        {
            "file_path": "/data/shapenet_blender/all_50_random/02958343/55c545ac0d94ea16becf71e2e014ff6f/r_30",
            "rotation": 0.12566370614359174,
            "transform_matrix": [
                [
                    -0.17442579567432404,
                    -0.4180830419063568,
                    0.8915055394172668,
                    3.59377384185791
                ],
                [
                    0.9846704006195068,
                    -0.07405977696180344,
                    0.15792246162891388,
                    0.6366057991981506
                ],
                [
                    0.0,
                    0.9053847789764404,
                    0.42459189891815186,
                    1.7115846872329712
                ],
                [
                    0.0,
                    0.0,
                    0.0,
                    1.0
                ]
            ]
        },
        {
            "file_path": "/data/shapenet_blender/all_50_random/02958343/55c545ac0d94ea16becf71e2e014ff6f/r_31",
            "rotation": 0.12566370614359174,
            "transform_matrix": [
                [
                    0.9967158436775208,
                    0.05279989913105965,
                    0.06139827519655228,
                    0.2475043684244156
                ],
                [
                    0.0809788703918457,
                    -0.6498793363571167,
                    -0.7557110786437988,
                    -3.0463688373565674
                ],
                [
                    0.0,
                    0.7582011818885803,
                    -0.6520206928253174,
                    -2.6283795833587646
                ],
                [
                    0.0,
                    0.0,
                    0.0,
                    1.0
                ]
            ]
        },
        {
            "file_path": "/data/shapenet_blender/all_50_random/02958343/55c545ac0d94ea16becf71e2e014ff6f/r_32",
            "rotation": 0.12566370614359174,
            "transform_matrix": [
                [
                    -0.381533145904541,
                    0.14903491735458374,
                    0.9122614860534668,
                    3.677443742752075
                ],
                [
                    0.924355149269104,
                    0.06151505932211876,
                    0.376541405916214,
                    1.517886996269226
                ],
                [
                    0.0,
                    0.9869166612625122,
                    -0.16123121976852417,
                    -0.6499438285827637
                ],
                [
                    0.0,
                    0.0,
                    0.0,
                    1.0
                ]
            ]
        },
        {
            "file_path": "/data/shapenet_blender/all_50_random/02958343/55c545ac0d94ea16becf71e2e014ff6f/r_33",
            "rotation": 0.12566370614359174,
            "transform_matrix": [
                [
                    -0.35761404037475586,
                    0.8437474966049194,
                    -0.40025249123573303,
                    -1.6134693622589111
                ],
                [
                    -0.933869481086731,
                    -0.3231029212474823,
                    0.1532718390226364,
                    0.6178585290908813
                ],
                [
                    -1.4901162970204496e-08,
                    0.4285956025123596,
                    0.9034963846206665,
                    3.6421103477478027
                ],
                [
                    0.0,
                    0.0,
                    0.0,
                    1.0
                ]
            ]
        },
        {
            "file_path": "/data/shapenet_blender/all_50_random/02958343/55c545ac0d94ea16becf71e2e014ff6f/r_34",
            "rotation": 0.12566370614359174,
            "transform_matrix": [
                [
                    0.20717677474021912,
                    -0.4048486053943634,
                    -0.8906038999557495,
                    -3.590139150619507
                ],
                [
                    -0.9783034920692444,
                    -0.08573538810014725,
                    -0.18860450387001038,
                    -0.7602890729904175
                ],
                [
                    0.0,
                    0.9103553295135498,
                    -0.41382721066474915,
                    -1.668190836906433
                ],
                [
                    0.0,
                    0.0,
                    0.0,
                    1.0
                ]
            ]
        },
        {
            "file_path": "/data/shapenet_blender/all_50_random/02958343/55c545ac0d94ea16becf71e2e014ff6f/r_35",
            "rotation": 0.12566370614359174,
            "transform_matrix": [
                [
                    0.9273255467414856,
                    0.010085473768413067,
                    -0.37411966919898987,
                    -1.508124589920044
                ],
                [
                    -0.37425559759140015,
                    0.0249896552413702,
                    -0.9269887804985046,
                    -3.736811399459839
                ],
                [
                    9.313225191043273e-10,
                    0.9996368885040283,
                    0.02694808878004551,
                    0.10863122344017029
                ],
                [
                    0.0,
                    0.0,
                    0.0,
                    1.0
                ]
            ]
        },
        {
            "file_path": "/data/shapenet_blender/all_50_random/02958343/55c545ac0d94ea16becf71e2e014ff6f/r_36",
            "rotation": 0.12566370614359174,
            "transform_matrix": [
                [
                    -0.4240567088127136,
                    0.4340148866176605,
                    0.7948628664016724,
                    3.2041947841644287
                ],
                [
                    0.9056356549263,
                    0.2032240331172943,
                    0.3721882402896881,
                    1.5003387928009033
                ],
                [
                    0.0,
                    0.877685010433197,
                    -0.479237824678421,
                    -1.9318695068359375
                ],
                [
                    0.0,
                    0.0,
                    0.0,
                    1.0
                ]
            ]
        },
        {
            "file_path": "/data/shapenet_blender/all_50_random/02958343/55c545ac0d94ea16becf71e2e014ff6f/r_37",
            "rotation": 0.12566370614359174,
            "transform_matrix": [
                [
                    0.6495656371116638,
                    0.7429649233818054,
                    0.16145442426204681,
                    0.650843620300293
                ],
                [
                    0.7603055834770203,
                    -0.6347507834434509,
                    -0.13793830573558807,
                    -0.5560470819473267
                ],
                [
                    0.0,
                    0.21235458552837372,
                    -0.9771926403045654,
                    -3.9391894340515137
                ],
                [
                    0.0,
                    0.0,
                    0.0,
                    1.0
                ]
            ]
        },
        {
            "file_path": "/data/shapenet_blender/all_50_random/02958343/55c545ac0d94ea16becf71e2e014ff6f/r_38",
            "rotation": 0.12566370614359174,
            "transform_matrix": [
                [
                    0.8940957188606262,
                    0.18791678547859192,
                    0.40654662251472473,
                    1.6388418674468994
                ],
                [
                    0.4478760063648224,
                    -0.37513864040374756,
                    -0.8115898370742798,
                    -3.271623373031616
                ],
                [
                    0.0,
                    0.9077214598655701,
                    -0.41957327723503113,
                    -1.6913540363311768
                ],
                [
                    0.0,
                    0.0,
                    0.0,
                    1.0
                ]
            ]
        },
        {
            "file_path": "/data/shapenet_blender/all_50_random/02958343/55c545ac0d94ea16becf71e2e014ff6f/r_39",
            "rotation": 0.12566370614359174,
            "transform_matrix": [
                [
                    -0.7852633595466614,
                    -0.2564416825771332,
                    -0.5635594129562378,
                    -2.271780490875244
                ],
                [
                    -0.6191619634628296,
                    0.32523679733276367,
                    0.7147443890571594,
                    2.8812265396118164
                ],
                [
                    0.0,
                    0.9101970791816711,
                    -0.41417548060417175,
                    -1.6695945262908936
                ],
                [
                    0.0,
                    0.0,
                    0.0,
                    1.0
                ]
            ]
        },
        {
            "file_path": "/data/shapenet_blender/all_50_random/02958343/55c545ac0d94ea16becf71e2e014ff6f/r_40",
            "rotation": 0.12566370614359174,
            "transform_matrix": [
                [
                    -0.941129744052887,
                    -0.06619594246149063,
                    0.33150097727775574,
                    1.3363232612609863
                ],
                [
                    0.338045597076416,
                    -0.18429160118103027,
                    0.9229093194007874,
                    3.7203667163848877
                ],
                [
                    -7.450580596923828e-09,
                    0.9806399345397949,
                    0.19581952691078186,
                    0.7893738150596619
                ],
                [
                    0.0,
                    0.0,
                    0.0,
                    1.0
                ]
            ]
        },
        {
            "file_path": "/data/shapenet_blender/all_50_random/02958343/55c545ac0d94ea16becf71e2e014ff6f/r_41",
            "rotation": 0.12566370614359174,
            "transform_matrix": [
                [
                    0.5819749236106873,
                    0.5758599042892456,
                    0.5741868615150452,
                    2.3146212100982666
                ],
                [
                    0.813206672668457,
                    -0.4121166467666626,
                    -0.41091930866241455,
                    -1.6564687490463257
                ],
                [
                    0.0,
                    0.7060773372650146,
