{
    "class": "02958343",
    "model": "38b80589a780fc3af63ee8a34069b7c5",
    "remove_doubles": true,
    "edge_split": true,
    "denoise": true,
    "camera_angle_x": 0.6911112070083618,
    "scale_factor": 2.3048855746272143,
    "hdri_file": "/data/IndoorHDRDataset2018/AG8A7440-3bbb2bfc63.exr",
    "center_offset": [
        0.0,
        -1.862645149230957e-09,
        0.0
    ],
    "lights": [],
    "frames": [
        {
            "file_path": "/data/shapenet_blender/all_50_random/02958343/38b80589a780fc3af63ee8a34069b7c5/r_0",
            "rotation": 0.12566370614359174,
            "transform_matrix": [
                [
                    0.725641667842865,
                    0.5586017370223999,
                    -0.4017564654350281,
                    -1.6195322275161743
                ],
                [
                    -0.6880728006362915,
                    0.5891014933586121,
                    -0.42369240522384644,
                    -1.7079588174819946
                ],
                [
                    1.4901161193847656e-08,
                    0.5838866233825684,
                    0.8118351697921753,
                    3.2726125717163086
                ],
                [
                    0.0,
                    0.0,
                    0.0,
                    1.0
                ]
            ]
        },
        {
            "file_path": "/data/shapenet_blender/all_50_random/02958343/38b80589a780fc3af63ee8a34069b7c5/r_1",
            "rotation": 0.12566370614359174,
            "transform_matrix": [
                [
                    -0.8486916422843933,
                    0.48264580965042114,
                    -0.2162761390209198,
                    -0.8718370795249939
                ],
                [
                    -0.5288878083229065,
                    -0.7744883298873901,
                    0.34705233573913574,
                    1.399012804031372
                ],
                [
                    0.0,
                    0.40892624855041504,
                    0.9125673174858093,
                    3.6786768436431885
                ],
                [
                    0.0,
                    0.0,
                    0.0,
                    1.0
                ]
            ]
        },
        {
            "file_path": "/data/shapenet_blender/all_50_random/02958343/38b80589a780fc3af63ee8a34069b7c5/r_2",
            "rotation": 0.12566370614359174,
            "transform_matrix": [
                [
                    0.9797234535217285,
                    0.15305690467357635,
                    0.12928853929042816,
                    0.5211787819862366
                ],
                [
                    0.20035457611083984,
                    -0.7484403848648071,
                    -0.6322143077850342,
                    -2.548537492752075
                ],
                [
                    0.0,
                    0.6452986001968384,
                    -0.7639302611351013,
                    -3.0795013904571533
                ],
                [
                    0.0,
                    0.0,
                    0.0,
                    1.0
                ]
            ]
        },
        {
            "file_path": "/data/shapenet_blender/all_50_random/02958343/38b80589a780fc3af63ee8a34069b7c5/r_3",
            "rotation": 0.12566370614359174,
            "transform_matrix": [
                [
                    0.965705394744873,
                    0.054932136088609695,
                    -0.2537631392478943,
                    -1.0229520797729492
                ],
                [
                    -0.25964072346687317,
                    0.20431409776210785,
                    -0.9438444375991821,
                    -3.8047587871551514
                ],
                [
                    0.0,
                    0.977362871170044,
                    0.21156980097293854,
                    0.8528652191162109
                ],
                [
                    0.0,
                    0.0,
                    0.0,
                    1.0
                ]
            ]
        },
        {
            "file_path": "/data/shapenet_blender/all_50_random/02958343/38b80589a780fc3af63ee8a34069b7c5/r_4",
            "rotation": 0.12566370614359174,
            "transform_matrix": [
                [
                    0.9993143081665039,
                    -0.017688268795609474,
                    -0.03252750262618065,
                    -0.13112255930900574
                ],
                [
                    -0.03702584281563759,
                    -0.4774000346660614,
                    -0.8779056668281555,
                    -3.5389509201049805
                ],
                [
                    9.313225191043273e-10,
                    0.8785079717636108,
                    -0.47772765159606934,
                    -1.9257817268371582
                ],
                [
                    0.0,
                    0.0,
                    0.0,
                    1.0
                ]
            ]
        },
        {
            "file_path": "/data/shapenet_blender/all_50_random/02958343/38b80589a780fc3af63ee8a34069b7c5/r_5",
            "rotation": 0.12566370614359174,
            "transform_matrix": [
                [
                    0.9280580878257751,
                    0.031244922429323196,
                    -0.37112247943878174,
                    -1.4960427284240723
                ],
                [
                    -0.37243545055389404,
                    0.07785806804895401,
                    -0.924786388874054,
                    -3.727933406829834
                ],
                [
                    0.0,
                    0.9964747428894043,
                    0.08389351516962051,
                    0.3381856083869934
                ],
                [
                    0.0,
                    0.0,
                    0.0,
                    1.0
                ]
            ]
        },
        {
            "file_path": "/data/shapenet_blender/all_50_random/02958343/38b80589a780fc3af63ee8a34069b7c5/r_6",
            "rotation": 0.12566370614359174,
            "transform_matrix": [
                [
                    -0.478278249502182,
                    0.02411823347210884,
                    -0.8778771162033081,
                    -3.5388357639312744
                ],
                [
                    -0.8782084584236145,
                    -0.013134952634572983,
                    0.4780978262424469,
                    1.9272739887237549
                ],
                [
                    9.31322685637781e-10,
                    0.9996227025985718,
                    0.027462998405098915,
                    0.1107068881392479
                ],
                [
                    0.0,
                    0.0,
                    0.0,
                    1.0
                ]
            ]
        },
        {
            "file_path": "/data/shapenet_blender/all_50_random/02958343/38b80589a780fc3af63ee8a34069b7c5/r_7",
            "rotation": 0.12566370614359174,
            "transform_matrix": [
                [
                    -0.5637457370758057,
                    0.20332744717597961,
                    0.800530195236206,
                    3.2270407676696777
                ],
                [
                    0.8259483575820923,
                    0.13877983391284943,
                    0.5463966727256775,
                    2.2025957107543945
                ],
                [
                    0.0,
                    0.9692255258560181,
                    -0.24617449939250946,
                    -0.9923611879348755
                ],
                [
                    0.0,
                    0.0,
                    0.0,
                    1.0
                ]
            ]
        },
        {
            "file_path": "/data/shapenet_blender/all_50_random/02958343/38b80589a780fc3af63ee8a34069b7c5/r_8",
            "rotation": 0.12566370614359174,
            "transform_matrix": [
                [
                    0.9738790392875671,
                    -0.01925472356379032,
                    0.22624994814395905,
                    0.9120427370071411
                ],
                [
                    0.22706782817840576,
                    0.08258224278688431,
                    -0.9703712463378906,
                    -3.911691665649414
                ],
                [
                    1.862645371275562e-09,
                    0.9963981509208679,
                    0.08479724824428558,
                    0.3418286442756653
                ],
                [
                    0.0,
                    0.0,
                    0.0,
                    1.0
                ]
            ]
        },
        {
            "file_path": "/data/shapenet_blender/all_50_random/02958343/38b80589a780fc3af63ee8a34069b7c5/r_9",
            "rotation": 0.12566370614359174,
            "transform_matrix": [
                [
                    0.9931642413139343,
                    -0.034041911363601685,
                    -0.11165101081132889,
                    -0.45007964968681335
                ],
                [
                    -0.11672534048557281,
                    -0.28964754939079285,
                    -0.9499890804290771,
                    -3.82952880859375
                ],
                [
                    3.725290298461914e-09,
                    0.9565277695655823,
                    -0.29164111614227295,
                    -1.1756430864334106
                ],
                [
                    0.0,
                    0.0,
                    0.0,
                    1.0
                ]
            ]
        },
        {
            "file_path": "/data/shapenet_blender/all_50_random/02958343/38b80589a780fc3af63ee8a34069b7c5/r_10",
            "rotation": 0.12566370614359174,
            "transform_matrix": [
                [
                    0.8260890245437622,
                    -0.2643047869205475,
                    -0.4977147877216339,
                    -2.006352424621582
                ],
                [
                    -0.5635398030281067,
                    -0.38744255900382996,
                    -0.7295966148376465,
                    -2.9410979747772217
                ],
                [
                    -1.4901162970204496e-08,
                    0.8831936717033386,
                    -0.46900829672813416,
                    -1.8906328678131104
                ],
                [
                    0.0,
                    0.0,
                    0.0,
                    1.0
                ]
            ]
        },
        {
            "file_path": "/data/shapenet_blender/all_50_random/02958343/38b80589a780fc3af63ee8a34069b7c5/r_11",
            "rotation": 0.12566370614359174,
            "transform_matrix": [
                [
                    -0.8755059242248535,
                    0.2616574764251709,
                    -0.40623238682746887,
                    -1.6375751495361328
                ],
                [
                    -0.4832073748111725,
                    -0.4740876853466034,
                    0.7360376715660095,
                    2.9670627117156982
                ],
                [
                    -1.4901161193847656e-08,
                    0.8406996726989746,
                    0.5415014624595642,
                    2.1828622817993164
                ],
                [
                    0.0,
                    0.0,
                    0.0,
                    1.0
                ]
            ]
        },
        {
            "file_path": "/data/shapenet_blender/all_50_random/02958343/38b80589a780fc3af63ee8a34069b7c5/r_12",
            "rotation": 0.12566370614359174,
            "transform_matrix": [
                [
                    0.6565545201301575,
                    0.1322324573993683,
                    0.7425972819328308,
                    2.9935054779052734
                ],
                [
                    0.7542786598205566,
                    -0.11510046571493149,
                    -0.6463866233825684,
                    -2.60566782951355
                ],
                [
                    0.0,
                    0.9845132827758789,
                    -0.17530983686447144,
                    -0.7066965699195862
                ],
                [
                    0.0,
                    0.0,
                    0.0,
                    1.0
                ]
            ]
        },
        {
            "file_path": "/data/shapenet_blender/all_50_random/02958343/38b80589a780fc3af63ee8a34069b7c5/r_13",
            "rotation": 0.12566370614359174,
            "transform_matrix": [
                [
                    0.5444099307060242,
                    -0.15123088657855988,
                    0.8250740170478821,
                    3.325979232788086
                ],
                [
                    0.8388192653656006,
                    0.09815177321434021,
                    -0.535489022731781,
                    -2.1586251258850098
                ],
                [
                    0.0,
                    0.9836134314537048,
                    0.18029022216796875,
                    0.7267730236053467
                ],
                [
                    0.0,
                    0.0,
                    0.0,
                    1.0
                ]
            ]
        },
        {
            "file_path": "/data/shapenet_blender/all_50_random/02958343/38b80589a780fc3af63ee8a34069b7c5/r_14",
            "rotation": 0.12566370614359174,
            "transform_matrix": [
                [
                    -0.5545505285263062,
                    0.6632041931152344,
                    -0.5026269555091858,
                    -2.026154041290283
                ],
                [
                    -0.8321501016616821,
                    -0.4419638216495514,
                    0.33495402336120605,
                    1.3502428531646729
                ],
                [
                    -1.4901162970204496e-08,
                    0.6040098667144775,
                    0.7969766855239868,
                    3.2127158641815186
                ],
                [
                    0.0,
                    0.0,
                    0.0,
                    1.0
                ]
            ]
        },
        {
            "file_path": "/data/shapenet_blender/all_50_random/02958343/38b80589a780fc3af63ee8a34069b7c5/r_15",
            "rotation": 0.12566370614359174,
            "transform_matrix": [
                [
                    -0.6756773591041565,
                    0.07009466737508774,
                    0.7338574528694153,
                    2.9582741260528564
                ],
                [
                    0.7371974587440491,
                    0.06424517929553986,
                    0.6726161241531372,
                    2.711402416229248
                ],
                [
                    0.0,
                    0.995469331741333,
                    -0.09508261829614639,
                    -0.38329029083251953
                ],
                [
                    0.0,
                    0.0,
                    0.0,
                    1.0
                ]
            ]
        },
        {
            "file_path": "/data/shapenet_blender/all_50_random/02958343/38b80589a780fc3af63ee8a34069b7c5/r_16",
            "rotation": 0.12566370614359174,
            "transform_matrix": [
                [
                    -0.8635011315345764,
                    0.36243948340415955,
                    0.35071849822998047,
                    1.4137916564941406
                ],
                [
                    0.5043469667434692,
                    0.6205388903617859,
                    0.6004711389541626,
                    2.420576810836792
                ],
                [
                    -1.4901161193847656e-08,
                    0.6953913569450378,
                    -0.7186311483383179,
                    -2.896895170211792
                ],
                [
                    0.0,
                    0.0,
                    0.0,
                    1.0
                ]
            ]
        },
        {
            "file_path": "/data/shapenet_blender/all_50_random/02958343/38b80589a780fc3af63ee8a34069b7c5/r_17",
            "rotation": 0.12566370614359174,
            "transform_matrix": [
                [
                    -0.07452604174613953,
                    -0.6184892654418945,
                    -0.7822511196136475,
                    -3.153355121612549
                ],
                [
                    -0.9972190856933594,
                    0.04622209817171097,
                    0.05846065282821655,
                    0.23566243052482605
                ],
                [
                    0.0,
                    0.7844325304031372,
                    -0.6202141046524048,
                    -2.5001630783081055
                ],
                [
                    0.0,
                    0.0,
                    0.0,
                    1.0
                ]
            ]
        },
        {
            "file_path": "/data/shapenet_blender/all_50_random/02958343/38b80589a780fc3af63ee8a34069b7c5/r_18",
            "rotation": 0.12566370614359174,
            "transform_matrix": [
                [
                    0.9979491829872131,
                    -0.01386319287121296,
                    0.06249086186289787,
                    0.25190871953964233
                ],
                [
                    0.06401011347770691,
                    0.2161339819431305,
                    -0.9742631912231445,
                    -3.9273805618286133
                ],
                [
                    0.0,
                    0.9762653112411499,
                    0.21657812595367432,
                    0.8730543255805969
                ],
                [
                    0.0,
                    0.0,
                    0.0,
                    1.0
                ]
            ]
        },
        {
            "file_path": "/data/shapenet_blender/all_50_random/02958343/38b80589a780fc3af63ee8a34069b7c5/r_19",
            "rotation": 0.12566370614359174,
            "transform_matrix": [
                [
                    -0.490154504776001,
                    -0.1814085990190506,
                    -0.8525488376617432,
                    -3.436734199523926
                ],
                [
                    -0.8716356754302979,
                    0.10201308131217957,
                    0.4794212281703949,
                    1.9326088428497314
                ],
                [
                    0.0,
                    0.9781023263931274,
                    -0.20812436938285828,
                    -0.8389761447906494
                ],
                [
                    0.0,
                    0.0,
                    0.0,
                    1.0
                ]
            ]
        },
        {
            "file_path": "/data/shapenet_blender/all_50_random/02958343/38b80589a780fc3af63ee8a34069b7c5/r_20",
            "rotation": 0.12566370614359174,
            "transform_matrix": [
                [
                    0.769818902015686,
                    0.003822226310148835,
                    0.6382508873939514,
                    2.572871685028076
                ],
                [
                    0.6382623910903931,
                    -0.004610050935298204,
                    -0.7698050737380981,
                    -3.1031835079193115
                ],
                [
                    0.0,
                    0.9999820590019226,
                    -0.005988487508147955,
                    -0.024140365421772003
                ],
                [
                    0.0,
                    0.0,
                    0.0,
                    1.0
                ]
            ]
        },
        {
            "file_path": "/data/shapenet_blender/all_50_random/02958343/38b80589a780fc3af63ee8a34069b7c5/r_21",
            "rotation": 0.12566370614359174,
            "transform_matrix": [
                [
                    -1.0,
                    0.00020645640324801207,
                    0.00032398177427239716,
                    0.0013060122728347778
                ],
                [
                    0.00038417248288169503,
                    0.5374055504798889,
                    0.843323826789856,
                    3.3995471000671387
                ],
                [
                    0.0,
                    0.8433238863945007,
                    -0.5374056100845337,
                    -2.166351318359375
                ],
                [
                    0.0,
                    0.0,
                    0.0,
                    1.0
                ]
            ]
        },
        {
            "file_path": "/data/shapenet_blender/all_50_random/02958343/38b80589a780fc3af63ee8a34069b7c5/r_22",
            "rotation": 0.12566370614359174,
            "transform_matrix": [
                [
                    0.9465946555137634,
                    -0.018960140645503998,
                    0.3218682110309601,
                    1.297492265701294
                ],
                [
                    0.3224261701107025,
                    0.05566411837935448,
                    -0.9449565410614014,
                    -3.809241771697998
                ],
                [
                    -1.862645371275562e-09,
                    0.9982693791389465,
                    0.05880460515618324,
                    0.23704893887043
                ],
                [
                    0.0,
                    0.0,
                    0.0,
                    1.0
                ]
            ]
        },
        {
            "file_path": "/data/shapenet_blender/all_50_random/02958343/38b80589a780fc3af63ee8a34069b7c5/r_23",
            "rotation": 0.12566370614359174,
            "transform_matrix": [
                [
                    -0.5155739784240723,
                    0.44581517577171326,
                    -0.7317324280738831,
                    -2.949707508087158
                ],
                [
                    -0.8568450212478638,
                    -0.2682523727416992,
                    0.44029223918914795,
                    1.7748745679855347
                ],
                [
                    0.0,
                    0.8539845943450928,
                    0.5202984809875488,
                    2.0973899364471436
                ],
                [
                    0.0,
                    0.0,
                    0.0,
                    1.0
                ]
            ]
        },
        {
            "file_path": "/data/shapenet_blender/all_50_random/02958343/38b80589a780fc3af63ee8a34069b7c5/r_24",
            "rotation": 0.12566370614359174,
            "transform_matrix": [
                [
                    -0.8130477666854858,
                    0.007483939174562693,
                    -0.5821489095687866,
                    -2.346717357635498
                ],
                [
                    -0.5821970105171204,
                    -0.010451443493366241,
                    0.8129805326461792,
                    3.2772293090820312
                ],
                [
                    4.656612873077393e-10,
                    0.9999173283576965,
                    0.012854650616645813,
                    0.05181875452399254
                ],
                [
                    0.0,
                    0.0,
                    0.0,
                    1.0
                ]
            ]
        },
        {
            "file_path": "/data/shapenet_blender/all_50_random/02958343/38b80589a780fc3af63ee8a34069b7c5/r_25",
            "rotation": 0.12566370614359174,
            "transform_matrix": [
                [
                    0.9828498363494873,
                    -0.012801609933376312,
                    -0.18396303057670593,
                    -0.7415786981582642
                ],
                [
                    -0.18440791964530945,
                    -0.06822949647903442,
                    -0.9804787039756775,
                    -3.9524359703063965
                ],
                [
                    9.31322685637781e-10,
                    0.9975874423980713,
                    -0.06942006945610046,
                    -0.27984124422073364
                ],
                [
                    0.0,
                    0.0,
                    0.0,
                    1.0
                ]
            ]
        },
        {
            "file_path": "/data/shapenet_blender/all_50_random/02958343/38b80589a780fc3af63ee8a34069b7c5/r_26",
            "rotation": 0.12566370614359174,
            "transform_matrix": [
                [
                    -0.01557963527739048,
                    0.6158793568611145,
                    0.7876863479614258,
                    3.1752655506134033
                ],
                [
                    0.9998785853385925,
                    0.009596341289579868,
                    0.01227335724979639,
                    0.04947549104690552
                ],
                [
                    4.6566125955216364e-10,
                    0.7877820730209351,
                    -0.6159539818763733,
                    -2.482990264892578
                ],
                [
                    0.0,
                    0.0,
                    0.0,
                    1.0
                ]
            ]
        },
        {
            "file_path": "/data/shapenet_blender/all_50_random/02958343/38b80589a780fc3af63ee8a34069b7c5/r_27",
            "rotation": 0.12566370614359174,
            "transform_matrix": [
                [
                    0.10486732423305511,
                    -0.2334587574005127,
                    0.9666953086853027,
                    3.8968734741210938
                ],
                [
                    0.9944862127304077,
                    0.024617934599518776,
                    -0.10193680971860886,
                    -0.4109204113483429
                ],
                [
                    0.0,
                    0.9720550775527954,
                    0.23475311696529388,
                    0.9463200569152832
                ],
                [
                    0.0,
                    0.0,
                    0.0,
                    1.0
                ]
            ]
        },
        {
            "file_path": "/data/shapenet_blender/all_50_random/02958343/38b80589a780fc3af63ee8a34069b7c5/r_28",
            "rotation": 0.12566370614359174,
            "transform_matrix": [
                [
                    0.22531944513320923,
                    -0.38776326179504395,
                    0.8937956690788269,
                    3.6030056476593018
                ],
                [
                    0.9742849469184875,
                    0.08967664837837219,
                    -0.2067049741744995,
                    -0.8332543969154358
                ],
                [
                    -7.450580596923828e-09,
                    0.9173863530158997,
                    0.39799779653549194,
                    1.604380488395691
                ],
                [
                    0.0,
                    0.0,
                    0.0,
                    1.0
                ]
            ]
        },
        {
            "file_path": "/data/shapenet_blender/all_50_random/02958343/38b80589a780fc3af63ee8a34069b7c5/r_29",
            "rotation": 0.12566370614359174,
            "transform_matrix": [
                [
                    -0.7568647861480713,
                    0.02892320044338703,
                    -0.6529310941696167,
                    -2.632049560546875
                ],
                [
                    -0.6535714268684387,
                    -0.03349434956908226,
                    0.7561232447624207,
                    3.0480306148529053
                ],
                [
                    0.0,
                    0.9990203380584717,
                    0.04425406828522682,
                    0.1783938705921173
                ],
                [
                    0.0,
                    0.0,
                    0.0,
                    1.0
                ]
            ]
        },
        {
            "file_path": "/data/shapenet_blender/all_50_random/02958343/38b80589a780fc3af63ee8a34069b7c5/r_30",
            "rotation": 0.12566370614359174,
            "transform_matrix": [
                [
                    -0.17410385608673096,
                    0.33922716975212097,
                    0.9244527220726013,
                    3.7265877723693848
                ],
                [
                    0.9847272634506226,
                    0.05997677147388458,
                    0.1634470671415329,
                    0.6588761210441589
                ],
                [
                    -3.725290076417309e-09,
                    0.9387905597686768,
                    -0.3444884419441223,
                    -1.3886771202087402
                ],
                [
                    0.0,
                    0.0,
                    0.0,
                    1.0
                ]
            ]
        },
        {
            "file_path": "/data/shapenet_blender/all_50_random/02958343/38b80589a780fc3af63ee8a34069b7c5/r_31",
            "rotation": 0.12566370614359174,
            "transform_matrix": [
                [
                    0.7180197238922119,
                    0.4208012521266937,
                    -0.5544131994247437,
                    -2.2349112033843994
                ],
                [
                    -0.6960227489471436,
                    0.4341001510620117,
                    -0.5719347596168518,
                    -2.3055427074432373
                ],
                [
                    0.0,
                    0.7965445518493652,
                    0.604579746723175,
                    2.437138795852661
                ],
                [
                    0.0,
                    0.0,
                    0.0,
                    1.0
                ]
            ]
        },
        {
            "file_path": "/data/shapenet_blender/all_50_random/02958343/38b80589a780fc3af63ee8a34069b7c5/r_32",
            "rotation": 0.12566370614359174,
            "transform_matrix": [
                [
                    0.036240674555301666,
                    -0.22521592676639557,
                    -0.9736345410346985,
                    -3.924846649169922
                ],
                [
                    -0.9993430972099304,
                    -0.008167341351509094,
                    -0.035308364778757095,
                    -0.14233258366584778
                ],
                [
                    0.0,
                    0.9742745757102966,
                    -0.22536395490169525,
                    -0.9084712266921997
                ],
                [
                    0.0,
                    0.0,
                    0.0,
                    1.0
                ]
            ]
        },
        {
            "file_path": "/data/shapenet_blender/all_50_random/02958343/38b80589a780fc3af63ee8a34069b7c5/r_33",
            "rotation": 0.12566370614359174,
            "transform_matrix": [
                [
                    0.883945107460022,
                    0.024705125018954277,
                    0.4669376313686371,
                    1.8822858333587646
                ],
                [
                    0.46759071946144104,
                    -0.04670317843556404,
                    -0.8827104568481445,
                    -3.558319568634033
                ],
                [
                    0.0,
                    0.9986032247543335,
                    -0.05283493548631668,
                    -0.21298444271087646
                ],
                [
                    0.0,
                    0.0,
                    0.0,
                    1.0
                ]
            ]
        },
        {
            "file_path": "/data/shapenet_blender/all_50_random/02958343/38b80589a780fc3af63ee8a34069b7c5/r_34",
            "rotation": 0.12566370614359174,
            "transform_matrix": [
                [
                    0.9999955892562866,
                    -0.0015038117999210954,
                    -0.0025872038677334785,
                    -0.010429352521896362
                ],
                [
                    -0.002992503345012665,
                    -0.502524197101593,
                    -0.8645579814910889,
                    -3.48514461517334
                ],
                [
                    -1.1641533570472262e-10,
                    0.8645617961883545,
                    -0.5025264024734497,
                    -2.0257487297058105
                ],
                [
                    0.0,
                    0.0,
                    0.0,
                    1.0
                ]
            ]
        },
        {
            "file_path": "/data/shapenet_blender/all_50_random/02958343/38b80589a780fc3af63ee8a34069b7c5/r_35",
            "rotation": 0.12566370614359174,
            "transform_matrix": [
                [
                    0.21339769661426544,
                    -0.699298620223999,
                    -0.6822336912155151,
                    -2.7501718997955322
                ],
                [
                    -0.9769653677940369,
                    -0.15274718403816223,
                    -0.14901970326900482,
                    -0.6007176637649536
                ],
                [
                    -7.450580152834618e-09,
                    0.698319137096405,
                    -0.7157865166664124,
                    -2.885427713394165
                ],
                [
                    0.0,
                    0.0,
                    0.0,
                    1.0
                ]
            ]
        },
        {
            "file_path": "/data/shapenet_blender/all_50_random/02958343/38b80589a780fc3af63ee8a34069b7c5/r_36",
            "rotation": 0.12566370614359174,
            "transform_matrix": [
                [
                    -0.9998379945755005,
                    -0.004888822790235281,
                    0.01732725277543068,
                    0.06984838843345642
                ],
                [
                    0.018003730103373528,
                    -0.27150097489356995,
                    0.9622697234153748,
                    3.879033327102661
                ],
                [
                    0.0,
                    0.962425708770752,
                    0.2715449929237366,
                    1.094632863998413
                ],
                [
                    0.0,
                    0.0,
                    0.0,
                    1.0
                ]
            ]
        },
        {
            "file_path": "/data/shapenet_blender/all_50_random/02958343/38b80589a780fc3af63ee8a34069b7c5/r_37",
            "rotation": 0.12566370614359174,
            "transform_matrix": [
                [
                    -0.9792550802230835,
                    -0.10107210278511047,
                    0.1756245642900467,
                    0.7079652547836304
                ],
                [
                    0.20263159275054932,
                    -0.48844990134239197,
                    0.8487385511398315,
                    3.421374559402466
                ],
                [
                    1.4901161193847656e-08,
                    0.8667185306549072,
                    0.4987974166870117,
                    2.010716676712036
                ],
                [
                    0.0,
                    0.0,
                    0.0,
                    1.0
                ]
            ]
        },
        {
            "file_path": "/data/shapenet_blender/all_50_random/02958343/38b80589a780fc3af63ee8a34069b7c5/r_38",
            "rotation": 0.12566370614359174,
            "transform_matrix": [
                [
                    0.05543740093708038,
                    0.04434647783637047,
                    0.9974768757820129,
                    4.020957946777344
                ],
                [
                    0.9984622597694397,
                    -0.0024622399359941483,
                    -0.05538269132375717,
                    -0.22325477004051208
                ],
                [
                    0.0,
                    0.9990131258964539,
                    -0.04441478103399277,
                    -0.17904171347618103
                ],
                [
                    0.0,
                    0.0,
                    0.0,
                    1.0
                ]
            ]
        },
        {
            "file_path": "/data/shapenet_blender/all_50_random/02958343/38b80589a780fc3af63ee8a34069b7c5/r_39",
            "rotation": 0.12566370614359174,
            "transform_matrix": [
                [
                    -0.6577965617179871,
                    -0.13925842940807343,
                    -0.7402098774909973,
                    -2.9838814735412598
                ],
                [
                    -0.7531955242156982,
                    0.12162009626626968,
                    0.6464556455612183,
                    2.6059460639953613
                ],
                [
                    0.0,
                    0.9827591776847839,
                    -0.18489015102386475,
                    -0.7453160285949707
                ],
                [
                    0.0,
                    0.0,
                    0.0,
                    1.0
                ]
            ]
        },
        {
            "file_path": "/data/shapenet_blender/all_50_random/02958343/38b80589a780fc3af63ee8a34069b7c5/r_40",
            "rotation": 0.12566370614359174,
            "transform_matrix": [
                [
                    -0.978125810623169,
                    0.114905446767807,
                    0.17339739203453064,
                    0.6989872455596924
                ],
                [
                    0.20801421999931335,
                    0.5403090715408325,
                    0.8153502941131592,
                    3.2867822647094727
                ],
                [
                    7.450580596923828e-09,
                    0.8335843682289124,
                    -0.5523922443389893,
                    -2.226764440536499
                ],
                [
                    0.0,
                    0.0,
                    0.0,
                    1.0
                ]
            ]
        },
        {
            "file_path": "/data/shapenet_blender/all_50_random/02958343/38b80589a780fc3af63ee8a34069b7c5/r_41",
            "rotation": 0.12566370614359174,
            "transform_matrix": [
                [
                    -0.33676645159721375,
                    0.26566872000694275,
                    -0.9033318758010864,
                    -3.6414473056793213
                ],
                [
                    -0.941588282585144,
                    -0.09501851350069046,
                    0.323083758354187,
                    1.3023922443389893
                ],
