{
    "class": "02958343",
    "model": "70cf106dd369bf3ac427f8508e3d634b",
    "remove_doubles": true,
    "edge_split": true,
    "denoise": true,
    "camera_angle_x": 0.6911112070083618,
    "scale_factor": 2.2437622287278645,
    "hdri_file": "/data/IndoorHDRDataset2018/AG8A2510-f7e68d0cea.exr",
    "center_offset": [
        0.0,
        0.0,
        0.0
    ],
    "lights": [],
    "frames": [
        {
            "file_path": "/data/shapenet_blender/all_50_random/02958343/70cf106dd369bf3ac427f8508e3d634b/r_0",
            "rotation": 0.12566370614359174,
            "transform_matrix": [
                [
                    -0.6282565593719482,
                    -0.3458883762359619,
                    -0.6968895196914673,
                    -2.809251308441162
                ],
                [
                    -0.7780063152313232,
                    0.2793121933937073,
                    0.5627530217170715,
                    2.2685298919677734
                ],
                [
                    0.0,
                    0.8957376480102539,
                    -0.44458305835723877,
                    -1.7921714782714844
                ],
                [
                    0.0,
                    0.0,
                    0.0,
                    1.0
                ]
            ]
        },
        {
            "file_path": "/data/shapenet_blender/all_50_random/02958343/70cf106dd369bf3ac427f8508e3d634b/r_1",
            "rotation": 0.12566370614359174,
            "transform_matrix": [
                [
                    0.986609697341919,
                    -0.0318487323820591,
                    0.1599595695734024,
                    0.6448176503181458
                ],
                [
                    0.16309937834739685,
                    0.19265718758106232,
                    -0.9676165580749512,
                    -3.9005870819091797
                ],
                [
                    0.0,
                    0.9807490706443787,
                    0.19527196884155273,
                    0.7871664762496948
                ],
                [
                    0.0,
                    0.0,
                    0.0,
                    1.0
                ]
            ]
        },
        {
            "file_path": "/data/shapenet_blender/all_50_random/02958343/70cf106dd369bf3ac427f8508e3d634b/r_2",
            "rotation": 0.12566370614359174,
            "transform_matrix": [
                [
                    -0.8186028599739075,
                    0.47240638732910156,
                    0.32668259739875793,
                    1.3168997764587402
                ],
                [
                    0.5743598937988281,
                    0.6732942461967468,
                    0.4656023681163788,
                    1.8769032955169678
                ],
                [
                    1.4901160305669237e-08,
                    0.5687769055366516,
                    -0.8224918246269226,
                    -3.315570831298828
                ],
                [
                    0.0,
                    0.0,
                    0.0,
                    1.0
                ]
            ]
        },
        {
            "file_path": "/data/shapenet_blender/all_50_random/02958343/70cf106dd369bf3ac427f8508e3d634b/r_3",
            "rotation": 0.12566370614359174,
            "transform_matrix": [
                [
                    0.8065721988677979,
                    0.5880855917930603,
                    -0.05997152626514435,
                    -0.24175295233726501
                ],
                [
                    -0.591135561466217,
                    0.8024106621742249,
                    -0.08182786405086517,
                    -0.329858660697937
                ],
                [
                    3.725290298461914e-09,
                    0.10145165026187897,
                    0.9948404431343079,
                    4.0103302001953125
                ],
                [
                    0.0,
                    0.0,
                    0.0,
                    1.0
                ]
            ]
        },
        {
            "file_path": "/data/shapenet_blender/all_50_random/02958343/70cf106dd369bf3ac427f8508e3d634b/r_4",
            "rotation": 0.12566370614359174,
            "transform_matrix": [
                [
                    -0.8840187788009644,
                    0.07590615004301071,
                    0.4612472951412201,
                    1.8593474626541138
                ],
                [
                    0.46745145320892334,
                    0.1435495764017105,
                    0.8722858428955078,
                    3.516296863555908
                ],
                [
                    7.450580596923828e-09,
                    0.986727774143219,
                    -0.16238296031951904,
                    -0.6545867323875427
                ],
                [
                    0.0,
                    0.0,
                    0.0,
                    1.0
                ]
            ]
        },
        {
            "file_path": "/data/shapenet_blender/all_50_random/02958343/70cf106dd369bf3ac427f8508e3d634b/r_5",
            "rotation": 0.12566370614359174,
            "transform_matrix": [
                [
                    -0.2219454050064087,
                    0.06475081294775009,
                    -0.9729066491127014,
                    -3.921912431716919
                ],
                [
                    -0.9750591516494751,
                    -0.01473874319344759,
                    0.22145545482635498,
                    0.892715573310852
                ],
                [
                    9.31322685637781e-10,
                    0.9977925419807434,
                    0.06640706211328506,
                    0.26769545674324036
                ],
                [
                    0.0,
                    0.0,
                    0.0,
                    1.0
                ]
            ]
        },
        {
            "file_path": "/data/shapenet_blender/all_50_random/02958343/70cf106dd369bf3ac427f8508e3d634b/r_6",
            "rotation": 0.12566370614359174,
            "transform_matrix": [
                [
                    -0.09705916047096252,
                    -0.9670717120170593,
                    -0.23526962101459503,
                    -0.9484022259712219
                ],
                [
                    -0.9952785968780518,
                    0.09430844336748123,
                    0.022943399846553802,
                    0.09248781204223633
                ],
                [
                    -1.8626449271863521e-09,
                    0.236385777592659,
                    -0.971659243106842,
                    -3.916883945465088
                ],
                [
                    0.0,
                    0.0,
                    0.0,
                    1.0
                ]
            ]
        },
        {
            "file_path": "/data/shapenet_blender/all_50_random/02958343/70cf106dd369bf3ac427f8508e3d634b/r_7",
            "rotation": 0.12566370614359174,
            "transform_matrix": [
                [
                    -0.8068932294845581,
                    0.06003133952617645,
                    -0.5876390337944031,
                    -2.368849039077759
                ],
                [
                    -0.5906974673271179,
                    -0.08200285583734512,
                    0.8027153611183167,
                    3.235849380493164
                ],
                [
                    0.0,
                    0.9948223829269409,
                    0.1016278937458992,
                    0.4096751809120178
                ],
                [
                    0.0,
                    0.0,
                    0.0,
                    1.0
                ]
            ]
        },
        {
            "file_path": "/data/shapenet_blender/all_50_random/02958343/70cf106dd369bf3ac427f8508e3d634b/r_8",
            "rotation": 0.12566370614359174,
            "transform_matrix": [
                [
                    -0.33608776330947876,
                    -0.054890479892492294,
                    -0.9402298331260681,
                    -3.7901875972747803
                ],
                [
                    -0.9418306946754456,
                    0.019587405025959015,
                    0.33551648259162903,
                    1.3525102138519287
                ],
                [
                    1.862645149230957e-09,
                    0.9983001947402954,
                    -0.05828063562512398,
                    -0.23493675887584686
                ],
                [
                    0.0,
                    0.0,
                    0.0,
                    1.0
                ]
            ]
        },
        {
            "file_path": "/data/shapenet_blender/all_50_random/02958343/70cf106dd369bf3ac427f8508e3d634b/r_9",
            "rotation": 0.12566370614359174,
            "transform_matrix": [
                [
                    -0.2530965507030487,
                    -0.6334555149078369,
                    0.7312155365943909,
                    2.9476242065429688
                ],
                [
                    0.9674410223960876,
                    -0.1657211184501648,
                    0.1912965476512909,
                    0.7711410522460938
                ],
                [
                    0.0,
                    0.7558243870735168,
                    0.6547743082046509,
                    2.639479637145996
                ],
                [
                    0.0,
                    0.0,
                    0.0,
                    1.0
                ]
            ]
        },
        {
            "file_path": "/data/shapenet_blender/all_50_random/02958343/70cf106dd369bf3ac427f8508e3d634b/r_10",
            "rotation": 0.12566370614359174,
            "transform_matrix": [
                [
                    0.39565351605415344,
                    0.028902005404233932,
                    0.9179449081420898,
                    3.70035457611084
                ],
                [
                    0.9183999300003052,
                    -0.012451198883354664,
                    -0.39545750617980957,
                    -1.5941402912139893
                ],
                [
                    0.0,
                    0.9995046854019165,
                    -0.03146995231509209,
                    -0.12685945630073547
                ],
                [
                    0.0,
                    0.0,
                    0.0,
                    1.0
                ]
            ]
        },
        {
            "file_path": "/data/shapenet_blender/all_50_random/02958343/70cf106dd369bf3ac427f8508e3d634b/r_11",
            "rotation": 0.12566370614359174,
            "transform_matrix": [
                [
                    -0.9679116010665894,
                    0.15052679181098938,
                    0.2012181580066681,
                    0.8111363649368286
                ],
                [
                    0.25129076838493347,
                    0.5797929763793945,
                    0.7750439047813416,
                    3.1243019104003906
                ],
                [
                    0.0,
                    0.8007383346557617,
                    -0.5990142822265625,
                    -2.414703845977783
                ],
                [
                    0.0,
                    0.0,
                    0.0,
                    1.0
                ]
            ]
        },
        {
            "file_path": "/data/shapenet_blender/all_50_random/02958343/70cf106dd369bf3ac427f8508e3d634b/r_12",
            "rotation": 0.12566370614359174,
            "transform_matrix": [
                [
                    -0.3913012146949768,
                    0.7889906167984009,
                    -0.47368451952934265,
                    -1.9094834327697754
                ],
                [
                    -0.9202626943588257,
                    -0.33548352122306824,
                    0.20141349732875824,
                    0.8119238018989563
                ],
                [
                    1.4901162970204496e-08,
                    0.5147274136543274,
                    0.8573537468910217,
                    3.456103563308716
                ],
                [
                    0.0,
                    0.0,
                    0.0,
                    1.0
                ]
            ]
        },
        {
            "file_path": "/data/shapenet_blender/all_50_random/02958343/70cf106dd369bf3ac427f8508e3d634b/r_13",
            "rotation": 0.12566370614359174,
            "transform_matrix": [
                [
                    0.9303218722343445,
                    0.3455914258956909,
                    -0.12275158613920212,
                    -0.4948274791240692
                ],
                [
                    -0.3667443096637726,
                    0.8766632080078125,
                    -0.3113844692707062,
                    -1.2552309036254883
                ],
                [
                    -7.450581485102248e-09,
                    0.33470621705055237,
                    0.9423224925994873,
                    3.798623561859131
                ],
                [
                    0.0,
                    0.0,
                    0.0,
                    1.0
                ]
            ]
        },
        {
            "file_path": "/data/shapenet_blender/all_50_random/02958343/70cf106dd369bf3ac427f8508e3d634b/r_14",
            "rotation": 0.12566370614359174,
            "transform_matrix": [
                [
                    -0.998002290725708,
                    -0.0014969292096793652,
                    0.0631600022315979,
                    0.25460609793663025
                ],
                [
                    0.06317773461341858,
                    -0.023646602407097816,
                    0.9977220892906189,
                    4.021946430206299
                ],
                [
                    1.1641532182693481e-10,
                    0.9997192621231079,
                    0.023693932220339775,
                    0.09551329910755157
                ],
                [
                    0.0,
                    0.0,
                    0.0,
                    1.0
                ]
            ]
        },
        {
            "file_path": "/data/shapenet_blender/all_50_random/02958343/70cf106dd369bf3ac427f8508e3d634b/r_15",
            "rotation": 0.12566370614359174,
            "transform_matrix": [
                [
                    0.2823229432106018,
                    -0.11137953400611877,
                    0.9528318047523499,
                    3.84098744392395
                ],
                [
                    0.9593193531036377,
                    0.03277844563126564,
                    -0.2804136872291565,
                    -1.1303836107254028
                ],
                [
                    0.0,
                    0.9932372570037842,
                    0.1161026656627655,
                    0.46802476048469543
                ],
                [
                    0.0,
                    0.0,
                    0.0,
                    1.0
                ]
            ]
        },
        {
            "file_path": "/data/shapenet_blender/all_50_random/02958343/70cf106dd369bf3ac427f8508e3d634b/r_16",
            "rotation": 0.12566370614359174,
            "transform_matrix": [
                [
                    0.8411879539489746,
                    0.45512694120407104,
                    0.29199716448783875,
                    1.177078366279602
                ],
                [
                    0.5407429933547974,
                    -0.7080023288726807,
                    -0.4542352259159088,
                    -1.8310809135437012
                ],
                [
                    0.0,
                    0.5399925708770752,
                    -0.8416696786880493,
                    -3.3928792476654053
                ],
                [
                    0.0,
                    0.0,
                    0.0,
                    1.0
                ]
            ]
        },
        {
            "file_path": "/data/shapenet_blender/all_50_random/02958343/70cf106dd369bf3ac427f8508e3d634b/r_17",
            "rotation": 0.12566370614359174,
            "transform_matrix": [
                [
                    0.35629206895828247,
                    0.02669023722410202,
                    -0.9339932799339294,
                    -3.765047550201416
                ],
                [
                    -0.9343746304512024,
                    0.010177417658269405,
                    -0.3561466634273529,
                    -1.4356732368469238
                ],
                [
                    0.0,
                    0.9995918273925781,
                    0.02856481447815895,
                    0.11514845490455627
                ],
                [
                    0.0,
                    0.0,
                    0.0,
                    1.0
                ]
            ]
        },
        {
            "file_path": "/data/shapenet_blender/all_50_random/02958343/70cf106dd369bf3ac427f8508e3d634b/r_18",
            "rotation": 0.12566370614359174,
            "transform_matrix": [
                [
                    -0.9492025375366211,
                    0.16992683708667755,
                    0.26483863592147827,
                    1.0675987005233765
                ],
                [
                    0.31466594338417053,
                    0.5125911831855774,
                    0.7988964319229126,
                    3.220454454421997
                ],
                [
                    0.0,
                    0.8416501879692078,
                    -0.5400230884552002,
                    -2.1769027709960938
                ],
                [
                    0.0,
                    0.0,
                    0.0,
                    1.0
                ]
            ]
        },
        {
            "file_path": "/data/shapenet_blender/all_50_random/02958343/70cf106dd369bf3ac427f8508e3d634b/r_19",
            "rotation": 0.12566370614359174,
            "transform_matrix": [
                [
                    0.016296841204166412,
                    0.6156458854675293,
                    0.7878543138504028,
                    3.1759426593780518
                ],
                [
                    0.9998671412467957,
                    -0.010034415870904922,
                    -0.012841243296861649,
                    -0.05176471173763275
                ],
                [
                    -9.313225746154785e-10,
                    0.7879589796066284,
                    -0.6157276034355164,
                    -2.4820775985717773
                ],
                [
                    0.0,
                    0.0,
                    0.0,
                    1.0
                ]
            ]
        },
        {
            "file_path": "/data/shapenet_blender/all_50_random/02958343/70cf106dd369bf3ac427f8508e3d634b/r_20",
            "rotation": 0.12566370614359174,
            "transform_matrix": [
                [
                    0.047123730182647705,
                    0.6446240544319153,
                    0.7630459666252136,
                    3.075936794281006
                ],
                [
                    0.9988890290260315,
                    -0.030410872772336006,
                    -0.03599756211042404,
                    -0.1451108157634735
                ],
                [
                    -1.862645149230957e-09,
                    0.7638944983482361,
                    -0.6453409790992737,
                    -2.601452589035034
                ],
                [
                    0.0,
                    0.0,
                    0.0,
                    1.0
                ]
            ]
        },
        {
            "file_path": "/data/shapenet_blender/all_50_random/02958343/70cf106dd369bf3ac427f8508e3d634b/r_21",
            "rotation": 0.12566370614359174,
            "transform_matrix": [
                [
                    0.8349975943565369,
                    0.14144906401634216,
                    -0.5317623019218445,
                    -2.1436023712158203
                ],
                [
                    -0.5502535700798035,
                    0.21464583277702332,
                    -0.8069375157356262,
                    -3.252869129180908
                ],
                [
                    0.0,
                    0.9663949608802795,
                    0.257061630487442,
                    1.0362485647201538
                ],
                [
                    0.0,
                    0.0,
                    0.0,
                    1.0
                ]
            ]
        },
        {
            "file_path": "/data/shapenet_blender/all_50_random/02958343/70cf106dd369bf3ac427f8508e3d634b/r_22",
            "rotation": 0.12566370614359174,
            "transform_matrix": [
                [
                    0.9643829464912415,
                    0.011272713541984558,
                    0.2642696499824524,
                    1.0653049945831299
                ],
                [
                    0.2645099461078644,
                    -0.04109944403171539,
                    -0.9635067582130432,
                    -3.8840200901031494
                ],
                [
                    0.0,
                    0.9990914463996887,
                    -0.042617347091436386,
                    -0.1717960238456726
                ],
                [
                    0.0,
                    0.0,
                    0.0,
                    1.0
                ]
            ]
        },
        {
            "file_path": "/data/shapenet_blender/all_50_random/02958343/70cf106dd369bf3ac427f8508e3d634b/r_23",
            "rotation": 0.12566370614359174,
            "transform_matrix": [
                [
                    0.7220714092254639,
                    -0.14819912612438202,
                    0.6757586598396301,
                    2.7240703105926514
                ],
                [
                    0.6918184161186218,
                    0.1546798199415207,
                    -0.7053093910217285,
                    -2.8431930541992188
                ],
                [
                    7.450580596923828e-09,
                    0.9767861366271973,
                    0.21421676874160767,
                    0.8635354042053223
                ],
                [
                    0.0,
                    0.0,
                    0.0,
                    1.0
                ]
            ]
        },
        {
            "file_path": "/data/shapenet_blender/all_50_random/02958343/70cf106dd369bf3ac427f8508e3d634b/r_24",
            "rotation": 0.12566370614359174,
            "transform_matrix": [
                [
                    0.8391603231430054,
                    0.2850646376609802,
                    0.46319329738616943,
                    1.8671919107437134
                ],
                [
                    0.5438840389251709,
                    -0.4398271143436432,
                    -0.7146623730659485,
                    -2.8808960914611816
                ],
                [
                    0.0,
                    0.8516398072242737,
                    -0.5241275429725647,
                    -2.112825632095337
                ],
                [
                    0.0,
                    0.0,
                    0.0,
                    1.0
                ]
            ]
        },
        {
            "file_path": "/data/shapenet_blender/all_50_random/02958343/70cf106dd369bf3ac427f8508e3d634b/r_25",
            "rotation": 0.12566370614359174,
            "transform_matrix": [
                [
                    0.11441779136657715,
                    -0.018538430333137512,
                    -0.9932597875595093,
                    -4.003958225250244
                ],
                [
                    -0.9934326410293579,
                    -0.0021351485047489405,
                    -0.11439788341522217,
                    -0.4611526131629944
                ],
                [
                    0.0,
                    0.9998258948326111,
                    -0.018660983070731163,
                    -0.07522483170032501
                ],
                [
                    0.0,
                    0.0,
                    0.0,
                    1.0
                ]
            ]
        },
        {
            "file_path": "/data/shapenet_blender/all_50_random/02958343/70cf106dd369bf3ac427f8508e3d634b/r_26",
            "rotation": 0.12566370614359174,
            "transform_matrix": [
                [
                    0.5835623741149902,
                    -0.12422683089971542,
                    -0.8025102019309998,
                    -3.2350220680236816
                ],
                [
                    -0.8120683431625366,
                    -0.0892709344625473,
                    -0.5766937732696533,
                    -2.3247270584106445
                ],
                [
                    0.0,
                    0.9882298111915588,
                    -0.15297585725784302,
                    -0.6166654229164124
                ],
                [
                    0.0,
                    0.0,
                    0.0,
                    1.0
                ]
            ]
        },
        {
            "file_path": "/data/shapenet_blender/all_50_random/02958343/70cf106dd369bf3ac427f8508e3d634b/r_27",
            "rotation": 0.12566370614359174,
            "transform_matrix": [
                [
                    -0.10079991817474365,
                    -0.003157523227855563,
                    -0.994901716709137,
                    -4.0105767250061035
                ],
                [
                    -0.9949067831039429,
                    0.0003199074126314372,
                    0.10079940408468246,
                    0.40633535385131836
                ],
                [
                    -2.9103830456733704e-11,
                    0.9999950528144836,
                    -0.0031736872624605894,
                    -0.012793540954589844
                ],
                [
                    0.0,
                    0.0,
                    0.0,
                    1.0
                ]
            ]
        },
        {
            "file_path": "/data/shapenet_blender/all_50_random/02958343/70cf106dd369bf3ac427f8508e3d634b/r_28",
            "rotation": 0.12566370614359174,
            "transform_matrix": [
                [
                    0.8759189248085022,
                    0.061462659388780594,
                    0.4785272777080536,
                    1.9290052652359009
                ],
                [
                    0.48245835304260254,
                    -0.11158747225999832,
                    -0.8687819838523865,
                    -3.5021724700927734
                ],
                [
                    -3.725290298461914e-09,
                    0.9918520450592041,
                    -0.12739473581314087,
                    -0.5135446786880493
                ],
                [
                    0.0,
                    0.0,
                    0.0,
                    1.0
                ]
            ]
        },
        {
            "file_path": "/data/shapenet_blender/all_50_random/02958343/70cf106dd369bf3ac427f8508e3d634b/r_29",
            "rotation": 0.12566370614359174,
            "transform_matrix": [
                [
                    0.09574281424283981,
                    -0.7576785087585449,
                    0.6455667614936829,
                    2.602362871170044
                ],
                [
                    0.9954061508178711,
                    0.07287705689668655,
                    -0.06209362670779228,
                    -0.2503074109554291
                ],
                [
                    0.0,
                    0.6485460996627808,
                    0.7611753344535828,
                    3.0683958530426025
                ],
                [
                    0.0,
                    0.0,
                    0.0,
                    1.0
                ]
            ]
        },
        {
            "file_path": "/data/shapenet_blender/all_50_random/02958343/70cf106dd369bf3ac427f8508e3d634b/r_30",
            "rotation": 0.12566370614359174,
            "transform_matrix": [
                [
                    -0.8480729460716248,
                    0.0728003978729248,
                    -0.5248547792434692,
                    -2.1157572269439697
                ],
                [
                    -0.5298796892166138,
                    -0.1165170967578888,
                    0.8400305509567261,
                    3.3862714767456055
                ],
                [
                    0.0,
                    0.9905168414115906,
                    0.13739046454429626,
                    0.5538386702537537
                ],
                [
                    0.0,
                    0.0,
                    0.0,
                    1.0
                ]
            ]
        },
        {
            "file_path": "/data/shapenet_blender/all_50_random/02958343/70cf106dd369bf3ac427f8508e3d634b/r_31",
            "rotation": 0.12566370614359174,
            "transform_matrix": [
                [
                    0.8817742466926575,
                    -0.3463630974292755,
                    0.3201667070388794,
                    1.2906333208084106
                ],
                [
                    0.47167155146598816,
                    0.6475142240524292,
                    -0.5985409617424011,
                    -2.4127957820892334
                ],
                [
                    1.4901158529312397e-08,
                    0.6787915229797363,
                    0.7343310117721558,
                    2.9601829051971436
                ],
                [
                    0.0,
                    0.0,
                    0.0,
                    1.0
                ]
            ]
        },
        {
            "file_path": "/data/shapenet_blender/all_50_random/02958343/70cf106dd369bf3ac427f8508e3d634b/r_32",
            "rotation": 0.12566370614359174,
            "transform_matrix": [
                [
                    -0.7697100639343262,
                    0.4478684961795807,
                    0.4549287259578705,
                    1.833876371383667
                ],
                [
                    0.6383935809135437,
                    0.5399942398071289,
                    0.5485067963600159,
                    2.211101531982422
                ],
                [
                    1.4901161193847656e-08,
                    0.7126147747039795,
                    -0.7015554904937744,
                    -2.8280606269836426
                ],
                [
                    0.0,
                    0.0,
                    0.0,
                    1.0
                ]
            ]
        },
        {
            "file_path": "/data/shapenet_blender/all_50_random/02958343/70cf106dd369bf3ac427f8508e3d634b/r_33",
            "rotation": 0.12566370614359174,
            "transform_matrix": [
                [
                    0.982297956943512,
                    0.16401425004005432,
                    -0.09050049632787704,
                    -0.36481916904449463
                ],
                [
                    -0.18732596933841705,
                    0.8600561618804932,
                    -0.4745655357837677,
                    -1.9130349159240723
                ],
                [
                    0.0,
                    0.4831177592277527,
                    0.8755553364753723,
                    3.5294764041900635
                ],
                [
                    0.0,
                    0.0,
                    0.0,
                    1.0
                ]
            ]
        },
        {
            "file_path": "/data/shapenet_blender/all_50_random/02958343/70cf106dd369bf3ac427f8508e3d634b/r_34",
            "rotation": 0.12566370614359174,
            "transform_matrix": [
                [
                    0.9982932209968567,
                    0.031594421714544296,
                    0.049117788672447205,
                    0.19800013303756714
                ],
                [
                    0.05840175598859787,
                    -0.5400607585906982,
                    -0.839597225189209,
                    -3.3845245838165283
                ],
                [
                    0.0,
                    0.8410326242446899,
                    -0.5409842133522034,
                    -2.180777072906494
                ],
                [
                    0.0,
                    0.0,
                    0.0,
                    1.0
                ]
            ]
        },
        {
            "file_path": "/data/shapenet_blender/all_50_random/02958343/70cf106dd369bf3ac427f8508e3d634b/r_35",
            "rotation": 0.12566370614359174,
            "transform_matrix": [
                [
                    -0.9734917879104614,
                    -0.12600253522396088,
                    -0.19088545441627502,
                    -0.7694839239120483
                ],
                [
                    -0.22872236371040344,
                    0.5362940430641174,
                    0.8124497532844543,
                    3.275089979171753
                ],
                [
                    7.450581485102248e-09,
                    0.8345728516578674,
                    -0.5508974194526672,
                    -2.2207388877868652
                ],
                [
                    0.0,
                    0.0,
                    0.0,
                    1.0
                ]
            ]
        },
        {
            "file_path": "/data/shapenet_blender/all_50_random/02958343/70cf106dd369bf3ac427f8508e3d634b/r_36",
            "rotation": 0.12566370614359174,
            "transform_matrix": [
                [
                    -0.1968274861574173,
                    0.4730743169784546,
                    0.8587546944618225,
                    3.4617509841918945
                ],
                [
                    0.9804381728172302,
                    0.09497185051441193,
                    0.17239895462989807,
                    0.6949624419212341
                ],
                [
                    0.0,
                    0.8758887052536011,
                    -0.4825131595134735,
                    -1.9450727701187134
                ],
                [
                    0.0,
                    0.0,
                    0.0,
                    1.0
                ]
            ]
        },
        {
            "file_path": "/data/shapenet_blender/all_50_random/02958343/70cf106dd369bf3ac427f8508e3d634b/r_37",
            "rotation": 0.12566370614359174,
            "transform_matrix": [
                [
                    -0.9475921988487244,
                    -0.1425173282623291,
                    0.28593355417251587,
                    1.152635097503662
                ],
                [
                    0.3194827735424042,
                    -0.42270925641059875,
                    0.8480846285820007,
                    3.418738842010498
                ],
                [
                    1.4901162970204496e-08,
                    0.8949893116950989,
                    0.44608765840530396,
                    1.7982369661331177
                ],
                [
                    0.0,
                    0.0,
                    0.0,
                    1.0
                ]
            ]
        },
        {
            "file_path": "/data/shapenet_blender/all_50_random/02958343/70cf106dd369bf3ac427f8508e3d634b/r_38",
            "rotation": 0.12566370614359174,
            "transform_matrix": [
                [
                    0.7026379108428955,
                    -0.4747181832790375,
                    -0.5300402045249939,
                    -2.13666033744812
                ],
                [
                    -0.7115476131439209,
                    -0.4687739610671997,
                    -0.5234032869338989,
                    -2.1099061965942383
                ],
                [
                    1.4901161193847656e-08,
                    0.744911789894104,
                    -0.6671628952026367,
                    -2.689419746398926
                ],
                [
                    0.0,
                    0.0,
                    0.0,
                    1.0
                ]
            ]
        },
        {
            "file_path": "/data/shapenet_blender/all_50_random/02958343/70cf106dd369bf3ac427f8508e3d634b/r_39",
            "rotation": 0.12566370614359174,
            "transform_matrix": [
                [
                    0.38613495230674744,
                    -0.11720257997512817,
                    0.9149662256240845,
                    3.688347101211548
                ],
                [
                    0.9224423170089722,
                    0.04906107485294342,
                    -0.38300544023513794,
                    -1.5439444780349731
                ],
                [
                    -3.725290742551124e-09,
                    0.991895318031311,
                    0.1270568072795868,
                    0.5121824145317078
                ],
                [
                    0.0,
                    0.0,
                    0.0,
                    1.0
                ]
            ]
        },
        {
            "file_path": "/data/shapenet_blender/all_50_random/02958343/70cf106dd369bf3ac427f8508e3d634b/r_40",
            "rotation": 0.12566370614359174,
            "transform_matrix": [
                [
                    0.9599462747573853,
                    0.24755749106407166,
                    -0.1312190592288971,
                    -0.5289609432220459
                ],
                [
                    -0.2801841199398041,
                    0.8481633067131042,
                    -0.4495730996131897,
                    -1.8122870922088623
                ],
                [
                    7.450580596923828e-09,
                    0.4683314263820648,
                    0.8835528492927551,
                    3.5617153644561768
                ],
                [
                    0.0,
                    0.0,
                    0.0,
                    1.0
                ]
            ]
        },
        {
            "file_path": "/data/shapenet_blender/all_50_random/02958343/70cf106dd369bf3ac427f8508e3d634b/r_41",
            "rotation": 0.12566370614359174,
            "transform_matrix": [
                [
                    0.5630306601524353,
                    -0.22318793833255768,
                    0.7957282662391663,
                    3.207683563232422
                ],
                [
                    0.8264359831809998,
                    0.15205247700214386,
                    -0.5421102046966553,
                    -2.185316324234009
                ],
                [
