{
    "class": "02958343",
    "model": "2b18b149cfccacec1d4fdb0e0fa715b",
    "remove_doubles": true,
    "edge_split": true,
    "denoise": true,
    "camera_angle_x": 0.6911112070083618,
    "scale_factor": 2.2440896613096073,
    "hdri_file": "/data/IndoorHDRDataset2018/AG8A6225-e1a6beee99.exr",
    "center_offset": [
        0.0,
        -2.0954757928848267e-09,
        -3.725290298461914e-09
    ],
    "lights": [],
    "frames": [
        {
            "file_path": "/data/shapenet_blender/all_50_random/02958343/2b18b149cfccacec1d4fdb0e0fa715b/r_0",
            "rotation": 0.12566370614359174,
            "transform_matrix": [
                [
                    -0.867875337600708,
                    0.1823943555355072,
                    -0.4620873034000397,
                    -1.8627336025238037
                ],
                [
                    -0.4967820644378662,
                    -0.31864187121391296,
                    0.8072637915611267,
                    3.2541847229003906
                ],
                [
                    0.0,
                    0.9301610589027405,
                    0.3671516478061676,
                    1.4800357818603516
                ],
                [
                    0.0,
                    0.0,
                    0.0,
                    1.0
                ]
            ]
        },
        {
            "file_path": "/data/shapenet_blender/all_50_random/02958343/2b18b149cfccacec1d4fdb0e0fa715b/r_1",
            "rotation": 0.12566370614359174,
            "transform_matrix": [
                [
                    0.18819762766361237,
                    -0.5374096035957336,
                    0.822053849697113,
                    3.313805103302002
                ],
                [
                    0.9821311831474304,
                    0.10297933965921402,
                    -0.15752334892749786,
                    -0.6349969506263733
                ],
                [
                    0.0,
                    0.8370103240013123,
                    0.5471872091293335,
                    2.205782175064087
                ],
                [
                    0.0,
                    0.0,
                    0.0,
                    1.0
                ]
            ]
        },
        {
            "file_path": "/data/shapenet_blender/all_50_random/02958343/2b18b149cfccacec1d4fdb0e0fa715b/r_2",
            "rotation": 0.12566370614359174,
            "transform_matrix": [
                [
                    0.9791191220283508,
                    -0.07044189423322678,
                    -0.1906927227973938,
                    -0.7687070369720459
                ],
                [
                    -0.20328745245933533,
                    -0.3392782211303711,
                    -0.918457567691803,
                    -3.702421188354492
                ],
                [
                    0.0,
                    0.9380449056625366,
                    -0.34651368856430054,
                    -1.3968415260314941
                ],
                [
                    0.0,
                    0.0,
                    0.0,
                    1.0
                ]
            ]
        },
        {
            "file_path": "/data/shapenet_blender/all_50_random/02958343/2b18b149cfccacec1d4fdb0e0fa715b/r_3",
            "rotation": 0.12566370614359174,
            "transform_matrix": [
                [
                    0.17018485069274902,
                    0.11752069741487503,
                    0.9783792495727539,
                    3.9439730644226074
                ],
                [
                    0.9854121804237366,
                    -0.02029632404446602,
                    -0.1689702421426773,
                    -0.6811408996582031
                ],
                [
                    1.8626450382086546e-09,
                    0.9928629994392395,
                    -0.11926046013832092,
                    -0.4807543158531189
                ],
                [
                    0.0,
                    0.0,
                    0.0,
                    1.0
                ]
            ]
        },
        {
            "file_path": "/data/shapenet_blender/all_50_random/02958343/2b18b149cfccacec1d4fdb0e0fa715b/r_4",
            "rotation": 0.12566370614359174,
            "transform_matrix": [
                [
                    0.8767523765563965,
                    -0.17166940867900848,
                    -0.4492603838443756,
                    -1.811026692390442
                ],
                [
                    -0.48094215989112854,
                    -0.3129515051841736,
                    -0.8189968466758728,
                    -3.3014822006225586
                ],
                [
                    0.0,
                    0.9341257810592651,
                    -0.3569439649581909,
                    -1.4388872385025024
                ],
                [
                    0.0,
                    0.0,
                    0.0,
                    1.0
                ]
            ]
        },
        {
            "file_path": "/data/shapenet_blender/all_50_random/02958343/2b18b149cfccacec1d4fdb0e0fa715b/r_5",
            "rotation": 0.12566370614359174,
            "transform_matrix": [
                [
                    0.5916525721549988,
                    0.44989943504333496,
                    0.6689825654029846,
                    2.6967551708221436
                ],
                [
                    0.8061929941177368,
                    -0.3301742374897003,
                    -0.4909559488296509,
                    -1.9791069030761719
                ],
                [
                    0.0,
                    0.829804539680481,
                    -0.5580540895462036,
                    -2.2495882511138916
                ],
                [
                    0.0,
                    0.0,
                    0.0,
                    1.0
                ]
            ]
        },
        {
            "file_path": "/data/shapenet_blender/all_50_random/02958343/2b18b149cfccacec1d4fdb0e0fa715b/r_6",
            "rotation": 0.12566370614359174,
            "transform_matrix": [
                [
                    0.32241109013557434,
                    -0.8224398493766785,
                    -0.46866169571876526,
                    -1.8892357349395752
                ],
                [
                    -0.9465998411178589,
                    -0.280122309923172,
                    -0.15962578356266022,
                    -0.6434721350669861
                ],
                [
                    1.4901162970204496e-08,
                    0.49510014057159424,
                    -0.8688358664512634,
                    -3.502389430999756
                ],
                [
                    0.0,
                    0.0,
                    0.0,
                    1.0
                ]
            ]
        },
        {
            "file_path": "/data/shapenet_blender/all_50_random/02958343/2b18b149cfccacec1d4fdb0e0fa715b/r_7",
            "rotation": 0.12566370614359174,
            "transform_matrix": [
                [
                    0.30457472801208496,
                    -0.07913917303085327,
                    -0.9491949677467346,
                    -3.8263275623321533
                ],
                [
                    -0.952488362789154,
                    -0.025306129828095436,
                    -0.30352160334587097,
                    -1.2235348224639893
                ],
                [
                    0.0,
                    0.9965422749519348,
                    -0.08308675140142441,
                    -0.33493342995643616
                ],
                [
                    0.0,
                    0.0,
                    0.0,
                    1.0
                ]
            ]
        },
        {
            "file_path": "/data/shapenet_blender/all_50_random/02958343/2b18b149cfccacec1d4fdb0e0fa715b/r_8",
            "rotation": 0.12566370614359174,
            "transform_matrix": [
                [
                    -0.8318151235580444,
                    -0.3457549214363098,
                    0.4342087507247925,
                    1.7503514289855957
                ],
                [
                    0.5550528764724731,
                    -0.5181563496589661,
                    0.6507152915000916,
                    2.623117208480835
                ],
                [
                    1.4901161193847656e-08,
                    0.7822835445404053,
                    0.6229224801063538,
                    2.511080741882324
                ],
                [
                    0.0,
                    0.0,
                    0.0,
                    1.0
                ]
            ]
        },
        {
            "file_path": "/data/shapenet_blender/all_50_random/02958343/2b18b149cfccacec1d4fdb0e0fa715b/r_9",
            "rotation": 0.12566370614359174,
            "transform_matrix": [
                [
                    0.9818060398101807,
                    0.033628154546022415,
                    0.1868850439786911,
                    0.7533577680587769
                ],
                [
                    0.18988651037216187,
                    -0.17387402057647705,
                    -0.9662870764732361,
                    -3.895228147506714
                ],
                [
                    3.725290742551124e-09,
                    0.9841934442520142,
                    -0.17709609866142273,
                    -0.7138972878456116
                ],
                [
                    0.0,
                    0.0,
                    0.0,
                    1.0
                ]
            ]
        },
        {
            "file_path": "/data/shapenet_blender/all_50_random/02958343/2b18b149cfccacec1d4fdb0e0fa715b/r_10",
            "rotation": 0.12566370614359174,
            "transform_matrix": [
                [
                    0.8075572848320007,
                    0.07115305215120316,
                    0.5854813456535339,
                    2.3601508140563965
                ],
                [
                    0.589789092540741,
                    -0.0974249392747879,
                    -0.8016589879989624,
                    -3.231590747833252
                ],
                [
                    0.0,
                    0.9926961064338684,
                    -0.12064151465892792,
                    -0.48632150888442993
                ],
                [
                    0.0,
                    0.0,
                    0.0,
                    1.0
                ]
            ]
        },
        {
            "file_path": "/data/shapenet_blender/all_50_random/02958343/2b18b149cfccacec1d4fdb0e0fa715b/r_11",
            "rotation": 0.12566370614359174,
            "transform_matrix": [
                [
                    -0.8539907336235046,
                    0.15374885499477386,
                    0.49705246090888977,
                    2.0036826133728027
                ],
                [
                    0.5202882289886475,
                    0.2523602843284607,
                    0.8158519864082336,
                    3.288804531097412
                ],
                [
                    0.0,
                    0.9553405046463013,
                    -0.2955070734024048,
                    -1.1912270784378052
                ],
                [
                    0.0,
                    0.0,
                    0.0,
                    1.0
                ]
            ]
        },
        {
            "file_path": "/data/shapenet_blender/all_50_random/02958343/2b18b149cfccacec1d4fdb0e0fa715b/r_12",
            "rotation": 0.12566370614359174,
            "transform_matrix": [
                [
                    -0.9066210985183716,
                    -0.24714694917201996,
                    -0.3419891893863678,
                    -1.3786025047302246
                ],
                [
                    -0.42194581031799316,
                    0.5310365557670593,
                    0.7348209619522095,
                    2.962157964706421
                ],
                [
                    1.4901162970204496e-08,
                    0.8105050325393677,
                    -0.585731565952301,
                    -2.361159563064575
                ],
                [
                    0.0,
                    0.0,
                    0.0,
                    1.0
                ]
            ]
        },
        {
            "file_path": "/data/shapenet_blender/all_50_random/02958343/2b18b149cfccacec1d4fdb0e0fa715b/r_13",
            "rotation": 0.12566370614359174,
            "transform_matrix": [
                [
                    -0.9938594698905945,
                    0.08655749261379242,
                    -0.0689287856221199,
                    -0.2778608202934265
                ],
                [
                    -0.11064980924129486,
                    -0.7774617075920105,
                    0.619120180606842,
                    2.495753288269043
                ],
                [
                    0.0,
                    0.6229453682899475,
                    0.782265305519104,
                    3.153412342071533
                ],
                [
                    0.0,
                    0.0,
                    0.0,
                    1.0
                ]
            ]
        },
        {
            "file_path": "/data/shapenet_blender/all_50_random/02958343/2b18b149cfccacec1d4fdb0e0fa715b/r_14",
            "rotation": 0.12566370614359174,
            "transform_matrix": [
                [
                    -0.9243935346603394,
                    -0.22842402756214142,
                    0.30548185110092163,
                    1.231436848640442
                ],
                [
                    0.38144034147262573,
                    -0.5535693764686584,
                    0.7403135299682617,
                    2.984299421310425
                ],
                [
                    0.0,
                    0.8008641600608826,
                    0.5988460183143616,
                    2.4140257835388184
                ],
                [
                    0.0,
                    0.0,
                    0.0,
                    1.0
                ]
            ]
        },
        {
            "file_path": "/data/shapenet_blender/all_50_random/02958343/2b18b149cfccacec1d4fdb0e0fa715b/r_15",
            "rotation": 0.12566370614359174,
            "transform_matrix": [
                [
                    0.9829639196395874,
                    0.06281078606843948,
                    -0.17273367941379547,
                    -0.6963117122650146
                ],
                [
                    -0.1837991327047348,
                    0.33591416478157043,
                    -0.9237854480743408,
                    -3.72389817237854
                ],
                [
                    0.0,
                    0.939795970916748,
                    0.3417360484600067,
                    1.37758207321167
                ],
                [
                    0.0,
                    0.0,
                    0.0,
                    1.0
                ]
            ]
        },
        {
            "file_path": "/data/shapenet_blender/all_50_random/02958343/2b18b149cfccacec1d4fdb0e0fa715b/r_16",
            "rotation": 0.12566370614359174,
            "transform_matrix": [
                [
                    -0.848010241985321,
                    -0.06994840502738953,
                    -0.5253435373306274,
                    -2.117727756500244
                ],
                [
                    -0.5299798250198364,
                    0.11192303895950317,
                    0.8405917286872864,
                    3.3885338306427
                ],
                [
                    -3.725290298461914e-09,
                    0.9912519454956055,
                    -0.13198310136795044,
                    -0.5320409536361694
                ],
                [
                    0.0,
                    0.0,
                    0.0,
                    1.0
                ]
            ]
        },
        {
            "file_path": "/data/shapenet_blender/all_50_random/02958343/2b18b149cfccacec1d4fdb0e0fa715b/r_17",
            "rotation": 0.12566370614359174,
            "transform_matrix": [
                [
                    0.41298604011535645,
                    -0.7293524742126465,
                    -0.545424222946167,
                    -2.1986753940582275
                ],
                [
                    -0.9107373356819153,
                    -0.33073464035987854,
                    -0.24732989072799683,
                    -0.9970186948776245
                ],
                [
                    -1.4901161193847656e-08,
                    0.5988819599151611,
                    -0.8008372187614441,
                    -3.228278160095215
                ],
                [
                    0.0,
                    0.0,
                    0.0,
                    1.0
                ]
            ]
        },
        {
            "file_path": "/data/shapenet_blender/all_50_random/02958343/2b18b149cfccacec1d4fdb0e0fa715b/r_18",
            "rotation": 0.12566370614359174,
            "transform_matrix": [
                [
                    -0.7908411622047424,
                    0.5268988609313965,
                    -0.31136462092399597,
                    -1.2551509141921997
                ],
                [
                    -0.6120215654373169,
                    -0.6808474063873291,
                    0.4023386538028717,
                    1.621878981590271
                ],
                [
                    -2.980232594040899e-08,
                    0.5087478160858154,
                    0.8609156012535095,
                    3.470461845397949
                ],
                [
                    0.0,
                    0.0,
                    0.0,
                    1.0
                ]
            ]
        },
        {
            "file_path": "/data/shapenet_blender/all_50_random/02958343/2b18b149cfccacec1d4fdb0e0fa715b/r_19",
            "rotation": 0.12566370614359174,
            "transform_matrix": [
                [
                    -0.7563191652297974,
                    -0.44929951429367065,
                    -0.4755115509033203,
                    -1.9168484210968018
                ],
                [
                    -0.6542028188705444,
                    0.5194319486618042,
                    0.5497355461120605,
                    2.216054916381836
                ],
                [
                    -1.4901161193847656e-08,
                    0.7268565893173218,
                    -0.6867892742156982,
                    -2.76853609085083
                ],
                [
                    0.0,
                    0.0,
                    0.0,
                    1.0
                ]
            ]
        },
        {
            "file_path": "/data/shapenet_blender/all_50_random/02958343/2b18b149cfccacec1d4fdb0e0fa715b/r_20",
            "rotation": 0.12566370614359174,
            "transform_matrix": [
                [
                    0.7038302421569824,
                    -0.467417448759079,
                    0.5349242091178894,
                    2.156348466873169
                ],
                [
                    0.7103681564331055,
                    0.46311551332473755,
                    -0.5300009846687317,
                    -2.136502265930176
                ],
                [
                    1.4901160305669237e-08,
                    0.7530239224433899,
                    0.6579931974411011,
                    2.6524553298950195
                ],
                [
                    0.0,
                    0.0,
                    0.0,
                    1.0
                ]
            ]
        },
        {
            "file_path": "/data/shapenet_blender/all_50_random/02958343/2b18b149cfccacec1d4fdb0e0fa715b/r_21",
            "rotation": 0.12566370614359174,
            "transform_matrix": [
                [
                    -0.6574898362159729,
                    -0.03737921267747879,
                    0.7525356411933899,
                    3.0335681438446045
                ],
                [
                    0.7534634470939636,
                    -0.03261797875165939,
                    0.6566802859306335,
                    2.647162914276123
                ],
                [
                    0.0,
                    0.9987686276435852,
                    0.04960986226797104,
                    0.19998374581336975
                ],
                [
                    0.0,
                    0.0,
                    0.0,
                    1.0
                ]
            ]
        },
        {
            "file_path": "/data/shapenet_blender/all_50_random/02958343/2b18b149cfccacec1d4fdb0e0fa715b/r_22",
            "rotation": 0.12566370614359174,
            "transform_matrix": [
                [
                    0.6255541443824768,
                    0.207185298204422,
                    0.7521675825119019,
                    3.0320847034454346
                ],
                [
                    0.7801806926727295,
                    -0.16612258553504944,
                    -0.6030930876731873,
                    -2.4311461448669434
                ],
                [
                    0.0,
                    0.9640942215919495,
                    -0.2655605971813202,
                    -1.0705090761184692
                ],
                [
                    0.0,
                    0.0,
                    0.0,
                    1.0
                ]
            ]
        },
        {
            "file_path": "/data/shapenet_blender/all_50_random/02958343/2b18b149cfccacec1d4fdb0e0fa715b/r_23",
            "rotation": 0.12566370614359174,
            "transform_matrix": [
                [
                    0.21120738983154297,
                    0.9631830453872681,
                    0.1663423776626587,
                    0.6705475449562073
                ],
                [
                    0.9774412512779236,
                    -0.20812644064426422,
                    -0.03594357892870903,
                    -0.14489319920539856
                ],
                [
                    0.0,
                    0.17018137872219086,
                    -0.9854127168655396,
                    -3.9723258018493652
                ],
                [
                    0.0,
                    0.0,
                    0.0,
                    1.0
                ]
            ]
        },
        {
            "file_path": "/data/shapenet_blender/all_50_random/02958343/2b18b149cfccacec1d4fdb0e0fa715b/r_24",
            "rotation": 0.12566370614359174,
            "transform_matrix": [
                [
                    0.35779300332069397,
                    -0.03282827138900757,
                    0.9332236647605896,
                    3.7619450092315674
                ],
                [
                    0.9338009357452393,
                    0.012578405439853668,
                    -0.3575718402862549,
                    -1.441418170928955
                ],
                [
                    9.313225746154785e-10,
                    0.9993817210197449,
                    0.035155538469552994,
                    0.14171651005744934
                ],
                [
                    0.0,
                    0.0,
                    0.0,
                    1.0
                ]
            ]
        },
        {
            "file_path": "/data/shapenet_blender/all_50_random/02958343/2b18b149cfccacec1d4fdb0e0fa715b/r_25",
            "rotation": 0.12566370614359174,
            "transform_matrix": [
                [
                    -0.9965609312057495,
                    0.019120777025818825,
                    0.0806272029876709,
                    0.32501864433288574
                ],
                [
                    0.08286344259977341,
                    0.22995688021183014,
                    0.9696666598320007,
                    3.908851385116577
                ],
                [
                    0.0,
                    0.9730129837989807,
                    -0.2307504117488861,
                    -0.9301846623420715
                ],
                [
                    0.0,
                    0.0,
                    0.0,
                    1.0
                ]
            ]
        },
        {
            "file_path": "/data/shapenet_blender/all_50_random/02958343/2b18b149cfccacec1d4fdb0e0fa715b/r_26",
            "rotation": 0.12566370614359174,
            "transform_matrix": [
                [
                    -0.8170230388641357,
                    0.011770746670663357,
                    -0.5764848589897156,
                    -2.323884963989258
                ],
                [
                    -0.5766050815582275,
                    -0.01667860895395279,
                    0.8168526887893677,
                    3.2928388118743896
                ],
                [
                    0.0,
                    0.9997915029525757,
                    0.020413881167769432,
                    0.08229099214076996
                ],
                [
                    0.0,
                    0.0,
                    0.0,
                    1.0
                ]
            ]
        },
        {
            "file_path": "/data/shapenet_blender/all_50_random/02958343/2b18b149cfccacec1d4fdb0e0fa715b/r_27",
            "rotation": 0.12566370614359174,
            "transform_matrix": [
                [
                    0.22782431542873383,
                    0.1629997044801712,
                    0.9599620699882507,
                    3.8697307109832764
                ],
                [
                    0.9737022519111633,
                    -0.038138248026371,
                    -0.22460941970348358,
                    -0.905429482460022
                ],
                [
                    3.725290076417309e-09,
                    0.9858887195587158,
                    -0.1674019992351532,
                    -0.6748189926147461
                ],
                [
                    0.0,
                    0.0,
                    0.0,
                    1.0
                ]
            ]
        },
        {
            "file_path": "/data/shapenet_blender/all_50_random/02958343/2b18b149cfccacec1d4fdb0e0fa715b/r_28",
            "rotation": 0.12566370614359174,
            "transform_matrix": [
                [
                    -0.1525261402130127,
                    0.43916454911231995,
                    -0.8853644132614136,
                    -3.5690183639526367
                ],
                [
                    -0.9882994294166565,
                    -0.0677771046757698,
                    0.13663998246192932,
                    0.5508134365081787
                ],
                [
                    0.0,
                    0.895846426486969,
                    0.4443637728691101,
                    1.7912877798080444
                ],
                [
                    0.0,
                    0.0,
                    0.0,
                    1.0
                ]
            ]
        },
        {
            "file_path": "/data/shapenet_blender/all_50_random/02958343/2b18b149cfccacec1d4fdb0e0fa715b/r_29",
            "rotation": 0.12566370614359174,
            "transform_matrix": [
                [
                    -0.6720567345619202,
                    -0.27566805481910706,
                    -0.6872748732566833,
                    -2.770493745803833
                ],
                [
                    -0.7404995560646057,
                    0.2501886188983917,
                    0.6237515211105347,
                    2.51442289352417
                ],
                [
                    -1.4901161193847656e-08,
                    0.9281232357025146,
                    -0.3722730278968811,
                    -1.5006805658340454
                ],
                [
                    0.0,
                    0.0,
                    0.0,
                    1.0
                ]
            ]
        },
        {
            "file_path": "/data/shapenet_blender/all_50_random/02958343/2b18b149cfccacec1d4fdb0e0fa715b/r_30",
            "rotation": 0.12566370614359174,
            "transform_matrix": [
                [
                    0.9835509061813354,
                    -0.16052164137363434,
                    -0.08282829076051712,
                    -0.33389151096343994
                ],
                [
                    -0.18063147366046906,
                    -0.8740514516830444,
                    -0.451005756855011,
                    -1.8180623054504395
                ],
                [
                    -7.450581485102248e-09,
                    0.4585483968257904,
                    -0.8886693716049194,
                    -3.582340717315674
                ],
                [
                    0.0,
                    0.0,
                    0.0,
                    1.0
                ]
            ]
        },
        {
            "file_path": "/data/shapenet_blender/all_50_random/02958343/2b18b149cfccacec1d4fdb0e0fa715b/r_31",
            "rotation": 0.12566370614359174,
            "transform_matrix": [
                [
                    0.8566986322402954,
                    -0.09210053086280823,
                    0.5075283050537109,
                    2.045912027359009
                ],
                [
                    0.5158173441886902,
                    0.15296576917171478,
                    -0.8429317474365234,
                    -3.3979666233062744
                ],
                [
                    0.0,
                    0.9839303493499756,
                    0.17855261266231537,
                    0.7197685837745667
                ],
                [
                    0.0,
                    0.0,
                    0.0,
                    1.0
                ]
            ]
        },
        {
            "file_path": "/data/shapenet_blender/all_50_random/02958343/2b18b149cfccacec1d4fdb0e0fa715b/r_32",
            "rotation": 0.12566370614359174,
            "transform_matrix": [
                [
                    -0.42034289240837097,
                    0.276032418012619,
                    -0.8643598556518555,
                    -3.4843459129333496
                ],
                [
                    -0.9073653221130371,
                    -0.12787380814552307,
                    0.40042030811309814,
                    1.6141458749771118
                ],
                [
                    0.0,
                    0.9526038765907288,
                    0.30421310663223267,
                    1.2263221740722656
                ],
                [
                    0.0,
                    0.0,
                    0.0,
                    1.0
                ]
            ]
        },
        {
            "file_path": "/data/shapenet_blender/all_50_random/02958343/2b18b149cfccacec1d4fdb0e0fa715b/r_33",
            "rotation": 0.12566370614359174,
            "transform_matrix": [
                [
                    -0.9944016933441162,
                    -0.007454107981175184,
                    -0.10540289431810379,
                    -0.4248926639556885
                ],
                [
                    -0.1056661382317543,
                    0.0701490268111229,
                    0.9919242858886719,
                    3.998574733734131
                ],
                [
                    0.0,
                    0.9975086450576782,
                    -0.07054395973682404,
                    -0.2843717932701111
                ],
                [
                    0.0,
                    0.0,
                    0.0,
                    1.0
                ]
            ]
        },
        {
            "file_path": "/data/shapenet_blender/all_50_random/02958343/2b18b149cfccacec1d4fdb0e0fa715b/r_34",
            "rotation": 0.12566370614359174,
            "transform_matrix": [
                [
                    0.9957836866378784,
                    0.008268969133496284,
                    -0.09135991334915161,
                    -0.36828362941741943
                ],
                [
                    -0.09173337370157242,
                    0.08976127207279205,
                    -0.991729736328125,
                    -3.997790575027466
                ],
                [
                    0.0,
                    0.9959290027618408,
                    0.09014133363962173,
                    0.3633713722229004
                ],
                [
                    0.0,
                    0.0,
                    0.0,
                    1.0
                ]
            ]
        },
        {
            "file_path": "/data/shapenet_blender/all_50_random/02958343/2b18b149cfccacec1d4fdb0e0fa715b/r_35",
            "rotation": 0.12566370614359174,
            "transform_matrix": [
                [
                    -0.13987432420253754,
                    0.003160912776365876,
                    -0.9901642203330994,
                    -3.9914796352386475
                ],
                [
                    -0.9901692271232605,
                    -0.00044652019278146327,
                    0.13987362384796143,
                    0.563848614692688
                ],
                [
                    2.9103828722010228e-11,
                    0.9999949336051941,
                    0.0031922950875014067,
                    0.012868553400039673
                ],
                [
                    0.0,
                    0.0,
                    0.0,
                    1.0
                ]
            ]
        },
        {
            "file_path": "/data/shapenet_blender/all_50_random/02958343/2b18b149cfccacec1d4fdb0e0fa715b/r_36",
            "rotation": 0.12566370614359174,
            "transform_matrix": [
                [
                    0.9969417452812195,
                    -0.005170577205717564,
                    0.07797800004482269,
                    0.31433936953544617
                ],
                [
                    0.07814924418926239,
                    0.06596051156520844,
                    -0.9947572350502014,
                    -4.0099945068359375
                ],
                [
                    0.0,
                    0.9978087544441223,
                    0.06616286188364029,
                    0.26671102643013
                ],
                [
                    0.0,
                    0.0,
                    0.0,
                    1.0
                ]
            ]
        },
        {
            "file_path": "/data/shapenet_blender/all_50_random/02958343/2b18b149cfccacec1d4fdb0e0fa715b/r_37",
            "rotation": 0.12566370614359174,
            "transform_matrix": [
                [
                    -0.9264837503433228,
                    0.06415755301713943,
                    -0.3708256781101227,
                    -1.494846224784851
                ],
                [
                    -0.3763348162174225,
                    -0.15794694423675537,
                    0.9129210114479065,
                    3.680102586746216
                ],
                [
                    -3.725290298461914e-09,
                    0.9853611588478088,
                    0.17047996819019318,
                    0.6872267723083496
                ],
                [
                    0.0,
                    0.0,
                    0.0,
                    1.0
                ]
            ]
        },
        {
            "file_path": "/data/shapenet_blender/all_50_random/02958343/2b18b149cfccacec1d4fdb0e0fa715b/r_38",
            "rotation": 0.12566370614359174,
            "transform_matrix": [
                [
                    -0.9243537783622742,
                    -0.03029513545334339,
                    -0.380331814289093,
                    -1.5331664085388184
                ],
                [
                    -0.38153642416000366,
                    0.07339645177125931,
                    0.9214352965354919,
                    3.7144241333007812
                ],
                [
                    0.0,
                    0.9968425035476685,
                    -0.07940299808979034,
                    -0.3200836777687073
                ],
                [
                    0.0,
                    0.0,
                    0.0,
                    1.0
                ]
            ]
        },
        {
            "file_path": "/data/shapenet_blender/all_50_random/02958343/2b18b149cfccacec1d4fdb0e0fa715b/r_39",
            "rotation": 0.12566370614359174,
            "transform_matrix": [
                [
                    -0.7512760758399963,
                    -0.013568107038736343,
                    -0.6598485708236694,
                    -2.6599347591400146
                ],
                [
                    -0.6599880456924438,
                    0.015444815158843994,
                    0.7511172890663147,
                    3.02785062789917
                ],
                [
                    0.0,
                    0.9997886419296265,
                    -0.020558107644319534,
                    -0.08287238329648972
                ],
                [
                    0.0,
                    0.0,
                    0.0,
                    1.0
                ]
            ]
        },
        {
            "file_path": "/data/shapenet_blender/all_50_random/02958343/2b18b149cfccacec1d4fdb0e0fa715b/r_40",
            "rotation": 0.12566370614359174,
            "transform_matrix": [
                [
                    0.07219643890857697,
                    -0.6468207240104675,
                    0.7592171430587769,
                    3.060502052307129
                ],
                [
                    0.9973905086517334,
                    0.04682033136487007,
                    -0.05495618283748627,
                    -0.22153544425964355
                ],
                [
                    0.0,
                    0.7612035274505615,
                    0.6485130190849304,
                    2.614239454269409
                ],
                [
                    0.0,
                    0.0,
                    0.0,
                    1.0
                ]
            ]
        },
        {
            "file_path": "/data/shapenet_blender/all_50_random/02958343/2b18b149cfccacec1d4fdb0e0fa715b/r_41",
            "rotation": 0.12566370614359174,
            "transform_matrix": [
                [
                    -0.5962587594985962,
                    0.31538155674934387,
                    -0.7382479310035706,
                    -2.9759721755981445
                ],
                [
                    -0.8027923107147217,
                    -0.23424367606639862,
                    0.5483196973800659,
                    2.2103471755981445
                ],
                [
                    0.0,
                    0.9196001291275024,
