{
    "class": "02958343",
    "model": "1151e7cd24f5bd21ccbd9e5bb82dd04",
    "remove_doubles": true,
    "edge_split": true,
    "denoise": true,
    "camera_angle_x": 0.6911112070083618,
    "scale_factor": 2.329777680386724,
    "hdri_file": "/data/IndoorHDRDataset2018/AG8A8934-1986519736.exr",
    "center_offset": [
        0.0,
        0.0,
        9.313225746154785e-10
    ],
    "lights": [],
    "frames": [
        {
            "file_path": "/data/shapenet_blender/all_50_random/02958343/1151e7cd24f5bd21ccbd9e5bb82dd04/r_0",
            "rotation": 0.12566370614359174,
            "transform_matrix": [
                [
                    -0.8346012234687805,
                    -0.3546859920024872,
                    0.42147189378738403,
                    1.6990076303482056
                ],
                [
                    0.550854504108429,
                    -0.5373856425285339,
                    0.638573169708252,
                    2.5741710662841797
                ],
                [
                    -1.4901160305669237e-08,
                    0.765123724937439,
                    0.6438831686973572,
                    2.595576286315918
                ],
                [
                    0.0,
                    0.0,
                    0.0,
                    1.0
                ]
            ]
        },
        {
            "file_path": "/data/shapenet_blender/all_50_random/02958343/1151e7cd24f5bd21ccbd9e5bb82dd04/r_1",
            "rotation": 0.12566370614359174,
            "transform_matrix": [
                [
                    0.8844314813613892,
                    -0.17468871176242828,
                    0.4327412247657776,
                    1.744435429573059
                ],
                [
                    0.4666702151298523,
                    0.33106932044029236,
                    -0.82012939453125,
                    -3.306046962738037
                ],
                [
                    0.0,
                    0.927295446395874,
                    0.37433019280433655,
                    1.5089731216430664
                ],
                [
                    0.0,
                    0.0,
                    0.0,
                    1.0
                ]
            ]
        },
        {
            "file_path": "/data/shapenet_blender/all_50_random/02958343/1151e7cd24f5bd21ccbd9e5bb82dd04/r_2",
            "rotation": 0.12566370614359174,
            "transform_matrix": [
                [
                    -0.9053279161453247,
                    -0.28799623250961304,
                    -0.31215307116508484,
                    -1.2583292722702026
                ],
                [
                    -0.4247133135795593,
                    0.6138988733291626,
                    0.6653921008110046,
                    2.682281255722046
                ],
                [
                    0.0,
                    0.7349734902381897,
                    -0.6780956387519836,
                    -2.7334909439086914
                ],
                [
                    0.0,
                    0.0,
                    0.0,
                    1.0
                ]
            ]
        },
        {
            "file_path": "/data/shapenet_blender/all_50_random/02958343/1151e7cd24f5bd21ccbd9e5bb82dd04/r_3",
            "rotation": 0.12566370614359174,
            "transform_matrix": [
                [
                    0.9950575828552246,
                    0.025312060490250587,
                    -0.09602009505033493,
                    -0.38706937432289124
                ],
                [
                    -0.09930036216974258,
                    0.2536441683769226,
                    -0.9621871113777161,
                    -3.8787002563476562
                ],
                [
                    0.0,
                    0.9669662714004517,
                    0.2549040615558624,
                    1.0275511741638184
                ],
                [
                    0.0,
                    0.0,
                    0.0,
                    1.0
                ]
            ]
        },
        {
            "file_path": "/data/shapenet_blender/all_50_random/02958343/1151e7cd24f5bd21ccbd9e5bb82dd04/r_4",
            "rotation": 0.12566370614359174,
            "transform_matrix": [
                [
                    0.7678987979888916,
                    0.5607371926307678,
                    0.3096858263015747,
                    1.2483835220336914
                ],
                [
                    0.6405712962150574,
                    -0.6721959114074707,
                    -0.37124258279800415,
                    -1.4965267181396484
                ],
                [
                    2.980232594040899e-08,
                    0.48345255851745605,
                    -0.8753705620765686,
                    -3.52873158454895
                ],
                [
                    0.0,
                    0.0,
                    0.0,
                    1.0
                ]
            ]
        },
        {
            "file_path": "/data/shapenet_blender/all_50_random/02958343/1151e7cd24f5bd21ccbd9e5bb82dd04/r_5",
            "rotation": 0.12566370614359174,
            "transform_matrix": [
                [
                    0.9555932283401489,
                    -0.03612678870558739,
                    0.29246634244918823,
                    1.178969383239746
                ],
                [
                    0.2946891486644745,
                    0.11714891344308853,
                    -0.9483852982521057,
                    -3.8230628967285156
                ],
                [
                    3.7252898543727042e-09,
                    0.9924570918083191,
                    0.12259288132190704,
                    0.4941876530647278
                ],
                [
                    0.0,
                    0.0,
                    0.0,
                    1.0
                ]
            ]
        },
        {
            "file_path": "/data/shapenet_blender/all_50_random/02958343/1151e7cd24f5bd21ccbd9e5bb82dd04/r_6",
            "rotation": 0.12566370614359174,
            "transform_matrix": [
                [
                    -0.07561149448156357,
                    -0.5561632513999939,
                    0.8276262879371643,
                    3.336268424987793
                ],
                [
                    0.9971373677253723,
                    -0.04217306524515152,
                    0.0627577155828476,
                    0.2529844641685486
                ],
                [
                    3.725290076417309e-09,
                    0.8300023674964905,
                    0.5577598810195923,
                    2.2484021186828613
                ],
                [
                    0.0,
                    0.0,
                    0.0,
                    1.0
                ]
            ]
        },
        {
            "file_path": "/data/shapenet_blender/all_50_random/02958343/1151e7cd24f5bd21ccbd9e5bb82dd04/r_7",
            "rotation": 0.12566370614359174,
            "transform_matrix": [
                [
                    0.984778642654419,
                    -0.010196082293987274,
                    -0.17351359128952026,
                    -0.6994556188583374
                ],
                [
                    -0.1738128960132599,
                    -0.05776835232973099,
                    -0.9830828905105591,
                    -3.9629335403442383
                ],
                [
                    0.0,
                    0.9982778429985046,
                    -0.05866125598549843,
                    -0.23647107183933258
                ],
                [
                    0.0,
                    0.0,
                    0.0,
                    1.0
                ]
            ]
        },
        {
            "file_path": "/data/shapenet_blender/all_50_random/02958343/1151e7cd24f5bd21ccbd9e5bb82dd04/r_8",
            "rotation": 0.12566370614359174,
            "transform_matrix": [
                [
                    0.5936904549598694,
                    -0.431711345911026,
                    0.679085373878479,
                    2.737480640411377
                ],
                [
                    0.8046935796737671,
                    0.31850993633270264,
                    -0.5010187029838562,
                    -2.0196709632873535
                ],
                [
                    1.4901162970204496e-08,
                    0.843905508518219,
                    0.5364916324615479,
                    2.1626670360565186
                ],
                [
                    0.0,
                    0.0,
                    0.0,
                    1.0
                ]
            ]
        },
        {
            "file_path": "/data/shapenet_blender/all_50_random/02958343/1151e7cd24f5bd21ccbd9e5bb82dd04/r_9",
            "rotation": 0.12566370614359174,
            "transform_matrix": [
                [
                    -0.8761651515960693,
                    -0.037244781851768494,
                    0.48057007789611816,
                    1.9372400045394897
                ],
                [
                    0.48201122879981995,
                    -0.06770087033510208,
                    0.8735455274581909,
                    3.5213747024536133
                ],
                [
                    0.0,
                    0.9970102310180664,
                    0.0772695392370224,
                    0.3114834725856781
                ],
                [
                    0.0,
                    0.0,
                    0.0,
                    1.0
                ]
            ]
        },
        {
            "file_path": "/data/shapenet_blender/all_50_random/02958343/1151e7cd24f5bd21ccbd9e5bb82dd04/r_10",
            "rotation": 0.12566370614359174,
            "transform_matrix": [
                [
                    -0.9929020404815674,
                    -0.057164423167705536,
                    0.10429678857326508,
                    0.42043381929397583
                ],
                [
                    0.1189352497458458,
                    -0.47722333669662476,
                    0.8706964254379272,
                    3.509889841079712
                ],
                [
                    3.725290076417309e-09,
                    0.8769208788871765,
                    0.48063480854034424,
                    1.9375009536743164
                ],
                [
                    0.0,
                    0.0,
                    0.0,
                    1.0
                ]
            ]
        },
        {
            "file_path": "/data/shapenet_blender/all_50_random/02958343/1151e7cd24f5bd21ccbd9e5bb82dd04/r_11",
            "rotation": 0.12566370614359174,
            "transform_matrix": [
                [
                    0.9965129494667053,
                    0.00021758588263764977,
                    -0.08343904465436935,
                    -0.3363536298274994
                ],
                [
                    -0.08343935012817383,
                    0.0025986197870224714,
                    -0.996509313583374,
                    -4.017058372497559
                ],
                [
                    0.0,
                    0.9999966025352478,
                    0.002607712522149086,
                    0.010512027889490128
                ],
                [
                    0.0,
                    0.0,
                    0.0,
                    1.0
                ]
            ]
        },
        {
            "file_path": "/data/shapenet_blender/all_50_random/02958343/1151e7cd24f5bd21ccbd9e5bb82dd04/r_12",
            "rotation": 0.12566370614359174,
            "transform_matrix": [
                [
                    0.9677083492279053,
                    -0.011323272250592709,
                    -0.25181788206100464,
                    -1.0151104927062988
                ],
                [
                    -0.2520723342895508,
                    -0.04347015544772148,
                    -0.9667314291000366,
                    -3.897019386291504
                ],
                [
                    0.0,
                    0.9989905953407288,
                    -0.04492071270942688,
                    -0.18108120560646057
                ],
                [
                    0.0,
                    0.0,
                    0.0,
                    1.0
                ]
            ]
        },
        {
            "file_path": "/data/shapenet_blender/all_50_random/02958343/1151e7cd24f5bd21ccbd9e5bb82dd04/r_13",
            "rotation": 0.12566370614359174,
            "transform_matrix": [
                [
                    -0.4644898772239685,
                    -0.2326907217502594,
                    -0.8544613718986511,
                    -3.444443941116333
                ],
                [
                    -0.885578453540802,
                    0.12204732745885849,
                    0.4481688141822815,
                    1.806626319885254
                ],
                [
                    0.0,
                    0.9648624658584595,
                    -0.2627556025981903,
                    -1.059201717376709
                ],
                [
                    0.0,
                    0.0,
                    0.0,
                    1.0
                ]
            ]
        },
        {
            "file_path": "/data/shapenet_blender/all_50_random/02958343/1151e7cd24f5bd21ccbd9e5bb82dd04/r_14",
            "rotation": 0.12566370614359174,
            "transform_matrix": [
                [
                    -0.2502056062221527,
                    -0.44015800952911377,
                    -0.8623560070991516,
                    -3.476268768310547
                ],
                [
                    -0.9681928157806396,
                    0.11374799907207489,
                    0.22285467386245728,
                    0.898356020450592
                ],
                [
                    0.0,
                    0.8906863331794739,
                    -0.4546181261539459,
                    -1.8326245546340942
                ],
                [
                    0.0,
                    0.0,
                    0.0,
                    1.0
                ]
            ]
        },
        {
            "file_path": "/data/shapenet_blender/all_50_random/02958343/1151e7cd24f5bd21ccbd9e5bb82dd04/r_15",
            "rotation": 0.12566370614359174,
            "transform_matrix": [
                [
                    0.9961380362510681,
                    -0.0072570438496768475,
                    -0.08750179409980774,
                    -0.35273101925849915
                ],
                [
                    -0.0878022164106369,
                    -0.08233296871185303,
                    -0.9927296042442322,
                    -4.001821041107178
                ],
                [
                    -4.656613428188905e-10,
                    0.9965783953666687,
                    -0.08265217393636703,
                    -0.33318156003952026
                ],
                [
                    0.0,
                    0.0,
                    0.0,
                    1.0
                ]
            ]
        },
        {
            "file_path": "/data/shapenet_blender/all_50_random/02958343/1151e7cd24f5bd21ccbd9e5bb82dd04/r_16",
            "rotation": 0.12566370614359174,
            "transform_matrix": [
                [
                    -0.525370717048645,
                    -0.2061530500650406,
                    0.8255220055580139,
                    3.3277854919433594
                ],
                [
                    0.8508734703063965,
                    -0.12728892266750336,
                    0.5097174644470215,
                    2.054736852645874
                ],
                [
                    -7.4505797087454084e-09,
                    0.9702054262161255,
                    0.24228401482105255,
                    0.9766780734062195
                ],
                [
                    0.0,
                    0.0,
                    0.0,
                    1.0
                ]
            ]
        },
        {
            "file_path": "/data/shapenet_blender/all_50_random/02958343/1151e7cd24f5bd21ccbd9e5bb82dd04/r_17",
            "rotation": 0.12566370614359174,
            "transform_matrix": [
                [
                    0.6609311699867249,
                    -0.6832988262176514,
                    -0.3102784752845764,
                    -1.2507725954055786
                ],
                [
                    -0.750446617603302,
                    -0.6017929911613464,
                    -0.27326756715774536,
                    -1.101576805114746
                ],
                [
                    0.0,
                    0.4134584963321686,
                    -0.9105229377746582,
                    -3.6704354286193848
                ],
                [
                    0.0,
                    0.0,
                    0.0,
                    1.0
                ]
            ]
        },
        {
            "file_path": "/data/shapenet_blender/all_50_random/02958343/1151e7cd24f5bd21ccbd9e5bb82dd04/r_18",
            "rotation": 0.12566370614359174,
            "transform_matrix": [
                [
                    0.9420143961906433,
                    0.12071385234594345,
                    -0.31310880184173584,
                    -1.2621821165084839
                ],
                [
                    -0.33557263016700745,
                    0.33886608481407166,
                    -0.878954291343689,
                    -3.5431783199310303
                ],
                [
                    0.0,
                    0.9330584406852722,
                    0.3597249686717987,
                    1.4500977993011475
                ],
                [
                    0.0,
                    0.0,
                    0.0,
                    1.0
                ]
            ]
        },
        {
            "file_path": "/data/shapenet_blender/all_50_random/02958343/1151e7cd24f5bd21ccbd9e5bb82dd04/r_19",
            "rotation": 0.12566370614359174,
            "transform_matrix": [
                [
                    -0.9786725640296936,
                    0.10200721770524979,
                    -0.1783103048801422,
                    -0.7187918424606323
                ],
                [
                    -0.20542649924755096,
                    -0.48597270250320435,
                    0.8494883179664612,
                    3.4243969917297363
                ],
                [
                    0.0,
                    0.8680006265640259,
                    0.4965631067752838,
                    2.0017099380493164
                ],
                [
                    0.0,
                    0.0,
                    0.0,
                    1.0
                ]
            ]
        },
        {
            "file_path": "/data/shapenet_blender/all_50_random/02958343/1151e7cd24f5bd21ccbd9e5bb82dd04/r_20",
            "rotation": 0.12566370614359174,
            "transform_matrix": [
                [
                    0.9877700209617615,
                    0.022535009309649467,
                    0.1542809158563614,
                    0.6219263076782227
                ],
                [
                    0.15591803193092346,
                    -0.14276352524757385,
                    -0.9773986339569092,
                    -3.9400200843811035
                ],
                [
                    0.0,
                    0.9895002841949463,
                    -0.14453111588954926,
                    -0.5826236009597778
                ],
                [
                    0.0,
                    0.0,
                    0.0,
                    1.0
                ]
            ]
        },
        {
            "file_path": "/data/shapenet_blender/all_50_random/02958343/1151e7cd24f5bd21ccbd9e5bb82dd04/r_21",
            "rotation": 0.12566370614359174,
            "transform_matrix": [
                [
                    0.8990491032600403,
                    -0.16024044156074524,
                    0.4074723720550537,
                    1.642573595046997
                ],
                [
                    0.43784788250923157,
                    0.32902759313583374,
                    -0.8366779685020447,
                    -3.3727567195892334
                ],
                [
                    -1.4901161193847656e-08,
                    0.9306253790855408,
                    0.36597293615341187,
                    1.4752839803695679
                ],
                [
                    0.0,
                    0.0,
                    0.0,
                    1.0
                ]
            ]
        },
        {
            "file_path": "/data/shapenet_blender/all_50_random/02958343/1151e7cd24f5bd21ccbd9e5bb82dd04/r_22",
            "rotation": 0.12566370614359174,
            "transform_matrix": [
                [
                    0.34213700890541077,
                    0.7257903218269348,
                    -0.5968003869056702,
                    -2.4057793617248535
                ],
                [
                    -0.9396500587463379,
                    0.26426833868026733,
                    -0.2173016518354416,
                    -0.8759709596633911
                ],
                [
                    0.0,
                    0.6351304054260254,
                    0.7724049091339111,
                    3.113663673400879
                ],
                [
                    0.0,
                    0.0,
                    0.0,
                    1.0
                ]
            ]
        },
        {
            "file_path": "/data/shapenet_blender/all_50_random/02958343/1151e7cd24f5bd21ccbd9e5bb82dd04/r_23",
            "rotation": 0.12566370614359174,
            "transform_matrix": [
                [
                    -0.9782949090003967,
                    0.19912558794021606,
                    -0.05734282359480858,
                    -0.2311563342809677
                ],
                [
                    -0.2072177529335022,
                    -0.9400910139083862,
                    0.2707209587097168,
                    1.0913112163543701
                ],
                [
                    0.0,
                    0.2767273187637329,
                    0.9609484076499939,
                    3.8737070560455322
                ],
                [
                    0.0,
                    0.0,
                    0.0,
                    1.0
                ]
            ]
        },
        {
            "file_path": "/data/shapenet_blender/all_50_random/02958343/1151e7cd24f5bd21ccbd9e5bb82dd04/r_24",
            "rotation": 0.12566370614359174,
            "transform_matrix": [
                [
                    0.42748570442199707,
                    -0.6625737547874451,
                    0.6150219440460205,
                    2.4792327880859375
                ],
                [
                    0.9040220975875854,
                    0.3133118152618408,
                    -0.2908259630203247,
                    -1.1723569631576538
                ],
                [
                    1.4901161193847656e-08,
                    0.6803173422813416,
                    0.7329176068305969,
                    2.9544854164123535
                ],
                [
                    0.0,
                    0.0,
                    0.0,
                    1.0
                ]
            ]
        },
        {
            "file_path": "/data/shapenet_blender/all_50_random/02958343/1151e7cd24f5bd21ccbd9e5bb82dd04/r_25",
            "rotation": 0.12566370614359174,
            "transform_matrix": [
                [
                    -0.8885650038719177,
                    -0.09957661479711533,
                    -0.4478133022785187,
                    -1.805193305015564
                ],
                [
                    -0.45875078439712524,
                    0.19287222623825073,
                    0.867379903793335,
                    3.496520519256592
                ],
                [
                    -7.450580596923828e-09,
                    0.9761581420898438,
                    -0.21706035733222961,
                    -0.8749983310699463
                ],
                [
                    0.0,
                    0.0,
                    0.0,
                    1.0
                ]
            ]
        },
        {
            "file_path": "/data/shapenet_blender/all_50_random/02958343/1151e7cd24f5bd21ccbd9e5bb82dd04/r_26",
            "rotation": 0.12566370614359174,
            "transform_matrix": [
                [
                    -0.5710004568099976,
                    0.5141654014587402,
                    -0.6399940848350525,
                    -2.5798985958099365
                ],
                [
                    -0.8209497928619385,
                    -0.3576207458972931,
                    0.44513919949531555,
                    1.794413447380066
                ],
                [
                    0.0,
                    0.7795776724815369,
                    0.6263055205345154,
                    2.5247182846069336
                ],
                [
                    0.0,
                    0.0,
                    0.0,
                    1.0
                ]
            ]
        },
        {
            "file_path": "/data/shapenet_blender/all_50_random/02958343/1151e7cd24f5bd21ccbd9e5bb82dd04/r_27",
            "rotation": 0.12566370614359174,
            "transform_matrix": [
                [
                    0.9285457134246826,
                    -0.15802574157714844,
                    0.33590295910835266,
                    1.3540680408477783
                ],
                [
                    0.371218204498291,
                    0.39527732133865356,
                    -0.8402100205421448,
                    -3.3869948387145996
                ],
                [
                    -1.4901161193847656e-08,
                    0.904866635799408,
                    0.4256950914859772,
                    1.7160316705703735
                ],
                [
                    0.0,
                    0.0,
                    0.0,
                    1.0
                ]
            ]
        },
        {
            "file_path": "/data/shapenet_blender/all_50_random/02958343/1151e7cd24f5bd21ccbd9e5bb82dd04/r_28",
            "rotation": 0.12566370614359174,
            "transform_matrix": [
                [
                    0.7862884998321533,
                    -0.20562109351158142,
                    0.5826408863067627,
                    2.348700523376465
                ],
                [
                    0.6178595423698425,
                    0.2616735100746155,
                    -0.741469144821167,
                    -2.988957643508911
                ],
                [
                    0.0,
                    0.9429988265037537,
                    0.3327958583831787,
                    1.3415429592132568
                ],
                [
                    0.0,
                    0.0,
                    0.0,
                    1.0
                ]
            ]
        },
        {
            "file_path": "/data/shapenet_blender/all_50_random/02958343/1151e7cd24f5bd21ccbd9e5bb82dd04/r_29",
            "rotation": 0.12566370614359174,
            "transform_matrix": [
                [
                    0.6858829259872437,
                    0.2909042239189148,
                    0.6670377254486084,
                    2.688915252685547
                ],
                [
                    0.7277119755744934,
                    -0.2741829752922058,
                    -0.6286962032318115,
                    -2.534355640411377
                ],
                [
                    1.4901162970204496e-08,
                    0.9166232943534851,
                    -0.3997518718242645,
                    -1.611451506614685
                ],
                [
                    0.0,
                    0.0,
                    0.0,
                    1.0
                ]
            ]
        },
        {
            "file_path": "/data/shapenet_blender/all_50_random/02958343/1151e7cd24f5bd21ccbd9e5bb82dd04/r_30",
            "rotation": 0.12566370614359174,
            "transform_matrix": [
                [
                    -0.9882022738456726,
                    0.013131450861692429,
                    0.15259066224098206,
                    0.6151126623153687
                ],
                [
                    0.1531546413898468,
                    0.08472827821969986,
                    0.9845632314682007,
                    3.9689013957977295
                ],
                [
                    0.0,
                    0.9963175654411316,
                    -0.08573981374502182,
                    -0.3456282317638397
                ],
                [
                    0.0,
                    0.0,
                    0.0,
                    1.0
                ]
            ]
        },
        {
            "file_path": "/data/shapenet_blender/all_50_random/02958343/1151e7cd24f5bd21ccbd9e5bb82dd04/r_31",
            "rotation": 0.12566370614359174,
            "transform_matrix": [
                [
                    0.9805677533149719,
                    -0.012821872718632221,
                    -0.19576136767864227,
                    -0.7891393303871155
                ],
                [
                    -0.1961808204650879,
                    -0.0640873834490776,
                    -0.9784712195396423,
                    -3.9443435668945312
                ],
                [
                    -9.313225746154785e-10,
                    0.997861921787262,
                    -0.06535742431879044,
                    -0.26346421241760254
                ],
                [
                    0.0,
                    0.0,
                    0.0,
                    1.0
                ]
            ]
        },
        {
            "file_path": "/data/shapenet_blender/all_50_random/02958343/1151e7cd24f5bd21ccbd9e5bb82dd04/r_32",
            "rotation": 0.12566370614359174,
            "transform_matrix": [
                [
                    0.61053466796875,
                    0.18521861732006073,
                    0.7700269222259521,
                    3.1040778160095215
                ],
                [
                    0.7919895648956299,
                    -0.14278267323970795,
                    -0.5936039686203003,
                    -2.3928940296173096
                ],
                [
                    0.0,
                    0.9722689986228943,
                    -0.23386499285697937,
                    -0.9427399635314941
                ],
                [
                    0.0,
                    0.0,
                    0.0,
                    1.0
                ]
            ]
        },
        {
            "file_path": "/data/shapenet_blender/all_50_random/02958343/1151e7cd24f5bd21ccbd9e5bb82dd04/r_33",
            "rotation": 0.12566370614359174,
            "transform_matrix": [
                [
                    0.3709931969642639,
                    0.6152593493461609,
                    0.6955716609954834,
                    2.8039391040802
                ],
                [
                    0.9286355972290039,
                    -0.2457982897758484,
                    -0.2778833210468292,
                    -1.1201834678649902
                ],
                [
                    1.4901161193847656e-08,
                    0.7490254044532776,
                    -0.6625412702560425,
                    -2.6707892417907715
                ],
                [
                    0.0,
                    0.0,
                    0.0,
                    1.0
                ]
            ]
        },
        {
            "file_path": "/data/shapenet_blender/all_50_random/02958343/1151e7cd24f5bd21ccbd9e5bb82dd04/r_34",
            "rotation": 0.12566370614359174,
            "transform_matrix": [
                [
                    -0.054862357676029205,
                    0.535088062286377,
                    -0.8430129885673523,
                    -3.398293972015381
                ],
                [
                    -0.998494029045105,
                    -0.02940046787261963,
                    0.04631943628191948,
                    0.1867196261882782
                ],
                [
                    0.0,
                    0.8442844748497009,
                    0.5358951687812805,
                    2.1602625846862793
                ],
                [
                    0.0,
                    0.0,
                    0.0,
                    1.0
                ]
            ]
        },
        {
            "file_path": "/data/shapenet_blender/all_50_random/02958343/1151e7cd24f5bd21ccbd9e5bb82dd04/r_35",
            "rotation": 0.12566370614359174,
            "transform_matrix": [
                [
                    0.9999507069587708,
                    0.005753618665039539,
                    -0.008085323497653008,
                    -0.032592982053756714
                ],
                [
                    -0.009923536330461502,
                    0.579766571521759,
                    -0.8147221207618713,
                    -3.284250020980835
                ],
                [
                    0.0,
                    0.8147621154785156,
                    0.5797951817512512,
                    2.3372292518615723
                ],
                [
                    0.0,
                    0.0,
                    0.0,
                    1.0
                ]
            ]
        },
        {
            "file_path": "/data/shapenet_blender/all_50_random/02958343/1151e7cd24f5bd21ccbd9e5bb82dd04/r_36",
            "rotation": 0.12566370614359174,
            "transform_matrix": [
                [
                    0.9845300912857056,
                    0.0038331986870616674,
                    0.17517389357089996,
                    0.7061485648155212
                ],
                [
                    0.17521584033966064,
                    -0.021538574248552322,
                    -0.9842944145202637,
                    -3.967817783355713
                ],
                [
                    -2.3283067140944524e-10,
                    0.999760627746582,
                    -0.02187701128423214,
                    -0.08818905055522919
                ],
                [
                    0.0,
                    0.0,
                    0.0,
                    1.0
                ]
            ]
        },
        {
            "file_path": "/data/shapenet_blender/all_50_random/02958343/1151e7cd24f5bd21ccbd9e5bb82dd04/r_37",
            "rotation": 0.12566370614359174,
            "transform_matrix": [
                [
                    -0.9994713068008423,
                    -0.000779387541115284,
                    -0.03250350430607796,
                    -0.13102582097053528
                ],
                [
                    -0.0325128473341465,
                    0.023959003388881683,
                    0.9991840720176697,
                    4.027839660644531
                ],
                [
                    0.0,
                    0.9997125267982483,
                    -0.02397167682647705,
                    -0.09663291275501251
                ],
                [
                    0.0,
                    0.0,
                    0.0,
                    1.0
                ]
            ]
        },
        {
            "file_path": "/data/shapenet_blender/all_50_random/02958343/1151e7cd24f5bd21ccbd9e5bb82dd04/r_38",
            "rotation": 0.12566370614359174,
            "transform_matrix": [
                [
                    -0.6954537630081177,
                    0.10353456437587738,
                    0.7110728621482849,
                    2.866426467895508
                ],
                [
                    0.7185708284378052,
                    0.10020375996828079,
                    0.6881970167160034,
                    2.7742109298706055
                ],
                [
                    0.0,
                    0.989565372467041,
                    -0.14408400654792786,
                    -0.5808212161064148
                ],
                [
                    0.0,
                    0.0,
                    0.0,
                    1.0
                ]
            ]
        },
        {
            "file_path": "/data/shapenet_blender/all_50_random/02958343/1151e7cd24f5bd21ccbd9e5bb82dd04/r_39",
            "rotation": 0.12566370614359174,
            "transform_matrix": [
                [
                    0.6234226822853088,
                    -0.19470514357089996,
                    0.7572542428970337,
                    3.0525894165039062
                ],
                [
                    0.7818849086761475,
                    0.155244842171669,
                    -0.6037838459014893,
                    -2.4339306354522705
                ],
                [
                    0.0,
                    0.9684982299804688,
                    0.24902020394802094,
                    1.0038325786590576
                ],
                [
                    0.0,
                    0.0,
                    0.0,
                    1.0
                ]
            ]
        },
        {
            "file_path": "/data/shapenet_blender/all_50_random/02958343/1151e7cd24f5bd21ccbd9e5bb82dd04/r_40",
            "rotation": 0.12566370614359174,
            "transform_matrix": [
                [
                    -0.45657259225845337,
                    0.19781771302223206,
                    0.8674155473709106,
                    3.496663808822632
                ],
                [
                    0.8896862864494324,
                    0.10151684284210205,
                    0.44514358043670654,
                    1.794431209564209
                ],
                [
                    0.0,
                    0.974967896938324,
                    -0.2223455309867859,
                    -0.8963035345077515
                ],
                [
                    0.0,
                    0.0,
                    0.0,
                    1.0
                ]
            ]
        },
        {
            "file_path": "/data/shapenet_blender/all_50_random/02958343/1151e7cd24f5bd21ccbd9e5bb82dd04/r_41",
            "rotation": 0.12566370614359174,
            "transform_matrix": [
                [
                    0.20976904034614563,
                    -0.4136408269405365,
                    -0.8859447836875916,
                    -3.5713577270507812
                ],
                [
                    -0.9777508974075317,
                    -0.08874350786209106,
                    -0.19007273018360138,
                    -0.7662076950073242
                ],
                [
                    -7.450580596923828e-09,
                    0.9061046838760376,
                    -0.4230533838272095,
