{
    "class": "02958343",
    "model": "318eaf9f125d8296541e8704b64e3884",
    "remove_doubles": true,
    "edge_split": true,
    "denoise": true,
    "camera_angle_x": 0.6911112070083618,
    "scale_factor": 2.2786933640378684,
    "hdri_file": "/data/IndoorHDRDataset2018/AG8A1285-e7ec2299e7.exr",
    "center_offset": [
        0.0,
        0.0,
        -4.0745362639427185e-10
    ],
    "lights": [],
    "frames": [
        {
            "file_path": "/data/shapenet_blender/all_50_random/02958343/318eaf9f125d8296541e8704b64e3884/r_0",
            "rotation": 0.12566370614359174,
            "transform_matrix": [
                [
                    0.157746821641922,
                    0.019957367330789566,
                    -0.9872778058052063,
                    -3.979844331741333
                ],
                [
                    -0.987479567527771,
                    0.0031881278846412897,
                    -0.1577145904302597,
                    -0.635767936706543
                ],
                [
                    -2.3283062977608182e-10,
                    0.9997957944869995,
                    0.020210405811667442,
                    0.08147075772285461
                ],
                [
                    0.0,
                    0.0,
                    0.0,
                    1.0
                ]
            ]
        },
        {
            "file_path": "/data/shapenet_blender/all_50_random/02958343/318eaf9f125d8296541e8704b64e3884/r_1",
            "rotation": 0.12566370614359174,
            "transform_matrix": [
                [
                    0.593654990196228,
                    -0.28787684440612793,
                    -0.7514656782150269,
                    -3.0292551517486572
                ],
                [
                    -0.8047196865081787,
                    -0.21237151324748993,
                    -0.5543686151504517,
                    -2.234731435775757
                ],
                [
                    -1.4901161193847656e-08,
                    0.9338229298591614,
                    -0.3577355742454529,
                    -1.4420782327651978
                ],
                [
                    0.0,
                    0.0,
                    0.0,
                    1.0
                ]
            ]
        },
        {
            "file_path": "/data/shapenet_blender/all_50_random/02958343/318eaf9f125d8296541e8704b64e3884/r_2",
            "rotation": 0.12566370614359174,
            "transform_matrix": [
                [
                    -0.7768502235412598,
                    0.13722383975982666,
                    0.6145513653755188,
                    2.4773356914520264
                ],
                [
                    0.6296854615211487,
                    0.16929464042186737,
                    0.7581791281700134,
                    3.0563178062438965
                ],
                [
                    0.0,
                    0.975965678691864,
                    -0.21792441606521606,
                    -0.8784814476966858
                ],
                [
                    0.0,
                    0.0,
                    0.0,
                    1.0
                ]
            ]
        },
        {
            "file_path": "/data/shapenet_blender/all_50_random/02958343/318eaf9f125d8296541e8704b64e3884/r_3",
            "rotation": 0.12566370614359174,
            "transform_matrix": [
                [
                    0.6464360356330872,
                    0.02384805679321289,
                    -0.7625954151153564,
                    -3.07412052154541
                ],
                [
                    -0.7629682421684265,
                    0.02020561695098877,
                    -0.6461201310157776,
                    -2.604593515396118
                ],
                [
                    9.313225746154785e-10,
                    0.9995114207267761,
                    0.03125694766640663,
                    0.1260007917881012
                ],
                [
                    0.0,
                    0.0,
                    0.0,
                    1.0
                ]
            ]
        },
        {
            "file_path": "/data/shapenet_blender/all_50_random/02958343/318eaf9f125d8296541e8704b64e3884/r_4",
            "rotation": 0.12566370614359174,
            "transform_matrix": [
                [
                    -0.9719060063362122,
                    0.15560631453990936,
                    -0.17659375071525574,
                    -0.7118721008300781
                ],
                [
                    -0.2353692203760147,
                    -0.6425424218177795,
                    0.7292054891586304,
                    2.939521074295044
                ],
                [
                    7.450580152834618e-09,
                    0.7502838969230652,
                    0.6611157655715942,
                    2.6650426387786865
                ],
                [
                    0.0,
                    0.0,
                    0.0,
                    1.0
                ]
            ]
        },
        {
            "file_path": "/data/shapenet_blender/all_50_random/02958343/318eaf9f125d8296541e8704b64e3884/r_5",
            "rotation": 0.12566370614359174,
            "transform_matrix": [
                [
                    -0.08586622029542923,
                    0.5407361388206482,
                    0.8367982506752014,
                    3.373241662979126
                ],
                [
                    0.9963066577911377,
                    0.046603091061115265,
                    0.07211906462907791,
                    0.29072123765945435
                ],
                [
                    0.0,
                    0.8399002552032471,
                    -0.5427406430244446,
                    -2.1878576278686523
                ],
                [
                    0.0,
                    0.0,
                    0.0,
                    1.0
                ]
            ]
        },
        {
            "file_path": "/data/shapenet_blender/all_50_random/02958343/318eaf9f125d8296541e8704b64e3884/r_6",
            "rotation": 0.12566370614359174,
            "transform_matrix": [
                [
                    0.9684708118438721,
                    0.1362731158733368,
                    0.20855242013931274,
                    0.840701699256897
                ],
                [
                    0.24912744760513306,
                    -0.5297550559043884,
                    -0.8107373714447021,
                    -3.2681868076324463
                ],
                [
                    -7.450581485102248e-09,
                    0.8371314406394958,
                    -0.5470017194747925,
                    -2.2050344944000244
                ],
                [
                    0.0,
                    0.0,
                    0.0,
                    1.0
                ]
            ]
        },
        {
            "file_path": "/data/shapenet_blender/all_50_random/02958343/318eaf9f125d8296541e8704b64e3884/r_7",
            "rotation": 0.12566370614359174,
            "transform_matrix": [
                [
                    -0.14420481026172638,
                    -0.22512218356132507,
                    -0.9635999202728271,
                    -3.8843958377838135
                ],
                [
                    -0.9895477890968323,
                    0.032806605100631714,
                    0.1404234766960144,
                    0.5660651922225952
                ],
                [
                    3.725290076417309e-09,
                    0.9737780690193176,
                    -0.2275000363588333,
                    -0.9170820116996765
                ],
                [
                    0.0,
                    0.0,
                    0.0,
                    1.0
                ]
            ]
        },
        {
            "file_path": "/data/shapenet_blender/all_50_random/02958343/318eaf9f125d8296541e8704b64e3884/r_8",
            "rotation": 0.12566370614359174,
            "transform_matrix": [
                [
                    -0.5917425155639648,
                    -0.6101303100585938,
                    0.526860237121582,
                    2.1238417625427246
                ],
                [
                    0.8061270117759705,
                    -0.4478699266910553,
                    0.38674503564834595,
                    1.5590192079544067
                ],
                [
                    0.0,
                    0.6535698175430298,
                    0.7568661570549011,
                    3.051025390625
                ],
                [
                    0.0,
                    0.0,
                    0.0,
                    1.0
                ]
            ]
        },
        {
            "file_path": "/data/shapenet_blender/all_50_random/02958343/318eaf9f125d8296541e8704b64e3884/r_9",
            "rotation": 0.12566370614359174,
            "transform_matrix": [
                [
                    0.02709794044494629,
                    0.12206731736660004,
                    -0.9921517968177795,
                    -3.9994919300079346
                ],
                [
                    -0.9996328353881836,
                    0.0033089877106249332,
                    -0.02689514495432377,
                    -0.10841779410839081
                ],
                [
                    -2.3283064365386963e-10,
                    0.992516279220581,
                    0.12211215496063232,
                    0.49224984645843506
                ],
                [
                    0.0,
                    0.0,
                    0.0,
                    1.0
                ]
            ]
        },
        {
            "file_path": "/data/shapenet_blender/all_50_random/02958343/318eaf9f125d8296541e8704b64e3884/r_10",
            "rotation": 0.12566370614359174,
            "transform_matrix": [
                [
                    0.954879105091095,
                    0.19169612228870392,
                    0.2268446832895279,
                    0.9144401550292969
                ],
                [
                    0.29699477553367615,
                    -0.6163293719291687,
                    -0.7293368577957153,
                    -2.9400508403778076
                ],
                [
                    -1.4901160305669237e-08,
                    0.7638002634048462,
                    -0.6454527378082275,
                    -2.601903200149536
                ],
                [
                    0.0,
                    0.0,
                    0.0,
                    1.0
                ]
            ]
        },
        {
            "file_path": "/data/shapenet_blender/all_50_random/02958343/318eaf9f125d8296541e8704b64e3884/r_11",
            "rotation": 0.12566370614359174,
            "transform_matrix": [
                [
                    0.15093527734279633,
                    0.3585420250892639,
                    -0.9212307929992676,
                    -3.7136001586914062
                ],
                [
                    -0.9885436296463013,
                    0.05474381148815155,
                    -0.14065766334533691,
                    -0.5670091509819031
                ],
                [
                    0.0,
                    0.931907057762146,
                    0.36269721388816833,
                    1.4620792865753174
                ],
                [
                    0.0,
                    0.0,
                    0.0,
                    1.0
                ]
            ]
        },
        {
            "file_path": "/data/shapenet_blender/all_50_random/02958343/318eaf9f125d8296541e8704b64e3884/r_12",
            "rotation": 0.12566370614359174,
            "transform_matrix": [
                [
                    -0.8570376038551331,
                    -0.30870291590690613,
                    0.41253992915153503,
                    1.6630017757415771
                ],
                [
                    0.5152540802955627,
                    -0.5134747624397278,
                    0.6861900091171265,
                    2.766120672225952
                ],
                [
                    -1.4901162970204496e-08,
                    0.8006534576416016,
                    0.5991275906562805,
                    2.415160894393921
                ],
                [
                    0.0,
                    0.0,
                    0.0,
                    1.0
                ]
            ]
        },
        {
            "file_path": "/data/shapenet_blender/all_50_random/02958343/318eaf9f125d8296541e8704b64e3884/r_13",
            "rotation": 0.12566370614359174,
            "transform_matrix": [
                [
                    -0.8352721333503723,
                    0.07660574465990067,
                    0.5444741249084473,
                    2.194845676422119
                ],
                [
                    0.5498369336128235,
                    0.11637385934591293,
                    0.8271253705024719,
                    3.334249258041382
                ],
                [
                    0.0,
                    0.9902467727661133,
                    -0.13932447135448456,
                    -0.5616349577903748
                ],
                [
                    0.0,
                    0.0,
                    0.0,
                    1.0
                ]
            ]
        },
        {
            "file_path": "/data/shapenet_blender/all_50_random/02958343/318eaf9f125d8296541e8704b64e3884/r_14",
            "rotation": 0.12566370614359174,
            "transform_matrix": [
                [
                    0.17485645413398743,
                    -0.8760561347007751,
                    0.4493892788887024,
                    1.8115460872650146
                ],
                [
                    0.9845939874649048,
                    0.15558095276355743,
                    -0.07980813831090927,
                    -0.32171690464019775
                ],
                [
                    -7.450581485102248e-09,
                    0.45642077922821045,
                    0.8897640109062195,
                    3.5867533683776855
                ],
                [
                    0.0,
                    0.0,
                    0.0,
                    1.0
                ]
            ]
        },
        {
            "file_path": "/data/shapenet_blender/all_50_random/02958343/318eaf9f125d8296541e8704b64e3884/r_15",
            "rotation": 0.12566370614359174,
            "transform_matrix": [
                [
                    0.9932897090911865,
                    -0.016493897885084152,
                    -0.11447066813707352,
                    -0.46144601702690125
                ],
                [
                    -0.11565286666154861,
                    -0.14165858924388885,
                    -0.9831364154815674,
                    -3.9631495475769043
                ],
                [
                    -1.862645149230957e-09,
                    0.9897781610488892,
                    -0.14261557161808014,
                    -0.5749017596244812
                ],
                [
                    0.0,
                    0.0,
                    0.0,
                    1.0
                ]
            ]
        },
        {
            "file_path": "/data/shapenet_blender/all_50_random/02958343/318eaf9f125d8296541e8704b64e3884/r_16",
            "rotation": 0.12566370614359174,
            "transform_matrix": [
                [
                    0.668813943862915,
                    0.10133964568376541,
                    -0.7364904284477234,
                    -2.9688880443573
                ],
                [
                    -0.7434298992156982,
                    0.09116847068071365,
                    -0.6625709533691406,
                    -2.6709091663360596
                ],
                [
                    0.0,
                    0.9906656742095947,
                    0.13631366193294525,
                    0.5494980216026306
                ],
                [
                    0.0,
                    0.0,
                    0.0,
                    1.0
                ]
            ]
        },
        {
            "file_path": "/data/shapenet_blender/all_50_random/02958343/318eaf9f125d8296541e8704b64e3884/r_17",
            "rotation": 0.12566370614359174,
            "transform_matrix": [
                [
                    0.8115032911300659,
                    -0.08382518589496613,
                    -0.5783042311668396,
                    -2.33121919631958
                ],
                [
                    -0.5843479633331299,
                    -0.11641079187393188,
                    -0.8031101822853088,
                    -3.237440824508667
                ],
                [
                    7.450580596923828e-09,
                    0.9896575212478638,
                    -0.1434507817029953,
                    -0.5782686471939087
                ],
                [
                    0.0,
                    0.0,
                    0.0,
                    1.0
                ]
            ]
        },
        {
            "file_path": "/data/shapenet_blender/all_50_random/02958343/318eaf9f125d8296541e8704b64e3884/r_18",
            "rotation": 0.12566370614359174,
            "transform_matrix": [
                [
                    0.49821192026138306,
                    -0.0167466402053833,
                    0.866893470287323,
                    3.4945595264434814
                ],
                [
                    0.867055356502533,
                    0.009622656740248203,
                    -0.49811893701553345,
                    -2.007981777191162
                ],
                [
                    0.0,
                    0.999813437461853,
                    0.01931438408792019,
                    0.07785878330469131
                ],
                [
                    0.0,
                    0.0,
                    0.0,
                    1.0
                ]
            ]
        },
        {
            "file_path": "/data/shapenet_blender/all_50_random/02958343/318eaf9f125d8296541e8704b64e3884/r_19",
            "rotation": 0.12566370614359174,
            "transform_matrix": [
                [
                    -0.0033713236916810274,
                    -0.05122772604227066,
                    0.9986813068389893,
                    4.025813102722168
                ],
                [
                    0.9999943971633911,
                    -0.00017270620446652174,
                    0.0033668966498225927,
                    0.013572394847869873
                ],
                [
                    0.0,
                    0.9986869692802429,
                    0.05122801661491394,
                    0.20650674402713776
                ],
                [
                    0.0,
                    0.0,
                    0.0,
                    1.0
                ]
            ]
        },
        {
            "file_path": "/data/shapenet_blender/all_50_random/02958343/318eaf9f125d8296541e8704b64e3884/r_20",
            "rotation": 0.12566370614359174,
            "transform_matrix": [
                [
                    -0.9019871354103088,
                    -0.009005608037114143,
                    -0.4316690266132355,
                    -1.7401132583618164
                ],
                [
                    -0.4317629337310791,
                    0.01881343498826027,
                    0.901790976524353,
                    3.63523530960083
                ],
                [
                    9.313225746154785e-10,
                    0.9997823238372803,
                    -0.020857766270637512,
                    -0.08408033847808838
                ],
                [
                    0.0,
                    0.0,
                    0.0,
                    1.0
                ]
            ]
        },
        {
            "file_path": "/data/shapenet_blender/all_50_random/02958343/318eaf9f125d8296541e8704b64e3884/r_21",
            "rotation": 0.12566370614359174,
            "transform_matrix": [
                [
                    0.44406482577323914,
                    -0.33983513712882996,
                    0.8290467262268066,
                    3.341994285583496
                ],
                [
                    0.8959946632385254,
                    0.1684260368347168,
                    -0.41088467836380005,
                    -1.6563291549682617
                ],
                [
                    0.0,
                    0.9252808690071106,
                    0.37928256392478943,
                    1.5289368629455566
                ],
                [
                    0.0,
                    0.0,
                    0.0,
                    1.0
                ]
            ]
        },
        {
            "file_path": "/data/shapenet_blender/all_50_random/02958343/318eaf9f125d8296541e8704b64e3884/r_22",
            "rotation": 0.12566370614359174,
            "transform_matrix": [
                [
                    -0.6992401480674744,
                    0.036982644349336624,
                    0.7139296531677246,
                    2.8779425621032715
                ],
                [
                    0.7148869037628174,
                    0.036173202097415924,
                    0.6983038187026978,
                    2.814952850341797
                ],
                [
                    0.0,
                    0.9986611008644104,
                    -0.051732152700424194,
                    -0.2085389792919159
                ],
                [
                    0.0,
                    0.0,
                    0.0,
                    1.0
                ]
            ]
        },
        {
            "file_path": "/data/shapenet_blender/all_50_random/02958343/318eaf9f125d8296541e8704b64e3884/r_23",
            "rotation": 0.12566370614359174,
            "transform_matrix": [
                [
                    0.09759698808193207,
                    -0.8870604634284973,
                    -0.451218843460083,
                    -1.8189210891723633
                ],
                [
                    -0.9952259659767151,
                    -0.08698973059654236,
                    -0.04424884915351868,
                    -0.1783728003501892
                ],
                [
                    0.0,
                    0.4533834457397461,
                    -0.891315758228302,
                    -3.593008279800415
                ],
                [
                    0.0,
                    0.0,
                    0.0,
                    1.0
                ]
            ]
        },
        {
            "file_path": "/data/shapenet_blender/all_50_random/02958343/318eaf9f125d8296541e8704b64e3884/r_24",
            "rotation": 0.12566370614359174,
            "transform_matrix": [
                [
                    0.81381756067276,
                    -0.16276425123214722,
                    -0.5578607320785522,
                    -2.2488088607788086
                ],
                [
                    -0.5811203122138977,
                    -0.22793971002101898,
                    -0.781244158744812,
                    -3.149296283721924
                ],
                [
                    0.0,
                    0.9599747061729431,
                    -0.280086874961853,
                    -1.1290664672851562
                ],
                [
                    0.0,
                    0.0,
                    0.0,
                    1.0
                ]
            ]
        },
        {
            "file_path": "/data/shapenet_blender/all_50_random/02958343/318eaf9f125d8296541e8704b64e3884/r_25",
            "rotation": 0.12566370614359174,
            "transform_matrix": [
                [
                    -0.9575322270393372,
                    0.01219515223056078,
                    -0.2880682051181793,
                    -1.1612401008605957
                ],
                [
                    -0.2883262038230896,
                    -0.040500134229660034,
                    0.9566753506660461,
                    3.8564817905426025
                ],
                [
                    9.313225191043273e-10,
                    0.9991051554679871,
                    0.04229636490345001,
                    0.17050209641456604
                ],
                [
                    0.0,
                    0.0,
                    0.0,
                    1.0
                ]
            ]
        },
        {
            "file_path": "/data/shapenet_blender/all_50_random/02958343/318eaf9f125d8296541e8704b64e3884/r_26",
            "rotation": 0.12566370614359174,
            "transform_matrix": [
                [
                    -0.9837178587913513,
                    -0.06434081494808197,
                    -0.1678074449300766,
                    -0.6764534711837769
                ],
                [
                    -0.17971941828727722,
                    0.35217785835266113,
                    0.9185160398483276,
                    3.7026565074920654
                ],
                [
                    -7.450580152834618e-09,
                    0.9337189197540283,
                    -0.35800695419311523,
                    -1.4431722164154053
                ],
                [
                    0.0,
                    0.0,
                    0.0,
                    1.0
                ]
            ]
        },
        {
            "file_path": "/data/shapenet_blender/all_50_random/02958343/318eaf9f125d8296541e8704b64e3884/r_27",
            "rotation": 0.12566370614359174,
            "transform_matrix": [
                [
                    -0.8761052489280701,
                    0.011072807013988495,
                    -0.48199284076690674,
                    -1.9429752826690674
                ],
                [
                    -0.4821200370788574,
                    -0.02012142911553383,
                    0.8758741021156311,
                    3.530761480331421
                ],
                [
                    0.0,
                    0.9997363090515137,
                    0.022966908290982246,
                    0.092582568526268
                ],
                [
                    0.0,
                    0.0,
                    0.0,
                    1.0
                ]
            ]
        },
        {
            "file_path": "/data/shapenet_blender/all_50_random/02958343/318eaf9f125d8296541e8704b64e3884/r_28",
            "rotation": 0.12566370614359174,
            "transform_matrix": [
                [
                    0.1536223441362381,
                    0.6847875714302063,
                    -0.71236652135849,
                    -2.8716413974761963
                ],
                [
                    -0.9881296753883362,
                    0.10646242648363113,
                    -0.11075007170438766,
                    -0.44644781947135925
                ],
                [
                    0.0,
                    0.7209242582321167,
                    0.6930138468742371,
                    2.793628215789795
                ],
                [
                    0.0,
                    0.0,
                    0.0,
                    1.0
                ]
            ]
        },
        {
            "file_path": "/data/shapenet_blender/all_50_random/02958343/318eaf9f125d8296541e8704b64e3884/r_29",
            "rotation": 0.12566370614359174,
            "transform_matrix": [
                [
                    0.9486909508705139,
                    0.00982365570962429,
                    0.3160523772239685,
                    1.2740479707717896
                ],
                [
                    0.31620508432388306,
                    -0.029473325237631798,
                    -0.948232889175415,
                    -3.822449207305908
                ],
                [
                    1.862645371275562e-09,
                    0.9995172023773193,
                    -0.031067363917827606,
                    -0.12523655593395233
                ],
                [
                    0.0,
                    0.0,
                    0.0,
                    1.0
                ]
            ]
        },
        {
            "file_path": "/data/shapenet_blender/all_50_random/02958343/318eaf9f125d8296541e8704b64e3884/r_30",
            "rotation": 0.12566370614359174,
            "transform_matrix": [
                [
                    0.5550568699836731,
                    -0.7376740574836731,
                    0.3843810260295868,
                    1.5494896173477173
                ],
                [
                    0.8318124413490295,
                    0.49223965406417847,
                    -0.25649210810661316,
                    -1.0339528322219849
                ],
                [
                    0.0,
                    0.46210068464279175,
                    0.8868274092674255,
                    3.574915885925293
                ],
                [
                    0.0,
                    0.0,
                    0.0,
                    1.0
                ]
            ]
        },
        {
            "file_path": "/data/shapenet_blender/all_50_random/02958343/318eaf9f125d8296541e8704b64e3884/r_31",
            "rotation": 0.12566370614359174,
            "transform_matrix": [
                [
                    -0.5131044983863831,
                    -0.218049094080925,
                    0.8301676511764526,
                    3.346513032913208
                ],
                [
                    0.858326256275177,
                    -0.13034901022911072,
                    0.49627137184143066,
                    2.0005340576171875
                ],
                [
                    7.450581485102248e-09,
                    0.9671937227249146,
                    0.2540398836135864,
                    1.0240676403045654
                ],
                [
                    0.0,
                    0.0,
                    0.0,
                    1.0
                ]
            ]
        },
        {
            "file_path": "/data/shapenet_blender/all_50_random/02958343/318eaf9f125d8296541e8704b64e3884/r_32",
            "rotation": 0.12566370614359174,
            "transform_matrix": [
                [
                    0.288642555475235,
                    0.5994559526443481,
                    -0.7465506792068481,
                    -3.009442090988159
                ],
                [
                    -0.9574369192123413,
                    0.1807205080986023,
                    -0.22506578266620636,
                    -0.9072691798210144
                ],
                [
                    0.0,
                    0.7797386646270752,
                    0.6261049509048462,
                    2.5239098072052
                ],
                [
                    0.0,
                    0.0,
                    0.0,
                    1.0
                ]
            ]
        },
        {
            "file_path": "/data/shapenet_blender/all_50_random/02958343/318eaf9f125d8296541e8704b64e3884/r_33",
            "rotation": 0.12566370614359174,
            "transform_matrix": [
                [
                    0.48207736015319824,
                    -0.28219130635261536,
                    0.8294392824172974,
                    3.343576669692993
                ],
                [
                    0.876128613948822,
                    0.1552717536687851,
                    -0.4563872218132019,
                    -1.8397557735443115
                ],
                [
                    1.4901159417490817e-08,
                    0.9467095136642456,
                    0.3220888376235962,
                    1.2983816862106323
                ],
                [
                    0.0,
                    0.0,
                    0.0,
                    1.0
                ]
            ]
        },
        {
            "file_path": "/data/shapenet_blender/all_50_random/02958343/318eaf9f125d8296541e8704b64e3884/r_34",
            "rotation": 0.12566370614359174,
            "transform_matrix": [
                [
                    -0.6415945291519165,
                    0.2628152370452881,
                    0.7206140160560608,
                    2.9048879146575928
                ],
                [
                    0.767043948173523,
                    0.21983201801776886,
                    0.6027581691741943,
                    2.429795742034912
                ],
                [
                    1.4901160305669237e-08,
                    0.9394689202308655,
                    -0.3426339328289032,
                    -1.3812015056610107
                ],
                [
                    0.0,
                    0.0,
                    0.0,
                    1.0
                ]
            ]
        },
        {
            "file_path": "/data/shapenet_blender/all_50_random/02958343/318eaf9f125d8296541e8704b64e3884/r_35",
            "rotation": 0.12566370614359174,
            "transform_matrix": [
                [
                    -0.8714422583580017,
                    0.23970243334770203,
                    0.42793816328048706,
                    1.7250739336013794
                ],
                [
                    0.49049803614616394,
                    0.42586684226989746,
                    0.7602954506874084,
                    3.0648488998413086
                ],
                [
                    0.0,
                    0.8724563121795654,
                    -0.4886919856071472,
                    -1.9699803590774536
                ],
                [
                    0.0,
                    0.0,
                    0.0,
                    1.0
                ]
            ]
        },
        {
            "file_path": "/data/shapenet_blender/all_50_random/02958343/318eaf9f125d8296541e8704b64e3884/r_36",
            "rotation": 0.12566370614359174,
            "transform_matrix": [
                [
                    0.2617705166339874,
                    0.17896214127540588,
                    0.9483927488327026,
                    3.8230934143066406
                ],
                [
                    0.965130090713501,
                    -0.04853958636522293,
                    -0.25723087787628174,
                    -1.036930799484253
                ],
                [
                    3.725290076417309e-09,
                    0.9826578497886658,
                    -0.18542800843715668,
                    -0.7474842071533203
                ],
                [
                    0.0,
                    0.0,
                    0.0,
                    1.0
                ]
            ]
        },
        {
            "file_path": "/data/shapenet_blender/all_50_random/02958343/318eaf9f125d8296541e8704b64e3884/r_37",
            "rotation": 0.12566370614359174,
            "transform_matrix": [
                [
                    0.08670371025800705,
                    0.682313084602356,
                    0.7259003520011902,
                    2.9261980056762695
                ],
                [
                    0.9962342381477356,
                    -0.05938269570469856,
                    -0.06317615509033203,
                    -0.25467121601104736
                ],
                [
                    0.0,
                    0.7286443114280701,
                    -0.6848922967910767,
                    -2.7608890533447266
                ],
                [
                    0.0,
                    0.0,
                    0.0,
                    1.0
                ]
            ]
        },
        {
            "file_path": "/data/shapenet_blender/all_50_random/02958343/318eaf9f125d8296541e8704b64e3884/r_38",
            "rotation": 0.12566370614359174,
            "transform_matrix": [
                [
                    0.974719226360321,
                    -0.05873338505625725,
                    -0.21557579934597015,
                    -0.8690139055252075
                ],
                [
                    -0.22343353927135468,
                    -0.25622186064720154,
                    -0.9404401779174805,
                    -3.7910358905792236
                ],
                [
                    0.0,
                    0.9648320078849792,
                    -0.2628673315048218,
                    -1.0596522092819214
                ],
                [
                    0.0,
                    0.0,
                    0.0,
                    1.0
                ]
            ]
        },
        {
            "file_path": "/data/shapenet_blender/all_50_random/02958343/318eaf9f125d8296541e8704b64e3884/r_39",
            "rotation": 0.12566370614359174,
            "transform_matrix": [
                [
                    -0.6611170172691345,
                    -0.36283090710639954,
                    -0.6567175388336182,
                    -2.647313117980957
                ],
                [
                    -0.7502827644348145,
                    0.31971102952957153,
                    0.5786713361740112,
                    2.3326988220214844
                ],
                [
                    0.0,
                    0.8752933740615845,
                    -0.4835922122001648,
                    -1.9494225978851318
                ],
                [
                    0.0,
                    0.0,
                    0.0,
                    1.0
                ]
            ]
        },
        {
            "file_path": "/data/shapenet_blender/all_50_random/02958343/318eaf9f125d8296541e8704b64e3884/r_40",
            "rotation": 0.12566370614359174,
            "transform_matrix": [
                [
                    -0.031043436378240585,
                    -0.40228620171546936,
                    0.9149873852729797,
                    3.688432455062866
                ],
                [
                    0.999518096446991,
                    -0.01249436754733324,
                    0.028418047353625298,
                    0.11455681920051575
                ],
                [
                    9.31322685637781e-10,
                    0.9154285788536072,
                    0.40248018503189087,
                    1.6224496364593506
                ],
                [
                    0.0,
                    0.0,
                    0.0,
                    1.0
                ]
            ]
        },
        {
            "file_path": "/data/shapenet_blender/all_50_random/02958343/318eaf9f125d8296541e8704b64e3884/r_41",
            "rotation": 0.12566370614359174,
            "transform_matrix": [
                [
                    0.24786581099033356,
                    -0.13696449995040894,
                    -0.9590637683868408,
                    -3.866109609603882
                ],
                [
                    -0.9687944650650024,
                    -0.035042330622673035,
                    -0.24537619948387146,
                    -0.9891430735588074
