{
    "class": "02958343",
    "model": "d79f66a4566ff981424db5a60837de26",
    "remove_doubles": true,
    "edge_split": true,
    "denoise": true,
    "camera_angle_x": 0.6911112070083618,
    "scale_factor": 2.269913099856084,
    "hdri_file": "/data/IndoorHDRDataset2018/9C4A5463-8cae624e04.exr",
    "center_offset": [
        0.0,
        -1.862645149230957e-09,
        -3.725290298461914e-09
    ],
    "lights": [],
    "frames": [
        {
            "file_path": "/data/shapenet_blender/all_50_random/02958343/d79f66a4566ff981424db5a60837de26/r_0",
            "rotation": 0.12566370614359174,
            "transform_matrix": [
                [
                    -0.9292742609977722,
                    -0.0905338004231453,
                    0.3581242859363556,
                    1.4436451196670532
                ],
                [
                    0.3693905472755432,
                    -0.22775551676750183,
                    0.9009317755699158,
                    3.631772041320801
                ],
                [
                    7.450580596923828e-09,
                    0.9695004224777222,
                    0.24508965015411377,
                    0.9879879951477051
                ],
                [
                    0.0,
                    0.0,
                    0.0,
                    1.0
                ]
            ]
        },
        {
            "file_path": "/data/shapenet_blender/all_50_random/02958343/d79f66a4566ff981424db5a60837de26/r_1",
            "rotation": 0.12566370614359174,
            "transform_matrix": [
                [
                    0.9812552332878113,
                    -0.06059539318084717,
                    0.1829386055469513,
                    0.7374491691589355
                ],
                [
                    0.19271314144134521,
                    0.30853915214538574,
                    -0.9314854145050049,
                    -3.7549381256103516
                ],
                [
                    0.0,
                    0.9492795467376709,
                    0.31443312764167786,
                    1.267520546913147
                ],
                [
                    0.0,
                    0.0,
                    0.0,
                    1.0
                ]
            ]
        },
        {
            "file_path": "/data/shapenet_blender/all_50_random/02958343/d79f66a4566ff981424db5a60837de26/r_2",
            "rotation": 0.12566370614359174,
            "transform_matrix": [
                [
                    0.7885914444923401,
                    -0.011350085958838463,
                    0.6148127317428589,
                    2.4783895015716553
                ],
                [
                    0.6149174571037292,
                    0.014555742032825947,
                    -0.7884570956230164,
                    -3.1783721446990967
                ],
                [
                    9.313225746154785e-10,
                    0.9998295903205872,
                    0.01845790073275566,
                    0.07440617680549622
                ],
                [
                    0.0,
                    0.0,
                    0.0,
                    1.0
                ]
            ]
        },
        {
            "file_path": "/data/shapenet_blender/all_50_random/02958343/d79f66a4566ff981424db5a60837de26/r_3",
            "rotation": 0.12566370614359174,
            "transform_matrix": [
                [
                    -0.8908380270004272,
                    -0.33633244037628174,
                    -0.30543121695518494,
                    -1.231232762336731
                ],
                [
                    -0.4543212056159973,
                    0.659484326839447,
                    0.598892867565155,
                    2.414214611053467
                ],
                [
                    0.0,
                    0.672280490398407,
                    -0.740296483039856,
                    -2.9842307567596436
                ],
                [
                    0.0,
                    0.0,
                    0.0,
                    1.0
                ]
            ]
        },
        {
            "file_path": "/data/shapenet_blender/all_50_random/02958343/d79f66a4566ff981424db5a60837de26/r_4",
            "rotation": 0.12566370614359174,
            "transform_matrix": [
                [
                    -0.9815883636474609,
                    0.15706343948841095,
                    0.10869854688644409,
                    0.43817785382270813
                ],
                [
                    0.19100867211818695,
                    0.807144820690155,
                    0.5585989356040955,
                    2.251784324645996
                ],
                [
                    7.450581485102248e-09,
                    0.5690764784812927,
                    -0.8222845196723938,
                    -3.314734935760498
                ],
                [
                    0.0,
                    0.0,
                    0.0,
                    1.0
                ]
            ]
        },
        {
            "file_path": "/data/shapenet_blender/all_50_random/02958343/d79f66a4566ff981424db5a60837de26/r_5",
            "rotation": 0.12566370614359174,
            "transform_matrix": [
                [
                    0.549591064453125,
                    -0.484416663646698,
                    -0.6806541681289673,
                    -2.743804931640625
                ],
                [
                    -0.8354339599609375,
                    -0.3186739981174469,
                    -0.44776901602745056,
                    -1.805014729499817
                ],
                [
                    -2.980232594040899e-08,
                    0.8147313594818115,
                    -0.5798384547233582,
                    -2.3374037742614746
                ],
                [
                    0.0,
                    0.0,
                    0.0,
                    1.0
                ]
            ]
        },
        {
            "file_path": "/data/shapenet_blender/all_50_random/02958343/d79f66a4566ff981424db5a60837de26/r_6",
            "rotation": 0.12566370614359174,
            "transform_matrix": [
                [
                    -0.14194345474243164,
                    -0.06246097758412361,
                    -0.987902045249939,
                    -3.98236083984375
                ],
                [
                    -0.9898748397827148,
                    0.008956614881753922,
                    0.14166057109832764,
                    0.571052074432373
                ],
                [
                    0.0,
                    0.9980072379112244,
                    -0.06309986859560013,
                    -0.2543637454509735
                ],
                [
                    0.0,
                    0.0,
                    0.0,
                    1.0
                ]
            ]
        },
        {
            "file_path": "/data/shapenet_blender/all_50_random/02958343/d79f66a4566ff981424db5a60837de26/r_7",
            "rotation": 0.12566370614359174,
            "transform_matrix": [
                [
                    0.4714481830596924,
                    -0.21764828264713287,
                    0.8546144366264343,
                    3.445060968399048
                ],
                [
                    0.8818938136100769,
                    0.11635175347328186,
                    -0.45686501264572144,
                    -1.841681718826294
                ],
                [
                    0.0,
                    0.9690672755241394,
                    0.24679650366306305,
                    0.9948685169219971
                ],
                [
                    0.0,
                    0.0,
                    0.0,
                    1.0
                ]
            ]
        },
        {
            "file_path": "/data/shapenet_blender/all_50_random/02958343/d79f66a4566ff981424db5a60837de26/r_8",
            "rotation": 0.12566370614359174,
            "transform_matrix": [
                [
                    -0.998455822467804,
                    -0.03555198386311531,
                    0.04268503561615944,
                    0.17206889390945435
                ],
                [
                    0.055551376193761826,
                    -0.6389955878257751,
                    0.767201840877533,
                    3.0926897525787354
                ],
                [
                    1.8626450382086546e-09,
                    0.7683883309364319,
                    0.6399837732315063,
                    2.579857349395752
                ],
                [
                    0.0,
                    0.0,
                    0.0,
                    1.0
                ]
            ]
        },
        {
            "file_path": "/data/shapenet_blender/all_50_random/02958343/d79f66a4566ff981424db5a60837de26/r_9",
            "rotation": 0.12566370614359174,
            "transform_matrix": [
                [
                    0.536822497844696,
                    -0.36606624722480774,
                    -0.7601428031921387,
                    -3.0642335414886475
                ],
                [
                    -0.8436952233314514,
                    -0.23291894793510437,
                    -0.48366016149520874,
                    -1.94969642162323
                ],
                [
                    0.0,
                    0.9009684324264526,
                    -0.43388447165489197,
                    -1.7490442991256714
                ],
                [
                    0.0,
                    0.0,
                    0.0,
                    1.0
                ]
            ]
        },
        {
            "file_path": "/data/shapenet_blender/all_50_random/02958343/d79f66a4566ff981424db5a60837de26/r_10",
            "rotation": 0.12566370614359174,
            "transform_matrix": [
                [
                    -0.42471277713775635,
                    -0.7381889224052429,
                    0.5241144895553589,
                    2.1127731800079346
                ],
                [
                    0.9053281545639038,
                    -0.34630346298217773,
                    0.24587561190128326,
                    0.991156280040741
                ],
                [
                    1.4901162970204496e-08,
                    0.5789220333099365,
                    0.8153828382492065,
                    3.2869133949279785
                ],
                [
                    0.0,
                    0.0,
                    0.0,
                    1.0
                ]
            ]
        },
        {
            "file_path": "/data/shapenet_blender/all_50_random/02958343/d79f66a4566ff981424db5a60837de26/r_11",
            "rotation": 0.12566370614359174,
            "transform_matrix": [
                [
                    0.9359613656997681,
                    0.2110476940870285,
                    0.2818426191806793,
                    1.1361439228057861
                ],
                [
                    0.3521028161048889,
                    -0.5610079765319824,
                    -0.749195396900177,
                    -3.0201032161712646
                ],
                [
                    -1.4901161193847656e-08,
                    0.8004555106163025,
                    -0.5993921756744385,
                    -2.416227102279663
                ],
                [
                    0.0,
                    0.0,
                    0.0,
                    1.0
                ]
            ]
        },
        {
            "file_path": "/data/shapenet_blender/all_50_random/02958343/d79f66a4566ff981424db5a60837de26/r_12",
            "rotation": 0.12566370614359174,
            "transform_matrix": [
                [
                    -0.5754477381706238,
                    -0.4313906133174896,
                    0.6948107481002808,
                    2.8008716106414795
                ],
                [
                    0.8178384900093079,
                    -0.30353519320487976,
                    0.48888295888900757,
                    1.9707502126693726
                ],
                [
                    0.0,
                    0.8495694994926453,
                    0.5274765491485596,
                    2.126326084136963
                ],
                [
                    0.0,
                    0.0,
                    0.0,
                    1.0
                ]
            ]
        },
        {
            "file_path": "/data/shapenet_blender/all_50_random/02958343/d79f66a4566ff981424db5a60837de26/r_13",
            "rotation": 0.12566370614359174,
            "transform_matrix": [
                [
                    0.772278904914856,
                    -0.29726770520210266,
                    0.5614420771598816,
                    2.2632453441619873
                ],
                [
                    0.6352836489677429,
                    0.361371785402298,
                    -0.6825138330459595,
                    -2.7513012886047363
                ],
                [
                    0.0,
                    0.8837659955024719,
                    0.4679291248321533,
                    1.8862826824188232
                ],
                [
                    0.0,
                    0.0,
                    0.0,
                    1.0
                ]
            ]
        },
        {
            "file_path": "/data/shapenet_blender/all_50_random/02958343/d79f66a4566ff981424db5a60837de26/r_14",
            "rotation": 0.12566370614359174,
            "transform_matrix": [
                [
                    -0.13946294784545898,
                    0.07244528084993362,
                    -0.9875736236572266,
                    -3.98103666305542
                ],
                [
                    -0.9902272820472717,
                    -0.010203145444393158,
                    0.13908922672271729,
                    0.5606865882873535
                ],
                [
                    9.313225746154785e-10,
                    0.9973201751708984,
                    0.07316025346517563,
                    0.294918417930603
                ],
                [
                    0.0,
                    0.0,
                    0.0,
                    1.0
                ]
            ]
        },
        {
            "file_path": "/data/shapenet_blender/all_50_random/02958343/d79f66a4566ff981424db5a60837de26/r_15",
            "rotation": 0.12566370614359174,
            "transform_matrix": [
                [
                    -0.8925140500068665,
                    -0.2852973937988281,
                    -0.3493196368217468,
                    -1.4081525802612305
                ],
                [
                    -0.451019823551178,
                    0.5645692944526672,
                    0.6912615895271301,
                    2.786564826965332
                ],
                [
                    1.4901162970204496e-08,
                    0.7745106816291809,
                    -0.632560670375824,
                    -2.549933910369873
                ],
                [
                    0.0,
                    0.0,
                    0.0,
                    1.0
                ]
            ]
        },
        {
            "file_path": "/data/shapenet_blender/all_50_random/02958343/d79f66a4566ff981424db5a60837de26/r_16",
            "rotation": 0.12566370614359174,
            "transform_matrix": [
                [
                    0.5639427304267883,
                    -0.08107715845108032,
                    0.8218242526054382,
                    3.3128795623779297
                ],
                [
                    0.8258137702941895,
                    0.05536704882979393,
                    -0.56121826171875,
                    -2.262343168258667
                ],
                [
                    -3.7252896323280993e-09,
                    0.9951688051223755,
                    0.09817850589752197,
                    0.39577022194862366
                ],
                [
                    0.0,
                    0.0,
                    0.0,
                    1.0
                ]
            ]
        },
        {
            "file_path": "/data/shapenet_blender/all_50_random/02958343/d79f66a4566ff981424db5a60837de26/r_17",
            "rotation": 0.12566370614359174,
            "transform_matrix": [
                [
                    0.2647496163845062,
                    -0.47268807888031006,
                    -0.8405197858810425,
                    -3.3882439136505127
                ],
                [
                    -0.9643172025680542,
                    -0.12977470457553864,
                    -0.23076149821281433,
                    -0.9302294254302979
                ],
                [
                    0.0,
                    0.8716217875480652,
                    -0.49017900228500366,
                    -1.9759749174118042
                ],
                [
                    0.0,
                    0.0,
                    0.0,
                    1.0
                ]
            ]
        },
        {
            "file_path": "/data/shapenet_blender/all_50_random/02958343/d79f66a4566ff981424db5a60837de26/r_18",
            "rotation": 0.12566370614359174,
            "transform_matrix": [
                [
                    -0.3357125520706177,
                    0.11340143531560898,
                    -0.9351133704185486,
                    -3.7695627212524414
                ],
                [
                    -0.9419645071029663,
                    -0.040415842086076736,
                    0.3332708477973938,
                    1.3434579372406006
                ],
                [
                    -3.725290298461914e-09,
                    0.9927268028259277,
                    0.12038823962211609,
                    0.48530054092407227
                ],
                [
                    0.0,
                    0.0,
                    0.0,
                    1.0
                ]
            ]
        },
        {
            "file_path": "/data/shapenet_blender/all_50_random/02958343/d79f66a4566ff981424db5a60837de26/r_19",
            "rotation": 0.12566370614359174,
            "transform_matrix": [
                [
                    -0.034978773444890976,
                    0.3226352632045746,
                    0.9458768367767334,
                    3.8129515647888184
                ],
                [
                    0.9993880987167358,
                    0.011292296461760998,
                    0.033105868846178055,
                    0.13345402479171753
                ],
                [
                    -9.313225746154785e-10,
                    0.9464560151100159,
                    -0.3228328227996826,
                    -1.3013807535171509
                ],
                [
                    0.0,
                    0.0,
                    0.0,
                    1.0
                ]
            ]
        },
        {
            "file_path": "/data/shapenet_blender/all_50_random/02958343/d79f66a4566ff981424db5a60837de26/r_20",
            "rotation": 0.12566370614359174,
            "transform_matrix": [
                [
                    -0.8550297617912292,
                    -0.2305464893579483,
                    0.46451321244239807,
                    1.872512698173523
                ],
                [
                    0.5185790061950684,
                    -0.3801235258579254,
                    0.7658863067626953,
                    3.0873863697052
                ],
                [
                    0.0,
                    0.8957422971725464,
                    0.44457346200942993,
                    1.7921329736709595
                ],
                [
                    0.0,
                    0.0,
                    0.0,
                    1.0
                ]
            ]
        },
        {
            "file_path": "/data/shapenet_blender/all_50_random/02958343/d79f66a4566ff981424db5a60837de26/r_21",
            "rotation": 0.12566370614359174,
            "transform_matrix": [
                [
                    -0.7591091990470886,
                    0.32423490285873413,
                    0.5644688010215759,
                    2.2754464149475098
                ],
                [
                    0.6509633660316467,
                    0.3781006634235382,
                    0.6582450866699219,
                    2.653470754623413
                ],
                [
                    1.4901161193847656e-08,
                    0.8671283721923828,
                    -0.4980847239494324,
                    -2.0078437328338623
                ],
                [
                    0.0,
                    0.0,
                    0.0,
                    1.0
                ]
            ]
        },
        {
            "file_path": "/data/shapenet_blender/all_50_random/02958343/d79f66a4566ff981424db5a60837de26/r_22",
            "rotation": 0.12566370614359174,
            "transform_matrix": [
                [
                    -0.9970836043357849,
                    -0.020834052935242653,
                    -0.07341932505369186,
                    -0.2959628105163574
                ],
                [
                    -0.07631812989711761,
                    0.27219337224960327,
                    0.9592111706733704,
                    3.866704225540161
                ],
                [
                    -1.862645371275562e-09,
                    0.9620169997215271,
                    -0.27298951148986816,
                    -1.1004559993743896
                ],
                [
                    0.0,
                    0.0,
                    0.0,
                    1.0
                ]
            ]
        },
        {
            "file_path": "/data/shapenet_blender/all_50_random/02958343/d79f66a4566ff981424db5a60837de26/r_23",
            "rotation": 0.12566370614359174,
            "transform_matrix": [
                [
                    0.5718467235565186,
                    -0.7875185608863831,
                    -0.22979524731636047,
                    -0.9263342022895813
                ],
                [
                    -0.820360541343689,
                    -0.548953652381897,
                    -0.16018281877040863,
                    -0.6457175612449646
                ],
                [
                    0.0,
                    0.28011471033096313,
                    -0.9599664807319641,
                    -3.86974835395813
                ],
                [
                    0.0,
                    0.0,
                    0.0,
                    1.0
                ]
            ]
        },
        {
            "file_path": "/data/shapenet_blender/all_50_random/02958343/d79f66a4566ff981424db5a60837de26/r_24",
            "rotation": 0.12566370614359174,
            "transform_matrix": [
                [
                    -0.8008924722671509,
                    -0.04498223215341568,
                    -0.5971162915229797,
                    -2.407052516937256
                ],
                [
                    -0.5988081693649292,
                    0.060162730515003204,
                    0.798629641532898,
                    3.219378709793091
                ],
                [
                    0.0,
                    0.9971745014190674,
                    -0.07511961460113525,
                    -0.30281680822372437
                ],
                [
                    0.0,
                    0.0,
                    0.0,
                    1.0
                ]
            ]
        },
        {
            "file_path": "/data/shapenet_blender/all_50_random/02958343/d79f66a4566ff981424db5a60837de26/r_25",
            "rotation": 0.12566370614359174,
            "transform_matrix": [
                [
                    -0.9756717085838318,
                    0.09120772033929825,
                    0.199363574385643,
                    0.8036602735519409
                ],
                [
                    0.2192365974187851,
                    0.40590301156044006,
                    0.8872305154800415,
                    3.57654070854187
                ],
                [
                    0.0,
                    0.9093536138534546,
                    -0.4160241186618805,
                    -1.6770468950271606
                ],
                [
                    0.0,
                    0.0,
                    0.0,
                    1.0
                ]
            ]
        },
        {
            "file_path": "/data/shapenet_blender/all_50_random/02958343/d79f66a4566ff981424db5a60837de26/r_26",
            "rotation": 0.12566370614359174,
            "transform_matrix": [
                [
                    0.9821764230728149,
                    0.0077544222585856915,
                    0.18780142068862915,
                    0.7570517659187317
                ],
                [
                    0.18796145915985107,
                    -0.040520064532756805,
                    -0.9813401699066162,
                    -3.95590877532959
                ],
                [
                    0.0,
                    0.9991486072540283,
                    -0.04125538468360901,
                    -0.1663057804107666
                ],
                [
                    0.0,
                    0.0,
                    0.0,
                    1.0
                ]
            ]
        },
        {
            "file_path": "/data/shapenet_blender/all_50_random/02958343/d79f66a4566ff981424db5a60837de26/r_27",
            "rotation": 0.12566370614359174,
            "transform_matrix": [
                [
                    -0.9624936580657959,
                    0.06459125131368637,
                    -0.2635032832622528,
                    -1.0622156858444214
                ],
                [
                    -0.27130424976348877,
                    -0.22914738953113556,
                    0.9348183870315552,
                    3.768373489379883
                ],
                [
                    3.725290298461914e-09,
                    0.9712462425231934,
                    0.23807679116725922,
                    0.9597182273864746
                ],
                [
                    0.0,
                    0.0,
                    0.0,
                    1.0
                ]
            ]
        },
        {
            "file_path": "/data/shapenet_blender/all_50_random/02958343/d79f66a4566ff981424db5a60837de26/r_28",
            "rotation": 0.12566370614359174,
            "transform_matrix": [
                [
                    -0.46822506189346313,
                    0.14613154530525208,
                    -0.8714418411254883,
                    -3.51289439201355
                ],
                [
                    -0.8836092948913574,
                    -0.07743518054485321,
                    0.46177753806114197,
                    1.8614847660064697
                ],
                [
                    7.450580596923828e-09,
                    0.9862298965454102,
                    0.16538025438785553,
                    0.6666691303253174
                ],
                [
                    0.0,
                    0.0,
                    0.0,
                    1.0
                ]
            ]
        },
        {
            "file_path": "/data/shapenet_blender/all_50_random/02958343/d79f66a4566ff981424db5a60837de26/r_29",
            "rotation": 0.12566370614359174,
            "transform_matrix": [
                [
                    0.8641175031661987,
                    0.04153084754943848,
                    -0.5015738010406494,
                    -2.021908760070801
                ],
                [
                    -0.5032902956008911,
                    0.07130582630634308,
                    -0.8611703515052795,
                    -3.4714887142181396
                ],
                [
                    0.0,
                    0.9965894818305969,
                    0.08251868188381195,
                    0.33264344930648804
                ],
                [
                    0.0,
                    0.0,
                    0.0,
                    1.0
                ]
            ]
        },
        {
            "file_path": "/data/shapenet_blender/all_50_random/02958343/d79f66a4566ff981424db5a60837de26/r_30",
            "rotation": 0.12566370614359174,
            "transform_matrix": [
                [
                    0.49907031655311584,
                    -0.7923071384429932,
                    0.35096752643585205,
                    1.4147955179214478
                ],
                [
                    0.8665615320205688,
                    0.45630571246147156,
                    -0.2021293044090271,
                    -0.8148093223571777
                ],
                [
                    0.0,
                    0.40501153469085693,
                    0.9143114686012268,
                    3.6857075691223145
                ],
                [
                    0.0,
                    0.0,
                    0.0,
                    1.0
                ]
            ]
        },
        {
            "file_path": "/data/shapenet_blender/all_50_random/02958343/d79f66a4566ff981424db5a60837de26/r_31",
            "rotation": 0.12566370614359174,
            "transform_matrix": [
                [
                    -0.8656724095344543,
                    0.07108941674232483,
                    0.49553772807121277,
                    1.9975764751434326
                ],
                [
                    0.5006110072135925,
                    0.12293007224798203,
                    0.8568995594978333,
                    3.454272508621216
                ],
                [
                    3.725290742551124e-09,
                    0.989865779876709,
                    -0.1420053094625473,
                    -0.5724416971206665
                ],
                [
                    0.0,
                    0.0,
                    0.0,
                    1.0
                ]
            ]
        },
        {
            "file_path": "/data/shapenet_blender/all_50_random/02958343/d79f66a4566ff981424db5a60837de26/r_32",
            "rotation": 0.12566370614359174,
            "transform_matrix": [
                [
                    0.6347559690475464,
                    0.4156995713710785,
                    -0.6513667702674866,
                    -2.6257436275482178
                ],
                [
                    -0.7727127075195312,
                    0.34148237109184265,
                    -0.5350745916366577,
                    -2.1569550037384033
                ],
                [
                    -1.4901161193847656e-08,
                    0.842961311340332,
                    0.5379742383956909,
                    2.1686437129974365
                ],
                [
                    0.0,
                    0.0,
                    0.0,
                    1.0
                ]
            ]
        },
        {
            "file_path": "/data/shapenet_blender/all_50_random/02958343/d79f66a4566ff981424db5a60837de26/r_33",
            "rotation": 0.12566370614359174,
            "transform_matrix": [
                [
                    -0.3667144775390625,
                    -0.8091717958450317,
                    -0.4590875506401062,
                    -1.850641131401062
                ],
                [
                    -0.9303334951400757,
                    0.31895554065704346,
                    0.18096096813678741,
                    0.7294769883155823
                ],
                [
                    0.0,
                    0.4934656023979187,
                    -0.8697653412818909,
                    -3.506136178970337
                ],
                [
                    0.0,
                    0.0,
                    0.0,
                    1.0
                ]
            ]
        },
        {
            "file_path": "/data/shapenet_blender/all_50_random/02958343/d79f66a4566ff981424db5a60837de26/r_34",
            "rotation": 0.12566370614359174,
            "transform_matrix": [
                [
                    0.8551525473594666,
                    -0.005207154434174299,
                    0.51835036277771,
                    2.0895371437072754
                ],
                [
                    0.5183765888214111,
                    0.008590109646320343,
                    -0.8551093339920044,
                    -3.4470560550689697
                ],
                [
                    0.0,
                    0.99994957447052,
                    0.010045119561254978,
                    0.04049317166209221
                ],
                [
                    0.0,
                    0.0,
                    0.0,
                    1.0
                ]
            ]
        },
        {
            "file_path": "/data/shapenet_blender/all_50_random/02958343/d79f66a4566ff981424db5a60837de26/r_35",
            "rotation": 0.12566370614359174,
            "transform_matrix": [
                [
                    -0.9700310230255127,
                    0.026656873524188995,
                    0.24151456356048584,
                    0.9735764265060425
                ],
                [
                    0.24298124015331268,
                    0.10641971230506897,
                    0.9641757011413574,
                    3.886716842651367
                ],
                [
                    0.0,
                    0.9939639568328857,
                    -0.10970751941204071,
                    -0.4422451853752136
                ],
                [
                    0.0,
                    0.0,
                    0.0,
                    1.0
                ]
            ]
        },
        {
            "file_path": "/data/shapenet_blender/all_50_random/02958343/d79f66a4566ff981424db5a60837de26/r_36",
            "rotation": 0.12566370614359174,
            "transform_matrix": [
                [
                    -0.9353061318397522,
                    0.00037598193739540875,
                    0.35383930802345276,
                    1.4263720512390137
                ],
                [
                    0.3538395166397095,
                    0.000993835274130106,
                    0.9353055953979492,
                    3.7703375816345215
                ],
                [
                    2.9103826987286752e-11,
                    0.999999463558197,
                    -0.0010625774739310145,
                    -0.004283387213945389
                ],
                [
                    0.0,
                    0.0,
                    0.0,
                    1.0
                ]
            ]
        },
        {
            "file_path": "/data/shapenet_blender/all_50_random/02958343/d79f66a4566ff981424db5a60837de26/r_37",
            "rotation": 0.12566370614359174,
            "transform_matrix": [
                [
                    0.7884887456893921,
                    -0.00014636258129030466,
                    0.6150491237640381,
                    2.479341983795166
                ],
                [
                    0.6150490641593933,
                    0.00018763587286230177,
                    -0.7884888648986816,
                    -3.178499937057495
                ],
                [
                    -7.275956313140819e-12,
                    0.9999999403953552,
                    0.00023796896857675165,
                    0.0009592834976501763
                ],
                [
                    0.0,
                    0.0,
                    0.0,
                    1.0
                ]
            ]
        },
        {
            "file_path": "/data/shapenet_blender/all_50_random/02958343/d79f66a4566ff981424db5a60837de26/r_38",
            "rotation": 0.12566370614359174,
            "transform_matrix": [
                [
                    -0.6418430805206299,
                    0.7440364956855774,
                    0.18559904396533966,
                    0.7481736540794373
                ],
                [
                    0.7668359875679016,
                    0.6227599382400513,
                    0.15534673631191254,
                    0.6262227296829224
                ],
                [
                    -7.450580596923828e-09,
                    0.24203228950500488,
                    -0.970268189907074,
                    -3.91127610206604
                ],
                [
                    0.0,
                    0.0,
                    0.0,
                    1.0
                ]
            ]
        },
        {
            "file_path": "/data/shapenet_blender/all_50_random/02958343/d79f66a4566ff981424db5a60837de26/r_39",
            "rotation": 0.12566370614359174,
            "transform_matrix": [
                [
                    0.9970900416374207,
                    -0.06495113670825958,
                    0.03990979120135307,
                    0.16088151931762695
                ],
                [
                    0.07623282074928284,
                    0.8495308756828308,
                    -0.5220016241073608,
                    -2.1042559146881104
                ],
                [
                    -3.725290298461914e-09,
                    0.5235249996185303,
                    0.8520102500915527,
                    3.434563159942627
                ],
                [
                    0.0,
                    0.0,
                    0.0,
                    1.0
                ]
            ]
        },
        {
            "file_path": "/data/shapenet_blender/all_50_random/02958343/d79f66a4566ff981424db5a60837de26/r_40",
            "rotation": 0.12566370614359174,
            "transform_matrix": [
                [
                    0.8053766489028931,
                    0.4456804394721985,
                    0.39081647992134094,
                    1.5754317045211792
                ],
                [
                    0.5927636027336121,
                    -0.605537474155426,
                    -0.5309948921203613,
                    -2.1405091285705566
                ],
                [
                    -1.4901162970204496e-08,
                    0.6593126058578491,
                    -0.7518687844276428,
                    -3.0308802127838135
                ],
                [
                    0.0,
                    0.0,
                    0.0,
                    1.0
                ]
            ]
        },
        {
            "file_path": "/data/shapenet_blender/all_50_random/02958343/d79f66a4566ff981424db5a60837de26/r_41",
            "rotation": 0.12566370614359174,
            "transform_matrix": [
                [
                    -0.24593433737754822,
                    -0.8082007169723511,
                    0.5350961089134216,
                    2.157041549682617
                ],
                [
                    0.9692865014076233,
                    -0.20506249368190765,
                    0.13576842844486237,
