{
    "class": "02958343",
    "model": "c558c64b6b97a529658e57fd275f6bed",
    "remove_doubles": true,
    "edge_split": true,
    "denoise": true,
    "camera_angle_x": 0.6911112070083618,
    "scale_factor": 2.344687880109827,
    "hdri_file": "/data/IndoorHDRDataset2018/9C4A4049-6fec018e1d.exr",
    "center_offset": [
        0.0,
        0.0,
        3.4924596548080444e-09
    ],
    "lights": [],
    "frames": [
        {
            "file_path": "/data/shapenet_blender/all_50_random/02958343/c558c64b6b97a529658e57fd275f6bed/r_0",
            "rotation": 0.12566370614359174,
            "transform_matrix": [
                [
                    0.9296501278877258,
                    -0.01422786246985197,
                    0.36816850304603577,
                    1.4841347932815552
                ],
                [
                    0.3684433400630951,
                    0.03589950501918793,
                    -0.9289566874504089,
                    -3.7447445392608643
                ],
                [
                    9.313225191043273e-10,
                    0.9992541670799255,
                    0.03861613571643829,
                    0.15566663444042206
                ],
                [
                    0.0,
                    0.0,
                    0.0,
                    1.0
                ]
            ]
        },
        {
            "file_path": "/data/shapenet_blender/all_50_random/02958343/c558c64b6b97a529658e57fd275f6bed/r_1",
            "rotation": 0.12566370614359174,
            "transform_matrix": [
                [
                    -0.9957298636436462,
                    -0.011314832605421543,
                    0.09161914885044098,
                    0.3693286180496216
                ],
                [
                    0.0923151969909668,
                    -0.12204401195049286,
                    0.9882221817970276,
                    3.9836511611938477
                ],
                [
                    -9.313225746154785e-10,
                    0.9924601316452026,
                    0.12256739288568497,
                    0.4940849840641022
                ],
                [
                    0.0,
                    0.0,
                    0.0,
                    1.0
                ]
            ]
        },
        {
            "file_path": "/data/shapenet_blender/all_50_random/02958343/c558c64b6b97a529658e57fd275f6bed/r_2",
            "rotation": 0.12566370614359174,
            "transform_matrix": [
                [
                    -0.5826033353805542,
                    0.0869654044508934,
                    0.8080905079841614,
                    3.257517099380493
                ],
                [
                    0.8127565383911133,
                    0.06233889237046242,
                    0.5792586803436279,
                    2.335066318511963
                ],
                [
                    -3.725290076417309e-09,
                    0.9942589402198792,
                    -0.10700055956840515,
                    -0.431333065032959
                ],
                [
                    0.0,
                    0.0,
                    0.0,
                    1.0
                ]
            ]
        },
        {
            "file_path": "/data/shapenet_blender/all_50_random/02958343/c558c64b6b97a529658e57fd275f6bed/r_3",
            "rotation": 0.12566370614359174,
            "transform_matrix": [
                [
                    0.25543615221977234,
                    -0.043312013149261475,
                    0.9658553004264832,
                    3.8934872150421143
                ],
                [
                    0.9668259024620056,
                    0.011443066410720348,
                    -0.2551797032356262,
                    -1.0286623239517212
                ],
                [
                    9.313225746154785e-10,
                    0.9989959597587585,
                    0.04479815438389778,
                    0.18058714270591736
                ],
                [
                    0.0,
                    0.0,
                    0.0,
                    1.0
                ]
            ]
        },
        {
            "file_path": "/data/shapenet_blender/all_50_random/02958343/c558c64b6b97a529658e57fd275f6bed/r_4",
            "rotation": 0.12566370614359174,
            "transform_matrix": [
                [
                    0.9214896559715271,
                    0.05843604356050491,
                    0.3839818239212036,
                    1.5478804111480713
                ],
                [
                    0.3884029686450958,
                    -0.13864006102085114,
                    -0.9110004901885986,
                    -3.67236065864563
                ],
                [
                    3.725290742551124e-09,
                    0.9886171817779541,
                    -0.15045210719108582,
                    -0.6064919233322144
                ],
                [
                    0.0,
                    0.0,
                    0.0,
                    1.0
                ]
            ]
        },
        {
            "file_path": "/data/shapenet_blender/all_50_random/02958343/c558c64b6b97a529658e57fd275f6bed/r_5",
            "rotation": 0.12566370614359174,
            "transform_matrix": [
                [
                    -0.5151705145835876,
                    0.5405745506286621,
                    0.6651154160499573,
                    2.681166172027588
                ],
                [
                    0.8570877313613892,
                    0.32492363452911377,
                    0.3997815251350403,
                    1.611570954322815
                ],
                [
                    0.0,
                    0.776017963886261,
                    -0.630710780620575,
                    -2.5424766540527344
                ],
                [
                    0.0,
                    0.0,
                    0.0,
                    1.0
                ]
            ]
        },
        {
            "file_path": "/data/shapenet_blender/all_50_random/02958343/c558c64b6b97a529658e57fd275f6bed/r_6",
            "rotation": 0.12566370614359174,
            "transform_matrix": [
                [
                    0.7114246487617493,
                    0.1491711139678955,
                    0.6867480278015137,
                    2.7683699131011963
                ],
                [
                    0.7027623057365417,
                    -0.15100981295108795,
                    -0.6952129602432251,
                    -2.802493095397949
                ],
                [
                    0.0,
                    0.9772123098373413,
                    -0.21226395666599274,
                    -0.8556633591651917
                ],
                [
                    0.0,
                    0.0,
                    0.0,
                    1.0
                ]
            ]
        },
        {
            "file_path": "/data/shapenet_blender/all_50_random/02958343/c558c64b6b97a529658e57fd275f6bed/r_7",
            "rotation": 0.12566370614359174,
            "transform_matrix": [
                [
                    -0.7710604667663574,
                    -0.29886704683303833,
                    0.5622669458389282,
                    2.266570806503296
                ],
                [
                    0.6367618441581726,
                    -0.36190065741539,
                    0.6808539032936096,
                    2.744610071182251
                ],
                [
                    -1.4901161193847656e-08,
                    0.8830097913742065,
                    0.4693544805049896,
                    1.892028570175171
                ],
                [
                    0.0,
                    0.0,
                    0.0,
                    1.0
                ]
            ]
        },
        {
            "file_path": "/data/shapenet_blender/all_50_random/02958343/c558c64b6b97a529658e57fd275f6bed/r_8",
            "rotation": 0.12566370614359174,
            "transform_matrix": [
                [
                    -0.8746626973152161,
                    0.04999426379799843,
                    -0.4821469485759735,
                    -1.9435967206954956
                ],
                [
                    -0.48473212122917175,
                    -0.09021089971065521,
                    0.8699979782104492,
                    3.5070745944976807
                ],
                [
                    0.0,
                    0.994667112827301,
                    0.10313790291547775,
                    0.4157622456550598
                ],
                [
                    0.0,
                    0.0,
                    0.0,
                    1.0
                ]
            ]
        },
        {
            "file_path": "/data/shapenet_blender/all_50_random/02958343/c558c64b6b97a529658e57fd275f6bed/r_9",
            "rotation": 0.12566370614359174,
            "transform_matrix": [
                [
                    0.13583602011203766,
                    0.05260627716779709,
                    0.9893336296081543,
                    3.988131523132324
                ],
                [
                    0.9907313585281372,
                    -0.0072126793675124645,
                    -0.13564439117908478,
                    -0.5468000173568726
                ],
                [
                    -4.656612873077393e-10,
                    0.9985893368721008,
                    -0.053098421543836594,
                    -0.21404658257961273
                ],
                [
                    0.0,
                    0.0,
                    0.0,
                    1.0
                ]
            ]
        },
        {
            "file_path": "/data/shapenet_blender/all_50_random/02958343/c558c64b6b97a529658e57fd275f6bed/r_10",
            "rotation": 0.12566370614359174,
            "transform_matrix": [
                [
                    0.27540770173072815,
                    -0.23191751539707184,
                    0.9329334497451782,
                    3.760775089263916
                ],
                [
                    0.9613276124000549,
                    0.06644131243228912,
                    -0.2672731280326843,
                    -1.077412486076355
                ],
                [
                    0.0,
                    0.9704636931419373,
                    0.24124714732170105,
                    0.97249835729599
                ],
                [
                    0.0,
                    0.0,
                    0.0,
                    1.0
                ]
            ]
        },
        {
            "file_path": "/data/shapenet_blender/all_50_random/02958343/c558c64b6b97a529658e57fd275f6bed/r_11",
            "rotation": 0.12566370614359174,
            "transform_matrix": [
                [
                    0.502545177936554,
                    0.6466512084007263,
                    0.5738382935523987,
                    2.3132164478302
                ],
                [
                    0.8645509481430054,
                    -0.3758847117424011,
                    -0.33356010913848877,
                    -1.3446239233016968
                ],
                [
                    0.0,
                    0.6637415289878845,
                    -0.7479619383811951,
                    -3.0151312351226807
                ],
                [
                    0.0,
                    0.0,
                    0.0,
                    1.0
                ]
            ]
        },
        {
            "file_path": "/data/shapenet_blender/all_50_random/02958343/c558c64b6b97a529658e57fd275f6bed/r_12",
            "rotation": 0.12566370614359174,
            "transform_matrix": [
                [
                    -0.9228597283363342,
                    0.22178193926811218,
                    0.31486931443214417,
                    1.2692787647247314
                ],
                [
                    0.385136216878891,
                    0.5314317345619202,
                    0.7544867992401123,
                    3.041433572769165
                ],
                [
                    0.0,
                    0.8175530433654785,
                    -0.5758532285690308,
                    -2.321338653564453
                ],
                [
                    0.0,
                    0.0,
                    0.0,
                    1.0
                ]
            ]
        },
        {
            "file_path": "/data/shapenet_blender/all_50_random/02958343/c558c64b6b97a529658e57fd275f6bed/r_13",
            "rotation": 0.12566370614359174,
            "transform_matrix": [
                [
                    0.9951451420783997,
                    0.0296090729534626,
                    -0.09385844320058823,
                    -0.378355473279953
                ],
                [
                    -0.09841801226139069,
                    0.2993895709514618,
                    -0.949041485786438,
                    -3.8257086277008057
                ],
                [
                    0.0,
                    0.953671395778656,
                    0.30085015296936035,
                    1.2127658128738403
                ],
                [
                    0.0,
                    0.0,
                    0.0,
                    1.0
                ]
            ]
        },
        {
            "file_path": "/data/shapenet_blender/all_50_random/02958343/c558c64b6b97a529658e57fd275f6bed/r_14",
            "rotation": 0.12566370614359174,
            "transform_matrix": [
                [
                    0.9956785440444946,
                    0.00309648341499269,
                    -0.09281627833843231,
                    -0.37415438890457153
                ],
                [
                    -0.09286792576313019,
                    0.03319878131151199,
                    -0.9951248168945312,
                    -4.011476516723633
                ],
                [
                    0.0,
                    0.9994439482688904,
                    0.0333428792655468,
                    0.13440944254398346
                ],
                [
                    0.0,
                    0.0,
                    0.0,
                    1.0
                ]
            ]
        },
        {
            "file_path": "/data/shapenet_blender/all_50_random/02958343/c558c64b6b97a529658e57fd275f6bed/r_15",
            "rotation": 0.12566370614359174,
            "transform_matrix": [
                [
                    -0.9978265166282654,
                    0.007684800773859024,
                    -0.06544716656208038,
                    -0.2638259530067444
                ],
                [
                    -0.06589680165052414,
                    -0.11636525392532349,
                    0.9910179972648621,
                    3.9949214458465576
                ],
                [
                    -4.656613428188905e-10,
                    0.9931767582893372,
                    0.11661872267723083,
                    0.4701051115989685
                ],
                [
                    0.0,
                    0.0,
                    0.0,
                    1.0
                ]
            ]
        },
        {
            "file_path": "/data/shapenet_blender/all_50_random/02958343/c558c64b6b97a529658e57fd275f6bed/r_16",
            "rotation": 0.12566370614359174,
            "transform_matrix": [
                [
                    0.9819520711898804,
                    -0.09562132507562637,
                    0.16317719221115112,
                    0.6577882766723633
                ],
                [
                    0.1891302466392517,
                    0.49645987153053284,
                    -0.8472055792808533,
                    -3.4151949882507324
                ],
                [
                    -7.450581485102248e-09,
                    0.8627768754959106,
                    0.5055846571922302,
                    2.038076877593994
                ],
                [
                    0.0,
                    0.0,
                    0.0,
                    1.0
                ]
            ]
        },
        {
            "file_path": "/data/shapenet_blender/all_50_random/02958343/c558c64b6b97a529658e57fd275f6bed/r_17",
            "rotation": 0.12566370614359174,
            "transform_matrix": [
                [
                    0.7594095468521118,
                    0.17740055918693542,
                    0.6259602308273315,
                    2.5233266353607178
                ],
                [
                    0.650613009929657,
                    -0.20706573128700256,
                    -0.7306342124938965,
                    -2.9452810287475586
                ],
                [
                    0.0,
                    0.9621084332466125,
                    -0.2726667523384094,
                    -1.0991549491882324
                ],
                [
                    0.0,
                    0.0,
                    0.0,
                    1.0
                ]
            ]
        },
        {
            "file_path": "/data/shapenet_blender/all_50_random/02958343/c558c64b6b97a529658e57fd275f6bed/r_18",
            "rotation": 0.12566370614359174,
            "transform_matrix": [
                [
                    -0.31064680218696594,
                    -0.7305271029472351,
                    0.6081353425979614,
                    2.451472043991089
                ],
                [
                    0.9505255222320557,
                    -0.23874786496162415,
                    0.19874829053878784,
                    0.8011800050735474
                ],
                [
                    0.0,
                    0.6397885084152222,
                    0.7685509324073792,
                    3.098127841949463
                ],
                [
                    0.0,
                    0.0,
                    0.0,
                    1.0
                ]
            ]
        },
        {
            "file_path": "/data/shapenet_blender/all_50_random/02958343/c558c64b6b97a529658e57fd275f6bed/r_19",
            "rotation": 0.12566370614359174,
            "transform_matrix": [
                [
                    0.3446391522884369,
                    -0.557835578918457,
                    -0.7550120949745178,
                    -3.043551206588745
                ],
                [
                    -0.93873530626297,
                    -0.20479892194271088,
                    -0.27718859910964966,
                    -1.1173830032348633
                ],
                [
                    0.0,
                    0.804286539554596,
                    -0.5942416787147522,
                    -2.3954648971557617
                ],
                [
                    0.0,
                    0.0,
                    0.0,
                    1.0
                ]
            ]
        },
        {
            "file_path": "/data/shapenet_blender/all_50_random/02958343/c558c64b6b97a529658e57fd275f6bed/r_20",
            "rotation": 0.12566370614359174,
            "transform_matrix": [
                [
                    -0.9576555490493774,
                    0.23829877376556396,
                    -0.16158467531204224,
                    -0.6513686776161194
                ],
                [
                    -0.28791651129722595,
                    -0.7926191687583923,
                    0.5374559760093689,
                    2.1665544509887695
                ],
                [
                    -1.4901162970204496e-08,
                    0.5612205266952515,
                    0.8276662230491638,
                    3.3364293575286865
                ],
                [
                    0.0,
                    0.0,
                    0.0,
                    1.0
                ]
            ]
        },
        {
            "file_path": "/data/shapenet_blender/all_50_random/02958343/c558c64b6b97a529658e57fd275f6bed/r_21",
            "rotation": 0.12566370614359174,
            "transform_matrix": [
                [
                    0.2570517659187317,
                    0.053290218114852905,
                    0.9649273157119751,
                    3.8897459506988525
                ],
                [
                    0.9663975834846497,
                    -0.014174647629261017,
                    -0.25666069984436035,
                    -1.0346322059631348
                ],
                [
                    0.0,
                    0.9984784126281738,
                    -0.055143166333436966,
                    -0.22228918969631195
                ],
                [
                    0.0,
                    0.0,
                    0.0,
                    1.0
                ]
            ]
        },
        {
            "file_path": "/data/shapenet_blender/all_50_random/02958343/c558c64b6b97a529658e57fd275f6bed/r_22",
            "rotation": 0.12566370614359174,
            "transform_matrix": [
                [
                    -0.4400617778301239,
                    0.7417043447494507,
                    0.5061818957328796,
                    2.040484666824341
                ],
                [
                    0.8979673981666565,
                    0.36348286271095276,
                    0.24806170165538788,
                    0.9999687671661377
                ],
                [
                    -1.4901160305669237e-08,
                    0.5636972784996033,
                    -0.8259812593460083,
                    -3.329637289047241
                ],
                [
                    0.0,
                    0.0,
                    0.0,
                    1.0
                ]
            ]
        },
        {
            "file_path": "/data/shapenet_blender/all_50_random/02958343/c558c64b6b97a529658e57fd275f6bed/r_23",
            "rotation": 0.12566370614359174,
            "transform_matrix": [
                [
                    0.7786746025085449,
                    -0.5718512535095215,
                    0.258170485496521,
                    1.040718674659729
                ],
                [
                    0.6274280548095703,
                    0.7097005844116211,
                    -0.3204045295715332,
                    -1.2915921211242676
                ],
                [
                    -1.4901161193847656e-08,
                    0.4114742875099182,
                    0.9114212989807129,
                    3.6740570068359375
                ],
                [
                    0.0,
                    0.0,
                    0.0,
                    1.0
                ]
            ]
        },
        {
            "file_path": "/data/shapenet_blender/all_50_random/02958343/c558c64b6b97a529658e57fd275f6bed/r_24",
            "rotation": 0.12566370614359174,
            "transform_matrix": [
                [
                    -0.036313496530056,
                    -0.8708104491233826,
                    0.4902757406234741,
                    1.9763647317886353
                ],
                [
                    0.9993404746055603,
                    -0.03164304420351982,
                    0.017815377563238144,
                    0.071816086769104
                ],
                [
                    9.313225746154785e-10,
                    0.4905993342399597,
                    0.8713852763175964,
                    3.5126664638519287
                ],
                [
                    0.0,
                    0.0,
                    0.0,
                    1.0
                ]
            ]
        },
        {
            "file_path": "/data/shapenet_blender/all_50_random/02958343/c558c64b6b97a529658e57fd275f6bed/r_25",
            "rotation": 0.12566370614359174,
            "transform_matrix": [
                [
                    -0.9408174753189087,
                    0.09224704653024673,
                    0.32611826062202454,
                    1.3146249055862427
                ],
                [
                    0.3389139473438263,
                    0.2560757100582123,
                    0.9052969217300415,
                    3.6493687629699707
                ],
                [
                    0.0,
                    0.9622452259063721,
                    -0.27218422293663025,
                    -1.0972098112106323
                ],
                [
                    0.0,
                    0.0,
                    0.0,
                    1.0
                ]
            ]
        },
        {
            "file_path": "/data/shapenet_blender/all_50_random/02958343/c558c64b6b97a529658e57fd275f6bed/r_26",
            "rotation": 0.12566370614359174,
            "transform_matrix": [
                [
                    -0.4510684609413147,
                    0.44196730852127075,
                    0.7753722667694092,
                    3.1256256103515625
                ],
                [
                    0.8924893736839294,
                    0.2233724147081375,
                    0.3918769061565399,
                    1.5797063112258911
                ],
                [
                    0.0,
                    0.8687748312950134,
                    -0.4952073395252228,
                    -1.9962446689605713
                ],
                [
                    0.0,
                    0.0,
                    0.0,
                    1.0
                ]
            ]
        },
        {
            "file_path": "/data/shapenet_blender/all_50_random/02958343/c558c64b6b97a529658e57fd275f6bed/r_27",
            "rotation": 0.12566370614359174,
            "transform_matrix": [
                [
                    0.9923297762870789,
                    -0.09129486978054047,
                    0.08334872871637344,
                    0.33598944544792175
                ],
                [
                    0.123619444668293,
                    0.7328509092330933,
                    -0.6690648794174194,
                    -2.6970865726470947
                ],
                [
                    0.0,
                    0.6742363572120667,
                    0.7385156154632568,
                    2.977051258087158
                ],
                [
                    0.0,
                    0.0,
                    0.0,
                    1.0
                ]
            ]
        },
        {
            "file_path": "/data/shapenet_blender/all_50_random/02958343/c558c64b6b97a529658e57fd275f6bed/r_28",
            "rotation": 0.12566370614359174,
            "transform_matrix": [
                [
                    0.30719834566116333,
                    -0.03861624374985695,
                    -0.9508616924285889,
                    -3.8330461978912354
                ],
                [
                    -0.95164555311203,
                    -0.012465614825487137,
                    -0.3069453239440918,
                    -1.2373361587524414
                ],
                [
                    0.0,
                    0.9991763830184937,
                    -0.040578391402959824,
                    -0.16357672214508057
                ],
                [
                    0.0,
                    0.0,
                    0.0,
                    1.0
                ]
            ]
        },
        {
            "file_path": "/data/shapenet_blender/all_50_random/02958343/c558c64b6b97a529658e57fd275f6bed/r_29",
            "rotation": 0.12566370614359174,
            "transform_matrix": [
                [
                    0.8816996812820435,
                    0.08460744470357895,
                    0.46416300535202026,
                    1.871100902557373
                ],
                [
                    0.47181108593940735,
                    -0.15811064839363098,
                    -0.8674072623252869,
                    -3.4966304302215576
                ],
                [
                    0.0,
                    0.9837899208068848,
                    -0.17932482063770294,
                    -0.7228814959526062
                ],
                [
                    0.0,
                    0.0,
                    0.0,
                    1.0
                ]
            ]
        },
        {
            "file_path": "/data/shapenet_blender/all_50_random/02958343/c558c64b6b97a529658e57fd275f6bed/r_30",
            "rotation": 0.12566370614359174,
            "transform_matrix": [
                [
                    0.5162801742553711,
                    -0.4337788224220276,
                    -0.7384379506111145,
                    -2.976738929748535
                ],
                [
                    -0.8564198613166809,
                    -0.2614971995353699,
                    -0.4451565146446228,
                    -1.7944834232330322
                ],
                [
                    0.0,
                    0.862238347530365,
                    -0.5065025687217712,
                    -2.0417773723602295
                ],
                [
                    0.0,
                    0.0,
                    0.0,
                    1.0
                ]
            ]
        },
        {
            "file_path": "/data/shapenet_blender/all_50_random/02958343/c558c64b6b97a529658e57fd275f6bed/r_31",
            "rotation": 0.12566370614359174,
            "transform_matrix": [
                [
                    -0.010617250576615334,
                    0.32950741052627563,
                    -0.9440933465957642,
                    -3.8057615756988525
                ],
                [
                    -0.999943733215332,
                    -0.0034986597020179033,
                    0.010024240240454674,
                    0.04040899872779846
                ],
                [
                    2.3283067140944524e-10,
                    0.944146454334259,
                    0.32952600717544556,
                    1.3283616304397583
                ],
                [
                    0.0,
                    0.0,
                    0.0,
                    1.0
                ]
            ]
        },
        {
            "file_path": "/data/shapenet_blender/all_50_random/02958343/c558c64b6b97a529658e57fd275f6bed/r_32",
            "rotation": 0.12566370614359174,
            "transform_matrix": [
                [
                    0.9751135110855103,
                    0.059310685843229294,
                    -0.2136259377002716,
                    -0.861153781414032
                ],
                [
                    -0.22170661389827728,
                    0.26086121797561646,
                    -0.9395729899406433,
                    -3.7875401973724365
                ],
                [
                    3.725290742551124e-09,
                    0.9635526537895203,
                    0.2675187885761261,
                    1.0784028768539429
                ],
                [
                    0.0,
                    0.0,
                    0.0,
                    1.0
                ]
            ]
        },
        {
            "file_path": "/data/shapenet_blender/all_50_random/02958343/c558c64b6b97a529658e57fd275f6bed/r_33",
            "rotation": 0.12566370614359174,
            "transform_matrix": [
                [
                    0.363683819770813,
                    0.6696545481681824,
                    0.6475313305854797,
                    2.6102821826934814
                ],
                [
                    0.9315224289894104,
                    -0.26144567131996155,
                    -0.2528083622455597,
                    -1.0191030502319336
                ],
                [
                    0.0,
                    0.6951320767402649,
                    -0.7188819050788879,
                    -2.8979055881500244
                ],
                [
                    0.0,
                    0.0,
                    0.0,
                    1.0
                ]
            ]
        },
        {
            "file_path": "/data/shapenet_blender/all_50_random/02958343/c558c64b6b97a529658e57fd275f6bed/r_34",
            "rotation": 0.12566370614359174,
            "transform_matrix": [
                [
                    0.009631451219320297,
                    -0.0568537563085556,
                    0.9983360171318054,
                    4.024421215057373
                ],
                [
                    0.9999536275863647,
                    0.0005476095830090344,
                    -0.009615871123969555,
                    -0.03876281529664993
                ],
                [
                    5.820766785236131e-11,
                    0.9983822107315063,
                    0.05685639753937721,
                    0.2291954755783081
                ],
                [
                    0.0,
                    0.0,
                    0.0,
                    1.0
                ]
            ]
        },
        {
            "file_path": "/data/shapenet_blender/all_50_random/02958343/c558c64b6b97a529658e57fd275f6bed/r_35",
            "rotation": 0.12566370614359174,
            "transform_matrix": [
                [
                    0.13657985627651215,
                    0.0158799197524786,
                    0.9905017614364624,
                    3.99284029006958
                ],
                [
                    0.9906291365623474,
                    -0.0021893938537687063,
                    -0.1365623027086258,
                    -0.5505002737045288
                ],
                [
                    2.3283067140944524e-10,
                    0.9998714923858643,
                    -0.016030138358473778,
                    -0.06461955606937408
                ],
                [
                    0.0,
                    0.0,
                    0.0,
                    1.0
                ]
            ]
        },
        {
            "file_path": "/data/shapenet_blender/all_50_random/02958343/c558c64b6b97a529658e57fd275f6bed/r_36",
            "rotation": 0.12566370614359174,
            "transform_matrix": [
                [
                    -0.3699442446231842,
                    0.005344405770301819,
                    0.9290385246276855,
                    3.7450742721557617
                ],
                [
                    0.9290540218353271,
                    0.002128113294020295,
                    0.36993807554244995,
                    1.4912681579589844
                ],
                [
                    0.0,
                    0.9999834299087524,
                    -0.005752524361014366,
                    -0.02318916842341423
                ],
                [
                    0.0,
                    0.0,
                    0.0,
                    1.0
                ]
            ]
        },
        {
            "file_path": "/data/shapenet_blender/all_50_random/02958343/c558c64b6b97a529658e57fd275f6bed/r_37",
            "rotation": 0.12566370614359174,
            "transform_matrix": [
                [
                    -0.9999865293502808,
                    -2.884271088987589e-05,
                    0.005193526390939951,
                    0.020935773849487305
                ],
                [
                    0.005193606484681368,
                    -0.005553428549319506,
                    0.9999711513519287,
                    4.031012535095215
                ],
                [
                    -1.818989186705422e-12,
                    0.999984622001648,
                    0.005553503520786762,
                    0.022386888042092323
                ],
                [
                    0.0,
                    0.0,
                    0.0,
                    1.0
                ]
            ]
        },
        {
            "file_path": "/data/shapenet_blender/all_50_random/02958343/c558c64b6b97a529658e57fd275f6bed/r_38",
            "rotation": 0.12566370614359174,
            "transform_matrix": [
                [
                    0.9446848034858704,
                    0.24873390793800354,
                    0.213780477643013,
                    0.8617766499519348
                ],
                [
                    0.3279796242713928,
                    -0.7164319753646851,
                    -0.6157551407814026,
                    -2.4821884632110596
                ],
                [
                    0.0,
                    0.6518101096153259,
                    -0.7583820819854736,
                    -3.057136058807373
                ],
                [
                    0.0,
                    0.0,
                    0.0,
                    1.0
                ]
            ]
        },
        {
            "file_path": "/data/shapenet_blender/all_50_random/02958343/c558c64b6b97a529658e57fd275f6bed/r_39",
            "rotation": 0.12566370614359174,
            "transform_matrix": [
                [
                    -0.8650444746017456,
                    0.09372358024120331,
                    -0.49286308884620667,
                    -1.9867947101593018
                ],
                [
                    -0.5016952753067017,
                    -0.1616021990776062,
                    0.8498156070709229,
                    3.4257164001464844
                ],
                [
                    0.0,
                    0.9823952317237854,
                    0.18681378662586212,
                    0.7530704736709595
                ],
                [
                    0.0,
                    0.0,
                    0.0,
                    1.0
                ]
            ]
        },
        {
            "file_path": "/data/shapenet_blender/all_50_random/02958343/c558c64b6b97a529658e57fd275f6bed/r_40",
            "rotation": 0.12566370614359174,
            "transform_matrix": [
                [
                    0.5942611694335938,
                    -0.0645180270075798,
                    0.8016802072525024,
                    3.231675863265991
                ],
                [
                    0.8042720556259155,
                    0.047671135514974594,
                    -0.5923461318016052,
                    -2.3878233432769775
                ],
                [
                    0.0,
                    0.9967771768569946,
                    0.08021917939186096,
                    0.32337382435798645
                ],
                [
                    0.0,
                    0.0,
                    0.0,
                    1.0
                ]
            ]
        },
        {
            "file_path": "/data/shapenet_blender/all_50_random/02958343/c558c64b6b97a529658e57fd275f6bed/r_41",
            "rotation": 0.12566370614359174,
            "transform_matrix": [
                [
                    -0.9950574040412903,
                    -0.0795813649892807,
                    -0.059392672032117844,
                    -0.23941953480243683
                ],
                [
                    -0.09930096566677094,
                    0.7974547743797302,
                    0.595151424407959,
                    2.399132490158081
                ],
                [
                    3.725290076417309e-09,
