{
    "class": "02958343",
    "model": "618e8b78bfa803dab1bb46d2556ba67d",
    "remove_doubles": true,
    "edge_split": true,
    "denoise": true,
    "camera_angle_x": 0.6911112070083618,
    "scale_factor": 2.2763953715563465,
    "hdri_file": "/data/IndoorHDRDataset2018/AG8A0588-9765568110.exr",
    "center_offset": [
        0.0,
        -1.862645149230957e-09,
        -3.725290298461914e-09
    ],
    "lights": [],
    "frames": [
        {
            "file_path": "/data/shapenet_blender/all_50_random/02958343/618e8b78bfa803dab1bb46d2556ba67d/r_0",
            "rotation": 0.12566370614359174,
            "transform_matrix": [
                [
                    0.005580443888902664,
                    -0.9505922198295593,
                    -0.310392290353775,
                    -1.25123131275177
                ],
                [
                    -0.9999844431877136,
                    -0.00530480919405818,
                    -0.001732153701595962,
                    -0.006982535123825073
                ],
                [
                    -1.1641532182693481e-10,
                    0.3103969693183899,
                    -0.9506070017814636,
                    -3.832019329071045
                ],
                [
                    0.0,
                    0.0,
                    0.0,
                    1.0
                ]
            ]
        },
        {
            "file_path": "/data/shapenet_blender/all_50_random/02958343/618e8b78bfa803dab1bb46d2556ba67d/r_1",
            "rotation": 0.12566370614359174,
            "transform_matrix": [
                [
                    -0.527335524559021,
                    -0.17453531920909882,
                    0.8315375447273254,
                    3.352034568786621
                ],
                [
                    0.8496569991111755,
                    -0.10832451283931732,
                    0.5160897970199585,
                    2.0804243087768555
                ],
                [
                    0.0,
                    0.9786741733551025,
                    0.20541857182979584,
                    0.8280686736106873
                ],
                [
                    0.0,
                    0.0,
                    0.0,
                    1.0
                ]
            ]
        },
        {
            "file_path": "/data/shapenet_blender/all_50_random/02958343/618e8b78bfa803dab1bb46d2556ba67d/r_2",
            "rotation": 0.12566370614359174,
            "transform_matrix": [
                [
                    0.30305132269859314,
                    0.5140993595123291,
                    -0.8024100065231323,
                    -3.2346181869506836
                ],
                [
                    -0.952974259853363,
                    0.1634865701198578,
                    -0.2551710307598114,
                    -1.0286272764205933
                ],
                [
                    0.0,
                    0.8420059084892273,
                    0.5394682288169861,
                    2.174665927886963
                ],
                [
                    0.0,
                    0.0,
                    0.0,
                    1.0
                ]
            ]
        },
        {
            "file_path": "/data/shapenet_blender/all_50_random/02958343/618e8b78bfa803dab1bb46d2556ba67d/r_3",
            "rotation": 0.12566370614359174,
            "transform_matrix": [
                [
                    0.9561054706573486,
                    -0.14913608133792877,
                    -0.2522316873073578,
                    -1.0167784690856934
                ],
                [
                    -0.29302287101745605,
                    -0.48661673069000244,
                    -0.8230077624320984,
                    -3.317650318145752
                ],
                [
                    -7.450580596923828e-09,
                    0.8607918620109558,
                    -0.5089571475982666,
                    -2.0516719818115234
                ],
                [
                    0.0,
                    0.0,
                    0.0,
                    1.0
                ]
            ]
        },
        {
            "file_path": "/data/shapenet_blender/all_50_random/02958343/618e8b78bfa803dab1bb46d2556ba67d/r_4",
            "rotation": 0.12566370614359174,
            "transform_matrix": [
                [
                    0.8178955316543579,
                    -0.10186588764190674,
                    0.5662774443626404,
                    2.2827374935150146
                ],
                [
                    0.5753666758537292,
                    0.144804447889328,
                    -0.8049750328063965,
                    -3.2449581623077393
                ],
                [
                    0.0,
                    0.9842026233673096,
                    0.17704518139362335,
                    0.7136919498443604
                ],
                [
                    0.0,
                    0.0,
                    0.0,
                    1.0
                ]
            ]
        },
        {
            "file_path": "/data/shapenet_blender/all_50_random/02958343/618e8b78bfa803dab1bb46d2556ba67d/r_5",
            "rotation": 0.12566370614359174,
            "transform_matrix": [
                [
                    -0.31377851963043213,
                    -0.5057833194732666,
                    0.8035708069801331,
                    3.239297866821289
                ],
                [
                    0.9494962096214294,
                    -0.16714543104171753,
                    0.2655547857284546,
                    1.0704857110977173
                ],
                [
                    0.0,
                    0.8463128805160522,
                    0.5326859354972839,
                    2.1473259925842285
                ],
                [
                    0.0,
                    0.0,
                    0.0,
                    1.0
                ]
            ]
        },
        {
            "file_path": "/data/shapenet_blender/all_50_random/02958343/618e8b78bfa803dab1bb46d2556ba67d/r_6",
            "rotation": 0.12566370614359174,
            "transform_matrix": [
                [
                    -0.24632477760314941,
                    0.8844259977340698,
                    0.3963770568370819,
                    1.5978472232818604
                ],
                [
                    0.9691872596740723,
                    0.22478219866752625,
                    0.10074160993099213,
                    0.4061024785041809
                ],
                [
                    -7.450580152834618e-09,
                    0.4089787006378174,
                    -0.912543773651123,
                    -3.678582191467285
                ],
                [
                    0.0,
                    0.0,
                    0.0,
                    1.0
                ]
            ]
        },
        {
            "file_path": "/data/shapenet_blender/all_50_random/02958343/618e8b78bfa803dab1bb46d2556ba67d/r_7",
            "rotation": 0.12566370614359174,
            "transform_matrix": [
                [
                    -0.40217912197113037,
                    0.0218857079744339,
                    0.9152994155883789,
                    3.689689874649048
                ],
                [
                    0.9155610203742981,
                    0.00961374957114458,
                    0.4020642042160034,
                    1.6207726001739502
                ],
                [
                    0.0,
                    0.9997142553329468,
                    -0.02390414848923683,
                    -0.0963607057929039
                ],
                [
                    0.0,
                    0.0,
                    0.0,
                    1.0
                ]
            ]
        },
        {
            "file_path": "/data/shapenet_blender/all_50_random/02958343/618e8b78bfa803dab1bb46d2556ba67d/r_8",
            "rotation": 0.12566370614359174,
            "transform_matrix": [
                [
                    -0.6330828070640564,
                    0.3119750916957855,
                    0.708433210849762,
                    2.855785608291626
                ],
                [
                    0.7740840911865234,
                    0.2551480531692505,
                    0.5793904066085815,
                    2.335597515106201
                ],
                [
                    1.4901161193847656e-08,
                    0.9151889681816101,
                    -0.4030248522758484,
                    -1.6246451139450073
                ],
                [
                    0.0,
                    0.0,
                    0.0,
                    1.0
                ]
            ]
        },
        {
            "file_path": "/data/shapenet_blender/all_50_random/02958343/618e8b78bfa803dab1bb46d2556ba67d/r_9",
            "rotation": 0.12566370614359174,
            "transform_matrix": [
                [
                    -0.9990667700767517,
                    -0.01078725978732109,
                    0.04182446002960205,
                    0.16859978437423706
                ],
                [
                    0.04319317266345024,
                    -0.2495114654302597,
                    0.9674080610275269,
                    3.8997466564178467
                ],
                [
                    0.0,
                    0.9683116674423218,
                    0.24974454939365387,
                    1.0067524909973145
                ],
                [
                    0.0,
                    0.0,
                    0.0,
                    1.0
                ]
            ]
        },
        {
            "file_path": "/data/shapenet_blender/all_50_random/02958343/618e8b78bfa803dab1bb46d2556ba67d/r_10",
            "rotation": 0.12566370614359174,
            "transform_matrix": [
                [
                    -0.5785183906555176,
                    0.11083097755908966,
                    0.8081045150756836,
                    3.257573366165161
                ],
                [
                    0.8156692981719971,
                    0.07860754430294037,
                    0.573153018951416,
                    2.3104536533355713
                ],
                [
                    0.0,
                    0.990725576877594,
                    -0.1358773410320282,
                    -0.5477390885353088
                ],
                [
                    0.0,
                    0.0,
                    0.0,
                    1.0
                ]
            ]
        },
        {
            "file_path": "/data/shapenet_blender/all_50_random/02958343/618e8b78bfa803dab1bb46d2556ba67d/r_11",
            "rotation": 0.12566370614359174,
            "transform_matrix": [
                [
                    0.2012690007686615,
                    -0.3383632004261017,
                    0.9192394018173218,
                    3.7055726051330566
                ],
                [
                    0.9795359373092651,
                    0.06952477991580963,
                    -0.18887963891029358,
                    -0.761398196220398
                ],
                [
                    0.0,
                    0.938443660736084,
                    0.3454321622848511,
                    1.3924815654754639
                ],
                [
                    0.0,
                    0.0,
                    0.0,
                    1.0
                ]
            ]
        },
        {
            "file_path": "/data/shapenet_blender/all_50_random/02958343/618e8b78bfa803dab1bb46d2556ba67d/r_12",
            "rotation": 0.12566370614359174,
            "transform_matrix": [
                [
                    0.6367183327674866,
                    0.18262499570846558,
                    -0.7491582036018372,
                    -3.0199532508850098
                ],
                [
                    -0.7710965275764465,
                    0.15079909563064575,
                    -0.6186031103134155,
                    -2.493668794631958
                ],
                [
                    -7.450580596923828e-09,
                    0.9715490937232971,
                    0.23683804273605347,
                    0.9547246694564819
                ],
                [
                    0.0,
                    0.0,
                    0.0,
                    1.0
                ]
            ]
        },
        {
            "file_path": "/data/shapenet_blender/all_50_random/02958343/618e8b78bfa803dab1bb46d2556ba67d/r_13",
            "rotation": 0.12566370614359174,
            "transform_matrix": [
                [
                    0.10043497383594513,
                    0.46072787046432495,
                    -0.8818404674530029,
                    -3.5548126697540283
                ],
                [
                    -0.9949435591697693,
                    0.04650836065411568,
                    -0.08901774138212204,
                    -0.35884198546409607
                ],
                [
                    0.0,
                    0.886322021484375,
                    0.463069349527359,
                    1.866692304611206
                ],
                [
                    0.0,
                    0.0,
                    0.0,
                    1.0
                ]
            ]
        },
        {
            "file_path": "/data/shapenet_blender/all_50_random/02958343/618e8b78bfa803dab1bb46d2556ba67d/r_14",
            "rotation": 0.12566370614359174,
            "transform_matrix": [
                [
                    -0.7856622934341431,
                    -0.31825995445251465,
                    -0.5305142402648926,
                    -2.1385715007781982
                ],
                [
                    -0.6186556220054626,
                    0.40417447686195374,
                    0.6737270355224609,
                    2.715880870819092
                ],
                [
                    -1.4901161193847656e-08,
                    0.8575275540351868,
                    -0.5144379138946533,
                    -2.073765754699707
                ],
                [
                    0.0,
                    0.0,
                    0.0,
                    1.0
                ]
            ]
        },
        {
            "file_path": "/data/shapenet_blender/all_50_random/02958343/618e8b78bfa803dab1bb46d2556ba67d/r_15",
            "rotation": 0.12566370614359174,
            "transform_matrix": [
                [
                    0.11542762070894241,
                    0.8439856767654419,
                    0.5237981081008911,
                    2.1114978790283203
                ],
                [
                    0.9933158755302429,
                    -0.09807480126619339,
                    -0.06086761876940727,
                    -0.2453652322292328
                ],
                [
                    0.0,
                    0.5273228883743286,
                    -0.8496649265289307,
                    -3.4251091480255127
                ],
                [
                    0.0,
                    0.0,
                    0.0,
                    1.0
                ]
            ]
        },
        {
            "file_path": "/data/shapenet_blender/all_50_random/02958343/618e8b78bfa803dab1bb46d2556ba67d/r_16",
            "rotation": 0.12566370614359174,
            "transform_matrix": [
                [
                    0.8093869090080261,
                    -0.5057732462882996,
                    -0.2984730899333954,
                    -1.2031835317611694
                ],
                [
                    -0.5872757434844971,
                    -0.6970596313476562,
                    -0.4113573729991913,
                    -1.6582345962524414
                ],
                [
                    1.4901161193847656e-08,
                    0.5082331895828247,
                    -0.8612194061279297,
                    -3.471686363220215
                ],
                [
                    0.0,
                    0.0,
                    0.0,
                    1.0
                ]
            ]
        },
        {
            "file_path": "/data/shapenet_blender/all_50_random/02958343/618e8b78bfa803dab1bb46d2556ba67d/r_17",
            "rotation": 0.12566370614359174,
            "transform_matrix": [
                [
                    0.7874503135681152,
                    -0.3425014913082123,
                    0.512459397315979,
                    2.0657899379730225
                ],
                [
                    0.6163780093193054,
                    0.43756091594696045,
                    -0.6546896696090698,
                    -2.6391384601593018
                ],
                [
                    0.0,
                    0.8314042687416077,
                    0.5556678771972656,
                    2.239968776702881
                ],
                [
                    0.0,
                    0.0,
                    0.0,
                    1.0
                ]
            ]
        },
        {
            "file_path": "/data/shapenet_blender/all_50_random/02958343/618e8b78bfa803dab1bb46d2556ba67d/r_18",
            "rotation": 0.12566370614359174,
            "transform_matrix": [
                [
                    0.7668510675430298,
                    -0.0028716381639242172,
                    -0.641818642616272,
                    -2.5872538089752197
                ],
                [
                    -0.6418250799179077,
                    -0.00343102659098804,
                    -0.7668433785438538,
                    -3.0912444591522217
                ],
                [
                    -2.3283064365386963e-10,
                    0.999989926815033,
                    -0.004474175628274679,
                    -0.018035978078842163
                ],
                [
                    0.0,
                    0.0,
                    0.0,
                    1.0
                ]
            ]
        },
        {
            "file_path": "/data/shapenet_blender/all_50_random/02958343/618e8b78bfa803dab1bb46d2556ba67d/r_19",
            "rotation": 0.12566370614359174,
            "transform_matrix": [
                [
                    0.5843161344528198,
                    0.4334559142589569,
                    -0.6860688924789429,
                    -2.765632152557373
                ],
                [
                    -0.8115261197090149,
                    0.31209757924079895,
                    -0.49398428201675415,
                    -1.9913142919540405
                ],
                [
                    2.9802322387695312e-08,
                    0.845405638217926,
                    0.5341245532035828,
                    2.153125047683716
                ],
                [
                    0.0,
                    0.0,
                    0.0,
                    1.0
                ]
            ]
        },
        {
            "file_path": "/data/shapenet_blender/all_50_random/02958343/618e8b78bfa803dab1bb46d2556ba67d/r_20",
            "rotation": 0.12566370614359174,
            "transform_matrix": [
                [
                    0.07253620028495789,
                    -0.38243257999420166,
                    0.9211317896842957,
                    3.7132010459899902
                ],
                [
                    0.9973658323287964,
                    0.027813471853733063,
                    -0.06699186563491821,
                    -0.27005285024642944
                ],
                [
                    -1.862645371275562e-09,
                    0.9235645532608032,
                    0.383442759513855,
                    1.5457072257995605
                ],
                [
                    0.0,
                    0.0,
                    0.0,
                    1.0
                ]
            ]
        },
        {
            "file_path": "/data/shapenet_blender/all_50_random/02958343/618e8b78bfa803dab1bb46d2556ba67d/r_21",
            "rotation": 0.12566370614359174,
            "transform_matrix": [
                [
                    0.9267168045043945,
                    0.05165140703320503,
                    0.3721936345100403,
                    1.5003604888916016
                ],
                [
                    0.3757605254650116,
                    -0.12738493084907532,
                    -0.9179199934005737,
                    -3.70025372505188
                ],
                [
                    0.0,
                    0.9905076026916504,
                    -0.13745829463005066,
                    -0.5541120767593384
                ],
                [
                    0.0,
                    0.0,
                    0.0,
                    1.0
                ]
            ]
        },
        {
            "file_path": "/data/shapenet_blender/all_50_random/02958343/618e8b78bfa803dab1bb46d2556ba67d/r_22",
            "rotation": 0.12566370614359174,
            "transform_matrix": [
                [
                    -0.9268717169761658,
                    -0.051126882433891296,
                    0.37188032269477844,
                    1.4990973472595215
                ],
                [
                    0.37537840008735657,
                    -0.1262407898902893,
                    0.9182344079017639,
                    3.7015209197998047
                ],
                [
                    3.725290742551124e-09,
                    0.9906811118125916,
                    0.136200949549675,
                    0.5490435361862183
                ],
                [
                    0.0,
                    0.0,
                    0.0,
                    1.0
                ]
            ]
        },
        {
            "file_path": "/data/shapenet_blender/all_50_random/02958343/618e8b78bfa803dab1bb46d2556ba67d/r_23",
            "rotation": 0.12566370614359174,
            "transform_matrix": [
                [
                    -0.33182528614997864,
                    0.0036516478285193443,
                    0.9433338046073914,
                    3.8027002811431885
                ],
                [
                    0.9433408975601196,
                    0.001284486846998334,
                    0.33182278275489807,
                    1.3376203775405884
                ],
                [
                    0.0,
                    0.9999925494194031,
                    -0.0038709735963493586,
                    -0.015604393556714058
                ],
                [
                    0.0,
                    0.0,
                    0.0,
                    1.0
                ]
            ]
        },
        {
            "file_path": "/data/shapenet_blender/all_50_random/02958343/618e8b78bfa803dab1bb46d2556ba67d/r_24",
            "rotation": 0.12566370614359174,
            "transform_matrix": [
                [
                    0.7263215184211731,
                    0.02090848609805107,
                    0.6870370507240295,
                    2.7695345878601074
                ],
                [
                    0.6873550415039062,
                    -0.022093797102570534,
                    -0.7259855270385742,
                    -2.9265408515930176
                ],
                [
                    -9.313224080820248e-10,
                    0.9995372891426086,
                    -0.03041875548660755,
                    -0.12262190878391266
                ],
                [
                    0.0,
                    0.0,
                    0.0,
                    1.0
                ]
            ]
        },
        {
            "file_path": "/data/shapenet_blender/all_50_random/02958343/618e8b78bfa803dab1bb46d2556ba67d/r_25",
            "rotation": 0.12566370614359174,
            "transform_matrix": [
                [
                    0.16647443175315857,
                    0.13682638108730316,
                    -0.9765064120292664,
                    -3.9364233016967773
                ],
                [
                    -0.9860458374023438,
                    0.023100445047020912,
                    -0.16486389935016632,
                    -0.6645876169204712
                ],
                [
                    1.862645371275562e-09,
                    0.9903255701065063,
                    0.1387627124786377,
                    0.5593703985214233
                ],
                [
                    0.0,
                    0.0,
                    0.0,
                    1.0
                ]
            ]
        },
        {
            "file_path": "/data/shapenet_blender/all_50_random/02958343/618e8b78bfa803dab1bb46d2556ba67d/r_26",
            "rotation": 0.12566370614359174,
            "transform_matrix": [
                [
                    -0.9999116659164429,
                    0.009793869219720364,
                    -0.008982802741229534,
                    -0.036210834980010986
                ],
                [
                    -0.013289491645991802,
                    -0.7368982434272766,
                    0.6758730411529541,
                    2.724531412124634
                ],
                [
                    4.6566125955216364e-10,
                    0.675932765007019,
                    0.7369633316993713,
                    2.970794200897217
                ],
                [
                    0.0,
                    0.0,
                    0.0,
                    1.0
                ]
            ]
        },
        {
            "file_path": "/data/shapenet_blender/all_50_random/02958343/618e8b78bfa803dab1bb46d2556ba67d/r_27",
            "rotation": 0.12566370614359174,
            "transform_matrix": [
                [
                    -0.7694133520126343,
                    0.33008041977882385,
                    0.5468546152114868,
                    2.204441547393799
                ],
                [
                    0.6387511491775513,
                    0.39760127663612366,
                    0.6587185263633728,
                    2.655379295349121
                ],
                [
                    -1.4901161193847656e-08,
                    0.856130838394165,
                    -0.5167590379714966,
                    -2.0831222534179688
                ],
                [
                    0.0,
                    0.0,
                    0.0,
                    1.0
                ]
            ]
        },
        {
            "file_path": "/data/shapenet_blender/all_50_random/02958343/618e8b78bfa803dab1bb46d2556ba67d/r_28",
            "rotation": 0.12566370614359174,
            "transform_matrix": [
                [
                    -0.5390838384628296,
                    0.7091145515441895,
                    -0.45447230339050293,
                    -1.8320366144180298
                ],
                [
                    -0.8422521948814392,
                    -0.4538690149784088,
                    0.2908851206302643,
                    1.172595500946045
                ],
                [
                    -1.4901164746561335e-08,
                    0.5395916700363159,
                    0.8419266939163208,
                    3.3939154148101807
                ],
                [
                    0.0,
                    0.0,
                    0.0,
                    1.0
                ]
            ]
        },
        {
            "file_path": "/data/shapenet_blender/all_50_random/02958343/618e8b78bfa803dab1bb46d2556ba67d/r_29",
            "rotation": 0.12566370614359174,
            "transform_matrix": [
                [
                    -0.22051489353179932,
                    0.3420374095439911,
                    0.9134459495544434,
                    3.682218551635742
                ],
                [
                    0.9753835797309875,
                    0.07732788473367691,
                    0.20651203393936157,
                    0.8324766755104065
                ],
                [
                    -7.450580152834618e-09,
                    0.9364991784095764,
                    -0.35066959261894226,
                    -1.4135944843292236
                ],
                [
                    0.0,
                    0.0,
                    0.0,
                    1.0
                ]
            ]
        },
        {
            "file_path": "/data/shapenet_blender/all_50_random/02958343/618e8b78bfa803dab1bb46d2556ba67d/r_30",
            "rotation": 0.12566370614359174,
            "transform_matrix": [
                [
                    -0.6223853826522827,
                    -0.28866904973983765,
                    -0.7275345325469971,
                    -2.9327855110168457
                ],
                [
                    -0.7827109098434448,
                    0.22953996062278748,
                    0.5785110592842102,
                    2.332052707672119
                ],
                [
                    0.0,
                    0.9295059442520142,
                    -0.36880677938461304,
                    -1.4867076873779297
                ],
                [
                    0.0,
                    0.0,
                    0.0,
                    1.0
                ]
            ]
        },
        {
            "file_path": "/data/shapenet_blender/all_50_random/02958343/618e8b78bfa803dab1bb46d2556ba67d/r_31",
            "rotation": 0.12566370614359174,
            "transform_matrix": [
                [
                    0.5258787870407104,
                    -0.7234581112861633,
                    -0.4472803473472595,
                    -1.8030447959899902
                ],
                [
                    -0.8505595922470093,
                    -0.44729527831077576,
                    -0.2765417695045471,
                    -1.114775538444519
                ],
                [
                    0.0,
                    0.5258659720420837,
                    -0.8505674004554749,
                    -3.4287469387054443
                ],
                [
                    0.0,
                    0.0,
                    0.0,
                    1.0
                ]
            ]
        },
        {
            "file_path": "/data/shapenet_blender/all_50_random/02958343/618e8b78bfa803dab1bb46d2556ba67d/r_32",
            "rotation": 0.12566370614359174,
            "transform_matrix": [
                [
                    0.5835214853286743,
                    0.6616463661193848,
                    -0.4708787500858307,
                    -1.8981729745864868
                ],
                [
                    -0.8120977878570557,
                    0.47541671991348267,
                    -0.3383433520793915,
                    -1.363905668258667
                ],
                [
                    -2.980232594040899e-08,
                    0.5798299908638,
                    0.8147373199462891,
                    3.284311294555664
                ],
                [
                    0.0,
                    0.0,
                    0.0,
                    1.0
                ]
            ]
        },
        {
            "file_path": "/data/shapenet_blender/all_50_random/02958343/618e8b78bfa803dab1bb46d2556ba67d/r_33",
            "rotation": 0.12566370614359174,
            "transform_matrix": [
                [
                    -0.10617949068546295,
                    0.1915258914232254,
                    -0.975727379322052,
                    -3.9332823753356934
                ],
                [
                    -0.9943470358848572,
                    -0.020451735705137253,
                    0.10419122874736786,
                    0.42000821232795715
                ],
                [
                    0.0,
                    0.981274425983429,
                    0.19261477887630463,
                    0.7764549255371094
                ],
                [
                    0.0,
                    0.0,
                    0.0,
                    1.0
                ]
            ]
        },
        {
            "file_path": "/data/shapenet_blender/all_50_random/02958343/618e8b78bfa803dab1bb46d2556ba67d/r_34",
            "rotation": 0.12566370614359174,
            "transform_matrix": [
                [
                    0.8854913711547852,
                    0.09219975769519806,
                    0.4554162919521332,
                    1.8358416557312012
                ],
                [
                    0.46465548872947693,
                    -0.17570455372333527,
                    -0.8678842782974243,
                    -3.4985532760620117
                ],
                [
                    -7.450578820566989e-09,
                    0.9801158905029297,
                    -0.1984260231256485,
                    -0.799880862236023
                ],
                [
                    0.0,
                    0.0,
                    0.0,
                    1.0
                ]
            ]
        },
        {
            "file_path": "/data/shapenet_blender/all_50_random/02958343/618e8b78bfa803dab1bb46d2556ba67d/r_35",
            "rotation": 0.12566370614359174,
            "transform_matrix": [
                [
                    0.6090198159217834,
                    -0.20609568059444427,
                    -0.7659107446670532,
                    -3.0874850749969482
                ],
                [
                    -0.7931548953056335,
                    -0.15824951231479645,
                    -0.5881006121635437,
                    -2.3707094192504883
                ],
                [
                    -7.450580596923828e-09,
                    0.9656507968902588,
                    -0.2598429024219513,
                    -1.0474601984024048
                ],
                [
                    0.0,
                    0.0,
                    0.0,
                    1.0
                ]
            ]
        },
        {
            "file_path": "/data/shapenet_blender/all_50_random/02958343/618e8b78bfa803dab1bb46d2556ba67d/r_36",
            "rotation": 0.12566370614359174,
            "transform_matrix": [
                [
                    -0.9982184171676636,
                    0.022780558094382286,
                    0.05514576658606529,
                    0.2222996950149536
                ],
                [
                    0.05966581404209137,
                    0.38112232089042664,
                    0.9225972890853882,
                    3.7191085815429688
                ],
                [
                    -1.862645149230957e-09,
                    0.9242438673973083,
                    -0.3818025290966034,
                    -1.5390952825546265
                ],
                [
                    0.0,
                    0.0,
                    0.0,
                    1.0
                ]
            ]
        },
        {
            "file_path": "/data/shapenet_blender/all_50_random/02958343/618e8b78bfa803dab1bb46d2556ba67d/r_37",
            "rotation": 0.12566370614359174,
            "transform_matrix": [
                [
                    0.6924850344657898,
                    0.10761101543903351,
                    -0.7133612632751465,
                    -2.8756513595581055
                ],
                [
                    -0.7214322686195374,
                    0.10329315811395645,
                    -0.6847378611564636,
                    -2.7602667808532715
                ],
                [
                    0.0,
                    0.9888125061988831,
                    0.14916302263736725,
                    0.6012954115867615
                ],
                [
                    0.0,
                    0.0,
                    0.0,
                    1.0
                ]
            ]
        },
        {
            "file_path": "/data/shapenet_blender/all_50_random/02958343/618e8b78bfa803dab1bb46d2556ba67d/r_38",
            "rotation": 0.12566370614359174,
            "transform_matrix": [
                [
                    0.5771007537841797,
                    0.3229503631591797,
                    -0.7501051425933838,
                    -3.023770809173584
                ],
                [
                    -0.8166730403900146,
                    0.2282123863697052,
                    -0.5300606489181519,
                    -2.1367430686950684
                ],
                [
                    0.0,
                    0.9184889793395996,
                    0.3954463601112366,
                    1.5940953493118286
                ],
                [
                    0.0,
                    0.0,
                    0.0,
                    1.0
                ]
            ]
        },
        {
            "file_path": "/data/shapenet_blender/all_50_random/02958343/618e8b78bfa803dab1bb46d2556ba67d/r_39",
            "rotation": 0.12566370614359174,
            "transform_matrix": [
                [
                    0.30007609724998474,
                    0.22630754113197327,
                    -0.9266818761825562,
                    -3.7355737686157227
                ],
                [
                    -0.9539152979850769,
                    0.0711902603507042,
                    -0.2915091812610626,
                    -1.175110936164856
                ],
                [
                    0.0,
                    0.9714508652687073,
                    0.237240731716156,
                    0.9563478827476501
                ],
                [
                    0.0,
                    0.0,
                    0.0,
                    1.0
                ]
            ]
        },
        {
            "file_path": "/data/shapenet_blender/all_50_random/02958343/618e8b78bfa803dab1bb46d2556ba67d/r_40",
            "rotation": 0.12566370614359174,
            "transform_matrix": [
                [
                    0.9999819993972778,
                    -0.002880812855437398,
                    0.005279493052512407,
                    0.021282315254211426
                ],
                [
                    0.006014327984303236,
                    0.478983074426651,
                    -0.8778035640716553,
                    -3.538538932800293
                ],
                [
                    0.0,
                    0.8778193593025208,
                    0.478991836309433,
                    1.9308775663375854
                ],
                [
                    0.0,
                    0.0,
                    0.0,
                    1.0
                ]
            ]
        },
        {
            "file_path": "/data/shapenet_blender/all_50_random/02958343/618e8b78bfa803dab1bb46d2556ba67d/r_41",
            "rotation": 0.12566370614359174,
            "transform_matrix": [
                [
                    0.9792635440826416,
                    0.15116524696350098,
                    0.134877547621727,
                    0.5437087416648865
                ],
                [
                    0.2025904357433319,
                    -0.7306891083717346,
                    -0.6519590616226196,
                    -2.6281306743621826
                ],
