{
    "class": "02958343",
    "model": "206e39a5f67f4a4a81d0c86cc18e6647",
    "remove_doubles": true,
    "edge_split": true,
    "denoise": true,
    "camera_angle_x": 0.6911112070083618,
    "scale_factor": 2.312125319796014,
    "hdri_file": "/data/IndoorHDRDataset2018/AG8A6044-fba42ebf98.exr",
    "center_offset": [
        0.0,
        -4.656612873077393e-10,
        0.0
    ],
    "lights": [],
    "frames": [
        {
            "file_path": "/data/shapenet_blender/all_50_random/02958343/206e39a5f67f4a4a81d0c86cc18e6647/r_0",
            "rotation": 0.12566370614359174,
            "transform_matrix": [
                [
                    0.9999945163726807,
                    0.00043695062049664557,
                    0.003281891578808427,
                    0.013229727745056152
                ],
                [
                    0.003310851752758026,
                    -0.13197457790374756,
                    -0.9912475943565369,
                    -3.9958465099334717
                ],
                [
                    2.9103830456733704e-11,
                    0.9912528395652771,
                    -0.13197530806064606,
                    -0.532009482383728
                ],
                [
                    0.0,
                    0.0,
                    0.0,
                    1.0
                ]
            ]
        },
        {
            "file_path": "/data/shapenet_blender/all_50_random/02958343/206e39a5f67f4a4a81d0c86cc18e6647/r_1",
            "rotation": 0.12566370614359174,
            "transform_matrix": [
                [
                    0.9293128252029419,
                    -0.1337740123271942,
                    0.3442125916481018,
                    1.3875653743743896
                ],
                [
                    0.3692936599254608,
                    0.3366369903087616,
                    -0.8661972880363464,
                    -3.491752862930298
                ],
                [
                    0.0,
                    0.9320836067199707,
                    0.3622429370880127,
                    1.4602479934692383
                ],
                [
                    0.0,
                    0.0,
                    0.0,
                    1.0
                ]
            ]
        },
        {
            "file_path": "/data/shapenet_blender/all_50_random/02958343/206e39a5f67f4a4a81d0c86cc18e6647/r_2",
            "rotation": 0.12566370614359174,
            "transform_matrix": [
                [
                    -0.01146200206130743,
                    -0.6385519504547119,
                    -0.7694933414459229,
                    -3.101926803588867
                ],
                [
                    -0.9999342560768127,
                    0.007319565396755934,
                    0.00882051419466734,
                    0.03555662930011749
                ],
                [
                    0.0,
                    0.7695437669754028,
                    -0.6385939717292786,
                    -2.5742547512054443
                ],
                [
                    0.0,
                    0.0,
                    0.0,
                    1.0
                ]
            ]
        },
        {
            "file_path": "/data/shapenet_blender/all_50_random/02958343/206e39a5f67f4a4a81d0c86cc18e6647/r_3",
            "rotation": 0.12566370614359174,
            "transform_matrix": [
                [
                    0.14359906315803528,
                    0.19632072746753693,
                    -0.969967782497406,
                    -3.910065174102783
                ],
                [
                    -0.9896359443664551,
                    0.0284867100417614,
                    -0.140745148062706,
                    -0.5673618316650391
                ],
                [
                    1.862645149230957e-09,
                    0.9801258444786072,
                    0.19837671518325806,
                    0.7996821403503418
                ],
                [
                    0.0,
                    0.0,
                    0.0,
                    1.0
                ]
            ]
        },
        {
            "file_path": "/data/shapenet_blender/all_50_random/02958343/206e39a5f67f4a4a81d0c86cc18e6647/r_4",
            "rotation": 0.12566370614359174,
            "transform_matrix": [
                [
                    0.9809484481811523,
                    -0.0881943553686142,
                    0.17309507727622986,
                    0.6977685689926147
                ],
                [
                    0.19426824152469635,
                    0.4453332722187042,
                    -0.8740355372428894,
                    -3.5233500003814697
                ],
                [
                    7.450580596923828e-09,
                    0.891010582447052,
                    0.4539823830127716,
                    1.8300615549087524
                ],
                [
                    0.0,
                    0.0,
                    0.0,
                    1.0
                ]
            ]
        },
        {
            "file_path": "/data/shapenet_blender/all_50_random/02958343/206e39a5f67f4a4a81d0c86cc18e6647/r_5",
            "rotation": 0.12566370614359174,
            "transform_matrix": [
                [
                    -0.7595494389533997,
                    -0.10094639658927917,
                    0.642568826675415,
                    2.590277671813965
                ],
                [
                    0.6504497528076172,
                    -0.11787808686494827,
                    0.7503466606140137,
                    3.0247435569763184
                ],
                [
                    0.0,
                    0.9878838658332825,
                    0.15519478917121887,
                    0.6256101727485657
                ],
                [
                    0.0,
                    0.0,
                    0.0,
                    1.0
                ]
            ]
        },
        {
            "file_path": "/data/shapenet_blender/all_50_random/02958343/206e39a5f67f4a4a81d0c86cc18e6647/r_6",
            "rotation": 0.12566370614359174,
            "transform_matrix": [
                [
                    0.8269739151000977,
                    0.3880338668823242,
                    0.4068707227706909,
                    1.640148401260376
                ],
                [
                    0.5622402429580688,
                    -0.570741593837738,
                    -0.598447859287262,
                    -2.4124205112457275
                ],
                [
                    1.4901161193847656e-08,
                    0.7236598134040833,
                    -0.6901566982269287,
                    -2.7821106910705566
                ],
                [
                    0.0,
                    0.0,
                    0.0,
                    1.0
                ]
            ]
        },
        {
            "file_path": "/data/shapenet_blender/all_50_random/02958343/206e39a5f67f4a4a81d0c86cc18e6647/r_7",
            "rotation": 0.12566370614359174,
            "transform_matrix": [
                [
                    0.7933300137519836,
                    0.47145262360572815,
                    -0.3851751685142517,
                    -1.552690863609314
                ],
                [
                    -0.6087918281555176,
                    0.6143602132797241,
                    -0.5019301772117615,
                    -2.023345470428467
                ],
                [
                    0.0,
                    0.6326877474784851,
                    0.7744068503379822,
                    3.121734142303467
                ],
                [
                    0.0,
                    0.0,
                    0.0,
                    1.0
                ]
            ]
        },
        {
            "file_path": "/data/shapenet_blender/all_50_random/02958343/206e39a5f67f4a4a81d0c86cc18e6647/r_8",
            "rotation": 0.12566370614359174,
            "transform_matrix": [
                [
                    0.9693431258201599,
                    0.013700701296329498,
                    0.24532876908779144,
                    0.9889519214630127
                ],
                [
                    0.2457110434770584,
                    -0.05404999107122421,
                    -0.967835009098053,
                    -3.901467800140381
                ],
                [
                    0.0,
                    0.9984442591667175,
                    -0.05575939640402794,
                    -0.2247733175754547
                ],
                [
                    0.0,
                    0.0,
                    0.0,
                    1.0
                ]
            ]
        },
        {
            "file_path": "/data/shapenet_blender/all_50_random/02958343/206e39a5f67f4a4a81d0c86cc18e6647/r_9",
            "rotation": 0.12566370614359174,
            "transform_matrix": [
                [
                    0.8892529010772705,
                    0.1058393344283104,
                    -0.44500261545181274,
                    -1.79386305809021
                ],
                [
                    -0.45741593837738037,
                    0.20576007664203644,
                    -0.8651204109191895,
                    -3.487412214279175
                ],
                [
                    0.0,
                    0.972862184047699,
                    0.23138532042503357,
                    0.9327441453933716
                ],
                [
                    0.0,
                    0.0,
                    0.0,
                    1.0
                ]
            ]
        },
        {
            "file_path": "/data/shapenet_blender/all_50_random/02958343/206e39a5f67f4a4a81d0c86cc18e6647/r_10",
            "rotation": 0.12566370614359174,
            "transform_matrix": [
                [
                    -0.7502247095108032,
                    0.39244967699050903,
                    0.5321148037910461,
                    2.1450233459472656
                ],
                [
                    0.6611829996109009,
                    0.44530099630355835,
                    0.6037748456001282,
                    2.433894157409668
                ],
                [
                    0.0,
                    0.8047919273376465,
                    -0.5935569405555725,
                    -2.392704486846924
                ],
                [
                    0.0,
                    0.0,
                    0.0,
                    1.0
                ]
            ]
        },
        {
            "file_path": "/data/shapenet_blender/all_50_random/02958343/206e39a5f67f4a4a81d0c86cc18e6647/r_11",
            "rotation": 0.12566370614359174,
            "transform_matrix": [
                [
                    -0.8678808808326721,
                    -0.24447722733020782,
                    0.4324508011341095,
                    1.74326491355896
                ],
                [
                    0.496772438287735,
                    -0.42711129784584045,
                    0.7555084824562073,
                    3.0455520153045654
                ],
                [
                    0.0,
                    0.8705209493637085,
                    0.4921312928199768,
                    1.9838446378707886
                ],
                [
                    0.0,
                    0.0,
                    0.0,
                    1.0
                ]
            ]
        },
        {
            "file_path": "/data/shapenet_blender/all_50_random/02958343/206e39a5f67f4a4a81d0c86cc18e6647/r_12",
            "rotation": 0.12566370614359174,
            "transform_matrix": [
                [
                    0.2967180013656616,
                    -0.05954042822122574,
                    -0.9531071186065674,
                    -3.8420979976654053
                ],
                [
                    -0.9549652338027954,
                    -0.01849985308945179,
                    -0.2961406707763672,
                    -1.1937813758850098
                ],
                [
                    0.0,
                    0.9980543851852417,
                    -0.062348268926143646,
                    -0.25133392214775085
                ],
                [
                    0.0,
                    0.0,
                    0.0,
                    1.0
                ]
            ]
        },
        {
            "file_path": "/data/shapenet_blender/all_50_random/02958343/206e39a5f67f4a4a81d0c86cc18e6647/r_13",
            "rotation": 0.12566370614359174,
            "transform_matrix": [
                [
                    0.9974983930587769,
                    0.017801504582166672,
                    0.06841245293617249,
                    0.2757794260978699
                ],
                [
                    0.0706905797123909,
                    -0.2511928975582123,
                    -0.9653522372245789,
                    -3.8914592266082764
                ],
                [
                    1.862645371275562e-09,
                    0.9677732586860657,
                    -0.25182291865348816,
                    -1.015130639076233
                ],
                [
                    0.0,
                    0.0,
                    0.0,
                    1.0
                ]
            ]
        },
        {
            "file_path": "/data/shapenet_blender/all_50_random/02958343/206e39a5f67f4a4a81d0c86cc18e6647/r_14",
            "rotation": 0.12566370614359174,
            "transform_matrix": [
                [
                    -0.9231582283973694,
                    0.21946220099925995,
                    0.3156188130378723,
                    1.272300124168396
                ],
                [
                    0.3844201862812042,
                    0.5270231366157532,
                    0.7579365372657776,
                    3.055339813232422
                ],
                [
                    0.0,
                    0.821025550365448,
                    -0.5708914399147034,
                    -2.3013370037078857
                ],
                [
                    0.0,
                    0.0,
                    0.0,
                    1.0
                ]
            ]
        },
        {
            "file_path": "/data/shapenet_blender/all_50_random/02958343/206e39a5f67f4a4a81d0c86cc18e6647/r_15",
            "rotation": 0.12566370614359174,
            "transform_matrix": [
                [
                    0.6352347135543823,
                    0.6997471451759338,
                    0.32684963941574097,
                    1.317573070526123
                ],
                [
                    0.7723191380500793,
                    -0.5755440592765808,
                    -0.26883476972579956,
                    -1.083707571029663
                ],
                [
                    1.4901161193847656e-08,
                    0.4232054054737091,
                    -0.9060336947441101,
                    -3.652338743209839
                ],
                [
                    0.0,
                    0.0,
                    0.0,
                    1.0
                ]
            ]
        },
        {
            "file_path": "/data/shapenet_blender/all_50_random/02958343/206e39a5f67f4a4a81d0c86cc18e6647/r_16",
            "rotation": 0.12566370614359174,
            "transform_matrix": [
                [
                    0.2557234764099121,
                    0.757030725479126,
                    0.6012569665908813,
                    2.4237444400787354
                ],
                [
                    0.9667499661445618,
                    -0.20024879276752472,
                    -0.15904371440410614,
                    -0.6411257386207581
                ],
                [
                    0.0,
                    0.6219363808631897,
                    -0.7830677032470703,
                    -3.156646966934204
                ],
                [
                    0.0,
                    0.0,
                    0.0,
                    1.0
                ]
            ]
        },
        {
            "file_path": "/data/shapenet_blender/all_50_random/02958343/206e39a5f67f4a4a81d0c86cc18e6647/r_17",
            "rotation": 0.12566370614359174,
            "transform_matrix": [
                [
                    -0.4974305033683777,
                    -0.22366923093795776,
                    0.8381735682487488,
                    3.3787858486175537
                ],
                [
                    0.867503821849823,
                    -0.12825290858745575,
                    0.4806123971939087,
                    1.9374107122421265
                ],
                [
                    -7.450580152834618e-09,
                    0.9661900997161865,
                    0.25783079862594604,
                    1.0393493175506592
                ],
                [
                    0.0,
                    0.0,
                    0.0,
                    1.0
                ]
            ]
        },
        {
            "file_path": "/data/shapenet_blender/all_50_random/02958343/206e39a5f67f4a4a81d0c86cc18e6647/r_18",
            "rotation": 0.12566370614359174,
            "transform_matrix": [
                [
                    0.9884566068649292,
                    -0.09673076868057251,
                    -0.11660507321357727,
                    -0.4700500965118408
                ],
                [
                    -0.15150442719459534,
                    -0.6310981512069702,
                    -0.7607636451721191,
                    -3.0667364597320557
                ],
                [
                    7.450581485102248e-09,
                    0.7696479558944702,
                    -0.6384683847427368,
                    -2.5737483501434326
                ],
                [
                    0.0,
                    0.0,
                    0.0,
                    1.0
                ]
            ]
        },
        {
            "file_path": "/data/shapenet_blender/all_50_random/02958343/206e39a5f67f4a4a81d0c86cc18e6647/r_19",
            "rotation": 0.12566370614359174,
            "transform_matrix": [
                [
                    -0.06285945326089859,
                    0.5241854190826416,
                    0.8492810726165771,
                    3.4235613346099854
                ],
                [
                    0.9980224370956421,
                    0.03301529958844185,
                    0.053491126745939255,
                    0.21562962234020233
                ],
                [
                    0.0,
                    0.8509638905525208,
                    -0.5252240896224976,
                    -2.11724591255188
                ],
                [
                    0.0,
                    0.0,
                    0.0,
                    1.0
                ]
            ]
        },
        {
            "file_path": "/data/shapenet_blender/all_50_random/02958343/206e39a5f67f4a4a81d0c86cc18e6647/r_20",
            "rotation": 0.12566370614359174,
            "transform_matrix": [
                [
                    -0.47762399911880493,
                    -0.48203977942466736,
                    0.7345154285430908,
                    2.9609265327453613
                ],
                [
                    0.8785643577575684,
                    -0.26205679774284363,
                    0.3993130028247833,
                    1.609682321548462
                ],
                [
                    1.4901161193847656e-08,
                    0.8360404968261719,
                    0.5486676096916199,
                    2.211750030517578
                ],
                [
                    0.0,
                    0.0,
                    0.0,
                    1.0
                ]
            ]
        },
        {
            "file_path": "/data/shapenet_blender/all_50_random/02958343/206e39a5f67f4a4a81d0c86cc18e6647/r_21",
            "rotation": 0.12566370614359174,
            "transform_matrix": [
                [
                    0.17014046013355255,
                    -0.39032191038131714,
                    0.90482097864151,
                    3.6474499702453613
                ],
                [
                    0.9854198098182678,
                    0.06739214807748795,
                    -0.15622445940971375,
                    -0.6297609210014343
                ],
                [
                    0.0,
                    0.9182085394859314,
                    0.39609718322753906,
                    1.5967187881469727
                ],
                [
                    0.0,
                    0.0,
                    0.0,
                    1.0
                ]
            ]
        },
        {
            "file_path": "/data/shapenet_blender/all_50_random/02958343/206e39a5f67f4a4a81d0c86cc18e6647/r_22",
            "rotation": 0.12566370614359174,
            "transform_matrix": [
                [
                    -0.9995032548904419,
                    -0.02805064246058464,
                    0.014365538954734802,
                    0.05790933966636658
                ],
                [
                    0.03151519224047661,
                    -0.8896251916885376,
                    0.45560258626937866,
                    1.8365927934646606
                ],
                [
                    0.0,
                    0.4558289051055908,
                    0.8900673389434814,
                    3.5879762172698975
                ],
                [
                    0.0,
                    0.0,
                    0.0,
                    1.0
                ]
            ]
        },
        {
            "file_path": "/data/shapenet_blender/all_50_random/02958343/206e39a5f67f4a4a81d0c86cc18e6647/r_23",
            "rotation": 0.12566370614359174,
            "transform_matrix": [
                [
                    0.8969911336898804,
                    -0.24293990433216095,
                    0.36930638551712036,
                    1.4887216091156006
                ],
                [
                    0.4420486390590668,
                    0.492965966463089,
                    -0.7493848204612732,
                    -3.020866870880127
                ],
                [
                    0.0,
                    0.8354429006576538,
                    0.5495772957801819,
                    2.21541690826416
                ],
                [
                    0.0,
                    0.0,
                    0.0,
                    1.0
                ]
            ]
        },
        {
            "file_path": "/data/shapenet_blender/all_50_random/02958343/206e39a5f67f4a4a81d0c86cc18e6647/r_24",
            "rotation": 0.12566370614359174,
            "transform_matrix": [
                [
                    0.45634883642196655,
                    0.27697300910949707,
                    0.8455954194068909,
                    3.4087042808532715
                ],
                [
                    0.8898009657859802,
                    -0.142050102353096,
                    -0.4336773157119751,
                    -1.7482091188430786
                ],
                [
                    7.450580596923828e-09,
                    0.950319766998291,
                    -0.3112752437591553,
                    -1.2547906637191772
                ],
                [
                    0.0,
                    0.0,
                    0.0,
                    1.0
                ]
            ]
        },
        {
            "file_path": "/data/shapenet_blender/all_50_random/02958343/206e39a5f67f4a4a81d0c86cc18e6647/r_25",
            "rotation": 0.12566370614359174,
            "transform_matrix": [
                [
                    -0.19054675102233887,
                    0.015335015021264553,
                    -0.9815582633018494,
                    -3.9567880630493164
                ],
                [
                    -0.9816781282424927,
                    -0.0029765735380351543,
                    0.19052349030971527,
                    0.7680248022079468
                ],
                [
                    2.3283062977608182e-10,
                    0.9998779892921448,
                    0.015621224418282509,
                    0.06297117471694946
                ],
                [
                    0.0,
                    0.0,
                    0.0,
                    1.0
                ]
            ]
        },
        {
            "file_path": "/data/shapenet_blender/all_50_random/02958343/206e39a5f67f4a4a81d0c86cc18e6647/r_26",
            "rotation": 0.12566370614359174,
            "transform_matrix": [
                [
                    -0.291341096162796,
                    -0.07022073119878769,
                    -0.9540385007858276,
                    -3.8458521366119385
                ],
                [
                    -0.9566193222999573,
                    0.0213859211653471,
                    0.29055508971214294,
                    1.1712650060653687
                ],
                [
                    1.862645371275562e-09,
                    0.9973021745681763,
                    -0.07340510189533234,
                    -0.2959054410457611
                ],
                [
                    0.0,
                    0.0,
                    0.0,
                    1.0
                ]
            ]
        },
        {
            "file_path": "/data/shapenet_blender/all_50_random/02958343/206e39a5f67f4a4a81d0c86cc18e6647/r_27",
            "rotation": 0.12566370614359174,
            "transform_matrix": [
                [
                    0.9311089515686035,
                    0.055452849715948105,
                    0.3605010509490967,
                    1.4532263278961182
                ],
                [
                    0.3647410571575165,
                    -0.14155972003936768,
                    -0.9202851057052612,
                    -3.7097880840301514
                ],
                [
                    0.0,
                    0.9883753061294556,
                    -0.15203344821929932,
                    -0.6128665208816528
                ],
                [
                    0.0,
                    0.0,
                    0.0,
                    1.0
                ]
            ]
        },
        {
            "file_path": "/data/shapenet_blender/all_50_random/02958343/206e39a5f67f4a4a81d0c86cc18e6647/r_28",
            "rotation": 0.12566370614359174,
            "transform_matrix": [
                [
                    0.8299000263214111,
                    0.3531036376953125,
                    -0.43195345997810364,
                    -1.7412601709365845
                ],
                [
                    -0.5579121708869934,
                    0.525245189666748,
                    -0.6425350904464722,
                    -2.590142011642456
                ],
                [
                    0.0,
                    0.7742319703102112,
                    0.6329017877578735,
                    2.5513088703155518
                ],
                [
                    0.0,
                    0.0,
                    0.0,
                    1.0
                ]
            ]
        },
        {
            "file_path": "/data/shapenet_blender/all_50_random/02958343/206e39a5f67f4a4a81d0c86cc18e6647/r_29",
            "rotation": 0.12566370614359174,
            "transform_matrix": [
                [
                    -0.7094560265541077,
                    -0.6997575163841248,
                    0.08373402804136276,
                    0.3375426232814789
                ],
                [
                    0.704749584197998,
                    -0.7044306397438049,
                    0.08429321646690369,
                    0.339796781539917
                ],
                [
                    3.7252896323280993e-09,
                    0.1188141256570816,
                    0.9929166436195374,
                    4.002574443817139
                ],
                [
                    0.0,
                    0.0,
                    0.0,
                    1.0
                ]
            ]
        },
        {
            "file_path": "/data/shapenet_blender/all_50_random/02958343/206e39a5f67f4a4a81d0c86cc18e6647/r_30",
            "rotation": 0.12566370614359174,
            "transform_matrix": [
                [
                    0.689385175704956,
                    0.5181366205215454,
                    -0.5062435269355774,
                    -2.0407328605651855
                ],
                [
                    -0.7243949174880981,
                    0.4930952489376068,
                    -0.4817769527435303,
                    -1.9421050548553467
                ],
                [
                    0.0,
                    0.698850154876709,
                    0.715268075466156,
                    2.8833377361297607
                ],
                [
                    0.0,
                    0.0,
                    0.0,
                    1.0
                ]
            ]
        },
        {
            "file_path": "/data/shapenet_blender/all_50_random/02958343/206e39a5f67f4a4a81d0c86cc18e6647/r_31",
            "rotation": 0.12566370614359174,
            "transform_matrix": [
                [
                    -0.9080821871757507,
                    -0.12778852880001068,
                    -0.39881929755210876,
                    -1.607691764831543
                ],
                [
                    -0.4187919795513153,
                    0.27708861231803894,
                    0.8647747039794922,
                    3.486017942428589
                ],
                [
                    0.0,
                    0.952308714389801,
                    -0.3051360845565796,
                    -1.2300426959991455
                ],
                [
                    0.0,
                    0.0,
                    0.0,
                    1.0
                ]
            ]
        },
        {
            "file_path": "/data/shapenet_blender/all_50_random/02958343/206e39a5f67f4a4a81d0c86cc18e6647/r_32",
            "rotation": 0.12566370614359174,
            "transform_matrix": [
                [
                    -0.9871011972427368,
                    -0.1289162039756775,
                    0.09493110328912735,
                    0.3826795518398285
                ],
                [
                    0.16009777784347534,
                    -0.7948475480079651,
                    0.5853085517883301,
                    2.359454393386841
                ],
                [
                    0.0,
                    0.592957079410553,
                    0.8052339553833008,
                    3.246002197265625
                ],
                [
                    0.0,
                    0.0,
                    0.0,
                    1.0
                ]
            ]
        },
        {
            "file_path": "/data/shapenet_blender/all_50_random/02958343/206e39a5f67f4a4a81d0c86cc18e6647/r_33",
            "rotation": 0.12566370614359174,
            "transform_matrix": [
                [
                    -0.1909344643354416,
                    -0.046309944242239,
                    -0.9805096983909607,
                    -3.952561140060425
                ],
                [
                    -0.9816029071807861,
                    0.009007883258163929,
                    0.19072182476520538,
                    0.7688242793083191
                ],
                [
                    0.0,
                    0.9988864660263062,
                    -0.04717788100242615,
                    -0.19018012285232544
                ],
                [
                    0.0,
                    0.0,
                    0.0,
                    1.0
                ]
            ]
        },
        {
            "file_path": "/data/shapenet_blender/all_50_random/02958343/206e39a5f67f4a4a81d0c86cc18e6647/r_34",
            "rotation": 0.12566370614359174,
            "transform_matrix": [
                [
                    -0.28601357340812683,
                    -0.36155250668525696,
                    0.8873984217643738,
                    3.5772173404693604
                ],
                [
                    0.9582254886627197,
                    -0.10791711509227753,
                    0.2648729383945465,
                    1.0677369832992554
                ],
                [
                    0.0,
                    0.9260850548744202,
                    0.37731462717056274,
                    1.5210039615631104
                ],
                [
                    0.0,
                    0.0,
                    0.0,
                    1.0
                ]
            ]
        },
        {
            "file_path": "/data/shapenet_blender/all_50_random/02958343/206e39a5f67f4a4a81d0c86cc18e6647/r_35",
            "rotation": 0.12566370614359174,
            "transform_matrix": [
                [
                    0.5792189836502075,
                    0.6577712893486023,
                    0.4815000593662262,
                    1.9409887790679932
                ],
                [
                    0.815172016620636,
                    -0.467378169298172,
                    -0.3421289622783661,
                    -1.3791660070419312
                ],
                [
                    0.0,
                    0.5906729698181152,
                    -0.806911051273346,
                    -3.25276255607605
                ],
                [
                    0.0,
                    0.0,
                    0.0,
                    1.0
                ]
            ]
        },
        {
            "file_path": "/data/shapenet_blender/all_50_random/02958343/206e39a5f67f4a4a81d0c86cc18e6647/r_36",
            "rotation": 0.12566370614359174,
            "transform_matrix": [
                [
                    0.5779002904891968,
                    0.32473886013031006,
                    0.7487161755561829,
                    3.018171548843384
                ],
                [
                    0.8161073923110962,
                    -0.22995343804359436,
                    -0.5301793813705444,
                    -2.137221336364746
                ],
                [
                    0.0,
                    0.9174234867095947,
                    -0.39791199564933777,
                    -1.6040345430374146
                ],
                [
                    0.0,
                    0.0,
                    0.0,
                    1.0
                ]
            ]
        },
        {
            "file_path": "/data/shapenet_blender/all_50_random/02958343/206e39a5f67f4a4a81d0c86cc18e6647/r_37",
            "rotation": 0.12566370614359174,
            "transform_matrix": [
                [
                    0.8082963824272156,
                    -0.2442050576210022,
                    0.5357431769371033,
                    2.1596500873565674
                ],
                [
                    0.5887758135795593,
                    0.33525505661964417,
                    -0.7354909777641296,
                    -2.9648592472076416
                ],
                [
                    0.0,
                    0.9099273681640625,
                    0.41476747393608093,
                    1.6719813346862793
                ],
                [
                    0.0,
                    0.0,
                    0.0,
                    1.0
                ]
            ]
        },
        {
            "file_path": "/data/shapenet_blender/all_50_random/02958343/206e39a5f67f4a4a81d0c86cc18e6647/r_38",
            "rotation": 0.12566370614359174,
            "transform_matrix": [
                [
                    -0.9628610014915466,
                    -0.1604401171207428,
                    -0.21715794503688812,
                    -0.8753917217254639
                ],
                [
                    -0.26999738812446594,
                    0.5721592307090759,
                    0.7744256258010864,
                    3.121809720993042
                ],
                [
                    -1.4901160305669237e-08,
                    0.8042963147163391,
                    -0.5942282676696777,
                    -2.3954110145568848
                ],
                [
                    0.0,
                    0.0,
                    0.0,
                    1.0
                ]
            ]
        },
        {
            "file_path": "/data/shapenet_blender/all_50_random/02958343/206e39a5f67f4a4a81d0c86cc18e6647/r_39",
            "rotation": 0.12566370614359174,
            "transform_matrix": [
                [
                    -0.6731115579605103,
                    -0.5089682340621948,
                    -0.536537230014801,
                    -2.162851095199585
                ],
                [
                    -0.7395410537719727,
                    0.46324998140335083,
                    0.48834264278411865,
                    1.9685722589492798
                ],
                [
                    -1.4901161193847656e-08,
                    0.7255004048347473,
                    -0.6882216930389404,
                    -2.77431058883667
                ],
                [
                    0.0,
                    0.0,
                    0.0,
                    1.0
                ]
            ]
        },
        {
            "file_path": "/data/shapenet_blender/all_50_random/02958343/206e39a5f67f4a4a81d0c86cc18e6647/r_40",
            "rotation": 0.12566370614359174,
            "transform_matrix": [
                [
                    -0.9717809557914734,
                    0.03938364237546921,
                    -0.23257431387901306,
                    -0.9375370740890503
                ],
                [
                    -0.23588532209396362,
                    -0.16224950551986694,
                    0.95814049243927,
                    3.8623878955841064
                ],
                [
                    -3.725290298461914e-09,
                    0.9859635233879089,
                    0.1669609695672989,
                    0.6730412244796753
                ],
                [
                    0.0,
                    0.0,
                    0.0,
                    1.0
                ]
            ]
        },
        {
            "file_path": "/data/shapenet_blender/all_50_random/02958343/206e39a5f67f4a4a81d0c86cc18e6647/r_41",
            "rotation": 0.12566370614359174,
            "transform_matrix": [
                [
                    -0.64020836353302,
                    -0.4317231774330139,
                    -0.63541179895401,
                    -2.561427116394043
                ],
                [
                    -0.7682011723518372,
                    0.35979217290878296,
                    0.5295435190200806,
                    2.1346583366394043
                ],
                [
                    -1.4901160305669237e-08,
                    0.8271423578262329,
                    -0.5619922876358032,
