{
    "class": "02958343",
    "model": "ea7ce310216a5a64a1bc65068a7d3cef",
    "remove_doubles": true,
    "edge_split": true,
    "denoise": true,
    "camera_angle_x": 0.6911112070083618,
    "scale_factor": 2.2855027063793476,
    "hdri_file": "/data/IndoorHDRDataset2018/9C4A7233-ef4f5b03e9.exr",
    "center_offset": [
        0.0,
        -1.3969838619232178e-09,
        -3.725290298461914e-09
    ],
    "lights": [],
    "frames": [
        {
            "file_path": "/data/shapenet_blender/all_50_random/02958343/ea7ce310216a5a64a1bc65068a7d3cef/r_0",
            "rotation": 0.12566370614359174,
            "transform_matrix": [
                [
                    -0.9538227319717407,
                    -0.1248222142457962,
                    0.27320635318756104,
                    1.101330041885376
                ],
                [
                    0.3003702759742737,
                    -0.39637166261672974,
                    0.8675639033317566,
                    3.4972620010375977
                ],
                [
                    7.450581485102248e-09,
                    0.9095650911331177,
                    0.4155612289905548,
                    1.6751809120178223
                ],
                [
                    0.0,
                    0.0,
                    0.0,
                    1.0
                ]
            ]
        },
        {
            "file_path": "/data/shapenet_blender/all_50_random/02958343/ea7ce310216a5a64a1bc65068a7d3cef/r_1",
            "rotation": 0.12566370614359174,
            "transform_matrix": [
                [
                    0.9771996140480042,
                    -0.17578159272670746,
                    -0.11908669024705887,
                    -0.4800538718700409
                ],
                [
                    -0.2123224139213562,
                    -0.8090229630470276,
                    -0.5480884909629822,
                    -2.2094156742095947
                ],
                [
                    -7.450580152834618e-09,
                    0.560876727104187,
                    -0.8278992176055908,
                    -3.337368965148926
                ],
                [
                    0.0,
                    0.0,
                    0.0,
                    1.0
                ]
            ]
        },
        {
            "file_path": "/data/shapenet_blender/all_50_random/02958343/ea7ce310216a5a64a1bc65068a7d3cef/r_2",
            "rotation": 0.12566370614359174,
            "transform_matrix": [
                [
                    -0.7541850209236145,
                    -0.5314714312553406,
                    0.3856721520423889,
                    1.5546942949295044
                ],
                [
                    0.6566619277000427,
                    -0.6104020476341248,
                    0.4429495930671692,
                    1.7855870723724365
                ],
                [
                    1.4901161193847656e-08,
                    0.5873222351074219,
                    0.8093530535697937,
                    3.2626068592071533
                ],
                [
                    0.0,
                    0.0,
                    0.0,
                    1.0
                ]
            ]
        },
        {
            "file_path": "/data/shapenet_blender/all_50_random/02958343/ea7ce310216a5a64a1bc65068a7d3cef/r_3",
            "rotation": 0.12566370614359174,
            "transform_matrix": [
                [
                    -0.9999717473983765,
                    0.006989840418100357,
                    -0.0027656867168843746,
                    -0.011148840188980103
                ],
                [
                    -0.007517105899751186,
                    -0.9298315644264221,
                    0.36790865659713745,
                    1.483087182044983
                ],
                [
                    0.0,
                    0.3679192066192627,
                    0.9298578500747681,
                    3.7483768463134766
                ],
                [
                    0.0,
                    0.0,
                    0.0,
                    1.0
                ]
            ]
        },
        {
            "file_path": "/data/shapenet_blender/all_50_random/02958343/ea7ce310216a5a64a1bc65068a7d3cef/r_4",
            "rotation": 0.12566370614359174,
            "transform_matrix": [
                [
                    0.5170844197273254,
                    -0.028360197320580482,
                    -0.8554643988609314,
                    -3.4484870433807373
                ],
                [
                    -0.8559342622756958,
                    -0.017132876440882683,
                    -0.5168005228042603,
                    -2.083289623260498
                ],
                [
                    -9.313224080820248e-10,
                    0.9994509816169739,
                    -0.0331336073577404,
                    -0.13356584310531616
                ],
                [
                    0.0,
                    0.0,
                    0.0,
                    1.0
                ]
            ]
        },
        {
            "file_path": "/data/shapenet_blender/all_50_random/02958343/ea7ce310216a5a64a1bc65068a7d3cef/r_5",
            "rotation": 0.12566370614359174,
            "transform_matrix": [
                [
                    0.8700124621391296,
                    0.18670308589935303,
                    0.45631152391433716,
                    1.8394503593444824
                ],
                [
                    0.4930296242237091,
                    -0.3294609487056732,
                    -0.8052188158035278,
                    -3.2459404468536377
                ],
                [
                    0.0,
                    0.9255253672599792,
                    -0.3786854147911072,
                    -1.5265295505523682
                ],
                [
                    0.0,
                    0.0,
                    0.0,
                    1.0
                ]
            ]
        },
        {
            "file_path": "/data/shapenet_blender/all_50_random/02958343/ea7ce310216a5a64a1bc65068a7d3cef/r_6",
            "rotation": 0.12566370614359174,
            "transform_matrix": [
                [
                    -0.9532392024993896,
                    0.13222971558570862,
                    -0.2717544734477997,
                    -1.0954773426055908
                ],
                [
                    -0.30221715569496155,
                    -0.41707277297973633,
                    0.8571552038192749,
                    3.455303192138672
                ],
                [
                    0.0,
                    0.8992027640342712,
                    0.4375321865081787,
                    1.7637486457824707
                ],
                [
                    0.0,
                    0.0,
                    0.0,
                    1.0
                ]
            ]
        },
        {
            "file_path": "/data/shapenet_blender/all_50_random/02958343/ea7ce310216a5a64a1bc65068a7d3cef/r_7",
            "rotation": 0.12566370614359174,
            "transform_matrix": [
                [
                    0.9766811728477478,
                    -0.15758547186851501,
                    -0.14581093192100525,
                    -0.5877826809883118
                ],
                [
                    -0.21469518542289734,
                    -0.7168803215026855,
                    -0.6633161902427673,
                    -2.67391300201416
                ],
                [
                    1.4901162970204496e-08,
                    0.6791532635688782,
                    -0.7339964509010315,
                    -2.958834409713745
                ],
                [
                    0.0,
                    0.0,
                    0.0,
                    1.0
                ]
            ]
        },
        {
            "file_path": "/data/shapenet_blender/all_50_random/02958343/ea7ce310216a5a64a1bc65068a7d3cef/r_8",
            "rotation": 0.12566370614359174,
            "transform_matrix": [
                [
                    0.6402744054794312,
                    -0.010564061813056469,
                    -0.7680737376213074,
                    -3.0962038040161133
                ],
                [
                    -0.7681463360786438,
                    -0.008805480785667896,
                    -0.6402138471603394,
                    -2.580784320831299
                ],
                [
                    0.0,
                    0.9999054074287415,
                    -0.013752671889960766,
                    -0.05543878674507141
                ],
                [
                    0.0,
                    0.0,
                    0.0,
                    1.0
                ]
            ]
        },
        {
            "file_path": "/data/shapenet_blender/all_50_random/02958343/ea7ce310216a5a64a1bc65068a7d3cef/r_9",
            "rotation": 0.12566370614359174,
            "transform_matrix": [
                [
                    -0.981192409992218,
                    0.0016879152972251177,
                    -0.19302493333816528,
                    -0.7781082987785339
                ],
                [
                    -0.19303227961063385,
                    -0.008579755201935768,
                    0.9811549782752991,
                    3.9551618099212646
                ],
                [
                    -2.3283061589829401e-10,
                    0.999961793422699,
                    0.008744211867451668,
                    0.03524903953075409
                ],
                [
                    0.0,
                    0.0,
                    0.0,
                    1.0
                ]
            ]
        },
        {
            "file_path": "/data/shapenet_blender/all_50_random/02958343/ea7ce310216a5a64a1bc65068a7d3cef/r_10",
            "rotation": 0.12566370614359174,
            "transform_matrix": [
                [
                    0.8977118730545044,
                    0.41987693309783936,
                    -0.13347934186458588,
                    -0.5380724668502808
                ],
                [
                    -0.4405830502510071,
                    0.8555220365524292,
                    -0.2719714045524597,
                    -1.0963517427444458
                ],
                [
                    0.0,
                    0.30296069383621216,
                    0.9530030488967896,
                    3.8416781425476074
                ],
                [
                    0.0,
                    0.0,
                    0.0,
                    1.0
                ]
            ]
        },
        {
            "file_path": "/data/shapenet_blender/all_50_random/02958343/ea7ce310216a5a64a1bc65068a7d3cef/r_11",
            "rotation": 0.12566370614359174,
            "transform_matrix": [
                [
                    0.9813381433486938,
                    0.032194834202528,
                    -0.18957561254501343,
                    -0.7642037868499756
                ],
                [
                    -0.19228994846343994,
                    0.16430404782295227,
                    -0.9674857258796692,
                    -3.900059938430786
                ],
                [
                    -1.862645149230957e-09,
                    0.9858841896057129,
                    0.16742855310440063,
                    0.6749261617660522
                ],
                [
                    0.0,
                    0.0,
                    0.0,
                    1.0
                ]
            ]
        },
        {
            "file_path": "/data/shapenet_blender/all_50_random/02958343/ea7ce310216a5a64a1bc65068a7d3cef/r_12",
            "rotation": 0.12566370614359174,
            "transform_matrix": [
                [
                    -0.7853530049324036,
                    -0.5517263412475586,
                    -0.2807469367980957,
                    -1.1317270994186401
                ],
                [
                    -0.6190483570098877,
                    0.6999452114105225,
                    0.35616835951805115,
                    1.4357606172561646
                ],
                [
                    0.0,
                    0.45351383090019226,
                    -0.8912492394447327,
                    -3.592740535736084
                ],
                [
                    0.0,
                    0.0,
                    0.0,
                    1.0
                ]
            ]
        },
        {
            "file_path": "/data/shapenet_blender/all_50_random/02958343/ea7ce310216a5a64a1bc65068a7d3cef/r_13",
            "rotation": 0.12566370614359174,
            "transform_matrix": [
                [
                    0.8252791166305542,
                    -0.03476167470216751,
                    -0.5636539459228516,
                    -2.2721617221832275
                ],
                [
                    -0.5647248029708862,
                    -0.05080012232065201,
                    -0.8237142562866211,
                    -3.32049822807312
                ],
                [
                    -3.7252896323280993e-09,
                    0.998103678226471,
                    -0.061555080115795135,
                    -0.24813644587993622
                ],
                [
                    0.0,
                    0.0,
                    0.0,
                    1.0
                ]
            ]
        },
        {
            "file_path": "/data/shapenet_blender/all_50_random/02958343/ea7ce310216a5a64a1bc65068a7d3cef/r_14",
            "rotation": 0.12566370614359174,
            "transform_matrix": [
                [
                    -0.35738372802734375,
                    -0.04251842200756073,
                    -0.9329892992973328,
                    -3.761000156402588
                ],
                [
                    -0.9339576363563538,
                    0.016269894316792488,
                    0.35701319575309753,
                    1.4391661882400513
                ],
                [
                    0.0,
                    0.9989632368087769,
                    -0.045524999499320984,
                    -0.18351714313030243
                ],
                [
                    0.0,
                    0.0,
                    0.0,
                    1.0
                ]
            ]
        },
        {
            "file_path": "/data/shapenet_blender/all_50_random/02958343/ea7ce310216a5a64a1bc65068a7d3cef/r_15",
            "rotation": 0.12566370614359174,
            "transform_matrix": [
                [
                    -0.44371718168258667,
                    -0.588016152381897,
                    0.6762780547142029,
                    2.7261641025543213
                ],
                [
                    0.8961668610572815,
                    -0.29114317893981934,
                    0.33484411239624023,
                    1.3497997522354126
                ],
                [
                    -1.4901161193847656e-08,
                    0.7546341419219971,
                    0.6561458110809326,
                    2.6450083255767822
                ],
                [
                    0.0,
                    0.0,
                    0.0,
                    1.0
                ]
            ]
        },
        {
            "file_path": "/data/shapenet_blender/all_50_random/02958343/ea7ce310216a5a64a1bc65068a7d3cef/r_16",
            "rotation": 0.12566370614359174,
            "transform_matrix": [
                [
                    0.7319900989532471,
                    -0.6419514417648315,
                    -0.22822952270507812,
                    -0.92002272605896
                ],
                [
                    -0.6813151836395264,
                    -0.6896985769271851,
                    -0.24520480632781982,
                    -0.9884523153305054
                ],
                [
                    0.0,
                    0.33498379588127136,
                    -0.9422237277030945,
                    -3.7982258796691895
                ],
                [
                    0.0,
                    0.0,
                    0.0,
                    1.0
                ]
            ]
        },
        {
            "file_path": "/data/shapenet_blender/all_50_random/02958343/ea7ce310216a5a64a1bc65068a7d3cef/r_17",
            "rotation": 0.12566370614359174,
            "transform_matrix": [
                [
                    0.8169271349906921,
                    -0.4976463317871094,
                    0.2915101945400238,
                    1.1751152276992798
                ],
                [
                    0.5767409205436707,
                    0.7048932313919067,
                    -0.4129108488559723,
                    -1.664496898651123
                ],
                [
                    0.0,
                    0.505443811416626,
                    0.8628594279289246,
                    3.478297710418701
                ],
                [
                    0.0,
                    0.0,
                    0.0,
                    1.0
                ]
            ]
        },
        {
            "file_path": "/data/shapenet_blender/all_50_random/02958343/ea7ce310216a5a64a1bc65068a7d3cef/r_18",
            "rotation": 0.12566370614359174,
            "transform_matrix": [
                [
                    -0.998658299446106,
                    0.0017240152228623629,
                    -0.051755987107753754,
                    -0.20863506197929382
                ],
                [
                    -0.051784697920084,
                    -0.033247314393520355,
                    0.9981046319007874,
                    4.023488521575928
                ],
                [
                    -1.1641532182693481e-10,
                    0.9994456768035889,
                    0.033291980624198914,
                    0.13420426845550537
                ],
                [
                    0.0,
                    0.0,
                    0.0,
                    1.0
                ]
            ]
        },
        {
            "file_path": "/data/shapenet_blender/all_50_random/02958343/ea7ce310216a5a64a1bc65068a7d3cef/r_19",
            "rotation": 0.12566370614359174,
            "transform_matrix": [
                [
                    0.6849831342697144,
                    0.6636155247688293,
                    0.3006868064403534,
                    1.2121073007583618
                ],
                [
                    0.7285590171813965,
                    -0.6239239573478699,
                    -0.28270241618156433,
                    -1.139609932899475
                ],
                [
                    0.0,
                    0.4127143621444702,
                    -0.9108604192733765,
                    -3.6717958450317383
                ],
                [
                    0.0,
                    0.0,
                    0.0,
                    1.0
                ]
            ]
        },
        {
            "file_path": "/data/shapenet_blender/all_50_random/02958343/ea7ce310216a5a64a1bc65068a7d3cef/r_20",
            "rotation": 0.12566370614359174,
            "transform_matrix": [
                [
                    -0.40277519822120667,
                    0.031200358644127846,
                    0.9147669672966003,
                    3.6875438690185547
                ],
                [
                    0.9152990579605103,
                    0.013729644939303398,
                    0.40254104137420654,
                    1.622694969177246
                ],
                [
                    0.0,
                    0.9994187951087952,
                    -0.034087613224983215,
                    -0.13741157948970795
                ],
                [
                    0.0,
                    0.0,
                    0.0,
                    1.0
                ]
            ]
        },
        {
            "file_path": "/data/shapenet_blender/all_50_random/02958343/ea7ce310216a5a64a1bc65068a7d3cef/r_21",
            "rotation": 0.12566370614359174,
            "transform_matrix": [
                [
                    -0.7585148215293884,
                    0.4567953050136566,
                    0.46475088596343994,
                    1.8734707832336426
                ],
                [
                    0.6516558527946472,
                    0.5317009091377258,
                    0.5409610271453857,
                    2.1806836128234863
                ],
                [
                    -1.4901161193847656e-08,
                    0.7131845355033875,
                    -0.7009763717651367,
                    -2.82572603225708
                ],
                [
                    0.0,
                    0.0,
                    0.0,
                    1.0
                ]
            ]
        },
        {
            "file_path": "/data/shapenet_blender/all_50_random/02958343/ea7ce310216a5a64a1bc65068a7d3cef/r_22",
            "rotation": 0.12566370614359174,
            "transform_matrix": [
                [
                    0.9936617612838745,
                    0.0606318861246109,
                    -0.0946570336818695,
                    -0.38157474994659424
                ],
                [
                    -0.1124107614159584,
                    0.5359592437744141,
                    -0.8367266058921814,
                    -3.372953176498413
                ],
                [
                    0.0,
                    0.842063844203949,
                    0.5393778085708618,
                    2.1743016242980957
                ],
                [
                    0.0,
                    0.0,
                    0.0,
                    1.0
                ]
            ]
        },
        {
            "file_path": "/data/shapenet_blender/all_50_random/02958343/ea7ce310216a5a64a1bc65068a7d3cef/r_23",
            "rotation": 0.12566370614359174,
            "transform_matrix": [
                [
                    0.0789293572306633,
                    -0.8989185094833374,
                    -0.43094733357429504,
                    -1.7372043132781982
                ],
                [
                    -0.9968802332878113,
                    -0.07117310166358948,
                    -0.034120846539735794,
                    -0.13754552602767944
                ],
                [
                    1.8626449271863521e-09,
                    0.43229609727859497,
                    -0.9017317891120911,
                    -3.6349971294403076
                ],
                [
                    0.0,
                    0.0,
                    0.0,
                    1.0
                ]
            ]
        },
        {
            "file_path": "/data/shapenet_blender/all_50_random/02958343/ea7ce310216a5a64a1bc65068a7d3cef/r_24",
            "rotation": 0.12566370614359174,
            "transform_matrix": [
                [
                    -0.8357422947883606,
                    0.2224210947751999,
                    -0.5020594000816345,
                    -2.0238661766052246
                ],
                [
                    -0.5491217970848083,
                    -0.33851638436317444,
                    0.7641150951385498,
                    3.0802464485168457
                ],
                [
                    -1.4901160305669237e-08,
                    0.9142951369285583,
                    0.4050487279891968,
                    1.6328036785125732
                ],
                [
                    0.0,
                    0.0,
                    0.0,
                    1.0
                ]
            ]
        },
        {
            "file_path": "/data/shapenet_blender/all_50_random/02958343/ea7ce310216a5a64a1bc65068a7d3cef/r_25",
            "rotation": 0.12566370614359174,
            "transform_matrix": [
                [
                    0.8175055384635925,
                    -0.3393790125846863,
                    0.46530282497406006,
                    1.8756957054138184
                ],
                [
                    0.5759208798408508,
                    0.4817400872707367,
                    -0.6604858636856079,
                    -2.662503719329834
                ],
                [
                    1.4901162970204496e-08,
                    0.8079283237457275,
                    0.5892806053161621,
                    2.3754661083221436
                ],
                [
                    0.0,
                    0.0,
                    0.0,
                    1.0
                ]
            ]
        },
        {
            "file_path": "/data/shapenet_blender/all_50_random/02958343/ea7ce310216a5a64a1bc65068a7d3cef/r_26",
            "rotation": 0.12566370614359174,
            "transform_matrix": [
                [
                    0.8707513213157654,
                    -0.4657129645347595,
                    0.1578086018562317,
                    0.6361468434333801
                ],
                [
                    0.4917236268520355,
                    0.8246912360191345,
                    -0.2794497609138489,
                    -1.1264979839324951
                ],
                [
                    0.0,
                    0.32092955708503723,
                    0.9471030831336975,
                    3.817894697189331
                ],
                [
                    0.0,
                    0.0,
                    0.0,
                    1.0
                ]
            ]
        },
        {
            "file_path": "/data/shapenet_blender/all_50_random/02958343/ea7ce310216a5a64a1bc65068a7d3cef/r_27",
            "rotation": 0.12566370614359174,
            "transform_matrix": [
                [
                    0.3449461758136749,
                    -0.290214866399765,
                    -0.8926295042037964,
                    -3.598304510116577
                ],
                [
                    -0.9386224746704102,
                    -0.10665472596883774,
                    -0.3280436396598816,
                    -1.3223862648010254
                ],
                [
                    -7.450580596923828e-09,
                    0.9509994387626648,
                    -0.30919238924980164,
                    -1.246394395828247
                ],
                [
                    0.0,
                    0.0,
                    0.0,
                    1.0
                ]
            ]
        },
        {
            "file_path": "/data/shapenet_blender/all_50_random/02958343/ea7ce310216a5a64a1bc65068a7d3cef/r_28",
            "rotation": 0.12566370614359174,
            "transform_matrix": [
                [
                    0.24803952872753143,
                    -0.07365415245294571,
                    0.965945839881897,
                    3.893852472305298
                ],
                [
                    0.96875,
                    0.018858468160033226,
                    -0.24732156097888947,
                    -0.996985137462616
                ],
                [
                    1.862645371275562e-09,
                    0.9971054196357727,
                    0.07603009790182114,
                    0.30648714303970337
                ],
                [
                    0.0,
                    0.0,
                    0.0,
                    1.0
                ]
            ]
        },
        {
            "file_path": "/data/shapenet_blender/all_50_random/02958343/ea7ce310216a5a64a1bc65068a7d3cef/r_29",
            "rotation": 0.12566370614359174,
            "transform_matrix": [
                [
                    0.35978907346725464,
                    0.020438537001609802,
                    0.9328097701072693,
                    3.7602765560150146
                ],
                [
                    0.9330337047576904,
                    -0.007881347090005875,
                    -0.3597027361392975,
                    -1.4500081539154053
                ],
                [
                    0.0,
                    0.9997599720954895,
                    -0.02190546691417694,
                    -0.08830375969409943
                ],
                [
                    0.0,
                    0.0,
                    0.0,
                    1.0
                ]
            ]
        },
        {
            "file_path": "/data/shapenet_blender/all_50_random/02958343/ea7ce310216a5a64a1bc65068a7d3cef/r_30",
            "rotation": 0.12566370614359174,
            "transform_matrix": [
                [
                    0.028033850714564323,
                    -0.07961204648017883,
                    -0.9964316487312317,
                    -4.016744613647461
                ],
                [
                    -0.9996070265769958,
                    -0.0022327094338834286,
                    -0.027944795787334442,
                    -0.11264908313751221
                ],
                [
                    0.0,
                    0.9968233704566956,
                    -0.07964334636926651,
                    -0.3210526406764984
                ],
                [
                    0.0,
                    0.0,
                    0.0,
                    1.0
                ]
            ]
        },
        {
            "file_path": "/data/shapenet_blender/all_50_random/02958343/ea7ce310216a5a64a1bc65068a7d3cef/r_31",
            "rotation": 0.12566370614359174,
            "transform_matrix": [
                [
                    0.24671587347984314,
                    -0.06989601254463196,
                    -0.966563880443573,
                    -3.89634370803833
                ],
                [
                    -0.9690879583358765,
                    -0.017794521525502205,
                    -0.24607329070568085,
                    -0.9919531345367432
                ],
                [
                    0.0,
                    0.9973955154418945,
                    -0.07212556898593903,
                    -0.2907474637031555
                ],
                [
                    0.0,
                    0.0,
                    0.0,
                    1.0
                ]
            ]
        },
        {
            "file_path": "/data/shapenet_blender/all_50_random/02958343/ea7ce310216a5a64a1bc65068a7d3cef/r_32",
            "rotation": 0.12566370614359174,
            "transform_matrix": [
                [
                    0.9209929704666138,
                    0.3290499150753021,
                    -0.20856201648712158,
                    -0.840740442276001
                ],
                [
                    -0.3895792067050934,
                    0.7778974175453186,
                    -0.49305546283721924,
                    -1.9875702857971191
                ],
                [
                    0.0,
                    0.5353519916534424,
                    0.8446289896965027,
                    3.404808521270752
                ],
                [
                    0.0,
                    0.0,
                    0.0,
                    1.0
                ]
            ]
        },
        {
            "file_path": "/data/shapenet_blender/all_50_random/02958343/ea7ce310216a5a64a1bc65068a7d3cef/r_33",
            "rotation": 0.12566370614359174,
            "transform_matrix": [
                [
                    -0.7137570381164551,
                    -0.6522760987281799,
                    -0.25512105226516724,
                    -1.028425931930542
                ],
                [
                    -0.7003934383392334,
                    0.6647216081619263,
                    0.25998878479003906,
                    1.0480483770370483
                ],
                [
                    1.4901162970204496e-08,
                    0.3642537593841553,
                    -0.93129962682724,
                    -3.7541890144348145
                ],
                [
                    0.0,
                    0.0,
                    0.0,
                    1.0
                ]
            ]
        },
        {
            "file_path": "/data/shapenet_blender/all_50_random/02958343/ea7ce310216a5a64a1bc65068a7d3cef/r_34",
            "rotation": 0.12566370614359174,
            "transform_matrix": [
                [
                    -0.9637050628662109,
                    0.020788341760635376,
                    0.2661586105823517,
                    1.0729198455810547
                ],
                [
                    0.266969233751297,
                    0.07504172623157501,
                    0.9607788920402527,
                    3.873023748397827
                ],
                [
                    -3.725290298461914e-09,
                    0.996963620185852,
                    -0.07786793261766434,
                    -0.31389570236206055
                ],
                [
                    0.0,
                    0.0,
                    0.0,
                    1.0
                ]
            ]
        },
        {
            "file_path": "/data/shapenet_blender/all_50_random/02958343/ea7ce310216a5a64a1bc65068a7d3cef/r_35",
            "rotation": 0.12566370614359174,
            "transform_matrix": [
                [
                    -0.9397239089012146,
                    0.08395875245332718,
                    0.33146634697914124,
                    1.3361835479736328
                ],
                [
                    0.3419342339038849,
                    0.23074042797088623,
                    0.9109554886817932,
                    3.6721787452697754
                ],
                [
                    0.0,
                    0.9693863391876221,
                    -0.24554066359996796,
                    -0.9898059964179993
                ],
                [
                    0.0,
                    0.0,
                    0.0,
                    1.0
                ]
            ]
        },
        {
            "file_path": "/data/shapenet_blender/all_50_random/02958343/ea7ce310216a5a64a1bc65068a7d3cef/r_36",
            "rotation": 0.12566370614359174,
            "transform_matrix": [
                [
                    -0.6820785999298096,
                    -0.04451438784599304,
                    0.7299227118492126,
                    2.9424126148223877
                ],
                [
                    0.7312788367271423,
                    -0.04151947423815727,
                    0.680813729763031,
                    2.744447946548462
                ],
                [
                    0.0,
                    0.998145580291748,
                    0.06087197735905647,
                    0.24538278579711914
                ],
                [
                    0.0,
                    0.0,
                    0.0,
                    1.0
                ]
            ]
        },
        {
            "file_path": "/data/shapenet_blender/all_50_random/02958343/ea7ce310216a5a64a1bc65068a7d3cef/r_37",
            "rotation": 0.12566370614359174,
            "transform_matrix": [
                [
                    0.6705094575881958,
                    -0.018275771290063858,
                    -0.7416757941246033,
                    -2.989790916442871
                ],
                [
                    -0.7419009804725647,
                    -0.01651713438332081,
                    -0.6703059077262878,
                    -2.702089786529541
                ],
                [
                    -9.31322685637781e-10,
                    0.9996964335441589,
                    -0.024633709341287613,
                    -0.09930166602134705
                ],
                [
                    0.0,
                    0.0,
                    0.0,
                    1.0
                ]
            ]
        },
        {
            "file_path": "/data/shapenet_blender/all_50_random/02958343/ea7ce310216a5a64a1bc65068a7d3cef/r_38",
            "rotation": 0.12566370614359174,
            "transform_matrix": [
                [
                    -0.8818875551223755,
                    0.08483125269412994,
                    0.46376514434814453,
                    1.8694971799850464
                ],
                [
                    0.4714599847793579,
                    0.1586807668209076,
                    0.8674939870834351,
                    3.4969804286956787
                ],
                [
                    -7.450580596923828e-09,
                    0.983678936958313,
                    -0.1799330711364746,
                    -0.7253334522247314
                ],
                [
                    0.0,
                    0.0,
                    0.0,
                    1.0
                ]
            ]
        },
        {
            "file_path": "/data/shapenet_blender/all_50_random/02958343/ea7ce310216a5a64a1bc65068a7d3cef/r_39",
            "rotation": 0.12566370614359174,
            "transform_matrix": [
                [
                    0.6349017024040222,
                    -0.5557118058204651,
                    -0.5367348194122314,
                    -2.163647174835205
                ],
                [
                    -0.7725929021835327,
                    -0.4566730260848999,
                    -0.4410780966281891,
                    -1.7780426740646362
                ],
                [
                    0.0,
                    0.6947186589241028,
                    -0.7192815542221069,
                    -2.8995165824890137
                ],
                [
                    0.0,
                    0.0,
                    0.0,
                    1.0
                ]
            ]
        },
        {
            "file_path": "/data/shapenet_blender/all_50_random/02958343/ea7ce310216a5a64a1bc65068a7d3cef/r_40",
            "rotation": 0.12566370614359174,
            "transform_matrix": [
                [
                    -0.874610185623169,
                    0.06312529742717743,
                    0.48069965839385986,
                    1.9377622604370117
                ],
                [
                    0.4848267436027527,
                    0.11387579888105392,
                    0.8671650886535645,
                    3.495654344558716
                ],
                [
                    -3.725290298461914e-09,
                    0.9914875030517578,
                    -0.1302017718553543,
                    -0.524860143661499
                ],
                [
                    0.0,
                    0.0,
                    0.0,
                    1.0
                ]
            ]
        },
        {
            "file_path": "/data/shapenet_blender/all_50_random/02958343/ea7ce310216a5a64a1bc65068a7d3cef/r_41",
            "rotation": 0.12566370614359174,
            "transform_matrix": [
                [
                    -0.9702653288841248,
                    -0.07240333408117294,
                    -0.23096118867397308,
                    -0.9310343861579895
                ],
                [
                    -0.24204406142234802,
                    0.29023823142051697,
                    0.9258381724357605,
