{
    "class": "02958343",
    "model": "7f6031f1738d52546436916a86a90ed7",
    "remove_doubles": true,
    "edge_split": true,
    "denoise": true,
    "camera_angle_x": 0.6911112070083618,
    "scale_factor": 2.0388877249285784,
    "hdri_file": "/data/IndoorHDRDataset2018/AG8A4673-834d72fb4c.exr",
    "center_offset": [
        0.0,
        0.0,
        -1.862645149230957e-09
    ],
    "lights": [],
    "frames": [
        {
            "file_path": "/data/shapenet_blender/all_50_random/02958343/7f6031f1738d52546436916a86a90ed7/r_0",
            "rotation": 0.12566370614359174,
            "transform_matrix": [
                [
                    -0.7007881999015808,
                    -0.03823695331811905,
                    -0.7123439908027649,
                    -2.8715500831604004
                ],
                [
                    -0.7133694291114807,
                    0.037562593817710876,
                    0.6997808218002319,
                    2.820906400680542
                ],
                [
                    0.0,
                    0.9985623955726624,
                    -0.053600504994392395,
                    -0.2160705178976059
                ],
                [
                    0.0,
                    0.0,
                    0.0,
                    1.0
                ]
            ]
        },
        {
            "file_path": "/data/shapenet_blender/all_50_random/02958343/7f6031f1738d52546436916a86a90ed7/r_1",
            "rotation": 0.12566370614359174,
            "transform_matrix": [
                [
                    0.41418296098709106,
                    0.21164701879024506,
                    0.8852445483207703,
                    3.568535089492798
                ],
                [
                    0.9101936221122742,
                    -0.09630982577800751,
                    -0.4028299152851105,
                    -1.6238594055175781
                ],
                [
                    0.0,
                    0.9725892543792725,
                    -0.2325296849012375,
                    -0.9373571872711182
                ],
                [
                    0.0,
                    0.0,
                    0.0,
                    1.0
                ]
            ]
        },
        {
            "file_path": "/data/shapenet_blender/all_50_random/02958343/7f6031f1738d52546436916a86a90ed7/r_2",
            "rotation": 0.12566370614359174,
            "transform_matrix": [
                [
                    0.032200947403907776,
                    0.058237697929143906,
                    0.9977832436561584,
                    4.02219295501709
                ],
                [
                    0.9994814395904541,
                    -0.001876282156445086,
                    -0.032146237790584564,
                    -0.1295856237411499
                ],
                [
                    0.0,
                    0.9983009696006775,
                    -0.05826791003346443,
                    -0.23488545417785645
                ],
                [
                    0.0,
                    0.0,
                    0.0,
                    1.0
                ]
            ]
        },
        {
            "file_path": "/data/shapenet_blender/all_50_random/02958343/7f6031f1738d52546436916a86a90ed7/r_3",
            "rotation": 0.12566370614359174,
            "transform_matrix": [
                [
                    0.9501572251319885,
                    0.2979903519153595,
                    0.09166811406612396,
                    0.3695259988307953
                ],
                [
                    0.3117712438106537,
                    -0.9081584215164185,
                    -0.27936866879463196,
                    -1.1261711120605469
                ],
                [
                    0.0,
                    0.29402369260787964,
                    -0.9557981491088867,
                    -3.852945566177368
                ],
                [
                    0.0,
                    0.0,
                    0.0,
                    1.0
                ]
            ]
        },
        {
            "file_path": "/data/shapenet_blender/all_50_random/02958343/7f6031f1738d52546436916a86a90ed7/r_4",
            "rotation": 0.12566370614359174,
            "transform_matrix": [
                [
                    -0.5153759717941284,
                    0.06395729631185532,
                    -0.8545741438865662,
                    -3.444898843765259
                ],
                [
                    -0.8569642305374146,
                    -0.03846374526619911,
                    0.5139385461807251,
                    2.0717527866363525
                ],
                [
                    0.0,
                    0.9972110390663147,
                    0.07463239878416061,
                    0.30085286498069763
                ],
                [
                    0.0,
                    0.0,
                    0.0,
                    1.0
                ]
            ]
        },
        {
            "file_path": "/data/shapenet_blender/all_50_random/02958343/7f6031f1738d52546436916a86a90ed7/r_5",
            "rotation": 0.12566370614359174,
            "transform_matrix": [
                [
                    -0.8069062232971191,
                    -0.1013915166258812,
                    -0.5819125175476074,
                    -2.345764398574829
                ],
                [
                    -0.5906796455383301,
                    0.13850729167461395,
                    0.7949298024177551,
                    3.2044644355773926
                ],
                [
                    -7.450580596923828e-09,
                    0.9851575493812561,
                    -0.17165230214595795,
                    -0.6919525861740112
                ],
                [
                    0.0,
                    0.0,
                    0.0,
                    1.0
                ]
            ]
        },
        {
            "file_path": "/data/shapenet_blender/all_50_random/02958343/7f6031f1738d52546436916a86a90ed7/r_6",
            "rotation": 0.12566370614359174,
            "transform_matrix": [
                [
                    -0.4838191866874695,
                    0.25361350178718567,
                    0.8376151919364929,
                    3.376534938812256
                ],
                [
                    0.8751680850982666,
                    0.14020514488220215,
                    0.46305879950523376,
                    1.8666497468948364
                ],
                [
                    7.450581485102248e-09,
                    0.9570907950401306,
                    -0.28978830575942993,
                    -1.1681740283966064
                ],
                [
                    0.0,
                    0.0,
                    0.0,
                    1.0
                ]
            ]
        },
        {
            "file_path": "/data/shapenet_blender/all_50_random/02958343/7f6031f1738d52546436916a86a90ed7/r_7",
            "rotation": 0.12566370614359174,
            "transform_matrix": [
                [
                    -0.7697068452835083,
                    -0.1860276311635971,
                    -0.6106922030448914,
                    -2.4617793560028076
                ],
                [
                    -0.6383974552154541,
                    0.2242908924818039,
                    0.7363030314445496,
                    2.968132734298706
                ],
                [
                    -1.4901161193847656e-08,
                    0.9566019773483276,
                    -0.29139775037765503,
                    -1.1746619939804077
                ],
                [
                    0.0,
                    0.0,
                    0.0,
                    1.0
                ]
            ]
        },
        {
            "file_path": "/data/shapenet_blender/all_50_random/02958343/7f6031f1738d52546436916a86a90ed7/r_8",
            "rotation": 0.12566370614359174,
            "transform_matrix": [
                [
                    -0.7531554698944092,
                    0.5323209166526794,
                    0.38651174306869507,
                    1.5580787658691406
                ],
                [
                    0.6578426957130432,
                    0.6094472408294678,
                    0.4425122141838074,
                    1.7838239669799805
                ],
                [
                    0.0,
                    0.5875442624092102,
                    -0.8091918230056763,
                    -3.2619569301605225
                ],
                [
                    0.0,
                    0.0,
                    0.0,
                    1.0
                ]
            ]
        },
        {
            "file_path": "/data/shapenet_blender/all_50_random/02958343/7f6031f1738d52546436916a86a90ed7/r_9",
            "rotation": 0.12566370614359174,
            "transform_matrix": [
                [
                    -0.9534883499145508,
                    -0.19146819412708282,
                    -0.2328088879585266,
                    -0.9384826421737671
                ],
                [
                    -0.30143001675605774,
                    0.6056552529335022,
                    0.7364248633384705,
                    2.968623638153076
                ],
                [
                    -1.4901161193847656e-08,
                    0.7723480463027954,
                    -0.6351994872093201,
                    -2.5605709552764893
                ],
                [
                    0.0,
                    0.0,
                    0.0,
                    1.0
                ]
            ]
        },
        {
            "file_path": "/data/shapenet_blender/all_50_random/02958343/7f6031f1738d52546436916a86a90ed7/r_10",
            "rotation": 0.12566370614359174,
            "transform_matrix": [
                [
                    0.9130897521972656,
                    0.2640060782432556,
                    -0.310753732919693,
                    -1.2526885271072388
                ],
                [
                    -0.4077586531639099,
                    0.5911861062049866,
                    -0.6958675980567932,
                    -2.8051321506500244
                ],
                [
                    1.4901161193847656e-08,
                    0.7621021270751953,
                    0.647456705570221,
                    2.6099817752838135
                ],
                [
                    0.0,
                    0.0,
                    0.0,
                    1.0
                ]
            ]
        },
        {
            "file_path": "/data/shapenet_blender/all_50_random/02958343/7f6031f1738d52546436916a86a90ed7/r_11",
            "rotation": 0.12566370614359174,
            "transform_matrix": [
                [
                    -0.26731163263320923,
                    0.2457362860441208,
                    -0.9317500591278076,
                    -3.756004571914673
                ],
                [
                    -0.9636102318763733,
                    -0.06816881895065308,
                    0.2584734261035919,
                    1.0419397354125977
                ],
                [
                    -7.450581485102248e-09,
                    0.9669366478919983,
                    0.2550163269042969,
                    1.0280036926269531
                ],
                [
                    0.0,
                    0.0,
                    0.0,
                    1.0
                ]
            ]
        },
        {
            "file_path": "/data/shapenet_blender/all_50_random/02958343/7f6031f1738d52546436916a86a90ed7/r_12",
            "rotation": 0.12566370614359174,
            "transform_matrix": [
                [
                    0.3087213635444641,
                    0.5241410732269287,
                    0.7937047481536865,
                    3.199526071548462
                ],
                [
                    0.9511525630950928,
                    -0.17012366652488708,
                    -0.2576175630092621,
                    -1.038489580154419
                ],
                [
                    1.4901161193847656e-08,
                    0.834466278553009,
                    -0.5510589480400085,
                    -2.2213897705078125
                ],
                [
                    0.0,
                    0.0,
                    0.0,
                    1.0
                ]
            ]
        },
        {
            "file_path": "/data/shapenet_blender/all_50_random/02958343/7f6031f1738d52546436916a86a90ed7/r_13",
            "rotation": 0.12566370614359174,
            "transform_matrix": [
                [
                    0.6665115356445312,
                    -0.011618376709520817,
                    -0.7454041242599487,
                    -3.0048201084136963
                ],
                [
                    -0.7454946637153625,
                    -0.010387443006038666,
                    -0.666430652141571,
                    -2.6864678859710693
                ],
                [
                    -4.6566125955216364e-10,
                    0.9998785853385925,
                    -0.015584789216518402,
                    -0.0628242939710617
                ],
                [
                    0.0,
                    0.0,
                    0.0,
                    1.0
                ]
            ]
        },
        {
            "file_path": "/data/shapenet_blender/all_50_random/02958343/7f6031f1738d52546436916a86a90ed7/r_14",
            "rotation": 0.12566370614359174,
            "transform_matrix": [
                [
                    -0.6132828593254089,
                    -0.5360907912254333,
                    -0.5800781846046448,
                    -2.338369846343994
                ],
                [
                    -0.7898632287979126,
                    0.4162433445453644,
                    0.45039698481559753,
                    1.815608263015747
                ],
                [
                    0.0,
                    0.7344032526016235,
                    -0.6787133812904358,
                    -2.7359812259674072
                ],
                [
                    0.0,
                    0.0,
                    0.0,
                    1.0
                ]
            ]
        },
        {
            "file_path": "/data/shapenet_blender/all_50_random/02958343/7f6031f1738d52546436916a86a90ed7/r_15",
            "rotation": 0.12566370614359174,
            "transform_matrix": [
                [
                    -0.11110708862543106,
                    0.9849819540977478,
                    0.13215793669223785,
                    0.5327456593513489
                ],
                [
                    0.9938084483146667,
                    0.11012029647827148,
                    0.014775165356695652,
                    0.05956059694290161
                ],
                [
                    0.0,
                    0.13298141956329346,
                    -0.9911184906959534,
                    -3.995326519012451
                ],
                [
                    0.0,
                    0.0,
                    0.0,
                    1.0
                ]
            ]
        },
        {
            "file_path": "/data/shapenet_blender/all_50_random/02958343/7f6031f1738d52546436916a86a90ed7/r_16",
            "rotation": 0.12566370614359174,
            "transform_matrix": [
                [
                    0.26473185420036316,
                    0.10183947533369064,
                    -0.9589294195175171,
                    -3.8655683994293213
                ],
                [
                    -0.9643220901489258,
                    0.027957623824477196,
                    -0.2632514238357544,
                    -1.061200499534607
                ],
                [
                    -1.862645149230957e-09,
                    0.9944079518318176,
                    0.10560731589794159,
                    0.42571672797203064
                ],
                [
                    0.0,
                    0.0,
                    0.0,
                    1.0
                ]
            ]
        },
        {
            "file_path": "/data/shapenet_blender/all_50_random/02958343/7f6031f1738d52546436916a86a90ed7/r_17",
            "rotation": 0.12566370614359174,
            "transform_matrix": [
                [
                    -0.9748257398605347,
                    -0.01638795994222164,
                    -0.22236526012420654,
                    -0.8963831067085266
                ],
                [
                    -0.22296835482120514,
                    0.07164876908063889,
                    0.9721890091896057,
                    3.9190194606781006
                ],
                [
                    3.725290298461914e-09,
                    0.9972952604293823,
                    -0.07349904626607895,
                    -0.29628416895866394
                ],
                [
                    0.0,
                    0.0,
                    0.0,
                    1.0
                ]
            ]
        },
        {
            "file_path": "/data/shapenet_blender/all_50_random/02958343/7f6031f1738d52546436916a86a90ed7/r_18",
            "rotation": 0.12566370614359174,
            "transform_matrix": [
                [
                    0.420893132686615,
                    0.02432914450764656,
                    -0.9067838788032532,
                    -3.655362844467163
                ],
                [
                    -0.9071102738380432,
                    0.011288560926914215,
                    -0.4207416772842407,
                    -1.6960639953613281
                ],
                [
                    0.0,
                    0.9996402859687805,
                    0.02682049199938774,
                    0.10811686515808105
                ],
                [
                    0.0,
                    0.0,
                    0.0,
                    1.0
                ]
            ]
        },
        {
            "file_path": "/data/shapenet_blender/all_50_random/02958343/7f6031f1738d52546436916a86a90ed7/r_19",
            "rotation": 0.12566370614359174,
            "transform_matrix": [
                [
                    -0.6676288843154907,
                    -0.0014895556960254908,
                    0.744492769241333,
                    3.0011463165283203
                ],
                [
                    0.7444942593574524,
                    -0.001335766282863915,
                    0.6676275134086609,
                    2.6912925243377686
                ],
                [
                    0.0,
                    0.9999979734420776,
                    0.0020007616840302944,
                    0.008065328001976013
                ],
                [
                    0.0,
                    0.0,
                    0.0,
                    1.0
                ]
            ]
        },
        {
            "file_path": "/data/shapenet_blender/all_50_random/02958343/7f6031f1738d52546436916a86a90ed7/r_20",
            "rotation": 0.12566370614359174,
            "transform_matrix": [
                [
                    0.9747176170349121,
                    0.0016640153480693698,
                    -0.2234344184398651,
                    -0.9006929397583008
                ],
                [
                    -0.22344063222408295,
                    0.007258953060954809,
                    -0.9746904969215393,
                    -3.929103136062622
                ],
                [
                    0.0,
                    0.9999722838401794,
                    0.0074472371488809586,
                    0.03002077341079712
                ],
                [
                    0.0,
                    0.0,
                    0.0,
                    1.0
                ]
            ]
        },
        {
            "file_path": "/data/shapenet_blender/all_50_random/02958343/7f6031f1738d52546436916a86a90ed7/r_21",
            "rotation": 0.12566370614359174,
            "transform_matrix": [
                [
                    0.12581412494182587,
                    0.9445313811302185,
                    -0.30336666107177734,
                    -1.2229101657867432
                ],
                [
                    -0.9920538663864136,
                    0.11978723853826523,
                    -0.03847352787852287,
                    -0.15509174764156342
                ],
                [
                    0.0,
                    0.30579647421836853,
                    0.9520968198776245,
                    3.8380250930786133
                ],
                [
                    0.0,
                    0.0,
                    0.0,
                    1.0
                ]
            ]
        },
        {
            "file_path": "/data/shapenet_blender/all_50_random/02958343/7f6031f1738d52546436916a86a90ed7/r_22",
            "rotation": 0.12566370614359174,
            "transform_matrix": [
                [
                    0.4324761629104614,
                    0.18298795819282532,
                    0.8828815221786499,
                    3.559009313583374
                ],
                [
                    0.9016454219818115,
                    -0.08777056634426117,
                    -0.4234760105609894,
                    -1.707086443901062
                ],
                [
                    0.0,
                    0.979189395904541,
                    -0.2029489129781723,
                    -0.8181132078170776
                ],
                [
                    0.0,
                    0.0,
                    0.0,
                    1.0
                ]
            ]
        },
        {
            "file_path": "/data/shapenet_blender/all_50_random/02958343/7f6031f1738d52546436916a86a90ed7/r_23",
            "rotation": 0.12566370614359174,
            "transform_matrix": [
                [
                    0.2980560064315796,
                    -0.3477834165096283,
                    0.88893723487854,
                    3.5834202766418457
                ],
                [
                    0.9545484185218811,
                    0.10859474539756775,
                    -0.277569055557251,
                    -1.1189165115356445
                ],
                [
                    7.450580596923828e-09,
                    0.9312646389007568,
                    0.36434343457221985,
                    1.4687151908874512
                ],
                [
                    0.0,
                    0.0,
                    0.0,
                    1.0
                ]
            ]
        },
        {
            "file_path": "/data/shapenet_blender/all_50_random/02958343/7f6031f1738d52546436916a86a90ed7/r_24",
            "rotation": 0.12566370614359174,
            "transform_matrix": [
                [
                    -0.9905592203140259,
                    0.11183538287878036,
                    0.07927966117858887,
                    0.3195865750312805
                ],
                [
                    0.1370854377746582,
                    0.808106005191803,
                    0.5728631019592285,
                    2.3092851638793945
                ],
                [
                    0.0,
                    0.5783230662345886,
                    -0.8158078789710999,
                    -3.2886269092559814
                ],
                [
                    0.0,
                    0.0,
                    0.0,
                    1.0
                ]
            ]
        },
        {
            "file_path": "/data/shapenet_blender/all_50_random/02958343/7f6031f1738d52546436916a86a90ed7/r_25",
            "rotation": 0.12566370614359174,
            "transform_matrix": [
                [
                    -0.9005042314529419,
                    -0.30317223072052,
                    0.311735063791275,
                    1.2566442489624023
                ],
                [
                    0.43484726548194885,
                    -0.6278247833251953,
                    0.6455571055412292,
                    2.6023240089416504
                ],
                [
                    1.4901161193847656e-08,
                    0.7168840169906616,
                    0.6971924304962158,
                    2.8104724884033203
                ],
                [
                    0.0,
                    0.0,
                    0.0,
                    1.0
                ]
            ]
        },
        {
            "file_path": "/data/shapenet_blender/all_50_random/02958343/7f6031f1738d52546436916a86a90ed7/r_26",
            "rotation": 0.12566370614359174,
            "transform_matrix": [
                [
                    -0.8990839123725891,
                    -0.16477128863334656,
                    -0.4055842161178589,
                    -1.6349623203277588
                ],
                [
                    -0.4377763271331787,
                    0.33839932084083557,
                    0.8329692482948303,
                    3.357806444168091
                ],
                [
                    1.4901160305669237e-08,
                    0.9264644384384155,
                    -0.37638235092163086,
                    -1.5172457695007324
                ],
                [
                    0.0,
                    0.0,
                    0.0,
                    1.0
                ]
            ]
        },
        {
            "file_path": "/data/shapenet_blender/all_50_random/02958343/7f6031f1738d52546436916a86a90ed7/r_27",
            "rotation": 0.12566370614359174,
            "transform_matrix": [
                [
                    -0.4140835702419281,
                    -0.4452587068080902,
                    -0.7939014434814453,
                    -3.2003190517425537
                ],
                [
                    -0.9102389216423035,
                    0.20255595445632935,
                    0.36115962266921997,
                    1.4558809995651245
                ],
                [
                    -1.4901161193847656e-08,
                    0.8721901774406433,
                    -0.48916682600975037,
                    -1.9718945026397705
                ],
                [
                    0.0,
                    0.0,
                    0.0,
                    1.0
                ]
            ]
        },
        {
            "file_path": "/data/shapenet_blender/all_50_random/02958343/7f6031f1738d52546436916a86a90ed7/r_28",
            "rotation": 0.12566370614359174,
            "transform_matrix": [
                [
                    0.6265951991081238,
                    -0.0001965021074283868,
                    -0.7793448567390442,
                    -3.1416397094726562
                ],
                [
                    -0.7793450355529785,
                    -0.0001579881354700774,
                    -0.6265950798988342,
                    -2.525885581970215
                ],
                [
                    0.0,
                    1.0,
                    -0.0002521374844945967,
                    -0.0010163986589759588
                ],
                [
                    0.0,
                    0.0,
                    0.0,
                    1.0
                ]
            ]
        },
        {
            "file_path": "/data/shapenet_blender/all_50_random/02958343/7f6031f1738d52546436916a86a90ed7/r_29",
            "rotation": 0.12566370614359174,
            "transform_matrix": [
                [
                    0.6883829236030579,
                    -0.21293269097805023,
                    0.6933891773223877,
                    2.7951414585113525
                ],
                [
                    0.7253475189208984,
                    0.20208138227462769,
                    -0.6580532193183899,
                    -2.6526975631713867
                ],
                [
                    0.0,
                    0.9559407234191895,
                    0.29355955123901367,
                    1.1833765506744385
                ],
                [
                    0.0,
                    0.0,
                    0.0,
                    1.0
                ]
            ]
        },
        {
            "file_path": "/data/shapenet_blender/all_50_random/02958343/7f6031f1738d52546436916a86a90ed7/r_30",
            "rotation": 0.12566370614359174,
            "transform_matrix": [
                [
                    0.6900256276130676,
                    -0.4017086625099182,
                    0.6020753383636475,
                    2.4270434379577637
                ],
                [
                    0.7237849831581116,
                    0.382971853017807,
                    -0.573992908000946,
                    -2.3138394355773926
                ],
                [
                    1.4901162970204496e-08,
                    0.8318427801132202,
                    0.5550111532211304,
                    2.237321615219116
                ],
                [
                    0.0,
                    0.0,
                    0.0,
                    1.0
                ]
            ]
        },
        {
            "file_path": "/data/shapenet_blender/all_50_random/02958343/7f6031f1738d52546436916a86a90ed7/r_31",
            "rotation": 0.12566370614359174,
            "transform_matrix": [
                [
                    -0.6353683471679688,
                    -0.4427981972694397,
                    -0.6326426267623901,
                    -2.550264358520508
                ],
                [
                    -0.7722092270851135,
                    0.3643312454223633,
                    0.5205339193344116,
                    2.098339557647705
                ],
                [
                    0.0,
                    0.8192634582519531,
                    -0.5734173059463501,
                    -2.3115193843841553
                ],
                [
                    0.0,
                    0.0,
                    0.0,
                    1.0
                ]
            ]
        },
        {
            "file_path": "/data/shapenet_blender/all_50_random/02958343/7f6031f1738d52546436916a86a90ed7/r_32",
            "rotation": 0.12566370614359174,
            "transform_matrix": [
                [
                    -0.5377692580223083,
                    0.8420408368110657,
                    0.04208769276738167,
                    0.16966091096401215
                ],
                [
                    0.8430919647216797,
                    0.53709876537323,
                    0.026845786720514297,
                    0.10821881890296936
                ],
                [
                    0.0,
                    0.04992063716053963,
                    -0.9987531900405884,
                    -4.026102542877197
                ],
                [
                    0.0,
                    0.0,
                    0.0,
                    1.0
                ]
            ]
        },
        {
            "file_path": "/data/shapenet_blender/all_50_random/02958343/7f6031f1738d52546436916a86a90ed7/r_33",
            "rotation": 0.12566370614359174,
            "transform_matrix": [
                [
                    -0.30067673325538635,
                    0.054274994879961014,
                    0.9521804451942444,
                    3.838362455368042
                ],
                [
                    0.9537261724472046,
                    0.017111020162701607,
                    0.30018940567970276,
                    1.2101023197174072
                ],
                [
                    0.0,
                    0.9983794689178467,
                    -0.05690835788846016,
                    -0.22940494120121002
                ],
                [
                    0.0,
                    0.0,
                    0.0,
                    1.0
                ]
            ]
        },
        {
            "file_path": "/data/shapenet_blender/all_50_random/02958343/7f6031f1738d52546436916a86a90ed7/r_34",
            "rotation": 0.12566370614359174,
            "transform_matrix": [
                [
                    -0.7137160897254944,
                    0.11741714924573898,
                    0.6905233263969421,
                    2.7835886478424072
                ],
                [
                    0.7004350423812866,
                    0.11964351683855057,
                    0.7036164402961731,
                    2.8363685607910156
                ],
                [
                    0.0,
                    0.9858490824699402,
                    -0.16763460636138916,
                    -0.6757566928863525
                ],
                [
                    0.0,
                    0.0,
                    0.0,
                    1.0
                ]
            ]
        },
        {
            "file_path": "/data/shapenet_blender/all_50_random/02958343/7f6031f1738d52546436916a86a90ed7/r_35",
            "rotation": 0.12566370614359174,
            "transform_matrix": [
                [
                    0.9468778371810913,
                    0.11983916163444519,
                    -0.29843100905418396,
                    -1.2030138969421387
                ],
                [
                    -0.32159367203712463,
                    0.3528459966182709,
                    -0.8786792755126953,
                    -3.542069435119629
                ],
                [
                    0.0,
                    0.9279753565788269,
                    0.37264153361320496,
                    1.5021660327911377
                ],
                [
                    0.0,
                    0.0,
                    0.0,
                    1.0
                ]
            ]
        },
        {
            "file_path": "/data/shapenet_blender/all_50_random/02958343/7f6031f1738d52546436916a86a90ed7/r_36",
            "rotation": 0.12566370614359174,
            "transform_matrix": [
                [
                    -0.6172796487808228,
                    0.17472679913043976,
                    -0.7670961022377014,
                    -3.0922632217407227
                ],
                [
                    -0.7867438793182373,
                    -0.13709072768688202,
                    0.6018639802932739,
                    2.4261913299560547
                ],
                [
                    7.450580596923828e-09,
                    0.9750264883041382,
                    0.2220885455608368,
                    0.8952675461769104
                ],
                [
                    0.0,
                    0.0,
                    0.0,
                    1.0
                ]
            ]
        },
        {
            "file_path": "/data/shapenet_blender/all_50_random/02958343/7f6031f1738d52546436916a86a90ed7/r_37",
            "rotation": 0.12566370614359174,
            "transform_matrix": [
                [
                    -0.8174390196800232,
                    -0.491653174161911,
                    -0.30011752247810364,
                    -1.2098122835159302
                ],
                [
                    -0.5760151147842407,
                    0.6977186799049377,
                    0.42590510845184326,
                    1.7168781757354736
                ],
                [
                    0.0,
                    0.5210236310958862,
                    -0.8535423278808594,
                    -3.4407386779785156
                ],
                [
                    0.0,
                    0.0,
                    0.0,
                    1.0
                ]
            ]
        },
        {
            "file_path": "/data/shapenet_blender/all_50_random/02958343/7f6031f1738d52546436916a86a90ed7/r_38",
            "rotation": 0.12566370614359174,
            "transform_matrix": [
                [
                    0.9401689171791077,
                    0.12005901336669922,
                    0.3188547194004059,
                    1.2853446006774902
                ],
                [
                    0.34070885181427,
                    -0.33129677176475525,
                    -0.8798635005950928,
                    -3.5468435287475586
                ],
                [
                    0.0,
                    0.935856819152832,
                    -0.35238009691238403,
                    -1.4204896688461304
                ],
                [
                    0.0,
                    0.0,
                    0.0,
                    1.0
                ]
            ]
        },
        {
            "file_path": "/data/shapenet_blender/all_50_random/02958343/7f6031f1738d52546436916a86a90ed7/r_39",
            "rotation": 0.12566370614359174,
            "transform_matrix": [
                [
                    -0.13569478690624237,
                    -0.5505355596542358,
                    -0.8237096071243286,
                    -3.32047963142395
                ],
                [
                    -0.9907507300376892,
                    0.07540222257375717,
                    0.11281657218933105,
                    0.45477813482284546
                ],
                [
                    0.0,
                    0.8313994407653809,
                    -0.555675208568573,
                    -2.2399983406066895
                ],
                [
                    0.0,
                    0.0,
                    0.0,
                    1.0
                ]
            ]
        },
        {
            "file_path": "/data/shapenet_blender/all_50_random/02958343/7f6031f1738d52546436916a86a90ed7/r_40",
            "rotation": 0.12566370614359174,
            "transform_matrix": [
                [
                    0.13592728972434998,
                    0.6402761936187744,
                    -0.756022572517395,
                    -3.0476245880126953
                ],
                [
                    -0.9907188415527344,
                    0.08784632384777069,
                    -0.10372679680585861,
                    -0.4181360900402069
                ],
                [
                    7.450580596923828e-09,
                    0.7631051540374756,
                    0.6462743878364563,
                    2.605215311050415
                ],
                [
                    0.0,
                    0.0,
                    0.0,
                    1.0
                ]
            ]
        },
        {
            "file_path": "/data/shapenet_blender/all_50_random/02958343/7f6031f1738d52546436916a86a90ed7/r_41",
            "rotation": 0.12566370614359174,
            "transform_matrix": [
                [
                    -0.8842893242835999,
                    -0.2881121039390564,
                    0.3674556612968445,
                    1.4812612533569336
                ],
                [
                    0.466939240694046,
                    -0.5456265211105347,
                    0.6958873271942139,
                    2.8052117824554443
                ],
                [
                    -1.4901160305669237e-08,
