{
    "class": "02958343",
    "model": "db392da8d05ec4d4f6d01abc93dc7d8d",
    "remove_doubles": true,
    "edge_split": true,
    "denoise": true,
    "camera_angle_x": 0.6911112070083618,
    "scale_factor": 2.3360938068064017,
    "hdri_file": "/data/IndoorHDRDataset2018/AG8A7632-f437b72ec9.exr",
    "center_offset": [
        0.0,
        0.0,
        0.0
    ],
    "lights": [],
    "frames": [
        {
            "file_path": "/data/shapenet_blender/all_50_random/02958343/db392da8d05ec4d4f6d01abc93dc7d8d/r_0",
            "rotation": 0.12566370614359174,
            "transform_matrix": [
                [
                    0.9392998218536377,
                    -0.0965137779712677,
                    -0.329243004322052,
                    -1.3272210359573364
                ],
                [
                    -0.3430974781513214,
                    -0.2642262876033783,
                    -0.9013703465461731,
                    -3.633540153503418
                ],
                [
                    0.0,
                    0.9596193432807922,
                    -0.281301349401474,
                    -1.1339620351791382
                ],
                [
                    0.0,
                    0.0,
                    0.0,
                    1.0
                ]
            ]
        },
        {
            "file_path": "/data/shapenet_blender/all_50_random/02958343/db392da8d05ec4d4f6d01abc93dc7d8d/r_1",
            "rotation": 0.12566370614359174,
            "transform_matrix": [
                [
                    0.2964305281639099,
                    -0.23993182182312012,
                    0.9244250059127808,
                    3.7264764308929443
                ],
                [
                    0.9550544023513794,
                    0.07447022944688797,
                    -0.28692376613616943,
                    -1.1566267013549805
                ],
                [
                    -7.450580596923828e-09,
                    0.9679290652275085,
                    0.25122320652008057,
                    1.0127131938934326
                ],
                [
                    0.0,
                    0.0,
                    0.0,
                    1.0
                ]
            ]
        },
        {
            "file_path": "/data/shapenet_blender/all_50_random/02958343/db392da8d05ec4d4f6d01abc93dc7d8d/r_2",
            "rotation": 0.12566370614359174,
            "transform_matrix": [
                [
                    0.9261497259140015,
                    0.1442810297012329,
                    0.34846752882003784,
                    1.4047176837921143
                ],
                [
                    0.37715598940849304,
                    -0.35429859161376953,
                    -0.8557018637657166,
                    -3.4494447708129883
                ],
                [
                    7.450580596923828e-09,
                    0.9239346981048584,
                    -0.3825500011444092,
                    -1.5421085357666016
                ],
                [
                    0.0,
                    0.0,
                    0.0,
                    1.0
                ]
            ]
        },
        {
            "file_path": "/data/shapenet_blender/all_50_random/02958343/db392da8d05ec4d4f6d01abc93dc7d8d/r_3",
            "rotation": 0.12566370614359174,
            "transform_matrix": [
                [
                    0.20294375717639923,
                    0.07554203271865845,
                    -0.9762720465660095,
                    -3.935478687286377
                ],
                [
                    -0.9791904091835022,
                    0.015656592324376106,
                    -0.20233890414237976,
                    -0.8156542778015137
                ],
                [
                    9.313225746154785e-10,
                    0.9970197081565857,
                    0.07714743912220001,
                    0.3109913170337677
                ],
                [
                    0.0,
                    0.0,
                    0.0,
                    1.0
                ]
            ]
        },
        {
            "file_path": "/data/shapenet_blender/all_50_random/02958343/db392da8d05ec4d4f6d01abc93dc7d8d/r_4",
            "rotation": 0.12566370614359174,
            "transform_matrix": [
                [
                    -0.7546413540840149,
                    0.6322569847106934,
                    -0.17540667951107025,
                    -0.707086980342865
                ],
                [
                    -0.6561375260353088,
                    -0.7271757125854492,
                    0.20173990726470947,
                    0.8132396340370178
                ],
                [
                    -1.4901161193847656e-08,
                    0.26733195781707764,
                    0.9636043906211853,
                    3.884413719177246
                ],
                [
                    0.0,
                    0.0,
                    0.0,
                    1.0
                ]
            ]
        },
        {
            "file_path": "/data/shapenet_blender/all_50_random/02958343/db392da8d05ec4d4f6d01abc93dc7d8d/r_5",
            "rotation": 0.12566370614359174,
            "transform_matrix": [
                [
                    0.43627259135246277,
                    0.2192024141550064,
                    0.8727064728736877,
                    3.5179922580718994
                ],
                [
                    0.8998146057128906,
                    -0.10627967119216919,
                    -0.42312929034233093,
                    -1.705688714981079
                ],
                [
                    0.0,
                    0.9698735475540161,
                    -0.2436084747314453,
                    -0.9820171594619751
                ],
                [
                    0.0,
                    0.0,
                    0.0,
                    1.0
                ]
            ]
        },
        {
            "file_path": "/data/shapenet_blender/all_50_random/02958343/db392da8d05ec4d4f6d01abc93dc7d8d/r_6",
            "rotation": 0.12566370614359174,
            "transform_matrix": [
                [
                    0.9947590231895447,
                    0.002062874147668481,
                    0.10222568362951279,
                    0.4120848774909973
                ],
                [
                    0.1022464856505394,
                    -0.02006976120173931,
                    -0.9945566058158875,
                    -4.009185791015625
                ],
                [
                    0.0,
                    0.9997965097427368,
                    -0.020175497978925705,
                    -0.08133003115653992
                ],
                [
                    0.0,
                    0.0,
                    0.0,
                    1.0
                ]
            ]
        },
        {
            "file_path": "/data/shapenet_blender/all_50_random/02958343/db392da8d05ec4d4f6d01abc93dc7d8d/r_7",
            "rotation": 0.12566370614359174,
            "transform_matrix": [
                [
                    0.9495297074317932,
                    0.14581723511219025,
                    0.27772411704063416,
                    1.119541883468628
                ],
                [
                    0.31367719173431396,
                    -0.4414021670818329,
                    -0.8406964540481567,
                    -3.388956069946289
                ],
                [
                    0.0,
                    0.8853820562362671,
                    -0.46486398577690125,
                    -1.8739267587661743
                ],
                [
                    0.0,
                    0.0,
                    0.0,
                    1.0
                ]
            ]
        },
        {
            "file_path": "/data/shapenet_blender/all_50_random/02958343/db392da8d05ec4d4f6d01abc93dc7d8d/r_8",
            "rotation": 0.12566370614359174,
            "transform_matrix": [
                [
                    0.9567769169807434,
                    -0.11220178008079529,
                    -0.2683069109916687,
                    -1.0815798044204712
                ],
                [
                    -0.2908226549625397,
                    -0.3691323697566986,
                    -0.8827023506164551,
                    -3.5582869052886963
                ],
                [
                    7.450580152834618e-09,
                    0.9225790500640869,
                    -0.38580819964408875,
                    -1.555242657661438
                ],
                [
                    0.0,
                    0.0,
                    0.0,
                    1.0
                ]
            ]
        },
        {
            "file_path": "/data/shapenet_blender/all_50_random/02958343/db392da8d05ec4d4f6d01abc93dc7d8d/r_9",
            "rotation": 0.12566370614359174,
            "transform_matrix": [
                [
                    -0.961622953414917,
                    0.07913491874933243,
                    0.262714684009552,
                    1.0590368509292603
                ],
                [
                    0.27437448501586914,
                    0.27735069394111633,
                    0.9207578897476196,
                    3.7116940021514893
                ],
                [
                    0.0,
                    0.9575040936470032,
                    -0.2884193956851959,
                    -1.1626559495925903
                ],
                [
                    0.0,
                    0.0,
                    0.0,
                    1.0
                ]
            ]
        },
        {
            "file_path": "/data/shapenet_blender/all_50_random/02958343/db392da8d05ec4d4f6d01abc93dc7d8d/r_10",
            "rotation": 0.12566370614359174,
            "transform_matrix": [
                [
                    -0.969603955745697,
                    0.031117767095565796,
                    -0.2426929622888565,
                    -0.978326678276062
                ],
                [
                    -0.244679793715477,
                    -0.12331181764602661,
                    0.9617306590080261,
                    3.8768606185913086
                ],
                [
                    0.0,
                    0.9918800592422485,
                    0.12717749178409576,
                    0.5126689076423645
                ],
                [
                    0.0,
                    0.0,
                    0.0,
                    1.0
                ]
            ]
        },
        {
            "file_path": "/data/shapenet_blender/all_50_random/02958343/db392da8d05ec4d4f6d01abc93dc7d8d/r_11",
            "rotation": 0.12566370614359174,
            "transform_matrix": [
                [
                    0.9358656406402588,
                    -0.2185644805431366,
                    0.2763785719871521,
                    1.1141176223754883
                ],
                [
                    0.3523571491241455,
                    0.5805104374885559,
                    -0.7340654730796814,
                    -2.9591126441955566
                ],
                [
                    0.0,
                    0.7843706011772156,
                    0.6202924847602844,
                    2.500478982925415
                ],
                [
                    0.0,
                    0.0,
                    0.0,
                    1.0
                ]
            ]
        },
        {
            "file_path": "/data/shapenet_blender/all_50_random/02958343/db392da8d05ec4d4f6d01abc93dc7d8d/r_12",
            "rotation": 0.12566370614359174,
            "transform_matrix": [
                [
                    -0.3918969929218292,
                    0.10870055109262466,
                    -0.9135649800300598,
                    -3.6826982498168945
                ],
                [
                    -0.9200091361999512,
                    -0.04630324989557266,
                    0.389151930809021,
                    1.5687216520309448
                ],
                [
                    0.0,
                    0.99299556016922,
                    0.11815159767866135,
                    0.47628432512283325
                ],
                [
                    0.0,
                    0.0,
                    0.0,
                    1.0
                ]
            ]
        },
        {
            "file_path": "/data/shapenet_blender/all_50_random/02958343/db392da8d05ec4d4f6d01abc93dc7d8d/r_13",
            "rotation": 0.12566370614359174,
            "transform_matrix": [
                [
                    0.11607136577367783,
                    0.3210065960884094,
                    0.9399373531341553,
                    3.789008617401123
                ],
                [
                    0.9932408928871155,
                    -0.03751322999596596,
                    -0.10984224826097488,
                    -0.4427882730960846
                ],
                [
                    0.0,
                    0.9463337063789368,
                    -0.3231910467147827,
                    -1.3028247356414795
                ],
                [
                    0.0,
                    0.0,
                    0.0,
                    1.0
                ]
            ]
        },
        {
            "file_path": "/data/shapenet_blender/all_50_random/02958343/db392da8d05ec4d4f6d01abc93dc7d8d/r_14",
            "rotation": 0.12566370614359174,
            "transform_matrix": [
                [
                    -0.7255300283432007,
                    -0.6720433831214905,
                    -0.14820215106010437,
                    -0.5974220037460327
                ],
                [
                    -0.6881904006004333,
                    0.7085068821907043,
                    0.1562432497739792,
                    0.6298366785049438
                ],
                [
                    7.450580152834618e-09,
                    0.21535040438175201,
                    -0.9765368103981018,
                    -3.9365458488464355
                ],
                [
                    0.0,
                    0.0,
                    0.0,
                    1.0
                ]
            ]
        },
        {
            "file_path": "/data/shapenet_blender/all_50_random/02958343/db392da8d05ec4d4f6d01abc93dc7d8d/r_15",
            "rotation": 0.12566370614359174,
            "transform_matrix": [
                [
                    0.7202818393707275,
                    0.3971095681190491,
                    -0.5687687993049622,
                    -2.2927803993225098
                ],
                [
                    -0.6936814785003662,
                    0.41233742237091064,
                    -0.5905792117118835,
                    -2.3807010650634766
                ],
                [
                    1.4901161193847656e-08,
                    0.8199278712272644,
                    0.5724667310714722,
                    2.307687282562256
                ],
                [
                    0.0,
                    0.0,
                    0.0,
                    1.0
                ]
            ]
        },
        {
            "file_path": "/data/shapenet_blender/all_50_random/02958343/db392da8d05ec4d4f6d01abc93dc7d8d/r_16",
            "rotation": 0.12566370614359174,
            "transform_matrix": [
                [
                    -0.9991457462310791,
                    0.006775306537747383,
                    -0.04076605290174484,
                    -0.16433322429656982
                ],
                [
                    -0.041325248777866364,
                    -0.16381071507930756,
                    0.9856258034706116,
                    3.973184823989868
                ],
                [
                    0.0,
                    0.9864684343338013,
                    0.16395078599452972,
                    0.6609067916870117
                ],
                [
                    0.0,
                    0.0,
                    0.0,
                    1.0
                ]
            ]
        },
        {
            "file_path": "/data/shapenet_blender/all_50_random/02958343/db392da8d05ec4d4f6d01abc93dc7d8d/r_17",
            "rotation": 0.12566370614359174,
            "transform_matrix": [
                [
                    -0.8148967027664185,
                    0.48868778347969055,
                    0.3116532266139984,
                    1.2563145160675049
                ],
                [
                    0.5796063542366028,
                    0.687069833278656,
                    0.43816834688186646,
                    1.7663131952285767
                ],
                [
                    -2.980232594040899e-08,
                    0.537697970867157,
                    -0.8431373238563538,
                    -3.3987956047058105
                ],
                [
                    0.0,
                    0.0,
                    0.0,
                    1.0
                ]
            ]
        },
        {
            "file_path": "/data/shapenet_blender/all_50_random/02958343/db392da8d05ec4d4f6d01abc93dc7d8d/r_18",
            "rotation": 0.12566370614359174,
            "transform_matrix": [
                [
                    -0.14756013453006744,
                    0.19724513590335846,
                    0.9691853523254395,
                    3.9069113731384277
                ],
                [
                    0.9890531301498413,
                    0.0294276624917984,
                    0.14459599554538727,
                    0.5828851461410522
                ],
                [
                    -1.862645149230957e-09,
                    0.9799124002456665,
                    -0.1994282603263855,
                    -0.803921103477478
                ],
                [
                    0.0,
                    0.0,
                    0.0,
                    1.0
                ]
            ]
        },
        {
            "file_path": "/data/shapenet_blender/all_50_random/02958343/db392da8d05ec4d4f6d01abc93dc7d8d/r_19",
            "rotation": 0.12566370614359174,
            "transform_matrix": [
                [
                    -0.7697136998176575,
                    0.3282373547554016,
                    0.5475409626960754,
                    2.2072081565856934
                ],
                [
                    0.6383892893791199,
                    0.3957597613334656,
                    0.6601768136024475,
                    2.661257743835449
                ],
                [
                    1.4901161193847656e-08,
                    0.8576913475990295,
                    -0.514164924621582,
                    -2.072665214538574
                ],
                [
                    0.0,
                    0.0,
                    0.0,
                    1.0
                ]
            ]
        },
        {
            "file_path": "/data/shapenet_blender/all_50_random/02958343/db392da8d05ec4d4f6d01abc93dc7d8d/r_20",
            "rotation": 0.12566370614359174,
            "transform_matrix": [
                [
                    -0.9384442567825317,
                    0.12030508369207382,
                    -0.32380422949790955,
                    -1.305296540260315
                ],
                [
                    -0.3454309105873108,
                    -0.32683703303337097,
                    0.8796902894973755,
                    3.546144962310791
                ],
                [
                    7.450581485102248e-09,
                    0.9373920559883118,
                    0.34827545285224915,
                    1.4039433002471924
                ],
                [
                    0.0,
                    0.0,
                    0.0,
                    1.0
                ]
            ]
        },
        {
            "file_path": "/data/shapenet_blender/all_50_random/02958343/db392da8d05ec4d4f6d01abc93dc7d8d/r_21",
            "rotation": 0.12566370614359174,
            "transform_matrix": [
                [
                    0.9854691028594971,
                    -0.02555854618549347,
                    -0.16792087256908417,
                    -0.6769107580184937
                ],
                [
                    -0.16985484957695007,
                    -0.148286372423172,
                    -0.9742485880851746,
                    -3.9273219108581543
                ],
                [
                    0.0,
                    0.9886142015457153,
                    -0.15047284960746765,
                    -0.6065754890441895
                ],
                [
                    0.0,
                    0.0,
                    0.0,
                    1.0
                ]
            ]
        },
        {
            "file_path": "/data/shapenet_blender/all_50_random/02958343/db392da8d05ec4d4f6d01abc93dc7d8d/r_22",
            "rotation": 0.12566370614359174,
            "transform_matrix": [
                [
                    0.9332078695297241,
                    0.2878630757331848,
                    -0.21507656574249268,
                    -0.8670014142990112
                ],
                [
                    -0.3593370318412781,
                    0.747588038444519,
                    -0.5585595369338989,
                    -2.2516257762908936
                ],
                [
                    -1.4901161193847656e-08,
                    0.5985371470451355,
                    0.8010949492454529,
                    3.2293171882629395
                ],
                [
                    0.0,
                    0.0,
                    0.0,
                    1.0
                ]
            ]
        },
        {
            "file_path": "/data/shapenet_blender/all_50_random/02958343/db392da8d05ec4d4f6d01abc93dc7d8d/r_23",
            "rotation": 0.12566370614359174,
            "transform_matrix": [
                [
                    0.9448742270469666,
                    -0.04101848974823952,
                    0.3248542547225952,
                    1.309529423713684
                ],
                [
                    0.32743367552757263,
                    0.11836691200733185,
                    -0.937430739402771,
                    -3.7789041996002197
                ],
                [
                    0.0,
                    0.992122232913971,
                    0.12527267634868622,
                    0.5049903392791748
                ],
                [
                    0.0,
                    0.0,
                    0.0,
                    1.0
                ]
            ]
        },
        {
            "file_path": "/data/shapenet_blender/all_50_random/02958343/db392da8d05ec4d4f6d01abc93dc7d8d/r_24",
            "rotation": 0.12566370614359174,
            "transform_matrix": [
                [
                    -0.939130961894989,
                    -0.12225810438394547,
                    -0.3210699260234833,
                    -1.2942743301391602
                ],
                [
                    -0.3435591757297516,
                    0.33419671654701233,
                    0.8776557445526123,
                    3.5379433631896973
                ],
                [
                    -7.450580152834618e-09,
                    0.9345402121543884,
                    -0.35585740208625793,
                    -1.434507131576538
                ],
                [
                    0.0,
                    0.0,
                    0.0,
                    1.0
                ]
            ]
        },
        {
            "file_path": "/data/shapenet_blender/all_50_random/02958343/db392da8d05ec4d4f6d01abc93dc7d8d/r_25",
            "rotation": 0.12566370614359174,
            "transform_matrix": [
                [
                    -0.27272748947143555,
                    -0.5496820211410522,
                    -0.789600670337677,
                    -3.1829824447631836
                ],
                [
                    -0.9620912671089172,
                    0.15582036972045898,
                    0.2238309681415558,
                    0.9022915363311768
                ],
                [
                    1.4901160305669237e-08,
                    0.8207128047943115,
                    -0.571340799331665,
                    -2.3031487464904785
                ],
                [
                    0.0,
                    0.0,
                    0.0,
                    1.0
                ]
            ]
        },
        {
            "file_path": "/data/shapenet_blender/all_50_random/02958343/db392da8d05ec4d4f6d01abc93dc7d8d/r_26",
            "rotation": 0.12566370614359174,
            "transform_matrix": [
                [
                    0.027549002319574356,
                    0.9561607241630554,
                    0.2915436029434204,
                    1.1752498149871826
                ],
                [
                    0.9996204376220703,
                    -0.02635127492249012,
                    -0.008034784346818924,
                    -0.03238925337791443
                ],
                [
                    4.656612873077393e-10,
                    0.29165419936180115,
                    -0.9565237760543823,
                    -3.8558707237243652
                ],
                [
                    0.0,
                    0.0,
                    0.0,
                    1.0
                ]
            ]
        },
        {
            "file_path": "/data/shapenet_blender/all_50_random/02958343/db392da8d05ec4d4f6d01abc93dc7d8d/r_27",
            "rotation": 0.12566370614359174,
            "transform_matrix": [
                [
                    -0.17777198553085327,
                    -0.618651807308197,
                    -0.7652888298034668,
                    -3.0849781036376953
                ],
                [
                    -0.9840716123580933,
                    0.11175909638404846,
                    0.1382489949464798,
                    0.5572996139526367
                ],
                [
                    -7.4505792646561986e-09,
                    0.7776758670806885,
                    -0.6286653280258179,
                    -2.534231185913086
                ],
                [
                    0.0,
                    0.0,
                    0.0,
                    1.0
                ]
            ]
        },
        {
            "file_path": "/data/shapenet_blender/all_50_random/02958343/db392da8d05ec4d4f6d01abc93dc7d8d/r_28",
            "rotation": 0.12566370614359174,
            "transform_matrix": [
                [
                    0.12663789093494415,
                    -0.10085684061050415,
                    0.9868082404136658,
                    3.9779515266418457
                ],
                [
                    0.9919490218162537,
                    0.012875961139798164,
                    -0.12598158419132233,
                    -0.5078480839729309
                ],
                [
                    9.31322685637781e-10,
                    0.9948174953460693,
                    0.10167542099952698,
                    0.4098667502403259
                ],
                [
                    0.0,
                    0.0,
                    0.0,
                    1.0
                ]
            ]
        },
        {
            "file_path": "/data/shapenet_blender/all_50_random/02958343/db392da8d05ec4d4f6d01abc93dc7d8d/r_29",
            "rotation": 0.12566370614359174,
            "transform_matrix": [
                [
                    -0.9250195026397705,
                    0.0950474888086319,
                    -0.36783820390701294,
                    -1.482803225517273
                ],
                [
                    -0.37991970777511597,
                    -0.2314193695783615,
                    0.8956037163734436,
                    3.6102941036224365
                ],
                [
                    0.0,
                    0.9681998491287231,
                    0.2501778304576874,
                    1.0084991455078125
                ],
                [
                    0.0,
                    0.0,
                    0.0,
                    1.0
                ]
            ]
        },
        {
            "file_path": "/data/shapenet_blender/all_50_random/02958343/db392da8d05ec4d4f6d01abc93dc7d8d/r_30",
            "rotation": 0.12566370614359174,
            "transform_matrix": [
                [
                    -0.9736625552177429,
                    -0.06223590672016144,
                    0.21933512389659882,
                    0.8841681480407715
                ],
                [
                    0.22799387574195862,
                    -0.2657824456691742,
                    0.936684787273407,
                    3.775897264480591
                ],
                [
                    3.725290298461914e-09,
                    0.9620219469070435,
                    0.27297183871269226,
                    1.1003847122192383
                ],
                [
                    0.0,
                    0.0,
                    0.0,
                    1.0
                ]
            ]
        },
        {
            "file_path": "/data/shapenet_blender/all_50_random/02958343/db392da8d05ec4d4f6d01abc93dc7d8d/r_31",
            "rotation": 0.12566370614359174,
            "transform_matrix": [
                [
                    -0.9750549793243408,
                    0.21403256058692932,
                    0.058804746717214584,
                    0.23704952001571655
                ],
                [
                    0.22196385264396667,
                    0.9402139782905579,
                    0.25832071900367737,
                    1.0413241386413574
                ],
                [
                    0.0,
                    0.26492929458618164,
                    -0.9642677903175354,
                    -3.887087821960449
                ],
                [
                    0.0,
                    0.0,
                    0.0,
                    1.0
                ]
            ]
        },
        {
            "file_path": "/data/shapenet_blender/all_50_random/02958343/db392da8d05ec4d4f6d01abc93dc7d8d/r_32",
            "rotation": 0.12566370614359174,
            "transform_matrix": [
                [
                    -0.6939499378204346,
                    0.6767407059669495,
                    0.24587689340114594,
                    0.9911613464355469
                ],
                [
                    0.7200232744216919,
                    0.6522347331047058,
                    0.23697325587272644,
                    0.9552696347236633
                ],
                [
                    -1.4901159417490817e-08,
                    0.3414846956729889,
                    -0.9398874044418335,
                    -3.788806915283203
                ],
                [
                    0.0,
                    0.0,
                    0.0,
                    1.0
                ]
            ]
        },
        {
            "file_path": "/data/shapenet_blender/all_50_random/02958343/db392da8d05ec4d4f6d01abc93dc7d8d/r_33",
            "rotation": 0.12566370614359174,
            "transform_matrix": [
                [
                    0.9264647960662842,
                    -0.16057747602462769,
                    -0.3404085338115692,
                    -1.3722307682037354
                ],
                [
                    -0.37638166546821594,
                    -0.3952620327472687,
                    -0.8379168510437012,
                    -3.377751111984253
                ],
                [
                    0.0,
                    0.9044240117073059,
                    -0.4266347587108612,
                    -1.7198197841644287
                ],
                [
                    0.0,
                    0.0,
                    0.0,
                    1.0
                ]
            ]
        },
        {
            "file_path": "/data/shapenet_blender/all_50_random/02958343/db392da8d05ec4d4f6d01abc93dc7d8d/r_34",
            "rotation": 0.12566370614359174,
            "transform_matrix": [
                [
                    -0.9397979378700256,
                    0.013496221974492073,
                    0.34146401286125183,
                    1.3764854669570923
                ],
                [
                    0.34173062443733215,
                    0.03711614012718201,
                    0.9390647411346436,
                    3.7854909896850586
                ],
                [
                    0.0,
                    0.9992198944091797,
                    -0.03949374333024025,
                    -0.1592043787240982
                ],
                [
                    0.0,
                    0.0,
                    0.0,
                    1.0
                ]
            ]
        },
        {
            "file_path": "/data/shapenet_blender/all_50_random/02958343/db392da8d05ec4d4f6d01abc93dc7d8d/r_35",
            "rotation": 0.12566370614359174,
            "transform_matrix": [
                [
                    -0.0033214972354471684,
                    0.06608299165964127,
                    -0.997808575630188,
                    -4.022294998168945
                ],
                [
                    -0.9999945759773254,
                    -0.0002194956614403054,
                    0.0033142361789941788,
                    0.01336011290550232
                ],
                [
                    0.0,
                    0.9978141188621521,
                    0.06608334928750992,
                    0.26639050245285034
                ],
                [
                    0.0,
                    0.0,
                    0.0,
                    1.0
                ]
            ]
        },
        {
            "file_path": "/data/shapenet_blender/all_50_random/02958343/db392da8d05ec4d4f6d01abc93dc7d8d/r_36",
            "rotation": 0.12566370614359174,
            "transform_matrix": [
                [
                    -0.9262852668762207,
                    -0.19518539309501648,
                    0.32233232259750366,
                    1.299363136291504
                ],
                [
                    0.376822829246521,
                    -0.4797940254211426,
                    0.7923396825790405,
                    3.194023370742798
                ],
                [
                    -1.4901160305669237e-08,
                    0.8553947806358337,
                    0.5179765224456787,
                    2.0880300998687744
                ],
                [
                    0.0,
                    0.0,
                    0.0,
                    1.0
                ]
            ]
        },
        {
            "file_path": "/data/shapenet_blender/all_50_random/02958343/db392da8d05ec4d4f6d01abc93dc7d8d/r_37",
            "rotation": 0.12566370614359174,
            "transform_matrix": [
                [
                    0.6079030632972717,
                    -0.00026393166626803577,
                    0.7940112352371216,
                    3.2007617950439453
                ],
                [
                    0.7940113544464111,
                    0.00020206873887218535,
                    -0.6079029440879822,
                    -2.450535297393799
                ],
                [
                    -1.4551915228366852e-11,
                    1.0,
                    0.0003324028803035617,
                    0.001339958980679512
                ],
                [
                    0.0,
                    0.0,
                    0.0,
                    1.0
                ]
            ]
        },
        {
            "file_path": "/data/shapenet_blender/all_50_random/02958343/db392da8d05ec4d4f6d01abc93dc7d8d/r_38",
            "rotation": 0.12566370614359174,
            "transform_matrix": [
                [
                    0.5076940059661865,
                    0.11351222544908524,
                    0.854026734828949,
                    3.4426920413970947
                ],
                [
                    0.861537516117096,
                    -0.06689143180847168,
                    -0.5032680034637451,
                    -2.028738498687744
                ],
                [
                    -3.725290298461914e-09,
                    0.9912822842597961,
                    -0.13175539672374725,
                    -0.5311230421066284
                ],
                [
                    0.0,
                    0.0,
                    0.0,
                    1.0
                ]
            ]
        },
        {
            "file_path": "/data/shapenet_blender/all_50_random/02958343/db392da8d05ec4d4f6d01abc93dc7d8d/r_39",
            "rotation": 0.12566370614359174,
            "transform_matrix": [
                [
                    -0.8789411783218384,
                    -0.10459856688976288,
                    -0.46531885862350464,
                    -1.8757600784301758
                ],
                [
                    -0.47693029046058655,
                    0.19276610016822815,
                    0.8575423359870911,
                    3.4568634033203125
                ],
                [
                    7.450580596923828e-09,
                    0.9756537675857544,
                    -0.219316303730011,
                    -0.8840922117233276
                ],
                [
                    0.0,
                    0.0,
                    0.0,
                    1.0
                ]
            ]
        },
        {
            "file_path": "/data/shapenet_blender/all_50_random/02958343/db392da8d05ec4d4f6d01abc93dc7d8d/r_40",
            "rotation": 0.12566370614359174,
            "transform_matrix": [
                [
                    0.5582643151283264,
                    0.1503906399011612,
                    -0.8159188032150269,
                    -3.289074182510376
                ],
                [
                    -0.8296632170677185,
                    0.10119494795799255,
                    -0.5490159392356873,
                    -2.2131543159484863
                ],
                [
                    0.0,
                    0.9834337830543518,
                    0.18126709759235382,
                    0.7307111024856567
                ],
                [
                    0.0,
                    0.0,
                    0.0,
                    1.0
                ]
            ]
        },
        {
            "file_path": "/data/shapenet_blender/all_50_random/02958343/db392da8d05ec4d4f6d01abc93dc7d8d/r_41",
            "rotation": 0.12566370614359174,
            "transform_matrix": [
                [
                    0.9877326488494873,
                    0.03344016522169113,
                    0.15253175795078278,
                    0.6148751974105835
                ],
                [
                    0.15615436434745789,
                    -0.21152111887931824,
                    -0.9648184180259705,
                    -3.8893074989318848
