{
    "class": "02958343",
    "model": "7f09e6522f212f94512af8eced68fa8",
    "remove_doubles": true,
    "edge_split": true,
    "denoise": true,
    "camera_angle_x": 0.6911112070083618,
    "scale_factor": 2.3426500075401724,
    "hdri_file": "/data/IndoorHDRDataset2018/AG8A7975-2c742da489.exr",
    "center_offset": [
        0.0,
        -3.725290298461914e-09,
        -7.450580596923828e-09
    ],
    "lights": [],
    "frames": [
        {
            "file_path": "/data/shapenet_blender/all_50_random/02958343/7f09e6522f212f94512af8eced68fa8/r_0",
            "rotation": 0.12566370614359174,
            "transform_matrix": [
                [
                    0.6431264281272888,
                    -0.23409581184387207,
                    -0.7291004061698914,
                    -2.9390978813171387
                ],
                [
                    -0.7657599449157715,
                    -0.19660627841949463,
                    -0.6123378276824951,
                    -2.4684128761291504
                ],
                [
                    0.0,
                    0.9521266222000122,
                    -0.30570387840270996,
                    -1.2323318719863892
                ],
                [
                    0.0,
                    0.0,
                    0.0,
                    1.0
                ]
            ]
        },
        {
            "file_path": "/data/shapenet_blender/all_50_random/02958343/7f09e6522f212f94512af8eced68fa8/r_1",
            "rotation": 0.12566370614359174,
            "transform_matrix": [
                [
                    0.6234424710273743,
                    0.22054453194141388,
                    0.7501197457313538,
                    3.023829460144043
                ],
                [
                    0.7818692326545715,
                    -0.1758565455675125,
                    -0.598126232624054,
                    -2.4111239910125732
                ],
                [
                    0.0,
                    0.959392786026001,
                    -0.282073438167572,
                    -1.13707435131073
                ],
                [
                    0.0,
                    0.0,
                    0.0,
                    1.0
                ]
            ]
        },
        {
            "file_path": "/data/shapenet_blender/all_50_random/02958343/7f09e6522f212f94512af8eced68fa8/r_2",
            "rotation": 0.12566370614359174,
            "transform_matrix": [
                [
                    -0.8838344812393188,
                    0.027548357844352722,
                    -0.46698805689811707,
                    -1.8824890851974487
                ],
                [
                    -0.46779993176460266,
                    -0.05204828456044197,
                    0.8823004961013794,
                    3.5566670894622803
                ],
                [
                    3.725290742551124e-09,
                    0.9982644319534302,
                    0.05888919159770012,
                    0.2373899221420288
                ],
                [
                    0.0,
                    0.0,
                    0.0,
                    1.0
                ]
            ]
        },
        {
            "file_path": "/data/shapenet_blender/all_50_random/02958343/7f09e6522f212f94512af8eced68fa8/r_3",
            "rotation": 0.12566370614359174,
            "transform_matrix": [
                [
                    0.9589329957962036,
                    0.2616965174674988,
                    -0.10937323421239853,
                    -0.4408976137638092
                ],
                [
                    -0.2836328446865082,
                    0.8847686052322388,
                    -0.369779497385025,
                    -1.4906288385391235
                ],
                [
                    0.0,
                    0.38561564683914185,
                    0.9226595163345337,
                    3.7193593978881836
                ],
                [
                    0.0,
                    0.0,
                    0.0,
                    1.0
                ]
            ]
        },
        {
            "file_path": "/data/shapenet_blender/all_50_random/02958343/7f09e6522f212f94512af8eced68fa8/r_4",
            "rotation": 0.12566370614359174,
            "transform_matrix": [
                [
                    0.3225537836551666,
                    -0.22994089126586914,
                    -0.9181973338127136,
                    -3.701371431350708
                ],
                [
                    -0.9465511441230774,
                    -0.07835636287927628,
                    -0.31289172172546387,
                    -1.2613067626953125
                ],
                [
                    -7.4505797087454084e-09,
                    0.9700451493263245,
                    -0.24292495846748352,
                    -0.9792616963386536
                ],
                [
                    0.0,
                    0.0,
                    0.0,
                    1.0
                ]
            ]
        },
        {
            "file_path": "/data/shapenet_blender/all_50_random/02958343/7f09e6522f212f94512af8eced68fa8/r_5",
            "rotation": 0.12566370614359174,
            "transform_matrix": [
                [
                    0.8856858611106873,
                    0.014578900299966335,
                    -0.4640561044216156,
                    -1.870669960975647
                ],
                [
                    -0.46428510546684265,
                    0.02781120128929615,
                    -0.8852490782737732,
                    -3.5685532093048096
                ],
                [
                    0.0,
                    0.999506950378418,
                    0.03140075132250786,
                    0.12658047676086426
                ],
                [
                    0.0,
                    0.0,
                    0.0,
                    1.0
                ]
            ]
        },
        {
            "file_path": "/data/shapenet_blender/all_50_random/02958343/7f09e6522f212f94512af8eced68fa8/r_6",
            "rotation": 0.12566370614359174,
            "transform_matrix": [
                [
                    0.39309149980545044,
                    -0.258238285779953,
                    0.882491946220398,
                    3.557438850402832
                ],
                [
                    0.919499397277832,
                    0.11039840430021286,
                    -0.37727057933807373,
                    -1.5208263397216797
                ],
                [
                    7.450581485102248e-09,
                    0.95975261926651,
                    0.28084659576416016,
                    1.1321288347244263
                ],
                [
                    0.0,
                    0.0,
                    0.0,
                    1.0
                ]
            ]
        },
        {
            "file_path": "/data/shapenet_blender/all_50_random/02958343/7f09e6522f212f94512af8eced68fa8/r_7",
            "rotation": 0.12566370614359174,
            "transform_matrix": [
                [
                    -0.8811143040657043,
                    -0.1367587447166443,
                    -0.4526969790458679,
                    -1.8248798847198486
                ],
                [
                    -0.4729032516479492,
                    0.25480917096138,
                    0.8434659242630005,
                    3.4001197814941406
                ],
                [
                    0.0,
                    0.9572717547416687,
                    -0.2891896963119507,
                    -1.1657609939575195
                ],
                [
                    0.0,
                    0.0,
                    0.0,
                    1.0
                ]
            ]
        },
        {
            "file_path": "/data/shapenet_blender/all_50_random/02958343/7f09e6522f212f94512af8eced68fa8/r_8",
            "rotation": 0.12566370614359174,
            "transform_matrix": [
                [
                    -0.2079816609621048,
                    -0.08829160034656525,
                    -0.9741396903991699,
                    -3.926882743835449
                ],
                [
                    -0.9781327247619629,
                    0.018773557618260384,
                    0.20713260769844055,
                    0.8349782228469849
                ],
                [
                    -1.862645371275562e-09,
                    0.9959176778793335,
                    -0.09026546031236649,
                    -0.3638717234134674
                ],
                [
                    0.0,
                    0.0,
                    0.0,
                    1.0
                ]
            ]
        },
        {
            "file_path": "/data/shapenet_blender/all_50_random/02958343/7f09e6522f212f94512af8eced68fa8/r_9",
            "rotation": 0.12566370614359174,
            "transform_matrix": [
                [
                    -0.07670663297176361,
                    0.7742893099784851,
                    0.6281655430793762,
                    2.5322165489196777
                ],
                [
                    0.9970536828041077,
                    0.05956863984465599,
                    0.04832685366272926,
                    0.19481179118156433
                ],
                [
                    0.0,
                    0.6300218105316162,
                    -0.776577353477478,
                    -3.130483627319336
                ],
                [
                    0.0,
                    0.0,
                    0.0,
                    1.0
                ]
            ]
        },
        {
            "file_path": "/data/shapenet_blender/all_50_random/02958343/7f09e6522f212f94512af8eced68fa8/r_10",
            "rotation": 0.12566370614359174,
            "transform_matrix": [
                [
                    0.9611579179763794,
                    -0.07075002789497375,
                    -0.2667771279811859,
                    -1.0754129886627197
                ],
                [
                    -0.2759993076324463,
                    -0.24638448655605316,
                    -0.9290419816970825,
                    -3.7450881004333496
                ],
                [
                    0.0,
                    0.9665863513946533,
                    -0.2563413083553314,
                    -1.0333448648452759
                ],
                [
                    0.0,
                    0.0,
                    0.0,
                    1.0
                ]
            ]
        },
        {
            "file_path": "/data/shapenet_blender/all_50_random/02958343/7f09e6522f212f94512af8eced68fa8/r_11",
            "rotation": 0.12566370614359174,
            "transform_matrix": [
                [
                    0.3850090801715851,
                    0.5151684880256653,
                    -0.7657476663589478,
                    -3.086827516555786
                ],
                [
                    -0.9229127764701843,
                    0.21491147577762604,
                    -0.3194449543952942,
                    -1.2877237796783447
                ],
                [
                    -1.4901160305669237e-08,
                    0.8297075629234314,
                    0.5581983327865601,
                    2.250169515609741
                ],
                [
                    0.0,
                    0.0,
                    0.0,
                    1.0
                ]
            ]
        },
        {
            "file_path": "/data/shapenet_blender/all_50_random/02958343/7f09e6522f212f94512af8eced68fa8/r_12",
            "rotation": 0.12566370614359174,
            "transform_matrix": [
                [
                    0.9185540080070496,
                    -0.02310396172106266,
                    -0.3946196734905243,
                    -1.5907628536224365
                ],
                [
                    -0.39529547095298767,
                    -0.053687021136283875,
                    -0.9169836640357971,
                    -3.696479558944702
                ],
                [
                    0.0,
                    0.9982905387878418,
                    -0.05844731256365776,
                    -0.23560866713523865
                ],
                [
                    0.0,
                    0.0,
                    0.0,
                    1.0
                ]
            ]
        },
        {
            "file_path": "/data/shapenet_blender/all_50_random/02958343/7f09e6522f212f94512af8eced68fa8/r_13",
            "rotation": 0.12566370614359174,
            "transform_matrix": [
                [
                    0.9977514147758484,
                    0.013171152211725712,
                    -0.06571688503026962,
                    -0.2649132013320923
                ],
                [
                    -0.06702379137277603,
                    0.19607271254062653,
                    -0.978296160697937,
                    -3.9436376094818115
                ],
                [
                    9.313225746154785e-10,
                    0.9805008172988892,
                    0.19651463627815247,
                    0.7921757698059082
                ],
                [
                    0.0,
                    0.0,
                    0.0,
                    1.0
                ]
            ]
        },
        {
            "file_path": "/data/shapenet_blender/all_50_random/02958343/7f09e6522f212f94512af8eced68fa8/r_14",
            "rotation": 0.12566370614359174,
            "transform_matrix": [
                [
                    0.5732654333114624,
                    -0.22077232599258423,
                    -0.789066731929779,
                    -3.1808297634124756
                ],
                [
                    -0.8193697333335876,
                    -0.1544615775346756,
                    -0.5520641803741455,
                    -2.2254419326782227
                ],
                [
                    0.0,
                    0.9630167484283447,
                    -0.2694416344165802,
                    -1.0861539840698242
                ],
                [
                    0.0,
                    0.0,
                    0.0,
                    1.0
                ]
            ]
        },
        {
            "file_path": "/data/shapenet_blender/all_50_random/02958343/7f09e6522f212f94512af8eced68fa8/r_15",
            "rotation": 0.12566370614359174,
            "transform_matrix": [
                [
                    -0.7686923146247864,
                    -0.03549479693174362,
                    -0.6386330723762512,
                    -2.5744123458862305
                ],
                [
                    -0.6396186947822571,
                    0.04265756905078888,
                    0.767507791519165,
                    3.0939228534698486
                ],
                [
                    1.862645149230957e-09,
                    0.9984589219093323,
                    -0.05549369007349014,
                    -0.22370222210884094
                ],
                [
                    0.0,
                    0.0,
                    0.0,
                    1.0
                ]
            ]
        },
        {
            "file_path": "/data/shapenet_blender/all_50_random/02958343/7f09e6522f212f94512af8eced68fa8/r_16",
            "rotation": 0.12566370614359174,
            "transform_matrix": [
                [
                    -0.7838889956474304,
                    0.5745241045951843,
                    0.23545709252357483,
                    0.9491579532623291
                ],
                [
                    0.6209010481834412,
                    0.7253379821777344,
                    0.29726511240005493,
                    1.1983140707015991
                ],
                [
                    1.4901162970204496e-08,
                    0.3792184293270111,
                    -0.9253070950508118,
                    -3.730032444000244
                ],
                [
                    0.0,
                    0.0,
                    0.0,
                    1.0
                ]
            ]
        },
        {
            "file_path": "/data/shapenet_blender/all_50_random/02958343/7f09e6522f212f94512af8eced68fa8/r_17",
            "rotation": 0.12566370614359174,
            "transform_matrix": [
                [
                    0.9971365928649902,
                    -0.029286224395036697,
                    0.06972060352563858,
                    0.28105276823043823
                ],
                [
                    0.07562173157930374,
                    0.3861636519432068,
                    -0.9193252325057983,
                    -3.705918788909912
                ],
                [
                    1.862645149230957e-09,
                    0.9219651818275452,
                    0.38727259635925293,
                    1.5611459016799927
                ],
                [
                    0.0,
                    0.0,
                    0.0,
                    1.0
                ]
            ]
        },
        {
            "file_path": "/data/shapenet_blender/all_50_random/02958343/7f09e6522f212f94512af8eced68fa8/r_18",
            "rotation": 0.12566370614359174,
            "transform_matrix": [
                [
                    -0.8376637697219849,
                    -0.3498738408088684,
                    -0.4194135367870331,
                    -1.6907100677490234
                ],
                [
                    -0.5461862683296204,
                    0.5365872979164124,
                    0.6432375311851501,
                    2.592973470687866
                ],
                [
                    0.0,
                    0.7678945660591125,
                    -0.6405760645866394,
                    -2.582244634628296
                ],
                [
                    0.0,
                    0.0,
                    0.0,
                    1.0
                ]
            ]
        },
        {
            "file_path": "/data/shapenet_blender/all_50_random/02958343/7f09e6522f212f94512af8eced68fa8/r_19",
            "rotation": 0.12566370614359174,
            "transform_matrix": [
                [
                    -0.9808323383331299,
                    -0.13593675196170807,
                    0.13960351049900055,
                    0.5627597570419312
                ],
                [
                    0.19485364854335785,
                    -0.6842631101608276,
                    0.7027204632759094,
                    2.832756757736206
                ],
                [
                    -7.450580596923828e-09,
                    0.7164531946182251,
                    0.6976351141929626,
                    2.8122570514678955
                ],
                [
                    0.0,
                    0.0,
                    0.0,
                    1.0
                ]
            ]
        },
        {
            "file_path": "/data/shapenet_blender/all_50_random/02958343/7f09e6522f212f94512af8eced68fa8/r_20",
            "rotation": 0.12566370614359174,
            "transform_matrix": [
                [
                    0.9842323660850525,
                    0.05443943291902542,
                    -0.16829445958137512,
                    -0.6784166693687439
                ],
                [
                    -0.17688040435314178,
                    0.30292245745658875,
                    -0.9364567399024963,
                    -3.774977922439575
                ],
                [
                    0.0,
                    0.9514589905738831,
                    0.3077753782272339,
                    1.2406822443008423
                ],
                [
                    0.0,
                    0.0,
                    0.0,
                    1.0
                ]
            ]
        },
        {
            "file_path": "/data/shapenet_blender/all_50_random/02958343/7f09e6522f212f94512af8eced68fa8/r_21",
            "rotation": 0.12566370614359174,
            "transform_matrix": [
                [
                    0.816791832447052,
                    0.319864958524704,
                    -0.480143278837204,
                    -1.9355194568634033
                ],
                [
                    -0.5769326090812683,
                    0.45284852385520935,
                    -0.6797624230384827,
                    -2.7402100563049316
                ],
                [
                    -1.4901162970204496e-08,
                    0.8322346806526184,
                    0.554423451423645,
                    2.234952449798584
                ],
                [
                    0.0,
                    0.0,
                    0.0,
                    1.0
                ]
            ]
        },
        {
            "file_path": "/data/shapenet_blender/all_50_random/02958343/7f09e6522f212f94512af8eced68fa8/r_22",
            "rotation": 0.12566370614359174,
            "transform_matrix": [
                [
                    0.9165467619895935,
                    -0.3538907468318939,
                    0.18628856539726257,
                    0.7509533166885376
                ],
                [
                    0.39992761611938477,
                    0.8110402822494507,
                    -0.426932692527771,
                    -1.7210208177566528
                ],
                [
                    0.0,
                    0.46580564975738525,
                    0.8848868608474731,
                    3.5670933723449707
                ],
                [
                    0.0,
                    0.0,
                    0.0,
                    1.0
                ]
            ]
        },
        {
            "file_path": "/data/shapenet_blender/all_50_random/02958343/7f09e6522f212f94512af8eced68fa8/r_23",
            "rotation": 0.12566370614359174,
            "transform_matrix": [
                [
                    -0.9013361930847168,
                    0.24964004755020142,
                    -0.35393908619880676,
                    -1.4267741441726685
                ],
                [
                    -0.43312013149261475,
                    -0.5195085406303406,
                    0.7365580797195435,
                    2.969160556793213
                ],
                [
                    0.0,
                    0.817184567451477,
                    0.5763760209083557,
                    2.323446035385132
                ],
                [
                    0.0,
                    0.0,
                    0.0,
                    1.0
                ]
            ]
        },
        {
            "file_path": "/data/shapenet_blender/all_50_random/02958343/7f09e6522f212f94512af8eced68fa8/r_24",
            "rotation": 0.12566370614359174,
            "transform_matrix": [
                [
                    -0.580072283744812,
                    0.5046302676200867,
                    0.6394250392913818,
                    2.5776047706604004
                ],
                [
                    0.8145650029182434,
                    0.3593599796295166,
                    0.45535072684288025,
                    1.8355774879455566
                ],
                [
                    -1.4901161193847656e-08,
                    0.784989595413208,
                    -0.6195089221000671,
                    -2.4973204135894775
                ],
                [
                    0.0,
                    0.0,
                    0.0,
                    1.0
                ]
            ]
        },
        {
            "file_path": "/data/shapenet_blender/all_50_random/02958343/7f09e6522f212f94512af8eced68fa8/r_25",
            "rotation": 0.12566370614359174,
            "transform_matrix": [
                [
                    0.7292429804801941,
                    0.4657997190952301,
                    -0.5012338161468506,
                    -2.020538091659546
                ],
                [
                    -0.6842548847198486,
                    0.49642491340637207,
                    -0.5341887474060059,
                    -2.153383731842041
                ],
                [
                    -1.4901161193847656e-08,
                    0.7325249314308167,
                    0.6807401180267334,
                    2.7441511154174805
                ],
                [
                    0.0,
                    0.0,
                    0.0,
                    1.0
                ]
            ]
        },
        {
            "file_path": "/data/shapenet_blender/all_50_random/02958343/7f09e6522f212f94512af8eced68fa8/r_26",
            "rotation": 0.12566370614359174,
            "transform_matrix": [
                [
                    -0.9674406051635742,
                    -0.12010221928358078,
                    -0.22278735041618347,
                    -0.8980845212936401
                ],
                [
                    -0.2530982792377472,
                    0.4590775966644287,
                    0.8515802621841431,
                    3.4328298568725586
                ],
                [
                    0.0,
                    0.8802403807640076,
                    -0.4745280146598816,
                    -1.9128836393356323
                ],
                [
                    0.0,
                    0.0,
                    0.0,
                    1.0
                ]
            ]
        },
        {
            "file_path": "/data/shapenet_blender/all_50_random/02958343/7f09e6522f212f94512af8eced68fa8/r_27",
            "rotation": 0.12566370614359174,
            "transform_matrix": [
                [
                    -0.9999997019767761,
                    -0.00019913782307412475,
                    -0.000871137366630137,
                    -0.003511667251586914
                ],
                [
                    -0.0008936087251640856,
                    0.22284671664237976,
                    0.974852979183197,
                    3.929758310317993
                ],
                [
                    0.0,
                    0.9748533368110657,
                    -0.22284680604934692,
                    -0.8983242511749268
                ],
                [
                    0.0,
                    0.0,
                    0.0,
                    1.0
                ]
            ]
        },
        {
            "file_path": "/data/shapenet_blender/all_50_random/02958343/7f09e6522f212f94512af8eced68fa8/r_28",
            "rotation": 0.12566370614359174,
            "transform_matrix": [
                [
                    0.8572108745574951,
                    0.26169008016586304,
                    -0.4435174763202667,
                    -1.7878762483596802
                ],
                [
                    -0.5149655938148499,
                    0.4356089234352112,
                    -0.7382785081863403,
                    -2.9760961532592773
                ],
                [
                    0.0,
                    0.8612565994262695,
                    0.5081700682640076,
                    2.048499345779419
                ],
                [
                    0.0,
                    0.0,
                    0.0,
                    1.0
                ]
            ]
        },
        {
            "file_path": "/data/shapenet_blender/all_50_random/02958343/7f09e6522f212f94512af8eced68fa8/r_29",
            "rotation": 0.12566370614359174,
            "transform_matrix": [
                [
                    0.9980273246765137,
                    -0.04157276451587677,
                    -0.04704447090625763,
                    -0.18964232504367828
                ],
                [
                    -0.06278117746114731,
                    -0.6608788967132568,
                    -0.7478621602058411,
                    -3.0147287845611572
                ],
                [
                    0.0,
                    0.7493403553962708,
                    -0.6621850728988647,
                    -2.669353485107422
                ],
                [
                    0.0,
                    0.0,
                    0.0,
                    1.0
                ]
            ]
        },
        {
            "file_path": "/data/shapenet_blender/all_50_random/02958343/7f09e6522f212f94512af8eced68fa8/r_30",
            "rotation": 0.12566370614359174,
            "transform_matrix": [
                [
                    -0.5581080317497253,
                    -0.46653488278388977,
                    -0.6861928105354309,
                    -2.76613187789917
                ],
                [
                    -0.8297684192657471,
                    0.3137946128845215,
                    0.46153807640075684,
                    1.8605196475982666
                ],
                [
                    0.0,
                    0.8269691467285156,
                    -0.5622471570968628,
                    -2.266490936279297
                ],
                [
                    0.0,
                    0.0,
                    0.0,
                    1.0
                ]
            ]
        },
        {
            "file_path": "/data/shapenet_blender/all_50_random/02958343/7f09e6522f212f94512af8eced68fa8/r_31",
            "rotation": 0.12566370614359174,
            "transform_matrix": [
                [
                    0.8018529415130615,
                    -0.18551486730575562,
                    0.5679929852485657,
                    2.2896528244018555
                ],
                [
                    0.5975214242935181,
                    0.24895451962947845,
                    -0.7622268795967102,
                    -3.072634696960449
                ],
                [
                    -1.4901159417490817e-08,
                    0.9505818486213684,
                    0.3104740083217621,
                    1.2515606880187988
                ],
                [
                    0.0,
                    0.0,
                    0.0,
                    1.0
                ]
            ]
        },
        {
            "file_path": "/data/shapenet_blender/all_50_random/02958343/7f09e6522f212f94512af8eced68fa8/r_32",
            "rotation": 0.12566370614359174,
            "transform_matrix": [
                [
                    0.3534128665924072,
                    -0.3782917857170105,
                    -0.8555669188499451,
                    -3.4489004611968994
                ],
                [
                    -0.9354674816131592,
                    -0.14291588962078094,
                    -0.3232269883155823,
                    -1.3029696941375732
                ],
                [
                    0.0,
                    0.9145874381065369,
                    -0.40438804030418396,
                    -1.6301403045654297
                ],
                [
                    0.0,
                    0.0,
                    0.0,
                    1.0
                ]
            ]
        },
        {
            "file_path": "/data/shapenet_blender/all_50_random/02958343/7f09e6522f212f94512af8eced68fa8/r_33",
            "rotation": 0.12566370614359174,
            "transform_matrix": [
                [
                    0.29883503913879395,
                    0.8873133063316345,
                    0.3512444496154785,
                    1.4159117937088013
                ],
                [
                    0.9543048739433289,
                    -0.2778570353984833,
                    -0.1099901795387268,
                    -0.4433846175670624
                ],
                [
                    -7.450581485102248e-09,
                    0.3680631220340729,
                    -0.9298006892204285,
                    -3.7481467723846436
                ],
                [
                    0.0,
                    0.0,
                    0.0,
                    1.0
                ]
            ]
        },
        {
            "file_path": "/data/shapenet_blender/all_50_random/02958343/7f09e6522f212f94512af8eced68fa8/r_34",
            "rotation": 0.12566370614359174,
            "transform_matrix": [
                [
                    -0.9918352365493774,
                    0.044501323252916336,
                    -0.11950964480638504,
                    -0.48175880312919617
                ],
                [
                    -0.1275261789560318,
                    -0.34610918164253235,
                    0.9294866323471069,
                    3.7468807697296143
                ],
                [
                    0.0,
                    0.9371381402015686,
                    0.3489583432674408,
                    1.4066962003707886
                ],
                [
                    0.0,
                    0.0,
                    0.0,
                    1.0
                ]
            ]
        },
        {
            "file_path": "/data/shapenet_blender/all_50_random/02958343/7f09e6522f212f94512af8eced68fa8/r_35",
            "rotation": 0.12566370614359174,
            "transform_matrix": [
                [
                    0.830937385559082,
                    0.19855092465877533,
                    -0.5197311043739319,
                    -2.0951032638549805
                ],
                [
                    -0.5563657879829407,
                    0.2965375781059265,
                    -0.7762231230735779,
                    -3.1290557384490967
                ],
                [
                    -1.4901160305669237e-08,
                    0.9341535568237305,
                    0.3568711280822754,
                    1.4385936260223389
                ],
                [
                    0.0,
                    0.0,
                    0.0,
                    1.0
                ]
            ]
        },
        {
            "file_path": "/data/shapenet_blender/all_50_random/02958343/7f09e6522f212f94512af8eced68fa8/r_36",
            "rotation": 0.12566370614359174,
            "transform_matrix": [
                [
                    -0.8835562467575073,
                    0.1418031007051468,
                    -0.4463409185409546,
                    -1.799257755279541
                ],
                [
                    -0.46832504868507385,
                    -0.26753005385398865,
                    0.842080295085907,
                    3.3945343494415283
                ],
                [
                    -1.4901161193847656e-08,
                    0.9530578851699829,
                    0.30278781056404114,
                    1.2205767631530762
                ],
                [
                    0.0,
                    0.0,
                    0.0,
                    1.0
                ]
            ]
        },
        {
            "file_path": "/data/shapenet_blender/all_50_random/02958343/7f09e6522f212f94512af8eced68fa8/r_37",
            "rotation": 0.12566370614359174,
            "transform_matrix": [
                [
                    -0.9898813962936401,
                    0.03946848213672638,
                    0.1362980753183365,
                    0.5494351387023926
                ],
                [
                    0.14189760386943817,
                    0.2753331661224365,
                    0.9508189558982849,
                    3.832873821258545
                ],
                [
                    0.0,
                    0.9605382680892944,
                    -0.27814769744873047,
                    -1.1212491989135742
                ],
                [
                    0.0,
                    0.0,
                    0.0,
                    1.0
                ]
            ]
        },
        {
            "file_path": "/data/shapenet_blender/all_50_random/02958343/7f09e6522f212f94512af8eced68fa8/r_38",
            "rotation": 0.12566370614359174,
            "transform_matrix": [
                [
                    0.161981999874115,
                    0.9847873449325562,
                    -0.06289190798997879,
                    -0.25352537631988525
                ],
                [
                    -0.9867937564849854,
                    0.16165263950824738,
                    -0.010323693975806236,
                    -0.04161614179611206
                ],
                [
                    0.0,
                    0.06373398751020432,
                    0.9979669451713562,
                    4.022933483123779
                ],
                [
                    0.0,
                    0.0,
                    0.0,
                    1.0
                ]
            ]
        },
        {
            "file_path": "/data/shapenet_blender/all_50_random/02958343/7f09e6522f212f94512af8eced68fa8/r_39",
            "rotation": 0.12566370614359174,
            "transform_matrix": [
                [
                    0.3976168632507324,
                    -0.6497710943222046,
                    0.6478413343429565,
                    2.611531972885132
                ],
                [
                    0.9175516366958618,
                    0.28157535195350647,
                    -0.28073909878730774,
                    -1.1316955089569092
                ],
                [
                    0.0,
                    0.7060544490814209,
                    0.7081575393676758,
                    2.8546743392944336
                ],
                [
                    0.0,
                    0.0,
                    0.0,
                    1.0
                ]
            ]
        },
        {
            "file_path": "/data/shapenet_blender/all_50_random/02958343/7f09e6522f212f94512af8eced68fa8/r_40",
            "rotation": 0.12566370614359174,
            "transform_matrix": [
                [
                    -0.15912918746471405,
                    -0.2602381110191345,
                    -0.9523413181304932,
                    -3.839010715484619
                ],
                [
                    -0.9872578382492065,
                    0.04194596782326698,
                    0.1535012423992157,
                    0.6187832951545715
                ],
                [
                    3.725290742551124e-09,
                    0.9646328091621399,
                    -0.2635969817638397,
                    -1.0625934600830078
                ],
                [
                    0.0,
                    0.0,
                    0.0,
                    1.0
                ]
            ]
        },
        {
            "file_path": "/data/shapenet_blender/all_50_random/02958343/7f09e6522f212f94512af8eced68fa8/r_41",
            "rotation": 0.12566370614359174,
            "transform_matrix": [
                [
                    -0.9139215350151062,
                    -0.09634363651275635,
                    -0.39429107308387756,
                    -1.5894379615783691
                ],
                [
                    -0.4058910310268402,
                    0.21693144738674164,
                    0.8878026008605957,
                    3.5788462162017822
                ],
                [
                    0.0,
