{
    "class": "02958343",
    "model": "38334022b922a9d4e7540f431cab4686",
    "remove_doubles": true,
    "edge_split": true,
    "denoise": true,
    "camera_angle_x": 0.6911112070083618,
    "scale_factor": 2.1514908599684355,
    "hdri_file": "/data/IndoorHDRDataset2018/AG8A2300-f490ad889f.exr",
    "center_offset": [
        0.0,
        0.0,
        -9.313225746154785e-10
    ],
    "lights": [],
    "frames": [
        {
            "file_path": "/data/shapenet_blender/all_50_random/02958343/38334022b922a9d4e7540f431cab4686/r_0",
            "rotation": 0.12566370614359174,
            "transform_matrix": [
                [
                    -0.9430052042007446,
                    -0.037933725863695145,
                    0.3306090235710144,
                    1.3327275514602661
                ],
                [
                    0.3327781856060028,
                    -0.10749413818120956,
                    0.9368584752082825,
                    3.776597023010254
                ],
                [
                    0.0,
                    0.9934816956520081,
                    0.11399106681346893,
                    0.4595126509666443
                ],
                [
                    0.0,
                    0.0,
                    0.0,
                    1.0
                ]
            ]
        },
        {
            "file_path": "/data/shapenet_blender/all_50_random/02958343/38334022b922a9d4e7540f431cab4686/r_1",
            "rotation": 0.12566370614359174,
            "transform_matrix": [
                [
                    0.3587755560874939,
                    0.6864659190177917,
                    0.6324906945228577,
                    2.549651622772217
                ],
                [
                    0.9334238171577454,
                    -0.2638535499572754,
                    -0.24310734868049622,
                    -0.9799970388412476
                ],
                [
                    0.0,
                    0.6776028275489807,
                    -0.735427975654602,
                    -2.9646050930023193
                ],
                [
                    0.0,
                    0.0,
                    0.0,
                    1.0
                ]
            ]
        },
        {
            "file_path": "/data/shapenet_blender/all_50_random/02958343/38334022b922a9d4e7540f431cab4686/r_2",
            "rotation": 0.12566370614359174,
            "transform_matrix": [
                [
                    -0.9680116176605225,
                    0.2038692831993103,
                    -0.14625632762908936,
                    -0.5895780324935913
                ],
                [
                    -0.2509055733680725,
                    -0.7865422964096069,
                    0.5642673969268799,
                    2.27463436126709
                ],
                [
                    0.0,
                    0.582913875579834,
                    0.8125340938568115,
                    3.2754292488098145
                ],
                [
                    0.0,
                    0.0,
                    0.0,
                    1.0
                ]
            ]
        },
        {
            "file_path": "/data/shapenet_blender/all_50_random/02958343/38334022b922a9d4e7540f431cab4686/r_3",
            "rotation": 0.12566370614359174,
            "transform_matrix": [
                [
                    0.9941189885139465,
                    -0.0575137734413147,
                    0.09175918251276016,
                    0.3698931038379669
                ],
                [
                    0.10829397290945053,
                    0.5279659032821655,
                    -0.8423326015472412,
                    -3.3955514430999756
                ],
                [
                    7.450582373280668e-09,
                    0.8473156690597534,
                    0.5310893654823303,
                    2.1408896446228027
                ],
                [
                    0.0,
                    0.0,
                    0.0,
                    1.0
                ]
            ]
        },
        {
            "file_path": "/data/shapenet_blender/all_50_random/02958343/38334022b922a9d4e7540f431cab4686/r_4",
            "rotation": 0.12566370614359174,
            "transform_matrix": [
                [
                    -0.8312166929244995,
                    -0.3329252004623413,
                    -0.44524118304252625,
                    -1.7948243618011475
                ],
                [
                    -0.5559486150741577,
                    0.4977671802043915,
                    0.6656944155693054,
                    2.683499813079834
                ],
                [
                    0.0,
                    0.8008674383163452,
                    -0.598841667175293,
                    -2.4140076637268066
                ],
                [
                    0.0,
                    0.0,
                    0.0,
                    1.0
                ]
            ]
        },
        {
            "file_path": "/data/shapenet_blender/all_50_random/02958343/38334022b922a9d4e7540f431cab4686/r_5",
            "rotation": 0.12566370614359174,
            "transform_matrix": [
                [
                    0.08179660886526108,
                    0.3549966514110565,
                    0.9312823414802551,
                    3.7541186809539795
                ],
                [
                    0.9966489672660828,
                    -0.02913515642285347,
                    -0.07643186300992966,
                    -0.3081066608428955
                ],
                [
                    1.8626448161640496e-09,
                    0.9344134330749512,
                    -0.3561902642250061,
                    -1.4358487129211426
                ],
                [
                    0.0,
                    0.0,
                    0.0,
                    1.0
                ]
            ]
        },
        {
            "file_path": "/data/shapenet_blender/all_50_random/02958343/38334022b922a9d4e7540f431cab4686/r_6",
            "rotation": 0.12566370614359174,
            "transform_matrix": [
                [
                    -0.9918277263641357,
                    -0.039854664355516434,
                    -0.12120041251182556,
                    -0.4885745048522949
                ],
                [
                    -0.1275850236415863,
                    0.30982446670532227,
                    0.9421947002410889,
                    3.7981083393096924
                ],
                [
                    0.0,
                    0.949958086013794,
                    -0.31237733364105225,
                    -1.2592333555221558
                ],
                [
                    0.0,
                    0.0,
                    0.0,
                    1.0
                ]
            ]
        },
        {
            "file_path": "/data/shapenet_blender/all_50_random/02958343/38334022b922a9d4e7540f431cab4686/r_7",
            "rotation": 0.12566370614359174,
            "transform_matrix": [
                [
                    0.5054031610488892,
                    -0.10312498360872269,
                    -0.8566988110542297,
                    -3.453463315963745
                ],
                [
                    -0.8628833293914795,
                    -0.060401786118745804,
                    -0.5017808079719543,
                    -2.0227432250976562
                ],
                [
                    0.0,
                    0.9928327202796936,
                    -0.11951208114624023,
                    -0.4817686080932617
                ],
                [
                    0.0,
                    0.0,
                    0.0,
                    1.0
                ]
            ]
        },
        {
            "file_path": "/data/shapenet_blender/all_50_random/02958343/38334022b922a9d4e7540f431cab4686/r_8",
            "rotation": 0.12566370614359174,
            "transform_matrix": [
                [
                    -0.12215232104063034,
                    0.19479112327098846,
                    0.9732087254524231,
                    3.9231297969818115
                ],
                [
                    0.9925114512443542,
                    0.02397371642291546,
                    0.1197766587138176,
                    0.48283514380455017
                ],
                [
                    0.0,
                    0.9805516600608826,
                    -0.19626085460186005,
                    -0.791152834892273
                ],
                [
                    0.0,
                    0.0,
                    0.0,
                    1.0
                ]
            ]
        },
        {
            "file_path": "/data/shapenet_blender/all_50_random/02958343/38334022b922a9d4e7540f431cab4686/r_9",
            "rotation": 0.12566370614359174,
            "transform_matrix": [
                [
                    0.31542640924453735,
                    0.28868743777275085,
                    -0.9039721488952637,
                    -3.644028425216675
                ],
                [
                    -0.9489501118659973,
                    0.09595830738544464,
                    -0.30047595500946045,
                    -1.2112574577331543
                ],
                [
                    0.0,
                    0.9526025056838989,
                    0.30421772599220276,
                    1.2263410091400146
                ],
                [
                    0.0,
                    0.0,
                    0.0,
                    1.0
                ]
            ]
        },
        {
            "file_path": "/data/shapenet_blender/all_50_random/02958343/38334022b922a9d4e7540f431cab4686/r_10",
            "rotation": 0.12566370614359174,
            "transform_matrix": [
                [
                    0.8428122401237488,
                    0.5176888108253479,
                    -0.14719253778457642,
                    -0.5933520793914795
                ],
                [
                    -0.5382075309753418,
                    0.8106807470321655,
                    -0.23049785196781158,
                    -0.9291665554046631
                ],
                [
                    -7.450580152834618e-09,
                    0.273486465215683,
                    0.9618757963180542,
                    3.8774454593658447
                ],
                [
                    0.0,
                    0.0,
                    0.0,
                    1.0
                ]
            ]
        },
        {
            "file_path": "/data/shapenet_blender/all_50_random/02958343/38334022b922a9d4e7540f431cab4686/r_11",
            "rotation": 0.12566370614359174,
            "transform_matrix": [
                [
                    0.6799607872962952,
                    -0.6541023850440979,
                    -0.33136609196662903,
                    -1.3357794284820557
                ],
                [
                    -0.7332485318183899,
                    -0.6065664887428284,
                    -0.30728456377983093,
                    -1.238703727722168
                ],
                [
                    0.0,
                    0.45191511511802673,
                    -0.8920609354972839,
                    -3.596012592315674
                ],
                [
                    0.0,
                    0.0,
                    0.0,
                    1.0
                ]
            ]
        },
        {
            "file_path": "/data/shapenet_blender/all_50_random/02958343/38334022b922a9d4e7540f431cab4686/r_12",
            "rotation": 0.12566370614359174,
            "transform_matrix": [
                [
                    0.12681761384010315,
                    -0.5692195296287537,
                    -0.8123462200164795,
                    -3.274672269821167
                ],
                [
                    -0.9919260144233704,
                    -0.07277464866638184,
                    -0.10385836660861969,
                    -0.4186664819717407
                ],
                [
                    0.0,
                    0.8189583420753479,
                    -0.5738527774810791,
                    -2.313274621963501
                ],
                [
                    0.0,
                    0.0,
                    0.0,
                    1.0
                ]
            ]
        },
        {
            "file_path": "/data/shapenet_blender/all_50_random/02958343/38334022b922a9d4e7540f431cab4686/r_13",
            "rotation": 0.12566370614359174,
            "transform_matrix": [
                [
                    -0.2338884025812149,
                    0.1053796261548996,
                    0.9665356874465942,
                    3.8962302207946777
                ],
                [
                    0.9722634553909302,
                    0.02535020001232624,
                    0.2325105220079422,
                    0.9372799396514893
                ],
                [
                    -1.862645149230957e-09,
                    0.9941089153289795,
                    -0.10838586837053299,
                    -0.4369174540042877
                ],
                [
                    0.0,
                    0.0,
                    0.0,
                    1.0
                ]
            ]
        },
        {
            "file_path": "/data/shapenet_blender/all_50_random/02958343/38334022b922a9d4e7540f431cab4686/r_14",
            "rotation": 0.12566370614359174,
            "transform_matrix": [
                [
                    -0.350501149892807,
                    -0.7476590275764465,
                    -0.564052164554596,
                    -2.2737672328948975
                ],
                [
                    -0.9365622401237488,
                    0.27980560064315796,
                    0.21109215915203094,
                    0.8509397506713867
                ],
                [
                    1.4901160305669237e-08,
                    0.6022579669952393,
                    -0.7983013391494751,
                    -3.2180559635162354
                ],
                [
                    0.0,
                    0.0,
                    0.0,
                    1.0
                ]
            ]
        },
        {
            "file_path": "/data/shapenet_blender/all_50_random/02958343/38334022b922a9d4e7540f431cab4686/r_15",
            "rotation": 0.12566370614359174,
            "transform_matrix": [
                [
                    -0.7408497333526611,
                    -0.0005407851422205567,
                    -0.6716705560684204,
                    -2.7075905799865723
                ],
                [
                    -0.6716707944869995,
                    0.0005964835872873664,
                    0.740849494934082,
                    2.986459732055664
                ],
                [
                    5.820766091346741e-11,
                    0.9999996423721313,
                    -0.0008051343029364944,
                    -0.003245600266382098
                ],
                [
                    0.0,
                    0.0,
                    0.0,
                    1.0
                ]
            ]
        },
        {
            "file_path": "/data/shapenet_blender/all_50_random/02958343/38334022b922a9d4e7540f431cab4686/r_16",
            "rotation": 0.12566370614359174,
            "transform_matrix": [
                [
                    0.3856801688671112,
                    0.16361422836780548,
                    0.9080093502998352,
                    3.6603031158447266
                ],
                [
                    0.9226324558258057,
                    -0.0683942586183548,
                    -0.37956738471984863,
                    -1.5300852060317993
                ],
                [
                    3.725290076417309e-09,
                    0.9841506481170654,
                    -0.17733411490917206,
                    -0.714856743812561
                ],
                [
                    0.0,
                    0.0,
                    0.0,
                    1.0
                ]
            ]
        },
        {
            "file_path": "/data/shapenet_blender/all_50_random/02958343/38334022b922a9d4e7540f431cab4686/r_17",
            "rotation": 0.12566370614359174,
            "transform_matrix": [
                [
                    -0.6989654898643494,
                    -0.5350181460380554,
                    0.4745553731918335,
                    1.9129939079284668
                ],
                [
                    0.7151554822921753,
                    -0.5229062438011169,
                    0.4638122022151947,
                    1.8696868419647217
                ],
                [
                    1.4901161193847656e-08,
                    0.6635695695877075,
                    0.7481145262718201,
                    3.0157461166381836
                ],
                [
                    0.0,
                    0.0,
                    0.0,
                    1.0
                ]
            ]
        },
        {
            "file_path": "/data/shapenet_blender/all_50_random/02958343/38334022b922a9d4e7540f431cab4686/r_18",
            "rotation": 0.12566370614359174,
            "transform_matrix": [
                [
                    0.1642194241285324,
                    0.03200281038880348,
                    0.9859045147895813,
                    3.9743082523345947
                ],
                [
                    0.9864238500595093,
                    -0.005327814724296331,
                    -0.1641329526901245,
                    -0.6616411209106445
                ],
                [
                    4.656613428188905e-10,
                    0.999473512172699,
                    -0.032443270087242126,
                    -0.13078300654888153
                ],
                [
                    0.0,
                    0.0,
                    0.0,
                    1.0
                ]
            ]
        },
        {
            "file_path": "/data/shapenet_blender/all_50_random/02958343/38334022b922a9d4e7540f431cab4686/r_19",
            "rotation": 0.12566370614359174,
            "transform_matrix": [
                [
                    0.9460160136222839,
                    -0.22698667645454407,
                    -0.2313673496246338,
                    -0.9326715469360352
                ],
                [
                    -0.32412004470825195,
                    -0.6625106930732727,
                    -0.6752967238426208,
                    -2.722208023071289
                ],
                [
                    1.4901161193847656e-08,
                    0.7138321995735168,
                    -0.7003166675567627,
                    -2.8230667114257812
                ],
                [
                    0.0,
                    0.0,
                    0.0,
                    1.0
                ]
            ]
        },
        {
            "file_path": "/data/shapenet_blender/all_50_random/02958343/38334022b922a9d4e7540f431cab4686/r_20",
            "rotation": 0.12566370614359174,
            "transform_matrix": [
                [
                    0.9994384050369263,
                    -0.029192933812737465,
                    0.016450295224785805,
                    0.06631326675415039
                ],
                [
                    0.033508796244859695,
                    0.8707128167152405,
                    -0.4906489849090576,
                    -1.9778693914413452
                ],
                [
                    0.0,
                    0.49092477560043335,
                    0.8712019324302673,
                    3.511927604675293
                ],
                [
                    0.0,
                    0.0,
                    0.0,
                    1.0
                ]
            ]
        },
        {
            "file_path": "/data/shapenet_blender/all_50_random/02958343/38334022b922a9d4e7540f431cab4686/r_21",
            "rotation": 0.12566370614359174,
            "transform_matrix": [
                [
                    0.046959251165390015,
                    0.46077731251716614,
                    -0.8862725496292114,
                    -3.572679042816162
                ],
                [
                    -0.9988968372344971,
                    0.021661652252078056,
                    -0.04166465625166893,
                    -0.16795560717582703
                ],
                [
                    -1.862645371275562e-09,
                    0.8872513771057129,
                    0.46128615736961365,
                    1.859503984451294
                ],
                [
                    0.0,
                    0.0,
                    0.0,
                    1.0
                ]
            ]
        },
        {
            "file_path": "/data/shapenet_blender/all_50_random/02958343/38334022b922a9d4e7540f431cab4686/r_22",
            "rotation": 0.12566370614359174,
            "transform_matrix": [
                [
                    0.9994240999221802,
                    0.005853998940438032,
                    0.033425793051719666,
                    0.13474366068840027
                ],
                [
                    0.033934541046619415,
                    -0.17240922152996063,
                    -0.9844407439231873,
                    -3.968407154083252
                ],
                [
                    0.0,
                    0.9850079417228699,
                    -0.1725085973739624,
                    -0.6954042911529541
                ],
                [
                    0.0,
                    0.0,
                    0.0,
                    1.0
                ]
            ]
        },
        {
            "file_path": "/data/shapenet_blender/all_50_random/02958343/38334022b922a9d4e7540f431cab4686/r_23",
            "rotation": 0.12566370614359174,
            "transform_matrix": [
                [
                    0.8557204008102417,
                    -0.06038606911897659,
                    0.5139029026031494,
                    2.071608781814575
                ],
                [
                    0.5174386501312256,
                    0.09986419975757599,
                    -0.8498731851577759,
                    -3.42594838142395
                ],
                [
                    0.0,
                    0.993166983127594,
                    0.11670190840959549,
                    0.47044044733047485
                ],
                [
                    0.0,
                    0.0,
                    0.0,
                    1.0
                ]
            ]
        },
        {
            "file_path": "/data/shapenet_blender/all_50_random/02958343/38334022b922a9d4e7540f431cab4686/r_24",
            "rotation": 0.12566370614359174,
            "transform_matrix": [
                [
                    -0.2584179937839508,
                    0.6401754021644592,
                    0.723460853099823,
                    2.9163639545440674
                ],
                [
                    0.9660332202911377,
                    0.171249657869339,
                    0.19352886080741882,
                    0.7801398038864136
                ],
                [
                    -7.450580596923828e-09,
                    0.7488985061645508,
                    -0.6626846790313721,
                    -2.6713674068450928
                ],
                [
                    0.0,
                    0.0,
                    0.0,
                    1.0
                ]
            ]
        },
        {
            "file_path": "/data/shapenet_blender/all_50_random/02958343/38334022b922a9d4e7540f431cab4686/r_25",
            "rotation": 0.12566370614359174,
            "transform_matrix": [
                [
                    0.2090425342321396,
                    -0.1851995885372162,
                    0.9602094292640686,
                    3.8707282543182373
                ],
                [
                    0.9779065847396851,
                    0.039589252322912216,
                    -0.20525948703289032,
                    -0.8274275064468384
                ],
                [
                    0.0,
                    0.9819031357765198,
                    0.18938371539115906,
                    0.7634302377700806
                ],
                [
                    0.0,
                    0.0,
                    0.0,
                    1.0
                ]
            ]
        },
        {
            "file_path": "/data/shapenet_blender/all_50_random/02958343/38334022b922a9d4e7540f431cab4686/r_26",
            "rotation": 0.12566370614359174,
            "transform_matrix": [
                [
                    -0.9713686108589172,
                    0.02888563647866249,
                    -0.23581501841545105,
                    -0.9506007432937622
                ],
                [
                    -0.23757757246494293,
                    -0.11810289323329926,
                    0.9641621112823486,
                    3.8866617679595947
                ],
                [
                    0.0,
                    0.9925810694694519,
                    0.12158402800559998,
                    0.49012088775634766
                ],
                [
                    0.0,
                    0.0,
                    0.0,
                    1.0
                ]
            ]
        },
        {
            "file_path": "/data/shapenet_blender/all_50_random/02958343/38334022b922a9d4e7540f431cab4686/r_27",
            "rotation": 0.12566370614359174,
            "transform_matrix": [
                [
                    -0.9997450113296509,
                    -0.018855009227991104,
                    -0.012427317909896374,
                    -0.05009612441062927
                ],
                [
                    -0.02258206345140934,
                    0.8347421288490295,
                    0.5501776933670044,
                    2.2178375720977783
                ],
                [
                    0.0,
                    0.5503180623054504,
                    -0.8349549770355225,
                    -3.365811347961426
                ],
                [
                    0.0,
                    0.0,
                    0.0,
                    1.0
                ]
            ]
        },
        {
            "file_path": "/data/shapenet_blender/all_50_random/02958343/38334022b922a9d4e7540f431cab4686/r_28",
            "rotation": 0.12566370614359174,
            "transform_matrix": [
                [
                    -0.9017965793609619,
                    -0.21373476088047028,
                    -0.3756067752838135,
                    -1.5141193866729736
                ],
                [
                    -0.4321608543395996,
                    0.4460035264492035,
                    0.7837843298912048,
                    3.1595356464385986
                ],
                [
                    0.0,
                    0.8691366314888,
                    -0.4945722222328186,
                    -1.9936844110488892
                ],
                [
                    0.0,
                    0.0,
                    0.0,
                    1.0
                ]
            ]
        },
        {
            "file_path": "/data/shapenet_blender/all_50_random/02958343/38334022b922a9d4e7540f431cab4686/r_29",
            "rotation": 0.12566370614359174,
            "transform_matrix": [
                [
                    0.90045565366745,
                    -0.0841517522931099,
                    -0.4267295300960541,
                    -1.7202017307281494
                ],
                [
                    -0.4349478483200073,
                    -0.1742161065340042,
                    -0.8834416270256042,
                    -3.561267137527466
                ],
                [
                    0.0,
                    0.9811050891876221,
                    -0.19347551465034485,
                    -0.779924750328064
                ],
                [
                    0.0,
                    0.0,
                    0.0,
                    1.0
                ]
            ]
        },
        {
            "file_path": "/data/shapenet_blender/all_50_random/02958343/38334022b922a9d4e7540f431cab4686/r_30",
            "rotation": 0.12566370614359174,
            "transform_matrix": [
                [
                    0.9896464347839355,
                    -0.029232008382678032,
                    0.1405184119939804,
                    0.5664478540420532
                ],
                [
                    0.14352677762508392,
                    0.20156067609786987,
                    -0.9689031839370728,
                    -3.905773639678955
                ],
                [
                    0.0,
                    0.9790397882461548,
                    0.20366936922073364,
                    0.8210175037384033
                ],
                [
                    0.0,
                    0.0,
                    0.0,
                    1.0
                ]
            ]
        },
        {
            "file_path": "/data/shapenet_blender/all_50_random/02958343/38334022b922a9d4e7540f431cab4686/r_31",
            "rotation": 0.12566370614359174,
            "transform_matrix": [
                [
                    -0.9296519160270691,
                    -0.08606447279453278,
                    -0.3582461178302765,
                    -1.444136381149292
                ],
                [
                    -0.3684391677379608,
                    0.21715933084487915,
                    0.9039326906204224,
                    3.643869400024414
                ],
                [
                    0.0,
                    0.9723347425460815,
                    -0.23359207808971405,
                    -0.9416398406028748
                ],
                [
                    0.0,
                    0.0,
                    0.0,
                    1.0
                ]
            ]
        },
        {
            "file_path": "/data/shapenet_blender/all_50_random/02958343/38334022b922a9d4e7540f431cab4686/r_32",
            "rotation": 0.12566370614359174,
            "transform_matrix": [
                [
                    0.9970003366470337,
                    -0.05013827234506607,
                    -0.058962106704711914,
                    -0.23768386244773865
                ],
                [
                    -0.07739752531051636,
                    -0.6458588242530823,
                    -0.7595235109329224,
                    -3.061737537384033
                ],
                [
                    0.0,
                    0.7618088126182556,
                    -0.6478018760681152,
                    -2.61137318611145
                ],
                [
                    0.0,
                    0.0,
                    0.0,
                    1.0
                ]
            ]
        },
        {
            "file_path": "/data/shapenet_blender/all_50_random/02958343/38334022b922a9d4e7540f431cab4686/r_33",
            "rotation": 0.12566370614359174,
            "transform_matrix": [
                [
                    0.7656816840171814,
                    -0.13889479637145996,
                    0.6280443668365479,
                    2.5317277908325195
                ],
                [
                    0.6432196497917175,
                    0.16533887386322021,
                    -0.7476171851158142,
                    -3.0137412548065186
                ],
                [
                    -7.450580152834618e-09,
                    0.9764072895050049,
                    0.2159368097782135,
                    0.8704690933227539
                ],
                [
                    0.0,
                    0.0,
                    0.0,
                    1.0
                ]
            ]
        },
        {
            "file_path": "/data/shapenet_blender/all_50_random/02958343/38334022b922a9d4e7540f431cab4686/r_34",
            "rotation": 0.12566370614359174,
            "transform_matrix": [
                [
                    -0.9713314175605774,
                    0.12233482301235199,
                    -0.2038370966911316,
                    -0.8216936588287354
                ],
                [
                    -0.23772963881492615,
                    -0.49984365701675415,
                    0.832850992679596,
                    3.357330083847046
                ],
                [
                    0.0,
                    0.8574325442314148,
                    0.5145963430404663,
                    2.07440447807312
                ],
                [
                    0.0,
                    0.0,
                    0.0,
                    1.0
                ]
            ]
        },
        {
            "file_path": "/data/shapenet_blender/all_50_random/02958343/38334022b922a9d4e7540f431cab4686/r_35",
            "rotation": 0.12566370614359174,
            "transform_matrix": [
                [
                    -0.3142052888870239,
                    0.6022046804428101,
                    -0.7339103817939758,
                    -2.9584875106811523
                ],
                [
                    -0.9493551254272461,
                    -0.19930994510650635,
                    0.24290020763874054,
                    0.9791620969772339
                ],
                [
                    1.4901161193847656e-08,
                    0.7730620503425598,
                    0.6343302726745605,
                    2.557067394256592
                ],
                [
                    0.0,
                    0.0,
                    0.0,
                    1.0
                ]
            ]
        },
        {
            "file_path": "/data/shapenet_blender/all_50_random/02958343/38334022b922a9d4e7540f431cab4686/r_36",
            "rotation": 0.12566370614359174,
            "transform_matrix": [
                [
                    0.9751928448677063,
                    -0.1457034796476364,
                    0.1666414737701416,
                    0.6717532873153687
                ],
                [
                    0.22135692834854126,
                    0.6418998837471008,
                    -0.7341427206993103,
                    -2.9594240188598633
                ],
                [
                    7.450580596923828e-09,
                    0.7528179287910461,
                    0.6582287549972534,
                    2.653404951095581
                ],
                [
                    0.0,
                    0.0,
                    0.0,
                    1.0
                ]
            ]
        },
        {
            "file_path": "/data/shapenet_blender/all_50_random/02958343/38334022b922a9d4e7540f431cab4686/r_37",
            "rotation": 0.12566370614359174,
            "transform_matrix": [
                [
                    0.490156352519989,
                    0.05947078391909599,
                    -0.8696032762527466,
                    -3.5054831504821777
                ],
                [
                    -0.8716344833374023,
                    0.033442895859479904,
                    -0.4890141189098358,
                    -1.9712791442871094
                ],
                [
                    0.0,
                    0.9976697564125061,
                    0.06822902709245682,
                    0.27504003047943115
                ],
                [
                    0.0,
                    0.0,
                    0.0,
                    1.0
                ]
            ]
        },
        {
            "file_path": "/data/shapenet_blender/all_50_random/02958343/38334022b922a9d4e7540f431cab4686/r_38",
            "rotation": 0.12566370614359174,
            "transform_matrix": [
                [
                    0.9453890323638916,
                    0.25156909227371216,
                    0.20725014805793762,
                    0.835452139377594
                ],
                [
                    0.3259442448616028,
                    -0.7296667098999023,
                    -0.6011212468147278,
                    -2.4231975078582764
                ],
                [
                    0.0,
                    0.635845422744751,
                    -0.7718163132667542,
                    -3.1112914085388184
                ],
                [
                    0.0,
                    0.0,
                    0.0,
                    1.0
                ]
            ]
        },
        {
            "file_path": "/data/shapenet_blender/all_50_random/02958343/38334022b922a9d4e7540f431cab4686/r_39",
            "rotation": 0.12566370614359174,
            "transform_matrix": [
                [
                    0.6890178918838501,
                    -0.24783694744110107,
                    -0.6810514330863953,
                    -2.74540638923645
                ],
                [
                    -0.7247443199157715,
                    -0.23561978340148926,
                    -0.6474788784980774,
                    -2.6100711822509766
                ],
                [
                    0.0,
                    0.9397127628326416,
                    -0.34196463227272034,
                    -1.378503680229187
                ],
                [
                    0.0,
                    0.0,
                    0.0,
                    1.0
                ]
            ]
        },
        {
            "file_path": "/data/shapenet_blender/all_50_random/02958343/38334022b922a9d4e7540f431cab4686/r_40",
            "rotation": 0.12566370614359174,
            "transform_matrix": [
                [
                    -0.8741428256034851,
                    -0.18839693069458008,
                    0.447639137506485,
                    1.8044912815093994
                ],
                [
                    0.4856688678264618,
                    -0.3390907645225525,
                    0.8056941032409668,
                    3.2478573322296143
                ],
                [
                    0.0,
                    0.9216962456703186,
                    0.38791224360466003,
                    1.5637245178222656
                ],
                [
                    0.0,
                    0.0,
                    0.0,
                    1.0
                ]
            ]
        },
        {
            "file_path": "/data/shapenet_blender/all_50_random/02958343/38334022b922a9d4e7540f431cab4686/r_41",
            "rotation": 0.12566370614359174,
            "transform_matrix": [
                [
                    0.24342305958271027,
                    0.06431499123573303,
                    -0.9677855372428894,
                    -3.901268243789673
                ],
                [
                    -0.96992027759552,
                    0.01614127680659294,
                    -0.24288728833198547,
                    -0.9791100025177002
                ],
                [
                    0.0,
                    0.9977991580963135,
