{
    "class": "02958343",
    "model": "52c589e86fd500cd4a42886683bb52d2",
    "remove_doubles": true,
    "edge_split": true,
    "denoise": true,
    "camera_angle_x": 0.6911112070083618,
    "scale_factor": 2.77380970095089,
    "hdri_file": "/data/IndoorHDRDataset2018/9C4A9916-6fca6ab033.exr",
    "center_offset": [
        0.0,
        -3.725290298461914e-09,
        0.0
    ],
    "lights": [],
    "frames": [
        {
            "file_path": "/data/shapenet_blender/all_50_random/02958343/52c589e86fd500cd4a42886683bb52d2/r_0",
            "rotation": 0.12566370614359174,
            "transform_matrix": [
                [
                    -0.9119817018508911,
                    -0.00904383696615696,
                    -0.4101312756538391,
                    -1.653292179107666
                ],
                [
                    -0.4102310538291931,
                    0.020105289295315742,
                    0.9117599129676819,
                    3.675421953201294
                ],
                [
                    0.0,
                    0.999756932258606,
                    -0.022045714780688286,
                    -0.0888691246509552
                ],
                [
                    0.0,
                    0.0,
                    0.0,
                    1.0
                ]
            ]
        },
        {
            "file_path": "/data/shapenet_blender/all_50_random/02958343/52c589e86fd500cd4a42886683bb52d2/r_1",
            "rotation": 0.12566370614359174,
            "transform_matrix": [
                [
                    0.2628045678138733,
                    0.31699246168136597,
                    -0.9112900495529175,
                    -3.673527717590332
                ],
                [
                    -0.964849054813385,
                    0.08634207397699356,
                    -0.24821622669696808,
                    -1.0005916357040405
                ],
                [
                    -7.450580152834618e-09,
                    0.9444896578788757,
                    0.32854101061820984,
                    1.3243911266326904
                ],
                [
                    0.0,
                    0.0,
                    0.0,
                    1.0
                ]
            ]
        },
        {
            "file_path": "/data/shapenet_blender/all_50_random/02958343/52c589e86fd500cd4a42886683bb52d2/r_2",
            "rotation": 0.12566370614359174,
            "transform_matrix": [
                [
                    0.2768978774547577,
                    0.31219878792762756,
                    -0.9087679982185364,
                    -3.6633613109588623
                ],
                [
                    -0.9608993530273438,
                    0.0899648666381836,
                    -0.2618754208087921,
                    -1.055653691291809
                ],
                [
                    0.0,
                    0.945747435092926,
                    0.32490265369415283,
                    1.3097245693206787
                ],
                [
                    0.0,
                    0.0,
                    0.0,
                    1.0
                ]
            ]
        },
        {
            "file_path": "/data/shapenet_blender/all_50_random/02958343/52c589e86fd500cd4a42886683bb52d2/r_3",
            "rotation": 0.12566370614359174,
            "transform_matrix": [
                [
                    0.9720466136932373,
                    0.13621267676353455,
                    0.19123706221580505,
                    0.7709013223648071
                ],
                [
                    0.23478823900222778,
                    -0.5639339685440063,
                    -0.7917404174804688,
                    -3.19160795211792
                ],
                [
                    -7.450580596923828e-09,
                    0.814508855342865,
                    -0.5801511406898499,
                    -2.3386642932891846
                ],
                [
                    0.0,
                    0.0,
                    0.0,
                    1.0
                ]
            ]
        },
        {
            "file_path": "/data/shapenet_blender/all_50_random/02958343/52c589e86fd500cd4a42886683bb52d2/r_4",
            "rotation": 0.12566370614359174,
            "transform_matrix": [
                [
                    0.8462536334991455,
                    -0.49915260076522827,
                    -0.1862831562757492,
                    -0.7509313225746155
                ],
                [
                    -0.5327802300453186,
                    -0.7928404211997986,
                    -0.2958870828151703,
                    -1.1927587985992432
                ],
                [
                    -1.4901159417490817e-08,
                    0.34964361786842346,
                    -0.9368829131126404,
                    -3.7766952514648438
                ],
                [
                    0.0,
                    0.0,
                    0.0,
                    1.0
                ]
            ]
        },
        {
            "file_path": "/data/shapenet_blender/all_50_random/02958343/52c589e86fd500cd4a42886683bb52d2/r_5",
            "rotation": 0.12566370614359174,
            "transform_matrix": [
                [
                    -0.9527238011360168,
                    0.043228644877672195,
                    -0.3007469177246094,
                    -1.2123494148254395
                ],
                [
                    -0.30383777618408203,
                    -0.1355491578578949,
                    0.943031907081604,
                    3.801482677459717
                ],
                [
                    -3.7252896323280993e-09,
                    0.9898271560668945,
                    0.14227542281150818,
                    0.5735304951667786
                ],
                [
                    0.0,
                    0.0,
                    0.0,
                    1.0
                ]
            ]
        },
        {
            "file_path": "/data/shapenet_blender/all_50_random/02958343/52c589e86fd500cd4a42886683bb52d2/r_6",
            "rotation": 0.12566370614359174,
            "transform_matrix": [
                [
                    0.997780978679657,
                    -0.001446543843485415,
                    0.06656575202941895,
                    0.26833510398864746
                ],
                [
                    0.06658145785331726,
                    0.021677713841199875,
                    -0.997545599937439,
                    -4.021234512329102
                ],
                [
                    1.1641532182693481e-10,
                    0.9997639060020447,
                    0.021725928410887718,
                    0.08758001029491425
                ],
                [
                    0.0,
                    0.0,
                    0.0,
                    1.0
                ]
            ]
        },
        {
            "file_path": "/data/shapenet_blender/all_50_random/02958343/52c589e86fd500cd4a42886683bb52d2/r_7",
            "rotation": 0.12566370614359174,
            "transform_matrix": [
                [
                    0.9997769594192505,
                    0.002003546105697751,
                    0.021022137254476547,
                    0.08474293351173401
                ],
                [
                    0.021117394790053368,
                    -0.0948554202914238,
                    -0.9952671527862549,
                    -4.012049674987793
                ],
                [
                    0.0,
                    0.9954890012741089,
                    -0.09487660229206085,
                    -0.38245975971221924
                ],
                [
                    0.0,
                    0.0,
                    0.0,
                    1.0
                ]
            ]
        },
        {
            "file_path": "/data/shapenet_blender/all_50_random/02958343/52c589e86fd500cd4a42886683bb52d2/r_8",
            "rotation": 0.12566370614359174,
            "transform_matrix": [
                [
                    0.9987926483154297,
                    0.012058747932314873,
                    -0.0476226843893528,
                    -0.19197317957878113
                ],
                [
                    -0.04912569001317024,
                    0.24517087638378143,
                    -0.9682344198226929,
                    -3.9030778408050537
                ],
                [
                    0.0,
                    0.969404935836792,
                    0.24546721577644348,
                    0.9895099997520447
                ],
                [
                    0.0,
                    0.0,
                    0.0,
                    1.0
                ]
            ]
        },
        {
            "file_path": "/data/shapenet_blender/all_50_random/02958343/52c589e86fd500cd4a42886683bb52d2/r_9",
            "rotation": 0.12566370614359174,
            "transform_matrix": [
                [
                    -0.24536240100860596,
                    0.7379381656646729,
                    -0.6286847591400146,
                    -2.5343093872070312
                ],
                [
                    -0.9694315195083618,
                    -0.18677161633968353,
                    0.15911965072155,
                    0.6414318084716797
                ],
                [
                    -7.450580596923828e-09,
                    0.6485087275505066,
                    0.7612072229385376,
                    3.0685243606567383
                ],
                [
                    0.0,
                    0.0,
                    0.0,
                    1.0
                ]
            ]
        },
        {
            "file_path": "/data/shapenet_blender/all_50_random/02958343/52c589e86fd500cd4a42886683bb52d2/r_10",
            "rotation": 0.12566370614359174,
            "transform_matrix": [
                [
                    0.13255064189434052,
                    -0.49768009781837463,
                    -0.8571725487709045,
                    -3.4553730487823486
                ],
                [
                    -0.9911763072013855,
                    -0.06655507534742355,
                    -0.11463022977113724,
                    -0.4620892405509949
                ],
                [
                    0.0,
                    0.8648033142089844,
                    -0.5021106004714966,
                    -2.0240726470947266
                ],
                [
                    0.0,
                    0.0,
                    0.0,
                    1.0
                ]
            ]
        },
        {
            "file_path": "/data/shapenet_blender/all_50_random/02958343/52c589e86fd500cd4a42886683bb52d2/r_11",
            "rotation": 0.12566370614359174,
            "transform_matrix": [
                [
                    0.9211741089820862,
                    0.07169602066278458,
                    -0.3824891149997711,
                    -1.541862964630127
                ],
                [
                    -0.3891506791114807,
                    0.16971451044082642,
                    -0.9054052829742432,
                    -3.6498055458068848
                ],
                [
                    -7.450580596923828e-09,
                    0.9828818440437317,
                    0.18423716723918915,
                    0.7426837682723999
                ],
                [
                    0.0,
                    0.0,
                    0.0,
                    1.0
                ]
            ]
        },
        {
            "file_path": "/data/shapenet_blender/all_50_random/02958343/52c589e86fd500cd4a42886683bb52d2/r_12",
            "rotation": 0.12566370614359174,
            "transform_matrix": [
                [
                    0.32959800958633423,
                    -0.7788293957710266,
                    -0.5336570143699646,
                    -2.1512398719787598
                ],
                [
                    -0.9441213607788086,
                    -0.2718936800956726,
                    -0.18630264699459076,
                    -0.7510098814964294
                ],
                [
                    1.4901160305669237e-08,
                    0.565241813659668,
                    -0.8249252438545227,
                    -3.3253796100616455
                ],
                [
                    0.0,
                    0.0,
                    0.0,
                    1.0
                ]
            ]
        },
        {
            "file_path": "/data/shapenet_blender/all_50_random/02958343/52c589e86fd500cd4a42886683bb52d2/r_13",
            "rotation": 0.12566370614359174,
            "transform_matrix": [
                [
                    -0.9553914070129395,
                    0.19779334962368011,
                    0.21932898461818695,
                    0.8841434717178345
                ],
                [
                    0.29534289240837097,
                    0.6398327350616455,
                    0.7094973921775818,
                    2.8600757122039795
                ],
                [
                    0.0,
                    0.7426249384880066,
                    -0.6697074770927429,
                    -2.6996774673461914
                ],
                [
                    0.0,
                    0.0,
                    0.0,
                    1.0
                ]
            ]
        },
        {
            "file_path": "/data/shapenet_blender/all_50_random/02958343/52c589e86fd500cd4a42886683bb52d2/r_14",
            "rotation": 0.12566370614359174,
            "transform_matrix": [
                [
                    0.05011049658060074,
                    -0.6482439637184143,
                    -0.7597818374633789,
                    -3.0627787113189697
                ],
                [
                    -0.9987437129020691,
                    -0.03252468630671501,
                    -0.03812093660235405,
                    -0.15367043018341064
                ],
                [
                    1.862645371275562e-09,
                    0.7607375383377075,
                    -0.6490594148635864,
                    -2.6164424419403076
                ],
                [
                    0.0,
                    0.0,
                    0.0,
                    1.0
                ]
            ]
        },
        {
            "file_path": "/data/shapenet_blender/all_50_random/02958343/52c589e86fd500cd4a42886683bb52d2/r_15",
            "rotation": 0.12566370614359174,
            "transform_matrix": [
                [
                    0.08084338158369064,
                    0.6003523468971252,
                    -0.7956389784812927,
                    -3.2073233127593994
                ],
                [
                    -0.9967267513275146,
                    0.048693906515836716,
                    -0.06453338265419006,
                    -0.26014238595962524
                ],
                [
                    0.0,
                    0.7982518076896667,
                    0.6023238301277161,
                    2.4280450344085693
                ],
                [
                    0.0,
                    0.0,
                    0.0,
                    1.0
                ]
            ]
        },
        {
            "file_path": "/data/shapenet_blender/all_50_random/02958343/52c589e86fd500cd4a42886683bb52d2/r_16",
            "rotation": 0.12566370614359174,
            "transform_matrix": [
                [
                    -0.5992075204849243,
                    -0.4731394350528717,
                    0.6458244919776917,
                    2.6034021377563477
                ],
                [
                    0.8005938529968262,
                    -0.3541230261325836,
                    0.4833698868751526,
                    1.9485265016555786
                ],
                [
                    -1.4901162970204496e-08,
                    0.8066819310188293,
                    0.5909856557846069,
                    2.3823397159576416
                ],
                [
                    0.0,
                    0.0,
                    0.0,
                    1.0
                ]
            ]
        },
        {
            "file_path": "/data/shapenet_blender/all_50_random/02958343/52c589e86fd500cd4a42886683bb52d2/r_17",
            "rotation": 0.12566370614359174,
            "transform_matrix": [
                [
                    -0.9939724802970886,
                    -0.04150605574250221,
                    0.10146962106227875,
                    0.40903714299201965
                ],
                [
                    0.10963047295808792,
                    -0.3763175904750824,
                    0.9199815392494202,
                    3.708564519882202
                ],
                [
                    0.0,
                    0.9255604147911072,
                    0.3785996735095978,
                    1.5261842012405396
                ],
                [
                    0.0,
                    0.0,
                    0.0,
                    1.0
                ]
            ]
        },
        {
            "file_path": "/data/shapenet_blender/all_50_random/02958343/52c589e86fd500cd4a42886683bb52d2/r_18",
            "rotation": 0.12566370614359174,
            "transform_matrix": [
                [
                    -0.2505139708518982,
                    0.023309912532567978,
                    -0.9678323268890381,
                    -3.901456832885742
                ],
                [
                    -0.9681129455566406,
                    -0.006031795404851437,
                    0.25044137239456177,
                    1.0095614194869995
                ],
                [
                    0.0,
                    0.999709963798523,
                    0.024077681824564934,
                    0.09706024080514908
                ],
                [
                    0.0,
                    0.0,
                    0.0,
                    1.0
                ]
            ]
        },
        {
            "file_path": "/data/shapenet_blender/all_50_random/02958343/52c589e86fd500cd4a42886683bb52d2/r_19",
            "rotation": 0.12566370614359174,
            "transform_matrix": [
                [
                    -0.49486857652664185,
                    -0.868277907371521,
                    0.03462057188153267,
                    0.13955999910831451
                ],
                [
                    0.8689679503440857,
                    -0.4944756031036377,
                    0.019716069102287292,
                    0.07947802543640137
                ],
                [
                    0.0,
                    0.03984162211418152,
                    0.9992059469223022,
                    4.027928352355957
                ],
                [
                    0.0,
                    0.0,
                    0.0,
                    1.0
                ]
            ]
        },
        {
            "file_path": "/data/shapenet_blender/all_50_random/02958343/52c589e86fd500cd4a42886683bb52d2/r_20",
            "rotation": 0.12566370614359174,
            "transform_matrix": [
                [
                    -0.46605944633483887,
                    -0.07411619275808334,
                    0.881643533706665,
                    3.554018974304199
                ],
                [
                    0.8847534656524658,
                    -0.03904200717806816,
                    0.46442121267318726,
                    1.87214195728302
                ],
                [
                    0.0,
                    0.9964851140975952,
                    0.08377044647932053,
                    0.33768948912620544
                ],
                [
                    0.0,
                    0.0,
                    0.0,
                    1.0
                ]
            ]
        },
        {
            "file_path": "/data/shapenet_blender/all_50_random/02958343/52c589e86fd500cd4a42886683bb52d2/r_21",
            "rotation": 0.12566370614359174,
            "transform_matrix": [
                [
                    0.9517279863357544,
                    -0.13231588900089264,
                    -0.2769589424133301,
                    -1.1164573431015015
                ],
                [
                    -0.3069426119327545,
                    -0.41026803851127625,
                    -0.8587585687637329,
                    -3.4617667198181152
                ],
                [
                    7.4505797087454084e-09,
                    0.9023151397705078,
                    -0.43107694387435913,
                    -1.7377268075942993
                ],
                [
                    0.0,
                    0.0,
                    0.0,
                    1.0
                ]
            ]
        },
        {
            "file_path": "/data/shapenet_blender/all_50_random/02958343/52c589e86fd500cd4a42886683bb52d2/r_22",
            "rotation": 0.12566370614359174,
            "transform_matrix": [
                [
                    0.8763731122016907,
                    -0.1923530399799347,
                    -0.44155454635620117,
                    -1.7799632549285889
                ],
                [
                    -0.4816327691078186,
                    -0.35000327229499817,
                    -0.8034473061561584,
                    -3.238799571990967
                ],
                [
                    0.0,
                    0.9167868494987488,
                    -0.3993769884109497,
                    -1.6099400520324707
                ],
                [
                    0.0,
                    0.0,
                    0.0,
                    1.0
                ]
            ]
        },
        {
            "file_path": "/data/shapenet_blender/all_50_random/02958343/52c589e86fd500cd4a42886683bb52d2/r_23",
            "rotation": 0.12566370614359174,
            "transform_matrix": [
                [
                    -0.9640259742736816,
                    0.173904150724411,
                    0.20102530717849731,
                    0.810359001159668
                ],
                [
                    0.2658078670501709,
                    0.6307116150856018,
                    0.7290740013122559,
                    2.9389915466308594
                ],
                [
                    0.0,
                    0.7562805414199829,
                    -0.6542474627494812,
                    -2.6373560428619385
                ],
                [
                    0.0,
                    0.0,
                    0.0,
                    1.0
                ]
            ]
        },
        {
            "file_path": "/data/shapenet_blender/all_50_random/02958343/52c589e86fd500cd4a42886683bb52d2/r_24",
            "rotation": 0.12566370614359174,
            "transform_matrix": [
                [
                    0.6282328963279724,
                    0.34270626306533813,
                    -0.6984810829162598,
                    -2.8156673908233643
                ],
                [
                    -0.7780253887176514,
                    0.27672532200813293,
                    -0.5640031695365906,
                    -2.2735695838928223
                ],
                [
                    -1.4901162970204496e-08,
                    0.897761344909668,
                    0.44048210978507996,
                    1.7756401300430298
                ],
                [
                    0.0,
                    0.0,
                    0.0,
                    1.0
                ]
            ]
        },
        {
            "file_path": "/data/shapenet_blender/all_50_random/02958343/52c589e86fd500cd4a42886683bb52d2/r_25",
            "rotation": 0.12566370614359174,
            "transform_matrix": [
                [
                    0.10968957096338272,
                    0.7550627589225769,
                    -0.6464120149612427,
                    -2.6057701110839844
                ],
                [
                    -0.9939658641815186,
                    0.08332530409097672,
                    -0.07133509963750839,
                    -0.28756099939346313
                ],
                [
                    0.0,
                    0.6503362655639648,
                    0.7596464157104492,
                    3.062232732772827
                ],
                [
                    0.0,
                    0.0,
                    0.0,
                    1.0
                ]
            ]
        },
        {
            "file_path": "/data/shapenet_blender/all_50_random/02958343/52c589e86fd500cd4a42886683bb52d2/r_26",
            "rotation": 0.12566370614359174,
            "transform_matrix": [
                [
                    0.6801000237464905,
                    -0.4869867265224457,
                    -0.548003613948822,
                    -2.209073305130005
                ],
                [
                    -0.7331193685531616,
                    -0.4517677426338196,
                    -0.508371889591217,
                    -2.0493125915527344
                ],
                [
                    1.4901161193847656e-08,
                    0.7474957704544067,
                    -0.6642665266990662,
                    -2.677743911743164
                ],
                [
                    0.0,
                    0.0,
                    0.0,
                    1.0
                ]
            ]
        },
        {
            "file_path": "/data/shapenet_blender/all_50_random/02958343/52c589e86fd500cd4a42886683bb52d2/r_27",
            "rotation": 0.12566370614359174,
            "transform_matrix": [
                [
                    -0.6980761885643005,
                    0.1891842484474182,
                    0.6905785799026489,
                    2.783811569213867
                ],
                [
                    0.7160233855247498,
                    0.18444232642650604,
                    0.6732691526412964,
                    2.7140350341796875
                ],
                [
                    0.0,
                    0.9644637107849121,
                    -0.2642151415348053,
                    -1.0650854110717773
                ],
                [
                    0.0,
                    0.0,
                    0.0,
                    1.0
                ]
            ]
        },
        {
            "file_path": "/data/shapenet_blender/all_50_random/02958343/52c589e86fd500cd4a42886683bb52d2/r_28",
            "rotation": 0.12566370614359174,
            "transform_matrix": [
                [
                    -0.5156279802322388,
                    -0.6156570315361023,
                    -0.5958977341651917,
                    -2.4021408557891846
                ],
                [
                    -0.856812596321106,
                    0.3705011010169983,
                    0.3586099445819855,
                    1.4456030130386353
                ],
                [
                    2.9802322387695312e-08,
                    0.6954820156097412,
                    -0.7185434103012085,
                    -2.8965413570404053
                ],
                [
                    0.0,
                    0.0,
                    0.0,
                    1.0
                ]
            ]
        },
        {
            "file_path": "/data/shapenet_blender/all_50_random/02958343/52c589e86fd500cd4a42886683bb52d2/r_29",
            "rotation": 0.12566370614359174,
            "transform_matrix": [
                [
                    0.5831440091133118,
                    0.16190586984157562,
                    0.7960712909698486,
                    3.2090659141540527
                ],
                [
                    0.8123686909675598,
                    -0.11622116714715958,
                    -0.5714452266693115,
                    -2.3035693168640137
                ],
                [
                    0.0,
                    0.9799383282661438,
                    -0.19930094480514526,
                    -0.8034077882766724
                ],
                [
                    0.0,
                    0.0,
                    0.0,
                    1.0
                ]
            ]
        },
        {
            "file_path": "/data/shapenet_blender/all_50_random/02958343/52c589e86fd500cd4a42886683bb52d2/r_30",
            "rotation": 0.12566370614359174,
            "transform_matrix": [
                [
                    0.9986484050750732,
                    -0.04379309341311455,
                    0.027988722547888756,
                    0.1128261387348175
                ],
                [
                    0.05197310820221901,
                    0.841471791267395,
                    -0.5377953052520752,
                    -2.167922019958496
                ],
                [
                    -1.8626450382086546e-09,
                    0.5385230779647827,
                    0.842610776424408,
                    3.396672248840332
                ],
                [
                    0.0,
                    0.0,
                    0.0,
                    1.0
                ]
            ]
        },
        {
            "file_path": "/data/shapenet_blender/all_50_random/02958343/52c589e86fd500cd4a42886683bb52d2/r_31",
            "rotation": 0.12566370614359174,
            "transform_matrix": [
                [
                    -0.712814450263977,
                    -0.5530428886413574,
                    -0.4313226044178009,
                    -1.7387170791625977
                ],
                [
                    -0.7013527154922485,
                    0.5620808601379395,
                    0.4383713901042938,
                    1.7671315670013428
                ],
                [
                    0.0,
                    0.614986777305603,
                    -0.7885374426841736,
                    -3.1786961555480957
                ],
                [
                    0.0,
                    0.0,
                    0.0,
                    1.0
                ]
            ]
        },
        {
            "file_path": "/data/shapenet_blender/all_50_random/02958343/52c589e86fd500cd4a42886683bb52d2/r_32",
            "rotation": 0.12566370614359174,
            "transform_matrix": [
                [
                    -0.229741632938385,
                    0.29748669266700745,
                    -0.9266717433929443,
                    -3.7355329990386963
                ],
                [
                    -0.9732517004013062,
                    -0.07022344321012497,
                    0.21874617040157318,
                    0.8817939758300781
                ],
                [
                    -7.4505797087454084e-09,
                    0.9521399140357971,
                    0.3056626617908478,
                    1.2321655750274658
                ],
                [
                    0.0,
                    0.0,
                    0.0,
                    1.0
                ]
            ]
        },
        {
            "file_path": "/data/shapenet_blender/all_50_random/02958343/52c589e86fd500cd4a42886683bb52d2/r_33",
            "rotation": 0.12566370614359174,
            "transform_matrix": [
                [
                    -0.6974944472312927,
                    0.17433889210224152,
                    -0.6950592398643494,
                    -2.8018736839294434
                ],
                [
                    -0.716590166091919,
                    -0.16969309747219086,
                    0.676537275314331,
                    2.7272093296051025
                ],
                [
                    0.0,
                    0.969953715801239,
                    0.2432895302772522,
                    0.9807315468788147
                ],
                [
                    0.0,
                    0.0,
                    0.0,
                    1.0
                ]
            ]
        },
        {
            "file_path": "/data/shapenet_blender/all_50_random/02958343/52c589e86fd500cd4a42886683bb52d2/r_34",
            "rotation": 0.12566370614359174,
            "transform_matrix": [
                [
                    0.8053882122039795,
                    -0.22318731248378754,
                    0.5491241216659546,
                    2.213590145111084
                ],
                [
                    0.5927477478981018,
                    0.30325281620025635,
                    -0.7461151480674744,
                    -3.0076863765716553
                ],
                [
                    0.0,
                    0.9264044165611267,
                    0.3765299916267395,
                    1.5178409814834595
                ],
                [
                    0.0,
                    0.0,
                    0.0,
                    1.0
                ]
            ]
        },
        {
            "file_path": "/data/shapenet_blender/all_50_random/02958343/52c589e86fd500cd4a42886683bb52d2/r_35",
            "rotation": 0.12566370614359174,
            "transform_matrix": [
                [
                    0.9562416672706604,
                    0.19216181337833405,
                    -0.22062577307224274,
                    -0.8893709778785706
                ],
                [
                    -0.2925780415534973,
                    0.628048300743103,
                    -0.7210779190063477,
                    -2.9067583084106445
                ],
                [
                    0.0,
                    0.7540749907493591,
                    0.656788170337677,
                    2.6475980281829834
                ],
                [
                    0.0,
                    0.0,
                    0.0,
                    1.0
                ]
            ]
        },
        {
            "file_path": "/data/shapenet_blender/all_50_random/02958343/52c589e86fd500cd4a42886683bb52d2/r_36",
            "rotation": 0.12566370614359174,
            "transform_matrix": [
                [
                    0.5657706260681152,
                    -0.04257790744304657,
                    -0.8234626054763794,
                    -3.319484233856201
                ],
                [
                    -0.8245627880096436,
                    -0.02921467088162899,
                    -0.5650157332420349,
                    -2.27765154838562
                ],
                [
                    0.0,
                    0.9986659288406372,
                    -0.0516369491815567,
                    -0.20815521478652954
                ],
                [
                    0.0,
                    0.0,
                    0.0,
                    1.0
                ]
            ]
        },
        {
            "file_path": "/data/shapenet_blender/all_50_random/02958343/52c589e86fd500cd4a42886683bb52d2/r_37",
            "rotation": 0.12566370614359174,
            "transform_matrix": [
                [
                    0.1260596364736557,
                    0.8602604269981384,
                    0.4940251410007477,
                    1.9914790391921997
                ],
                [
                    0.992022693157196,
                    -0.10931616276502609,
                    -0.06277742236852646,
                    -0.2530638873577118
                ],
                [
                    0.0,
                    0.49799787998199463,
                    -0.8671783208847046,
                    -3.4957075119018555
                ],
                [
                    0.0,
                    0.0,
                    0.0,
                    1.0
                ]
            ]
        },
        {
            "file_path": "/data/shapenet_blender/all_50_random/02958343/52c589e86fd500cd4a42886683bb52d2/r_38",
            "rotation": 0.12566370614359174,
            "transform_matrix": [
                [
                    0.9957510232925415,
                    -0.011572809889912605,
                    0.09135549515485764,
                    0.3682658076286316
                ],
                [
                    0.0920855924487114,
                    0.1251405030488968,
                    -0.9878561496734619,
                    -3.9821760654449463
                ],
                [
                    -9.313225191043273e-10,
                    0.9920715689659119,
                    0.12567444145679474,
                    0.5066099166870117
                ],
                [
                    0.0,
                    0.0,
                    0.0,
                    1.0
                ]
            ]
        },
        {
            "file_path": "/data/shapenet_blender/all_50_random/02958343/52c589e86fd500cd4a42886683bb52d2/r_39",
            "rotation": 0.12566370614359174,
            "transform_matrix": [
                [
                    -0.8120835423469543,
                    0.03729039803147316,
                    -0.5823484063148499,
                    -2.3475215435028076
                ],
                [
                    -0.5835410952568054,
                    -0.05189508944749832,
                    0.810423731803894,
                    3.2669224739074707
                ],
                [
                    1.8626450382086546e-09,
                    0.9979560375213623,
                    0.06390362977981567,
                    0.2576037645339966
                ],
                [
                    0.0,
                    0.0,
                    0.0,
                    1.0
                ]
            ]
        },
        {
            "file_path": "/data/shapenet_blender/all_50_random/02958343/52c589e86fd500cd4a42886683bb52d2/r_40",
            "rotation": 0.12566370614359174,
            "transform_matrix": [
                [
                    0.8975213170051575,
                    0.07327136397361755,
                    0.4348410665988922,
                    1.7529003620147705
                ],
                [
                    0.4409709870815277,
                    -0.14913137257099152,
                    -0.8850448727607727,
                    -3.567729949951172
                ],
                [
                    0.0,
                    0.9860990047454834,
                    -0.16615912318229675,
                    -0.6698088645935059
                ],
                [
                    0.0,
                    0.0,
                    0.0,
                    1.0
                ]
            ]
        },
        {
            "file_path": "/data/shapenet_blender/all_50_random/02958343/52c589e86fd500cd4a42886683bb52d2/r_41",
            "rotation": 0.12566370614359174,
            "transform_matrix": [
                [
                    -0.04526253789663315,
                    -0.13127103447914124,
                    0.9903126955032349,
                    3.9920780658721924
                ],
                [
                    0.9989750981330872,
                    -0.00594775564968586,
                    0.044870052486658096,
                    0.1808769702911377
                ],
                [
                    0.0,
