{
    "class": "02958343",
    "model": "c46a940147e6da66ca92a4cdad802b45",
    "remove_doubles": true,
    "edge_split": true,
    "denoise": true,
    "camera_angle_x": 0.6911112070083618,
    "scale_factor": 2.28238338867467,
    "hdri_file": "/data/IndoorHDRDataset2018/9C4A8802-906be29fde.exr",
    "center_offset": [
        0.0,
        -1.862645149230957e-09,
        -3.725290298461914e-09
    ],
    "lights": [],
    "frames": [
        {
            "file_path": "/data/shapenet_blender/all_50_random/02958343/c46a940147e6da66ca92a4cdad802b45/r_0",
            "rotation": 0.12566370614359174,
            "transform_matrix": [
                [
                    0.5166498422622681,
                    0.5295338034629822,
                    -0.6728052496910095,
                    -2.7121646404266357
                ],
                [
                    -0.8561967611312866,
                    0.3195335268974304,
                    -0.4059869945049286,
                    -1.6365859508514404
                ],
                [
                    0.0,
                    0.7858068346977234,
                    0.6184720396995544,
                    2.493140459060669
                ],
                [
                    0.0,
                    0.0,
                    0.0,
                    1.0
                ]
            ]
        },
        {
            "file_path": "/data/shapenet_blender/all_50_random/02958343/c46a940147e6da66ca92a4cdad802b45/r_1",
            "rotation": 0.12566370614359174,
            "transform_matrix": [
                [
                    -0.8827254772186279,
                    0.2616628110408783,
                    0.39029258489608765,
                    1.5733200311660767
                ],
                [
                    0.46988916397094727,
                    0.4915551543235779,
                    0.7331967949867249,
                    2.955610990524292
                ],
                [
                    0.0,
                    0.8306057453155518,
                    -0.5568607449531555,
                    -2.2447776794433594
                ],
                [
                    0.0,
                    0.0,
                    0.0,
                    1.0
                ]
            ]
        },
        {
            "file_path": "/data/shapenet_blender/all_50_random/02958343/c46a940147e6da66ca92a4cdad802b45/r_2",
            "rotation": 0.12566370614359174,
            "transform_matrix": [
                [
                    0.38892754912376404,
                    -0.43298640847206116,
                    0.8131777048110962,
                    3.278024435043335
                ],
                [
                    0.9212684631347656,
                    0.1827918291091919,
                    -0.3432953953742981,
                    -1.3838680982589722
                ],
                [
                    0.0,
                    0.8826720118522644,
                    0.46998944878578186,
                    1.8945882320404053
                ],
                [
                    0.0,
                    0.0,
                    0.0,
                    1.0
                ]
            ]
        },
        {
            "file_path": "/data/shapenet_blender/all_50_random/02958343/c46a940147e6da66ca92a4cdad802b45/r_3",
            "rotation": 0.12566370614359174,
            "transform_matrix": [
                [
                    0.09504275023937225,
                    0.12443257868289948,
                    -0.9876656532287598,
                    -3.981407642364502
                ],
                [
                    -0.9954732060432434,
                    0.011880192905664444,
                    -0.09429732710123062,
                    -0.38012468814849854
                ],
                [
                    -9.313225746154785e-10,
                    0.9921568632125854,
                    0.12499842792749405,
                    0.5038847923278809
                ],
                [
                    0.0,
                    0.0,
                    0.0,
                    1.0
                ]
            ]
        },
        {
            "file_path": "/data/shapenet_blender/all_50_random/02958343/c46a940147e6da66ca92a4cdad802b45/r_4",
            "rotation": 0.12566370614359174,
            "transform_matrix": [
                [
                    -0.8686450719833374,
                    0.27578023076057434,
                    -0.4115835428237915,
                    -1.6591463088989258
                ],
                [
                    -0.4954349398612976,
                    -0.48352494835853577,
                    0.7216286063194275,
                    2.90897798538208
                ],
                [
                    0.0,
                    0.830751895904541,
                    0.5566427707672119,
                    2.243898868560791
                ],
                [
                    0.0,
                    0.0,
                    0.0,
                    1.0
                ]
            ]
        },
        {
            "file_path": "/data/shapenet_blender/all_50_random/02958343/c46a940147e6da66ca92a4cdad802b45/r_5",
            "rotation": 0.12566370614359174,
            "transform_matrix": [
                [
                    -0.5673022866249084,
                    -0.4500671625137329,
                    0.6896430850028992,
                    2.7800402641296387
                ],
                [
                    0.8235096335411072,
                    -0.3100438714027405,
                    0.4750838279724121,
                    1.9151241779327393
                ],
                [
                    0.0,
                    0.8374438285827637,
                    0.5465232729911804,
                    2.2031056880950928
                ],
                [
                    0.0,
                    0.0,
                    0.0,
                    1.0
                ]
            ]
        },
        {
            "file_path": "/data/shapenet_blender/all_50_random/02958343/c46a940147e6da66ca92a4cdad802b45/r_6",
            "rotation": 0.12566370614359174,
            "transform_matrix": [
                [
                    -0.7436427474021912,
                    -0.14887702465057373,
                    -0.6517907381057739,
                    -2.6274526119232178
                ],
                [
                    -0.668577253818512,
                    0.16559240221977234,
                    0.7249714732170105,
                    2.9224534034729004
                ],
                [
                    0.0,
                    0.9748921394348145,
                    -0.22267739474773407,
                    -0.8976413011550903
                ],
                [
                    0.0,
                    0.0,
                    0.0,
                    1.0
                ]
            ]
        },
        {
            "file_path": "/data/shapenet_blender/all_50_random/02958343/c46a940147e6da66ca92a4cdad802b45/r_7",
            "rotation": 0.12566370614359174,
            "transform_matrix": [
                [
                    0.4138859808444977,
                    -0.4583914279937744,
                    0.7864958047866821,
                    3.1704659461975098
                ],
                [
                    0.91032874584198,
                    0.20841017365455627,
                    -0.3575846552848816,
                    -1.4414699077606201
                ],
                [
                    1.4901161193847656e-08,
                    0.8639689087867737,
                    0.5035449862480164,
                    2.0298547744750977
                ],
                [
                    0.0,
                    0.0,
                    0.0,
                    1.0
                ]
            ]
        },
        {
            "file_path": "/data/shapenet_blender/all_50_random/02958343/c46a940147e6da66ca92a4cdad802b45/r_8",
            "rotation": 0.12566370614359174,
            "transform_matrix": [
                [
                    0.9976434707641602,
                    -0.037500206381082535,
                    0.05745689198374748,
                    0.23161613941192627
                ],
                [
                    0.06861165910959244,
                    0.5452693104743958,
                    -0.8354482650756836,
                    -3.367799758911133
                ],
                [
                    3.725290298461914e-09,
                    0.837421715259552,
                    0.5465573072433472,
                    2.2032430171966553
                ],
                [
                    0.0,
                    0.0,
                    0.0,
                    1.0
                ]
            ]
        },
        {
            "file_path": "/data/shapenet_blender/all_50_random/02958343/c46a940147e6da66ca92a4cdad802b45/r_9",
            "rotation": 0.12566370614359174,
            "transform_matrix": [
                [
                    0.3321342170238495,
                    -0.5823377966880798,
                    -0.7420037984848022,
                    -2.9911129474639893
                ],
                [
                    -0.9432321190834045,
                    -0.2050548493862152,
                    -0.2612770199775696,
                    -1.0532413721084595
                ],
                [
                    0.0,
                    0.7866608500480652,
                    -0.6173853874206543,
                    -2.488759994506836
                ],
                [
                    0.0,
                    0.0,
                    0.0,
                    1.0
                ]
            ]
        },
        {
            "file_path": "/data/shapenet_blender/all_50_random/02958343/c46a940147e6da66ca92a4cdad802b45/r_10",
            "rotation": 0.12566370614359174,
            "transform_matrix": [
                [
                    0.9139095544815063,
                    0.22981615364551544,
                    -0.334595263004303,
                    -1.3487966060638428
                ],
                [
                    -0.40591806173324585,
                    0.5174225568771362,
                    -0.7533288598060608,
                    -3.0367655754089355
                ],
                [
                    1.4901161193847656e-08,
                    0.8242926001548767,
                    0.566163957118988,
                    2.2822799682617188
                ],
                [
                    0.0,
                    0.0,
                    0.0,
                    1.0
                ]
            ]
        },
        {
            "file_path": "/data/shapenet_blender/all_50_random/02958343/c46a940147e6da66ca92a4cdad802b45/r_11",
            "rotation": 0.12566370614359174,
            "transform_matrix": [
                [
                    0.33352261781692505,
                    -0.017381668090820312,
                    -0.9425817728042603,
                    -3.799668788909912
                ],
                [
                    -0.9427419900894165,
                    -0.006149274297058582,
                    -0.33346593379974365,
                    -1.3442442417144775
                ],
                [
                    4.6566123179658803e-10,
                    0.9998300075531006,
                    -0.018437350168824196,
                    -0.07432334125041962
                ],
                [
                    0.0,
                    0.0,
                    0.0,
                    1.0
                ]
            ]
        },
        {
            "file_path": "/data/shapenet_blender/all_50_random/02958343/c46a940147e6da66ca92a4cdad802b45/r_12",
            "rotation": 0.12566370614359174,
            "transform_matrix": [
                [
                    -0.8132351040840149,
                    -0.3112238049507141,
                    -0.4917198419570923,
                    -1.9821860790252686
                ],
                [
                    -0.5819352865219116,
                    0.4349248707294464,
                    0.6871620416641235,
                    2.7700388431549072
                ],
                [
                    0.0,
                    0.8449734449386597,
                    -0.5348082780838013,
                    -2.15588116645813
                ],
                [
                    0.0,
                    0.0,
                    0.0,
                    1.0
                ]
            ]
        },
        {
            "file_path": "/data/shapenet_blender/all_50_random/02958343/c46a940147e6da66ca92a4cdad802b45/r_13",
            "rotation": 0.12566370614359174,
            "transform_matrix": [
                [
                    0.4219798445701599,
                    -0.2912457287311554,
                    0.858550488948822,
                    3.460927724838257
                ],
                [
                    0.9066053032875061,
                    0.13556043803691864,
                    -0.399612694978714,
                    -1.61089026927948
                ],
                [
                    7.450581485102248e-09,
                    0.9469948410987854,
                    0.3212486505508423,
                    1.2949947118759155
                ],
                [
                    0.0,
                    0.0,
                    0.0,
                    1.0
                ]
            ]
        },
        {
            "file_path": "/data/shapenet_blender/all_50_random/02958343/c46a940147e6da66ca92a4cdad802b45/r_14",
            "rotation": 0.12566370614359174,
            "transform_matrix": [
                [
                    -0.5748762488365173,
                    -0.771654486656189,
                    -0.2721516191959381,
                    -1.0970784425735474
                ],
                [
                    -0.8182404041290283,
                    0.5421460866928101,
                    0.19120725989341736,
                    0.7707811594009399
                ],
                [
                    0.0,
                    0.3326059579849243,
                    -0.9430657625198364,
                    -3.8016200065612793
                ],
                [
                    0.0,
                    0.0,
                    0.0,
                    1.0
                ]
            ]
        },
        {
            "file_path": "/data/shapenet_blender/all_50_random/02958343/c46a940147e6da66ca92a4cdad802b45/r_15",
            "rotation": 0.12566370614359174,
            "transform_matrix": [
                [
                    -0.12750370800495148,
                    -0.12642014026641846,
                    0.9837482571601868,
                    3.965616226196289
                ],
                [
                    0.9918380975723267,
                    -0.016251683235168457,
                    0.12646374106407166,
                    0.5097917318344116
                ],
                [
                    0.0,
                    0.9918437004089355,
                    0.12746042013168335,
                    0.5138094425201416
                ],
                [
                    0.0,
                    0.0,
                    0.0,
                    1.0
                ]
            ]
        },
        {
            "file_path": "/data/shapenet_blender/all_50_random/02958343/c46a940147e6da66ca92a4cdad802b45/r_16",
            "rotation": 0.12566370614359174,
            "transform_matrix": [
                [
                    0.5646936297416687,
                    0.4179321527481079,
                    -0.7116556167602539,
                    -2.8687756061553955
                ],
                [
                    -0.8253005146980286,
                    0.2859608232975006,
                    -0.4869346618652344,
                    -1.962896466255188
                ],
                [
                    -1.4901160305669237e-08,
                    0.8622986674308777,
                    0.506399929523468,
                    2.041363477706909
                ],
                [
                    0.0,
                    0.0,
                    0.0,
                    1.0
                ]
            ]
        },
        {
            "file_path": "/data/shapenet_blender/all_50_random/02958343/c46a940147e6da66ca92a4cdad802b45/r_17",
            "rotation": 0.12566370614359174,
            "transform_matrix": [
                [
                    0.4332426190376282,
                    0.34907761216163635,
                    -0.8309305310249329,
                    -3.349588394165039
                ],
                [
                    -0.9012774229049683,
                    0.16780105233192444,
                    -0.39942696690559387,
                    -1.6101417541503906
                ],
                [
                    0.0,
                    0.921947717666626,
                    0.38731423020362854,
                    1.5613137483596802
                ],
                [
                    0.0,
                    0.0,
                    0.0,
                    1.0
                ]
            ]
        },
        {
            "file_path": "/data/shapenet_blender/all_50_random/02958343/c46a940147e6da66ca92a4cdad802b45/r_18",
            "rotation": 0.12566370614359174,
            "transform_matrix": [
                [
                    -0.811211884021759,
                    -0.49571776390075684,
                    -0.3101598918437958,
                    -1.25029456615448
                ],
                [
                    -0.5847523808479309,
                    0.6876964569091797,
                    0.4302768111228943,
                    1.7345013618469238
                ],
                [
                    0.0,
                    0.5304123759269714,
                    -0.8477397561073303,
                    -3.4173481464385986
                ],
                [
                    0.0,
                    0.0,
                    0.0,
                    1.0
                ]
            ]
        },
        {
            "file_path": "/data/shapenet_blender/all_50_random/02958343/c46a940147e6da66ca92a4cdad802b45/r_19",
            "rotation": 0.12566370614359174,
            "transform_matrix": [
                [
                    0.8834058046340942,
                    0.17708951234817505,
                    0.4338590204715729,
                    1.7489417791366577
                ],
                [
                    0.4686090350151062,
                    -0.3338431119918823,
                    -0.8178962469100952,
                    -3.2970454692840576
                ],
                [
                    0.0,
                    0.9258445501327515,
                    -0.37790462374687195,
                    -1.5233824253082275
                ],
                [
                    0.0,
                    0.0,
                    0.0,
                    1.0
                ]
            ]
        },
        {
            "file_path": "/data/shapenet_blender/all_50_random/02958343/c46a940147e6da66ca92a4cdad802b45/r_20",
            "rotation": 0.12566370614359174,
            "transform_matrix": [
                [
                    0.9440709948539734,
                    -0.1585274189710617,
                    -0.2891351878643036,
                    -1.165541172027588
                ],
                [
                    -0.3297424912452698,
                    -0.45387277007102966,
                    -0.8278100490570068,
                    -3.3370089530944824
                ],
                [
                    0.0,
                    0.876851499080658,
                    -0.4807613492012024,
                    -1.9380109310150146
                ],
                [
                    0.0,
                    0.0,
                    0.0,
                    1.0
                ]
            ]
        },
        {
            "file_path": "/data/shapenet_blender/all_50_random/02958343/c46a940147e6da66ca92a4cdad802b45/r_21",
            "rotation": 0.12566370614359174,
            "transform_matrix": [
                [
                    0.9271924495697021,
                    -0.19101068377494812,
                    -0.32222527265548706,
                    -1.29893159866333
                ],
                [
                    -0.3745853900909424,
                    -0.4727991819381714,
                    -0.797588050365448,
                    -3.2151801586151123
                ],
                [
                    0.0,
                    0.8602184057235718,
                    -0.5099257230758667,
                    -2.0555763244628906
                ],
                [
                    0.0,
                    0.0,
                    0.0,
                    1.0
                ]
            ]
        },
        {
            "file_path": "/data/shapenet_blender/all_50_random/02958343/c46a940147e6da66ca92a4cdad802b45/r_22",
            "rotation": 0.12566370614359174,
            "transform_matrix": [
                [
                    0.9715607762336731,
                    0.0039451345801353455,
                    -0.23675724864006042,
                    -0.9543988704681396
                ],
                [
                    -0.23679007589817047,
                    0.016187071800231934,
                    -0.9714260101318359,
                    -3.915943145751953
                ],
                [
                    2.328306020205062e-10,
                    0.9998612403869629,
                    0.016660893335938454,
                    0.06716220080852509
                ],
                [
                    0.0,
                    0.0,
                    0.0,
                    1.0
                ]
            ]
        },
        {
            "file_path": "/data/shapenet_blender/all_50_random/02958343/c46a940147e6da66ca92a4cdad802b45/r_23",
            "rotation": 0.12566370614359174,
            "transform_matrix": [
                [
                    0.5077004432678223,
                    0.2025616466999054,
                    0.8373821973800659,
                    3.3755955696105957
                ],
                [
                    0.8615335822105408,
                    -0.11936928331851959,
                    -0.49346810579299927,
                    -1.9892336130142212
                ],
                [
                    0.0,
                    0.9719669222831726,
                    -0.23511752486228943,
                    -0.9477890729904175
                ],
                [
                    0.0,
                    0.0,
                    0.0,
                    1.0
                ]
            ]
        },
        {
            "file_path": "/data/shapenet_blender/all_50_random/02958343/c46a940147e6da66ca92a4cdad802b45/r_24",
            "rotation": 0.12566370614359174,
            "transform_matrix": [
                [
                    0.3934454321861267,
                    -0.5257964134216309,
                    -0.7541477084159851,
                    -3.040066719055176
                ],
                [
                    -0.9193480610847473,
                    -0.22502055764198303,
                    -0.32274606823921204,
                    -1.3010309934616089
                ],
                [
                    0.0,
                    0.8203070759773254,
                    -0.5719231963157654,
                    -2.3054962158203125
                ],
                [
                    0.0,
                    0.0,
                    0.0,
                    1.0
                ]
            ]
        },
        {
            "file_path": "/data/shapenet_blender/all_50_random/02958343/c46a940147e6da66ca92a4cdad802b45/r_25",
            "rotation": 0.12566370614359174,
            "transform_matrix": [
                [
                    0.9016251564025879,
                    0.009528451599180698,
                    -0.43241336941719055,
                    -1.7431141138076782
                ],
                [
                    -0.4325184226036072,
                    0.01986294984817505,
                    -0.9014062285423279,
                    -3.6336848735809326
                ],
                [
                    0.0,
                    0.9997572898864746,
                    0.022030163556337357,
                    0.08880643546581268
                ],
                [
                    0.0,
                    0.0,
                    0.0,
                    1.0
                ]
            ]
        },
        {
            "file_path": "/data/shapenet_blender/all_50_random/02958343/c46a940147e6da66ca92a4cdad802b45/r_26",
            "rotation": 0.12566370614359174,
            "transform_matrix": [
                [
                    0.3616879880428314,
                    0.4675155282020569,
                    0.8066045641899109,
                    3.2515273094177246
                ],
                [
                    0.9322991967201233,
                    -0.18137392401695251,
                    -0.31292441487312317,
                    -1.2614387273788452
                ],
                [
                    1.4901161193847656e-08,
                    0.8651778101921082,
                    -0.5014650821685791,
                    -2.021470546722412
                ],
                [
                    0.0,
                    0.0,
                    0.0,
                    1.0
                ]
            ]
        },
        {
            "file_path": "/data/shapenet_blender/all_50_random/02958343/c46a940147e6da66ca92a4cdad802b45/r_27",
            "rotation": 0.12566370614359174,
            "transform_matrix": [
                [
                    0.1330273300409317,
                    -0.05135808512568474,
                    -0.9897807240486145,
                    -3.989933967590332
                ],
                [
                    -0.9911124110221863,
                    -0.006893293932080269,
                    -0.1328485906124115,
                    -0.5355298519134521
                ],
                [
                    0.0,
                    0.9986564517021179,
                    -0.05181862413883209,
                    -0.20888757705688477
                ],
                [
                    0.0,
                    0.0,
                    0.0,
                    1.0
                ]
            ]
        },
        {
            "file_path": "/data/shapenet_blender/all_50_random/02958343/c46a940147e6da66ca92a4cdad802b45/r_28",
            "rotation": 0.12566370614359174,
            "transform_matrix": [
                [
                    0.6626879572868347,
                    0.079310342669487,
                    0.7446841597557068,
                    3.001917839050293
                ],
                [
                    0.7488955855369568,
                    -0.07018069177865982,
                    -0.6589613556861877,
                    -2.656358242034912
                ],
                [
                    -3.725290298461914e-09,
                    0.9943764209747314,
                    -0.10590307414531708,
                    -0.426908940076828
                ],
                [
                    0.0,
                    0.0,
                    0.0,
                    1.0
                ]
            ]
        },
        {
            "file_path": "/data/shapenet_blender/all_50_random/02958343/c46a940147e6da66ca92a4cdad802b45/r_29",
            "rotation": 0.12566370614359174,
            "transform_matrix": [
                [
                    0.14956514537334442,
                    -0.07600294053554535,
                    -0.9858263731002808,
                    -3.9739935398101807
                ],
                [
                    -0.9887518882751465,
                    -0.01149670872837305,
                    -0.14912261068820953,
                    -0.6011325120925903
                ],
                [
                    -9.313225746154785e-10,
                    0.9970413446426392,
                    -0.07686755061149597,
                    -0.30986303091049194
                ],
                [
                    0.0,
                    0.0,
                    0.0,
                    1.0
                ]
            ]
        },
        {
            "file_path": "/data/shapenet_blender/all_50_random/02958343/c46a940147e6da66ca92a4cdad802b45/r_30",
            "rotation": 0.12566370614359174,
            "transform_matrix": [
                [
                    -0.8953730463981628,
                    -0.08869100362062454,
                    0.4363953471183777,
                    1.75916588306427
                ],
                [
                    0.44531676173210144,
                    -0.17832596600055695,
                    0.8774353265762329,
                    3.537055015563965
                ],
                [
                    0.0,
                    0.9799661636352539,
                    0.19916385412216187,
                    0.8028551936149597
                ],
                [
                    0.0,
                    0.0,
                    0.0,
                    1.0
                ]
            ]
        },
        {
            "file_path": "/data/shapenet_blender/all_50_random/02958343/c46a940147e6da66ca92a4cdad802b45/r_31",
            "rotation": 0.12566370614359174,
            "transform_matrix": [
                [
                    0.8712453246116638,
                    0.01093338057398796,
                    -0.4907260835170746,
                    -1.978180170059204
                ],
                [
                    -0.4908478856086731,
                    0.019406534731388092,
                    -0.8710291385650635,
                    -3.511230707168579
                ],
                [
                    0.0,
                    0.9997519254684448,
                    0.022274479269981384,
                    0.08979129791259766
                ],
                [
                    0.0,
                    0.0,
                    0.0,
                    1.0
                ]
            ]
        },
        {
            "file_path": "/data/shapenet_blender/all_50_random/02958343/c46a940147e6da66ca92a4cdad802b45/r_32",
            "rotation": 0.12566370614359174,
            "transform_matrix": [
                [
                    0.17707429826259613,
                    -0.8361284732818604,
                    -0.5191665887832642,
                    -2.092827558517456
                ],
                [
                    -0.9841974377632141,
                    -0.15043410658836365,
                    -0.09340713173151016,
                    -0.37653619050979614
                ],
                [
                    0.0,
                    0.5275023579597473,
                    -0.8495535254478455,
                    -3.4246597290039062
                ],
                [
                    0.0,
                    0.0,
                    0.0,
                    1.0
                ]
            ]
        },
        {
            "file_path": "/data/shapenet_blender/all_50_random/02958343/c46a940147e6da66ca92a4cdad802b45/r_33",
            "rotation": 0.12566370614359174,
            "transform_matrix": [
                [
                    0.785097599029541,
                    -0.019931495189666748,
                    -0.6190513372421265,
                    -2.4954757690429688
                ],
                [
                    -0.6193721294403076,
                    -0.025264566764235497,
                    -0.7846909761428833,
                    -3.1631906032562256
                ],
                [
                    0.0,
                    0.9994820356369019,
                    -0.03218016400933266,
                    -0.12972238659858704
                ],
                [
                    0.0,
                    0.0,
                    0.0,
                    1.0
                ]
            ]
        },
        {
            "file_path": "/data/shapenet_blender/all_50_random/02958343/c46a940147e6da66ca92a4cdad802b45/r_34",
            "rotation": 0.12566370614359174,
            "transform_matrix": [
                [
                    0.22813813388347626,
                    -0.46417325735092163,
                    -0.8558598756790161,
                    -3.4500815868377686
                ],
                [
                    -0.9736288189888,
                    -0.10876384377479553,
                    -0.20054282248020172,
                    -0.8084139823913574
                ],
                [
                    7.450581485102248e-09,
                    0.8790411949157715,
                    -0.47674560546875,
                    -1.9218230247497559
                ],
                [
                    0.0,
                    0.0,
                    0.0,
                    1.0
                ]
            ]
        },
        {
            "file_path": "/data/shapenet_blender/all_50_random/02958343/c46a940147e6da66ca92a4cdad802b45/r_35",
            "rotation": 0.12566370614359174,
            "transform_matrix": [
                [
                    -0.9848073124885559,
                    0.1538001149892807,
                    0.08062337338924408,
                    0.3250032365322113
                ],
                [
                    0.1736508160829544,
                    0.8722301125526428,
                    0.45723068714141846,
                    1.8431559801101685
                ],
                [
                    -7.450581485102248e-09,
                    0.4642843008041382,
                    -0.8856860399246216,
                    -3.570314884185791
                ],
                [
                    0.0,
                    0.0,
                    0.0,
                    1.0
                ]
            ]
        },
        {
            "file_path": "/data/shapenet_blender/all_50_random/02958343/c46a940147e6da66ca92a4cdad802b45/r_36",
            "rotation": 0.12566370614359174,
            "transform_matrix": [
                [
                    0.6072407364845276,
                    -0.4669036269187927,
                    0.6428526639938354,
                    2.5914223194122314
                ],
                [
                    0.7945177555084229,
                    0.35684898495674133,
                    -0.4913248121738434,
                    -1.9805938005447388
                ],
                [
                    0.0,
                    0.8091105222702026,
                    0.5876564383506775,
                    2.3689191341400146
                ],
                [
                    0.0,
                    0.0,
                    0.0,
                    1.0
                ]
            ]
        },
        {
            "file_path": "/data/shapenet_blender/all_50_random/02958343/c46a940147e6da66ca92a4cdad802b45/r_37",
            "rotation": 0.12566370614359174,
            "transform_matrix": [
                [
                    -0.8979589343070984,
                    -0.04309726133942604,
                    0.4379638731479645,
                    1.765488862991333
                ],
                [
                    0.4400792419910431,
                    -0.08793774247169495,
                    0.8936426639556885,
                    3.602388858795166
                ],
                [
                    3.725290298461914e-09,
                    0.9951932430267334,
                    0.09793068468570709,
                    0.3947712182998657
                ],
                [
                    0.0,
                    0.0,
                    0.0,
                    1.0
                ]
            ]
        },
        {
            "file_path": "/data/shapenet_blender/all_50_random/02958343/c46a940147e6da66ca92a4cdad802b45/r_38",
            "rotation": 0.12566370614359174,
            "transform_matrix": [
                [
                    -0.5306772589683533,
                    -0.22320961952209473,
                    0.8176546096801758,
                    3.2960710525512695
                ],
                [
                    0.84757399559021,
                    -0.1397545039653778,
                    0.5119444131851196,
                    2.063714027404785
                ],
                [
                    0.0,
                    0.964699923992157,
                    0.2633512318134308,
                    1.0616028308868408
                ],
                [
                    0.0,
                    0.0,
                    0.0,
                    1.0
                ]
            ]
        },
        {
            "file_path": "/data/shapenet_blender/all_50_random/02958343/c46a940147e6da66ca92a4cdad802b45/r_39",
            "rotation": 0.12566370614359174,
            "transform_matrix": [
                [
                    0.9349302053451538,
                    -0.001047301571816206,
                    -0.35482996702194214,
                    -1.4303653240203857
                ],
                [
                    -0.3548314869403839,
                    -0.0027594896964728832,
                    -0.9349262118339539,
                    -3.768808126449585
                ],
                [
                    1.164153010102531e-10,
                    0.9999956488609314,
                    -0.0029515465721488,
                    -0.011898064985871315
                ],
                [
                    0.0,
                    0.0,
                    0.0,
                    1.0
                ]
            ]
        },
        {
            "file_path": "/data/shapenet_blender/all_50_random/02958343/c46a940147e6da66ca92a4cdad802b45/r_40",
            "rotation": 0.12566370614359174,
            "transform_matrix": [
                [
                    0.46090933680534363,
                    0.5631733536720276,
                    -0.6858558654785156,
                    -2.7647736072540283
                ],
                [
                    -0.8874472379684448,
                    0.29249271750450134,
                    -0.35620978474617004,
                    -1.4359277486801147
                ],
                [
                    -1.4901161193847656e-08,
                    0.7728413939476013,
                    0.6345992088317871,
                    2.5581514835357666
                ],
                [
                    0.0,
                    0.0,
                    0.0,
                    1.0
                ]
            ]
        },
        {
            "file_path": "/data/shapenet_blender/all_50_random/02958343/c46a940147e6da66ca92a4cdad802b45/r_41",
            "rotation": 0.12566370614359174,
            "transform_matrix": [
                [
                    -0.9617974162101746,
                    0.02288772352039814,
                    -0.27280354499816895,
                    -1.0997062921524048
                ],
                [
                    -0.27376195788383484,
                    -0.08041055500507355,
                    0.9584302306175232,
                    3.863555669784546
                ],
                [
                    1.8626448161640496e-09,
