{
    "class": "02958343",
    "model": "8df83b28d786ccfc10f2ef3071342a2e",
    "remove_doubles": true,
    "edge_split": true,
    "denoise": true,
    "camera_angle_x": 0.6911112070083618,
    "scale_factor": 2.2869426552116083,
    "hdri_file": "/data/IndoorHDRDataset2018/AG8A1386-5ab7a5892c.exr",
    "center_offset": [
        0.0,
        -3.725290298461914e-09,
        0.0
    ],
    "lights": [],
    "frames": [
        {
            "file_path": "/data/shapenet_blender/all_50_random/02958343/8df83b28d786ccfc10f2ef3071342a2e/r_0",
            "rotation": 0.12566370614359174,
            "transform_matrix": [
                [
                    0.9911653399467468,
                    -0.012506595812737942,
                    -0.13204176723957062,
                    -0.5322774052619934
                ],
                [
                    -0.13263274729251862,
                    -0.09346187114715576,
                    -0.9867489337921143,
                    -3.9777121543884277
                ],
                [
                    -9.31322685637781e-10,
                    0.9955442547798157,
                    -0.0942949429154396,
                    -0.3801150619983673
                ],
                [
                    0.0,
                    0.0,
                    0.0,
                    1.0
                ]
            ]
        },
        {
            "file_path": "/data/shapenet_blender/all_50_random/02958343/8df83b28d786ccfc10f2ef3071342a2e/r_1",
            "rotation": 0.12566370614359174,
            "transform_matrix": [
                [
                    -0.3146052062511444,
                    -0.33760717511177063,
                    -0.8871555328369141,
                    -3.5762383937835693
                ],
                [
                    -0.9492226839065552,
                    0.11189468950033188,
                    0.2940340042114258,
                    1.1852890253067017
                ],
                [
                    0.0,
                    0.9346127510070801,
                    -0.35566699504852295,
                    -1.4337395429611206
                ],
                [
                    0.0,
                    0.0,
                    0.0,
                    1.0
                ]
            ]
        },
        {
            "file_path": "/data/shapenet_blender/all_50_random/02958343/8df83b28d786ccfc10f2ef3071342a2e/r_2",
            "rotation": 0.12566370614359174,
            "transform_matrix": [
                [
                    -0.9452371001243591,
                    -0.22635433077812195,
                    0.23513977229595184,
                    0.9478785991668701
                ],
                [
                    0.3263847529888153,
                    -0.6555407643318176,
                    0.6809841394424438,
                    2.7451345920562744
                ],
                [
                    0.0,
                    0.7204374074935913,
                    0.6935200095176697,
                    2.795668125152588
                ],
                [
                    0.0,
                    0.0,
                    0.0,
                    1.0
                ]
            ]
        },
        {
            "file_path": "/data/shapenet_blender/all_50_random/02958343/8df83b28d786ccfc10f2ef3071342a2e/r_3",
            "rotation": 0.12566370614359174,
            "transform_matrix": [
                [
                    0.8822281360626221,
                    -0.10395537316799164,
                    -0.45920249819755554,
                    -1.8511046171188354
                ],
                [
                    -0.47082239389419556,
                    -0.19479183852672577,
                    -0.8604547381401062,
                    -3.468604326248169
                ],
                [
                    -7.450581485102248e-09,
                    0.9753201603889465,
                    -0.22079530358314514,
                    -0.8900544047355652
                ],
                [
                    0.0,
                    0.0,
                    0.0,
                    1.0
                ]
            ]
        },
        {
            "file_path": "/data/shapenet_blender/all_50_random/02958343/8df83b28d786ccfc10f2ef3071342a2e/r_4",
            "rotation": 0.12566370614359174,
            "transform_matrix": [
                [
                    -0.7257410883903503,
                    0.48667100071907043,
                    -0.4862624704837799,
                    -1.9601867198944092
                ],
                [
                    -0.6879679560661316,
                    -0.5133918523788452,
                    0.5129609107971191,
                    2.0678114891052246
                ],
                [
                    1.4901162970204496e-08,
                    0.7068097591400146,
                    0.7074036598205566,
                    2.851635456085205
                ],
                [
                    0.0,
                    0.0,
                    0.0,
                    1.0
                ]
            ]
        },
        {
            "file_path": "/data/shapenet_blender/all_50_random/02958343/8df83b28d786ccfc10f2ef3071342a2e/r_5",
            "rotation": 0.12566370614359174,
            "transform_matrix": [
                [
                    -0.7826206088066101,
                    -0.4451349675655365,
                    -0.43515491485595703,
                    -1.754165530204773
                ],
                [
                    -0.6224989891052246,
                    0.559634268283844,
                    0.5470871329307556,
                    2.205378770828247
                ],
                [
                    -1.4901161193847656e-08,
                    0.6990451216697693,
                    -0.7150774598121643,
                    -2.8825695514678955
                ],
                [
                    0.0,
                    0.0,
                    0.0,
                    1.0
                ]
            ]
        },
        {
            "file_path": "/data/shapenet_blender/all_50_random/02958343/8df83b28d786ccfc10f2ef3071342a2e/r_6",
            "rotation": 0.12566370614359174,
            "transform_matrix": [
                [
                    0.6611406207084656,
                    6.91650257067522e-06,
                    -0.7502620816230774,
                    -3.0244028568267822
                ],
                [
                    -0.7502620816230774,
                    6.094911441323347e-06,
                    -0.6611406207084656,
                    -2.665142774581909
                ],
                [
                    4.547473508864641e-13,
                    1.0,
                    9.218782906827983e-06,
                    3.716209903359413e-05
                ],
                [
                    0.0,
                    0.0,
                    0.0,
                    1.0
                ]
            ]
        },
        {
            "file_path": "/data/shapenet_blender/all_50_random/02958343/8df83b28d786ccfc10f2ef3071342a2e/r_7",
            "rotation": 0.12566370614359174,
            "transform_matrix": [
                [
                    0.27215442061424255,
                    -0.4571688771247864,
                    0.8467163443565369,
                    3.4132227897644043
                ],
                [
                    0.9622536897659302,
                    0.12930117547512054,
                    -0.2394769936800003,
                    -0.9653626680374146
                ],
                [
                    1.4901162970204496e-08,
                    0.8799306154251099,
                    0.4751022160053253,
                    1.9151983261108398
                ],
                [
                    0.0,
                    0.0,
                    0.0,
                    1.0
                ]
            ]
        },
        {
            "file_path": "/data/shapenet_blender/all_50_random/02958343/8df83b28d786ccfc10f2ef3071342a2e/r_8",
            "rotation": 0.12566370614359174,
            "transform_matrix": [
                [
                    0.924992024898529,
                    -0.07690108567476273,
                    -0.3721233904361725,
                    -1.5000773668289185
                ],
                [
                    -0.3799862861633301,
                    -0.18719856441020966,
                    -0.9058516025543213,
                    -3.651604652404785
                ],
                [
                    7.450580152834618e-09,
                    0.9793073534965515,
                    -0.2023785561323166,
                    -0.8158140778541565
                ],
                [
                    0.0,
                    0.0,
                    0.0,
                    1.0
                ]
            ]
        },
        {
            "file_path": "/data/shapenet_blender/all_50_random/02958343/8df83b28d786ccfc10f2ef3071342a2e/r_9",
            "rotation": 0.12566370614359174,
            "transform_matrix": [
                [
                    0.9779849648475647,
                    0.1899081915616989,
                    -0.08648917824029922,
                    -0.3486490249633789
                ],
                [
                    -0.2086755931377411,
                    0.8900290727615356,
                    -0.40534263849258423,
                    -1.633988380432129
                ],
                [
                    -7.450580596923828e-09,
                    0.4144671559333801,
                    0.9100642800331116,
                    3.668586492538452
                ],
                [
                    0.0,
                    0.0,
                    0.0,
                    1.0
                ]
            ]
        },
        {
            "file_path": "/data/shapenet_blender/all_50_random/02958343/8df83b28d786ccfc10f2ef3071342a2e/r_10",
            "rotation": 0.12566370614359174,
            "transform_matrix": [
                [
                    0.9940263032913208,
                    0.036760713905096054,
                    -0.10276351869106293,
                    -0.41425299644470215
                ],
                [
                    -0.10914068669080734,
                    0.33480745553970337,
                    -0.9359446167945862,
                    -3.7729134559631348
                ],
                [
                    0.0,
                    0.9415690898895264,
                    0.33681952953338623,
                    1.3577629327774048
                ],
                [
                    0.0,
                    0.0,
                    0.0,
                    1.0
                ]
            ]
        },
        {
            "file_path": "/data/shapenet_blender/all_50_random/02958343/8df83b28d786ccfc10f2ef3071342a2e/r_11",
            "rotation": 0.12566370614359174,
            "transform_matrix": [
                [
                    0.3998817503452301,
                    -0.02868369221687317,
                    0.916117787361145,
                    3.6929891109466553
                ],
                [
                    0.916566789150238,
                    0.012514183297753334,
                    -0.3996858298778534,
                    -1.6111851930618286
                ],
                [
                    0.0,
                    0.9995102286338806,
                    0.03129470720887184,
                    0.12615302205085754
                ],
                [
                    0.0,
                    0.0,
                    0.0,
                    1.0
                ]
            ]
        },
        {
            "file_path": "/data/shapenet_blender/all_50_random/02958343/8df83b28d786ccfc10f2ef3071342a2e/r_12",
            "rotation": 0.12566370614359174,
            "transform_matrix": [
                [
                    -0.4363473057746887,
                    -0.3823322653770447,
                    0.8145078420639038,
                    3.28338623046875
                ],
                [
                    0.8997783660888672,
                    -0.1854119449853897,
                    0.3949953615665436,
                    1.5922772884368896
                ],
                [
                    1.4901162970204496e-08,
                    0.9052316546440125,
                    0.42491835355758667,
                    1.7129006385803223
                ],
                [
                    0.0,
                    0.0,
                    0.0,
                    1.0
                ]
            ]
        },
        {
            "file_path": "/data/shapenet_blender/all_50_random/02958343/8df83b28d786ccfc10f2ef3071342a2e/r_13",
            "rotation": 0.12566370614359174,
            "transform_matrix": [
                [
                    -0.9971904754638672,
                    0.0541783943772316,
                    -0.05172984302043915,
                    -0.20852965116500854
                ],
                [
                    -0.07490845024585724,
                    -0.7212294340133667,
                    0.6886339783668518,
                    2.775972366333008
                ],
                [
                    -3.725290298461914e-09,
                    0.6905741095542908,
                    0.7232614755630493,
                    2.915560245513916
                ],
                [
                    0.0,
                    0.0,
                    0.0,
                    1.0
                ]
            ]
        },
        {
            "file_path": "/data/shapenet_blender/all_50_random/02958343/8df83b28d786ccfc10f2ef3071342a2e/r_14",
            "rotation": 0.12566370614359174,
            "transform_matrix": [
                [
                    -0.02623809687793255,
                    0.9940854907035828,
                    0.10538290441036224,
                    0.42481207847595215
                ],
                [
                    0.9996556639671326,
                    0.02609189599752426,
                    0.002765999175608158,
                    0.011150099337100983
                ],
                [
                    -2.3283062977608182e-10,
                    0.10541937500238419,
                    -0.9944278597831726,
                    -4.0086669921875
                ],
                [
                    0.0,
                    0.0,
                    0.0,
                    1.0
                ]
            ]
        },
        {
            "file_path": "/data/shapenet_blender/all_50_random/02958343/8df83b28d786ccfc10f2ef3071342a2e/r_15",
            "rotation": 0.12566370614359174,
            "transform_matrix": [
                [
                    0.47988224029541016,
                    0.6102808713912964,
                    -0.6302937865257263,
                    -2.5407958030700684
                ],
                [
                    -0.8773330450057983,
                    0.3338104784488678,
                    -0.3447571098804474,
                    -1.3897604942321777
                ],
                [
                    0.0,
                    0.7184203863143921,
                    0.6956090927124023,
                    2.8040902614593506
                ],
                [
                    0.0,
                    0.0,
                    0.0,
                    1.0
                ]
            ]
        },
        {
            "file_path": "/data/shapenet_blender/all_50_random/02958343/8df83b28d786ccfc10f2ef3071342a2e/r_16",
            "rotation": 0.12566370614359174,
            "transform_matrix": [
                [
                    0.9697386026382446,
                    0.021716400980949402,
                    0.24317742884159088,
                    0.9802796244621277
                ],
                [
                    0.24414518475532532,
                    -0.08625701069831848,
                    -0.9658947587013245,
                    -3.893646478652954
                ],
                [
                    0.0,
                    0.996036171913147,
                    -0.08894871175289154,
                    -0.35856375098228455
                ],
                [
                    0.0,
                    0.0,
                    0.0,
                    1.0
                ]
            ]
        },
        {
            "file_path": "/data/shapenet_blender/all_50_random/02958343/8df83b28d786ccfc10f2ef3071342a2e/r_17",
            "rotation": 0.12566370614359174,
            "transform_matrix": [
                [
                    -0.6451669335365295,
                    0.6400173902511597,
                    0.4172975718975067,
                    1.682180404663086
                ],
                [
                    0.764041543006897,
                    0.5404393076896667,
                    0.3523716926574707,
                    1.420455813407898
                ],
                [
                    0.0,
                    0.5461713671684265,
                    -0.8376734256744385,
                    -3.376769781112671
                ],
                [
                    0.0,
                    0.0,
                    0.0,
                    1.0
                ]
            ]
        },
        {
            "file_path": "/data/shapenet_blender/all_50_random/02958343/8df83b28d786ccfc10f2ef3071342a2e/r_18",
            "rotation": 0.12566370614359174,
            "transform_matrix": [
                [
                    0.9420296549797058,
                    0.23274865746498108,
                    0.24167755246162415,
                    0.9742333889007568
                ],
                [
                    0.3355293571949005,
                    -0.6534632444381714,
                    -0.6785320043563843,
                    -2.7352499961853027
                ],
                [
                    -1.4901160305669237e-08,
                    0.7202872037887573,
                    -0.6936758756637573,
                    -2.7962968349456787
                ],
                [
                    0.0,
                    0.0,
                    0.0,
                    1.0
                ]
            ]
        },
        {
            "file_path": "/data/shapenet_blender/all_50_random/02958343/8df83b28d786ccfc10f2ef3071342a2e/r_19",
            "rotation": 0.12566370614359174,
            "transform_matrix": [
                [
                    0.851228654384613,
                    -0.0722971186041832,
                    0.519791305065155,
                    2.0953457355499268
                ],
                [
                    0.5247950553894043,
                    0.11726744472980499,
                    -0.8431124091148376,
                    -3.3986947536468506
                ],
                [
                    0.0,
                    0.9904652833938599,
                    0.13776256144046783,
                    0.5553386211395264
                ],
                [
                    0.0,
                    0.0,
                    0.0,
                    1.0
                ]
            ]
        },
        {
            "file_path": "/data/shapenet_blender/all_50_random/02958343/8df83b28d786ccfc10f2ef3071342a2e/r_20",
            "rotation": 0.12566370614359174,
            "transform_matrix": [
                [
                    -0.8288205862045288,
                    -0.2417614907026291,
                    -0.5045867562294006,
                    -2.0340542793273926
                ],
                [
                    -0.5595144033432007,
                    0.3581264317035675,
                    0.7474550604820251,
                    3.013087749481201
                ],
                [
                    1.4901160305669237e-08,
                    0.901829719543457,
                    -0.4320915937423706,
                    -1.7418168783187866
                ],
                [
                    0.0,
                    0.0,
                    0.0,
                    1.0
                ]
            ]
        },
        {
            "file_path": "/data/shapenet_blender/all_50_random/02958343/8df83b28d786ccfc10f2ef3071342a2e/r_21",
            "rotation": 0.12566370614359174,
            "transform_matrix": [
                [
                    0.9743173122406006,
                    0.21333064138889313,
                    0.0720822662115097,
                    0.2905729115009308
                ],
                [
                    0.22517956793308258,
                    -0.9230489134788513,
                    -0.3118889033794403,
                    -1.2572643756866455
                ],
                [
                    0.0,
                    0.3201102912425995,
                    -0.9473803043365479,
                    -3.81901216506958
                ],
                [
                    0.0,
                    0.0,
                    0.0,
                    1.0
                ]
            ]
        },
        {
            "file_path": "/data/shapenet_blender/all_50_random/02958343/8df83b28d786ccfc10f2ef3071342a2e/r_22",
            "rotation": 0.12566370614359174,
            "transform_matrix": [
                [
                    -0.6883881092071533,
                    -0.336529403924942,
                    0.6425493955612183,
                    2.5901994705200195
                ],
                [
                    0.7253425717353821,
                    -0.31938406825065613,
                    0.6098130941390991,
                    2.458235263824463
                ],
                [
                    0.0,
                    0.8858564496040344,
                    0.46395930647850037,
                    1.8702797889709473
                ],
                [
                    0.0,
                    0.0,
                    0.0,
                    1.0
                ]
            ]
        },
        {
            "file_path": "/data/shapenet_blender/all_50_random/02958343/8df83b28d786ccfc10f2ef3071342a2e/r_23",
            "rotation": 0.12566370614359174,
            "transform_matrix": [
                [
                    -0.8154163360595703,
                    0.3330368995666504,
                    0.4734794795513153,
                    1.9086568355560303
                ],
                [
                    0.5788751244544983,
                    0.46912315487861633,
                    0.6669536232948303,
                    2.6885759830474854
                ],
                [
                    -1.4901162970204496e-08,
                    0.8179302215576172,
                    -0.5753173828125,
                    -2.319178581237793
                ],
                [
                    0.0,
                    0.0,
                    0.0,
                    1.0
                ]
            ]
        },
        {
            "file_path": "/data/shapenet_blender/all_50_random/02958343/8df83b28d786ccfc10f2ef3071342a2e/r_24",
            "rotation": 0.12566370614359174,
            "transform_matrix": [
                [
                    0.7505258321762085,
                    -0.23022033274173737,
                    -0.6194429993629456,
                    -2.4970545768737793
                ],
                [
                    -0.660841166973114,
                    -0.2614641785621643,
                    -0.7035093903541565,
                    -2.835937023162842
                ],
                [
                    1.4901161193847656e-08,
                    0.9373552799224854,
                    -0.34837472438812256,
                    -1.4043434858322144
                ],
                [
                    0.0,
                    0.0,
                    0.0,
                    1.0
                ]
            ]
        },
        {
            "file_path": "/data/shapenet_blender/all_50_random/02958343/8df83b28d786ccfc10f2ef3071342a2e/r_25",
            "rotation": 0.12566370614359174,
            "transform_matrix": [
                [
                    0.7327896952629089,
                    0.032796118408441544,
                    0.6796643733978271,
                    2.7398147583007812
                ],
                [
                    0.6804551482200623,
                    -0.03531850129365921,
                    -0.7319380640983582,
                    -2.9505367279052734
                ],
                [
                    0.0,
                    0.9988378286361694,
                    -0.048197321593761444,
                    -0.19428962469100952
                ],
                [
                    0.0,
                    0.0,
                    0.0,
                    1.0
                ]
            ]
        },
        {
            "file_path": "/data/shapenet_blender/all_50_random/02958343/8df83b28d786ccfc10f2ef3071342a2e/r_26",
            "rotation": 0.12566370614359174,
            "transform_matrix": [
                [
                    0.5172924399375916,
                    -0.5467551946640015,
                    0.6583823561668396,
                    2.654024124145508
                ],
                [
                    0.8558087348937988,
                    0.330485463142395,
                    -0.39795833826065063,
                    -1.6042213439941406
                ],
                [
                    -1.4901161193847656e-08,
                    0.7693101763725281,
                    0.6388754844665527,
                    2.5753893852233887
                ],
                [
                    0.0,
                    0.0,
                    0.0,
                    1.0
                ]
            ]
        },
        {
            "file_path": "/data/shapenet_blender/all_50_random/02958343/8df83b28d786ccfc10f2ef3071342a2e/r_27",
            "rotation": 0.12566370614359174,
            "transform_matrix": [
                [
                    -0.5072255730628967,
                    0.6057005524635315,
                    -0.6130651235580444,
                    -2.471344470977783
                ],
                [
                    -0.8618132472038269,
                    -0.3564889132976532,
                    0.3608233630657196,
                    1.4545254707336426
                ],
                [
                    0.0,
                    0.7113664746284485,
                    0.7028212547302246,
                    2.833163022994995
                ],
                [
                    0.0,
                    0.0,
                    0.0,
                    1.0
                ]
            ]
        },
        {
            "file_path": "/data/shapenet_blender/all_50_random/02958343/8df83b28d786ccfc10f2ef3071342a2e/r_28",
            "rotation": 0.12566370614359174,
            "transform_matrix": [
                [
                    0.2512863576412201,
                    -0.5759093761444092,
                    0.7779353857040405,
                    3.135957956314087
                ],
                [
                    0.9679127931594849,
                    0.14951571822166443,
                    -0.20196503400802612,
                    -0.8141471147537231
                ],
                [
                    -1.4901161193847656e-08,
                    0.8037247657775879,
                    0.5950013399124146,
                    2.398527145385742
                ],
                [
                    0.0,
                    0.0,
                    0.0,
                    1.0
                ]
            ]
        },
        {
            "file_path": "/data/shapenet_blender/all_50_random/02958343/8df83b28d786ccfc10f2ef3071342a2e/r_29",
            "rotation": 0.12566370614359174,
            "transform_matrix": [
                [
                    0.9676266312599182,
                    -0.007245867513120174,
                    0.2522820830345154,
                    1.016981601715088
                ],
                [
                    0.25238609313964844,
                    0.02778003178536892,
                    -0.9672277569770813,
                    -3.899019718170166
                ],
                [
                    -4.656612873077393e-10,
                    0.9995877146720886,
                    0.02870945632457733,
                    0.11573152244091034
                ],
                [
                    0.0,
                    0.0,
                    0.0,
                    1.0
                ]
            ]
        },
        {
            "file_path": "/data/shapenet_blender/all_50_random/02958343/8df83b28d786ccfc10f2ef3071342a2e/r_30",
            "rotation": 0.12566370614359174,
            "transform_matrix": [
                [
                    0.7098380923271179,
                    -0.6103625297546387,
                    0.35155007243156433,
                    1.417143702507019
                ],
                [
                    0.7043648362159729,
                    0.6151053309440613,
                    -0.35428178310394287,
                    -1.428155541419983
                ],
                [
                    0.0,
                    0.4991022050380707,
                    0.8665431141853333,
                    3.493147134780884
                ],
                [
                    0.0,
                    0.0,
                    0.0,
                    1.0
                ]
            ]
        },
        {
            "file_path": "/data/shapenet_blender/all_50_random/02958343/8df83b28d786ccfc10f2ef3071342a2e/r_31",
            "rotation": 0.12566370614359174,
            "transform_matrix": [
                [
                    -0.8528045415878296,
                    0.05202845484018326,
                    -0.5196319222450256,
                    -2.094703435897827
                ],
                [
                    -0.5222301483154297,
                    -0.08496272563934326,
                    0.8485616445541382,
                    3.420661687850952
                ],
                [
                    3.725290076417309e-09,
                    0.9950248599052429,
                    0.09962741285562515,
                    0.40161097049713135
                ],
                [
                    0.0,
                    0.0,
                    0.0,
                    1.0
                ]
            ]
        },
        {
            "file_path": "/data/shapenet_blender/all_50_random/02958343/8df83b28d786ccfc10f2ef3071342a2e/r_32",
            "rotation": 0.12566370614359174,
            "transform_matrix": [
                [
                    -0.21916036307811737,
                    0.17914478480815887,
                    0.9591016173362732,
                    3.866262197494507
                ],
                [
                    0.9756889343261719,
                    0.04023970291018486,
                    0.2154344916343689,
                    0.8684442043304443
                ],
                [
                    3.725290742551124e-09,
                    0.9829993844032288,
                    -0.1836085170507431,
                    -0.7401496171951294
                ],
                [
                    0.0,
                    0.0,
                    0.0,
                    1.0
                ]
            ]
        },
        {
            "file_path": "/data/shapenet_blender/all_50_random/02958343/8df83b28d786ccfc10f2ef3071342a2e/r_33",
            "rotation": 0.12566370614359174,
            "transform_matrix": [
                [
                    0.09989389032125473,
                    0.5380454063415527,
                    -0.836975634098053,
                    -3.3739569187164307
                ],
                [
                    -0.994998037815094,
                    0.05401764437556267,
                    -0.08402906358242035,
                    -0.3387320339679718
                ],
                [
                    0.0,
                    0.8411832451820374,
                    0.5407501459121704,
                    2.1798338890075684
                ],
                [
                    0.0,
                    0.0,
                    0.0,
                    1.0
                ]
            ]
        },
        {
            "file_path": "/data/shapenet_blender/all_50_random/02958343/8df83b28d786ccfc10f2ef3071342a2e/r_34",
            "rotation": 0.12566370614359174,
            "transform_matrix": [
                [
                    -0.7831947207450867,
                    0.2971023619174957,
                    0.5462015867233276,
                    2.2018089294433594
                ],
                [
                    0.6217764616012573,
                    0.37423256039619446,
                    0.687999963760376,
                    2.773416519165039
                ],
                [
                    -1.4901161193847656e-08,
                    0.878453254699707,
                    -0.4778282344341278,
                    -1.92618727684021
                ],
                [
                    0.0,
                    0.0,
                    0.0,
                    1.0
                ]
            ]
        },
        {
            "file_path": "/data/shapenet_blender/all_50_random/02958343/8df83b28d786ccfc10f2ef3071342a2e/r_35",
            "rotation": 0.12566370614359174,
            "transform_matrix": [
                [
                    0.6229751110076904,
                    0.6320289969444275,
                    0.46091365814208984,
                    1.8580024242401123
                ],
                [
                    0.7822415828704834,
                    -0.5033462047576904,
                    -0.36707040667533875,
                    -1.479708194732666
                ],
                [
                    0.0,
                    0.5892215967178345,
                    -0.8079714179039001,
                    -3.2570369243621826
                ],
                [
                    0.0,
                    0.0,
                    0.0,
                    1.0
                ]
            ]
        },
        {
            "file_path": "/data/shapenet_blender/all_50_random/02958343/8df83b28d786ccfc10f2ef3071342a2e/r_36",
            "rotation": 0.12566370614359174,
            "transform_matrix": [
                [
                    0.3050686717033386,
                    0.4779999554157257,
                    -0.8236802220344543,
                    -3.3203611373901367
                ],
                [
                    -0.9523304104804993,
                    0.15312209725379944,
                    -0.26385700702667236,
                    -1.0636416673660278
                ],
                [
                    0.0,
                    0.8649102449417114,
                    0.501926600933075,
                    2.0233309268951416
                ],
                [
                    0.0,
                    0.0,
                    0.0,
                    1.0
                ]
            ]
        },
        {
            "file_path": "/data/shapenet_blender/all_50_random/02958343/8df83b28d786ccfc10f2ef3071342a2e/r_37",
            "rotation": 0.12566370614359174,
            "transform_matrix": [
                [
                    0.6087682843208313,
                    0.20726090669631958,
                    -0.7657963633537292,
                    -3.087023973464966
                ],
                [
                    -0.7933480739593506,
                    0.1590397208929062,
                    -0.5876267552375793,
                    -2.3687992095947266
                ],
                [
                    -1.4901161193847656e-08,
                    0.9652715921401978,
                    0.261248379945755,
                    1.0531258583068848
                ],
                [
                    0.0,
                    0.0,
                    0.0,
                    1.0
                ]
            ]
        },
        {
            "file_path": "/data/shapenet_blender/all_50_random/02958343/8df83b28d786ccfc10f2ef3071342a2e/r_38",
            "rotation": 0.12566370614359174,
            "transform_matrix": [
                [
                    -0.4370909333229065,
                    -0.893629252910614,
                    -0.10187400132417679,
                    -0.4106672406196594
                ],
                [
                    -0.8994172811508179,
                    0.43427810072898865,
                    0.049507834017276764,
                    0.19957245886325836
                ],
                [
                    0.0,
                    0.11326689273118973,
                    -0.9935646057128906,
                    -4.005187034606934
                ],
                [
                    0.0,
                    0.0,
                    0.0,
                    1.0
                ]
            ]
        },
        {
            "file_path": "/data/shapenet_blender/all_50_random/02958343/8df83b28d786ccfc10f2ef3071342a2e/r_39",
            "rotation": 0.12566370614359174,
            "transform_matrix": [
                [
                    0.9270147681236267,
                    0.28198954463005066,
                    -0.24723593890666962,
                    -0.9966400861740112
                ],
                [
                    -0.37502503395080566,
                    0.6970427632331848,
                    -0.611136257648468,
                    -2.463569402694702
                ],
                [
                    0.0,
                    0.6592519879341125,
                    0.7519218921661377,
                    3.031094551086426
                ],
                [
                    0.0,
                    0.0,
                    0.0,
                    1.0
                ]
            ]
        },
        {
            "file_path": "/data/shapenet_blender/all_50_random/02958343/8df83b28d786ccfc10f2ef3071342a2e/r_40",
            "rotation": 0.12566370614359174,
            "transform_matrix": [
                [
                    0.7354798316955566,
                    -0.018798621371388435,
                    0.6772857904434204,
                    2.730226516723633
                ],
                [
                    0.6775466799736023,
                    0.020405983552336693,
                    -0.735196590423584,
                    -2.963672399520874
                ],
                [
                    0.0,
                    0.9996150732040405,
                    0.02774512767791748,
                    0.11184419691562653
                ],
                [
                    0.0,
                    0.0,
                    0.0,
                    1.0
                ]
            ]
        },
        {
            "file_path": "/data/shapenet_blender/all_50_random/02958343/8df83b28d786ccfc10f2ef3071342a2e/r_41",
            "rotation": 0.12566370614359174,
            "transform_matrix": [
                [
                    0.8586469888687134,
                    0.31391435861587524,
                    0.40519535541534424,
                    1.633394718170166
                ],
                [
                    0.5125675797462463,
                    -0.5258654356002808,
                    -0.6787782907485962,
                    -2.7362427711486816
                ],
                [
