{
    "class": "02958343",
    "model": "202fbaeffaf49f4b61c6c61410fc904b",
    "remove_doubles": true,
    "edge_split": true,
    "denoise": true,
    "camera_angle_x": 0.6911112070083618,
    "scale_factor": 2.17989821122535,
    "hdri_file": "/data/IndoorHDRDataset2018/9C4A5799-e7324ecbe6.exr",
    "center_offset": [
        0.0,
        0.0,
        -6.984919309616089e-10
    ],
    "lights": [],
    "frames": [
        {
            "file_path": "/data/shapenet_blender/all_50_random/02958343/202fbaeffaf49f4b61c6c61410fc904b/r_0",
            "rotation": 0.12566370614359174,
            "transform_matrix": [
                [
                    -0.26361048221588135,
                    0.48558318614959717,
                    0.8334976434707642,
                    3.3599367141723633
                ],
                [
                    0.9646291732788086,
                    0.13269847631454468,
                    0.22777532041072845,
                    0.9181917309761047
                ],
                [
                    0.0,
                    0.8640601634979248,
                    -0.5033884048461914,
                    -2.029223918914795
                ],
                [
                    0.0,
                    0.0,
                    0.0,
                    1.0
                ]
            ]
        },
        {
            "file_path": "/data/shapenet_blender/all_50_random/02958343/202fbaeffaf49f4b61c6c61410fc904b/r_1",
            "rotation": 0.12566370614359174,
            "transform_matrix": [
                [
                    0.793114423751831,
                    -0.0149946678429842,
                    -0.6088881492614746,
                    -2.4545066356658936
                ],
                [
                    -0.6090728044509888,
                    -0.0195255596190691,
                    -0.7928739190101624,
                    -3.1961770057678223
                ],
                [
                    -9.31322685637781e-10,
                    0.9996969103813171,
                    -0.0246188435703516,
                    -0.09924173355102539
                ],
                [
                    0.0,
                    0.0,
                    0.0,
                    1.0
                ]
            ]
        },
        {
            "file_path": "/data/shapenet_blender/all_50_random/02958343/202fbaeffaf49f4b61c6c61410fc904b/r_2",
            "rotation": 0.12566370614359174,
            "transform_matrix": [
                [
                    -0.22119922935962677,
                    0.17913593351840973,
                    -0.9586350917816162,
                    -3.8643815517425537
                ],
                [
                    -0.9752286672592163,
                    -0.04063122346997261,
                    0.21743550896644592,
                    0.8765105605125427
                ],
                [
                    -3.725290298461914e-09,
                    0.9829849004745483,
                    0.18368612229824066,
                    0.7404624223709106
                ],
                [
                    0.0,
                    0.0,
                    0.0,
                    1.0
                ]
            ]
        },
        {
            "file_path": "/data/shapenet_blender/all_50_random/02958343/202fbaeffaf49f4b61c6c61410fc904b/r_3",
            "rotation": 0.12566370614359174,
            "transform_matrix": [
                [
                    -0.928749680519104,
                    -0.3033706843852997,
                    0.21305009722709656,
                    0.8588324785232544
                ],
                [
                    0.370707631111145,
                    -0.7600475549697876,
                    0.5337635278701782,
                    2.15166974067688
                ],
                [
                    0.0,
                    0.5747119784355164,
                    0.8183556795120239,
                    3.2988975048065186
                ],
                [
                    0.0,
                    0.0,
                    0.0,
                    1.0
                ]
            ]
        },
        {
            "file_path": "/data/shapenet_blender/all_50_random/02958343/202fbaeffaf49f4b61c6c61410fc904b/r_4",
            "rotation": 0.12566370614359174,
            "transform_matrix": [
                [
                    -0.19374383985996246,
                    -0.9100285172462463,
                    -0.3664851188659668,
                    -1.477348804473877
                ],
                [
                    -0.9810522198677063,
                    0.17971767485141754,
                    0.0723755955696106,
                    0.291755348443985
                ],
                [
                    0.0,
                    0.373563289642334,
                    -0.9276046752929688,
                    -3.7392940521240234
                ],
                [
                    0.0,
                    0.0,
                    0.0,
                    1.0
                ]
            ]
        },
        {
            "file_path": "/data/shapenet_blender/all_50_random/02958343/202fbaeffaf49f4b61c6c61410fc904b/r_5",
            "rotation": 0.12566370614359174,
            "transform_matrix": [
                [
                    -0.9963319301605225,
                    0.021393941715359688,
                    0.08285406976938248,
                    0.33399543166160583
                ],
                [
                    0.08557158708572388,
                    0.249095156788826,
                    0.9646912217140198,
                    3.888794422149658
                ],
                [
                    0.0,
                    0.9682427048683167,
                    -0.25001218914985657,
                    -1.007831335067749
                ],
                [
                    0.0,
                    0.0,
                    0.0,
                    1.0
                ]
            ]
        },
        {
            "file_path": "/data/shapenet_blender/all_50_random/02958343/202fbaeffaf49f4b61c6c61410fc904b/r_6",
            "rotation": 0.12566370614359174,
            "transform_matrix": [
                [
                    -0.9469570517539978,
                    -0.27751314640045166,
                    0.1620461344718933,
                    0.6532288789749146
                ],
                [
                    0.32136043906211853,
                    -0.8177516460418701,
                    0.4775034785270691,
                    1.9248781204223633
                ],
                [
                    0.0,
                    0.5042504072189331,
                    0.8635574579238892,
                    3.481111526489258
                ],
                [
                    0.0,
                    0.0,
                    0.0,
                    1.0
                ]
            ]
        },
        {
            "file_path": "/data/shapenet_blender/all_50_random/02958343/202fbaeffaf49f4b61c6c61410fc904b/r_7",
            "rotation": 0.12566370614359174,
            "transform_matrix": [
                [
                    -0.6788198947906494,
                    -0.7269782423973083,
                    0.10347065329551697,
                    0.4171035885810852
                ],
                [
                    0.7343048453330994,
                    -0.6720468997955322,
                    0.09565228968858719,
                    0.3855867385864258
                ],
                [
                    0.0,
                    0.1409098207950592,
                    0.9900223612785339,
                    3.990908145904541
                ],
                [
                    0.0,
                    0.0,
                    0.0,
                    1.0
                ]
            ]
        },
        {
            "file_path": "/data/shapenet_blender/all_50_random/02958343/202fbaeffaf49f4b61c6c61410fc904b/r_8",
            "rotation": 0.12566370614359174,
            "transform_matrix": [
                [
                    -0.9477184414863586,
                    -0.08959972858428955,
                    -0.306270569562912,
                    -1.2346162796020508
                ],
                [
                    -0.3191078007221222,
                    0.26610225439071655,
                    0.9095931649208069,
                    3.666687488555908
                ],
                [
                    -7.450580596923828e-09,
                    0.9597715139389038,
                    -0.280782014131546,
                    -1.131868600845337
                ],
                [
                    0.0,
                    0.0,
                    0.0,
                    1.0
                ]
            ]
        },
        {
            "file_path": "/data/shapenet_blender/all_50_random/02958343/202fbaeffaf49f4b61c6c61410fc904b/r_9",
            "rotation": 0.12566370614359174,
            "transform_matrix": [
                [
                    0.9792973399162292,
                    0.07421853393316269,
                    -0.18832984566688538,
                    -0.7591819763183594
                ],
                [
                    -0.20242658257484436,
                    0.35905373096466064,
                    -0.9111003279685974,
                    -3.6727631092071533
                ],
                [
                    7.4505792646561986e-09,
                    0.930361270904541,
                    0.3666441738605499,
                    1.4779900312423706
                ],
                [
                    0.0,
                    0.0,
                    0.0,
                    1.0
                ]
            ]
        },
        {
            "file_path": "/data/shapenet_blender/all_50_random/02958343/202fbaeffaf49f4b61c6c61410fc904b/r_10",
            "rotation": 0.12566370614359174,
            "transform_matrix": [
                [
                    -0.9828817844390869,
                    0.0004958012141287327,
                    0.1842367798089981,
                    0.7426822185516357
                ],
                [
                    0.18423746526241302,
                    0.0026450324803590775,
                    0.9828782081604004,
                    3.962108850479126
                ],
                [
                    -2.9103830456733704e-11,
                    0.9999963641166687,
                    -0.0026910994201898575,
                    -0.010848169215023518
                ],
                [
                    0.0,
                    0.0,
                    0.0,
                    1.0
                ]
            ]
        },
        {
            "file_path": "/data/shapenet_blender/all_50_random/02958343/202fbaeffaf49f4b61c6c61410fc904b/r_11",
            "rotation": 0.12566370614359174,
            "transform_matrix": [
                [
                    -0.8987707495689392,
                    -0.12681911885738373,
                    0.41967618465423584,
                    1.6917688846588135
                ],
                [
                    0.43841904401779175,
                    -0.2599826157093048,
                    0.8603474497795105,
                    3.4681718349456787
                ],
                [
                    7.450581485102248e-09,
                    0.957249104976654,
                    0.28926464915275574,
                    1.1660631895065308
                ],
                [
                    0.0,
                    0.0,
                    0.0,
                    1.0
                ]
            ]
        },
        {
            "file_path": "/data/shapenet_blender/all_50_random/02958343/202fbaeffaf49f4b61c6c61410fc904b/r_12",
            "rotation": 0.12566370614359174,
            "transform_matrix": [
                [
                    0.9351522326469421,
                    -0.03216629475355148,
                    -0.352782666683197,
                    -1.4221124649047852
                ],
                [
                    -0.3542460799217224,
                    -0.08491381257772446,
                    -0.9312890768051147,
                    -3.7541463375091553
                ],
                [
                    -1.862645149230957e-09,
                    0.995868980884552,
                    -0.09080211818218231,
                    -0.3660350441932678
                ],
                [
                    0.0,
                    0.0,
                    0.0,
                    1.0
                ]
            ]
        },
        {
            "file_path": "/data/shapenet_blender/all_50_random/02958343/202fbaeffaf49f4b61c6c61410fc904b/r_13",
            "rotation": 0.12566370614359174,
            "transform_matrix": [
                [
                    0.8399315476417542,
                    -0.07870180159807205,
                    -0.5369554162025452,
                    -2.164536476135254
                ],
                [
                    -0.5426924824714661,
                    -0.12180769443511963,
                    -0.8310521841049194,
                    -3.350078582763672
                ],
                [
                    0.0,
                    0.9894284605979919,
                    -0.145020991563797,
                    -0.5845983028411865
                ],
                [
                    0.0,
                    0.0,
                    0.0,
                    1.0
                ]
            ]
        },
        {
            "file_path": "/data/shapenet_blender/all_50_random/02958343/202fbaeffaf49f4b61c6c61410fc904b/r_14",
            "rotation": 0.12566370614359174,
            "transform_matrix": [
                [
                    0.1433868557214737,
                    0.49578532576560974,
                    0.8565261363983154,
                    3.4527673721313477
                ],
                [
                    0.989666759967804,
                    -0.0718313530087471,
                    -0.12409692257642746,
                    -0.5002506971359253
                ],
                [
                    0.0,
                    0.8654692769050598,
                    -0.5009618997573853,
                    -2.019442081451416
                ],
                [
                    0.0,
                    0.0,
                    0.0,
                    1.0
                ]
            ]
        },
        {
            "file_path": "/data/shapenet_blender/all_50_random/02958343/202fbaeffaf49f4b61c6c61410fc904b/r_15",
            "rotation": 0.12566370614359174,
            "transform_matrix": [
                [
                    0.9818984866142273,
                    0.17681488394737244,
                    -0.06791184842586517,
                    -0.27376145124435425
                ],
                [
                    -0.18940837681293488,
                    0.9166134595870972,
                    -0.35205698013305664,
                    -1.4191871881484985
                ],
                [
                    3.725290742551124e-09,
                    0.3585473597049713,
                    0.93351149559021,
                    3.7631053924560547
                ],
                [
                    0.0,
                    0.0,
                    0.0,
                    1.0
                ]
            ]
        },
        {
            "file_path": "/data/shapenet_blender/all_50_random/02958343/202fbaeffaf49f4b61c6c61410fc904b/r_16",
            "rotation": 0.12566370614359174,
            "transform_matrix": [
                [
                    0.1096779853105545,
                    0.05909562483429909,
                    -0.9922089576721191,
                    -3.9997217655181885
                ],
                [
                    -0.9939672350883484,
                    0.006520827766507864,
                    -0.10948397219181061,
                    -0.4413439631462097
                ],
                [
                    0.0,
                    0.9982309937477112,
                    0.059454306960105896,
                    0.23966795206069946
                ],
                [
                    0.0,
                    0.0,
                    0.0,
                    1.0
                ]
            ]
        },
        {
            "file_path": "/data/shapenet_blender/all_50_random/02958343/202fbaeffaf49f4b61c6c61410fc904b/r_17",
            "rotation": 0.12566370614359174,
            "transform_matrix": [
                [
                    -0.16499961912631989,
                    0.2612009644508362,
                    -0.9510778784751892,
                    -3.8339173793792725
                ],
                [
                    -0.9862935543060303,
                    -0.043696995824575424,
                    0.15910829603672028,
                    0.6413860321044922
                ],
                [
                    -3.7252896323280993e-09,
                    0.9642948508262634,
                    0.2648308575153351,
                    1.0675673484802246
                ],
                [
                    0.0,
                    0.0,
                    0.0,
                    1.0
                ]
            ]
        },
        {
            "file_path": "/data/shapenet_blender/all_50_random/02958343/202fbaeffaf49f4b61c6c61410fc904b/r_18",
            "rotation": 0.12566370614359174,
            "transform_matrix": [
                [
                    0.9475098848342896,
                    -0.22563773393630981,
                    0.22652314603328705,
                    0.913144052028656
                ],
                [
                    0.3197266757488251,
                    0.6686773300170898,
                    -0.6713012456893921,
                    -2.706102132797241
                ],
                [
                    0.0,
                    0.7084901332855225,
                    0.7057206630706787,
                    2.84485125541687
                ],
                [
                    0.0,
                    0.0,
                    0.0,
                    1.0
                ]
            ]
        },
        {
            "file_path": "/data/shapenet_blender/all_50_random/02958343/202fbaeffaf49f4b61c6c61410fc904b/r_19",
            "rotation": 0.12566370614359174,
            "transform_matrix": [
                [
                    0.3578391671180725,
                    0.3054979741573334,
                    -0.8823956847190857,
                    -3.5570507049560547
                ],
                [
                    -0.9337832927703857,
                    0.11707121133804321,
                    -0.3381466865539551,
                    -1.3631129264831543
                ],
                [
                    7.450580596923828e-09,
                    0.9449684023857117,
                    0.3271615505218506,
                    1.3188303709030151
                ],
                [
                    0.0,
                    0.0,
                    0.0,
                    1.0
                ]
            ]
        },
        {
            "file_path": "/data/shapenet_blender/all_50_random/02958343/202fbaeffaf49f4b61c6c61410fc904b/r_20",
            "rotation": 0.12566370614359174,
            "transform_matrix": [
                [
                    0.5901261568069458,
                    0.1394634246826172,
                    -0.7951735854148865,
                    -3.2054474353790283
                ],
                [
                    -0.8073111176490784,
                    0.10194461047649384,
                    -0.5812538862228394,
                    -2.343109607696533
                ],
                [
                    0.0,
                    0.9849656820297241,
                    0.17275051772594452,
                    0.6963796615600586
                ],
                [
                    0.0,
                    0.0,
                    0.0,
                    1.0
                ]
            ]
        },
        {
            "file_path": "/data/shapenet_blender/all_50_random/02958343/202fbaeffaf49f4b61c6c61410fc904b/r_21",
            "rotation": 0.12566370614359174,
            "transform_matrix": [
                [
                    0.4174312651157379,
                    -0.11495745927095413,
                    0.9014076590538025,
                    3.63369083404541
                ],
                [
                    0.9087085723876953,
                    0.05280773714184761,
                    -0.414077490568161,
                    -1.669199824333191
                ],
                [
                    0.0,
                    0.9919657111167908,
                    0.12650641798973083,
                    0.5099637508392334
                ],
                [
                    0.0,
                    0.0,
                    0.0,
                    1.0
                ]
            ]
        },
        {
            "file_path": "/data/shapenet_blender/all_50_random/02958343/202fbaeffaf49f4b61c6c61410fc904b/r_22",
            "rotation": 0.12566370614359174,
            "transform_matrix": [
                [
                    0.28135988116264343,
                    0.43338078260421753,
                    -0.8561644554138184,
                    -3.4513094425201416
                ],
                [
                    -0.9596023559570312,
                    0.12706926465034485,
                    -0.25103139877319336,
                    -1.0119400024414062
                ],
                [
                    0.0,
                    0.8922076225280762,
                    0.45162537693977356,
                    1.8205602169036865
                ],
                [
                    0.0,
                    0.0,
                    0.0,
                    1.0
                ]
            ]
        },
        {
            "file_path": "/data/shapenet_blender/all_50_random/02958343/202fbaeffaf49f4b61c6c61410fc904b/r_23",
            "rotation": 0.12566370614359174,
            "transform_matrix": [
                [
                    0.9875654578208923,
                    -0.08397707343101501,
                    0.13289955258369446,
                    0.5357353091239929
                ],
                [
                    0.15720826387405396,
                    0.5275349020957947,
                    -0.8348607420921326,
                    -3.365431547164917
                ],
                [
                    7.450580152834618e-09,
                    0.8453726172447205,
                    0.5341770648956299,
                    2.153336763381958
                ],
                [
                    0.0,
                    0.0,
                    0.0,
                    1.0
                ]
            ]
        },
        {
            "file_path": "/data/shapenet_blender/all_50_random/02958343/202fbaeffaf49f4b61c6c61410fc904b/r_24",
            "rotation": 0.12566370614359174,
            "transform_matrix": [
                [
                    0.24937628209590912,
                    -0.4652036726474762,
                    -0.8493508696556091,
                    -3.4238431453704834
                ],
                [
                    -0.968406617641449,
                    -0.11979550868272781,
                    -0.2187180072069168,
                    -0.8816805481910706
                ],
                [
                    0.0,
                    0.8770602345466614,
                    -0.48038041591644287,
                    -1.9364755153656006
                ],
                [
                    0.0,
                    0.0,
                    0.0,
                    1.0
                ]
            ]
        },
        {
            "file_path": "/data/shapenet_blender/all_50_random/02958343/202fbaeffaf49f4b61c6c61410fc904b/r_25",
            "rotation": 0.12566370614359174,
            "transform_matrix": [
                [
                    -0.6170749664306641,
                    0.5270769596099854,
                    -0.5843014121055603,
                    -2.3553946018218994
                ],
                [
                    -0.7869042754173279,
                    -0.4133235216140747,
                    0.45819777250289917,
                    1.847054362297058
                ],
                [
                    -2.9802320611338473e-08,
                    0.7425317168235779,
                    0.6698107719421387,
                    2.7000937461853027
                ],
                [
                    0.0,
                    0.0,
                    0.0,
                    1.0
                ]
            ]
        },
        {
            "file_path": "/data/shapenet_blender/all_50_random/02958343/202fbaeffaf49f4b61c6c61410fc904b/r_26",
            "rotation": 0.12566370614359174,
            "transform_matrix": [
                [
                    0.8107275366783142,
                    0.09551071375608444,
                    0.5775799751281738,
                    2.3282992839813232
                ],
                [
                    0.5854237079620361,
                    -0.13226857781410217,
                    -0.7998650670051575,
                    -3.2243592739105225
                ],
                [
                    0.0,
                    0.9866015315055847,
                    -0.16314803063869476,
                    -0.6576707363128662
                ],
                [
                    0.0,
                    0.0,
                    0.0,
                    1.0
                ]
            ]
        },
        {
            "file_path": "/data/shapenet_blender/all_50_random/02958343/202fbaeffaf49f4b61c6c61410fc904b/r_27",
            "rotation": 0.12566370614359174,
            "transform_matrix": [
                [
                    -0.021582333371043205,
                    -0.6206946969032288,
                    -0.7837553024291992,
                    -3.1594185829162598
                ],
                [
                    -0.9997670650482178,
                    0.013399161398410797,
                    0.0169192086905241,
                    0.06820350885391235
                ],
                [
                    9.313225746154785e-10,
                    0.7839377522468567,
                    -0.6208393573760986,
                    -2.502683401107788
                ],
                [
                    0.0,
                    0.0,
                    0.0,
                    1.0
                ]
            ]
        },
        {
            "file_path": "/data/shapenet_blender/all_50_random/02958343/202fbaeffaf49f4b61c6c61410fc904b/r_28",
            "rotation": 0.12566370614359174,
            "transform_matrix": [
                [
                    -0.26860031485557556,
                    -0.19707651436328888,
                    -0.9428756833076477,
                    -3.800853729248047
                ],
                [
                    -0.9632516503334045,
                    0.054954297840595245,
                    0.26291853189468384,
                    1.0598586797714233
                ],
                [
                    0.0,
                    0.9788466691970825,
                    -0.20459501445293427,
                    -0.8247489333152771
                ],
                [
                    0.0,
                    0.0,
                    0.0,
                    1.0
                ]
            ]
        },
        {
            "file_path": "/data/shapenet_blender/all_50_random/02958343/202fbaeffaf49f4b61c6c61410fc904b/r_29",
            "rotation": 0.12566370614359174,
            "transform_matrix": [
                [
                    0.9876644015312195,
                    -0.09319765865802765,
                    0.12583065032958984,
                    0.5072396397590637
                ],
                [
                    0.1565859615802765,
                    0.5878432989120483,
                    -0.7936756014823914,
                    -3.199409008026123
                ],
                [
                    0.0,
                    0.8035885691642761,
                    0.5951852202415466,
                    2.399268627166748
                ],
                [
                    0.0,
                    0.0,
                    0.0,
                    1.0
                ]
            ]
        },
        {
            "file_path": "/data/shapenet_blender/all_50_random/02958343/202fbaeffaf49f4b61c6c61410fc904b/r_30",
            "rotation": 0.12566370614359174,
            "transform_matrix": [
                [
                    0.4692346453666687,
                    -0.7918518781661987,
                    -0.39088281989097595,
                    -1.5756992101669312
                ],
                [
                    -0.883073627948761,
                    -0.4207625687122345,
                    -0.20770153403282166,
                    -0.8372717499732971
                ],
                [
                    -1.4901162970204496e-08,
                    0.4426390528678894,
                    -0.8966997861862183,
                    -3.614712715148926
                ],
                [
                    0.0,
                    0.0,
                    0.0,
                    1.0
                ]
            ]
        },
        {
            "file_path": "/data/shapenet_blender/all_50_random/02958343/202fbaeffaf49f4b61c6c61410fc904b/r_31",
            "rotation": 0.12566370614359174,
            "transform_matrix": [
                [
                    0.9065484404563904,
                    0.07333026826381683,
                    -0.4156833589076996,
                    -1.675673246383667
                ],
                [
                    -0.4221018850803375,
                    0.15749146044254303,
                    -0.8927633762359619,
                    -3.598844289779663
                ],
                [
                    0.0,
                    0.9847939014434814,
                    0.17372649908065796,
                    0.700313925743103
                ],
                [
                    0.0,
                    0.0,
                    0.0,
                    1.0
                ]
            ]
        },
        {
            "file_path": "/data/shapenet_blender/all_50_random/02958343/202fbaeffaf49f4b61c6c61410fc904b/r_32",
            "rotation": 0.12566370614359174,
            "transform_matrix": [
                [
                    -0.3435599207878113,
                    -0.33055904507637024,
                    -0.8790320158004761,
                    -3.5434913635253906
                ],
                [
                    -0.9391307830810547,
                    0.12092761695384979,
                    0.3215741515159607,
                    1.296306848526001
                ],
                [
                    0.0,
                    0.9360058903694153,
                    -0.3519841134548187,
                    -1.4188933372497559
                ],
                [
                    0.0,
                    0.0,
                    0.0,
                    1.0
                ]
            ]
        },
        {
            "file_path": "/data/shapenet_blender/all_50_random/02958343/202fbaeffaf49f4b61c6c61410fc904b/r_33",
            "rotation": 0.12566370614359174,
            "transform_matrix": [
                [
                    -0.9951913952827454,
                    0.00995747372508049,
                    0.09744229912757874,
                    0.39280247688293457
                ],
                [
                    0.09794975072145462,
                    0.10117015987634659,
                    0.9900355935096741,
                    3.9909610748291016
                ],
                [
                    0.0,
                    0.9948192834854126,
                    -0.10165901482105255,
                    -0.40980058908462524
                ],
                [
                    0.0,
                    0.0,
                    0.0,
                    1.0
                ]
            ]
        },
        {
            "file_path": "/data/shapenet_blender/all_50_random/02958343/202fbaeffaf49f4b61c6c61410fc904b/r_34",
            "rotation": 0.12566370614359174,
            "transform_matrix": [
                [
                    -0.04575027897953987,
                    0.9793364405632019,
                    0.19699501991271973,
                    0.7941122651100159
                ],
                [
                    0.9989529252052307,
                    0.0448518767952919,
                    0.009022022597491741,
                    0.03636893630027771
                ],
                [
                    -9.313224635931761e-10,
                    0.19720129668712616,
                    -0.9803630113601685,
                    -3.9519693851470947
                ],
                [
                    0.0,
                    0.0,
                    0.0,
                    1.0
                ]
            ]
        },
        {
            "file_path": "/data/shapenet_blender/all_50_random/02958343/202fbaeffaf49f4b61c6c61410fc904b/r_35",
            "rotation": 0.12566370614359174,
            "transform_matrix": [
                [
                    0.5025148987770081,
                    -0.6487934589385986,
                    -0.5714420080184937,
                    -2.303556442260742
                ],
                [
                    -0.8645686507225037,
                    -0.3770994246006012,
                    -0.33214032649993896,
                    -1.3389004468917847
                ],
                [
                    2.980232594040899e-08,
                    0.6609561443328857,
                    -0.7504243850708008,
                    -3.025057554244995
                ],
                [
                    0.0,
                    0.0,
                    0.0,
                    1.0
                ]
            ]
        },
        {
            "file_path": "/data/shapenet_blender/all_50_random/02958343/202fbaeffaf49f4b61c6c61410fc904b/r_36",
            "rotation": 0.12566370614359174,
            "transform_matrix": [
                [
                    0.8405191898345947,
                    -0.0888267382979393,
                    0.5344505906105042,
                    2.1544392108917236
                ],
                [
                    0.5417819023132324,
                    0.13780558109283447,
                    -0.8291453123092651,
                    -3.3423917293548584
                ],
                [
                    -7.450581485102248e-09,
                    0.9864680767059326,
                    0.16395294666290283,
                    0.6609154939651489
                ],
                [
                    0.0,
                    0.0,
                    0.0,
                    1.0
                ]
            ]
        },
        {
            "file_path": "/data/shapenet_blender/all_50_random/02958343/202fbaeffaf49f4b61c6c61410fc904b/r_37",
            "rotation": 0.12566370614359174,
            "transform_matrix": [
                [
                    -0.842796266078949,
                    0.06352914124727249,
                    0.5344704389572144,
                    2.1545193195343018
                ],
                [
                    0.5382329225540161,
                    0.0994776040315628,
                    0.8369047045707703,
                    3.373670816421509
                ],
                [
                    0.0,
                    0.9930096864700317,
                    -0.11803280562162399,
                    -0.47580546140670776
                ],
                [
                    0.0,
                    0.0,
                    0.0,
                    1.0
                ]
            ]
        },
        {
            "file_path": "/data/shapenet_blender/all_50_random/02958343/202fbaeffaf49f4b61c6c61410fc904b/r_38",
            "rotation": 0.12566370614359174,
            "transform_matrix": [
                [
                    0.7711969614028931,
                    0.523854672908783,
                    -0.36170661449432373,
                    -1.4580860137939453
                ],
                [
                    -0.6365967392921448,
                    0.6346169710159302,
                    -0.43818479776382446,
                    -1.766379475593567
                ],
                [
                    0.0,
                    0.568187952041626,
                    0.8228987455368042,
                    3.3172109127044678
                ],
                [
                    0.0,
                    0.0,
                    0.0,
                    1.0
                ]
            ]
        },
        {
            "file_path": "/data/shapenet_blender/all_50_random/02958343/202fbaeffaf49f4b61c6c61410fc904b/r_39",
            "rotation": 0.12566370614359174,
            "transform_matrix": [
                [
                    0.4977829158306122,
                    -0.8618968725204468,
                    0.09667343646287918,
                    0.38970309495925903
                ],
                [
                    0.8673016428947449,
                    0.49468091130256653,
                    -0.055485181510448456,
                    -0.2236679196357727
                ],
                [
                    3.725290298461914e-09,
                    0.11146451532840729,
                    0.9937683939933777,
                    4.006008625030518
                ],
                [
                    0.0,
                    0.0,
                    0.0,
                    1.0
                ]
            ]
        },
        {
            "file_path": "/data/shapenet_blender/all_50_random/02958343/202fbaeffaf49f4b61c6c61410fc904b/r_40",
            "rotation": 0.12566370614359174,
            "transform_matrix": [
                [
                    -0.9105048179626465,
                    0.18666861951351166,
                    0.36896589398384094,
                    1.4873491525650024
                ],
                [
                    0.41349852085113525,
                    0.4110357463359833,
                    0.8124460577964783,
                    3.2750747203826904
                ],
                [
                    0.0,
                    0.892302930355072,
                    -0.45143720507621765,
                    -1.8198015689849854
                ],
                [
                    0.0,
                    0.0,
                    0.0,
                    1.0
                ]
            ]
        },
        {
            "file_path": "/data/shapenet_blender/all_50_random/02958343/202fbaeffaf49f4b61c6c61410fc904b/r_41",
            "rotation": 0.12566370614359174,
            "transform_matrix": [
                [
                    -0.9893604516983032,
                    -0.08453893661499023,
                    0.1184021383523941,
                    0.47729432582855225
                ],
                [
                    0.145485058426857,
                    -0.5749008059501648,
                    0.805185079574585,
                    3.245805025100708
                ],
                [
                    -7.450580596923828e-09,
