{
    "class": "02958343",
    "model": "f378404d31ce9db1afe1d4530f4c6e24",
    "remove_doubles": true,
    "edge_split": true,
    "denoise": true,
    "camera_angle_x": 0.6911112070083618,
    "scale_factor": 2.207215635363252,
    "hdri_file": "/data/IndoorHDRDataset2018/9C4A9432-97c36cc65a.exr",
    "center_offset": [
        0.0,
        -9.313225746154785e-10,
        -3.725290298461914e-09
    ],
    "lights": [],
    "frames": [
        {
            "file_path": "/data/shapenet_blender/all_50_random/02958343/f378404d31ce9db1afe1d4530f4c6e24/r_0",
            "rotation": 0.12566370614359174,
            "transform_matrix": [
                [
                    -0.39921078085899353,
                    -0.29211515188217163,
                    0.86907958984375,
                    3.5033721923828125
                ],
                [
                    0.9168592095375061,
                    -0.1271902173757553,
                    0.37840700149536133,
                    1.5254075527191162
                ],
                [
                    0.0,
                    0.9478878974914551,
                    0.31860411167144775,
                    1.284334421157837
                ],
                [
                    0.0,
                    0.0,
                    0.0,
                    1.0
                ]
            ]
        },
        {
            "file_path": "/data/shapenet_blender/all_50_random/02958343/f378404d31ce9db1afe1d4530f4c6e24/r_1",
            "rotation": 0.12566370614359174,
            "transform_matrix": [
                [
                    -0.5966192483901978,
                    -0.5249534845352173,
                    -0.6070167422294617,
                    -2.446962594985962
                ],
                [
                    -0.8025243282318115,
                    0.39026522636413574,
                    0.4512733817100525,
                    1.8191410303115845
                ],
                [
                    0.0,
                    0.7563841342926025,
                    -0.6541276574134827,
                    -2.6368727684020996
                ],
                [
                    0.0,
                    0.0,
                    0.0,
                    1.0
                ]
            ]
        },
        {
            "file_path": "/data/shapenet_blender/all_50_random/02958343/f378404d31ce9db1afe1d4530f4c6e24/r_2",
            "rotation": 0.12566370614359174,
            "transform_matrix": [
                [
                    -0.9514028429985046,
                    -0.11972137540578842,
                    -0.28372424840927124,
                    -1.1437289714813232
                ],
                [
                    -0.30794912576675415,
                    0.3698768615722656,
                    0.8765605688095093,
                    3.5335285663604736
                ],
                [
                    0.0,
                    0.9213348031044006,
                    -0.3887700140476227,
                    -1.5671820640563965
                ],
                [
                    0.0,
                    0.0,
                    0.0,
                    1.0
                ]
            ]
        },
        {
            "file_path": "/data/shapenet_blender/all_50_random/02958343/f378404d31ce9db1afe1d4530f4c6e24/r_3",
            "rotation": 0.12566370614359174,
            "transform_matrix": [
                [
                    0.812310516834259,
                    0.5098578333854675,
                    0.2831900417804718,
                    1.141575574874878
                ],
                [
                    0.5832251310348511,
                    -0.7101251482963562,
                    -0.3944244086742401,
                    -1.5899755954742432
                ],
                [
                    -1.4901161193847656e-08,
                    0.48555856943130493,
                    -0.8742040395736694,
                    -3.52402925491333
                ],
                [
                    0.0,
                    0.0,
                    0.0,
                    1.0
                ]
            ]
        },
        {
            "file_path": "/data/shapenet_blender/all_50_random/02958343/f378404d31ce9db1afe1d4530f4c6e24/r_4",
            "rotation": 0.12566370614359174,
            "transform_matrix": [
                [
                    0.43388527631759644,
                    -0.2241937518119812,
                    -0.8726285696029663,
                    -3.5176784992218018
                ],
                [
                    -0.9009681940078735,
                    -0.10796648263931274,
                    -0.42023757100105286,
                    -1.6940319538116455
                ],
                [
                    7.450580596923828e-09,
                    0.9685456156730652,
                    -0.2488364577293396,
                    -1.0030919313430786
                ],
                [
                    0.0,
                    0.0,
                    0.0,
                    1.0
                ]
            ]
        },
        {
            "file_path": "/data/shapenet_blender/all_50_random/02958343/f378404d31ce9db1afe1d4530f4c6e24/r_5",
            "rotation": 0.12566370614359174,
            "transform_matrix": [
                [
                    -0.26991236209869385,
                    0.36971545219421387,
                    -0.889076828956604,
                    -3.5839836597442627
                ],
                [
                    -0.9628849029541016,
                    -0.10363727807998657,
                    0.2492227703332901,
                    1.0046491622924805
                ],
                [
                    7.450580596923828e-09,
                    0.9233471155166626,
                    0.383966326713562,
                    1.5478179454803467
                ],
                [
                    0.0,
                    0.0,
                    0.0,
                    1.0
                ]
            ]
        },
        {
            "file_path": "/data/shapenet_blender/all_50_random/02958343/f378404d31ce9db1afe1d4530f4c6e24/r_6",
            "rotation": 0.12566370614359174,
            "transform_matrix": [
                [
                    -0.34287503361701965,
                    0.33306822180747986,
                    -0.8783519864082336,
                    -3.54075026512146
                ],
                [
                    -0.9393811225891113,
                    -0.12157024443149567,
                    0.32059934735298157,
                    1.2923774719238281
                ],
                [
                    -7.450581485102248e-09,
                    0.9350326657295227,
                    0.35456138849258423,
                    1.429282784461975
                ],
                [
                    0.0,
                    0.0,
                    0.0,
                    1.0
                ]
            ]
        },
        {
            "file_path": "/data/shapenet_blender/all_50_random/02958343/f378404d31ce9db1afe1d4530f4c6e24/r_7",
            "rotation": 0.12566370614359174,
            "transform_matrix": [
                [
                    0.7410680651664734,
                    -0.2800045609474182,
                    -0.6102585196495056,
                    -2.4600307941436768
                ],
                [
                    -0.6714298725128174,
                    -0.30904561281204224,
                    -0.6735522747039795,
                    -2.7151761054992676
                ],
                [
                    -1.4901162970204496e-08,
                    0.9088938236236572,
                    -0.4170273244380951,
                    -1.6810909509658813
                ],
                [
                    0.0,
                    0.0,
                    0.0,
                    1.0
                ]
            ]
        },
        {
            "file_path": "/data/shapenet_blender/all_50_random/02958343/f378404d31ce9db1afe1d4530f4c6e24/r_8",
            "rotation": 0.12566370614359174,
            "transform_matrix": [
                [
                    -0.9573957920074463,
                    -0.14386549592018127,
                    -0.25039175152778625,
                    -1.0093613862991333
                ],
                [
                    -0.28877899050712585,
                    0.4769606590270996,
                    0.8301296234130859,
                    3.3463594913482666
                ],
                [
                    0.0,
                    0.8670703768730164,
                    -0.49818551540374756,
                    -2.0082499980926514
                ],
                [
                    0.0,
                    0.0,
                    0.0,
                    1.0
                ]
            ]
        },
        {
            "file_path": "/data/shapenet_blender/all_50_random/02958343/f378404d31ce9db1afe1d4530f4c6e24/r_9",
            "rotation": 0.12566370614359174,
            "transform_matrix": [
                [
                    0.7843441963195801,
                    -0.107672318816185,
                    0.6109099388122559,
                    2.4626567363739014
                ],
                [
                    0.6203259825706482,
                    0.1361415684223175,
                    -0.7724384665489197,
                    -3.1137990951538086
                ],
                [
                    0.0,
                    0.9848208427429199,
                    0.17357377707958221,
                    0.699698269367218
                ],
                [
                    0.0,
                    0.0,
                    0.0,
                    1.0
                ]
            ]
        },
        {
            "file_path": "/data/shapenet_blender/all_50_random/02958343/f378404d31ce9db1afe1d4530f4c6e24/r_10",
            "rotation": 0.12566370614359174,
            "transform_matrix": [
                [
                    -0.9099059700965881,
                    -0.3601541817188263,
                    -0.2058160901069641,
                    -0.8296712636947632
                ],
                [
                    -0.414814829826355,
                    0.7900065779685974,
                    0.45146235823631287,
                    1.8199031352996826
                ],
                [
                    1.4901162970204496e-08,
                    0.49616381525993347,
                    -0.8682287931442261,
                    -3.4999425411224365
                ],
                [
                    0.0,
                    0.0,
                    0.0,
                    1.0
                ]
            ]
        },
        {
            "file_path": "/data/shapenet_blender/all_50_random/02958343/f378404d31ce9db1afe1d4530f4c6e24/r_11",
            "rotation": 0.12566370614359174,
            "transform_matrix": [
                [
                    0.6191694140434265,
                    0.08329512923955917,
                    0.7808271646499634,
                    3.1476151943206787
                ],
                [
                    0.7852574586868286,
                    -0.06567756831645966,
                    -0.6156761646270752,
                    -2.481870174407959
                ],
                [
                    3.725290298461914e-09,
                    0.9943583011627197,
                    -0.10607364028692245,
                    -0.4275965392589569
                ],
                [
                    0.0,
                    0.0,
                    0.0,
                    1.0
                ]
            ]
        },
        {
            "file_path": "/data/shapenet_blender/all_50_random/02958343/f378404d31ce9db1afe1d4530f4c6e24/r_12",
            "rotation": 0.12566370614359174,
            "transform_matrix": [
                [
                    -0.7448615431785583,
                    -0.2171744853258133,
                    0.6308854222297668,
                    2.543180465698242
                ],
                [
                    0.6672189235687256,
                    -0.24244655668735504,
                    0.7042999863624573,
                    2.8391239643096924
                ],
                [
                    1.4901160305669237e-08,
                    0.9455446600914001,
                    0.32549211382865906,
                    1.3121006488800049
                ],
                [
                    0.0,
                    0.0,
                    0.0,
                    1.0
                ]
            ]
        },
        {
            "file_path": "/data/shapenet_blender/all_50_random/02958343/f378404d31ce9db1afe1d4530f4c6e24/r_13",
            "rotation": 0.12566370614359174,
            "transform_matrix": [
                [
                    0.2145405113697052,
                    0.09950201213359833,
                    -0.9716334939002991,
                    -3.9167799949645996
                ],
                [
                    -0.9767151474952698,
                    0.02185612916946411,
                    -0.21342429518699646,
                    -0.8603408336639404
                ],
                [
                    0.0,
                    0.9947972893714905,
                    0.10187413543462753,
                    0.4106677770614624
                ],
                [
                    0.0,
                    0.0,
                    0.0,
                    1.0
                ]
            ]
        },
        {
            "file_path": "/data/shapenet_blender/all_50_random/02958343/f378404d31ce9db1afe1d4530f4c6e24/r_14",
            "rotation": 0.12566370614359174,
            "transform_matrix": [
                [
                    -0.6566172242164612,
                    -0.08098423480987549,
                    -0.7498635053634644,
                    -3.022796630859375
                ],
                [
                    -0.7542240023612976,
                    0.07050378620624542,
                    0.6528210639953613,
                    2.631606101989746
                ],
                [
                    0.0,
                    0.994218647480011,
                    -0.10737424343824387,
                    -0.43283945322036743
                ],
                [
                    0.0,
                    0.0,
                    0.0,
                    1.0
                ]
            ]
        },
        {
            "file_path": "/data/shapenet_blender/all_50_random/02958343/f378404d31ce9db1afe1d4530f4c6e24/r_15",
            "rotation": 0.12566370614359174,
            "transform_matrix": [
                [
                    0.9971103668212891,
                    -0.06454785913228989,
                    -0.040056709200143814,
                    -0.16147376596927643
                ],
                [
                    -0.07596687972545624,
                    -0.8472288846969604,
                    -0.5257680416107178,
                    -2.119438648223877
                ],
                [
                    0.0,
                    0.5272917151451111,
                    -0.8496843576431274,
                    -3.425187110900879
                ],
                [
                    0.0,
                    0.0,
                    0.0,
                    1.0
                ]
            ]
        },
        {
            "file_path": "/data/shapenet_blender/all_50_random/02958343/f378404d31ce9db1afe1d4530f4c6e24/r_16",
            "rotation": 0.12566370614359174,
            "transform_matrix": [
                [
                    0.9794972538948059,
                    -0.12513351440429688,
                    0.1578821837902069,
                    0.6364434361457825
                ],
                [
                    0.2014576494693756,
                    0.6084054708480835,
                    -0.7676311731338501,
                    -3.0944201946258545
                ],
                [
                    0.0,
                    0.783699095249176,
                    0.6211405396461487,
                    2.5038974285125732
                ],
                [
                    0.0,
                    0.0,
                    0.0,
                    1.0
                ]
            ]
        },
        {
            "file_path": "/data/shapenet_blender/all_50_random/02958343/f378404d31ce9db1afe1d4530f4c6e24/r_17",
            "rotation": 0.12566370614359174,
            "transform_matrix": [
                [
                    -0.9056688547134399,
                    -0.11025568097829819,
                    0.409399151802063,
                    1.6503407955169678
                ],
                [
                    0.4239858388900757,
                    -0.23551525175571442,
                    0.8745104670524597,
                    3.5252645015716553
                ],
                [
                    0.0,
                    0.9655961990356445,
                    0.2600456774234772,
                    1.0482776165008545
                ],
                [
                    0.0,
                    0.0,
                    0.0,
                    1.0
                ]
            ]
        },
        {
            "file_path": "/data/shapenet_blender/all_50_random/02958343/f378404d31ce9db1afe1d4530f4c6e24/r_18",
            "rotation": 0.12566370614359174,
            "transform_matrix": [
                [
                    0.9814256429672241,
                    -0.17081396281719208,
                    -0.08732878416776657,
                    -0.3520336151123047
                ],
                [
                    -0.19184300303459167,
                    -0.8738458752632141,
                    -0.44675442576408386,
                    -1.8009247779846191
                ],
                [
                    0.0,
                    0.4552096724510193,
                    -0.8903842568397522,
                    -3.5892539024353027
                ],
                [
                    0.0,
                    0.0,
                    0.0,
                    1.0
                ]
            ]
        },
        {
            "file_path": "/data/shapenet_blender/all_50_random/02958343/f378404d31ce9db1afe1d4530f4c6e24/r_19",
            "rotation": 0.12566370614359174,
            "transform_matrix": [
                [
                    -0.4490596652030945,
                    -0.6330417394638062,
                    -0.6305581331253052,
                    -2.541861057281494
                ],
                [
                    -0.893501877784729,
                    0.3181565999984741,
                    0.3169083893299103,
                    1.2774986028671265
                ],
                [
                    -1.4901162970204496e-08,
                    0.705715537071228,
                    -0.7084952592849731,
                    -2.8560357093811035
                ],
                [
                    0.0,
                    0.0,
                    0.0,
                    1.0
                ]
            ]
        },
        {
            "file_path": "/data/shapenet_blender/all_50_random/02958343/f378404d31ce9db1afe1d4530f4c6e24/r_20",
            "rotation": 0.12566370614359174,
            "transform_matrix": [
                [
                    0.9640254378318787,
                    -0.2089613527059555,
                    0.1642865389585495,
                    0.662260115146637
                ],
                [
                    0.26580992341041565,
                    0.7578499913215637,
                    -0.5958257913589478,
                    -2.4018502235412598
                ],
                [
                    7.450580152834618e-09,
                    0.6180601119995117,
                    0.7861308455467224,
                    3.168994426727295
                ],
                [
                    0.0,
                    0.0,
                    0.0,
                    1.0
                ]
            ]
        },
        {
            "file_path": "/data/shapenet_blender/all_50_random/02958343/f378404d31ce9db1afe1d4530f4c6e24/r_21",
            "rotation": 0.12566370614359174,
            "transform_matrix": [
                [
                    0.10499302297830582,
                    0.8557773232460022,
                    -0.5065784454345703,
                    -2.042083263397217
                ],
                [
                    -0.9944729208946228,
                    0.09035002440214157,
                    -0.05348280817270279,
                    -0.21559610962867737
                ],
                [
                    0.0,
                    0.5093938708305359,
                    0.8605333566665649,
                    3.468921184539795
                ],
                [
                    0.0,
                    0.0,
                    0.0,
                    1.0
                ]
            ]
        },
        {
            "file_path": "/data/shapenet_blender/all_50_random/02958343/f378404d31ce9db1afe1d4530f4c6e24/r_22",
            "rotation": 0.12566370614359174,
            "transform_matrix": [
                [
                    -0.8433765769004822,
                    0.07778137177228928,
                    0.5316634178161621,
                    2.1432037353515625
                ],
                [
                    0.5373228788375854,
                    0.1220848485827446,
                    0.8344935178756714,
                    3.3639509677886963
                ],
                [
                    0.0,
                    0.989467203617096,
                    -0.1447572112083435,
                    -0.5835349559783936
                ],
                [
                    0.0,
                    0.0,
                    0.0,
                    1.0
                ]
            ]
        },
        {
            "file_path": "/data/shapenet_blender/all_50_random/02958343/f378404d31ce9db1afe1d4530f4c6e24/r_23",
            "rotation": 0.12566370614359174,
            "transform_matrix": [
                [
                    -0.7748748064041138,
                    -0.2835906445980072,
                    -0.5649294853210449,
                    -2.277303695678711
                ],
                [
                    -0.6321146488189697,
                    0.34763824939727783,
                    0.6925161480903625,
                    2.7916219234466553
                ],
                [
                    -1.4901161193847656e-08,
                    0.8937135338783264,
                    -0.4486379325389862,
                    -1.808517336845398
                ],
                [
                    0.0,
                    0.0,
                    0.0,
                    1.0
                ]
            ]
        },
        {
            "file_path": "/data/shapenet_blender/all_50_random/02958343/f378404d31ce9db1afe1d4530f4c6e24/r_24",
            "rotation": 0.12566370614359174,
            "transform_matrix": [
                [
                    0.990075945854187,
                    -0.13554273545742035,
                    0.03711885213851929,
                    0.14963087439537048
                ],
                [
                    0.1405334323644638,
                    0.9549158215522766,
                    -0.2615070343017578,
                    -1.0541685819625854
                ],
                [
                    0.0,
                    0.2641281187534332,
                    0.9644874930381775,
                    3.8879735469818115
                ],
                [
                    0.0,
                    0.0,
                    0.0,
                    1.0
                ]
            ]
        },
        {
            "file_path": "/data/shapenet_blender/all_50_random/02958343/f378404d31ce9db1afe1d4530f4c6e24/r_25",
            "rotation": 0.12566370614359174,
            "transform_matrix": [
                [
                    0.9216588735580444,
                    -0.21068526804447174,
                    -0.32581695914268494,
                    -1.3134102821350098
                ],
                [
                    -0.38800129294395447,
                    -0.5004621148109436,
                    -0.7739461064338684,
                    -3.1198768615722656
                ],
                [
                    0.0,
                    0.839731752872467,
                    -0.5430014133453369,
                    -2.1889090538024902
                ],
                [
                    0.0,
                    0.0,
                    0.0,
                    1.0
                ]
            ]
        },
        {
            "file_path": "/data/shapenet_blender/all_50_random/02958343/f378404d31ce9db1afe1d4530f4c6e24/r_26",
            "rotation": 0.12566370614359174,
            "transform_matrix": [
                [
                    -0.997024416923523,
                    -0.01166263036429882,
                    -0.07619880139827728,
                    -0.3071672022342682
                ],
                [
                    -0.07708614319562912,
                    0.15084326267242432,
                    0.9855475425720215,
                    3.9728691577911377
                ],
                [
                    -9.313225746154785e-10,
                    0.9884888529777527,
                    -0.15129345655441284,
                    -0.6098834276199341
                ],
                [
                    0.0,
                    0.0,
                    0.0,
                    1.0
                ]
            ]
        },
        {
            "file_path": "/data/shapenet_blender/all_50_random/02958343/f378404d31ce9db1afe1d4530f4c6e24/r_27",
            "rotation": 0.12566370614359174,
            "transform_matrix": [
                [
                    -0.3718070685863495,
                    0.33093884587287903,
                    -0.8673170208930969,
                    -3.496267080307007
                ],
                [
                    -0.9283100962638855,
                    -0.1325477510690689,
                    0.347378134727478,
                    1.400326132774353
                ],
                [
                    0.0,
                    0.934296727180481,
                    0.35649603605270386,
                    1.4370815753936768
                ],
                [
                    0.0,
                    0.0,
                    0.0,
                    1.0
                ]
            ]
        },
        {
            "file_path": "/data/shapenet_blender/all_50_random/02958343/f378404d31ce9db1afe1d4530f4c6e24/r_28",
            "rotation": 0.12566370614359174,
            "transform_matrix": [
                [
                    -0.8961511850357056,
                    0.21883006393909454,
                    0.3860396146774292,
                    1.5561755895614624
                ],
                [
                    0.4437490701675415,
                    0.4419272840023041,
                    0.7796069383621216,
                    3.1426963806152344
                ],
                [
                    -1.4901162970204496e-08,
                    0.8699503540992737,
                    -0.49313920736312866,
                    -1.987907886505127
                ],
                [
                    0.0,
                    0.0,
                    0.0,
                    1.0
                ]
            ]
        },
        {
            "file_path": "/data/shapenet_blender/all_50_random/02958343/f378404d31ce9db1afe1d4530f4c6e24/r_29",
            "rotation": 0.12566370614359174,
            "transform_matrix": [
                [
                    0.8625323176383972,
                    -0.4910372793674469,
                    -0.1221490204334259,
                    -0.4923984408378601
                ],
                [
                    -0.5060019493103027,
                    -0.8370234370231628,
                    -0.20821554958820343,
                    -0.8393437266349792
                ],
                [
                    7.450580596923828e-09,
                    0.24140022695064545,
                    -0.9704256057739258,
                    -3.9119107723236084
                ],
                [
                    0.0,
                    0.0,
                    0.0,
                    1.0
                ]
            ]
        },
        {
            "file_path": "/data/shapenet_blender/all_50_random/02958343/f378404d31ce9db1afe1d4530f4c6e24/r_30",
            "rotation": 0.12566370614359174,
            "transform_matrix": [
                [
                    0.6972535252571106,
                    0.488858699798584,
                    -0.5242657661437988,
                    -2.1133828163146973
                ],
                [
                    -0.7168245315551758,
                    0.47551169991493225,
                    -0.5099520683288574,
                    -2.055682420730591
                ],
                [
                    0.0,
                    0.7313724160194397,
                    0.6819782257080078,
                    2.7491421699523926
                ],
                [
                    0.0,
                    0.0,
                    0.0,
                    1.0
                ]
            ]
        },
        {
            "file_path": "/data/shapenet_blender/all_50_random/02958343/f378404d31ce9db1afe1d4530f4c6e24/r_31",
            "rotation": 0.12566370614359174,
            "transform_matrix": [
                [
                    0.6557512283325195,
                    -0.08580081909894943,
                    0.750085711479187,
                    3.0236921310424805
                ],
                [
                    0.7549770474433899,
                    0.07452410459518433,
                    -0.6515027284622192,
                    -2.626291513442993
                ],
                [
                    0.0,
                    0.9935211539268494,
                    0.11364693194627762,
                    0.45812544226646423
                ],
                [
                    0.0,
                    0.0,
                    0.0,
                    1.0
                ]
            ]
        },
        {
            "file_path": "/data/shapenet_blender/all_50_random/02958343/f378404d31ce9db1afe1d4530f4c6e24/r_32",
            "rotation": 0.12566370614359174,
            "transform_matrix": [
                [
                    -0.9996933341026306,
                    0.000928879133425653,
                    0.024749234318733215,
                    0.09976735711097717
                ],
                [
                    0.02476665936410427,
                    0.03749372065067291,
                    0.9989899396896362,
                    4.02705717086792
                ],
                [
                    0.0,
                    0.9992964863777161,
                    -0.037505220621824265,
                    -0.15118837356567383
                ],
                [
                    0.0,
                    0.0,
                    0.0,
                    1.0
                ]
            ]
        },
        {
            "file_path": "/data/shapenet_blender/all_50_random/02958343/f378404d31ce9db1afe1d4530f4c6e24/r_33",
            "rotation": 0.12566370614359174,
            "transform_matrix": [
                [
                    0.15684959292411804,
                    -0.27502328157424927,
                    -0.9485569000244141,
                    -3.8237555027008057
                ],
                [
                    -0.9876224994659424,
                    -0.0436779148876667,
                    -0.15064537525177002,
                    -0.6072710156440735
                ],
                [
                    0.0,
                    0.9604448676109314,
                    -0.2784700095653534,
                    -1.1225485801696777
                ],
                [
                    0.0,
                    0.0,
                    0.0,
                    1.0
                ]
            ]
        },
        {
            "file_path": "/data/shapenet_blender/all_50_random/02958343/f378404d31ce9db1afe1d4530f4c6e24/r_34",
            "rotation": 0.12566370614359174,
            "transform_matrix": [
                [
                    -0.19600051641464233,
                    0.17483635246753693,
                    0.9648917317390442,
                    3.8896028995513916
                ],
                [
                    0.980603814125061,
                    0.03494583070278168,
                    0.19286003708839417,
                    0.7774436473846436
                ],
                [
                    0.0,
                    0.9839770793914795,
                    -0.1782945990562439,
                    -0.7187285423278809
                ],
                [
                    0.0,
                    0.0,
                    0.0,
                    1.0
                ]
            ]
        },
        {
            "file_path": "/data/shapenet_blender/all_50_random/02958343/f378404d31ce9db1afe1d4530f4c6e24/r_35",
            "rotation": 0.12566370614359174,
            "transform_matrix": [
                [
                    -0.6849030256271362,
                    0.2877987325191498,
                    0.6693875789642334,
                    2.698387622833252
                ],
                [
                    0.728634238243103,
                    0.27052557468414307,
                    0.6292122006416321,
                    2.536435604095459
                ],
                [
                    1.4901162970204496e-08,
                    0.9186879992485046,
                    -0.39498382806777954,
                    -1.5922307968139648
                ],
                [
                    0.0,
                    0.0,
                    0.0,
                    1.0
                ]
            ]
        },
        {
            "file_path": "/data/shapenet_blender/all_50_random/02958343/f378404d31ce9db1afe1d4530f4c6e24/r_36",
            "rotation": 0.12566370614359174,
            "transform_matrix": [
                [
                    0.3313097655773163,
                    -0.36386629939079285,
                    -0.8705371618270874,
                    -3.5092477798461914
                ],
                [
                    -0.9435220956802368,
                    -0.12776854634284973,
                    -0.3056817352771759,
                    -1.2322425842285156
                ],
                [
                    1.4901162970204496e-08,
                    0.9226464033126831,
                    -0.3856468200683594,
                    -1.5545921325683594
                ],
                [
                    0.0,
                    0.0,
                    0.0,
                    1.0
                ]
            ]
        },
        {
            "file_path": "/data/shapenet_blender/all_50_random/02958343/f378404d31ce9db1afe1d4530f4c6e24/r_37",
            "rotation": 0.12566370614359174,
            "transform_matrix": [
                [
                    0.4991583228111267,
                    -0.4961780905723572,
                    -0.7103860378265381,
                    -2.8636579513549805
                ],
                [
                    -0.8665108680725098,
                    -0.28582608699798584,
                    -0.40922173857688904,
                    -1.6496256589889526
                ],
                [
                    0.0,
                    0.819823682308197,
                    -0.5726160407066345,
                    -2.3082892894744873
                ],
                [
                    0.0,
                    0.0,
                    0.0,
                    1.0
                ]
            ]
        },
        {
            "file_path": "/data/shapenet_blender/all_50_random/02958343/f378404d31ce9db1afe1d4530f4c6e24/r_38",
            "rotation": 0.12566370614359174,
            "transform_matrix": [
                [
                    0.5829760432243347,
                    0.19333304464817047,
                    -0.789152204990387,
                    -3.1811742782592773
                ],
                [
                    -0.8124893307685852,
                    0.13872002065181732,
                    -0.5662312507629395,
                    -2.2825512886047363
                ],
                [
                    0.0,
                    0.9712770581245422,
                    0.23795148730278015,
                    0.959213137626648
                ],
                [
                    0.0,
                    0.0,
                    0.0,
                    1.0
                ]
            ]
        },
        {
            "file_path": "/data/shapenet_blender/all_50_random/02958343/f378404d31ce9db1afe1d4530f4c6e24/r_39",
            "rotation": 0.12566370614359174,
            "transform_matrix": [
                [
                    0.16578058898448944,
                    0.4191822111606598,
                    -0.8926381468772888,
                    -3.598339796066284
                ],
                [
                    -0.9861626625061035,
                    0.07046736031770706,
                    -0.15005847811698914,
                    -0.6049051284790039
                ],
                [
                    0.0,
                    0.9051633477210999,
                    0.4250639081001282,
                    1.7134875059127808
                ],
                [
                    0.0,
                    0.0,
                    0.0,
                    1.0
                ]
            ]
        },
        {
            "file_path": "/data/shapenet_blender/all_50_random/02958343/f378404d31ce9db1afe1d4530f4c6e24/r_40",
            "rotation": 0.12566370614359174,
            "transform_matrix": [
                [
                    -0.9716625809669495,
                    -0.13579460978507996,
                    -0.1934729963541031,
                    -0.7799144983291626
                ],
                [
                    -0.23637254536151886,
                    0.5582143068313599,
                    0.7953143119812012,
                    3.2060141563415527
                ],
                [
                    0.0,
                    0.8185086846351624,
                    -0.5744941234588623,
                    -2.31585955619812
                ],
                [
                    0.0,
                    0.0,
                    0.0,
                    1.0
                ]
            ]
        },
        {
            "file_path": "/data/shapenet_blender/all_50_random/02958343/f378404d31ce9db1afe1d4530f4c6e24/r_41",
            "rotation": 0.12566370614359174,
            "transform_matrix": [
                [
                    0.9919988512992859,
                    -0.09231200069189072,
                    -0.08612149953842163,
                    -0.34716686606407166
                ],
                [
                    -0.12624745070934296,
                    -0.7253485321998596,
                    -0.6767061352729797,
                    -2.7278897762298584
                ],
                [
                    -7.450580596923828e-09,
