{
    "class": "02958343",
    "model": "82b9bbf2c5c630d9acc1f3191aab65d4",
    "remove_doubles": true,
    "edge_split": true,
    "denoise": true,
    "camera_angle_x": 0.6911112070083618,
    "scale_factor": 2.4366915682291,
    "hdri_file": "/data/IndoorHDRDataset2018/9C4A6117-1ce0050214.exr",
    "center_offset": [
        0.0,
        0.0,
        9.313225746154785e-10
    ],
    "lights": [],
    "frames": [
        {
            "file_path": "/data/shapenet_blender/all_50_random/02958343/82b9bbf2c5c630d9acc1f3191aab65d4/r_0",
            "rotation": 0.12566370614359174,
            "transform_matrix": [
                [
                    -0.27861103415489197,
                    0.8171167373657227,
                    -0.5046741962432861,
                    -2.034406900405884
                ],
                [
                    -0.9604040384292603,
                    -0.23704370856285095,
                    0.14640483260154724,
                    0.5901768207550049
                ],
                [
                    -7.450581485102248e-09,
                    0.5254811644554138,
                    0.8508051037788391,
                    3.4297053813934326
                ],
                [
                    0.0,
                    0.0,
                    0.0,
                    1.0
                ]
            ]
        },
        {
            "file_path": "/data/shapenet_blender/all_50_random/02958343/82b9bbf2c5c630d9acc1f3191aab65d4/r_1",
            "rotation": 0.12566370614359174,
            "transform_matrix": [
                [
                    0.999912440776825,
                    0.007411304861307144,
                    0.010965668596327305,
                    0.04420402646064758
                ],
                [
                    0.013235308229923248,
                    -0.5599157214164734,
                    -0.8284438252449036,
                    -3.339564085006714
                ],
                [
                    4.656613428188905e-10,
                    0.8285163044929504,
                    -0.5599647164344788,
                    -2.2572901248931885
                ],
                [
                    0.0,
                    0.0,
                    0.0,
                    1.0
                ]
            ]
        },
        {
            "file_path": "/data/shapenet_blender/all_50_random/02958343/82b9bbf2c5c630d9acc1f3191aab65d4/r_2",
            "rotation": 0.12566370614359174,
            "transform_matrix": [
                [
                    -0.9373318552970886,
                    -0.21335284411907196,
                    -0.2754806876182556,
                    -1.110498309135437
                ],
                [
                    -0.348438024520874,
                    0.5739396810531616,
                    0.7410695552825928,
                    2.98734712600708
                ],
                [
                    1.4901161193847656e-08,
                    0.7906161546707153,
                    -0.6123120784759521,
                    -2.468309164047241
                ],
                [
                    0.0,
                    0.0,
                    0.0,
                    1.0
                ]
            ]
        },
        {
            "file_path": "/data/shapenet_blender/all_50_random/02958343/82b9bbf2c5c630d9acc1f3191aab65d4/r_3",
            "rotation": 0.12566370614359174,
            "transform_matrix": [
                [
                    -0.3382304012775421,
                    -0.046607133001089096,
                    -0.939908504486084,
                    -3.7888922691345215
                ],
                [
                    -0.941063404083252,
                    0.016751209273934364,
                    0.3378153443336487,
                    1.3617771863937378
                ],
                [
                    0.0,
                    0.9987727403640747,
                    -0.04952603578567505,
                    -0.19964583218097687
                ],
                [
                    0.0,
                    0.0,
                    0.0,
                    1.0
                ]
            ]
        },
        {
            "file_path": "/data/shapenet_blender/all_50_random/02958343/82b9bbf2c5c630d9acc1f3191aab65d4/r_4",
            "rotation": 0.12566370614359174,
            "transform_matrix": [
                [
                    0.9911201000213623,
                    -0.05147233232855797,
                    -0.12260386347770691,
                    -0.4942319691181183
                ],
                [
                    -0.13297034800052643,
                    -0.3836589753627777,
                    -0.9138515591621399,
                    -3.6838533878326416
                ],
                [
                    0.0,
                    0.9220391511917114,
                    -0.3870964050292969,
                    -1.5604355335235596
                ],
                [
                    0.0,
                    0.0,
                    0.0,
                    1.0
                ]
            ]
        },
        {
            "file_path": "/data/shapenet_blender/all_50_random/02958343/82b9bbf2c5c630d9acc1f3191aab65d4/r_5",
            "rotation": 0.12566370614359174,
            "transform_matrix": [
                [
                    0.9930806756019592,
                    0.08461671322584152,
                    -0.0814293697476387,
                    -0.32825228571891785
                ],
                [
                    -0.11743393540382385,
                    0.7155616283416748,
                    -0.6886078715324402,
                    -2.775866985321045
                ],
                [
                    -3.7252898543727042e-09,
                    0.6934056878089905,
                    0.7205473184585571,
                    2.904618978500366
                ],
                [
                    0.0,
                    0.0,
                    0.0,
                    1.0
                ]
            ]
        },
        {
            "file_path": "/data/shapenet_blender/all_50_random/02958343/82b9bbf2c5c630d9acc1f3191aab65d4/r_6",
            "rotation": 0.12566370614359174,
            "transform_matrix": [
                [
                    0.18557313084602356,
                    0.9185522198677063,
                    0.3490328788757324,
                    1.406996488571167
                ],
                [
                    0.9826305508613586,
                    -0.17347171902656555,
                    -0.065916046500206,
                    -0.2657160758972168
                ],
                [
                    3.725290742551124e-09,
                    0.3552027642726898,
                    -0.9347892999649048,
                    -3.768256187438965
                ],
                [
                    0.0,
                    0.0,
                    0.0,
                    1.0
                ]
            ]
        },
        {
            "file_path": "/data/shapenet_blender/all_50_random/02958343/82b9bbf2c5c630d9acc1f3191aab65d4/r_7",
            "rotation": 0.12566370614359174,
            "transform_matrix": [
                [
                    0.012309896759688854,
                    -0.20541976392269135,
                    -0.9785965085029602,
                    -3.9448487758636475
                ],
                [
                    -0.9999242424964905,
                    -0.0025288874749094248,
                    -0.01204733457416296,
                    -0.0485643595457077
                ],
                [
                    2.3283067140944524e-10,
                    0.978670597076416,
                    -0.20543533563613892,
                    -0.8281363248825073
                ],
                [
                    0.0,
                    0.0,
                    0.0,
                    1.0
                ]
            ]
        },
        {
            "file_path": "/data/shapenet_blender/all_50_random/02958343/82b9bbf2c5c630d9acc1f3191aab65d4/r_8",
            "rotation": 0.12566370614359174,
            "transform_matrix": [
                [
                    -0.8560006618499756,
                    -0.24698014557361603,
                    0.45416268706321716,
                    1.830788493156433
                ],
                [
                    0.5169748663902283,
                    -0.4089467227458954,
                    0.7519969940185547,
                    3.0313971042633057
                ],
                [
                    1.4901162970204496e-08,
                    0.8785005807876587,
                    0.4777411222457886,
                    1.925836205482483
                ],
                [
                    0.0,
                    0.0,
                    0.0,
                    1.0
                ]
            ]
        },
        {
            "file_path": "/data/shapenet_blender/all_50_random/02958343/82b9bbf2c5c630d9acc1f3191aab65d4/r_9",
            "rotation": 0.12566370614359174,
            "transform_matrix": [
                [
                    0.23883181810379028,
                    -0.26598262786865234,
                    -0.9339231252670288,
                    -3.7647647857666016
                ],
                [
                    -0.9710609316825867,
                    -0.06541825085878372,
                    -0.22969777882099152,
                    -0.9259414076805115
                ],
                [
                    0.0,
                    0.9617553949356079,
                    -0.2739093005657196,
                    -1.1041638851165771
                ],
                [
                    0.0,
                    0.0,
                    0.0,
                    1.0
                ]
            ]
        },
        {
            "file_path": "/data/shapenet_blender/all_50_random/02958343/82b9bbf2c5c630d9acc1f3191aab65d4/r_10",
            "rotation": 0.12566370614359174,
            "transform_matrix": [
                [
                    -0.9280372858047485,
                    -0.21972858905792236,
                    -0.30077600479125977,
                    -1.2124669551849365
                ],
                [
                    -0.3724874258041382,
                    0.5474448204040527,
                    0.7493711709976196,
                    3.0208120346069336
                ],
                [
                    0.0,
                    0.8074796199798584,
                    -0.5898953080177307,
                    -2.377944231033325
                ],
                [
                    0.0,
                    0.0,
                    0.0,
                    1.0
                ]
            ]
        },
        {
            "file_path": "/data/shapenet_blender/all_50_random/02958343/82b9bbf2c5c630d9acc1f3191aab65d4/r_11",
            "rotation": 0.12566370614359174,
            "transform_matrix": [
                [
                    -0.4593702256679535,
                    0.11874173581600189,
                    0.8802723288536072,
                    3.5484912395477295
                ],
                [
                    0.8882449269294739,
                    0.06140920892357826,
                    0.45524707436561584,
                    1.8351596593856812
                ],
                [
                    0.0,
                    0.991024374961853,
                    -0.1336812973022461,
                    -0.538886547088623
                ],
                [
                    0.0,
                    0.0,
                    0.0,
                    1.0
                ]
            ]
        },
        {
            "file_path": "/data/shapenet_blender/all_50_random/02958343/82b9bbf2c5c630d9acc1f3191aab65d4/r_12",
            "rotation": 0.12566370614359174,
            "transform_matrix": [
                [
                    -0.6393648982048035,
                    -0.033014800399541855,
                    -0.7681942582130432,
                    -3.0966904163360596
                ],
                [
                    -0.7689034342765808,
                    0.027452733367681503,
                    0.6387751698493958,
                    2.5749852657318115
                ],
                [
                    -1.862645149230957e-09,
                    0.9990777969360352,
                    -0.0429374985396862,
                    -0.17308661341667175
                ],
                [
                    0.0,
                    0.0,
                    0.0,
                    1.0
                ]
            ]
        },
        {
            "file_path": "/data/shapenet_blender/all_50_random/02958343/82b9bbf2c5c630d9acc1f3191aab65d4/r_13",
            "rotation": 0.12566370614359174,
            "transform_matrix": [
                [
                    -0.04614078253507614,
                    -0.23479998111724854,
                    -0.9709479212760925,
                    -3.9140164852142334
                ],
                [
                    -0.9989349842071533,
                    0.010845405980944633,
                    0.044848062098026276,
                    0.1807883381843567
                ],
                [
                    0.0,
                    0.9719831347465515,
                    -0.23505030572414398,
                    -0.9475181698799133
                ],
                [
                    0.0,
                    0.0,
                    0.0,
                    1.0
                ]
            ]
        },
        {
            "file_path": "/data/shapenet_blender/all_50_random/02958343/82b9bbf2c5c630d9acc1f3191aab65d4/r_14",
            "rotation": 0.12566370614359174,
            "transform_matrix": [
                [
                    0.8004016280174255,
                    0.21543748676776886,
                    0.5594138503074646,
                    2.2550694942474365
                ],
                [
                    0.5994641184806824,
                    -0.28765109181404114,
                    -0.7469267249107361,
                    -3.010958194732666
                ],
                [
                    -1.4901161193847656e-08,
                    0.9331899881362915,
                    -0.35938337445259094,
                    -1.4487208127975464
                ],
                [
                    0.0,
                    0.0,
                    0.0,
                    1.0
                ]
            ]
        },
        {
            "file_path": "/data/shapenet_blender/all_50_random/02958343/82b9bbf2c5c630d9acc1f3191aab65d4/r_15",
            "rotation": 0.12566370614359174,
            "transform_matrix": [
                [
                    0.5468704700469971,
                    0.04342688247561455,
                    -0.8360901474952698,
                    -3.370387315750122
                ],
                [
                    -0.8372172713279724,
                    0.028366446495056152,
                    -0.5461341738700867,
                    -2.201537609100342
                ],
                [
                    0.0,
                    0.9986538290977478,
                    0.05187050253152847,
                    0.20909669995307922
                ],
                [
                    0.0,
                    0.0,
                    0.0,
                    1.0
                ]
            ]
        },
        {
            "file_path": "/data/shapenet_blender/all_50_random/02958343/82b9bbf2c5c630d9acc1f3191aab65d4/r_16",
            "rotation": 0.12566370614359174,
            "transform_matrix": [
                [
                    0.9999473094940186,
                    0.004870035219937563,
                    0.009043639525771141,
                    0.03645607829093933
                ],
                [
                    0.010271547362208366,
                    -0.474103718996048,
                    -0.8804090619087219,
                    -3.5490424633026123
                ],
                [
                    0.0,
                    0.8804556727409363,
                    -0.47412869334220886,
                    -1.9112738370895386
                ],
                [
                    0.0,
                    0.0,
                    0.0,
                    1.0
                ]
            ]
        },
        {
            "file_path": "/data/shapenet_blender/all_50_random/02958343/82b9bbf2c5c630d9acc1f3191aab65d4/r_17",
            "rotation": 0.12566370614359174,
            "transform_matrix": [
                [
                    0.8737663626670837,
                    0.32758980989456177,
                    0.3594679534435272,
                    1.4490617513656616
                ],
                [
                    0.48634588718414307,
                    -0.5885460376739502,
                    -0.6458181142807007,
                    -2.6033763885498047
                ],
                [
                    0.0,
                    0.7391200065612793,
                    -0.6735736727714539,
                    -2.7152626514434814
                ],
                [
                    0.0,
                    0.0,
                    0.0,
                    1.0
                ]
            ]
        },
        {
            "file_path": "/data/shapenet_blender/all_50_random/02958343/82b9bbf2c5c630d9acc1f3191aab65d4/r_18",
            "rotation": 0.12566370614359174,
            "transform_matrix": [
                [
                    0.9951165914535522,
                    0.029006948694586754,
                    -0.09434827417135239,
                    -0.38033005595207214
                ],
                [
                    -0.09870663285255432,
                    0.2924351990222931,
                    -0.9511774778366089,
                    -3.8343191146850586
                ],
                [
                    1.862645149230957e-09,
                    0.9558453559875488,
                    0.2938702702522278,
                    1.184628963470459
                ],
                [
                    0.0,
                    0.0,
                    0.0,
                    1.0
                ]
            ]
        },
        {
            "file_path": "/data/shapenet_blender/all_50_random/02958343/82b9bbf2c5c630d9acc1f3191aab65d4/r_19",
            "rotation": 0.12566370614359174,
            "transform_matrix": [
                [
                    0.8155806064605713,
                    0.5402309894561768,
                    0.20731349289417267,
                    0.835707426071167
                ],
                [
                    0.5786436200141907,
                    -0.7614391446113586,
                    -0.29220205545425415,
                    -1.1779041290283203
                ],
                [
                    1.4901162970204496e-08,
                    0.358274906873703,
                    -0.9336161017417908,
                    -3.7635269165039062
                ],
                [
                    0.0,
                    0.0,
                    0.0,
                    1.0
                ]
            ]
        },
        {
            "file_path": "/data/shapenet_blender/all_50_random/02958343/82b9bbf2c5c630d9acc1f3191aab65d4/r_20",
            "rotation": 0.12566370614359174,
            "transform_matrix": [
                [
                    0.30424386262893677,
                    0.9402318000793457,
                    0.15296989679336548,
                    0.6166414022445679
                ],
                [
                    0.9525941610336304,
                    -0.30029550194740295,
                    -0.048856221139431,
                    -0.19694572687149048
                ],
                [
                    0.0,
                    0.1605822890996933,
                    -0.9870223999023438,
                    -3.9788146018981934
                ],
                [
                    0.0,
                    0.0,
                    0.0,
                    1.0
                ]
            ]
        },
        {
            "file_path": "/data/shapenet_blender/all_50_random/02958343/82b9bbf2c5c630d9acc1f3191aab65d4/r_21",
            "rotation": 0.12566370614359174,
            "transform_matrix": [
                [
                    -0.2389908879995346,
                    -0.09396407753229141,
                    0.9664647579193115,
                    3.895944118499756
                ],
                [
                    0.971021831035614,
                    -0.02312673069536686,
                    0.2378692924976349,
                    0.9588817954063416
                ],
                [
                    1.862645149230957e-09,
                    0.9953069686889648,
                    0.09676824510097504,
                    0.39008527994155884
                ],
                [
                    0.0,
                    0.0,
                    0.0,
                    1.0
                ]
            ]
        },
        {
            "file_path": "/data/shapenet_blender/all_50_random/02958343/82b9bbf2c5c630d9acc1f3191aab65d4/r_22",
            "rotation": 0.12566370614359174,
            "transform_matrix": [
                [
                    -0.9980259537696838,
                    -0.024754535406827927,
                    -0.057717785239219666,
                    -0.23266783356666565
                ],
                [
                    -0.06280229985713959,
                    0.39338788390159607,
                    0.9172250628471375,
                    3.6974525451660156
                ],
                [
                    -3.725290076417309e-09,
                    0.9190391898155212,
                    -0.3941660225391388,
                    -1.588934063911438
                ],
                [
                    0.0,
                    0.0,
                    0.0,
                    1.0
                ]
            ]
        },
        {
            "file_path": "/data/shapenet_blender/all_50_random/02958343/82b9bbf2c5c630d9acc1f3191aab65d4/r_23",
            "rotation": 0.12566370614359174,
            "transform_matrix": [
                [
                    -0.6278551816940308,
                    -0.18371812999248505,
                    -0.7563368678092957,
                    -3.04889178276062
                ],
                [
                    -0.7783302068710327,
                    0.14819978177547455,
                    0.6101137399673462,
                    2.4594473838806152
                ],
                [
                    0.0,
                    0.9717429876327515,
                    -0.2360413819551468,
                    -0.9515132904052734
                ],
                [
                    0.0,
                    0.0,
                    0.0,
                    1.0
                ]
            ]
        },
        {
            "file_path": "/data/shapenet_blender/all_50_random/02958343/82b9bbf2c5c630d9acc1f3191aab65d4/r_24",
            "rotation": 0.12566370614359174,
            "transform_matrix": [
                [
                    0.4622094929218292,
                    -0.018924100324511528,
                    0.8865687847137451,
                    3.5738730430603027
                ],
                [
                    0.8867707252502441,
                    0.009863764978945255,
                    -0.4621042013168335,
                    -1.8628016710281372
                ],
                [
                    9.313225746154785e-10,
                    0.9997722506523132,
                    0.021340463310480118,
                    0.0860261619091034
                ],
                [
                    0.0,
                    0.0,
                    0.0,
                    1.0
                ]
            ]
        },
        {
            "file_path": "/data/shapenet_blender/all_50_random/02958343/82b9bbf2c5c630d9acc1f3191aab65d4/r_25",
            "rotation": 0.12566370614359174,
            "transform_matrix": [
                [
                    0.9999437928199768,
                    -0.002713856752961874,
                    0.010258273221552372,
                    0.041352421045303345
                ],
                [
                    0.010611183941364288,
                    0.2557400166988373,
                    -0.9666873216629028,
                    -3.896841287612915
                ],
                [
                    0.0,
                    0.9667417407035828,
                    0.25575441122055054,
                    1.030979037284851
                ],
                [
                    0.0,
                    0.0,
                    0.0,
                    1.0
                ]
            ]
        },
        {
            "file_path": "/data/shapenet_blender/all_50_random/02958343/82b9bbf2c5c630d9acc1f3191aab65d4/r_26",
            "rotation": 0.12566370614359174,
            "transform_matrix": [
                [
                    -0.8761888146400452,
                    0.06935898959636688,
                    0.47695136070251465,
                    1.9226526021957397
                ],
                [
                    0.4819682240486145,
                    0.1260904222726822,
                    0.8670684695243835,
                    3.495265007019043
                ],
                [
                    -3.725291186640334e-09,
                    0.9895910024642944,
                    -0.1439078152179718,
                    -0.580111026763916
                ],
                [
                    0.0,
                    0.0,
                    0.0,
                    1.0
                ]
            ]
        },
        {
            "file_path": "/data/shapenet_blender/all_50_random/02958343/82b9bbf2c5c630d9acc1f3191aab65d4/r_27",
            "rotation": 0.12566370614359174,
            "transform_matrix": [
                [
                    -0.8570338487625122,
                    0.31148046255111694,
                    0.41045451164245605,
                    1.654595136642456
                ],
                [
                    0.5152601599693298,
                    0.5180864334106445,
                    0.6827102303504944,
                    2.7520933151245117
                ],
                [
                    -1.4901161193847656e-08,
                    0.7965966463088989,
                    -0.604511022567749,
                    -2.4368622303009033
                ],
                [
                    0.0,
                    0.0,
                    0.0,
                    1.0
                ]
            ]
        },
        {
            "file_path": "/data/shapenet_blender/all_50_random/02958343/82b9bbf2c5c630d9acc1f3191aab65d4/r_28",
            "rotation": 0.12566370614359174,
            "transform_matrix": [
                [
                    -0.32005688548088074,
                    -0.09015122056007385,
                    0.943099319934845,
                    3.801754951477051
                ],
                [
                    0.94739830493927,
                    -0.030455531552433968,
                    0.31860455870628357,
                    1.2843360900878906
                ],
                [
                    1.8626449271863521e-09,
                    0.9954623579978943,
                    0.09515661746263504,
                    0.383588582277298
                ],
                [
                    0.0,
                    0.0,
                    0.0,
                    1.0
                ]
            ]
        },
        {
            "file_path": "/data/shapenet_blender/all_50_random/02958343/82b9bbf2c5c630d9acc1f3191aab65d4/r_29",
            "rotation": 0.12566370614359174,
            "transform_matrix": [
                [
                    -0.9514802098274231,
                    0.3000830411911011,
                    -0.0680864006280899,
                    -0.27446505427360535
                ],
                [
                    -0.3077102303504944,
                    -0.9278959035873413,
                    0.2105320245027542,
                    0.8486817479133606
                ],
                [
                    0.0,
                    0.2212679386138916,
                    0.9752130508422852,
                    3.9312095642089844
                ],
                [
                    0.0,
                    0.0,
                    0.0,
                    1.0
                ]
            ]
        },
        {
            "file_path": "/data/shapenet_blender/all_50_random/02958343/82b9bbf2c5c630d9acc1f3191aab65d4/r_30",
            "rotation": 0.12566370614359174,
            "transform_matrix": [
                [
                    0.9879156947135925,
                    -0.028971727937459946,
                    -0.15226028859615326,
                    -0.6137808561325073
                ],
                [
                    -0.15499211847782135,
                    -0.1846650242805481,
                    -0.9705030918121338,
                    -3.9122231006622314
                ],
                [
                    1.862645149230957e-09,
                    0.9823743104934692,
                    -0.18692387640476227,
                    -0.7535142302513123
                ],
                [
                    0.0,
                    0.0,
                    0.0,
                    1.0
                ]
            ]
        },
        {
            "file_path": "/data/shapenet_blender/all_50_random/02958343/82b9bbf2c5c630d9acc1f3191aab65d4/r_31",
            "rotation": 0.12566370614359174,
            "transform_matrix": [
                [
                    -0.3786545693874359,
                    -0.041288092732429504,
                    -0.9246167540550232,
                    -3.7272489070892334
                ],
                [
                    -0.9255380630493164,
                    0.016891716048121452,
                    0.37827765941619873,
                    1.524885892868042
                ],
                [
                    0.0,
                    0.9990044832229614,
                    -0.04460983723402023,
                    -0.1798279881477356
                ],
                [
                    0.0,
                    0.0,
                    0.0,
                    1.0
                ]
            ]
        },
        {
            "file_path": "/data/shapenet_blender/all_50_random/02958343/82b9bbf2c5c630d9acc1f3191aab65d4/r_32",
            "rotation": 0.12566370614359174,
            "transform_matrix": [
                [
                    0.3299764096736908,
                    -0.17529873549938202,
                    0.9275698661804199,
                    3.7391536235809326
                ],
                [
                    0.9439891576766968,
                    0.06127660349011421,
                    -0.3242369592189789,
                    -1.3070409297943115
                ],
                [
                    0.0,
                    0.9826064705848694,
                    0.1856999397277832,
                    0.7485803961753845
                ],
                [
                    0.0,
                    0.0,
                    0.0,
                    1.0
                ]
            ]
        },
        {
            "file_path": "/data/shapenet_blender/all_50_random/02958343/82b9bbf2c5c630d9acc1f3191aab65d4/r_33",
            "rotation": 0.12566370614359174,
            "transform_matrix": [
                [
                    -0.12454252690076828,
                    -0.01257741916924715,
                    -0.9921345710754395,
                    -3.999422311782837
                ],
                [
                    -0.9922143220901489,
                    0.001578714931383729,
                    0.12453252077102661,
                    0.5020066499710083
                ],
                [
                    -1.1641530794914701e-10,
                    0.9999197125434875,
                    -0.012676110491156578,
                    -0.051099035888910294
                ],
                [
                    0.0,
                    0.0,
                    0.0,
                    1.0
                ]
            ]
        },
        {
            "file_path": "/data/shapenet_blender/all_50_random/02958343/82b9bbf2c5c630d9acc1f3191aab65d4/r_34",
            "rotation": 0.12566370614359174,
            "transform_matrix": [
                [
                    -0.9982244372367859,
                    -0.03139076381921768,
                    -0.05062258616089821,
                    -0.2040661871433258
                ],
                [
                    -0.059565313160419464,
                    0.5260616540908813,
                    0.8483578562736511,
                    3.419840097427368
                ],
                [
                    0.0,
                    0.8498669266700745,
                    -0.5269973278045654,
                    -2.124394416809082
                ],
                [
                    0.0,
                    0.0,
                    0.0,
                    1.0
                ]
            ]
        },
        {
            "file_path": "/data/shapenet_blender/all_50_random/02958343/82b9bbf2c5c630d9acc1f3191aab65d4/r_35",
            "rotation": 0.12566370614359174,
            "transform_matrix": [
                [
                    0.5491786003112793,
                    0.0625624880194664,
                    0.8333598971366882,
                    3.3593811988830566
                ],
                [
                    0.8357049822807312,
                    -0.04111257568001747,
                    -0.5476375818252563,
                    -2.2075977325439453
                ],
                [
                    3.725290298461914e-09,
                    0.9971939325332642,
                    -0.07486192137002945,
                    -0.30177804827690125
                ],
                [
                    0.0,
                    0.0,
                    0.0,
                    1.0
                ]
            ]
        },
        {
            "file_path": "/data/shapenet_blender/all_50_random/02958343/82b9bbf2c5c630d9acc1f3191aab65d4/r_36",
            "rotation": 0.12566370614359174,
            "transform_matrix": [
                [
                    0.33174246549606323,
                    -0.6344656944274902,
                    0.6981404423713684,
                    2.8142943382263184
                ],
                [
                    0.94336998462677,
                    0.22311417758464813,
                    -0.24550580978393555,
                    -0.9896656274795532
                ],
                [
                    -1.4901161193847656e-08,
                    0.740049421787262,
                    0.6725523471832275,
                    2.7111454010009766
                ],
                [
                    0.0,
                    0.0,
                    0.0,
                    1.0
                ]
            ]
        },
        {
            "file_path": "/data/shapenet_blender/all_50_random/02958343/82b9bbf2c5c630d9acc1f3191aab65d4/r_37",
            "rotation": 0.12566370614359174,
            "transform_matrix": [
                [
                    -0.6905564665794373,
                    -0.09517480432987213,
                    -0.7169892191886902,
                    -2.8902759552001953
                ],
                [
                    -0.7232785224914551,
                    0.09086897224187851,
                    0.6845517158508301,
                    2.7595162391662598
                ],
                [
                    0.0,
                    0.9913044571876526,
                    -0.13158805668354034,
                    -0.5304484367370605
                ],
                [
                    0.0,
                    0.0,
                    0.0,
                    1.0
                ]
            ]
        },
        {
            "file_path": "/data/shapenet_blender/all_50_random/02958343/82b9bbf2c5c630d9acc1f3191aab65d4/r_38",
            "rotation": 0.12566370614359174,
            "transform_matrix": [
                [
                    -0.7554782629013062,
                    -0.0068058124743402,
                    0.6551384329795837,
                    2.640947103500366
                ],
                [
                    0.6551737785339355,
                    -0.007847755216062069,
                    0.7554375529289246,
                    3.0452659130096436
                ],
                [
                    0.0,
                    0.9999460577964783,
                    0.010387800633907318,
                    0.04187455773353577
                ],
                [
                    0.0,
                    0.0,
                    0.0,
                    1.0
                ]
            ]
        },
        {
            "file_path": "/data/shapenet_blender/all_50_random/02958343/82b9bbf2c5c630d9acc1f3191aab65d4/r_39",
            "rotation": 0.12566370614359174,
            "transform_matrix": [
                [
                    0.8605319261550903,
                    -0.023326389491558075,
                    -0.5088620185852051,
                    -2.05128812789917
                ],
                [
                    -0.5093962550163269,
                    -0.03940567374229431,
                    -0.8596293926239014,
                    -3.4652764797210693
                ],
                [
                    -1.8626448161640496e-09,
                    0.9989509582519531,
                    -0.045792222023010254,
                    -0.18459433317184448
                ],
                [
                    0.0,
                    0.0,
                    0.0,
                    1.0
                ]
            ]
        },
        {
            "file_path": "/data/shapenet_blender/all_50_random/02958343/82b9bbf2c5c630d9acc1f3191aab65d4/r_40",
            "rotation": 0.12566370614359174,
            "transform_matrix": [
                [
                    -0.9810546040534973,
                    -0.1129845604300499,
                    0.15737280249595642,
                    0.6343900561332703
                ],
                [
                    0.19373099505901337,
                    -0.5721542835235596,
                    0.7969365119934082,
                    3.2125537395477295
                ],
                [
                    7.4505792646561986e-09,
                    0.8123262524604797,
                    0.5832033157348633,
                    2.3509676456451416
                ],
                [
                    0.0,
                    0.0,
                    0.0,
                    1.0
                ]
            ]
        },
        {
            "file_path": "/data/shapenet_blender/all_50_random/02958343/82b9bbf2c5c630d9acc1f3191aab65d4/r_41",
            "rotation": 0.12566370614359174,
            "transform_matrix": [
                [
                    0.34804585576057434,
                    0.09084536135196686,
                    -0.9330654740333557,
                    -3.7613072395324707
                ],
                [
                    -0.9374774694442749,
                    0.03372705355286598,
