{
    "class": "02958343",
    "model": "d838c8cb52c92df3b112e5ac235c21b7",
    "remove_doubles": true,
    "edge_split": true,
    "denoise": true,
    "camera_angle_x": 0.6911112070083618,
    "scale_factor": 2.2781093443102653,
    "hdri_file": "/data/IndoorHDRDataset2018/9C4A9274-cdf7c9a546.exr",
    "center_offset": [
        0.0,
        -9.313225746154785e-10,
        0.0
    ],
    "lights": [],
    "frames": [
        {
            "file_path": "/data/shapenet_blender/all_50_random/02958343/d838c8cb52c92df3b112e5ac235c21b7/r_0",
            "rotation": 0.12566370614359174,
            "transform_matrix": [
                [
                    -0.996630072593689,
                    -0.00031562839285470545,
                    -0.08202555030584335,
                    -0.330655574798584
                ],
                [
                    -0.0820261538028717,
                    0.003834932576864958,
                    0.9966228008270264,
                    4.017514705657959
                ],
                [
                    0.0,
                    0.9999925494194031,
                    -0.0038478996139019728,
                    -0.015511378645896912
                ],
                [
                    0.0,
                    0.0,
                    0.0,
                    1.0
                ]
            ]
        },
        {
            "file_path": "/data/shapenet_blender/all_50_random/02958343/d838c8cb52c92df3b112e5ac235c21b7/r_1",
            "rotation": 0.12566370614359174,
            "transform_matrix": [
                [
                    -0.9783544540405273,
                    -0.1946423351764679,
                    -0.07026427984237671,
                    -0.28324437141418457
                ],
                [
                    -0.2069365233182907,
                    0.920229971408844,
                    0.3321954309940338,
                    1.3391226530075073
                ],
                [
                    0.0,
                    0.3395450711250305,
                    -0.9405897855758667,
                    -3.7916386127471924
                ],
                [
                    0.0,
                    0.0,
                    0.0,
                    1.0
                ]
            ]
        },
        {
            "file_path": "/data/shapenet_blender/all_50_random/02958343/d838c8cb52c92df3b112e5ac235c21b7/r_2",
            "rotation": 0.12566370614359174,
            "transform_matrix": [
                [
                    -0.13837657868862152,
                    -0.8595768809318542,
                    0.49191388487815857,
                    1.9829683303833008
                ],
                [
                    0.9903796911239624,
                    -0.1201007217168808,
                    0.06873057037591934,
                    0.27706179022789
                ],
                [
                    0.0,
                    0.4966922998428345,
                    0.8679267764091492,
                    3.4987246990203857
                ],
                [
                    0.0,
                    0.0,
                    0.0,
                    1.0
                ]
            ]
        },
        {
            "file_path": "/data/shapenet_blender/all_50_random/02958343/d838c8cb52c92df3b112e5ac235c21b7/r_3",
            "rotation": 0.12566370614359174,
            "transform_matrix": [
                [
                    -0.8172109127044678,
                    -0.5224301815032959,
                    -0.24337826669216156,
                    -0.981089174747467
                ],
                [
                    -0.5763387680053711,
                    0.7407721281051636,
                    0.34509456157684326,
                    1.3911206722259521
                ],
                [
                    1.4901161193847656e-08,
                    0.422283411026001,
                    -0.9064638614654541,
                    -3.6540727615356445
                ],
                [
                    0.0,
                    0.0,
                    0.0,
                    1.0
                ]
            ]
        },
        {
            "file_path": "/data/shapenet_blender/all_50_random/02958343/d838c8cb52c92df3b112e5ac235c21b7/r_4",
            "rotation": 0.12566370614359174,
            "transform_matrix": [
                [
                    0.1074633002281189,
                    0.41475799679756165,
                    -0.9035637974739075,
                    -3.6423821449279785
                ],
                [
                    -0.9942091107368469,
                    0.04483087360858917,
                    -0.09766551852226257,
                    -0.39370229840278625
                ],
                [
                    0.0,
                    0.9088266491889954,
                    0.417173832654953,
                    1.681681513786316
                ],
                [
                    0.0,
                    0.0,
                    0.0,
                    1.0
                ]
            ]
        },
        {
            "file_path": "/data/shapenet_blender/all_50_random/02958343/d838c8cb52c92df3b112e5ac235c21b7/r_5",
            "rotation": 0.12566370614359174,
            "transform_matrix": [
                [
                    -0.9733355641365051,
                    0.09654752165079117,
                    0.2080777883529663,
                    0.8387884497642517
                ],
                [
                    0.22938568890094757,
                    0.4096730649471283,
                    0.8829213380813599,
                    3.5591700077056885
                ],
                [
                    0.0,
                    0.9071089625358582,
                    -0.42089593410491943,
                    -1.6966859102249146
                ],
                [
                    0.0,
                    0.0,
                    0.0,
                    1.0
                ]
            ]
        },
        {
            "file_path": "/data/shapenet_blender/all_50_random/02958343/d838c8cb52c92df3b112e5ac235c21b7/r_6",
            "rotation": 0.12566370614359174,
            "transform_matrix": [
                [
                    0.9690564870834351,
                    -0.03324638679623604,
                    -0.2445896416902542,
                    -0.9859723448753357
                ],
                [
                    -0.24683882296085358,
                    -0.13052091002464294,
                    -0.9602264761924744,
                    -3.8707964420318604
                ],
                [
                    -3.725290076417309e-09,
                    0.9908879399299622,
                    -0.1346886307001114,
                    -0.5429472327232361
                ],
                [
                    0.0,
                    0.0,
                    0.0,
                    1.0
                ]
            ]
        },
        {
            "file_path": "/data/shapenet_blender/all_50_random/02958343/d838c8cb52c92df3b112e5ac235c21b7/r_7",
            "rotation": 0.12566370614359174,
            "transform_matrix": [
                [
                    -0.7665995955467224,
                    0.30336904525756836,
                    0.5659435987472534,
                    2.2813918590545654
                ],
                [
                    0.6421253085136414,
                    0.3621762990951538,
                    0.6756501793861389,
                    2.723633289337158
                ],
                [
                    0.0,
                    0.8813601136207581,
                    -0.47244516015052795,
                    -1.9044874906539917
                ],
                [
                    0.0,
                    0.0,
                    0.0,
                    1.0
                ]
            ]
        },
        {
            "file_path": "/data/shapenet_blender/all_50_random/02958343/d838c8cb52c92df3b112e5ac235c21b7/r_8",
            "rotation": 0.12566370614359174,
            "transform_matrix": [
                [
                    0.8155913949012756,
                    -0.19233384728431702,
                    0.5457273721694946,
                    2.199897289276123
                ],
                [
                    0.5786282420158386,
                    0.2710995078086853,
                    -0.769216775894165,
                    -3.1008119583129883
                ],
                [
                    0.0,
                    0.943139910697937,
                    0.3323962390422821,
                    1.3399320840835571
                ],
                [
                    0.0,
                    0.0,
                    0.0,
                    1.0
                ]
            ]
        },
        {
            "file_path": "/data/shapenet_blender/all_50_random/02958343/d838c8cb52c92df3b112e5ac235c21b7/r_9",
            "rotation": 0.12566370614359174,
            "transform_matrix": [
                [
                    0.8262267708778381,
                    0.45402199029922485,
                    -0.33348655700683594,
                    -1.3443273305892944
                ],
                [
                    -0.5633375644683838,
                    0.6658975481987,
                    -0.48911261558532715,
                    -1.971675992012024
                ],
                [
                    0.0,
                    0.5919835567474365,
                    0.8059500455856323,
                    3.2488884925842285
                ],
                [
                    0.0,
                    0.0,
                    0.0,
                    1.0
                ]
            ]
        },
        {
            "file_path": "/data/shapenet_blender/all_50_random/02958343/d838c8cb52c92df3b112e5ac235c21b7/r_10",
            "rotation": 0.12566370614359174,
            "transform_matrix": [
                [
                    0.9814989566802979,
                    -0.18744325637817383,
                    0.03904792293906212,
                    0.1574072241783142
                ],
                [
                    0.1914672702550888,
                    0.9608711004257202,
                    -0.20016735792160034,
                    -0.8069005012512207
                ],
                [
                    3.725290076417309e-09,
                    0.20394040644168854,
                    0.9789832234382629,
                    3.9464077949523926
                ],
                [
                    0.0,
                    0.0,
                    0.0,
                    1.0
                ]
            ]
        },
        {
            "file_path": "/data/shapenet_blender/all_50_random/02958343/d838c8cb52c92df3b112e5ac235c21b7/r_11",
            "rotation": 0.12566370614359174,
            "transform_matrix": [
                [
                    -0.6144056916236877,
                    0.4246201515197754,
                    -0.6649836897850037,
                    -2.6806352138519287
                ],
                [
                    -0.7889902591705322,
                    -0.33066192269325256,
                    0.5178387761116028,
                    2.087475061416626
                ],
                [
                    0.0,
                    0.8428288698196411,
                    0.5381816029548645,
                    2.1694796085357666
                ],
                [
                    0.0,
                    0.0,
                    0.0,
                    1.0
                ]
            ]
        },
        {
            "file_path": "/data/shapenet_blender/all_50_random/02958343/d838c8cb52c92df3b112e5ac235c21b7/r_12",
            "rotation": 0.12566370614359174,
            "transform_matrix": [
                [
                    -0.9854191541671753,
                    -0.06673580408096313,
                    -0.1565103679895401,
                    -0.630913496017456
                ],
                [
                    -0.17014454305171967,
                    0.386510968208313,
                    0.9064546227455139,
                    3.6540355682373047
                ],
                [
                    -3.725290742551124e-09,
                    0.9198671579360962,
                    -0.39223000407218933,
                    -1.5811296701431274
                ],
                [
                    0.0,
                    0.0,
                    0.0,
                    1.0
                ]
            ]
        },
        {
            "file_path": "/data/shapenet_blender/all_50_random/02958343/d838c8cb52c92df3b112e5ac235c21b7/r_13",
            "rotation": 0.12566370614359174,
            "transform_matrix": [
                [
                    -0.781233549118042,
                    -0.4761941134929657,
                    0.40362513065338135,
                    1.6270649433135986
                ],
                [
                    0.6242387294769287,
                    -0.5959559082984924,
                    0.5051360130310059,
                    2.036268472671509
                ],
                [
                    -1.4901161193847656e-08,
                    0.6465875506401062,
                    0.7628396153450012,
                    3.0751049518585205
                ],
                [
                    0.0,
                    0.0,
                    0.0,
                    1.0
                ]
            ]
        },
        {
            "file_path": "/data/shapenet_blender/all_50_random/02958343/d838c8cb52c92df3b112e5ac235c21b7/r_14",
            "rotation": 0.12566370614359174,
            "transform_matrix": [
                [
                    -0.3132774829864502,
                    -0.6511844396591187,
                    -0.6912423372268677,
                    -2.786487102508545
                ],
                [
                    -0.9496616125106812,
                    0.21481485664844513,
                    0.2280292809009552,
                    0.9192154407501221
                ],
                [
                    0.0,
                    0.7278827428817749,
                    -0.6857015490531921,
                    -2.7641513347625732
                ],
                [
                    0.0,
                    0.0,
                    0.0,
                    1.0
                ]
            ]
        },
        {
            "file_path": "/data/shapenet_blender/all_50_random/02958343/d838c8cb52c92df3b112e5ac235c21b7/r_15",
            "rotation": 0.12566370614359174,
            "transform_matrix": [
                [
                    -0.9979892373085022,
                    0.01966826431453228,
                    -0.06025519594550133,
                    -0.24289648234844208
                ],
                [
                    -0.06338398903608322,
                    -0.30967938899993896,
                    0.9487259387969971,
                    3.824436902999878
                ],
                [
                    0.0,
                    0.9506374597549438,
                    0.31030336022377014,
                    1.2508729696273804
                ],
                [
                    0.0,
                    0.0,
                    0.0,
                    1.0
                ]
            ]
        },
        {
            "file_path": "/data/shapenet_blender/all_50_random/02958343/d838c8cb52c92df3b112e5ac235c21b7/r_16",
            "rotation": 0.12566370614359174,
            "transform_matrix": [
                [
                    0.16612781584262848,
                    -0.23683100938796997,
                    -0.9572421908378601,
                    -3.858766794204712
                ],
                [
                    -0.9861042499542236,
                    -0.03989864140748978,
                    -0.16126546263694763,
                    -0.6500818729400635
                ],
                [
                    0.0,
                    0.970731258392334,
                    -0.24016833305358887,
                    -0.9681495428085327
                ],
                [
                    0.0,
                    0.0,
                    0.0,
                    1.0
                ]
            ]
        },
        {
            "file_path": "/data/shapenet_blender/all_50_random/02958343/d838c8cb52c92df3b112e5ac235c21b7/r_17",
            "rotation": 0.12566370614359174,
            "transform_matrix": [
                [
                    -0.45497065782546997,
                    -0.4591003954410553,
                    -0.7630388736724854,
                    -3.075908660888672
                ],
                [
                    -0.8905065059661865,
                    0.2345600128173828,
                    0.38984590768814087,
                    1.571519374847412
                ],
                [
                    0.0,
                    0.8568595051765442,
                    -0.5155497193336487,
                    -2.078247547149658
                ],
                [
                    0.0,
                    0.0,
                    0.0,
                    1.0
                ]
            ]
        },
        {
            "file_path": "/data/shapenet_blender/all_50_random/02958343/d838c8cb52c92df3b112e5ac235c21b7/r_18",
            "rotation": 0.12566370614359174,
            "transform_matrix": [
                [
                    0.19661666452884674,
                    0.11174598336219788,
                    -0.974091649055481,
                    -3.926689386367798
                ],
                [
                    -0.9804804921150208,
                    0.02240852639079094,
                    -0.1953355073928833,
                    -0.7874226570129395
                ],
                [
                    0.0,
                    0.9934840798377991,
                    0.11397063732147217,
                    0.45943036675453186
                ],
                [
                    0.0,
                    0.0,
                    0.0,
                    1.0
                ]
            ]
        },
        {
            "file_path": "/data/shapenet_blender/all_50_random/02958343/d838c8cb52c92df3b112e5ac235c21b7/r_19",
            "rotation": 0.12566370614359174,
            "transform_matrix": [
                [
                    0.6389293074607849,
                    0.6846345067024231,
                    0.3507775068283081,
                    1.4140293598175049
                ],
                [
                    0.7692655324935913,
                    -0.5686373114585876,
                    -0.291345477104187,
                    -1.174451231956482
                ],
                [
                    1.4901162970204496e-08,
                    0.45599013566970825,
                    -0.8899847865104675,
                    -3.5876433849334717
                ],
                [
                    0.0,
                    0.0,
                    0.0,
                    1.0
                ]
            ]
        },
        {
            "file_path": "/data/shapenet_blender/all_50_random/02958343/d838c8cb52c92df3b112e5ac235c21b7/r_20",
            "rotation": 0.12566370614359174,
            "transform_matrix": [
                [
                    -0.1888958066701889,
                    0.7696071863174438,
                    0.6099369525909424,
                    2.4587345123291016
                ],
                [
                    0.9819971323013306,
                    0.14804072678089142,
                    0.11732674390077591,
                    0.4729592204093933
                ],
                [
                    0.0,
                    0.6211187839508057,
                    -0.7837163805961609,
                    -3.159261703491211
                ],
                [
                    0.0,
                    0.0,
                    0.0,
                    1.0
                ]
            ]
        },
        {
            "file_path": "/data/shapenet_blender/all_50_random/02958343/d838c8cb52c92df3b112e5ac235c21b7/r_21",
            "rotation": 0.12566370614359174,
            "transform_matrix": [
                [
                    0.9801475405693054,
                    9.158562170341611e-05,
                    0.19826947152614594,
                    0.7992498874664307
                ],
                [
                    0.19826950132846832,
                    -0.0004527545243036002,
                    -0.9801473617553711,
                    -3.9511005878448486
                ],
                [
                    -7.275957614183426e-12,
                    0.9999998211860657,
                    -0.00046192487934604287,
                    -0.0018620789051055908
                ],
                [
                    0.0,
                    0.0,
                    0.0,
                    1.0
                ]
            ]
        },
        {
            "file_path": "/data/shapenet_blender/all_50_random/02958343/d838c8cb52c92df3b112e5ac235c21b7/r_22",
            "rotation": 0.12566370614359174,
            "transform_matrix": [
                [
                    -0.7154114842414856,
                    -0.07949817180633545,
                    0.6941660046577454,
                    2.7982726097106934
                ],
                [
                    0.6987033486366272,
                    -0.08139920979738235,
                    0.7107656002044678,
                    2.865187883377075
                ],
                [
                    0.0,
                    0.9935058355331421,
                    0.11377958953380585,
                    0.45866018533706665
                ],
                [
                    0.0,
                    0.0,
                    0.0,
                    1.0
                ]
            ]
        },
        {
            "file_path": "/data/shapenet_blender/all_50_random/02958343/d838c8cb52c92df3b112e5ac235c21b7/r_23",
            "rotation": 0.12566370614359174,
            "transform_matrix": [
                [
                    0.5685661435127258,
                    0.3573756515979767,
                    0.7409555315971375,
                    2.986887216567993
                ],
                [
                    0.8226374387741089,
                    -0.2470003366470337,
                    -0.5121117234230042,
                    -2.0643882751464844
                ],
                [
                    1.4901160305669237e-08,
                    0.9007071852684021,
                    -0.4344266653060913,
                    -1.7512298822402954
                ],
                [
                    0.0,
                    0.0,
                    0.0,
                    1.0
                ]
            ]
        },
        {
            "file_path": "/data/shapenet_blender/all_50_random/02958343/d838c8cb52c92df3b112e5ac235c21b7/r_24",
            "rotation": 0.12566370614359174,
            "transform_matrix": [
                [
                    -0.41671890020370483,
                    -0.21203121542930603,
                    -0.88396155834198,
                    -3.5633630752563477
                ],
                [
                    -0.9090353846549988,
                    0.09719909727573395,
                    0.40522459149360657,
                    1.6335126161575317
                ],
                [
                    7.450580596923828e-09,
                    0.9724171161651611,
                    -0.23324857652187347,
                    -0.9402551054954529
                ],
                [
                    0.0,
                    0.0,
                    0.0,
                    1.0
                ]
            ]
        },
        {
            "file_path": "/data/shapenet_blender/all_50_random/02958343/d838c8cb52c92df3b112e5ac235c21b7/r_25",
            "rotation": 0.12566370614359174,
            "transform_matrix": [
                [
                    -0.8124468922615051,
                    -0.46084779500961304,
                    -0.35714033246040344,
                    -1.4396785497665405
                ],
                [
                    -0.5830350518226624,
                    0.6421815752983093,
                    0.49766746163368225,
                    2.0061614513397217
                ],
                [
                    -1.4901158529312397e-08,
                    0.6125537157058716,
                    -0.7904289960861206,
                    -3.1863207817077637
                ],
                [
                    0.0,
                    0.0,
                    0.0,
                    1.0
                ]
            ]
        },
        {
            "file_path": "/data/shapenet_blender/all_50_random/02958343/d838c8cb52c92df3b112e5ac235c21b7/r_26",
            "rotation": 0.12566370614359174,
            "transform_matrix": [
                [
                    -0.17355647683143616,
                    0.23560300469398499,
                    -0.956226646900177,
                    -3.854672908782959
                ],
                [
                    -0.9848239421844482,
                    -0.04152054339647293,
                    0.16851674020290375,
                    0.6793127059936523
                ],
                [
                    0.0,
                    0.9709620475769043,
                    0.23923365771770477,
                    0.9643816947937012
                ],
                [
                    0.0,
                    0.0,
                    0.0,
                    1.0
                ]
            ]
        },
        {
            "file_path": "/data/shapenet_blender/all_50_random/02958343/d838c8cb52c92df3b112e5ac235c21b7/r_27",
            "rotation": 0.12566370614359174,
            "transform_matrix": [
                [
                    0.9600160121917725,
                    -0.20153792202472687,
                    -0.19429786503314972,
                    -0.7832397222518921
                ],
                [
                    -0.2799449563026428,
                    -0.691134512424469,
                    -0.66630619764328,
                    -2.6859662532806396
                ],
                [
                    1.4901160305669237e-08,
                    0.6940574049949646,
                    -0.7199196815490723,
                    -2.9020891189575195
                ],
                [
                    0.0,
                    0.0,
                    0.0,
                    1.0
                ]
            ]
        },
        {
            "file_path": "/data/shapenet_blender/all_50_random/02958343/d838c8cb52c92df3b112e5ac235c21b7/r_28",
            "rotation": 0.12566370614359174,
            "transform_matrix": [
                [
                    0.5144318342208862,
                    -0.4069659411907196,
                    0.7548102736473083,
                    3.0427374839782715
                ],
                [
                    0.8575312495231628,
                    0.24413833022117615,
                    -0.4528096616268158,
                    -1.825334072113037
                ],
                [
                    -1.4901161193847656e-08,
                    0.8802130222320557,
                    0.4745786190032959,
                    1.9130876064300537
                ],
                [
                    0.0,
                    0.0,
                    0.0,
                    1.0
                ]
            ]
        },
        {
            "file_path": "/data/shapenet_blender/all_50_random/02958343/d838c8cb52c92df3b112e5ac235c21b7/r_29",
            "rotation": 0.12566370614359174,
            "transform_matrix": [
                [
                    0.26759421825408936,
                    -0.6463053226470947,
                    0.7146207094192505,
                    2.880728244781494
                ],
                [
                    0.9635316729545593,
                    0.17949338257312775,
                    -0.19846609234809875,
                    -0.8000423908233643
                ],
                [
                    0.0,
                    0.7416680455207825,
                    0.670767068862915,
                    2.703948497772217
                ],
                [
                    0.0,
                    0.0,
                    0.0,
                    1.0
                ]
            ]
        },
        {
            "file_path": "/data/shapenet_blender/all_50_random/02958343/d838c8cb52c92df3b112e5ac235c21b7/r_30",
            "rotation": 0.12566370614359174,
            "transform_matrix": [
                [
                    -0.9999573826789856,
                    -0.00042893015779554844,
                    0.009221035987138748,
                    0.03717118501663208
                ],
                [
                    0.009231006726622581,
                    -0.046464256942272186,
                    0.9988772869110107,
                    4.0266032218933105
                ],
                [
                    -2.9103830456733704e-11,
                    0.9989199042320251,
                    0.04646623507142067,
                    0.18731138110160828
                ],
                [
                    0.0,
                    0.0,
                    0.0,
                    1.0
                ]
            ]
        },
        {
            "file_path": "/data/shapenet_blender/all_50_random/02958343/d838c8cb52c92df3b112e5ac235c21b7/r_31",
            "rotation": 0.12566370614359174,
            "transform_matrix": [
                [
                    0.9930306673049927,
                    0.11592811346054077,
                    0.0212310329079628,
                    0.08558502793312073
                ],
                [
                    0.1178562194108963,
                    -0.976784884929657,
                    -0.17888803780078888,
                    -0.7211207151412964
                ],
                [
                    -1.8626449271863521e-09,
                    0.1801438331604004,
                    -0.9836403727531433,
                    -3.9651808738708496
                ],
                [
                    0.0,
                    0.0,
                    0.0,
                    1.0
                ]
            ]
        },
        {
            "file_path": "/data/shapenet_blender/all_50_random/02958343/d838c8cb52c92df3b112e5ac235c21b7/r_32",
            "rotation": 0.12566370614359174,
            "transform_matrix": [
                [
                    -0.6146929860115051,
                    0.044317927211523056,
                    -0.7875204086303711,
                    -3.1745963096618652
                ],
                [
                    -0.7887664437294006,
                    -0.03453737497329712,
                    0.6137219667434692,
                    2.473992347717285
                ],
                [
                    -3.725290298461914e-09,
                    0.998420238494873,
                    0.056186381727457047,
                    0.22649455070495605
                ],
                [
                    0.0,
                    0.0,
                    0.0,
                    1.0
                ]
            ]
        },
        {
            "file_path": "/data/shapenet_blender/all_50_random/02958343/d838c8cb52c92df3b112e5ac235c21b7/r_33",
            "rotation": 0.12566370614359174,
            "transform_matrix": [
                [
                    0.8059144020080566,
                    -0.3591844439506531,
                    -0.4706258177757263,
                    -1.897153377532959
                ],
                [
                    -0.592032253742218,
                    -0.48894616961479187,
                    -0.6406477093696594,
                    -2.582533597946167
                ],
                [
                    0.0,
                    0.7949328422546387,
                    -0.6066974401473999,
                    -2.4456756114959717
                ],
                [
                    0.0,
                    0.0,
                    0.0,
                    1.0
                ]
            ]
        },
        {
            "file_path": "/data/shapenet_blender/all_50_random/02958343/d838c8cb52c92df3b112e5ac235c21b7/r_34",
            "rotation": 0.12566370614359174,
            "transform_matrix": [
                [
                    -0.9970391392707825,
                    0.015035386197268963,
                    -0.07541254907846451,
                    -0.3039976954460144
                ],
                [
                    -0.0768967866897583,
                    -0.19494789838790894,
                    0.9777945280075073,
                    3.9416158199310303
                ],
                [
                    0.0,
                    0.98069828748703,
                    0.1955268383026123,
                    0.7881938815116882
                ],
                [
                    0.0,
                    0.0,
                    0.0,
                    1.0
                ]
            ]
        },
        {
            "file_path": "/data/shapenet_blender/all_50_random/02958343/d838c8cb52c92df3b112e5ac235c21b7/r_35",
            "rotation": 0.12566370614359174,
            "transform_matrix": [
                [
                    -0.3862996995449066,
                    0.16232505440711975,
                    0.9079775214195251,
                    3.6601743698120117
                ],
                [
                    0.922373354434967,
                    0.06798344850540161,
                    0.3802705705165863,
                    1.5329196453094482
                ],
                [
                    0.0,
                    0.9843926429748535,
                    -0.17598628997802734,
                    -0.7094234228134155
                ],
                [
                    0.0,
                    0.0,
                    0.0,
                    1.0
                ]
            ]
        },
        {
            "file_path": "/data/shapenet_blender/all_50_random/02958343/d838c8cb52c92df3b112e5ac235c21b7/r_36",
            "rotation": 0.12566370614359174,
            "transform_matrix": [
                [
                    -0.08388326317071915,
                    0.18206903338432312,
                    0.9797012805938721,
                    3.9493017196655273
                ],
                [
                    0.9964755773544312,
                    0.015326563268899918,
                    0.08247120678424835,
                    0.33245202898979187
                ],
                [
                    -9.313225191043273e-10,
                    0.9831662774085999,
                    -0.18271300196647644,
                    -0.7365396022796631
                ],
                [
                    0.0,
                    0.0,
                    0.0,
                    1.0
                ]
            ]
        },
        {
            "file_path": "/data/shapenet_blender/all_50_random/02958343/d838c8cb52c92df3b112e5ac235c21b7/r_37",
            "rotation": 0.12566370614359174,
            "transform_matrix": [
                [
                    0.32964152097702026,
                    -0.697614312171936,
                    -0.6361373066902161,
                    -2.5643515586853027
                ],
                [
                    -0.9441061615943909,
                    -0.24357712268829346,
                    -0.22211198508739471,
                    -0.8953620791435242
                ],
                [
                    1.4901161193847656e-08,
                    0.6737985014915466,
                    -0.7389150857925415,
                    -2.9786620140075684
                ],
                [
                    0.0,
                    0.0,
                    0.0,
                    1.0
                ]
            ]
        },
        {
            "file_path": "/data/shapenet_blender/all_50_random/02958343/d838c8cb52c92df3b112e5ac235c21b7/r_38",
            "rotation": 0.12566370614359174,
            "transform_matrix": [
                [
                    0.4234650731086731,
                    -0.5982303023338318,
                    -0.6802924871444702,
                    -2.74234676361084
                ],
                [
                    -0.9059125185012817,
                    -0.2796402871608734,
                    -0.317999929189682,
                    -1.2818987369537354
                ],
                [
                    1.4901162970204496e-08,
                    0.7509472370147705,
                    -0.6603621244430542,
                    -2.6620049476623535
                ],
                [
                    0.0,
                    0.0,
                    0.0,
                    1.0
                ]
            ]
        },
        {
            "file_path": "/data/shapenet_blender/all_50_random/02958343/d838c8cb52c92df3b112e5ac235c21b7/r_39",
            "rotation": 0.12566370614359174,
            "transform_matrix": [
                [
                    -0.9277859330177307,
                    -0.331226110458374,
                    -0.1717631071805954,
                    -0.6923992037773132
                ],
                [
                    -0.3731130361557007,
                    0.8236295580863953,
                    0.4271075129508972,
                    1.7217254638671875
                ],
                [
                    1.4901162970204496e-08,
                    0.4603513777256012,
                    -0.8877367377281189,
                    -3.5785813331604004
                ],
                [
                    0.0,
                    0.0,
                    0.0,
                    1.0
                ]
            ]
        },
        {
            "file_path": "/data/shapenet_blender/all_50_random/02958343/d838c8cb52c92df3b112e5ac235c21b7/r_40",
            "rotation": 0.12566370614359174,
            "transform_matrix": [
                [
                    0.7801324129104614,
                    -0.33251696825027466,
                    -0.5299301743507385,
                    -2.1362171173095703
                ],
                [
                    -0.625614583492279,
                    -0.4146438539028168,
                    -0.6608152389526367,
                    -2.6638317108154297
                ],
                [
                    -1.4901162970204496e-08,
                    0.8470553159713745,
                    -0.5315045118331909,
                    -2.1425633430480957
                ],
                [
                    0.0,
                    0.0,
                    0.0,
                    1.0
                ]
            ]
        },
        {
            "file_path": "/data/shapenet_blender/all_50_random/02958343/d838c8cb52c92df3b112e5ac235c21b7/r_41",
            "rotation": 0.12566370614359174,
            "transform_matrix": [
                [
                    -0.7001937627792358,
                    0.17630937695503235,
                    -0.6918407678604126,
                    -2.7888994216918945
                ],
                [
                    -0.7139528393745422,
                    -0.17291159927845,
                    0.6785078644752502,
                    2.7351527214050293
                ],
