{
    "class": "02958343",
    "model": "476a54545e873ddf6cfecb6c9c824fc6",
    "remove_doubles": true,
    "edge_split": true,
    "denoise": true,
    "camera_angle_x": 0.6911112070083618,
    "scale_factor": 2.361857970076995,
    "hdri_file": "/data/IndoorHDRDataset2018/AG8A4215-738c4ae56b.exr",
    "center_offset": [
        0.0,
        0.0,
        3.725290298461914e-09
    ],
    "lights": [],
    "frames": [
        {
            "file_path": "/data/shapenet_blender/all_50_random/02958343/476a54545e873ddf6cfecb6c9c824fc6/r_0",
            "rotation": 0.12566370614359174,
            "transform_matrix": [
                [
                    0.7754978537559509,
                    -0.005146412644535303,
                    -0.6313292384147644,
                    -2.5449695587158203
                ],
                [
                    -0.6313502192497253,
                    -0.006321422755718231,
                    -0.7754720449447632,
                    -3.126027822494507
                ],
                [
                    0.0,
                    0.9999667406082153,
                    -0.00815143808722496,
                    -0.032859496772289276
                ],
                [
                    0.0,
                    0.0,
                    0.0,
                    1.0
                ]
            ]
        },
        {
            "file_path": "/data/shapenet_blender/all_50_random/02958343/476a54545e873ddf6cfecb6c9c824fc6/r_1",
            "rotation": 0.12566370614359174,
            "transform_matrix": [
                [
                    -0.8419374823570251,
                    -0.07050873339176178,
                    0.5349484086036682,
                    2.1564459800720215
                ],
                [
                    0.5395750999450684,
                    -0.11001979559659958,
                    0.8347181677818298,
                    3.364856481552124
                ],
                [
                    -3.725290298461914e-09,
                    0.9914253354072571,
                    0.1306745409965515,
                    0.5267659425735474
                ],
                [
                    0.0,
                    0.0,
                    0.0,
                    1.0
                ]
            ]
        },
        {
            "file_path": "/data/shapenet_blender/all_50_random/02958343/476a54545e873ddf6cfecb6c9c824fc6/r_2",
            "rotation": 0.12566370614359174,
            "transform_matrix": [
                [
                    0.8599282503128052,
                    -0.028198983520269394,
                    -0.5096352696418762,
                    -2.054405689239502
                ],
                [
                    -0.5104148387908936,
                    -0.047508612275123596,
                    -0.8586148619651794,
                    -3.4611873626708984
                ],
                [
                    0.0,
                    0.9984728097915649,
                    -0.055247172713279724,
                    -0.22270849347114563
                ],
                [
                    0.0,
                    0.0,
                    0.0,
                    1.0
                ]
            ]
        },
        {
            "file_path": "/data/shapenet_blender/all_50_random/02958343/476a54545e873ddf6cfecb6c9c824fc6/r_3",
            "rotation": 0.12566370614359174,
            "transform_matrix": [
                [
                    -0.35480305552482605,
                    -0.248919278383255,
                    -0.9011958241462708,
                    -3.6328368186950684
                ],
                [
                    -0.9349411129951477,
                    0.09446296840906143,
                    0.341996967792511,
                    1.378633975982666
                ],
                [
                    0.0,
                    0.9639065861701965,
                    -0.26624056696891785,
                    -1.0732501745224
                ],
                [
                    0.0,
                    0.0,
                    0.0,
                    1.0
                ]
            ]
        },
        {
            "file_path": "/data/shapenet_blender/all_50_random/02958343/476a54545e873ddf6cfecb6c9c824fc6/r_4",
            "rotation": 0.12566370614359174,
            "transform_matrix": [
                [
                    -0.9072715640068054,
                    -0.3188406825065613,
                    -0.27422428131103516,
                    -1.105433464050293
                ],
                [
                    -0.4205453395843506,
                    0.6878570914268494,
                    0.5916030406951904,
                    2.3848280906677246
                ],
                [
                    0.0,
                    0.6520683169364929,
                    -0.7581601738929749,
                    -3.056241512298584
                ],
                [
                    0.0,
                    0.0,
                    0.0,
                    1.0
                ]
            ]
        },
        {
            "file_path": "/data/shapenet_blender/all_50_random/02958343/476a54545e873ddf6cfecb6c9c824fc6/r_5",
            "rotation": 0.12566370614359174,
            "transform_matrix": [
                [
                    0.4561074674129486,
                    -0.8239241242408752,
                    0.3363254964351654,
                    1.355771541595459
                ],
                [
                    0.8899247050285339,
                    0.42228060960769653,
                    -0.17237477004528046,
                    -0.6948649883270264
                ],
                [
                    0.0,
                    0.3779256343841553,
                    0.9258358478546143,
                    3.732163906097412
                ],
                [
                    0.0,
                    0.0,
                    0.0,
                    1.0
                ]
            ]
        },
        {
            "file_path": "/data/shapenet_blender/all_50_random/02958343/476a54545e873ddf6cfecb6c9c824fc6/r_6",
            "rotation": 0.12566370614359174,
            "transform_matrix": [
                [
                    -0.8324918746948242,
                    -0.0008019851520657539,
                    -0.5540367960929871,
                    -2.233393669128418
                ],
                [
                    -0.5540374517440796,
                    0.0012050558580085635,
                    0.832490861415863,
                    3.3558781147003174
                ],
                [
                    0.0,
                    0.9999989867210388,
                    -0.0014475288335233927,
                    -0.005835175514221191
                ],
                [
                    0.0,
                    0.0,
                    0.0,
                    1.0
                ]
            ]
        },
        {
            "file_path": "/data/shapenet_blender/all_50_random/02958343/476a54545e873ddf6cfecb6c9c824fc6/r_7",
            "rotation": 0.12566370614359174,
            "transform_matrix": [
                [
                    -0.9136463403701782,
                    0.23456315696239471,
                    0.33201003074645996,
                    1.338375210762024
                ],
                [
                    0.40651023387908936,
                    0.5271890759468079,
                    0.7462044358253479,
                    3.0080463886260986
                ],
                [
                    0.0,
                    0.8167323470115662,
                    -0.5770166516304016,
                    -2.32602858543396
                ],
                [
                    0.0,
                    0.0,
                    0.0,
                    1.0
                ]
            ]
        },
        {
            "file_path": "/data/shapenet_blender/all_50_random/02958343/476a54545e873ddf6cfecb6c9c824fc6/r_8",
            "rotation": 0.12566370614359174,
            "transform_matrix": [
                [
                    0.8679031133651733,
                    -0.13907082378864288,
                    0.476868599653244,
                    1.9223188161849976
                ],
                [
                    0.49673372507095337,
                    0.24298733472824097,
                    -0.8331943154335022,
                    -3.3587136268615723
                ],
                [
                    -1.4901162970204496e-08,
                    0.9600085020065308,
                    0.27997061610221863,
                    1.128597617149353
                ],
                [
                    0.0,
                    0.0,
                    0.0,
                    1.0
                ]
            ]
        },
        {
            "file_path": "/data/shapenet_blender/all_50_random/02958343/476a54545e873ddf6cfecb6c9c824fc6/r_9",
            "rotation": 0.12566370614359174,
            "transform_matrix": [
                [
                    -0.9074192643165588,
                    0.31965306401252747,
                    0.272786021232605,
                    1.0996356010437012
                ],
                [
                    0.4202265441417694,
                    0.6902452111244202,
                    0.5890425443649292,
                    2.3745064735412598
                ],
                [
                    1.4901161193847656e-08,
                    0.6491403579711914,
                    -0.7606685757637024,
                    -3.0663530826568604
                ],
                [
                    0.0,
                    0.0,
                    0.0,
                    1.0
                ]
            ]
        },
        {
            "file_path": "/data/shapenet_blender/all_50_random/02958343/476a54545e873ddf6cfecb6c9c824fc6/r_10",
            "rotation": 0.12566370614359174,
            "transform_matrix": [
                [
                    0.9718825817108154,
                    -0.009623093530535698,
                    -0.23526927828788757,
                    -0.9484007954597473
                ],
                [
                    -0.23546598851680756,
                    -0.03971918672323227,
                    -0.9710706472396851,
                    -3.91451096534729
                ],
                [
                    -9.313225191043273e-10,
                    0.9991644620895386,
                    -0.04086830094456673,
                    -0.16474539041519165
                ],
                [
                    0.0,
                    0.0,
                    0.0,
                    1.0
                ]
            ]
        },
        {
            "file_path": "/data/shapenet_blender/all_50_random/02958343/476a54545e873ddf6cfecb6c9c824fc6/r_11",
            "rotation": 0.12566370614359174,
            "transform_matrix": [
                [
                    -0.8629053831100464,
                    0.04163295775651932,
                    0.5036476850509644,
                    2.030268669128418
                ],
                [
                    0.5053654909133911,
                    0.07108776271343231,
                    0.8599722385406494,
                    3.4666590690612793
                ],
                [
                    0.0,
                    0.9966006875038147,
                    -0.08238188177347183,
                    -0.3320919871330261
                ],
                [
                    0.0,
                    0.0,
                    0.0,
                    1.0
                ]
            ]
        },
        {
            "file_path": "/data/shapenet_blender/all_50_random/02958343/476a54545e873ddf6cfecb6c9c824fc6/r_12",
            "rotation": 0.12566370614359174,
            "transform_matrix": [
                [
                    -0.08546888083219528,
                    -0.17243553698062897,
                    -0.9813058972358704,
                    -3.9557700157165527
                ],
                [
                    -0.9963408708572388,
                    0.014791998080909252,
                    0.08417913317680359,
                    0.33933690190315247
                ],
                [
                    9.313224635931761e-10,
                    0.9849097728729248,
                    -0.1730688214302063,
                    -0.6976626515388489
                ],
                [
                    0.0,
                    0.0,
                    0.0,
                    1.0
                ]
            ]
        },
        {
            "file_path": "/data/shapenet_blender/all_50_random/02958343/476a54545e873ddf6cfecb6c9c824fc6/r_13",
            "rotation": 0.12566370614359174,
            "transform_matrix": [
                [
                    0.41037076711654663,
                    0.152093768119812,
                    0.8991458415985107,
                    3.624572992324829
                ],
                [
                    0.9119188785552979,
                    -0.0684434026479721,
                    -0.40462279319763184,
                    -1.631086826324463
                ],
                [
                    -7.450581485102248e-09,
                    0.9859933853149414,
                    -0.16678431630134583,
                    -0.6723291277885437
                ],
                [
                    0.0,
                    0.0,
                    0.0,
                    1.0
                ]
            ]
        },
        {
            "file_path": "/data/shapenet_blender/all_50_random/02958343/476a54545e873ddf6cfecb6c9c824fc6/r_14",
            "rotation": 0.12566370614359174,
            "transform_matrix": [
                [
                    0.09268838912248611,
                    -0.4338010251522064,
                    0.8962284922599792,
                    3.6128125190734863
                ],
                [
                    0.995695173740387,
                    0.040382154285907745,
                    -0.08342912048101425,
                    -0.33631354570388794
                ],
                [
                    0.0,
                    0.9001032114028931,
                    0.43567657470703125,
                    1.7562685012817383
                ],
                [
                    0.0,
                    0.0,
                    0.0,
                    1.0
                ]
            ]
        },
        {
            "file_path": "/data/shapenet_blender/all_50_random/02958343/476a54545e873ddf6cfecb6c9c824fc6/r_15",
            "rotation": 0.12566370614359174,
            "transform_matrix": [
                [
                    0.9896637201309204,
                    -0.11270067095756531,
                    -0.08868106454610825,
                    -0.3574848175048828
                ],
                [
                    -0.14340771734714508,
                    -0.7777528166770935,
                    -0.611992359161377,
                    -2.467020034790039
                ],
                [
                    0.0,
                    0.618384063243866,
                    -0.7858759760856628,
                    -3.1679673194885254
                ],
                [
                    0.0,
                    0.0,
                    0.0,
                    1.0
                ]
            ]
        },
        {
            "file_path": "/data/shapenet_blender/all_50_random/02958343/476a54545e873ddf6cfecb6c9c824fc6/r_16",
            "rotation": 0.12566370614359174,
            "transform_matrix": [
                [
                    0.29754528403282166,
                    -0.06373121589422226,
                    0.952578067779541,
                    3.839965343475342
                ],
                [
                    0.954707682132721,
                    0.019862543791532516,
                    -0.2968815565109253,
                    -1.1967679262161255
                ],
                [
                    0.0,
                    0.9977694153785706,
                    0.06675467640161514,
                    0.2690967321395874
                ],
                [
                    0.0,
                    0.0,
                    0.0,
                    1.0
                ]
            ]
        },
        {
            "file_path": "/data/shapenet_blender/all_50_random/02958343/476a54545e873ddf6cfecb6c9c824fc6/r_17",
            "rotation": 0.12566370614359174,
            "transform_matrix": [
                [
                    0.13602834939956665,
                    0.2733430564403534,
                    0.9522498846054077,
                    3.838642120361328
                ],
                [
                    0.9907050132751465,
                    -0.03753126040101051,
                    -0.13074828684329987,
                    -0.5270631909370422
                ],
                [
                    3.725290742551124e-09,
                    0.9611841440200806,
                    -0.27590760588645935,
                    -1.1122190952301025
                ],
                [
                    0.0,
                    0.0,
                    0.0,
                    1.0
                ]
            ]
        },
        {
            "file_path": "/data/shapenet_blender/all_50_random/02958343/476a54545e873ddf6cfecb6c9c824fc6/r_18",
            "rotation": 0.12566370614359174,
            "transform_matrix": [
                [
                    -0.7723215222358704,
                    -0.11885993927717209,
                    0.6240125298500061,
                    2.515475273132324
                ],
                [
                    0.6352317929267883,
                    -0.1445111632347107,
                    0.758681058883667,
                    3.0583415031433105
                ],
                [
                    -7.450580596923828e-09,
                    0.9823384284973145,
                    0.18711267411708832,
                    0.754275381565094
                ],
                [
                    0.0,
                    0.0,
                    0.0,
                    1.0
                ]
            ]
        },
        {
            "file_path": "/data/shapenet_blender/all_50_random/02958343/476a54545e873ddf6cfecb6c9c824fc6/r_19",
            "rotation": 0.12566370614359174,
            "transform_matrix": [
                [
                    -0.06846576184034348,
                    0.2916397452354431,
                    -0.9540746808052063,
                    -3.8459982872009277
                ],
                [
                    -0.9976534843444824,
                    -0.02001430094242096,
                    0.06547508388757706,
                    0.2639385461807251
                ],
                [
                    0.0,
                    0.956318736076355,
                    0.2923256754875183,
                    1.1784026622772217
                ],
                [
                    0.0,
                    0.0,
                    0.0,
                    1.0
                ]
            ]
        },
        {
            "file_path": "/data/shapenet_blender/all_50_random/02958343/476a54545e873ddf6cfecb6c9c824fc6/r_20",
            "rotation": 0.12566370614359174,
            "transform_matrix": [
                [
                    -0.7844922542572021,
                    -0.2152102142572403,
                    0.581598162651062,
                    2.3444972038269043
                ],
                [
                    0.6201385855674744,
                    -0.272246778011322,
                    0.7357375621795654,
                    2.965852975845337
                ],
                [
                    0.0,
                    0.9378519058227539,
                    0.34703564643859863,
                    1.3989453315734863
                ],
                [
                    0.0,
                    0.0,
                    0.0,
                    1.0
                ]
            ]
        },
        {
            "file_path": "/data/shapenet_blender/all_50_random/02958343/476a54545e873ddf6cfecb6c9c824fc6/r_21",
            "rotation": 0.12566370614359174,
            "transform_matrix": [
                [
                    0.7321333289146423,
                    0.6768780946731567,
                    0.07626798003911972,
                    0.30744606256484985
                ],
                [
                    0.6811613440513611,
                    -0.7275295257568359,
                    -0.08197518438100815,
                    -0.3304525315761566
                ],
                [
                    0.0,
                    0.11196728050708771,
                    -0.9937118887901306,
                    -4.0057806968688965
                ],
                [
                    0.0,
                    0.0,
                    0.0,
                    1.0
                ]
            ]
        },
        {
            "file_path": "/data/shapenet_blender/all_50_random/02958343/476a54545e873ddf6cfecb6c9c824fc6/r_22",
            "rotation": 0.12566370614359174,
            "transform_matrix": [
                [
                    0.9745807647705078,
                    0.01845414564013481,
                    0.22327522933483124,
                    0.9000512361526489
                ],
                [
                    0.2240365743637085,
                    -0.08027732372283936,
                    -0.9712688326835632,
                    -3.9153099060058594
                ],
                [
                    1.862645149230957e-09,
                    0.9966017603874207,
                    -0.08237113058567047,
                    -0.3320486545562744
                ],
                [
                    0.0,
                    0.0,
                    0.0,
                    1.0
                ]
            ]
        },
        {
            "file_path": "/data/shapenet_blender/all_50_random/02958343/476a54545e873ddf6cfecb6c9c824fc6/r_23",
            "rotation": 0.12566370614359174,
            "transform_matrix": [
                [
                    0.9851340651512146,
                    -0.13353268802165985,
                    0.10807430744171143,
                    0.4356614649295807
                ],
                [
                    0.1717877835035324,
                    0.7657564282417297,
                    -0.6197627782821655,
                    -2.4983437061309814
                ],
                [
                    -7.450581485102248e-09,
                    0.6291152238845825,
                    0.7773120403289795,
                    3.1334450244903564
                ],
                [
                    0.0,
                    0.0,
                    0.0,
                    1.0
                ]
            ]
        },
        {
            "file_path": "/data/shapenet_blender/all_50_random/02958343/476a54545e873ddf6cfecb6c9c824fc6/r_24",
            "rotation": 0.12566370614359174,
            "transform_matrix": [
                [
                    0.5776582956314087,
                    0.015001785010099411,
                    -0.8161407709121704,
                    -3.289968967437744
                ],
                [
                    -0.8162788152694702,
                    0.010616355575621128,
                    -0.5775606632232666,
                    -2.3282217979431152
                ],
                [
                    -9.31322685637781e-10,
                    0.9998310804367065,
                    0.018378261476755142,
                    0.07408514618873596
                ],
                [
                    0.0,
                    0.0,
                    0.0,
                    1.0
                ]
            ]
        },
        {
            "file_path": "/data/shapenet_blender/all_50_random/02958343/476a54545e873ddf6cfecb6c9c824fc6/r_25",
            "rotation": 0.12566370614359174,
            "transform_matrix": [
                [
                    -0.9901014566421509,
                    0.06622081995010376,
                    0.12374929338693619,
                    0.49884939193725586
                ],
                [
                    0.14035344123840332,
                    0.4671444594860077,
                    0.8729701042175293,
                    3.5190553665161133
                ],
                [
                    0.0,
                    0.8816975951194763,
                    -0.47181475162506104,
                    -1.9019461870193481
                ],
                [
                    0.0,
                    0.0,
                    0.0,
                    1.0
                ]
            ]
        },
        {
            "file_path": "/data/shapenet_blender/all_50_random/02958343/476a54545e873ddf6cfecb6c9c824fc6/r_26",
            "rotation": 0.12566370614359174,
            "transform_matrix": [
                [
                    0.7773962020874023,
                    0.5549156069755554,
                    0.2961820363998413,
                    1.1939480304718018
                ],
                [
                    0.6290112733840942,
                    -0.6858212351799011,
                    -0.36605194211006165,
                    -1.475602626800537
                ],
                [
                    0.0,
                    0.4708692133426666,
                    -0.8822029829025269,
                    -3.556273937225342
                ],
                [
                    0.0,
                    0.0,
                    0.0,
                    1.0
                ]
            ]
        },
        {
            "file_path": "/data/shapenet_blender/all_50_random/02958343/476a54545e873ddf6cfecb6c9c824fc6/r_27",
            "rotation": 0.12566370614359174,
            "transform_matrix": [
                [
                    -0.3564547002315521,
                    -0.1332167088985443,
                    0.9247666001319885,
                    3.727853536605835
                ],
                [
                    0.934312641620636,
                    -0.050824232399463654,
                    0.3528127372264862,
                    1.4222337007522583
                ],
                [
                    0.0,
                    0.9897828698158264,
                    0.14258258044719696,
                    0.5747688412666321
                ],
                [
                    0.0,
                    0.0,
                    0.0,
                    1.0
                ]
            ]
        },
        {
            "file_path": "/data/shapenet_blender/all_50_random/02958343/476a54545e873ddf6cfecb6c9c824fc6/r_28",
            "rotation": 0.12566370614359174,
            "transform_matrix": [
                [
                    0.4616568684577942,
                    0.6939607858657837,
                    0.5525317788124084,
                    2.2273268699645996
                ],
                [
                    0.8870586156845093,
                    -0.3611619174480438,
                    -0.2875572144985199,
                    -1.1591801643371582
                ],
                [
                    0.0,
                    0.6228808164596558,
                    -0.7823167443275452,
                    -3.1536197662353516
                ],
                [
                    0.0,
                    0.0,
                    0.0,
                    1.0
                ]
            ]
        },
        {
            "file_path": "/data/shapenet_blender/all_50_random/02958343/476a54545e873ddf6cfecb6c9c824fc6/r_29",
            "rotation": 0.12566370614359174,
            "transform_matrix": [
                [
                    0.10125427693128586,
                    -0.12469063699245453,
                    -0.9870156049728394,
                    -3.9787871837615967
                ],
                [
                    -0.9948605895042419,
                    -0.012690682895481586,
                    -0.10045583546161652,
                    -0.40495043992996216
                ],
                [
                    0.0,
                    0.9921144843101501,
                    -0.12533478438854218,
                    -0.5052406787872314
                ],
                [
                    0.0,
                    0.0,
                    0.0,
                    1.0
                ]
            ]
        },
        {
            "file_path": "/data/shapenet_blender/all_50_random/02958343/476a54545e873ddf6cfecb6c9c824fc6/r_30",
            "rotation": 0.12566370614359174,
            "transform_matrix": [
                [
                    -0.8264141082763672,
                    -0.3302071988582611,
                    0.4560732841491699,
                    1.83849036693573
                ],
                [
                    0.5630627274513245,
                    -0.4846491813659668,
                    0.6693843007087708,
                    2.6983747482299805
                ],
                [
                    1.4901161193847656e-08,
                    0.8099865317344666,
                    0.5864482522010803,
                    2.364048719406128
                ],
                [
                    0.0,
                    0.0,
                    0.0,
                    1.0
                ]
            ]
        },
        {
            "file_path": "/data/shapenet_blender/all_50_random/02958343/476a54545e873ddf6cfecb6c9c824fc6/r_31",
            "rotation": 0.12566370614359174,
            "transform_matrix": [
                [
                    -0.7750707268714905,
                    0.12974248826503754,
                    0.618411123752594,
                    2.4928948879241943
                ],
                [
                    0.6318745017051697,
                    0.15914489328861237,
                    0.7585561871528625,
                    3.057837724685669
                ],
                [
                    0.0,
                    0.978692889213562,
                    -0.2053295522928238,
                    -0.8277099132537842
                ],
                [
                    0.0,
                    0.0,
                    0.0,
                    1.0
                ]
            ]
        },
        {
            "file_path": "/data/shapenet_blender/all_50_random/02958343/476a54545e873ddf6cfecb6c9c824fc6/r_32",
            "rotation": 0.12566370614359174,
            "transform_matrix": [
                [
                    -0.9555964469909668,
                    0.07821174710988998,
                    -0.28410959243774414,
                    -1.1452823877334595
                ],
                [
                    -0.29467833042144775,
                    -0.25362861156463623,
                    0.9213235974311829,
                    3.7139739990234375
                ],
                [
                    7.450580152834618e-09,
                    0.9641345143318176,
                    0.26541391015052795,
                    1.0699176788330078
                ],
                [
                    0.0,
                    0.0,
                    0.0,
                    1.0
                ]
            ]
        },
        {
            "file_path": "/data/shapenet_blender/all_50_random/02958343/476a54545e873ddf6cfecb6c9c824fc6/r_33",
            "rotation": 0.12566370614359174,
            "transform_matrix": [
                [
                    0.010463856160640717,
                    0.25744661688804626,
                    -0.966235876083374,
                    -3.895021438598633
                ],
                [
                    -0.999945342540741,
                    0.0026940316893160343,
                    -0.010111106559634209,
                    -0.04075917601585388
                ],
                [
                    0.0,
                    0.9662887454032898,
                    0.25746071338653564,
                    1.0378572940826416
                ],
                [
                    0.0,
                    0.0,
                    0.0,
                    1.0
                ]
            ]
        },
        {
            "file_path": "/data/shapenet_blender/all_50_random/02958343/476a54545e873ddf6cfecb6c9c824fc6/r_34",
            "rotation": 0.12566370614359174,
            "transform_matrix": [
                [
                    -0.9411003589630127,
                    -0.12329409271478653,
                    0.3148472309112549,
                    1.2691898345947266
                ],
                [
                    0.3381275236606598,
                    -0.34316080808639526,
                    0.8763049840927124,
                    3.532498359680176
                ],
                [
                    0.0,
                    0.9311493635177612,
                    0.3646378815174103,
                    1.4699022769927979
                ],
                [
                    0.0,
                    0.0,
                    0.0,
                    1.0
                ]
            ]
        },
        {
            "file_path": "/data/shapenet_blender/all_50_random/02958343/476a54545e873ddf6cfecb6c9c824fc6/r_35",
            "rotation": 0.12566370614359174,
            "transform_matrix": [
                [
                    0.889983057975769,
                    0.051111046224832535,
                    -0.45312008261680603,
                    -1.8265854120254517
                ],
                [
                    -0.4559935927391052,
                    0.09975571185350418,
                    -0.884374737739563,
                    -3.565028429031372
                ],
                [
                    0.0,
                    0.9936983585357666,
                    0.11208721995353699,
                    0.45183801651000977
                ],
                [
                    0.0,
                    0.0,
                    0.0,
                    1.0
                ]
            ]
        },
        {
            "file_path": "/data/shapenet_blender/all_50_random/02958343/476a54545e873ddf6cfecb6c9c824fc6/r_36",
            "rotation": 0.12566370614359174,
            "transform_matrix": [
                [
                    -0.09471677988767624,
                    -0.5007312893867493,
                    -0.8604050874710083,
                    -3.4684038162231445
                ],
                [
                    -0.9955042600631714,
                    0.04764183983206749,
                    0.08186282962560654,
                    0.3299996256828308
                ],
                [
                    0.0,
                    0.8642906546592712,
                    -0.5029926300048828,
                    -2.027628183364868
                ],
                [
                    0.0,
                    0.0,
                    0.0,
                    1.0
                ]
            ]
        },
        {
            "file_path": "/data/shapenet_blender/all_50_random/02958343/476a54545e873ddf6cfecb6c9c824fc6/r_37",
            "rotation": 0.12566370614359174,
            "transform_matrix": [
                [
                    0.8066803216934204,
                    0.2942754328250885,
                    0.5125123858451843,
                    2.0660035610198975
                ],
                [
                    0.5909882187843323,
                    -0.4016767144203186,
                    -0.6995633244514465,
                    -2.8200299739837646
                ],
                [
                    0.0,
                    0.8672126531600952,
                    -0.4979379177093506,
                    -2.0072519779205322
                ],
                [
                    0.0,
                    0.0,
                    0.0,
                    1.0
                ]
            ]
        },
        {
            "file_path": "/data/shapenet_blender/all_50_random/02958343/476a54545e873ddf6cfecb6c9c824fc6/r_38",
            "rotation": 0.12566370614359174,
            "transform_matrix": [
                [
                    -0.42766833305358887,
                    0.0981510803103447,
                    -0.8985912203788757,
                    -3.6223371028900146
                ],
                [
                    -0.9039357900619507,
                    -0.04643704369664192,
                    0.4251396954059601,
                    1.7137929201126099
                ],
                [
                    0.0,
                    0.9940873980522156,
                    0.10858193784952164,
                    0.437707781791687
                ],
                [
                    0.0,
                    0.0,
                    0.0,
                    1.0
                ]
            ]
        },
        {
            "file_path": "/data/shapenet_blender/all_50_random/02958343/476a54545e873ddf6cfecb6c9c824fc6/r_39",
            "rotation": 0.12566370614359174,
            "transform_matrix": [
                [
                    -0.23104093968868256,
                    -0.031613729894161224,
                    0.9724302887916565,
                    3.919991970062256
                ],
                [
                    0.9729440808296204,
                    -0.007507180329412222,
                    0.23091892898082733,
                    0.9308639764785767
                ],
                [
                    4.656612873077393e-10,
                    0.9994719624519348,
                    0.03249286115169525,
                    0.130982905626297
                ],
                [
                    0.0,
                    0.0,
                    0.0,
                    1.0
                ]
            ]
        },
        {
            "file_path": "/data/shapenet_blender/all_50_random/02958343/476a54545e873ddf6cfecb6c9c824fc6/r_40",
            "rotation": 0.12566370614359174,
            "transform_matrix": [
                [
                    0.8715454339981079,
                    -0.09340737015008926,
                    -0.48133519291877747,
                    -1.940324306488037
                ],
                [
                    -0.490314781665802,
                    -0.16603368520736694,
                    -0.8555840849876404,
                    -3.448970079421997
                ],
                [
                    0.0,
                    0.9816861748695374,
                    -0.19050492346286774,
                    -0.7679499983787537
                ],
                [
                    0.0,
                    0.0,
                    0.0,
                    1.0
                ]
            ]
        },
        {
            "file_path": "/data/shapenet_blender/all_50_random/02958343/476a54545e873ddf6cfecb6c9c824fc6/r_41",
            "rotation": 0.12566370614359174,
            "transform_matrix": [
                [
                    -0.28824982047080994,
                    0.4184178113937378,
                    0.8613004684448242,
                    3.472013235092163
                ],
                [
                    0.9575552940368652,
                    0.1259549856185913,
                    0.25927454233169556,
                    1.0451691150665283
                ],
                [
                    -7.450581485102248e-09,
                    0.899478554725647,
                    -0.4369647204875946,
