{
    "class": "02958343",
    "model": "f723dd6b7a95e230c75bcb366ed55ad8",
    "remove_doubles": true,
    "edge_split": true,
    "denoise": true,
    "camera_angle_x": 0.6911112070083618,
    "scale_factor": 2.1913270177464246,
    "hdri_file": "/data/IndoorHDRDataset2018/9C4A2977-50d47c67ad.exr",
    "center_offset": [
        0.0,
        -1.862645149230957e-09,
        -3.725290298461914e-09
    ],
    "lights": [],
    "frames": [
        {
            "file_path": "/data/shapenet_blender/all_50_random/02958343/f723dd6b7a95e230c75bcb366ed55ad8/r_0",
            "rotation": 0.12566370614359174,
            "transform_matrix": [
                [
                    0.03410244733095169,
                    -0.4238685965538025,
                    -0.9050814509391785,
                    -3.6484999656677246
                ],
                [
                    -0.999418318271637,
                    -0.014463371597230434,
                    -0.030883459374308586,
                    -0.12449520826339722
                ],
                [
                    -9.313225191043273e-10,
                    0.9056081771850586,
                    -0.4241153597831726,
                    -1.70966374874115
                ],
                [
                    0.0,
                    0.0,
                    0.0,
                    1.0
                ]
            ]
        },
        {
            "file_path": "/data/shapenet_blender/all_50_random/02958343/f723dd6b7a95e230c75bcb366ed55ad8/r_1",
            "rotation": 0.12566370614359174,
            "transform_matrix": [
                [
                    -0.969170093536377,
                    0.07046253234148026,
                    0.23610258102416992,
                    0.951759934425354
                ],
                [
                    0.24639278650283813,
                    0.27715981006622314,
                    0.9286942481994629,
                    3.7436861991882324
                ],
                [
                    7.450581485102248e-09,
                    0.9582365155220032,
                    -0.28597646951675415,
                    -1.1528080701828003
                ],
                [
                    0.0,
                    0.0,
                    0.0,
                    1.0
                ]
            ]
        },
        {
            "file_path": "/data/shapenet_blender/all_50_random/02958343/f723dd6b7a95e230c75bcb366ed55ad8/r_2",
            "rotation": 0.12566370614359174,
            "transform_matrix": [
                [
                    -0.11884631216526031,
                    -0.933513343334198,
                    -0.338272362947464,
                    -1.3636196851730347
                ],
                [
                    -0.9929126501083374,
                    0.11173652857542038,
                    0.04048938304185867,
                    0.1632179319858551
                ],
                [
                    0.0,
                    0.3406868875026703,
                    -0.9401767253875732,
                    -3.789973735809326
                ],
                [
                    0.0,
                    0.0,
                    0.0,
                    1.0
                ]
            ]
        },
        {
            "file_path": "/data/shapenet_blender/all_50_random/02958343/f723dd6b7a95e230c75bcb366ed55ad8/r_3",
            "rotation": 0.12566370614359174,
            "transform_matrix": [
                [
                    -0.995191216468811,
                    -0.03982791677117348,
                    0.08948829025030136,
                    0.3607388436794281
                ],
                [
                    0.09795109927654266,
                    -0.40465492010116577,
                    0.9092084169387817,
                    3.6651363372802734
                ],
                [
                    0.0,
                    0.9136017560958862,
                    0.4066101908683777,
                    1.6390981674194336
                ],
                [
                    0.0,
                    0.0,
                    0.0,
                    1.0
                ]
            ]
        },
        {
            "file_path": "/data/shapenet_blender/all_50_random/02958343/f723dd6b7a95e230c75bcb366ed55ad8/r_4",
            "rotation": 0.12566370614359174,
            "transform_matrix": [
                [
                    0.9986563324928284,
                    -0.008416738361120224,
                    0.051135968416929245,
                    0.20613567531108856
                ],
                [
                    0.051824022084474564,
                    0.16219176352024078,
                    -0.9853973984718323,
                    -3.972264051437378
                ],
                [
                    -9.31322685637781e-10,
                    0.9867233037948608,
                    0.16241002082824707,
                    0.6546957492828369
                ],
                [
                    0.0,
                    0.0,
                    0.0,
                    1.0
                ]
            ]
        },
        {
            "file_path": "/data/shapenet_blender/all_50_random/02958343/f723dd6b7a95e230c75bcb366ed55ad8/r_5",
            "rotation": 0.12566370614359174,
            "transform_matrix": [
                [
                    -0.8635468482971191,
                    -0.22331610321998596,
                    -0.45212477445602417,
                    -1.8225733041763306
                ],
                [
                    -0.5042687058448792,
                    0.38242295384407043,
                    0.7742517590522766,
                    3.1211087703704834
                ],
                [
                    1.4901161193847656e-08,
                    0.8965950608253479,
                    -0.4428514242172241,
                    -1.7851911783218384
                ],
                [
                    0.0,
                    0.0,
                    0.0,
                    1.0
                ]
            ]
        },
        {
            "file_path": "/data/shapenet_blender/all_50_random/02958343/f723dd6b7a95e230c75bcb366ed55ad8/r_6",
            "rotation": 0.12566370614359174,
            "transform_matrix": [
                [
                    0.9373760223388672,
                    -0.1607198864221573,
                    0.3090231418609619,
                    1.2457122802734375
                ],
                [
                    0.3483191430568695,
                    0.43251991271972656,
                    -0.8316249847412109,
                    -3.3523876667022705
                ],
                [
                    1.4901162970204496e-08,
                    0.8871839046478271,
                    0.4614156484603882,
                    1.8600261211395264
                ],
                [
                    0.0,
                    0.0,
                    0.0,
                    1.0
                ]
            ]
        },
        {
            "file_path": "/data/shapenet_blender/all_50_random/02958343/f723dd6b7a95e230c75bcb366ed55ad8/r_7",
            "rotation": 0.12566370614359174,
            "transform_matrix": [
                [
                    -0.9894490242004395,
                    -0.004426115192472935,
                    0.14481402933597565,
                    0.5837640166282654
                ],
                [
                    0.14488165080547333,
                    -0.030227534472942352,
                    0.9889872074127197,
                    3.9867348670959473
                ],
                [
                    0.0,
                    0.9995332360267639,
                    0.030549870803952217,
                    0.12315046787261963
                ],
                [
                    0.0,
                    0.0,
                    0.0,
                    1.0
                ]
            ]
        },
        {
            "file_path": "/data/shapenet_blender/all_50_random/02958343/f723dd6b7a95e230c75bcb366ed55ad8/r_8",
            "rotation": 0.12566370614359174,
            "transform_matrix": [
                [
                    0.6172270178794861,
                    -0.18640540540218353,
                    -0.7643846869468689,
                    -3.0813331604003906
                ],
                [
                    -0.7867851853370667,
                    -0.14623361825942993,
                    -0.599653959274292,
                    -2.4172823429107666
                ],
                [
                    0.0,
                    0.9715291261672974,
                    -0.2369203120470047,
                    -0.9550563097000122
                ],
                [
                    0.0,
                    0.0,
                    0.0,
                    1.0
                ]
            ]
        },
        {
            "file_path": "/data/shapenet_blender/all_50_random/02958343/f723dd6b7a95e230c75bcb366ed55ad8/r_9",
            "rotation": 0.12566370614359174,
            "transform_matrix": [
                [
                    -0.7465257048606873,
                    0.16275562345981598,
                    -0.645143449306488,
                    -2.600656032562256
                ],
                [
                    -0.6653566360473633,
                    -0.18261075019836426,
                    0.7238466739654541,
                    2.9179189205169678
                ],
                [
                    -7.4505797087454084e-09,
                    0.9696205258369446,
                    0.2446141541004181,
                    0.9860710501670837
                ],
                [
                    0.0,
                    0.0,
                    0.0,
                    1.0
                ]
            ]
        },
        {
            "file_path": "/data/shapenet_blender/all_50_random/02958343/f723dd6b7a95e230c75bcb366ed55ad8/r_10",
            "rotation": 0.12566370614359174,
            "transform_matrix": [
                [
                    -0.3617910146713257,
                    -0.8700626492500305,
                    -0.33481067419052124,
                    -1.3496649265289307
                ],
                [
                    -0.932259202003479,
                    0.3376537561416626,
                    0.12993326783180237,
                    0.5237777233123779
                ],
                [
                    0.0,
                    0.359139084815979,
                    -0.9332840442657471,
                    -3.762188196182251
                ],
                [
                    0.0,
                    0.0,
                    0.0,
                    1.0
                ]
            ]
        },
        {
            "file_path": "/data/shapenet_blender/all_50_random/02958343/f723dd6b7a95e230c75bcb366ed55ad8/r_11",
            "rotation": 0.12566370614359174,
            "transform_matrix": [
                [
                    0.1655944436788559,
                    0.175241157412529,
                    -0.9704992771148682,
                    -3.912208080291748
                ],
                [
                    -0.9861939549446106,
                    0.029425207525491714,
                    -0.16295909881591797,
                    -0.6569092273712158
                ],
                [
                    0.0,
                    0.984085738658905,
                    0.1776943951845169,
                    0.7163090705871582
                ],
                [
                    0.0,
                    0.0,
                    0.0,
                    1.0
                ]
            ]
        },
        {
            "file_path": "/data/shapenet_blender/all_50_random/02958343/f723dd6b7a95e230c75bcb366ed55ad8/r_12",
            "rotation": 0.12566370614359174,
            "transform_matrix": [
                [
                    -0.9919986724853516,
                    0.008663289248943329,
                    0.12595145404338837,
                    0.5077265501022339
                ],
                [
                    0.1262490600347519,
                    0.06807156652212143,
                    0.9896602630615234,
                    3.989448070526123
                ],
                [
                    0.0,
                    0.9976428151130676,
                    -0.06862062960863113,
                    -0.2766185998916626
                ],
                [
                    0.0,
                    0.0,
                    0.0,
                    1.0
                ]
            ]
        },
        {
            "file_path": "/data/shapenet_blender/all_50_random/02958343/f723dd6b7a95e230c75bcb366ed55ad8/r_13",
            "rotation": 0.12566370614359174,
            "transform_matrix": [
                [
                    0.0950346514582634,
                    0.0882636159658432,
                    -0.9915533065795898,
                    -3.9970791339874268
                ],
                [
                    -0.9954740405082703,
                    0.008426238782703876,
                    -0.09466034919023514,
                    -0.38158807158470154
                ],
                [
                    9.31322685637781e-10,
                    0.996061384677887,
                    0.08866492658853531,
                    0.3574197590351105
                ],
                [
                    0.0,
                    0.0,
                    0.0,
                    1.0
                ]
            ]
        },
        {
            "file_path": "/data/shapenet_blender/all_50_random/02958343/f723dd6b7a95e230c75bcb366ed55ad8/r_14",
            "rotation": 0.12566370614359174,
            "transform_matrix": [
                [
                    0.5077257752418518,
                    -0.8453194499015808,
                    0.16628101468086243,
                    0.6703001856803894
                ],
                [
                    0.8615188002586365,
                    0.4981788992881775,
                    -0.09799572080373764,
                    -0.3950333893299103
                ],
                [
                    -7.450581485102248e-09,
                    0.1930091828107834,
                    0.981196939945221,
                    3.955331325531006
                ],
                [
                    0.0,
                    0.0,
                    0.0,
                    1.0
                ]
            ]
        },
        {
            "file_path": "/data/shapenet_blender/all_50_random/02958343/f723dd6b7a95e230c75bcb366ed55ad8/r_15",
            "rotation": 0.12566370614359174,
            "transform_matrix": [
                [
                    0.7706066370010376,
                    0.28371331095695496,
                    0.570676863193512,
                    2.3004722595214844
                ],
                [
                    0.6373111009597778,
                    -0.34305283427238464,
                    -0.6900357007980347,
                    -2.781623125076294
                ],
                [
                    0.0,
                    0.8954447507858276,
                    -0.4451724588871002,
                    -1.7945476770401
                ],
                [
                    0.0,
                    0.0,
                    0.0,
                    1.0
                ]
            ]
        },
        {
            "file_path": "/data/shapenet_blender/all_50_random/02958343/f723dd6b7a95e230c75bcb366ed55ad8/r_16",
            "rotation": 0.12566370614359174,
            "transform_matrix": [
                [
                    -0.9893693327903748,
                    -0.11113478988409042,
                    0.09379446506500244,
                    0.3780975937843323
                ],
                [
                    0.1454247087240219,
                    -0.7560843825340271,
                    0.6381127834320068,
                    2.572314977645874
                ],
                [
                    0.0,
                    0.6449692249298096,
                    0.7642084956169128,
                    3.080622911453247
                ],
                [
                    0.0,
                    0.0,
                    0.0,
                    1.0
                ]
            ]
        },
        {
            "file_path": "/data/shapenet_blender/all_50_random/02958343/f723dd6b7a95e230c75bcb366ed55ad8/r_17",
            "rotation": 0.12566370614359174,
            "transform_matrix": [
                [
                    0.9999587535858154,
                    0.0026955660432577133,
                    0.008674734272062778,
                    0.03496897220611572
                ],
                [
                    0.009083892218768597,
                    -0.29672905802726746,
                    -0.9549185037612915,
                    -3.8493995666503906
                ],
                [
                    -2.3283064365386963e-10,
                    0.9549579620361328,
                    -0.2967413067817688,
                    -1.1962025165557861
                ],
                [
                    0.0,
                    0.0,
                    0.0,
                    1.0
                ]
            ]
        },
        {
            "file_path": "/data/shapenet_blender/all_50_random/02958343/f723dd6b7a95e230c75bcb366ed55ad8/r_18",
            "rotation": 0.12566370614359174,
            "transform_matrix": [
                [
                    -0.35679227113723755,
                    -0.4456233084201813,
                    0.8210475444793701,
                    3.309748649597168
                ],
                [
                    0.9341837763786316,
                    -0.17019666731357574,
                    0.3135822117328644,
                    1.2640904188156128
                ],
                [
                    1.4901161193847656e-08,
                    0.8788930177688599,
                    0.47701895236968994,
                    1.9229249954223633
                ],
                [
                    0.0,
                    0.0,
                    0.0,
                    1.0
                ]
            ]
        },
        {
            "file_path": "/data/shapenet_blender/all_50_random/02958343/f723dd6b7a95e230c75bcb366ed55ad8/r_19",
            "rotation": 0.12566370614359174,
            "transform_matrix": [
                [
                    0.27845436334609985,
                    -0.6156665682792664,
                    0.7371688485145569,
                    2.9716227054595947
                ],
                [
                    0.9604493975639343,
                    0.17849460244178772,
                    -0.2137206643819809,
                    -0.8615355491638184
                ],
                [
                    0.0,
                    0.7675248980522156,
                    0.6410191655158997,
                    2.584030866622925
                ],
                [
                    0.0,
                    0.0,
                    0.0,
                    1.0
                ]
            ]
        },
        {
            "file_path": "/data/shapenet_blender/all_50_random/02958343/f723dd6b7a95e230c75bcb366ed55ad8/r_20",
            "rotation": 0.12566370614359174,
            "transform_matrix": [
                [
                    0.6340831518173218,
                    0.14800278842449188,
                    -0.7589688301086426,
                    -3.0595011711120605
                ],
                [
                    -0.7732648253440857,
                    0.12136343866586685,
                    -0.622360348701477,
                    -2.508814811706543
                ],
                [
                    0.0,
                    0.981512188911438,
                    0.19139985740184784,
                    0.7715575098991394
                ],
                [
                    0.0,
                    0.0,
                    0.0,
                    1.0
                ]
            ]
        },
        {
            "file_path": "/data/shapenet_blender/all_50_random/02958343/f723dd6b7a95e230c75bcb366ed55ad8/r_21",
            "rotation": 0.12566370614359174,
            "transform_matrix": [
                [
                    0.8719878196716309,
                    0.12566450238227844,
                    0.4731232225894928,
                    1.9072206020355225
                ],
                [
                    0.48952749371528625,
                    -0.2238442748785019,
                    -0.8427671790122986,
                    -3.3973031044006348
                ],
                [
                    0.0,
                    0.9664895534515381,
                    -0.25670573115348816,
                    -1.0348138809204102
                ],
                [
                    0.0,
                    0.0,
                    0.0,
                    1.0
                ]
            ]
        },
        {
            "file_path": "/data/shapenet_blender/all_50_random/02958343/f723dd6b7a95e230c75bcb366ed55ad8/r_22",
            "rotation": 0.12566370614359174,
            "transform_matrix": [
                [
                    0.7414772510528564,
                    -0.35634028911590576,
                    -0.5685359239578247,
                    -2.291841506958008
                ],
                [
                    -0.6709780097007751,
                    -0.39378073811531067,
                    -0.6282716393470764,
                    -2.532644033432007
                ],
                [
                    0.0,
                    0.8473242521286011,
                    -0.5310758948326111,
                    -2.1408355236053467
                ],
                [
                    0.0,
                    0.0,
                    0.0,
                    1.0
                ]
            ]
        },
        {
            "file_path": "/data/shapenet_blender/all_50_random/02958343/f723dd6b7a95e230c75bcb366ed55ad8/r_23",
            "rotation": 0.12566370614359174,
            "transform_matrix": [
                [
                    -0.9846740961074829,
                    0.10932829976081848,
                    -0.13588380813598633,
                    -0.5477651357650757
                ],
                [
                    -0.17440494894981384,
                    -0.6172573566436768,
                    0.767187237739563,
                    3.092630624771118
                ],
                [
                    -7.450581485102248e-09,
                    0.7791280746459961,
                    0.6268646717071533,
                    2.5269722938537598
                ],
                [
                    0.0,
                    0.0,
                    0.0,
                    1.0
                ]
            ]
        },
        {
            "file_path": "/data/shapenet_blender/all_50_random/02958343/f723dd6b7a95e230c75bcb366ed55ad8/r_24",
            "rotation": 0.12566370614359174,
            "transform_matrix": [
                [
                    -0.9994499087333679,
                    0.006205105688422918,
                    -0.03257976844906807,
                    -0.13133326172828674
                ],
                [
                    -0.03316541761159897,
                    -0.18699274957180023,
                    0.9818012118339539,
                    3.9577677249908447
                ],
                [
                    0.0,
                    0.9823416471481323,
                    0.18709565699100494,
                    0.7542067766189575
                ],
                [
                    0.0,
                    0.0,
                    0.0,
                    1.0
                ]
            ]
        },
        {
            "file_path": "/data/shapenet_blender/all_50_random/02958343/f723dd6b7a95e230c75bcb366ed55ad8/r_25",
            "rotation": 0.12566370614359174,
            "transform_matrix": [
                [
                    0.973818302154541,
                    -0.09531335532665253,
                    -0.20638179779052734,
                    -0.8319516181945801
                ],
                [
                    -0.22732818126678467,
                    -0.40829911828041077,
                    -0.8840891718864441,
                    -3.5638773441314697
                ],
                [
                    0.0,
                    0.9078584313392639,
                    -0.4192765951156616,
                    -1.6901578903198242
                ],
                [
                    0.0,
                    0.0,
                    0.0,
                    1.0
                ]
            ]
        },
        {
            "file_path": "/data/shapenet_blender/all_50_random/02958343/f723dd6b7a95e230c75bcb366ed55ad8/r_26",
            "rotation": 0.12566370614359174,
            "transform_matrix": [
                [
                    0.9456000924110413,
                    -0.08004136383533478,
                    -0.31533142924308777,
                    -1.271141767501831
                ],
                [
                    -0.3253314793109894,
                    -0.232646182179451,
                    -0.9165342450141907,
                    -3.6946680545806885
                ],
                [
                    0.0,
                    0.9692622423171997,
                    -0.24603018164634705,
                    -0.9917794466018677
                ],
                [
                    0.0,
                    0.0,
                    0.0,
                    1.0
                ]
            ]
        },
        {
            "file_path": "/data/shapenet_blender/all_50_random/02958343/f723dd6b7a95e230c75bcb366ed55ad8/r_27",
            "rotation": 0.12566370614359174,
            "transform_matrix": [
                [
                    -0.9165199398994446,
                    0.09991681575775146,
                    0.3873084783554077,
                    1.5612903833389282
                ],
                [
                    0.3999890685081482,
                    0.22894565761089325,
                    0.887464165687561,
                    3.5774824619293213
                ],
                [
                    0.0,
                    0.9682977795600891,
                    -0.24979887902736664,
                    -1.0069714784622192
                ],
                [
                    0.0,
                    0.0,
                    0.0,
                    1.0
                ]
            ]
        },
        {
            "file_path": "/data/shapenet_blender/all_50_random/02958343/f723dd6b7a95e230c75bcb366ed55ad8/r_28",
            "rotation": 0.12566370614359174,
            "transform_matrix": [
                [
                    -0.9987950325012207,
                    0.004639461170881987,
                    0.048856254667043686,
                    0.19694587588310242
                ],
                [
                    0.04907604679465294,
                    0.09442225843667984,
                    0.9943218231201172,
                    4.00823974609375
                ],
                [
                    -4.6566125955216364e-10,
                    0.9955213665962219,
                    -0.09453616291284561,
                    -0.3810874819755554
                ],
                [
                    0.0,
                    0.0,
                    0.0,
                    1.0
                ]
            ]
        },
        {
            "file_path": "/data/shapenet_blender/all_50_random/02958343/f723dd6b7a95e230c75bcb366ed55ad8/r_29",
            "rotation": 0.12566370614359174,
            "transform_matrix": [
                [
                    -0.983211874961853,
                    0.09238391369581223,
                    0.1573522835969925,
                    0.634307324886322
                ],
                [
                    0.18246789276599884,
                    0.4978024363517761,
                    0.847878634929657,
                    3.417908191680908
                ],
                [
                    0.0,
                    0.8623560070991516,
                    -0.5063023567199707,
                    -2.0409700870513916
                ],
                [
                    0.0,
                    0.0,
                    0.0,
                    1.0
                ]
            ]
        },
        {
            "file_path": "/data/shapenet_blender/all_50_random/02958343/f723dd6b7a95e230c75bcb366ed55ad8/r_30",
            "rotation": 0.12566370614359174,
            "transform_matrix": [
                [
                    -0.9999988079071045,
                    -7.868024113122374e-06,
                    0.0015332067850977182,
                    0.006180554628372192
                ],
                [
                    0.0015332269249483943,
                    -0.005131670273840427,
                    0.9999856352806091,
                    4.031071186065674
                ],
                [
                    9.09494593352711e-13,
                    0.9999868869781494,
                    0.005131675396114588,
                    0.020686447620391846
                ],
                [
                    0.0,
                    0.0,
                    0.0,
                    1.0
                ]
            ]
        },
        {
            "file_path": "/data/shapenet_blender/all_50_random/02958343/f723dd6b7a95e230c75bcb366ed55ad8/r_31",
            "rotation": 0.12566370614359174,
            "transform_matrix": [
                [
                    -0.6480834484100342,
                    0.39726072549819946,
                    0.6497474312782288,
                    2.619215726852417
                ],
                [
                    0.7615693211555481,
                    0.3380626142024994,
                    0.5529248118400574,
                    2.2289111614227295
                ],
                [
                    0.0,
                    0.8531690835952759,
                    -0.5216343402862549,
                    -2.1027753353118896
                ],
                [
                    0.0,
                    0.0,
                    0.0,
                    1.0
                ]
            ]
        },
        {
            "file_path": "/data/shapenet_blender/all_50_random/02958343/f723dd6b7a95e230c75bcb366ed55ad8/r_32",
            "rotation": 0.12566370614359174,
            "transform_matrix": [
                [
                    -0.928058922290802,
                    0.15350468456745148,
                    0.3393271565437317,
                    1.3678715229034424
                ],
                [
                    0.3724333643913269,
                    0.3825151026248932,
                    0.845562219619751,
                    3.4085702896118164
                ],
                [
                    0.0,
                    0.9111081957817078,
                    -0.41216692328453064,
                    -1.6614980697631836
                ],
                [
                    0.0,
                    0.0,
                    0.0,
                    1.0
                ]
            ]
        },
        {
            "file_path": "/data/shapenet_blender/all_50_random/02958343/f723dd6b7a95e230c75bcb366ed55ad8/r_33",
            "rotation": 0.12566370614359174,
            "transform_matrix": [
                [
                    0.7023952007293701,
                    -0.6800887584686279,
                    0.2100476175546646,
                    0.846729040145874
                ],
                [
                    0.7117870450019836,
                    0.6711151599884033,
                    -0.2072760909795761,
                    -0.8355566263198853
                ],
                [
                    0.0,
                    0.2950989603996277,
                    0.9554666876792908,
                    3.851609468460083
                ],
                [
                    0.0,
                    0.0,
                    0.0,
                    1.0
                ]
            ]
        },
        {
            "file_path": "/data/shapenet_blender/all_50_random/02958343/f723dd6b7a95e230c75bcb366ed55ad8/r_34",
            "rotation": 0.12566370614359174,
            "transform_matrix": [
                [
                    0.8586066365242004,
                    0.2406955063343048,
                    0.45261481404304504,
                    1.8245488405227661
                ],
                [
                    0.512634813785553,
                    -0.40313830971717834,
                    -0.7580797076225281,
                    -3.055917263031006
                ],
                [
                    0.0,
                    0.8829184770584106,
                    -0.46952617168426514,
                    -1.8927206993103027
                ],
                [
                    0.0,
                    0.0,
                    0.0,
                    1.0
                ]
            ]
        },
        {
            "file_path": "/data/shapenet_blender/all_50_random/02958343/f723dd6b7a95e230c75bcb366ed55ad8/r_35",
            "rotation": 0.12566370614359174,
            "transform_matrix": [
                [
                    -0.7530080080032349,
                    0.6106090545654297,
                    0.24522517621517181,
                    0.9885344505310059
                ],
                [
                    0.658011257648468,
                    0.6987623572349548,
                    0.28062817454338074,
                    1.1312484741210938
                ],
                [
                    -1.4901161193847656e-08,
                    0.37267616391181946,
                    -0.9279612302780151,
                    -3.740731954574585
                ],
                [
                    0.0,
                    0.0,
                    0.0,
                    1.0
                ]
            ]
        },
        {
            "file_path": "/data/shapenet_blender/all_50_random/02958343/f723dd6b7a95e230c75bcb366ed55ad8/r_36",
            "rotation": 0.12566370614359174,
            "transform_matrix": [
                [
                    -0.9905180931091309,
                    -0.13025347888469696,
                    0.043682049959897995,
                    0.17608797550201416
                ],
                [
                    0.13738302886486053,
                    -0.9391147494316101,
                    0.3149432837963104,
                    1.2695770263671875
                ],
                [
                    -3.725290742551124e-09,
                    0.31795817613601685,
                    0.948104739189148,
                    3.821932554244995
                ],
                [
                    0.0,
                    0.0,
                    0.0,
                    1.0
                ]
            ]
        },
        {
            "file_path": "/data/shapenet_blender/all_50_random/02958343/f723dd6b7a95e230c75bcb366ed55ad8/r_37",
            "rotation": 0.12566370614359174,
            "transform_matrix": [
                [
                    -0.9046598672866821,
                    -0.4096161127090454,
                    -0.11749573796987534,
                    -0.47364047169685364
                ],
                [
                    -0.42613449692726135,
                    0.8695923089981079,
                    0.24943694472312927,
                    1.0055124759674072
                ],
                [
                    0.0,
                    0.2757244408130646,
                    -0.9612367153167725,
                    -3.8748691082000732
                ],
                [
                    0.0,
                    0.0,
                    0.0,
                    1.0
                ]
            ]
        },
        {
            "file_path": "/data/shapenet_blender/all_50_random/02958343/f723dd6b7a95e230c75bcb366ed55ad8/r_38",
            "rotation": 0.12566370614359174,
            "transform_matrix": [
                [
                    -0.889962375164032,
                    -0.08338316529989243,
                    0.4483460783958435,
                    1.8073408603668213
                ],
                [
                    0.45603394508361816,
                    -0.16272445023059845,
                    0.8749592900276184,
                    3.527073621749878
                ],
                [
                    -7.450580596923828e-09,
                    0.9831418395042419,
                    0.18284420669078827,
                    0.7370685935020447
                ],
                [
                    0.0,
                    0.0,
                    0.0,
                    1.0
                ]
            ]
        },
        {
            "file_path": "/data/shapenet_blender/all_50_random/02958343/f723dd6b7a95e230c75bcb366ed55ad8/r_39",
            "rotation": 0.12566370614359174,
            "transform_matrix": [
                [
                    0.8990486264228821,
                    -0.026557356119155884,
                    0.4370426833629608,
                    1.7617753744125366
                ],
                [
                    0.43784886598587036,
                    0.0545310415327549,
                    -0.8973932862281799,
                    -3.6175079345703125
                ],
                [
                    0.0,
                    0.9981587529182434,
                    0.0606541708111763,
                    0.24450476467609406
                ],
                [
                    0.0,
                    0.0,
                    0.0,
                    1.0
                ]
            ]
        },
        {
            "file_path": "/data/shapenet_blender/all_50_random/02958343/f723dd6b7a95e230c75bcb366ed55ad8/r_40",
            "rotation": 0.12566370614359174,
            "transform_matrix": [
                [
                    -0.999840497970581,
                    -0.0019206390716135502,
                    -0.017757894471287727,
                    -0.07158437371253967
                ],
                [
                    -0.017861461266875267,
                    0.10751264542341232,
                    0.9940431714057922,
                    4.007116794586182
                ],
                [
                    1.1641533570472262e-10,
                    0.9942018389701843,
                    -0.10752978920936584,
                    -0.43346649408340454
                ],
                [
                    0.0,
                    0.0,
                    0.0,
                    1.0
                ]
            ]
        },
        {
            "file_path": "/data/shapenet_blender/all_50_random/02958343/f723dd6b7a95e230c75bcb366ed55ad8/r_41",
            "rotation": 0.12566370614359174,
            "transform_matrix": [
                [
                    0.11330566555261612,
                    -0.16620752215385437,
                    -0.9795594811439514,
                    -3.948730707168579
                ],
                [
                    -0.9935601949691772,
                    -0.018954316154122353,
                    -0.11170902103185654,
                    -0.4503135085105896
                ],
                [
                    0.0,
