{
    "class": "02958343",
    "model": "1688bcda878d3b18afe717997470b28d",
    "remove_doubles": true,
    "edge_split": true,
    "denoise": true,
    "camera_angle_x": 0.6911112070083618,
    "scale_factor": 2.24736533730407,
    "hdri_file": "/data/IndoorHDRDataset2018/9C4A9511-3f089d46aa.exr",
    "center_offset": [
        0.0,
        -1.862645149230957e-09,
        0.0
    ],
    "lights": [],
    "frames": [
        {
            "file_path": "/data/shapenet_blender/all_50_random/02958343/1688bcda878d3b18afe717997470b28d/r_0",
            "rotation": 0.12566370614359174,
            "transform_matrix": [
                [
                    -0.8983954191207886,
                    -0.11783162504434586,
                    0.42308562994003296,
                    1.705512523651123
                ],
                [
                    0.43918755650520325,
                    -0.24103456735610962,
                    0.8654575347900391,
                    3.4887704849243164
                ],
                [
                    0.0,
                    0.9633369445800781,
                    0.2682945728302002,
                    1.0815298557281494
                ],
                [
                    0.0,
                    0.0,
                    0.0,
                    1.0
                ]
            ]
        },
        {
            "file_path": "/data/shapenet_blender/all_50_random/02958343/1688bcda878d3b18afe717997470b28d/r_1",
            "rotation": 0.12566370614359174,
            "transform_matrix": [
                [
                    0.992296576499939,
                    0.06086139753460884,
                    0.10790462046861649,
                    0.4349774420261383
                ],
                [
                    0.12388509511947632,
                    -0.4874884784221649,
                    -0.8642959594726562,
                    -3.48408842086792
                ],
                [
                    -3.7252898543727042e-09,
                    0.8710057735443115,
                    -0.4912729263305664,
                    -1.9803844690322876
                ],
                [
                    0.0,
                    0.0,
                    0.0,
                    1.0
                ]
            ]
        },
        {
            "file_path": "/data/shapenet_blender/all_50_random/02958343/1688bcda878d3b18afe717997470b28d/r_2",
            "rotation": 0.12566370614359174,
            "transform_matrix": [
                [
                    -0.13011091947555542,
                    0.3610246181488037,
                    -0.9234350919723511,
                    -3.7224860191345215
                ],
                [
                    -0.9914995431900024,
                    -0.047375962138175964,
                    0.12117906659841537,
                    0.48848843574523926
                ],
                [
                    0.0,
                    0.9313521385192871,
                    0.36411982774734497,
                    1.4678139686584473
                ],
                [
                    0.0,
                    0.0,
                    0.0,
                    1.0
                ]
            ]
        },
        {
            "file_path": "/data/shapenet_blender/all_50_random/02958343/1688bcda878d3b18afe717997470b28d/r_3",
            "rotation": 0.12566370614359174,
            "transform_matrix": [
                [
                    -0.9972778558731079,
                    -0.03540029004216194,
                    0.06468262523412704,
                    0.26074403524398804
                ],
                [
                    0.07373617589473724,
                    -0.47878703474998474,
                    0.8748290538787842,
                    3.5265488624572754
                ],
                [
                    1.862645149230957e-09,
                    0.877217173576355,
                    0.4800938367843628,
                    1.935320258140564
                ],
                [
                    0.0,
                    0.0,
                    0.0,
                    1.0
                ]
            ]
        },
        {
            "file_path": "/data/shapenet_blender/all_50_random/02958343/1688bcda878d3b18afe717997470b28d/r_4",
            "rotation": 0.12566370614359174,
            "transform_matrix": [
                [
                    -0.9459892511367798,
                    -0.29910895228385925,
                    0.1250530481338501,
                    0.5041049718856812
                ],
                [
                    0.3241981863975525,
                    -0.8727805614471436,
                    0.364896684885025,
                    1.4709455966949463
                ],
                [
                    0.0,
                    0.38573023676872253,
                    0.9226115345954895,
                    3.7191660404205322
                ],
                [
                    0.0,
                    0.0,
                    0.0,
                    1.0
                ]
            ]
        },
        {
            "file_path": "/data/shapenet_blender/all_50_random/02958343/1688bcda878d3b18afe717997470b28d/r_5",
            "rotation": 0.12566370614359174,
            "transform_matrix": [
                [
                    -0.9453467130661011,
                    -0.21035537123680115,
                    0.2491389960050583,
                    1.004311442375183
                ],
                [
                    0.32606691122055054,
                    -0.6098710298538208,
                    0.7223141193389893,
                    2.911741256713867
                ],
                [
                    0.0,
                    0.7640732526779175,
                    0.6451295018196106,
                    2.600600242614746
                ],
                [
                    0.0,
                    0.0,
                    0.0,
                    1.0
                ]
            ]
        },
        {
            "file_path": "/data/shapenet_blender/all_50_random/02958343/1688bcda878d3b18afe717997470b28d/r_6",
            "rotation": 0.12566370614359174,
            "transform_matrix": [
                [
                    -0.9284698367118835,
                    0.05138121917843819,
                    0.3678366243839264,
                    1.4827969074249268
                ],
                [
                    0.3714079260826111,
                    0.12844614684581757,
                    0.919542133808136,
                    3.7067928314208984
                ],
                [
                    0.0,
                    0.990384578704834,
                    -0.1383417546749115,
                    -0.557673454284668
                ],
                [
                    0.0,
                    0.0,
                    0.0,
                    1.0
                ]
            ]
        },
        {
            "file_path": "/data/shapenet_blender/all_50_random/02958343/1688bcda878d3b18afe717997470b28d/r_7",
            "rotation": 0.12566370614359174,
            "transform_matrix": [
                [
                    -0.5760737657546997,
                    0.489716112613678,
                    0.6544593572616577,
                    2.6382102966308594
                ],
                [
                    0.8173977136611938,
                    0.34513506293296814,
                    0.46124041080474854,
                    1.8593196868896484
                ],
                [
                    -1.4901162970204496e-08,
                    0.800662100315094,
                    -0.5991160273551941,
                    -2.415114164352417
                ],
                [
                    0.0,
                    0.0,
                    0.0,
                    1.0
                ]
            ]
        },
        {
            "file_path": "/data/shapenet_blender/all_50_random/02958343/1688bcda878d3b18afe717997470b28d/r_8",
            "rotation": 0.12566370614359174,
            "transform_matrix": [
                [
                    -0.8405172824859619,
                    0.16955719888210297,
                    -0.5145688056945801,
                    -2.0742931365966797
                ],
                [
                    -0.5417847633361816,
                    -0.2630486488342285,
                    0.7982948422431946,
                    3.218029499053955
                ],
                [
                    0.0,
                    0.9497660994529724,
                    0.3129604756832123,
                    1.2615840435028076
                ],
                [
                    0.0,
                    0.0,
                    0.0,
                    1.0
                ]
            ]
        },
        {
            "file_path": "/data/shapenet_blender/all_50_random/02958343/1688bcda878d3b18afe717997470b28d/r_9",
            "rotation": 0.12566370614359174,
            "transform_matrix": [
                [
                    -0.8966841101646423,
                    0.0030265965033322573,
                    -0.4426606595516205,
                    -1.7844220399856567
                ],
                [
                    -0.44267094135284424,
                    -0.006130740977823734,
                    0.896663248538971,
                    3.6145646572113037
                ],
                [
                    0.0,
                    0.999976634979248,
                    0.006837125401943922,
                    0.027561331167817116
                ],
                [
                    0.0,
                    0.0,
                    0.0,
                    1.0
                ]
            ]
        },
        {
            "file_path": "/data/shapenet_blender/all_50_random/02958343/1688bcda878d3b18afe717997470b28d/r_10",
            "rotation": 0.12566370614359174,
            "transform_matrix": [
                [
                    0.6927895545959473,
                    -0.32014089822769165,
                    -0.6461829543113708,
                    -2.604846715927124
                ],
                [
                    -0.7211397886276245,
                    -0.3075551390647888,
                    -0.6207795143127441,
                    -2.5024423599243164
                ],
                [
                    2.9802322387695312e-08,
                    0.8960577249526978,
                    -0.44393739104270935,
                    -1.7895689010620117
                ],
                [
                    0.0,
                    0.0,
                    0.0,
                    1.0
                ]
            ]
        },
        {
            "file_path": "/data/shapenet_blender/all_50_random/02958343/1688bcda878d3b18afe717997470b28d/r_11",
            "rotation": 0.12566370614359174,
            "transform_matrix": [
                [
                    -0.8577001094818115,
                    0.1915329098701477,
                    -0.47714313864707947,
                    -1.9234256744384766
                ],
                [
                    -0.5141502022743225,
                    -0.3195132315158844,
                    0.7959652543067932,
                    3.208638906478882
                ],
                [
                    0.0,
                    0.9280228614807129,
                    0.3725231885910034,
                    1.501689076423645
                ],
                [
                    0.0,
                    0.0,
                    0.0,
                    1.0
                ]
            ]
        },
        {
            "file_path": "/data/shapenet_blender/all_50_random/02958343/1688bcda878d3b18afe717997470b28d/r_12",
            "rotation": 0.12566370614359174,
            "transform_matrix": [
                [
                    -0.9635536074638367,
                    0.016358917579054832,
                    -0.2670145332813263,
                    -1.0763698816299438
                ],
                [
                    -0.2675151228904724,
                    -0.058922622352838516,
                    0.9617504477500916,
                    3.876939535140991
                ],
                [
                    0.0,
                    0.998128354549408,
                    0.06115138530731201,
                    0.24650909006595612
                ],
                [
                    0.0,
                    0.0,
                    0.0,
                    1.0
                ]
            ]
        },
        {
            "file_path": "/data/shapenet_blender/all_50_random/02958343/1688bcda878d3b18afe717997470b28d/r_13",
            "rotation": 0.12566370614359174,
            "transform_matrix": [
                [
                    -0.07424801588058472,
                    -0.022859198972582817,
                    -0.9969778060913086,
                    -4.018945693969727
                ],
                [
                    -0.997239887714386,
                    0.0017019477672874928,
                    0.07422850281000137,
                    0.2992246150970459
                ],
                [
                    0.0,
                    0.9997372627258301,
                    -0.022922469303011894,
                    -0.09240341931581497
                ],
                [
                    0.0,
                    0.0,
                    0.0,
                    1.0
                ]
            ]
        },
        {
            "file_path": "/data/shapenet_blender/all_50_random/02958343/1688bcda878d3b18afe717997470b28d/r_14",
            "rotation": 0.12566370614359174,
            "transform_matrix": [
                [
                    0.9078977704048157,
                    0.3029979169368744,
                    -0.28967875242233276,
                    -1.1677324771881104
                ],
                [
                    -0.41919153928756714,
                    0.6562421321868896,
                    -0.6273950338363647,
                    -2.5291104316711426
                ],
                [
                    1.4901161193847656e-08,
                    0.6910414695739746,
                    0.7228149771690369,
                    2.9137606620788574
                ],
                [
                    0.0,
                    0.0,
                    0.0,
                    1.0
                ]
            ]
        },
        {
            "file_path": "/data/shapenet_blender/all_50_random/02958343/1688bcda878d3b18afe717997470b28d/r_15",
            "rotation": 0.12566370614359174,
            "transform_matrix": [
                [
                    -0.8431575298309326,
                    0.22787776589393616,
                    -0.4869878590106964,
                    -1.9631108045578003
                ],
                [
                    -0.5376666784286499,
                    -0.3573530912399292,
                    0.7636840343475342,
                    3.0785088539123535
                ],
                [
                    -1.4901161193847656e-08,
                    0.9057429432868958,
                    0.42382729053497314,
                    1.7085024118423462
                ],
                [
                    0.0,
                    0.0,
                    0.0,
                    1.0
                ]
            ]
        },
        {
            "file_path": "/data/shapenet_blender/all_50_random/02958343/1688bcda878d3b18afe717997470b28d/r_16",
            "rotation": 0.12566370614359174,
            "transform_matrix": [
                [
                    -0.9855974912643433,
                    -0.06970864534378052,
                    -0.15407228469848633,
                    -0.6210852265357971
                ],
                [
                    -0.16910815238952637,
                    0.40627652406692505,
                    0.8979653716087341,
                    3.619814157485962
                ],
                [
                    0.0,
                    0.9110872745513916,
                    -0.41221344470977783,
                    -1.661685585975647
                ],
                [
                    0.0,
                    0.0,
                    0.0,
                    1.0
                ]
            ]
        },
        {
            "file_path": "/data/shapenet_blender/all_50_random/02958343/1688bcda878d3b18afe717997470b28d/r_17",
            "rotation": 0.12566370614359174,
            "transform_matrix": [
                [
                    0.9639548659324646,
                    0.12555278837680817,
                    0.23457913100719452,
                    0.9456186890602112
                ],
                [
                    0.2660655081272125,
                    -0.45487749576568604,
                    -0.8498797416687012,
                    -3.4259746074676514
                ],
                [
                    -7.4505792646561986e-09,
                    0.881659209728241,
                    -0.4718867242336273,
                    -1.9022361040115356
                ],
                [
                    0.0,
                    0.0,
                    0.0,
                    1.0
                ]
            ]
        },
        {
            "file_path": "/data/shapenet_blender/all_50_random/02958343/1688bcda878d3b18afe717997470b28d/r_18",
            "rotation": 0.12566370614359174,
            "transform_matrix": [
                [
                    0.9807344079017639,
                    -0.052871957421302795,
                    0.18805503845214844,
                    0.758074164390564
                ],
                [
                    0.19534622132778168,
                    0.2654433250427246,
                    -0.9441290497779846,
                    -3.805906057357788
                ],
                [
                    -3.725290298461914e-09,
                    0.9626756906509399,
                    0.27065765857696533,
                    1.091055989265442
                ],
                [
                    0.0,
                    0.0,
                    0.0,
                    1.0
                ]
            ]
        },
        {
            "file_path": "/data/shapenet_blender/all_50_random/02958343/1688bcda878d3b18afe717997470b28d/r_19",
            "rotation": 0.12566370614359174,
            "transform_matrix": [
                [
                    0.9344407320022583,
                    0.2667638063430786,
                    0.23591870069503784,
                    0.9510186910629272
                ],
                [
                    0.35611873865127563,
                    -0.6999770402908325,
                    -0.6190407872200012,
                    -2.4954333305358887
                ],
                [
                    0.0,
                    0.6624720692634583,
                    -0.7490866184234619,
                    -3.019664764404297
                ],
                [
                    0.0,
                    0.0,
                    0.0,
                    1.0
                ]
            ]
        },
        {
            "file_path": "/data/shapenet_blender/all_50_random/02958343/1688bcda878d3b18afe717997470b28d/r_20",
            "rotation": 0.12566370614359174,
            "transform_matrix": [
                [
                    0.37646305561065674,
                    0.4300886392593384,
                    0.8205481767654419,
                    3.3077354431152344
                ],
                [
                    0.9264316558837891,
                    -0.1747700273990631,
                    -0.33343642950057983,
                    -1.3441252708435059
                ],
                [
                    1.4901161193847656e-08,
                    0.8857081532478333,
                    -0.46424219012260437,
                    -1.87142014503479
                ],
                [
                    0.0,
                    0.0,
                    0.0,
                    1.0
                ]
            ]
        },
        {
            "file_path": "/data/shapenet_blender/all_50_random/02958343/1688bcda878d3b18afe717997470b28d/r_21",
            "rotation": 0.12566370614359174,
            "transform_matrix": [
                [
                    0.858676552772522,
                    -0.4632626175880432,
                    0.21923121809959412,
                    0.8837493658065796
                ],
                [
                    0.5125178098678589,
                    0.7761539220809937,
                    -0.3673017621040344,
                    -1.4806408882141113
                ],
                [
                    1.4901160305669237e-08,
                    0.4277533292770386,
                    0.9038954377174377,
                    3.64371919631958
                ],
                [
                    0.0,
                    0.0,
                    0.0,
                    1.0
                ]
            ]
        },
        {
            "file_path": "/data/shapenet_blender/all_50_random/02958343/1688bcda878d3b18afe717997470b28d/r_22",
            "rotation": 0.12566370614359174,
            "transform_matrix": [
                [
                    0.1555747389793396,
                    -0.7449432015419006,
                    0.6487341523170471,
                    2.61513090133667
                ],
                [
                    0.9878242015838623,
                    0.11732284724712372,
                    -0.10217065364122391,
                    -0.4118630886077881
                ],
                [
                    0.0,
                    0.6567304134368896,
                    0.7541254162788391,
                    3.0399768352508545
                ],
                [
                    0.0,
                    0.0,
                    0.0,
                    1.0
                ]
            ]
        },
        {
            "file_path": "/data/shapenet_blender/all_50_random/02958343/1688bcda878d3b18afe717997470b28d/r_23",
            "rotation": 0.12566370614359174,
            "transform_matrix": [
                [
                    0.08598761260509491,
                    -0.1436949521303177,
                    -0.9858792424201965,
                    -3.9742064476013184
                ],
                [
                    -0.9962962865829468,
                    -0.012401919811964035,
                    -0.08508855104446411,
                    -0.34300291538238525
                ],
                [
                    0.0,
                    0.9895442724227905,
                    -0.14422915875911713,
                    -0.5814063549041748
                ],
                [
                    0.0,
                    0.0,
                    0.0,
                    1.0
                ]
            ]
        },
        {
            "file_path": "/data/shapenet_blender/all_50_random/02958343/1688bcda878d3b18afe717997470b28d/r_24",
            "rotation": 0.12566370614359174,
            "transform_matrix": [
                [
                    0.8904192447662354,
                    0.31995004415512085,
                    -0.32370588183403015,
                    -1.3049002885818481
                ],
                [
                    -0.45514124631881714,
                    0.6259368658065796,
                    -0.6332846283912659,
                    -2.552852153778076
                ],
                [
                    0.0,
                    0.7112208604812622,
                    0.7029685974121094,
                    2.8337574005126953
                ],
                [
                    0.0,
                    0.0,
                    0.0,
                    1.0
                ]
            ]
        },
        {
            "file_path": "/data/shapenet_blender/all_50_random/02958343/1688bcda878d3b18afe717997470b28d/r_25",
            "rotation": 0.12566370614359174,
            "transform_matrix": [
                [
                    0.6156561374664307,
                    0.2757926285266876,
                    -0.7381773591041565,
                    -2.9756882190704346
                ],
                [
                    -0.7880148887634277,
                    0.2154698371887207,
                    -0.5767194032669067,
                    -2.3248302936553955
                ],
                [
                    -1.4901161193847656e-08,
                    0.9367555975914001,
                    0.3499840795993805,
                    1.4108309745788574
                ],
                [
                    0.0,
                    0.0,
                    0.0,
                    1.0
                ]
            ]
        },
        {
            "file_path": "/data/shapenet_blender/all_50_random/02958343/1688bcda878d3b18afe717997470b28d/r_26",
            "rotation": 0.12566370614359174,
            "transform_matrix": [
                [
                    0.18367886543273926,
                    0.3987983763217926,
                    -0.8984552025794983,
                    -3.62178897857666
                ],
                [
                    -0.9829862713813782,
                    0.07451868057250977,
                    -0.16788356006145477,
                    -0.6767603158950806
                ],
                [
                    7.450580152834618e-09,
                    0.9140058755874634,
                    0.40570080280303955,
                    1.6354323625564575
                ],
                [
                    0.0,
                    0.0,
                    0.0,
                    1.0
                ]
            ]
        },
        {
            "file_path": "/data/shapenet_blender/all_50_random/02958343/1688bcda878d3b18afe717997470b28d/r_27",
            "rotation": 0.12566370614359174,
            "transform_matrix": [
                [
                    0.7425799369812012,
                    -0.31306806206703186,
                    0.5920839309692383,
                    2.3867669105529785
                ],
                [
                    0.6697574853897095,
                    0.34710782766342163,
                    -0.6564610004425049,
                    -2.6462790966033936
                ],
                [
                    0.0,
                    0.8840274810791016,
                    0.46743491291999817,
                    1.8842905759811401
                ],
                [
                    0.0,
                    0.0,
                    0.0,
                    1.0
                ]
            ]
        },
        {
            "file_path": "/data/shapenet_blender/all_50_random/02958343/1688bcda878d3b18afe717997470b28d/r_28",
            "rotation": 0.12566370614359174,
            "transform_matrix": [
                [
                    0.9692427515983582,
                    0.10394856333732605,
                    -0.2230769693851471,
                    -0.8992519974708557
                ],
                [
                    -0.24610698223114014,
                    0.4093804657459259,
                    -0.8785436749458313,
                    -3.541522741317749
                ],
                [
                    0.0,
                    0.9064227938652039,
                    0.4223714768886566,
                    1.7026338577270508
                ],
                [
                    0.0,
                    0.0,
                    0.0,
                    1.0
                ]
            ]
        },
        {
            "file_path": "/data/shapenet_blender/all_50_random/02958343/1688bcda878d3b18afe717997470b28d/r_29",
            "rotation": 0.12566370614359174,
            "transform_matrix": [
                [
                    -0.6527273654937744,
                    0.03367633745074272,
                    0.7568439841270447,
                    3.050935983657837
                ],
                [
                    0.7575929760932922,
                    0.02901487424969673,
                    0.6520820260047913,
                    2.628627061843872
                ],
                [
                    1.862645371275562e-09,
                    0.9990114569664001,
                    -0.044451754540205,
                    -0.1791907697916031
                ],
                [
                    0.0,
                    0.0,
                    0.0,
                    1.0
                ]
            ]
        },
        {
            "file_path": "/data/shapenet_blender/all_50_random/02958343/1688bcda878d3b18afe717997470b28d/r_30",
            "rotation": 0.12566370614359174,
            "transform_matrix": [
                [
                    -0.28920310735702515,
                    -0.4454405903816223,
                    -0.8473159074783325,
                    -3.415639638900757
                ],
                [
                    -0.9572677612304688,
                    0.13457342982292175,
                    0.25598520040512085,
                    1.0319093465805054
                ],
                [
                    1.4901161193847656e-08,
                    0.8851399421691895,
                    -0.46532493829727173,
                    -1.8757848739624023
                ],
                [
                    0.0,
                    0.0,
                    0.0,
                    1.0
                ]
            ]
        },
        {
            "file_path": "/data/shapenet_blender/all_50_random/02958343/1688bcda878d3b18afe717997470b28d/r_31",
            "rotation": 0.12566370614359174,
            "transform_matrix": [
                [
                    0.37151864171028137,
                    -0.3161417841911316,
                    0.8729422688484192,
                    3.5189428329467773
                ],
                [
                    0.9284254908561707,
                    0.12650726735591888,
                    -0.3493165075778961,
                    -1.4081398248672485
                ],
                [
                    0.0,
                    0.9402393698692322,
                    0.3405139446258545,
                    1.3726556301116943
                ],
                [
                    0.0,
                    0.0,
                    0.0,
                    1.0
                ]
            ]
        },
        {
            "file_path": "/data/shapenet_blender/all_50_random/02958343/1688bcda878d3b18afe717997470b28d/r_32",
            "rotation": 0.12566370614359174,
            "transform_matrix": [
                [
                    -0.9822276830673218,
                    -0.043771177530288696,
                    0.18251854181289673,
                    0.7357558608055115
                ],
                [
                    0.1876937747001648,
                    -0.22906069457530975,
                    0.9551450610160828,
                    3.850313186645508
                ],
                [
                    0.0,
                    0.9724275469779968,
                    0.23320528864860535,
                    0.9400806427001953
                ],
                [
                    0.0,
                    0.0,
                    0.0,
                    1.0
                ]
            ]
        },
        {
            "file_path": "/data/shapenet_blender/all_50_random/02958343/1688bcda878d3b18afe717997470b28d/r_33",
            "rotation": 0.12566370614359174,
            "transform_matrix": [
                [
                    0.7451625466346741,
                    -0.2543147802352905,
                    -0.6164873838424683,
                    -2.485140323638916
                ],
                [
                    -0.6668828129768372,
                    -0.2841666340827942,
                    -0.6888515949249268,
                    -2.7768497467041016
                ],
                [
                    0.0,
                    0.924431324005127,
                    -0.38134852051734924,
                    -1.5372651815414429
                ],
                [
                    0.0,
                    0.0,
                    0.0,
                    1.0
                ]
            ]
        },
        {
            "file_path": "/data/shapenet_blender/all_50_random/02958343/1688bcda878d3b18afe717997470b28d/r_34",
            "rotation": 0.12566370614359174,
            "transform_matrix": [
                [
                    0.07160167396068573,
                    0.5631207227706909,
                    0.8232667446136475,
                    3.3186943531036377
                ],
                [
                    0.9974333643913269,
                    -0.04042414203286171,
                    -0.05909896269440651,
                    -0.23823553323745728
                ],
                [
                    0.0,
                    0.8253851532936096,
                    -0.564569890499115,
                    -2.2758541107177734
                ],
                [
                    0.0,
                    0.0,
                    0.0,
                    1.0
                ]
            ]
        },
        {
            "file_path": "/data/shapenet_blender/all_50_random/02958343/1688bcda878d3b18afe717997470b28d/r_35",
            "rotation": 0.12566370614359174,
            "transform_matrix": [
                [
                    0.9958113431930542,
                    -0.04470958560705185,
                    0.0797550231218338,
                    0.32150280475616455
                ],
                [
                    0.09143200516700745,
                    0.4869444966316223,
                    -0.868634045124054,
                    -3.5015761852264404
                ],
                [
                    -3.725290298461914e-09,
                    0.872287929058075,
                    0.4889926314353943,
                    1.971192479133606
                ],
                [
                    0.0,
                    0.0,
                    0.0,
                    1.0
                ]
            ]
        },
        {
            "file_path": "/data/shapenet_blender/all_50_random/02958343/1688bcda878d3b18afe717997470b28d/r_36",
            "rotation": 0.12566370614359174,
            "transform_matrix": [
                [
                    -0.9634786248207092,
                    -0.1638282835483551,
                    -0.21182338893413544,
                    -0.8538873791694641
                ],
                [
                    -0.26778504252433777,
                    0.5894467830657959,
                    0.7621309757232666,
                    3.0722482204437256
                ],
                [
                    7.450580152834618e-09,
                    0.7910200953483582,
                    -0.6117901802062988,
                    -2.46620512008667
                ],
                [
                    0.0,
                    0.0,
                    0.0,
                    1.0
                ]
            ]
        },
        {
            "file_path": "/data/shapenet_blender/all_50_random/02958343/1688bcda878d3b18afe717997470b28d/r_37",
            "rotation": 0.12566370614359174,
            "transform_matrix": [
                [
                    0.9534624814987183,
                    -0.2646009624004364,
                    -0.14455319941043854,
                    -0.5827126502990723
                ],
                [
                    -0.3015117049217224,
                    -0.8367406129837036,
                    -0.4571167826652527,
                    -1.8426967859268188
                ],
                [
                    0.0,
                    0.4794282019138336,
                    -0.877581000328064,
                    -3.537642478942871
                ],
                [
                    0.0,
                    0.0,
                    0.0,
                    1.0
                ]
            ]
        },
        {
            "file_path": "/data/shapenet_blender/all_50_random/02958343/1688bcda878d3b18afe717997470b28d/r_38",
            "rotation": 0.12566370614359174,
            "transform_matrix": [
                [
                    -0.4568096399307251,
                    -0.8270556330680847,
                    0.3275725245475769,
                    1.3204872608184814
                ],
                [
                    0.8895645141601562,
                    -0.42471006512641907,
                    0.16821523010730743,
                    0.6780973672866821
                ],
                [
                    -1.4901162970204496e-08,
                    0.3682391941547394,
                    0.9297309517860413,
                    3.747865676879883
                ],
                [
                    0.0,
                    0.0,
                    0.0,
                    1.0
                ]
            ]
        },
        {
            "file_path": "/data/shapenet_blender/all_50_random/02958343/1688bcda878d3b18afe717997470b28d/r_39",
            "rotation": 0.12566370614359174,
            "transform_matrix": [
                [
                    0.11952633410692215,
                    -0.27335211634635925,
                    0.9544590711593628,
                    3.8475475311279297
                ],
                [
                    0.9928310513496399,
                    0.032908692955970764,
                    -0.11490675806999207,
                    -0.46320396661758423
                ],
                [
                    3.725290076417309e-09,
                    0.9613509774208069,
                    0.2753258943557739,
                    1.1098741292953491
                ],
                [
                    0.0,
                    0.0,
                    0.0,
                    1.0
                ]
            ]
        },
        {
            "file_path": "/data/shapenet_blender/all_50_random/02958343/1688bcda878d3b18afe717997470b28d/r_40",
            "rotation": 0.12566370614359174,
            "transform_matrix": [
                [
                    0.721287190914154,
                    -0.2328065037727356,
                    -0.6523386240005493,
                    -2.6296613216400146
                ],
                [
                    -0.6926359534263611,
                    -0.24243666231632233,
                    -0.6793230175971985,
                    -2.738438844680786
                ],
                [
                    2.9802320611338473e-08,
                    0.9418203234672546,
                    -0.33611664175987244,
                    -1.3549296855926514
                ],
                [
                    0.0,
                    0.0,
                    0.0,
                    1.0
                ]
            ]
        },
        {
            "file_path": "/data/shapenet_blender/all_50_random/02958343/1688bcda878d3b18afe717997470b28d/r_41",
            "rotation": 0.12566370614359174,
            "transform_matrix": [
                [
                    0.8688459396362305,
                    -0.13485907018184662,
                    0.4763609766960144,
                    1.9202724695205688
                ],
                [
                    0.4950825572013855,
                    0.23667114973068237,
                    -0.8359904885292053,
                    -3.369985342025757
                ],
                [
                    0.0,
