{
    "class": "02958343",
    "model": "3587079f3146273faf8b8a34d449f60b",
    "remove_doubles": true,
    "edge_split": true,
    "denoise": true,
    "camera_angle_x": 0.6911112070083618,
    "scale_factor": 2.243759828108571,
    "hdri_file": "/data/IndoorHDRDataset2018/AG8A9822-b50a0284d9.exr",
    "center_offset": [
        0.0,
        -2.3283064365386963e-09,
        -3.725290298461914e-09
    ],
    "lights": [],
    "frames": [
        {
            "file_path": "/data/shapenet_blender/all_50_random/02958343/3587079f3146273faf8b8a34d449f60b/r_0",
            "rotation": 0.12566370614359174,
            "transform_matrix": [
                [
                    -0.9924671053886414,
                    -0.00810967106372118,
                    0.12224335223436356,
                    0.4927787482738495
                ],
                [
                    0.1225120797753334,
                    -0.06569623947143555,
                    0.9902902245521545,
                    3.991987705230713
                ],
                [
                    0.0,
                    0.9978066682815552,
                    0.06619487702846527,
                    0.2668401002883911
                ],
                [
                    0.0,
                    0.0,
                    0.0,
                    1.0
                ]
            ]
        },
        {
            "file_path": "/data/shapenet_blender/all_50_random/02958343/3587079f3146273faf8b8a34d449f60b/r_1",
            "rotation": 0.12566370614359174,
            "transform_matrix": [
                [
                    -0.2834532558917999,
                    0.15547886490821838,
                    0.9462982416152954,
                    3.814650535583496
                ],
                [
                    0.9589861631393433,
                    0.04595581814646721,
                    0.2797030210494995,
                    1.1275190114974976
                ],
                [
                    0.0,
                    0.9867695569992065,
                    -0.16212838888168335,
                    -0.6535605192184448
                ],
                [
                    0.0,
                    0.0,
                    0.0,
                    1.0
                ]
            ]
        },
        {
            "file_path": "/data/shapenet_blender/all_50_random/02958343/3587079f3146273faf8b8a34d449f60b/r_2",
            "rotation": 0.12566370614359174,
            "transform_matrix": [
                [
                    0.9640445709228516,
                    -0.0053984299302101135,
                    0.26568564772605896,
                    1.0710132122039795
                ],
                [
                    0.2657405138015747,
                    0.01958424225449562,
                    -0.9638455510139465,
                    -3.8853859901428223
                ],
                [
                    4.656612873077393e-10,
                    0.999793529510498,
                    0.020314665511250496,
                    0.08189104497432709
                ],
                [
                    0.0,
                    0.0,
                    0.0,
                    1.0
                ]
            ]
        },
        {
            "file_path": "/data/shapenet_blender/all_50_random/02958343/3587079f3146273faf8b8a34d449f60b/r_3",
            "rotation": 0.12566370614359174,
            "transform_matrix": [
                [
                    0.9728974103927612,
                    -0.00851704366505146,
                    0.23108068108558655,
                    0.9315159916877747
                ],
                [
                    0.23123760521411896,
                    0.0358341783285141,
                    -0.9722371697425842,
                    -3.91921329498291
                ],
                [
                    0.0,
                    0.9993213415145874,
                    0.03683244436979294,
                    0.14847633242607117
                ],
                [
                    0.0,
                    0.0,
                    0.0,
                    1.0
                ]
            ]
        },
        {
            "file_path": "/data/shapenet_blender/all_50_random/02958343/3587079f3146273faf8b8a34d449f60b/r_4",
            "rotation": 0.12566370614359174,
            "transform_matrix": [
                [
                    -0.1188197135925293,
                    0.8700823783874512,
                    0.47837087512016296,
                    1.9283746480941772
                ],
                [
                    0.9929159283638,
                    0.10412053763866425,
                    0.05724542215466499,
                    0.23076367378234863
                ],
                [
                    0.0,
                    0.48178383708000183,
                    -0.8762900829315186,
                    -3.532438278198242
                ],
                [
                    0.0,
                    0.0,
                    0.0,
                    1.0
                ]
            ]
        },
        {
            "file_path": "/data/shapenet_blender/all_50_random/02958343/3587079f3146273faf8b8a34d449f60b/r_5",
            "rotation": 0.12566370614359174,
            "transform_matrix": [
                [
                    -0.731216549873352,
                    -0.5371785163879395,
                    -0.4204302430152893,
                    -1.6948084831237793
                ],
                [
                    -0.6821454763412476,
                    0.5758212208747864,
                    0.45067447423934937,
                    1.8167269229888916
                ],
                [
                    1.4901161193847656e-08,
                    0.6163351535797119,
                    -0.7874839305877686,
                    -3.1744492053985596
                ],
                [
                    0.0,
                    0.0,
                    0.0,
                    1.0
                ]
            ]
        },
        {
            "file_path": "/data/shapenet_blender/all_50_random/02958343/3587079f3146273faf8b8a34d449f60b/r_6",
            "rotation": 0.12566370614359174,
            "transform_matrix": [
                [
                    -0.09622674435377121,
                    0.40660518407821655,
                    0.9085221290588379,
                    3.662370204925537
                ],
                [
                    0.9953594207763672,
                    0.03930870443582535,
                    0.08783171325922012,
                    0.35406097769737244
                ],
                [
                    0.0,
                    0.9127578139305115,
                    -0.4085008502006531,
                    -1.6467196941375732
                ],
                [
                    0.0,
                    0.0,
                    0.0,
                    1.0
                ]
            ]
        },
        {
            "file_path": "/data/shapenet_blender/all_50_random/02958343/3587079f3146273faf8b8a34d449f60b/r_7",
            "rotation": 0.12566370614359174,
            "transform_matrix": [
                [
                    -0.9396101236343384,
                    -0.10924510657787323,
                    0.32434308528900146,
                    1.3074688911437988
                ],
                [
                    0.342246949672699,
                    -0.29992324113845825,
                    0.8904566168785095,
                    3.589545726776123
                ],
                [
                    0.0,
                    0.9476874470710754,
                    0.31919965147972107,
                    1.2867350578308105
                ],
                [
                    0.0,
                    0.0,
                    0.0,
                    1.0
                ]
            ]
        },
        {
            "file_path": "/data/shapenet_blender/all_50_random/02958343/3587079f3146273faf8b8a34d449f60b/r_8",
            "rotation": 0.12566370614359174,
            "transform_matrix": [
                [
                    0.13488063216209412,
                    0.28865593671798706,
                    0.9478844404220581,
                    3.821044445037842
                ],
                [
                    0.9908618330955505,
                    -0.03929316624999046,
                    -0.12903036177158356,
                    -0.5201380252838135
                ],
                [
                    0.0,
                    0.9566262364387512,
                    -0.29131802916526794,
                    -1.1743404865264893
                ],
                [
                    0.0,
                    0.0,
                    0.0,
                    1.0
                ]
            ]
        },
        {
            "file_path": "/data/shapenet_blender/all_50_random/02958343/3587079f3146273faf8b8a34d449f60b/r_9",
            "rotation": 0.12566370614359174,
            "transform_matrix": [
                [
                    0.10359951108694077,
                    -0.9261825084686279,
                    0.3625645637512207,
                    1.4615445137023926
                ],
                [
                    0.9946190118789673,
                    0.0964711606502533,
                    -0.03776472061872482,
                    -0.15223446488380432
                ],
                [
                    0.0,
                    0.3645261228084564,
                    0.9311931729316711,
                    3.7537598609924316
                ],
                [
                    0.0,
                    0.0,
                    0.0,
                    1.0
                ]
            ]
        },
        {
            "file_path": "/data/shapenet_blender/all_50_random/02958343/3587079f3146273faf8b8a34d449f60b/r_10",
            "rotation": 0.12566370614359174,
            "transform_matrix": [
                [
                    0.9775028824806213,
                    0.1364557445049286,
                    0.1608351767063141,
                    0.6483473181724548
                ],
                [
                    0.21092206239700317,
                    -0.6323941349983215,
                    -0.745378851890564,
                    -3.00471830368042
                ],
                [
                    -7.450580152834618e-09,
                    0.7625336050987244,
                    -0.6469485759735107,
                    -2.6079330444335938
                ],
                [
                    0.0,
                    0.0,
                    0.0,
                    1.0
                ]
            ]
        },
        {
            "file_path": "/data/shapenet_blender/all_50_random/02958343/3587079f3146273faf8b8a34d449f60b/r_11",
            "rotation": 0.12566370614359174,
            "transform_matrix": [
                [
                    0.8312069773674011,
                    -0.016136975958943367,
                    -0.5557289123535156,
                    -2.2402148246765137
                ],
                [
                    -0.5559631586074829,
                    -0.024125998839735985,
                    -0.8308567404747009,
                    -3.349290609359741
                ],
                [
                    0.0,
                    0.999578595161438,
                    -0.029025264084339142,
                    -0.11700458079576492
                ],
                [
                    0.0,
                    0.0,
                    0.0,
                    1.0
                ]
            ]
        },
        {
            "file_path": "/data/shapenet_blender/all_50_random/02958343/3587079f3146273faf8b8a34d449f60b/r_12",
            "rotation": 0.12566370614359174,
            "transform_matrix": [
                [
                    -0.2538995146751404,
                    -0.08657891303300858,
                    0.9633479118347168,
                    3.8833796977996826
                ],
                [
                    0.9672306180000305,
                    -0.02272709459066391,
                    0.2528802752494812,
                    1.019392967224121
                ],
                [
                    0.0,
                    0.995985746383667,
                    0.0895121768116951,
                    0.36083513498306274
                ],
                [
                    0.0,
                    0.0,
                    0.0,
                    1.0
                ]
            ]
        },
        {
            "file_path": "/data/shapenet_blender/all_50_random/02958343/3587079f3146273faf8b8a34d449f60b/r_13",
            "rotation": 0.12566370614359174,
            "transform_matrix": [
                [
                    -0.5653258562088013,
                    0.5391623973846436,
                    0.6242679953575134,
                    2.5165047645568848
                ],
                [
                    0.8248677253723145,
                    0.3695167601108551,
                    0.42784416675567627,
                    1.7246949672698975
                ],
                [
                    1.4901161193847656e-08,
                    0.7568097710609436,
                    -0.6536351442337036,
                    -2.634887456893921
                ],
                [
                    0.0,
                    0.0,
                    0.0,
                    1.0
                ]
            ]
        },
        {
            "file_path": "/data/shapenet_blender/all_50_random/02958343/3587079f3146273faf8b8a34d449f60b/r_14",
            "rotation": 0.12566370614359174,
            "transform_matrix": [
                [
                    0.050957247614860535,
                    0.16048823297023773,
                    0.9857215285301208,
                    3.9735705852508545
                ],
                [
                    0.9987008571624756,
                    -0.00818867702037096,
                    -0.05029499530792236,
                    -0.20274561643600464
                ],
                [
                    0.0,
                    0.9870038032531738,
                    -0.16069699823856354,
                    -0.6477903127670288
                ],
                [
                    0.0,
                    0.0,
                    0.0,
                    1.0
                ]
            ]
        },
        {
            "file_path": "/data/shapenet_blender/all_50_random/02958343/3587079f3146273faf8b8a34d449f60b/r_15",
            "rotation": 0.12566370614359174,
            "transform_matrix": [
                [
                    -0.9694140553474426,
                    -0.1787605732679367,
                    0.1681695282459259,
                    0.6779130697250366
                ],
                [
                    0.24543088674545288,
                    -0.7060766220092773,
                    0.6642435789108276,
                    2.6776514053344727
                ],
                [
                    7.4505797087454084e-09,
                    0.6852009892463684,
                    0.7283539772033691,
                    2.936088800430298
                ],
                [
                    0.0,
                    0.0,
                    0.0,
                    1.0
                ]
            ]
        },
        {
            "file_path": "/data/shapenet_blender/all_50_random/02958343/3587079f3146273faf8b8a34d449f60b/r_16",
            "rotation": 0.12566370614359174,
            "transform_matrix": [
                [
                    -0.5109547972679138,
                    -0.7125507593154907,
                    0.4808290898799896,
                    1.938284158706665
                ],
                [
                    0.8596075773239136,
                    -0.4235435426235199,
                    0.2858070731163025,
                    1.1521252393722534
                ],
                [
                    0.0,
                    0.5593587756156921,
                    0.8289255499839783,
                    3.341506004333496
                ],
                [
                    0.0,
                    0.0,
                    0.0,
                    1.0
                ]
            ]
        },
        {
            "file_path": "/data/shapenet_blender/all_50_random/02958343/3587079f3146273faf8b8a34d449f60b/r_17",
            "rotation": 0.12566370614359174,
            "transform_matrix": [
                [
                    -0.8246461749076843,
                    0.28793302178382874,
                    0.4868810772895813,
                    1.9626803398132324
                ],
                [
                    0.5656487941741943,
                    0.41977083683013916,
                    0.7098125219345093,
                    2.8613457679748535
                ],
                [
                    0.0,
                    0.8607479929924011,
                    -0.509031355381012,
                    -2.051970958709717
                ],
                [
                    0.0,
                    0.0,
                    0.0,
                    1.0
                ]
            ]
        },
        {
            "file_path": "/data/shapenet_blender/all_50_random/02958343/3587079f3146273faf8b8a34d449f60b/r_18",
            "rotation": 0.12566370614359174,
            "transform_matrix": [
                [
                    -0.6720836162567139,
                    0.4544224739074707,
                    0.584639847278595,
                    2.3567588329315186
                ],
                [
                    0.7404752969741821,
                    0.4124511778354645,
                    0.5306414365768433,
                    2.1390843391418457
                ],
                [
                    0.0,
                    0.7895467877388,
                    -0.6136902570724487,
                    -2.473864793777466
                ],
                [
                    0.0,
                    0.0,
                    0.0,
                    1.0
                ]
            ]
        },
        {
            "file_path": "/data/shapenet_blender/all_50_random/02958343/3587079f3146273faf8b8a34d449f60b/r_19",
            "rotation": 0.12566370614359174,
            "transform_matrix": [
                [
                    -0.13932305574417114,
                    -0.7063658237457275,
                    0.694000244140625,
                    2.797604560852051
                ],
                [
                    0.9902470111846924,
                    -0.09938231855630875,
                    0.09764254093170166,
                    0.3936096727848053
                ],
                [
                    0.0,
                    0.7008354067802429,
                    0.7133229374885559,
                    2.8754966259002686
                ],
                [
                    0.0,
                    0.0,
                    0.0,
                    1.0
                ]
            ]
        },
        {
            "file_path": "/data/shapenet_blender/all_50_random/02958343/3587079f3146273faf8b8a34d449f60b/r_20",
            "rotation": 0.12566370614359174,
            "transform_matrix": [
                [
                    -0.16703084111213684,
                    0.020194265991449356,
                    0.985744833946228,
                    3.9736645221710205
                ],
                [
                    0.9859516620635986,
                    0.0034211266320198774,
                    0.1669958084821701,
                    0.6731816530227661
                ],
                [
                    0.0,
                    0.9997901916503906,
                    -0.020482005551457405,
                    -0.08256560564041138
                ],
                [
                    0.0,
                    0.0,
                    0.0,
                    1.0
                ]
            ]
        },
        {
            "file_path": "/data/shapenet_blender/all_50_random/02958343/3587079f3146273faf8b8a34d449f60b/r_21",
            "rotation": 0.12566370614359174,
            "transform_matrix": [
                [
                    0.4882145822048187,
                    -0.26320791244506836,
                    -0.8320865035057068,
                    -3.354248046875
                ],
                [
                    -0.8727235198020935,
                    -0.1472424566745758,
                    -0.46548163890838623,
                    -1.876416563987732
                ],
                [
                    -7.4505792646561986e-09,
                    0.9534364938735962,
                    -0.30159369111061096,
                    -1.215762972831726
                ],
                [
                    0.0,
                    0.0,
                    0.0,
                    1.0
                ]
            ]
        },
        {
            "file_path": "/data/shapenet_blender/all_50_random/02958343/3587079f3146273faf8b8a34d449f60b/r_22",
            "rotation": 0.12566370614359174,
            "transform_matrix": [
                [
                    0.9999027252197266,
                    0.00619402015581727,
                    -0.012495248578488827,
                    -0.050369955599308014
                ],
                [
                    -0.013946221210062504,
                    0.44409286975860596,
                    -0.8958722352981567,
                    -3.6113762855529785
                ],
                [
                    4.6566123179658803e-10,
                    0.8959593772888184,
                    0.44413599371910095,
                    1.7903693914413452
                ],
                [
                    0.0,
                    0.0,
                    0.0,
                    1.0
                ]
            ]
        },
        {
            "file_path": "/data/shapenet_blender/all_50_random/02958343/3587079f3146273faf8b8a34d449f60b/r_23",
            "rotation": 0.12566370614359174,
            "transform_matrix": [
                [
                    -0.01755346916615963,
                    -0.11833573877811432,
                    -0.9928184747695923,
                    -4.002179145812988
                ],
                [
                    -0.9998459815979004,
                    0.002077522687613964,
                    0.01743009313941002,
                    0.07026295363903046
                ],
                [
                    0.0,
                    0.9929714798927307,
                    -0.11835397034883499,
                    -0.47710007429122925
                ],
                [
                    0.0,
                    0.0,
                    0.0,
                    1.0
                ]
            ]
        },
        {
            "file_path": "/data/shapenet_blender/all_50_random/02958343/3587079f3146273faf8b8a34d449f60b/r_24",
            "rotation": 0.12566370614359174,
            "transform_matrix": [
                [
                    -0.2364477813243866,
                    0.018938494846224785,
                    0.9714595079421997,
                    3.916078805923462
                ],
                [
                    0.9716442227363586,
                    0.004608646500855684,
                    0.23640283942222595,
                    0.9529703855514526
                ],
                [
                    4.656612873077393e-10,
                    0.999809980392456,
                    -0.019491180777549744,
                    -0.07857146859169006
                ],
                [
                    0.0,
                    0.0,
                    0.0,
                    1.0
                ]
            ]
        },
        {
            "file_path": "/data/shapenet_blender/all_50_random/02958343/3587079f3146273faf8b8a34d449f60b/r_25",
            "rotation": 0.12566370614359174,
            "transform_matrix": [
                [
                    -0.10464915633201599,
                    -0.03303812816739082,
                    -0.9939602017402649,
                    -4.006782054901123
                ],
                [
                    -0.994509220123291,
                    0.0034765012096613646,
                    0.10459138453006744,
                    0.4216213822364807
                ],
                [
                    2.3283062977608182e-10,
                    0.9994481205940247,
                    -0.033220529556274414,
                    -0.13391625881195068
                ],
                [
                    0.0,
                    0.0,
                    0.0,
                    1.0
                ]
            ]
        },
        {
            "file_path": "/data/shapenet_blender/all_50_random/02958343/3587079f3146273faf8b8a34d449f60b/r_26",
            "rotation": 0.12566370614359174,
            "transform_matrix": [
                [
                    0.5244534015655518,
                    -0.0029477679636329412,
                    -0.8514339923858643,
                    -3.4322404861450195
                ],
                [
                    -0.8514392375946045,
                    -0.001815710449591279,
                    -0.5244501829147339,
                    -2.114126443862915
                ],
                [
                    0.0,
                    0.9999939799308777,
                    -0.003462100401520729,
                    -0.01395617425441742
                ],
                [
                    0.0,
                    0.0,
                    0.0,
                    1.0
                ]
            ]
        },
        {
            "file_path": "/data/shapenet_blender/all_50_random/02958343/3587079f3146273faf8b8a34d449f60b/r_27",
            "rotation": 0.12566370614359174,
            "transform_matrix": [
                [
                    0.9910612106323242,
                    -0.004004749935120344,
                    -0.13334836065769196,
                    -0.5375444293022156
                ],
                [
                    -0.13340850174427032,
                    -0.029750369489192963,
                    -0.9906144738197327,
                    -3.9932947158813477
                ],
                [
                    0.0,
                    0.9995493292808533,
                    -0.030018702149391174,
                    -0.12100926041603088
                ],
                [
                    0.0,
                    0.0,
                    0.0,
                    1.0
                ]
            ]
        },
        {
            "file_path": "/data/shapenet_blender/all_50_random/02958343/3587079f3146273faf8b8a34d449f60b/r_28",
            "rotation": 0.12566370614359174,
            "transform_matrix": [
                [
                    -0.9982901215553284,
                    -0.004751364700496197,
                    0.05826178938150406,
                    0.23486077785491943
                ],
                [
                    0.0584552176296711,
                    -0.08114314079284668,
                    0.9949867725372314,
                    4.01092004776001
                ],
                [
                    -4.656613428188905e-10,
                    0.996691107749939,
                    0.08128213882446289,
                    0.3276587724685669
                ],
                [
                    0.0,
                    0.0,
                    0.0,
                    1.0
                ]
            ]
        },
        {
            "file_path": "/data/shapenet_blender/all_50_random/02958343/3587079f3146273faf8b8a34d449f60b/r_29",
            "rotation": 0.12566370614359174,
            "transform_matrix": [
                [
                    0.40018951892852783,
                    0.200487419962883,
                    -0.8942332863807678,
                    -3.604769706726074
                ],
                [
                    -0.9164324402809143,
                    0.08754923939704895,
                    -0.39049553871154785,
                    -1.5741379261016846
                ],
                [
                    0.0,
                    0.9757764935493469,
                    0.21876947581768036,
                    0.8818879723548889
                ],
                [
                    0.0,
                    0.0,
                    0.0,
                    1.0
                ]
            ]
        },
        {
            "file_path": "/data/shapenet_blender/all_50_random/02958343/3587079f3146273faf8b8a34d449f60b/r_30",
            "rotation": 0.12566370614359174,
            "transform_matrix": [
                [
                    0.4852934181690216,
                    -0.6108915209770203,
                    0.6255412101745605,
                    2.521637201309204
                ],
                [
                    0.8743513822555542,
                    0.33906465768814087,
                    -0.34719571471214294,
                    -1.3995907306671143
                ],
                [
                    0.0,
                    0.7154346108436584,
                    0.6986796855926514,
                    2.8164680004119873
                ],
                [
                    0.0,
                    0.0,
                    0.0,
                    1.0
                ]
            ]
        },
        {
            "file_path": "/data/shapenet_blender/all_50_random/02958343/3587079f3146273faf8b8a34d449f60b/r_31",
            "rotation": 0.12566370614359174,
            "transform_matrix": [
                [
                    0.40346741676330566,
                    -0.44524863362312317,
                    -0.7993544936180115,
                    -3.2223010063171387
                ],
                [
                    -0.9149940609931946,
                    -0.19633278250694275,
                    -0.3524760603904724,
                    -1.4208765029907227
                ],
                [
                    -1.4901161193847656e-08,
                    0.8736171722412109,
                    -0.48661375045776367,
                    -1.961602807044983
                ],
                [
                    0.0,
                    0.0,
                    0.0,
                    1.0
                ]
            ]
        },
        {
            "file_path": "/data/shapenet_blender/all_50_random/02958343/3587079f3146273faf8b8a34d449f60b/r_32",
            "rotation": 0.12566370614359174,
            "transform_matrix": [
                [
                    0.05626659840345383,
                    0.03857554867863655,
                    0.9976702332496643,
                    4.021737575531006
                ],
                [
                    0.9984158277511597,
                    -0.0021739585790783167,
                    -0.056224577128887177,
                    -0.22664853930473328
                ],
                [
                    -2.3283067140944524e-10,
                    0.9992532134056091,
                    -0.03863675892353058,
                    -0.15574976801872253
                ],
                [
                    0.0,
                    0.0,
                    0.0,
                    1.0
                ]
            ]
        },
        {
            "file_path": "/data/shapenet_blender/all_50_random/02958343/3587079f3146273faf8b8a34d449f60b/r_33",
            "rotation": 0.12566370614359174,
            "transform_matrix": [
                [
                    0.7722941040992737,
                    -0.2960241436958313,
                    0.5620779395103455,
                    2.265808582305908
                ],
                [
                    0.6352652907371521,
                    0.3598775267601013,
                    -0.6833199858665466,
                    -2.7545509338378906
                ],
                [
                    -1.4901162970204496e-08,
                    0.8847925066947937,
                    0.46598517894744873,
                    1.878446340560913
                ],
                [
                    0.0,
                    0.0,
                    0.0,
                    1.0
                ]
            ]
        },
        {
            "file_path": "/data/shapenet_blender/all_50_random/02958343/3587079f3146273faf8b8a34d449f60b/r_34",
            "rotation": 0.12566370614359174,
            "transform_matrix": [
                [
                    -0.09012296795845032,
                    -0.21984831988811493,
                    -0.9713622331619263,
                    -3.9156863689422607
                ],
                [
                    -0.9959307312965393,
                    0.01989433728158474,
                    0.08789972960948944,
                    0.35433512926101685
                ],
                [
                    0.0,
                    0.97533118724823,
                    -0.22074660658836365,
                    -0.8898580074310303
                ],
                [
                    0.0,
                    0.0,
                    0.0,
                    1.0
                ]
            ]
        },
        {
            "file_path": "/data/shapenet_blender/all_50_random/02958343/3587079f3146273faf8b8a34d449f60b/r_35",
            "rotation": 0.12566370614359174,
            "transform_matrix": [
                [
                    -0.6913547515869141,
                    -0.12069015204906464,
                    -0.7123640179634094,
                    -2.871631145477295
                ],
                [
                    -0.7225154638290405,
                    0.11548501998186111,
                    0.6816411018371582,
                    2.7477831840515137
                ],
                [
                    7.450580596923828e-09,
                    0.9859498143196106,
                    -0.1670416295528412,
                    -0.673366367816925
                ],
                [
                    0.0,
                    0.0,
                    0.0,
                    1.0
                ]
            ]
        },
        {
            "file_path": "/data/shapenet_blender/all_50_random/02958343/3587079f3146273faf8b8a34d449f60b/r_36",
            "rotation": 0.12566370614359174,
            "transform_matrix": [
                [
                    0.31971874833106995,
                    0.6229652762413025,
                    0.7139285206794739,
                    2.8779382705688477
                ],
                [
                    0.9475125074386597,
                    -0.21020691096782684,
                    -0.24090060591697693,
                    -0.9711014628410339
                ],
                [
                    0.0,
                    0.753476619720459,
                    -0.6574744582176208,
                    -2.650364637374878
                ],
                [
                    0.0,
                    0.0,
                    0.0,
                    1.0
                ]
            ]
        },
        {
            "file_path": "/data/shapenet_blender/all_50_random/02958343/3587079f3146273faf8b8a34d449f60b/r_37",
            "rotation": 0.12566370614359174,
            "transform_matrix": [
                [
                    0.9107369780540466,
                    -0.19498738646507263,
                    0.3640579283237457,
                    1.4675644636154175
                ],
                [
                    0.41298702359199524,
                    0.4299946427345276,
                    -0.8028364181518555,
                    -3.236337184906006
                ],
                [
                    1.4901162970204496e-08,
                    0.8815239071846008,
                    0.47213926911354065,
                    1.9032542705535889
                ],
                [
                    0.0,
                    0.0,
                    0.0,
                    1.0
                ]
            ]
        },
        {
            "file_path": "/data/shapenet_blender/all_50_random/02958343/3587079f3146273faf8b8a34d449f60b/r_38",
            "rotation": 0.12566370614359174,
            "transform_matrix": [
                [
                    0.1145559549331665,
                    0.21731697022914886,
                    0.969355583190918,
                    3.907597303390503
                ],
                [
                    0.9934167861938477,
                    -0.025059929117560387,
                    -0.11178133636713028,
                    -0.45060497522354126
                ],
                [
                    1.8626450382086546e-09,
                    0.9757793545722961,
                    -0.21875707805156708,
                    -0.8818379640579224
                ],
                [
                    0.0,
                    0.0,
                    0.0,
                    1.0
                ]
            ]
        },
        {
            "file_path": "/data/shapenet_blender/all_50_random/02958343/3587079f3146273faf8b8a34d449f60b/r_39",
            "rotation": 0.12566370614359174,
            "transform_matrix": [
                [
                    -0.8910691738128662,
                    -0.433539479970932,
                    0.13431036472320557,
                    0.541422426700592
                ],
                [
                    0.4538675546646118,
                    -0.8511594533920288,
                    0.263688862323761,
                    1.062963843345642
                ],
                [
                    0.0,
                    0.2959240972995758,
                    0.9552114605903625,
                    3.8505804538726807
                ],
                [
                    0.0,
                    0.0,
                    0.0,
                    1.0
                ]
            ]
        },
        {
            "file_path": "/data/shapenet_blender/all_50_random/02958343/3587079f3146273faf8b8a34d449f60b/r_40",
            "rotation": 0.12566370614359174,
            "transform_matrix": [
                [
                    0.9973878860473633,
                    0.01374769862741232,
                    -0.0709119439125061,
                    -0.2858552038669586
                ],
                [
                    -0.07223228365182877,
                    0.18982908129692078,
                    -0.979156494140625,
                    -3.947106122970581
                ],
                [
                    9.313225746154785e-10,
                    0.9817208647727966,
                    0.1903262436389923,
                    0.7672296166419983
                ],
                [
                    0.0,
                    0.0,
                    0.0,
                    1.0
                ]
            ]
        },
        {
            "file_path": "/data/shapenet_blender/all_50_random/02958343/3587079f3146273faf8b8a34d449f60b/r_41",
            "rotation": 0.12566370614359174,
            "transform_matrix": [
                [
                    -0.9901466965675354,
                    0.03988001123070717,
                    -0.134235218167305,
                    -0.5411194562911987
                ],
                [
                    -0.14003394544124603,
                    -0.28198203444480896,
                    0.9491452574729919,
                    3.82612681388855
                ],
                [
