{
    "class": "02958343",
    "model": "3ef364afe692557edd344a2b29517bb",
    "remove_doubles": true,
    "edge_split": true,
    "denoise": true,
    "camera_angle_x": 0.6911112070083618,
    "scale_factor": 2.2220321511741177,
    "hdri_file": "/data/IndoorHDRDataset2018/AG8A5661-53afee68d2.exr",
    "center_offset": [
        0.0,
        0.0,
        0.0
    ],
    "lights": [],
    "frames": [
        {
            "file_path": "/data/shapenet_blender/all_50_random/02958343/3ef364afe692557edd344a2b29517bb/r_0",
            "rotation": 0.12566370614359174,
            "transform_matrix": [
                [
                    0.8082935810089111,
                    -0.23399798572063446,
                    0.5402836799621582,
                    2.1779532432556152
                ],
                [
                    0.5887796878814697,
                    0.3212391138076782,
                    -0.7417168617248535,
                    -2.9899563789367676
                ],
                [
                    0.0,
                    0.9176329970359802,
                    0.3974287509918213,
                    1.6020865440368652
                ],
                [
                    0.0,
                    0.0,
                    0.0,
                    1.0
                ]
            ]
        },
        {
            "file_path": "/data/shapenet_blender/all_50_random/02958343/3ef364afe692557edd344a2b29517bb/r_1",
            "rotation": 0.12566370614359174,
            "transform_matrix": [
                [
                    0.9641146659851074,
                    0.22710181772708893,
                    0.13750536739826202,
                    0.5543018579483032
                ],
                [
                    0.2654862701892853,
                    -0.8247212767601013,
                    -0.4993513524532318,
                    -2.0129497051239014
                ],
                [
                    0.0,
                    0.5179375410079956,
                    -0.8554182648658752,
                    -3.448301315307617
                ],
                [
                    0.0,
                    0.0,
                    0.0,
                    1.0
                ]
            ]
        },
        {
            "file_path": "/data/shapenet_blender/all_50_random/02958343/3ef364afe692557edd344a2b29517bb/r_2",
            "rotation": 0.12566370614359174,
            "transform_matrix": [
                [
                    -0.552616536617279,
                    0.29258790612220764,
                    -0.7803891897201538,
                    -3.1458494663238525
                ],
                [
                    -0.8334357142448425,
                    -0.19400286674499512,
                    0.5174435973167419,
                    2.0858819484710693
                ],
                [
                    -1.4901162970204496e-08,
                    0.9363518953323364,
                    0.35106244683265686,
                    1.4151779413223267
                ],
                [
                    0.0,
                    0.0,
                    0.0,
                    1.0
                ]
            ]
        },
        {
            "file_path": "/data/shapenet_blender/all_50_random/02958343/3ef364afe692557edd344a2b29517bb/r_3",
            "rotation": 0.12566370614359174,
            "transform_matrix": [
                [
                    0.3101165294647217,
                    -0.05478128418326378,
                    0.9491189122200012,
                    3.8260207176208496
                ],
                [
                    0.9506985545158386,
                    0.017869578674435616,
                    -0.3096012771129608,
                    -1.2480427026748657
                ],
                [
                    1.862645371275562e-09,
                    0.9983384013175964,
                    0.057622142136096954,
                    0.23228228092193604
                ],
                [
                    0.0,
                    0.0,
                    0.0,
                    1.0
                ]
            ]
        },
        {
            "file_path": "/data/shapenet_blender/all_50_random/02958343/3ef364afe692557edd344a2b29517bb/r_4",
            "rotation": 0.12566370614359174,
            "transform_matrix": [
                [
                    0.11378537863492966,
                    -0.07731981575489044,
                    0.990492045879364,
                    3.9928011894226074
                ],
                [
                    0.9935053586959839,
                    0.00885537825524807,
                    -0.11344026774168015,
                    -0.4572923481464386
                ],
                [
                    -1.862645149230957e-09,
                    0.9969669580459595,
                    0.07782527804374695,
                    0.31372374296188354
                ],
                [
                    0.0,
                    0.0,
                    0.0,
                    1.0
                ]
            ]
        },
        {
            "file_path": "/data/shapenet_blender/all_50_random/02958343/3ef364afe692557edd344a2b29517bb/r_5",
            "rotation": 0.12566370614359174,
            "transform_matrix": [
                [
                    -0.9857904314994812,
                    -0.12784481048583984,
                    0.10896280407905579,
                    0.4392431378364563
                ],
                [
                    0.16797974705696106,
                    -0.7502582669258118,
                    0.6394490599632263,
                    2.5777018070220947
                ],
                [
                    0.0,
                    0.6486663222312927,
                    0.7610728144645691,
                    3.0679829120635986
                ],
                [
                    0.0,
                    0.0,
                    0.0,
                    1.0
                ]
            ]
        },
        {
            "file_path": "/data/shapenet_blender/all_50_random/02958343/3ef364afe692557edd344a2b29517bb/r_6",
            "rotation": 0.12566370614359174,
            "transform_matrix": [
                [
                    0.05016745626926422,
                    0.01773006282746792,
                    0.9985834360122681,
                    4.025418281555176
                ],
                [
                    0.9987407326698303,
                    -0.0008905937429517508,
                    -0.05015955865383148,
                    -0.20219963788986206
                ],
                [
                    0.0,
                    0.9998423457145691,
                    -0.01775241643190384,
                    -0.0715622752904892
                ],
                [
                    0.0,
                    0.0,
                    0.0,
                    1.0
                ]
            ]
        },
        {
            "file_path": "/data/shapenet_blender/all_50_random/02958343/3ef364afe692557edd344a2b29517bb/r_7",
            "rotation": 0.12566370614359174,
            "transform_matrix": [
                [
                    -0.9734067916870117,
                    0.0465896874666214,
                    0.2242957204580307,
                    0.9041650295257568
                ],
                [
                    0.2290833443403244,
                    0.19796602427959442,
                    0.9530635476112366,
                    3.8419222831726074
                ],
                [
                    0.0,
                    0.9791009426116943,
                    -0.20337440073490143,
                    -0.8198285102844238
                ],
                [
                    0.0,
                    0.0,
                    0.0,
                    1.0
                ]
            ]
        },
        {
            "file_path": "/data/shapenet_blender/all_50_random/02958343/3ef364afe692557edd344a2b29517bb/r_8",
            "rotation": 0.12566370614359174,
            "transform_matrix": [
                [
                    -0.15609917044639587,
                    -0.014974134974181652,
                    -0.9876278638839722,
                    -3.981255292892456
                ],
                [
                    -0.9877414107322693,
                    0.002366459695622325,
                    0.15608122944831848,
                    0.6291835904121399
                ],
                [
                    0.0,
                    0.999885082244873,
                    -0.015159975737333298,
                    -0.06111181527376175
                ],
                [
                    0.0,
                    0.0,
                    0.0,
                    1.0
                ]
            ]
        },
        {
            "file_path": "/data/shapenet_blender/all_50_random/02958343/3ef364afe692557edd344a2b29517bb/r_9",
            "rotation": 0.12566370614359174,
            "transform_matrix": [
                [
                    -0.9612541794776917,
                    -0.17452101409435272,
                    -0.2133842408657074,
                    -0.8601793646812439
                ],
                [
                    -0.2756635546684265,
                    0.6085644364356995,
                    0.7440826892852783,
                    2.999493360519409
                ],
                [
                    0.0,
                    0.7740747928619385,
                    -0.6330941319465637,
                    -2.552083969116211
                ],
                [
                    0.0,
                    0.0,
                    0.0,
                    1.0
                ]
            ]
        },
        {
            "file_path": "/data/shapenet_blender/all_50_random/02958343/3ef364afe692557edd344a2b29517bb/r_10",
            "rotation": 0.12566370614359174,
            "transform_matrix": [
                [
                    -0.8560382723808289,
                    -0.030704829841852188,
                    -0.5159996747970581,
                    -2.0800609588623047
                ],
                [
                    -0.5169124007225037,
                    0.0508490614593029,
                    0.8545268177986145,
                    3.4447073936462402
                ],
                [
                    -1.8626449271863521e-09,
                    0.998234212398529,
                    -0.05940045416355133,
                    -0.2394508570432663
                ],
                [
                    0.0,
                    0.0,
                    0.0,
                    1.0
                ]
            ]
        },
        {
            "file_path": "/data/shapenet_blender/all_50_random/02958343/3ef364afe692557edd344a2b29517bb/r_11",
            "rotation": 0.12566370614359174,
            "transform_matrix": [
                [
                    -0.10634680837392807,
                    0.039139170199632645,
                    -0.9935585856437683,
                    -4.005162239074707
                ],
                [
                    -0.9943291544914246,
                    -0.004186064470559359,
                    0.1062643900513649,
                    0.42836540937423706
                ],
                [
                    -4.6566123179658803e-10,
                    0.9992250800132751,
                    0.03936238959431648,
                    0.15867485105991364
                ],
                [
                    0.0,
                    0.0,
                    0.0,
                    1.0
                ]
            ]
        },
        {
            "file_path": "/data/shapenet_blender/all_50_random/02958343/3ef364afe692557edd344a2b29517bb/r_12",
            "rotation": 0.12566370614359174,
            "transform_matrix": [
                [
                    0.3818477690219879,
                    0.3383178114891052,
                    -0.8600775003433228,
                    -3.467083215713501
                ],
                [
                    -0.9242252707481384,
                    0.13977749645709991,
                    -0.35534486174583435,
                    -1.432440996170044
                ],
                [
                    -2.2351741790771484e-08,
                    0.9305930137634277,
                    0.36605554819107056,
                    1.4756171703338623
                ],
                [
                    0.0,
                    0.0,
                    0.0,
                    1.0
                ]
            ]
        },
        {
            "file_path": "/data/shapenet_blender/all_50_random/02958343/3ef364afe692557edd344a2b29517bb/r_13",
            "rotation": 0.12566370614359174,
            "transform_matrix": [
                [
                    0.4778534471988678,
                    0.5168462991714478,
                    0.7102999687194824,
                    2.8633108139038086
                ],
                [
                    0.8784396052360535,
                    -0.28115394711494446,
                    -0.3863888680934906,
                    -1.5575833320617676
                ],
                [
                    -2.9802322387695312e-08,
                    0.8085929155349731,
                    -0.5883685350418091,
                    -2.3717894554138184
                ],
                [
                    0.0,
                    0.0,
                    0.0,
                    1.0
                ]
            ]
        },
        {
            "file_path": "/data/shapenet_blender/all_50_random/02958343/3ef364afe692557edd344a2b29517bb/r_14",
            "rotation": 0.12566370614359174,
            "transform_matrix": [
                [
                    0.9996189475059509,
                    0.0009144441573880613,
                    0.027588114142417908,
                    0.11121124029159546
                ],
                [
                    0.027603263035416603,
                    -0.03311549127101898,
                    -0.9990702867507935,
                    -4.02738094329834
                ],
                [
                    0.0,
                    0.999451220035553,
                    -0.03312810882925987,
                    -0.13354367017745972
                ],
                [
                    0.0,
                    0.0,
                    0.0,
                    1.0
                ]
            ]
        },
        {
            "file_path": "/data/shapenet_blender/all_50_random/02958343/3ef364afe692557edd344a2b29517bb/r_15",
            "rotation": 0.12566370614359174,
            "transform_matrix": [
                [
                    0.9518314003944397,
                    -0.2698306441307068,
                    -0.14563091099262238,
                    -0.5870569944381714
                ],
                [
                    -0.30662184953689575,
                    -0.8376222848892212,
                    -0.4520750045776367,
                    -1.8223726749420166
                ],
                [
                    -7.450580596923828e-09,
                    0.474952757358551,
                    -0.880011260509491,
                    -3.547438859939575
                ],
                [
                    0.0,
                    0.0,
                    0.0,
                    1.0
                ]
            ]
        },
        {
            "file_path": "/data/shapenet_blender/all_50_random/02958343/3ef364afe692557edd344a2b29517bb/r_16",
            "rotation": 0.12566370614359174,
            "transform_matrix": [
                [
                    -0.6013572216033936,
                    -0.08660998940467834,
                    0.7942720651626587,
                    3.2018134593963623
                ],
                [
                    0.7989804148674011,
                    -0.06518751382827759,
                    0.5978134870529175,
                    2.4098634719848633
                ],
                [
                    0.0,
                    0.9941073060035706,
                    0.10840063542127609,
                    0.43697696924209595
                ],
                [
                    0.0,
                    0.0,
                    0.0,
                    1.0
                ]
            ]
        },
        {
            "file_path": "/data/shapenet_blender/all_50_random/02958343/3ef364afe692557edd344a2b29517bb/r_17",
            "rotation": 0.12566370614359174,
            "transform_matrix": [
                [
                    -0.9950700402259827,
                    0.0010968329152092338,
                    0.09916868060827255,
                    0.39976176619529724
                ],
                [
                    0.09917476028203964,
                    0.011005074717104435,
                    0.9950090646743774,
                    4.01101016998291
                ],
                [
                    -1.1641532182693481e-10,
                    0.9999387860298157,
                    -0.011059597134590149,
                    -0.04458266496658325
                ],
                [
                    0.0,
                    0.0,
                    0.0,
                    1.0
                ]
            ]
        },
        {
            "file_path": "/data/shapenet_blender/all_50_random/02958343/3ef364afe692557edd344a2b29517bb/r_18",
            "rotation": 0.12566370614359174,
            "transform_matrix": [
                [
                    -0.9898484945297241,
                    -0.002617789898067713,
                    -0.14210204780101776,
                    -0.5728316307067871
                ],
                [
                    -0.1421261429786682,
                    0.018231799826025963,
                    0.9896807074546814,
                    3.989530086517334
                ],
                [
                    0.0,
                    0.9998301863670349,
                    -0.018418779596686363,
                    -0.07424846291542053
                ],
                [
                    0.0,
                    0.0,
                    0.0,
                    1.0
                ]
            ]
        },
        {
            "file_path": "/data/shapenet_blender/all_50_random/02958343/3ef364afe692557edd344a2b29517bb/r_19",
            "rotation": 0.12566370614359174,
            "transform_matrix": [
                [
                    -0.8994916677474976,
                    -0.1495944708585739,
                    -0.4105314016342163,
                    -1.6549049615859985
                ],
                [
                    -0.4369376301765442,
                    0.30795925855636597,
                    0.8451310992240906,
                    3.406832218170166
                ],
                [
                    0.0,
                    0.939565122127533,
                    -0.34237024188041687,
                    -1.3801385164260864
                ],
                [
                    0.0,
                    0.0,
                    0.0,
                    1.0
                ]
            ]
        },
        {
            "file_path": "/data/shapenet_blender/all_50_random/02958343/3ef364afe692557edd344a2b29517bb/r_20",
            "rotation": 0.12566370614359174,
            "transform_matrix": [
                [
                    0.2024671733379364,
                    -0.7252094745635986,
                    0.6580867767333984,
                    2.6528327465057373
                ],
                [
                    0.9792890548706055,
                    0.14993643760681152,
                    -0.13605888187885284,
                    -0.5484709143638611
                ],
                [
                    0.0,
                    0.6720046401023865,
                    0.7405469417572021,
                    2.9852402210235596
                ],
                [
                    0.0,
                    0.0,
                    0.0,
                    1.0
                ]
            ]
        },
        {
            "file_path": "/data/shapenet_blender/all_50_random/02958343/3ef364afe692557edd344a2b29517bb/r_21",
            "rotation": 0.12566370614359174,
            "transform_matrix": [
                [
                    -0.960167646408081,
                    -0.11498238891363144,
                    0.25467103719711304,
                    1.0266118049621582
                ],
                [
                    0.2794249355792999,
                    -0.39510563015937805,
                    0.8751075863838196,
                    3.5276715755462646
                ],
                [
                    0.0,
                    0.9114112854003906,
                    0.4114965498447418,
                    1.6587955951690674
                ],
                [
                    0.0,
                    0.0,
                    0.0,
                    1.0
                ]
            ]
        },
        {
            "file_path": "/data/shapenet_blender/all_50_random/02958343/3ef364afe692557edd344a2b29517bb/r_22",
            "rotation": 0.12566370614359174,
            "transform_matrix": [
                [
                    -0.5718154907226562,
                    0.4892502725124359,
                    0.6585296392440796,
                    2.6546177864074707
                ],
                [
                    0.8203823566436768,
                    0.3410128057003021,
                    0.4590023458003998,
                    1.8502976894378662
                ],
                [
                    -1.4901162970204496e-08,
                    0.8027106523513794,
                    -0.596368670463562,
                    -2.404038906097412
                ],
                [
                    0.0,
                    0.0,
                    0.0,
                    1.0
                ]
            ]
        },
        {
            "file_path": "/data/shapenet_blender/all_50_random/02958343/3ef364afe692557edd344a2b29517bb/r_23",
            "rotation": 0.12566370614359174,
            "transform_matrix": [
                [
                    -0.6962120532989502,
                    0.1812194138765335,
                    0.6945849657058716,
                    2.799961805343628
                ],
                [
                    0.7178362011909485,
                    0.17576032876968384,
                    0.6736611723899841,
                    2.7156152725219727
                ],
                [
                    0.0,
                    0.9676093459129333,
                    -0.2524522840976715,
                    -1.0176677703857422
                ],
                [
                    0.0,
                    0.0,
                    0.0,
                    1.0
                ]
            ]
        },
        {
            "file_path": "/data/shapenet_blender/all_50_random/02958343/3ef364afe692557edd344a2b29517bb/r_24",
            "rotation": 0.12566370614359174,
            "transform_matrix": [
                [
                    0.8967965245246887,
                    -0.15180379152297974,
                    -0.4155859351158142,
                    -1.6752804517745972
                ],
                [
                    -0.442443311214447,
                    -0.3076938986778259,
                    -0.8423588275909424,
                    -3.3956570625305176
                ],
                [
                    0.0,
                    0.939297616481781,
                    -0.3431033790111542,
                    -1.3830939531326294
                ],
                [
                    0.0,
                    0.0,
                    0.0,
                    1.0
                ]
            ]
        },
        {
            "file_path": "/data/shapenet_blender/all_50_random/02958343/3ef364afe692557edd344a2b29517bb/r_25",
            "rotation": 0.12566370614359174,
            "transform_matrix": [
                [
                    -0.03951222077012062,
                    0.6799590587615967,
                    -0.732184648513794,
                    -2.951530933380127
                ],
                [
                    -0.9992191791534424,
                    -0.026887690648436546,
                    0.02895285189151764,
                    0.11671268939971924
                ],
                [
                    -1.862645371275562e-09,
                    0.7327569127082825,
                    0.6804903745651245,
                    2.7431447505950928
                ],
                [
                    0.0,
                    0.0,
                    0.0,
                    1.0
                ]
            ]
        },
        {
            "file_path": "/data/shapenet_blender/all_50_random/02958343/3ef364afe692557edd344a2b29517bb/r_26",
            "rotation": 0.12566370614359174,
            "transform_matrix": [
                [
                    -0.9990026950836182,
                    0.012345457449555397,
                    -0.04290872812271118,
                    -0.17297063767910004
                ],
                [
                    -0.044649407267570496,
                    -0.27622190117836,
                    0.9600561261177063,
                    3.870110273361206
                ],
                [
                    9.313225746154785e-10,
                    0.9610145092010498,
                    0.27649766206741333,
                    1.1145977973937988
                ],
                [
                    0.0,
                    0.0,
                    0.0,
                    1.0
                ]
            ]
        },
        {
            "file_path": "/data/shapenet_blender/all_50_random/02958343/3ef364afe692557edd344a2b29517bb/r_27",
            "rotation": 0.12566370614359174,
            "transform_matrix": [
                [
                    0.802190899848938,
                    -0.38486310839653015,
                    0.4564759135246277,
                    1.8401132822036743
                ],
                [
                    0.5970677733421326,
                    0.5170831680297852,
                    -0.6132985949516296,
                    -2.472285747528076
                ],
                [
                    -1.4901161193847656e-08,
                    0.7645295262336731,
                    0.6445887088775635,
                    2.5984201431274414
                ],
                [
                    0.0,
                    0.0,
                    0.0,
                    1.0
                ]
            ]
        },
        {
            "file_path": "/data/shapenet_blender/all_50_random/02958343/3ef364afe692557edd344a2b29517bb/r_28",
            "rotation": 0.12566370614359174,
            "transform_matrix": [
                [
                    0.5494818687438965,
                    -0.5597229599952698,
                    0.6203062534332275,
                    2.5005345344543457
                ],
                [
                    0.8355057239532471,
                    0.3681095540523529,
                    -0.4079529643058777,
                    -1.6445109844207764
                ],
                [
                    0.0,
                    0.7424321174621582,
                    0.6699212193489075,
                    2.7005388736724854
                ],
                [
                    0.0,
                    0.0,
                    0.0,
                    1.0
                ]
            ]
        },
        {
            "file_path": "/data/shapenet_blender/all_50_random/02958343/3ef364afe692557edd344a2b29517bb/r_29",
            "rotation": 0.12566370614359174,
            "transform_matrix": [
                [
                    0.9388787746429443,
                    -0.24302761256694794,
                    0.2438119798898697,
                    0.9828374981880188
                ],
                [
                    0.34424808621406555,
                    0.6628169417381287,
                    -0.6649562120437622,
                    -2.6805243492126465
                ],
                [
                    1.4901162970204496e-08,
                    0.708245038986206,
                    0.7059666514396667,
                    2.8458425998687744
                ],
                [
                    0.0,
                    0.0,
                    0.0,
                    1.0
                ]
            ]
        },
        {
            "file_path": "/data/shapenet_blender/all_50_random/02958343/3ef364afe692557edd344a2b29517bb/r_30",
            "rotation": 0.12566370614359174,
            "transform_matrix": [
                [
                    -0.9971851110458374,
                    0.03831521421670914,
                    0.06445087492465973,
                    0.25980979204177856
                ],
                [
                    0.07497981190681458,
                    0.5095686316490173,
                    0.8571567535400391,
                    3.4553093910217285
                ],
                [
                    0.0,
                    0.8595764636993408,
                    -0.5110071897506714,
                    -2.0599358081817627
                ],
                [
                    0.0,
                    0.0,
                    0.0,
                    1.0
                ]
            ]
        },
        {
            "file_path": "/data/shapenet_blender/all_50_random/02958343/3ef364afe692557edd344a2b29517bb/r_31",
            "rotation": 0.12566370614359174,
            "transform_matrix": [
                [
                    0.7943768501281738,
                    0.4152470529079437,
                    -0.4433231055736542,
                    -1.7870925664901733
                ],
                [
                    -0.607425332069397,
                    0.5430505275726318,
                    -0.5797677040100098,
                    -2.33711838722229
                ],
                [
                    1.4901162970204496e-08,
                    0.7298396825790405,
                    0.6836183071136475,
                    2.755753517150879
                ],
                [
                    0.0,
                    0.0,
                    0.0,
                    1.0
                ]
            ]
        },
        {
            "file_path": "/data/shapenet_blender/all_50_random/02958343/3ef364afe692557edd344a2b29517bb/r_32",
            "rotation": 0.12566370614359174,
            "transform_matrix": [
                [
                    0.8969568014144897,
                    0.27470290660858154,
                    0.3464200496673584,
                    1.3964638710021973
                ],
                [
                    0.44211822748184204,
                    -0.5573093891143799,
                    -0.7028070092201233,
                    -2.8331055641174316
                ],
                [
                    1.4901161193847656e-08,
                    0.783545970916748,
                    -0.621333658695221,
                    -2.504676103591919
                ],
                [
                    0.0,
                    0.0,
                    0.0,
                    1.0
                ]
            ]
        },
        {
            "file_path": "/data/shapenet_blender/all_50_random/02958343/3ef364afe692557edd344a2b29517bb/r_33",
            "rotation": 0.12566370614359174,
            "transform_matrix": [
                [
                    -0.03737667575478554,
                    0.6175609827041626,
                    0.7856343388557434,
                    3.1669933795928955
                ],
                [
                    0.9993012547492981,
                    0.023098517209291458,
                    0.029384933412075043,
                    0.1184544563293457
                ],
                [
                    0.0,
                    0.7861836552619934,
                    -0.6179928183555603,
                    -2.491208791732788
                ],
                [
                    0.0,
                    0.0,
                    0.0,
                    1.0
                ]
            ]
        },
        {
            "file_path": "/data/shapenet_blender/all_50_random/02958343/3ef364afe692557edd344a2b29517bb/r_34",
            "rotation": 0.12566370614359174,
            "transform_matrix": [
                [
                    -0.6826925873756409,
                    -0.12408512830734253,
                    0.7200928926467896,
                    2.902787208557129
                ],
                [
                    0.7307057976722717,
                    -0.11593174934387207,
                    0.6727770566940308,
                    2.7120511531829834
                ],
                [
                    7.450580596923828e-09,
                    0.9854759573936462,
                    0.16981545090675354,
                    0.6845479607582092
                ],
                [
                    0.0,
                    0.0,
                    0.0,
                    1.0
                ]
            ]
        },
        {
            "file_path": "/data/shapenet_blender/all_50_random/02958343/3ef364afe692557edd344a2b29517bb/r_35",
            "rotation": 0.12566370614359174,
            "transform_matrix": [
                [
                    0.45386576652526855,
                    -0.014077198691666126,
                    -0.8909589052200317,
                    -3.5915701389312744
                ],
                [
                    -0.8910701870918274,
                    -0.007170208264142275,
                    -0.45380908250808716,
                    -1.8293628692626953
                ],
                [
                    -4.656613428188905e-10,
                    0.9998751878738403,
                    -0.015798082575201988,
                    -0.06368410587310791
                ],
                [
                    0.0,
                    0.0,
                    0.0,
                    1.0
                ]
            ]
        },
        {
            "file_path": "/data/shapenet_blender/all_50_random/02958343/3ef364afe692557edd344a2b29517bb/r_36",
            "rotation": 0.12566370614359174,
            "transform_matrix": [
                [
                    0.8355616927146912,
                    -0.32131052017211914,
                    0.4456411302089691,
                    1.7964369058609009
                ],
                [
                    0.5493963956832886,
                    0.4886721968650818,
                    -0.6777631640434265,
                    -2.7321507930755615
                ],
                [
                    1.4901161193847656e-08,
                    0.8111466765403748,
                    0.5848426818847656,
                    2.357576370239258
                ],
                [
                    0.0,
                    0.0,
                    0.0,
                    1.0
                ]
            ]
        },
        {
            "file_path": "/data/shapenet_blender/all_50_random/02958343/3ef364afe692557edd344a2b29517bb/r_37",
            "rotation": 0.12566370614359174,
            "transform_matrix": [
                [
                    -0.989236056804657,
                    0.09580596536397934,
                    0.11060340702533722,
                    0.44585660099983215
                ],
                [
                    0.14632803201675415,
                    0.6476866006851196,
                    0.7477232813835144,
                    3.0141689777374268
                ],
                [
                    7.450580152834618e-09,
                    0.7558593153953552,
                    -0.6547340750694275,
                    -2.639317512512207
                ],
                [
                    0.0,
                    0.0,
                    0.0,
                    1.0
                ]
            ]
        },
        {
            "file_path": "/data/shapenet_blender/all_50_random/02958343/3ef364afe692557edd344a2b29517bb/r_38",
            "rotation": 0.12566370614359174,
            "transform_matrix": [
                [
                    -0.9606513977050781,
                    0.26565107703208923,
                    -0.08110813796520233,
                    -0.3269574046134949
                ],
                [
                    -0.2777571380138397,
                    -0.9187813401222229,
                    0.2805207669734955,
                    1.1308155059814453
                ],
                [
                    7.450580596923828e-09,
                    0.2920111119747162,
                    0.9564148783683777,
                    3.8554320335388184
                ],
                [
                    0.0,
                    0.0,
                    0.0,
                    1.0
                ]
            ]
        },
        {
            "file_path": "/data/shapenet_blender/all_50_random/02958343/3ef364afe692557edd344a2b29517bb/r_39",
            "rotation": 0.12566370614359174,
            "transform_matrix": [
                [
                    0.018687186762690544,
                    -0.7548644542694092,
                    -0.65561443567276,
                    -2.642866373062134
                ],
                [
                    -0.9998253583908081,
                    -0.014108757488429546,
                    -0.01225372962653637,
                    -0.049396365880966187
                ],
                [
                    0.0,
                    0.6557289361953735,
                    -0.7549962997436523,
                    -3.043487548828125
                ],
                [
                    0.0,
                    0.0,
                    0.0,
                    1.0
                ]
            ]
        },
        {
            "file_path": "/data/shapenet_blender/all_50_random/02958343/3ef364afe692557edd344a2b29517bb/r_40",
            "rotation": 0.12566370614359174,
            "transform_matrix": [
                [
                    0.1229490265250206,
                    -0.03121740184724331,
                    -0.9919218420982361,
                    -3.9985649585723877
                ],
                [
                    -0.9924129843711853,
                    -0.0038674920797348022,
                    -0.12288818508386612,
                    -0.4953781068325043
                ],
                [
                    0.0,
                    0.9995051622390747,
                    -0.031456056982278824,
                    -0.1268034279346466
                ],
                [
                    0.0,
                    0.0,
                    0.0,
                    1.0
                ]
            ]
        },
        {
            "file_path": "/data/shapenet_blender/all_50_random/02958343/3ef364afe692557edd344a2b29517bb/r_41",
            "rotation": 0.12566370614359174,
            "transform_matrix": [
                [
                    -0.9273675680160522,
                    -0.23180235922336578,
                    -0.2936957776546478,
                    -1.1839255094528198
                ],
                [
                    -0.3741517961025238,
                    0.5745421648025513,
                    0.7279503345489502,
                    2.9344615936279297
                ],
                [
