{
    "class": "02958343",
    "model": "9b4324a33b1dbad5a7fd25564c2e888e",
    "remove_doubles": true,
    "edge_split": true,
    "denoise": true,
    "camera_angle_x": 0.6911112070083618,
    "scale_factor": 2.2550279136253573,
    "hdri_file": "/data/IndoorHDRDataset2018/9C4A5757-78474365bd.exr",
    "center_offset": [
        0.0,
        0.0,
        -1.862645149230957e-09
    ],
    "lights": [],
    "frames": [
        {
            "file_path": "/data/shapenet_blender/all_50_random/02958343/9b4324a33b1dbad5a7fd25564c2e888e/r_0",
            "rotation": 0.12566370614359174,
            "transform_matrix": [
                [
                    -0.8124560713768005,
                    -0.46080341935157776,
                    -0.3571769893169403,
                    -1.439826488494873
                ],
                [
                    -0.5830225348472595,
                    0.6421406865119934,
                    0.49773481488227844,
                    2.0064332485198975
                ],
                [
                    -1.4901162970204496e-08,
                    0.6126298308372498,
                    -0.7903699278831482,
                    -3.1860830783843994
                ],
                [
                    0.0,
                    0.0,
                    0.0,
                    1.0
                ]
            ]
        },
        {
            "file_path": "/data/shapenet_blender/all_50_random/02958343/9b4324a33b1dbad5a7fd25564c2e888e/r_1",
            "rotation": 0.12566370614359174,
            "transform_matrix": [
                [
                    0.5036973357200623,
                    0.015776172280311584,
                    0.8637362122535706,
                    3.4818315505981445
                ],
                [
                    0.8638801574707031,
                    -0.009198516607284546,
                    -0.5036134123802185,
                    -2.030130386352539
                ],
                [
                    -9.313224635931761e-10,
                    0.9998332262039185,
                    -0.018261993303894997,
                    -0.07361643761396408
                ],
                [
                    0.0,
                    0.0,
                    0.0,
                    1.0
                ]
            ]
        },
        {
            "file_path": "/data/shapenet_blender/all_50_random/02958343/9b4324a33b1dbad5a7fd25564c2e888e/r_2",
            "rotation": 0.12566370614359174,
            "transform_matrix": [
                [
                    0.8748216032981873,
                    -0.010897930711507797,
                    0.484322726726532,
                    1.9523673057556152
                ],
                [
                    0.48444536328315735,
                    0.019679713994264603,
                    -0.8746001720428467,
                    -3.5256261825561523
                ],
                [
                    -9.313225746154785e-10,
                    0.9997470378875732,
                    0.022495687007904053,
                    0.09068301320075989
                ],
                [
                    0.0,
                    0.0,
                    0.0,
                    1.0
                ]
            ]
        },
        {
            "file_path": "/data/shapenet_blender/all_50_random/02958343/9b4324a33b1dbad5a7fd25564c2e888e/r_3",
            "rotation": 0.12566370614359174,
            "transform_matrix": [
                [
                    -0.12039010226726532,
                    -0.15547673404216766,
                    0.9804760813713074,
                    3.952425003051758
                ],
                [
                    0.9927266240119934,
                    -0.01885499805212021,
                    0.11890444904565811,
                    0.47931909561157227
                ],
                [
                    -1.8626450382086546e-09,
                    0.9876595735549927,
                    0.15661585330963135,
                    0.6313385963439941
                ],
                [
                    0.0,
                    0.0,
                    0.0,
                    1.0
                ]
            ]
        },
        {
            "file_path": "/data/shapenet_blender/all_50_random/02958343/9b4324a33b1dbad5a7fd25564c2e888e/r_4",
            "rotation": 0.12566370614359174,
            "transform_matrix": [
                [
                    0.7719215154647827,
                    -0.026162952184677124,
                    0.6351791620254517,
                    2.5604894161224365
                ],
                [
                    0.6357178688049316,
                    0.03176841139793396,
                    -0.7712673544883728,
                    -3.1090786457061768
                ],
                [
                    0.0,
                    0.9991527795791626,
                    0.04115496948361397,
                    0.16590100526809692
                ],
                [
                    0.0,
                    0.0,
                    0.0,
                    1.0
                ]
            ]
        },
        {
            "file_path": "/data/shapenet_blender/all_50_random/02958343/9b4324a33b1dbad5a7fd25564c2e888e/r_5",
            "rotation": 0.12566370614359174,
            "transform_matrix": [
                [
                    0.9503938555717468,
                    -0.014183705672621727,
                    0.3107253611087799,
                    1.25257408618927
                ],
                [
                    0.3110489249229431,
                    0.04333757609128952,
                    -0.9494052529335022,
                    -3.8271751403808594
                ],
                [
                    0.0,
                    0.9989598393440247,
                    0.045599594712257385,
                    0.18381786346435547
                ],
                [
                    0.0,
                    0.0,
                    0.0,
                    1.0
                ]
            ]
        },
        {
            "file_path": "/data/shapenet_blender/all_50_random/02958343/9b4324a33b1dbad5a7fd25564c2e888e/r_6",
            "rotation": 0.12566370614359174,
            "transform_matrix": [
                [
                    0.15549273788928986,
                    -0.1714659184217453,
                    0.9728419184684753,
                    3.9216513633728027
                ],
                [
                    0.9878371357917786,
                    0.026989977806806564,
                    -0.153132364153862,
                    -0.6172963380813599
                ],
                [
                    0.0,
                    0.9848201870918274,
                    0.17357714474201202,
                    0.6997119188308716
                ],
                [
                    0.0,
                    0.0,
                    0.0,
                    1.0
                ]
            ]
        },
        {
            "file_path": "/data/shapenet_blender/all_50_random/02958343/9b4324a33b1dbad5a7fd25564c2e888e/r_7",
            "rotation": 0.12566370614359174,
            "transform_matrix": [
                [
                    -0.9859522581100464,
                    0.031991127878427505,
                    0.1639346033334732,
                    0.6608414649963379
                ],
                [
                    0.16702687740325928,
                    0.18884220719337463,
                    0.9676986932754517,
                    3.9009177684783936
                ],
                [
                    1.8626448161640496e-09,
                    0.9814862608909607,
                    -0.19153279066085815,
                    -0.7720932960510254
                ],
                [
                    0.0,
                    0.0,
                    0.0,
                    1.0
                ]
            ]
        },
        {
            "file_path": "/data/shapenet_blender/all_50_random/02958343/9b4324a33b1dbad5a7fd25564c2e888e/r_8",
            "rotation": 0.12566370614359174,
            "transform_matrix": [
                [
                    -0.8809925317764282,
                    -0.026711327955126762,
                    0.47237545251846313,
                    1.9042061567306519
                ],
                [
                    0.4731299877166748,
                    -0.049737874418497086,
                    0.8795875310897827,
                    3.5457303524017334
                ],
                [
                    0.0,
                    0.9984050989151001,
                    0.056456632912158966,
                    0.22758394479751587
                ],
                [
                    0.0,
                    0.0,
                    0.0,
                    1.0
                ]
            ]
        },
        {
            "file_path": "/data/shapenet_blender/all_50_random/02958343/9b4324a33b1dbad5a7fd25564c2e888e/r_9",
            "rotation": 0.12566370614359174,
            "transform_matrix": [
                [
                    0.9936913847923279,
                    -0.042613085359334946,
                    0.10373759269714355,
                    0.41817957162857056
                ],
                [
                    0.11214882880449295,
                    0.3775719702243805,
                    -0.9191638231277466,
                    -3.7052674293518066
                ],
                [
                    0.0,
                    0.9249991774559021,
                    0.3799690902233124,
                    1.5317041873931885
                ],
                [
                    0.0,
                    0.0,
                    0.0,
                    1.0
                ]
            ]
        },
        {
            "file_path": "/data/shapenet_blender/all_50_random/02958343/9b4324a33b1dbad5a7fd25564c2e888e/r_10",
            "rotation": 0.12566370614359174,
            "transform_matrix": [
                [
                    -0.23827829957008362,
                    -0.5205416679382324,
                    -0.8199144601821899,
                    -3.3051810264587402
                ],
                [
                    -0.9711970090866089,
                    0.12771227955818176,
                    0.20116189122200012,
                    0.8109095096588135
                ],
                [
                    -7.450581485102248e-09,
                    0.8442310094833374,
                    -0.5359795093536377,
                    -2.160602569580078
                ],
                [
                    0.0,
                    0.0,
                    0.0,
                    1.0
                ]
            ]
        },
        {
            "file_path": "/data/shapenet_blender/all_50_random/02958343/9b4324a33b1dbad5a7fd25564c2e888e/r_11",
            "rotation": 0.12566370614359174,
            "transform_matrix": [
                [
                    -0.25651365518569946,
                    0.8981731534004211,
                    0.35705146193504333,
                    1.43932044506073
                ],
                [
                    0.966540515422821,
                    0.2383694052696228,
                    0.09475917369127274,
                    0.38198643922805786
                ],
                [
                    0.0,
                    0.369411826133728,
                    -0.9292657971382141,
                    -3.74599027633667
                ],
                [
                    0.0,
                    0.0,
                    0.0,
                    1.0
                ]
            ]
        },
        {
            "file_path": "/data/shapenet_blender/all_50_random/02958343/9b4324a33b1dbad5a7fd25564c2e888e/r_12",
            "rotation": 0.12566370614359174,
            "transform_matrix": [
                [
                    0.9994269609451294,
                    -0.006476100999861956,
                    -0.03322117403149605,
                    -0.1339188516139984
                ],
                [
                    -0.03384651243686676,
                    -0.19122767448425293,
                    -0.9809618592262268,
                    -3.9543840885162354
                ],
                [
                    -4.656612873077393e-10,
                    0.9815242290496826,
                    -0.19133728742599487,
                    -0.7713053226470947
                ],
                [
                    0.0,
                    0.0,
                    0.0,
                    1.0
                ]
            ]
        },
        {
            "file_path": "/data/shapenet_blender/all_50_random/02958343/9b4324a33b1dbad5a7fd25564c2e888e/r_13",
            "rotation": 0.12566370614359174,
            "transform_matrix": [
                [
                    -0.49344712495803833,
                    0.4663865864276886,
                    0.7341617345809937,
                    2.959500551223755
                ],
                [
                    0.8697757124900818,
                    0.2645936608314514,
                    0.4165096580982208,
                    1.679004192352295
                ],
                [
                    -2.9802320611338473e-08,
                    0.8440815806388855,
                    -0.5362147688865662,
                    -2.161550760269165
                ],
                [
                    0.0,
                    0.0,
                    0.0,
                    1.0
                ]
            ]
        },
        {
            "file_path": "/data/shapenet_blender/all_50_random/02958343/9b4324a33b1dbad5a7fd25564c2e888e/r_14",
            "rotation": 0.12566370614359174,
            "transform_matrix": [
                [
                    0.9200379252433777,
                    0.08312281221151352,
                    0.38291117548942566,
                    1.5435640811920166
                ],
                [
                    0.39182955026626587,
                    -0.19517706334590912,
                    -0.8990971446037292,
                    -3.624376058578491
                ],
                [
                    -7.450580596923828e-09,
                    0.977239191532135,
                    -0.212140291929245,
                    -0.8551647663116455
                ],
                [
                    0.0,
                    0.0,
                    0.0,
                    1.0
                ]
            ]
        },
        {
            "file_path": "/data/shapenet_blender/all_50_random/02958343/9b4324a33b1dbad5a7fd25564c2e888e/r_15",
            "rotation": 0.12566370614359174,
            "transform_matrix": [
                [
                    0.30443885922431946,
                    -0.0013541106600314379,
                    0.9525309205055237,
                    3.8397748470306396
                ],
                [
                    0.9525318741798401,
                    0.000432787521276623,
                    -0.3044385313987732,
                    -1.2272309064865112
                ],
                [
                    -2.9103826987286752e-11,
                    0.9999989867210388,
                    0.0014215909177437425,
                    0.005730615928769112
                ],
                [
                    0.0,
                    0.0,
                    0.0,
                    1.0
                ]
            ]
        },
        {
            "file_path": "/data/shapenet_blender/all_50_random/02958343/9b4324a33b1dbad5a7fd25564c2e888e/r_16",
            "rotation": 0.12566370614359174,
            "transform_matrix": [
                [
                    0.3857037127017975,
                    -0.45113688707351685,
                    0.8048031330108643,
                    3.24426531791687
                ],
                [
                    0.9226227402687073,
                    0.1885984092950821,
                    -0.3364490866661072,
                    -1.3562695980072021
                ],
                [
                    0.0,
                    0.8722992539405823,
                    0.4889722466468811,
                    1.971110224723816
                ],
                [
                    0.0,
                    0.0,
                    0.0,
                    1.0
                ]
            ]
        },
        {
            "file_path": "/data/shapenet_blender/all_50_random/02958343/9b4324a33b1dbad5a7fd25564c2e888e/r_17",
            "rotation": 0.12566370614359174,
            "transform_matrix": [
                [
                    -0.3975188732147217,
                    -0.013070181012153625,
                    -0.917500913143158,
                    -3.6985645294189453
                ],
                [
                    -0.9175940752029419,
                    0.005662245210260153,
                    0.39747849106788635,
                    1.6022870540618896
                ],
                [
                    -4.656613428188905e-10,
                    0.9998985528945923,
                    -0.014243967831134796,
                    -0.057419270277023315
                ],
                [
                    0.0,
                    0.0,
                    0.0,
                    1.0
                ]
            ]
        },
        {
            "file_path": "/data/shapenet_blender/all_50_random/02958343/9b4324a33b1dbad5a7fd25564c2e888e/r_18",
            "rotation": 0.12566370614359174,
            "transform_matrix": [
                [
                    0.8137653470039368,
                    -0.11432505398988724,
                    0.569838285446167,
                    2.2970917224884033
                ],
                [
                    0.5811935663223267,
                    0.1600736528635025,
                    -0.79786616563797,
                    -3.216301441192627
                ],
                [
                    0.0,
                    0.9804621934890747,
                    0.1967073678970337,
                    0.7929527759552002
                ],
                [
                    0.0,
                    0.0,
                    0.0,
                    1.0
                ]
            ]
        },
        {
            "file_path": "/data/shapenet_blender/all_50_random/02958343/9b4324a33b1dbad5a7fd25564c2e888e/r_19",
            "rotation": 0.12566370614359174,
            "transform_matrix": [
                [
                    -0.023458857089281082,
                    0.2697107195854187,
                    -0.9626556038856506,
                    -3.8805887699127197
                ],
                [
                    -0.999724805355072,
                    -0.006328847259283066,
                    0.02258901670575142,
                    0.09105923771858215
                ],
                [
                    -4.656612873077393e-10,
                    0.9629204869270325,
                    0.2697850167751312,
                    1.087538242340088
                ],
                [
                    0.0,
                    0.0,
                    0.0,
                    1.0
                ]
            ]
        },
        {
            "file_path": "/data/shapenet_blender/all_50_random/02958343/9b4324a33b1dbad5a7fd25564c2e888e/r_20",
            "rotation": 0.12566370614359174,
            "transform_matrix": [
                [
                    0.9406303763389587,
                    0.17103883624076843,
                    -0.29318979382514954,
                    -1.1818859577178955
                ],
                [
                    -0.3394327163696289,
                    0.47398000955581665,
                    -0.8124827742576599,
                    -3.2752230167388916
                ],
                [
                    0.0,
                    0.8637641668319702,
                    0.5038961172103882,
                    2.0312705039978027
                ],
                [
                    0.0,
                    0.0,
                    0.0,
                    1.0
                ]
            ]
        },
        {
            "file_path": "/data/shapenet_blender/all_50_random/02958343/9b4324a33b1dbad5a7fd25564c2e888e/r_21",
            "rotation": 0.12566370614359174,
            "transform_matrix": [
                [
                    -0.9993681907653809,
                    -0.009950162842869759,
                    -0.034121137112379074,
                    -0.13754671812057495
                ],
                [
                    -0.03554233908653259,
                    0.2797755002975464,
                    0.9594072699546814,
                    3.867494583129883
                ],
                [
                    0.0,
                    0.9600138068199158,
                    -0.27995237708091736,
                    -1.1285243034362793
                ],
                [
                    0.0,
                    0.0,
                    0.0,
                    1.0
                ]
            ]
        },
        {
            "file_path": "/data/shapenet_blender/all_50_random/02958343/9b4324a33b1dbad5a7fd25564c2e888e/r_22",
            "rotation": 0.12566370614359174,
            "transform_matrix": [
                [
                    -0.026077743619680405,
                    -0.004418559838086367,
                    -0.9996501207351685,
                    -4.029718399047852
                ],
                [
                    -0.9996599555015564,
                    0.00011526525486260653,
                    0.02607748657464981,
                    0.10512170195579529
                ],
                [
                    -1.4551915228366852e-11,
                    0.9999902248382568,
                    -0.004420062061399221,
                    -0.017817839980125427
                ],
                [
                    0.0,
                    0.0,
                    0.0,
                    1.0
                ]
            ]
        },
        {
            "file_path": "/data/shapenet_blender/all_50_random/02958343/9b4324a33b1dbad5a7fd25564c2e888e/r_23",
            "rotation": 0.12566370614359174,
            "transform_matrix": [
                [
                    -0.8893275260925293,
                    0.32988351583480835,
                    0.3166600167751312,
                    1.2764973640441895
                ],
                [
                    0.45727092027664185,
                    0.6415769457817078,
                    0.6158590912818909,
                    2.482607364654541
                ],
                [
                    0.0,
                    0.6924998164176941,
                    -0.7214180827140808,
                    -2.9081292152404785
                ],
                [
                    0.0,
                    0.0,
                    0.0,
                    1.0
                ]
            ]
        },
        {
            "file_path": "/data/shapenet_blender/all_50_random/02958343/9b4324a33b1dbad5a7fd25564c2e888e/r_24",
            "rotation": 0.12566370614359174,
            "transform_matrix": [
                [
                    0.761999249458313,
                    -0.6236830949783325,
                    0.1742888242006302,
                    0.7025808095932007
                ],
                [
                    0.6475779414176941,
                    0.7338823676109314,
                    -0.20508411526679993,
                    -0.8267205953598022
                ],
                [
                    0.0,
                    0.26913952827453613,
                    0.9631010890007019,
                    3.882385015487671
                ],
                [
                    0.0,
                    0.0,
                    0.0,
                    1.0
                ]
            ]
        },
        {
            "file_path": "/data/shapenet_blender/all_50_random/02958343/9b4324a33b1dbad5a7fd25564c2e888e/r_25",
            "rotation": 0.12566370614359174,
            "transform_matrix": [
                [
                    0.42391306161880493,
                    0.002446000464260578,
                    -0.9056995511054993,
                    -3.650991678237915
                ],
                [
                    -0.9057028889656067,
                    0.0011448472505435348,
                    -0.42391151189804077,
                    -1.7088419198989868
                ],
                [
                    -1.1641531488804091e-10,
                    0.9999964237213135,
                    0.002700665034353733,
                    0.010886728763580322
                ],
                [
                    0.0,
                    0.0,
                    0.0,
                    1.0
                ]
            ]
        },
        {
            "file_path": "/data/shapenet_blender/all_50_random/02958343/9b4324a33b1dbad5a7fd25564c2e888e/r_26",
            "rotation": 0.12566370614359174,
            "transform_matrix": [
                [
                    0.02988571487367153,
                    -0.0037784799933433533,
                    -0.999546229839325,
                    -4.029299259185791
                ],
                [
                    -0.999553382396698,
                    -0.00011297303717583418,
                    -0.02988550253212452,
                    -0.12047229707241058
                ],
                [
                    0.0,
                    0.9999927878379822,
                    -0.003780168481171131,
                    -0.015238344669342041
                ],
                [
                    0.0,
                    0.0,
                    0.0,
                    1.0
                ]
            ]
        },
        {
            "file_path": "/data/shapenet_blender/all_50_random/02958343/9b4324a33b1dbad5a7fd25564c2e888e/r_27",
            "rotation": 0.12566370614359174,
            "transform_matrix": [
                [
                    0.9363664388656616,
                    -0.03765752166509628,
                    0.34899818897247314,
                    1.406856656074524
                ],
                [
                    0.35102394223213196,
                    0.10045253485441208,
                    -0.9309626817703247,
                    -3.7528305053710938
                ],
                [
                    -7.4505797087454084e-09,
                    0.9942289590835571,
                    0.10727908462285995,
                    0.43245580792427063
                ],
                [
                    0.0,
                    0.0,
                    0.0,
                    1.0
                ]
            ]
        },
        {
            "file_path": "/data/shapenet_blender/all_50_random/02958343/9b4324a33b1dbad5a7fd25564c2e888e/r_28",
            "rotation": 0.12566370614359174,
            "transform_matrix": [
                [
                    0.38144421577453613,
                    -0.10378015786409378,
                    0.9185478091239929,
                    3.702784299850464
                ],
                [
                    0.9243919253349304,
                    0.04282419756054878,
                    -0.379032701253891,
                    -1.5279295444488525
                ],
                [
                    0.0,
                    0.9936778545379639,
                    0.1122685968875885,
                    0.4525691270828247
                ],
                [
                    0.0,
                    0.0,
                    0.0,
                    1.0
                ]
            ]
        },
        {
            "file_path": "/data/shapenet_blender/all_50_random/02958343/9b4324a33b1dbad5a7fd25564c2e888e/r_29",
            "rotation": 0.12566370614359174,
            "transform_matrix": [
                [
                    -0.9294374585151672,
                    -0.0064142015762627125,
                    -0.36892399191856384,
                    -1.487180233001709
                ],
                [
                    -0.3689797520637512,
                    0.016156980767846107,
                    0.9292969703674316,
                    3.7461159229278564
                ],
                [
                    0.0,
                    0.9998488426208496,
                    -0.01738361455500126,
                    -0.07007559388875961
                ],
                [
                    0.0,
                    0.0,
                    0.0,
                    1.0
                ]
            ]
        },
        {
            "file_path": "/data/shapenet_blender/all_50_random/02958343/9b4324a33b1dbad5a7fd25564c2e888e/r_30",
            "rotation": 0.12566370614359174,
            "transform_matrix": [
                [
                    -0.955007791519165,
                    -0.05497196316719055,
                    -0.2914416790008545,
                    -1.1748390197753906
                ],
                [
                    -0.29658079147338867,
                    0.17701297998428345,
                    0.9384595155715942,
                    3.7830512523651123
                ],
                [
                    -3.725290298461914e-09,
                    0.9826720952987671,
                    -0.1853523999452591,
                    -0.7471794486045837
                ],
                [
                    0.0,
                    0.0,
                    0.0,
                    1.0
                ]
            ]
        },
        {
            "file_path": "/data/shapenet_blender/all_50_random/02958343/9b4324a33b1dbad5a7fd25564c2e888e/r_31",
            "rotation": 0.12566370614359174,
            "transform_matrix": [
                [
                    0.24965952336788177,
                    0.08497944474220276,
                    -0.9645976424217224,
                    -3.8884174823760986
                ],
                [
                    -0.9683337211608887,
                    0.021909726783633232,
                    -0.24869628250598907,
                    -1.0025267601013184
                ],
                [
                    -1.862645149230957e-09,
                    0.996141791343689,
                    0.08775842934846878,
                    0.3537655472755432
                ],
                [
                    0.0,
                    0.0,
                    0.0,
                    1.0
                ]
            ]
        },
        {
            "file_path": "/data/shapenet_blender/all_50_random/02958343/9b4324a33b1dbad5a7fd25564c2e888e/r_32",
            "rotation": 0.12566370614359174,
            "transform_matrix": [
                [
                    -0.4730306565761566,
                    0.5732434391975403,
                    0.6690545082092285,
                    2.697045087814331
                ],
                [
                    0.881045937538147,
                    0.30777251720428467,
                    0.3592132031917572,
                    1.4480347633361816
                ],
                [
                    1.4901159417490817e-08,
                    0.7593865990638733,
                    -0.6506396532058716,
                    -2.622812271118164
                ],
                [
                    0.0,
                    0.0,
                    0.0,
                    1.0
                ]
            ]
        },
        {
            "file_path": "/data/shapenet_blender/all_50_random/02958343/9b4324a33b1dbad5a7fd25564c2e888e/r_33",
            "rotation": 0.12566370614359174,
            "transform_matrix": [
                [
                    -0.5035276412963867,
                    0.7638330459594727,
                    -0.40375587344169617,
                    -1.6275920867919922
                ],
                [
                    -0.8639791011810303,
                    -0.44516244530677795,
                    0.23530921339988708,
                    0.9485618472099304
                ],
                [
                    0.0,
                    0.46732136607170105,
                    0.8840875029563904,
                    3.563870906829834
                ],
                [
                    0.0,
                    0.0,
                    0.0,
                    1.0
                ]
            ]
        },
        {
            "file_path": "/data/shapenet_blender/all_50_random/02958343/9b4324a33b1dbad5a7fd25564c2e888e/r_34",
            "rotation": 0.12566370614359174,
            "transform_matrix": [
                [
                    -0.10691680014133453,
                    0.454715371131897,
                    -0.8841959834098816,
                    -3.5643081665039062
                ],
                [
                    -0.994268000125885,
                    -0.04889698699116707,
                    0.0950804054737091,
                    0.383281409740448
                ],
                [
                    0.0,
                    0.8892934918403625,
                    0.4573368430137634,
                    1.8435839414596558
                ],
                [
                    0.0,
                    0.0,
                    0.0,
                    1.0
                ]
            ]
        },
        {
            "file_path": "/data/shapenet_blender/all_50_random/02958343/9b4324a33b1dbad5a7fd25564c2e888e/r_35",
            "rotation": 0.12566370614359174,
            "transform_matrix": [
                [
                    -0.9016810655593872,
                    0.1861044466495514,
                    0.3903028964996338,
                    1.5733612775802612
                ],
                [
                    0.4324016571044922,
                    0.3880809545516968,
                    0.8138930797576904,
                    3.2809078693389893
                ],
                [
                    0.0,
                    0.9026396870613098,
                    -0.430397093296051,
                    -1.7349861860275269
                ],
                [
                    0.0,
                    0.0,
                    0.0,
                    1.0
                ]
            ]
        },
        {
            "file_path": "/data/shapenet_blender/all_50_random/02958343/9b4324a33b1dbad5a7fd25564c2e888e/r_36",
            "rotation": 0.12566370614359174,
            "transform_matrix": [
                [
                    0.8456860780715942,
                    0.3934907615184784,
                    -0.3605276942253113,
                    -1.4533336162567139
                ],
                [
                    -0.53368079662323,
                    0.6235368251800537,
                    -0.571302592754364,
                    -2.3029944896698
                ],
                [
                    0.0,
                    0.675549328327179,
                    0.737314760684967,
                    2.972210645675659
                ],
                [
                    0.0,
                    0.0,
                    0.0,
                    1.0
                ]
            ]
        },
        {
            "file_path": "/data/shapenet_blender/all_50_random/02958343/9b4324a33b1dbad5a7fd25564c2e888e/r_37",
            "rotation": 0.12566370614359174,
            "transform_matrix": [
                [
                    -0.9873499870300293,
                    0.01789318025112152,
                    0.15754269063472748,
                    0.6350749135017395
                ],
                [
                    0.1585555374622345,
                    0.11142361909151077,
                    0.9810428023338318,
                    3.954710006713867
                ],
                [
                    0.0,
                    0.9936118721961975,
                    -0.11285118013620377,
                    -0.45491766929626465
                ],
                [
                    0.0,
                    0.0,
                    0.0,
                    1.0
                ]
            ]
        },
        {
            "file_path": "/data/shapenet_blender/all_50_random/02958343/9b4324a33b1dbad5a7fd25564c2e888e/r_38",
            "rotation": 0.12566370614359174,
            "transform_matrix": [
                [
                    -0.8306057453155518,
                    -0.49781396985054016,
                    -0.24955007433891296,
                    -1.0059685707092285
                ],
                [
                    -0.5568607449531555,
                    0.7425323724746704,
                    0.37222540378570557,
                    1.5004887580871582
                ],
                [
                    0.0,
                    0.44813719391822815,
                    -0.8939646482467651,
                    -3.603687047958374
                ],
                [
                    0.0,
                    0.0,
                    0.0,
                    1.0
                ]
            ]
        },
        {
            "file_path": "/data/shapenet_blender/all_50_random/02958343/9b4324a33b1dbad5a7fd25564c2e888e/r_39",
            "rotation": 0.12566370614359174,
            "transform_matrix": [
                [
                    0.16901274025440216,
                    -0.08377793431282043,
                    -0.9820467829704285,
                    -3.958757162094116
                ],
                [
                    -0.9856138229370117,
                    -0.014366213232278824,
                    -0.1684010773897171,
                    -0.6788464784622192
                ],
                [
                    9.313225191043273e-10,
                    0.9963809251785278,
                    -0.08500076085329056,
                    -0.34264901280403137
                ],
                [
                    0.0,
                    0.0,
                    0.0,
                    1.0
                ]
            ]
        },
        {
            "file_path": "/data/shapenet_blender/all_50_random/02958343/9b4324a33b1dbad5a7fd25564c2e888e/r_40",
            "rotation": 0.12566370614359174,
            "transform_matrix": [
                [
                    0.9811959862709045,
                    0.026625720784068108,
                    0.1911686509847641,
                    0.7706254720687866
                ],
                [
                    0.19301392138004303,
                    -0.13535316288471222,
                    -0.9718154072761536,
                    -3.917512893676758
                ],
                [
                    -3.7252896323280993e-09,
                    0.9904396533966064,
                    -0.13794711232185364,
                    -0.5560826063156128
                ],
                [
                    0.0,
                    0.0,
                    0.0,
                    1.0
                ]
            ]
        },
        {
            "file_path": "/data/shapenet_blender/all_50_random/02958343/9b4324a33b1dbad5a7fd25564c2e888e/r_41",
            "rotation": 0.12566370614359174,
            "transform_matrix": [
                [
                    -0.6618635654449463,
                    0.3665001392364502,
                    0.6539220809936523,
                    2.636044502258301
                ],
                [
                    0.7496241927146912,
                    0.3235929310321808,
                    0.5773655772209167,
