{
    "class": "02958343",
    "model": "1104f0924e03f2b6fc5886e868449015",
    "remove_doubles": true,
    "edge_split": true,
    "denoise": true,
    "camera_angle_x": 0.6911112070083618,
    "scale_factor": 2.2438731129296157,
    "hdri_file": "/data/IndoorHDRDataset2018/9C4A5354-367928b82b.exr",
    "center_offset": [
        0.0,
        0.0,
        -1.3969838619232178e-09
    ],
    "lights": [],
    "frames": [
        {
            "file_path": "/data/shapenet_blender/all_50_random/02958343/1104f0924e03f2b6fc5886e868449015/r_0",
            "rotation": 0.12566370614359174,
            "transform_matrix": [
                [
                    -0.032252129167318344,
                    0.416789174079895,
                    -0.908430814743042,
                    -3.662001848220825
                ],
                [
                    -0.9994797706604004,
                    -0.013449335470795631,
                    0.029314078390598297,
                    0.11816883087158203
                ],
                [
                    0.0,
                    0.9089037179946899,
                    0.41700610518455505,
                    1.6810053586959839
                ],
                [
                    0.0,
                    0.0,
                    0.0,
                    1.0
                ]
            ]
        },
        {
            "file_path": "/data/shapenet_blender/all_50_random/02958343/1104f0924e03f2b6fc5886e868449015/r_1",
            "rotation": 0.12566370614359174,
            "transform_matrix": [
                [
                    0.7132510542869568,
                    0.41674500703811646,
                    -0.5635569095611572,
                    -2.271770477294922
                ],
                [
                    -0.7009086012840271,
                    0.4240835905075073,
                    -0.5734807252883911,
                    -2.311774730682373
                ],
                [
                    0.0,
                    0.8040375113487244,
                    0.5945783257484436,
                    2.396821975708008
                ],
                [
                    0.0,
                    0.0,
                    0.0,
                    1.0
                ]
            ]
        },
        {
            "file_path": "/data/shapenet_blender/all_50_random/02958343/1104f0924e03f2b6fc5886e868449015/r_2",
            "rotation": 0.12566370614359174,
            "transform_matrix": [
                [
                    0.6660190224647522,
                    0.1192578449845314,
                    -0.7363396883010864,
                    -2.968280553817749
                ],
                [
                    -0.745934784412384,
                    0.1064811497926712,
                    -0.657451868057251,
                    -2.650273561477661
                ],
                [
                    7.450580596923828e-09,
                    0.9871370196342468,
                    0.1598770022392273,
                    0.6444848775863647
                ],
                [
                    0.0,
                    0.0,
                    0.0,
                    1.0
                ]
            ]
        },
        {
            "file_path": "/data/shapenet_blender/all_50_random/02958343/1104f0924e03f2b6fc5886e868449015/r_3",
            "rotation": 0.12566370614359174,
            "transform_matrix": [
                [
                    0.0018221121281385422,
                    -0.0028295887168496847,
                    0.9999944567680359,
                    4.031105995178223
                ],
                [
                    0.9999983310699463,
                    5.155836788617307e-06,
                    -0.0018221051432192326,
                    -0.007345139980316162
                ],
                [
                    0.0,
                    0.9999960660934448,
                    0.0028295936062932014,
                    0.01140645518898964
                ],
                [
                    0.0,
                    0.0,
                    0.0,
                    1.0
                ]
            ]
        },
        {
            "file_path": "/data/shapenet_blender/all_50_random/02958343/1104f0924e03f2b6fc5886e868449015/r_4",
            "rotation": 0.12566370614359174,
            "transform_matrix": [
                [
                    0.6322433352470398,
                    0.5316486954689026,
                    -0.5635761618614197,
                    -2.271848201751709
                ],
                [
                    -0.7747699022293091,
                    0.433846652507782,
                    -0.45990076661109924,
                    -1.853919267654419
                ],
                [
                    -1.4901161193847656e-08,
                    0.7274110317230225,
                    0.6862020492553711,
                    2.7661688327789307
                ],
                [
                    0.0,
                    0.0,
                    0.0,
                    1.0
                ]
            ]
        },
        {
            "file_path": "/data/shapenet_blender/all_50_random/02958343/1104f0924e03f2b6fc5886e868449015/r_5",
            "rotation": 0.12566370614359174,
            "transform_matrix": [
                [
                    -0.01652933657169342,
                    0.004233356099575758,
                    -0.999854326248169,
                    -4.030541896820068
                ],
                [
                    -0.9998634457588196,
                    -6.998413300607353e-05,
                    0.016529185697436333,
                    0.06663128733634949
                ],
                [
                    0.0,
                    0.9999910593032837,
                    0.004233933985233307,
                    0.01706753484904766
                ],
                [
                    0.0,
                    0.0,
                    0.0,
                    1.0
                ]
            ]
        },
        {
            "file_path": "/data/shapenet_blender/all_50_random/02958343/1104f0924e03f2b6fc5886e868449015/r_6",
            "rotation": 0.12566370614359174,
            "transform_matrix": [
                [
                    -0.21393463015556335,
                    0.4800497591495514,
                    -0.8507550358772278,
                    -3.4295034408569336
                ],
                [
                    -0.9768480062484741,
                    -0.10513331741094589,
                    0.18631964921951294,
                    0.7510786056518555
                ],
                [
                    0.0,
                    0.8709186315536499,
                    0.4914271831512451,
                    1.9810065031051636
                ],
                [
                    0.0,
                    0.0,
                    0.0,
                    1.0
                ]
            ]
        },
        {
            "file_path": "/data/shapenet_blender/all_50_random/02958343/1104f0924e03f2b6fc5886e868449015/r_7",
            "rotation": 0.12566370614359174,
            "transform_matrix": [
                [
                    0.09849712997674942,
                    0.49785375595092773,
                    -0.8616495132446289,
                    -3.4734203815460205
                ],
                [
                    -0.9951373338699341,
                    0.04927677661180496,
                    -0.08528470993041992,
                    -0.343793660402298
                ],
                [
                    -3.725290298461914e-09,
                    0.8658599257469177,
                    0.5002865195274353,
                    2.0167195796966553
                ],
                [
                    0.0,
                    0.0,
                    0.0,
                    1.0
                ]
            ]
        },
        {
            "file_path": "/data/shapenet_blender/all_50_random/02958343/1104f0924e03f2b6fc5886e868449015/r_8",
            "rotation": 0.12566370614359174,
            "transform_matrix": [
                [
                    -0.7849411368370056,
                    -0.026718152686953545,
                    0.6189939975738525,
                    2.4952447414398193
                ],
                [
                    0.6195703744888306,
                    -0.03384954482316971,
                    0.7842108607292175,
                    3.161255359649658
                ],
                [
                    1.862645149230957e-09,
                    0.9990696907043457,
                    0.043123677372932434,
                    0.17383712530136108
                ],
                [
                    0.0,
                    0.0,
                    0.0,
                    1.0
                ]
            ]
        },
        {
            "file_path": "/data/shapenet_blender/all_50_random/02958343/1104f0924e03f2b6fc5886e868449015/r_9",
            "rotation": 0.12566370614359174,
            "transform_matrix": [
                [
                    0.9543247222900391,
                    0.27756866812705994,
                    -0.11054466664791107,
                    -0.4456197917461395
                ],
                [
                    -0.2987716794013977,
                    0.8865988850593567,
                    -0.35309740900993347,
                    -1.4233810901641846
                ],
                [
                    -7.450581485102248e-09,
                    0.36999717354774475,
                    0.9290328621864319,
                    3.745051145553589
                ],
                [
                    0.0,
                    0.0,
                    0.0,
                    1.0
                ]
            ]
        },
        {
            "file_path": "/data/shapenet_blender/all_50_random/02958343/1104f0924e03f2b6fc5886e868449015/r_10",
            "rotation": 0.12566370614359174,
            "transform_matrix": [
                [
                    0.9970074892044067,
                    0.04941520467400551,
                    -0.05945052579045296,
                    -0.23965275287628174
                ],
                [
                    -0.07730606943368912,
                    0.6373021602630615,
                    -0.7667264938354492,
                    -3.090773582458496
                ],
                [
                    0.0,
                    0.769027829170227,
                    0.6392150521278381,
                    2.576758623123169
                ],
                [
                    0.0,
                    0.0,
                    0.0,
                    1.0
                ]
            ]
        },
        {
            "file_path": "/data/shapenet_blender/all_50_random/02958343/1104f0924e03f2b6fc5886e868449015/r_11",
            "rotation": 0.12566370614359174,
            "transform_matrix": [
                [
                    -0.3736858069896698,
                    0.07110879570245743,
                    0.9248257279396057,
                    3.728091239929199
                ],
                [
                    0.9275553226470947,
                    0.02864772081375122,
                    0.37258610129356384,
                    1.5019423961639404
                ],
                [
                    0.0,
                    0.9970570802688599,
                    -0.07666260004043579,
                    -0.3090367913246155
                ],
                [
                    0.0,
                    0.0,
                    0.0,
                    1.0
                ]
            ]
        },
        {
            "file_path": "/data/shapenet_blender/all_50_random/02958343/1104f0924e03f2b6fc5886e868449015/r_12",
            "rotation": 0.12566370614359174,
            "transform_matrix": [
                [
                    0.6010704040527344,
                    -0.02535480633378029,
                    -0.7987937331199646,
                    -3.220040798187256
                ],
                [
                    -0.7991960644721985,
                    -0.019069191068410873,
                    -0.6007677316665649,
                    -2.4217724800109863
                ],
                [
                    -9.313225746154785e-10,
                    0.9994966387748718,
                    -0.031725384294986725,
                    -0.12788912653923035
                ],
                [
                    0.0,
                    0.0,
                    0.0,
                    1.0
                ]
            ]
        },
        {
            "file_path": "/data/shapenet_blender/all_50_random/02958343/1104f0924e03f2b6fc5886e868449015/r_13",
            "rotation": 0.12566370614359174,
            "transform_matrix": [
                [
                    -0.6800540089607239,
                    0.4097171723842621,
                    0.6079952716827393,
                    2.4509074687957764
                ],
                [
                    0.7331619262695312,
                    0.3800385594367981,
                    0.5639540553092957,
                    2.273371696472168
                ],
                [
                    1.4901160305669237e-08,
                    0.8292783498764038,
                    -0.5588357448577881,
                    -2.252739191055298
                ],
                [
                    0.0,
                    0.0,
                    0.0,
                    1.0
                ]
            ]
        },
        {
            "file_path": "/data/shapenet_blender/all_50_random/02958343/1104f0924e03f2b6fc5886e868449015/r_14",
            "rotation": 0.12566370614359174,
            "transform_matrix": [
                [
                    0.7747692465782166,
                    -0.33137232065200806,
                    -0.5384467244148254,
                    -2.1705479621887207
                ],
                [
                    -0.6322439312934875,
                    -0.4060728847980499,
                    -0.6598275899887085,
                    -2.6598498821258545
                ],
                [
                    -1.4901158529312397e-08,
                    0.8516438603401184,
                    -0.5241209864616394,
                    -2.1127989292144775
                ],
                [
                    0.0,
                    0.0,
                    0.0,
                    1.0
                ]
            ]
        },
        {
            "file_path": "/data/shapenet_blender/all_50_random/02958343/1104f0924e03f2b6fc5886e868449015/r_15",
            "rotation": 0.12566370614359174,
            "transform_matrix": [
                [
                    0.7117181420326233,
                    -0.021183300763368607,
                    -0.7021457552909851,
                    -2.830439805984497
                ],
                [
                    -0.7024652361869812,
                    -0.021462332457304,
                    -0.7113944888114929,
                    -2.867722511291504
                ],
                [
                    -2.7939677238464355e-09,
                    0.9995452165603638,
                    -0.030155662447214127,
                    -0.12156134843826294
                ],
                [
                    0.0,
                    0.0,
                    0.0,
                    1.0
                ]
            ]
        },
        {
            "file_path": "/data/shapenet_blender/all_50_random/02958343/1104f0924e03f2b6fc5886e868449015/r_16",
            "rotation": 0.12566370614359174,
            "transform_matrix": [
                [
                    -0.9063965082168579,
                    0.09466288983821869,
                    0.4116848111152649,
                    1.6595546007156372
                ],
                [
                    0.42242810130119324,
                    0.2031165063381195,
                    0.8833448886871338,
                    3.5608770847320557
                ],
                [
                    0.0,
                    0.9745678901672363,
                    -0.22409233450889587,
                    -0.9033451080322266
                ],
                [
                    0.0,
                    0.0,
                    0.0,
                    1.0
                ]
            ]
        },
        {
            "file_path": "/data/shapenet_blender/all_50_random/02958343/1104f0924e03f2b6fc5886e868449015/r_17",
            "rotation": 0.12566370614359174,
            "transform_matrix": [
                [
                    -0.38475123047828674,
                    0.9077501893043518,
                    0.16719955205917358,
                    0.674003005027771
                ],
                [
                    0.9230203628540039,
                    0.3783860206604004,
                    0.0696953535079956,
                    0.28095099329948425
                ],
                [
                    -7.450581485102248e-09,
                    0.18114423751831055,
                    -0.983456552028656,
                    -3.96444034576416
                ],
                [
                    0.0,
                    0.0,
                    0.0,
                    1.0
                ]
            ]
        },
        {
            "file_path": "/data/shapenet_blender/all_50_random/02958343/1104f0924e03f2b6fc5886e868449015/r_18",
            "rotation": 0.12566370614359174,
            "transform_matrix": [
                [
                    -0.5585206151008606,
                    -0.6502760648727417,
                    -0.5149716138839722,
                    -2.0759170055389404
                ],
                [
                    -0.8294906616210938,
                    0.43785014748573303,
                    0.34674564003944397,
                    1.3977763652801514
                ],
                [
                    0.0,
                    0.6208287477493286,
                    -0.7839462161064148,
                    -3.1601881980895996
                ],
                [
                    0.0,
                    0.0,
                    0.0,
                    1.0
                ]
            ]
        },
        {
            "file_path": "/data/shapenet_blender/all_50_random/02958343/1104f0924e03f2b6fc5886e868449015/r_19",
            "rotation": 0.12566370614359174,
            "transform_matrix": [
                [
                    -0.9476802349090576,
                    -0.14383754134178162,
                    0.28497880697250366,
                    1.1487863063812256
                ],
                [
                    0.3192211985588074,
                    -0.4270142614841461,
                    0.8460240364074707,
                    3.4104318618774414
                ],
                [
                    -7.450580596923828e-09,
                    0.8927315473556519,
                    0.45058897137641907,
                    1.8163822889328003
                ],
                [
                    0.0,
                    0.0,
                    0.0,
                    1.0
                ]
            ]
        },
        {
            "file_path": "/data/shapenet_blender/all_50_random/02958343/1104f0924e03f2b6fc5886e868449015/r_20",
            "rotation": 0.12566370614359174,
            "transform_matrix": [
                [
                    -0.6025811433792114,
                    -0.6404485702514648,
                    -0.4761529266834259,
                    -1.9194339513778687
                ],
                [
                    -0.7980576157569885,
                    0.4835768938064575,
                    0.35952386260032654,
                    1.4492871761322021
                ],
                [
                    1.4901161193847656e-08,
                    0.5966397523880005,
                    -0.8025091290473938,
                    -3.235018014907837
                ],
                [
                    0.0,
                    0.0,
                    0.0,
                    1.0
                ]
            ]
        },
        {
            "file_path": "/data/shapenet_blender/all_50_random/02958343/1104f0924e03f2b6fc5886e868449015/r_21",
            "rotation": 0.12566370614359174,
            "transform_matrix": [
                [
                    -0.19428803026676178,
                    0.12450786679983139,
                    -0.973010778427124,
                    -3.9223318099975586
                ],
                [
                    -0.9809445142745972,
                    -0.024660304188728333,
                    0.19271665811538696,
                    0.7768657207489014
                ],
                [
                    -1.8626450382086546e-09,
                    0.9919121265411377,
                    0.1269265115261078,
                    0.5116571187973022
                ],
                [
                    0.0,
                    0.0,
                    0.0,
                    1.0
                ]
            ]
        },
        {
            "file_path": "/data/shapenet_blender/all_50_random/02958343/1104f0924e03f2b6fc5886e868449015/r_22",
            "rotation": 0.12566370614359174,
            "transform_matrix": [
                [
                    -0.11722013354301453,
                    0.13820421695709229,
                    0.983442485332489,
                    3.964383363723755
                ],
                [
                    0.9931060671806335,
                    0.016312777996063232,
                    0.11607950180768967,
                    0.46793144941329956
                ],
                [
                    -3.725290742551124e-09,
                    0.9902693033218384,
                    -0.13916365802288055,
                    -0.5609866380691528
                ],
                [
                    0.0,
                    0.0,
                    0.0,
                    1.0
                ]
            ]
        },
        {
            "file_path": "/data/shapenet_blender/all_50_random/02958343/1104f0924e03f2b6fc5886e868449015/r_23",
            "rotation": 0.12566370614359174,
            "transform_matrix": [
                [
                    0.9219892024993896,
                    -0.01668875478208065,
                    -0.3868557810783386,
                    -1.5594655275344849
                ],
                [
                    -0.38721561431884766,
                    -0.03973717242479324,
                    -0.9211324453353882,
                    -3.7132036685943604
                ],
                [
                    -9.313225746154785e-10,
                    0.9990707635879517,
                    -0.04309938848018646,
                    -0.17373919486999512
                ],
                [
                    0.0,
                    0.0,
                    0.0,
                    1.0
                ]
            ]
        },
        {
            "file_path": "/data/shapenet_blender/all_50_random/02958343/1104f0924e03f2b6fc5886e868449015/r_24",
            "rotation": 0.12566370614359174,
            "transform_matrix": [
                [
                    -0.7204535603523254,
                    -0.1356743425130844,
                    -0.6801023483276367,
                    -2.7415802478790283
                ],
                [
                    -0.6935032606124878,
                    0.14094679057598114,
                    0.7065318822860718,
                    2.848121166229248
                ],
                [
                    0.0,
                    0.980676531791687,
                    -0.19563621282577515,
                    -0.7886347770690918
                ],
                [
                    0.0,
                    0.0,
                    0.0,
                    1.0
                ]
            ]
        },
        {
            "file_path": "/data/shapenet_blender/all_50_random/02958343/1104f0924e03f2b6fc5886e868449015/r_25",
            "rotation": 0.12566370614359174,
            "transform_matrix": [
                [
                    0.37592193484306335,
                    0.05692945048213005,
                    -0.9249009490013123,
                    -3.7283949851989746
                ],
                [
                    -0.9266513586044312,
                    0.023095013573765755,
                    -0.37521180510520935,
                    -1.5125271081924438
                ],
                [
                    -1.862645371275562e-09,
                    0.9981109499931335,
                    0.061435677111148834,
                    0.24765513837337494
                ],
                [
                    0.0,
                    0.0,
                    0.0,
                    1.0
                ]
            ]
        },
        {
            "file_path": "/data/shapenet_blender/all_50_random/02958343/1104f0924e03f2b6fc5886e868449015/r_26",
            "rotation": 0.12566370614359174,
            "transform_matrix": [
                [
                    -0.9397159814834595,
                    -0.29622724652290344,
                    -0.17083102464675903,
                    -0.6886419057846069
                ],
                [
                    -0.34195587038993835,
                    0.8140509128570557,
                    0.4694543182849884,
                    1.8924309015274048
                ],
                [
                    -1.4901160305669237e-08,
                    0.49957045912742615,
                    -0.8662732839584351,
                    -3.4920592308044434
                ],
                [
                    0.0,
                    0.0,
                    0.0,
                    1.0
                ]
            ]
        },
        {
            "file_path": "/data/shapenet_blender/all_50_random/02958343/1104f0924e03f2b6fc5886e868449015/r_27",
            "rotation": 0.12566370614359174,
            "transform_matrix": [
                [
                    0.42389345169067383,
                    -0.14125947654247284,
                    0.8946284055709839,
                    3.6063625812530518
                ],
                [
                    0.9057120680809021,
                    0.06611259281635284,
                    -0.4187060594558716,
                    -1.6878582239151
                ],
                [
                    -3.725290298461914e-09,
                    0.9877625703811646,
                    0.15596508979797363,
                    0.628715455532074
                ],
                [
                    0.0,
                    0.0,
                    0.0,
                    1.0
                ]
            ]
        },
        {
            "file_path": "/data/shapenet_blender/all_50_random/02958343/1104f0924e03f2b6fc5886e868449015/r_28",
            "rotation": 0.12566370614359174,
            "transform_matrix": [
                [
                    0.9270137548446655,
                    0.2755568027496338,
                    -0.2543894350528717,
                    -1.0254765748977661
                ],
                [
                    -0.3750274181365967,
                    0.6811367273330688,
                    -0.6288141012191772,
                    -2.5348308086395264
                ],
                [
                    -2.980232594040899e-08,
                    0.6783222556114197,
                    0.7347644567489624,
                    2.961930274963379
                ],
                [
                    0.0,
                    0.0,
                    0.0,
                    1.0
                ]
            ]
        },
        {
            "file_path": "/data/shapenet_blender/all_50_random/02958343/1104f0924e03f2b6fc5886e868449015/r_29",
            "rotation": 0.12566370614359174,
            "transform_matrix": [
                [
                    -0.6925241351127625,
                    -0.0600767657160759,
                    -0.7188887596130371,
                    -2.8979334831237793
                ],
                [
                    -0.7213947176933289,
                    0.05767245963215828,
                    0.6901184320449829,
                    2.781956672668457
                ],
                [
                    0.0,
                    0.9965261816978455,
                    -0.08327863365411758,
                    -0.3357069492340088
                ],
                [
                    0.0,
                    0.0,
                    0.0,
                    1.0
                ]
            ]
        },
        {
            "file_path": "/data/shapenet_blender/all_50_random/02958343/1104f0924e03f2b6fc5886e868449015/r_30",
            "rotation": 0.12566370614359174,
            "transform_matrix": [
                [
                    -0.6987085342407227,
                    -0.23468388617038727,
                    -0.6758179664611816,
                    -2.724309206008911
                ],
                [
                    -0.7154065370559692,
                    0.22920620441436768,
                    0.6600439548492432,
                    2.660722255706787
                ],
                [
                    0.0,
                    0.944662868976593,
                    -0.3280426859855652,
                    -1.3223823308944702
                ],
                [
                    0.0,
                    0.0,
                    0.0,
                    1.0
                ]
            ]
        },
        {
            "file_path": "/data/shapenet_blender/all_50_random/02958343/1104f0924e03f2b6fc5886e868449015/r_31",
            "rotation": 0.12566370614359174,
            "transform_matrix": [
                [
                    -0.4158795177936554,
                    0.8223863840103149,
                    0.3882329761981964,
                    1.5650172233581543
                ],
                [
                    0.9094197750091553,
                    0.3760789632797241,
                    0.17753972113132477,
                    0.7156854867935181
                ],
                [
                    0.0,
                    0.42690184712409973,
                    -0.904297947883606,
                    -3.645341634750366
                ],
                [
                    0.0,
                    0.0,
                    0.0,
                    1.0
                ]
            ]
        },
        {
            "file_path": "/data/shapenet_blender/all_50_random/02958343/1104f0924e03f2b6fc5886e868449015/r_32",
            "rotation": 0.12566370614359174,
            "transform_matrix": [
                [
                    -0.6092881560325623,
                    0.4963483512401581,
                    -0.618389904499054,
                    -2.492809772491455
                ],
                [
                    -0.7929487824440002,
                    -0.3813855051994324,
                    0.475160151720047,
                    1.9154319763183594
                ],
                [
                    0.0,
                    0.7798610925674438,
                    0.625952422618866,
                    2.5232951641082764
                ],
                [
                    0.0,
                    0.0,
                    0.0,
                    1.0
                ]
            ]
        },
        {
            "file_path": "/data/shapenet_blender/all_50_random/02958343/1104f0924e03f2b6fc5886e868449015/r_33",
            "rotation": 0.12566370614359174,
            "transform_matrix": [
                [
                    -0.6968019604682922,
                    0.08253993839025497,
                    -0.7124985456466675,
                    -2.872173547744751
                ],
                [
                    -0.7172635793685913,
                    -0.08018529415130615,
                    0.6921728849411011,
                    2.79023814201355
                ],
                [
                    0.0,
                    0.9933565855026245,
                    0.11507617682218552,
                    0.46388691663742065
                ],
                [
                    0.0,
                    0.0,
                    0.0,
                    1.0
                ]
            ]
        },
        {
            "file_path": "/data/shapenet_blender/all_50_random/02958343/1104f0924e03f2b6fc5886e868449015/r_34",
            "rotation": 0.12566370614359174,
            "transform_matrix": [
                [
                    -0.9795853495597839,
                    -0.05107272043824196,
                    0.19443286955356598,
                    0.783784031867981
                ],
                [
                    0.20102879405021667,
                    -0.24887028336524963,
                    0.9474444389343262,
                    3.8192708492279053
                ],
                [
                    0.0,
                    0.9671892523765564,
                    0.25405675172805786,
                    1.0241355895996094
                ],
                [
                    0.0,
                    0.0,
                    0.0,
                    1.0
                ]
            ]
        },
        {
            "file_path": "/data/shapenet_blender/all_50_random/02958343/1104f0924e03f2b6fc5886e868449015/r_35",
            "rotation": 0.12566370614359174,
            "transform_matrix": [
                [
                    0.9419533014297485,
                    -0.03900859132409096,
                    0.33347010612487793,
                    1.3442611694335938
                ],
                [
                    0.3357439637184143,
                    0.1094413474202156,
                    -0.9355738759040833,
                    -3.771419048309326
                ],
                [
                    0.0,
                    0.9932275414466858,
                    0.1161855161190033,
                    0.4683588147163391
                ],
                [
                    0.0,
                    0.0,
                    0.0,
                    1.0
                ]
            ]
        },
        {
            "file_path": "/data/shapenet_blender/all_50_random/02958343/1104f0924e03f2b6fc5886e868449015/r_36",
            "rotation": 0.12566370614359174,
            "transform_matrix": [
                [
                    0.2552550137042999,
                    0.7112115621566772,
                    -0.6549984812736511,
                    -2.640383243560791
                ],
                [
                    -0.9668736457824707,
                    0.1877601146697998,
                    -0.1729198545217514,
                    -0.6970622539520264
                ],
                [
                    -7.4505797087454084e-09,
                    0.6774395108222961,
                    0.7355784773826599,
                    2.9652116298675537
                ],
                [
                    0.0,
                    0.0,
                    0.0,
                    1.0
                ]
            ]
        },
        {
            "file_path": "/data/shapenet_blender/all_50_random/02958343/1104f0924e03f2b6fc5886e868449015/r_37",
            "rotation": 0.12566370614359174,
            "transform_matrix": [
                [
                    -0.3942033648490906,
                    0.13572297990322113,
                    -0.9089460968971252,
                    -3.664078950881958
                ],
                [
                    -0.9190232753753662,
                    -0.058216650038957596,
                    0.38988086581230164,
                    1.571660041809082
                ],
                [
                    0.0,
                    0.98903489112854,
                    0.14768177270889282,
                    0.5953242778778076
                ],
                [
                    0.0,
                    0.0,
                    0.0,
                    1.0
                ]
            ]
        },
        {
            "file_path": "/data/shapenet_blender/all_50_random/02958343/1104f0924e03f2b6fc5886e868449015/r_38",
            "rotation": 0.12566370614359174,
            "transform_matrix": [
                [
                    0.971113383769989,
                    0.1635057032108307,
                    -0.17379480600357056,
                    -0.7005893588066101
                ],
                [
                    -0.2386184185743332,
                    0.6654245853424072,
                    -0.7072985172271729,
                    -2.8512117862701416
                ],
                [
                    0.0,
                    0.7283377647399902,
                    0.6852181553840637,
                    2.7622029781341553
                ],
                [
                    0.0,
                    0.0,
                    0.0,
                    1.0
                ]
            ]
        },
        {
            "file_path": "/data/shapenet_blender/all_50_random/02958343/1104f0924e03f2b6fc5886e868449015/r_39",
            "rotation": 0.12566370614359174,
            "transform_matrix": [
                [
                    0.40241172909736633,
                    -0.22510212659835815,
                    -0.8873521685600281,
                    -3.577030897140503
                ],
                [
                    -0.9154587984085083,
                    -0.09894900768995285,
                    -0.3900567889213562,
                    -1.5723692178726196
                ],
                [
                    -7.450580152834618e-09,
                    0.9692977070808411,
                    -0.24588997662067413,
                    -0.9912142157554626
                ],
                [
                    0.0,
                    0.0,
                    0.0,
                    1.0
                ]
            ]
        },
        {
            "file_path": "/data/shapenet_blender/all_50_random/02958343/1104f0924e03f2b6fc5886e868449015/r_40",
            "rotation": 0.12566370614359174,
            "transform_matrix": [
                [
                    0.9390366077423096,
                    -0.040446169674396515,
                    -0.3414298892021179,
                    -1.3763478994369507
                ],
                [
                    -0.34381717443466187,
                    -0.11046694964170456,
                    -0.9325163960456848,
                    -3.759093761444092
                ],
                [
                    0.0,
                    0.9930564761161804,
                    -0.11763860285282135,
                    -0.47421637177467346
                ],
                [
                    0.0,
                    0.0,
                    0.0,
                    1.0
                ]
            ]
        },
        {
            "file_path": "/data/shapenet_blender/all_50_random/02958343/1104f0924e03f2b6fc5886e868449015/r_41",
            "rotation": 0.12566370614359174,
            "transform_matrix": [
                [
                    -0.6638927459716797,
                    0.4288165271282196,
                    -0.612668514251709,
                    -2.4697458744049072
                ],
                [
                    -0.7478277683258057,
                    -0.38068684935569763,
                    0.5439035892486572,
                    2.1925454139709473
