{
    "class": "02958343",
    "model": "40c2b97577b43161aaafd94b9f216ef6",
    "remove_doubles": true,
    "edge_split": true,
    "denoise": true,
    "camera_angle_x": 0.6911112070083618,
    "scale_factor": 2.246759352164381,
    "hdri_file": "/data/IndoorHDRDataset2018/9C4A0741-2467498d3c.exr",
    "center_offset": [
        0.0,
        0.0,
        1.3969838619232178e-09
    ],
    "lights": [],
    "frames": [
        {
            "file_path": "/data/shapenet_blender/all_50_random/02958343/40c2b97577b43161aaafd94b9f216ef6/r_0",
            "rotation": 0.12566370614359174,
            "transform_matrix": [
                [
                    -0.7925304770469666,
                    0.30241379141807556,
                    0.5295670628547668,
                    2.1347532272338867
                ],
                [
                    0.6098322868347168,
                    0.39301323890686035,
                    0.6882188320159912,
                    2.774298906326294
                ],
                [
                    0.0,
                    0.8683815598487854,
                    -0.49589666724205017,
                    -1.9990234375
                ],
                [
                    0.0,
                    0.0,
                    0.0,
                    1.0
                ]
            ]
        },
        {
            "file_path": "/data/shapenet_blender/all_50_random/02958343/40c2b97577b43161aaafd94b9f216ef6/r_1",
            "rotation": 0.12566370614359174,
            "transform_matrix": [
                [
                    -0.9932085871696472,
                    0.0035749394446611404,
                    0.11629190295934677,
                    0.46878769993782043
                ],
                [
                    0.11634683609008789,
                    0.03051789477467537,
                    0.9927396178245544,
                    4.001861572265625
                ],
                [
                    0.0,
                    0.9995278716087341,
                    -0.030726566910743713,
                    -0.12386275827884674
                ],
                [
                    0.0,
                    0.0,
                    0.0,
                    1.0
                ]
            ]
        },
        {
            "file_path": "/data/shapenet_blender/all_50_random/02958343/40c2b97577b43161aaafd94b9f216ef6/r_2",
            "rotation": 0.12566370614359174,
            "transform_matrix": [
                [
                    -0.7498960494995117,
                    -0.12115498632192612,
                    -0.650367021560669,
                    -2.621713638305664
                ],
                [
                    -0.6615557074546814,
                    0.13733333349227905,
                    0.7372133731842041,
                    2.9718024730682373
                ],
                [
                    -7.450581485102248e-09,
                    0.9830874800682068,
                    -0.1831364780664444,
                    -0.7382467985153198
                ],
                [
                    0.0,
                    0.0,
                    0.0,
                    1.0
                ]
            ]
        },
        {
            "file_path": "/data/shapenet_blender/all_50_random/02958343/40c2b97577b43161aaafd94b9f216ef6/r_3",
            "rotation": 0.12566370614359174,
            "transform_matrix": [
                [
                    -0.5979693531990051,
                    0.7776826620101929,
                    -0.194016233086586,
                    -0.7821044325828552
                ],
                [
                    -0.8015190362930298,
                    -0.5801863670349121,
                    0.1447448581457138,
                    0.5834851861000061
                ],
                [
                    -7.450581485102248e-09,
                    0.24206076562404633,
                    0.9702610969543457,
                    3.911247491836548
                ],
                [
                    0.0,
                    0.0,
                    0.0,
                    1.0
                ]
            ]
        },
        {
            "file_path": "/data/shapenet_blender/all_50_random/02958343/40c2b97577b43161aaafd94b9f216ef6/r_4",
            "rotation": 0.12566370614359174,
            "transform_matrix": [
                [
                    0.34562358260154724,
                    0.05791499838232994,
                    -0.9365842938423157,
                    -3.775491952896118
                ],
                [
                    -0.9383731484413147,
                    0.02133137546479702,
                    -0.3449646830558777,
                    -1.3905971050262451
                ],
                [
                    1.8626448161640496e-09,
                    0.9980936646461487,
                    0.06171851232647896,
                    0.2487952709197998
                ],
                [
                    0.0,
                    0.0,
                    0.0,
                    1.0
                ]
            ]
        },
        {
            "file_path": "/data/shapenet_blender/all_50_random/02958343/40c2b97577b43161aaafd94b9f216ef6/r_5",
            "rotation": 0.12566370614359174,
            "transform_matrix": [
                [
                    -0.9924789071083069,
                    0.0398203507065773,
                    0.11575857549905777,
                    0.4666377902030945
                ],
                [
                    0.12241615355014801,
                    0.32284021377563477,
                    0.9385031461715698,
                    3.7832276821136475
                ],
                [
                    0.0,
                    0.945615291595459,
                    -0.32528677582740784,
                    -1.3112730979919434
                ],
                [
                    0.0,
                    0.0,
                    0.0,
                    1.0
                ]
            ]
        },
        {
            "file_path": "/data/shapenet_blender/all_50_random/02958343/40c2b97577b43161aaafd94b9f216ef6/r_6",
            "rotation": 0.12566370614359174,
            "transform_matrix": [
                [
                    -0.28946173191070557,
                    0.2786804437637329,
                    0.9157231450080872,
                    3.6913983821868896
                ],
                [
                    0.9571896195411682,
                    0.08427519351243973,
                    0.27692195773124695,
                    1.1163082122802734
                ],
                [
                    -7.450580596923828e-09,
                    0.9566790461540222,
                    -0.2911444306373596,
                    -1.1736408472061157
                ],
                [
                    0.0,
                    0.0,
                    0.0,
                    1.0
                ]
            ]
        },
        {
            "file_path": "/data/shapenet_blender/all_50_random/02958343/40c2b97577b43161aaafd94b9f216ef6/r_7",
            "rotation": 0.12566370614359174,
            "transform_matrix": [
                [
                    0.99937903881073,
                    -0.02054513245820999,
                    0.028629319742321968,
                    0.11540848016738892
                ],
                [
                    0.03523833677172661,
                    0.5826714634895325,
                    -0.811943531036377,
                    -3.2730491161346436
                ],
                [
                    0.0,
                    0.8124480247497559,
                    0.583033561706543,
                    2.35028338432312
                ],
                [
                    0.0,
                    0.0,
                    0.0,
                    1.0
                ]
            ]
        },
        {
            "file_path": "/data/shapenet_blender/all_50_random/02958343/40c2b97577b43161aaafd94b9f216ef6/r_8",
            "rotation": 0.12566370614359174,
            "transform_matrix": [
                [
                    -0.8590179085731506,
                    -0.3240361511707306,
                    0.39634421467781067,
                    1.5977147817611694
                ],
                [
                    0.5119454860687256,
                    -0.5437158346176147,
                    0.6650449633598328,
                    2.680882215499878
                ],
                [
                    1.4901161193847656e-08,
                    0.774192214012146,
                    0.6329504251480103,
                    2.5515050888061523
                ],
                [
                    0.0,
                    0.0,
                    0.0,
                    1.0
                ]
            ]
        },
        {
            "file_path": "/data/shapenet_blender/all_50_random/02958343/40c2b97577b43161aaafd94b9f216ef6/r_9",
            "rotation": 0.12566370614359174,
            "transform_matrix": [
                [
                    -0.1439516842365265,
                    -0.8156468868255615,
                    -0.5603551864624023,
                    -2.258864164352417
                ],
                [
                    -0.989584743976593,
                    0.11864951252937317,
                    0.08151305466890335,
                    0.32858967781066895
                ],
                [
                    0.0,
                    0.5662530064582825,
                    -0.8242314457893372,
                    -3.3225834369659424
                ],
                [
                    0.0,
                    0.0,
                    0.0,
                    1.0
                ]
            ]
        },
        {
            "file_path": "/data/shapenet_blender/all_50_random/02958343/40c2b97577b43161aaafd94b9f216ef6/r_10",
            "rotation": 0.12566370614359174,
            "transform_matrix": [
                [
                    0.9260848760604858,
                    -0.170790895819664,
                    -0.3364481031894684,
                    -1.356265664100647
                ],
                [
                    -0.37731531262397766,
                    -0.4191901385784149,
                    -0.8257800936698914,
                    -3.3288259506225586
                ],
                [
                    0.0,
                    0.8916894793510437,
                    -0.4526476562023163,
                    -1.824681043624878
                ],
                [
                    0.0,
                    0.0,
                    0.0,
                    1.0
                ]
            ]
        },
        {
            "file_path": "/data/shapenet_blender/all_50_random/02958343/40c2b97577b43161aaafd94b9f216ef6/r_11",
            "rotation": 0.12566370614359174,
            "transform_matrix": [
                [
                    -0.1240052580833435,
                    -0.5947245359420776,
                    -0.7943081259727478,
                    -3.201958417892456
                ],
                [
                    -0.9922816753387451,
                    0.07432261854410172,
                    0.09926453977823257,
                    0.4001481533050537
                ],
                [
                    0.0,
                    0.80048668384552,
                    -0.5993505716323853,
                    -2.4160594940185547
                ],
                [
                    0.0,
                    0.0,
                    0.0,
                    1.0
                ]
            ]
        },
        {
            "file_path": "/data/shapenet_blender/all_50_random/02958343/40c2b97577b43161aaafd94b9f216ef6/r_12",
            "rotation": 0.12566370614359174,
            "transform_matrix": [
                [
                    0.9468070268630981,
                    0.1840514838695526,
                    -0.2639729082584381,
                    -1.0641088485717773
                ],
                [
                    -0.3218022286891937,
                    0.5415166020393372,
                    -0.7766615152359009,
                    -3.1308226585388184
                ],
                [
                    0.0,
                    0.8202954530715942,
                    0.5719398856163025,
                    2.305563449859619
                ],
                [
                    0.0,
                    0.0,
                    0.0,
                    1.0
                ]
            ]
        },
        {
            "file_path": "/data/shapenet_blender/all_50_random/02958343/40c2b97577b43161aaafd94b9f216ef6/r_13",
            "rotation": 0.12566370614359174,
            "transform_matrix": [
                [
                    0.6523661017417908,
                    -0.515739917755127,
                    0.5553653836250305,
                    2.2387495040893555
                ],
                [
                    0.7579039931297302,
                    0.44392332434654236,
                    -0.4780309796333313,
                    -1.9270044565200806
                ],
                [
                    0.0,
                    0.7327648997306824,
                    0.6804819107055664,
                    2.743110418319702
                ],
                [
                    0.0,
                    0.0,
                    0.0,
                    1.0
                ]
            ]
        },
        {
            "file_path": "/data/shapenet_blender/all_50_random/02958343/40c2b97577b43161aaafd94b9f216ef6/r_14",
            "rotation": 0.12566370614359174,
            "transform_matrix": [
                [
                    -0.24045738577842712,
                    0.1228276863694191,
                    0.9628568291664124,
                    3.8814005851745605
                ],
                [
                    0.9706597924232483,
                    0.03042757697403431,
                    0.2385243922472,
                    0.9615226984024048
                ],
                [
                    -1.862645371275562e-09,
                    0.9919614791870117,
                    -0.1265403926372528,
                    -0.5101007223129272
                ],
                [
                    0.0,
                    0.0,
                    0.0,
                    1.0
                ]
            ]
        },
        {
            "file_path": "/data/shapenet_blender/all_50_random/02958343/40c2b97577b43161aaafd94b9f216ef6/r_15",
            "rotation": 0.12566370614359174,
            "transform_matrix": [
                [
                    -0.05182122439146042,
                    -0.21183469891548157,
                    -0.9759306311607361,
                    -3.9341020584106445
                ],
                [
                    -0.9986563920974731,
                    0.010992302559316158,
                    0.05064196139574051,
                    0.20414426922798157
                ],
                [
                    0.0,
                    0.9772437214851379,
                    -0.2121197134256363,
                    -0.8550818562507629
                ],
                [
                    0.0,
                    0.0,
                    0.0,
                    1.0
                ]
            ]
        },
        {
            "file_path": "/data/shapenet_blender/all_50_random/02958343/40c2b97577b43161aaafd94b9f216ef6/r_16",
            "rotation": 0.12566370614359174,
            "transform_matrix": [
                [
                    -0.1380840241909027,
                    0.18372899293899536,
                    -0.9732299447059631,
                    -3.92321515083313
                ],
                [
                    -0.9904205799102783,
                    -0.025615418329834938,
                    0.13568730652332306,
                    0.5469730496406555
                ],
                [
                    1.862645149230957e-09,
                    0.9826431274414062,
                    0.18550601601600647,
                    0.7477986216545105
                ],
                [
                    0.0,
                    0.0,
                    0.0,
                    1.0
                ]
            ]
        },
        {
            "file_path": "/data/shapenet_blender/all_50_random/02958343/40c2b97577b43161aaafd94b9f216ef6/r_17",
            "rotation": 0.12566370614359174,
            "transform_matrix": [
                [
                    -0.30361032485961914,
                    0.8999837040901184,
                    0.31280988454818726,
                    1.2609771490097046
                ],
                [
                    0.9527962803840637,
                    0.28678151965141296,
                    0.09967747330665588,
                    0.4018127918243408
                ],
                [
                    0.0,
                    0.32830721139907837,
                    -0.9445708990097046,
                    -3.807687282562256
                ],
                [
                    0.0,
                    0.0,
                    0.0,
                    1.0
                ]
            ]
        },
        {
            "file_path": "/data/shapenet_blender/all_50_random/02958343/40c2b97577b43161aaafd94b9f216ef6/r_18",
            "rotation": 0.12566370614359174,
            "transform_matrix": [
                [
                    0.7243537902832031,
                    -0.5185808539390564,
                    -0.4542964994907379,
                    -1.8313279151916504
                ],
                [
                    -0.6894283890724182,
                    -0.5448514223098755,
                    -0.4773104786872864,
                    -1.9241001605987549
                ],
                [
                    -2.9802322387695312e-08,
                    0.6589465737342834,
                    -0.7521896362304688,
                    -3.0321736335754395
                ],
                [
                    0.0,
                    0.0,
                    0.0,
                    1.0
                ]
            ]
        },
        {
            "file_path": "/data/shapenet_blender/all_50_random/02958343/40c2b97577b43161aaafd94b9f216ef6/r_19",
            "rotation": 0.12566370614359174,
            "transform_matrix": [
                [
                    0.6647989749908447,
                    -0.0075467959977686405,
                    -0.74698406457901,
                    -3.0111892223358154
                ],
                [
                    -0.747022271156311,
                    -0.006716134957969189,
                    -0.6647650003433228,
                    -2.6797537803649902
                ],
                [
                    0.0,
                    0.9999489188194275,
                    -0.010102503933012486,
                    -0.0407245010137558
                ],
                [
                    0.0,
                    0.0,
                    0.0,
                    1.0
                ]
            ]
        },
        {
            "file_path": "/data/shapenet_blender/all_50_random/02958343/40c2b97577b43161aaafd94b9f216ef6/r_20",
            "rotation": 0.12566370614359174,
            "transform_matrix": [
                [
                    0.9598586559295654,
                    0.03173034265637398,
                    -0.27868372201919556,
                    -1.1234099864959717
                ],
                [
                    -0.28048431873321533,
                    0.1085859164595604,
                    -0.9536968469619751,
                    -3.8444747924804688
                ],
                [
                    1.862645149230957e-09,
                    0.9935805201530457,
                    0.11312699317932129,
                    0.45602947473526
                ],
                [
                    0.0,
                    0.0,
                    0.0,
                    1.0
                ]
            ]
        },
        {
            "file_path": "/data/shapenet_blender/all_50_random/02958343/40c2b97577b43161aaafd94b9f216ef6/r_21",
            "rotation": 0.12566370614359174,
            "transform_matrix": [
                [
                    -0.934815526008606,
                    0.22193419933319092,
                    0.2772458791732788,
                    1.1176139116287231
                ],
                [
                    0.35513389110565186,
                    0.5841952562332153,
                    0.7297916412353516,
                    2.9418842792510986
                ],
                [
                    0.0,
                    0.7806800007820129,
                    -0.6249310374259949,
                    -2.5191776752471924
                ],
                [
                    0.0,
                    0.0,
                    0.0,
                    1.0
                ]
            ]
        },
        {
            "file_path": "/data/shapenet_blender/all_50_random/02958343/40c2b97577b43161aaafd94b9f216ef6/r_22",
            "rotation": 0.12566370614359174,
            "transform_matrix": [
                [
                    -0.9677833318710327,
                    -0.14317116141319275,
                    0.20711718499660492,
                    0.8349161148071289
                ],
                [
                    0.25178468227386475,
                    -0.5503061413764954,
                    0.7960951924324036,
                    3.209162712097168
                ],
                [
                    -1.4901161193847656e-08,
                    0.8225966691970825,
                    0.568625271320343,
                    2.2922019958496094
                ],
                [
                    0.0,
                    0.0,
                    0.0,
                    1.0
                ]
            ]
        },
        {
            "file_path": "/data/shapenet_blender/all_50_random/02958343/40c2b97577b43161aaafd94b9f216ef6/r_23",
            "rotation": 0.12566370614359174,
            "transform_matrix": [
                [
                    0.9664568305015564,
                    0.09376745671033859,
                    -0.23909980058670044,
                    -0.9638421535491943
                ],
                [
                    -0.25682881474494934,
                    0.3528505861759186,
                    -0.8997418284416199,
                    -3.6269752979278564
                ],
                [
                    7.450580152834618e-09,
                    0.9309694766998291,
                    0.3650970458984375,
                    1.4717532396316528
                ],
                [
                    0.0,
                    0.0,
                    0.0,
                    1.0
                ]
            ]
        },
        {
            "file_path": "/data/shapenet_blender/all_50_random/02958343/40c2b97577b43161aaafd94b9f216ef6/r_24",
            "rotation": 0.12566370614359174,
            "transform_matrix": [
                [
                    -0.08420371264219284,
                    -0.9250798225402832,
                    0.37032002210617065,
                    1.4928077459335327
                ],
                [
                    0.9964485764503479,
                    -0.07817278802394867,
                    0.03129345923662186,
                    0.12614797055721283
                ],
                [
                    0.0,
                    0.37163978815078735,
                    0.9283769726753235,
                    3.7424070835113525
                ],
                [
                    0.0,
                    0.0,
                    0.0,
                    1.0
                ]
            ]
        },
        {
            "file_path": "/data/shapenet_blender/all_50_random/02958343/40c2b97577b43161aaafd94b9f216ef6/r_25",
            "rotation": 0.12566370614359174,
            "transform_matrix": [
                [
                    0.6955873370170593,
                    0.008357924409210682,
                    0.7183929085731506,
                    2.8959343433380127
                ],
                [
                    0.7184414863586426,
                    -0.00809205137193203,
                    -0.6955403089523315,
                    -2.8038127422332764
                ],
                [
                    -9.313225191043273e-10,
                    0.9999322891235352,
                    -0.011633409187197685,
                    -0.046895772218704224
                ],
                [
                    0.0,
                    0.0,
                    0.0,
                    1.0
                ]
            ]
        },
        {
            "file_path": "/data/shapenet_blender/all_50_random/02958343/40c2b97577b43161aaafd94b9f216ef6/r_26",
            "rotation": 0.12566370614359174,
            "transform_matrix": [
                [
                    0.9590505957603455,
                    0.09973787516355515,
                    0.265093058347702,
                    1.0686242580413818
                ],
                [
                    0.2832348048686981,
                    -0.33771857619285583,
                    -0.8976213932037354,
                    -3.6184275150299072
                ],
                [
                    0.0,
                    0.9359478950500488,
                    -0.3521384596824646,
                    -1.4195154905319214
                ],
                [
                    0.0,
                    0.0,
                    0.0,
                    1.0
                ]
            ]
        },
        {
            "file_path": "/data/shapenet_blender/all_50_random/02958343/40c2b97577b43161aaafd94b9f216ef6/r_27",
            "rotation": 0.12566370614359174,
            "transform_matrix": [
                [
                    -0.5113568902015686,
                    -0.6518070101737976,
                    -0.5600550770759583,
                    -2.2576541900634766
                ],
                [
                    -0.8593684434890747,
                    0.38784995675086975,
                    0.3332540690898895,
                    1.3433901071548462
                ],
                [
                    0.0,
                    0.651705265045166,
                    -0.758472204208374,
                    -3.0574991703033447
                ],
                [
                    0.0,
                    0.0,
                    0.0,
                    1.0
                ]
            ]
        },
        {
            "file_path": "/data/shapenet_blender/all_50_random/02958343/40c2b97577b43161aaafd94b9f216ef6/r_28",
            "rotation": 0.12566370614359174,
            "transform_matrix": [
                [
                    -0.9813162684440613,
                    -0.010684086941182613,
                    0.19210462272167206,
                    0.7743985056877136
                ],
                [
                    0.1924014836549759,
                    -0.054492659866809845,
                    0.979802131652832,
                    3.9497087001800537
                ],
                [
                    9.313225746154785e-10,
                    0.9984569549560547,
                    0.05553017184138298,
                    0.22384928166866302
                ],
                [
                    0.0,
                    0.0,
                    0.0,
                    1.0
                ]
            ]
        },
        {
            "file_path": "/data/shapenet_blender/all_50_random/02958343/40c2b97577b43161aaafd94b9f216ef6/r_29",
            "rotation": 0.12566370614359174,
            "transform_matrix": [
                [
                    0.9990677833557129,
                    -0.006833870895206928,
                    -0.04262600466609001,
                    -0.1718309223651886
                ],
                [
                    -0.04317034035921097,
                    -0.15815256536006927,
                    -0.9864705204963684,
                    -3.9765899181365967
                ],
                [
                    0.0,
                    0.98739093542099,
                    -0.15830016136169434,
                    -0.6381283402442932
                ],
                [
                    0.0,
                    0.0,
                    0.0,
                    1.0
                ]
            ]
        },
        {
            "file_path": "/data/shapenet_blender/all_50_random/02958343/40c2b97577b43161aaafd94b9f216ef6/r_30",
            "rotation": 0.12566370614359174,
            "transform_matrix": [
                [
                    0.3257904648780823,
                    -0.25897669792175293,
                    0.9092807769775391,
                    3.6654281616210938
                ],
                [
                    0.9454419612884521,
                    0.08924095332622528,
                    -0.31332969665527344,
                    -1.2630723714828491
                ],
                [
                    7.450580596923828e-09,
                    0.9617520570755005,
                    0.27392128109931946,
                    1.1042120456695557
                ],
                [
                    0.0,
                    0.0,
                    0.0,
                    1.0
                ]
            ]
        },
        {
            "file_path": "/data/shapenet_blender/all_50_random/02958343/40c2b97577b43161aaafd94b9f216ef6/r_31",
            "rotation": 0.12566370614359174,
            "transform_matrix": [
                [
                    0.08604300022125244,
                    0.0063374219462275505,
                    -0.9962712526321411,
                    -4.0160980224609375
                ],
                [
                    -0.99629145860672,
                    0.000547320581972599,
                    -0.08604124933481216,
                    -0.3468433916568756
                ],
                [
                    5.820766091346741e-11,
                    0.9999797940254211,
                    0.006361011415719986,
                    0.02564205974340439
                ],
                [
                    0.0,
                    0.0,
                    0.0,
                    1.0
                ]
            ]
        },
        {
            "file_path": "/data/shapenet_blender/all_50_random/02958343/40c2b97577b43161aaafd94b9f216ef6/r_32",
            "rotation": 0.12566370614359174,
            "transform_matrix": [
                [
                    -0.47459712624549866,
                    0.2908305525779724,
                    0.830767810344696,
                    3.3489322662353516
                ],
                [
                    0.8802031874656677,
                    0.15681305527687073,
                    0.4479420483112335,
                    1.805712103843689
                ],
                [
                    0.0,
                    0.943836510181427,
                    -0.33041295409202576,
                    -1.3319371938705444
                ],
                [
                    0.0,
                    0.0,
                    0.0,
                    1.0
                ]
            ]
        },
        {
            "file_path": "/data/shapenet_blender/all_50_random/02958343/40c2b97577b43161aaafd94b9f216ef6/r_33",
            "rotation": 0.12566370614359174,
            "transform_matrix": [
                [
                    -0.6753960251808167,
                    -0.675157368183136,
                    0.2966523766517639,
                    1.195844054222107
                ],
                [
                    0.7374552488327026,
                    -0.6183407306671143,
                    0.2716881334781647,
                    1.095210075378418
                ],
                [
                    0.0,
                    0.4022649824619293,
                    0.9155231714248657,
                    3.6905922889709473
                ],
                [
                    0.0,
                    0.0,
                    0.0,
                    1.0
                ]
            ]
        },
        {
            "file_path": "/data/shapenet_blender/all_50_random/02958343/40c2b97577b43161aaafd94b9f216ef6/r_34",
            "rotation": 0.12566370614359174,
            "transform_matrix": [
                [
                    -0.800751268863678,
                    0.09481920301914215,
                    -0.5914446115493774,
                    -2.3841896057128906
                ],
                [
                    -0.5989971160888672,
                    -0.1267561912536621,
                    0.7906550168991089,
                    3.187232255935669
                ],
                [
                    7.450580596923828e-09,
                    0.9873916506767273,
                    0.158296599984169,
                    0.6381140351295471
                ],
                [
                    0.0,
                    0.0,
                    0.0,
                    1.0
                ]
            ]
        },
        {
            "file_path": "/data/shapenet_blender/all_50_random/02958343/40c2b97577b43161aaafd94b9f216ef6/r_35",
            "rotation": 0.12566370614359174,
            "transform_matrix": [
                [
                    -0.27026069164276123,
                    -0.5304646492004395,
                    0.8034713864326477,
                    3.2388970851898193
                ],
                [
                    0.9627872705459595,
                    -0.14890490472316742,
                    0.2255396842956543,
                    0.9091796278953552
                ],
                [
                    7.450582373280668e-09,
                    0.834526538848877,
                    0.5509675741195679,
                    2.2210216522216797
                ],
                [
                    0.0,
                    0.0,
                    0.0,
                    1.0
                ]
            ]
        },
        {
            "file_path": "/data/shapenet_blender/all_50_random/02958343/40c2b97577b43161aaafd94b9f216ef6/r_36",
            "rotation": 0.12566370614359174,
            "transform_matrix": [
                [
                    0.7047691345214844,
                    -0.039910510182380676,
                    0.7083132863044739,
                    2.855302095413208
                ],
                [
                    0.70943683385849,
                    0.039647918194532394,
                    -0.7036529779434204,
                    -2.8365159034729004
                ],
                [
                    1.862645149230957e-09,
                    0.9984163641929626,
                    0.05625660717487335,
                    0.22677764296531677
                ],
                [
                    0.0,
                    0.0,
                    0.0,
                    1.0
                ]
            ]
        },
        {
            "file_path": "/data/shapenet_blender/all_50_random/02958343/40c2b97577b43161aaafd94b9f216ef6/r_37",
            "rotation": 0.12566370614359174,
            "transform_matrix": [
                [
                    -0.9389777779579163,
                    -0.02487761341035366,
                    -0.34307706356048584,
                    -1.3829878568649292
                ],
                [
                    -0.3439778983592987,
                    0.06790996342897415,
                    0.9365187287330627,
                    3.7752277851104736
                ],
                [
                    0.0,
                    0.997381329536438,
                    -0.0723232850432396,
                    -0.29154449701309204
                ],
                [
                    0.0,
                    0.0,
                    0.0,
                    1.0
                ]
            ]
        },
        {
            "file_path": "/data/shapenet_blender/all_50_random/02958343/40c2b97577b43161aaafd94b9f216ef6/r_38",
            "rotation": 0.12566370614359174,
            "transform_matrix": [
                [
                    0.6037766337394714,
                    -0.4953598380088806,
                    0.6245577335357666,
                    2.5176727771759033
                ],
                [
                    0.797153651714325,
                    0.375193327665329,
                    -0.4730498492717743,
                    -1.9069249629974365
                ],
                [
                    0.0,
                    0.7834848761558533,
                    0.6214108467102051,
                    2.5049872398376465
                ],
                [
                    0.0,
                    0.0,
                    0.0,
                    1.0
                ]
            ]
        },
        {
            "file_path": "/data/shapenet_blender/all_50_random/02958343/40c2b97577b43161aaafd94b9f216ef6/r_39",
            "rotation": 0.12566370614359174,
            "transform_matrix": [
                [
                    -0.7604828476905823,
                    0.44068747758865356,
                    -0.4769280254840851,
                    -1.9225584268569946
                ],
                [
                    -0.6493580341339111,
                    -0.5161023736000061,
                    0.5585447549819946,
                    2.251566171646118
                ],
                [
                    0.0,
                    0.7344608306884766,
                    0.678650975227356,
                    2.735729932785034
                ],
                [
                    0.0,
                    0.0,
                    0.0,
                    1.0
                ]
            ]
        },
        {
            "file_path": "/data/shapenet_blender/all_50_random/02958343/40c2b97577b43161aaafd94b9f216ef6/r_40",
            "rotation": 0.12566370614359174,
            "transform_matrix": [
                [
                    -0.8752913475036621,
                    -0.0029824147932231426,
                    0.483586847782135,
                    1.9494009017944336
                ],
                [
                    0.4835960566997528,
                    -0.005398062523454428,
                    0.8752745985984802,
                    3.5283448696136475
                ],
                [
                    0.0,
                    0.9999810457229614,
                    0.00616716081276536,
                    0.024860620498657227
                ],
                [
                    0.0,
                    0.0,
                    0.0,
                    1.0
                ]
            ]
        },
        {
            "file_path": "/data/shapenet_blender/all_50_random/02958343/40c2b97577b43161aaafd94b9f216ef6/r_41",
            "rotation": 0.12566370614359174,
            "transform_matrix": [
                [
                    -0.5809122323989868,
                    0.04181131720542908,
                    0.8128914833068848,
                    3.2768707275390625
                ],
                [
                    0.8139660954475403,
                    0.029839947819709778,
                    0.5801452994346619,
                    2.3386406898498535
                ],
                [
                    0.0,
                    0.9986797571182251,
