{
    "class": "02958343",
    "model": "8db161338795c215b1bb46d2556ba67d",
    "remove_doubles": true,
    "edge_split": true,
    "denoise": true,
    "camera_angle_x": 0.6911112070083618,
    "scale_factor": 2.255963967433427,
    "hdri_file": "/data/IndoorHDRDataset2018/9C4A6647-f3017a3fbb.exr",
    "center_offset": [
        0.0,
        -2.3283064365386963e-09,
        -3.725290298461914e-09
    ],
    "lights": [],
    "frames": [
        {
            "file_path": "/data/shapenet_blender/all_50_random/02958343/8db161338795c215b1bb46d2556ba67d/r_0",
            "rotation": 0.12566370614359174,
            "transform_matrix": [
                [
                    0.04729529842734337,
                    -0.22373434901237488,
                    0.9735019207000732,
                    3.924311876296997
                ],
                [
                    0.9988809823989868,
                    0.010593435727059841,
                    -0.046093638986349106,
                    -0.1858094036579132
                ],
                [
                    0.0,
                    0.9745925068855286,
                    0.2239850014448166,
                    0.902912437915802
                ],
                [
                    0.0,
                    0.0,
                    0.0,
                    1.0
                ]
            ]
        },
        {
            "file_path": "/data/shapenet_blender/all_50_random/02958343/8db161338795c215b1bb46d2556ba67d/r_1",
            "rotation": 0.12566370614359174,
            "transform_matrix": [
                [
                    0.678434431552887,
                    -0.6998947858810425,
                    -0.223324716091156,
                    -0.9002507925033569
                ],
                [
                    -0.7346609234809875,
                    -0.6463290452957153,
                    -0.20623278617858887,
                    -0.8313510417938232
                ],
                [
                    0.0,
                    0.3039833903312683,
                    -0.9526772499084473,
                    -3.840365171432495
                ],
                [
                    0.0,
                    0.0,
                    0.0,
                    1.0
                ]
            ]
        },
        {
            "file_path": "/data/shapenet_blender/all_50_random/02958343/8db161338795c215b1bb46d2556ba67d/r_2",
            "rotation": 0.12566370614359174,
            "transform_matrix": [
                [
                    -0.3259298801422119,
                    -0.34658077359199524,
                    0.8795744776725769,
                    3.5456783771514893
                ],
                [
                    0.945393979549408,
                    -0.11948567628860474,
                    0.30323824286460876,
                    1.2223925590515137
                ],
                [
                    0.0,
                    0.930378794670105,
                    0.36659932136535645,
                    1.4778093099594116
                ],
                [
                    0.0,
                    0.0,
                    0.0,
                    1.0
                ]
            ]
        },
        {
            "file_path": "/data/shapenet_blender/all_50_random/02958343/8db161338795c215b1bb46d2556ba67d/r_3",
            "rotation": 0.12566370614359174,
            "transform_matrix": [
                [
                    0.43488243222236633,
                    0.07009009271860123,
                    0.8977553248405457,
                    3.6189675331115723
                ],
                [
                    0.9004873633384705,
                    -0.03384938836097717,
                    -0.4335629940032959,
                    -1.7477483749389648
                ],
                [
                    -1.862645371275562e-09,
                    0.9969661831855774,
                    -0.07783574610948563,
                    -0.3137659430503845
                ],
                [
                    0.0,
                    0.0,
                    0.0,
                    1.0
                ]
            ]
        },
        {
            "file_path": "/data/shapenet_blender/all_50_random/02958343/8db161338795c215b1bb46d2556ba67d/r_4",
            "rotation": 0.12566370614359174,
            "transform_matrix": [
                [
                    0.4597665071487427,
                    -0.20694491267204285,
                    0.8635905385017395,
                    3.4812445640563965
                ],
                [
                    0.8880398869514465,
                    0.10714195668697357,
                    -0.44710826873779297,
                    -1.8023509979248047
                ],
                [
                    0.0,
                    0.9724681377410889,
                    0.2330356240272522,
                    0.9393966197967529
                ],
                [
                    0.0,
                    0.0,
                    0.0,
                    1.0
                ]
            ]
        },
        {
            "file_path": "/data/shapenet_blender/all_50_random/02958343/8db161338795c215b1bb46d2556ba67d/r_5",
            "rotation": 0.12566370614359174,
            "transform_matrix": [
                [
                    0.49280932545661926,
                    0.7678754925727844,
                    -0.40927523374557495,
                    -1.6498411893844604
                ],
                [
                    -0.8701373934745789,
                    0.434892475605011,
                    -0.23179633915424347,
                    -0.9344009160995483
                ],
                [
                    -1.4901162970204496e-08,
                    0.4703570008277893,
                    0.8824761509895325,
                    3.557375192642212
                ],
                [
                    0.0,
                    0.0,
                    0.0,
                    1.0
                ]
            ]
        },
        {
            "file_path": "/data/shapenet_blender/all_50_random/02958343/8db161338795c215b1bb46d2556ba67d/r_6",
            "rotation": 0.12566370614359174,
            "transform_matrix": [
                [
                    -0.0565938875079155,
                    -0.006926609203219414,
                    0.99837327003479,
                    4.024571418762207
                ],
                [
                    0.9983972907066345,
                    -0.00039263302460312843,
                    0.05659252777695656,
                    0.22813177108764648
                ],
                [
                    0.0,
                    0.9999760389328003,
                    0.006937727332115173,
                    0.027966873720288277
                ],
                [
                    0.0,
                    0.0,
                    0.0,
                    1.0
                ]
            ]
        },
        {
            "file_path": "/data/shapenet_blender/all_50_random/02958343/8db161338795c215b1bb46d2556ba67d/r_7",
            "rotation": 0.12566370614359174,
            "transform_matrix": [
                [
                    0.9457136392593384,
                    -0.32469069957733154,
                    -0.01420216541737318,
                    -0.05725075304508209
                ],
                [
                    -0.32500115036964417,
                    -0.9448102712631226,
                    -0.04132656380534172,
                    -0.16659268736839294
                ],
                [
                    0.0,
                    0.04369807615876198,
                    -0.9990448355674744,
                    -4.027277946472168
                ],
                [
                    0.0,
                    0.0,
                    0.0,
                    1.0
                ]
            ]
        },
        {
            "file_path": "/data/shapenet_blender/all_50_random/02958343/8db161338795c215b1bb46d2556ba67d/r_8",
            "rotation": 0.12566370614359174,
            "transform_matrix": [
                [
                    0.9621257781982422,
                    0.00033546550548635423,
                    -0.272605836391449,
                    -1.0989093780517578
                ],
                [
                    -0.27260610461235046,
                    0.0011839793296530843,
                    -0.9621249437332153,
                    -3.8784499168395996
                ],
                [
                    -5.820766091346741e-11,
                    0.9999993443489075,
                    0.001230586669407785,
                    0.004960653837770224
                ],
                [
                    0.0,
                    0.0,
                    0.0,
                    1.0
                ]
            ]
        },
        {
            "file_path": "/data/shapenet_blender/all_50_random/02958343/8db161338795c215b1bb46d2556ba67d/r_9",
            "rotation": 0.12566370614359174,
            "transform_matrix": [
                [
                    -0.9316176176071167,
                    -0.01490822620689869,
                    -0.3631342053413391,
                    -1.4638408422470093
                ],
                [
                    -0.3634401261806488,
                    0.038214731961488724,
                    0.9308334589004517,
                    3.752309799194336
                ],
                [
                    0.0,
                    0.9991582632064819,
                    -0.04101976379752159,
                    -0.16535595059394836
                ],
                [
                    0.0,
                    0.0,
                    0.0,
                    1.0
                ]
            ]
        },
        {
            "file_path": "/data/shapenet_blender/all_50_random/02958343/8db161338795c215b1bb46d2556ba67d/r_10",
            "rotation": 0.12566370614359174,
            "transform_matrix": [
                [
                    0.7850086688995361,
                    0.5621546506881714,
                    -0.2602759301662445,
                    -1.0492057800292969
                ],
                [
                    -0.6194847822189331,
                    0.712360143661499,
                    -0.3298206329345703,
                    -1.3295495510101318
                ],
                [
                    0.0,
                    0.42014896869659424,
                    0.9074551463127136,
                    3.6580686569213867
                ],
                [
                    0.0,
                    0.0,
                    0.0,
                    1.0
                ]
            ]
        },
        {
            "file_path": "/data/shapenet_blender/all_50_random/02958343/8db161338795c215b1bb46d2556ba67d/r_11",
            "rotation": 0.12566370614359174,
            "transform_matrix": [
                [
                    0.40781092643737793,
                    -0.7444415092468262,
                    -0.528674840927124,
                    -2.1311564445495605
                ],
                [
                    -0.9130663871765137,
                    -0.3324964940547943,
                    -0.23612673580646515,
                    -0.951857328414917
                ],
                [
                    1.4901161193847656e-08,
                    0.5790101885795593,
                    -0.8153201937675476,
                    -3.28666090965271
                ],
                [
                    0.0,
                    0.0,
                    0.0,
                    1.0
                ]
            ]
        },
        {
            "file_path": "/data/shapenet_blender/all_50_random/02958343/8db161338795c215b1bb46d2556ba67d/r_12",
            "rotation": 0.12566370614359174,
            "transform_matrix": [
                [
                    0.998246431350708,
                    0.023047344759106636,
                    0.05452399700880051,
                    0.21979326009750366
                ],
                [
                    0.059194985777139664,
                    -0.38866347074508667,
                    -0.9194762706756592,
                    -3.7065274715423584
                ],
                [
                    -1.862645149230957e-09,
                    0.9210914373397827,
                    -0.38934624195098877,
                    -1.5695048570632935
                ],
                [
                    0.0,
                    0.0,
                    0.0,
                    1.0
                ]
            ]
        },
        {
            "file_path": "/data/shapenet_blender/all_50_random/02958343/8db161338795c215b1bb46d2556ba67d/r_13",
            "rotation": 0.12566370614359174,
            "transform_matrix": [
                [
                    -0.11095023900270462,
                    0.8315944671630859,
                    0.5441880226135254,
                    2.1936919689178467
                ],
                [
                    0.9938260316848755,
                    0.09283878654241562,
                    0.06075287237763405,
                    0.24490265548229218
                ],
                [
                    -3.725290742551124e-09,
                    0.5475687384605408,
                    -0.8367606997489929,
                    -3.3730902671813965
                ],
                [
                    0.0,
                    0.0,
                    0.0,
                    1.0
                ]
            ]
        },
        {
            "file_path": "/data/shapenet_blender/all_50_random/02958343/8db161338795c215b1bb46d2556ba67d/r_14",
            "rotation": 0.12566370614359174,
            "transform_matrix": [
                [
                    0.7387295961380005,
                    0.11691837012767792,
                    -0.6637835502624512,
                    -2.6757972240448
                ],
                [
                    -0.6740018725395203,
                    0.12814661860466003,
                    -0.7275299429893494,
                    -2.932767152786255
                ],
                [
                    0.0,
                    0.9848393797874451,
                    0.17346887290477753,
                    0.6992754340171814
                ],
                [
                    0.0,
                    0.0,
                    0.0,
                    1.0
                ]
            ]
        },
        {
            "file_path": "/data/shapenet_blender/all_50_random/02958343/8db161338795c215b1bb46d2556ba67d/r_15",
            "rotation": 0.12566370614359174,
            "transform_matrix": [
                [
                    -0.9253181219100952,
                    -0.043661490082740784,
                    -0.37666940689086914,
                    -1.5184030532836914
                ],
                [
                    -0.37919145822525024,
                    0.10654450207948685,
                    0.919163703918457,
                    3.7052676677703857
                ],
                [
                    -3.7252896323280993e-09,
                    0.9933489561080933,
                    -0.11514361947774887,
                    -0.4641588032245636
                ],
                [
                    0.0,
                    0.0,
                    0.0,
                    1.0
                ]
            ]
        },
        {
            "file_path": "/data/shapenet_blender/all_50_random/02958343/8db161338795c215b1bb46d2556ba67d/r_16",
            "rotation": 0.12566370614359174,
            "transform_matrix": [
                [
                    -0.6689412593841553,
                    -0.7351174354553223,
                    -0.11009111255407333,
                    -0.4437915086746216
                ],
                [
                    -0.7433153390884399,
                    0.6615636348724365,
                    0.09907570481300354,
                    0.3993869721889496
                ],
                [
                    -7.450580596923828e-09,
                    0.14810790121555328,
                    -0.9889711141586304,
                    -3.9866702556610107
                ],
                [
                    0.0,
                    0.0,
                    0.0,
                    1.0
                ]
            ]
        },
        {
            "file_path": "/data/shapenet_blender/all_50_random/02958343/8db161338795c215b1bb46d2556ba67d/r_17",
            "rotation": 0.12566370614359174,
            "transform_matrix": [
                [
                    -0.3568478226661682,
                    -0.7009304761886597,
                    -0.6175402402877808,
                    -2.489384651184082
                ],
                [
                    -0.9341626167297363,
                    0.2677537202835083,
                    0.23589886724948883,
                    0.9509388208389282
                ],
                [
                    1.4901162970204496e-08,
                    0.661063015460968,
                    -0.7503302693367004,
                    -3.0246782302856445
                ],
                [
                    0.0,
                    0.0,
                    0.0,
                    1.0
                ]
            ]
        },
        {
            "file_path": "/data/shapenet_blender/all_50_random/02958343/8db161338795c215b1bb46d2556ba67d/r_18",
            "rotation": 0.12566370614359174,
            "transform_matrix": [
                [
                    -0.8848761320114136,
                    -0.09118538349866867,
                    -0.45681455731391907,
                    -1.8414783477783203
                ],
                [
                    -0.46582654118537903,
                    0.17321421205997467,
                    0.8677571415901184,
                    3.4980409145355225
                ],
                [
                    7.450580596923828e-09,
                    0.9806538820266724,
                    -0.1957496702671051,
                    -0.7890921831130981
                ],
                [
                    0.0,
                    0.0,
                    0.0,
                    1.0
                ]
            ]
        },
        {
            "file_path": "/data/shapenet_blender/all_50_random/02958343/8db161338795c215b1bb46d2556ba67d/r_19",
            "rotation": 0.12566370614359174,
            "transform_matrix": [
                [
                    0.8913750648498535,
                    -0.14355666935443878,
                    0.42993274331092834,
                    1.7331143617630005
                ],
                [
                    0.4532667100429535,
                    0.28231245279312134,
                    -0.8454874753952026,
                    -3.408268928527832
                ],
                [
                    0.0,
                    0.9485204219818115,
                    0.3167157471179962,
                    1.2767219543457031
                ],
                [
                    0.0,
                    0.0,
                    0.0,
                    1.0
                ]
            ]
        },
        {
            "file_path": "/data/shapenet_blender/all_50_random/02958343/8db161338795c215b1bb46d2556ba67d/r_20",
            "rotation": 0.12566370614359174,
            "transform_matrix": [
                [
                    -0.9999661445617676,
                    0.004772414918988943,
                    0.006701257545500994,
                    0.027013633400201797
                ],
                [
                    0.008226955309510231,
                    0.5800752639770508,
                    0.814521312713623,
                    3.283440351486206
                ],
                [
                    0.0,
                    0.8145488500595093,
                    -0.5800949335098267,
                    -2.338437557220459
                ],
                [
                    0.0,
                    0.0,
                    0.0,
                    1.0
                ]
            ]
        },
        {
            "file_path": "/data/shapenet_blender/all_50_random/02958343/8db161338795c215b1bb46d2556ba67d/r_21",
            "rotation": 0.12566370614359174,
            "transform_matrix": [
                [
                    -0.0086447698995471,
                    -2.4327640858246014e-05,
                    -0.9999626278877258,
                    -4.030978202819824
                ],
                [
                    -0.9999626278877258,
                    2.1031472385857342e-07,
                    0.0086447698995471,
                    0.034848183393478394
                ],
                [
                    1.4210854715202004e-14,
                    1.0,
                    -2.4328550352947786e-05,
                    -9.807152673602104e-05
                ],
                [
                    0.0,
                    0.0,
                    0.0,
                    1.0
                ]
            ]
        },
        {
            "file_path": "/data/shapenet_blender/all_50_random/02958343/8db161338795c215b1bb46d2556ba67d/r_22",
            "rotation": 0.12566370614359174,
            "transform_matrix": [
                [
                    0.8898159265518188,
                    -0.18626829981803894,
                    -0.41657140851020813,
                    -1.679253101348877
                ],
                [
                    -0.456319659948349,
                    -0.3632201850414276,
                    -0.8123075366020203,
                    -3.2745163440704346
                ],
                [
                    0.0,
                    0.9128938913345337,
                    -0.40819695591926575,
                    -1.6454945802688599
                ],
                [
                    0.0,
                    0.0,
                    0.0,
                    1.0
                ]
            ]
        },
        {
            "file_path": "/data/shapenet_blender/all_50_random/02958343/8db161338795c215b1bb46d2556ba67d/r_23",
            "rotation": 0.12566370614359174,
            "transform_matrix": [
                [
                    -0.881424069404602,
                    0.24458250403404236,
                    -0.40406811237335205,
                    -1.6288506984710693
                ],
                [
                    -0.47232580184936523,
                    -0.45642417669296265,
                    0.7540459632873535,
                    3.039656400680542
                ],
                [
                    -1.4901162970204496e-08,
                    0.8554859161376953,
                    0.5178258419036865,
                    2.0874228477478027
                ],
                [
                    0.0,
                    0.0,
                    0.0,
                    1.0
                ]
            ]
        },
        {
            "file_path": "/data/shapenet_blender/all_50_random/02958343/8db161338795c215b1bb46d2556ba67d/r_24",
            "rotation": 0.12566370614359174,
            "transform_matrix": [
                [
                    -0.013024243526160717,
                    -0.29406610131263733,
                    0.9556964039802551,
                    3.8525350093841553
                ],
                [
                    0.9999151825904846,
                    -0.0038303136825561523,
                    0.012448279187083244,
                    0.05018061399459839
                ],
                [
                    -2.3283062977608182e-10,
                    0.9557773470878601,
                    0.2940910756587982,
                    1.1855188608169556
                ],
                [
                    0.0,
                    0.0,
                    0.0,
                    1.0
                ]
            ]
        },
        {
            "file_path": "/data/shapenet_blender/all_50_random/02958343/8db161338795c215b1bb46d2556ba67d/r_25",
            "rotation": 0.12566370614359174,
            "transform_matrix": [
                [
                    -0.13417991995811462,
                    0.05772339925169945,
                    -0.989274263381958,
                    -3.9878923892974854
                ],
                [
                    -0.9909570217132568,
                    -0.007816001772880554,
                    0.1339520663022995,
                    0.5399780869483948
                ],
                [
                    -4.656612873077393e-10,
                    0.9983020424842834,
                    0.058250147849321365,
                    0.2348138689994812
                ],
                [
                    0.0,
                    0.0,
                    0.0,
                    1.0
                ]
            ]
        },
        {
            "file_path": "/data/shapenet_blender/all_50_random/02958343/8db161338795c215b1bb46d2556ba67d/r_26",
            "rotation": 0.12566370614359174,
            "transform_matrix": [
                [
                    -0.8328286409378052,
                    0.4638928174972534,
                    0.3019929826259613,
                    1.2173727750778198
                ],
                [
                    0.553530752658844,
                    0.6979616284370422,
                    0.4543711543083191,
                    1.8316287994384766
                ],
                [
                    0.0,
                    0.545575737953186,
                    -0.8380613923072815,
                    -3.378333806991577
                ],
                [
                    0.0,
                    0.0,
                    0.0,
                    1.0
                ]
            ]
        },
        {
            "file_path": "/data/shapenet_blender/all_50_random/02958343/8db161338795c215b1bb46d2556ba67d/r_27",
            "rotation": 0.12566370614359174,
            "transform_matrix": [
                [
                    0.25639113783836365,
                    -0.6484074592590332,
                    -0.716820240020752,
                    -2.889594793319702
                ],
                [
                    -0.9665731191635132,
                    -0.17199517786502838,
                    -0.19014222919940948,
                    -0.7664878368377686
                ],
                [
                    1.4901161193847656e-08,
                    0.7416098713874817,
                    -0.6708313226699829,
                    -2.7042076587677
                ],
                [
                    0.0,
                    0.0,
                    0.0,
                    1.0
                ]
            ]
        },
        {
            "file_path": "/data/shapenet_blender/all_50_random/02958343/8db161338795c215b1bb46d2556ba67d/r_28",
            "rotation": 0.12566370614359174,
            "transform_matrix": [
                [
                    0.9516957998275757,
                    -0.054069679230451584,
                    -0.3022441864013672,
                    -1.2183853387832642
                ],
                [
                    -0.3070424795150757,
                    -0.16759207844734192,
                    -0.9368231892585754,
                    -3.7764551639556885
                ],
                [
                    0.0,
                    0.984372615814209,
                    -0.17609834671020508,
                    -0.7098751664161682
                ],
                [
                    0.0,
                    0.0,
                    0.0,
                    1.0
                ]
            ]
        },
        {
            "file_path": "/data/shapenet_blender/all_50_random/02958343/8db161338795c215b1bb46d2556ba67d/r_29",
            "rotation": 0.12566370614359174,
            "transform_matrix": [
                [
                    -0.9996060132980347,
                    0.010498962365090847,
                    -0.026029393076896667,
                    -0.10492783784866333
                ],
                [
                    -0.02806701511144638,
                    -0.3739202618598938,
                    0.9270361065864563,
                    3.73700213432312
                ],
                [
                    -9.313224635931761e-10,
                    0.9274014830589294,
                    0.3740675747394562,
                    1.507914662361145
                ],
                [
                    0.0,
                    0.0,
                    0.0,
                    1.0
                ]
            ]
        },
        {
            "file_path": "/data/shapenet_blender/all_50_random/02958343/8db161338795c215b1bb46d2556ba67d/r_30",
            "rotation": 0.12566370614359174,
            "transform_matrix": [
                [
                    -0.7220147252082825,
                    0.01783543825149536,
                    0.6916477680206299,
                    2.788121223449707
                ],
                [
                    0.6918777227401733,
                    0.018612321466207504,
                    0.7217747569084167,
                    2.90956711769104
                ],
                [
                    -1.862645149230957e-09,
                    0.9996677041053772,
                    -0.025778310373425484,
                    -0.10391569137573242
                ],
                [
                    0.0,
                    0.0,
                    0.0,
                    1.0
                ]
            ]
        },
        {
            "file_path": "/data/shapenet_blender/all_50_random/02958343/8db161338795c215b1bb46d2556ba67d/r_31",
            "rotation": 0.12566370614359174,
            "transform_matrix": [
                [
                    0.7846107482910156,
                    -0.009820993058383465,
                    -0.6199108958244324,
                    -2.498940944671631
                ],
                [
                    -0.619988739490509,
                    -0.012428703717887402,
                    -0.7845122218132019,
                    -3.1624701023101807
                ],
                [
                    4.656612873077393e-10,
                    0.999874472618103,
                    -0.015840597450733185,
                    -0.06385549902915955
                ],
                [
                    0.0,
                    0.0,
                    0.0,
                    1.0
                ]
            ]
        },
        {
            "file_path": "/data/shapenet_blender/all_50_random/02958343/8db161338795c215b1bb46d2556ba67d/r_32",
            "rotation": 0.12566370614359174,
            "transform_matrix": [
                [
                    0.2891022562980652,
                    -0.25989192724227905,
                    0.9213446974754333,
                    3.714059352874756
                ],
                [
                    0.9572982788085938,
                    0.078486867249012,
                    -0.27824434638023376,
                    -1.1216388940811157
                ],
                [
                    0.0,
                    0.9624425768852234,
                    0.2714848518371582,
                    1.0943903923034668
                ],
                [
                    0.0,
                    0.0,
                    0.0,
                    1.0
                ]
            ]
        },
        {
            "file_path": "/data/shapenet_blender/all_50_random/02958343/8db161338795c215b1bb46d2556ba67d/r_33",
            "rotation": 0.12566370614359174,
            "transform_matrix": [
                [
                    -0.9033123254776001,
                    -0.21583731472492218,
                    0.3707302510738373,
                    1.4944615364074707
                ],
                [
                    0.42898330092430115,
                    -0.45448973774909973,
                    0.7806485891342163,
                    3.146895408630371
                ],
                [
                    0.0,
                    0.8642067909240723,
                    0.5031367540359497,
                    2.0282094478607178
                ],
                [
                    0.0,
                    0.0,
                    0.0,
                    1.0
                ]
            ]
        },
        {
            "file_path": "/data/shapenet_blender/all_50_random/02958343/8db161338795c215b1bb46d2556ba67d/r_34",
            "rotation": 0.12566370614359174,
            "transform_matrix": [
                [
                    -0.9095003604888916,
                    -0.320666640996933,
                    -0.26454126834869385,
                    -1.0664000511169434
                ],
                [
                    -0.41570329666137695,
                    0.7015735507011414,
                    0.5787791609764099,
                    2.3331336975097656
                ],
                [
                    0.0,
                    0.6363705396652222,
                    -0.7713834047317505,
                    -3.109546184539795
                ],
                [
                    0.0,
                    0.0,
                    0.0,
                    1.0
                ]
            ]
        },
        {
            "file_path": "/data/shapenet_blender/all_50_random/02958343/8db161338795c215b1bb46d2556ba67d/r_35",
            "rotation": 0.12566370614359174,
            "transform_matrix": [
                [
                    -0.8708412647247314,
                    -0.01019249577075243,
                    -0.4914587140083313,
                    -1.9811334609985352
                ],
                [
                    -0.49156442284584045,
                    0.018056729808449745,
                    0.8706539869308472,
                    3.509718418121338
                ],
                [
                    0.0,
                    0.9997850060462952,
                    -0.020734811201691628,
                    -0.08358469605445862
                ],
                [
                    0.0,
                    0.0,
                    0.0,
                    1.0
                ]
            ]
        },
        {
            "file_path": "/data/shapenet_blender/all_50_random/02958343/8db161338795c215b1bb46d2556ba67d/r_36",
            "rotation": 0.12566370614359174,
            "transform_matrix": [
                [
                    0.4605533182621002,
                    -0.7131604552268982,
                    -0.5284814238548279,
                    -2.1303770542144775
                ],
                [
                    -0.8876319527626038,
                    -0.37002769112586975,
                    -0.2742058336734772,
                    -1.1053591966629028
                ],
                [
                    0.0,
                    0.5953834056854248,
                    -0.80344158411026,
                    -3.238776922225952
                ],
                [
                    0.0,
                    0.0,
                    0.0,
                    1.0
                ]
            ]
        },
        {
            "file_path": "/data/shapenet_blender/all_50_random/02958343/8db161338795c215b1bb46d2556ba67d/r_37",
            "rotation": 0.12566370614359174,
            "transform_matrix": [
                [
                    -0.17945873737335205,
                    -0.03883896395564079,
                    0.9829985499382019,
                    3.9625937938690186
                ],
                [
                    0.9837654829025269,
                    -0.007085013203322887,
                    0.17931883037090302,
                    0.7228572964668274
                ],
                [
                    0.0,
                    0.9992203116416931,
                    0.039479903876781464,
                    0.15914858877658844
                ],
                [
                    0.0,
                    0.0,
                    0.0,
                    1.0
                ]
            ]
        },
        {
            "file_path": "/data/shapenet_blender/all_50_random/02958343/8db161338795c215b1bb46d2556ba67d/r_38",
            "rotation": 0.12566370614359174,
            "transform_matrix": [
                [
                    0.7359735369682312,
                    0.4126618206501007,
                    0.536705732345581,
                    2.1635303497314453
                ],
                [
                    0.6770102977752686,
                    -0.44860199093818665,
                    -0.5834493637084961,
                    -2.3519599437713623
                ],
                [
                    -1.4901162970204496e-08,
                    0.7927587032318115,
                    -0.6095354557037354,
                    -2.4571163654327393
                ],
                [
                    0.0,
                    0.0,
                    0.0,
                    1.0
                ]
            ]
        },
        {
            "file_path": "/data/shapenet_blender/all_50_random/02958343/8db161338795c215b1bb46d2556ba67d/r_39",
            "rotation": 0.12566370614359174,
            "transform_matrix": [
                [
                    -0.9888626337051392,
                    0.009259446524083614,
                    0.1485431045293808,
                    0.5987964868545532
                ],
                [
                    0.14883142709732056,
                    0.061521414667367935,
                    0.9869469404220581,
                    3.978510618209839
                ],
                [
                    0.0,
                    0.9980628490447998,
                    -0.06221432238817215,
                    -0.2507939636707306
                ],
                [
                    0.0,
                    0.0,
                    0.0,
                    1.0
                ]
            ]
        },
        {
            "file_path": "/data/shapenet_blender/all_50_random/02958343/8db161338795c215b1bb46d2556ba67d/r_40",
            "rotation": 0.12566370614359174,
            "transform_matrix": [
                [
                    0.6312041878700256,
                    -0.14166365563869476,
                    0.762569785118103,
                    3.07401704788208
                ],
                [
                    0.7756166458129883,
                    0.11528721451759338,
                    -0.6205864548683167,
                    -2.50166392326355
                ],
                [
                    0.0,
                    0.9831786751747131,
                    0.18264645338058472,
                    0.7362713813781738
                ],
                [
                    0.0,
                    0.0,
                    0.0,
                    1.0
                ]
            ]
        },
        {
            "file_path": "/data/shapenet_blender/all_50_random/02958343/8db161338795c215b1bb46d2556ba67d/r_41",
            "rotation": 0.12566370614359174,
            "transform_matrix": [
                [
                    0.9250259399414062,
                    0.02048514038324356,
                    -0.3793511986732483,
                    -1.5292136669158936
                ],
                [
                    -0.3799039125442505,
                    0.04987915977835655,
                    -0.9236801266670227,
