{
    "class": "02958343",
    "model": "6d8da7ec9ead6677701c1f58e22b85e8",
    "remove_doubles": true,
    "edge_split": true,
    "denoise": true,
    "camera_angle_x": 0.6911112070083618,
    "scale_factor": 2.4259567815948353,
    "hdri_file": "/data/IndoorHDRDataset2018/9C4A0204-fa5ffbc29c.exr",
    "center_offset": [
        0.0,
        -2.7939677238464355e-09,
        7.450580596923828e-09
    ],
    "lights": [],
    "frames": [
        {
            "file_path": "/data/shapenet_blender/all_50_random/02958343/6d8da7ec9ead6677701c1f58e22b85e8/r_0",
            "rotation": 0.12566370614359174,
            "transform_matrix": [
                [
                    0.941261887550354,
                    0.12614209949970245,
                    -0.31323209404945374,
                    -1.262679100036621
                ],
                [
                    -0.3376776874065399,
                    0.35161563754081726,
                    -0.873120903968811,
                    -3.519663095474243
                ],
                [
                    0.0,
                    0.9276068210601807,
                    0.3735577166080475,
                    1.5058594942092896
                ],
                [
                    0.0,
                    0.0,
                    0.0,
                    1.0
                ]
            ]
        },
        {
            "file_path": "/data/shapenet_blender/all_50_random/02958343/6d8da7ec9ead6677701c1f58e22b85e8/r_1",
            "rotation": 0.12566370614359174,
            "transform_matrix": [
                [
                    -0.8309317827224731,
                    -0.3242569863796234,
                    0.45211702585220337,
                    1.8225421905517578
                ],
                [
                    0.5563743710517883,
                    -0.4842700660228729,
                    0.6752259135246277,
                    2.7219228744506836
                ],
                [
                    1.4901161193847656e-08,
                    0.8126129508018494,
                    0.5828036069869995,
                    2.3493566513061523
                ],
                [
                    0.0,
                    0.0,
                    0.0,
                    1.0
                ]
            ]
        },
        {
            "file_path": "/data/shapenet_blender/all_50_random/02958343/6d8da7ec9ead6677701c1f58e22b85e8/r_2",
            "rotation": 0.12566370614359174,
            "transform_matrix": [
                [
                    0.7736594676971436,
                    -0.4887232482433319,
                    -0.40323781967163086,
                    -1.625503659248352
                ],
                [
                    -0.633601725101471,
                    -0.5967555046081543,
                    -0.4923735558986664,
                    -1.9848213195800781
                ],
                [
                    1.4901162970204496e-08,
                    0.6364215612411499,
                    -0.7713413238525391,
                    -3.1093764305114746
                ],
                [
                    0.0,
                    0.0,
                    0.0,
                    1.0
                ]
            ]
        },
        {
            "file_path": "/data/shapenet_blender/all_50_random/02958343/6d8da7ec9ead6677701c1f58e22b85e8/r_3",
            "rotation": 0.12566370614359174,
            "transform_matrix": [
                [
                    0.7287313938140869,
                    -0.0020148553885519505,
                    -0.6847965717315674,
                    -2.7605035305023193
                ],
                [
                    -0.6847995519638062,
                    -0.00214411411434412,
                    -0.728728175163269,
                    -2.9375975131988525
                ],
                [
                    -1.1641531488804091e-10,
                    0.999995768070221,
                    -0.0029422547668218613,
                    -0.01186060905456543
                ],
                [
                    0.0,
                    0.0,
                    0.0,
                    1.0
                ]
            ]
        },
        {
            "file_path": "/data/shapenet_blender/all_50_random/02958343/6d8da7ec9ead6677701c1f58e22b85e8/r_4",
            "rotation": 0.12566370614359174,
            "transform_matrix": [
                [
                    0.7586527466773987,
                    -0.34531059861183167,
                    0.5524550080299377,
                    2.227017641067505
                ],
                [
                    0.6514952182769775,
                    0.4021070599555969,
                    -0.6433224678039551,
                    -2.593316078186035
                ],
                [
                    1.4901161193847656e-08,
                    0.8479803204536438,
                    0.5300276279449463,
                    2.1366100311279297
                ],
                [
                    0.0,
                    0.0,
                    0.0,
                    1.0
                ]
            ]
        },
        {
            "file_path": "/data/shapenet_blender/all_50_random/02958343/6d8da7ec9ead6677701c1f58e22b85e8/r_5",
            "rotation": 0.12566370614359174,
            "transform_matrix": [
                [
                    0.554712176322937,
                    -0.0007881564670242369,
                    -0.8320419192314148,
                    -3.3540682792663574
                ],
                [
                    -0.8320423364639282,
                    -0.0005254540592432022,
                    -0.5547119379043579,
                    -2.2361154556274414
                ],
                [
                    0.0,
                    0.9999995827674866,
                    -0.0009472552919760346,
                    -0.0038185082376003265
                ],
                [
                    0.0,
                    0.0,
                    0.0,
                    1.0
                ]
            ]
        },
        {
            "file_path": "/data/shapenet_blender/all_50_random/02958343/6d8da7ec9ead6677701c1f58e22b85e8/r_6",
            "rotation": 0.12566370614359174,
            "transform_matrix": [
                [
                    -0.9624956846237183,
                    -0.2604292631149292,
                    0.07601778954267502,
                    0.30643755197525024
                ],
                [
                    0.2712971270084381,
                    -0.9239392280578613,
                    0.2696925103664398,
                    1.087165355682373
                ],
                [
                    0.0,
                    0.28020134568214417,
                    0.9599412083625793,
                    3.8696470260620117
                ],
                [
                    0.0,
                    0.0,
                    0.0,
                    1.0
                ]
            ]
        },
        {
            "file_path": "/data/shapenet_blender/all_50_random/02958343/6d8da7ec9ead6677701c1f58e22b85e8/r_7",
            "rotation": 0.12566370614359174,
            "transform_matrix": [
                [
                    0.9818946123123169,
                    -0.008751172572374344,
                    0.18922582268714905,
                    0.762793779373169
                ],
                [
                    0.18942807614803314,
                    0.04536142945289612,
                    -0.9808462262153625,
                    -3.9539177417755127
                ],
                [
                    9.313224635931761e-10,
                    0.998932421207428,
                    0.04619785398244858,
                    0.18622952699661255
                ],
                [
                    0.0,
                    0.0,
                    0.0,
                    1.0
                ]
            ]
        },
        {
            "file_path": "/data/shapenet_blender/all_50_random/02958343/6d8da7ec9ead6677701c1f58e22b85e8/r_8",
            "rotation": 0.12566370614359174,
            "transform_matrix": [
                [
                    -0.12035611271858215,
                    -0.7407312989234924,
                    0.6609323024749756,
                    2.6643035411834717
                ],
                [
                    0.9927307367324829,
                    -0.08980435878038406,
                    0.08012973517179489,
                    0.3230133354663849
                ],
                [
                    0.0,
                    0.6657719612121582,
                    0.7461552023887634,
                    3.007848024368286
                ],
                [
                    0.0,
                    0.0,
                    0.0,
                    1.0
                ]
            ]
        },
        {
            "file_path": "/data/shapenet_blender/all_50_random/02958343/6d8da7ec9ead6677701c1f58e22b85e8/r_9",
            "rotation": 0.12566370614359174,
            "transform_matrix": [
                [
                    0.9866951704025269,
                    -0.004446280654519796,
                    -0.1625204086303711,
                    -0.65514075756073
                ],
                [
                    -0.16258123517036438,
                    -0.026984194293618202,
                    -0.9863260388374329,
                    -3.9760076999664307
                ],
                [
                    0.0,
                    0.9996259808540344,
                    -0.027348052710294724,
                    -0.1102435365319252
                ],
                [
                    0.0,
                    0.0,
                    0.0,
                    1.0
                ]
            ]
        },
        {
            "file_path": "/data/shapenet_blender/all_50_random/02958343/6d8da7ec9ead6677701c1f58e22b85e8/r_10",
            "rotation": 0.12566370614359174,
            "transform_matrix": [
                [
                    -0.7603650689125061,
                    -0.21832212805747986,
                    -0.6117029190063477,
                    -2.465853452682495
                ],
                [
                    -0.6494959592819214,
                    0.2555897533893585,
                    0.7161206603050232,
                    2.886774778366089
                ],
                [
                    1.4901162970204496e-08,
                    0.9418116807937622,
                    -0.33614084124565125,
                    -1.3550270795822144
                ],
                [
                    0.0,
                    0.0,
                    0.0,
                    1.0
                ]
            ]
        },
        {
            "file_path": "/data/shapenet_blender/all_50_random/02958343/6d8da7ec9ead6677701c1f58e22b85e8/r_11",
            "rotation": 0.12566370614359174,
            "transform_matrix": [
                [
                    0.6494024991989136,
                    -0.0006194099551066756,
                    0.7604445815086365,
                    3.065450429916382
                ],
                [
                    0.7604449987411499,
                    0.0005289617693051696,
                    -0.6494021415710449,
                    -2.617824077606201
                ],
                [
                    2.9103833926180656e-11,
                    0.9999996423721313,
                    0.0008145361789502203,
                    0.0032835006713867188
                ],
                [
                    0.0,
                    0.0,
                    0.0,
                    1.0
                ]
            ]
        },
        {
            "file_path": "/data/shapenet_blender/all_50_random/02958343/6d8da7ec9ead6677701c1f58e22b85e8/r_12",
            "rotation": 0.12566370614359174,
            "transform_matrix": [
                [
                    0.7076919674873352,
                    -0.552930474281311,
                    0.43981802463531494,
                    1.772963285446167
                ],
                [
                    0.7065210342407227,
                    0.5538468360900879,
                    -0.4405469298362732,
                    -1.7759015560150146
                ],
                [
                    0.0,
                    0.6225123405456543,
                    0.7826099395751953,
                    3.154801845550537
                ],
                [
                    0.0,
                    0.0,
                    0.0,
                    1.0
                ]
            ]
        },
        {
            "file_path": "/data/shapenet_blender/all_50_random/02958343/6d8da7ec9ead6677701c1f58e22b85e8/r_13",
            "rotation": 0.12566370614359174,
            "transform_matrix": [
                [
                    0.3832852244377136,
                    0.27007895708084106,
                    -0.8832609057426453,
                    -3.5605382919311523
                ],
                [
                    -0.9236300587654114,
                    0.11207656562328339,
                    -0.36653298139572144,
                    -1.4775416851043701
                ],
                [
                    0.0,
                    0.956292986869812,
                    0.29241031408309937,
                    1.178743600845337
                ],
                [
                    0.0,
                    0.0,
                    0.0,
                    1.0
                ]
            ]
        },
        {
            "file_path": "/data/shapenet_blender/all_50_random/02958343/6d8da7ec9ead6677701c1f58e22b85e8/r_14",
            "rotation": 0.12566370614359174,
            "transform_matrix": [
                [
                    -0.13001734018325806,
                    0.12094958871603012,
                    -0.9841070175170898,
                    -3.96706223487854
                ],
                [
                    -0.9915116429328918,
                    -0.015860171988606453,
                    0.12904636561870575,
                    0.5202025175094604
                ],
                [
                    -1.8626450382086546e-09,
                    0.992531955242157,
                    0.12198503315448761,
                    0.49173739552497864
                ],
                [
                    0.0,
                    0.0,
                    0.0,
                    1.0
                ]
            ]
        },
        {
            "file_path": "/data/shapenet_blender/all_50_random/02958343/6d8da7ec9ead6677701c1f58e22b85e8/r_15",
            "rotation": 0.12566370614359174,
            "transform_matrix": [
                [
                    -0.7833394408226013,
                    -0.07440776377916336,
                    0.6171245574951172,
                    2.487708568572998
                ],
                [
                    0.6215941309928894,
                    -0.09376945346593857,
                    0.7777069211006165,
                    3.1350367069244385
                ],
                [
                    0.0,
                    0.9928094744682312,
                    0.11970475316047668,
                    0.48254525661468506
                ],
                [
                    0.0,
                    0.0,
                    0.0,
                    1.0
                ]
            ]
        },
        {
            "file_path": "/data/shapenet_blender/all_50_random/02958343/6d8da7ec9ead6677701c1f58e22b85e8/r_16",
            "rotation": 0.12566370614359174,
            "transform_matrix": [
                [
                    0.2790902853012085,
                    -0.1652374565601349,
                    0.9459413886070251,
                    3.8132119178771973
                ],
                [
                    0.9602648615837097,
                    0.04802442714571953,
                    -0.2749273180961609,
                    -1.1082675457000732
                ],
                [
                    0.0,
                    0.9850838780403137,
                    0.17207488417625427,
                    0.6936560869216919
                ],
                [
                    0.0,
                    0.0,
                    0.0,
                    1.0
                ]
            ]
        },
        {
            "file_path": "/data/shapenet_blender/all_50_random/02958343/6d8da7ec9ead6677701c1f58e22b85e8/r_17",
            "rotation": 0.12566370614359174,
            "transform_matrix": [
                [
                    -0.7798400521278381,
                    0.46270331740379333,
                    0.42161038517951965,
                    1.6995657682418823
                ],
                [
                    0.6259790062904358,
                    0.5764323472976685,
                    0.5252390503883362,
                    2.1173062324523926
                ],
                [
                    -2.980232594040899e-08,
                    0.6735215187072754,
                    -0.7391675114631653,
                    -2.979679584503174
                ],
                [
                    0.0,
                    0.0,
                    0.0,
                    1.0
                ]
            ]
        },
        {
            "file_path": "/data/shapenet_blender/all_50_random/02958343/6d8da7ec9ead6677701c1f58e22b85e8/r_18",
            "rotation": 0.12566370614359174,
            "transform_matrix": [
                [
                    0.08412858843803406,
                    -0.6376480460166931,
                    -0.765720009803772,
                    -3.086716413497925
                ],
                [
                    -0.9964548945426941,
                    -0.05383528769016266,
                    -0.06464812904596329,
                    -0.26060497760772705
                ],
                [
                    0.0,
                    0.7684442400932312,
                    -0.6399165987968445,
                    -2.5795865058898926
                ],
                [
                    0.0,
                    0.0,
                    0.0,
                    1.0
                ]
            ]
        },
        {
            "file_path": "/data/shapenet_blender/all_50_random/02958343/6d8da7ec9ead6677701c1f58e22b85e8/r_19",
            "rotation": 0.12566370614359174,
            "transform_matrix": [
                [
                    -0.08974476903676987,
                    -0.3193145990371704,
                    -0.9433895945549011,
                    -3.8029253482818604
                ],
                [
                    -0.9959648251533508,
                    0.02877291850745678,
                    0.08500729501247406,
                    0.3426753878593445
                ],
                [
                    1.862645371275562e-09,
                    0.947211742401123,
                    -0.32060831785202026,
                    -1.292413592338562
                ],
                [
                    0.0,
                    0.0,
                    0.0,
                    1.0
                ]
            ]
        },
        {
            "file_path": "/data/shapenet_blender/all_50_random/02958343/6d8da7ec9ead6677701c1f58e22b85e8/r_20",
            "rotation": 0.12566370614359174,
            "transform_matrix": [
                [
                    0.9868138432502747,
                    -0.038322217762470245,
                    -0.15725727379322052,
                    -0.6339243650436401
                ],
                [
                    -0.16185931861400604,
                    -0.23364050686359406,
                    -0.9587563276290894,
                    -3.864870309829712
                ],
                [
                    0.0,
                    0.9715675115585327,
                    -0.23676250874996185,
                    -0.9544202089309692
                ],
                [
                    0.0,
                    0.0,
                    0.0,
                    1.0
                ]
            ]
        },
        {
            "file_path": "/data/shapenet_blender/all_50_random/02958343/6d8da7ec9ead6677701c1f58e22b85e8/r_21",
            "rotation": 0.12566370614359174,
            "transform_matrix": [
                [
                    -0.3572674095630646,
                    0.3713575303554535,
                    -0.8570026159286499,
                    -3.45468807220459
                ],
                [
                    -0.934002161026001,
                    -0.14204886555671692,
                    0.32781413197517395,
                    1.3214610815048218
                ],
                [
                    -7.450581485102248e-09,
                    0.9175595045089722,
                    0.3975982069969177,
                    1.6027696132659912
                ],
                [
                    0.0,
                    0.0,
                    0.0,
                    1.0
                ]
            ]
        },
        {
            "file_path": "/data/shapenet_blender/all_50_random/02958343/6d8da7ec9ead6677701c1f58e22b85e8/r_22",
            "rotation": 0.12566370614359174,
            "transform_matrix": [
                [
                    -0.2024639993906021,
                    -0.47511088848114014,
                    0.8563165664672852,
                    3.4519224166870117
                ],
                [
                    0.979289710521698,
                    -0.09822716563940048,
                    0.17703981697559357,
                    0.7136703133583069
                ],
                [
                    0.0,
                    0.8744261264801025,
                    0.48515865206718445,
                    1.9557371139526367
                ],
                [
                    0.0,
                    0.0,
                    0.0,
                    1.0
                ]
            ]
        },
        {
            "file_path": "/data/shapenet_blender/all_50_random/02958343/6d8da7ec9ead6677701c1f58e22b85e8/r_23",
            "rotation": 0.12566370614359174,
            "transform_matrix": [
                [
                    0.9946868419647217,
                    -0.06662200391292572,
                    -0.07848310470581055,
                    -0.3163755536079407
                ],
                [
                    -0.10294704139232635,
                    -0.6437099575996399,
                    -0.7583133578300476,
                    -3.056859254837036
                ],
                [
                    0.0,
                    0.7623639106750488,
                    -0.6471484303474426,
                    -2.608739137649536
                ],
                [
                    0.0,
                    0.0,
                    0.0,
                    1.0
                ]
            ]
        },
        {
            "file_path": "/data/shapenet_blender/all_50_random/02958343/6d8da7ec9ead6677701c1f58e22b85e8/r_24",
            "rotation": 0.12566370614359174,
            "transform_matrix": [
                [
                    0.13387243449687958,
                    -0.16174457967281342,
                    -0.977709949016571,
                    -3.941275119781494
                ],
                [
                    -0.9909985661506653,
                    -0.021849822252988815,
                    -0.13207730650901794,
                    -0.5324206948280334
                ],
                [
                    1.8626450382086546e-09,
                    0.9865907430648804,
                    -0.16321371495723724,
                    -0.657935619354248
                ],
                [
                    0.0,
                    0.0,
                    0.0,
                    1.0
                ]
            ]
        },
        {
            "file_path": "/data/shapenet_blender/all_50_random/02958343/6d8da7ec9ead6677701c1f58e22b85e8/r_25",
            "rotation": 0.12566370614359174,
            "transform_matrix": [
                [
                    0.9557518362998962,
                    0.155661940574646,
                    0.24961496889591217,
                    1.0062299966812134
                ],
                [
                    0.29417383670806885,
                    -0.5057355761528015,
                    -0.810982882976532,
                    -3.2691762447357178
                ],
                [
                    0.0,
                    0.8485286235809326,
                    -0.5291494727134705,
                    -2.1330695152282715
                ],
                [
                    0.0,
                    0.0,
                    0.0,
                    1.0
                ]
            ]
        },
        {
            "file_path": "/data/shapenet_blender/all_50_random/02958343/6d8da7ec9ead6677701c1f58e22b85e8/r_26",
            "rotation": 0.12566370614359174,
            "transform_matrix": [
                [
                    0.2774883210659027,
                    -0.3513031601905823,
                    -0.8941957950592041,
                    -3.604618787765503
                ],
                [
                    -0.9607290625572205,
                    -0.10146723687648773,
                    -0.2582714259624481,
                    -1.0411255359649658
                ],
                [
                    -7.450581485102248e-09,
                    0.9307472109794617,
                    -0.3656631112098694,
                    -1.4740352630615234
                ],
                [
                    0.0,
                    0.0,
                    0.0,
                    1.0
                ]
            ]
        },
        {
            "file_path": "/data/shapenet_blender/all_50_random/02958343/6d8da7ec9ead6677701c1f58e22b85e8/r_27",
            "rotation": 0.12566370614359174,
            "transform_matrix": [
                [
                    0.30201297998428345,
                    -0.9453977346420288,
                    -0.12252058833837509,
                    -0.4938962459564209
                ],
                [
                    -0.9533038139343262,
                    -0.299508273601532,
                    -0.03881533443927765,
                    -0.15646961331367493
                ],
                [
                    0.0,
                    0.12852171063423157,
                    -0.9917066693305969,
                    -3.997697114944458
                ],
                [
                    0.0,
                    0.0,
                    0.0,
                    1.0
                ]
            ]
        },
        {
            "file_path": "/data/shapenet_blender/all_50_random/02958343/6d8da7ec9ead6677701c1f58e22b85e8/r_28",
            "rotation": 0.12566370614359174,
            "transform_matrix": [
                [
                    -0.6492820978164673,
                    0.09720652550458908,
                    -0.7543100118637085,
                    -3.0407209396362305
                ],
                [
                    -0.7605476379394531,
                    -0.0829855352640152,
                    0.6439570188522339,
                    2.5958738327026367
                ],
                [
                    7.450580596923828e-09,
                    0.9917985200881958,
                    0.1278112232685089,
                    0.515223503112793
                ],
                [
                    0.0,
                    0.0,
                    0.0,
                    1.0
                ]
            ]
        },
        {
            "file_path": "/data/shapenet_blender/all_50_random/02958343/6d8da7ec9ead6677701c1f58e22b85e8/r_29",
            "rotation": 0.12566370614359174,
            "transform_matrix": [
                [
                    0.04928456246852875,
                    0.6033083200454712,
                    -0.7959836721420288,
                    -3.2087130546569824
                ],
                [
                    -0.9987847805023193,
                    0.029769962653517723,
                    -0.03927743807435036,
                    -0.1583324372768402
                ],
                [
                    -1.862645149230957e-09,
                    0.7969521880149841,
                    0.6040423512458801,
                    2.4349727630615234
                ],
                [
                    0.0,
                    0.0,
                    0.0,
                    1.0
                ]
            ]
        },
        {
            "file_path": "/data/shapenet_blender/all_50_random/02958343/6d8da7ec9ead6677701c1f58e22b85e8/r_30",
            "rotation": 0.12566370614359174,
            "transform_matrix": [
                [
                    -0.6336143016815186,
                    0.41071102023124695,
                    0.65562903881073,
                    2.642925262451172
                ],
                [
                    0.7736490964889526,
                    0.33636999130249023,
                    0.5369564890861511,
                    2.1645407676696777
                ],
                [
                    1.4901161193847656e-08,
                    0.8474500179290771,
                    -0.5308750867843628,
                    -2.1400258541107178
                ],
                [
                    0.0,
                    0.0,
                    0.0,
                    1.0
                ]
            ]
        },
        {
            "file_path": "/data/shapenet_blender/all_50_random/02958343/6d8da7ec9ead6677701c1f58e22b85e8/r_31",
            "rotation": 0.12566370614359174,
            "transform_matrix": [
                [
                    0.8543558120727539,
                    0.3334685266017914,
                    0.3985908627510071,
                    1.6067712306976318
                ],
                [
                    0.5196883082389832,
                    -0.5482147336006165,
                    -0.6552743315696716,
                    -2.6414954662323
                ],
                [
                    2.9802320611338473e-08,
                    0.7669804692268372,
                    -0.6416702270507812,
                    -2.586655616760254
                ],
                [
                    0.0,
                    0.0,
                    0.0,
                    1.0
                ]
            ]
        },
        {
            "file_path": "/data/shapenet_blender/all_50_random/02958343/6d8da7ec9ead6677701c1f58e22b85e8/r_32",
            "rotation": 0.12566370614359174,
            "transform_matrix": [
                [
                    -0.4559435546398163,
                    -0.6997284889221191,
                    0.5499958992004395,
                    2.217104434967041
                ],
                [
                    0.8900086283683777,
                    -0.35846471786499023,
                    0.28175804018974304,
                    1.135802984237671
                ],
                [
                    -1.4901160305669237e-08,
                    0.617966890335083,
                    0.7862040996551514,
                    3.169290065765381
                ],
                [
                    0.0,
                    0.0,
                    0.0,
                    1.0
                ]
            ]
        },
        {
            "file_path": "/data/shapenet_blender/all_50_random/02958343/6d8da7ec9ead6677701c1f58e22b85e8/r_33",
            "rotation": 0.12566370614359174,
            "transform_matrix": [
                [
                    -0.6150632500648499,
                    0.407763808965683,
                    0.6748523712158203,
                    2.7204172611236572
                ],
                [
                    0.7884777784347534,
                    0.31808197498321533,
                    0.5264281630516052,
                    2.1221001148223877
                ],
                [
                    -1.4901161193847656e-08,
                    0.8558928370475769,
                    -0.5171531438827515,
                    -2.0847113132476807
                ],
                [
                    0.0,
                    0.0,
                    0.0,
                    1.0
                ]
            ]
        },
        {
            "file_path": "/data/shapenet_blender/all_50_random/02958343/6d8da7ec9ead6677701c1f58e22b85e8/r_34",
            "rotation": 0.12566370614359174,
            "transform_matrix": [
                [
                    0.412092924118042,
                    0.6281760931015015,
                    0.6599803566932678,
                    2.660465955734253
                ],
                [
                    0.9111418724060059,
                    -0.2841126322746277,
                    -0.29849714040756226,
                    -1.2032804489135742
                ],
                [
                    -1.4901162970204496e-08,
                    0.7243442535400391,
                    -0.6894384026527405,
                    -2.779215097427368
                ],
                [
                    0.0,
                    0.0,
                    0.0,
                    1.0
                ]
            ]
        },
        {
            "file_path": "/data/shapenet_blender/all_50_random/02958343/6d8da7ec9ead6677701c1f58e22b85e8/r_35",
            "rotation": 0.12566370614359174,
            "transform_matrix": [
                [
                    0.983696460723877,
                    -3.500692400848493e-05,
                    0.17983679473400116,
                    0.7249453067779541
                ],
                [
                    0.17983679473400116,
                    0.00019148577121086419,
                    -0.9836964011192322,
                    -3.965407133102417
                ],
                [
                    0.0,
                    1.0,
                    0.00019465936929918826,
                    0.0007846970111131668
                ],
                [
                    0.0,
                    0.0,
                    0.0,
                    1.0
                ]
            ]
        },
        {
            "file_path": "/data/shapenet_blender/all_50_random/02958343/6d8da7ec9ead6677701c1f58e22b85e8/r_36",
            "rotation": 0.12566370614359174,
            "transform_matrix": [
                [
                    -0.6360720992088318,
                    -0.35882607102394104,
                    0.6831222772598267,
                    2.753754138946533
                ],
                [
                    0.7716297507286072,
                    -0.29578858613967896,
                    0.5631133913993835,
                    2.2699828147888184
                ],
                [
                    0.0,
                    0.8852981328964233,
                    0.4650237262248993,
                    1.8745707273483276
                ],
                [
                    0.0,
                    0.0,
                    0.0,
                    1.0
                ]
            ]
        },
        {
            "file_path": "/data/shapenet_blender/all_50_random/02958343/6d8da7ec9ead6677701c1f58e22b85e8/r_37",
            "rotation": 0.12566370614359174,
            "transform_matrix": [
                [
                    0.6764355897903442,
                    0.2964599132537842,
                    0.6742005348205566,
                    2.7177894115448
                ],
                [
                    0.7365018129348755,
                    -0.27228182554244995,
                    -0.6192153692245483,
                    -2.4961371421813965
                ],
                [
                    2.9802322387695312e-08,
                    0.9154092669487,
                    -0.40252432227134705,
                    -1.62262761592865
                ],
                [
                    0.0,
                    0.0,
                    0.0,
                    1.0
                ]
            ]
        },
        {
            "file_path": "/data/shapenet_blender/all_50_random/02958343/6d8da7ec9ead6677701c1f58e22b85e8/r_38",
            "rotation": 0.12566370614359174,
            "transform_matrix": [
                [
                    -0.8579921126365662,
                    -0.10380648076534271,
                    0.5030643939971924,
                    2.0279173851013184
                ],
                [
                    0.5136628746986389,
                    -0.173392191529274,
                    0.8402889370918274,
                    3.3873131275177
                ],
                [
                    7.450580596923828e-09,
                    0.9793667197227478,
                    0.20209066569805145,
                    0.8146535158157349
                ],
                [
                    0.0,
                    0.0,
                    0.0,
                    1.0
                ]
            ]
        },
        {
            "file_path": "/data/shapenet_blender/all_50_random/02958343/6d8da7ec9ead6677701c1f58e22b85e8/r_39",
            "rotation": 0.12566370614359174,
            "transform_matrix": [
                [
                    0.515140175819397,
                    0.6502595543861389,
                    -0.5583842396736145,
                    -2.2509188652038574
                ],
                [
                    -0.8571059107780457,
                    0.39082086086273193,
                    -0.33560168743133545,
                    -1.3528536558151245
                ],
                [
                    0.0,
                    0.6514763832092285,
                    0.7586688995361328,
                    3.0582921504974365
                ],
                [
                    0.0,
                    0.0,
                    0.0,
                    1.0
                ]
            ]
        },
        {
            "file_path": "/data/shapenet_blender/all_50_random/02958343/6d8da7ec9ead6677701c1f58e22b85e8/r_40",
            "rotation": 0.12566370614359174,
            "transform_matrix": [
                [
                    0.8107914328575134,
                    0.18759219348430634,
                    -0.5544604063034058,
                    -2.2351014614105225
                ],
                [
                    -0.5853350162506104,
                    0.2598479688167572,
                    -0.7680246233940125,
                    -3.096006393432617
                ],
                [
                    -1.4901160305669237e-08,
                    0.9472529292106628,
                    0.32048681378364563,
                    1.2919236421585083
                ],
                [
                    0.0,
                    0.0,
                    0.0,
                    1.0
                ]
            ]
        },
        {
            "file_path": "/data/shapenet_blender/all_50_random/02958343/6d8da7ec9ead6677701c1f58e22b85e8/r_41",
            "rotation": 0.12566370614359174,
            "transform_matrix": [
                [
                    0.38205963373184204,
                    -0.4114401638507843,
                    -0.8274946212768555,
                    -3.335737705230713
                ],
                [
                    -0.9241377115249634,
                    -0.17009873688220978,
                    -0.3421051502227783,
