{
    "class": "02958343",
    "model": "1f5e1b0661b340fc81dcc09cafd93d2e",
    "remove_doubles": true,
    "edge_split": true,
    "denoise": true,
    "camera_angle_x": 0.6911112070083618,
    "scale_factor": 2.5524496781219375,
    "hdri_file": "/data/IndoorHDRDataset2018/AG8A5316-8bef0b9e5c.exr",
    "center_offset": [
        0.0,
        0.0,
        2.0954757928848267e-09
    ],
    "lights": [],
    "frames": [
        {
            "file_path": "/data/shapenet_blender/all_50_random/02958343/1f5e1b0661b340fc81dcc09cafd93d2e/r_0",
            "rotation": 0.12566370614359174,
            "transform_matrix": [
                [
                    -0.8396945595741272,
                    0.18657755851745605,
                    -0.5100017786026001,
                    -2.0558829307556152
                ],
                [
                    -0.5430588722229004,
                    -0.28849202394485474,
                    0.788580596446991,
                    3.1788699626922607
                ],
                [
                    0.0,
                    0.9391279220581055,
                    0.343567818403244,
                    1.3849661350250244
                ],
                [
                    0.0,
                    0.0,
                    0.0,
                    1.0
                ]
            ]
        },
        {
            "file_path": "/data/shapenet_blender/all_50_random/02958343/1f5e1b0661b340fc81dcc09cafd93d2e/r_1",
            "rotation": 0.12566370614359174,
            "transform_matrix": [
                [
                    -0.9992679357528687,
                    -0.018378669396042824,
                    0.03355554863810539,
                    0.1352667510509491
                ],
                [
                    0.03825899586081505,
                    -0.48002344369888306,
                    0.8764209151268005,
                    3.532965898513794
                ],
                [
                    0.0,
                    0.877062976360321,
                    0.48037514090538025,
                    1.9364542961120605
                ],
                [
                    0.0,
                    0.0,
                    0.0,
                    1.0
                ]
            ]
        },
        {
            "file_path": "/data/shapenet_blender/all_50_random/02958343/1f5e1b0661b340fc81dcc09cafd93d2e/r_2",
            "rotation": 0.12566370614359174,
            "transform_matrix": [
                [
                    0.49332135915756226,
                    0.43580254912376404,
                    -0.7528015971183777,
                    -3.034640312194824
                ],
                [
                    -0.8698471784591675,
                    0.2471591681241989,
                    -0.4269406199455261,
                    -1.721052646636963
                ],
                [
                    0.0,
                    0.8654412627220154,
                    0.5010104179382324,
                    2.0196375846862793
                ],
                [
                    0.0,
                    0.0,
                    0.0,
                    1.0
                ]
            ]
        },
        {
            "file_path": "/data/shapenet_blender/all_50_random/02958343/1f5e1b0661b340fc81dcc09cafd93d2e/r_3",
            "rotation": 0.12566370614359174,
            "transform_matrix": [
                [
                    0.394214391708374,
                    -0.5476341843605042,
                    0.7380324006080627,
                    2.9751038551330566
                ],
                [
                    0.9190186262130737,
                    0.23490850627422333,
                    -0.3165801167488098,
                    -1.2761752605438232
                ],
                [
                    0.0,
                    0.803065836429596,
                    0.59589022397995,
                    2.4021103382110596
                ],
                [
                    0.0,
                    0.0,
                    0.0,
                    1.0
                ]
            ]
        },
        {
            "file_path": "/data/shapenet_blender/all_50_random/02958343/1f5e1b0661b340fc81dcc09cafd93d2e/r_4",
            "rotation": 0.12566370614359174,
            "transform_matrix": [
                [
                    -0.962779700756073,
                    -0.019976258277893066,
                    0.2695481777191162,
                    1.0865834951400757
                ],
                [
                    0.270287424325943,
                    -0.07115661352872849,
                    0.9601465463638306,
                    3.8704745769500732
                ],
                [
                    0.0,
                    0.9972649812698364,
                    0.07390747964382172,
                    0.2979305684566498
                ],
                [
                    0.0,
                    0.0,
                    0.0,
                    1.0
                ]
            ]
        },
        {
            "file_path": "/data/shapenet_blender/all_50_random/02958343/1f5e1b0661b340fc81dcc09cafd93d2e/r_5",
            "rotation": 0.12566370614359174,
            "transform_matrix": [
                [
                    0.6586048007011414,
                    0.44173765182495117,
                    0.6091858744621277,
                    2.45570707321167
                ],
                [
                    0.752488911151886,
                    -0.3866243362426758,
                    -0.5331808924674988,
                    -2.1493210792541504
                ],
                [
                    1.4901160305669237e-08,
                    0.8095611929893494,
                    -0.5870352983474731,
                    -2.36641526222229
                ],
                [
                    0.0,
                    0.0,
                    0.0,
                    1.0
                ]
            ]
        },
        {
            "file_path": "/data/shapenet_blender/all_50_random/02958343/1f5e1b0661b340fc81dcc09cafd93d2e/r_6",
            "rotation": 0.12566370614359174,
            "transform_matrix": [
                [
                    -0.9540379643440247,
                    0.2758514881134033,
                    0.11712140589952469,
                    0.4721314311027527
                ],
                [
                    0.29968565702438354,
                    0.8781628608703613,
                    0.37285158038139343,
                    1.5030126571655273
                ],
                [
                    0.0,
                    0.39081427454948425,
                    -0.9204696416854858,
                    -3.71053147315979
                ],
                [
                    0.0,
                    0.0,
                    0.0,
                    1.0
                ]
            ]
        },
        {
            "file_path": "/data/shapenet_blender/all_50_random/02958343/1f5e1b0661b340fc81dcc09cafd93d2e/r_7",
            "rotation": 0.12566370614359174,
            "transform_matrix": [
                [
                    -0.3225770890712738,
                    -0.02528885379433632,
                    0.9462053775787354,
                    3.8142755031585693
                ],
                [
                    0.9465431571006775,
                    -0.008618312887847424,
                    0.32246196269989014,
                    1.299885630607605
                ],
                [
                    9.313224635931761e-10,
                    0.999643087387085,
                    0.026717063039541245,
                    0.107699915766716
                ],
                [
                    0.0,
                    0.0,
                    0.0,
                    1.0
                ]
            ]
        },
        {
            "file_path": "/data/shapenet_blender/all_50_random/02958343/1f5e1b0661b340fc81dcc09cafd93d2e/r_8",
            "rotation": 0.12566370614359174,
            "transform_matrix": [
                [
                    0.05986903980374336,
                    -0.1002427190542221,
                    -0.9931601881980896,
                    -4.003556728363037
                ],
                [
                    -0.9982062578201294,
                    -0.006012219935655594,
                    -0.05956639349460602,
                    -0.2401198148727417
                ],
                [
                    0.0,
                    0.9949448108673096,
                    -0.10042286664247513,
                    -0.40481752157211304
                ],
                [
                    0.0,
                    0.0,
                    0.0,
                    1.0
                ]
            ]
        },
        {
            "file_path": "/data/shapenet_blender/all_50_random/02958343/1f5e1b0661b340fc81dcc09cafd93d2e/r_9",
            "rotation": 0.12566370614359174,
            "transform_matrix": [
                [
                    0.37948426604270935,
                    -0.335867702960968,
                    -0.8620815277099609,
                    -3.4751617908477783
                ],
                [
                    -0.9251981973648071,
                    -0.13776130974292755,
                    -0.3535959720611572,
                    -1.4253909587860107
                ],
                [
                    -1.4901161193847656e-08,
                    0.9317804574966431,
                    -0.36302244663238525,
                    -1.4633902311325073
                ],
                [
                    0.0,
                    0.0,
                    0.0,
                    1.0
                ]
            ]
        },
        {
            "file_path": "/data/shapenet_blender/all_50_random/02958343/1f5e1b0661b340fc81dcc09cafd93d2e/r_10",
            "rotation": 0.12566370614359174,
            "transform_matrix": [
                [
                    0.5418766140937805,
                    -0.3138428330421448,
                    -0.7796615958213806,
                    -3.142916679382324
                ],
                [
                    -0.8404580354690552,
                    -0.20234692096710205,
                    -0.5026787519454956,
                    -2.0263631343841553
                ],
                [
                    1.4901161193847656e-08,
                    0.9276627898216248,
                    -0.37341880798339844,
                    -1.50529944896698
                ],
                [
                    0.0,
                    0.0,
                    0.0,
                    1.0
                ]
            ]
        },
        {
            "file_path": "/data/shapenet_blender/all_50_random/02958343/1f5e1b0661b340fc81dcc09cafd93d2e/r_11",
            "rotation": 0.12566370614359174,
            "transform_matrix": [
                [
                    0.8360893726348877,
                    -0.3438812792301178,
                    0.42743444442749023,
                    1.7230433225631714
                ],
                [
                    0.548593282699585,
                    0.524095892906189,
                    -0.6514360308647156,
                    -2.6260225772857666
                ],
                [
                    1.4901161193847656e-08,
                    0.7791463136672974,
                    0.6268420219421387,
                    2.526880979537964
                ],
                [
                    0.0,
                    0.0,
                    0.0,
                    1.0
                ]
            ]
        },
        {
            "file_path": "/data/shapenet_blender/all_50_random/02958343/1f5e1b0661b340fc81dcc09cafd93d2e/r_12",
            "rotation": 0.12566370614359174,
            "transform_matrix": [
                [
                    0.8912383913993835,
                    -0.05692126229405403,
                    -0.4499489963054657,
                    -1.8138025999069214
                ],
                [
                    -0.45353519916534424,
                    -0.11185551434755325,
                    -0.8841911554336548,
                    -3.564288854598999
                ],
                [
                    0.0,
                    0.9920929074287415,
                    -0.1255057007074356,
                    -0.505929708480835
                ],
                [
                    0.0,
                    0.0,
                    0.0,
                    1.0
                ]
            ]
        },
        {
            "file_path": "/data/shapenet_blender/all_50_random/02958343/1f5e1b0661b340fc81dcc09cafd93d2e/r_13",
            "rotation": 0.12566370614359174,
            "transform_matrix": [
                [
                    -0.02051810547709465,
                    -0.1811072677373886,
                    0.9832492470741272,
                    3.963604688644409
                ],
                [
                    0.9997894763946533,
                    -0.0037167605478316545,
                    0.02017865888774395,
                    0.08134278655052185
                ],
                [
                    2.3283064365386963e-10,
                    0.9834562540054321,
                    0.18114539980888367,
                    0.7302204966545105
                ],
                [
                    0.0,
                    0.0,
                    0.0,
                    1.0
                ]
            ]
        },
        {
            "file_path": "/data/shapenet_blender/all_50_random/02958343/1f5e1b0661b340fc81dcc09cafd93d2e/r_14",
            "rotation": 0.12566370614359174,
            "transform_matrix": [
                [
                    0.9530397653579712,
                    -0.0333218015730381,
                    0.3010064661502838,
                    1.2133959531784058
                ],
                [
                    0.3028452694416046,
                    0.10486213117837906,
                    -0.9472531676292419,
                    -3.818499803543091
                ],
                [
                    3.725290298461914e-09,
                    0.9939283132553101,
                    0.11002912372350693,
                    0.44354161620140076
                ],
                [
                    0.0,
                    0.0,
                    0.0,
                    1.0
                ]
            ]
        },
        {
            "file_path": "/data/shapenet_blender/all_50_random/02958343/1f5e1b0661b340fc81dcc09cafd93d2e/r_15",
            "rotation": 0.12566370614359174,
            "transform_matrix": [
                [
                    0.39533179998397827,
                    0.519107460975647,
                    -0.7577862739562988,
                    -3.054734468460083
                ],
                [
                    -0.9185384511947632,
                    0.22341981530189514,
                    -0.32614532113075256,
                    -1.3147339820861816
                ],
                [
                    0.0,
                    0.8249915242195129,
                    0.5651450157165527,
                    2.278172731399536
                ],
                [
                    0.0,
                    0.0,
                    0.0,
                    1.0
                ]
            ]
        },
        {
            "file_path": "/data/shapenet_blender/all_50_random/02958343/1f5e1b0661b340fc81dcc09cafd93d2e/r_16",
            "rotation": 0.12566370614359174,
            "transform_matrix": [
                [
                    0.8845599889755249,
                    -0.26426443457603455,
                    0.38434088230133057,
                    1.5493276119232178
                ],
                [
                    0.46642643213272095,
                    0.5011674761772156,
                    -0.7288879156112671,
                    -2.9382412433624268
                ],
                [
                    1.4901161193847656e-08,
                    0.8240118622779846,
                    0.5665725469589233,
                    2.2839269638061523
                ],
                [
                    0.0,
                    0.0,
                    0.0,
                    1.0
                ]
            ]
        },
        {
            "file_path": "/data/shapenet_blender/all_50_random/02958343/1f5e1b0661b340fc81dcc09cafd93d2e/r_17",
            "rotation": 0.12566370614359174,
            "transform_matrix": [
                [
                    -0.8948445320129395,
                    -0.3304465413093567,
                    -0.3000972867012024,
                    -1.2097309827804565
                ],
                [
                    -0.44637805223464966,
                    0.6624391078948975,
                    0.6015986204147339,
                    2.425121784210205
                ],
                [
                    0.0,
                    0.6722941398620605,
                    -0.7402840256690979,
                    -2.9841806888580322
                ],
                [
                    0.0,
                    0.0,
                    0.0,
                    1.0
                ]
            ]
        },
        {
            "file_path": "/data/shapenet_blender/all_50_random/02958343/1f5e1b0661b340fc81dcc09cafd93d2e/r_18",
            "rotation": 0.12566370614359174,
            "transform_matrix": [
                [
                    0.6886975765228271,
                    0.5754325985908508,
                    0.4411041736602783,
                    1.77814781665802
                ],
                [
                    0.7250487208366394,
                    -0.5465826392173767,
                    -0.4189889132976532,
                    -1.6889983415603638
                ],
                [
                    0.0,
                    0.6083785891532898,
                    -0.7936468124389648,
                    -3.1992926597595215
                ],
                [
                    0.0,
                    0.0,
                    0.0,
                    1.0
                ]
            ]
        },
        {
            "file_path": "/data/shapenet_blender/all_50_random/02958343/1f5e1b0661b340fc81dcc09cafd93d2e/r_19",
            "rotation": 0.12566370614359174,
            "transform_matrix": [
                [
                    -0.7777829170227051,
                    -0.2984965145587921,
                    -0.5531306862831116,
                    -2.229741096496582
                ],
                [
                    -0.6285330057144165,
                    0.3693767488002777,
                    0.6844757795333862,
                    2.7592101097106934
                ],
                [
                    -1.4901161193847656e-08,
                    0.8800345063209534,
                    -0.47490984201431274,
                    -1.9144227504730225
                ],
                [
                    0.0,
                    0.0,
                    0.0,
                    1.0
                ]
            ]
        },
        {
            "file_path": "/data/shapenet_blender/all_50_random/02958343/1f5e1b0661b340fc81dcc09cafd93d2e/r_20",
            "rotation": 0.12566370614359174,
            "transform_matrix": [
                [
                    -0.8677997589111328,
                    0.3295196294784546,
                    -0.37194135785102844,
                    -1.4993435144424438
                ],
                [
                    -0.49691399931907654,
                    -0.5754659175872803,
                    0.6495502591133118,
                    2.6184208393096924
                ],
                [
                    -1.4901159417490817e-08,
                    0.7485024333000183,
                    0.6631320714950562,
                    2.673170804977417
                ],
                [
                    0.0,
                    0.0,
                    0.0,
                    1.0
                ]
            ]
        },
        {
            "file_path": "/data/shapenet_blender/all_50_random/02958343/1f5e1b0661b340fc81dcc09cafd93d2e/r_21",
            "rotation": 0.12566370614359174,
            "transform_matrix": [
                [
                    -0.40003153681755066,
                    -0.38357168436050415,
                    -0.8323745727539062,
                    -3.3554093837738037
                ],
                [
                    -0.9165013432502747,
                    0.1674201339483261,
                    0.3633121848106384,
                    1.4645583629608154
                ],
                [
                    -1.4901160305669237e-08,
                    0.9082088470458984,
                    -0.41851726174354553,
                    -1.687097191810608
                ],
                [
                    0.0,
                    0.0,
                    0.0,
                    1.0
                ]
            ]
        },
        {
            "file_path": "/data/shapenet_blender/all_50_random/02958343/1f5e1b0661b340fc81dcc09cafd93d2e/r_22",
            "rotation": 0.12566370614359174,
            "transform_matrix": [
                [
                    0.866232693195343,
                    -0.19368241727352142,
                    -0.46057355403900146,
                    -1.8566311597824097
                ],
                [
                    -0.49964070320129395,
                    -0.33578938245773315,
                    -0.7985015511512756,
                    -3.218862295150757
                ],
                [
                    0.0,
                    0.9218093156814575,
                    -0.3876434564590454,
                    -1.5626405477523804
                ],
                [
                    0.0,
                    0.0,
                    0.0,
                    1.0
                ]
            ]
        },
        {
            "file_path": "/data/shapenet_blender/all_50_random/02958343/1f5e1b0661b340fc81dcc09cafd93d2e/r_23",
            "rotation": 0.12566370614359174,
            "transform_matrix": [
                [
                    -0.940040111541748,
                    -0.1529485285282135,
                    -0.3048465847969055,
                    -1.2288758754730225
                ],
                [
                    -0.34106406569480896,
                    0.4215564429759979,
                    0.8402175307273865,
                    3.3870251178741455
                ],
                [
                    1.4901161193847656e-08,
                    0.8938103318214417,
                    -0.4484451711177826,
                    -1.807740330696106
                ],
                [
                    0.0,
                    0.0,
                    0.0,
                    1.0
                ]
            ]
        },
        {
            "file_path": "/data/shapenet_blender/all_50_random/02958343/1f5e1b0661b340fc81dcc09cafd93d2e/r_24",
            "rotation": 0.12566370614359174,
            "transform_matrix": [
                [
                    0.8567661046981812,
                    0.4610368609428406,
                    -0.23107750713825226,
                    -0.9315032362937927
                ],
                [
                    -0.5157051682472229,
                    0.7659430503845215,
                    -0.38390034437179565,
                    -1.5475518703460693
                ],
                [
                    0.0,
                    0.4480805993080139,
                    0.8939930200576782,
                    3.6038012504577637
                ],
                [
                    0.0,
                    0.0,
                    0.0,
                    1.0
                ]
            ]
        },
        {
            "file_path": "/data/shapenet_blender/all_50_random/02958343/1f5e1b0661b340fc81dcc09cafd93d2e/r_25",
            "rotation": 0.12566370614359174,
            "transform_matrix": [
                [
                    -0.09994136542081833,
                    -0.6471607089042664,
                    0.7557742595672607,
                    3.046623468399048
                ],
                [
                    0.994993269443512,
                    -0.06500358134508133,
                    0.0759131908416748,
                    0.30601584911346436
                ],
                [
                    0.0,
                    0.759577214717865,
                    0.650417149066925,
                    2.621915340423584
                ],
                [
                    0.0,
                    0.0,
                    0.0,
                    1.0
                ]
            ]
        },
        {
            "file_path": "/data/shapenet_blender/all_50_random/02958343/1f5e1b0661b340fc81dcc09cafd93d2e/r_26",
            "rotation": 0.12566370614359174,
            "transform_matrix": [
                [
                    0.48789897561073303,
                    0.04378059133887291,
                    -0.871801495552063,
                    -3.5143442153930664
                ],
                [
                    -0.872900128364563,
                    0.024470733478665352,
                    -0.48728489875793457,
                    -1.964308261871338
                ],
                [
                    0.0,
                    0.9987414479255676,
                    0.05015533044934273,
                    0.2021826058626175
                ],
                [
                    0.0,
                    0.0,
                    0.0,
                    1.0
                ]
            ]
        },
        {
            "file_path": "/data/shapenet_blender/all_50_random/02958343/1f5e1b0661b340fc81dcc09cafd93d2e/r_27",
            "rotation": 0.12566370614359174,
            "transform_matrix": [
                [
                    0.41656947135925293,
                    -0.30951082706451416,
                    0.8547940850257874,
                    3.4457852840423584
                ],
                [
                    0.9091039896011353,
                    0.14182399213314056,
                    -0.39168357849121094,
                    -1.5789270401000977
                ],
                [
                    0.0,
                    0.940260112285614,
                    0.3404570519924164,
                    1.3724262714385986
                ],
                [
                    0.0,
                    0.0,
                    0.0,
                    1.0
                ]
            ]
        },
        {
            "file_path": "/data/shapenet_blender/all_50_random/02958343/1f5e1b0661b340fc81dcc09cafd93d2e/r_28",
            "rotation": 0.12566370614359174,
            "transform_matrix": [
                [
                    -0.5527083873748779,
                    0.5574557185173035,
                    0.6194807291030884,
                    2.497206926345825
                ],
                [
                    0.8333747386932373,
                    0.3697142004966736,
                    0.41085025668144226,
                    1.6561905145645142
                ],
                [
                    0.0,
                    0.743340015411377,
                    -0.6689136624336243,
                    -2.6964774131774902
                ],
                [
                    0.0,
                    0.0,
                    0.0,
                    1.0
                ]
            ]
        },
        {
            "file_path": "/data/shapenet_blender/all_50_random/02958343/1f5e1b0661b340fc81dcc09cafd93d2e/r_29",
            "rotation": 0.12566370614359174,
            "transform_matrix": [
                [
                    0.9387887120246887,
                    0.1466241478919983,
                    -0.3117324411869049,
                    -1.2566336393356323
                ],
                [
                    -0.34449347853660583,
                    0.3995695114135742,
                    -0.849510669708252,
                    -3.4244871139526367
                ],
                [
                    0.0,
                    0.9049007892608643,
                    0.42562243342399597,
                    1.7157388925552368
                ],
                [
                    0.0,
                    0.0,
                    0.0,
                    1.0
                ]
            ]
        },
        {
            "file_path": "/data/shapenet_blender/all_50_random/02958343/1f5e1b0661b340fc81dcc09cafd93d2e/r_30",
            "rotation": 0.12566370614359174,
            "transform_matrix": [
                [
                    -0.6038699746131897,
                    0.008741752244532108,
                    -0.7970349192619324,
                    -3.2129504680633545
                ],
                [
                    -0.7970829010009766,
                    -0.006622751243412495,
                    0.6038336157798767,
                    2.434131145477295
                ],
                [
                    0.0,
                    0.9999399185180664,
                    0.010967180132865906,
                    0.04421011731028557
                ],
                [
                    0.0,
                    0.0,
                    0.0,
                    1.0
                ]
            ]
        },
        {
            "file_path": "/data/shapenet_blender/all_50_random/02958343/1f5e1b0661b340fc81dcc09cafd93d2e/r_31",
            "rotation": 0.12566370614359174,
            "transform_matrix": [
                [
                    0.8924440145492554,
                    -0.38920602202415466,
                    0.22817209362983704,
                    0.9197911024093628
                ],
                [
                    0.4511583745479584,
                    0.7698950171470642,
                    -0.4513510763645172,
                    -1.8194544315338135
                ],
                [
                    0.0,
                    0.5057471990585327,
                    0.8626816868782043,
                    3.477581024169922
                ],
                [
                    0.0,
                    0.0,
                    0.0,
                    1.0
                ]
            ]
        },
        {
            "file_path": "/data/shapenet_blender/all_50_random/02958343/1f5e1b0661b340fc81dcc09cafd93d2e/r_32",
            "rotation": 0.12566370614359174,
            "transform_matrix": [
                [
                    0.7768198251724243,
                    0.13048796355724335,
                    0.6160551309585571,
                    2.483397960662842
                ],
                [
                    0.629723072052002,
                    -0.1609685719013214,
                    -0.7599591612815857,
                    -3.063493490219116
                ],
                [
                    -7.450581485102248e-09,
                    0.9782954454421997,
                    -0.2072148323059082,
                    -0.8353097438812256
                ],
                [
                    0.0,
                    0.0,
                    0.0,
                    1.0
                ]
            ]
        },
        {
            "file_path": "/data/shapenet_blender/all_50_random/02958343/1f5e1b0661b340fc81dcc09cafd93d2e/r_33",
            "rotation": 0.12566370614359174,
            "transform_matrix": [
                [
                    -0.8837148547172546,
                    -0.035501010715961456,
                    0.46667736768722534,
                    1.8812367916107178
                ],
                [
                    0.4680257737636566,
                    -0.06703214347362518,
                    0.881168782711029,
                    3.552105188369751
                ],
                [
                    3.725290298461914e-09,
                    0.9971189498901367,
                    0.07585267722606659,
                    0.30577194690704346
                ],
                [
                    0.0,
                    0.0,
                    0.0,
                    1.0
                ]
            ]
        },
        {
            "file_path": "/data/shapenet_blender/all_50_random/02958343/1f5e1b0661b340fc81dcc09cafd93d2e/r_34",
            "rotation": 0.12566370614359174,
            "transform_matrix": [
                [
                    0.31359338760375977,
                    0.19249843060970306,
                    -0.929840624332428,
                    -3.748307466506958
                ],
                [
                    -0.9495574235916138,
                    0.06357301771640778,
                    -0.3070818781852722,
                    -1.237886667251587
                ],
                [
                    -3.725290298461914e-09,
                    0.9792358875274658,
                    0.2027243673801422,
                    0.8172080516815186
                ],
                [
                    0.0,
                    0.0,
                    0.0,
                    1.0
                ]
            ]
        },
        {
            "file_path": "/data/shapenet_blender/all_50_random/02958343/1f5e1b0661b340fc81dcc09cafd93d2e/r_35",
            "rotation": 0.12566370614359174,
            "transform_matrix": [
                [
                    0.7176945805549622,
                    0.21925857663154602,
                    -0.6609387397766113,
                    -2.6643292903900146
                ],
                [
                    -0.6963579058647156,
                    0.22597675025463104,
                    -0.6811901926994324,
                    -2.7459654808044434
                ],
                [
                    0.0,
                    0.9491365551948547,
                    0.31486475467681885,
                    1.2692604064941406
                ],
                [
                    0.0,
                    0.0,
                    0.0,
                    1.0
                ]
            ]
        },
        {
            "file_path": "/data/shapenet_blender/all_50_random/02958343/1f5e1b0661b340fc81dcc09cafd93d2e/r_36",
            "rotation": 0.12566370614359174,
            "transform_matrix": [
                [
                    -0.2730494439601898,
                    0.25635826587677,
                    -0.9272132515907288,
                    -3.7377161979675293
                ],
                [
                    -0.9620000123977661,
                    -0.07276350259780884,
                    0.26317575573921204,
                    1.0608954429626465
                ],
                [
                    -7.450580152834618e-09,
                    0.9638392329216003,
                    0.26648464798927307,
                    1.0742340087890625
                ],
                [
                    0.0,
                    0.0,
                    0.0,
                    1.0
                ]
            ]
        },
        {
            "file_path": "/data/shapenet_blender/all_50_random/02958343/1f5e1b0661b340fc81dcc09cafd93d2e/r_37",
            "rotation": 0.12566370614359174,
            "transform_matrix": [
                [
                    0.7009771466255188,
                    -0.02380599081516266,
                    0.7127861380577087,
                    2.873332977294922
                ],
                [
                    0.713183581829071,
                    0.023398540914058685,
                    -0.7005864977836609,
                    -2.824154853820801
                ],
                [
                    0.0,
                    0.9994427561759949,
                    0.03337987884879112,
                    0.13455861806869507
                ],
                [
                    0.0,
                    0.0,
                    0.0,
                    1.0
                ]
            ]
        },
        {
            "file_path": "/data/shapenet_blender/all_50_random/02958343/1f5e1b0661b340fc81dcc09cafd93d2e/r_38",
            "rotation": 0.12566370614359174,
            "transform_matrix": [
                [
                    -0.41598033905029297,
                    0.40375444293022156,
                    -0.8148267269134521,
                    -3.2846717834472656
                ],
                [
                    -0.9093736410140991,
                    -0.18469186127185822,
                    0.37273117899894714,
                    1.5025275945663452
                ],
                [
                    0.0,
                    0.8960307836532593,
                    0.4439917802810669,
                    1.7897882461547852
                ],
                [
                    0.0,
                    0.0,
                    0.0,
                    1.0
                ]
            ]
        },
        {
            "file_path": "/data/shapenet_blender/all_50_random/02958343/1f5e1b0661b340fc81dcc09cafd93d2e/r_39",
            "rotation": 0.12566370614359174,
            "transform_matrix": [
                [
                    0.0832982137799263,
                    -0.0068740383721888065,
                    -0.9965010285377502,
                    -4.017024040222168
                ],
                [
                    -0.9965246915817261,
                    -0.0005745919770561159,
                    -0.08329623192548752,
                    -0.3357778489589691
                ],
                [
                    0.0,
                    0.9999762773513794,
                    -0.0068980115465819836,
                    -0.027806773781776428
                ],
                [
                    0.0,
                    0.0,
                    0.0,
                    1.0
                ]
            ]
        },
        {
            "file_path": "/data/shapenet_blender/all_50_random/02958343/1f5e1b0661b340fc81dcc09cafd93d2e/r_40",
            "rotation": 0.12566370614359174,
            "transform_matrix": [
                [
                    -0.9504266977310181,
                    0.05365606024861336,
                    -0.3062843084335327,
                    -1.2346715927124023
                ],
                [
                    -0.31094861030578613,
                    -0.16400186717510223,
                    0.9361700415611267,
                    3.773822069168091
                ],
                [
                    -3.725290076417309e-09,
                    0.9849997162818909,
                    0.17255602777004242,
                    0.6955956220626831
                ],
                [
                    0.0,
                    0.0,
                    0.0,
                    1.0
                ]
            ]
        },
        {
            "file_path": "/data/shapenet_blender/all_50_random/02958343/1f5e1b0661b340fc81dcc09cafd93d2e/r_41",
            "rotation": 0.12566370614359174,
            "transform_matrix": [
                [
                    -0.8651071190834045,
                    0.015220250003039837,
                    0.5013562440872192,
                    2.021031618118286
                ],
                [
                    0.5015872120857239,
                    0.026250960305333138,
                    0.8647087216377258,
                    3.4857523441314697
                ],
                [
                    0.0,
                    0.9995395541191101,
