{
    "class": "02958343",
    "model": "2236a1b9cde71eff13d31c5a107f3c4",
    "remove_doubles": true,
    "edge_split": true,
    "denoise": true,
    "camera_angle_x": 0.6911112070083618,
    "scale_factor": 2.3074332999172182,
    "hdri_file": "/data/IndoorHDRDataset2018/9C4A4937-2ddca81853.exr",
    "center_offset": [
        0.0,
        2.0736479200422764e-10,
        0.0
    ],
    "lights": [],
    "frames": [
        {
            "file_path": "/data/shapenet_blender/all_50_random/02958343/2236a1b9cde71eff13d31c5a107f3c4/r_0",
            "rotation": 0.12566370614359174,
            "transform_matrix": [
                [
                    -0.41855835914611816,
                    -0.5201756358146667,
                    0.7444636821746826,
                    3.0010290145874023
                ],
                [
                    0.9081898927688599,
                    -0.23973387479782104,
                    0.34310171008110046,
                    1.3830872774124146
                ],
                [
                    0.0,
                    0.8197223544120789,
                    0.5727609395980835,
                    2.308873176574707
                ],
                [
                    0.0,
                    0.0,
                    0.0,
                    1.0
                ]
            ]
        },
        {
            "file_path": "/data/shapenet_blender/all_50_random/02958343/2236a1b9cde71eff13d31c5a107f3c4/r_1",
            "rotation": 0.12566370614359174,
            "transform_matrix": [
                [
                    -0.1355016827583313,
                    0.299936980009079,
                    -0.9442865252494812,
                    -3.8065407276153564
                ],
                [
                    -0.9907771348953247,
                    -0.041020289063453674,
                    0.12914349138736725,
                    0.52059406042099
                ],
                [
                    3.725290298461914e-09,
                    0.9530766010284424,
                    0.3027290105819702,
                    1.2203396558761597
                ],
                [
                    0.0,
                    0.0,
                    0.0,
                    1.0
                ]
            ]
        },
        {
            "file_path": "/data/shapenet_blender/all_50_random/02958343/2236a1b9cde71eff13d31c5a107f3c4/r_2",
            "rotation": 0.12566370614359174,
            "transform_matrix": [
                [
                    0.6397001147270203,
                    -0.4742705523967743,
                    0.6048563122749329,
                    2.438253879547119
                ],
                [
                    0.768624484539032,
                    0.39471930265426636,
                    -0.5034013986587524,
                    -2.029275894165039
                ],
                [
                    0.0,
                    0.7869333624839783,
                    0.6170379519462585,
                    2.4873595237731934
                ],
                [
                    0.0,
                    0.0,
                    0.0,
                    1.0
                ]
            ]
        },
        {
            "file_path": "/data/shapenet_blender/all_50_random/02958343/2236a1b9cde71eff13d31c5a107f3c4/r_3",
            "rotation": 0.12566370614359174,
            "transform_matrix": [
                [
                    0.82668137550354,
                    0.27920305728912354,
                    -0.4885115623474121,
                    -1.9692530632019043
                ],
                [
                    -0.5626703500747681,
                    0.41020819544792175,
                    -0.717726469039917,
                    -2.8932478427886963
                ],
                [
                    1.4901161193847656e-08,
                    0.8682020902633667,
                    0.4962107837200165,
                    2.0002896785736084
                ],
                [
                    0.0,
                    0.0,
                    0.0,
                    1.0
                ]
            ]
        },
        {
            "file_path": "/data/shapenet_blender/all_50_random/02958343/2236a1b9cde71eff13d31c5a107f3c4/r_4",
            "rotation": 0.12566370614359174,
            "transform_matrix": [
                [
                    -0.7394336462020874,
                    0.3609309792518616,
                    -0.5683015584945679,
                    -2.2908966541290283
                ],
                [
                    -0.6732293963432312,
                    -0.3964243531227112,
                    0.6241874098777771,
                    2.5161795616149902
                ],
                [
                    -1.4901160305669237e-08,
                    0.8441424369812012,
                    0.5361189842224121,
                    2.1611645221710205
                ],
                [
                    0.0,
                    0.0,
                    0.0,
                    1.0
                ]
            ]
        },
        {
            "file_path": "/data/shapenet_blender/all_50_random/02958343/2236a1b9cde71eff13d31c5a107f3c4/r_5",
            "rotation": 0.12566370614359174,
            "transform_matrix": [
                [
                    0.77711421251297,
                    0.4739205539226532,
                    0.4141169786453247,
                    1.6693590879440308
                ],
                [
                    0.6293597221374512,
                    -0.5851826071739197,
                    -0.5113389492034912,
                    -2.0612735748291016
                ],
                [
                    1.4901162970204496e-08,
                    0.6579972505569458,
                    -0.753020167350769,
                    -3.0355217456817627
                ],
                [
                    0.0,
                    0.0,
                    0.0,
                    1.0
                ]
            ]
        },
        {
            "file_path": "/data/shapenet_blender/all_50_random/02958343/2236a1b9cde71eff13d31c5a107f3c4/r_6",
            "rotation": 0.12566370614359174,
            "transform_matrix": [
                [
                    0.8453203439712524,
                    0.49983856081962585,
                    -0.18866613507270813,
                    -0.7605375051498413
                ],
                [
                    -0.5342597961425781,
                    0.7908580899238586,
                    -0.29851266741752625,
                    -1.2033430337905884
                ],
                [
                    -1.4901161193847656e-08,
                    0.35313549637794495,
                    0.9355721473693848,
                    3.771411895751953
                ],
                [
                    0.0,
                    0.0,
                    0.0,
                    1.0
                ]
            ]
        },
        {
            "file_path": "/data/shapenet_blender/all_50_random/02958343/2236a1b9cde71eff13d31c5a107f3c4/r_7",
            "rotation": 0.12566370614359174,
            "transform_matrix": [
                [
                    0.8261094093322754,
                    0.313296914100647,
                    0.468389093875885,
                    1.888136863708496
                ],
                [
                    0.5635097622871399,
                    -0.45929551124572754,
                    -0.6866617798805237,
                    -2.768022060394287
                ],
                [
                    -1.4901161193847656e-08,
                    0.8311995267868042,
                    -0.5559741854667664,
                    -2.241203546524048
                ],
                [
                    0.0,
                    0.0,
                    0.0,
                    1.0
                ]
            ]
        },
        {
            "file_path": "/data/shapenet_blender/all_50_random/02958343/2236a1b9cde71eff13d31c5a107f3c4/r_8",
            "rotation": 0.12566370614359174,
            "transform_matrix": [
                [
                    -0.20518013834953308,
                    0.02192755974829197,
                    -0.9784785509109497,
                    -3.94437313079834
                ],
                [
                    -0.9787241816520691,
                    -0.004596902523189783,
                    0.20512863993644714,
                    0.8269000053405762
                ],
                [
                    0.0,
                    0.9997490048408508,
                    0.022404227405786514,
                    0.09031432867050171
                ],
                [
                    0.0,
                    0.0,
                    0.0,
                    1.0
                ]
            ]
        },
        {
            "file_path": "/data/shapenet_blender/all_50_random/02958343/2236a1b9cde71eff13d31c5a107f3c4/r_9",
            "rotation": 0.12566370614359174,
            "transform_matrix": [
                [
                    -0.9743181467056274,
                    0.013461028225719929,
                    0.22477291524410248,
                    0.9060884714126587
                ],
                [
                    0.2251756191253662,
                    0.058244869112968445,
                    0.9725757241249084,
                    3.9205777645111084
                ],
                [
                    9.313225191043273e-10,
                    0.9982115626335144,
                    -0.05978013947606087,
                    -0.24098141491413116
                ],
                [
                    0.0,
                    0.0,
                    0.0,
                    1.0
                ]
            ]
        },
        {
            "file_path": "/data/shapenet_blender/all_50_random/02958343/2236a1b9cde71eff13d31c5a107f3c4/r_10",
            "rotation": 0.12566370614359174,
            "transform_matrix": [
                [
                    -0.7551038265228271,
                    -0.6221805214881897,
                    0.20666304230690002,
                    0.8330853581428528
                ],
                [
                    0.6556052565574646,
                    -0.7166063189506531,
                    0.2380274534225464,
                    0.9595193266868591
                ],
                [
                    0.0,
                    0.31522470712661743,
                    0.9490169882774353,
                    3.8256099224090576
                ],
                [
                    0.0,
                    0.0,
                    0.0,
                    1.0
                ]
            ]
        },
        {
            "file_path": "/data/shapenet_blender/all_50_random/02958343/2236a1b9cde71eff13d31c5a107f3c4/r_11",
            "rotation": 0.12566370614359174,
            "transform_matrix": [
                [
                    0.9223962426185608,
                    -0.08454214036464691,
                    0.37687912583351135,
                    1.519248366355896
                ],
                [
                    0.38624510169029236,
                    0.2018960416316986,
                    -0.9000292420387268,
                    -3.62813401222229
                ],
                [
                    -7.450580596923828e-09,
                    0.9757512807846069,
                    0.21888212859630585,
                    0.8823421001434326
                ],
                [
                    0.0,
                    0.0,
                    0.0,
                    1.0
                ]
            ]
        },
        {
            "file_path": "/data/shapenet_blender/all_50_random/02958343/2236a1b9cde71eff13d31c5a107f3c4/r_12",
            "rotation": 0.12566370614359174,
            "transform_matrix": [
                [
                    0.29874181747436523,
                    -0.03610952943563461,
                    0.9536504745483398,
                    3.8442883491516113
                ],
                [
                    0.9543339610099792,
                    0.011303618550300598,
                    -0.29852786660194397,
                    -1.203404426574707
                ],
                [
                    0.0,
                    0.9992839097976685,
                    0.03783740848302841,
                    0.15252748131752014
                ],
                [
                    0.0,
                    0.0,
                    0.0,
                    1.0
                ]
            ]
        },
        {
            "file_path": "/data/shapenet_blender/all_50_random/02958343/2236a1b9cde71eff13d31c5a107f3c4/r_13",
            "rotation": 0.12566370614359174,
            "transform_matrix": [
                [
                    -0.2631704807281494,
                    0.7036092877388,
                    0.6600569486618042,
                    2.6607747077941895
                ],
                [
                    0.9647493362426758,
                    0.19193504750728607,
                    0.18005456030368805,
                    0.725823163986206
                ],
                [
                    0.0,
                    0.6841744780540466,
                    -0.7293182611465454,
                    -2.9399759769439697
                ],
                [
                    0.0,
                    0.0,
                    0.0,
                    1.0
                ]
            ]
        },
        {
            "file_path": "/data/shapenet_blender/all_50_random/02958343/2236a1b9cde71eff13d31c5a107f3c4/r_14",
            "rotation": 0.12566370614359174,
            "transform_matrix": [
                [
                    0.6618624925613403,
                    -0.18784551322460175,
                    0.7257080674171448,
                    2.925422430038452
                ],
                [
                    0.7496253252029419,
                    0.16585341095924377,
                    -0.6407454013824463,
                    -2.5829269886016846
                ],
                [
                    -1.4901159417490817e-08,
                    0.9680943489074707,
                    0.2505859136581421,
                    1.0101439952850342
                ],
                [
                    0.0,
                    0.0,
                    0.0,
                    1.0
                ]
            ]
        },
        {
            "file_path": "/data/shapenet_blender/all_50_random/02958343/2236a1b9cde71eff13d31c5a107f3c4/r_15",
            "rotation": 0.12566370614359174,
            "transform_matrix": [
                [
                    -0.5961195230484009,
                    -0.22576069831848145,
                    0.7705021500587463,
                    3.1059937477111816
                ],
                [
                    0.802895724773407,
                    -0.16761872172355652,
                    0.5720685124397278,
                    2.306082248687744
                ],
                [
                    0.0,
                    0.9596540331840515,
                    0.28118306398391724,
                    1.1334853172302246
                ],
                [
                    0.0,
                    0.0,
                    0.0,
                    1.0
                ]
            ]
        },
        {
            "file_path": "/data/shapenet_blender/all_50_random/02958343/2236a1b9cde71eff13d31c5a107f3c4/r_16",
            "rotation": 0.12566370614359174,
            "transform_matrix": [
                [
                    -0.7521358728408813,
                    -0.041751928627491,
                    -0.6576841473579407,
                    -2.651209592819214
                ],
                [
                    -0.6590080261230469,
                    0.04765210300683975,
                    0.7506247758865356,
                    3.025865316390991
                ],
                [
                    0.0,
                    0.9979909062385559,
                    -0.0633557140827179,
                    -0.2553950548171997
                ],
                [
                    0.0,
                    0.0,
                    0.0,
                    1.0
                ]
            ]
        },
        {
            "file_path": "/data/shapenet_blender/all_50_random/02958343/2236a1b9cde71eff13d31c5a107f3c4/r_17",
            "rotation": 0.12566370614359174,
            "transform_matrix": [
                [
                    -0.991481602191925,
                    -0.06198977679014206,
                    0.11454867571592331,
                    0.4617605209350586
                ],
                [
                    0.13024641573429108,
                    -0.47188800573349,
                    0.8719847798347473,
                    3.5150833129882812
                ],
                [
                    3.725290076417309e-09,
                    0.8794765472412109,
                    0.4759421646595001,
                    1.9185843467712402
                ],
                [
                    0.0,
                    0.0,
                    0.0,
                    1.0
                ]
            ]
        },
        {
            "file_path": "/data/shapenet_blender/all_50_random/02958343/2236a1b9cde71eff13d31c5a107f3c4/r_18",
            "rotation": 0.12566370614359174,
            "transform_matrix": [
                [
                    0.695899248123169,
                    0.6604059934616089,
                    0.28211361169815063,
                    1.1372363567352295
                ],
                [
                    0.7181394100189209,
                    -0.6399537324905396,
                    -0.2733767628669739,
                    -1.1020169258117676
                ],
                [
                    1.4901161193847656e-08,
                    0.392839640378952,
                    -0.9196069836616516,
                    -3.707054376602173
                ],
                [
                    0.0,
                    0.0,
                    0.0,
                    1.0
                ]
            ]
        },
        {
            "file_path": "/data/shapenet_blender/all_50_random/02958343/2236a1b9cde71eff13d31c5a107f3c4/r_19",
            "rotation": 0.12566370614359174,
            "transform_matrix": [
                [
                    0.5499034523963928,
                    0.6261922717094421,
                    0.552711009979248,
                    2.2280492782592773
                ],
                [
                    0.8352282643318176,
                    -0.41227689385414124,
                    -0.36389777064323425,
                    -1.4669188261032104
                ],
                [
                    0.0,
                    0.661748468875885,
                    -0.7497259378433228,
                    -3.0222418308258057
                ],
                [
                    0.0,
                    0.0,
                    0.0,
                    1.0
                ]
            ]
        },
        {
            "file_path": "/data/shapenet_blender/all_50_random/02958343/2236a1b9cde71eff13d31c5a107f3c4/r_20",
            "rotation": 0.12566370614359174,
            "transform_matrix": [
                [
                    -0.9897438883781433,
                    -0.05527089536190033,
                    -0.131727397441864,
                    -0.5310101509094238
                ],
                [
                    -0.1428529918193817,
                    0.38293933868408203,
                    0.9126611948013306,
                    3.6790549755096436
                ],
                [
                    0.0,
                    0.9221184849739075,
                    -0.38690751791000366,
                    -1.5596741437911987
                ],
                [
                    0.0,
                    0.0,
                    0.0,
                    1.0
                ]
            ]
        },
        {
            "file_path": "/data/shapenet_blender/all_50_random/02958343/2236a1b9cde71eff13d31c5a107f3c4/r_21",
            "rotation": 0.12566370614359174,
            "transform_matrix": [
                [
                    0.6054300665855408,
                    0.42531925439834595,
                    -0.6727242469787598,
                    -2.7118382453918457
                ],
                [
                    -0.7958984971046448,
                    0.32353508472442627,
                    -0.5117329955101013,
                    -2.062861680984497
                ],
                [
                    0.0,
                    0.8452387452125549,
                    0.5343887805938721,
                    2.1541900634765625
                ],
                [
                    0.0,
                    0.0,
                    0.0,
                    1.0
                ]
            ]
        },
        {
            "file_path": "/data/shapenet_blender/all_50_random/02958343/2236a1b9cde71eff13d31c5a107f3c4/r_22",
            "rotation": 0.12566370614359174,
            "transform_matrix": [
                [
                    -0.46987664699554443,
                    0.5442302227020264,
                    -0.6950031518936157,
                    -2.801647186279297
                ],
                [
                    -0.8827321529388428,
                    -0.289692759513855,
                    0.3699488937854767,
                    1.4913115501403809
                ],
                [
                    -1.4901162970204496e-08,
                    0.7873318791389465,
                    0.6165294051170349,
                    2.485309362411499
                ],
                [
                    0.0,
                    0.0,
                    0.0,
                    1.0
                ]
            ]
        },
        {
            "file_path": "/data/shapenet_blender/all_50_random/02958343/2236a1b9cde71eff13d31c5a107f3c4/r_23",
            "rotation": 0.12566370614359174,
            "transform_matrix": [
                [
                    0.7897114753723145,
                    0.3267802596092224,
                    0.5192017555236816,
                    2.0929694175720215
                ],
                [
                    0.6134785413742065,
                    -0.4206538796424866,
                    -0.6683520078659058,
                    -2.694213390350342
                ],
                [
                    0.0,
                    0.8463243842124939,
                    -0.5326678156852722,
                    -2.1472527980804443
                ],
                [
                    0.0,
                    0.0,
                    0.0,
                    1.0
                ]
            ]
        },
        {
            "file_path": "/data/shapenet_blender/all_50_random/02958343/2236a1b9cde71eff13d31c5a107f3c4/r_24",
            "rotation": 0.12566370614359174,
            "transform_matrix": [
                [
                    -0.3864194452762604,
                    0.09056463837623596,
                    -0.917866051197052,
                    -3.7000362873077393
                ],
                [
                    -0.9223231673240662,
                    -0.03794325143098831,
                    0.38455209136009216,
                    1.5501790046691895
                ],
                [
                    -3.725290298461914e-09,
                    0.9951674342155457,
                    0.09819189459085464,
                    0.3958241939544678
                ],
                [
                    0.0,
                    0.0,
                    0.0,
                    1.0
                ]
            ]
        },
        {
            "file_path": "/data/shapenet_blender/all_50_random/02958343/2236a1b9cde71eff13d31c5a107f3c4/r_25",
            "rotation": 0.12566370614359174,
            "transform_matrix": [
                [
                    0.2898713946342468,
                    -0.31943589448928833,
                    -0.9021836519241333,
                    -3.6368186473846436
                ],
                [
                    -0.9570655822753906,
                    -0.0967492014169693,
                    -0.2732490003108978,
                    -1.1015019416809082
                ],
                [
                    -7.4505797087454084e-09,
                    0.9426559805870056,
                    -0.3337659239768982,
                    -1.3454535007476807
                ],
                [
                    0.0,
                    0.0,
                    0.0,
                    1.0
                ]
            ]
        },
        {
            "file_path": "/data/shapenet_blender/all_50_random/02958343/2236a1b9cde71eff13d31c5a107f3c4/r_26",
            "rotation": 0.12566370614359174,
            "transform_matrix": [
                [
                    -0.9834743738174438,
                    0.03177247941493988,
                    0.17823785543441772,
                    0.7184997797012329
                ],
                [
                    0.18104758858680725,
                    0.17259231209754944,
                    0.9682115912437439,
                    3.9029858112335205
                ],
                [
                    -1.862645149230957e-09,
                    0.9844807982444763,
                    -0.17549243569374084,
                    -0.7074326276779175
                ],
                [
                    0.0,
                    0.0,
                    0.0,
                    1.0
                ]
            ]
        },
        {
            "file_path": "/data/shapenet_blender/all_50_random/02958343/2236a1b9cde71eff13d31c5a107f3c4/r_27",
            "rotation": 0.12566370614359174,
            "transform_matrix": [
                [
                    -0.7306157350540161,
                    -0.430793821811676,
                    0.5297333598136902,
                    2.135423421859741
                ],
                [
                    0.6827889680862427,
                    -0.4609692692756653,
                    0.5668391585350037,
                    2.285001754760742
                ],
                [
                    -1.4901161193847656e-08,
                    0.7758376598358154,
                    0.630932629108429,
                    2.5433707237243652
                ],
                [
                    0.0,
                    0.0,
                    0.0,
                    1.0
                ]
            ]
        },
        {
            "file_path": "/data/shapenet_blender/all_50_random/02958343/2236a1b9cde71eff13d31c5a107f3c4/r_28",
            "rotation": 0.12566370614359174,
            "transform_matrix": [
                [
                    -0.9810301065444946,
                    0.12418057769536972,
                    0.14886000752449036,
                    0.6000738739967346
                ],
                [
                    0.19385594129562378,
                    0.6284300088882446,
                    0.7533230781555176,
                    3.0367424488067627
                ],
                [
                    0.0,
                    0.7678899168968201,
                    -0.6405818462371826,
                    -2.582267999649048
                ],
                [
                    0.0,
                    0.0,
                    0.0,
                    1.0
                ]
            ]
        },
        {
            "file_path": "/data/shapenet_blender/all_50_random/02958343/2236a1b9cde71eff13d31c5a107f3c4/r_29",
            "rotation": 0.12566370614359174,
            "transform_matrix": [
                [
                    -0.7861430644989014,
                    0.5978758931159973,
                    0.156599760055542,
                    0.6312738060951233
                ],
                [
                    0.6180446743965149,
                    0.760488748550415,
                    0.19919243454933167,
                    0.8029704093933105
                ],
                [
                    0.0,
                    0.25337934494018555,
                    -0.9673669338226318,
                    -3.899580955505371
                ],
                [
                    0.0,
                    0.0,
                    0.0,
                    1.0
                ]
            ]
        },
        {
            "file_path": "/data/shapenet_blender/all_50_random/02958343/2236a1b9cde71eff13d31c5a107f3c4/r_30",
            "rotation": 0.12566370614359174,
            "transform_matrix": [
                [
                    -0.9837323427200317,
                    0.10112779587507248,
                    0.14847208559513092,
                    0.598510205745697
                ],
                [
                    0.1796407401561737,
                    0.5537868738174438,
                    0.8130493760108948,
                    3.2775070667266846
                ],
                [
                    -7.450580596923828e-09,
                    0.8264946341514587,
                    -0.5629445910453796,
                    -2.2693023681640625
                ],
                [
                    0.0,
                    0.0,
                    0.0,
                    1.0
                ]
            ]
        },
        {
            "file_path": "/data/shapenet_blender/all_50_random/02958343/2236a1b9cde71eff13d31c5a107f3c4/r_31",
            "rotation": 0.12566370614359174,
            "transform_matrix": [
                [
                    0.9622925519943237,
                    0.23434633016586304,
                    0.13811220228672028,
                    0.5567481517791748
                ],
                [
                    0.2720169126987457,
                    -0.8290283679962158,
                    -0.4885885715484619,
                    -1.969563603401184
                ],
                [
                    0.0,
                    0.5077338814735413,
                    -0.8615137934684753,
                    -3.4728734493255615
                ],
                [
                    0.0,
                    0.0,
                    0.0,
                    1.0
                ]
            ]
        },
        {
            "file_path": "/data/shapenet_blender/all_50_random/02958343/2236a1b9cde71eff13d31c5a107f3c4/r_32",
            "rotation": 0.12566370614359174,
            "transform_matrix": [
                [
                    -0.5050259232521057,
                    0.2063533365726471,
                    0.8380734324455261,
                    3.3783819675445557
                ],
                [
                    0.8631041646003723,
                    0.12074299901723862,
                    0.49037978053092957,
                    1.976784110069275
                ],
                [
                    7.450580596923828e-09,
                    0.9709991812705994,
                    -0.23908276855945587,
                    -0.9637734889984131
                ],
                [
                    0.0,
                    0.0,
                    0.0,
                    1.0
                ]
            ]
        },
        {
            "file_path": "/data/shapenet_blender/all_50_random/02958343/2236a1b9cde71eff13d31c5a107f3c4/r_33",
            "rotation": 0.12566370614359174,
            "transform_matrix": [
                [
                    -0.042312443256378174,
                    -0.23545385897159576,
                    -0.9709640145301819,
                    -3.91408109664917
                ],
                [
                    -0.9991044402122498,
                    0.0099715581163764,
                    0.04112068563699722,
                    0.1657627820968628
                ],
                [
                    0.0,
                    0.9718343615531921,
                    -0.23566491901874542,
                    -0.9499956965446472
                ],
                [
                    0.0,
                    0.0,
                    0.0,
                    1.0
                ]
            ]
        },
        {
            "file_path": "/data/shapenet_blender/all_50_random/02958343/2236a1b9cde71eff13d31c5a107f3c4/r_34",
            "rotation": 0.12566370614359174,
            "transform_matrix": [
                [
                    0.5396232008934021,
                    -0.1778663545846939,
                    -0.8229036331176758,
                    -3.317230701446533
                ],
                [
                    -0.8419067859649658,
                    -0.11400408297777176,
                    -0.5274430513381958,
                    -2.1261909008026123
                ],
                [
                    0.0,
                    0.9774285554885864,
                    -0.21126613020896912,
                    -0.8516409993171692
                ],
                [
                    0.0,
                    0.0,
                    0.0,
                    1.0
                ]
            ]
        },
        {
            "file_path": "/data/shapenet_blender/all_50_random/02958343/2236a1b9cde71eff13d31c5a107f3c4/r_35",
            "rotation": 0.12566370614359174,
            "transform_matrix": [
                [
                    0.9452760815620422,
                    -0.09422757476568222,
                    -0.31236860156059265,
                    -1.2591980695724487
                ],
                [
                    -0.32627126574516296,
                    -0.2729969918727875,
                    -0.9049971103668213,
                    -3.648159980773926
                ],
                [
                    -7.4505792646561986e-09,
                    0.9573890566825867,
                    -0.28880131244659424,
                    -1.1641952991485596
                ],
                [
                    0.0,
                    0.0,
                    0.0,
                    1.0
                ]
            ]
        },
        {
            "file_path": "/data/shapenet_blender/all_50_random/02958343/2236a1b9cde71eff13d31c5a107f3c4/r_36",
            "rotation": 0.12566370614359174,
            "transform_matrix": [
                [
                    -0.7245707511901855,
                    0.6534485816955566,
                    0.2190936654806137,
                    0.8831948041915894
                ],
                [
                    0.6892004013061523,
                    0.686984121799469,
                    0.2303377389907837,
                    0.9285210967063904
                ],
                [
                    0.0,
                    0.31789547204971313,
                    -0.9481257796287537,
                    -3.822017192840576
                ],
                [
                    0.0,
                    0.0,
                    0.0,
                    1.0
                ]
            ]
        },
        {
            "file_path": "/data/shapenet_blender/all_50_random/02958343/2236a1b9cde71eff13d31c5a107f3c4/r_37",
            "rotation": 0.12566370614359174,
            "transform_matrix": [
                [
                    0.8595534563064575,
                    -0.2540193498134613,
                    0.44344350695610046,
                    1.7875781059265137
                ],
                [
                    0.5110459923744202,
                    0.4272476136684418,
                    -0.7458493709564209,
                    -3.006615161895752
                ],
                [
                    0.0,
                    0.867717444896698,
                    0.49705770611763,
                    2.0037038326263428
                ],
                [
                    0.0,
                    0.0,
                    0.0,
                    1.0
                ]
            ]
        },
        {
            "file_path": "/data/shapenet_blender/all_50_random/02958343/2236a1b9cde71eff13d31c5a107f3c4/r_38",
            "rotation": 0.12566370614359174,
            "transform_matrix": [
                [
                    -0.9732144474983215,
                    0.10129346698522568,
                    -0.20638135075569153,
                    -0.831949770450592
                ],
                [
                    -0.22989916801452637,
                    -0.4287978410720825,
                    0.873658299446106,
                    3.521829128265381
                ],
                [
                    7.4505797087454084e-09,
                    0.8977038264274597,
                    0.4405994713306427,
                    1.7761131525039673
                ],
                [
                    0.0,
                    0.0,
                    0.0,
                    1.0
                ]
            ]
        },
        {
            "file_path": "/data/shapenet_blender/all_50_random/02958343/2236a1b9cde71eff13d31c5a107f3c4/r_39",
            "rotation": 0.12566370614359174,
            "transform_matrix": [
                [
                    0.6462823152542114,
                    0.5852702260017395,
                    0.48967117071151733,
                    1.973927617073059
                ],
                [
                    0.763098418712616,
                    -0.49567633867263794,
                    -0.41471168398857117,
                    -1.6717562675476074
                ],
                [
                    0.0,
                    0.6416879296302795,
                    -0.7669656276702881,
                    -3.0917372703552246
                ],
                [
                    0.0,
                    0.0,
                    0.0,
                    1.0
                ]
            ]
        },
        {
            "file_path": "/data/shapenet_blender/all_50_random/02958343/2236a1b9cde71eff13d31c5a107f3c4/r_40",
            "rotation": 0.12566370614359174,
            "transform_matrix": [
                [
                    0.6057402491569519,
                    -0.2524873912334442,
                    0.7545388340950012,
                    3.0416433811187744
                ],
                [
                    0.7956624627113342,
                    0.19221943616867065,
                    -0.5744327306747437,
                    -2.315612316131592
                ],
                [
                    0.0,
                    0.9483151435852051,
                    0.3173298239707947,
                    1.2791974544525146
                ],
                [
                    0.0,
                    0.0,
                    0.0,
                    1.0
                ]
            ]
        },
        {
            "file_path": "/data/shapenet_blender/all_50_random/02958343/2236a1b9cde71eff13d31c5a107f3c4/r_41",
            "rotation": 0.12566370614359174,
            "transform_matrix": [
                [
                    0.6067050099372864,
                    -0.30663448572158813,
                    -0.7334059476852417,
                    -2.956453800201416
                ],
                [
                    -0.7949270009994507,
                    -0.2340298742055893,
                    -0.5597507953643799,
                    -2.256427526473999
                ],
                [
                    1.4901159417490817e-08,
                    0.9226078391075134,
