{
    "class": "02958343",
    "model": "ae088f798f2c99c2927e12317acf49e7",
    "remove_doubles": true,
    "edge_split": true,
    "denoise": true,
    "camera_angle_x": 0.6911112070083618,
    "scale_factor": 2.2836238767313604,
    "hdri_file": "/data/IndoorHDRDataset2018/9C4A4703-7780b31663.exr",
    "center_offset": [
        0.0,
        -2.7939677238464355e-09,
        -3.725290298461914e-09
    ],
    "lights": [],
    "frames": [
        {
            "file_path": "/data/shapenet_blender/all_50_random/02958343/ae088f798f2c99c2927e12317acf49e7/r_0",
            "rotation": 0.12566370614359174,
            "transform_matrix": [
                [
                    0.23533114790916443,
                    0.7340795993804932,
                    -0.6369822025299072,
                    -2.5677571296691895
                ],
                [
                    -0.9719151258468628,
                    0.17774371802806854,
                    -0.1542333960533142,
                    -0.621734619140625
                ],
                [
                    0.0,
                    0.6553886532783508,
                    0.7552918791770935,
                    3.0446786880493164
                ],
                [
                    0.0,
                    0.0,
                    0.0,
                    1.0
                ]
            ]
        },
        {
            "file_path": "/data/shapenet_blender/all_50_random/02958343/ae088f798f2c99c2927e12317acf49e7/r_1",
            "rotation": 0.12566370614359174,
            "transform_matrix": [
                [
                    -0.7599126696586609,
                    0.06819519400596619,
                    0.64643794298172,
                    2.605874538421631
                ],
                [
                    0.6500250101089478,
                    0.07972369343042374,
                    0.7557192444801331,
                    3.0464015007019043
                ],
                [
                    0.0,
                    0.9944815039634705,
                    -0.10491164773702621,
                    -0.4229123592376709
                ],
                [
                    0.0,
                    0.0,
                    0.0,
                    1.0
                ]
            ]
        },
        {
            "file_path": "/data/shapenet_blender/all_50_random/02958343/ae088f798f2c99c2927e12317acf49e7/r_2",
            "rotation": 0.12566370614359174,
            "transform_matrix": [
                [
                    0.9159918427467346,
                    0.009516681544482708,
                    -0.40108418464660645,
                    -1.6168221235275269
                ],
                [
                    -0.4011971354484558,
                    0.02172797918319702,
                    -0.9157339930534363,
                    -3.691441774368286
                ],
                [
                    0.0,
                    0.9997185468673706,
                    0.023720715194940567,
                    0.095621258020401
                ],
                [
                    0.0,
                    0.0,
                    0.0,
                    1.0
                ]
            ]
        },
        {
            "file_path": "/data/shapenet_blender/all_50_random/02958343/ae088f798f2c99c2927e12317acf49e7/r_3",
            "rotation": 0.12566370614359174,
            "transform_matrix": [
                [
                    0.22568310797214508,
                    0.9237143397331238,
                    0.30954623222351074,
                    1.2478207349777222
                ],
                [
                    0.9742007851600647,
                    -0.21398742496967316,
                    -0.07170940190553665,
                    -0.2890698313713074
                ],
                [
                    0.0,
                    0.3177436888217926,
                    -0.9481766223907471,
                    -3.8222219944000244
                ],
                [
                    0.0,
                    0.0,
                    0.0,
                    1.0
                ]
            ]
        },
        {
            "file_path": "/data/shapenet_blender/all_50_random/02958343/ae088f798f2c99c2927e12317acf49e7/r_4",
            "rotation": 0.12566370614359174,
            "transform_matrix": [
                [
                    0.2003994733095169,
                    0.38266298174858093,
                    -0.9018919467926025,
                    -3.6356427669525146
                ],
                [
                    -0.9797142148017883,
                    0.07827328890562057,
                    -0.18448100984096527,
                    -0.7436667084693909
                ],
                [
                    0.0,
                    0.9205663800239563,
                    0.390586256980896,
                    1.5745035409927368
                ],
                [
                    0.0,
                    0.0,
                    0.0,
                    1.0
                ]
            ]
        },
        {
            "file_path": "/data/shapenet_blender/all_50_random/02958343/ae088f798f2c99c2927e12317acf49e7/r_5",
            "rotation": 0.12566370614359174,
            "transform_matrix": [
                [
                    -0.9977235794067383,
                    -0.04385320097208023,
                    -0.05123230442404747,
                    -0.2065240442752838
                ],
                [
                    -0.06743777543306351,
                    0.6487962007522583,
                    0.757968008518219,
                    3.055467128753662
                ],
                [
                    0.0,
                    0.7596975564956665,
                    -0.6502764821052551,
                    -2.6213486194610596
                ],
                [
                    0.0,
                    0.0,
                    0.0,
                    1.0
                ]
            ]
        },
        {
            "file_path": "/data/shapenet_blender/all_50_random/02958343/ae088f798f2c99c2927e12317acf49e7/r_6",
            "rotation": 0.12566370614359174,
            "transform_matrix": [
                [
                    0.021144472062587738,
                    0.9769077301025391,
                    0.21261285245418549,
                    0.8570698499679565
                ],
                [
                    0.9997764825820923,
                    -0.02066081576049328,
                    -0.004496591165661812,
                    -0.018126338720321655
                ],
                [
                    0.0,
                    0.2126603126525879,
                    -0.9771261215209961,
                    -3.9389214515686035
                ],
                [
                    0.0,
                    0.0,
                    0.0,
                    1.0
                ]
            ]
        },
        {
            "file_path": "/data/shapenet_blender/all_50_random/02958343/ae088f798f2c99c2927e12317acf49e7/r_7",
            "rotation": 0.12566370614359174,
            "transform_matrix": [
                [
                    -0.18920162320137024,
                    -0.4908551275730133,
                    0.8504492044448853,
                    3.4282705783843994
                ],
                [
                    0.9819383025169373,
                    -0.09457885473966599,
                    0.1638660728931427,
                    0.6605653166770935
                ],
                [
                    7.450580596923828e-09,
                    0.8660923838615417,
                    0.4998839199542999,
                    2.015096664428711
                ],
                [
                    0.0,
                    0.0,
                    0.0,
                    1.0
                ]
            ]
        },
        {
            "file_path": "/data/shapenet_blender/all_50_random/02958343/ae088f798f2c99c2927e12317acf49e7/r_8",
            "rotation": 0.12566370614359174,
            "transform_matrix": [
                [
                    -0.5845332145690918,
                    -0.46154290437698364,
                    0.6673073172569275,
                    2.6900017261505127
                ],
                [
                    0.811369776725769,
                    -0.33250829577445984,
                    0.48074665665626526,
                    1.9379518032073975
                ],
                [
                    1.4901161193847656e-08,
                    0.8224453926086426,
                    0.5688440799713135,
                    2.293083906173706
                ],
                [
                    0.0,
                    0.0,
                    0.0,
                    1.0
                ]
            ]
        },
        {
            "file_path": "/data/shapenet_blender/all_50_random/02958343/ae088f798f2c99c2927e12317acf49e7/r_9",
            "rotation": 0.12566370614359174,
            "transform_matrix": [
                [
                    0.8918068408966064,
                    -0.35324975848197937,
                    -0.2826575040817261,
                    -1.1394288539886475
                ],
                [
                    -0.4524165689945221,
                    -0.6963285207748413,
                    -0.5571765303611755,
                    -2.2460503578186035
                ],
                [
                    0.0,
                    0.6247726678848267,
                    -0.7808067202568054,
                    -3.1475324630737305
                ],
                [
                    0.0,
                    0.0,
                    0.0,
                    1.0
                ]
            ]
        },
        {
            "file_path": "/data/shapenet_blender/all_50_random/02958343/ae088f798f2c99c2927e12317acf49e7/r_10",
            "rotation": 0.12566370614359174,
            "transform_matrix": [
                [
                    0.9909427762031555,
                    0.11577355116605759,
                    -0.0680353045463562,
                    -0.274259090423584
                ],
                [
                    -0.13428445160388947,
                    0.8543428182601929,
                    -0.5020617842674255,
                    -2.0238757133483887
                ],
                [
                    -3.725290076417309e-09,
                    0.5066505074501038,
                    0.8621515035629272,
                    3.4754438400268555
                ],
                [
                    0.0,
                    0.0,
                    0.0,
                    1.0
                ]
            ]
        },
        {
            "file_path": "/data/shapenet_blender/all_50_random/02958343/ae088f798f2c99c2927e12317acf49e7/r_11",
            "rotation": 0.12566370614359174,
            "transform_matrix": [
                [
                    -0.9941626191139221,
                    0.0149851618334651,
                    -0.10684613883495331,
                    -0.4307105541229248
                ],
                [
                    -0.10789185762405396,
                    -0.13807982206344604,
                    0.9845269322395325,
                    3.968755006790161
                ],
                [
                    -9.313225746154785e-10,
                    0.9903076887130737,
                    0.1388905644416809,
                    0.5598857998847961
                ],
                [
                    0.0,
                    0.0,
                    0.0,
                    1.0
                ]
            ]
        },
        {
            "file_path": "/data/shapenet_blender/all_50_random/02958343/ae088f798f2c99c2927e12317acf49e7/r_12",
            "rotation": 0.12566370614359174,
            "transform_matrix": [
                [
                    -0.9104709029197693,
                    0.20994926989078522,
                    -0.3563200533390045,
                    -1.43637216091156
                ],
                [
                    -0.41357311606407166,
                    -0.4621981084346771,
                    0.7844297289848328,
                    3.162137508392334
                ],
                [
                    0.0,
                    0.8615648746490479,
                    0.5076472759246826,
                    2.0463919639587402
                ],
                [
                    0.0,
                    0.0,
                    0.0,
                    1.0
                ]
            ]
        },
        {
            "file_path": "/data/shapenet_blender/all_50_random/02958343/ae088f798f2c99c2927e12317acf49e7/r_13",
            "rotation": 0.12566370614359174,
            "transform_matrix": [
                [
                    -0.17939020693302155,
                    -0.3849232792854309,
                    0.9053469300270081,
                    3.6495704650878906
                ],
                [
                    0.9837779998779297,
                    -0.07019009441137314,
                    0.16508843004703522,
                    0.665492832660675
                ],
                [
                    7.450580596923828e-09,
                    0.9202756881713867,
                    0.3912704586982727,
                    1.5772618055343628
                ],
                [
                    0.0,
                    0.0,
                    0.0,
                    1.0
                ]
            ]
        },
        {
            "file_path": "/data/shapenet_blender/all_50_random/02958343/ae088f798f2c99c2927e12317acf49e7/r_14",
            "rotation": 0.12566370614359174,
            "transform_matrix": [
                [
                    -0.9546807408332825,
                    0.030894702300429344,
                    -0.29602381587028503,
                    -1.1933101415634155
                ],
                [
                    -0.2976315915584564,
                    -0.0990976095199585,
                    0.9495236277580261,
                    3.8276522159576416
                ],
                [
                    -3.725290076417309e-09,
                    0.9945979714393616,
                    0.10380182415246964,
                    0.41843852400779724
                ],
                [
                    0.0,
                    0.0,
                    0.0,
                    1.0
                ]
            ]
        },
        {
            "file_path": "/data/shapenet_blender/all_50_random/02958343/ae088f798f2c99c2927e12317acf49e7/r_15",
            "rotation": 0.12566370614359174,
            "transform_matrix": [
                [
                    -0.8114544153213501,
                    -0.3862466514110565,
                    -0.4385834038257599,
                    -1.7679862976074219
                ],
                [
                    -0.5844159126281738,
                    0.5362988114356995,
                    0.6089677214622498,
                    2.454827308654785
                ],
                [
                    1.4901162970204496e-08,
                    0.7504646182060242,
                    -0.6609106659889221,
                    -2.6642160415649414
                ],
                [
                    0.0,
                    0.0,
                    0.0,
                    1.0
                ]
            ]
        },
        {
            "file_path": "/data/shapenet_blender/all_50_random/02958343/ae088f798f2c99c2927e12317acf49e7/r_16",
            "rotation": 0.12566370614359174,
            "transform_matrix": [
                [
                    0.02199321612715721,
                    -0.9600797295570374,
                    -0.2788607180118561,
                    -1.124123454093933
                ],
                [
                    -0.9997581243515015,
                    -0.021120348945260048,
                    -0.006134527735412121,
                    -0.02472907304763794
                ],
                [
                    0.0,
                    0.2789279520511627,
                    -0.960312008857727,
                    -3.8711414337158203
                ],
                [
                    0.0,
                    0.0,
                    0.0,
                    1.0
                ]
            ]
        },
        {
            "file_path": "/data/shapenet_blender/all_50_random/02958343/ae088f798f2c99c2927e12317acf49e7/r_17",
            "rotation": 0.12566370614359174,
            "transform_matrix": [
                [
                    0.8660069704055786,
                    -0.07928159832954407,
                    0.4937068521976471,
                    1.9901959896087646
                ],
                [
                    0.5000320672988892,
                    0.1373080313205719,
                    -0.8550522923469543,
                    -3.4468259811401367
                ],
                [
                    0.0,
                    0.9873504042625427,
                    0.15855304896831512,
                    0.6391477584838867
                ],
                [
                    0.0,
                    0.0,
                    0.0,
                    1.0
                ]
            ]
        },
        {
            "file_path": "/data/shapenet_blender/all_50_random/02958343/ae088f798f2c99c2927e12317acf49e7/r_18",
            "rotation": 0.12566370614359174,
            "transform_matrix": [
                [
                    0.9913473129272461,
                    -0.01484953798353672,
                    -0.1304226815700531,
                    -0.5257506370544434
                ],
                [
                    -0.131265327334404,
                    -0.1121472716331482,
                    -0.9849833846092224,
                    -3.970595121383667
                ],
                [
                    9.31322685637781e-10,
                    0.9935805797576904,
                    -0.11312612146139145,
                    -0.45602598786354065
                ],
                [
                    0.0,
                    0.0,
                    0.0,
                    1.0
                ]
            ]
        },
        {
            "file_path": "/data/shapenet_blender/all_50_random/02958343/ae088f798f2c99c2927e12317acf49e7/r_19",
            "rotation": 0.12566370614359174,
            "transform_matrix": [
                [
                    -0.814420759677887,
                    -0.08289210498332977,
                    0.5743235945701599,
                    2.3151726722717285
                ],
                [
                    0.5802747011184692,
                    -0.11633981764316559,
                    0.8060683608055115,
                    3.24936580657959
                ],
                [
                    -7.4505797087454084e-09,
                    0.9897443652153015,
                    0.14284975826740265,
                    0.5758458375930786
                ],
                [
                    0.0,
                    0.0,
                    0.0,
                    1.0
                ]
            ]
        },
        {
            "file_path": "/data/shapenet_blender/all_50_random/02958343/ae088f798f2c99c2927e12317acf49e7/r_20",
            "rotation": 0.12566370614359174,
            "transform_matrix": [
                [
                    -0.9645966291427612,
                    -0.004205517005175352,
                    0.2636961340904236,
                    1.0629931688308716
                ],
                [
                    0.26372966170310974,
                    -0.015381762757897377,
                    0.9644739627838135,
                    3.8879189491271973
                ],
                [
                    0.0,
                    0.9998728632926941,
                    0.015946315601468086,
                    0.0642816573381424
                ],
                [
                    0.0,
                    0.0,
                    0.0,
                    1.0
                ]
            ]
        },
        {
            "file_path": "/data/shapenet_blender/all_50_random/02958343/ae088f798f2c99c2927e12317acf49e7/r_21",
            "rotation": 0.12566370614359174,
            "transform_matrix": [
                [
                    0.4764745235443115,
                    0.1339278370141983,
                    0.8689276576042175,
                    3.5027594566345215
                ],
                [
                    0.8791881799697876,
                    -0.07258196175098419,
                    -0.4709138572216034,
                    -1.8983144760131836
                ],
                [
                    0.0,
                    0.9883295297622681,
                    -0.15233123302459717,
                    -0.6140668392181396
                ],
                [
                    0.0,
                    0.0,
                    0.0,
                    1.0
                ]
            ]
        },
        {
            "file_path": "/data/shapenet_blender/all_50_random/02958343/ae088f798f2c99c2927e12317acf49e7/r_22",
            "rotation": 0.12566370614359174,
            "transform_matrix": [
                [
                    -0.9720151424407959,
                    -0.01764502190053463,
                    -0.23425449430942535,
                    -0.9443100690841675
                ],
                [
                    -0.23491808772087097,
                    0.07300940155982971,
                    0.9692693948745728,
                    3.907249927520752
                ],
                [
                    0.0,
                    0.9971752166748047,
                    -0.07511138170957565,
                    -0.30278366804122925
                ],
                [
                    0.0,
                    0.0,
                    0.0,
                    1.0
                ]
            ]
        },
        {
            "file_path": "/data/shapenet_blender/all_50_random/02958343/ae088f798f2c99c2927e12317acf49e7/r_23",
            "rotation": 0.12566370614359174,
            "transform_matrix": [
                [
                    0.8634431958198547,
                    -0.1588076651096344,
                    -0.4787962734699249,
                    -1.9300894737243652
                ],
                [
                    -0.5044459104537964,
                    -0.27182573080062866,
                    -0.819539487361908,
                    -3.3036694526672363
                ],
                [
                    1.4901160305669237e-08,
                    0.9491527080535889,
                    -0.3148159682750702,
                    -1.2690637111663818
                ],
                [
                    0.0,
                    0.0,
                    0.0,
                    1.0
                ]
            ]
        },
        {
            "file_path": "/data/shapenet_blender/all_50_random/02958343/ae088f798f2c99c2927e12317acf49e7/r_24",
            "rotation": 0.12566370614359174,
            "transform_matrix": [
                [
                    -0.8873213529586792,
                    -0.11769673973321915,
                    0.44587934017181396,
                    1.7973971366882324
                ],
                [
                    0.46115177869796753,
                    -0.22646521031856537,
                    0.8579350709915161,
                    3.458446979522705
                ],
                [
                    -7.450581485102248e-09,
                    0.9668819904327393,
                    0.25522348284721375,
                    1.0288387537002563
                ],
                [
                    0.0,
                    0.0,
                    0.0,
                    1.0
                ]
            ]
        },
        {
            "file_path": "/data/shapenet_blender/all_50_random/02958343/ae088f798f2c99c2927e12317acf49e7/r_25",
            "rotation": 0.12566370614359174,
            "transform_matrix": [
                [
                    -0.8590372204780579,
                    0.06967255473136902,
                    0.5071494579315186,
                    2.0443849563598633
                ],
                [
                    0.5119128823280334,
                    0.11691700667142868,
                    0.8510438203811646,
                    3.4306671619415283
                ],
                [
                    0.0,
                    0.9906947016716003,
                    -0.1361023485660553,
                    -0.548646092414856
                ],
                [
                    0.0,
                    0.0,
                    0.0,
                    1.0
                ]
            ]
        },
        {
            "file_path": "/data/shapenet_blender/all_50_random/02958343/ae088f798f2c99c2927e12317acf49e7/r_26",
            "rotation": 0.12566370614359174,
            "transform_matrix": [
                [
                    -0.9432585835456848,
                    0.05847322940826416,
                    -0.3268702030181885,
                    -1.3176559209823608
                ],
                [
                    -0.3320591151714325,
                    -0.16610108315944672,
                    0.9285188317298889,
                    3.742979049682617
                ],
                [
                    0.0,
                    0.9843734502792358,
                    0.17609284818172455,
                    0.7098529934883118
                ],
                [
                    0.0,
                    0.0,
                    0.0,
                    1.0
                ]
            ]
        },
        {
            "file_path": "/data/shapenet_blender/all_50_random/02958343/ae088f798f2c99c2927e12317acf49e7/r_27",
            "rotation": 0.12566370614359174,
            "transform_matrix": [
                [
                    -0.9127612113952637,
                    -0.10554172098636627,
                    0.39462393522262573,
                    1.5907800197601318
                ],
                [
                    0.4084937870502472,
                    -0.23582831025123596,
                    0.8817697167396545,
                    3.554527521133423
                ],
                [
                    7.450581485102248e-09,
                    0.9660464525222778,
                    0.25836804509162903,
                    1.0415148735046387
                ],
                [
                    0.0,
                    0.0,
                    0.0,
                    1.0
                ]
            ]
        },
        {
            "file_path": "/data/shapenet_blender/all_50_random/02958343/ae088f798f2c99c2927e12317acf49e7/r_28",
            "rotation": 0.12566370614359174,
            "transform_matrix": [
                [
                    -0.40761932730674744,
                    -0.16178996860980988,
                    -0.8987048864364624,
                    -3.622795343399048
                ],
                [
                    -0.9131519794464111,
                    0.07222095876932144,
                    0.4011703133583069,
                    1.6171692609786987
                ],
                [
                    0.0,
                    0.9841788411140442,
                    -0.17717748880386353,
                    -0.7142252922058105
                ],
                [
                    0.0,
                    0.0,
                    0.0,
                    1.0
                ]
            ]
        },
        {
            "file_path": "/data/shapenet_blender/all_50_random/02958343/ae088f798f2c99c2927e12317acf49e7/r_29",
            "rotation": 0.12566370614359174,
            "transform_matrix": [
                [
                    -0.4112006723880768,
                    0.18238386511802673,
                    0.8931124806404114,
                    3.6002519130706787
                ],
                [
                    0.9115447998046875,
                    0.0822739228606224,
                    0.4028857946395874,
                    1.624084711074829
                ],
                [
                    0.0,
                    0.979779064655304,
                    -0.20008215308189392,
                    -0.8065569996833801
                ],
                [
                    0.0,
                    0.0,
                    0.0,
                    1.0
                ]
            ]
        },
        {
            "file_path": "/data/shapenet_blender/all_50_random/02958343/ae088f798f2c99c2927e12317acf49e7/r_30",
            "rotation": 0.12566370614359174,
            "transform_matrix": [
                [
                    0.677772045135498,
                    -0.08993937075138092,
                    0.7297505736351013,
                    2.941718578338623
                ],
                [
                    0.7352720499038696,
                    0.08290590345859528,
                    -0.6726824045181274,
                    -2.711669445037842
                ],
                [
                    0.0,
                    0.9924905300140381,
                    0.12232121080160141,
                    0.4930925667285919
                ],
                [
                    0.0,
                    0.0,
                    0.0,
                    1.0
                ]
            ]
        },
        {
            "file_path": "/data/shapenet_blender/all_50_random/02958343/ae088f798f2c99c2927e12317acf49e7/r_31",
            "rotation": 0.12566370614359174,
            "transform_matrix": [
                [
                    0.07493995130062103,
                    0.08291774243116379,
                    -0.9937346577644348,
                    -4.00587272644043
                ],
                [
                    -0.9971880316734314,
                    0.0062313745729625225,
                    -0.07468042522668839,
                    -0.3010464608669281
                ],
                [
                    0.0,
                    0.9965368509292603,
                    0.08315155655145645,
                    0.3351946771144867
                ],
                [
                    0.0,
                    0.0,
                    0.0,
                    1.0
                ]
            ]
        },
        {
            "file_path": "/data/shapenet_blender/all_50_random/02958343/ae088f798f2c99c2927e12317acf49e7/r_32",
            "rotation": 0.12566370614359174,
            "transform_matrix": [
                [
                    0.8889105319976807,
                    -0.0856584757566452,
                    -0.4500007927417755,
                    -1.8140109777450562
                ],
                [
                    -0.45808085799217224,
                    -0.16622114181518555,
                    -0.8732311129570007,
                    -3.520106792449951
                ],
                [
                    0.0,
                    0.9823608994483948,
                    -0.1869942545890808,
                    -0.7537978887557983
                ],
                [
                    0.0,
                    0.0,
                    0.0,
                    1.0
                ]
            ]
        },
        {
            "file_path": "/data/shapenet_blender/all_50_random/02958343/ae088f798f2c99c2927e12317acf49e7/r_33",
            "rotation": 0.12566370614359174,
            "transform_matrix": [
                [
                    0.23674987256526947,
                    -0.14756855368614197,
                    -0.9602983593940735,
                    -3.871086597442627
                ],
                [
                    -0.9715705513954163,
                    -0.03595913201570511,
                    -0.23400309681892395,
                    -0.9432966709136963
                ],
                [
                    3.725290076417309e-09,
                    0.9883979558944702,
                    -0.15188658237457275,
                    -0.6122744083404541
                ],
                [
                    0.0,
                    0.0,
                    0.0,
                    1.0
                ]
            ]
        },
        {
            "file_path": "/data/shapenet_blender/all_50_random/02958343/ae088f798f2c99c2927e12317acf49e7/r_34",
            "rotation": 0.12566370614359174,
            "transform_matrix": [
                [
                    0.6681979298591614,
                    0.017529165372252464,
                    -0.7437770366668701,
                    -2.9982612133026123
                ],
                [
                    -0.7439836263656616,
                    0.01574356108903885,
                    -0.6680123805999756,
                    -2.6928441524505615
                ],
                [
                    0.0,
                    0.999722421169281,
                    0.023561224341392517,
                    0.09497833251953125
                ],
                [
                    0.0,
                    0.0,
                    0.0,
                    1.0
                ]
            ]
        },
        {
            "file_path": "/data/shapenet_blender/all_50_random/02958343/ae088f798f2c99c2927e12317acf49e7/r_35",
            "rotation": 0.12566370614359174,
            "transform_matrix": [
                [
                    -0.2129225730895996,
                    0.5884855389595032,
                    0.7799671292304993,
                    3.144148111343384
                ],
                [
                    0.977069079875946,
                    0.1282425820827484,
                    0.16997018456459045,
                    0.6851717233657837
                ],
                [
                    0.0,
                    0.7982723116874695,
                    -0.6022967100143433,
                    -2.4279356002807617
                ],
                [
                    0.0,
                    0.0,
                    0.0,
                    1.0
                ]
            ]
        },
        {
            "file_path": "/data/shapenet_blender/all_50_random/02958343/ae088f798f2c99c2927e12317acf49e7/r_36",
            "rotation": 0.12566370614359174,
            "transform_matrix": [
                [
                    0.9905787706375122,
                    -0.1251545250415802,
                    0.055587880313396454,
                    0.22408191859722137
                ],
                [
                    0.1369440257549286,
                    0.9052998423576355,
                    -0.4020925462245941,
                    -1.6208869218826294
                ],
                [
                    3.725290298461914e-09,
                    0.40591683983802795,
                    0.9139100313186646,
                    3.684089183807373
                ],
                [
                    0.0,
                    0.0,
                    0.0,
                    1.0
                ]
            ]
        },
        {
            "file_path": "/data/shapenet_blender/all_50_random/02958343/ae088f798f2c99c2927e12317acf49e7/r_37",
            "rotation": 0.12566370614359174,
            "transform_matrix": [
                [
                    -0.18323589861392975,
                    0.4090632498264313,
                    0.8939193487167358,
                    3.603504180908203
                ],
                [
                    0.9830690622329712,
                    0.0762459933757782,
                    0.16661915183067322,
                    0.6716632843017578
                ],
                [
                    0.0,
                    0.9093149304389954,
                    -0.4161084294319153,
                    -1.67738676071167
                ],
                [
                    0.0,
                    0.0,
                    0.0,
                    1.0
                ]
            ]
        },
        {
            "file_path": "/data/shapenet_blender/all_50_random/02958343/ae088f798f2c99c2927e12317acf49e7/r_38",
            "rotation": 0.12566370614359174,
            "transform_matrix": [
                [
                    0.2999487519264221,
                    -0.09137417376041412,
                    0.949569046497345,
                    3.8278355598449707
                ],
                [
                    0.953955352306366,
                    0.028730452060699463,
                    -0.29856956005096436,
                    -1.2035725116729736
                ],
                [
                    1.862645149230957e-09,
                    0.9954020977020264,
                    0.09578453749418259,
                    0.3861198425292969
                ],
                [
                    0.0,
                    0.0,
                    0.0,
                    1.0
                ]
            ]
        },
        {
            "file_path": "/data/shapenet_blender/all_50_random/02958343/ae088f798f2c99c2927e12317acf49e7/r_39",
            "rotation": 0.12566370614359174,
            "transform_matrix": [
                [
                    -0.9592337012290955,
                    0.21581079065799713,
                    -0.18247315287590027,
                    -0.735572874546051
                ],
                [
                    -0.282614141702652,
                    -0.7324933409690857,
                    0.6193404793739319,
                    2.4966416358947754
                ],
                [
                    0.0,
                    0.6456618309020996,
                    0.7636234164237976,
                    3.0782647132873535
                ],
                [
                    0.0,
                    0.0,
                    0.0,
                    1.0
                ]
            ]
        },
        {
            "file_path": "/data/shapenet_blender/all_50_random/02958343/ae088f798f2c99c2927e12317acf49e7/r_40",
            "rotation": 0.12566370614359174,
            "transform_matrix": [
                [
                    0.9461469650268555,
                    0.018096232786774635,
                    -0.32323142886161804,
                    -1.3029875755310059
                ],
                [
                    -0.32373762130737305,
                    0.05288757011294365,
                    -0.9446675777435303,
                    -3.808076858520508
                ],
                [
                    0.0,
                    0.9984365105628967,
                    0.05589783936738968,
                    0.2253313958644867
                ],
                [
                    0.0,
                    0.0,
                    0.0,
                    1.0
                ]
            ]
        },
        {
            "file_path": "/data/shapenet_blender/all_50_random/02958343/ae088f798f2c99c2927e12317acf49e7/r_41",
            "rotation": 0.12566370614359174,
            "transform_matrix": [
                [
                    -0.48921307921409607,
                    0.6133678555488586,
                    -0.6200406551361084,
                    -2.4994637966156006
                ],
                [
                    -0.872164249420166,
                    -0.3440493643283844,
                    0.34779226779937744,
                    1.4019954204559326
                ],
                [
                    1.4901160305669237e-08,
                    0.7109217643737793,
