{
    "class": "02958343",
    "model": "6232fe1824a6d1775b72003cd427d0c1",
    "remove_doubles": true,
    "edge_split": true,
    "denoise": true,
    "camera_angle_x": 0.6911112070083618,
    "scale_factor": 2.3193730128519148,
    "hdri_file": "/data/IndoorHDRDataset2018/AG8A3837-f2e122556e.exr",
    "center_offset": [
        0.0,
        -3.725290298461914e-09,
        -3.725290298461914e-09
    ],
    "lights": [],
    "frames": [
        {
            "file_path": "/data/shapenet_blender/all_50_random/02958343/6232fe1824a6d1775b72003cd427d0c1/r_0",
            "rotation": 0.12566370614359174,
            "transform_matrix": [
                [
                    0.9806633591651917,
                    -0.07056493312120438,
                    -0.18253742158412933,
                    -0.7358318567276001
                ],
                [
                    -0.19570210576057434,
                    -0.3536008894443512,
                    -0.914695143699646,
                    -3.687253952026367
                ],
                [
                    7.4505797087454084e-09,
                    0.9327309727668762,
                    -0.3605731427669525,
                    -1.4535168409347534
                ],
                [
                    0.0,
                    0.0,
                    0.0,
                    1.0
                ]
            ]
        },
        {
            "file_path": "/data/shapenet_blender/all_50_random/02958343/6232fe1824a6d1775b72003cd427d0c1/r_1",
            "rotation": 0.12566370614359174,
            "transform_matrix": [
                [
                    -0.3836556077003479,
                    -0.8590127229690552,
                    0.33897703886032104,
                    1.3664602041244507
                ],
                [
                    0.9234762191772461,
                    -0.3568744361400604,
                    0.14082705974578857,
                    0.5676920413970947
                ],
                [
                    0.0,
                    0.3670664429664612,
                    0.9301947355270386,
                    3.749734878540039
                ],
                [
                    0.0,
                    0.0,
                    0.0,
                    1.0
                ]
            ]
        },
        {
            "file_path": "/data/shapenet_blender/all_50_random/02958343/6232fe1824a6d1775b72003cd427d0c1/r_2",
            "rotation": 0.12566370614359174,
            "transform_matrix": [
                [
                    0.9915533661842346,
                    0.02549632638692856,
                    0.12716883420944214,
                    0.5126340389251709
                ],
                [
                    0.12969957292079926,
                    -0.1949194371700287,
                    -0.9722059369087219,
                    -3.9190876483917236
                ],
                [
                    0.0,
                    0.9804877042770386,
                    -0.1965799182653427,
                    -0.7924390435218811
                ],
                [
                    0.0,
                    0.0,
                    0.0,
                    1.0
                ]
            ]
        },
        {
            "file_path": "/data/shapenet_blender/all_50_random/02958343/6232fe1824a6d1775b72003cd427d0c1/r_3",
            "rotation": 0.12566370614359174,
            "transform_matrix": [
                [
                    -0.40606725215911865,
                    0.7388333678245544,
                    0.5378053784370422,
                    2.1679627895355225
                ],
                [
                    0.9138432741165161,
                    0.32830139994621277,
                    0.23897439241409302,
                    0.9633365869522095
                ],
                [
                    -1.4901162970204496e-08,
                    0.5885094404220581,
                    -0.8084903359413147,
                    -3.2591288089752197
                ],
                [
                    0.0,
                    0.0,
                    0.0,
                    1.0
                ]
            ]
        },
        {
            "file_path": "/data/shapenet_blender/all_50_random/02958343/6232fe1824a6d1775b72003cd427d0c1/r_4",
            "rotation": 0.12566370614359174,
            "transform_matrix": [
                [
                    0.9906947612762451,
                    -0.10988438874483109,
                    -0.08030763268470764,
                    -0.3237304091453552
                ],
                [
                    -0.13610251247882843,
                    -0.799852192401886,
                    -0.5845619440078735,
                    -2.3564445972442627
                ],
                [
                    -7.4505797087454084e-09,
                    0.5900524258613586,
                    -0.8073648810386658,
                    -3.254591941833496
                ],
                [
                    0.0,
                    0.0,
                    0.0,
                    1.0
                ]
            ]
        },
        {
            "file_path": "/data/shapenet_blender/all_50_random/02958343/6232fe1824a6d1775b72003cd427d0c1/r_5",
            "rotation": 0.12566370614359174,
            "transform_matrix": [
                [
                    -0.8849483132362366,
                    0.459183007478714,
                    0.07757223397493362,
                    0.3127036690711975
                ],
                [
                    0.4656892418861389,
                    0.8725845217704773,
                    0.1474103480577469,
                    0.5942301154136658
                ],
                [
                    0.0,
                    0.16657479107379913,
                    -0.986028790473938,
                    -3.974808931350708
                ],
                [
                    0.0,
                    0.0,
                    0.0,
                    1.0
                ]
            ]
        },
        {
            "file_path": "/data/shapenet_blender/all_50_random/02958343/6232fe1824a6d1775b72003cd427d0c1/r_6",
            "rotation": 0.12566370614359174,
            "transform_matrix": [
                [
                    -0.007060053292661905,
                    0.08960416913032532,
                    -0.9959524869918823,
                    -4.014812469482422
                ],
                [
                    -0.9999750852584839,
                    -0.0006326258881017566,
                    0.007031652610749006,
                    0.028345495462417603
                ],
                [
                    5.820766091346741e-11,
                    0.9959772229194641,
                    0.0896064043045044,
                    0.36121493577957153
                ],
                [
                    0.0,
                    0.0,
                    0.0,
                    1.0
                ]
            ]
        },
        {
            "file_path": "/data/shapenet_blender/all_50_random/02958343/6232fe1824a6d1775b72003cd427d0c1/r_7",
            "rotation": 0.12566370614359174,
            "transform_matrix": [
                [
                    -0.31435301899909973,
                    -0.9116412401199341,
                    0.26475000381469727,
                    1.0672414302825928
                ],
                [
                    0.9493061900138855,
                    -0.3018806576728821,
                    0.0876692533493042,
                    0.35340607166290283
                ],
                [
                    0.0,
                    0.27888789772987366,
                    0.9603236317634583,
                    3.8711884021759033
                ],
                [
                    0.0,
                    0.0,
                    0.0,
                    1.0
                ]
            ]
        },
        {
            "file_path": "/data/shapenet_blender/all_50_random/02958343/6232fe1824a6d1775b72003cd427d0c1/r_8",
            "rotation": 0.12566370614359174,
            "transform_matrix": [
                [
                    0.22465826570987701,
                    -0.1510828733444214,
                    0.9626538753509521,
                    3.880582094192505
                ],
                [
                    0.9744376540184021,
                    0.034832414239645004,
                    -0.2219415009021759,
                    -0.8946748971939087
                ],
                [
                    0.0,
                    0.9879071116447449,
                    0.1550462394952774,
                    0.6250114440917969
                ],
                [
                    0.0,
                    0.0,
                    0.0,
                    1.0
                ]
            ]
        },
        {
            "file_path": "/data/shapenet_blender/all_50_random/02958343/6232fe1824a6d1775b72003cd427d0c1/r_9",
            "rotation": 0.12566370614359174,
            "transform_matrix": [
                [
                    0.20587623119354248,
                    -0.7020726203918457,
                    -0.6816955804824829,
                    -2.7480030059814453
                ],
                [
                    -0.9785780310630798,
                    -0.14770418405532837,
                    -0.14341719448566437,
                    -0.5781332850456238
                ],
                [
                    0.0,
                    0.6966186165809631,
                    -0.7174415588378906,
                    -2.892099618911743
                ],
                [
                    0.0,
                    0.0,
                    0.0,
                    1.0
                ]
            ]
        },
        {
            "file_path": "/data/shapenet_blender/all_50_random/02958343/6232fe1824a6d1775b72003cd427d0c1/r_10",
            "rotation": 0.12566370614359174,
            "transform_matrix": [
                [
                    -0.2658807635307312,
                    -0.47780898213386536,
                    -0.8372610211372375,
                    -3.3751070499420166
                ],
                [
                    -0.9640058875083923,
                    0.1317836493253708,
                    0.23092348873615265,
                    0.9308823347091675
                ],
                [
                    -7.450580152834618e-09,
                    0.8685227632522583,
                    -0.49564939737319946,
                    -1.9980266094207764
                ],
                [
                    0.0,
                    0.0,
                    0.0,
                    1.0
                ]
            ]
        },
        {
            "file_path": "/data/shapenet_blender/all_50_random/02958343/6232fe1824a6d1775b72003cd427d0c1/r_11",
            "rotation": 0.12566370614359174,
            "transform_matrix": [
                [
                    -0.9874038696289062,
                    -0.11799243837594986,
                    0.10541075468063354,
                    0.4249243140220642
                ],
                [
                    0.15822024643421173,
                    -0.7363544702529907,
                    0.6578360795974731,
                    2.651822090148926
                ],
                [
                    0.0,
                    0.6662278771400452,
                    0.7457480430603027,
                    3.006206512451172
                ],
                [
                    0.0,
                    0.0,
                    0.0,
                    1.0
                ]
            ]
        },
        {
            "file_path": "/data/shapenet_blender/all_50_random/02958343/6232fe1824a6d1775b72003cd427d0c1/r_12",
            "rotation": 0.12566370614359174,
            "transform_matrix": [
                [
                    -0.3532024025917053,
                    0.8123406767845154,
                    0.4640589654445648,
                    1.8706815242767334
                ],
                [
                    0.9355469942092896,
                    0.3066876232624054,
                    0.17519883811473846,
                    0.7062491178512573
                ],
                [
                    0.0,
                    0.4960295557975769,
                    -0.8683055639266968,
                    -3.5002517700195312
                ],
                [
                    0.0,
                    0.0,
                    0.0,
                    1.0
                ]
            ]
        },
        {
            "file_path": "/data/shapenet_blender/all_50_random/02958343/6232fe1824a6d1775b72003cd427d0c1/r_13",
            "rotation": 0.12566370614359174,
            "transform_matrix": [
                [
                    0.2500987648963928,
                    -0.30283546447753906,
                    0.9196419715881348,
                    3.707195281982422
                ],
                [
                    0.9682203531265259,
                    0.07822474092245102,
                    -0.23755058646202087,
                    -0.957597017288208
                ],
                [
                    -7.450580596923828e-09,
                    0.9498271346092224,
                    0.3127754032611847,
                    1.2608380317687988
                ],
                [
                    0.0,
                    0.0,
                    0.0,
                    1.0
                ]
            ]
        },
        {
            "file_path": "/data/shapenet_blender/all_50_random/02958343/6232fe1824a6d1775b72003cd427d0c1/r_14",
            "rotation": 0.12566370614359174,
            "transform_matrix": [
                [
                    0.8118500113487244,
                    0.09972134232521057,
                    0.5752871036529541,
                    2.319056510925293
                ],
                [
                    0.5838661193847656,
                    -0.13865981996059418,
                    -0.7999211549758911,
                    -3.2245852947235107
                ],
                [
                    0.0,
                    0.9853066205978394,
                    -0.17079488933086395,
                    -0.6884962320327759
                ],
                [
                    0.0,
                    0.0,
                    0.0,
                    1.0
                ]
            ]
        },
        {
            "file_path": "/data/shapenet_blender/all_50_random/02958343/6232fe1824a6d1775b72003cd427d0c1/r_15",
            "rotation": 0.12566370614359174,
            "transform_matrix": [
                [
                    -0.914631187915802,
                    -0.0015283905668184161,
                    -0.40428638458251953,
                    -1.6297305822372437
                ],
                [
                    -0.4042893052101135,
                    0.0034577064216136932,
                    0.9146246314048767,
                    3.686969757080078
                ],
                [
                    0.0,
                    0.999992847442627,
                    -0.0037804380990564823,
                    -0.015239433385431767
                ],
                [
                    0.0,
                    0.0,
                    0.0,
                    1.0
                ]
            ]
        },
        {
            "file_path": "/data/shapenet_blender/all_50_random/02958343/6232fe1824a6d1775b72003cd427d0c1/r_16",
            "rotation": 0.12566370614359174,
            "transform_matrix": [
                [
                    0.9951668381690979,
                    -0.06263847649097443,
                    0.0756259486079216,
                    0.3048579692840576
                ],
                [
                    0.09819807857275009,
                    0.6347958445549011,
                    -0.7664145231246948,
                    -3.0895159244537354
                ],
                [
                    0.0,
                    0.7701366543769836,
                    0.6378787755966187,
                    2.5713717937469482
                ],
                [
                    0.0,
                    0.0,
                    0.0,
                    1.0
                ]
            ]
        },
        {
            "file_path": "/data/shapenet_blender/all_50_random/02958343/6232fe1824a6d1775b72003cd427d0c1/r_17",
            "rotation": 0.12566370614359174,
            "transform_matrix": [
                [
                    -0.9583740830421448,
                    -0.07762748748064041,
                    0.2747602164745331,
                    1.1075937747955322
                ],
                [
                    0.2855156660079956,
                    -0.2605677545070648,
                    0.9222718477249146,
                    3.7177963256835938
                ],
                [
                    7.450580596923828e-09,
                    0.9623295664787292,
                    0.2718852758407593,
                    1.0960044860839844
                ],
                [
                    0.0,
                    0.0,
                    0.0,
                    1.0
                ]
            ]
        },
        {
            "file_path": "/data/shapenet_blender/all_50_random/02958343/6232fe1824a6d1775b72003cd427d0c1/r_18",
            "rotation": 0.12566370614359174,
            "transform_matrix": [
                [
                    -0.988858163356781,
                    0.10580791532993317,
                    0.10471033304929733,
                    0.42210084199905396
                ],
                [
                    0.148860901594162,
                    0.7028643488883972,
                    0.6955732703208923,
                    2.803945541381836
                ],
                [
                    -7.450580596923828e-09,
                    0.7034105658531189,
                    -0.7107837796211243,
                    -2.8652610778808594
                ],
                [
                    0.0,
                    0.0,
                    0.0,
                    1.0
                ]
            ]
        },
        {
            "file_path": "/data/shapenet_blender/all_50_random/02958343/6232fe1824a6d1775b72003cd427d0c1/r_19",
            "rotation": 0.12566370614359174,
            "transform_matrix": [
                [
                    0.610640287399292,
                    -0.5478388667106628,
                    0.571831226348877,
                    2.3051254749298096
                ],
                [
                    0.7919082045555115,
                    0.42243850231170654,
                    -0.4409390091896057,
                    -1.777482032775879
                ],
                [
                    1.4901162970204496e-08,
                    0.7220928072929382,
                    0.691796064376831,
                    2.7887191772460938
                ],
                [
                    0.0,
                    0.0,
                    0.0,
                    1.0
                ]
            ]
        },
        {
            "file_path": "/data/shapenet_blender/all_50_random/02958343/6232fe1824a6d1775b72003cd427d0c1/r_20",
            "rotation": 0.12566370614359174,
            "transform_matrix": [
                [
                    -0.8911898732185364,
                    0.430183470249176,
                    -0.14395445585250854,
                    -0.5802990198135376
                ],
                [
                    -0.45363062620162964,
                    -0.845126211643219,
                    0.2828088402748108,
                    1.1400389671325684
                ],
                [
                    7.450581485102248e-09,
                    0.31733837723731995,
                    0.9483122229576111,
                    3.8227691650390625
                ],
                [
                    0.0,
                    0.0,
                    0.0,
                    1.0
                ]
            ]
        },
        {
            "file_path": "/data/shapenet_blender/all_50_random/02958343/6232fe1824a6d1775b72003cd427d0c1/r_21",
            "rotation": 0.12566370614359174,
            "transform_matrix": [
                [
                    0.5557450652122498,
                    -0.22784829139709473,
                    0.7995203137397766,
                    3.2229690551757812
                ],
                [
                    0.8313528299331665,
                    0.15231265127658844,
                    -0.5344655513763428,
                    -2.1544992923736572
                ],
                [
                    0.0,
                    0.9617098569869995,
                    0.2740693688392639,
                    1.1048088073730469
                ],
                [
                    0.0,
                    0.0,
                    0.0,
                    1.0
                ]
            ]
        },
        {
            "file_path": "/data/shapenet_blender/all_50_random/02958343/6232fe1824a6d1775b72003cd427d0c1/r_22",
            "rotation": 0.12566370614359174,
            "transform_matrix": [
                [
                    0.9543392062187195,
                    -0.2806835174560547,
                    -0.10224176943302155,
                    -0.4121497869491577
                ],
                [
                    -0.2987249791622162,
                    -0.8967019319534302,
                    -0.32663261890411377,
                    -1.3166983127593994
                ],
                [
                    0.0,
                    0.3422606885433197,
                    -0.9396050572395325,
                    -3.7876694202423096
                ],
                [
                    0.0,
                    0.0,
                    0.0,
                    1.0
                ]
            ]
        },
        {
            "file_path": "/data/shapenet_blender/all_50_random/02958343/6232fe1824a6d1775b72003cd427d0c1/r_23",
            "rotation": 0.12566370614359174,
            "transform_matrix": [
                [
                    -0.7353565096855164,
                    0.5932315587997437,
                    -0.32760798931121826,
                    -1.3206300735473633
                ],
                [
                    -0.677680492401123,
                    -0.6437203288078308,
                    0.3554900586605072,
                    1.4330263137817383
                ],
                [
                    0.0,
                    0.48342546820640564,
                    0.8753855228424072,
                    3.528791904449463
                ],
                [
                    0.0,
                    0.0,
                    0.0,
                    1.0
                ]
            ]
        },
        {
            "file_path": "/data/shapenet_blender/all_50_random/02958343/6232fe1824a6d1775b72003cd427d0c1/r_24",
            "rotation": 0.12566370614359174,
            "transform_matrix": [
                [
                    -0.5130552053451538,
                    0.27421313524246216,
                    0.8133765459060669,
                    3.2788259983062744
                ],
                [
                    0.8583556413650513,
                    0.16390231251716614,
                    0.48617035150527954,
                    1.959815502166748
                ],
                [
                    0.0,
                    0.9475986957550049,
                    -0.31946325302124023,
                    -1.2877976894378662
                ],
                [
                    0.0,
                    0.0,
                    0.0,
                    1.0
                ]
            ]
        },
        {
            "file_path": "/data/shapenet_blender/all_50_random/02958343/6232fe1824a6d1775b72003cd427d0c1/r_25",
            "rotation": 0.12566370614359174,
            "transform_matrix": [
                [
                    0.09557294845581055,
                    -0.13877031207084656,
                    0.9857020378112793,
                    3.97349214553833
                ],
                [
                    0.99542236328125,
                    0.013323680497705936,
                    -0.09463967382907867,
                    -0.38150474429130554
                ],
                [
                    -9.313225191043273e-10,
                    0.990234911441803,
                    0.13940846920013428,
                    0.5619735717773438
                ],
                [
                    0.0,
                    0.0,
                    0.0,
                    1.0
                ]
            ]
        },
        {
            "file_path": "/data/shapenet_blender/all_50_random/02958343/6232fe1824a6d1775b72003cd427d0c1/r_26",
            "rotation": 0.12566370614359174,
            "transform_matrix": [
                [
                    0.7535266876220703,
                    -0.24473854899406433,
                    0.6101643443107605,
                    2.459651231765747
                ],
                [
                    0.6574172973632812,
                    0.28051748871803284,
                    -0.6993657350540161,
                    -2.8192334175109863
                ],
                [
                    -1.4901160305669237e-08,
                    0.928123414516449,
                    0.3722727596759796,
                    1.5006794929504395
                ],
                [
                    0.0,
                    0.0,
                    0.0,
                    1.0
                ]
            ]
        },
        {
            "file_path": "/data/shapenet_blender/all_50_random/02958343/6232fe1824a6d1775b72003cd427d0c1/r_27",
            "rotation": 0.12566370614359174,
            "transform_matrix": [
                [
                    -0.5224444270133972,
                    -0.2773124575614929,
                    0.8063185811042786,
                    3.2503740787506104
                ],
                [
                    0.852673351764679,
                    -0.16991306841373444,
                    0.4940422475337982,
                    1.9915480613708496
                ],
                [
                    0.0,
                    0.9456359148025513,
                    0.3252270817756653,
                    1.3110322952270508
                ],
                [
                    0.0,
                    0.0,
                    0.0,
                    1.0
                ]
            ]
        },
        {
            "file_path": "/data/shapenet_blender/all_50_random/02958343/6232fe1824a6d1775b72003cd427d0c1/r_28",
            "rotation": 0.12566370614359174,
            "transform_matrix": [
                [
                    -0.9923282265663147,
                    -0.11517816036939621,
                    -0.04493146017193794,
                    -0.1811245083808899
                ],
                [
                    -0.12363190203905106,
                    0.9244744777679443,
                    0.3606411814689636,
                    1.4537911415100098
                ],
                [
                    3.725290298461914e-09,
                    0.3634292185306549,
                    -0.931621789932251,
                    -3.7554874420166016
                ],
                [
                    0.0,
                    0.0,
                    0.0,
                    1.0
                ]
            ]
        },
        {
            "file_path": "/data/shapenet_blender/all_50_random/02958343/6232fe1824a6d1775b72003cd427d0c1/r_29",
            "rotation": 0.12566370614359174,
            "transform_matrix": [
                [
                    -0.8641073703765869,
                    0.4309639632701874,
                    0.25997793674468994,
                    1.0480045080184937
                ],
                [
                    0.5033075213432312,
                    0.7399038076400757,
                    0.44634515047073364,
                    1.7992745637893677
                ],
                [
                    0.0,
                    0.5165389180183411,
                    -0.8562638163566589,
                    -3.451709270477295
                ],
                [
                    0.0,
                    0.0,
                    0.0,
                    1.0
                ]
            ]
        },
        {
            "file_path": "/data/shapenet_blender/all_50_random/02958343/6232fe1824a6d1775b72003cd427d0c1/r_30",
            "rotation": 0.12566370614359174,
            "transform_matrix": [
                [
                    0.5122802257537842,
                    -0.8444659113883972,
                    -0.15635262429714203,
                    -0.6302776336669922
                ],
                [
                    -0.8588184714317322,
                    -0.5037189722061157,
                    -0.09326343238353729,
                    -0.3759569525718689
                ],
                [
                    0.0,
                    0.18205560743808746,
                    -0.9832882285118103,
                    -3.963761806488037
                ],
                [
                    0.0,
                    0.0,
                    0.0,
                    1.0
                ]
            ]
        },
        {
            "file_path": "/data/shapenet_blender/all_50_random/02958343/6232fe1824a6d1775b72003cd427d0c1/r_31",
            "rotation": 0.12566370614359174,
            "transform_matrix": [
                [
                    -0.6385828852653503,
                    -0.5852696299552917,
                    -0.4996712803840637,
                    -2.0142393112182617
                ],
                [
                    -0.7695531249046326,
                    0.4856626093387604,
                    0.41463223099708557,
                    1.6714359521865845
                ],
                [
                    -1.4901161193847656e-08,
                    0.6493005156517029,
                    -0.7605319023132324,
                    -3.0658020973205566
                ],
                [
                    0.0,
                    0.0,
                    0.0,
                    1.0
                ]
            ]
        },
        {
            "file_path": "/data/shapenet_blender/all_50_random/02958343/6232fe1824a6d1775b72003cd427d0c1/r_32",
            "rotation": 0.12566370614359174,
            "transform_matrix": [
                [
                    0.2557910680770874,
                    0.0783768966794014,
                    -0.9635496735572815,
                    -3.884192943572998
                ],
                [
                    -0.9667320847511292,
                    0.020738018676638603,
                    -0.25494900345802307,
                    -1.027732253074646
                ],
                [
                    -1.862645149230957e-09,
                    0.9967080950737,
                    0.081074059009552,
                    0.3268199861049652
                ],
                [
                    0.0,
                    0.0,
                    0.0,
                    1.0
                ]
            ]
        },
        {
            "file_path": "/data/shapenet_blender/all_50_random/02958343/6232fe1824a6d1775b72003cd427d0c1/r_33",
            "rotation": 0.12566370614359174,
            "transform_matrix": [
                [
                    0.4982292056083679,
                    -0.3880783021450043,
                    0.7753468751907349,
                    3.125523567199707
                ],
                [
                    0.8670454025268555,
                    0.22300095856189728,
                    -0.44553661346435547,
                    -1.7960156202316284
                ],
                [
                    0.0,
                    0.8942403197288513,
                    0.4475870132446289,
                    1.8042811155319214
                ],
                [
                    0.0,
                    0.0,
                    0.0,
                    1.0
                ]
            ]
        },
        {
            "file_path": "/data/shapenet_blender/all_50_random/02958343/6232fe1824a6d1775b72003cd427d0c1/r_34",
            "rotation": 0.12566370614359174,
            "transform_matrix": [
                [
                    -0.9547569751739502,
                    -0.2021530419588089,
                    -0.2181127667427063,
                    -0.8792407512664795
                ],
                [
                    -0.297387033700943,
                    0.649009644985199,
                    0.7002480626106262,
                    2.8227903842926025
                ],
                [
                    0.0,
                    0.7334306836128235,
                    -0.6797641515731812,
                    -2.7402172088623047
                ],
                [
                    0.0,
                    0.0,
                    0.0,
                    1.0
                ]
            ]
        },
        {
            "file_path": "/data/shapenet_blender/all_50_random/02958343/6232fe1824a6d1775b72003cd427d0c1/r_35",
            "rotation": 0.12566370614359174,
            "transform_matrix": [
                [
                    0.5978270173072815,
                    0.02439255081117153,
                    -0.8012539744377136,
                    -3.2299580574035645
                ],
                [
                    -0.8016251921653748,
                    0.018191199749708176,
                    -0.5975501537322998,
                    -2.408801794052124
                ],
                [
                    -9.313225746154785e-10,
                    0.9995368719100952,
                    0.030428875237703323,
                    0.12266272306442261
                ],
                [
                    0.0,
                    0.0,
                    0.0,
                    1.0
                ]
            ]
        },
        {
            "file_path": "/data/shapenet_blender/all_50_random/02958343/6232fe1824a6d1775b72003cd427d0c1/r_36",
            "rotation": 0.12566370614359174,
            "transform_matrix": [
                [
                    0.9438086152076721,
                    0.09963785856962204,
                    -0.3151153028011322,
                    -1.2702704668045044
                ],
                [
                    -0.3304925858974457,
                    0.28454214334487915,
                    -0.899894654750824,
                    -3.627591371536255
                ],
                [
                    1.4901160305669237e-08,
                    0.9534716010093689,
                    0.3014828860759735,
                    1.2153164148330688
                ],
                [
                    0.0,
                    0.0,
                    0.0,
                    1.0
                ]
            ]
        },
        {
            "file_path": "/data/shapenet_blender/all_50_random/02958343/6232fe1824a6d1775b72003cd427d0c1/r_37",
            "rotation": 0.12566370614359174,
            "transform_matrix": [
                [
                    -0.6515036821365356,
                    -0.12266825139522552,
                    0.7486623525619507,
                    3.0179548263549805
                ],
                [
                    0.7586454749107361,
                    -0.10534408688545227,
                    0.6429304480552673,
                    2.59173583984375
                ],
                [
                    0.0,
                    0.9868410229682922,
                    0.1616937518119812,
                    0.6518084406852722
                ],
                [
                    0.0,
                    0.0,
                    0.0,
                    1.0
                ]
            ]
        },
        {
            "file_path": "/data/shapenet_blender/all_50_random/02958343/6232fe1824a6d1775b72003cd427d0c1/r_38",
            "rotation": 0.12566370614359174,
            "transform_matrix": [
                [
                    -0.7675213813781738,
                    -0.04811936244368553,
                    0.6392147541046143,
                    2.5767571926116943
                ],
                [
                    0.6410233974456787,
                    -0.057615119963884354,
                    0.7653558254241943,
                    3.0852479934692383
                ],
                [
                    0.0,
                    0.9971784949302673,
                    0.075066477060318,
                    0.3026026487350464
                ],
                [
                    0.0,
                    0.0,
                    0.0,
                    1.0
                ]
            ]
        },
        {
            "file_path": "/data/shapenet_blender/all_50_random/02958343/6232fe1824a6d1775b72003cd427d0c1/r_39",
            "rotation": 0.12566370614359174,
            "transform_matrix": [
                [
                    0.9757461547851562,
                    0.1455874890089035,
                    0.16347402334213257,
                    0.658984899520874
                ],
                [
                    0.21890521049499512,
                    -0.64894038438797,
                    -0.728667676448822,
                    -2.9373536109924316
                ],
                [
                    -7.450581485102248e-09,
                    0.7467799782752991,
                    -0.6650710105895996,
                    -2.6809871196746826
                ],
                [
                    0.0,
                    0.0,
                    0.0,
                    1.0
                ]
            ]
        },
        {
            "file_path": "/data/shapenet_blender/all_50_random/02958343/6232fe1824a6d1775b72003cd427d0c1/r_40",
            "rotation": 0.12566370614359174,
            "transform_matrix": [
                [
                    0.5389172434806824,
                    -0.637933075428009,
                    -0.5500996112823486,
                    -2.217522382736206
                ],
                [
                    -0.8423587083816528,
                    -0.40813153982162476,
                    -0.3519381582736969,
                    -1.418708086013794
                ],
                [
                    0.0,
                    0.653046727180481,
                    -0.7573176026344299,
                    -3.052845001220703
                ],
                [
                    0.0,
                    0.0,
                    0.0,
                    1.0
                ]
            ]
        },
        {
            "file_path": "/data/shapenet_blender/all_50_random/02958343/6232fe1824a6d1775b72003cd427d0c1/r_41",
            "rotation": 0.12566370614359174,
            "transform_matrix": [
                [
                    0.3040916919708252,
                    -0.4680228531360626,
                    -0.8297486305236816,
                    -3.3448235988616943
                ],
                [
                    -0.9526427984237671,
                    -0.1493968814611435,
                    -0.2648628354072571,
                    -1.067696213722229
                ],
                [
                    -7.450580596923828e-09,
