{
    "class": "02958343",
    "model": "840f98dcf50b48f9a7fd25564c2e888e",
    "remove_doubles": true,
    "edge_split": true,
    "denoise": true,
    "camera_angle_x": 0.6911112070083618,
    "scale_factor": 2.41943582171106,
    "hdri_file": "/data/IndoorHDRDataset2018/AG8A9184-3230b2c3f6.exr",
    "center_offset": [
        0.0,
        0.0,
        0.0
    ],
    "lights": [],
    "frames": [
        {
            "file_path": "/data/shapenet_blender/all_50_random/02958343/840f98dcf50b48f9a7fd25564c2e888e/r_0",
            "rotation": 0.12566370614359174,
            "transform_matrix": [
                [
                    -0.3722755014896393,
                    -0.018458208069205284,
                    -0.9279386401176453,
                    -3.74064040184021
                ],
                [
                    -0.9281222820281982,
                    0.007403700612485409,
                    0.3722018599510193,
                    1.5003937482833862
                ],
                [
                    4.656613428188905e-10,
                    0.9998021721839905,
                    -0.019887691363692284,
                    -0.08016984909772873
                ],
                [
                    0.0,
                    0.0,
                    0.0,
                    1.0
                ]
            ]
        },
        {
            "file_path": "/data/shapenet_blender/all_50_random/02958343/840f98dcf50b48f9a7fd25564c2e888e/r_1",
            "rotation": 0.12566370614359174,
            "transform_matrix": [
                [
                    -0.9538509845733643,
                    0.1387021243572235,
                    -0.2663271427154541,
                    -1.0735992193222046
                ],
                [
                    -0.3002806305885315,
                    -0.4405916929244995,
                    0.8459966778755188,
                    3.4103219509124756
                ],
                [
                    7.450581485102248e-09,
                    0.886927604675293,
                    0.46190834045410156,
                    1.8620121479034424
                ],
                [
                    0.0,
                    0.0,
                    0.0,
                    1.0
                ]
            ]
        },
        {
            "file_path": "/data/shapenet_blender/all_50_random/02958343/840f98dcf50b48f9a7fd25564c2e888e/r_2",
            "rotation": 0.12566370614359174,
            "transform_matrix": [
                [
                    -0.039542678743600845,
                    -0.1761946976184845,
                    0.9835606813430786,
                    3.964860200881958
                ],
                [
                    0.9992179274559021,
                    -0.0069726635701954365,
                    0.03892306238412857,
                    0.15690389275550842
                ],
                [
                    4.656613428188905e-10,
                    0.9843305349349976,
                    0.17633262276649475,
                    0.7108196020126343
                ],
                [
                    0.0,
                    0.0,
                    0.0,
                    1.0
                ]
            ]
        },
        {
            "file_path": "/data/shapenet_blender/all_50_random/02958343/840f98dcf50b48f9a7fd25564c2e888e/r_3",
            "rotation": 0.12566370614359174,
            "transform_matrix": [
                [
                    -0.003386078868061304,
                    -0.5812392234802246,
                    0.8137256503105164,
                    3.2802329063415527
                ],
                [
                    0.9999942779541016,
                    -0.0019681330304592848,
                    0.002755355089902878,
                    0.011107191443443298
                ],
                [
                    0.0,
                    0.8137302398681641,
                    0.5812426209449768,
                    2.343064069747925
                ],
                [
                    0.0,
                    0.0,
                    0.0,
                    1.0
                ]
            ]
        },
        {
            "file_path": "/data/shapenet_blender/all_50_random/02958343/840f98dcf50b48f9a7fd25564c2e888e/r_4",
            "rotation": 0.12566370614359174,
            "transform_matrix": [
                [
                    -0.7033514380455017,
                    0.07762737572193146,
                    0.7065909504890442,
                    2.8483593463897705
                ],
                [
                    0.7108423709869385,
                    0.0768093392252922,
                    0.6991448402404785,
                    2.818342924118042
                ],
                [
                    -3.725290742551124e-09,
                    0.9940192103385925,
                    -0.10920479148626328,
                    -0.44021859765052795
                ],
                [
                    0.0,
                    0.0,
                    0.0,
                    1.0
                ]
            ]
        },
        {
            "file_path": "/data/shapenet_blender/all_50_random/02958343/840f98dcf50b48f9a7fd25564c2e888e/r_5",
            "rotation": 0.12566370614359174,
            "transform_matrix": [
                [
                    -0.1800571084022522,
                    -0.11812681704759598,
                    -0.9765375256538391,
                    -3.9365487098693848
                ],
                [
                    -0.9836562275886536,
                    0.021622976288199425,
                    0.1787540465593338,
                    0.7205806374549866
                ],
                [
                    1.862645149230957e-09,
                    0.9927630424499512,
                    -0.12008955329656601,
                    -0.4840964674949646
                ],
                [
                    0.0,
                    0.0,
                    0.0,
                    1.0
                ]
            ]
        },
        {
            "file_path": "/data/shapenet_blender/all_50_random/02958343/840f98dcf50b48f9a7fd25564c2e888e/r_6",
            "rotation": 0.12566370614359174,
            "transform_matrix": [
                [
                    -0.6178238987922668,
                    0.4895479381084442,
                    -0.6153343915939331,
                    -2.480492353439331
                ],
                [
                    -0.7863166332244873,
                    -0.3846471309661865,
                    0.48347991704940796,
                    1.948969841003418
                ],
                [
                    -1.4901162970204496e-08,
                    0.7825530171394348,
                    0.6225838661193848,
                    2.5097157955169678
                ],
                [
                    0.0,
                    0.0,
                    0.0,
                    1.0
                ]
            ]
        },
        {
            "file_path": "/data/shapenet_blender/all_50_random/02958343/840f98dcf50b48f9a7fd25564c2e888e/r_7",
            "rotation": 0.12566370614359174,
            "transform_matrix": [
                [
                    -0.379410058259964,
                    0.11939343065023422,
                    0.9174928069114685,
                    3.6985321044921875
                ],
                [
                    0.9252286553382874,
                    0.04895986616611481,
                    0.37623780965805054,
                    1.5166631937026978
                ],
                [
                    -3.725290298461914e-09,
                    0.9916390180587769,
                    -0.12904207408428192,
                    -0.5201852917671204
                ],
                [
                    0.0,
                    0.0,
                    0.0,
                    1.0
                ]
            ]
        },
        {
            "file_path": "/data/shapenet_blender/all_50_random/02958343/840f98dcf50b48f9a7fd25564c2e888e/r_8",
            "rotation": 0.12566370614359174,
            "transform_matrix": [
                [
                    0.3937722146511078,
                    -0.7553995251655579,
                    -0.5237508416175842,
                    -2.111307144165039
                ],
                [
                    -0.9192080497741699,
                    -0.32359957695007324,
                    -0.2243654429912567,
                    -0.904446005821228
                ],
                [
                    0.0,
                    0.5697847008705139,
                    -0.8217938542366028,
                    -3.3127570152282715
                ],
                [
                    0.0,
                    0.0,
                    0.0,
                    1.0
                ]
            ]
        },
        {
            "file_path": "/data/shapenet_blender/all_50_random/02958343/840f98dcf50b48f9a7fd25564c2e888e/r_9",
            "rotation": 0.12566370614359174,
            "transform_matrix": [
                [
                    -0.8695231080055237,
                    0.053408507257699966,
                    -0.4909960925579071,
                    -1.9792685508728027
                ],
                [
                    -0.4938924014568329,
                    -0.09402844309806824,
                    0.8644240498542786,
                    3.484604835510254
                ],
                [
                    0.0,
                    0.9941359162330627,
                    0.10813795030117035,
                    0.43591803312301636
                ],
                [
                    0.0,
                    0.0,
                    0.0,
                    1.0
                ]
            ]
        },
        {
            "file_path": "/data/shapenet_blender/all_50_random/02958343/840f98dcf50b48f9a7fd25564c2e888e/r_10",
            "rotation": 0.12566370614359174,
            "transform_matrix": [
                [
                    -0.3344816267490387,
                    -0.016980541869997978,
                    -0.9422492980957031,
                    -3.798328399658203
                ],
                [
                    -0.9424023032188416,
                    0.006026809569448233,
                    0.3344273269176483,
                    1.3481197357177734
                ],
                [
                    0.0,
                    0.9998376369476318,
                    -0.018018357455730438,
                    -0.07263432443141937
                ],
                [
                    0.0,
                    0.0,
                    0.0,
                    1.0
                ]
            ]
        },
        {
            "file_path": "/data/shapenet_blender/all_50_random/02958343/840f98dcf50b48f9a7fd25564c2e888e/r_11",
            "rotation": 0.12566370614359174,
            "transform_matrix": [
                [
                    -0.6573382616043091,
                    0.6161723732948303,
                    0.43386420607566833,
                    1.748962640762329
                ],
                [
                    0.753595769405365,
                    0.5374680757522583,
                    0.3784462809562683,
                    1.5255658626556396
                ],
                [
                    -1.4901161193847656e-08,
                    0.5757254362106323,
                    -0.8176430463790894,
                    -3.296024799346924
                ],
                [
                    0.0,
                    0.0,
                    0.0,
                    1.0
                ]
            ]
        },
        {
            "file_path": "/data/shapenet_blender/all_50_random/02958343/840f98dcf50b48f9a7fd25564c2e888e/r_12",
            "rotation": 0.12566370614359174,
            "transform_matrix": [
                [
                    0.23592503368854523,
                    0.1501762866973877,
                    -0.9600971341133118,
                    -3.8702752590179443
                ],
                [
                    -0.9717713594436646,
                    0.0364595428109169,
                    -0.23309077322483063,
                    -0.9396189451217651
                ],
                [
                    -3.725290742551124e-09,
                    0.9879867434501648,
                    0.15453870594501495,
                    0.6229654550552368
                ],
                [
                    0.0,
                    0.0,
                    0.0,
                    1.0
                ]
            ]
        },
        {
            "file_path": "/data/shapenet_blender/all_50_random/02958343/840f98dcf50b48f9a7fd25564c2e888e/r_13",
            "rotation": 0.12566370614359174,
            "transform_matrix": [
                [
                    -0.8253234624862671,
                    0.31916356086730957,
                    0.4658066928386688,
                    1.8777269124984741
                ],
                [
                    0.564660370349884,
                    0.46649840474128723,
                    0.6808360815048218,
                    2.7445383071899414
                ],
                [
                    0.0,
                    0.8249325156211853,
                    -0.5652310252189636,
                    -2.27851939201355
                ],
                [
                    0.0,
                    0.0,
                    0.0,
                    1.0
                ]
            ]
        },
        {
            "file_path": "/data/shapenet_blender/all_50_random/02958343/840f98dcf50b48f9a7fd25564c2e888e/r_14",
            "rotation": 0.12566370614359174,
            "transform_matrix": [
                [
                    0.42852547764778137,
                    0.7561258673667908,
                    -0.4946104884147644,
                    -1.9938386678695679
                ],
                [
                    -0.9035297632217407,
                    0.35861486196517944,
                    -0.2345835119485855,
                    -0.9456363916397095
                ],
                [
                    1.4901161193847656e-08,
                    0.5474202632904053,
                    0.836857795715332,
                    3.3734817504882812
                ],
                [
                    0.0,
                    0.0,
                    0.0,
                    1.0
                ]
            ]
        },
        {
            "file_path": "/data/shapenet_blender/all_50_random/02958343/840f98dcf50b48f9a7fd25564c2e888e/r_15",
            "rotation": 0.12566370614359174,
            "transform_matrix": [
                [
                    0.5655597448348999,
                    0.3511066734790802,
                    0.746234655380249,
                    3.0081684589385986
                ],
                [
                    0.8247074484825134,
                    -0.24077850580215454,
                    -0.5117454528808594,
                    -2.0629122257232666
                ],
                [
                    1.4901162970204496e-08,
                    0.9048478603363037,
                    -0.42573484778404236,
                    -1.7161921262741089
                ],
                [
                    0.0,
                    0.0,
                    0.0,
                    1.0
                ]
            ]
        },
        {
            "file_path": "/data/shapenet_blender/all_50_random/02958343/840f98dcf50b48f9a7fd25564c2e888e/r_16",
            "rotation": 0.12566370614359174,
            "transform_matrix": [
                [
                    -0.45786741375923157,
                    -0.17997197806835175,
                    -0.8706132173538208,
                    -3.509554386138916
                ],
                [
                    -0.8890205025672913,
                    0.09268999099731445,
                    0.4483872056007385,
                    1.807506799697876
                ],
                [
                    0.0,
                    0.9792949557304382,
                    -0.20243848860263824,
                    -0.8160557150840759
                ],
                [
                    0.0,
                    0.0,
                    0.0,
                    1.0
                ]
            ]
        },
        {
            "file_path": "/data/shapenet_blender/all_50_random/02958343/840f98dcf50b48f9a7fd25564c2e888e/r_17",
            "rotation": 0.12566370614359174,
            "transform_matrix": [
                [
                    -0.07376764714717865,
                    0.8043727278709412,
                    -0.589527428150177,
                    -2.3764612674713135
                ],
                [
                    -0.9972754120826721,
                    -0.05949879437685013,
                    0.04360686615109444,
                    0.1757849156856537
                ],
                [
                    0.0,
                    0.5911381244659424,
                    0.8065703511238098,
                    3.251389265060425
                ],
                [
                    0.0,
                    0.0,
                    0.0,
                    1.0
                ]
            ]
        },
        {
            "file_path": "/data/shapenet_blender/all_50_random/02958343/840f98dcf50b48f9a7fd25564c2e888e/r_18",
            "rotation": 0.12566370614359174,
            "transform_matrix": [
                [
                    0.9882665276527405,
                    0.0031605204567313194,
                    0.15270651876926422,
                    0.6155796647071838
                ],
                [
                    0.15273922681808472,
                    -0.020449470728635788,
                    -0.9880548715591431,
                    -3.9829766750335693
                ],
                [
                    -2.3283067140944524e-10,
                    0.9997857809066772,
                    -0.020692264661192894,
                    -0.08341318368911743
                ],
                [
                    0.0,
                    0.0,
                    0.0,
                    1.0
                ]
            ]
        },
        {
            "file_path": "/data/shapenet_blender/all_50_random/02958343/840f98dcf50b48f9a7fd25564c2e888e/r_19",
            "rotation": 0.12566370614359174,
            "transform_matrix": [
                [
                    -0.5617458820343018,
                    0.5935587882995605,
                    -0.5763067007064819,
                    -2.323166847229004
                ],
                [
                    -0.8273098468780518,
                    -0.4030282497406006,
                    0.3913140296936035,
                    1.577437400817871
                ],
                [
                    0.0,
                    0.6966033577919006,
                    0.7174564003944397,
                    2.8921594619750977
                ],
                [
                    0.0,
                    0.0,
                    0.0,
                    1.0
                ]
            ]
        },
        {
            "file_path": "/data/shapenet_blender/all_50_random/02958343/840f98dcf50b48f9a7fd25564c2e888e/r_20",
            "rotation": 0.12566370614359174,
            "transform_matrix": [
                [
                    0.9798463582992554,
                    -0.001367861172184348,
                    0.199748232960701,
                    0.8052109479904175
                ],
                [
                    0.19975294172763824,
                    0.006709757260978222,
                    -0.9798232913017273,
                    -3.949794292449951
                ],
                [
                    1.1641532182693481e-10,
                    0.9999765157699585,
                    0.006847764831036329,
                    0.027604224160313606
                ],
                [
                    0.0,
                    0.0,
                    0.0,
                    1.0
                ]
            ]
        },
        {
            "file_path": "/data/shapenet_blender/all_50_random/02958343/840f98dcf50b48f9a7fd25564c2e888e/r_21",
            "rotation": 0.12566370614359174,
            "transform_matrix": [
                [
                    -0.9801678657531738,
                    0.14719343185424805,
                    -0.13268427550792694,
                    -0.5348674654960632
                ],
                [
                    -0.19816920161247253,
                    -0.7280357480049133,
                    0.6562718152999878,
                    2.6455166339874268
                ],
                [
                    0.0,
                    0.6695505380630493,
                    0.7427663803100586,
                    2.994187355041504
                ],
                [
                    0.0,
                    0.0,
                    0.0,
                    1.0
                ]
            ]
        },
        {
            "file_path": "/data/shapenet_blender/all_50_random/02958343/840f98dcf50b48f9a7fd25564c2e888e/r_22",
            "rotation": 0.12566370614359174,
            "transform_matrix": [
                [
                    -0.992920994758606,
                    0.10422170162200928,
                    0.056969862431287766,
                    0.22965286672115326
                ],
                [
                    0.11877594143152237,
                    0.8712531328201294,
                    0.47624602913856506,
                    1.919809103012085
                ],
                [
                    0.0,
                    0.47964128851890564,
                    -0.8774646520614624,
                    -3.53717303276062
                ],
                [
                    0.0,
                    0.0,
                    0.0,
                    1.0
                ]
            ]
        },
        {
            "file_path": "/data/shapenet_blender/all_50_random/02958343/840f98dcf50b48f9a7fd25564c2e888e/r_23",
            "rotation": 0.12566370614359174,
            "transform_matrix": [
                [
                    0.9957540035247803,
                    0.02604467049241066,
                    -0.08829396218061447,
                    -0.3559243083000183
                ],
                [
                    -0.09205514192581177,
                    0.28172335028648376,
                    -0.9550696015357971,
                    -3.850008249282837
                ],
                [
                    -1.862645149230957e-09,
                    0.9591421484947205,
                    0.28292468190193176,
                    1.1405057907104492
                ],
                [
                    0.0,
                    0.0,
                    0.0,
                    1.0
                ]
            ]
        },
        {
            "file_path": "/data/shapenet_blender/all_50_random/02958343/840f98dcf50b48f9a7fd25564c2e888e/r_24",
            "rotation": 0.12566370614359174,
            "transform_matrix": [
                [
                    0.43150076270103455,
                    0.860948920249939,
                    0.2693950831890106,
                    1.0859663486480713
                ],
                [
                    0.9021125435829163,
                    -0.41181129217147827,
                    -0.12885774672031403,
                    -0.5194422006607056
                ],
                [
                    0.0,
                    0.29862701892852783,
                    -0.9543699026107788,
                    -3.8471879959106445
                ],
                [
                    0.0,
                    0.0,
                    0.0,
                    1.0
                ]
            ]
        },
        {
            "file_path": "/data/shapenet_blender/all_50_random/02958343/840f98dcf50b48f9a7fd25564c2e888e/r_25",
            "rotation": 0.12566370614359174,
            "transform_matrix": [
                [
                    -0.6714290380477905,
                    -0.6704011559486389,
                    0.3158246874809265,
                    1.273130178451538
                ],
                [
                    0.7410688996315002,
                    -0.6074020862579346,
                    0.2861459255218506,
                    1.1534912586212158
                ],
                [
                    1.4901162970204496e-08,
                    0.426174521446228,
                    0.9046408534049988,
                    3.646724224090576
                ],
                [
                    0.0,
                    0.0,
                    0.0,
                    1.0
                ]
            ]
        },
        {
            "file_path": "/data/shapenet_blender/all_50_random/02958343/840f98dcf50b48f9a7fd25564c2e888e/r_26",
            "rotation": 0.12566370614359174,
            "transform_matrix": [
                [
                    -0.5208905339241028,
                    0.6265988945960999,
                    0.5796954035758972,
                    2.336827039718628
                ],
                [
                    0.8536234498023987,
                    0.3823576271533966,
                    0.3537365794181824,
                    1.4259579181671143
                ],
                [
                    -1.4901160305669237e-08,
                    0.6790996789932251,
                    -0.7340459823608398,
                    -2.9590342044830322
                ],
                [
                    0.0,
                    0.0,
                    0.0,
                    1.0
                ]
            ]
        },
        {
            "file_path": "/data/shapenet_blender/all_50_random/02958343/840f98dcf50b48f9a7fd25564c2e888e/r_27",
            "rotation": 0.12566370614359174,
            "transform_matrix": [
                [
                    0.563420832157135,
                    -0.004808707628399134,
                    -0.8261560797691345,
                    -3.3303415775299072
                ],
                [
                    -0.8261702060699463,
                    -0.0032793802674859762,
                    -0.5634112358093262,
                    -2.2711832523345947
                ],
                [
                    0.0,
                    0.999983012676239,
                    -0.005820481572300196,
                    -0.023463111370801926
                ],
                [
                    0.0,
                    0.0,
                    0.0,
                    1.0
                ]
            ]
        },
        {
            "file_path": "/data/shapenet_blender/all_50_random/02958343/840f98dcf50b48f9a7fd25564c2e888e/r_28",
            "rotation": 0.12566370614359174,
            "transform_matrix": [
                [
                    -0.9805036187171936,
                    -0.030185341835021973,
                    -0.19416913390159607,
                    -0.7827208042144775
                ],
                [
                    -0.19650141894817352,
                    0.15061892569065094,
                    0.9688659310340881,
                    3.905623435974121
                ],
                [
                    -1.862645149230957e-09,
                    0.9881309270858765,
                    -0.15361388027668,
                    -0.6192373633384705
                ],
                [
                    0.0,
                    0.0,
                    0.0,
                    1.0
                ]
            ]
        },
        {
            "file_path": "/data/shapenet_blender/all_50_random/02958343/840f98dcf50b48f9a7fd25564c2e888e/r_29",
            "rotation": 0.12566370614359174,
            "transform_matrix": [
                [
                    -0.10410702973604202,
                    -0.9744158983230591,
                    0.19918683171272278,
                    0.8029478788375854
                ],
                [
                    0.9945661425590515,
                    -0.10199777781963348,
                    0.0208500437438488,
                    0.08404922485351562
                ],
                [
                    0.0,
                    0.20027504861354828,
                    0.9797396063804626,
                    3.9494569301605225
                ],
                [
                    0.0,
                    0.0,
                    0.0,
                    1.0
                ]
            ]
        },
        {
            "file_path": "/data/shapenet_blender/all_50_random/02958343/840f98dcf50b48f9a7fd25564c2e888e/r_30",
            "rotation": 0.12566370614359174,
            "transform_matrix": [
                [
                    0.30967479944229126,
                    -0.3565637171268463,
                    -0.8814554214477539,
                    -3.5532608032226562
                ],
                [
                    -0.950842559337616,
                    -0.11612732708454132,
                    -0.287076473236084,
                    -1.1572424173355103
                ],
                [
                    0.0,
                    0.9270257949829102,
                    -0.374997615814209,
                    -1.5116639137268066
                ],
                [
                    0.0,
                    0.0,
                    0.0,
                    1.0
                ]
            ]
        },
        {
            "file_path": "/data/shapenet_blender/all_50_random/02958343/840f98dcf50b48f9a7fd25564c2e888e/r_31",
            "rotation": 0.12566370614359174,
            "transform_matrix": [
                [
                    0.9775745272636414,
                    0.16937078535556793,
                    0.12514591217041016,
                    0.5044793486595154
                ],
                [
                    0.21058957278728485,
                    -0.7862334847450256,
                    -0.5809378623962402,
                    -2.3418357372283936
                ],
                [
                    7.450580596923828e-09,
                    0.5942644476890564,
                    -0.8042694926261902,
                    -3.242114305496216
                ],
                [
                    0.0,
                    0.0,
                    0.0,
                    1.0
                ]
            ]
        },
        {
            "file_path": "/data/shapenet_blender/all_50_random/02958343/840f98dcf50b48f9a7fd25564c2e888e/r_32",
            "rotation": 0.12566370614359174,
            "transform_matrix": [
                [
                    0.1719656139612198,
                    -0.734539806842804,
                    -0.6564137935638428,
                    -2.6460886001586914
                ],
                [
                    -0.9851029515266418,
                    -0.12822577357292175,
                    -0.11458761990070343,
                    -0.4619174599647522
                ],
                [
                    -7.450580152834618e-09,
                    0.6663402915000916,
                    -0.7456477284431458,
                    -3.0058021545410156
                ],
                [
                    0.0,
                    0.0,
                    0.0,
                    1.0
                ]
            ]
        },
        {
            "file_path": "/data/shapenet_blender/all_50_random/02958343/840f98dcf50b48f9a7fd25564c2e888e/r_33",
            "rotation": 0.12566370614359174,
            "transform_matrix": [
                [
                    0.37350690364837646,
                    -0.4746425151824951,
                    0.7969986796379089,
                    3.2128047943115234
                ],
                [
                    0.9276273250579834,
                    0.1911136656999588,
                    -0.32090961933135986,
                    -1.293628215789795
                ],
                [
                    1.4901160305669237e-08,
                    0.8591798543930054,
                    0.511673629283905,
                    2.062622547149658
                ],
                [
                    0.0,
                    0.0,
                    0.0,
                    1.0
                ]
            ]
        },
        {
            "file_path": "/data/shapenet_blender/all_50_random/02958343/840f98dcf50b48f9a7fd25564c2e888e/r_34",
            "rotation": 0.12566370614359174,
            "transform_matrix": [
                [
                    0.22523640096187592,
                    -0.5457022190093994,
                    0.8071415424346924,
                    3.2536919116973877
                ],
                [
                    0.9743041396141052,
                    0.1261536329984665,
                    -0.18659231066703796,
                    -0.7521777153015137
                ],
                [
                    0.0,
                    0.8284286856651306,
                    0.5600943565368652,
                    2.257812738418579
                ],
                [
                    0.0,
                    0.0,
                    0.0,
                    1.0
                ]
            ]
        },
        {
            "file_path": "/data/shapenet_blender/all_50_random/02958343/840f98dcf50b48f9a7fd25564c2e888e/r_35",
            "rotation": 0.12566370614359174,
            "transform_matrix": [
                [
                    0.5804819464683533,
                    -0.3227289021015167,
                    0.7475873231887817,
                    3.0136208534240723
                ],
                [
                    0.8142731785774231,
                    0.2300681173801422,
                    -0.5329427123069763,
                    -2.1483607292175293
                ],
                [
                    0.0,
                    0.9181039333343506,
                    0.3963398337364197,
                    1.5976970195770264
                ],
                [
                    0.0,
                    0.0,
                    0.0,
                    1.0
                ]
            ]
        },
        {
            "file_path": "/data/shapenet_blender/all_50_random/02958343/840f98dcf50b48f9a7fd25564c2e888e/r_36",
            "rotation": 0.12566370614359174,
            "transform_matrix": [
                [
                    -0.3066331446170807,
                    0.032947685569524765,
                    0.9512573480606079,
                    3.8346409797668457
                ],
                [
                    0.9518278241157532,
                    0.010614159516990185,
                    0.30644935369491577,
                    1.2353368997573853
                ],
                [
                    0.0,
                    0.999400794506073,
                    -0.0346151739358902,
                    -0.1395382285118103
                ],
                [
                    0.0,
                    0.0,
                    0.0,
                    1.0
                ]
            ]
        },
        {
            "file_path": "/data/shapenet_blender/all_50_random/02958343/840f98dcf50b48f9a7fd25564c2e888e/r_37",
            "rotation": 0.12566370614359174,
            "transform_matrix": [
                [
                    0.6466072201728821,
                    -0.26509854197502136,
                    0.7152774930000305,
                    2.883375406265259
                ],
                [
                    0.7628230452537537,
                    0.2247108817100525,
                    -0.6063051819801331,
                    -2.444094181060791
                ],
                [
                    -1.4901160305669237e-08,
                    0.937671422958374,
                    0.3475230038166046,
                    1.4009099006652832
                ],
                [
                    0.0,
                    0.0,
                    0.0,
                    1.0
                ]
            ]
        },
        {
            "file_path": "/data/shapenet_blender/all_50_random/02958343/840f98dcf50b48f9a7fd25564c2e888e/r_38",
            "rotation": 0.12566370614359174,
            "transform_matrix": [
                [
                    -0.5043324828147888,
                    0.2453857660293579,
                    0.8279097676277161,
                    3.3374109268188477
                ],
                [
                    0.8635095357894897,
                    0.14331747591495514,
                    0.483540415763855,
                    1.9492136240005493
                ],
                [
                    0.0,
                    0.9587731957435608,
                    -0.28417259454727173,
                    -1.1455363035202026
                ],
                [
                    0.0,
                    0.0,
                    0.0,
                    1.0
                ]
            ]
        },
        {
            "file_path": "/data/shapenet_blender/all_50_random/02958343/840f98dcf50b48f9a7fd25564c2e888e/r_39",
            "rotation": 0.12566370614359174,
            "transform_matrix": [
                [
                    -0.10809138417243958,
                    -0.02113298885524273,
                    -0.9939162731170654,
                    -4.0066046714782715
                ],
                [
                    -0.9941409826278687,
                    0.0022977564949542284,
                    0.10806694626808167,
                    0.43563178181648254
                ],
                [
                    0.0,
                    0.9997739791870117,
                    -0.021257538348436356,
                    -0.08569187670946121
                ],
                [
                    0.0,
                    0.0,
                    0.0,
                    1.0
                ]
            ]
        },
        {
            "file_path": "/data/shapenet_blender/all_50_random/02958343/840f98dcf50b48f9a7fd25564c2e888e/r_40",
            "rotation": 0.12566370614359174,
            "transform_matrix": [
                [
                    -0.7594537734985352,
                    -0.25577545166015625,
                    -0.5981712341308594,
                    -2.4113056659698486
                ],
                [
                    -0.6505613327026367,
                    0.29858770966529846,
                    0.6982945203781128,
                    2.814915418624878
                ],
                [
                    -1.4901162970204496e-08,
                    0.9194695353507996,
                    -0.3931611180305481,
                    -1.5848833322525024
                ],
                [
                    0.0,
                    0.0,
                    0.0,
                    1.0
                ]
            ]
        },
        {
            "file_path": "/data/shapenet_blender/all_50_random/02958343/840f98dcf50b48f9a7fd25564c2e888e/r_41",
            "rotation": 0.12566370614359174,
            "transform_matrix": [
                [
                    -0.6997867822647095,
                    0.040329862385988235,
                    -0.7132124304771423,
                    -2.875051259994507
                ],
                [
                    -0.7143517732620239,
                    -0.03950757533311844,
                    0.6986706852912903,
                    2.8164315223693848
