{
    "class": "02958343",
    "model": "f45268c928a4b3fc8bc584bb94b0b13b",
    "remove_doubles": true,
    "edge_split": true,
    "denoise": true,
    "camera_angle_x": 0.6911112070083618,
    "scale_factor": 2.1914446589955117,
    "hdri_file": "/data/IndoorHDRDataset2018/9C4A4301-96077541e0.exr",
    "center_offset": [
        0.0,
        -3.725290298461914e-09,
        -7.450580596923828e-09
    ],
    "lights": [],
    "frames": [
        {
            "file_path": "/data/shapenet_blender/all_50_random/02958343/f45268c928a4b3fc8bc584bb94b0b13b/r_0",
            "rotation": 0.12566370614359174,
            "transform_matrix": [
                [
                    0.21262705326080322,
                    0.19736453890800476,
                    -0.9569936394691467,
                    -3.857764959335327
                ],
                [
                    -0.9771333932876587,
                    0.04294709116220474,
                    -0.20824457705020905,
                    -0.8394607901573181
                ],
                [
                    0.0,
                    0.9793890118598938,
                    0.20198319852352142,
                    0.8142203688621521
                ],
                [
                    0.0,
                    0.0,
                    0.0,
                    1.0
                ]
            ]
        },
        {
            "file_path": "/data/shapenet_blender/all_50_random/02958343/f45268c928a4b3fc8bc584bb94b0b13b/r_1",
            "rotation": 0.12566370614359174,
            "transform_matrix": [
                [
                    -0.538861095905304,
                    0.16028916835784912,
                    -0.8270042538642883,
                    -3.3337607383728027
                ],
                [
                    -0.8423945903778076,
                    -0.10253342241048813,
                    0.5290162563323975,
                    2.132532835006714
                ],
                [
                    7.450580152834618e-09,
                    0.9817302227020264,
                    0.19027800858020782,
                    0.767035186290741
                ],
                [
                    0.0,
                    0.0,
                    0.0,
                    1.0
                ]
            ]
        },
        {
            "file_path": "/data/shapenet_blender/all_50_random/02958343/f45268c928a4b3fc8bc584bb94b0b13b/r_2",
            "rotation": 0.12566370614359174,
            "transform_matrix": [
                [
                    -0.0021640313789248466,
                    0.4549406170845032,
                    0.8905191421508789,
                    3.5897974967956543
                ],
                [
                    0.9999977350234985,
                    0.0009845079621300101,
                    0.0019271157216280699,
                    0.007768452167510986
                ],
                [
                    0.0,
                    0.8905211687088013,
                    -0.45494168996810913,
                    -1.8339285850524902
                ],
                [
                    0.0,
                    0.0,
                    0.0,
                    1.0
                ]
            ]
        },
        {
            "file_path": "/data/shapenet_blender/all_50_random/02958343/f45268c928a4b3fc8bc584bb94b0b13b/r_3",
            "rotation": 0.12566370614359174,
            "transform_matrix": [
                [
                    0.9402958154678345,
                    -0.2905963659286499,
                    0.17719383537769318,
                    0.7142912745475769
                ],
                [
                    0.3403584957122803,
                    0.8028197884559631,
                    -0.48952680826187134,
                    -1.9733457565307617
                ],
                [
                    0.0,
                    0.5206092596054077,
                    0.8537949323654175,
                    3.4417576789855957
                ],
                [
                    0.0,
                    0.0,
                    0.0,
                    1.0
                ]
            ]
        },
        {
            "file_path": "/data/shapenet_blender/all_50_random/02958343/f45268c928a4b3fc8bc584bb94b0b13b/r_4",
            "rotation": 0.12566370614359174,
            "transform_matrix": [
                [
                    0.39267319440841675,
                    -0.06347034126520157,
                    0.9174853563308716,
                    3.6985013484954834
                ],
                [
                    0.9196780920028687,
                    0.027099812403321266,
                    -0.3917370140552521,
                    -1.5791422128677368
                ],
                [
                    1.8626449271863521e-09,
                    0.9976157546043396,
                    0.06901364773511887,
                    0.2782028913497925
                ],
                [
                    0.0,
                    0.0,
                    0.0,
                    1.0
                ]
            ]
        },
        {
            "file_path": "/data/shapenet_blender/all_50_random/02958343/f45268c928a4b3fc8bc584bb94b0b13b/r_5",
            "rotation": 0.12566370614359174,
            "transform_matrix": [
                [
                    0.6025340557098389,
                    0.13416452705860138,
                    0.7867352962493896,
                    3.17143177986145
                ],
                [
                    0.7980932593345642,
                    -0.10128980129957199,
                    -0.5939592123031616,
                    -2.3943264484405518
                ],
                [
                    0.0,
                    0.9857688546180725,
                    -0.1681063324213028,
                    -0.6776583790779114
                ],
                [
                    0.0,
                    0.0,
                    0.0,
                    1.0
                ]
            ]
        },
        {
            "file_path": "/data/shapenet_blender/all_50_random/02958343/f45268c928a4b3fc8bc584bb94b0b13b/r_6",
            "rotation": 0.12566370614359174,
            "transform_matrix": [
                [
                    -0.94625324010849,
                    -0.12306025624275208,
                    0.29910022020339966,
                    1.2057116031646729
                ],
                [
                    0.32342660427093506,
                    -0.3600389361381531,
                    0.8750812411308289,
                    3.5275652408599854
                ],
                [
                    7.450580596923828e-09,
                    0.9247853755950928,
                    0.38048896193504333,
                    1.5338001251220703
                ],
                [
                    0.0,
                    0.0,
                    0.0,
                    1.0
                ]
            ]
        },
        {
            "file_path": "/data/shapenet_blender/all_50_random/02958343/f45268c928a4b3fc8bc584bb94b0b13b/r_7",
            "rotation": 0.12566370614359174,
            "transform_matrix": [
                [
                    -0.9257124066352844,
                    0.05691075697541237,
                    0.373922199010849,
                    1.507328748703003
                ],
                [
                    0.3782283663749695,
                    0.13928885757923126,
                    0.9151731133460999,
                    3.689181089401245
                ],
                [
                    -3.725290742551124e-09,
                    0.9886150360107422,
                    -0.1504666656255722,
                    -0.6065505743026733
                ],
                [
                    0.0,
                    0.0,
                    0.0,
                    1.0
                ]
            ]
        },
        {
            "file_path": "/data/shapenet_blender/all_50_random/02958343/f45268c928a4b3fc8bc584bb94b0b13b/r_8",
            "rotation": 0.12566370614359174,
            "transform_matrix": [
                [
                    7.552251918241382e-05,
                    0.042764488607645035,
                    -0.9990851283073425,
                    -4.027441024780273
                ],
                [
                    -1.0,
                    3.2296816243615467e-06,
                    -7.545342668890953e-05,
                    -0.00030416250228881836
                ],
                [
                    -2.2737370254828637e-13,
                    0.9990851879119873,
                    0.042764484882354736,
                    0.17238914966583252
                ],
                [
                    0.0,
                    0.0,
                    0.0,
                    1.0
                ]
            ]
        },
        {
            "file_path": "/data/shapenet_blender/all_50_random/02958343/f45268c928a4b3fc8bc584bb94b0b13b/r_9",
            "rotation": 0.12566370614359174,
            "transform_matrix": [
                [
                    0.9990407228469849,
                    0.023346660658717155,
                    0.037048742175102234,
                    0.14934825897216797
                ],
                [
                    0.0437912791967392,
                    -0.5326235294342041,
                    -0.8452185988426208,
                    -3.4071850776672363
                ],
                [
                    0.0,
                    0.8460302352905273,
                    -0.533134937286377,
                    -2.1491355895996094
                ],
                [
                    0.0,
                    0.0,
                    0.0,
                    1.0
                ]
            ]
        },
        {
            "file_path": "/data/shapenet_blender/all_50_random/02958343/f45268c928a4b3fc8bc584bb94b0b13b/r_10",
            "rotation": 0.12566370614359174,
            "transform_matrix": [
                [
                    -0.9987345933914185,
                    0.032526563853025436,
                    -0.038357190787792206,
                    -0.15462279319763184
                ],
                [
                    -0.050291672348976135,
                    -0.6459400653839111,
                    0.7617295980453491,
                    3.0706305503845215
                ],
                [
                    0.0,
                    0.7626948356628418,
                    0.6467584371566772,
                    2.6071670055389404
                ],
                [
                    0.0,
                    0.0,
                    0.0,
                    1.0
                ]
            ]
        },
        {
            "file_path": "/data/shapenet_blender/all_50_random/02958343/f45268c928a4b3fc8bc584bb94b0b13b/r_11",
            "rotation": 0.12566370614359174,
            "transform_matrix": [
                [
                    -0.824553906917572,
                    -0.5122904181480408,
                    -0.2401447296142578,
                    -0.9680544137954712
                ],
                [
                    -0.5657835006713867,
                    0.7465949058532715,
                    0.34997886419296265,
                    1.4108099937438965
                ],
                [
                    1.4901161193847656e-08,
                    0.42444631457328796,
                    -0.9054530262947083,
                    -3.649998188018799
                ],
                [
                    0.0,
                    0.0,
                    0.0,
                    1.0
                ]
            ]
        },
        {
            "file_path": "/data/shapenet_blender/all_50_random/02958343/f45268c928a4b3fc8bc584bb94b0b13b/r_12",
            "rotation": 0.12566370614359174,
            "transform_matrix": [
                [
                    0.9365989565849304,
                    -0.3140421509742737,
                    0.15543489158153534,
                    0.6265780925750732
                ],
                [
                    0.3504032790660858,
                    0.8394085764884949,
                    -0.4154645502567291,
                    -1.6747912168502808
                ],
                [
                    0.0,
                    0.443588525056839,
                    0.8962305188179016,
                    3.612820863723755
                ],
                [
                    0.0,
                    0.0,
                    0.0,
                    1.0
                ]
            ]
        },
        {
            "file_path": "/data/shapenet_blender/all_50_random/02958343/f45268c928a4b3fc8bc584bb94b0b13b/r_13",
            "rotation": 0.12566370614359174,
            "transform_matrix": [
                [
                    0.7176681160926819,
                    0.2179386168718338,
                    -0.6614038944244385,
                    -2.6662046909332275
                ],
                [
                    -0.6963853240013123,
                    0.224599227309227,
                    -0.6816176176071167,
                    -2.7476887702941895
                ],
                [
                    0.0,
                    0.9497672319412231,
                    0.31295692920684814,
                    1.261569857597351
                ],
                [
                    0.0,
                    0.0,
                    0.0,
                    1.0
                ]
            ]
        },
        {
            "file_path": "/data/shapenet_blender/all_50_random/02958343/f45268c928a4b3fc8bc584bb94b0b13b/r_14",
            "rotation": 0.12566370614359174,
            "transform_matrix": [
                [
                    0.4156964421272278,
                    -0.4001328945159912,
                    0.8167558312416077,
                    3.292448043823242
                ],
                [
                    0.9095034599304199,
                    0.18288423120975494,
                    -0.3733053505420685,
                    -1.5048420429229736
                ],
                [
                    -1.4901161193847656e-08,
                    0.8980239033699036,
                    0.43994656205177307,
                    1.7734813690185547
                ],
                [
                    0.0,
                    0.0,
                    0.0,
                    1.0
                ]
            ]
        },
        {
            "file_path": "/data/shapenet_blender/all_50_random/02958343/f45268c928a4b3fc8bc584bb94b0b13b/r_15",
            "rotation": 0.12566370614359174,
            "transform_matrix": [
                [
                    -0.6052637100219727,
                    -0.06346021592617035,
                    -0.7934913635253906,
                    -3.1986660957336426
                ],
                [
                    -0.7960249185562134,
                    0.048252470791339874,
                    0.603337287902832,
                    2.4321303367614746
                ],
                [
                    3.725290076417309e-09,
                    0.9968171715736389,
                    -0.07972139120101929,
                    -0.32136720418930054
                ],
                [
                    0.0,
                    0.0,
                    0.0,
                    1.0
                ]
            ]
        },
        {
            "file_path": "/data/shapenet_blender/all_50_random/02958343/f45268c928a4b3fc8bc584bb94b0b13b/r_16",
            "rotation": 0.12566370614359174,
            "transform_matrix": [
                [
                    0.8715733885765076,
                    0.4563860297203064,
                    -0.1790853887796402,
                    -0.7219163775444031
                ],
                [
                    -0.49026504158973694,
                    0.8113446235656738,
                    -0.3183707594871521,
                    -1.2833937406539917
                ],
                [
                    0.0,
                    0.3652828335762024,
                    0.930896520614624,
                    3.7525641918182373
                ],
                [
                    0.0,
                    0.0,
                    0.0,
                    1.0
                ]
            ]
        },
        {
            "file_path": "/data/shapenet_blender/all_50_random/02958343/f45268c928a4b3fc8bc584bb94b0b13b/r_17",
            "rotation": 0.12566370614359174,
            "transform_matrix": [
                [
                    0.9668749570846558,
                    0.20048107206821442,
                    -0.15798796713352203,
                    -0.6368699073791504
                ],
                [
                    -0.25525060296058655,
                    0.7594110369682312,
                    -0.5984495282173157,
                    -2.4124274253845215
                ],
                [
                    0.0,
                    0.6189523935317993,
                    0.7854284048080444,
                    3.166163444519043
                ],
                [
                    0.0,
                    0.0,
                    0.0,
                    1.0
                ]
            ]
        },
        {
            "file_path": "/data/shapenet_blender/all_50_random/02958343/f45268c928a4b3fc8bc584bb94b0b13b/r_18",
            "rotation": 0.12566370614359174,
            "transform_matrix": [
                [
                    0.8156247138977051,
                    0.08380443602800369,
                    0.5724797248840332,
                    2.307739734649658
                ],
                [
                    0.5785812139511108,
                    -0.11813892424106598,
                    -0.8070234656333923,
                    -3.253215789794922
                ],
                [
                    -7.450580152834618e-09,
                    0.989454448223114,
                    -0.1448446810245514,
                    -0.5838876366615295
                ],
                [
                    0.0,
                    0.0,
                    0.0,
                    1.0
                ]
            ]
        },
        {
            "file_path": "/data/shapenet_blender/all_50_random/02958343/f45268c928a4b3fc8bc584bb94b0b13b/r_19",
            "rotation": 0.12566370614359174,
            "transform_matrix": [
                [
                    -0.7797343730926514,
                    0.27812299132347107,
                    0.5609474778175354,
                    2.26125168800354
                ],
                [
                    0.6261106133460999,
                    0.34636375308036804,
                    0.6985825896263123,
                    2.8160765171051025
                ],
                [
                    0.0,
                    0.8959239721298218,
                    -0.44420742988586426,
                    -1.7906574010849
                ],
                [
                    0.0,
                    0.0,
                    0.0,
                    1.0
                ]
            ]
        },
        {
            "file_path": "/data/shapenet_blender/all_50_random/02958343/f45268c928a4b3fc8bc584bb94b0b13b/r_20",
            "rotation": 0.12566370614359174,
            "transform_matrix": [
                [
                    -0.8473939299583435,
                    -0.2839631140232086,
                    -0.4486517906188965,
                    -1.8085730075836182
                ],
                [
                    -0.5309646725654602,
                    0.45319145917892456,
                    0.7160266041755676,
                    2.886395215988159
                ],
                [
                    0.0,
                    0.8449747562408447,
                    -0.5348061919212341,
                    -2.155872344970703
                ],
                [
                    0.0,
                    0.0,
                    0.0,
                    1.0
                ]
            ]
        },
        {
            "file_path": "/data/shapenet_blender/all_50_random/02958343/f45268c928a4b3fc8bc584bb94b0b13b/r_21",
            "rotation": 0.12566370614359174,
            "transform_matrix": [
                [
                    0.9498522877693176,
                    0.046719156205654144,
                    0.30918917059898376,
                    1.246381402015686
                ],
                [
                    0.3126989006996155,
                    -0.14191380143165588,
                    -0.9391910433769226,
                    -3.7860002517700195
                ],
                [
                    -3.725290298461914e-09,
                    0.9887758493423462,
                    -0.14940617978572845,
                    -0.602275550365448
                ],
                [
                    0.0,
                    0.0,
                    0.0,
                    1.0
                ]
            ]
        },
        {
            "file_path": "/data/shapenet_blender/all_50_random/02958343/f45268c928a4b3fc8bc584bb94b0b13b/r_22",
            "rotation": 0.12566370614359174,
            "transform_matrix": [
                [
                    0.8831256031990051,
                    -0.04858864098787308,
                    0.4666137099266052,
                    1.880980134010315
                ],
                [
                    0.46913671493530273,
                    0.09146559983491898,
                    -0.8783761262893677,
                    -3.5408477783203125
                ],
                [
                    0.0,
                    0.9946221113204956,
                    0.10357031226158142,
                    0.41750532388687134
                ],
                [
                    0.0,
                    0.0,
                    0.0,
                    1.0
                ]
            ]
        },
        {
            "file_path": "/data/shapenet_blender/all_50_random/02958343/f45268c928a4b3fc8bc584bb94b0b13b/r_23",
            "rotation": 0.12566370614359174,
            "transform_matrix": [
                [
                    -0.9402741193771362,
                    0.14009331166744232,
                    -0.31025561690330505,
                    -1.2506805658340454
                ],
                [
                    -0.34041842818260193,
                    -0.38695353269577026,
                    0.8569610118865967,
                    3.4545204639434814
                ],
                [
                    -7.450580596923828e-09,
                    0.9113950133323669,
                    0.4115326702594757,
                    1.658941388130188
                ],
                [
                    0.0,
                    0.0,
                    0.0,
                    1.0
                ]
            ]
        },
        {
            "file_path": "/data/shapenet_blender/all_50_random/02958343/f45268c928a4b3fc8bc584bb94b0b13b/r_24",
            "rotation": 0.12566370614359174,
            "transform_matrix": [
                [
                    0.6758866906166077,
                    0.43167924880981445,
                    -0.5973526835441589,
                    -2.408005714416504
                ],
                [
                    -0.7370055317878723,
                    0.39588069915771484,
                    -0.5478150844573975,
                    -2.208313226699829
                ],
                [
                    0.0,
                    0.8105131983757019,
                    0.585720419883728,
                    2.361114501953125
                ],
                [
                    0.0,
                    0.0,
                    0.0,
                    1.0
                ]
            ]
        },
        {
            "file_path": "/data/shapenet_blender/all_50_random/02958343/f45268c928a4b3fc8bc584bb94b0b13b/r_25",
            "rotation": 0.12566370614359174,
            "transform_matrix": [
                [
                    -0.9876410961151123,
                    0.1397697776556015,
                    0.07091964036226273,
                    0.28588616847991943
                ],
                [
                    0.15673287212848663,
                    0.8807494044303894,
                    0.4468950927257538,
                    1.8014914989471436
                ],
                [
                    0.0,
                    0.45248720049858093,
                    -0.8917708396911621,
                    -3.5948429107666016
                ],
                [
                    0.0,
                    0.0,
                    0.0,
                    1.0
                ]
            ]
        },
        {
            "file_path": "/data/shapenet_blender/all_50_random/02958343/f45268c928a4b3fc8bc584bb94b0b13b/r_26",
            "rotation": 0.12566370614359174,
            "transform_matrix": [
                [
                    -0.4068218469619751,
                    -0.29267168045043945,
                    -0.8653550148010254,
                    -3.4883575439453125
                ],
                [
                    -0.9135075211524963,
                    0.13033853471279144,
                    0.38537758588790894,
                    1.5535067319869995
                ],
                [
                    -7.450580596923828e-09,
                    0.9472882151603699,
                    -0.32038235664367676,
                    -1.291502594947815
                ],
                [
                    0.0,
                    0.0,
                    0.0,
                    1.0
                ]
            ]
        },
        {
            "file_path": "/data/shapenet_blender/all_50_random/02958343/f45268c928a4b3fc8bc584bb94b0b13b/r_27",
            "rotation": 0.12566370614359174,
            "transform_matrix": [
                [
                    0.9100196361541748,
                    -0.32620927691459656,
                    0.2558354139328003,
                    1.0313055515289307
                ],
                [
                    0.41456514596939087,
                    0.7160680294036865,
                    -0.5615890622138977,
                    -2.2638378143310547
                ],
                [
                    0.0,
                    0.6171174049377441,
                    0.7868710160255432,
                    3.17197847366333
                ],
                [
                    0.0,
                    0.0,
                    0.0,
                    1.0
                ]
            ]
        },
        {
            "file_path": "/data/shapenet_blender/all_50_random/02958343/f45268c928a4b3fc8bc584bb94b0b13b/r_28",
            "rotation": 0.12566370614359174,
            "transform_matrix": [
                [
                    -0.4462222754955292,
                    0.3768852949142456,
                    -0.8116914629936218,
                    -3.272033214569092
                ],
                [
                    -0.8949220776557922,
                    -0.1879209578037262,
                    0.4047221839427948,
                    1.6314873695373535
                ],
                [
                    0.0,
                    0.9069968461990356,
                    0.42113742232322693,
                    1.6976593732833862
                ],
                [
                    0.0,
                    0.0,
                    0.0,
                    1.0
                ]
            ]
        },
        {
            "file_path": "/data/shapenet_blender/all_50_random/02958343/f45268c928a4b3fc8bc584bb94b0b13b/r_29",
            "rotation": 0.12566370614359174,
            "transform_matrix": [
                [
                    0.1084255650639534,
                    -0.6351982951164246,
                    -0.7647004723548889,
                    -3.082606315612793
                ],
                [
                    -0.9941045641899109,
                    -0.06928016990423203,
                    -0.0834047868847847,
                    -0.33621543645858765
                ],
                [
                    0.0,
                    0.769235372543335,
                    -0.638965368270874,
                    -2.575751781463623
                ],
                [
                    0.0,
                    0.0,
                    0.0,
                    1.0
                ]
            ]
        },
        {
            "file_path": "/data/shapenet_blender/all_50_random/02958343/f45268c928a4b3fc8bc584bb94b0b13b/r_30",
            "rotation": 0.12566370614359174,
            "transform_matrix": [
                [
                    0.5256395936012268,
                    0.2825016677379608,
                    0.8024312257766724,
                    3.234703779220581
                ],
                [
                    0.8507074117660522,
                    -0.17455360293388367,
                    -0.4958104193210602,
                    -1.9986757040023804
                ],
                [
                    0.0,
                    0.9432517886161804,
                    -0.3320785164833069,
                    -1.3386512994766235
                ],
                [
                    0.0,
                    0.0,
                    0.0,
                    1.0
                ]
            ]
        },
        {
            "file_path": "/data/shapenet_blender/all_50_random/02958343/f45268c928a4b3fc8bc584bb94b0b13b/r_31",
            "rotation": 0.12566370614359174,
            "transform_matrix": [
                [
                    0.452445387840271,
                    0.17159882187843323,
                    0.875126838684082,
                    3.5277490615844727
                ],
                [
                    0.8917921185493469,
                    -0.0870596319437027,
                    -0.4439903497695923,
                    -1.7897822856903076
                ],
                [
                    0.0,
                    0.98131263256073,
                    -0.19242021441459656,
                    -0.7756706476211548
                ],
                [
                    0.0,
                    0.0,
                    0.0,
                    1.0
                ]
            ]
        },
        {
            "file_path": "/data/shapenet_blender/all_50_random/02958343/f45268c928a4b3fc8bc584bb94b0b13b/r_32",
            "rotation": 0.12566370614359174,
            "transform_matrix": [
                [
                    -0.27746009826660156,
                    -0.5576092600822449,
                    0.7823603749275208,
                    3.1537954807281494
                ],
                [
                    0.9607372283935547,
                    -0.16103708744049072,
                    0.22594501078128815,
                    0.9108134508132935
                ],
                [
                    0.0,
                    0.8143333792686462,
                    0.5803973078727722,
                    2.339656352996826
                ],
                [
                    0.0,
                    0.0,
                    0.0,
                    1.0
                ]
            ]
        },
        {
            "file_path": "/data/shapenet_blender/all_50_random/02958343/f45268c928a4b3fc8bc584bb94b0b13b/r_33",
            "rotation": 0.12566370614359174,
            "transform_matrix": [
                [
                    0.7577464580535889,
                    -0.5234146118164062,
                    -0.3896889090538025,
                    -1.570886254310608
                ],
                [
                    -0.652549147605896,
                    -0.6077941656112671,
                    -0.4525105655193329,
                    -1.8241283893585205
                ],
                [
                    0.0,
                    0.5971792936325073,
                    -0.8021076321601868,
                    -3.2333993911743164
                ],
                [
                    0.0,
                    0.0,
                    0.0,
                    1.0
                ]
            ]
        },
        {
            "file_path": "/data/shapenet_blender/all_50_random/02958343/f45268c928a4b3fc8bc584bb94b0b13b/r_34",
            "rotation": 0.12566370614359174,
            "transform_matrix": [
                [
                    0.9211316108703613,
                    0.21565301716327667,
                    0.3240531086921692,
                    1.3062999248504639
                ],
                [
                    0.3892514705657959,
                    -0.5103251338005066,
                    -0.7668449878692627,
                    -3.0912516117095947
                ],
                [
                    0.0,
                    0.8325033187866211,
                    -0.5540198087692261,
                    -2.233325481414795
                ],
                [
                    0.0,
                    0.0,
                    0.0,
                    1.0
                ]
            ]
        },
        {
            "file_path": "/data/shapenet_blender/all_50_random/02958343/f45268c928a4b3fc8bc584bb94b0b13b/r_35",
            "rotation": 0.12566370614359174,
            "transform_matrix": [
                [
                    -0.8679674863815308,
                    -0.0009824344888329506,
                    0.4966198205947876,
                    2.0019383430480957
                ],
                [
                    0.49662068486213684,
                    -0.0017170473001897335,
                    0.8679659962654114,
                    3.498882532119751
                ],
                [
                    0.0,
                    0.9999980926513672,
                    0.0019782388117164373,
                    0.0079745352268219
                ],
                [
                    0.0,
                    0.0,
                    0.0,
                    1.0
                ]
            ]
        },
        {
            "file_path": "/data/shapenet_blender/all_50_random/02958343/f45268c928a4b3fc8bc584bb94b0b13b/r_36",
            "rotation": 0.12566370614359174,
            "transform_matrix": [
                [
                    0.9900700449943542,
                    -0.00854470208287239,
                    0.14031505584716797,
                    0.5656281113624573
                ],
                [
                    0.14057499170303345,
                    0.060180358588695526,
                    -0.9882392883300781,
                    -3.983720064163208
                ],
                [
                    0.0,
                    0.9981509447097778,
                    0.06078393757343292,
                    0.24502788484096527
                ],
                [
                    0.0,
                    0.0,
                    0.0,
                    1.0
                ]
            ]
        },
        {
            "file_path": "/data/shapenet_blender/all_50_random/02958343/f45268c928a4b3fc8bc584bb94b0b13b/r_37",
            "rotation": 0.12566370614359174,
            "transform_matrix": [
                [
                    -0.9525525569915771,
                    0.2619744837284088,
                    -0.15496128797531128,
                    -0.6246690154075623
                ],
                [
                    -0.30437415838241577,
                    -0.8198608756065369,
                    0.484958291053772,
                    1.9549294710159302
                ],
                [
                    0.0,
                    0.5091143846511841,
                    0.8606987595558167,
                    3.469587802886963
                ],
                [
                    0.0,
                    0.0,
                    0.0,
                    1.0
                ]
            ]
        },
        {
            "file_path": "/data/shapenet_blender/all_50_random/02958343/f45268c928a4b3fc8bc584bb94b0b13b/r_38",
            "rotation": 0.12566370614359174,
            "transform_matrix": [
                [
                    0.48238489031791687,
                    -0.14764301478862762,
                    0.8634270429611206,
                    3.480586051940918
                ],
                [
                    0.8759595155715942,
                    0.08130600303411484,
                    -0.47548338770866394,
                    -1.9167349338531494
                ],
                [
                    0.0,
                    0.9856930375099182,
                    0.1685500591993332,
                    0.6794470548629761
                ],
                [
                    0.0,
                    0.0,
                    0.0,
                    1.0
                ]
            ]
        },
        {
            "file_path": "/data/shapenet_blender/all_50_random/02958343/f45268c928a4b3fc8bc584bb94b0b13b/r_39",
            "rotation": 0.12566370614359174,
            "transform_matrix": [
                [
                    0.8997804522514343,
                    0.07236739993095398,
                    0.4302999973297119,
                    1.7345948219299316
                ],
                [
                    0.43634286522865295,
                    -0.14922843873500824,
                    -0.8873194456100464,
                    -3.5768990516662598
                ],
                [
                    -7.450580596923828e-09,
                    0.9861509203910828,
                    -0.16584986448287964,
                    -0.6685621738433838
                ],
                [
                    0.0,
                    0.0,
                    0.0,
                    1.0
                ]
            ]
        },
        {
            "file_path": "/data/shapenet_blender/all_50_random/02958343/f45268c928a4b3fc8bc584bb94b0b13b/r_40",
            "rotation": 0.12566370614359174,
            "transform_matrix": [
                [
                    -0.8089486360549927,
                    -0.12648023664951324,
                    0.5741123557090759,
                    2.3143205642700195
                ],
                [
                    0.5878794193267822,
                    -0.17404252290725708,
                    0.7900044918060303,
                    3.1846096515655518
                ],
                [
                    7.450580596923828e-09,
                    0.9765816926956177,
                    0.21514661610126495,
                    0.8672836422920227
                ],
                [
                    0.0,
                    0.0,
                    0.0,
                    1.0
                ]
            ]
        },
        {
            "file_path": "/data/shapenet_blender/all_50_random/02958343/f45268c928a4b3fc8bc584bb94b0b13b/r_41",
            "rotation": 0.12566370614359174,
            "transform_matrix": [
                [
                    -0.8161818981170654,
                    0.12724359333515167,
                    0.5636098980903625,
                    2.271984338760376
                ],
                [
                    0.5777950882911682,
                    0.17974179983139038,
                    0.7961442470550537,
                    3.209360361099243
                ],
                [
                    -7.450580596923828e-09,
                    0.9754496812820435,
                    -0.22022269666194916,
