{
    "class": "02958343",
    "model": "a0a1b0377d72e86bab3dd76bf33b0f5e",
    "remove_doubles": true,
    "edge_split": true,
    "denoise": true,
    "camera_angle_x": 0.6911112070083618,
    "scale_factor": 2.1929704158022028,
    "hdri_file": "/data/IndoorHDRDataset2018/AG8A6658-86fe47badd.exr",
    "center_offset": [
        0.0,
        -1.862645149230957e-09,
        -3.725290298461914e-09
    ],
    "lights": [],
    "frames": [
        {
            "file_path": "/data/shapenet_blender/all_50_random/02958343/a0a1b0377d72e86bab3dd76bf33b0f5e/r_0",
            "rotation": 0.12566370614359174,
            "transform_matrix": [
                [
                    0.5931823253631592,
                    -0.03612436354160309,
                    -0.8042572736740112,
                    -3.2420647144317627
                ],
                [
                    -0.8050681948661804,
                    -0.026616796851158142,
                    -0.5925848484039307,
                    -2.3887858390808105
                ],
                [
                    -1.862645149230957e-09,
                    0.9989927411079407,
                    -0.044871192425489426,
                    -0.1808815598487854
                ],
                [
                    0.0,
                    0.0,
                    0.0,
                    1.0
                ]
            ]
        },
        {
            "file_path": "/data/shapenet_blender/all_50_random/02958343/a0a1b0377d72e86bab3dd76bf33b0f5e/r_1",
            "rotation": 0.12566370614359174,
            "transform_matrix": [
                [
                    0.9981557130813599,
                    0.0092700757086277,
                    -0.059995103627443314,
                    -0.24184799194335938
                ],
                [
                    -0.06070706620812416,
                    0.15242014825344086,
                    -0.9864495396614075,
                    -3.9765052795410156
                ],
                [
                    9.31322685637781e-10,
                    0.9882721900939941,
                    0.15270181000232697,
                    0.6155607104301453
                ],
                [
                    0.0,
                    0.0,
                    0.0,
                    1.0
                ]
            ]
        },
        {
            "file_path": "/data/shapenet_blender/all_50_random/02958343/a0a1b0377d72e86bab3dd76bf33b0f5e/r_2",
            "rotation": 0.12566370614359174,
            "transform_matrix": [
                [
                    -0.07755343616008759,
                    -0.892541766166687,
                    0.4442460834980011,
                    1.7908132076263428
                ],
                [
                    0.9969882965087891,
                    -0.06942877918481827,
                    0.03455688804388046,
                    0.1393032670021057
                ],
                [
                    -1.862645371275562e-09,
                    0.44558802247047424,
                    0.8952381014823914,
                    3.6088201999664307
                ],
                [
                    0.0,
                    0.0,
                    0.0,
                    1.0
                ]
            ]
        },
        {
            "file_path": "/data/shapenet_blender/all_50_random/02958343/a0a1b0377d72e86bab3dd76bf33b0f5e/r_3",
            "rotation": 0.12566370614359174,
            "transform_matrix": [
                [
                    -0.19559286534786224,
                    0.24426570534706116,
                    -0.9497776031494141,
                    -3.828676223754883
                ],
                [
                    -0.980685293674469,
                    -0.048717595636844635,
                    0.18942846357822418,
                    0.7636106014251709
                ],
                [
                    -3.725291186640334e-09,
                    0.9684837460517883,
                    0.24907656013965607,
                    1.0040597915649414
                ],
                [
                    0.0,
                    0.0,
                    0.0,
                    1.0
                ]
            ]
        },
        {
            "file_path": "/data/shapenet_blender/all_50_random/02958343/a0a1b0377d72e86bab3dd76bf33b0f5e/r_4",
            "rotation": 0.12566370614359174,
            "transform_matrix": [
                [
                    0.7946904897689819,
                    -0.6016014814376831,
                    -0.08088664710521698,
                    -0.32606449723243713
                ],
                [
                    -0.6070148348808289,
                    -0.7876034379005432,
                    -0.1058950200676918,
                    -0.4268764853477478
                ],
                [
                    0.0,
                    0.13325312733650208,
                    -0.9910820126533508,
                    -3.9951794147491455
                ],
                [
                    0.0,
                    0.0,
                    0.0,
                    1.0
                ]
            ]
        },
        {
            "file_path": "/data/shapenet_blender/all_50_random/02958343/a0a1b0377d72e86bab3dd76bf33b0f5e/r_5",
            "rotation": 0.12566370614359174,
            "transform_matrix": [
                [
                    -0.22180600464344025,
                    -0.40725627541542053,
                    0.8859708905220032,
                    3.571462869644165
                ],
                [
                    0.9750908017158508,
                    -0.09263946115970612,
                    0.2015337198972702,
                    0.8124083876609802
                ],
                [
                    -7.450580152834618e-09,
                    0.9086034893989563,
                    0.41765981912612915,
                    1.6836405992507935
                ],
                [
                    0.0,
                    0.0,
                    0.0,
                    1.0
                ]
            ]
        },
        {
            "file_path": "/data/shapenet_blender/all_50_random/02958343/a0a1b0377d72e86bab3dd76bf33b0f5e/r_6",
            "rotation": 0.12566370614359174,
            "transform_matrix": [
                [
                    -0.928429365158081,
                    -0.057385750114917755,
                    -0.36705002188682556,
                    -1.479625940322876
                ],
                [
                    -0.3715088665485382,
                    0.14341141283512115,
                    0.9172863364219666,
                    3.697699546813965
                ],
                [
                    0.0,
                    0.9879978895187378,
                    -0.15446670353412628,
                    -0.6226751804351807
                ],
                [
                    0.0,
                    0.0,
                    0.0,
                    1.0
                ]
            ]
        },
        {
            "file_path": "/data/shapenet_blender/all_50_random/02958343/a0a1b0377d72e86bab3dd76bf33b0f5e/r_7",
            "rotation": 0.12566370614359174,
            "transform_matrix": [
                [
                    0.8859450221061707,
                    -0.40051543712615967,
                    -0.23385629057884216,
                    -0.9427049160003662
                ],
                [
                    -0.46379023790359497,
                    -0.7650757431983948,
                    -0.4467187821865082,
                    -1.8007811307907104
                ],
                [
                    0.0,
                    0.5042285919189453,
                    -0.8635701537132263,
                    -3.4811627864837646
                ],
                [
                    0.0,
                    0.0,
                    0.0,
                    1.0
                ]
            ]
        },
        {
            "file_path": "/data/shapenet_blender/all_50_random/02958343/a0a1b0377d72e86bab3dd76bf33b0f5e/r_8",
            "rotation": 0.12566370614359174,
            "transform_matrix": [
                [
                    -0.250471293926239,
                    0.01499186921864748,
                    0.9680078625679016,
                    3.9021646976470947
                ],
                [
                    0.9681239724159241,
                    0.0038786698132753372,
                    0.2504412531852722,
                    1.0095610618591309
                ],
                [
                    -2.3283062977608182e-10,
                    0.9998801350593567,
                    -0.015485482290387154,
                    -0.06242397800087929
                ],
                [
                    0.0,
                    0.0,
                    0.0,
                    1.0
                ]
            ]
        },
        {
            "file_path": "/data/shapenet_blender/all_50_random/02958343/a0a1b0377d72e86bab3dd76bf33b0f5e/r_9",
            "rotation": 0.12566370614359174,
            "transform_matrix": [
                [
                    0.010285823605954647,
                    0.7799615263938904,
                    0.6257429718971252,
                    2.5224506855010986
                ],
                [
                    0.9999470710754395,
                    -0.008022971451282501,
                    -0.006436622701585293,
                    -0.025946855545043945
                ],
                [
                    0.0,
                    0.6257760524749756,
                    -0.780002772808075,
                    -3.144291639328003
                ],
                [
                    0.0,
                    0.0,
                    0.0,
                    1.0
                ]
            ]
        },
        {
            "file_path": "/data/shapenet_blender/all_50_random/02958343/a0a1b0377d72e86bab3dd76bf33b0f5e/r_10",
            "rotation": 0.12566370614359174,
            "transform_matrix": [
                [
                    -0.9786268472671509,
                    0.0804506242275238,
                    0.1892547607421875,
                    0.7629103660583496
                ],
                [
                    0.20564454793930054,
                    0.38285064697265625,
                    0.9006307125091553,
                    3.630558490753174
                ],
                [
                    -7.450581485102248e-09,
                    0.9203004837036133,
                    -0.39121213555336,
                    -1.577026605606079
                ],
                [
                    0.0,
                    0.0,
                    0.0,
                    1.0
                ]
            ]
        },
        {
            "file_path": "/data/shapenet_blender/all_50_random/02958343/a0a1b0377d72e86bab3dd76bf33b0f5e/r_11",
            "rotation": 0.12566370614359174,
            "transform_matrix": [
                [
                    0.9022375345230103,
                    0.033531203866004944,
                    -0.4299338459968567,
                    -1.7331186532974243
                ],
                [
                    -0.43123942613601685,
                    0.0701538622379303,
                    -0.8995060324668884,
                    -3.6260244846343994
                ],
                [
                    -1.8626449271863521e-09,
                    0.9969724416732788,
                    0.07775542885065079,
                    0.3134421408176422
                ],
                [
                    0.0,
                    0.0,
                    0.0,
                    1.0
                ]
            ]
        },
        {
            "file_path": "/data/shapenet_blender/all_50_random/02958343/a0a1b0377d72e86bab3dd76bf33b0f5e/r_12",
            "rotation": 0.12566370614359174,
            "transform_matrix": [
                [
                    0.9079810380935669,
                    0.29506716132164,
                    -0.29749932885169983,
                    -1.1992582082748413
                ],
                [
                    -0.41901132464408875,
                    0.6393989324569702,
                    -0.6446693539619446,
                    -2.598745346069336
                ],
                [
                    0.0,
                    0.7100030183792114,
                    0.7041985392570496,
                    2.838715076446533
                ],
                [
                    0.0,
                    0.0,
                    0.0,
                    1.0
                ]
            ]
        },
        {
            "file_path": "/data/shapenet_blender/all_50_random/02958343/a0a1b0377d72e86bab3dd76bf33b0f5e/r_13",
            "rotation": 0.12566370614359174,
            "transform_matrix": [
                [
                    0.4397878348827362,
                    -0.1276046633720398,
                    0.8889902830123901,
                    3.583634376525879
                ],
                [
                    0.8981016874313354,
                    0.06248622387647629,
                    -0.43532612919807434,
                    -1.754855751991272
                ],
                [
                    3.725290298461914e-09,
                    0.9898546934127808,
                    0.14208266139030457,
                    0.5727535486221313
                ],
                [
                    0.0,
                    0.0,
                    0.0,
                    1.0
                ]
            ]
        },
        {
            "file_path": "/data/shapenet_blender/all_50_random/02958343/a0a1b0377d72e86bab3dd76bf33b0f5e/r_14",
            "rotation": 0.12566370614359174,
            "transform_matrix": [
                [
                    -0.16018962860107422,
                    -0.3409982919692993,
                    0.9263149499893188,
                    3.7340950965881348
                ],
                [
                    0.9870862364768982,
                    -0.0553390271961689,
                    0.15032733976840973,
                    0.6059888601303101
                ],
                [
                    3.725290298461914e-09,
                    0.9384336471557617,
                    0.3454594910144806,
                    1.3925917148590088
                ],
                [
                    0.0,
                    0.0,
                    0.0,
                    1.0
                ]
            ]
        },
        {
            "file_path": "/data/shapenet_blender/all_50_random/02958343/a0a1b0377d72e86bab3dd76bf33b0f5e/r_15",
            "rotation": 0.12566370614359174,
            "transform_matrix": [
                [
                    -0.03482440486550331,
                    0.30761513113975525,
                    -0.9508733749389648,
                    -3.8330931663513184
                ],
                [
                    -0.9993934631347656,
                    -0.010719015263020992,
                    0.033133696764707565,
                    0.13356620073318481
                ],
                [
                    9.313225746154785e-10,
                    0.9514504075050354,
                    0.30780190229415894,
                    1.2407891750335693
                ],
                [
                    0.0,
                    0.0,
                    0.0,
                    1.0
                ]
            ]
        },
        {
            "file_path": "/data/shapenet_blender/all_50_random/02958343/a0a1b0377d72e86bab3dd76bf33b0f5e/r_16",
            "rotation": 0.12566370614359174,
            "transform_matrix": [
                [
                    -0.726514458656311,
                    0.2470216304063797,
                    -0.6412153244018555,
                    -2.5848217010498047
                ],
                [
                    -0.6871512532234192,
                    -0.26117217540740967,
                    0.6779471039772034,
                    2.7328922748565674
                ],
                [
                    -1.4901161193847656e-08,
                    0.9331502318382263,
                    0.35948655009269714,
                    1.4491366147994995
                ],
                [
                    0.0,
                    0.0,
                    0.0,
                    1.0
                ]
            ]
        },
        {
            "file_path": "/data/shapenet_blender/all_50_random/02958343/a0a1b0377d72e86bab3dd76bf33b0f5e/r_17",
            "rotation": 0.12566370614359174,
            "transform_matrix": [
                [
                    0.7605788111686707,
                    -0.30227717757225037,
                    -0.5745853185653687,
                    -2.316227436065674
                ],
                [
                    -0.6492455005645752,
                    -0.3541119396686554,
                    -0.6731157898902893,
                    -2.713416576385498
                ],
                [
                    2.9802322387695312e-08,
                    0.885004460811615,
                    -0.4655822515487671,
                    -1.8768221139907837
                ],
                [
                    0.0,
                    0.0,
                    0.0,
                    1.0
                ]
            ]
        },
        {
            "file_path": "/data/shapenet_blender/all_50_random/02958343/a0a1b0377d72e86bab3dd76bf33b0f5e/r_18",
            "rotation": 0.12566370614359174,
            "transform_matrix": [
                [
                    -0.04529789090156555,
                    -0.081077940762043,
                    0.9956778883934021,
                    4.013705730438232
                ],
                [
                    0.9989734292030334,
                    -0.0036764335818588734,
                    0.04514845460653305,
                    0.18199923634529114
                ],
                [
                    -2.328306020205062e-10,
                    0.9967009425163269,
                    0.0811612457036972,
                    0.3271714448928833
                ],
                [
                    0.0,
                    0.0,
                    0.0,
                    1.0
                ]
            ]
        },
        {
            "file_path": "/data/shapenet_blender/all_50_random/02958343/a0a1b0377d72e86bab3dd76bf33b0f5e/r_19",
            "rotation": 0.12566370614359174,
            "transform_matrix": [
                [
                    -0.6840781569480896,
                    0.21280184388160706,
                    -0.697676420211792,
                    -2.8124237060546875
                ],
                [
                    -0.7294087409973145,
                    -0.19957683980464935,
                    0.6543179154396057,
                    2.6376399993896484
                ],
                [
                    0.0,
                    0.9564959406852722,
                    0.291745662689209,
                    1.176064372062683
                ],
                [
                    0.0,
                    0.0,
                    0.0,
                    1.0
                ]
            ]
        },
        {
            "file_path": "/data/shapenet_blender/all_50_random/02958343/a0a1b0377d72e86bab3dd76bf33b0f5e/r_20",
            "rotation": 0.12566370614359174,
            "transform_matrix": [
                [
                    -0.9104390144348145,
                    -0.1247568279504776,
                    0.3943810760974884,
                    1.5898010730743408
                ],
                [
                    0.4136432111263275,
                    -0.27459287643432617,
                    0.8680425882339478,
                    3.4991917610168457
                ],
                [
                    0.0,
                    0.9534330368041992,
                    0.30160486698150635,
                    1.2158082723617554
                ],
                [
                    0.0,
                    0.0,
                    0.0,
                    1.0
                ]
            ]
        },
        {
            "file_path": "/data/shapenet_blender/all_50_random/02958343/a0a1b0377d72e86bab3dd76bf33b0f5e/r_21",
            "rotation": 0.12566370614359174,
            "transform_matrix": [
                [
                    0.9450011849403381,
                    -0.11231725662946701,
                    -0.3071766197681427,
                    -1.2382686138153076
                ],
                [
                    -0.32706668972969055,
                    -0.3245207667350769,
                    -0.8875322937965393,
                    -3.5777571201324463
                ],
                [
                    0.0,
                    0.9391863346099854,
                    -0.3434078097343445,
                    -1.3843212127685547
                ],
                [
                    0.0,
                    0.0,
                    0.0,
                    1.0
                ]
            ]
        },
        {
            "file_path": "/data/shapenet_blender/all_50_random/02958343/a0a1b0377d72e86bab3dd76bf33b0f5e/r_22",
            "rotation": 0.12566370614359174,
            "transform_matrix": [
                [
                    0.9490790367126465,
                    0.26496827602386475,
                    -0.17041395604610443,
                    -0.6869606971740723
                ],
                [
                    -0.3150383234024048,
                    0.7982389330863953,
                    -0.5133861899375916,
                    -2.069526195526123
                ],
                [
                    -1.4901161193847656e-08,
                    0.5409310460090637,
                    0.8410669565200806,
                    3.3904495239257812
                ],
                [
                    0.0,
                    0.0,
                    0.0,
                    1.0
                ]
            ]
        },
        {
            "file_path": "/data/shapenet_blender/all_50_random/02958343/a0a1b0377d72e86bab3dd76bf33b0f5e/r_23",
            "rotation": 0.12566370614359174,
            "transform_matrix": [
                [
                    0.42048096656799316,
                    0.03316295146942139,
                    0.9066950678825378,
                    3.6550047397613525
                ],
                [
                    0.9073013663291931,
                    -0.015369083732366562,
                    -0.420199990272522,
                    -1.693880319595337
                ],
                [
                    0.0,
                    0.9993317127227783,
                    -0.03655119985342026,
                    -0.14734259247779846
                ],
                [
                    0.0,
                    0.0,
                    0.0,
                    1.0
                ]
            ]
        },
        {
            "file_path": "/data/shapenet_blender/all_50_random/02958343/a0a1b0377d72e86bab3dd76bf33b0f5e/r_24",
            "rotation": 0.12566370614359174,
            "transform_matrix": [
                [
                    0.7551140189170837,
                    0.2270159125328064,
                    0.6150339245796204,
                    2.479280948638916
                ],
                [
                    0.6555936336517334,
                    -0.26147735118865967,
                    -0.7083972692489624,
                    -2.8556406497955322
                ],
                [
                    -1.4901162970204496e-08,
                    0.9381328821182251,
                    -0.3462753891944885,
                    -1.3958806991577148
                ],
                [
                    0.0,
                    0.0,
                    0.0,
                    1.0
                ]
            ]
        },
        {
            "file_path": "/data/shapenet_blender/all_50_random/02958343/a0a1b0377d72e86bab3dd76bf33b0f5e/r_25",
            "rotation": 0.12566370614359174,
            "transform_matrix": [
                [
                    -0.6654837131500244,
                    -0.4739115834236145,
                    0.576662003993988,
                    2.324599027633667
                ],
                [
                    0.7464122772216797,
                    -0.4225285053253174,
                    0.5141383409500122,
                    2.0725581645965576
                ],
                [
                    1.4901160305669237e-08,
                    0.7725784182548523,
                    0.6349192261695862,
                    2.559441566467285
                ],
                [
                    0.0,
                    0.0,
                    0.0,
                    1.0
                ]
            ]
        },
        {
            "file_path": "/data/shapenet_blender/all_50_random/02958343/a0a1b0377d72e86bab3dd76bf33b0f5e/r_26",
            "rotation": 0.12566370614359174,
            "transform_matrix": [
                [
                    -0.56904137134552,
                    0.49708589911460876,
                    -0.6550553441047668,
                    -2.6406126022338867
                ],
                [
                    -0.8223088979721069,
                    -0.3439856469631195,
                    0.45330116152763367,
                    1.8273154497146606
                ],
                [
                    -1.4901161193847656e-08,
                    0.7966050505638123,
                    0.6045001745223999,
                    2.4368181228637695
                ],
                [
                    0.0,
                    0.0,
                    0.0,
                    1.0
                ]
            ]
        },
        {
            "file_path": "/data/shapenet_blender/all_50_random/02958343/a0a1b0377d72e86bab3dd76bf33b0f5e/r_27",
            "rotation": 0.12566370614359174,
            "transform_matrix": [
                [
                    0.7360762357711792,
                    0.1578226238489151,
                    -0.65824294090271,
                    -2.6534621715545654
                ],
                [
                    -0.6768986582756042,
                    0.1716202050447464,
                    -0.7157895565032959,
                    -2.8854401111602783
                ],
                [
                    0.0,
                    0.9724394083023071,
                    0.23315547406673431,
                    0.9398797750473022
                ],
                [
                    0.0,
                    0.0,
                    0.0,
                    1.0
                ]
            ]
        },
        {
            "file_path": "/data/shapenet_blender/all_50_random/02958343/a0a1b0377d72e86bab3dd76bf33b0f5e/r_28",
            "rotation": 0.12566370614359174,
            "transform_matrix": [
                [
                    0.9674352407455444,
                    0.014083998277783394,
                    -0.25272631645202637,
                    -1.0187723636627197
                ],
                [
                    -0.2531184256076813,
                    0.05382996052503586,
                    -0.965936541557312,
                    -3.8938145637512207
                ],
                [
                    -9.313225191043273e-10,
                    0.9984506964683533,
                    0.05564192682504654,
                    0.22429977357387543
                ],
                [
                    0.0,
                    0.0,
                    0.0,
                    1.0
                ]
            ]
        },
        {
            "file_path": "/data/shapenet_blender/all_50_random/02958343/a0a1b0377d72e86bab3dd76bf33b0f5e/r_29",
            "rotation": 0.12566370614359174,
            "transform_matrix": [
                [
                    -0.7441341280937195,
                    -0.23377767205238342,
                    0.6257894039154053,
                    2.5226378440856934
                ],
                [
                    0.6680302619934082,
                    -0.26041027903556824,
                    0.6970810890197754,
                    2.810023784637451
                ],
                [
                    0.0,
                    0.9367680549621582,
                    0.34995073080062866,
                    1.4106965065002441
                ],
                [
                    0.0,
                    0.0,
                    0.0,
                    1.0
                ]
            ]
        },
        {
            "file_path": "/data/shapenet_blender/all_50_random/02958343/a0a1b0377d72e86bab3dd76bf33b0f5e/r_30",
            "rotation": 0.12566370614359174,
            "transform_matrix": [
                [
                    0.734550952911377,
                    -0.09102267771959305,
                    0.6724207997322083,
                    2.7106149196624756
                ],
                [
                    0.6785534620285034,
                    0.09853430092334747,
                    -0.727912187576294,
                    -2.934307813644409
                ],
                [
                    0.0,
                    0.9909621477127075,
                    0.134142205119133,
                    0.5407445430755615
                ],
                [
                    0.0,
                    0.0,
                    0.0,
                    1.0
                ]
            ]
        },
        {
            "file_path": "/data/shapenet_blender/all_50_random/02958343/a0a1b0377d72e86bab3dd76bf33b0f5e/r_31",
            "rotation": 0.12566370614359174,
            "transform_matrix": [
                [
                    0.5365602970123291,
                    -0.7768476009368896,
                    -0.3295615017414093,
                    -1.3285049200057983
                ],
                [
                    -0.8438620567321777,
                    -0.49394989013671875,
                    -0.2095479965209961,
                    -0.8447149991989136
                ],
                [
                    0.0,
                    0.3905394673347473,
                    -0.920586109161377,
                    -3.711001396179199
                ],
                [
                    0.0,
                    0.0,
                    0.0,
                    1.0
                ]
            ]
        },
        {
            "file_path": "/data/shapenet_blender/all_50_random/02958343/a0a1b0377d72e86bab3dd76bf33b0f5e/r_32",
            "rotation": 0.12566370614359174,
            "transform_matrix": [
                [
                    0.582572877407074,
                    -0.18561606109142303,
                    -0.7912998795509338,
                    -3.1898317337036133
                ],
                [
                    -0.8127782940864563,
                    -0.13304348289966583,
                    -0.5671777725219727,
                    -2.2863667011260986
                ],
                [
                    7.450578820566989e-09,
                    0.9735739231109619,
                    -0.22837227582931519,
                    -0.9205980896949768
                ],
                [
                    0.0,
                    0.0,
                    0.0,
                    1.0
                ]
            ]
        },
        {
            "file_path": "/data/shapenet_blender/all_50_random/02958343/a0a1b0377d72e86bab3dd76bf33b0f5e/r_33",
            "rotation": 0.12566370614359174,
            "transform_matrix": [
                [
                    -0.9431431889533997,
                    -0.027771057561039925,
                    -0.3312247395515442,
                    -1.335209608078003
                ],
                [
                    -0.33238694071769714,
                    0.07879997044801712,
                    0.9398454427719116,
                    3.788638114929199
                ],
                [
                    -1.862645371275562e-09,
                    0.9965035319328308,
                    -0.08355039358139038,
                    -0.3368024230003357
                ],
                [
                    0.0,
                    0.0,
                    0.0,
                    1.0
                ]
            ]
        },
        {
            "file_path": "/data/shapenet_blender/all_50_random/02958343/a0a1b0377d72e86bab3dd76bf33b0f5e/r_34",
            "rotation": 0.12566370614359174,
            "transform_matrix": [
                [
                    0.6886315941810608,
                    -0.5500490665435791,
                    0.4724750220775604,
                    1.9046077728271484
                ],
                [
                    0.7251114845275879,
                    0.5223764777183533,
                    -0.44870513677597046,
                    -1.8087882995605469
                ],
                [
                    0.0,
                    0.6515895128250122,
                    0.7585717439651489,
                    3.0579004287719727
                ],
                [
                    0.0,
                    0.0,
                    0.0,
                    1.0
                ]
            ]
        },
        {
            "file_path": "/data/shapenet_blender/all_50_random/02958343/a0a1b0377d72e86bab3dd76bf33b0f5e/r_35",
            "rotation": 0.12566370614359174,
            "transform_matrix": [
                [
                    0.4660434126853943,
                    -0.523636519908905,
                    0.7131677865982056,
                    2.874871253967285
                ],
                [
                    0.8847618103027344,
                    0.2758226692676544,
                    -0.37565723061561584,
                    -1.5143227577209473
                ],
                [
                    1.4901159417490817e-08,
                    0.8060562014579773,
                    0.5918389558792114,
                    2.3857791423797607
                ],
                [
                    0.0,
                    0.0,
                    0.0,
                    1.0
                ]
            ]
        },
        {
            "file_path": "/data/shapenet_blender/all_50_random/02958343/a0a1b0377d72e86bab3dd76bf33b0f5e/r_36",
            "rotation": 0.12566370614359174,
            "transform_matrix": [
                [
                    -0.9590592980384827,
                    -0.07556663453578949,
                    0.2729373276233673,
                    1.100245475769043
                ],
                [
                    0.2832050025463104,
                    -0.2559025287628174,
                    0.9242883324623108,
                    3.7259249687194824
                ],
                [
                    0.0,
                    0.9637445211410522,
                    0.2668266296386719,
                    1.0756124258041382
                ],
                [
                    0.0,
                    0.0,
                    0.0,
                    1.0
                ]
            ]
        },
        {
            "file_path": "/data/shapenet_blender/all_50_random/02958343/a0a1b0377d72e86bab3dd76bf33b0f5e/r_37",
            "rotation": 0.12566370614359174,
            "transform_matrix": [
                [
                    0.9932377934455872,
                    -0.007231940049678087,
                    0.11587250977754593,
                    0.46709704399108887
                ],
                [
                    0.11609798669815063,
                    0.06187046319246292,
                    -0.9913088083267212,
                    -3.99609375
                ],
                [
                    0.0,
                    0.9980579614639282,
                    0.06229168921709061,
                    0.2511058449745178
                ],
                [
                    0.0,
                    0.0,
                    0.0,
                    1.0
                ]
            ]
        },
        {
            "file_path": "/data/shapenet_blender/all_50_random/02958343/a0a1b0377d72e86bab3dd76bf33b0f5e/r_38",
            "rotation": 0.12566370614359174,
            "transform_matrix": [
                [
                    -0.8504279851913452,
                    0.018904441967606544,
                    0.5257516503334045,
                    2.1193723678588867
                ],
                [
                    0.5260912775993347,
                    0.030559077858924866,
                    0.8498789072036743,
                    3.425971031188965
                ],
                [
                    0.0,
                    0.9993541836738586,
                    -0.03593376651406288,
                    -0.1448536217212677
                ],
                [
                    0.0,
                    0.0,
                    0.0,
                    1.0
                ]
            ]
        },
        {
            "file_path": "/data/shapenet_blender/all_50_random/02958343/a0a1b0377d72e86bab3dd76bf33b0f5e/r_39",
            "rotation": 0.12566370614359174,
            "transform_matrix": [
                [
                    -0.9416686296463013,
                    0.13954181969165802,
                    0.30624881386756897,
                    1.2345285415649414
                ],
                [
                    0.33654165267944336,
                    0.3904483914375305,
                    0.856907069683075,
                    3.454303026199341
                ],
                [
                    1.4901161193847656e-08,
                    0.9099879860877991,
                    -0.4146345853805542,
                    -1.671445608139038
                ],
                [
                    0.0,
                    0.0,
                    0.0,
                    1.0
                ]
            ]
        },
        {
            "file_path": "/data/shapenet_blender/all_50_random/02958343/a0a1b0377d72e86bab3dd76bf33b0f5e/r_40",
            "rotation": 0.12566370614359174,
            "transform_matrix": [
                [
                    0.2734438180923462,
                    -0.16033361852169037,
                    -0.9484310746192932,
                    -3.8232481479644775
                ],
                [
                    -0.9618880748748779,
                    -0.04557935521006584,
                    -0.26961827278137207,
                    -1.0868661403656006
                ],
                [
                    0.0,
                    0.986009955406189,
                    -0.16668634116649628,
                    -0.671934187412262
                ],
                [
                    0.0,
                    0.0,
                    0.0,
                    1.0
                ]
            ]
        },
        {
            "file_path": "/data/shapenet_blender/all_50_random/02958343/a0a1b0377d72e86bab3dd76bf33b0f5e/r_41",
            "rotation": 0.12566370614359174,
            "transform_matrix": [
                [
                    -0.9271584749221802,
                    -0.17794279754161835,
                    -0.329717218875885,
                    -1.3291327953338623
                ],
                [
                    -0.37466931343078613,
                    0.4403381049633026,
                    0.815919816493988,
