{
    "class": "02958343",
    "model": "e625eb804f2fb6caa26598ab726b7540",
    "remove_doubles": true,
    "edge_split": true,
    "denoise": true,
    "camera_angle_x": 0.6911112070083618,
    "scale_factor": 2.280496507597162,
    "hdri_file": "/data/IndoorHDRDataset2018/AG8A0630-e5622e17d2.exr",
    "center_offset": [
        0.0,
        -1.3969838619232178e-09,
        -3.725290298461914e-09
    ],
    "lights": [],
    "frames": [
        {
            "file_path": "/data/shapenet_blender/all_50_random/02958343/e625eb804f2fb6caa26598ab726b7540/r_0",
            "rotation": 0.12566370614359174,
            "transform_matrix": [
                [
                    -0.5890167355537415,
                    -0.4922125041484833,
                    -0.640925943851471,
                    -2.5836551189422607
                ],
                [
                    -0.808120846748352,
                    0.3587599992752075,
                    0.46715307235717773,
                    1.8831541538238525
                ],
                [
                    1.4901161193847656e-08,
                    0.7931065559387207,
                    -0.609082818031311,
                    -2.455291271209717
                ],
                [
                    0.0,
                    0.0,
                    0.0,
                    1.0
                ]
            ]
        },
        {
            "file_path": "/data/shapenet_blender/all_50_random/02958343/e625eb804f2fb6caa26598ab726b7540/r_1",
            "rotation": 0.12566370614359174,
            "transform_matrix": [
                [
                    0.5604180097579956,
                    -0.32879123091697693,
                    -0.7601498365402222,
                    -3.0642621517181396
                ],
                [
                    -0.8282098174095154,
                    -0.22248049080371857,
                    -0.5143644213676453,
                    -2.073469638824463
                ],
                [
                    1.4901160305669237e-08,
                    0.9178227782249451,
                    -0.39699023962020874,
                    -1.6003189086914062
                ],
                [
                    0.0,
                    0.0,
                    0.0,
                    1.0
                ]
            ]
        },
        {
            "file_path": "/data/shapenet_blender/all_50_random/02958343/e625eb804f2fb6caa26598ab726b7540/r_2",
            "rotation": 0.12566370614359174,
            "transform_matrix": [
                [
                    0.39354580640792847,
                    0.1840021163225174,
                    0.9007024168968201,
                    3.630847692489624
                ],
                [
                    0.9193050861358643,
                    -0.07876956462860107,
                    -0.38558217883110046,
                    -1.5543314218521118
                ],
                [
                    0.0,
                    0.9797645211219788,
                    -0.20015349984169006,
                    -0.8068445920944214
                ],
                [
                    0.0,
                    0.0,
                    0.0,
                    1.0
                ]
            ]
        },
        {
            "file_path": "/data/shapenet_blender/all_50_random/02958343/e625eb804f2fb6caa26598ab726b7540/r_3",
            "rotation": 0.12566370614359174,
            "transform_matrix": [
                [
                    0.9898094534873962,
                    -0.06170055642724037,
                    -0.12833648920059204,
                    -0.5173409581184387
                ],
                [
                    -0.14239807426929474,
                    -0.4288807511329651,
                    -0.8920673131942749,
                    -3.596038341522217
                ],
                [
                    0.0,
                    0.9012516736984253,
                    -0.43329623341560364,
                    -1.7466729879379272
                ],
                [
                    0.0,
                    0.0,
                    0.0,
                    1.0
                ]
            ]
        },
        {
            "file_path": "/data/shapenet_blender/all_50_random/02958343/e625eb804f2fb6caa26598ab726b7540/r_4",
            "rotation": 0.12566370614359174,
            "transform_matrix": [
                [
                    0.22952747344970703,
                    0.3814322054386139,
                    -0.8954476714134216,
                    -3.6096651554107666
                ],
                [
                    -0.9733022451400757,
                    0.08995065093040466,
                    -0.21116752922534943,
                    -0.8512436151504517
                ],
                [
                    0.0,
                    0.9200099110603333,
                    0.3918949365615845,
                    1.5797791481018066
                ],
                [
                    0.0,
                    0.0,
                    0.0,
                    1.0
                ]
            ]
        },
        {
            "file_path": "/data/shapenet_blender/all_50_random/02958343/e625eb804f2fb6caa26598ab726b7540/r_5",
            "rotation": 0.12566370614359174,
            "transform_matrix": [
                [
                    0.9996491074562073,
                    0.0016706683672964573,
                    -0.026436682790517807,
                    -0.10656967759132385
                ],
                [
                    -0.026489419862627983,
                    0.0630471408367157,
                    -0.997658908367157,
                    -4.021691799163818
                ],
                [
                    1.1641532182693481e-10,
                    0.998009204864502,
                    0.06306926161050797,
                    0.25424033403396606
                ],
                [
                    0.0,
                    0.0,
                    0.0,
                    1.0
                ]
            ]
        },
        {
            "file_path": "/data/shapenet_blender/all_50_random/02958343/e625eb804f2fb6caa26598ab726b7540/r_6",
            "rotation": 0.12566370614359174,
            "transform_matrix": [
                [
                    -0.9531801342964172,
                    0.010052422061562538,
                    -0.3022359609603882,
                    -1.2183520793914795
                ],
                [
                    -0.3024030923843384,
                    -0.031685419380664825,
                    0.9526534080505371,
                    3.840268611907959
                ],
                [
                    9.313224635931761e-10,
                    0.9994473457336426,
                    0.03324180096387863,
                    0.1340019851922989
                ],
                [
                    0.0,
                    0.0,
                    0.0,
                    1.0
                ]
            ]
        },
        {
            "file_path": "/data/shapenet_blender/all_50_random/02958343/e625eb804f2fb6caa26598ab726b7540/r_7",
            "rotation": 0.12566370614359174,
            "transform_matrix": [
                [
                    0.9946441650390625,
                    -0.040526967495679855,
                    0.09508253633975983,
                    0.38328999280929565
                ],
                [
                    0.10335920751094818,
                    0.38999825716018677,
                    -0.9149962067604065,
                    -3.6884679794311523
                ],
                [
                    0.0,
                    0.9199231863021851,
                    0.3920982778072357,
                    1.5805988311767578
                ],
                [
                    0.0,
                    0.0,
                    0.0,
                    1.0
                ]
            ]
        },
        {
            "file_path": "/data/shapenet_blender/all_50_random/02958343/e625eb804f2fb6caa26598ab726b7540/r_8",
            "rotation": 0.12566370614359174,
            "transform_matrix": [
                [
                    -0.07995787262916565,
                    0.14187824726104736,
                    0.9866494536399841,
                    3.977311372756958
                ],
                [
                    0.9967982769012451,
                    0.011380720883607864,
                    0.07914379239082336,
                    0.31903886795043945
                ],
                [
                    9.31322685637781e-10,
                    0.9898185729980469,
                    -0.1423339545726776,
                    -0.5737665891647339
                ],
                [
                    0.0,
                    0.0,
                    0.0,
                    1.0
                ]
            ]
        },
        {
            "file_path": "/data/shapenet_blender/all_50_random/02958343/e625eb804f2fb6caa26598ab726b7540/r_9",
            "rotation": 0.12566370614359174,
            "transform_matrix": [
                [
                    0.009068629704415798,
                    0.19237245619297028,
                    0.9812801480293274,
                    3.9556663036346436
                ],
                [
                    0.999958872795105,
                    -0.001744626322761178,
                    -0.008899232372641563,
                    -0.03587394952774048
                ],
                [
                    0.0,
                    0.9813204407691956,
                    -0.1923803836107254,
                    -0.7755100131034851
                ],
                [
                    0.0,
                    0.0,
                    0.0,
                    1.0
                ]
            ]
        },
        {
            "file_path": "/data/shapenet_blender/all_50_random/02958343/e625eb804f2fb6caa26598ab726b7540/r_10",
            "rotation": 0.12566370614359174,
            "transform_matrix": [
                [
                    -0.9647829532623291,
                    0.21019957959651947,
                    -0.15814611315727234,
                    -0.637507438659668
                ],
                [
                    -0.26304763555526733,
                    -0.7709513902664185,
                    0.5800343155860901,
                    2.338193416595459
                ],
                [
                    7.450581485102248e-09,
                    0.6012071371078491,
                    0.7990930676460266,
                    3.221247434616089
                ],
                [
                    0.0,
                    0.0,
                    0.0,
                    1.0
                ]
            ]
        },
        {
            "file_path": "/data/shapenet_blender/all_50_random/02958343/e625eb804f2fb6caa26598ab726b7540/r_11",
            "rotation": 0.12566370614359174,
            "transform_matrix": [
                [
                    0.3281175196170807,
                    -0.34850525856018066,
                    -0.8779994249343872,
                    -3.5393288135528564
                ],
                [
                    -0.944636881351471,
                    -0.12105253338813782,
                    -0.3049711585044861,
                    -1.2293781042099
                ],
                [
                    0.0,
                    0.9294570684432983,
                    -0.3689303696155548,
                    -1.4872058629989624
                ],
                [
                    0.0,
                    0.0,
                    0.0,
                    1.0
                ]
            ]
        },
        {
            "file_path": "/data/shapenet_blender/all_50_random/02958343/e625eb804f2fb6caa26598ab726b7540/r_12",
            "rotation": 0.12566370614359174,
            "transform_matrix": [
                [
                    0.3803735375404358,
                    -0.9058729410171509,
                    -0.18630622327327728,
                    -0.7510243058204651
                ],
                [
                    -0.9248328804969788,
                    -0.3725755214691162,
                    -0.07662569731473923,
                    -0.3088880181312561
                ],
                [
                    7.4505797087454084e-09,
                    0.20144858956336975,
                    -0.9794991612434387,
                    -3.9484870433807373
                ],
                [
                    0.0,
                    0.0,
                    0.0,
                    1.0
                ]
            ]
        },
        {
            "file_path": "/data/shapenet_blender/all_50_random/02958343/e625eb804f2fb6caa26598ab726b7540/r_13",
            "rotation": 0.12566370614359174,
            "transform_matrix": [
                [
                    -0.8562796711921692,
                    -0.20909525454044342,
                    -0.47229674458503723,
                    -1.9038891792297363
                ],
                [
                    -0.516512393951416,
                    0.34664028882980347,
                    0.7829784750938416,
                    3.156287431716919
                ],
                [
                    0.0,
                    0.9143957495689392,
                    -0.40482133626937866,
                    -1.6318870782852173
                ],
                [
                    0.0,
                    0.0,
                    0.0,
                    1.0
                ]
            ]
        },
        {
            "file_path": "/data/shapenet_blender/all_50_random/02958343/e625eb804f2fb6caa26598ab726b7540/r_14",
            "rotation": 0.12566370614359174,
            "transform_matrix": [
                [
                    -0.9821847677230835,
                    -0.17948907613754272,
                    -0.055650170892477036,
                    -0.2243330180644989
                ],
                [
                    -0.1879182904958725,
                    0.9381282329559326,
                    0.290864497423172,
                    1.1725122928619385
                ],
                [
                    -3.725290742551124e-09,
                    0.2961404025554657,
                    -0.9551444053649902,
                    -3.8503103256225586
                ],
                [
                    0.0,
                    0.0,
                    0.0,
                    1.0
                ]
            ]
        },
        {
            "file_path": "/data/shapenet_blender/all_50_random/02958343/e625eb804f2fb6caa26598ab726b7540/r_15",
            "rotation": 0.12566370614359174,
            "transform_matrix": [
                [
                    0.8616747260093689,
                    -0.0040710619650781155,
                    -0.5074445605278015,
                    -2.045574426651001
                ],
                [
                    -0.5074608325958252,
                    -0.006912713870406151,
                    -0.8616470694541931,
                    -3.4734103679656982
                ],
                [
                    -2.3283062977608182e-10,
                    0.9999677538871765,
                    -0.00802241638302803,
                    -0.032339394092559814
                ],
                [
                    0.0,
                    0.0,
                    0.0,
                    1.0
                ]
            ]
        },
        {
            "file_path": "/data/shapenet_blender/all_50_random/02958343/e625eb804f2fb6caa26598ab726b7540/r_16",
            "rotation": 0.12566370614359174,
            "transform_matrix": [
                [
                    0.915410041809082,
                    -0.30764633417129517,
                    0.2595730423927307,
                    1.046372413635254
                ],
                [
                    0.40252262353897095,
                    0.6996440291404724,
                    -0.5903165936470032,
                    -2.3796422481536865
                ],
                [
                    0.0,
                    0.6448656916618347,
                    0.7642958760261536,
                    3.080975294113159
                ],
                [
                    0.0,
                    0.0,
                    0.0,
                    1.0
                ]
            ]
        },
        {
            "file_path": "/data/shapenet_blender/all_50_random/02958343/e625eb804f2fb6caa26598ab726b7540/r_17",
            "rotation": 0.12566370614359174,
            "transform_matrix": [
                [
                    0.6631912589073181,
                    0.16594429314136505,
                    -0.7298218011856079,
                    -2.9420058727264404
                ],
                [
                    -0.748449981212616,
                    0.1470409333705902,
                    -0.646685004234314,
                    -2.606870651245117
                ],
                [
                    0.0,
                    0.9751110076904297,
                    0.22171726822853088,
                    0.8937708735466003
                ],
                [
                    0.0,
                    0.0,
                    0.0,
                    1.0
                ]
            ]
        },
        {
            "file_path": "/data/shapenet_blender/all_50_random/02958343/e625eb804f2fb6caa26598ab726b7540/r_18",
            "rotation": 0.12566370614359174,
            "transform_matrix": [
                [
                    0.3620600402355194,
                    0.2342858910560608,
                    0.9022319316864014,
                    3.6370134353637695
                ],
                [
                    0.9321547150611877,
                    -0.09099945425987244,
                    -0.3504376709461212,
                    -1.4126595258712769
                ],
                [
                    7.450580152834618e-09,
                    0.9678994417190552,
                    -0.2513378858566284,
                    -1.0131754875183105
                ],
                [
                    0.0,
                    0.0,
                    0.0,
                    1.0
                ]
            ]
        },
        {
            "file_path": "/data/shapenet_blender/all_50_random/02958343/e625eb804f2fb6caa26598ab726b7540/r_19",
            "rotation": 0.12566370614359174,
            "transform_matrix": [
                [
                    0.9166292548179626,
                    -0.29806050658226013,
                    0.26636576652526855,
                    1.0737547874450684
                ],
                [
                    0.3997384309768677,
                    0.6834744215011597,
                    -0.6107960343360901,
                    -2.4621975421905518
                ],
                [
                    -1.4901161193847656e-08,
                    0.6663501262664795,
                    0.7456389665603638,
                    3.0057668685913086
                ],
                [
                    0.0,
                    0.0,
                    0.0,
                    1.0
                ]
            ]
        },
        {
            "file_path": "/data/shapenet_blender/all_50_random/02958343/e625eb804f2fb6caa26598ab726b7540/r_20",
            "rotation": 0.12566370614359174,
            "transform_matrix": [
                [
                    0.5104789733886719,
                    -0.22509218752384186,
                    -0.8299063444137573,
                    -3.3454596996307373
                ],
                [
                    -0.8598901033401489,
                    -0.13362734019756317,
                    -0.4926789402961731,
                    -1.9860525131225586
                ],
                [
                    7.450580152834618e-09,
                    0.9651305675506592,
                    -0.26176851987838745,
                    -1.055222749710083
                ],
                [
                    0.0,
                    0.0,
                    0.0,
                    1.0
                ]
            ]
        },
        {
            "file_path": "/data/shapenet_blender/all_50_random/02958343/e625eb804f2fb6caa26598ab726b7540/r_21",
            "rotation": 0.12566370614359174,
            "transform_matrix": [
                [
                    -0.8011868596076965,
                    0.02609514817595482,
                    -0.5978450775146484,
                    -2.4099905490875244
                ],
                [
                    -0.5984143614768982,
                    -0.034937478601932526,
                    0.8004246354103088,
                    3.2266149520874023
                ],
                [
                    0.0,
                    0.9990487694740295,
                    0.04360715672373772,
                    0.1757860779762268
                ],
                [
                    0.0,
                    0.0,
                    0.0,
                    1.0
                ]
            ]
        },
        {
            "file_path": "/data/shapenet_blender/all_50_random/02958343/e625eb804f2fb6caa26598ab726b7540/r_22",
            "rotation": 0.12566370614359174,
            "transform_matrix": [
                [
                    0.2120605707168579,
                    0.11292977631092072,
                    -0.970709502696991,
                    -3.913055419921875
                ],
                [
                    -0.9772565364837646,
                    0.024505287408828735,
                    -0.21063989400863647,
                    -0.8491166234016418
                ],
                [
                    0.0,
                    0.99330073595047,
                    0.1155579537153244,
                    0.4658290445804596
                ],
                [
                    0.0,
                    0.0,
                    0.0,
                    1.0
                ]
            ]
        },
        {
            "file_path": "/data/shapenet_blender/all_50_random/02958343/e625eb804f2fb6caa26598ab726b7540/r_23",
            "rotation": 0.12566370614359174,
            "transform_matrix": [
                [
                    0.34811943769454956,
                    -0.0432954840362072,
                    0.9364499449729919,
                    3.7749500274658203
                ],
                [
                    0.9374502897262573,
                    0.01607765257358551,
                    -0.3477479815483093,
                    -1.401816725730896
                ],
                [
                    -9.313225746154785e-10,
                    0.9989328384399414,
                    0.04618430510163307,
                    0.18617486953735352
                ],
                [
                    0.0,
                    0.0,
                    0.0,
                    1.0
                ]
            ]
        },
        {
            "file_path": "/data/shapenet_blender/all_50_random/02958343/e625eb804f2fb6caa26598ab726b7540/r_24",
            "rotation": 0.12566370614359174,
            "transform_matrix": [
                [
                    0.9583274722099304,
                    -0.036525122821331024,
                    -0.28332769870758057,
                    -1.1421304941177368
                ],
                [
                    -0.2856723368167877,
                    -0.12252859026193619,
                    -0.9504620432853699,
                    -3.831434965133667
                ],
                [
                    0.0,
                    0.991792619228363,
                    -0.12785671651363373,
                    -0.5154069066047668
                ],
                [
                    0.0,
                    0.0,
                    0.0,
                    1.0
                ]
            ]
        },
        {
            "file_path": "/data/shapenet_blender/all_50_random/02958343/e625eb804f2fb6caa26598ab726b7540/r_25",
            "rotation": 0.12566370614359174,
            "transform_matrix": [
                [
                    -0.9015657901763916,
                    0.20539619028568268,
                    -0.3807775676250458,
                    -1.534963607788086
                ],
                [
                    -0.4326420724391937,
                    -0.4280170202255249,
                    0.7934873700141907,
                    3.1986501216888428
                ],
                [
                    0.0,
                    0.8801214694976807,
                    0.47474849224090576,
                    1.913772463798523
                ],
                [
                    0.0,
                    0.0,
                    0.0,
                    1.0
                ]
            ]
        },
        {
            "file_path": "/data/shapenet_blender/all_50_random/02958343/e625eb804f2fb6caa26598ab726b7540/r_26",
            "rotation": 0.12566370614359174,
            "transform_matrix": [
                [
                    0.9128603339195251,
                    0.3241560161113739,
                    0.2482111155986786,
                    1.0005711317062378
                ],
                [
                    0.40827181935310364,
                    -0.7247847318649292,
                    -0.5549784898757935,
                    -2.237190008163452
                ],
                [
                    1.4901160305669237e-08,
                    0.6079555153846741,
                    -0.7939709424972534,
                    -3.2005996704101562
                ],
                [
                    0.0,
                    0.0,
                    0.0,
                    1.0
                ]
            ]
        },
        {
            "file_path": "/data/shapenet_blender/all_50_random/02958343/e625eb804f2fb6caa26598ab726b7540/r_27",
            "rotation": 0.12566370614359174,
            "transform_matrix": [
                [
                    0.08868803828954697,
                    0.36954453587532043,
                    0.9249709844589233,
                    3.728677272796631
                ],
                [
                    0.9960594773292542,
                    -0.03290383890271187,
                    -0.08235839754343033,
                    -0.3319973051548004
                ],
                [
                    0.0,
                    0.9286302328109741,
                    -0.3710065186023712,
                    -1.4955750703811646
                ],
                [
                    0.0,
                    0.0,
                    0.0,
                    1.0
                ]
            ]
        },
        {
            "file_path": "/data/shapenet_blender/all_50_random/02958343/e625eb804f2fb6caa26598ab726b7540/r_28",
            "rotation": 0.12566370614359174,
            "transform_matrix": [
                [
                    0.7806192636489868,
                    0.05813923478126526,
                    -0.622296929359436,
                    -2.508558988571167
                ],
                [
                    -0.6250069737434387,
                    0.07261456549167633,
                    -0.7772345542907715,
                    -3.1331324577331543
                ],
                [
                    0.0,
                    0.995664119720459,
                    0.09302175045013428,
                    0.37498265504837036
                ],
                [
                    0.0,
                    0.0,
                    0.0,
                    1.0
                ]
            ]
        },
        {
            "file_path": "/data/shapenet_blender/all_50_random/02958343/e625eb804f2fb6caa26598ab726b7540/r_29",
            "rotation": 0.12566370614359174,
            "transform_matrix": [
                [
                    -0.18459974229335785,
                    -0.6482661366462708,
                    0.7386974692344666,
                    2.9777846336364746
                ],
                [
                    0.982813835144043,
                    -0.12176239490509033,
                    0.1387479156255722,
                    0.5593107342720032
                ],
                [
                    -7.450580596923828e-09,
                    0.7516148090362549,
                    0.6596022248268127,
                    2.6589415073394775
                ],
                [
                    0.0,
                    0.0,
                    0.0,
                    1.0
                ]
            ]
        },
        {
            "file_path": "/data/shapenet_blender/all_50_random/02958343/e625eb804f2fb6caa26598ab726b7540/r_30",
            "rotation": 0.12566370614359174,
            "transform_matrix": [
                [
                    -0.6313496828079224,
                    0.4591239094734192,
                    0.6249822974205017,
                    2.5193841457366943
                ],
                [
                    0.7754982709884644,
                    0.37378254532814026,
                    0.5088114142417908,
                    2.051084518432617
                ],
                [
                    1.4901161193847656e-08,
                    0.8059106469154358,
                    -0.5920372009277344,
                    -2.386578321456909
                ],
                [
                    0.0,
                    0.0,
                    0.0,
                    1.0
                ]
            ]
        },
        {
            "file_path": "/data/shapenet_blender/all_50_random/02958343/e625eb804f2fb6caa26598ab726b7540/r_31",
            "rotation": 0.12566370614359174,
            "transform_matrix": [
                [
                    -0.9365854859352112,
                    -0.2123558670282364,
                    0.27876952290534973,
                    1.1237558126449585
                ],
                [
                    0.3504388928413391,
                    -0.5675438046455383,
                    0.7450413703918457,
                    3.003357410430908
                ],
                [
                    0.0,
                    0.7954866886138916,
                    0.6059711575508118,
                    2.4427475929260254
                ],
                [
                    0.0,
                    0.0,
                    0.0,
                    1.0
                ]
            ]
        },
        {
            "file_path": "/data/shapenet_blender/all_50_random/02958343/e625eb804f2fb6caa26598ab726b7540/r_32",
            "rotation": 0.12566370614359174,
            "transform_matrix": [
                [
                    -0.33254051208496094,
                    -0.8869709372520447,
                    0.32046738266944885,
                    1.291845440864563
                ],
                [
                    0.9430890083312988,
                    -0.3127528429031372,
                    0.11299930512905121,
                    0.4555147886276245
                ],
                [
                    -7.450580596923828e-09,
                    0.33980610966682434,
                    0.9404954314231873,
                    3.7912585735321045
                ],
                [
                    0.0,
                    0.0,
                    0.0,
                    1.0
                ]
            ]
        },
        {
            "file_path": "/data/shapenet_blender/all_50_random/02958343/e625eb804f2fb6caa26598ab726b7540/r_33",
            "rotation": 0.12566370614359174,
            "transform_matrix": [
                [
                    0.46747878193855286,
                    0.38503676652908325,
                    -0.7957450747489929,
                    -3.2077510356903076
                ],
                [
                    -0.8840042352676392,
                    0.2036150097846985,
                    -0.4208056330680847,
                    -1.696321725845337
                ],
                [
                    0.0,
                    0.9001596570014954,
                    0.4355598986148834,
                    1.755798101425171
                ],
                [
                    0.0,
                    0.0,
                    0.0,
                    1.0
                ]
            ]
        },
        {
            "file_path": "/data/shapenet_blender/all_50_random/02958343/e625eb804f2fb6caa26598ab726b7540/r_34",
            "rotation": 0.12566370614359174,
            "transform_matrix": [
                [
                    0.7286219596862793,
                    0.3267386853694916,
                    -0.6019566655158997,
                    -2.426564931869507
                ],
                [
                    -0.6849160194396973,
                    0.34758856892585754,
                    -0.6403687596321106,
                    -2.581408977508545
                ],
                [
                    1.4901161193847656e-08,
                    0.8788765072822571,
                    0.4770492911338806,
                    1.9230471849441528
                ],
                [
                    0.0,
                    0.0,
                    0.0,
                    1.0
                ]
            ]
        },
        {
            "file_path": "/data/shapenet_blender/all_50_random/02958343/e625eb804f2fb6caa26598ab726b7540/r_35",
            "rotation": 0.12566370614359174,
            "transform_matrix": [
                [
                    0.9980832934379578,
                    -0.05690252408385277,
                    -0.024328090250492096,
                    -0.09806966781616211
                ],
                [
                    -0.06188500300049782,
                    -0.9177257418632507,
                    -0.3923642039299011,
                    -1.5816706418991089
                ],
                [
                    0.0,
                    0.393117755651474,
                    -0.9194881916046143,
                    -3.7065751552581787
                ],
                [
                    0.0,
                    0.0,
                    0.0,
                    1.0
                ]
            ]
        },
        {
            "file_path": "/data/shapenet_blender/all_50_random/02958343/e625eb804f2fb6caa26598ab726b7540/r_36",
            "rotation": 0.12566370614359174,
            "transform_matrix": [
                [
                    0.6534270644187927,
                    -0.7323266267776489,
                    0.19165238738059998,
                    0.7725754976272583
                ],
                [
                    0.7569893598556519,
                    0.6321383714675903,
                    -0.16543278098106384,
                    -0.6668808460235596
                ],
                [
                    7.450580152834618e-09,
                    0.25317689776420593,
                    0.9674199819564819,
                    3.899794578552246
                ],
                [
                    0.0,
                    0.0,
                    0.0,
                    1.0
                ]
            ]
        },
        {
            "file_path": "/data/shapenet_blender/all_50_random/02958343/e625eb804f2fb6caa26598ab726b7540/r_37",
            "rotation": 0.12566370614359174,
            "transform_matrix": [
                [
                    0.9989595413208008,
                    -0.001760596176609397,
                    -0.045573048293590546,
                    -0.18371081352233887
                ],
                [
                    -0.04560704529285431,
                    -0.03856343775987625,
                    -0.9982149004936218,
                    -4.023932456970215
                ],
                [
                    -1.1641532182693481e-10,
                    0.9992546439170837,
                    -0.03860360383987427,
                    -0.15561608970165253
                ],
                [
                    0.0,
                    0.0,
                    0.0,
                    1.0
                ]
            ]
        },
        {
            "file_path": "/data/shapenet_blender/all_50_random/02958343/e625eb804f2fb6caa26598ab726b7540/r_38",
            "rotation": 0.12566370614359174,
            "transform_matrix": [
                [
                    -0.551888108253479,
                    -0.4099091589450836,
                    0.7262188792228699,
                    2.9274818897247314
                ],
                [
                    0.8339181542396545,
                    -0.27127841114997864,
                    0.4806126356124878,
                    1.9374115467071533
                ],
                [
                    -1.4901161193847656e-08,
                    0.870851457118988,
                    0.4915461242198944,
                    1.9814858436584473
                ],
                [
                    0.0,
                    0.0,
                    0.0,
                    1.0
                ]
            ]
        },
        {
            "file_path": "/data/shapenet_blender/all_50_random/02958343/e625eb804f2fb6caa26598ab726b7540/r_39",
            "rotation": 0.12566370614359174,
            "transform_matrix": [
                [
                    0.3708374500274658,
                    -0.4753386676311493,
                    0.7978299856185913,
                    3.216155529022217
                ],
                [
                    0.9286977052688599,
                    0.18980704247951508,
                    -0.3185807764530182,
                    -1.2842402458190918
                ],
                [
                    0.0,
                    0.8590846061706543,
                    0.5118335485458374,
                    2.0632669925689697
                ],
                [
                    0.0,
                    0.0,
                    0.0,
                    1.0
                ]
            ]
        },
        {
            "file_path": "/data/shapenet_blender/all_50_random/02958343/e625eb804f2fb6caa26598ab726b7540/r_40",
            "rotation": 0.12566370614359174,
            "transform_matrix": [
                [
                    -0.9593188166618347,
                    -0.23292027413845062,
                    0.1595475673675537,
                    0.643156886100769
                ],
                [
                    0.28232473134994507,
                    -0.7914459705352783,
                    0.5421309471130371,
                    2.1854000091552734
                ],
                [
                    -1.4901160305669237e-08,
                    0.5651206970214844,
                    0.8250080943107605,
                    3.325714349746704
                ],
                [
                    0.0,
                    0.0,
                    0.0,
                    1.0
                ]
            ]
        },
        {
            "file_path": "/data/shapenet_blender/all_50_random/02958343/e625eb804f2fb6caa26598ab726b7540/r_41",
            "rotation": 0.12566370614359174,
            "transform_matrix": [
                [
                    -0.10605433583259583,
                    -0.5472320318222046,
                    0.830234706401825,
                    3.346782684326172
                ],
                [
                    0.9943603277206421,
                    -0.05836549028754234,
                    0.08854938298463821,
