{
    "class": "02958343",
    "model": "5a91741d3a0ca58cf200a72c9245aee7",
    "remove_doubles": true,
    "edge_split": true,
    "denoise": true,
    "camera_angle_x": 0.6911112070083618,
    "scale_factor": 2.2520390845968925,
    "hdri_file": "/data/IndoorHDRDataset2018/AG8A7945-e32b43f81e.exr",
    "center_offset": [
        0.0,
        0.0,
        3.725290298461914e-09
    ],
    "lights": [],
    "frames": [
        {
            "file_path": "/data/shapenet_blender/all_50_random/02958343/5a91741d3a0ca58cf200a72c9245aee7/r_0",
            "rotation": 0.12566370614359174,
            "transform_matrix": [
                [
                    -0.8924084305763245,
                    0.21360750496387482,
                    -0.3974657654762268,
                    -1.6022357940673828
                ],
                [
                    -0.4512285590171814,
                    -0.42245805263519287,
                    0.7860801219940186,
                    3.168790340423584
                ],
                [
                    0.0,
                    0.8808524012565613,
                    0.4733909070491791,
                    1.9082998037338257
                ],
                [
                    0.0,
                    0.0,
                    0.0,
                    1.0
                ]
            ]
        },
        {
            "file_path": "/data/shapenet_blender/all_50_random/02958343/5a91741d3a0ca58cf200a72c9245aee7/r_1",
            "rotation": 0.12566370614359174,
            "transform_matrix": [
                [
                    -0.9641227126121521,
                    -0.25325825810432434,
                    0.07954557985067368,
                    0.32065844535827637
                ],
                [
                    0.2654566764831543,
                    -0.9198188185691833,
                    0.28890475630760193,
                    1.1646121740341187
                ],
                [
                    0.0,
                    0.2996557056903839,
                    0.9540475010871887,
                    3.845888137817383
                ],
                [
                    0.0,
                    0.0,
                    0.0,
                    1.0
                ]
            ]
        },
        {
            "file_path": "/data/shapenet_blender/all_50_random/02958343/5a91741d3a0ca58cf200a72c9245aee7/r_2",
            "rotation": 0.12566370614359174,
            "transform_matrix": [
                [
                    0.9924921989440918,
                    0.11627713590860367,
                    0.03793114796280861,
                    0.15290534496307373
                ],
                [
                    0.12230759114027023,
                    -0.9435567259788513,
                    -0.3078007400035858,
                    -1.2407845258712769
                ],
                [
                    0.0,
                    0.3101291060447693,
                    -0.9506943821907043,
                    -3.832371711730957
                ],
                [
                    0.0,
                    0.0,
                    0.0,
                    1.0
                ]
            ]
        },
        {
            "file_path": "/data/shapenet_blender/all_50_random/02958343/5a91741d3a0ca58cf200a72c9245aee7/r_3",
            "rotation": 0.12566370614359174,
            "transform_matrix": [
                [
                    -0.8690488338470459,
                    0.44005322456359863,
                    0.2260691076517105,
                    0.9113137125968933
                ],
                [
                    0.4947262406349182,
                    0.7730088233947754,
                    0.39711880683898926,
                    1.6008371114730835
                ],
                [
                    0.0,
                    0.4569580852985382,
                    -0.8894883394241333,
                    -3.585642099380493
                ],
                [
                    0.0,
                    0.0,
                    0.0,
                    1.0
                ]
            ]
        },
        {
            "file_path": "/data/shapenet_blender/all_50_random/02958343/5a91741d3a0ca58cf200a72c9245aee7/r_4",
            "rotation": 0.12566370614359174,
            "transform_matrix": [
                [
                    -0.9476042985916138,
                    0.11106640100479126,
                    -0.2995169162750244,
                    -1.2073912620544434
                ],
                [
                    -0.3194465935230255,
                    -0.32946664094924927,
                    0.8884850144386292,
                    3.5815975666046143
                ],
                [
                    0.0,
                    0.9376117587089539,
                    0.347683846950531,
                    1.4015583992004395
                ],
                [
                    0.0,
                    0.0,
                    0.0,
                    1.0
                ]
            ]
        },
        {
            "file_path": "/data/shapenet_blender/all_50_random/02958343/5a91741d3a0ca58cf200a72c9245aee7/r_5",
            "rotation": 0.12566370614359174,
            "transform_matrix": [
                [
                    -0.9963861107826233,
                    0.02536916173994541,
                    0.08106295019388199,
                    0.3267751932144165
                ],
                [
                    0.08493995666503906,
                    0.29759231209754944,
                    0.9509069323539734,
                    3.833228349685669
                ],
                [
                    0.0,
                    0.9543559551239014,
                    -0.2986716628074646,
                    -1.203984022140503
                ],
                [
                    0.0,
                    0.0,
                    0.0,
                    1.0
                ]
            ]
        },
        {
            "file_path": "/data/shapenet_blender/all_50_random/02958343/5a91741d3a0ca58cf200a72c9245aee7/r_6",
            "rotation": 0.12566370614359174,
            "transform_matrix": [
                [
                    -0.8283714056015015,
                    0.03437665477395058,
                    -0.5591232180595398,
                    -2.2538981437683105
                ],
                [
                    -0.5601790547370911,
                    -0.050834886729717255,
                    0.8268101215362549,
                    3.3329784870147705
                ],
                [
                    0.0,
                    0.9981151819229126,
                    0.061367254704236984,
                    0.247379332780838
                ],
                [
                    0.0,
                    0.0,
                    0.0,
                    1.0
                ]
            ]
        },
        {
            "file_path": "/data/shapenet_blender/all_50_random/02958343/5a91741d3a0ca58cf200a72c9245aee7/r_7",
            "rotation": 0.12566370614359174,
            "transform_matrix": [
                [
                    0.12799838185310364,
                    0.5365056991577148,
                    0.8341330289840698,
                    3.3624978065490723
                ],
                [
                    0.9917743802070618,
                    -0.06924141943454742,
                    -0.1076531931757927,
                    -0.4339638948440552
                ],
                [
                    3.725290298461914e-09,
                    0.8410511612892151,
                    -0.5409554839134216,
                    -2.180661201477051
                ],
                [
                    0.0,
                    0.0,
                    0.0,
                    1.0
                ]
            ]
        },
        {
            "file_path": "/data/shapenet_blender/all_50_random/02958343/5a91741d3a0ca58cf200a72c9245aee7/r_8",
            "rotation": 0.12566370614359174,
            "transform_matrix": [
                [
                    0.3867684006690979,
                    0.44759365916252136,
                    0.8062691688537598,
                    3.2501752376556396
                ],
                [
                    0.9221768975257874,
                    -0.18772438168525696,
                    -0.3381557762622833,
                    -1.363149642944336
                ],
                [
                    0.0,
                    0.8743108510971069,
                    -0.4853663444519043,
                    -1.9565744400024414
                ],
                [
                    0.0,
                    0.0,
                    0.0,
                    1.0
                ]
            ]
        },
        {
            "file_path": "/data/shapenet_blender/all_50_random/02958343/5a91741d3a0ca58cf200a72c9245aee7/r_9",
            "rotation": 0.12566370614359174,
            "transform_matrix": [
                [
                    0.17750485241413116,
                    -0.2970145642757416,
                    0.9382293224334717,
                    3.782123565673828
                ],
                [
                    0.9841200113296509,
                    0.05357225611805916,
                    -0.16922760009765625,
                    -0.6821783185005188
                ],
                [
                    0.0,
                    0.9533689022064209,
                    0.3018072545528412,
                    1.2166240215301514
                ],
                [
                    0.0,
                    0.0,
                    0.0,
                    1.0
                ]
            ]
        },
        {
            "file_path": "/data/shapenet_blender/all_50_random/02958343/5a91741d3a0ca58cf200a72c9245aee7/r_10",
            "rotation": 0.12566370614359174,
            "transform_matrix": [
                [
                    -0.8813408613204956,
                    0.08725561946630478,
                    0.4643540382385254,
                    1.871870994567871
                ],
                [
                    0.4724808633327484,
                    0.16276201605796814,
                    0.866181492805481,
                    3.4916892051696777
                ],
                [
                    7.4505797087454084e-09,
                    0.9827995300292969,
                    -0.1846754550933838,
                    -0.744450569152832
                ],
                [
                    0.0,
                    0.0,
                    0.0,
                    1.0
                ]
            ]
        },
        {
            "file_path": "/data/shapenet_blender/all_50_random/02958343/5a91741d3a0ca58cf200a72c9245aee7/r_11",
            "rotation": 0.12566370614359174,
            "transform_matrix": [
                [
                    -0.3606516718864441,
                    -0.22349956631660461,
                    -0.9055265784263611,
                    -3.650294303894043
                ],
                [
                    -0.9327005743980408,
                    0.08642162382602692,
                    0.3501441776752472,
                    1.4114763736724854
                ],
                [
                    7.450580596923828e-09,
                    0.9708651304244995,
                    -0.23962628841400146,
                    -0.9659644365310669
                ],
                [
                    0.0,
                    0.0,
                    0.0,
                    1.0
                ]
            ]
        },
        {
            "file_path": "/data/shapenet_blender/all_50_random/02958343/5a91741d3a0ca58cf200a72c9245aee7/r_12",
            "rotation": 0.12566370614359174,
            "transform_matrix": [
                [
                    -0.784598708152771,
                    -0.25173887610435486,
                    -0.5665971636772156,
                    -2.2840261459350586
                ],
                [
                    -0.620003879070282,
                    0.31856897473335266,
                    0.717013955116272,
                    2.8903756141662598
                ],
                [
                    0.0,
                    0.9138606190681458,
                    -0.4060279130935669,
                    -1.6367508172988892
                ],
                [
                    0.0,
                    0.0,
                    0.0,
                    1.0
                ]
            ]
        },
        {
            "file_path": "/data/shapenet_blender/all_50_random/02958343/5a91741d3a0ca58cf200a72c9245aee7/r_13",
            "rotation": 0.12566370614359174,
            "transform_matrix": [
                [
                    0.8305466175079346,
                    0.2683875560760498,
                    0.48801684379577637,
                    1.9672588109970093
                ],
                [
                    0.5569490790367126,
                    -0.40023112297058105,
                    -0.7277518510818481,
                    -2.933661460876465
                ],
                [
                    0.0,
                    0.876232385635376,
                    -0.4818887710571289,
                    -1.9425557851791382
                ],
                [
                    0.0,
                    0.0,
                    0.0,
                    1.0
                ]
            ]
        },
        {
            "file_path": "/data/shapenet_blender/all_50_random/02958343/5a91741d3a0ca58cf200a72c9245aee7/r_14",
            "rotation": 0.12566370614359174,
            "transform_matrix": [
                [
                    0.9998519420623779,
                    0.013816176913678646,
                    -0.01026536151766777,
                    -0.041381001472473145
                ],
                [
                    -0.017212333157658577,
                    0.8025716543197632,
                    -0.5963073372840881,
                    -2.403791904449463
                ],
                [
                    9.31322685637781e-10,
                    0.5963956713676453,
                    0.8026904463768005,
                    3.2357490062713623
                ],
                [
                    0.0,
                    0.0,
                    0.0,
                    1.0
                ]
            ]
        },
        {
            "file_path": "/data/shapenet_blender/all_50_random/02958343/5a91741d3a0ca58cf200a72c9245aee7/r_15",
            "rotation": 0.12566370614359174,
            "transform_matrix": [
                [
                    -0.3780694603919983,
                    0.34815284609794617,
                    -0.8578187227249146,
                    -3.4579780101776123
                ],
                [
                    -0.9257771968841553,
                    -0.14217887818813324,
                    0.35031652450561523,
                    1.4121712446212769
                ],
                [
                    -7.450580152834618e-09,
                    0.9265930652618408,
                    0.3760654628276825,
                    1.5159684419631958
                ],
                [
                    0.0,
                    0.0,
                    0.0,
                    1.0
                ]
            ]
        },
        {
            "file_path": "/data/shapenet_blender/all_50_random/02958343/5a91741d3a0ca58cf200a72c9245aee7/r_16",
            "rotation": 0.12566370614359174,
            "transform_matrix": [
                [
                    0.7373284697532654,
                    0.4364887773990631,
                    0.5155813694000244,
                    2.0783751010894775
                ],
                [
                    0.6755343079566956,
                    -0.47641634941101074,
                    -0.5627439022064209,
                    -2.268493413925171
                ],
                [
                    0.0,
                    0.7632201313972473,
                    -0.6461384296417236,
                    -2.6046676635742188
                ],
                [
                    0.0,
                    0.0,
                    0.0,
                    1.0
                ]
            ]
        },
        {
            "file_path": "/data/shapenet_blender/all_50_random/02958343/5a91741d3a0ca58cf200a72c9245aee7/r_17",
            "rotation": 0.12566370614359174,
            "transform_matrix": [
                [
                    0.7424421906471252,
                    0.5891954302787781,
                    0.31879183650016785,
                    1.2850911617279053
                ],
                [
                    0.6699100732803345,
                    -0.6529884338378906,
                    -0.3533078730106354,
                    -1.4242297410964966
                ],
                [
                    0.0,
                    0.47587254643440247,
                    -0.8795140981674194,
                    -3.5454349517822266
                ],
                [
                    0.0,
                    0.0,
                    0.0,
                    1.0
                ]
            ]
        },
        {
            "file_path": "/data/shapenet_blender/all_50_random/02958343/5a91741d3a0ca58cf200a72c9245aee7/r_18",
            "rotation": 0.12566370614359174,
            "transform_matrix": [
                [
                    0.33911699056625366,
                    -0.6113892197608948,
                    0.7149844169616699,
                    2.8821942806243896
                ],
                [
                    0.9407442212104797,
                    0.22039201855659485,
                    -0.2577357292175293,
                    -1.0389659404754639
                ],
                [
                    -1.4901161193847656e-08,
                    0.7600198984146118,
                    0.6498996615409851,
                    2.6198294162750244
                ],
                [
                    0.0,
                    0.0,
                    0.0,
                    1.0
                ]
            ]
        },
        {
            "file_path": "/data/shapenet_blender/all_50_random/02958343/5a91741d3a0ca58cf200a72c9245aee7/r_19",
            "rotation": 0.12566370614359174,
            "transform_matrix": [
                [
                    0.9188708066940308,
                    0.3765372633934021,
                    0.11788220703601837,
                    0.4751983880996704
                ],
                [
                    0.3945586681365967,
                    -0.8769015073776245,
                    -0.274530827999115,
                    -1.1066691875457764
                ],
                [
                    0.0,
                    0.2987697124481201,
                    -0.9543251991271973,
                    -3.847007989883423
                ],
                [
                    0.0,
                    0.0,
                    0.0,
                    1.0
                ]
            ]
        },
        {
            "file_path": "/data/shapenet_blender/all_50_random/02958343/5a91741d3a0ca58cf200a72c9245aee7/r_20",
            "rotation": 0.12566370614359174,
            "transform_matrix": [
                [
                    -0.13229817152023315,
                    -0.8532319664955139,
                    0.5044723749160767,
                    2.0335934162139893
                ],
                [
                    0.9912099838256836,
                    -0.11388204991817474,
                    0.06733262538909912,
                    0.2714265286922455
                ],
                [
                    0.0,
                    0.5089460611343384,
                    0.8607983589172363,
                    3.46998929977417
                ],
                [
                    0.0,
                    0.0,
                    0.0,
                    1.0
                ]
            ]
        },
        {
            "file_path": "/data/shapenet_blender/all_50_random/02958343/5a91741d3a0ca58cf200a72c9245aee7/r_21",
            "rotation": 0.12566370614359174,
            "transform_matrix": [
                [
                    0.6496723890304565,
                    -0.6396968364715576,
                    -0.410747766494751,
                    -1.6557773351669312
                ],
                [
                    -0.7602143287658691,
                    -0.5466791987419128,
                    -0.35102134943008423,
                    -1.4150124788284302
                ],
                [
                    -1.4901161193847656e-08,
                    0.5403051376342773,
                    -0.8414689898490906,
                    -3.3920702934265137
                ],
                [
                    0.0,
                    0.0,
                    0.0,
                    1.0
                ]
            ]
        },
        {
            "file_path": "/data/shapenet_blender/all_50_random/02958343/5a91741d3a0ca58cf200a72c9245aee7/r_22",
            "rotation": 0.12566370614359174,
            "transform_matrix": [
                [
                    -0.8967494368553162,
                    0.14266614615917206,
                    0.41891151666641235,
                    1.6886861324310303
                ],
                [
                    0.44253864884376526,
                    0.2890951931476593,
                    0.8488719463348389,
                    3.4219119548797607
                ],
                [
                    -1.4901161193847656e-08,
                    0.9466098546981812,
                    -0.32238125801086426,
                    -1.299560308456421
                ],
                [
                    0.0,
                    0.0,
                    0.0,
                    1.0
                ]
            ]
        },
        {
            "file_path": "/data/shapenet_blender/all_50_random/02958343/5a91741d3a0ca58cf200a72c9245aee7/r_23",
            "rotation": 0.12566370614359174,
            "transform_matrix": [
                [
                    0.9989000558853149,
                    0.04016639292240143,
                    0.024196596816182137,
                    0.09753960371017456
                ],
                [
                    0.046891529113054276,
                    -0.855638861656189,
                    -0.5154445171356201,
                    -2.0778234004974365
                ],
                [
                    1.862645371275562e-09,
                    0.5160120725631714,
                    -0.8565812706947327,
                    -3.4529895782470703
                ],
                [
                    0.0,
                    0.0,
                    0.0,
                    1.0
                ]
            ]
        },
        {
            "file_path": "/data/shapenet_blender/all_50_random/02958343/5a91741d3a0ca58cf200a72c9245aee7/r_24",
            "rotation": 0.12566370614359174,
            "transform_matrix": [
                [
                    0.2808258831501007,
                    0.4358133375644684,
                    0.855104386806488,
                    3.447036027908325
                ],
                [
                    0.9597586989402771,
                    -0.12751922011375427,
                    -0.2502039968967438,
                    -1.0086045265197754
                ],
                [
                    0.0,
                    0.8909577131271362,
                    -0.4540863037109375,
                    -1.8304804563522339
                ],
                [
                    0.0,
                    0.0,
                    0.0,
                    1.0
                ]
            ]
        },
        {
            "file_path": "/data/shapenet_blender/all_50_random/02958343/5a91741d3a0ca58cf200a72c9245aee7/r_25",
            "rotation": 0.12566370614359174,
            "transform_matrix": [
                [
                    0.9531310796737671,
                    -0.17671817541122437,
                    0.24558500945568085,
                    0.9899847507476807
                ],
                [
                    0.30255797505378723,
                    0.5567051768302917,
                    -0.7736523747444153,
                    -3.118692398071289
                ],
                [
                    -1.4901161193847656e-08,
                    0.8116956949234009,
                    0.5840803980827332,
                    2.3545033931732178
                ],
                [
                    0.0,
                    0.0,
                    0.0,
                    1.0
                ]
            ]
        },
        {
            "file_path": "/data/shapenet_blender/all_50_random/02958343/5a91741d3a0ca58cf200a72c9245aee7/r_26",
            "rotation": 0.12566370614359174,
            "transform_matrix": [
                [
                    -0.9597037434577942,
                    0.11079131811857224,
                    -0.2582518756389618,
                    -1.0410466194152832
                ],
                [
                    -0.2810138165950775,
                    -0.3783687651157379,
                    0.8819683790206909,
                    3.555328369140625
                ],
                [
                    -7.450581485102248e-09,
                    0.9190006852149963,
                    0.39425578713417053,
                    1.5892958641052246
                ],
                [
                    0.0,
                    0.0,
                    0.0,
                    1.0
                ]
            ]
        },
        {
            "file_path": "/data/shapenet_blender/all_50_random/02958343/5a91741d3a0ca58cf200a72c9245aee7/r_27",
            "rotation": 0.12566370614359174,
            "transform_matrix": [
                [
                    -0.926024317741394,
                    -0.32689598202705383,
                    -0.18872731924057007,
                    -0.7607841491699219
                ],
                [
                    -0.3774638772010803,
                    0.8019671440124512,
                    0.4630008041858673,
                    1.8664159774780273
                ],
                [
                    0.0,
                    0.4999876916408539,
                    -0.8660324215888977,
                    -3.491088390350342
                ],
                [
                    0.0,
                    0.0,
                    0.0,
                    1.0
                ]
            ]
        },
        {
            "file_path": "/data/shapenet_blender/all_50_random/02958343/5a91741d3a0ca58cf200a72c9245aee7/r_28",
            "rotation": 0.12566370614359174,
            "transform_matrix": [
                [
                    -0.9847539663314819,
                    -0.15739668905735016,
                    -0.07406578212976456,
                    -0.2985686957836151
                ],
                [
                    -0.17395244538784027,
                    0.8910309672355652,
                    0.4192902743816376,
                    1.6902129650115967
                ],
                [
                    0.0,
                    0.42578160762786865,
                    -0.9048259854316711,
                    -3.6474697589874268
                ],
                [
                    0.0,
                    0.0,
                    0.0,
                    1.0
                ]
            ]
        },
        {
            "file_path": "/data/shapenet_blender/all_50_random/02958343/5a91741d3a0ca58cf200a72c9245aee7/r_29",
            "rotation": 0.12566370614359174,
            "transform_matrix": [
                [
                    0.159293532371521,
                    0.6838846206665039,
                    0.7119883298873901,
                    2.870116710662842
                ],
                [
                    0.9872313737869263,
                    -0.11034738272428513,
                    -0.11488202214241028,
                    -0.463104248046875
                ],
                [
                    7.450581485102248e-09,
                    0.7211971282958984,
                    -0.6927298903465271,
                    -2.7924835681915283
                ],
                [
                    0.0,
                    0.0,
                    0.0,
                    1.0
                ]
            ]
        },
        {
            "file_path": "/data/shapenet_blender/all_50_random/02958343/5a91741d3a0ca58cf200a72c9245aee7/r_30",
            "rotation": 0.12566370614359174,
            "transform_matrix": [
                [
                    -0.39019131660461426,
                    0.3433263301849365,
                    -0.8543288111686707,
                    -3.4439096450805664
                ],
                [
                    -0.9207338094711304,
                    -0.14549584686756134,
                    0.36204999685287476,
                    1.459470272064209
                ],
                [
                    7.450580596923828e-09,
                    0.9278782606124878,
                    0.3728833496570587,
                    1.5031408071517944
                ],
                [
                    0.0,
                    0.0,
                    0.0,
                    1.0
                ]
            ]
        },
        {
            "file_path": "/data/shapenet_blender/all_50_random/02958343/5a91741d3a0ca58cf200a72c9245aee7/r_31",
            "rotation": 0.12566370614359174,
            "transform_matrix": [
                [
                    -0.6985171437263489,
                    -0.33624467253685,
                    0.6316749453544617,
                    2.54636287689209
                ],
                [
                    0.7155932784080505,
                    -0.328220933675766,
                    0.6166014075279236,
                    2.4855995178222656
                ],
                [
                    0.0,
                    0.8827289342880249,
                    0.4698824882507324,
                    1.8941566944122314
                ],
                [
                    0.0,
                    0.0,
                    0.0,
                    1.0
                ]
            ]
        },
        {
            "file_path": "/data/shapenet_blender/all_50_random/02958343/5a91741d3a0ca58cf200a72c9245aee7/r_32",
            "rotation": 0.12566370614359174,
            "transform_matrix": [
                [
                    -0.8266603946685791,
                    -0.23113268613815308,
                    0.51304030418396,
                    2.068131685256958
                ],
                [
                    0.5627012848854065,
                    -0.3395553529262543,
                    0.753703773021698,
                    3.0382771492004395
                ],
                [
                    1.4901162970204496e-08,
                    0.9117454290390015,
                    0.41075560450553894,
                    1.6558088064193726
                ],
                [
                    0.0,
                    0.0,
                    0.0,
                    1.0
                ]
            ]
        },
        {
            "file_path": "/data/shapenet_blender/all_50_random/02958343/5a91741d3a0ca58cf200a72c9245aee7/r_33",
            "rotation": 0.12566370614359174,
            "transform_matrix": [
                [
                    -0.7078980803489685,
                    -0.7008827924728394,
                    -0.08742809295654297,
                    -0.3524339497089386
                ],
                [
                    -0.7063146829605103,
                    0.7024539709091187,
                    0.08762408047914505,
                    0.3532240092754364
                ],
                [
                    3.725290298461914e-09,
                    0.12378080934286118,
                    -0.9923095107078552,
                    -4.000127792358398
                ],
                [
                    0.0,
                    0.0,
                    0.0,
                    1.0
                ]
            ]
        },
        {
            "file_path": "/data/shapenet_blender/all_50_random/02958343/5a91741d3a0ca58cf200a72c9245aee7/r_34",
            "rotation": 0.12566370614359174,
            "transform_matrix": [
                [
                    -0.9821656942367554,
                    0.0411139577627182,
                    -0.1834673136472702,
                    -0.7395803928375244
                ],
                [
                    -0.1880175918340683,
                    -0.21477095782756805,
                    0.9583959579467773,
                    3.863417625427246
                ],
                [
                    0.0,
                    0.9757986664772034,
                    0.2186708152294159,
                    0.8814902305603027
                ],
                [
                    0.0,
                    0.0,
                    0.0,
                    1.0
                ]
            ]
        },
        {
            "file_path": "/data/shapenet_blender/all_50_random/02958343/5a91741d3a0ca58cf200a72c9245aee7/r_35",
            "rotation": 0.12566370614359174,
            "transform_matrix": [
                [
                    0.3647471070289612,
                    0.17578637599945068,
                    -0.9143624305725098,
                    -3.685912847518921
                ],
                [
                    -0.9311065673828125,
                    0.06886168569326401,
                    -0.35818785429000854,
                    -1.4439014196395874
                ],
                [
                    -7.450580596923828e-09,
                    0.9820167422294617,
                    0.18879298865795135,
                    0.7610488533973694
                ],
                [
                    0.0,
                    0.0,
                    0.0,
                    1.0
                ]
            ]
        },
        {
            "file_path": "/data/shapenet_blender/all_50_random/02958343/5a91741d3a0ca58cf200a72c9245aee7/r_36",
            "rotation": 0.12566370614359174,
            "transform_matrix": [
                [
                    0.6592034101486206,
                    0.11799222975969315,
                    -0.7426497936248779,
                    -2.9937167167663574
                ],
                [
                    -0.7519645690917969,
                    0.1034368947148323,
                    -0.6510376930236816,
                    -2.6244165897369385
                ],
                [
                    0.0,
                    0.9876124858856201,
                    0.1569119691848755,
                    0.6325322985649109
                ],
                [
                    0.0,
                    0.0,
                    0.0,
                    1.0
                ]
            ]
        },
        {
            "file_path": "/data/shapenet_blender/all_50_random/02958343/5a91741d3a0ca58cf200a72c9245aee7/r_37",
            "rotation": 0.12566370614359174,
            "transform_matrix": [
                [
                    -0.9981005191802979,
                    0.0175080094486475,
                    0.059066951274871826,
                    0.23810648918151855
                ],
                [
                    0.061607103794813156,
                    0.2836483418941498,
                    0.9569473266601562,
                    3.8575780391693115
                ],
                [
                    0.0,
                    0.9587685465812683,
                    -0.2841881215572357,
                    -1.1455990076065063
                ],
                [
                    0.0,
                    0.0,
                    0.0,
                    1.0
                ]
            ]
        },
        {
            "file_path": "/data/shapenet_blender/all_50_random/02958343/5a91741d3a0ca58cf200a72c9245aee7/r_38",
            "rotation": 0.12566370614359174,
            "transform_matrix": [
                [
                    0.7783291339874268,
                    -0.027755197137594223,
                    -0.6272427439689636,
                    -2.528496265411377
                ],
                [
                    -0.6278565526008606,
                    -0.03440702706575394,
                    -0.7775682210922241,
                    -3.1344778537750244
                ],
                [
                    0.0,
                    0.9990224838256836,
                    -0.04420626908540726,
                    -0.17820116877555847
                ],
                [
                    0.0,
                    0.0,
                    0.0,
                    1.0
                ]
            ]
        },
        {
            "file_path": "/data/shapenet_blender/all_50_random/02958343/5a91741d3a0ca58cf200a72c9245aee7/r_39",
            "rotation": 0.12566370614359174,
            "transform_matrix": [
                [
                    -0.3595486581325531,
                    0.28960204124450684,
                    -0.8870487213134766,
                    -3.575807809829712
                ],
                [
                    -0.9331263303756714,
                    -0.11158834397792816,
                    0.3417941927909851,
                    1.3778164386749268
                ],
                [
                    -7.4505797087454084e-09,
                    0.9506202936172485,
                    0.3103567063808441,
                    1.2510879039764404
                ],
                [
                    0.0,
                    0.0,
                    0.0,
                    1.0
                ]
            ]
        },
        {
            "file_path": "/data/shapenet_blender/all_50_random/02958343/5a91741d3a0ca58cf200a72c9245aee7/r_40",
            "rotation": 0.12566370614359174,
            "transform_matrix": [
                [
                    0.4564981460571289,
                    0.7325572371482849,
                    -0.5049448609352112,
                    -2.0354981422424316
                ],
                [
                    -0.889724612236023,
                    0.37585899233818054,
                    -0.2590760886669159,
                    -1.0443692207336426
                ],
                [
                    0.0,
                    0.5675294995307922,
                    0.8233529329299927,
                    3.3190419673919678
                ],
                [
                    0.0,
                    0.0,
                    0.0,
                    1.0
                ]
            ]
        },
        {
            "file_path": "/data/shapenet_blender/all_50_random/02958343/5a91741d3a0ca58cf200a72c9245aee7/r_41",
            "rotation": 0.12566370614359174,
            "transform_matrix": [
                [
                    -0.8836199045181274,
                    -0.08338376134634018,
                    -0.46072015166282654,
                    -1.857222318649292
                ],
                [
                    -0.4682050347328186,
                    0.15736599266529083,
                    0.8694940805435181,
                    3.505042791366577
                ],
                [
                    -7.450580596923828e-09,
                    0.9840137958526611,
