{
    "class": "02958343",
    "model": "96bf8cb730f728414a383db4764d5432",
    "remove_doubles": true,
    "edge_split": true,
    "denoise": true,
    "camera_angle_x": 0.6911112070083618,
    "scale_factor": 2.259212971273205,
    "hdri_file": "/data/IndoorHDRDataset2018/AG8A9465-a5244feb26.exr",
    "center_offset": [
        0.0,
        0.0,
        2.9976945370435715e-09
    ],
    "lights": [],
    "frames": [
        {
            "file_path": "/data/shapenet_blender/all_50_random/02958343/96bf8cb730f728414a383db4764d5432/r_0",
            "rotation": 0.12566370614359174,
            "transform_matrix": [
                [
                    0.46246814727783203,
                    -0.26553526520729065,
                    0.8459398746490479,
                    3.41009259223938
                ],
                [
                    0.8866360187530518,
                    0.138502836227417,
                    -0.4412410855293274,
                    -1.7786997556686401
                ],
                [
                    0.0,
                    0.9541005492210388,
                    0.29948627948760986,
                    1.2072677612304688
                ],
                [
                    0.0,
                    0.0,
                    0.0,
                    1.0
                ]
            ]
        },
        {
            "file_path": "/data/shapenet_blender/all_50_random/02958343/96bf8cb730f728414a383db4764d5432/r_1",
            "rotation": 0.12566370614359174,
            "transform_matrix": [
                [
                    0.6652879118919373,
                    0.04272329434752464,
                    0.7453635334968567,
                    3.0046565532684326
                ],
                [
                    0.7465869188308716,
                    -0.03807097300887108,
                    -0.6641976833343506,
                    -2.67746639251709
                ],
                [
                    1.862645149230957e-09,
                    0.998361349105835,
                    -0.057224810123443604,
                    -0.23068058490753174
                ],
                [
                    0.0,
                    0.0,
                    0.0,
                    1.0
                ]
            ]
        },
        {
            "file_path": "/data/shapenet_blender/all_50_random/02958343/96bf8cb730f728414a383db4764d5432/r_2",
            "rotation": 0.12566370614359174,
            "transform_matrix": [
                [
                    0.7817618250846863,
                    -0.21411733329296112,
                    0.5856639742851257,
                    2.360887050628662
                ],
                [
                    0.6235772371292114,
                    0.2684330940246582,
                    -0.7342309951782227,
                    -2.959779739379883
                ],
                [
                    -2.9802322387695312e-08,
                    0.9392004013061523,
                    0.34336942434310913,
                    1.3841664791107178
                ],
                [
                    0.0,
                    0.0,
                    0.0,
                    1.0
                ]
            ]
        },
        {
            "file_path": "/data/shapenet_blender/all_50_random/02958343/96bf8cb730f728414a383db4764d5432/r_3",
            "rotation": 0.12566370614359174,
            "transform_matrix": [
                [
                    0.5878486037254333,
                    0.010492715984582901,
                    -0.80890291929245,
                    -3.260791778564453
                ],
                [
                    -0.8089709281921387,
                    0.007624659687280655,
                    -0.5877991318702698,
                    -2.3694939613342285
                ],
                [
                    -4.6566123179658803e-10,
                    0.9999159574508667,
                    0.012970447540283203,
                    0.05228554457426071
                ],
                [
                    0.0,
                    0.0,
                    0.0,
                    1.0
                ]
            ]
        },
        {
            "file_path": "/data/shapenet_blender/all_50_random/02958343/96bf8cb730f728414a383db4764d5432/r_4",
            "rotation": 0.12566370614359174,
            "transform_matrix": [
                [
                    -0.7363165020942688,
                    -0.1468692272901535,
                    -0.6605053544044495,
                    -2.6625823974609375
                ],
                [
                    -0.6766372919082642,
                    0.15982306003570557,
                    0.7187617421150208,
                    2.8974215984344482
                ],
                [
                    7.450580596923828e-09,
                    0.976158857345581,
                    -0.21705752611160278,
                    -0.8749869465827942
                ],
                [
                    0.0,
                    0.0,
                    0.0,
                    1.0
                ]
            ]
        },
        {
            "file_path": "/data/shapenet_blender/all_50_random/02958343/96bf8cb730f728414a383db4764d5432/r_5",
            "rotation": 0.12566370614359174,
            "transform_matrix": [
                [
                    0.9929134845733643,
                    -0.0772087350487709,
                    -0.09034125506877899,
                    -0.36417722702026367
                ],
                [
                    -0.1188390925526619,
                    -0.6450873017311096,
                    -0.7548109889030457,
                    -3.0427403450012207
                ],
                [
                    3.7252898543727042e-09,
                    0.760198175907135,
                    -0.6496912837028503,
                    -2.6189892292022705
                ],
                [
                    0.0,
                    0.0,
                    0.0,
                    1.0
                ]
            ]
        },
        {
            "file_path": "/data/shapenet_blender/all_50_random/02958343/96bf8cb730f728414a383db4764d5432/r_6",
            "rotation": 0.12566370614359174,
            "transform_matrix": [
                [
                    0.9804719686508179,
                    -0.053454674780368805,
                    0.18925510346889496,
                    0.7629117369651794
                ],
                [
                    0.19665935635566711,
                    0.26650553941726685,
                    -0.9435570240020752,
                    -3.8036000728607178
                ],
                [
                    -3.725290742551124e-09,
                    0.9623498320579529,
                    0.2718135714530945,
                    1.0957155227661133
                ],
                [
                    0.0,
                    0.0,
                    0.0,
                    1.0
                ]
            ]
        },
        {
            "file_path": "/data/shapenet_blender/all_50_random/02958343/96bf8cb730f728414a383db4764d5432/r_7",
            "rotation": 0.12566370614359174,
            "transform_matrix": [
                [
                    -0.993465006351471,
                    -0.048559218645095825,
                    -0.10329211503267288,
                    -0.4163838326931
                ],
                [
                    -0.11413700878620148,
                    0.42266640067100525,
                    0.8990694284439087,
                    3.624264717102051
                ],
                [
                    0.0,
                    0.9049835205078125,
                    -0.42544668912887573,
                    -1.7150304317474365
                ],
                [
                    0.0,
                    0.0,
                    0.0,
                    1.0
                ]
            ]
        },
        {
            "file_path": "/data/shapenet_blender/all_50_random/02958343/96bf8cb730f728414a383db4764d5432/r_8",
            "rotation": 0.12566370614359174,
            "transform_matrix": [
                [
                    -0.01161251962184906,
                    0.008426936343312263,
                    -0.9998970627784729,
                    -4.03071403503418
                ],
                [
                    -0.999932587146759,
                    -9.786454029381275e-05,
                    0.01161210611462593,
                    0.04680989682674408
                ],
                [
                    2.1827871107826802e-11,
                    0.9999645352363586,
                    0.008427503518760204,
                    0.033972352743148804
                ],
                [
                    0.0,
                    0.0,
                    0.0,
                    1.0
                ]
            ]
        },
        {
            "file_path": "/data/shapenet_blender/all_50_random/02958343/96bf8cb730f728414a383db4764d5432/r_9",
            "rotation": 0.12566370614359174,
            "transform_matrix": [
                [
                    0.806710958480835,
                    -0.057047683745622635,
                    -0.5881862640380859,
                    -2.3710546493530273
                ],
                [
                    -0.5909463167190552,
                    -0.07787676155567169,
                    -0.8029431104660034,
                    -3.236767292022705
                ],
                [
                    0.0,
                    0.9953293800354004,
                    -0.09653615206480026,
                    -0.38914966583251953
                ],
                [
                    0.0,
                    0.0,
                    0.0,
                    1.0
                ]
            ]
        },
        {
            "file_path": "/data/shapenet_blender/all_50_random/02958343/96bf8cb730f728414a383db4764d5432/r_10",
            "rotation": 0.12566370614359174,
            "transform_matrix": [
                [
                    -0.636207640171051,
                    -0.5627673864364624,
                    0.5277619361877441,
                    2.127476692199707
                ],
                [
                    0.7715179920196533,
                    -0.4640681743621826,
                    0.43520209193229675,
                    1.7543559074401855
                ],
                [
                    -1.4901162970204496e-08,
                    0.6840567588806152,
                    0.7294287085533142,
                    2.9404213428497314
                ],
                [
                    0.0,
                    0.0,
                    0.0,
                    1.0
                ]
            ]
        },
        {
            "file_path": "/data/shapenet_blender/all_50_random/02958343/96bf8cb730f728414a383db4764d5432/r_11",
            "rotation": 0.12566370614359174,
            "transform_matrix": [
                [
                    -0.6090449094772339,
                    -0.3696756362915039,
                    -0.7017151713371277,
                    -2.828704357147217
                ],
                [
                    -0.7931357026100159,
                    0.2838720381259918,
                    0.53884357213974,
                    2.1721479892730713
                ],
                [
                    -1.4901160305669237e-08,
                    0.8847352862358093,
                    -0.4660938084125519,
                    -1.878884196281433
                ],
                [
                    0.0,
                    0.0,
                    0.0,
                    1.0
                ]
            ]
        },
        {
            "file_path": "/data/shapenet_blender/all_50_random/02958343/96bf8cb730f728414a383db4764d5432/r_12",
            "rotation": 0.12566370614359174,
            "transform_matrix": [
                [
                    -0.8625152707099915,
                    0.2765620946884155,
                    0.42376989126205444,
                    1.7082710266113281
                ],
                [
                    0.5060311555862427,
                    0.4713919758796692,
                    0.7223033308982849,
                    2.9116978645324707
                ],
                [
                    1.4901161193847656e-08,
                    0.8374383449554443,
                    -0.5465317368507385,
                    -2.2031397819519043
                ],
                [
                    0.0,
                    0.0,
                    0.0,
                    1.0
                ]
            ]
        },
        {
            "file_path": "/data/shapenet_blender/all_50_random/02958343/96bf8cb730f728414a383db4764d5432/r_13",
            "rotation": 0.12566370614359174,
            "transform_matrix": [
                [
                    -0.3270254135131836,
                    -0.2703775465488434,
                    -0.9055110812187195,
                    -3.6502318382263184
                ],
                [
                    -0.945015549659729,
                    0.0935649424791336,
                    0.3133547902107239,
                    1.2631735801696777
                ],
                [
                    -7.450581485102248e-09,
                    0.9581969380378723,
                    -0.2861091196537018,
                    -1.1533427238464355
                ],
                [
                    0.0,
                    0.0,
                    0.0,
                    1.0
                ]
            ]
        },
        {
            "file_path": "/data/shapenet_blender/all_50_random/02958343/96bf8cb730f728414a383db4764d5432/r_14",
            "rotation": 0.12566370614359174,
            "transform_matrix": [
                [
                    0.2652412950992584,
                    -0.39235925674438477,
                    -0.8807389736175537,
                    -3.55037260055542
                ],
                [
                    -0.9641820192337036,
                    -0.10793594270944595,
                    -0.2422865927219391,
                    -0.9766885638237
                ],
                [
                    0.0,
                    0.9134570956230164,
                    -0.40693482756614685,
                    -1.640406847000122
                ],
                [
                    0.0,
                    0.0,
                    0.0,
                    1.0
                ]
            ]
        },
        {
            "file_path": "/data/shapenet_blender/all_50_random/02958343/96bf8cb730f728414a383db4764d5432/r_15",
            "rotation": 0.12566370614359174,
            "transform_matrix": [
                [
                    -0.6895098090171814,
                    0.03325699269771576,
                    0.7235123515129089,
                    2.916571617126465
                ],
                [
                    0.7242763042449951,
                    0.03166060149669647,
                    0.6887825727462769,
                    2.776571273803711
                ],
                [
                    0.0,
                    0.9989451766014099,
                    -0.04591755196452141,
                    -0.18509957194328308
                ],
                [
                    0.0,
                    0.0,
                    0.0,
                    1.0
                ]
            ]
        },
        {
            "file_path": "/data/shapenet_blender/all_50_random/02958343/96bf8cb730f728414a383db4764d5432/r_16",
            "rotation": 0.12566370614359174,
            "transform_matrix": [
                [
                    0.7864981293678284,
                    -0.37983545660972595,
                    0.48697611689567566,
                    1.9630634784698486
                ],
                [
                    0.6175926923751831,
                    0.4837166666984558,
                    -0.6201592087745667,
                    -2.499941825866699
                ],
                [
                    -1.4901161193847656e-08,
                    0.7885069847106934,
                    0.6150258183479309,
                    2.479248285293579
                ],
                [
                    0.0,
                    0.0,
                    0.0,
                    1.0
                ]
            ]
        },
        {
            "file_path": "/data/shapenet_blender/all_50_random/02958343/96bf8cb730f728414a383db4764d5432/r_17",
            "rotation": 0.12566370614359174,
            "transform_matrix": [
                [
                    -0.5776621103286743,
                    -0.06535748392343521,
                    -0.8136551976203918,
                    -3.279949188232422
                ],
                [
                    -0.8162760138511658,
                    0.04625217616558075,
                    0.5758073925971985,
                    2.3211541175842285
                ],
                [
                    0.0,
                    0.9967893958091736,
                    -0.08006786555051804,
                    -0.32276391983032227
                ],
                [
                    0.0,
                    0.0,
                    0.0,
                    1.0
                ]
            ]
        },
        {
            "file_path": "/data/shapenet_blender/all_50_random/02958343/96bf8cb730f728414a383db4764d5432/r_18",
            "rotation": 0.12566370614359174,
            "transform_matrix": [
                [
                    0.909906804561615,
                    0.002292429795488715,
                    -0.41480645537376404,
                    -1.6721382141113281
                ],
                [
                    -0.414812833070755,
                    0.005028527230024338,
                    -0.9098928570747375,
                    -3.6678953170776367
                ],
                [
                    0.0,
                    0.9999846816062927,
                    0.005526420660316944,
                    0.02227771282196045
                ],
                [
                    0.0,
                    0.0,
                    0.0,
                    1.0
                ]
            ]
        },
        {
            "file_path": "/data/shapenet_blender/all_50_random/02958343/96bf8cb730f728414a383db4764d5432/r_19",
            "rotation": 0.12566370614359174,
            "transform_matrix": [
                [
                    -0.4670904278755188,
                    0.6848884224891663,
                    0.5592444539070129,
                    2.2543866634368896
                ],
                [
                    0.8842095732688904,
                    0.3617975115776062,
                    0.295425146818161,
                    1.190896987915039
                ],
                [
                    1.4901161193847656e-08,
                    0.6324795484542847,
                    -0.7745769619941711,
                    -3.122419834136963
                ],
                [
                    0.0,
                    0.0,
                    0.0,
                    1.0
                ]
            ]
        },
        {
            "file_path": "/data/shapenet_blender/all_50_random/02958343/96bf8cb730f728414a383db4764d5432/r_20",
            "rotation": 0.12566370614359174,
            "transform_matrix": [
                [
                    -0.7710844278335571,
                    -0.36478081345558167,
                    -0.5218847990036011,
                    -2.103785276412964
                ],
                [
                    -0.6367329955101013,
                    0.4417499899864197,
                    0.632003128528595,
                    2.5476863384246826
                ],
                [
                    0.0,
                    0.8196291327476501,
                    -0.5728943943977356,
                    -2.3094115257263184
                ],
                [
                    0.0,
                    0.0,
                    0.0,
                    1.0
                ]
            ]
        },
        {
            "file_path": "/data/shapenet_blender/all_50_random/02958343/96bf8cb730f728414a383db4764d5432/r_21",
            "rotation": 0.12566370614359174,
            "transform_matrix": [
                [
                    -0.6067500114440918,
                    -0.3876424729824066,
                    0.6939651966094971,
                    2.7974634170532227
                ],
                [
                    0.7948927879333496,
                    -0.29589158296585083,
                    0.5297109484672546,
                    2.135333299636841
                ],
                [
                    0.0,
                    0.8730301260948181,
                    0.4876663386821747,
                    1.965846061706543
                ],
                [
                    0.0,
                    0.0,
                    0.0,
                    1.0
                ]
            ]
        },
        {
            "file_path": "/data/shapenet_blender/all_50_random/02958343/96bf8cb730f728414a383db4764d5432/r_22",
            "rotation": 0.12566370614359174,
            "transform_matrix": [
                [
                    0.899696409702301,
                    -0.18331113457679749,
                    -0.39616066217422485,
                    -1.5969748497009277
                ],
                [
                    -0.43651601672172546,
                    -0.3778197169303894,
                    -0.8165205717086792,
                    -3.2914998531341553
                ],
                [
                    0.0,
                    0.9075512290000916,
                    -0.4199413061141968,
                    -1.6928377151489258
                ],
                [
                    0.0,
                    0.0,
                    0.0,
                    1.0
                ]
            ]
        },
        {
            "file_path": "/data/shapenet_blender/all_50_random/02958343/96bf8cb730f728414a383db4764d5432/r_23",
            "rotation": 0.12566370614359174,
            "transform_matrix": [
                [
                    -0.9883116483688354,
                    -0.11877261847257614,
                    -0.09556768834590912,
                    -0.385245680809021
                ],
                [
                    -0.15244710445404053,
                    0.7700006365776062,
                    0.6195634603500366,
                    2.497540235519409
                ],
                [
                    7.450580596923828e-09,
                    0.6268907785415649,
                    -0.7791070938110352,
                    -3.140681266784668
                ],
                [
                    0.0,
                    0.0,
                    0.0,
                    1.0
                ]
            ]
        },
        {
            "file_path": "/data/shapenet_blender/all_50_random/02958343/96bf8cb730f728414a383db4764d5432/r_24",
            "rotation": 0.12566370614359174,
            "transform_matrix": [
                [
                    0.09021251648664474,
                    -0.15779860317707062,
                    -0.9833418130874634,
                    -3.963977813720703
                ],
                [
                    -0.9959226250648499,
                    -0.014293690212070942,
                    -0.08907292038202286,
                    -0.3590644598007202
                ],
                [
                    0.0,
                    0.9873678088188171,
                    -0.15844464302062988,
                    -0.6387108564376831
                ],
                [
                    0.0,
                    0.0,
                    0.0,
                    1.0
                ]
            ]
        },
        {
            "file_path": "/data/shapenet_blender/all_50_random/02958343/96bf8cb730f728414a383db4764d5432/r_25",
            "rotation": 0.12566370614359174,
            "transform_matrix": [
                [
                    0.827008068561554,
                    -0.019740207120776176,
                    0.5618433952331543,
                    2.2648634910583496
                ],
                [
                    0.5621901154518127,
                    0.029038771986961365,
                    -0.8264980316162109,
                    -3.3317203521728516
                ],
                [
                    0.0,
                    0.999383270740509,
                    0.03511304780840874,
                    0.14154523611068726
                ],
                [
                    0.0,
                    0.0,
                    0.0,
                    1.0
                ]
            ]
        },
        {
            "file_path": "/data/shapenet_blender/all_50_random/02958343/96bf8cb730f728414a383db4764d5432/r_26",
            "rotation": 0.12566370614359174,
            "transform_matrix": [
                [
                    -0.7006634473800659,
                    -0.5810449123382568,
                    0.414074182510376,
                    1.6691865921020508
                ],
                [
                    0.7134919166564941,
                    -0.5705978274345398,
                    0.4066292345523834,
                    1.6391749382019043
                ],
                [
                    -1.4901161193847656e-08,
                    0.5803487300872803,
                    0.814367949962616,
                    3.282822370529175
                ],
                [
                    0.0,
                    0.0,
                    0.0,
                    1.0
                ]
            ]
        },
        {
            "file_path": "/data/shapenet_blender/all_50_random/02958343/96bf8cb730f728414a383db4764d5432/r_27",
            "rotation": 0.12566370614359174,
            "transform_matrix": [
                [
                    -0.9985082149505615,
                    0.008016587235033512,
                    -0.05401083454489708,
                    -0.21772465109825134
                ],
                [
                    -0.05460253730416298,
                    -0.14659811556339264,
                    0.987687885761261,
                    3.9814975261688232
                ],
                [
                    -9.313225746154785e-10,
                    0.9891636967658997,
                    0.14681710302829742,
                    0.5918387174606323
                ],
                [
                    0.0,
                    0.0,
                    0.0,
                    1.0
                ]
            ]
        },
        {
            "file_path": "/data/shapenet_blender/all_50_random/02958343/96bf8cb730f728414a383db4764d5432/r_28",
            "rotation": 0.12566370614359174,
            "transform_matrix": [
                [
                    0.9943962097167969,
                    0.05065623298287392,
                    0.09279125928878784,
                    0.3740535080432892
                ],
                [
                    0.10571789741516113,
                    -0.47647908329963684,
                    -0.8728066086769104,
                    -3.5183959007263184
                ],
                [
                    0.0,
                    0.8777252435684204,
                    -0.4791642427444458,
                    -1.931572675704956
                ],
                [
                    0.0,
                    0.0,
                    0.0,
                    1.0
                ]
            ]
        },
        {
            "file_path": "/data/shapenet_blender/all_50_random/02958343/96bf8cb730f728414a383db4764d5432/r_29",
            "rotation": 0.12566370614359174,
            "transform_matrix": [
                [
                    -0.576030969619751,
                    0.21970239281654358,
                    0.7873494029045105,
                    3.1739070415496826
                ],
                [
                    0.8174278140068054,
                    0.1548214852809906,
                    0.5548351407051086,
                    2.23661208152771
                ],
                [
                    0.0,
                    0.9632034301757812,
                    -0.26877284049987793,
                    -1.0834579467773438
                ],
                [
                    0.0,
                    0.0,
                    0.0,
                    1.0
                ]
            ]
        },
        {
            "file_path": "/data/shapenet_blender/all_50_random/02958343/96bf8cb730f728414a383db4764d5432/r_30",
            "rotation": 0.12566370614359174,
            "transform_matrix": [
                [
                    0.2239895910024643,
                    0.16477817296981812,
                    -0.9605605602264404,
                    -3.8721439838409424
                ],
                [
                    -0.9745915532112122,
                    0.03787083551287651,
                    -0.2207648605108261,
                    -0.8899317383766174
                ],
                [
                    0.0,
                    0.9856033325195312,
                    0.16907408833503723,
                    0.6815595030784607
                ],
                [
                    0.0,
                    0.0,
                    0.0,
                    1.0
                ]
            ]
        },
        {
            "file_path": "/data/shapenet_blender/all_50_random/02958343/96bf8cb730f728414a383db4764d5432/r_31",
            "rotation": 0.12566370614359174,
            "transform_matrix": [
                [
                    -0.9752804040908813,
                    -0.03061477653682232,
                    0.21883976459503174,
                    0.8821713924407959
                ],
                [
                    0.22097083926200867,
                    -0.13512186706066132,
                    0.9658746123313904,
                    3.8935654163360596
                ],
                [
                    1.862645149230957e-09,
                    0.9903558492660522,
                    0.1385466605424881,
                    0.5584995150566101
                ],
                [
                    0.0,
                    0.0,
                    0.0,
                    1.0
                ]
            ]
        },
        {
            "file_path": "/data/shapenet_blender/all_50_random/02958343/96bf8cb730f728414a383db4764d5432/r_32",
            "rotation": 0.12566370614359174,
            "transform_matrix": [
                [
                    0.5924302935600281,
                    0.1580098569393158,
                    -0.7899740934371948,
                    -3.1844875812530518
                ],
                [
                    -0.8056216239929199,
                    0.11619576811790466,
                    -0.5809235572814941,
                    -2.341778039932251
                ],
                [
                    -7.450580152834618e-09,
                    0.9805770516395569,
                    0.1961340457201004,
                    0.7906416654586792
                ],
                [
                    0.0,
                    0.0,
                    0.0,
                    1.0
                ]
            ]
        },
        {
            "file_path": "/data/shapenet_blender/all_50_random/02958343/96bf8cb730f728414a383db4764d5432/r_33",
            "rotation": 0.12566370614359174,
            "transform_matrix": [
                [
                    0.9560267925262451,
                    -0.022730611264705658,
                    -0.29239726066589355,
                    -1.178691029548645
                ],
                [
                    -0.2932794690132141,
                    -0.07409680634737015,
                    -0.9531509876251221,
                    -3.8422744274139404
                ],
                [
                    1.862645371275562e-09,
                    0.9969918727874756,
                    -0.0775049552321434,
                    -0.3124324679374695
                ],
                [
                    0.0,
                    0.0,
                    0.0,
                    1.0
                ]
            ]
        },
        {
            "file_path": "/data/shapenet_blender/all_50_random/02958343/96bf8cb730f728414a383db4764d5432/r_34",
            "rotation": 0.12566370614359174,
            "transform_matrix": [
                [
                    -0.9940447211265564,
                    0.04008476808667183,
                    -0.10133348405361176,
                    -0.40848833322525024
                ],
                [
                    -0.10897369682788849,
                    -0.3656483590602875,
                    0.924351692199707,
                    3.7261807918548584
                ],
                [
                    0.0,
                    0.9298893809318542,
                    0.3678390085697174,
                    1.4828064441680908
                ],
                [
                    0.0,
                    0.0,
                    0.0,
                    1.0
                ]
            ]
        },
        {
            "file_path": "/data/shapenet_blender/all_50_random/02958343/96bf8cb730f728414a383db4764d5432/r_35",
            "rotation": 0.12566370614359174,
            "transform_matrix": [
                [
                    -0.991885781288147,
                    0.01814337633550167,
                    0.1258312314748764,
                    0.50724196434021
                ],
                [
                    0.12713254988193512,
                    0.14155426621437073,
                    0.981732964515686,
                    3.9574923515319824
                ],
                [
                    1.862645149230957e-09,
                    0.9897641539573669,
                    -0.1427122801542282,
                    -0.575291633605957
                ],
                [
                    0.0,
                    0.0,
                    0.0,
                    1.0
                ]
            ]
        },
        {
            "file_path": "/data/shapenet_blender/all_50_random/02958343/96bf8cb730f728414a383db4764d5432/r_36",
            "rotation": 0.12566370614359174,
            "transform_matrix": [
                [
                    0.8488830924034119,
                    0.06252865493297577,
                    0.5248692035675049,
                    2.1158156394958496
                ],
                [
                    0.5285807847976685,
                    -0.10041893273591995,
                    -0.8429225087165833,
                    -3.3979296684265137
                ],
                [
                    0.0,
                    0.9929783940315247,
                    -0.11829537153244019,
                    -0.47686392068862915
                ],
                [
                    0.0,
                    0.0,
                    0.0,
                    1.0
                ]
            ]
        },
        {
            "file_path": "/data/shapenet_blender/all_50_random/02958343/96bf8cb730f728414a383db4764d5432/r_37",
            "rotation": 0.12566370614359174,
            "transform_matrix": [
                [
                    0.9253742694854736,
                    -0.0423739030957222,
                    0.37667885422706604,
                    1.518440842628479
                ],
                [
                    0.3790547251701355,
                    0.10344605892896652,
                    -0.9195740818977356,
                    -3.706921339035034
                ],
                [
                    3.725290076417309e-09,
                    0.9937319755554199,
                    0.11178836971521378,
                    0.45063328742980957
                ],
                [
                    0.0,
                    0.0,
                    0.0,
                    1.0
                ]
            ]
        },
        {
            "file_path": "/data/shapenet_blender/all_50_random/02958343/96bf8cb730f728414a383db4764d5432/r_38",
            "rotation": 0.12566370614359174,
            "transform_matrix": [
                [
                    0.993803858757019,
                    -0.045760903507471085,
                    -0.10129079222679138,
                    -0.4083162546157837
                ],
                [
                    -0.11114802956581116,
                    -0.409160315990448,
                    -0.9056676626205444,
                    -3.6508631706237793
                ],
                [
                    0.0,
                    0.9113142490386963,
                    -0.41171136498451233,
                    -1.6596616506576538
                ],
                [
                    0.0,
                    0.0,
                    0.0,
                    1.0
                ]
            ]
        },
        {
            "file_path": "/data/shapenet_blender/all_50_random/02958343/96bf8cb730f728414a383db4764d5432/r_39",
            "rotation": 0.12566370614359174,
            "transform_matrix": [
                [
                    -0.6930810809135437,
                    0.630997896194458,
                    0.3485400080680847,
                    1.4050097465515137
                ],
                [
                    0.7208595275878906,
                    0.606682300567627,
                    0.3351089358329773,
                    1.3508672714233398
                ],
                [
                    -2.9802320611338473e-08,
                    0.4835060238838196,
                    -0.87534099817276,
                    -3.5286123752593994
                ],
                [
                    0.0,
                    0.0,
                    0.0,
                    1.0
                ]
            ]
        },
        {
            "file_path": "/data/shapenet_blender/all_50_random/02958343/96bf8cb730f728414a383db4764d5432/r_40",
            "rotation": 0.12566370614359174,
            "transform_matrix": [
                [
                    0.9412109851837158,
                    0.32737797498703003,
                    0.08333994448184967,
                    0.33595404028892517
                ],
                [
                    0.33781930804252625,
                    -0.91211998462677,
                    -0.23219652473926544,
                    -0.9360140562057495
                ],
                [
                    7.450580152834618e-09,
                    0.24669992923736572,
                    -0.9690919518470764,
                    -3.906534433364868
                ],
                [
                    0.0,
                    0.0,
                    0.0,
                    1.0
                ]
            ]
        },
        {
            "file_path": "/data/shapenet_blender/all_50_random/02958343/96bf8cb730f728414a383db4764d5432/r_41",
            "rotation": 0.12566370614359174,
            "transform_matrix": [
                [
                    0.2039642184972763,
                    -0.2388676106929779,
                    -0.9493897557258606,
                    -3.8271124362945557
                ],
                [
                    -0.9789783954620361,
                    -0.04976661503314972,
                    -0.19779959321022034,
                    -0.7973556518554688
