{
    "class": "02958343",
    "model": "baa424fcf0badeedd485372bb746f3c7",
    "remove_doubles": true,
    "edge_split": true,
    "denoise": true,
    "camera_angle_x": 0.6911112070083618,
    "scale_factor": 2.277574938608627,
    "hdri_file": "/data/IndoorHDRDataset2018/9C4A9709-674081bd15.exr",
    "center_offset": [
        0.0,
        0.0,
        4.656612873077393e-10
    ],
    "lights": [],
    "frames": [
        {
            "file_path": "/data/shapenet_blender/all_50_random/02958343/baa424fcf0badeedd485372bb746f3c7/r_0",
            "rotation": 0.12566370614359174,
            "transform_matrix": [
                [
                    0.8226590156555176,
                    0.09042800962924957,
                    0.5612975358963013,
                    2.262662887573242
                ],
                [
                    0.5685350894927979,
                    -0.1308475285768509,
                    -0.8121863603591919,
                    -3.2740280628204346
                ],
                [
                    0.0,
                    0.9872697591781616,
                    -0.15905439853668213,
                    -0.6411688327789307
                ],
                [
                    0.0,
                    0.0,
                    0.0,
                    1.0
                ]
            ]
        },
        {
            "file_path": "/data/shapenet_blender/all_50_random/02958343/baa424fcf0badeedd485372bb746f3c7/r_1",
            "rotation": 0.12566370614359174,
            "transform_matrix": [
                [
                    0.9157806634902954,
                    -0.10303027927875519,
                    0.38824015855789185,
                    1.5650463104248047
                ],
                [
                    0.40167859196662903,
                    0.23489712178707123,
                    -0.8851426243782043,
                    -3.568124294281006
                ],
                [
                    0.0,
                    0.9665443897247314,
                    0.2564992308616638,
                    1.0339815616607666
                ],
                [
                    0.0,
                    0.0,
                    0.0,
                    1.0
                ]
            ]
        },
        {
            "file_path": "/data/shapenet_blender/all_50_random/02958343/baa424fcf0badeedd485372bb746f3c7/r_2",
            "rotation": 0.12566370614359174,
            "transform_matrix": [
                [
                    0.3679490387439728,
                    0.8062246441841125,
                    0.46326586604118347,
                    1.8674845695495605
                ],
                [
                    0.9298458695411682,
                    -0.31903091073036194,
                    -0.18331880867481232,
                    -0.7389818429946899
                ],
                [
                    -1.4901158529312397e-08,
                    0.49821794033050537,
                    -0.8670517802238464,
                    -3.4951977729797363
                ],
                [
                    0.0,
                    0.0,
                    0.0,
                    1.0
                ]
            ]
        },
        {
            "file_path": "/data/shapenet_blender/all_50_random/02958343/baa424fcf0badeedd485372bb746f3c7/r_3",
            "rotation": 0.12566370614359174,
            "transform_matrix": [
                [
                    -0.981749951839447,
                    0.06426849216222763,
                    0.178987517952919,
                    0.7215217351913452
                ],
                [
                    0.19017615914344788,
                    0.3317744731903076,
                    0.9239906668663025,
                    3.7247252464294434
                ],
                [
                    -3.725290076417309e-09,
                    0.941166877746582,
                    -0.3379419147968292,
                    -1.3622874021530151
                ],
                [
                    0.0,
                    0.0,
                    0.0,
                    1.0
                ]
            ]
        },
        {
            "file_path": "/data/shapenet_blender/all_50_random/02958343/baa424fcf0badeedd485372bb746f3c7/r_4",
            "rotation": 0.12566370614359174,
            "transform_matrix": [
                [
                    -0.5957506895065308,
                    -0.4315579831600189,
                    -0.677376389503479,
                    -2.7305917739868164
                ],
                [
                    -0.8031695485115051,
                    0.32010796666145325,
                    0.5024436712265015,
                    2.0254154205322266
                ],
                [
                    0.0,
                    0.8433791399002075,
                    -0.5373187065124512,
                    -2.166001319885254
                ],
                [
                    0.0,
                    0.0,
                    0.0,
                    1.0
                ]
            ]
        },
        {
            "file_path": "/data/shapenet_blender/all_50_random/02958343/baa424fcf0badeedd485372bb746f3c7/r_5",
            "rotation": 0.12566370614359174,
            "transform_matrix": [
                [
                    -0.41491758823394775,
                    0.38883814215660095,
                    0.8225863575935364,
                    3.3159515857696533
                ],
                [
                    0.9098590016365051,
                    0.17731952667236328,
                    0.375119149684906,
                    1.5121536254882812
                ],
                [
                    0.0,
                    0.9040810465812683,
                    -0.4273608922958374,
                    -1.7227468490600586
                ],
                [
                    0.0,
                    0.0,
                    0.0,
                    1.0
                ]
            ]
        },
        {
            "file_path": "/data/shapenet_blender/all_50_random/02958343/baa424fcf0badeedd485372bb746f3c7/r_6",
            "rotation": 0.12566370614359174,
            "transform_matrix": [
                [
                    0.1804971992969513,
                    0.30710306763648987,
                    0.9344027042388916,
                    3.766697883605957
                ],
                [
                    0.9835755825042725,
                    -0.056356873363256454,
                    -0.171473428606987,
                    -0.6912314891815186
                ],
                [
                    0.0,
                    0.9500061273574829,
                    -0.31223127245903015,
                    -1.258644461631775
                ],
                [
                    0.0,
                    0.0,
                    0.0,
                    1.0
                ]
            ]
        },
        {
            "file_path": "/data/shapenet_blender/all_50_random/02958343/baa424fcf0badeedd485372bb746f3c7/r_7",
            "rotation": 0.12566370614359174,
            "transform_matrix": [
                [
                    -0.9999589920043945,
                    0.00892395805567503,
                    0.0015313436742872,
                    0.006173044443130493
                ],
                [
                    0.0090543944388628,
                    0.9855537414550781,
                    0.169120192527771,
                    0.6817453503608704
                ],
                [
                    0.0,
                    0.16912738978862762,
                    -0.9855942130088806,
                    -3.973057508468628
                ],
                [
                    0.0,
                    0.0,
                    0.0,
                    1.0
                ]
            ]
        },
        {
            "file_path": "/data/shapenet_blender/all_50_random/02958343/baa424fcf0badeedd485372bb746f3c7/r_8",
            "rotation": 0.12566370614359174,
            "transform_matrix": [
                [
                    -0.9836190342903137,
                    0.060852427035570145,
                    0.16967786848545074,
                    0.683993399143219
                ],
                [
                    0.1802598088979721,
                    0.3320518136024475,
                    0.925876796245575,
                    3.7323288917541504
                ],
                [
                    3.725290298461914e-09,
                    0.9412961006164551,
                    -0.3375817537307739,
                    -1.3608356714248657
                ],
                [
                    0.0,
                    0.0,
                    0.0,
                    1.0
                ]
            ]
        },
        {
            "file_path": "/data/shapenet_blender/all_50_random/02958343/baa424fcf0badeedd485372bb746f3c7/r_9",
            "rotation": 0.12566370614359174,
            "transform_matrix": [
                [
                    0.8443341255187988,
                    0.16719503700733185,
                    0.5090635418891907,
                    2.0521011352539062
                ],
                [
                    0.5358171463012695,
                    -0.26346391439437866,
                    -0.8021761775016785,
                    -3.233675956726074
                ],
                [
                    0.0,
                    0.950069785118103,
                    -0.31203749775886536,
                    -1.2578635215759277
                ],
                [
                    0.0,
                    0.0,
                    0.0,
                    1.0
                ]
            ]
        },
        {
            "file_path": "/data/shapenet_blender/all_50_random/02958343/baa424fcf0badeedd485372bb746f3c7/r_10",
            "rotation": 0.12566370614359174,
            "transform_matrix": [
                [
                    0.10064246505498886,
                    0.6680079102516174,
                    -0.7373170256614685,
                    -2.972219944000244
                ],
                [
                    -0.9949225783348083,
                    0.06757306307554245,
                    -0.07458409667015076,
                    -0.30065810680389404
                ],
                [
                    3.725290076417309e-09,
                    0.7410796880722046,
                    0.6714169383049011,
                    2.7065682411193848
                ],
                [
                    0.0,
                    0.0,
                    0.0,
                    1.0
                ]
            ]
        },
        {
            "file_path": "/data/shapenet_blender/all_50_random/02958343/baa424fcf0badeedd485372bb746f3c7/r_11",
            "rotation": 0.12566370614359174,
            "transform_matrix": [
                [
                    -0.8442885875701904,
                    -0.15272416174411774,
                    0.5136653184890747,
                    2.070651054382324
                ],
                [
                    0.535888671875,
                    -0.24061577022075653,
                    0.8092758059501648,
                    3.2622950077056885
                ],
                [
                    7.450580152834618e-09,
                    0.9585298299789429,
                    0.2849923074245453,
                    1.1488407850265503
                ],
                [
                    0.0,
                    0.0,
                    0.0,
                    1.0
                ]
            ]
        },
        {
            "file_path": "/data/shapenet_blender/all_50_random/02958343/baa424fcf0badeedd485372bb746f3c7/r_12",
            "rotation": 0.12566370614359174,
            "transform_matrix": [
                [
                    -0.4168039858341217,
                    0.7617043852806091,
                    -0.4960653781890869,
                    -1.9997036457061768
                ],
                [
                    -0.9089963436126709,
                    -0.3492659032344818,
                    0.22746190428733826,
                    0.9169283509254456
                ],
                [
                    0.0,
                    0.5457288026809692,
                    0.8379618525505066,
                    3.377932548522949
                ],
                [
                    0.0,
                    0.0,
                    0.0,
                    1.0
                ]
            ]
        },
        {
            "file_path": "/data/shapenet_blender/all_50_random/02958343/baa424fcf0badeedd485372bb746f3c7/r_13",
            "rotation": 0.12566370614359174,
            "transform_matrix": [
                [
                    0.691677987575531,
                    -0.03992685675621033,
                    0.7211015820503235,
                    2.906853199005127
                ],
                [
                    0.7222060561180115,
                    0.03823912516236305,
                    -0.6906201839447021,
                    -2.7839787006378174
                ],
                [
                    0.0,
                    0.9984706044197083,
                    0.05528457835316658,
                    0.2228592336177826
                ],
                [
                    0.0,
                    0.0,
                    0.0,
                    1.0
                ]
            ]
        },
        {
            "file_path": "/data/shapenet_blender/all_50_random/02958343/baa424fcf0badeedd485372bb746f3c7/r_14",
            "rotation": 0.12566370614359174,
            "transform_matrix": [
                [
                    0.9998695254325867,
                    0.0015244332607835531,
                    0.01608487404882908,
                    0.06484019756317139
                ],
                [
                    0.01615695282816887,
                    -0.09433922916650772,
                    -0.9954089522361755,
                    -4.012621879577637
                ],
                [
                    1.1641533570472262e-10,
                    0.9955388903617859,
                    -0.09435154497623444,
                    -0.3803432285785675
                ],
                [
                    0.0,
                    0.0,
                    0.0,
                    1.0
                ]
            ]
        },
        {
            "file_path": "/data/shapenet_blender/all_50_random/02958343/baa424fcf0badeedd485372bb746f3c7/r_15",
            "rotation": 0.12566370614359174,
            "transform_matrix": [
                [
                    -0.45035260915756226,
                    -0.4408087432384491,
                    0.7764471173286438,
                    3.129958391189575
                ],
                [
                    0.8928507566452026,
                    -0.22234328091144562,
                    0.39163875579833984,
                    1.5787463188171387
                ],
                [
                    0.0,
                    0.8696269392967224,
                    0.49370935559272766,
                    1.9902061223983765
                ],
                [
                    0.0,
                    0.0,
                    0.0,
                    1.0
                ]
            ]
        },
        {
            "file_path": "/data/shapenet_blender/all_50_random/02958343/baa424fcf0badeedd485372bb746f3c7/r_16",
            "rotation": 0.12566370614359174,
            "transform_matrix": [
                [
                    0.8128538727760315,
                    -0.17861412465572357,
                    -0.554405689239502,
                    -2.2348811626434326
                ],
                [
                    -0.5824678540229797,
                    -0.24926210939884186,
                    -0.7736921310424805,
                    -3.1188530921936035
                ],
                [
                    1.4901162970204496e-08,
                    0.9518221020698547,
                    -0.3066505789756775,
                    -1.2361481189727783
                ],
                [
                    0.0,
                    0.0,
                    0.0,
                    1.0
                ]
            ]
        },
        {
            "file_path": "/data/shapenet_blender/all_50_random/02958343/baa424fcf0badeedd485372bb746f3c7/r_17",
            "rotation": 0.12566370614359174,
            "transform_matrix": [
                [
                    -0.039612192660570145,
                    -0.290019154548645,
                    -0.9562005996704102,
                    -3.8545682430267334
                ],
                [
                    -0.9992151856422424,
                    0.011497318744659424,
                    0.0379069522023201,
                    0.1528078317642212
                ],
                [
                    0.0,
                    0.9569517374038696,
                    -0.2902469336986542,
                    -1.170022964477539
                ],
                [
                    0.0,
                    0.0,
                    0.0,
                    1.0
                ]
            ]
        },
        {
            "file_path": "/data/shapenet_blender/all_50_random/02958343/baa424fcf0badeedd485372bb746f3c7/r_18",
            "rotation": 0.12566370614359174,
            "transform_matrix": [
                [
                    0.4264909029006958,
                    -0.5967578291893005,
                    0.6796950697898865,
                    2.739938735961914
                ],
                [
                    0.9044919013977051,
                    0.28138646483421326,
                    -0.3204934895038605,
                    -1.2919507026672363
                ],
                [
                    0.0,
                    0.7514662146568298,
                    0.6597713828086853,
                    2.659623861312866
                ],
                [
                    0.0,
                    0.0,
                    0.0,
                    1.0
                ]
            ]
        },
        {
            "file_path": "/data/shapenet_blender/all_50_random/02958343/baa424fcf0badeedd485372bb746f3c7/r_19",
            "rotation": 0.12566370614359174,
            "transform_matrix": [
                [
                    0.9883508086204529,
                    -0.08881808817386627,
                    0.12358779460191727,
                    0.49819836020469666
                ],
                [
                    0.1521926373243332,
                    0.5767915844917297,
                    -0.8025887608528137,
                    -3.2353389263153076
                ],
                [
                    0.0,
                    0.8120484352111816,
                    0.5835899710655212,
                    2.3525266647338867
                ],
                [
                    0.0,
                    0.0,
                    0.0,
                    1.0
                ]
            ]
        },
        {
            "file_path": "/data/shapenet_blender/all_50_random/02958343/baa424fcf0badeedd485372bb746f3c7/r_20",
            "rotation": 0.12566370614359174,
            "transform_matrix": [
                [
                    0.13308174908161163,
                    -0.6430168747901917,
                    0.7542005181312561,
                    3.0402798652648926
                ],
                [
                    0.9911051392555237,
                    0.08634181320667267,
                    -0.1012711226940155,
                    -0.4082369804382324
                ],
                [
                    0.0,
                    0.760969340801239,
                    0.6487877368927002,
                    2.615347146987915
                ],
                [
                    0.0,
                    0.0,
                    0.0,
                    1.0
                ]
            ]
        },
        {
            "file_path": "/data/shapenet_blender/all_50_random/02958343/baa424fcf0badeedd485372bb746f3c7/r_21",
            "rotation": 0.12566370614359174,
            "transform_matrix": [
                [
                    -0.11554623395204544,
                    -0.03796245902776718,
                    0.9925763607025146,
                    4.001203536987305
                ],
                [
                    0.9933021664619446,
                    -0.004415996838361025,
                    0.1154618039727211,
                    0.46544143557548523
                ],
                [
                    0.0,
                    0.9992693662643433,
                    0.03821843862533569,
                    0.15406346321105957
                ],
                [
                    0.0,
                    0.0,
                    0.0,
                    1.0
                ]
            ]
        },
        {
            "file_path": "/data/shapenet_blender/all_50_random/02958343/baa424fcf0badeedd485372bb746f3c7/r_22",
            "rotation": 0.12566370614359174,
            "transform_matrix": [
                [
                    -0.9997690916061401,
                    0.007575842551887035,
                    -0.020111368969082832,
                    -0.08107152581214905
                ],
                [
                    -0.021490944549441338,
                    -0.3524318039417267,
                    0.9355905652046204,
                    3.771486520767212
                ],
                [
                    4.656613428188905e-10,
                    0.9358067512512207,
                    0.35251322388648987,
                    1.421026349067688
                ],
                [
                    0.0,
                    0.0,
                    0.0,
                    1.0
                ]
            ]
        },
        {
            "file_path": "/data/shapenet_blender/all_50_random/02958343/baa424fcf0badeedd485372bb746f3c7/r_23",
            "rotation": 0.12566370614359174,
            "transform_matrix": [
                [
                    -0.9433553814888,
                    -0.19803279638290405,
                    -0.2662022113800049,
                    -1.073095440864563
                ],
                [
                    -0.3317839801311493,
                    0.5630630254745483,
                    0.7568879723548889,
                    3.0511131286621094
                ],
                [
                    -1.4901161193847656e-08,
                    0.8023359775543213,
                    -0.5968726277351379,
                    -2.4060704708099365
                ],
                [
                    0.0,
                    0.0,
                    0.0,
                    1.0
                ]
            ]
        },
        {
            "file_path": "/data/shapenet_blender/all_50_random/02958343/baa424fcf0badeedd485372bb746f3c7/r_24",
            "rotation": 0.12566370614359174,
            "transform_matrix": [
                [
                    0.9173934459686279,
                    -0.319500207901001,
                    -0.23729515075683594,
                    -0.9565674066543579
                ],
                [
                    -0.3979817032814026,
                    -0.7364846467971802,
                    -0.5469925403594971,
                    -2.2049977779388428
                ],
                [
                    0.0,
                    0.5962465405464172,
                    -0.8028013110160828,
                    -3.2361958026885986
                ],
                [
                    0.0,
                    0.0,
                    0.0,
                    1.0
                ]
            ]
        },
        {
            "file_path": "/data/shapenet_blender/all_50_random/02958343/baa424fcf0badeedd485372bb746f3c7/r_25",
            "rotation": 0.12566370614359174,
            "transform_matrix": [
                [
                    -0.6752451062202454,
                    -0.0877537876367569,
                    -0.7323545813560486,
                    -2.9522156715393066
                ],
                [
                    -0.7375933527946472,
                    0.08033602684736252,
                    0.6704491972923279,
                    2.702667236328125
                ],
                [
                    0.0,
                    0.9928975105285645,
                    -0.11897311359643936,
                    -0.47959595918655396
                ],
                [
                    0.0,
                    0.0,
                    0.0,
                    1.0
                ]
            ]
        },
        {
            "file_path": "/data/shapenet_blender/all_50_random/02958343/baa424fcf0badeedd485372bb746f3c7/r_26",
            "rotation": 0.12566370614359174,
            "transform_matrix": [
                [
                    -0.6195772886276245,
                    -0.7107318639755249,
                    0.33314257860183716,
                    1.3429408073425293
                ],
                [
                    0.7849355340003967,
                    -0.5610057711601257,
                    0.262961208820343,
                    1.0600306987762451
                ],
                [
                    -1.4901160305669237e-08,
                    0.42442020773887634,
                    0.9054652452468872,
                    3.6500473022460938
                ],
                [
                    0.0,
                    0.0,
                    0.0,
                    1.0
                ]
            ]
        },
        {
            "file_path": "/data/shapenet_blender/all_50_random/02958343/baa424fcf0badeedd485372bb746f3c7/r_27",
            "rotation": 0.12566370614359174,
            "transform_matrix": [
                [
                    -0.5976393818855286,
                    -0.0399862565100193,
                    -0.8007672429084778,
                    -3.2279961109161377
                ],
                [
                    -0.8017650246620178,
                    0.029805943369865417,
                    0.596895694732666,
                    2.406163454055786
                ],
                [
                    0.0,
                    0.9987555742263794,
                    -0.04987278953194618,
                    -0.20104365050792694
                ],
                [
                    0.0,
                    0.0,
                    0.0,
                    1.0
                ]
            ]
        },
        {
            "file_path": "/data/shapenet_blender/all_50_random/02958343/baa424fcf0badeedd485372bb746f3c7/r_28",
            "rotation": 0.12566370614359174,
            "transform_matrix": [
                [
                    -0.20058557391166687,
                    -0.7892810106277466,
                    -0.5803454518318176,
                    -2.339447021484375
                ],
                [
                    -0.9796761274337769,
                    0.16160278022289276,
                    0.11882388591766357,
                    0.47899433970451355
                ],
                [
                    0.0,
                    0.592384934425354,
                    -0.8056551218032837,
                    -3.24769926071167
                ],
                [
                    0.0,
                    0.0,
                    0.0,
                    1.0
                ]
            ]
        },
        {
            "file_path": "/data/shapenet_blender/all_50_random/02958343/baa424fcf0badeedd485372bb746f3c7/r_29",
            "rotation": 0.12566370614359174,
            "transform_matrix": [
                [
                    0.10302113741636276,
                    -0.4543117582798004,
                    0.8848657011985779,
                    3.5670080184936523
                ],
                [
                    0.9946791529655457,
                    0.04705408588051796,
                    -0.09164752066135406,
                    -0.36944299936294556
                ],
                [
                    0.0,
                    0.8895991444587708,
                    0.45674198865890503,
                    1.8411859273910522
                ],
                [
                    0.0,
                    0.0,
                    0.0,
                    1.0
                ]
            ]
        },
        {
            "file_path": "/data/shapenet_blender/all_50_random/02958343/baa424fcf0badeedd485372bb746f3c7/r_30",
            "rotation": 0.12566370614359174,
            "transform_matrix": [
                [
                    0.5367322564125061,
                    0.2782340943813324,
                    -0.7965577244758606,
                    -3.211026906967163
                ],
                [
                    -0.8437525629997253,
                    0.17699173092842102,
                    -0.5067104697227478,
                    -2.0426151752471924
                ],
                [
                    0.0,
                    0.944065511226654,
                    0.3297578990459442,
                    1.329296588897705
                ],
                [
                    0.0,
                    0.0,
                    0.0,
                    1.0
                ]
            ]
        },
        {
            "file_path": "/data/shapenet_blender/all_50_random/02958343/baa424fcf0badeedd485372bb746f3c7/r_31",
            "rotation": 0.12566370614359174,
            "transform_matrix": [
                [
                    -0.837438702583313,
                    0.016242315992712975,
                    -0.5462898015975952,
                    -2.202164888381958
                ],
                [
                    -0.5465312004089355,
                    -0.024887768551707268,
                    0.8370687365531921,
                    3.3743321895599365
                ],
                [
                    9.313225746154785e-10,
                    0.9995582103729248,
                    0.0297189150005579,
                    0.11980078369379044
                ],
                [
                    0.0,
                    0.0,
                    0.0,
                    1.0
                ]
            ]
        },
        {
            "file_path": "/data/shapenet_blender/all_50_random/02958343/baa424fcf0badeedd485372bb746f3c7/r_32",
            "rotation": 0.12566370614359174,
            "transform_matrix": [
                [
                    0.7062036991119385,
                    0.10835446417331696,
                    0.6996681094169617,
                    2.8204526901245117
                ],
                [
                    0.7080085873603821,
                    -0.10807822644710541,
                    -0.6978844404220581,
                    -2.813262462615967
                ],
                [
                    -7.450580596923828e-09,
                    0.9882197380065918,
                    -0.15304113924503326,
                    -0.6169286370277405
                ],
                [
                    0.0,
                    0.0,
                    0.0,
                    1.0
                ]
            ]
        },
        {
            "file_path": "/data/shapenet_blender/all_50_random/02958343/baa424fcf0badeedd485372bb746f3c7/r_33",
            "rotation": 0.12566370614359174,
            "transform_matrix": [
                [
                    -0.8159071207046509,
                    0.12336231023073196,
                    -0.5648693442344666,
                    -2.2770614624023438
                ],
                [
                    -0.578183114528656,
                    -0.17408356070518494,
                    0.7971192598342896,
                    3.2132906913757324
                ],
                [
                    0.0,
                    0.9769731163978577,
                    0.21336202323436737,
                    0.860089898109436
                ],
                [
                    0.0,
                    0.0,
                    0.0,
                    1.0
                ]
            ]
        },
        {
            "file_path": "/data/shapenet_blender/all_50_random/02958343/baa424fcf0badeedd485372bb746f3c7/r_34",
            "rotation": 0.12566370614359174,
            "transform_matrix": [
                [
                    0.9996190667152405,
                    0.020090950652956963,
                    -0.01892499066889286,
                    -0.0762890875339508
                ],
                [
                    -0.027600755915045738,
                    0.7276357412338257,
                    -0.6854081153869629,
                    -2.7629687786102295
                ],
                [
                    -9.313225746154785e-10,
                    0.6856694221496582,
                    0.7279130220413208,
                    2.9343113899230957
                ],
                [
                    0.0,
                    0.0,
                    0.0,
                    1.0
                ]
            ]
        },
        {
            "file_path": "/data/shapenet_blender/all_50_random/02958343/baa424fcf0badeedd485372bb746f3c7/r_35",
            "rotation": 0.12566370614359174,
            "transform_matrix": [
                [
                    -0.3579685688018799,
                    0.759734570980072,
                    -0.5428276062011719,
                    -2.1882083415985107
                ],
                [
                    -0.9337337017059326,
                    -0.2912619411945343,
                    0.20810562372207642,
                    0.8389006853103638
                ],
                [
                    0.0,
                    0.581351637840271,
                    0.8136522769927979,
                    3.279937505722046
                ],
                [
                    0.0,
                    0.0,
                    0.0,
                    1.0
                ]
            ]
        },
        {
            "file_path": "/data/shapenet_blender/all_50_random/02958343/baa424fcf0badeedd485372bb746f3c7/r_36",
            "rotation": 0.12566370614359174,
            "transform_matrix": [
                [
                    -0.7578233480453491,
                    0.11680570244789124,
                    0.6419191956520081,
                    2.5876591205596924
                ],
                [
                    0.6524598598480225,
                    0.13566824793815613,
                    0.7455804944038391,
                    3.005531072616577
                ],
                [
                    0.0,
                    0.9838448166847229,
                    -0.17902357876300812,
                    -0.7216671109199524
                ],
                [
                    0.0,
                    0.0,
                    0.0,
                    1.0
                ]
            ]
        },
        {
            "file_path": "/data/shapenet_blender/all_50_random/02958343/baa424fcf0badeedd485372bb746f3c7/r_37",
            "rotation": 0.12566370614359174,
            "transform_matrix": [
                [
                    -0.9082471132278442,
                    -0.40426018834114075,
                    -0.10798539221286774,
                    -0.4353030323982239
                ],
                [
                    -0.418434202671051,
                    0.8774812817573547,
                    0.23439151048660278,
                    0.944862425327301
                ],
                [
                    0.0,
                    0.25807008147239685,
                    -0.9661261439323425,
                    -3.8945791721343994
                ],
                [
                    0.0,
                    0.0,
                    0.0,
                    1.0
                ]
            ]
        },
        {
            "file_path": "/data/shapenet_blender/all_50_random/02958343/baa424fcf0badeedd485372bb746f3c7/r_38",
            "rotation": 0.12566370614359174,
            "transform_matrix": [
                [
                    0.4242340922355652,
                    0.9016292095184326,
                    0.0842030718922615,
                    0.3394334614276886
                ],
                [
                    0.9055526256561279,
                    -0.4223960041999817,
                    -0.03944752365350723,
                    -0.15901806950569153
                ],
                [
                    0.0,
                    0.09298576414585114,
                    -0.9956674575805664,
                    -4.013664245605469
                ],
                [
                    0.0,
                    0.0,
                    0.0,
                    1.0
                ]
            ]
        },
        {
            "file_path": "/data/shapenet_blender/all_50_random/02958343/baa424fcf0badeedd485372bb746f3c7/r_39",
            "rotation": 0.12566370614359174,
            "transform_matrix": [
                [
                    -0.22681783139705658,
                    0.13455654680728912,
                    0.9645974636077881,
                    3.8884167671203613
                ],
                [
                    0.9739371538162231,
                    0.03133654221892357,
                    0.22464273869991302,
                    0.9055638313293457
                ],
                [
                    1.8626450382086546e-09,
                    0.9904102683067322,
                    -0.13815732300281525,
                    -0.5569300055503845
                ],
                [
                    0.0,
                    0.0,
                    0.0,
                    1.0
                ]
            ]
        },
        {
            "file_path": "/data/shapenet_blender/all_50_random/02958343/baa424fcf0badeedd485372bb746f3c7/r_40",
            "rotation": 0.12566370614359174,
            "transform_matrix": [
                [
                    -0.639025092124939,
                    -0.4813794195652008,
                    -0.599933922290802,
                    -2.4184112548828125
                ],
                [
                    -0.7691859006881714,
                    0.39992091059684753,
                    0.4984137713909149,
                    2.0091702938079834
                ],
                [
                    0.0,
                    0.7799596786499023,
                    -0.6258296966552734,
                    -2.5228004455566406
                ],
                [
                    0.0,
                    0.0,
                    0.0,
                    1.0
                ]
            ]
        },
        {
            "file_path": "/data/shapenet_blender/all_50_random/02958343/baa424fcf0badeedd485372bb746f3c7/r_41",
            "rotation": 0.12566370614359174,
            "transform_matrix": [
                [
                    0.8374410271644592,
                    -0.1587756723165512,
                    -0.5229558944702148,
                    -2.108102560043335
                ],
                [
                    -0.5465277433395386,
                    -0.2432909607887268,
                    -0.8013219833374023,
                    -3.2302322387695312
                ],
                [
                    0.0,
                    0.9568697810173035,
                    -0.290517121553421,
                    -1.1711119413375854
