{
    "class": "02958343",
    "model": "19f52dd4592c3fb5531e940de4b7770d",
    "remove_doubles": true,
    "edge_split": true,
    "denoise": true,
    "camera_angle_x": 0.6911112070083618,
    "scale_factor": 2.2678333933728534,
    "hdri_file": "/data/IndoorHDRDataset2018/AG8A7842-b079a95cd3.exr",
    "center_offset": [
        0.0,
        -9.313225746154785e-10,
        -3.725290298461914e-09
    ],
    "lights": [],
    "frames": [
        {
            "file_path": "/data/shapenet_blender/all_50_random/02958343/19f52dd4592c3fb5531e940de4b7770d/r_0",
            "rotation": 0.12566370614359174,
            "transform_matrix": [
                [
                    -0.6934903860092163,
                    0.12164176255464554,
                    -0.7101227045059204,
                    -2.8625965118408203
                ],
                [
                    -0.720465898513794,
                    -0.11708728969097137,
                    0.6835345029830933,
                    2.755415916442871
                ],
                [
                    0.0,
                    0.9856438636779785,
                    0.16883763670921326,
                    0.6806063652038574
                ],
                [
                    0.0,
                    0.0,
                    0.0,
                    1.0
                ]
            ]
        },
        {
            "file_path": "/data/shapenet_blender/all_50_random/02958343/19f52dd4592c3fb5531e940de4b7770d/r_1",
            "rotation": 0.12566370614359174,
            "transform_matrix": [
                [
                    -0.7632808685302734,
                    0.4987501800060272,
                    -0.4106709957122803,
                    -1.6554677486419678
                ],
                [
                    -0.6460669040679932,
                    -0.589236855506897,
                    0.48517778515815735,
                    1.955814242362976
                ],
                [
                    1.4901161193847656e-08,
                    0.6356477737426758,
                    0.7719791531562805,
                    3.111947536468506
                ],
                [
                    0.0,
                    0.0,
                    0.0,
                    1.0
                ]
            ]
        },
        {
            "file_path": "/data/shapenet_blender/all_50_random/02958343/19f52dd4592c3fb5531e940de4b7770d/r_2",
            "rotation": 0.12566370614359174,
            "transform_matrix": [
                [
                    -0.6370174288749695,
                    -0.6537673473358154,
                    -0.4084077477455139,
                    -1.6463444232940674
                ],
                [
                    -0.7708494067192078,
                    0.540262758731842,
                    0.33750155568122864,
                    1.360512375831604
                ],
                [
                    0.0,
                    0.5298152565956116,
                    -0.8481130003929138,
                    -3.4188530445098877
                ],
                [
                    0.0,
                    0.0,
                    0.0,
                    1.0
                ]
            ]
        },
        {
            "file_path": "/data/shapenet_blender/all_50_random/02958343/19f52dd4592c3fb5531e940de4b7770d/r_3",
            "rotation": 0.12566370614359174,
            "transform_matrix": [
                [
                    0.999843180179596,
                    0.0007423001225106418,
                    -0.017699282616376877,
                    -0.07134810090065002
                ],
                [
                    -0.0177148450165987,
                    0.04189614579081535,
                    -0.9989649057388306,
                    -4.026956558227539
                ],
                [
                    -5.820766785236131e-11,
                    0.9991216659545898,
                    0.04190272092819214,
                    0.1689152866601944
                ],
                [
                    0.0,
                    0.0,
                    0.0,
                    1.0
                ]
            ]
        },
        {
            "file_path": "/data/shapenet_blender/all_50_random/02958343/19f52dd4592c3fb5531e940de4b7770d/r_4",
            "rotation": 0.12566370614359174,
            "transform_matrix": [
                [
                    -0.2602247893810272,
                    0.5405701994895935,
                    -0.8000417947769165,
                    -3.225071907043457
                ],
                [
                    -0.9655479788780212,
                    -0.14568905532360077,
                    0.21561923623085022,
                    0.8691890239715576
                ],
                [
                    0.0,
                    0.8285883665084839,
                    0.5598583221435547,
                    2.2568612098693848
                ],
                [
                    0.0,
                    0.0,
                    0.0,
                    1.0
                ]
            ]
        },
        {
            "file_path": "/data/shapenet_blender/all_50_random/02958343/19f52dd4592c3fb5531e940de4b7770d/r_5",
            "rotation": 0.12566370614359174,
            "transform_matrix": [
                [
                    -0.3607421815395355,
                    -0.2668793499469757,
                    0.8936668634414673,
                    3.6024863719940186
                ],
                [
                    0.9326655864715576,
                    -0.10322525352239609,
                    0.3456580340862274,
                    1.3933920860290527
                ],
                [
                    0.0,
                    0.9581857323646545,
                    0.286146879196167,
                    1.153494954109192
                ],
                [
                    0.0,
                    0.0,
                    0.0,
                    1.0
                ]
            ]
        },
        {
            "file_path": "/data/shapenet_blender/all_50_random/02958343/19f52dd4592c3fb5531e940de4b7770d/r_6",
            "rotation": 0.12566370614359174,
            "transform_matrix": [
                [
                    0.7282290458679199,
                    0.0009566654334776103,
                    -0.6853331327438354,
                    -2.7626662254333496
                ],
                [
                    -0.685333788394928,
                    0.0010165432468056679,
                    -0.7282283306121826,
                    -2.935582399368286
                ],
                [
                    -5.8207657444020455e-11,
                    0.9999990463256836,
                    0.001395911443978548,
                    0.005627098958939314
                ],
                [
                    0.0,
                    0.0,
                    0.0,
                    1.0
                ]
            ]
        },
        {
            "file_path": "/data/shapenet_blender/all_50_random/02958343/19f52dd4592c3fb5531e940de4b7770d/r_7",
            "rotation": 0.12566370614359174,
            "transform_matrix": [
                [
                    0.8884844183921814,
                    -0.02542872540652752,
                    0.4582017958164215,
                    1.8470706939697266
                ],
                [
                    0.4589069187641144,
                    0.04923225939273834,
                    -0.8871192336082458,
                    -3.57609224319458
                ],
                [
                    1.862645149230957e-09,
                    0.9984635710716248,
                    0.05541151016950607,
                    0.22337095439434052
                ],
                [
                    0.0,
                    0.0,
                    0.0,
                    1.0
                ]
            ]
        },
        {
            "file_path": "/data/shapenet_blender/all_50_random/02958343/19f52dd4592c3fb5531e940de4b7770d/r_8",
            "rotation": 0.12566370614359174,
            "transform_matrix": [
                [
                    0.38693320751190186,
                    -0.8132875561714172,
                    0.43456408381462097,
                    1.751783847808838
                ],
                [
                    0.9221077561378479,
                    0.34127023816108704,
                    -0.1823510080575943,
                    -0.7350804209709167
                ],
                [
                    1.4901161193847656e-08,
                    0.47127246856689453,
                    0.8819876313209534,
                    3.555405855178833
                ],
                [
                    0.0,
                    0.0,
                    0.0,
                    1.0
                ]
            ]
        },
        {
            "file_path": "/data/shapenet_blender/all_50_random/02958343/19f52dd4592c3fb5531e940de4b7770d/r_9",
            "rotation": 0.12566370614359174,
            "transform_matrix": [
                [
                    -0.9342381954193115,
                    0.06050095707178116,
                    -0.35148051381111145,
                    -1.4168633222579956
                ],
                [
                    -0.3566495478153229,
                    -0.15848134458065033,
                    0.9206979870796204,
                    3.7114522457122803
                ],
                [
                    7.4505792646561986e-09,
                    0.9855067133903503,
                    0.16963696479797363,
                    0.6838284730911255
                ],
                [
                    0.0,
                    0.0,
                    0.0,
                    1.0
                ]
            ]
        },
        {
            "file_path": "/data/shapenet_blender/all_50_random/02958343/19f52dd4592c3fb5531e940de4b7770d/r_10",
            "rotation": 0.12566370614359174,
            "transform_matrix": [
                [
                    -0.6240726113319397,
                    0.46290960907936096,
                    0.6294823288917542,
                    2.537524700164795
                ],
                [
                    0.7813664674758911,
                    0.3697230815887451,
                    0.5027636885643005,
                    2.026705503463745
                ],
                [
                    0.0,
                    0.8056174516677856,
                    -0.5924360156059265,
                    -2.38818621635437
                ],
                [
                    0.0,
                    0.0,
                    0.0,
                    1.0
                ]
            ]
        },
        {
            "file_path": "/data/shapenet_blender/all_50_random/02958343/19f52dd4592c3fb5531e940de4b7770d/r_11",
            "rotation": 0.12566370614359174,
            "transform_matrix": [
                [
                    -0.7866917848587036,
                    -0.2465413361787796,
                    0.5659799575805664,
                    2.281538248062134
                ],
                [
                    0.6173458695411682,
                    -0.314170777797699,
                    0.7212355136871338,
                    2.907393455505371
                ],
                [
                    0.0,
                    0.9167954325675964,
                    0.399356871843338,
                    1.6098589897155762
                ],
                [
                    0.0,
                    0.0,
                    0.0,
                    1.0
                ]
            ]
        },
        {
            "file_path": "/data/shapenet_blender/all_50_random/02958343/19f52dd4592c3fb5531e940de4b7770d/r_12",
            "rotation": 0.12566370614359174,
            "transform_matrix": [
                [
                    -0.9429713487625122,
                    0.27939242124557495,
                    0.18095554411411285,
                    0.7294551134109497
                ],
                [
                    0.3328739106655121,
                    0.79146808385849,
                    0.5126142501831055,
                    2.0664141178131104
                ],
                [
                    0.0,
                    0.5436159372329712,
                    -0.8393340706825256,
                    -3.3834638595581055
                ],
                [
                    0.0,
                    0.0,
                    0.0,
                    1.0
                ]
            ]
        },
        {
            "file_path": "/data/shapenet_blender/all_50_random/02958343/19f52dd4592c3fb5531e940de4b7770d/r_13",
            "rotation": 0.12566370614359174,
            "transform_matrix": [
                [
                    0.6993624567985535,
                    0.2552284300327301,
                    0.6676455736160278,
                    2.6913654804229736
                ],
                [
                    0.7147672176361084,
                    -0.24972768127918243,
                    -0.653256356716156,
                    -2.6333606243133545
                ],
                [
                    -1.4901161193847656e-08,
                    0.9340741634368896,
                    -0.35707905888557434,
                    -1.4394317865371704
                ],
                [
                    0.0,
                    0.0,
                    0.0,
                    1.0
                ]
            ]
        },
        {
            "file_path": "/data/shapenet_blender/all_50_random/02958343/19f52dd4592c3fb5531e940de4b7770d/r_14",
            "rotation": 0.12566370614359174,
            "transform_matrix": [
                [
                    0.9903837442398071,
                    0.07482312619686127,
                    0.11636817455291748,
                    0.4690951406955719
                ],
                [
                    0.1383475810289383,
                    -0.5356335639953613,
                    -0.8330405354499817,
                    -3.3580939769744873
                ],
                [
                    3.725290298461914e-09,
                    0.8411290645599365,
                    -0.5408343076705933,
                    -2.18017315864563
                ],
                [
                    0.0,
                    0.0,
                    0.0,
                    1.0
                ]
            ]
        },
        {
            "file_path": "/data/shapenet_blender/all_50_random/02958343/19f52dd4592c3fb5531e940de4b7770d/r_15",
            "rotation": 0.12566370614359174,
            "transform_matrix": [
                [
                    0.46513551473617554,
                    0.03931987285614014,
                    -0.8843657970428467,
                    -3.564992666244507
                ],
                [
                    -0.8852394819259644,
                    0.020660024136304855,
                    -0.4646764397621155,
                    -1.8731706142425537
                ],
                [
                    0.0,
                    0.9990131258964539,
                    0.044417209923267365,
                    0.1790515035390854
                ],
                [
                    0.0,
                    0.0,
                    0.0,
                    1.0
                ]
            ]
        },
        {
            "file_path": "/data/shapenet_blender/all_50_random/02958343/19f52dd4592c3fb5531e940de4b7770d/r_16",
            "rotation": 0.12566370614359174,
            "transform_matrix": [
                [
                    0.9164884686470032,
                    -0.26713845133781433,
                    -0.2978019416332245,
                    -1.2004780769348145
                ],
                [
                    -0.4000611901283264,
                    -0.6119796633720398,
                    -0.68222576379776,
                    -2.7501399517059326
                ],
                [
                    1.4901161193847656e-08,
                    0.7443910241127014,
                    -0.667743980884552,
                    -2.6917619705200195
                ],
                [
                    0.0,
                    0.0,
                    0.0,
                    1.0
                ]
            ]
        },
        {
            "file_path": "/data/shapenet_blender/all_50_random/02958343/19f52dd4592c3fb5531e940de4b7770d/r_17",
            "rotation": 0.12566370614359174,
            "transform_matrix": [
                [
                    0.1543184518814087,
                    -0.2517426908016205,
                    -0.9554116129875183,
                    -3.8513875007629395
                ],
                [
                    -0.9880212545394897,
                    -0.039319541305303574,
                    -0.1492251753807068,
                    -0.6015459299087524
                ],
                [
                    3.725290742551124e-09,
                    0.9669951796531677,
                    -0.25479480624198914,
                    -1.0271106958389282
                ],
                [
                    0.0,
                    0.0,
                    0.0,
                    1.0
                ]
            ]
        },
        {
            "file_path": "/data/shapenet_blender/all_50_random/02958343/19f52dd4592c3fb5531e940de4b7770d/r_18",
            "rotation": 0.12566370614359174,
            "transform_matrix": [
                [
                    0.02215396799147129,
                    -0.8466030359268188,
                    -0.5317634344100952,
                    -2.1436069011688232
                ],
                [
                    -0.9997546672821045,
                    -0.01876021921634674,
                    -0.011783561669290066,
                    -0.047501057386398315
                ],
                [
                    0.0,
                    0.5318940281867981,
                    -0.8468109965324402,
                    -3.413604259490967
                ],
                [
                    0.0,
                    0.0,
                    0.0,
                    1.0
                ]
            ]
        },
        {
            "file_path": "/data/shapenet_blender/all_50_random/02958343/19f52dd4592c3fb5531e940de4b7770d/r_19",
            "rotation": 0.12566370614359174,
            "transform_matrix": [
                [
                    0.8907444477081299,
                    -0.16863267123699188,
                    0.4220631718635559,
                    1.7013909816741943
                ],
                [
                    0.45450446009635925,
                    0.33048877120018005,
                    -0.8271655440330505,
                    -3.3344109058380127
                ],
                [
                    0.0,
                    0.9286227226257324,
                    0.37102529406547546,
                    1.4956507682800293
                ],
                [
                    0.0,
                    0.0,
                    0.0,
                    1.0
                ]
            ]
        },
        {
            "file_path": "/data/shapenet_blender/all_50_random/02958343/19f52dd4592c3fb5531e940de4b7770d/r_20",
            "rotation": 0.12566370614359174,
            "transform_matrix": [
                [
                    -0.9477962851524353,
                    0.0492224395275116,
                    -0.31505465507507324,
                    -1.2700259685516357
                ],
                [
                    -0.31887659430503845,
                    -0.14630375802516937,
                    0.9364362955093384,
                    3.774895429611206
                ],
                [
                    0.0,
                    0.9880144000053406,
                    0.1543620228767395,
                    0.6222532391548157
                ],
                [
                    0.0,
                    0.0,
                    0.0,
                    1.0
                ]
            ]
        },
        {
            "file_path": "/data/shapenet_blender/all_50_random/02958343/19f52dd4592c3fb5531e940de4b7770d/r_21",
            "rotation": 0.12566370614359174,
            "transform_matrix": [
                [
                    -0.24523989856243134,
                    0.29690393805503845,
                    -0.9228788614273071,
                    -3.7202436923980713
                ],
                [
                    -0.969462513923645,
                    -0.07510625571012497,
                    0.23345588147640228,
                    0.9410907626152039
                ],
                [
                    0.0,
                    0.9519490003585815,
                    0.3062562942504883,
                    1.2345585823059082
                ],
                [
                    0.0,
                    0.0,
                    0.0,
                    1.0
                ]
            ]
        },
        {
            "file_path": "/data/shapenet_blender/all_50_random/02958343/19f52dd4592c3fb5531e940de4b7770d/r_22",
            "rotation": 0.12566370614359174,
            "transform_matrix": [
                [
                    -0.7502741813659668,
                    -0.4782951772212982,
                    0.45642343163490295,
                    1.8399016857147217
                ],
                [
                    0.6611267924308777,
                    -0.5427892208099365,
                    0.5179682970046997,
                    2.0879969596862793
                ],
                [
                    -1.4901161193847656e-08,
                    0.6903718709945679,
                    0.7234545946121216,
                    2.9163386821746826
                ],
                [
                    0.0,
                    0.0,
                    0.0,
                    1.0
                ]
            ]
        },
        {
            "file_path": "/data/shapenet_blender/all_50_random/02958343/19f52dd4592c3fb5531e940de4b7770d/r_23",
            "rotation": 0.12566370614359174,
            "transform_matrix": [
                [
                    0.8131511211395264,
                    -0.5749422311782837,
                    -0.09070158749818802,
                    -0.36562979221343994
                ],
                [
                    -0.5820527076721191,
                    -0.8032175302505493,
                    -0.12671378254890442,
                    -0.5107995867729187
                ],
                [
                    0.0,
                    0.15583062171936035,
                    -0.9877837896347046,
                    -3.9818837642669678
                ],
                [
                    0.0,
                    0.0,
                    0.0,
                    1.0
                ]
            ]
        },
        {
            "file_path": "/data/shapenet_blender/all_50_random/02958343/19f52dd4592c3fb5531e940de4b7770d/r_24",
            "rotation": 0.12566370614359174,
            "transform_matrix": [
                [
                    -0.8908143639564514,
                    -0.044772230088710785,
                    0.4521561861038208,
                    1.8226996660232544
                ],
                [
                    0.45436742901802063,
                    -0.08777862042188644,
                    0.8864791393280029,
                    3.5735113620758057
                ],
                [
                    -3.725290298461914e-09,
                    0.9951332211494446,
                    0.09853751957416534,
                    0.39721739292144775
                ],
                [
                    0.0,
                    0.0,
                    0.0,
                    1.0
                ]
            ]
        },
        {
            "file_path": "/data/shapenet_blender/all_50_random/02958343/19f52dd4592c3fb5531e940de4b7770d/r_25",
            "rotation": 0.12566370614359174,
            "transform_matrix": [
                [
                    0.9995430707931519,
                    0.011273673735558987,
                    -0.028046535328030586,
                    -0.11305920034646988
                ],
                [
                    -0.03022753819823265,
                    0.37278997898101807,
                    -0.9274232387542725,
                    -3.73856258392334
                ],
                [
                    0.0,
                    0.927847146987915,
                    0.3729604184627533,
                    1.5034515857696533
                ],
                [
                    0.0,
                    0.0,
                    0.0,
                    1.0
                ]
            ]
        },
        {
            "file_path": "/data/shapenet_blender/all_50_random/02958343/19f52dd4592c3fb5531e940de4b7770d/r_26",
            "rotation": 0.12566370614359174,
            "transform_matrix": [
                [
                    0.367652028799057,
                    -0.23699381947517395,
                    -0.899258553981781,
                    -3.6250269412994385
                ],
                [
                    -0.9299634099006653,
                    -0.09369320422410965,
                    -0.3555131256580353,
                    -1.4331191778182983
                ],
                [
                    0.0,
                    0.9669826626777649,
                    -0.2548421025276184,
                    -1.0273014307022095
                ],
                [
                    0.0,
                    0.0,
                    0.0,
                    1.0
                ]
            ]
        },
        {
            "file_path": "/data/shapenet_blender/all_50_random/02958343/19f52dd4592c3fb5531e940de4b7770d/r_27",
            "rotation": 0.12566370614359174,
            "transform_matrix": [
                [
                    -0.017510386183857918,
                    -0.03483837842941284,
                    -0.9992395043373108,
                    -4.0280632972717285
                ],
                [
                    -0.9998466968536377,
                    0.0006101270555518568,
                    0.017499754205346107,
                    0.07054376602172852
                ],
                [
                    0.0,
                    0.9993928074836731,
                    -0.03484371677041054,
                    -0.14045950770378113
                ],
                [
                    0.0,
                    0.0,
                    0.0,
                    1.0
                ]
            ]
        },
        {
            "file_path": "/data/shapenet_blender/all_50_random/02958343/19f52dd4592c3fb5531e940de4b7770d/r_28",
            "rotation": 0.12566370614359174,
            "transform_matrix": [
                [
                    -0.565676212310791,
                    -0.809653103351593,
                    0.15643596649169922,
                    0.6306135654449463
                ],
                [
                    0.8246273994445801,
                    -0.5554041862487793,
                    0.10731162130832672,
                    0.4325869679450989
                ],
                [
                    7.450580152834618e-09,
                    0.18970489501953125,
                    0.9818411469459534,
                    3.957927942276001
                ],
                [
                    0.0,
                    0.0,
                    0.0,
                    1.0
                ]
            ]
        },
        {
            "file_path": "/data/shapenet_blender/all_50_random/02958343/19f52dd4592c3fb5531e940de4b7770d/r_29",
            "rotation": 0.12566370614359174,
            "transform_matrix": [
                [
                    0.7763585448265076,
                    -0.08616985380649567,
                    0.6243734359741211,
                    2.516930103302002
                ],
                [
                    0.6302916407585144,
                    0.10613927245140076,
                    -0.7690687775611877,
                    -3.1002156734466553
                ],
                [
                    0.0,
                    0.9906104803085327,
                    0.13671424984931946,
                    0.5511128306388855
                ],
                [
                    0.0,
                    0.0,
                    0.0,
                    1.0
                ]
            ]
        },
        {
            "file_path": "/data/shapenet_blender/all_50_random/02958343/19f52dd4592c3fb5531e940de4b7770d/r_30",
            "rotation": 0.12566370614359174,
            "transform_matrix": [
                [
                    0.6528409719467163,
                    0.5937306880950928,
                    -0.4704066514968872,
                    -1.8962700366973877
                ],
                [
                    -0.7574950456619263,
                    0.5117019414901733,
                    -0.4054161608219147,
                    -1.6342849731445312
                ],
                [
                    -1.4901162970204496e-08,
                    0.6210029125213623,
                    0.7838081121444702,
                    3.1596317291259766
                ],
                [
                    0.0,
                    0.0,
                    0.0,
                    1.0
                ]
            ]
        },
        {
            "file_path": "/data/shapenet_blender/all_50_random/02958343/19f52dd4592c3fb5531e940de4b7770d/r_31",
            "rotation": 0.12566370614359174,
            "transform_matrix": [
                [
                    -0.4605257511138916,
                    0.46062135696411133,
                    -0.7587779760360718,
                    -3.0587317943573
                ],
                [
                    -0.8876464366912842,
                    -0.23897802829742432,
                    0.3936666250228882,
                    1.586920976638794
                ],
                [
                    0.0,
                    0.8548200726509094,
                    0.5189244151115417,
                    2.091851234436035
                ],
                [
                    0.0,
                    0.0,
                    0.0,
                    1.0
                ]
            ]
        },
        {
            "file_path": "/data/shapenet_blender/all_50_random/02958343/19f52dd4592c3fb5531e940de4b7770d/r_32",
            "rotation": 0.12566370614359174,
            "transform_matrix": [
                [
                    -0.2632223963737488,
                    -0.7072385549545288,
                    0.6561460494995117,
                    2.6450092792510986
                ],
                [
                    0.964735209941864,
                    -0.19296593964099884,
                    0.17902565002441406,
                    0.721675455570221
                ],
                [
                    0.0,
                    0.680130660533905,
                    0.733090877532959,
                    2.955183744430542
                ],
                [
                    0.0,
                    0.0,
                    0.0,
                    1.0
                ]
            ]
        },
        {
            "file_path": "/data/shapenet_blender/all_50_random/02958343/19f52dd4592c3fb5531e940de4b7770d/r_33",
            "rotation": 0.12566370614359174,
            "transform_matrix": [
                [
                    -0.3619658946990967,
                    0.032501038163900375,
                    0.9316245913505554,
                    3.7554988861083984
                ],
                [
                    0.9321914315223694,
                    0.012620012275874615,
                    0.36174580454826355,
                    1.4582439661026
                ],
                [
                    9.31322685637781e-10,
                    0.9993919730186462,
                    -0.034865204244852066,
                    -0.14054612815380096
                ],
                [
                    0.0,
                    0.0,
                    0.0,
                    1.0
                ]
            ]
        },
        {
            "file_path": "/data/shapenet_blender/all_50_random/02958343/19f52dd4592c3fb5531e940de4b7770d/r_34",
            "rotation": 0.12566370614359174,
            "transform_matrix": [
                [
                    -0.7745447754859924,
                    0.03277700021862984,
                    0.631669282913208,
                    2.546340227127075
                ],
                [
                    0.6325191259384155,
                    0.04013673961162567,
                    0.7735041379928589,
                    3.1180949211120605
                ],
                [
                    0.0,
                    0.9986564517021179,
                    -0.05181977525353432,
                    -0.20889219641685486
                ],
                [
                    0.0,
                    0.0,
                    0.0,
                    1.0
                ]
            ]
        },
        {
            "file_path": "/data/shapenet_blender/all_50_random/02958343/19f52dd4592c3fb5531e940de4b7770d/r_35",
            "rotation": 0.12566370614359174,
            "transform_matrix": [
                [
                    -0.7367392182350159,
                    -0.6573336720466614,
                    0.15851713716983795,
                    0.6390030980110168
                ],
                [
                    0.6761770248413086,
                    -0.7162081599235535,
                    0.17271481454372406,
                    0.6962357759475708
                ],
                [
                    0.0,
                    0.2344314455986023,
                    0.9721325635910034,
                    3.9187920093536377
                ],
                [
                    0.0,
                    0.0,
                    0.0,
                    1.0
                ]
            ]
        },
        {
            "file_path": "/data/shapenet_blender/all_50_random/02958343/19f52dd4592c3fb5531e940de4b7770d/r_36",
            "rotation": 0.12566370614359174,
            "transform_matrix": [
                [
                    -0.4825013279914856,
                    0.2668111026287079,
                    -0.8342687487602234,
                    -3.3630449771881104
                ],
                [
                    -0.8758953213691711,
                    -0.1469772756099701,
                    0.45957061648368835,
                    1.852588415145874
                ],
                [
                    -7.450581485102248e-09,
                    0.952475368976593,
                    0.3046153485774994,
                    1.227943778038025
                ],
                [
                    0.0,
                    0.0,
                    0.0,
                    1.0
                ]
            ]
        },
        {
            "file_path": "/data/shapenet_blender/all_50_random/02958343/19f52dd4592c3fb5531e940de4b7770d/r_37",
            "rotation": 0.12566370614359174,
            "transform_matrix": [
                [
                    -0.6908358335494995,
                    -0.13894900679588318,
                    -0.709534227848053,
                    -2.8602242469787598
                ],
                [
                    -0.7230115532875061,
                    0.13276545703411102,
                    0.6779583096504211,
                    2.7329375743865967
                ],
                [
                    0.0,
                    0.9813594222068787,
                    -0.19218087196350098,
                    -0.7747059464454651
                ],
                [
                    0.0,
                    0.0,
                    0.0,
                    1.0
                ]
            ]
        },
        {
            "file_path": "/data/shapenet_blender/all_50_random/02958343/19f52dd4592c3fb5531e940de4b7770d/r_38",
            "rotation": 0.12566370614359174,
            "transform_matrix": [
                [
                    0.6333450675010681,
                    -0.09536436200141907,
                    -0.7679710388183594,
                    -3.0957906246185303
                ],
                [
                    -0.773869514465332,
                    -0.07804746180772781,
                    -0.6285176873207092,
                    -2.5336360931396484
                ],
                [
                    -3.725290298461914e-09,
                    0.9923781156539917,
                    -0.12323053181171417,
                    -0.49675819277763367
                ],
                [
                    0.0,
                    0.0,
                    0.0,
                    1.0
                ]
            ]
        },
        {
            "file_path": "/data/shapenet_blender/all_50_random/02958343/19f52dd4592c3fb5531e940de4b7770d/r_39",
            "rotation": 0.12566370614359174,
            "transform_matrix": [
                [
                    -0.6168885231018066,
                    -0.5978289246559143,
                    0.5119071006774902,
                    2.063563823699951
                ],
                [
                    0.7870504856109619,
                    -0.468577116727829,
                    0.4012317955493927,
                    1.6174172163009644
                ],
                [
                    -1.4901161193847656e-08,
                    0.6504120230674744,
                    0.759581446647644,
                    3.0619709491729736
                ],
                [
                    0.0,
                    0.0,
                    0.0,
                    1.0
                ]
            ]
        },
        {
            "file_path": "/data/shapenet_blender/all_50_random/02958343/19f52dd4592c3fb5531e940de4b7770d/r_40",
            "rotation": 0.12566370614359174,
            "transform_matrix": [
                [
                    -0.06895340979099274,
                    -0.6362581253051758,
                    -0.7683885097503662,
                    -3.097473382949829
                ],
                [
                    -0.9976199865341187,
                    0.043976832181215286,
                    0.05310940742492676,
                    0.21409088373184204
                ],
                [
                    0.0,
                    0.7702217698097229,
                    -0.6377761363983154,
                    -2.570958137512207
                ],
                [
                    0.0,
                    0.0,
                    0.0,
                    1.0
                ]
            ]
        },
        {
            "file_path": "/data/shapenet_blender/all_50_random/02958343/19f52dd4592c3fb5531e940de4b7770d/r_41",
            "rotation": 0.12566370614359174,
            "transform_matrix": [
                [
                    0.8784902095794678,
                    0.2362486571073532,
                    -0.41526079177856445,
                    -1.6739697456359863
                ],
                [
                    -0.477760374546051,
                    0.4344063401222229,
                    -0.7635680437088013,
                    -3.0780413150787354
                ],
                [
                    0.0,
