{
    "class": "02958343",
    "model": "41bd68dd23107cc4b0aa56928723eca5",
    "remove_doubles": true,
    "edge_split": true,
    "denoise": true,
    "camera_angle_x": 0.6911112070083618,
    "scale_factor": 2.262256574914558,
    "hdri_file": "/data/IndoorHDRDataset2018/9C4A8073-0b7eb2db9c.exr",
    "center_offset": [
        0.0,
        -9.313225746154785e-10,
        -3.725290298461914e-09
    ],
    "lights": [],
    "frames": [
        {
            "file_path": "/data/shapenet_blender/all_50_random/02958343/41bd68dd23107cc4b0aa56928723eca5/r_0",
            "rotation": 0.12566370614359174,
            "transform_matrix": [
                [
                    -0.5625445246696472,
                    -0.3105977773666382,
                    0.7662066221237183,
                    3.0886776447296143
                ],
                [
                    0.8267669081687927,
                    -0.21133536100387573,
                    0.5213384032249451,
                    2.1015822887420654
                ],
                [
                    0.0,
                    0.9267504811286926,
                    0.37567755579948425,
                    1.5144046545028687
                ],
                [
                    0.0,
                    0.0,
                    0.0,
                    1.0
                ]
            ]
        },
        {
            "file_path": "/data/shapenet_blender/all_50_random/02958343/41bd68dd23107cc4b0aa56928723eca5/r_1",
            "rotation": 0.12566370614359174,
            "transform_matrix": [
                [
                    0.9664533138275146,
                    -0.1391402631998062,
                    -0.21588872373104095,
                    -0.8702752590179443
                ],
                [
                    -0.2568422853946686,
                    -0.5235608816146851,
                    -0.8123521208763123,
                    -3.274696111679077
                ],
                [
                    0.0,
                    0.840549647808075,
                    -0.5417343378067017,
                    -2.1838009357452393
                ],
                [
                    0.0,
                    0.0,
                    0.0,
                    1.0
                ]
            ]
        },
        {
            "file_path": "/data/shapenet_blender/all_50_random/02958343/41bd68dd23107cc4b0aa56928723eca5/r_2",
            "rotation": 0.12566370614359174,
            "transform_matrix": [
                [
                    0.7151058912277222,
                    0.3083080053329468,
                    0.6273514032363892,
                    2.5289344787597656
                ],
                [
                    0.6990162134170532,
                    -0.31540447473526,
                    -0.6417915225028992,
                    -2.587144374847412
                ],
                [
                    -1.4901161193847656e-08,
                    0.8974775671958923,
                    -0.4410599172115326,
                    -1.7779693603515625
                ],
                [
                    0.0,
                    0.0,
                    0.0,
                    1.0
                ]
            ]
        },
        {
            "file_path": "/data/shapenet_blender/all_50_random/02958343/41bd68dd23107cc4b0aa56928723eca5/r_3",
            "rotation": 0.12566370614359174,
            "transform_matrix": [
                [
                    0.9669371843338013,
                    -0.0519726425409317,
                    0.24966251850128174,
                    1.0064218044281006
                ],
                [
                    0.2550147473812103,
                    0.19706419110298157,
                    -0.9466431140899658,
                    -3.816040515899658
                ],
                [
                    0.0,
                    0.9790120124816895,
                    0.20380249619483948,
                    0.8215541243553162
                ],
                [
                    0.0,
                    0.0,
                    0.0,
                    1.0
                ]
            ]
        },
        {
            "file_path": "/data/shapenet_blender/all_50_random/02958343/41bd68dd23107cc4b0aa56928723eca5/r_4",
            "rotation": 0.12566370614359174,
            "transform_matrix": [
                [
                    -0.7562322616577148,
                    -0.5640099048614502,
                    0.33167093992233276,
                    1.3370084762573242
                ],
                [
                    0.654303252696991,
                    -0.6518727540969849,
                    0.38333946466445923,
                    1.5452909469604492
                ],
                [
                    0.0,
                    0.506907045841217,
                    0.862000584602356,
                    3.4748356342315674
                ],
                [
                    0.0,
                    0.0,
                    0.0,
                    1.0
                ]
            ]
        },
        {
            "file_path": "/data/shapenet_blender/all_50_random/02958343/41bd68dd23107cc4b0aa56928723eca5/r_5",
            "rotation": 0.12566370614359174,
            "transform_matrix": [
                [
                    -0.882060170173645,
                    -0.10389240831136703,
                    -0.4595392644405365,
                    -1.8524620532989502
                ],
                [
                    -0.4711369276046753,
                    0.19450682401657104,
                    0.8603470325469971,
                    3.468169927597046
                ],
                [
                    -7.450581485102248e-09,
                    0.9753836393356323,
                    -0.22051426768302917,
                    -0.8889214396476746
                ],
                [
                    0.0,
                    0.0,
                    0.0,
                    1.0
                ]
            ]
        },
        {
            "file_path": "/data/shapenet_blender/all_50_random/02958343/41bd68dd23107cc4b0aa56928723eca5/r_6",
            "rotation": 0.12566370614359174,
            "transform_matrix": [
                [
                    -0.27266401052474976,
                    -0.23910094797611237,
                    0.9319254755973816,
                    3.756711483001709
                ],
                [
                    0.9621093273162842,
                    -0.06776175647974014,
                    0.2641098201274872,
                    1.0646607875823975
                ],
                [
                    -7.4505797087454084e-09,
                    0.9686274528503418,
                    0.24851743876934052,
                    1.0018057823181152
                ],
                [
                    0.0,
                    0.0,
                    0.0,
                    1.0
                ]
            ]
        },
        {
            "file_path": "/data/shapenet_blender/all_50_random/02958343/41bd68dd23107cc4b0aa56928723eca5/r_7",
            "rotation": 0.12566370614359174,
            "transform_matrix": [
                [
                    -0.3721943497657776,
                    0.26425686478614807,
                    0.8897413611412048,
                    3.5866620540618896
                ],
                [
                    0.9281548261642456,
                    0.10596821457147598,
                    0.35679036378860474,
                    1.4382679462432861
                ],
                [
                    0.0,
                    0.9586130380630493,
                    -0.2847120761871338,
                    -1.1477110385894775
                ],
                [
                    0.0,
                    0.0,
                    0.0,
                    1.0
                ]
            ]
        },
        {
            "file_path": "/data/shapenet_blender/all_50_random/02958343/41bd68dd23107cc4b0aa56928723eca5/r_8",
            "rotation": 0.12566370614359174,
            "transform_matrix": [
                [
                    0.4813348650932312,
                    0.7437164783477783,
                    -0.46389928460121155,
                    -1.8700377941131592
                ],
                [
                    -0.8765369057655334,
                    0.40839883685112,
                    -0.2547421157360077,
                    -1.0268982648849487
                ],
                [
                    1.4901162970204496e-08,
                    0.5292409658432007,
                    0.8484715223312378,
                    3.4202980995178223
                ],
                [
                    0.0,
                    0.0,
                    0.0,
                    1.0
                ]
            ]
        },
        {
            "file_path": "/data/shapenet_blender/all_50_random/02958343/41bd68dd23107cc4b0aa56928723eca5/r_9",
            "rotation": 0.12566370614359174,
            "transform_matrix": [
                [
                    -0.4318207800388336,
                    0.5137174725532532,
                    -0.741366982460022,
                    -2.988546133041382
                ],
                [
                    -0.9019593596458435,
                    -0.24594664573669434,
                    0.35493582487106323,
                    1.430792212486267
                ],
                [
                    1.4901160305669237e-08,
                    0.821951687335968,
                    0.5695571303367615,
                    2.2959585189819336
                ],
                [
                    0.0,
                    0.0,
                    0.0,
                    1.0
                ]
            ]
        },
        {
            "file_path": "/data/shapenet_blender/all_50_random/02958343/41bd68dd23107cc4b0aa56928723eca5/r_10",
            "rotation": 0.12566370614359174,
            "transform_matrix": [
                [
                    0.37273260951042175,
                    -0.3223881423473358,
                    -0.8701357245445251,
                    -3.50762939453125
                ],
                [
                    -0.9279387593269348,
                    -0.1294962465763092,
                    -0.3495144248008728,
                    -1.408937692642212
                ],
                [
                    -7.450580596923828e-09,
                    0.9377081394195557,
                    -0.3474239408969879,
                    -1.4005106687545776
                ],
                [
                    0.0,
                    0.0,
                    0.0,
                    1.0
                ]
            ]
        },
        {
            "file_path": "/data/shapenet_blender/all_50_random/02958343/41bd68dd23107cc4b0aa56928723eca5/r_11",
            "rotation": 0.12566370614359174,
            "transform_matrix": [
                [
                    0.91294926404953,
                    0.3540937006473541,
                    -0.20283304154872894,
                    -0.8176461458206177
                ],
                [
                    -0.4080730378627777,
                    0.7921856045722961,
                    -0.4537821412086487,
                    -1.8292542695999146
                ],
                [
                    1.4901161193847656e-08,
                    0.49705085158348083,
                    0.8677214980125427,
                    3.497897148132324
                ],
                [
                    0.0,
                    0.0,
                    0.0,
                    1.0
                ]
            ]
        },
        {
            "file_path": "/data/shapenet_blender/all_50_random/02958343/41bd68dd23107cc4b0aa56928723eca5/r_12",
            "rotation": 0.12566370614359174,
            "transform_matrix": [
                [
                    0.44440656900405884,
                    -0.2862991988658905,
                    -0.8488436341285706,
                    -3.4217982292175293
                ],
                [
                    -0.895825207233429,
                    -0.14202910661697388,
                    -0.4210996627807617,
                    -1.6975070238113403
                ],
                [
                    -7.450580596923828e-09,
                    0.9475550055503845,
                    -0.31959268450737,
                    -1.2883193492889404
                ],
                [
                    0.0,
                    0.0,
                    0.0,
                    1.0
                ]
            ]
        },
        {
            "file_path": "/data/shapenet_blender/all_50_random/02958343/41bd68dd23107cc4b0aa56928723eca5/r_13",
            "rotation": 0.12566370614359174,
            "transform_matrix": [
                [
                    0.8755934834480286,
                    0.26129376888275146,
                    -0.40627774596214294,
                    -1.6377577781677246
                ],
                [
                    -0.4830487370491028,
                    0.4736315906047821,
                    -0.7364353537559509,
                    -2.968665599822998
                ],
                [
                    -1.4901161193847656e-08,
                    0.8410698175430298,
                    0.540926456451416,
                    2.180544137954712
                ],
                [
                    0.0,
                    0.0,
                    0.0,
                    1.0
                ]
            ]
        },
        {
            "file_path": "/data/shapenet_blender/all_50_random/02958343/41bd68dd23107cc4b0aa56928723eca5/r_14",
            "rotation": 0.12566370614359174,
            "transform_matrix": [
                [
                    -0.15876060724258423,
                    0.4050235450267792,
                    -0.900417149066925,
                    -3.629697561264038
                ],
                [
                    -0.9873170852661133,
                    -0.06512779742479324,
                    0.14478710293769836,
                    0.5836554765701294
                ],
                [
                    0.0,
                    0.9119836688041687,
                    0.41022640466690063,
                    1.6536755561828613
                ],
                [
                    0.0,
                    0.0,
                    0.0,
                    1.0
                ]
            ]
        },
        {
            "file_path": "/data/shapenet_blender/all_50_random/02958343/41bd68dd23107cc4b0aa56928723eca5/r_15",
            "rotation": 0.12566370614359174,
            "transform_matrix": [
                [
                    0.5933949947357178,
                    -0.46281543374061584,
                    0.6585471034049988,
                    2.6546883583068848
                ],
                [
                    0.8049114942550659,
                    0.3411957025527954,
                    -0.4854925572872162,
                    -1.9570831060409546
                ],
                [
                    0.0,
                    0.818160891532898,
                    0.5749892592430115,
                    2.3178558349609375
                ],
                [
                    0.0,
                    0.0,
                    0.0,
                    1.0
                ]
            ]
        },
        {
            "file_path": "/data/shapenet_blender/all_50_random/02958343/41bd68dd23107cc4b0aa56928723eca5/r_16",
            "rotation": 0.12566370614359174,
            "transform_matrix": [
                [
                    -0.6461992263793945,
                    -0.4857737720012665,
                    0.588600218296051,
                    2.3727235794067383
                ],
                [
                    0.7631687521934509,
                    -0.41132014989852905,
                    0.49838656187057495,
                    2.0090606212615967
                ],
                [
                    2.9802322387695312e-08,
                    0.7712583541870117,
                    0.636522114276886,
                    2.5659029483795166
                ],
                [
                    0.0,
                    0.0,
                    0.0,
                    1.0
                ]
            ]
        },
        {
            "file_path": "/data/shapenet_blender/all_50_random/02958343/41bd68dd23107cc4b0aa56928723eca5/r_17",
            "rotation": 0.12566370614359174,
            "transform_matrix": [
                [
                    0.985100269317627,
                    0.09827539324760437,
                    -0.1411360800266266,
                    -0.5689377188682556
                ],
                [
                    -0.17198094725608826,
                    0.5629177093505859,
                    -0.8084220886230469,
                    -3.2588536739349365
                ],
                [
                    0.0,
                    0.8206495046615601,
                    0.5714318752288818,
                    2.303515672683716
                ],
                [
                    0.0,
                    0.0,
                    0.0,
                    1.0
                ]
            ]
        },
        {
            "file_path": "/data/shapenet_blender/all_50_random/02958343/41bd68dd23107cc4b0aa56928723eca5/r_18",
            "rotation": 0.12566370614359174,
            "transform_matrix": [
                [
                    0.47482991218566895,
                    0.259182333946228,
                    0.8410475850105286,
                    3.390371322631836
                ],
                [
                    0.880077600479126,
                    -0.1398371309041977,
                    -0.4537719786167145,
                    -1.8292133808135986
                ],
                [
                    0.0,
                    0.9556517004966736,
                    -0.2944994270801544,
                    -1.1871651411056519
                ],
                [
                    0.0,
                    0.0,
                    0.0,
                    1.0
                ]
            ]
        },
        {
            "file_path": "/data/shapenet_blender/all_50_random/02958343/41bd68dd23107cc4b0aa56928723eca5/r_19",
            "rotation": 0.12566370614359174,
            "transform_matrix": [
                [
                    0.37321674823760986,
                    0.7094070315361023,
                    -0.5978718996047974,
                    -2.4100987911224365
                ],
                [
                    -0.9277440905570984,
                    0.2853832244873047,
                    -0.24051439762115479,
                    -0.969544529914856
                ],
                [
                    1.4901161193847656e-08,
                    0.6444360613822937,
                    0.7646580338478088,
                    3.082435131072998
                ],
                [
                    0.0,
                    0.0,
                    0.0,
                    1.0
                ]
            ]
        },
        {
            "file_path": "/data/shapenet_blender/all_50_random/02958343/41bd68dd23107cc4b0aa56928723eca5/r_20",
            "rotation": 0.12566370614359174,
            "transform_matrix": [
                [
                    -0.4156581461429596,
                    -0.43210285902023315,
                    0.8003221154212952,
                    3.2262015342712402
                ],
                [
                    0.9095209836959839,
                    -0.19747434556484222,
                    0.3657534122467041,
                    1.474399209022522
                ],
                [
                    -1.4901161193847656e-08,
                    0.8799381256103516,
                    0.4750883877277374,
                    1.91514253616333
                ],
                [
                    0.0,
                    0.0,
                    0.0,
                    1.0
                ]
            ]
        },
        {
            "file_path": "/data/shapenet_blender/all_50_random/02958343/41bd68dd23107cc4b0aa56928723eca5/r_21",
            "rotation": 0.12566370614359174,
            "transform_matrix": [
                [
                    -0.9348682165145874,
                    0.15997818112373352,
                    -0.31690463423728943,
                    -1.2774834632873535
                ],
                [
                    -0.35499516129493713,
                    -0.4212972819805145,
                    0.8345579504966736,
                    3.364210605621338
                ],
                [
                    1.4901162970204496e-08,
                    0.8927011489868164,
                    0.4506489336490631,
                    1.8166239261627197
                ],
                [
                    0.0,
                    0.0,
                    0.0,
                    1.0
                ]
            ]
        },
        {
            "file_path": "/data/shapenet_blender/all_50_random/02958343/41bd68dd23107cc4b0aa56928723eca5/r_22",
            "rotation": 0.12566370614359174,
            "transform_matrix": [
                [
                    0.6712300181388855,
                    -0.012498113326728344,
                    0.7411437630653381,
                    2.9876461029052734
                ],
                [
                    0.741249144077301,
                    0.01131752971559763,
                    -0.6711345911026001,
                    -2.705430030822754
                ],
                [
                    -9.31322685637781e-10,
                    0.9998577833175659,
                    0.016860881820321083,
                    0.06796839088201523
                ],
                [
                    0.0,
                    0.0,
                    0.0,
                    1.0
                ]
            ]
        },
        {
            "file_path": "/data/shapenet_blender/all_50_random/02958343/41bd68dd23107cc4b0aa56928723eca5/r_23",
            "rotation": 0.12566370614359174,
            "transform_matrix": [
                [
                    0.8294785618782043,
                    -0.028885474428534508,
                    0.5577910542488098,
                    2.248527765274048
                ],
                [
                    0.5585384964942932,
                    0.04289746284484863,
                    -0.828368604183197,
                    -3.3392605781555176
                ],
                [
                    0.0,
                    0.9986618757247925,
                    0.05171617493033409,
                    0.20847457647323608
                ],
                [
                    0.0,
                    0.0,
                    0.0,
                    1.0
                ]
            ]
        },
        {
            "file_path": "/data/shapenet_blender/all_50_random/02958343/41bd68dd23107cc4b0aa56928723eca5/r_24",
            "rotation": 0.12566370614359174,
            "transform_matrix": [
                [
                    -0.5036306977272034,
                    0.12537361681461334,
                    -0.8547733426094055,
                    -3.4457015991210938
                ],
                [
                    -0.8639189600944519,
                    -0.07308788597583771,
                    0.49829918146133423,
                    2.0087082386016846
                ],
                [
                    -7.450580596923828e-09,
                    0.9894137382507324,
                    0.14512194693088531,
                    0.5850052833557129
                ],
                [
                    0.0,
                    0.0,
                    0.0,
                    1.0
                ]
            ]
        },
        {
            "file_path": "/data/shapenet_blender/all_50_random/02958343/41bd68dd23107cc4b0aa56928723eca5/r_25",
            "rotation": 0.12566370614359174,
            "transform_matrix": [
                [
                    0.9564648270606995,
                    0.2645280957221985,
                    0.12328767776489258,
                    0.49698856472969055
                ],
                [
                    0.29184746742248535,
                    -0.8669316172599792,
                    -0.40404775738716125,
                    -1.6287686824798584
                ],
                [
                    0.0,
                    0.42243868112564087,
                    -0.906391441822052,
                    -3.653780937194824
                ],
                [
                    0.0,
                    0.0,
                    0.0,
                    1.0
                ]
            ]
        },
        {
            "file_path": "/data/shapenet_blender/all_50_random/02958343/41bd68dd23107cc4b0aa56928723eca5/r_26",
            "rotation": 0.12566370614359174,
            "transform_matrix": [
                [
                    0.7889388799667358,
                    0.3621046245098114,
                    0.49644312262535095,
                    2.0012261867523193
                ],
                [
                    0.6144717931747437,
                    -0.46491706371307373,
                    -0.6373983025550842,
                    -2.569434642791748
                ],
                [
                    0.0,
                    0.8079184889793396,
                    -0.5892941355705261,
                    -2.375520706176758
                ],
                [
                    0.0,
                    0.0,
                    0.0,
                    1.0
                ]
            ]
        },
        {
            "file_path": "/data/shapenet_blender/all_50_random/02958343/41bd68dd23107cc4b0aa56928723eca5/r_27",
            "rotation": 0.12566370614359174,
            "transform_matrix": [
                [
                    0.37990012764930725,
                    0.0325026735663414,
                    -0.9244562387466431,
                    -3.726602554321289
                ],
                [
                    -0.9250275492668152,
                    0.013348543085157871,
                    -0.3796654939651489,
                    -1.5304806232452393
                ],
                [
                    9.313225746154785e-10,
                    0.999382495880127,
                    0.03513697534799576,
                    0.14164169132709503
                ],
                [
                    0.0,
                    0.0,
                    0.0,
                    1.0
                ]
            ]
        },
        {
            "file_path": "/data/shapenet_blender/all_50_random/02958343/41bd68dd23107cc4b0aa56928723eca5/r_28",
            "rotation": 0.12566370614359174,
            "transform_matrix": [
                [
                    0.5497924089431763,
                    0.6379971504211426,
                    -0.5391547679901123,
                    -2.1734023094177246
                ],
                [
                    -0.835301399230957,
                    0.4199274778366089,
                    -0.3548697829246521,
                    -1.4305258989334106
                ],
                [
                    0.0,
                    0.64546138048172,
                    0.763792872428894,
                    3.0789475440979004
                ],
                [
                    0.0,
                    0.0,
                    0.0,
                    1.0
                ]
            ]
        },
        {
            "file_path": "/data/shapenet_blender/all_50_random/02958343/41bd68dd23107cc4b0aa56928723eca5/r_29",
            "rotation": 0.12566370614359174,
            "transform_matrix": [
                [
                    -0.9999874234199524,
                    0.0023129964247345924,
                    -0.004451633431017399,
                    -0.01794511079788208
                ],
                [
                    -0.005016671493649483,
                    -0.4610561430454254,
                    0.8873567581176758,
                    3.577049732208252
                ],
                [
                    0.0,
                    0.8873679041862488,
                    0.46106192469596863,
                    1.85860013961792
                ],
                [
                    0.0,
                    0.0,
                    0.0,
                    1.0
                ]
            ]
        },
        {
            "file_path": "/data/shapenet_blender/all_50_random/02958343/41bd68dd23107cc4b0aa56928723eca5/r_30",
            "rotation": 0.12566370614359174,
            "transform_matrix": [
                [
                    -0.8964369297027588,
                    -0.049078427255153656,
                    -0.440445214509964,
                    -1.77549147605896
                ],
                [
                    -0.4431711733341217,
                    0.09927477687597275,
                    0.8909229636192322,
                    3.5914254188537598
                ],
                [
                    0.0,
                    0.9938490390777588,
                    -0.11074372380971909,
                    -0.4464222192764282
                ],
                [
                    0.0,
                    0.0,
                    0.0,
                    1.0
                ]
            ]
        },
        {
            "file_path": "/data/shapenet_blender/all_50_random/02958343/41bd68dd23107cc4b0aa56928723eca5/r_31",
            "rotation": 0.12566370614359174,
            "transform_matrix": [
                [
                    0.29839879274368286,
                    0.5347102880477905,
                    -0.7905965447425842,
                    -3.1869966983795166
                ],
                [
                    -0.9544413089752197,
                    0.1671731024980545,
                    -0.2471739798784256,
                    -0.996390163898468
                ],
                [
                    0.0,
                    0.8283342719078064,
                    0.5602339506149292,
                    2.258375406265259
                ],
                [
                    0.0,
                    0.0,
                    0.0,
                    1.0
                ]
            ]
        },
        {
            "file_path": "/data/shapenet_blender/all_50_random/02958343/41bd68dd23107cc4b0aa56928723eca5/r_32",
            "rotation": 0.12566370614359174,
            "transform_matrix": [
                [
                    -0.9458991885185242,
                    0.07572196424007416,
                    -0.3155011534690857,
                    -1.2718257904052734
                ],
                [
                    -0.3244607746601105,
                    -0.22075194120407104,
                    0.9197792410850525,
                    3.7077486515045166
                ],
                [
                    0.0,
                    0.9723860621452332,
                    0.23337791860103607,
                    0.9407764673233032
                ],
                [
                    0.0,
                    0.0,
                    0.0,
                    1.0
                ]
            ]
        },
        {
            "file_path": "/data/shapenet_blender/all_50_random/02958343/41bd68dd23107cc4b0aa56928723eca5/r_33",
            "rotation": 0.12566370614359174,
            "transform_matrix": [
                [
                    -0.6950464248657227,
                    0.08072888851165771,
                    0.7144182324409485,
                    2.8799116611480713
                ],
                [
                    0.7189648747444153,
                    0.07804320007562637,
                    0.690650999546051,
                    2.7841029167175293
                ],
                [
                    3.725290298461914e-09,
                    0.993675947189331,
                    -0.11228490620851517,
                    -0.45263487100601196
                ],
                [
                    0.0,
                    0.0,
                    0.0,
                    1.0
                ]
            ]
        },
        {
            "file_path": "/data/shapenet_blender/all_50_random/02958343/41bd68dd23107cc4b0aa56928723eca5/r_34",
            "rotation": 0.12566370614359174,
            "transform_matrix": [
                [
                    -0.8708226680755615,
                    0.25199902057647705,
                    0.4220952093601227,
                    1.7015202045440674
                ],
                [
                    0.49159732460975647,
                    0.44639477133750916,
                    0.7477056384086609,
                    3.0140979290008545
                ],
                [
                    1.4901162970204496e-08,
                    0.8586198091506958,
                    -0.5126127600669861,
                    -2.066408157348633
                ],
                [
                    0.0,
                    0.0,
                    0.0,
                    1.0
                ]
            ]
        },
        {
            "file_path": "/data/shapenet_blender/all_50_random/02958343/41bd68dd23107cc4b0aa56928723eca5/r_35",
            "rotation": 0.12566370614359174,
            "transform_matrix": [
                [
                    0.9952825307846069,
                    -0.010194257833063602,
                    -0.09648275375366211,
                    -0.388934463262558
                ],
                [
                    -0.09701983630657196,
                    -0.10457827150821686,
                    -0.9897729158401489,
                    -3.9899024963378906
                ],
                [
                    9.31322685637781e-10,
                    0.9944642782211304,
                    -0.1050739735364914,
                    -0.4235667586326599
                ],
                [
                    0.0,
                    0.0,
                    0.0,
                    1.0
                ]
            ]
        },
        {
            "file_path": "/data/shapenet_blender/all_50_random/02958343/41bd68dd23107cc4b0aa56928723eca5/r_36",
            "rotation": 0.12566370614359174,
            "transform_matrix": [
                [
                    0.3327876329421997,
                    -0.28906306624412537,
                    -0.8976051211357117,
                    -3.6183619499206543
                ],
                [
                    -0.9430018067359924,
                    -0.1020110622048378,
                    -0.31676703691482544,
                    -1.2769287824630737
                ],
                [
                    0.0,
                    0.9518593549728394,
                    -0.306535005569458,
                    -1.2356821298599243
                ],
                [
                    0.0,
                    0.0,
                    0.0,
                    1.0
                ]
            ]
        },
        {
            "file_path": "/data/shapenet_blender/all_50_random/02958343/41bd68dd23107cc4b0aa56928723eca5/r_37",
            "rotation": 0.12566370614359174,
            "transform_matrix": [
                [
                    -0.6711063981056213,
                    0.0014742872444912791,
                    -0.7413596510887146,
                    -2.988516330718994
                ],
                [
                    -0.7413610816001892,
                    -0.001334576983936131,
                    0.6711050271987915,
                    2.705310821533203
                ],
                [
                    1.1641530794914701e-10,
                    0.9999980926513672,
                    0.0019886221271008253,
                    0.008016392588615417
                ],
                [
                    0.0,
                    0.0,
                    0.0,
                    1.0
                ]
            ]
        },
        {
            "file_path": "/data/shapenet_blender/all_50_random/02958343/41bd68dd23107cc4b0aa56928723eca5/r_38",
            "rotation": 0.12566370614359174,
            "transform_matrix": [
                [
                    0.0005972000653855503,
                    -0.35225579142570496,
                    -0.9359036087989807,
                    -3.772747755050659
                ],
                [
                    -0.9999998807907104,
                    -0.00021036721591372043,
                    -0.0005589217762462795,
                    -0.0022530853748321533
                ],
                [
                    -1.4551915228366852e-11,
                    0.935903787612915,
                    -0.35225585103034973,
                    -1.4199886322021484
                ],
                [
                    0.0,
                    0.0,
                    0.0,
                    1.0
                ]
            ]
        },
        {
            "file_path": "/data/shapenet_blender/all_50_random/02958343/41bd68dd23107cc4b0aa56928723eca5/r_39",
            "rotation": 0.12566370614359174,
            "transform_matrix": [
                [
                    -0.08667647838592529,
                    -0.3599388003349304,
                    -0.9289408326148987,
                    -3.744680404663086
                ],
                [
                    -0.9962365031242371,
                    0.031316086649894714,
                    0.08082149177789688,
                    0.32580187916755676
                ],
                [
                    1.862645149230957e-09,
                    0.9324501156806946,
                    -0.3612985610961914,
                    -1.4564411640167236
                ],
                [
                    0.0,
                    0.0,
                    0.0,
                    1.0
                ]
            ]
        },
        {
            "file_path": "/data/shapenet_blender/all_50_random/02958343/41bd68dd23107cc4b0aa56928723eca5/r_40",
            "rotation": 0.12566370614359174,
            "transform_matrix": [
                [
                    -0.616817831993103,
                    -0.058662254363298416,
                    -0.7849167585372925,
                    -3.1641011238098145
                ],
                [
                    -0.7871059775352478,
                    0.045970845967531204,
                    0.6151023507118225,
                    2.4795570373535156
                ],
                [
                    0.0,
                    0.9972187876701355,
                    -0.07452905178070068,
                    -0.30043625831604004
                ],
                [
                    0.0,
                    0.0,
                    0.0,
                    1.0
                ]
            ]
        },
        {
            "file_path": "/data/shapenet_blender/all_50_random/02958343/41bd68dd23107cc4b0aa56928723eca5/r_41",
            "rotation": 0.12566370614359174,
            "transform_matrix": [
                [
                    0.9951412677764893,
                    -0.006422931794077158,
                    -0.09824743121862411,
                    -0.39604803919792175
                ],
                [
                    -0.09845715761184692,
                    -0.06491883844137192,
                    -0.9930214881896973,
