{
    "class": "02958343",
    "model": "a50a46d3423e7dcad1eb2a2149d13665",
    "remove_doubles": true,
    "edge_split": true,
    "denoise": true,
    "camera_angle_x": 0.6911112070083618,
    "scale_factor": 2.2758204011914365,
    "hdri_file": "/data/IndoorHDRDataset2018/AG8A0277-069adeb954.exr",
    "center_offset": [
        0.0,
        -3.725290298461914e-09,
        0.0
    ],
    "lights": [],
    "frames": [
        {
            "file_path": "/data/shapenet_blender/all_50_random/02958343/a50a46d3423e7dcad1eb2a2149d13665/r_0",
            "rotation": 0.12566370614359174,
            "transform_matrix": [
                [
                    0.9979355931282043,
                    0.0032962856348603964,
                    -0.06413862854242325,
                    -0.25855109095573425
                ],
                [
                    -0.0642232745885849,
                    0.05121944472193718,
                    -0.996620237827301,
                    -4.017504692077637
                ],
                [
                    0.0,
                    0.9986819624900818,
                    0.05132540687918663,
                    0.20689933001995087
                ],
                [
                    0.0,
                    0.0,
                    0.0,
                    1.0
                ]
            ]
        },
        {
            "file_path": "/data/shapenet_blender/all_50_random/02958343/a50a46d3423e7dcad1eb2a2149d13665/r_1",
            "rotation": 0.12566370614359174,
            "transform_matrix": [
                [
                    0.7385755181312561,
                    0.5552303194999695,
                    0.3823942244052887,
                    1.541480541229248
                ],
                [
                    0.674170732498169,
                    -0.6082725524902344,
                    -0.41892510652542114,
                    -1.6887412071228027
                ],
                [
                    0.0,
                    0.5672066807746887,
                    -0.8235753178596497,
                    -3.3199384212493896
                ],
                [
                    0.0,
                    0.0,
                    0.0,
                    1.0
                ]
            ]
        },
        {
            "file_path": "/data/shapenet_blender/all_50_random/02958343/a50a46d3423e7dcad1eb2a2149d13665/r_2",
            "rotation": 0.12566370614359174,
            "transform_matrix": [
                [
                    0.9330712556838989,
                    -0.32355380058288574,
                    0.1571338027715683,
                    0.6334266066551208
                ],
                [
                    0.35969167947769165,
                    0.8393264412879944,
                    -0.40761861205101013,
                    -1.6431632041931152
                ],
                [
                    -1.4901162970204496e-08,
                    0.43685680627822876,
                    0.8995309472084045,
                    3.6261253356933594
                ],
                [
                    0.0,
                    0.0,
                    0.0,
                    1.0
                ]
            ]
        },
        {
            "file_path": "/data/shapenet_blender/all_50_random/02958343/a50a46d3423e7dcad1eb2a2149d13665/r_3",
            "rotation": 0.12566370614359174,
            "transform_matrix": [
                [
                    0.04022367298603058,
                    -0.20729123055934906,
                    -0.9774519801139832,
                    -3.940234899520874
                ],
                [
                    -0.9991906881332397,
                    -0.008344767615199089,
                    -0.03934855759143829,
                    -0.15861910581588745
                ],
                [
                    9.313225746154785e-10,
                    0.9782435894012451,
                    -0.20745913684368134,
                    -0.8362945318222046
                ],
                [
                    0.0,
                    0.0,
                    0.0,
                    1.0
                ]
            ]
        },
        {
            "file_path": "/data/shapenet_blender/all_50_random/02958343/a50a46d3423e7dcad1eb2a2149d13665/r_4",
            "rotation": 0.12566370614359174,
            "transform_matrix": [
                [
                    -0.9899268746376038,
                    -0.014666065573692322,
                    0.1408184915781021,
                    0.567657470703125
                ],
                [
                    0.14158017933368683,
                    -0.10254494845867157,
                    0.9846011996269226,
                    3.9690544605255127
                ],
                [
                    0.0,
                    0.9946202039718628,
                    0.10358841717243195,
                    0.4175782799720764
                ],
                [
                    0.0,
                    0.0,
                    0.0,
                    1.0
                ]
            ]
        },
        {
            "file_path": "/data/shapenet_blender/all_50_random/02958343/a50a46d3423e7dcad1eb2a2149d13665/r_5",
            "rotation": 0.12566370614359174,
            "transform_matrix": [
                [
                    -0.03268793225288391,
                    -0.15762640535831451,
                    0.9869576096534729,
                    3.978553533554077
                ],
                [
                    0.9994655847549438,
                    -0.00515523599460721,
                    0.03227885067462921,
                    0.13012021780014038
                ],
                [
                    0.0,
                    0.987485408782959,
                    0.15771065652370453,
                    0.6357520222663879
                ],
                [
                    0.0,
                    0.0,
                    0.0,
                    1.0
                ]
            ]
        },
        {
            "file_path": "/data/shapenet_blender/all_50_random/02958343/a50a46d3423e7dcad1eb2a2149d13665/r_6",
            "rotation": 0.12566370614359174,
            "transform_matrix": [
                [
                    -0.731941819190979,
                    -0.25980666279792786,
                    0.6298902630805969,
                    2.5391688346862793
                ],
                [
                    0.6813671588897705,
                    -0.27909085154533386,
                    0.676643967628479,
                    2.7276391983032227
                ],
                [
                    0.0,
                    0.9244505763053894,
                    0.38130196928977966,
                    1.5370774269104004
                ],
                [
                    0.0,
                    0.0,
                    0.0,
                    1.0
                ]
            ]
        },
        {
            "file_path": "/data/shapenet_blender/all_50_random/02958343/a50a46d3423e7dcad1eb2a2149d13665/r_7",
            "rotation": 0.12566370614359174,
            "transform_matrix": [
                [
                    0.37874123454093933,
                    -0.04364527389407158,
                    -0.9244729280471802,
                    -3.7266695499420166
                ],
                [
                    -0.9255027174949646,
                    -0.01786084845662117,
                    -0.37831979990005493,
                    -1.5250558853149414
                ],
                [
                    0.0,
                    0.998887300491333,
                    -0.047158461064100266,
                    -0.19010183215141296
                ],
                [
                    0.0,
                    0.0,
                    0.0,
                    1.0
                ]
            ]
        },
        {
            "file_path": "/data/shapenet_blender/all_50_random/02958343/a50a46d3423e7dcad1eb2a2149d13665/r_8",
            "rotation": 0.12566370614359174,
            "transform_matrix": [
                [
                    -0.01341461855918169,
                    0.8537018895149231,
                    0.5205889344215393,
                    2.0985612869262695
                ],
                [
                    0.9999101161956787,
                    0.0114531135186553,
                    0.006984129082411528,
                    0.028153926134109497
                ],
                [
                    -4.656613428188905e-10,
                    0.5206358432769775,
                    -0.8537788391113281,
                    -3.44169282913208
                ],
                [
                    0.0,
                    0.0,
                    0.0,
                    1.0
                ]
            ]
        },
        {
            "file_path": "/data/shapenet_blender/all_50_random/02958343/a50a46d3423e7dcad1eb2a2149d13665/r_9",
            "rotation": 0.12566370614359174,
            "transform_matrix": [
                [
                    -0.8958940505981445,
                    -0.41996872425079346,
                    -0.14491425454616547,
                    -0.5841680765151978
                ],
                [
                    -0.4442678391933441,
                    0.846893310546875,
                    0.29222869873046875,
                    1.1780116558074951
                ],
                [
                    0.0,
                    0.32618677616119385,
                    -0.9453052878379822,
                    -3.81064772605896
                ],
                [
                    0.0,
                    0.0,
                    0.0,
                    1.0
                ]
            ]
        },
        {
            "file_path": "/data/shapenet_blender/all_50_random/02958343/a50a46d3423e7dcad1eb2a2149d13665/r_10",
            "rotation": 0.12566370614359174,
            "transform_matrix": [
                [
                    0.3989328145980835,
                    -0.8758731484413147,
                    0.2714751660823822,
                    1.0943514108657837
                ],
                [
                    0.9169801473617554,
                    0.3810492157936096,
                    -0.1181054636836052,
                    -0.47609835863113403
                ],
                [
                    0.0,
                    0.2960534989833832,
                    0.9551714062690735,
                    3.850419044494629
                ],
                [
                    0.0,
                    0.0,
                    0.0,
                    1.0
                ]
            ]
        },
        {
            "file_path": "/data/shapenet_blender/all_50_random/02958343/a50a46d3423e7dcad1eb2a2149d13665/r_11",
            "rotation": 0.12566370614359174,
            "transform_matrix": [
                [
                    0.982790470123291,
                    0.07657671719789505,
                    -0.16810400784015656,
                    -0.6776489019393921
                ],
                [
                    -0.18472398817539215,
                    0.4074125587940216,
                    -0.8943668603897095,
                    -3.6053080558776855
                ],
                [
                    7.450580596923828e-09,
                    0.9100279808044434,
                    0.4145467281341553,
                    1.6710913181304932
                ],
                [
                    0.0,
                    0.0,
                    0.0,
                    1.0
                ]
            ]
        },
        {
            "file_path": "/data/shapenet_blender/all_50_random/02958343/a50a46d3423e7dcad1eb2a2149d13665/r_12",
            "rotation": 0.12566370614359174,
            "transform_matrix": [
                [
                    -0.8120084404945374,
                    0.2824370861053467,
                    -0.5107558965682983,
                    -2.05892276763916
                ],
                [
                    -0.5836457014083862,
                    -0.3929460942745209,
                    0.7105990648269653,
                    2.864516496658325
                ],
                [
                    -1.4901161193847656e-08,
                    0.8751130104064941,
                    0.4839187264442444,
                    1.950738787651062
                ],
                [
                    0.0,
                    0.0,
                    0.0,
                    1.0
                ]
            ]
        },
        {
            "file_path": "/data/shapenet_blender/all_50_random/02958343/a50a46d3423e7dcad1eb2a2149d13665/r_13",
            "rotation": 0.12566370614359174,
            "transform_matrix": [
                [
                    0.9925433397293091,
                    -0.019287193194031715,
                    0.12035666406154633,
                    0.48517322540283203
                ],
                [
                    0.12189225852489471,
                    0.15705160796642303,
                    -0.9800392985343933,
                    -3.950664758682251
                ],
                [
                    0.0,
                    0.9874020218849182,
                    0.15823149681091309,
                    0.6378515958786011
                ],
                [
                    0.0,
                    0.0,
                    0.0,
                    1.0
                ]
            ]
        },
        {
            "file_path": "/data/shapenet_blender/all_50_random/02958343/a50a46d3423e7dcad1eb2a2149d13665/r_14",
            "rotation": 0.12566370614359174,
            "transform_matrix": [
                [
                    0.5541160702705383,
                    -0.4071338474750519,
                    -0.7260834574699402,
                    -2.926936388015747
                ],
                [
                    -0.8324393033981323,
                    -0.27101007103919983,
                    -0.4833199679851532,
                    -1.948325276374817
                ],
                [
                    -1.4901160305669237e-08,
                    0.8722359538078308,
                    -0.48908528685569763,
                    -1.9715659618377686
                ],
                [
                    0.0,
                    0.0,
                    0.0,
                    1.0
                ]
            ]
        },
        {
            "file_path": "/data/shapenet_blender/all_50_random/02958343/a50a46d3423e7dcad1eb2a2149d13665/r_15",
            "rotation": 0.12566370614359174,
            "transform_matrix": [
                [
                    0.7060966491699219,
                    0.36641478538513184,
                    0.6059435606002808,
                    2.4426369667053223
                ],
                [
                    0.7081154584884644,
                    -0.36537012457847595,
                    -0.6042160391807556,
                    -2.4356729984283447
                ],
                [
                    -2.980232594040899e-08,
                    0.8557130694389343,
                    -0.5174505114555359,
                    -2.0859100818634033
                ],
                [
                    0.0,
                    0.0,
                    0.0,
                    1.0
                ]
            ]
        },
        {
            "file_path": "/data/shapenet_blender/all_50_random/02958343/a50a46d3423e7dcad1eb2a2149d13665/r_16",
            "rotation": 0.12566370614359174,
            "transform_matrix": [
                [
                    -0.5406163930892944,
                    -0.6625854969024658,
                    0.5183764696121216,
                    2.089642286300659
                ],
                [
                    0.8412691950798035,
                    -0.4257907271385193,
                    0.33311909437179565,
                    1.3428460359573364
                ],
                [
                    1.4901160305669237e-08,
                    0.6161837577819824,
                    0.7876023650169373,
                    3.174926519393921
                ],
                [
                    0.0,
                    0.0,
                    0.0,
                    1.0
                ]
            ]
        },
        {
            "file_path": "/data/shapenet_blender/all_50_random/02958343/a50a46d3423e7dcad1eb2a2149d13665/r_17",
            "rotation": 0.12566370614359174,
            "transform_matrix": [
                [
                    0.5473010540008545,
                    -0.28193721175193787,
                    0.7880182862281799,
                    3.1766035556793213
                ],
                [
                    0.836935818195343,
                    0.18436843156814575,
                    -0.5153121948242188,
                    -2.0772900581359863
                ],
                [
                    -1.4901161193847656e-08,
                    0.941551685333252,
                    0.33686837553977966,
                    1.3579599857330322
                ],
                [
                    0.0,
                    0.0,
                    0.0,
                    1.0
                ]
            ]
        },
        {
            "file_path": "/data/shapenet_blender/all_50_random/02958343/a50a46d3423e7dcad1eb2a2149d13665/r_18",
            "rotation": 0.12566370614359174,
            "transform_matrix": [
                [
                    0.6571527123451233,
                    0.0719769150018692,
                    -0.7503130435943604,
                    -3.024608612060547
                ],
                [
                    -0.7537575960159302,
                    0.06275205314159393,
                    -0.6541497111320496,
                    -2.6369619369506836
                ],
                [
                    7.450581485102248e-09,
                    0.9954302310943604,
                    0.09549085050821304,
                    0.3849359452724457
                ],
                [
                    0.0,
                    0.0,
                    0.0,
                    1.0
                ]
            ]
        },
        {
            "file_path": "/data/shapenet_blender/all_50_random/02958343/a50a46d3423e7dcad1eb2a2149d13665/r_19",
            "rotation": 0.12566370614359174,
            "transform_matrix": [
                [
                    -0.9796276688575745,
                    0.005151263903826475,
                    0.20075583457946777,
                    0.8092726469039917
                ],
                [
                    0.2008218914270401,
                    0.025128338485956192,
                    0.9793054461479187,
                    3.9477062225341797
                ],
                [
                    0.0,
                    0.9996708631515503,
                    -0.025650907307863235,
                    -0.10340210795402527
                ],
                [
                    0.0,
                    0.0,
                    0.0,
                    1.0
                ]
            ]
        },
        {
            "file_path": "/data/shapenet_blender/all_50_random/02958343/a50a46d3423e7dcad1eb2a2149d13665/r_20",
            "rotation": 0.12566370614359174,
            "transform_matrix": [
                [
                    0.4085516333580017,
                    -0.0022690938785672188,
                    -0.9127323031425476,
                    -3.6793417930603027
                ],
                [
                    -0.9127351641654968,
                    -0.001015674788504839,
                    -0.40855035185813904,
                    -1.6469192504882812
                ],
                [
                    -5.8207657444020455e-11,
                    0.9999969005584717,
                    -0.0024860373232513666,
                    -0.01002153754234314
                ],
                [
                    0.0,
                    0.0,
                    0.0,
                    1.0
                ]
            ]
        },
        {
            "file_path": "/data/shapenet_blender/all_50_random/02958343/a50a46d3423e7dcad1eb2a2149d13665/r_21",
            "rotation": 0.12566370614359174,
            "transform_matrix": [
                [
                    0.9999960660934448,
                    0.0006285393028520048,
                    -0.002762943971902132,
                    -0.011137783527374268
                ],
                [
                    -0.002833535196259618,
                    0.22182072699069977,
                    -0.9750833511352539,
                    -3.9306867122650146
                ],
                [
                    5.820766785236131e-11,
                    0.9750871658325195,
                    0.2218216359615326,
                    0.8941916227340698
                ],
                [
                    0.0,
                    0.0,
                    0.0,
                    1.0
                ]
            ]
        },
        {
            "file_path": "/data/shapenet_blender/all_50_random/02958343/a50a46d3423e7dcad1eb2a2149d13665/r_22",
            "rotation": 0.12566370614359174,
            "transform_matrix": [
                [
                    -0.8291882276535034,
                    0.05888674780726433,
                    -0.5558590292930603,
                    -2.240739345550537
                ],
                [
                    -0.5589694976806641,
                    -0.08735395222902298,
                    0.8245740532875061,
                    3.3239643573760986
                ],
                [
                    0.0,
                    0.9944352507591248,
                    0.10534877330064774,
                    0.42467448115348816
                ],
                [
                    0.0,
                    0.0,
                    0.0,
                    1.0
                ]
            ]
        },
        {
            "file_path": "/data/shapenet_blender/all_50_random/02958343/a50a46d3423e7dcad1eb2a2149d13665/r_23",
            "rotation": 0.12566370614359174,
            "transform_matrix": [
                [
                    0.5910870432853699,
                    -0.7223811745643616,
                    0.3588617444038391,
                    1.4466180801391602
                ],
                [
                    0.8066078424453735,
                    0.5293651819229126,
                    -0.2629759907722473,
                    -1.0600903034210205
                ],
                [
                    0.0,
                    0.4449023902416229,
                    0.8955789804458618,
                    3.610194683074951
                ],
                [
                    0.0,
                    0.0,
                    0.0,
                    1.0
                ]
            ]
        },
        {
            "file_path": "/data/shapenet_blender/all_50_random/02958343/a50a46d3423e7dcad1eb2a2149d13665/r_24",
            "rotation": 0.12566370614359174,
            "transform_matrix": [
                [
                    -0.7530505061149597,
                    0.5648416876792908,
                    0.3374444544315338,
                    1.3602821826934814
                ],
                [
                    0.6579626798629761,
                    0.6464717984199524,
                    0.38621145486831665,
                    1.556868314743042
                ],
                [
                    0.0,
                    0.5128626227378845,
                    -0.8584705591201782,
                    -3.4606058597564697
                ],
                [
                    0.0,
                    0.0,
                    0.0,
                    1.0
                ]
            ]
        },
        {
            "file_path": "/data/shapenet_blender/all_50_random/02958343/a50a46d3423e7dcad1eb2a2149d13665/r_25",
            "rotation": 0.12566370614359174,
            "transform_matrix": [
                [
                    -0.9985676407814026,
                    -0.05255173519253731,
                    -0.01005100179463625,
                    -0.04051688313484192
                ],
                [
                    -0.053504280745983124,
                    0.9807900190353394,
                    0.18758508563041687,
                    0.756179690361023
                ],
                [
                    0.0,
                    0.18785405158996582,
                    -0.9821969270706177,
                    -3.959362506866455
                ],
                [
                    0.0,
                    0.0,
                    0.0,
                    1.0
                ]
            ]
        },
        {
            "file_path": "/data/shapenet_blender/all_50_random/02958343/a50a46d3423e7dcad1eb2a2149d13665/r_26",
            "rotation": 0.12566370614359174,
            "transform_matrix": [
                [
                    -0.9798886179924011,
                    0.021547304466366768,
                    0.19837841391563416,
                    0.7996889352798462
                ],
                [
                    0.19954518973827362,
                    0.10581040382385254,
                    0.9741590619087219,
                    3.9269607067108154
                ],
                [
                    1.862645149230957e-09,
                    0.994152843952179,
                    -0.1079820767045021,
                    -0.4352896809577942
                ],
                [
                    0.0,
                    0.0,
                    0.0,
                    1.0
                ]
            ]
        },
        {
            "file_path": "/data/shapenet_blender/all_50_random/02958343/a50a46d3423e7dcad1eb2a2149d13665/r_27",
            "rotation": 0.12566370614359174,
            "transform_matrix": [
                [
                    0.9868132472038269,
                    -0.12914292514324188,
                    0.09757930785417557,
                    0.3933548033237457
                ],
                [
                    0.16186293959617615,
                    0.7873324751853943,
                    -0.5949017405509949,
                    -2.3981258869171143
                ],
                [
                    0.0,
                    0.602851390838623,
                    0.7978533506393433,
                    3.216249942779541
                ],
                [
                    0.0,
                    0.0,
                    0.0,
                    1.0
                ]
            ]
        },
        {
            "file_path": "/data/shapenet_blender/all_50_random/02958343/a50a46d3423e7dcad1eb2a2149d13665/r_28",
            "rotation": 0.12566370614359174,
            "transform_matrix": [
                [
                    -0.03568568453192711,
                    -0.30480435490608215,
                    -0.9517461657524109,
                    -3.83661150932312
                ],
                [
                    -0.999363124370575,
                    0.01088408287614584,
                    0.033985354006290436,
                    0.13699933886528015
                ],
                [
                    0.0,
                    0.95235276222229,
                    -0.30499860644340515,
                    -1.229488730430603
                ],
                [
                    0.0,
                    0.0,
                    0.0,
                    1.0
                ]
            ]
        },
        {
            "file_path": "/data/shapenet_blender/all_50_random/02958343/a50a46d3423e7dcad1eb2a2149d13665/r_29",
            "rotation": 0.12566370614359174,
            "transform_matrix": [
                [
                    -0.9935215711593628,
                    -0.11288437247276306,
                    0.013121077790856361,
                    0.05289275571703911
                ],
                [
                    0.11364439129829407,
                    -0.9868772625923157,
                    0.11470934748649597,
                    0.462408185005188
                ],
                [
                    0.0,
                    0.11545735597610474,
                    0.993312418460846,
                    4.0041704177856445
                ],
                [
                    0.0,
                    0.0,
                    0.0,
                    1.0
                ]
            ]
        },
        {
            "file_path": "/data/shapenet_blender/all_50_random/02958343/a50a46d3423e7dcad1eb2a2149d13665/r_30",
            "rotation": 0.12566370614359174,
            "transform_matrix": [
                [
                    -0.6323841214179993,
                    -0.0113442437723279,
                    0.7745718359947205,
                    3.122399091720581
                ],
                [
                    0.7746549844741821,
                    -0.009260793216526508,
                    0.6323162317276001,
                    2.5489485263824463
                ],
                [
                    0.0,
                    0.9998928308486938,
                    0.014644252136349678,
                    0.0590328723192215
                ],
                [
                    0.0,
                    0.0,
                    0.0,
                    1.0
                ]
            ]
        },
        {
            "file_path": "/data/shapenet_blender/all_50_random/02958343/a50a46d3423e7dcad1eb2a2149d13665/r_31",
            "rotation": 0.12566370614359174,
            "transform_matrix": [
                [
                    -0.8532646894454956,
                    -0.13460370898246765,
                    -0.5038065910339355,
                    -2.030909299850464
                ],
                [
                    -0.5214778780937195,
                    0.2202444225549698,
                    0.824350118637085,
                    3.32306170463562
                ],
                [
                    1.4901160305669237e-08,
                    0.9661128520965576,
                    -0.25811967253685,
                    -1.0405136346817017
                ],
                [
                    0.0,
                    0.0,
                    0.0,
                    1.0
                ]
            ]
        },
        {
            "file_path": "/data/shapenet_blender/all_50_random/02958343/a50a46d3423e7dcad1eb2a2149d13665/r_32",
            "rotation": 0.12566370614359174,
            "transform_matrix": [
                [
                    -0.8757466673851013,
                    -0.10256322473287582,
                    -0.47175049781799316,
                    -1.9016871452331543
                ],
                [
                    -0.4827709496021271,
                    0.18604972958564758,
                    0.8557555675506592,
                    3.4496612548828125
                ],
                [
                    7.450580596923828e-09,
                    0.9771725535392761,
                    -0.21244695782661438,
                    -0.8564011454582214
                ],
                [
                    0.0,
                    0.0,
                    0.0,
                    1.0
                ]
            ]
        },
        {
            "file_path": "/data/shapenet_blender/all_50_random/02958343/a50a46d3423e7dcad1eb2a2149d13665/r_33",
            "rotation": 0.12566370614359174,
            "transform_matrix": [
                [
                    -0.9639451503753662,
                    0.09297967702150345,
                    -0.24932821094989777,
                    -1.005074143409729
                ],
                [
                    -0.26610106229782104,
                    -0.3368167579174042,
                    0.9031858444213867,
                    3.6408586502075195
                ],
                [
                    7.450580596923828e-09,
                    0.9369680285453796,
                    0.3494149148464203,
                    1.4085365533828735
                ],
                [
                    0.0,
                    0.0,
                    0.0,
                    1.0
                ]
            ]
        },
        {
            "file_path": "/data/shapenet_blender/all_50_random/02958343/a50a46d3423e7dcad1eb2a2149d13665/r_34",
            "rotation": 0.12566370614359174,
            "transform_matrix": [
                [
                    -0.47527390718460083,
                    -0.3442389667034149,
                    0.8097001910209656,
                    3.264005422592163
                ],
                [
                    0.8798379302024841,
                    -0.18595221638679504,
                    0.4373866617679596,
                    1.7631617784500122
                ],
                [
                    1.4901159417490817e-08,
                    0.920283317565918,
                    0.391252726316452,
                    1.5771900415420532
                ],
                [
                    0.0,
                    0.0,
                    0.0,
                    1.0
                ]
            ]
        },
        {
            "file_path": "/data/shapenet_blender/all_50_random/02958343/a50a46d3423e7dcad1eb2a2149d13665/r_35",
            "rotation": 0.12566370614359174,
            "transform_matrix": [
                [
                    -0.40250512957572937,
                    -0.6818499565124512,
                    -0.610794723033905,
                    -2.4621922969818115
                ],
                [
                    -0.9154177308082581,
                    0.2998064160346985,
                    0.26856374740600586,
                    1.0826151371002197
                ],
                [
                    0.0,
                    0.6672305464744568,
                    -0.7448511719703674,
                    -3.002591133117676
                ],
                [
                    0.0,
                    0.0,
                    0.0,
                    1.0
                ]
            ]
        },
        {
            "file_path": "/data/shapenet_blender/all_50_random/02958343/a50a46d3423e7dcad1eb2a2149d13665/r_36",
            "rotation": 0.12566370614359174,
            "transform_matrix": [
                [
                    -0.38257482647895813,
                    0.513914942741394,
                    0.7678072452545166,
                    3.09512996673584
                ],
                [
                    0.9239246249198914,
                    0.21279972791671753,
                    0.3179304003715515,
                    1.2816184759140015
                ],
                [
                    0.0,
                    0.8310281038284302,
                    -0.5562304258346558,
                    -2.242236614227295
                ],
                [
                    0.0,
                    0.0,
                    0.0,
                    1.0
                ]
            ]
        },
        {
            "file_path": "/data/shapenet_blender/all_50_random/02958343/a50a46d3423e7dcad1eb2a2149d13665/r_37",
            "rotation": 0.12566370614359174,
            "transform_matrix": [
                [
                    -0.9589925408363342,
                    0.2664927840232849,
                    -0.09651389718055725,
                    -0.38905996084213257
                ],
                [
                    -0.28343138098716736,
                    -0.9016807079315186,
                    0.32655563950538635,
                    1.3163878917694092
                ],
                [
                    0.0,
                    0.34051942825317383,
                    0.9402374625205994,
                    3.7902183532714844
                ],
                [
                    0.0,
                    0.0,
                    0.0,
                    1.0
                ]
            ]
        },
        {
            "file_path": "/data/shapenet_blender/all_50_random/02958343/a50a46d3423e7dcad1eb2a2149d13665/r_38",
            "rotation": 0.12566370614359174,
            "transform_matrix": [
                [
                    0.9999673366546631,
                    0.004688633605837822,
                    -0.006594641134142876,
                    -0.026583850383758545
                ],
                [
                    -0.008091513067483902,
                    0.5794318318367004,
                    -0.8149804472923279,
                    -3.2852914333343506
                ],
                [
                    4.656612873077393e-10,
                    0.8150070905685425,
                    0.5794508457183838,
                    2.335841417312622
                ],
                [
                    0.0,
                    0.0,
                    0.0,
                    1.0
                ]
            ]
        },
        {
            "file_path": "/data/shapenet_blender/all_50_random/02958343/a50a46d3423e7dcad1eb2a2149d13665/r_39",
            "rotation": 0.12566370614359174,
            "transform_matrix": [
                [
                    -0.8061268925666809,
                    0.11625685542821884,
                    -0.5802100300788879,
                    -2.3389017581939697
                ],
                [
                    -0.5917426943778992,
                    -0.15837588906288147,
                    0.7904160618782043,
                    3.1862692832946777
                ],
                [
                    7.450580596923828e-09,
                    0.9805107712745667,
                    0.19646519422531128,
                    0.7919765710830688
                ],
                [
                    0.0,
                    0.0,
                    0.0,
                    1.0
                ]
            ]
        },
        {
            "file_path": "/data/shapenet_blender/all_50_random/02958343/a50a46d3423e7dcad1eb2a2149d13665/r_40",
            "rotation": 0.12566370614359174,
            "transform_matrix": [
                [
                    -0.7632145881652832,
                    0.4566679894924164,
                    -0.4571191370487213,
                    -1.8427062034606934
                ],
                [
                    -0.646145224571228,
                    -0.5394076108932495,
                    0.5399405360221863,
                    2.176569938659668
                ],
                [
                    1.4901162970204496e-08,
                    0.7074556946754456,
                    0.7067576050758362,
                    2.8490309715270996
                ],
                [
                    0.0,
                    0.0,
                    0.0,
                    1.0
                ]
            ]
        },
        {
            "file_path": "/data/shapenet_blender/all_50_random/02958343/a50a46d3423e7dcad1eb2a2149d13665/r_41",
            "rotation": 0.12566370614359174,
            "transform_matrix": [
                [
                    0.6348252296447754,
                    -0.5344696640968323,
                    0.5579777956008911,
                    2.2492804527282715
                ],
                [
                    0.7726558446884155,
                    0.43912798166275024,
                    -0.4584426283836365,
                    -1.848041296005249
                ],
                [
