{
    "class": "02958343",
    "model": "de58645e0e00e6be73905da0c7336cf4",
    "remove_doubles": true,
    "edge_split": true,
    "denoise": true,
    "camera_angle_x": 0.6911112070083618,
    "scale_factor": 2.2403591151810454,
    "hdri_file": "/data/IndoorHDRDataset2018/AG8A9564-208017fcb7.exr",
    "center_offset": [
        0.0,
        0.0,
        -3.725290298461914e-09
    ],
    "lights": [],
    "frames": [
        {
            "file_path": "/data/shapenet_blender/all_50_random/02958343/de58645e0e00e6be73905da0c7336cf4/r_0",
            "rotation": 0.12566370614359174,
            "transform_matrix": [
                [
                    0.4112165570259094,
                    0.593196451663971,
                    0.6921117305755615,
                    2.789991855621338
                ],
                [
                    0.9115376472473145,
                    -0.2676052153110504,
                    -0.312228262424469,
                    -1.2586325407028198
                ],
                [
                    1.4901161193847656e-08,
                    0.7592793703079224,
                    -0.6507646441459656,
                    -2.623316526412964
                ],
                [
                    0.0,
                    0.0,
                    0.0,
                    1.0
                ]
            ]
        },
        {
            "file_path": "/data/shapenet_blender/all_50_random/02958343/de58645e0e00e6be73905da0c7336cf4/r_1",
            "rotation": 0.12566370614359174,
            "transform_matrix": [
                [
                    0.984957218170166,
                    -0.0030334836337715387,
                    0.17277206480503082,
                    0.6964664459228516
                ],
                [
                    0.17279870808124542,
                    0.017290938645601273,
                    -0.9848054051399231,
                    -3.9698774814605713
                ],
                [
                    0.0,
                    0.9998459219932556,
                    0.01755501516163349,
                    0.07076653093099594
                ],
                [
                    0.0,
                    0.0,
                    0.0,
                    1.0
                ]
            ]
        },
        {
            "file_path": "/data/shapenet_blender/all_50_random/02958343/de58645e0e00e6be73905da0c7336cf4/r_2",
            "rotation": 0.12566370614359174,
            "transform_matrix": [
                [
                    -0.4792252779006958,
                    0.012094479985535145,
                    0.8776085376739502,
                    3.5377533435821533
                ],
                [
                    0.8776919841766357,
                    0.006603661458939314,
                    0.4791797399520874,
                    1.9316353797912598
                ],
                [
                    0.0,
                    0.9999050498008728,
                    -0.013779868371784687,
                    -0.05554842948913574
                ],
                [
                    0.0,
                    0.0,
                    0.0,
                    1.0
                ]
            ]
        },
        {
            "file_path": "/data/shapenet_blender/all_50_random/02958343/de58645e0e00e6be73905da0c7336cf4/r_3",
            "rotation": 0.12566370614359174,
            "transform_matrix": [
                [
                    0.9840538501739502,
                    0.05401816964149475,
                    0.16947005689144135,
                    0.6831556558609009
                ],
                [
                    0.17787092924118042,
                    -0.2988503575325012,
                    -0.9375768899917603,
                    -3.7794930934906006
                ],
                [
                    3.725290298461914e-09,
                    0.9527698159217834,
                    -0.30369311571121216,
                    -1.2242261171340942
                ],
                [
                    0.0,
                    0.0,
                    0.0,
                    1.0
                ]
            ]
        },
        {
            "file_path": "/data/shapenet_blender/all_50_random/02958343/de58645e0e00e6be73905da0c7336cf4/r_4",
            "rotation": 0.12566370614359174,
            "transform_matrix": [
                [
                    -0.9160668253898621,
                    -0.34230345487594604,
                    0.20892556011676788,
                    0.8422057628631592
                ],
                [
                    0.40102559328079224,
                    -0.7819272875785828,
                    0.4772507846355438,
                    1.9238592386245728
                ],
                [
                    0.0,
                    0.5209780931472778,
                    0.8535701036453247,
                    3.4408507347106934
                ],
                [
                    0.0,
                    0.0,
                    0.0,
                    1.0
                ]
            ]
        },
        {
            "file_path": "/data/shapenet_blender/all_50_random/02958343/de58645e0e00e6be73905da0c7336cf4/r_5",
            "rotation": 0.12566370614359174,
            "transform_matrix": [
                [
                    -0.1393723338842392,
                    0.2772752344608307,
                    -0.9506281018257141,
                    -3.832104444503784
                ],
                [
                    -0.9902400374412537,
                    -0.039025381207466125,
                    0.13379710912704468,
                    0.5393533706665039
                ],
                [
                    0.0,
                    0.9599976539611816,
                    0.28000807762145996,
                    1.1287486553192139
                ],
                [
                    0.0,
                    0.0,
                    0.0,
                    1.0
                ]
            ]
        },
        {
            "file_path": "/data/shapenet_blender/all_50_random/02958343/de58645e0e00e6be73905da0c7336cf4/r_6",
            "rotation": 0.12566370614359174,
            "transform_matrix": [
                [
                    0.1058293804526329,
                    -0.993450939655304,
                    0.04307158291339874,
                    0.173627108335495
                ],
                [
                    0.9943843483924866,
                    0.10573003441095352,
                    -0.004583980888128281,
                    -0.018478618934750557
                ],
                [
                    0.0,
                    0.043314848095178604,
                    0.9990614652633667,
                    4.027345657348633
                ],
                [
                    0.0,
                    0.0,
                    0.0,
                    1.0
                ]
            ]
        },
        {
            "file_path": "/data/shapenet_blender/all_50_random/02958343/de58645e0e00e6be73905da0c7336cf4/r_7",
            "rotation": 0.12566370614359174,
            "transform_matrix": [
                [
                    -0.15777266025543213,
                    0.0939461961388588,
                    -0.98299640417099,
                    -3.962585210800171
                ],
                [
                    -0.9874754548072815,
                    -0.015010136179625988,
                    0.1570570170879364,
                    0.6331170797348022
                ],
                [
                    0.0,
                    0.9954639673233032,
                    0.09513776749372482,
                    0.38351261615753174
                ],
                [
                    0.0,
                    0.0,
                    0.0,
                    1.0
                ]
            ]
        },
        {
            "file_path": "/data/shapenet_blender/all_50_random/02958343/de58645e0e00e6be73905da0c7336cf4/r_8",
            "rotation": 0.12566370614359174,
            "transform_matrix": [
                [
                    -0.944053053855896,
                    -0.29771310091018677,
                    -0.14188314974308014,
                    -0.571949303150177
                ],
                [
                    -0.329793781042099,
                    0.852220356464386,
                    0.40614843368530273,
                    1.6372368335723877
                ],
                [
                    0.0,
                    0.43021777272224426,
                    -0.9027249813079834,
                    -3.6390011310577393
                ],
                [
                    0.0,
                    0.0,
                    0.0,
                    1.0
                ]
            ]
        },
        {
            "file_path": "/data/shapenet_blender/all_50_random/02958343/de58645e0e00e6be73905da0c7336cf4/r_9",
            "rotation": 0.12566370614359174,
            "transform_matrix": [
                [
                    -0.8527817130088806,
                    -0.35946282744407654,
                    0.3788796365261078,
                    1.5273127555847168
                ],
                [
                    0.5222674012184143,
                    -0.5869470238685608,
                    0.6186516284942627,
                    2.4938647747039795
                ],
                [
                    0.0,
                    0.7254514098167419,
                    0.6882733106613159,
                    2.7745187282562256
                ],
                [
                    0.0,
                    0.0,
                    0.0,
                    1.0
                ]
            ]
        },
        {
            "file_path": "/data/shapenet_blender/all_50_random/02958343/de58645e0e00e6be73905da0c7336cf4/r_10",
            "rotation": 0.12566370614359174,
            "transform_matrix": [
                [
                    0.9979370832443237,
                    0.06040283665060997,
                    -0.021754896268248558,
                    -0.08769679069519043
                ],
                [
                    -0.06420107930898666,
                    0.938897430896759,
                    -0.3381565809249878,
                    -1.3631527423858643
                ],
                [
                    0.0,
                    0.33885568380355835,
                    0.9408383369445801,
                    3.7926406860351562
                ],
                [
                    0.0,
                    0.0,
                    0.0,
                    1.0
                ]
            ]
        },
        {
            "file_path": "/data/shapenet_blender/all_50_random/02958343/de58645e0e00e6be73905da0c7336cf4/r_11",
            "rotation": 0.12566370614359174,
            "transform_matrix": [
                [
                    0.9385673999786377,
                    0.17674046754837036,
                    0.296401709318161,
                    1.194833517074585
                ],
                [
                    0.34509584307670593,
                    -0.4806862771511078,
                    -0.806132435798645,
                    -3.2496237754821777
                ],
                [
                    1.4901160305669237e-08,
                    0.8588966131210327,
                    -0.512148916721344,
                    -2.0645382404327393
                ],
                [
                    0.0,
                    0.0,
                    0.0,
                    1.0
                ]
            ]
        },
        {
            "file_path": "/data/shapenet_blender/all_50_random/02958343/de58645e0e00e6be73905da0c7336cf4/r_12",
            "rotation": 0.12566370614359174,
            "transform_matrix": [
                [
                    0.8415340185165405,
                    0.36445385217666626,
                    0.39874038100242615,
                    1.607373833656311
                ],
                [
                    0.5402041673660278,
                    -0.5677489042282104,
                    -0.6211606860160828,
                    -2.503978729248047
                ],
                [
                    1.4901161193847656e-08,
                    0.7381289601325989,
                    -0.6746596097946167,
                    -2.719639778137207
                ],
                [
                    0.0,
                    0.0,
                    0.0,
                    1.0
                ]
            ]
        },
        {
            "file_path": "/data/shapenet_blender/all_50_random/02958343/de58645e0e00e6be73905da0c7336cf4/r_13",
            "rotation": 0.12566370614359174,
            "transform_matrix": [
                [
                    0.8282356262207031,
                    -0.34538793563842773,
                    -0.4412854015827179,
                    -1.7788782119750977
                ],
                [
                    -0.5603798627853394,
                    -0.510479748249054,
                    -0.6522151827812195,
                    -2.6291635036468506
                ],
                [
                    -1.4901160305669237e-08,
                    0.7874752879142761,
                    -0.6163460612297058,
                    -2.4845705032348633
                ],
                [
                    0.0,
                    0.0,
                    0.0,
                    1.0
                ]
            ]
        },
        {
            "file_path": "/data/shapenet_blender/all_50_random/02958343/de58645e0e00e6be73905da0c7336cf4/r_14",
            "rotation": 0.12566370614359174,
            "transform_matrix": [
                [
                    -0.9303156137466431,
                    0.1745721995830536,
                    -0.32254812121391296,
                    -1.3002328872680664
                ],
                [
                    -0.366759717464447,
                    -0.44281643629074097,
                    0.8181692957878113,
                    3.2981455326080322
                ],
                [
                    0.0,
                    0.8794533610343933,
                    0.4759851396083832,
                    1.9187572002410889
                ],
                [
                    0.0,
                    0.0,
                    0.0,
                    1.0
                ]
            ]
        },
        {
            "file_path": "/data/shapenet_blender/all_50_random/02958343/de58645e0e00e6be73905da0c7336cf4/r_15",
            "rotation": 0.12566370614359174,
            "transform_matrix": [
                [
                    0.981829047203064,
                    -0.13414347171783447,
                    0.13422845304012299,
                    0.5410922169685364
                ],
                [
                    0.18976762890815735,
                    0.6940380334854126,
                    -0.6944777369499207,
                    -2.7995293140411377
                ],
                [
                    7.450580596923828e-09,
                    0.707330584526062,
                    0.7068828344345093,
                    2.8495359420776367
                ],
                [
                    0.0,
                    0.0,
                    0.0,
                    1.0
                ]
            ]
        },
        {
            "file_path": "/data/shapenet_blender/all_50_random/02958343/de58645e0e00e6be73905da0c7336cf4/r_16",
            "rotation": 0.12566370614359174,
            "transform_matrix": [
                [
                    0.9849247336387634,
                    0.0063997479155659676,
                    0.17286472022533417,
                    0.6968400478363037
                ],
                [
                    0.17298313975334167,
                    -0.036438632756471634,
                    -0.9842504262924194,
                    -3.9676406383514404
                ],
                [
                    -4.656612873077393e-10,
                    0.9993153214454651,
                    -0.03699636086821556,
                    -0.14913710951805115
                ],
                [
                    0.0,
                    0.0,
                    0.0,
                    1.0
                ]
            ]
        },
        {
            "file_path": "/data/shapenet_blender/all_50_random/02958343/de58645e0e00e6be73905da0c7336cf4/r_17",
            "rotation": 0.12566370614359174,
            "transform_matrix": [
                [
                    0.4267773926258087,
                    0.4929746687412262,
                    -0.7581800818443298,
                    -3.056321382522583
                ],
                [
                    -0.9043566584587097,
                    0.23264102637767792,
                    -0.3577948212623596,
                    -1.4423168897628784
                ],
                [
                    1.4901160305669237e-08,
                    0.8383639454841614,
                    0.5451108813285828,
                    2.1974120140075684
                ],
                [
                    0.0,
                    0.0,
                    0.0,
                    1.0
                ]
            ]
        },
        {
            "file_path": "/data/shapenet_blender/all_50_random/02958343/de58645e0e00e6be73905da0c7336cf4/r_18",
            "rotation": 0.12566370614359174,
            "transform_matrix": [
                [
                    0.566978931427002,
                    -0.4112778306007385,
                    0.7137123942375183,
                    2.8770668506622314
                ],
                [
                    0.823732316493988,
                    0.283084511756897,
                    -0.49125170707702637,
                    -1.9802991151809692
                ],
                [
                    1.4901161193847656e-08,
                    0.8664373755455017,
                    0.4992857277393341,
                    2.0126852989196777
                ],
                [
                    0.0,
                    0.0,
                    0.0,
                    1.0
                ]
            ]
        },
        {
            "file_path": "/data/shapenet_blender/all_50_random/02958343/de58645e0e00e6be73905da0c7336cf4/r_19",
            "rotation": 0.12566370614359174,
            "transform_matrix": [
                [
                    0.965385913848877,
                    -0.21572540700435638,
                    -0.1466038078069687,
                    -0.5909788608551025
                ],
                [
                    -0.26082590222358704,
                    -0.7984570860862732,
                    -0.5426196455955505,
                    -2.1873698234558105
                ],
                [
                    0.0,
                    0.5620753765106201,
                    -0.8270859718322754,
                    -3.334090232849121
                ],
                [
                    0.0,
                    0.0,
                    0.0,
                    1.0
                ]
            ]
        },
        {
            "file_path": "/data/shapenet_blender/all_50_random/02958343/de58645e0e00e6be73905da0c7336cf4/r_20",
            "rotation": 0.12566370614359174,
            "transform_matrix": [
                [
                    0.8389571905136108,
                    0.21314182877540588,
                    -0.5007209777832031,
                    -2.0184710025787354
                ],
                [
                    -0.5441976189613342,
                    0.32858806848526,
                    -0.7719318270683289,
                    -3.1117570400238037
                ],
                [
                    -1.4901162970204496e-08,
                    0.9201088547706604,
                    0.3916625678539276,
                    1.5788424015045166
                ],
                [
                    0.0,
                    0.0,
                    0.0,
                    1.0
                ]
            ]
        },
        {
            "file_path": "/data/shapenet_blender/all_50_random/02958343/de58645e0e00e6be73905da0c7336cf4/r_21",
            "rotation": 0.12566370614359174,
            "transform_matrix": [
                [
                    -0.5257841944694519,
                    -0.12917523086071014,
                    0.8407524228096008,
                    3.389181613922119
                ],
                [
                    0.8506180047988892,
                    -0.07984582334756851,
                    0.5196860432624817,
                    2.094921588897705
                ],
                [
                    0.0,
                    0.9884019494056702,
                    0.15186043083667755,
                    0.6121690273284912
                ],
                [
                    0.0,
                    0.0,
                    0.0,
                    1.0
                ]
            ]
        },
        {
            "file_path": "/data/shapenet_blender/all_50_random/02958343/de58645e0e00e6be73905da0c7336cf4/r_22",
            "rotation": 0.12566370614359174,
            "transform_matrix": [
                [
                    -0.9979944229125977,
                    0.036302607506513596,
                    -0.05186016857624054,
                    -0.20905502140522003
                ],
                [
                    -0.06330368667840958,
                    -0.572317361831665,
                    0.8175851702690125,
                    3.2957911491394043
                ],
                [
                    -1.862645371275562e-09,
                    0.8192282319068909,
                    0.5734675526618958,
                    2.3117215633392334
                ],
                [
                    0.0,
                    0.0,
                    0.0,
                    1.0
                ]
            ]
        },
        {
            "file_path": "/data/shapenet_blender/all_50_random/02958343/de58645e0e00e6be73905da0c7336cf4/r_23",
            "rotation": 0.12566370614359174,
            "transform_matrix": [
                [
                    0.8410935997962952,
                    -0.37762632966041565,
                    0.38724663853645325,
                    1.561040997505188
                ],
                [
                    0.5408895611763,
                    0.5872161388397217,
                    -0.6021758317947388,
                    -2.427448034286499
                ],
                [
                    -2.9802320611338473e-08,
                    0.7159437537193298,
                    0.6981579065322876,
                    2.814364194869995
                ],
                [
                    0.0,
                    0.0,
                    0.0,
                    1.0
                ]
            ]
        },
        {
            "file_path": "/data/shapenet_blender/all_50_random/02958343/de58645e0e00e6be73905da0c7336cf4/r_24",
            "rotation": 0.12566370614359174,
            "transform_matrix": [
                [
                    -0.974273145198822,
                    -0.14716635644435883,
                    -0.17068679630756378,
                    -0.688060462474823
                ],
                [
                    -0.2253706157207489,
                    0.6361975073814392,
                    0.7378758788108826,
                    2.974472761154175
                ],
                [
                    7.450580596923828e-09,
                    0.7573602795600891,
                    -0.6529971361160278,
                    -2.6323156356811523
                ],
                [
                    0.0,
                    0.0,
                    0.0,
                    1.0
                ]
            ]
        },
        {
            "file_path": "/data/shapenet_blender/all_50_random/02958343/de58645e0e00e6be73905da0c7336cf4/r_25",
            "rotation": 0.12566370614359174,
            "transform_matrix": [
                [
                    0.7424231171607971,
                    -0.07341582328081131,
                    -0.665896475315094,
                    -2.684314489364624
                ],
                [
                    -0.6699313521385193,
                    -0.08135998249053955,
                    -0.7379516363143921,
                    -2.974778175354004
                ],
                [
                    0.0,
                    0.9939771890640259,
                    -0.10958709567785263,
                    -0.44175970554351807
                ],
                [
                    0.0,
                    0.0,
                    0.0,
                    1.0
                ]
            ]
        },
        {
            "file_path": "/data/shapenet_blender/all_50_random/02958343/de58645e0e00e6be73905da0c7336cf4/r_26",
            "rotation": 0.12566370614359174,
            "transform_matrix": [
                [
                    -0.5626552700996399,
                    0.013356932438910007,
                    -0.826583743095398,
                    -3.3320655822753906
                ],
                [
                    -0.826691746711731,
                    -0.00909087248146534,
                    0.5625818371772766,
                    2.2678399085998535
                ],
                [
                    0.0,
                    0.9998693466186523,
                    0.01615709438920021,
                    0.06513132899999619
                ],
                [
                    0.0,
                    0.0,
                    0.0,
                    1.0
                ]
            ]
        },
        {
            "file_path": "/data/shapenet_blender/all_50_random/02958343/de58645e0e00e6be73905da0c7336cf4/r_27",
            "rotation": 0.12566370614359174,
            "transform_matrix": [
                [
                    -0.7797037363052368,
                    -0.17780326306819916,
                    -0.600373387336731,
                    -2.420182228088379
                ],
                [
                    -0.6261487007141113,
                    0.22140727937221527,
                    0.7476073503494263,
                    3.0137012004852295
                ],
                [
                    1.4901161193847656e-08,
                    0.9588350653648376,
                    -0.2839633822441101,
                    -1.1446928977966309
                ],
                [
                    0.0,
                    0.0,
                    0.0,
                    1.0
                ]
            ]
        },
        {
            "file_path": "/data/shapenet_blender/all_50_random/02958343/de58645e0e00e6be73905da0c7336cf4/r_28",
            "rotation": 0.12566370614359174,
            "transform_matrix": [
                [
                    0.6768187880516052,
                    0.29550468921661377,
                    -0.6742353439331055,
                    -2.7179296016693115
                ],
                [
                    -0.7361496686935425,
                    0.2716881036758423,
                    -0.6198945045471191,
                    -2.4988746643066406
                ],
                [
                    0.0,
                    0.9158943295478821,
                    0.40141934156417847,
                    1.6181731224060059
                ],
                [
                    0.0,
                    0.0,
                    0.0,
                    1.0
                ]
            ]
        },
        {
            "file_path": "/data/shapenet_blender/all_50_random/02958343/de58645e0e00e6be73905da0c7336cf4/r_29",
            "rotation": 0.12566370614359174,
            "transform_matrix": [
                [
                    0.8484208583831787,
                    -0.08611191064119339,
                    -0.5222708582878113,
                    -2.1053411960601807
                ],
                [
                    -0.5293223857879639,
                    -0.13802391290664673,
                    -0.83711838722229,
                    -3.3745322227478027
                ],
                [
                    0.0,
                    0.9866783022880554,
                    -0.16268332302570343,
                    -0.6557974219322205
                ],
                [
                    0.0,
                    0.0,
                    0.0,
                    1.0
                ]
            ]
        },
        {
            "file_path": "/data/shapenet_blender/all_50_random/02958343/de58645e0e00e6be73905da0c7336cf4/r_30",
            "rotation": 0.12566370614359174,
            "transform_matrix": [
                [
                    0.999934196472168,
                    -0.004386181477457285,
                    0.010603217408061028,
                    0.04274293780326843
                ],
                [
                    0.011474616825580597,
                    0.3822256624698639,
                    -0.9239977598190308,
                    -3.7247540950775146
                ],
                [
                    4.656612873077393e-10,
                    0.9240586161613464,
                    0.3822508454322815,
                    1.5409024953842163
                ],
                [
                    0.0,
                    0.0,
                    0.0,
                    1.0
                ]
            ]
        },
        {
            "file_path": "/data/shapenet_blender/all_50_random/02958343/de58645e0e00e6be73905da0c7336cf4/r_31",
            "rotation": 0.12566370614359174,
            "transform_matrix": [
                [
                    -0.3676326274871826,
                    -0.040633659809827805,
                    0.9290829300880432,
                    3.745253086090088
                ],
                [
                    0.9299710988998413,
                    -0.0160631462931633,
                    0.36728155612945557,
                    1.4805593490600586
                ],
                [
                    1.862645149230957e-09,
                    0.9990449547767639,
                    0.04369346424937248,
                    0.17613399028778076
                ],
                [
                    0.0,
                    0.0,
                    0.0,
                    1.0
                ]
            ]
        },
        {
            "file_path": "/data/shapenet_blender/all_50_random/02958343/de58645e0e00e6be73905da0c7336cf4/r_32",
            "rotation": 0.12566370614359174,
            "transform_matrix": [
                [
                    -0.6329779028892517,
                    -0.43402186036109924,
                    0.6410646438598633,
                    2.584214448928833
                ],
                [
                    0.7741697430610657,
                    -0.3548656105995178,
                    0.5241482853889465,
                    2.1129095554351807
                ],
                [
                    -2.9802320611338473e-08,
                    0.8280673623085022,
                    0.5606285929679871,
                    2.2599663734436035
                ],
                [
                    0.0,
                    0.0,
                    0.0,
                    1.0
                ]
            ]
        },
        {
            "file_path": "/data/shapenet_blender/all_50_random/02958343/de58645e0e00e6be73905da0c7336cf4/r_33",
            "rotation": 0.12566370614359174,
            "transform_matrix": [
                [
                    -0.3338313102722168,
                    -0.9387708306312561,
                    0.08524004369974136,
                    0.3436135947704315
                ],
                [
                    0.942632794380188,
                    -0.3324635922908783,
                    0.030187571421265602,
                    0.12168999016284943
                ],
                [
                    0.0,
                    0.0904276967048645,
                    0.9959030747413635,
                    4.014613628387451
                ],
                [
                    0.0,
                    0.0,
                    0.0,
                    1.0
                ]
            ]
        },
        {
            "file_path": "/data/shapenet_blender/all_50_random/02958343/de58645e0e00e6be73905da0c7336cf4/r_34",
            "rotation": 0.12566370614359174,
            "transform_matrix": [
                [
                    0.5662035346031189,
                    0.08340644836425781,
                    0.8200348019599915,
                    3.305665969848633
                ],
                [
                    0.8242656588554382,
                    -0.057293448597192764,
                    -0.5632972717285156,
                    -2.270723819732666
                ],
                [
                    -3.725290742551124e-09,
                    0.9948672652244568,
                    -0.10118880122900009,
                    -0.40790510177612305
                ],
                [
                    0.0,
                    0.0,
                    0.0,
                    1.0
                ]
            ]
        },
        {
            "file_path": "/data/shapenet_blender/all_50_random/02958343/de58645e0e00e6be73905da0c7336cf4/r_35",
            "rotation": 0.12566370614359174,
            "transform_matrix": [
                [
                    0.04279922693967819,
                    0.1636991798877716,
                    0.9855815172195435,
                    3.973005771636963
                ],
                [
                    0.9990837574005127,
                    -0.007012623827904463,
                    -0.042220812290906906,
                    -0.1701975166797638
                ],
                [
                    0.0,
                    0.9864853024482727,
                    -0.163849338889122,
                    -0.6604977250099182
                ],
                [
                    0.0,
                    0.0,
                    0.0,
                    1.0
                ]
            ]
        },
        {
            "file_path": "/data/shapenet_blender/all_50_random/02958343/de58645e0e00e6be73905da0c7336cf4/r_36",
            "rotation": 0.12566370614359174,
            "transform_matrix": [
                [
                    0.8595858812332153,
                    0.09428757429122925,
                    0.5022170543670654,
                    2.0245018005371094
                ],
                [
                    0.5109913349151611,
                    -0.15860986709594727,
                    -0.8448258638381958,
                    -3.405601978302002
                ],
                [
                    0.0,
                    0.9828289747238159,
                    -0.1845189332962036,
                    -0.7438195943832397
                ],
                [
                    0.0,
                    0.0,
                    0.0,
                    1.0
                ]
            ]
        },
        {
            "file_path": "/data/shapenet_blender/all_50_random/02958343/de58645e0e00e6be73905da0c7336cf4/r_37",
            "rotation": 0.12566370614359174,
            "transform_matrix": [
                [
                    0.9844202995300293,
                    -0.03254377469420433,
                    0.17279374599456787,
                    0.6965539455413818
                ],
                [
                    0.17583169043064117,
                    0.18220125138759613,
                    -0.9674119353294373,
                    -3.8997623920440674
                ],
                [
                    0.0,
                    0.9827225208282471,
                    0.18508481979370117,
                    0.7461008429527283
                ],
                [
                    0.0,
                    0.0,
                    0.0,
                    1.0
                ]
            ]
        },
        {
            "file_path": "/data/shapenet_blender/all_50_random/02958343/de58645e0e00e6be73905da0c7336cf4/r_38",
            "rotation": 0.12566370614359174,
            "transform_matrix": [
                [
                    -0.29505395889282227,
                    -0.35583505034446716,
                    0.8867493867874146,
                    3.574601173400879
                ],
                [
                    0.9554805755615234,
                    -0.10988244414329529,
                    0.2738296687602997,
                    1.1038427352905273
                ],
                [
                    -7.450580596923828e-09,
                    0.9280663728713989,
                    0.3724147379398346,
                    1.5012518167495728
                ],
                [
                    0.0,
                    0.0,
                    0.0,
                    1.0
                ]
            ]
        },
        {
            "file_path": "/data/shapenet_blender/all_50_random/02958343/de58645e0e00e6be73905da0c7336cf4/r_39",
            "rotation": 0.12566370614359174,
            "transform_matrix": [
                [
                    0.008504846133291721,
                    0.6681363582611084,
                    0.7439901828765869,
                    2.9991204738616943
                ],
                [
                    0.9999638795852661,
                    -0.005682602059096098,
                    -0.006327750626951456,
                    -0.025507979094982147
                ],
                [
                    0.0,
                    0.7440171241760254,
                    -0.6681604981422424,
                    -2.693441152572632
                ],
                [
                    0.0,
                    0.0,
                    0.0,
                    1.0
                ]
            ]
        },
        {
            "file_path": "/data/shapenet_blender/all_50_random/02958343/de58645e0e00e6be73905da0c7336cf4/r_40",
            "rotation": 0.12566370614359174,
            "transform_matrix": [
                [
                    0.8709363341331482,
                    0.04106961935758591,
                    -0.4896765351295471,
                    -1.9739493131637573
                ],
                [
                    -0.4913957715034485,
                    0.07279065996408463,
                    -0.8678891658782959,
                    -3.4985733032226562
                ],
                [
                    0.0,
                    0.9965012669563293,
                    0.0835774689912796,
                    0.3369115889072418
                ],
                [
                    0.0,
                    0.0,
                    0.0,
                    1.0
                ]
            ]
        },
        {
            "file_path": "/data/shapenet_blender/all_50_random/02958343/de58645e0e00e6be73905da0c7336cf4/r_41",
            "rotation": 0.12566370614359174,
            "transform_matrix": [
                [
                    -0.7761666178703308,
                    -0.21950389444828033,
                    0.5910865664482117,
                    2.3827462196350098
                ],
                [
                    0.6305277943611145,
                    -0.27020472288131714,
                    0.7276152968406677,
                    2.9331111907958984
                ],
                [
                    0.0,
