{
    "class": "02958343",
    "model": "fd7741b7927726bda37f3fc191551700",
    "remove_doubles": true,
    "edge_split": true,
    "denoise": true,
    "camera_angle_x": 0.6911112070083618,
    "scale_factor": 2.2989773539874587,
    "hdri_file": "/data/IndoorHDRDataset2018/AG8A8205-b41ec709ba.exr",
    "center_offset": [
        0.0,
        -2.7939677238464355e-09,
        0.0
    ],
    "lights": [],
    "frames": [
        {
            "file_path": "/data/shapenet_blender/all_50_random/02958343/fd7741b7927726bda37f3fc191551700/r_0",
            "rotation": 0.12566370614359174,
            "transform_matrix": [
                [
                    -0.9265828728675842,
                    0.14967070519924164,
                    0.3450261056423187,
                    1.390844702720642
                ],
                [
                    0.3760909140110016,
                    0.3687467873096466,
                    0.8500478863716125,
                    3.426652669906616
                ],
                [
                    0.0,
                    0.9174009561538696,
                    -0.3979641795158386,
                    -1.6042449474334717
                ],
                [
                    0.0,
                    0.0,
                    0.0,
                    1.0
                ]
            ]
        },
        {
            "file_path": "/data/shapenet_blender/all_50_random/02958343/fd7741b7927726bda37f3fc191551700/r_1",
            "rotation": 0.12566370614359174,
            "transform_matrix": [
                [
                    0.2893162667751312,
                    -0.5448774099349976,
                    -0.7870226502418518,
                    -3.1725897789001465
                ],
                [
                    -0.9572335481643677,
                    -0.16468489170074463,
                    -0.23787137866020203,
                    -0.9588901996612549
                ],
                [
                    0.0,
                    0.8221845030784607,
                    -0.569221019744873,
                    -2.2946033477783203
                ],
                [
                    0.0,
                    0.0,
                    0.0,
                    1.0
                ]
            ]
        },
        {
            "file_path": "/data/shapenet_blender/all_50_random/02958343/fd7741b7927726bda37f3fc191551700/r_2",
            "rotation": 0.12566370614359174,
            "transform_matrix": [
                [
                    0.9829591512680054,
                    0.061918023973703384,
                    0.1730823665857315,
                    0.6977173089981079
                ],
                [
                    0.18382424116134644,
                    -0.33109280467033386,
                    -0.9255193471908569,
                    -3.7308878898620605
                ],
                [
                    -3.725290298461914e-09,
                    0.9415644407272339,
                    -0.33683276176452637,
                    -1.3578163385391235
                ],
                [
                    0.0,
                    0.0,
                    0.0,
                    1.0
                ]
            ]
        },
        {
            "file_path": "/data/shapenet_blender/all_50_random/02958343/fd7741b7927726bda37f3fc191551700/r_3",
            "rotation": 0.12566370614359174,
            "transform_matrix": [
                [
                    -0.5988297462463379,
                    0.26322704553604126,
                    0.7563824653625488,
                    3.0490753650665283
                ],
                [
                    0.8008763194084167,
                    0.19681963324546814,
                    0.5655608773231506,
                    2.27984881401062
                ],
                [
                    0.0,
                    0.9444434642791748,
                    -0.32867375016212463,
                    -1.3249262571334839
                ],
                [
                    0.0,
                    0.0,
                    0.0,
                    1.0
                ]
            ]
        },
        {
            "file_path": "/data/shapenet_blender/all_50_random/02958343/fd7741b7927726bda37f3fc191551700/r_4",
            "rotation": 0.12566370614359174,
            "transform_matrix": [
                [
                    -0.8404138088226318,
                    0.2878197133541107,
                    0.4591998755931854,
                    1.8510940074920654
                ],
                [
                    0.5419453978538513,
                    0.446332186460495,
                    0.7120974659919739,
                    2.8705568313598633
                ],
                [
                    1.4901162970204496e-08,
                    0.8473176956176758,
                    -0.5310862064361572,
                    -2.1408772468566895
                ],
                [
                    0.0,
                    0.0,
                    0.0,
                    1.0
                ]
            ]
        },
        {
            "file_path": "/data/shapenet_blender/all_50_random/02958343/fd7741b7927726bda37f3fc191551700/r_5",
            "rotation": 0.12566370614359174,
            "transform_matrix": [
                [
                    0.23529689013957977,
                    0.11716782301664352,
                    0.9648352265357971,
                    3.8893752098083496
                ],
                [
                    0.9719235897064209,
                    -0.02836562879383564,
                    -0.2335808426141739,
                    -0.9415944814682007
                ],
                [
                    0.0,
                    0.9927069544792175,
                    -0.12055250257253647,
                    -0.4859626889228821
                ],
                [
                    0.0,
                    0.0,
                    0.0,
                    1.0
                ]
            ]
        },
        {
            "file_path": "/data/shapenet_blender/all_50_random/02958343/fd7741b7927726bda37f3fc191551700/r_6",
            "rotation": 0.12566370614359174,
            "transform_matrix": [
                [
                    0.7054442167282104,
                    0.09273609519004822,
                    0.7026724219322205,
                    2.8325631618499756
                ],
                [
                    0.7087655067443848,
                    -0.09230153262615204,
                    -0.6993796825408936,
                    -2.8192896842956543
                ],
                [
                    0.0,
                    0.9914032816886902,
                    -0.1308417171239853,
                    -0.5274398326873779
                ],
                [
                    0.0,
                    0.0,
                    0.0,
                    1.0
                ]
            ]
        },
        {
            "file_path": "/data/shapenet_blender/all_50_random/02958343/fd7741b7927726bda37f3fc191551700/r_7",
            "rotation": 0.12566370614359174,
            "transform_matrix": [
                [
                    -0.94161456823349,
                    0.2779041826725006,
                    0.19008225202560425,
                    0.7662461996078491
                ],
                [
                    0.336692750453949,
                    0.7772030234336853,
                    0.5315951108932495,
                    2.1429286003112793
                ],
                [
                    0.0,
                    0.5645570755004883,
                    -0.8253939151763916,
                    -3.3272697925567627
                ],
                [
                    0.0,
                    0.0,
                    0.0,
                    1.0
                ]
            ]
        },
        {
            "file_path": "/data/shapenet_blender/all_50_random/02958343/fd7741b7927726bda37f3fc191551700/r_8",
            "rotation": 0.12566370614359174,
            "transform_matrix": [
                [
                    0.8564891815185547,
                    -0.09197337925434113,
                    0.5079047083854675,
                    2.047429323196411
                ],
                [
                    0.516165018081665,
                    0.15261436998844147,
                    -0.8427826166152954,
                    -3.3973653316497803
                ],
                [
                    0.0,
                    0.9839968085289001,
                    0.17818601429462433,
                    0.7182908058166504
                ],
                [
                    0.0,
                    0.0,
                    0.0,
                    1.0
                ]
            ]
        },
        {
            "file_path": "/data/shapenet_blender/all_50_random/02958343/fd7741b7927726bda37f3fc191551700/r_9",
            "rotation": 0.12566370614359174,
            "transform_matrix": [
                [
                    -0.9311797022819519,
                    -0.3364707827568054,
                    -0.1403273642063141,
                    -0.5656777620315552
                ],
                [
                    -0.3645605146884918,
                    0.8594313859939575,
                    0.35843154788017273,
                    1.444883942604065
                ],
                [
                    0.0,
                    0.384922057390213,
                    -0.9229490160942078,
                    -3.720526695251465
                ],
                [
                    0.0,
                    0.0,
                    0.0,
                    1.0
                ]
            ]
        },
        {
            "file_path": "/data/shapenet_blender/all_50_random/02958343/fd7741b7927726bda37f3fc191551700/r_10",
            "rotation": 0.12566370614359174,
            "transform_matrix": [
                [
                    -0.9640036821365356,
                    0.09958834946155548,
                    -0.24653440713882446,
                    -0.9938119649887085
                ],
                [
                    -0.2658891975879669,
                    -0.36106595396995544,
                    0.8938312530517578,
                    3.603148937225342
                ],
                [
                    0.0,
                    0.9272072315216064,
                    0.37454840540885925,
                    1.5098528861999512
                ],
                [
                    0.0,
                    0.0,
                    0.0,
                    1.0
                ]
            ]
        },
        {
            "file_path": "/data/shapenet_blender/all_50_random/02958343/fd7741b7927726bda37f3fc191551700/r_11",
            "rotation": 0.12566370614359174,
            "transform_matrix": [
                [
                    -0.6501659154891968,
                    -0.6487433314323425,
                    0.39549484848976135,
                    1.5942907333374023
                ],
                [
                    0.7597923278808594,
                    -0.5551396608352661,
                    0.3384310305118561,
                    1.364259123802185
                ],
                [
                    0.0,
                    0.5205301642417908,
                    0.8538432121276855,
                    3.4419519901275635
                ],
                [
                    0.0,
                    0.0,
                    0.0,
                    1.0
                ]
            ]
        },
        {
            "file_path": "/data/shapenet_blender/all_50_random/02958343/fd7741b7927726bda37f3fc191551700/r_12",
            "rotation": 0.12566370614359174,
            "transform_matrix": [
                [
                    0.7898590564727783,
                    0.35162070393562317,
                    -0.5024794340133667,
                    -2.025559425354004
                ],
                [
                    -0.6132885217666626,
                    0.45285508036613464,
                    -0.6471472382545471,
                    -2.608733892440796
                ],
                [
                    -1.4901161193847656e-08,
                    0.8193199038505554,
                    0.573336660861969,
                    2.3111939430236816
                ],
                [
                    0.0,
                    0.0,
                    0.0,
                    1.0
                ]
            ]
        },
        {
            "file_path": "/data/shapenet_blender/all_50_random/02958343/fd7741b7927726bda37f3fc191551700/r_13",
            "rotation": 0.12566370614359174,
            "transform_matrix": [
                [
                    -0.6282256841659546,
                    -0.39397984743118286,
                    0.6709040403366089,
                    2.704500675201416
                ],
                [
                    0.778031051158905,
                    -0.3181213140487671,
                    0.5417253971099854,
                    2.183764934539795
                ],
                [
                    0.0,
                    0.8623100519180298,
                    0.5063806176185608,
                    2.041285514831543
                ],
                [
                    0.0,
                    0.0,
                    0.0,
                    1.0
                ]
            ]
        },
        {
            "file_path": "/data/shapenet_blender/all_50_random/02958343/fd7741b7927726bda37f3fc191551700/r_14",
            "rotation": 0.12566370614359174,
            "transform_matrix": [
                [
                    -0.06333433836698532,
                    0.4853782653808594,
                    0.8720072507858276,
                    3.5151736736297607
                ],
                [
                    0.9979923367500305,
                    0.030802953988313675,
                    0.055339109152555466,
                    0.22307908535003662
                ],
                [
                    1.8626450382086546e-09,
                    0.8737615346908569,
                    -0.48635464906692505,
                    -1.960558295249939
                ],
                [
                    0.0,
                    0.0,
                    0.0,
                    1.0
                ]
            ]
        },
        {
            "file_path": "/data/shapenet_blender/all_50_random/02958343/fd7741b7927726bda37f3fc191551700/r_15",
            "rotation": 0.12566370614359174,
            "transform_matrix": [
                [
                    0.672070324420929,
                    -0.11167910695075989,
                    0.7320172786712646,
                    2.9508559703826904
                ],
                [
                    0.7404873967170715,
                    0.10136055201292038,
                    -0.6643827557563782,
                    -2.6782126426696777
                ],
                [
                    0.0,
                    0.9885615110397339,
                    0.1508183628320694,
                    0.607968270778656
                ],
                [
                    0.0,
                    0.0,
                    0.0,
                    1.0
                ]
            ]
        },
        {
            "file_path": "/data/shapenet_blender/all_50_random/02958343/fd7741b7927726bda37f3fc191551700/r_16",
            "rotation": 0.12566370614359174,
            "transform_matrix": [
                [
                    0.5838562250137329,
                    -0.2677297592163086,
                    -0.7664415240287781,
                    -3.0896248817443848
                ],
                [
                    -0.8118571043014526,
                    -0.19254085421562195,
                    -0.5511950850486755,
                    -2.2219386100769043
                ],
                [
                    1.4901161193847656e-08,
                    0.9440596699714661,
                    -0.3297744393348694,
                    -1.3293633460998535
                ],
                [
                    0.0,
                    0.0,
                    0.0,
                    1.0
                ]
            ]
        },
        {
            "file_path": "/data/shapenet_blender/all_50_random/02958343/fd7741b7927726bda37f3fc191551700/r_17",
            "rotation": 0.12566370614359174,
            "transform_matrix": [
                [
                    0.8551222085952759,
                    -0.18130479753017426,
                    -0.48568984866142273,
                    -1.9578783512115479
                ],
                [
                    -0.5184265375137329,
                    -0.29905444383621216,
                    -0.8011244535446167,
                    -3.229435920715332
                ],
                [
                    0.0,
                    0.93685382604599,
                    -0.3497212827205658,
                    -1.4097715616226196
                ],
                [
                    0.0,
                    0.0,
                    0.0,
                    1.0
                ]
            ]
        },
        {
            "file_path": "/data/shapenet_blender/all_50_random/02958343/fd7741b7927726bda37f3fc191551700/r_18",
            "rotation": 0.12566370614359174,
            "transform_matrix": [
                [
                    -0.9924702644348145,
                    0.0005960288108326495,
                    0.12248420715332031,
                    0.49374955892562866
                ],
                [
                    0.12248565256595612,
                    0.0048294709995388985,
                    0.9924585819244385,
                    4.000728130340576
                ],
                [
                    0.0,
                    0.9999882578849792,
                    -0.004866111092269421,
                    -0.019615918397903442
                ],
                [
                    0.0,
                    0.0,
                    0.0,
                    1.0
                ]
            ]
        },
        {
            "file_path": "/data/shapenet_blender/all_50_random/02958343/fd7741b7927726bda37f3fc191551700/r_19",
            "rotation": 0.12566370614359174,
            "transform_matrix": [
                [
                    0.9997048377990723,
                    0.01252557523548603,
                    0.0208200104534626,
                    0.08392813801765442
                ],
                [
                    0.024297382682561874,
                    -0.515359103679657,
                    -0.8566298484802246,
                    -3.4531848430633545
                ],
                [
                    9.313225746154785e-10,
                    0.8568825721740723,
                    -0.5155114531517029,
                    -2.0780928134918213
                ],
                [
                    0.0,
                    0.0,
                    0.0,
                    1.0
                ]
            ]
        },
        {
            "file_path": "/data/shapenet_blender/all_50_random/02958343/fd7741b7927726bda37f3fc191551700/r_20",
            "rotation": 0.12566370614359174,
            "transform_matrix": [
                [
                    -0.38182690739631653,
                    0.7664785385131836,
                    0.5164483189582825,
                    2.0818700790405273
                ],
                [
                    0.9242339134216309,
                    0.3166537284851074,
                    0.21335925161838531,
                    0.8600786924362183
                ],
                [
                    -1.4901162970204496e-08,
                    0.5587853193283081,
                    -0.8293122053146362,
                    -3.343064785003662
                ],
                [
                    0.0,
                    0.0,
                    0.0,
                    1.0
                ]
            ]
        },
        {
            "file_path": "/data/shapenet_blender/all_50_random/02958343/fd7741b7927726bda37f3fc191551700/r_21",
            "rotation": 0.12566370614359174,
            "transform_matrix": [
                [
                    -0.9958062767982483,
                    0.056451667100191116,
                    -0.07199238240718842,
                    -0.2902105748653412
                ],
                [
                    -0.09148602187633514,
                    -0.6144645810127258,
                    0.7836220264434814,
                    3.158881187438965
                ],
                [
                    -3.7252896323280993e-09,
                    0.7869219779968262,
                    0.6170523762702942,
                    2.487417697906494
                ],
                [
                    0.0,
                    0.0,
                    0.0,
                    1.0
                ]
            ]
        },
        {
            "file_path": "/data/shapenet_blender/all_50_random/02958343/fd7741b7927726bda37f3fc191551700/r_22",
            "rotation": 0.12566370614359174,
            "transform_matrix": [
                [
                    -0.8772422671318054,
                    0.11113245785236359,
                    -0.4670071005821228,
                    -1.8825658559799194
                ],
                [
                    -0.4800480008125305,
                    -0.2030840367078781,
                    0.8534112572669983,
                    3.4402108192443848
                ],
                [
                    0.0,
                    0.9728341698646545,
                    0.23150281608104706,
                    0.9332177042961121
                ],
                [
                    0.0,
                    0.0,
                    0.0,
                    1.0
                ]
            ]
        },
        {
            "file_path": "/data/shapenet_blender/all_50_random/02958343/fd7741b7927726bda37f3fc191551700/r_23",
            "rotation": 0.12566370614359174,
            "transform_matrix": [
                [
                    0.998757541179657,
                    -0.034436892718076706,
                    -0.036021217703819275,
                    -0.14520618319511414
                ],
                [
                    -0.049834009259939194,
                    -0.6901734471321106,
                    -0.7219259142875671,
                    -2.9101767539978027
                ],
                [
                    -1.862645149230957e-09,
                    0.722823977470398,
                    -0.6910320520401001,
                    -2.785639524459839
                ],
                [
                    0.0,
                    0.0,
                    0.0,
                    1.0
                ]
            ]
        },
        {
            "file_path": "/data/shapenet_blender/all_50_random/02958343/fd7741b7927726bda37f3fc191551700/r_24",
            "rotation": 0.12566370614359174,
            "transform_matrix": [
                [
                    -0.597344696521759,
                    0.23822706937789917,
                    -0.7657852172851562,
                    -3.0869791507720947
                ],
                [
                    -0.8019844889640808,
                    -0.17743945121765137,
                    0.570382297039032,
                    2.2992849349975586
                ],
                [
                    0.0,
                    0.9548628926277161,
                    0.2970469295978546,
                    1.1974345445632935
                ],
                [
                    0.0,
                    0.0,
                    0.0,
                    1.0
                ]
            ]
        },
        {
            "file_path": "/data/shapenet_blender/all_50_random/02958343/fd7741b7927726bda37f3fc191551700/r_25",
            "rotation": 0.12566370614359174,
            "transform_matrix": [
                [
                    0.45471394062042236,
                    -0.8465614318847656,
                    -0.2767108082771301,
                    -1.1154569387435913
                ],
                [
                    -0.8906376957893372,
                    -0.43221086263656616,
                    -0.1412743479013443,
                    -0.5694951415061951
                ],
                [
                    -7.450582373280668e-09,
                    0.31068849563598633,
                    -0.9505117535591125,
                    -3.8316354751586914
                ],
                [
                    0.0,
                    0.0,
                    0.0,
                    1.0
                ]
            ]
        },
        {
            "file_path": "/data/shapenet_blender/all_50_random/02958343/fd7741b7927726bda37f3fc191551700/r_26",
            "rotation": 0.12566370614359174,
            "transform_matrix": [
                [
                    -0.6672078371047974,
                    0.5503543019294739,
                    0.5019400715827942,
                    2.0233852863311768
                ],
                [
                    0.7448716759681702,
                    0.4929717779159546,
                    0.4496054947376251,
                    1.8124178647994995
                ],
                [
                    2.9802322387695312e-08,
                    0.6738611459732056,
                    -0.7388579249382019,
                    -2.9784317016601562
                ],
                [
                    0.0,
                    0.0,
                    0.0,
                    1.0
                ]
            ]
        },
        {
            "file_path": "/data/shapenet_blender/all_50_random/02958343/fd7741b7927726bda37f3fc191551700/r_27",
            "rotation": 0.12566370614359174,
            "transform_matrix": [
                [
                    -0.6433295607566833,
                    -0.09996921569108963,
                    -0.7590343356132507,
                    -3.059765338897705
                ],
                [
                    -0.7655893564224243,
                    0.08400476723909378,
                    0.6378213763237,
                    2.5711402893066406
                ],
                [
                    0.0,
                    0.9914380311965942,
                    -0.13057811558246613,
                    -0.5263772010803223
                ],
                [
                    0.0,
                    0.0,
                    0.0,
                    1.0
                ]
            ]
        },
        {
            "file_path": "/data/shapenet_blender/all_50_random/02958343/fd7741b7927726bda37f3fc191551700/r_28",
            "rotation": 0.12566370614359174,
            "transform_matrix": [
                [
                    -0.9756972193717957,
                    0.15251392126083374,
                    -0.1573357880115509,
                    -0.6342408657073975
                ],
                [
                    -0.21912339329719543,
                    -0.6791032552719116,
                    0.700573742389679,
                    2.8241031169891357
                ],
                [
                    0.0,
                    0.7180236577987671,
                    0.6960185766220093,
                    2.8057405948638916
                ],
                [
                    0.0,
                    0.0,
                    0.0,
                    1.0
                ]
            ]
        },
        {
            "file_path": "/data/shapenet_blender/all_50_random/02958343/fd7741b7927726bda37f3fc191551700/r_29",
            "rotation": 0.12566370614359174,
            "transform_matrix": [
                [
                    -0.10493341833353043,
                    0.027060797438025475,
                    0.9941109418869019,
                    4.007389545440674
                ],
                [
                    0.994479238986969,
                    0.0028553458396345377,
                    0.10489456355571747,
                    0.4228435456752777
                ],
                [
                    0.0,
                    0.9996296763420105,
                    -0.02721101976931095,
                    -0.10969113558530807
                ],
                [
                    0.0,
                    0.0,
                    0.0,
                    1.0
                ]
            ]
        },
        {
            "file_path": "/data/shapenet_blender/all_50_random/02958343/fd7741b7927726bda37f3fc191551700/r_30",
            "rotation": 0.12566370614359174,
            "transform_matrix": [
                [
                    0.9684917330741882,
                    -0.019358394667506218,
                    0.24829229712486267,
                    1.0008982419967651
                ],
                [
                    0.24904581904411316,
                    0.07528110593557358,
                    -0.9655614495277405,
                    -3.8923027515411377
                ],
                [
                    1.862645149230957e-09,
                    0.9969744086265564,
                    0.07773026078939438,
                    0.3133406937122345
                ],
                [
                    0.0,
                    0.0,
                    0.0,
                    1.0
                ]
            ]
        },
        {
            "file_path": "/data/shapenet_blender/all_50_random/02958343/fd7741b7927726bda37f3fc191551700/r_31",
            "rotation": 0.12566370614359174,
            "transform_matrix": [
                [
                    0.05296923220157623,
                    -0.18034273386001587,
                    -0.9821764826774597,
                    -3.959280252456665
                ],
                [
                    -0.9985962510108948,
                    -0.009566043503582478,
                    -0.052098266780376434,
                    -0.21001484990119934
                ],
                [
                    9.31322685637781e-10,
                    0.9835572242736816,
                    -0.180596262216568,
                    -0.728006899356842
                ],
                [
                    0.0,
                    0.0,
                    0.0,
                    1.0
                ]
            ]
        },
        {
            "file_path": "/data/shapenet_blender/all_50_random/02958343/fd7741b7927726bda37f3fc191551700/r_32",
            "rotation": 0.12566370614359174,
            "transform_matrix": [
                [
                    -0.5986633896827698,
                    0.13101495802402496,
                    -0.790213406085968,
                    -3.1854522228240967
                ],
                [
                    -0.8010007739067078,
                    -0.09791982918977737,
                    0.5906009674072266,
                    2.380788564682007
                ],
                [
                    -7.450580596923828e-09,
                    0.9865327477455139,
                    0.16356408596038818,
                    0.6593478918075562
                ],
                [
                    0.0,
                    0.0,
                    0.0,
                    1.0
                ]
            ]
        },
        {
            "file_path": "/data/shapenet_blender/all_50_random/02958343/fd7741b7927726bda37f3fc191551700/r_33",
            "rotation": 0.12566370614359174,
            "transform_matrix": [
                [
                    0.0008019941160455346,
                    -0.83998042345047,
                    0.542616069316864,
                    2.1873555183410645
                ],
                [
                    0.9999997615814209,
                    0.0006736594950780272,
                    -0.00043517499580048025,
                    -0.0017542466521263123
                ],
                [
                    0.0,
                    0.5426161885261536,
                    0.8399806618690491,
                    3.386070489883423
                ],
                [
                    0.0,
                    0.0,
                    0.0,
                    1.0
                ]
            ]
        },
        {
            "file_path": "/data/shapenet_blender/all_50_random/02958343/fd7741b7927726bda37f3fc191551700/r_34",
            "rotation": 0.12566370614359174,
            "transform_matrix": [
                [
                    0.9930527210235596,
                    -0.007723123766481876,
                    -0.11741640418767929,
                    -0.47332069277763367
                ],
                [
                    -0.11767014116048813,
                    -0.06517770141363144,
                    -0.9909114241600037,
                    -3.9944920539855957
                ],
                [
                    0.0,
                    0.9978438019752502,
                    -0.06563366949558258,
                    -0.26457780599594116
                ],
                [
                    0.0,
                    0.0,
                    0.0,
                    1.0
                ]
            ]
        },
        {
            "file_path": "/data/shapenet_blender/all_50_random/02958343/fd7741b7927726bda37f3fc191551700/r_35",
            "rotation": 0.12566370614359174,
            "transform_matrix": [
                [
                    -0.08894974738359451,
                    0.5438783764839172,
                    -0.8344364166259766,
                    -3.3637208938598633
                ],
                [
                    -0.9960361123085022,
                    -0.04857037216424942,
                    0.07451829314231873,
                    0.30039283633232117
                ],
                [
                    3.725290742551124e-09,
                    0.8377571105957031,
                    0.546042799949646,
                    2.201169013977051
                ],
                [
                    0.0,
                    0.0,
                    0.0,
                    1.0
                ]
            ]
        },
        {
            "file_path": "/data/shapenet_blender/all_50_random/02958343/fd7741b7927726bda37f3fc191551700/r_36",
            "rotation": 0.12566370614359174,
            "transform_matrix": [
                [
                    -0.759073793888092,
                    -0.11320200562477112,
                    0.641086757183075,
                    2.584303379058838
                ],
                [
                    0.6510045528411865,
                    -0.13199394941329956,
                    0.7475095987319946,
                    3.013307571411133
                ],
                [
                    -7.450580596923828e-09,
                    0.984765350818634,
                    0.1738881915807724,
                    0.7009657025337219
                ],
                [
                    0.0,
                    0.0,
                    0.0,
                    1.0
                ]
            ]
        },
        {
            "file_path": "/data/shapenet_blender/all_50_random/02958343/fd7741b7927726bda37f3fc191551700/r_37",
            "rotation": 0.12566370614359174,
            "transform_matrix": [
                [
                    0.8044575452804565,
                    0.13692528009414673,
                    0.5780134201049805,
                    2.3300466537475586
                ],
                [
                    0.5940101146697998,
                    -0.18543551862239838,
                    -0.7827934622764587,
                    -3.15554141998291
                ],
                [
                    0.0,
                    0.973069965839386,
                    -0.23051001131534576,
                    -0.9292155504226685
                ],
                [
                    0.0,
                    0.0,
                    0.0,
                    1.0
                ]
            ]
        },
        {
            "file_path": "/data/shapenet_blender/all_50_random/02958343/fd7741b7927726bda37f3fc191551700/r_38",
            "rotation": 0.12566370614359174,
            "transform_matrix": [
                [
                    -0.08851375430822372,
                    0.3767746388912201,
                    0.9220662713050842,
                    3.716968059539795
                ],
                [
                    0.9960749745368958,
                    0.03348115086555481,
                    0.08193715661764145,
                    0.3302992582321167
                ],
                [
                    1.862645149230957e-09,
                    0.9256996512413025,
                    -0.3782592713832855,
                    -1.524811863899231
                ],
                [
                    0.0,
                    0.0,
                    0.0,
                    1.0
                ]
            ]
        },
        {
            "file_path": "/data/shapenet_blender/all_50_random/02958343/fd7741b7927726bda37f3fc191551700/r_39",
            "rotation": 0.12566370614359174,
            "transform_matrix": [
                [
                    0.8980222344398499,
                    -0.05443412438035011,
                    0.43656954169273376,
                    1.7598682641983032
                ],
                [
                    0.4399500787258148,
                    0.11111045628786087,
                    -0.8911219239234924,
                    -3.5922276973724365
                ],
                [
                    0.0,
                    0.9923161864280701,
                    0.123727947473526,
                    0.4987633526325226
                ],
                [
                    0.0,
                    0.0,
                    0.0,
                    1.0
                ]
            ]
        },
        {
            "file_path": "/data/shapenet_blender/all_50_random/02958343/fd7741b7927726bda37f3fc191551700/r_40",
            "rotation": 0.12566370614359174,
            "transform_matrix": [
                [
                    -0.6427841186523438,
                    -0.24373668432235718,
                    -0.7262375354766846,
                    -2.9275567531585693
                ],
                [
                    -0.7660472989082336,
                    0.20451749861240387,
                    0.6093801259994507,
                    2.4564895629882812
                ],
                [
                    -1.4901160305669237e-08,
                    0.9480320811271667,
                    -0.31817448139190674,
                    -1.2826021909713745
                ],
                [
                    0.0,
                    0.0,
                    0.0,
                    1.0
                ]
            ]
        },
        {
            "file_path": "/data/shapenet_blender/all_50_random/02958343/fd7741b7927726bda37f3fc191551700/r_41",
            "rotation": 0.12566370614359174,
            "transform_matrix": [
                [
                    0.6374101638793945,
                    -0.492326945066452,
                    0.5927245616912842,
                    2.3893492221832275
                ],
                [
                    0.7705246806144714,
                    0.40727338194847107,
                    -0.49032652378082275,
                    -1.976569414138794
                ],
                [
                    1.4901161193847656e-08,
