{
    "class": "02958343",
    "model": "7bce50c36d8166608e35db9103756ad5",
    "remove_doubles": true,
    "edge_split": true,
    "denoise": true,
    "camera_angle_x": 0.6911112070083618,
    "scale_factor": 2.27185464000735,
    "hdri_file": "/data/IndoorHDRDataset2018/9C4A6093-9e2ad2c6b5.exr",
    "center_offset": [
        0.0,
        9.313225746154785e-10,
        3.725290298461914e-09
    ],
    "lights": [],
    "frames": [
        {
            "file_path": "/data/shapenet_blender/all_50_random/02958343/7bce50c36d8166608e35db9103756ad5/r_0",
            "rotation": 0.12566370614359174,
            "transform_matrix": [
                [
                    0.5665435194969177,
                    -0.013845601119101048,
                    0.8239154815673828,
                    3.3213095664978027
                ],
                [
                    0.8240318894386292,
                    0.009519213810563087,
                    -0.5664635300636292,
                    -2.283487558364868
                ],
                [
                    0.0,
                    0.9998587965965271,
                    0.016802264377474785,
                    0.06773209571838379
                ],
                [
                    0.0,
                    0.0,
                    0.0,
                    1.0
                ]
            ]
        },
        {
            "file_path": "/data/shapenet_blender/all_50_random/02958343/7bce50c36d8166608e35db9103756ad5/r_1",
            "rotation": 0.12566370614359174,
            "transform_matrix": [
                [
                    0.026437975466251373,
                    -0.6168282628059387,
                    0.7866535782814026,
                    3.1711020469665527
                ],
                [
                    0.9996504783630371,
                    0.01631339266896248,
                    -0.02080480009317398,
                    -0.08386683464050293
                ],
                [
                    0.0,
                    0.7869285941123962,
                    0.6170439720153809,
                    2.4873838424682617
                ],
                [
                    0.0,
                    0.0,
                    0.0,
                    1.0
                ]
            ]
        },
        {
            "file_path": "/data/shapenet_blender/all_50_random/02958343/7bce50c36d8166608e35db9103756ad5/r_2",
            "rotation": 0.12566370614359174,
            "transform_matrix": [
                [
                    0.7932460308074951,
                    0.26229020953178406,
                    0.5495129823684692,
                    2.2151575088500977
                ],
                [
                    0.6089010834693909,
                    -0.34169861674308777,
                    -0.7158781290054321,
                    -2.8857967853546143
                ],
                [
                    0.0,
                    0.9024665951728821,
                    -0.4307599365711212,
                    -1.7364486455917358
                ],
                [
                    0.0,
                    0.0,
                    0.0,
                    1.0
                ]
            ]
        },
        {
            "file_path": "/data/shapenet_blender/all_50_random/02958343/7bce50c36d8166608e35db9103756ad5/r_3",
            "rotation": 0.12566370614359174,
            "transform_matrix": [
                [
                    -0.2995619773864746,
                    0.21656262874603271,
                    0.9291734099388123,
                    3.7456178665161133
                ],
                [
                    0.954076886177063,
                    0.067996546626091,
                    0.2917427718639374,
                    1.1760526895523071
                ],
                [
                    0.0,
                    0.9738978147506714,
                    -0.2269865721464157,
                    -0.9150121212005615
                ],
                [
                    0.0,
                    0.0,
                    0.0,
                    1.0
                ]
            ]
        },
        {
            "file_path": "/data/shapenet_blender/all_50_random/02958343/7bce50c36d8166608e35db9103756ad5/r_4",
            "rotation": 0.12566370614359174,
            "transform_matrix": [
                [
                    -0.043840110301971436,
                    0.16172371804714203,
                    0.9858617782592773,
                    3.9741358757019043
                ],
                [
                    0.999038577079773,
                    0.00709680886939168,
                    0.04326188191771507,
                    0.17439422011375427
                ],
                [
                    -4.656612873077393e-10,
                    0.986810564994812,
                    -0.16187936067581177,
                    -0.6525565981864929
                ],
                [
                    0.0,
                    0.0,
                    0.0,
                    1.0
                ]
            ]
        },
        {
            "file_path": "/data/shapenet_blender/all_50_random/02958343/7bce50c36d8166608e35db9103756ad5/r_5",
            "rotation": 0.12566370614359174,
            "transform_matrix": [
                [
                    0.03823595494031906,
                    -0.3161431849002838,
                    -0.9479406476020813,
                    -3.8212709426879883
                ],
                [
                    -0.9992687702178955,
                    -0.012096881866455078,
                    -0.03627194091677666,
                    -0.14621686935424805
                ],
                [
                    9.31322685637781e-10,
                    0.9486343264579773,
                    -0.3163745105266571,
                    -1.2753463983535767
                ],
                [
                    0.0,
                    0.0,
                    0.0,
                    1.0
                ]
            ]
        },
        {
            "file_path": "/data/shapenet_blender/all_50_random/02958343/7bce50c36d8166608e35db9103756ad5/r_6",
            "rotation": 0.12566370614359174,
            "transform_matrix": [
                [
                    0.4374532997608185,
                    -0.6949902772903442,
                    0.5706339478492737,
                    2.3002991676330566
                ],
                [
                    0.8992411494255066,
                    0.33809149265289307,
                    -0.2775959372520447,
                    -1.1190251111984253
                ],
                [
                    0.0,
                    0.6345729231834412,
                    0.77286297082901,
                    3.1155104637145996
                ],
                [
                    0.0,
                    0.0,
                    0.0,
                    1.0
                ]
            ]
        },
        {
            "file_path": "/data/shapenet_blender/all_50_random/02958343/7bce50c36d8166608e35db9103756ad5/r_7",
            "rotation": 0.12566370614359174,
            "transform_matrix": [
                [
                    -0.16832441091537476,
                    0.1864883154630661,
                    -0.967930257320404,
                    -3.9018516540527344
                ],
                [
                    -0.9857316613197327,
                    -0.03184490650892258,
                    0.16528461873531342,
                    0.6662836074829102
                ],
                [
                    0.0,
                    0.9819409251213074,
                    0.18918772041797638,
                    0.762640118598938
                ],
                [
                    0.0,
                    0.0,
                    0.0,
                    1.0
                ]
            ]
        },
        {
            "file_path": "/data/shapenet_blender/all_50_random/02958343/7bce50c36d8166608e35db9103756ad5/r_8",
            "rotation": 0.12566370614359174,
            "transform_matrix": [
                [
                    -0.9306545257568359,
                    0.20581376552581787,
                    -0.3025277256965637,
                    -1.2195284366607666
                ],
                [
                    -0.3658994138240814,
                    -0.5234813094139099,
                    0.7694704532623291,
                    3.101834774017334
                ],
                [
                    0.0,
                    0.8268057107925415,
                    0.5624873638153076,
                    2.2674593925476074
                ],
                [
                    0.0,
                    0.0,
                    0.0,
                    1.0
                ]
            ]
        },
        {
            "file_path": "/data/shapenet_blender/all_50_random/02958343/7bce50c36d8166608e35db9103756ad5/r_9",
            "rotation": 0.12566370614359174,
            "transform_matrix": [
                [
                    -0.39752399921417236,
                    0.6874646544456482,
                    -0.607755720615387,
                    -2.449941635131836
                ],
                [
                    -0.9175918102264404,
                    -0.2978271245956421,
                    0.26329517364501953,
                    1.0613768100738525
                ],
                [
                    -1.4901161193847656e-08,
                    0.6623377799987793,
                    0.7492053508758545,
                    3.0201432704925537
                ],
                [
                    0.0,
                    0.0,
                    0.0,
                    1.0
                ]
            ]
        },
        {
            "file_path": "/data/shapenet_blender/all_50_random/02958343/7bce50c36d8166608e35db9103756ad5/r_10",
            "rotation": 0.12566370614359174,
            "transform_matrix": [
                [
                    0.9987277388572693,
                    -0.03152095898985863,
                    0.03936253488063812,
                    0.1586754471063614
                ],
                [
                    0.05042797699570656,
                    0.6242736577987671,
                    -0.779576301574707,
                    -3.1425726413726807
                ],
                [
                    0.0,
                    0.7805693745613098,
                    0.6250690221786499,
                    2.5197339057922363
                ],
                [
                    0.0,
                    0.0,
                    0.0,
                    1.0
                ]
            ]
        },
        {
            "file_path": "/data/shapenet_blender/all_50_random/02958343/7bce50c36d8166608e35db9103756ad5/r_11",
            "rotation": 0.12566370614359174,
            "transform_matrix": [
                [
                    0.8605569005012512,
                    -0.17476621270179749,
                    0.47843340039253235,
                    1.9286268949508667
                ],
                [
                    0.5093542337417603,
                    0.29526853561401367,
                    -0.8083159327507019,
                    -3.2584259510040283
                ],
                [
                    0.0,
                    0.9392940998077393,
                    0.3431132435798645,
                    1.383133888244629
                ],
                [
                    0.0,
                    0.0,
                    0.0,
                    1.0
                ]
            ]
        },
        {
            "file_path": "/data/shapenet_blender/all_50_random/02958343/7bce50c36d8166608e35db9103756ad5/r_12",
            "rotation": 0.12566370614359174,
            "transform_matrix": [
                [
                    -0.9454252123832703,
                    0.01146435271948576,
                    0.3256376087665558,
                    1.3126872777938843
                ],
                [
                    0.32583943009376526,
                    0.03326389193534851,
                    0.9448397159576416,
                    3.8087708950042725
                ],
                [
                    9.31322685637781e-10,
                    0.9993807673454285,
                    -0.03518405929207802,
                    -0.14183148741722107
                ],
                [
                    0.0,
                    0.0,
                    0.0,
                    1.0
                ]
            ]
        },
        {
            "file_path": "/data/shapenet_blender/all_50_random/02958343/7bce50c36d8166608e35db9103756ad5/r_13",
            "rotation": 0.12566370614359174,
            "transform_matrix": [
                [
                    -0.1875324547290802,
                    0.2677355408668518,
                    -0.9450656771659851,
                    -3.8096818923950195
                ],
                [
                    -0.9822584390640259,
                    -0.051115985959768295,
                    0.18043161928653717,
                    0.7273432016372681
                ],
                [
                    -3.725290298461914e-09,
                    0.9621354937553406,
                    0.2725714147090912,
                    1.0987706184387207
                ],
                [
                    0.0,
                    0.0,
                    0.0,
                    1.0
                ]
            ]
        },
        {
            "file_path": "/data/shapenet_blender/all_50_random/02958343/7bce50c36d8166608e35db9103756ad5/r_14",
            "rotation": 0.12566370614359174,
            "transform_matrix": [
                [
                    -0.7596725225448608,
                    -0.4555900990962982,
                    -0.46404242515563965,
                    -1.8706148862838745
                ],
                [
                    -0.6503058671951294,
                    0.5322099924087524,
                    0.5420837998390198,
                    2.1852097511291504
                ],
                [
                    0.0,
                    0.7135756015777588,
                    -0.7005782127380371,
                    -2.8241209983825684
                ],
                [
                    0.0,
                    0.0,
                    0.0,
                    1.0
                ]
            ]
        },
        {
            "file_path": "/data/shapenet_blender/all_50_random/02958343/7bce50c36d8166608e35db9103756ad5/r_15",
            "rotation": 0.12566370614359174,
            "transform_matrix": [
                [
                    0.7909327745437622,
                    0.25681227445602417,
                    -0.5554032921791077,
                    -2.2389023303985596
                ],
                [
                    -0.6119030714035034,
                    0.3319500684738159,
                    -0.7179023623466492,
                    -2.8939568996429443
                ],
                [
                    1.4901161193847656e-08,
                    0.9076653718948364,
                    0.4196944236755371,
                    1.6918423175811768
                ],
                [
                    0.0,
                    0.0,
                    0.0,
                    1.0
                ]
            ]
        },
        {
            "file_path": "/data/shapenet_blender/all_50_random/02958343/7bce50c36d8166608e35db9103756ad5/r_16",
            "rotation": 0.12566370614359174,
            "transform_matrix": [
                [
                    -0.7335588932037354,
                    0.27235904335975647,
                    0.6226650476455688,
                    2.5100433826446533
                ],
                [
                    0.6796258091926575,
                    0.2939726710319519,
                    0.6720778942108154,
                    2.709232807159424
                ],
                [
                    -1.4901160305669237e-08,
                    0.91618812084198,
                    -0.40074846148490906,
                    -1.6154688596725464
                ],
                [
                    0.0,
                    0.0,
                    0.0,
                    1.0
                ]
            ]
        },
        {
            "file_path": "/data/shapenet_blender/all_50_random/02958343/7bce50c36d8166608e35db9103756ad5/r_17",
            "rotation": 0.12566370614359174,
            "transform_matrix": [
                [
                    -0.9214029312133789,
                    0.34800049662590027,
                    0.1729516088962555,
                    0.6971902251243591
                ],
                [
                    0.3886086344718933,
                    0.8251198530197144,
                    0.41007357835769653,
                    1.653059482574463
                ],
                [
                    1.4901162970204496e-08,
                    0.44505345821380615,
                    -0.8955039978027344,
                    -3.6098921298980713
                ],
                [
                    0.0,
                    0.0,
                    0.0,
                    1.0
                ]
            ]
        },
        {
            "file_path": "/data/shapenet_blender/all_50_random/02958343/7bce50c36d8166608e35db9103756ad5/r_18",
            "rotation": 0.12566370614359174,
            "transform_matrix": [
                [
                    0.9705790877342224,
                    -0.07078735530376434,
                    -0.2301425039768219,
                    -0.9277340173721313
                ],
                [
                    -0.2407829314470291,
                    -0.2853388786315918,
                    -0.9276882410049438,
                    -3.7396304607391357
                ],
                [
                    -7.450580596923828e-09,
                    0.9558090567588806,
                    -0.29398828744888306,
                    -1.1851046085357666
                ],
                [
                    0.0,
                    0.0,
                    0.0,
                    1.0
                ]
            ]
        },
        {
            "file_path": "/data/shapenet_blender/all_50_random/02958343/7bce50c36d8166608e35db9103756ad5/r_19",
            "rotation": 0.12566370614359174,
            "transform_matrix": [
                [
                    -0.5853448510169983,
                    -0.005215388257056475,
                    0.810767650604248,
                    3.2683088779449463
                ],
                [
                    0.8107844591140747,
                    -0.0037652435712516308,
                    0.5853327512741089,
                    2.3595519065856934
                ],
                [
                    0.0,
                    0.9999793171882629,
                    0.006432522088289261,
                    0.02593032643198967
                ],
                [
                    0.0,
                    0.0,
                    0.0,
                    1.0
                ]
            ]
        },
        {
            "file_path": "/data/shapenet_blender/all_50_random/02958343/7bce50c36d8166608e35db9103756ad5/r_20",
            "rotation": 0.12566370614359174,
            "transform_matrix": [
                [
                    -0.8922774195671082,
                    0.2631363570690155,
                    0.36687904596328735,
                    1.478936791419983
                ],
                [
                    0.4514875113964081,
                    0.5200378894805908,
                    0.7250651717185974,
                    2.9228312969207764
                ],
                [
                    0.0,
                    0.8126006126403809,
                    -0.5828208923339844,
                    -2.34942626953125
                ],
                [
                    0.0,
                    0.0,
                    0.0,
                    1.0
                ]
            ]
        },
        {
            "file_path": "/data/shapenet_blender/all_50_random/02958343/7bce50c36d8166608e35db9103756ad5/r_21",
            "rotation": 0.12566370614359174,
            "transform_matrix": [
                [
                    -0.6220760345458984,
                    -0.27094218134880066,
                    0.7345826029777527,
                    2.9611973762512207
                ],
                [
                    0.7829568386077881,
                    -0.21526938676834106,
                    0.5836417078971863,
                    2.3527352809906006
                ],
                [
                    -1.4901161193847656e-08,
                    0.9382160902023315,
                    0.3460499048233032,
                    1.3949718475341797
                ],
                [
                    0.0,
                    0.0,
                    0.0,
                    1.0
                ]
            ]
        },
        {
            "file_path": "/data/shapenet_blender/all_50_random/02958343/7bce50c36d8166608e35db9103756ad5/r_22",
            "rotation": 0.12566370614359174,
            "transform_matrix": [
                [
                    0.07302433997392654,
                    -0.0004634566721506417,
                    0.9973300695419312,
                    4.020366191864014
                ],
                [
                    0.9973301887512207,
                    3.393421502551064e-05,
                    -0.07302433252334595,
                    -0.29437050223350525
                ],
                [
                    0.0,
                    0.9999998807907104,
                    0.0004646973102353513,
                    0.0018732547760009766
                ],
                [
                    0.0,
                    0.0,
                    0.0,
                    1.0
                ]
            ]
        },
        {
            "file_path": "/data/shapenet_blender/all_50_random/02958343/7bce50c36d8166608e35db9103756ad5/r_23",
            "rotation": 0.12566370614359174,
            "transform_matrix": [
                [
                    0.9168283939361572,
                    0.2536688446998596,
                    -0.3083468973636627,
                    -1.2429862022399902
                ],
                [
                    -0.39928150177001953,
                    0.5824732780456543,
                    -0.7080247402191162,
                    -2.8541393280029297
                ],
                [
                    1.4901161193847656e-08,
                    0.772254467010498,
                    0.6353132724761963,
                    2.5610299110412598
                ],
                [
                    0.0,
                    0.0,
                    0.0,
                    1.0
                ]
            ]
        },
        {
            "file_path": "/data/shapenet_blender/all_50_random/02958343/7bce50c36d8166608e35db9103756ad5/r_24",
            "rotation": 0.12566370614359174,
            "transform_matrix": [
                [
                    -0.558327853679657,
                    0.41253700852394104,
                    0.719779908657074,
                    2.9015259742736816
                ],
                [
                    0.8296204805374146,
                    0.27763405442237854,
                    0.48440608382225037,
                    1.9527034759521484
                ],
                [
                    1.4901162970204496e-08,
                    0.8676015734672546,
                    -0.4972599148750305,
                    -2.004518985748291
                ],
                [
                    0.0,
                    0.0,
                    0.0,
                    1.0
                ]
            ]
        },
        {
            "file_path": "/data/shapenet_blender/all_50_random/02958343/7bce50c36d8166608e35db9103756ad5/r_25",
            "rotation": 0.12566370614359174,
            "transform_matrix": [
                [
                    -0.30618157982826233,
                    0.4036165773868561,
                    0.8621754050254822,
                    3.4755401611328125
                ],
                [
                    0.951973021030426,
                    0.12981456518173218,
                    0.2773001194000244,
                    1.1178325414657593
                ],
                [
                    -7.4505792646561986e-09,
                    0.9056719541549683,
                    -0.4239789545536041,
                    -1.7091137170791626
                ],
                [
                    0.0,
                    0.0,
                    0.0,
                    1.0
                ]
            ]
        },
        {
            "file_path": "/data/shapenet_blender/all_50_random/02958343/7bce50c36d8166608e35db9103756ad5/r_26",
            "rotation": 0.12566370614359174,
            "transform_matrix": [
                [
                    0.7905755639076233,
                    0.02559151127934456,
                    -0.6118295788764954,
                    -2.4663639068603516
                ],
                [
                    -0.6123645901679993,
                    0.03303917869925499,
                    -0.7898848056793213,
                    -3.1841275691986084
                ],
                [
                    1.862645371275562e-09,
                    0.9991263151168823,
                    0.04179130122065544,
                    0.16846612095832825
                ],
                [
                    0.0,
                    0.0,
                    0.0,
                    1.0
                ]
            ]
        },
        {
            "file_path": "/data/shapenet_blender/all_50_random/02958343/7bce50c36d8166608e35db9103756ad5/r_27",
            "rotation": 0.12566370614359174,
            "transform_matrix": [
                [
                    -0.666408896446228,
                    0.19060157239437103,
                    0.7208121418952942,
                    2.905686855316162
                ],
                [
                    0.7455864548683167,
                    0.17036063969135284,
                    0.6442654728889465,
                    2.5971174240112305
                ],
                [
                    0.0,
                    0.9667720794677734,
                    -0.2556397616863251,
                    -1.0305169820785522
                ],
                [
                    0.0,
                    0.0,
                    0.0,
                    1.0
                ]
            ]
        },
        {
            "file_path": "/data/shapenet_blender/all_50_random/02958343/7bce50c36d8166608e35db9103756ad5/r_28",
            "rotation": 0.12566370614359174,
            "transform_matrix": [
                [
                    -0.9876972436904907,
                    0.04186652973294258,
                    0.1506693810224533,
                    0.607367753982544
                ],
                [
                    0.15637797117233276,
                    0.26443272829055786,
                    0.951641321182251,
                    3.836189031600952
                ],
                [
                    0.0,
                    0.9634948968887329,
                    -0.26772648096084595,
                    -1.079240083694458
                ],
                [
                    0.0,
                    0.0,
                    0.0,
                    1.0
                ]
            ]
        },
        {
            "file_path": "/data/shapenet_blender/all_50_random/02958343/7bce50c36d8166608e35db9103756ad5/r_29",
            "rotation": 0.12566370614359174,
            "transform_matrix": [
                [
                    -0.9845837950706482,
                    -0.0227306317538023,
                    0.17343051731586456,
                    0.6991207599639893
                ],
                [
                    0.17491376399993896,
                    -0.12794996798038483,
                    0.9762346148490906,
                    3.9353275299072266
                ],
                [
                    0.0,
                    0.99152010679245,
                    0.12995336949825287,
                    0.5238587856292725
                ],
                [
                    0.0,
                    0.0,
                    0.0,
                    1.0
                ]
            ]
        },
        {
            "file_path": "/data/shapenet_blender/all_50_random/02958343/7bce50c36d8166608e35db9103756ad5/r_30",
            "rotation": 0.12566370614359174,
            "transform_matrix": [
                [
                    -0.9901474714279175,
                    -0.05065478757023811,
                    0.1305445432662964,
                    0.5262418985366821
                ],
                [
                    0.14002779126167297,
                    -0.35818392038345337,
                    0.9230906963348389,
                    3.721097469329834
                ],
                [
                    -3.7252896323280993e-09,
                    0.9322758913040161,
                    0.3617480397224426,
                    1.4582529067993164
                ],
                [
                    0.0,
                    0.0,
                    0.0,
                    1.0
                ]
            ]
        },
        {
            "file_path": "/data/shapenet_blender/all_50_random/02958343/7bce50c36d8166608e35db9103756ad5/r_31",
            "rotation": 0.12566370614359174,
            "transform_matrix": [
                [
                    0.5776393413543701,
                    0.4996088445186615,
                    0.6455414891242981,
                    2.6022610664367676
                ],
                [
                    0.8162922263145447,
                    -0.35354217886924744,
                    -0.4568096697330475,
                    -1.8414586782455444
                ],
                [
                    -1.4901162970204496e-08,
                    0.7908216118812561,
                    -0.6120466589927673,
                    -2.4672389030456543
                ],
                [
                    0.0,
                    0.0,
                    0.0,
                    1.0
                ]
            ]
        },
        {
            "file_path": "/data/shapenet_blender/all_50_random/02958343/7bce50c36d8166608e35db9103756ad5/r_32",
            "rotation": 0.12566370614359174,
            "transform_matrix": [
                [
                    -0.6765919327735901,
                    0.5017849802970886,
                    -0.5389202833175659,
                    -2.172457218170166
                ],
                [
                    -0.7363581657409668,
                    -0.4610578119754791,
                    0.49517905712127686,
                    1.9961305856704712
                ],
                [
                    1.4901162970204496e-08,
                    0.7318724393844604,
                    0.6814415454864502,
                    2.746978759765625
                ],
                [
                    0.0,
                    0.0,
                    0.0,
                    1.0
                ]
            ]
        },
        {
            "file_path": "/data/shapenet_blender/all_50_random/02958343/7bce50c36d8166608e35db9103756ad5/r_33",
            "rotation": 0.12566370614359174,
            "transform_matrix": [
                [
                    -0.3459179401397705,
                    -0.5457005500793457,
                    0.7632507681846619,
                    3.0767621994018555
                ],
                [
                    0.938264787197113,
                    -0.20118796825408936,
                    0.28139403462409973,
                    1.1343356370925903
                ],
                [
                    -1.4901161193847656e-08,
                    0.8134706020355225,
                    0.5816060900688171,
                    2.344529151916504
                ],
                [
                    0.0,
                    0.0,
                    0.0,
                    1.0
                ]
            ]
        },
        {
            "file_path": "/data/shapenet_blender/all_50_random/02958343/7bce50c36d8166608e35db9103756ad5/r_34",
            "rotation": 0.12566370614359174,
            "transform_matrix": [
                [
                    0.08607234805822372,
                    -0.17553341388702393,
                    0.980703592300415,
                    3.9533426761627197
                ],
                [
                    0.9962888956069946,
                    0.015164850279688835,
                    -0.08472588658332825,
                    -0.34154096245765686
                ],
                [
                    9.313225746154785e-10,
                    0.984356701374054,
                    0.17618724703788757,
                    0.7102335095405579
                ],
                [
                    0.0,
                    0.0,
                    0.0,
                    1.0
                ]
            ]
        },
        {
            "file_path": "/data/shapenet_blender/all_50_random/02958343/7bce50c36d8166608e35db9103756ad5/r_35",
            "rotation": 0.12566370614359174,
            "transform_matrix": [
                [
                    -0.49699607491493225,
                    -0.05116616562008858,
                    -0.8662430047988892,
                    -3.4919371604919434
                ],
                [
                    -0.8677528500556946,
                    0.02930486761033535,
                    0.4961313307285309,
                    1.9999693632125854
                ],
                [
                    -1.862645371275562e-09,
                    0.998259961605072,
                    -0.058963995426893234,
                    -0.2376914620399475
                ],
                [
                    0.0,
                    0.0,
                    0.0,
                    1.0
                ]
            ]
        },
        {
            "file_path": "/data/shapenet_blender/all_50_random/02958343/7bce50c36d8166608e35db9103756ad5/r_36",
            "rotation": 0.12566370614359174,
            "transform_matrix": [
                [
                    -0.9522173404693604,
                    -0.12110237032175064,
                    -0.2803862988948822,
                    -1.1302733421325684
                ],
                [
                    -0.30542150139808655,
                    0.3775627315044403,
                    0.8741647601127625,
                    3.5238709449768066
                ],
                [
                    -7.450581485102248e-09,
                    0.9180307984352112,
                    -0.39650899171829224,
                    -1.5983788967132568
                ],
                [
                    0.0,
                    0.0,
                    0.0,
                    1.0
                ]
            ]
        },
        {
            "file_path": "/data/shapenet_blender/all_50_random/02958343/7bce50c36d8166608e35db9103756ad5/r_37",
            "rotation": 0.12566370614359174,
            "transform_matrix": [
                [
                    -0.9235066175460815,
                    -0.193045511841774,
                    -0.3314646780490875,
                    -1.3361767530441284
                ],
                [
                    -0.3835822343826294,
                    0.4647733271121979,
                    0.7980291247367859,
                    3.2169578075408936
                ],
                [
                    0.0,
                    0.8641290664672852,
                    -0.503270149230957,
                    -2.0287466049194336
                ],
                [
                    0.0,
                    0.0,
                    0.0,
                    1.0
                ]
            ]
        },
        {
            "file_path": "/data/shapenet_blender/all_50_random/02958343/7bce50c36d8166608e35db9103756ad5/r_38",
            "rotation": 0.12566370614359174,
            "transform_matrix": [
                [
                    -0.9971486926078796,
                    0.06822562217712402,
                    0.032246172428131104,
                    0.12998849153518677
                ],
                [
                    0.07546225935220718,
                    0.9015246629714966,
                    0.4260968267917633,
                    1.7176513671875
                ],
                [
                    -1.862645149230957e-09,
                    0.42731523513793945,
                    -0.904102623462677,
                    -3.644554376602173
                ],
                [
                    0.0,
                    0.0,
                    0.0,
                    1.0
                ]
            ]
        },
        {
            "file_path": "/data/shapenet_blender/all_50_random/02958343/7bce50c36d8166608e35db9103756ad5/r_39",
            "rotation": 0.12566370614359174,
            "transform_matrix": [
                [
                    -0.8143734931945801,
                    -0.09967078268527985,
                    -0.571718156337738,
                    -2.3046696186065674
                ],
                [
                    -0.5803412199020386,
                    0.13986466825008392,
                    0.8022729754447937,
                    3.2340657711029053
                ],
                [
                    -7.450581485102248e-09,
                    0.9851413369178772,
                    -0.17174513638019562,
                    -0.6923267841339111
                ],
                [
                    0.0,
                    0.0,
                    0.0,
                    1.0
                ]
            ]
        },
        {
            "file_path": "/data/shapenet_blender/all_50_random/02958343/7bce50c36d8166608e35db9103756ad5/r_40",
            "rotation": 0.12566370614359174,
            "transform_matrix": [
                [
                    0.9720537662506104,
                    -0.20653274655342102,
                    0.11160526424646378,
                    0.4498952329158783
                ],
                [
                    0.2347584217786789,
                    0.8551809787750244,
                    -0.4621189832687378,
                    -1.8628612756729126
                ],
                [
                    7.450580596923828e-09,
                    0.4754047989845276,
                    0.879767119884491,
                    3.546454906463623
                ],
                [
                    0.0,
                    0.0,
                    0.0,
                    1.0
                ]
            ]
        },
        {
            "file_path": "/data/shapenet_blender/all_50_random/02958343/7bce50c36d8166608e35db9103756ad5/r_41",
            "rotation": 0.12566370614359174,
            "transform_matrix": [
                [
                    -0.9277796149253845,
                    -0.001982176909223199,
                    0.3731235861778259,
                    1.504109263420105
                ],
                [
                    0.37312889099121094,
                    -0.004928654059767723,
                    0.9277664422988892,
