{
    "class": "02958343",
    "model": "ec9f938ad52f98abbda72093f9b5aa73",
    "remove_doubles": true,
    "edge_split": true,
    "denoise": true,
    "camera_angle_x": 0.6911112070083618,
    "scale_factor": 2.2694212110304597,
    "hdri_file": "/data/IndoorHDRDataset2018/9C4A5441-654429bbe0.exr",
    "center_offset": [
        0.0,
        -1.862645149230957e-09,
        -3.725290298461914e-09
    ],
    "lights": [],
    "frames": [
        {
            "file_path": "/data/shapenet_blender/all_50_random/02958343/ec9f938ad52f98abbda72093f9b5aa73/r_0",
            "rotation": 0.12566370614359174,
            "transform_matrix": [
                [
                    -0.044011831283569336,
                    0.15229074656963348,
                    0.9873552918434143,
                    3.980156660079956
                ],
                [
                    0.9990310072898865,
                    0.006709096021950245,
                    0.043497465550899506,
                    0.17534390091896057
                ],
                [
                    0.0,
                    0.9883129596710205,
                    -0.1524384468793869,
                    -0.6144990921020508
                ],
                [
                    0.0,
                    0.0,
                    0.0,
                    1.0
                ]
            ]
        },
        {
            "file_path": "/data/shapenet_blender/all_50_random/02958343/ec9f938ad52f98abbda72093f9b5aa73/r_1",
            "rotation": 0.12566370614359174,
            "transform_matrix": [
                [
                    -0.9846062660217285,
                    -0.004547666758298874,
                    -0.1747281849384308,
                    -0.7043519020080566
                ],
                [
                    -0.17478735744953156,
                    0.02561776340007782,
                    0.984272837638855,
                    3.96773099899292
                ],
                [
                    4.656613428188905e-10,
                    0.9996613264083862,
                    -0.026018284261226654,
                    -0.10488306730985641
                ],
                [
                    0.0,
                    0.0,
                    0.0,
                    1.0
                ]
            ]
        },
        {
            "file_path": "/data/shapenet_blender/all_50_random/02958343/ec9f938ad52f98abbda72093f9b5aa73/r_2",
            "rotation": 0.12566370614359174,
            "transform_matrix": [
                [
                    0.6784147620201111,
                    0.2369873970746994,
                    0.6954066753387451,
                    2.8032736778259277
                ],
                [
                    0.7346791625022888,
                    -0.21883803606033325,
                    -0.6421499252319336,
                    -2.5885889530181885
                ],
                [
                    -1.4901162970204496e-08,
                    0.9465446472167969,
                    -0.3225726783275604,
                    -1.300331950187683
                ],
                [
                    0.0,
                    0.0,
                    0.0,
                    1.0
                ]
            ]
        },
        {
            "file_path": "/data/shapenet_blender/all_50_random/02958343/ec9f938ad52f98abbda72093f9b5aa73/r_3",
            "rotation": 0.12566370614359174,
            "transform_matrix": [
                [
                    -0.5081756114959717,
                    -0.22420135140419006,
                    -0.8315595388412476,
                    -3.352123975753784
                ],
                [
                    -0.861253559589386,
                    0.1322881579399109,
                    0.4906548857688904,
                    1.9778932332992554
                ],
                [
                    -7.450580596923828e-09,
                    0.9655224680900574,
                    -0.2603197693824768,
                    -1.0493826866149902
                ],
                [
                    0.0,
                    0.0,
                    0.0,
                    1.0
                ]
            ]
        },
        {
            "file_path": "/data/shapenet_blender/all_50_random/02958343/ec9f938ad52f98abbda72093f9b5aa73/r_4",
            "rotation": 0.12566370614359174,
            "transform_matrix": [
                [
                    -0.8232390880584717,
                    0.374892920255661,
                    0.42630109190940857,
                    1.7184746265411377
                ],
                [
                    0.5676948428153992,
                    0.5436486005783081,
                    0.6181978583335876,
                    2.492035388946533
                ],
                [
                    0.0,
                    0.7509335279464722,
                    -0.6603776812553406,
                    -2.6620676517486572
                ],
                [
                    0.0,
                    0.0,
                    0.0,
                    1.0
                ]
            ]
        },
        {
            "file_path": "/data/shapenet_blender/all_50_random/02958343/ec9f938ad52f98abbda72093f9b5aa73/r_5",
            "rotation": 0.12566370614359174,
            "transform_matrix": [
                [
                    -0.6691523194313049,
                    0.11773644387722015,
                    0.7337392568588257,
                    2.9577975273132324
                ],
                [
                    0.7431252598762512,
                    0.1060165986418724,
                    0.6607006192207336,
                    2.6633694171905518
                ],
                [
                    0.0,
                    0.9873694777488708,
                    -0.1584341824054718,
                    -0.6386685967445374
                ],
                [
                    0.0,
                    0.0,
                    0.0,
                    1.0
                ]
            ]
        },
        {
            "file_path": "/data/shapenet_blender/all_50_random/02958343/ec9f938ad52f98abbda72093f9b5aa73/r_6",
            "rotation": 0.12566370614359174,
            "transform_matrix": [
                [
                    0.934749960899353,
                    0.011598308570683002,
                    0.35511666536331177,
                    1.431520938873291
                ],
                [
                    0.3553059697151184,
                    -0.030513189733028412,
                    -0.9342519640922546,
                    -3.766089677810669
                ],
                [
                    -9.313224080820248e-10,
                    0.9994670152664185,
                    -0.032643161714076996,
                    -0.13158877193927765
                ],
                [
                    0.0,
                    0.0,
                    0.0,
                    1.0
                ]
            ]
        },
        {
            "file_path": "/data/shapenet_blender/all_50_random/02958343/ec9f938ad52f98abbda72093f9b5aa73/r_7",
            "rotation": 0.12566370614359174,
            "transform_matrix": [
                [
                    0.2692454755306244,
                    -0.3493208885192871,
                    -0.8974863290786743,
                    -3.6178834438323975
                ],
                [
                    -0.9630715847015381,
                    -0.09765948355197906,
                    -0.25090983510017395,
                    -1.0114500522613525
                ],
                [
                    0.0,
                    0.9319000840187073,
                    -0.36271530389785767,
                    -1.4621522426605225
                ],
                [
                    0.0,
                    0.0,
                    0.0,
                    1.0
                ]
            ]
        },
        {
            "file_path": "/data/shapenet_blender/all_50_random/02958343/ec9f938ad52f98abbda72093f9b5aa73/r_8",
            "rotation": 0.12566370614359174,
            "transform_matrix": [
                [
                    0.44584232568740845,
                    0.29161158204078674,
                    0.8462783694267273,
                    3.4114575386047363
                ],
                [
                    0.8951114416122437,
                    -0.14524760842323303,
                    -0.42151927947998047,
                    -1.6991987228393555
                ],
                [
                    7.450580152834618e-09,
                    0.9454448223114014,
                    -0.3257823884487152,
                    -1.313270926475525
                ],
                [
                    0.0,
                    0.0,
                    0.0,
                    1.0
                ]
            ]
        },
        {
            "file_path": "/data/shapenet_blender/all_50_random/02958343/ec9f938ad52f98abbda72093f9b5aa73/r_9",
            "rotation": 0.12566370614359174,
            "transform_matrix": [
                [
                    0.7022765874862671,
                    0.13150960206985474,
                    0.6996519565582275,
                    2.820387363433838
                ],
                [
                    0.7119042873382568,
                    -0.12973108887672424,
                    -0.6901899576187134,
                    -2.7822446823120117
                ],
                [
                    0.0,
                    0.9827894568443298,
                    -0.18472933769226074,
                    -0.7446677684783936
                ],
                [
                    0.0,
                    0.0,
                    0.0,
                    1.0
                ]
            ]
        },
        {
            "file_path": "/data/shapenet_blender/all_50_random/02958343/ec9f938ad52f98abbda72093f9b5aa73/r_10",
            "rotation": 0.12566370614359174,
            "transform_matrix": [
                [
                    0.8218047618865967,
                    -0.12061157822608948,
                    -0.5568570494651794,
                    -2.244762659072876
                ],
                [
                    -0.5697692632675171,
                    -0.173963725566864,
                    -0.8031809329986572,
                    -3.2377259731292725
                ],
                [
                    -7.450580596923828e-09,
                    0.9773380756378174,
                    -0.2116849422454834,
                    -0.8533293008804321
                ],
                [
                    0.0,
                    0.0,
                    0.0,
                    1.0
                ]
            ]
        },
        {
            "file_path": "/data/shapenet_blender/all_50_random/02958343/ec9f938ad52f98abbda72093f9b5aa73/r_11",
            "rotation": 0.12566370614359174,
            "transform_matrix": [
                [
                    0.9708312153816223,
                    0.15222786366939545,
                    -0.1852387934923172,
                    -0.7467214465141296
                ],
                [
                    -0.23976390063762665,
                    0.6163878440856934,
                    -0.750052809715271,
                    -3.0235595703125
                ],
                [
                    0.0,
                    0.7725881934165955,
                    0.6349073648452759,
                    2.5593934059143066
                ],
                [
                    0.0,
                    0.0,
                    0.0,
                    1.0
                ]
            ]
        },
        {
            "file_path": "/data/shapenet_blender/all_50_random/02958343/ec9f938ad52f98abbda72093f9b5aa73/r_12",
            "rotation": 0.12566370614359174,
            "transform_matrix": [
                [
                    0.08599887788295746,
                    0.2204533815383911,
                    0.9715988636016846,
                    3.916640520095825
                ],
                [
                    0.9962952733039856,
                    -0.019029242917895317,
                    -0.08386711776256561,
                    -0.33807918429374695
                ],
                [
                    0.0,
                    0.9752116799354553,
                    -0.22127318382263184,
                    -0.891980767250061
                ],
                [
                    0.0,
                    0.0,
                    0.0,
                    1.0
                ]
            ]
        },
        {
            "file_path": "/data/shapenet_blender/all_50_random/02958343/ec9f938ad52f98abbda72093f9b5aa73/r_13",
            "rotation": 0.12566370614359174,
            "transform_matrix": [
                [
                    0.9962329864501953,
                    0.028302984312176704,
                    0.08196849375963211,
                    0.33042556047439575
                ],
                [
                    0.08671730756759644,
                    -0.3251526355743408,
                    -0.9416771531105042,
                    -3.7960219383239746
                ],
                [
                    0.0,
                    0.9452377557754517,
                    -0.32638218998908997,
                    -1.3156887292861938
                ],
                [
                    0.0,
                    0.0,
                    0.0,
                    1.0
                ]
            ]
        },
        {
            "file_path": "/data/shapenet_blender/all_50_random/02958343/ec9f938ad52f98abbda72093f9b5aa73/r_14",
            "rotation": 0.12566370614359174,
            "transform_matrix": [
                [
                    -0.9301497340202332,
                    0.018553785979747772,
                    0.36671164631843567,
                    1.478261947631836
                ],
                [
                    0.367180734872818,
                    0.04700082913041115,
                    0.9289613962173462,
                    3.744763135910034
                ],
                [
                    -1.862645371275562e-09,
                    0.998722493648529,
                    -0.05053039267659187,
                    -0.20369452238082886
                ],
                [
                    0.0,
                    0.0,
                    0.0,
                    1.0
                ]
            ]
        },
        {
            "file_path": "/data/shapenet_blender/all_50_random/02958343/ec9f938ad52f98abbda72093f9b5aa73/r_15",
            "rotation": 0.12566370614359174,
            "transform_matrix": [
                [
                    -0.4018450975418091,
                    -0.07500907778739929,
                    -0.9126303195953369,
                    -3.6789305210113525
                ],
                [
                    -0.9157077074050903,
                    0.03291665017604828,
                    0.40049463510513306,
                    1.6144455671310425
                ],
                [
                    0.0,
                    0.9966394305229187,
                    -0.0819137766957283,
                    -0.3302049934864044
                ],
                [
                    0.0,
                    0.0,
                    0.0,
                    1.0
                ]
            ]
        },
        {
            "file_path": "/data/shapenet_blender/all_50_random/02958343/ec9f938ad52f98abbda72093f9b5aa73/r_16",
            "rotation": 0.12566370614359174,
            "transform_matrix": [
                [
                    0.9919717311859131,
                    0.10054972767829895,
                    -0.07669409364461899,
                    -0.30916374921798706
                ],
                [
                    -0.12646040320396423,
                    0.7887250781059265,
                    -0.6015983819961548,
                    -2.4251203536987305
                ],
                [
                    3.725290298461914e-09,
                    0.6064673066139221,
                    0.7951084971427917,
                    3.2051844596862793
                ],
                [
                    0.0,
                    0.0,
                    0.0,
                    1.0
                ]
            ]
        },
        {
            "file_path": "/data/shapenet_blender/all_50_random/02958343/ec9f938ad52f98abbda72093f9b5aa73/r_17",
            "rotation": 0.12566370614359174,
            "transform_matrix": [
                [
                    0.5289438366889954,
                    -0.6888543963432312,
                    0.49567949771881104,
                    1.998147964477539
                ],
                [
                    0.8486568927764893,
                    0.42934343218803406,
                    -0.308942973613739,
                    -1.2453889846801758
                ],
                [
                    0.0,
                    0.5840752720832825,
                    0.8116995096206665,
                    3.2720654010772705
                ],
                [
                    0.0,
                    0.0,
                    0.0,
                    1.0
                ]
            ]
        },
        {
            "file_path": "/data/shapenet_blender/all_50_random/02958343/ec9f938ad52f98abbda72093f9b5aa73/r_18",
            "rotation": 0.12566370614359174,
            "transform_matrix": [
                [
                    0.006516836583614349,
                    0.2207132875919342,
                    -0.9753168821334839,
                    -3.931628465652466
                ],
                [
                    -0.99997878074646,
                    0.0014383828965947032,
                    -0.006356115452945232,
                    -0.025622323155403137
                ],
                [
                    0.0,
                    0.9753376841545105,
                    0.22071796655654907,
                    0.8897426724433899
                ],
                [
                    0.0,
                    0.0,
                    0.0,
                    1.0
                ]
            ]
        },
        {
            "file_path": "/data/shapenet_blender/all_50_random/02958343/ec9f938ad52f98abbda72093f9b5aa73/r_19",
            "rotation": 0.12566370614359174,
            "transform_matrix": [
                [
                    -0.9451003670692444,
                    -0.276042103767395,
                    -0.17488925158977509,
                    -0.705001175403595
                ],
                [
                    -0.3267805278301239,
                    0.798356831073761,
                    0.5058069825172424,
                    2.038973331451416
                ],
                [
                    -1.4901162970204496e-08,
                    0.5351886749267578,
                    -0.844732403755188,
                    -3.4052255153656006
                ],
                [
                    0.0,
                    0.0,
                    0.0,
                    1.0
                ]
            ]
        },
        {
            "file_path": "/data/shapenet_blender/all_50_random/02958343/ec9f938ad52f98abbda72093f9b5aa73/r_20",
            "rotation": 0.12566370614359174,
            "transform_matrix": [
                [
                    0.7038187980651855,
                    0.165314182639122,
                    -0.6908764839172363,
                    -2.7850122451782227
                ],
                [
                    -0.7103795409202576,
                    0.16378740966320038,
                    -0.6844958662986755,
                    -2.759291172027588
                ],
                [
                    -7.450580596923828e-09,
                    0.9725455641746521,
                    0.23271246254444122,
                    0.9380939602851868
                ],
                [
                    0.0,
                    0.0,
                    0.0,
                    1.0
                ]
            ]
        },
        {
            "file_path": "/data/shapenet_blender/all_50_random/02958343/ec9f938ad52f98abbda72093f9b5aa73/r_21",
            "rotation": 0.12566370614359174,
            "transform_matrix": [
                [
                    0.977407693862915,
                    0.1494622826576233,
                    0.1494498997926712,
                    0.6024518609046936
                ],
                [
                    0.21136286854743958,
                    -0.6911601424217224,
                    -0.691102921962738,
                    -2.7859251499176025
                ],
                [
                    -7.450581485102248e-09,
                    0.7070775032043457,
                    -0.7071359753608704,
                    -2.8505566120147705
                ],
                [
                    0.0,
                    0.0,
                    0.0,
                    1.0
                ]
            ]
        },
        {
            "file_path": "/data/shapenet_blender/all_50_random/02958343/ec9f938ad52f98abbda72093f9b5aa73/r_22",
            "rotation": 0.12566370614359174,
            "transform_matrix": [
                [
                    -0.08503085374832153,
                    -0.06025320664048195,
                    -0.9945548176765442,
                    -4.009178638458252
                ],
                [
                    -0.9963784217834473,
                    0.005142003297805786,
                    0.08487522602081299,
                    0.3421429693698883
                ],
                [
                    -4.656613428188905e-10,
                    0.9981698989868164,
                    -0.060472216457128525,
                    -0.24377129971981049
                ],
                [
                    0.0,
                    0.0,
                    0.0,
                    1.0
                ]
            ]
        },
        {
            "file_path": "/data/shapenet_blender/all_50_random/02958343/ec9f938ad52f98abbda72093f9b5aa73/r_23",
            "rotation": 0.12566370614359174,
            "transform_matrix": [
                [
                    -0.2073715478181839,
                    0.311798632144928,
                    0.9272423982620239,
                    3.7378339767456055
                ],
                [
                    0.9782623052597046,
                    0.06609491258859634,
                    0.19655635952949524,
                    0.7923440933227539
                ],
                [
                    0.0,
                    0.947846531867981,
                    -0.3187269866466522,
                    -1.2848297357559204
                ],
                [
                    0.0,
                    0.0,
                    0.0,
                    1.0
                ]
            ]
        },
        {
            "file_path": "/data/shapenet_blender/all_50_random/02958343/ec9f938ad52f98abbda72093f9b5aa73/r_24",
            "rotation": 0.12566370614359174,
            "transform_matrix": [
                [
                    -0.7871678471565247,
                    -0.3431661128997803,
                    0.5124488472938538,
                    2.0657477378845215
                ],
                [
                    0.6167389750480652,
                    -0.4379962086677551,
                    0.6540583372116089,
                    2.636593818664551
                ],
                [
                    0.0,
                    0.8309007883071899,
                    0.5564203262329102,
                    2.243002414703369
                ],
                [
                    0.0,
                    0.0,
                    0.0,
                    1.0
                ]
            ]
        },
        {
            "file_path": "/data/shapenet_blender/all_50_random/02958343/ec9f938ad52f98abbda72093f9b5aa73/r_25",
            "rotation": 0.12566370614359174,
            "transform_matrix": [
                [
                    -0.17955508828163147,
                    0.06311807036399841,
                    0.981721043586731,
                    3.9574437141418457
                ],
                [
                    0.9837478995323181,
                    0.011520402505993843,
                    0.17918513715267181,
                    0.7223182916641235
                ],
                [
                    -9.313224635931761e-10,
                    0.9979395270347595,
                    -0.06416083127260208,
                    -0.2586405575275421
                ],
                [
                    0.0,
                    0.0,
                    0.0,
                    1.0
                ]
            ]
        },
        {
            "file_path": "/data/shapenet_blender/all_50_random/02958343/ec9f938ad52f98abbda72093f9b5aa73/r_26",
            "rotation": 0.12566370614359174,
            "transform_matrix": [
                [
                    0.4755256474018097,
                    0.13378401100635529,
                    -0.8694694638252258,
                    -3.504943609237671
                ],
                [
                    -0.8797019720077515,
                    0.07231736928224564,
                    -0.469994455575943,
                    -1.8946082592010498
                ],
                [
                    0.0,
                    0.9883682727813721,
                    0.15207883715629578,
                    0.6130493879318237
                ],
                [
                    0.0,
                    0.0,
                    0.0,
                    1.0
                ]
            ]
        },
        {
            "file_path": "/data/shapenet_blender/all_50_random/02958343/ec9f938ad52f98abbda72093f9b5aa73/r_27",
            "rotation": 0.12566370614359174,
            "transform_matrix": [
                [
                    -0.7910135984420776,
                    -0.12581081688404083,
                    -0.5987229347229004,
                    -2.413529396057129
                ],
                [
                    -0.6117985844612122,
                    0.1626647412776947,
                    0.7741076350212097,
                    3.120527744293213
                ],
                [
                    0.0,
                    0.9786274433135986,
                    -0.20564092695713043,
                    -0.8289650678634644
                ],
                [
                    0.0,
                    0.0,
                    0.0,
                    1.0
                ]
            ]
        },
        {
            "file_path": "/data/shapenet_blender/all_50_random/02958343/ec9f938ad52f98abbda72093f9b5aa73/r_28",
            "rotation": 0.12566370614359174,
            "transform_matrix": [
                [
                    0.3331112265586853,
                    0.6474428772926331,
                    0.6854594349861145,
                    2.7631754875183105
                ],
                [
                    0.9428876042366028,
                    -0.22873403131961823,
                    -0.24216486513614655,
                    -0.9761978387832642
                ],
                [
                    -1.4901161193847656e-08,
                    0.7269790768623352,
                    -0.686659574508667,
                    -2.7680134773254395
                ],
                [
                    0.0,
                    0.0,
                    0.0,
                    1.0
                ]
            ]
        },
        {
            "file_path": "/data/shapenet_blender/all_50_random/02958343/ec9f938ad52f98abbda72093f9b5aa73/r_29",
            "rotation": 0.12566370614359174,
            "transform_matrix": [
                [
                    0.3859735131263733,
                    0.016796978190541267,
                    0.9223568439483643,
                    3.7181396484375
                ],
                [
                    0.9225097894668579,
                    -0.007027771789580584,
                    -0.3859094977378845,
                    -1.555651068687439
                ],
                [
                    -4.6566125955216364e-10,
                    0.9998342394828796,
                    -0.018207909539341927,
                    -0.07339844107627869
                ],
                [
                    0.0,
                    0.0,
                    0.0,
                    1.0
                ]
            ]
        },
        {
            "file_path": "/data/shapenet_blender/all_50_random/02958343/ec9f938ad52f98abbda72093f9b5aa73/r_30",
            "rotation": 0.12566370614359174,
            "transform_matrix": [
                [
                    -0.777072548866272,
                    0.4147619307041168,
                    -0.4734245836734772,
                    -1.908435583114624
                ],
                [
                    -0.6294111013412476,
                    -0.512066125869751,
                    0.5844911932945251,
                    2.3561594486236572
                ],
                [
                    0.0,
                    0.7521708011627197,
                    0.6589682102203369,
                    2.656385898590088
                ],
                [
                    0.0,
                    0.0,
                    0.0,
                    1.0
                ]
            ]
        },
        {
            "file_path": "/data/shapenet_blender/all_50_random/02958343/ec9f938ad52f98abbda72093f9b5aa73/r_31",
            "rotation": 0.12566370614359174,
            "transform_matrix": [
                [
                    -0.8654413223266602,
                    -0.31655487418174744,
                    0.38833528757095337,
                    1.5654296875
                ],
                [
                    0.5010102987289429,
                    -0.5468144416809082,
                    0.670807421207428,
                    2.704111337661743
                ],
                [
                    -1.4901161193847656e-08,
                    0.7751043438911438,
                    0.631833016872406,
                    2.5470006465911865
                ],
                [
                    0.0,
                    0.0,
                    0.0,
                    1.0
                ]
            ]
        },
        {
            "file_path": "/data/shapenet_blender/all_50_random/02958343/ec9f938ad52f98abbda72093f9b5aa73/r_32",
            "rotation": 0.12566370614359174,
            "transform_matrix": [
                [
                    -0.659458339214325,
                    -0.2859639823436737,
                    -0.6952260732650757,
                    -2.8025460243225098
                ],
                [
                    -0.7517410516738892,
                    0.25085940957069397,
                    0.6098809838294983,
                    2.4585089683532715
                ],
                [
                    1.4901159417490817e-08,
                    0.924821138381958,
                    -0.38040223717689514,
                    -1.5334504842758179
                ],
                [
                    0.0,
                    0.0,
                    0.0,
                    1.0
                ]
            ]
        },
        {
            "file_path": "/data/shapenet_blender/all_50_random/02958343/ec9f938ad52f98abbda72093f9b5aa73/r_33",
            "rotation": 0.12566370614359174,
            "transform_matrix": [
                [
                    -0.9976835250854492,
                    -0.016397733241319656,
                    0.06602174043655396,
                    0.26614218950271606
                ],
                [
                    0.06802762299776077,
                    -0.24048683047294617,
                    0.9682655334472656,
                    3.9032034873962402
                ],
                [
                    0.0,
                    0.9705138206481934,
                    0.24104522168636322,
                    0.971684455871582
                ],
                [
                    0.0,
                    0.0,
                    0.0,
                    1.0
                ]
            ]
        },
        {
            "file_path": "/data/shapenet_blender/all_50_random/02958343/ec9f938ad52f98abbda72093f9b5aa73/r_34",
            "rotation": 0.12566370614359174,
            "transform_matrix": [
                [
                    0.9521932601928711,
                    -0.11707261949777603,
                    -0.2821735143661499,
                    -1.137477993965149
                ],
                [
                    -0.3054961562156677,
                    -0.364900678396225,
                    -0.8794995546340942,
                    -3.5453763008117676
                ],
                [
                    7.450580152834618e-09,
                    0.9236565828323364,
                    -0.38322120904922485,
                    -1.5448142290115356
                ],
                [
                    0.0,
                    0.0,
                    0.0,
                    1.0
                ]
            ]
        },
        {
            "file_path": "/data/shapenet_blender/all_50_random/02958343/ec9f938ad52f98abbda72093f9b5aa73/r_35",
            "rotation": 0.12566370614359174,
            "transform_matrix": [
                [
                    0.913567841053009,
                    -0.030937956646084785,
                    0.40550804138183594,
                    1.634655237197876
                ],
                [
                    0.40668660402297974,
                    0.06949804723262787,
                    -0.9109203815460205,
                    -3.6720376014709473
                ],
                [
                    -1.862645371275562e-09,
                    0.9971022605895996,
                    0.07607321441173553,
                    0.3066609501838684
                ],
                [
                    0.0,
                    0.0,
                    0.0,
                    1.0
                ]
            ]
        },
        {
            "file_path": "/data/shapenet_blender/all_50_random/02958343/ec9f938ad52f98abbda72093f9b5aa73/r_36",
            "rotation": 0.12566370614359174,
            "transform_matrix": [
                [
                    -0.6801863312721252,
                    0.5579494833946228,
                    0.47543543577194214,
                    1.9165416955947876
                ],
                [
                    0.7330392003059387,
                    0.5177208185195923,
                    0.4411560893058777,
                    1.7783571481704712
                ],
                [
                    0.0,
                    0.6485812067985535,
                    -0.7611454129219055,
                    -3.0682754516601562
                ],
                [
                    0.0,
                    0.0,
                    0.0,
                    1.0
                ]
            ]
        },
        {
            "file_path": "/data/shapenet_blender/all_50_random/02958343/ec9f938ad52f98abbda72093f9b5aa73/r_37",
            "rotation": 0.12566370614359174,
            "transform_matrix": [
                [
                    -0.05062288045883179,
                    0.5660485029220581,
                    -0.8228161334991455,
                    -3.316877841949463
                ],
                [
                    -0.9987178444862366,
                    -0.028691794723272324,
                    0.04170680046081543,
                    0.16812549531459808
                ],
                [
                    0.0,
                    0.8238725066184998,
                    0.5667752027511597,
                    2.2847440242767334
                ],
                [
                    0.0,
                    0.0,
                    0.0,
                    1.0
                ]
            ]
        },
        {
            "file_path": "/data/shapenet_blender/all_50_random/02958343/ec9f938ad52f98abbda72093f9b5aa73/r_38",
            "rotation": 0.12566370614359174,
            "transform_matrix": [
                [
                    -0.7005197405815125,
                    0.1828654706478119,
                    0.6898060441017151,
                    2.7806968688964844
                ],
                [
                    0.7136330008506775,
                    0.17950524389743805,
                    0.6771305799484253,
                    2.729600429534912
                ],
                [
                    0.0,
                    0.9666116237640381,
                    -0.25624582171440125,
                    -1.0329598188400269
                ],
                [
                    0.0,
                    0.0,
                    0.0,
                    1.0
                ]
            ]
        },
        {
            "file_path": "/data/shapenet_blender/all_50_random/02958343/ec9f938ad52f98abbda72093f9b5aa73/r_39",
            "rotation": 0.12566370614359174,
            "transform_matrix": [
                [
                    0.9989129900932312,
                    0.008971369825303555,
                    -0.04574204608798027,
                    -0.1843920797109604
                ],
                [
                    -0.04661352187395096,
                    0.19225363433361053,
                    -0.980237603187561,
                    -3.9514641761779785
                ],
                [
                    0.0,
                    0.9813041687011719,
                    0.19246284663677216,
                    0.775842547416687
                ],
                [
                    0.0,
                    0.0,
                    0.0,
                    1.0
                ]
            ]
        },
        {
            "file_path": "/data/shapenet_blender/all_50_random/02958343/ec9f938ad52f98abbda72093f9b5aa73/r_40",
            "rotation": 0.12566370614359174,
            "transform_matrix": [
                [
                    0.15140752494335175,
                    -0.6569292545318604,
                    0.7385929822921753,
                    2.9773635864257812
                ],
                [
                    0.988471508026123,
                    0.10062407702207565,
                    -0.1131327822804451,
                    -0.45605283975601196
                ],
                [
                    0.0,
                    0.7472072243690491,
                    0.6645910739898682,
                    2.6790523529052734
                ],
                [
                    0.0,
                    0.0,
                    0.0,
                    1.0
                ]
            ]
        },
        {
            "file_path": "/data/shapenet_blender/all_50_random/02958343/ec9f938ad52f98abbda72093f9b5aa73/r_41",
            "rotation": 0.12566370614359174,
            "transform_matrix": [
                [
                    -0.3594813048839569,
                    -0.07494854927062988,
                    0.9301375150680542,
                    3.749504327774048
                ],
                [
                    0.9331523180007935,
                    -0.02887267805635929,
                    0.3583199381828308,
                    1.4444339275360107
                ],
                [
