{
    "class": "02958343",
    "model": "504793ed2da6cf7eba3e2415e22cd45c",
    "remove_doubles": true,
    "edge_split": true,
    "denoise": true,
    "camera_angle_x": 0.6911112070083618,
    "scale_factor": 2.5886147471222727,
    "hdri_file": "/data/IndoorHDRDataset2018/9C4A8885-f6af76eb6f.exr",
    "center_offset": [
        0.0,
        0.0,
        -4.656612873077393e-10
    ],
    "lights": [],
    "frames": [
        {
            "file_path": "/data/shapenet_blender/all_50_random/02958343/504793ed2da6cf7eba3e2415e22cd45c/r_0",
            "rotation": 0.12566370614359174,
            "transform_matrix": [
                [
                    0.5520573258399963,
                    -0.05917208641767502,
                    0.8317038416862488,
                    3.352705717086792
                ],
                [
                    0.8338062167167664,
                    0.03917742520570755,
                    -0.5506653189659119,
                    -2.2198030948638916
                ],
                [
                    3.725291186640334e-09,
                    0.9974785447120667,
                    0.07096623629331589,
                    0.28607407212257385
                ],
                [
                    0.0,
                    0.0,
                    0.0,
                    1.0
                ]
            ]
        },
        {
            "file_path": "/data/shapenet_blender/all_50_random/02958343/504793ed2da6cf7eba3e2415e22cd45c/r_1",
            "rotation": 0.12566370614359174,
            "transform_matrix": [
                [
                    0.9998842477798462,
                    -0.009078176692128181,
                    -0.012217643670737743,
                    -0.049250900745391846
                ],
                [
                    -0.015221175737679005,
                    -0.5963485836982727,
                    -0.8025811910629272,
                    -3.2353084087371826
                ],
                [
                    -9.31322685637781e-10,
                    0.8026741743087769,
                    -0.5964176058769226,
                    -2.4042365550994873
                ],
                [
                    0.0,
                    0.0,
                    0.0,
                    1.0
                ]
            ]
        },
        {
            "file_path": "/data/shapenet_blender/all_50_random/02958343/504793ed2da6cf7eba3e2415e22cd45c/r_2",
            "rotation": 0.12566370614359174,
            "transform_matrix": [
                [
                    -0.8234018087387085,
                    0.005321865435689688,
                    0.5674338936805725,
                    2.2873992919921875
                ],
                [
                    0.5674588680267334,
                    0.007722204551100731,
                    0.8233655095100403,
                    3.3190925121307373
                ],
                [
                    0.0,
                    0.999955952167511,
                    -0.009378417395055294,
                    -0.03780560940504074
                ],
                [
                    0.0,
                    0.0,
                    0.0,
                    1.0
                ]
            ]
        },
        {
            "file_path": "/data/shapenet_blender/all_50_random/02958343/504793ed2da6cf7eba3e2415e22cd45c/r_3",
            "rotation": 0.12566370614359174,
            "transform_matrix": [
                [
                    0.6663527488708496,
                    -0.7130581736564636,
                    -0.2179957628250122,
                    -0.878769040107727
                ],
                [
                    -0.7456367015838623,
                    -0.6372383236885071,
                    -0.19481617212295532,
                    -0.7853291034698486
                ],
                [
                    1.4901161193847656e-08,
                    0.2923619747161865,
                    -0.9563077092170715,
                    -3.8549997806549072
                ],
                [
                    0.0,
                    0.0,
                    0.0,
                    1.0
                ]
            ]
        },
        {
            "file_path": "/data/shapenet_blender/all_50_random/02958343/504793ed2da6cf7eba3e2415e22cd45c/r_4",
            "rotation": 0.12566370614359174,
            "transform_matrix": [
                [
                    -0.4293293356895447,
                    0.1613694280385971,
                    -0.8886147141456604,
                    -3.582120656967163
                ],
                [
                    -0.9031479954719543,
                    -0.07671015709638596,
                    0.4224206507205963,
                    1.7028322219848633
                ],
                [
                    0.0,
                    0.9839081764221191,
                    0.1786743849515915,
                    0.7202595472335815
                ],
                [
                    0.0,
                    0.0,
                    0.0,
                    1.0
                ]
            ]
        },
        {
            "file_path": "/data/shapenet_blender/all_50_random/02958343/504793ed2da6cf7eba3e2415e22cd45c/r_5",
            "rotation": 0.12566370614359174,
            "transform_matrix": [
                [
                    -0.912208616733551,
                    -0.016799530014395714,
                    0.40938156843185425,
                    1.6502699851989746
                ],
                [
                    0.40972620248794556,
                    -0.03740223869681358,
                    0.9114413857460022,
                    3.674138069152832
                ],
                [
                    0.0,
                    0.9991589784622192,
                    0.04100184887647629,
                    0.16528375446796417
                ],
                [
                    0.0,
                    0.0,
                    0.0,
                    1.0
                ]
            ]
        },
        {
            "file_path": "/data/shapenet_blender/all_50_random/02958343/504793ed2da6cf7eba3e2415e22cd45c/r_6",
            "rotation": 0.12566370614359174,
            "transform_matrix": [
                [
                    -0.9962831735610962,
                    -0.014246657490730286,
                    0.0849517285823822,
                    0.3424513638019562
                ],
                [
                    0.086138054728508,
                    -0.16477859020233154,
                    0.9825621247291565,
                    3.960834264755249
                ],
                [
                    0.0,
                    0.9862276911735535,
                    0.16539333760738373,
                    0.6667218208312988
                ],
                [
                    0.0,
                    0.0,
                    0.0,
                    1.0
                ]
            ]
        },
        {
            "file_path": "/data/shapenet_blender/all_50_random/02958343/504793ed2da6cf7eba3e2415e22cd45c/r_7",
            "rotation": 0.12566370614359174,
            "transform_matrix": [
                [
                    -0.5123110413551331,
                    0.38954073190689087,
                    0.7653727531433105,
                    3.0853161811828613
                ],
                [
                    0.8588000535964966,
                    0.23237773776054382,
                    0.4565776288509369,
                    1.8405232429504395
                ],
                [
                    -1.4901162970204496e-08,
                    0.8912118077278137,
                    -0.45358729362487793,
                    -1.828468918800354
                ],
                [
                    0.0,
                    0.0,
                    0.0,
                    1.0
                ]
            ]
        },
        {
            "file_path": "/data/shapenet_blender/all_50_random/02958343/504793ed2da6cf7eba3e2415e22cd45c/r_8",
            "rotation": 0.12566370614359174,
            "transform_matrix": [
                [
                    0.9920662045478821,
                    -0.03911610692739487,
                    -0.11947570741176605,
                    -0.4816219210624695
                ],
                [
                    -0.12571598589420319,
                    -0.3086780607700348,
                    -0.9428220987319946,
                    -3.8006370067596436
                ],
                [
                    0.0,
                    0.950361967086792,
                    -0.31114661693573,
                    -1.2542719841003418
                ],
                [
                    0.0,
                    0.0,
                    0.0,
                    1.0
                ]
            ]
        },
        {
            "file_path": "/data/shapenet_blender/all_50_random/02958343/504793ed2da6cf7eba3e2415e22cd45c/r_9",
            "rotation": 0.12566370614359174,
            "transform_matrix": [
                [
                    -0.44636958837509155,
                    0.44209545850753784,
                    0.7780140042304993,
                    3.136274814605713
                ],
                [
                    0.8948487639427185,
                    0.22052665054798126,
                    0.38808995485305786,
                    1.5644406080245972
                ],
                [
                    -1.4901161193847656e-08,
                    0.8694364428520203,
                    -0.4940448999404907,
                    -1.9915586709976196
                ],
                [
                    0.0,
                    0.0,
                    0.0,
                    1.0
                ]
            ]
        },
        {
            "file_path": "/data/shapenet_blender/all_50_random/02958343/504793ed2da6cf7eba3e2415e22cd45c/r_10",
            "rotation": 0.12566370614359174,
            "transform_matrix": [
                [
                    -0.13973866403102875,
                    -0.11727874726057053,
                    -0.9832185506820679,
                    -3.9634809494018555
                ],
                [
                    -0.990188479423523,
                    0.016550762578845024,
                    0.13875503838062286,
                    0.5593395233154297
                ],
                [
                    0.0,
                    0.992961049079895,
                    -0.11844083666801453,
                    -0.47745031118392944
                ],
                [
                    0.0,
                    0.0,
                    0.0,
                    1.0
                ]
            ]
        },
        {
            "file_path": "/data/shapenet_blender/all_50_random/02958343/504793ed2da6cf7eba3e2415e22cd45c/r_11",
            "rotation": 0.12566370614359174,
            "transform_matrix": [
                [
                    -0.9519097805023193,
                    -0.29320675134658813,
                    -0.08886891603469849,
                    -0.35824209451675415
                ],
                [
                    -0.30637866258621216,
                    0.9109849333763123,
                    0.2761131525039673,
                    1.1130478382110596
                ],
                [
                    0.0,
                    0.2900623679161072,
                    -0.957007646560669,
                    -3.857821464538574
                ],
                [
                    0.0,
                    0.0,
                    0.0,
                    1.0
                ]
            ]
        },
        {
            "file_path": "/data/shapenet_blender/all_50_random/02958343/504793ed2da6cf7eba3e2415e22cd45c/r_12",
            "rotation": 0.12566370614359174,
            "transform_matrix": [
                [
                    0.6593260169029236,
                    0.31386205554008484,
                    0.6832128167152405,
                    2.7541191577911377
                ],
                [
                    0.7518571615219116,
                    -0.27523499727249146,
                    -0.5991296768188477,
                    -2.4151692390441895
                ],
                [
                    1.4901161193847656e-08,
                    0.9087003469467163,
                    -0.4174489676952362,
                    -1.6827908754348755
                ],
                [
                    0.0,
                    0.0,
                    0.0,
                    1.0
                ]
            ]
        },
        {
            "file_path": "/data/shapenet_blender/all_50_random/02958343/504793ed2da6cf7eba3e2415e22cd45c/r_13",
            "rotation": 0.12566370614359174,
            "transform_matrix": [
                [
                    0.3027876019477844,
                    0.2190643697977066,
                    -0.9275399446487427,
                    -3.7390332221984863
                ],
                [
                    -0.9530580639839172,
                    0.06959699839353561,
                    -0.29468047618865967,
                    -1.1878949403762817
                ],
                [
                    7.450580596923828e-09,
                    0.9732251167297363,
                    0.22985415160655975,
                    0.9265717267990112
                ],
                [
                    0.0,
                    0.0,
                    0.0,
                    1.0
                ]
            ]
        },
        {
            "file_path": "/data/shapenet_blender/all_50_random/02958343/504793ed2da6cf7eba3e2415e22cd45c/r_14",
            "rotation": 0.12566370614359174,
            "transform_matrix": [
                [
                    0.9363381266593933,
                    0.15667952597141266,
                    0.31420132517814636,
                    1.266586184501648
                ],
                [
                    0.3510996401309967,
                    -0.41784435510635376,
                    -0.8379349708557129,
                    -3.377824068069458
                ],
                [
                    0.0,
                    0.8949064016342163,
                    -0.4462537169456482,
                    -1.7989064455032349
                ],
                [
                    0.0,
                    0.0,
                    0.0,
                    1.0
                ]
            ]
        },
        {
            "file_path": "/data/shapenet_blender/all_50_random/02958343/504793ed2da6cf7eba3e2415e22cd45c/r_15",
            "rotation": 0.12566370614359174,
            "transform_matrix": [
                [
                    -0.22495462000370026,
                    -0.6737844944000244,
                    0.7038535475730896,
                    2.837324380874634
                ],
                [
                    0.9743692874908447,
                    -0.1555580049753189,
                    0.16250009834766388,
                    0.6550588011741638
                ],
                [
                    0.0,
                    0.7223684191703796,
                    0.6915083527565002,
                    2.7875592708587646
                ],
                [
                    0.0,
                    0.0,
                    0.0,
                    1.0
                ]
            ]
        },
        {
            "file_path": "/data/shapenet_blender/all_50_random/02958343/504793ed2da6cf7eba3e2415e22cd45c/r_16",
            "rotation": 0.12566370614359174,
            "transform_matrix": [
                [
                    -0.9900810718536377,
                    -0.1101842075586319,
                    0.0871722623705864,
                    0.3514026403427124
                ],
                [
                    0.14049756526947021,
                    -0.7764639258384705,
                    0.6142996549606323,
                    2.476321220397949
                ],
                [
                    0.0,
                    0.620453953742981,
                    0.7842428684234619,
                    3.161384105682373
                ],
                [
                    0.0,
                    0.0,
                    0.0,
                    1.0
                ]
            ]
        },
        {
            "file_path": "/data/shapenet_blender/all_50_random/02958343/504793ed2da6cf7eba3e2415e22cd45c/r_17",
            "rotation": 0.12566370614359174,
            "transform_matrix": [
                [
                    0.9995061755180359,
                    0.007773285731673241,
                    0.030445097014307976,
                    0.12272810935974121
                ],
                [
                    0.03142177313566208,
                    -0.24726317822933197,
                    -0.9684387445449829,
                    -3.9039013385772705
                ],
                [
                    4.6566125955216364e-10,
                    0.9689171314239502,
                    -0.24738535284996033,
                    -0.997242271900177
                ],
                [
                    0.0,
                    0.0,
                    0.0,
                    1.0
                ]
            ]
        },
        {
            "file_path": "/data/shapenet_blender/all_50_random/02958343/504793ed2da6cf7eba3e2415e22cd45c/r_18",
            "rotation": 0.12566370614359174,
            "transform_matrix": [
                [
                    -0.9746145009994507,
                    -0.023108182474970818,
                    -0.22269408404827118,
                    -0.8977084755897522
                ],
                [
                    -0.2238897979259491,
                    0.1005922183394432,
                    0.9694094657897949,
                    3.9078140258789062
                ],
                [
                    1.862645149230957e-09,
                    0.9946593046188354,
                    -0.10321233421564102,
                    -0.4160621762275696
                ],
                [
                    0.0,
                    0.0,
                    0.0,
                    1.0
                ]
            ]
        },
        {
            "file_path": "/data/shapenet_blender/all_50_random/02958343/504793ed2da6cf7eba3e2415e22cd45c/r_19",
            "rotation": 0.12566370614359174,
            "transform_matrix": [
                [
                    -0.9813293218612671,
                    -0.18312494456768036,
                    -0.0588047057390213,
                    -0.23704934120178223
                ],
                [
                    -0.19233496487140656,
                    0.9343380928039551,
                    0.30003270506858826,
                    1.209470510482788
                ],
                [
                    0.0,
                    0.3057410418987274,
                    -0.9521147012710571,
                    -3.838096857070923
                ],
                [
                    0.0,
                    0.0,
                    0.0,
                    1.0
                ]
            ]
        },
        {
            "file_path": "/data/shapenet_blender/all_50_random/02958343/504793ed2da6cf7eba3e2415e22cd45c/r_20",
            "rotation": 0.12566370614359174,
            "transform_matrix": [
                [
                    -0.10971419513225555,
                    -0.7176387906074524,
                    -0.6877189874649048,
                    -2.7722840309143066
                ],
                [
                    -0.9939631819725037,
                    0.07921335846185684,
                    0.07591079920530319,
                    0.30600622296333313
                ],
                [
                    -3.725290298461914e-09,
                    0.6918959021568298,
                    -0.7219972610473633,
                    -2.91046404838562
                ],
                [
                    0.0,
                    0.0,
                    0.0,
                    1.0
                ]
            ]
        },
        {
            "file_path": "/data/shapenet_blender/all_50_random/02958343/504793ed2da6cf7eba3e2415e22cd45c/r_21",
            "rotation": 0.12566370614359174,
            "transform_matrix": [
                [
                    0.20454686880111694,
                    0.7801685929298401,
                    0.591183066368103,
                    2.3831353187561035
                ],
                [
                    0.9788568615913391,
                    -0.16302795708179474,
                    -0.1235365942120552,
                    -0.49799197912216187
                ],
                [
                    0.0,
                    0.6039526462554932,
                    -0.7970201373100281,
                    -3.212891101837158
                ],
                [
                    0.0,
                    0.0,
                    0.0,
                    1.0
                ]
            ]
        },
        {
            "file_path": "/data/shapenet_blender/all_50_random/02958343/504793ed2da6cf7eba3e2415e22cd45c/r_22",
            "rotation": 0.12566370614359174,
            "transform_matrix": [
                [
                    -0.8579293489456177,
                    0.220952570438385,
                    0.46382901072502136,
                    1.8697545528411865
                ],
                [
                    0.5137678980827332,
                    0.36896365880966187,
                    0.7745375037193298,
                    3.122260570526123
                ],
                [
                    0.0,
                    0.9027987718582153,
                    -0.4300630986690521,
                    -1.7336398363113403
                ],
                [
                    0.0,
                    0.0,
                    0.0,
                    1.0
                ]
            ]
        },
        {
            "file_path": "/data/shapenet_blender/all_50_random/02958343/504793ed2da6cf7eba3e2415e22cd45c/r_23",
            "rotation": 0.12566370614359174,
            "transform_matrix": [
                [
                    0.8306595683097839,
                    0.5220288038253784,
                    -0.1936248540878296,
                    -0.7805268168449402
                ],
                [
                    -0.5567806363105774,
                    0.7788134217262268,
                    -0.28886839747428894,
                    -1.1644659042358398
                ],
                [
                    1.4901160305669237e-08,
                    0.3477577269077301,
                    0.9375843405723572,
                    3.7795236110687256
                ],
                [
                    0.0,
                    0.0,
                    0.0,
                    1.0
                ]
            ]
        },
        {
            "file_path": "/data/shapenet_blender/all_50_random/02958343/504793ed2da6cf7eba3e2415e22cd45c/r_24",
            "rotation": 0.12566370614359174,
            "transform_matrix": [
                [
                    0.13899540901184082,
                    -0.34965240955352783,
                    0.9265114665031433,
                    3.73488712310791
                ],
                [
                    0.9902930855751038,
                    0.04907646030187607,
                    -0.130043163895607,
                    -0.5242207646369934
                ],
                [
                    3.725290742551124e-09,
                    0.9355931878089905,
                    0.35307973623275757,
                    1.4233099222183228
                ],
                [
                    0.0,
                    0.0,
                    0.0,
                    1.0
                ]
            ]
        },
        {
            "file_path": "/data/shapenet_blender/all_50_random/02958343/504793ed2da6cf7eba3e2415e22cd45c/r_25",
            "rotation": 0.12566370614359174,
            "transform_matrix": [
                [
                    -0.6632493138313293,
                    0.6340314745903015,
                    -0.39762356877326965,
                    -1.6028718948364258
                ],
                [
                    -0.7483986020088196,
                    -0.5618943572044373,
                    0.3523837924003601,
                    1.4205044507980347
                ],
                [
                    -2.980232594040899e-08,
                    0.5312991738319397,
                    0.8471842408180237,
                    3.4151089191436768
                ],
                [
                    0.0,
                    0.0,
                    0.0,
                    1.0
                ]
            ]
        },
        {
            "file_path": "/data/shapenet_blender/all_50_random/02958343/504793ed2da6cf7eba3e2415e22cd45c/r_26",
            "rotation": 0.12566370614359174,
            "transform_matrix": [
                [
                    0.8625947833061218,
                    -0.5028694868087769,
                    0.055250346660614014,
                    0.22272127866744995
                ],
                [
                    0.5058955550193787,
                    0.8574350476264954,
                    -0.09420652687549591,
                    -0.37975865602493286
                ],
                [
                    3.725290298461914e-09,
                    0.10921309888362885,
                    0.9940183758735657,
                    4.007016181945801
                ],
                [
                    0.0,
                    0.0,
                    0.0,
                    1.0
                ]
            ]
        },
        {
            "file_path": "/data/shapenet_blender/all_50_random/02958343/504793ed2da6cf7eba3e2415e22cd45c/r_27",
            "rotation": 0.12566370614359174,
            "transform_matrix": [
                [
                    0.4661165475845337,
                    0.20203453302383423,
                    -0.8613463044166565,
                    -3.472198009490967
                ],
                [
                    -0.8847233653068542,
                    0.1064419075846672,
                    -0.4538003206253052,
                    -1.8293275833129883
                ],
                [
                    7.450580596923828e-09,
                    0.9735769033432007,
                    0.22835899889469147,
                    0.9205445647239685
                ],
                [
                    0.0,
                    0.0,
                    0.0,
                    1.0
                ]
            ]
        },
        {
            "file_path": "/data/shapenet_blender/all_50_random/02958343/504793ed2da6cf7eba3e2415e22cd45c/r_28",
            "rotation": 0.12566370614359174,
            "transform_matrix": [
                [
                    0.5761032104492188,
                    0.048957254737615585,
                    -0.8159095048904419,
                    -3.2890360355377197
                ],
                [
                    -0.817376971244812,
                    0.03450602665543556,
                    -0.5750689506530762,
                    -2.318176746368408
                ],
                [
                    -1.8626450382086546e-09,
                    0.9982046484947205,
                    0.05989557132124901,
                    0.24144674837589264
                ],
                [
                    0.0,
                    0.0,
                    0.0,
                    1.0
                ]
            ]
        },
        {
            "file_path": "/data/shapenet_blender/all_50_random/02958343/504793ed2da6cf7eba3e2415e22cd45c/r_29",
            "rotation": 0.12566370614359174,
            "transform_matrix": [
                [
                    0.08401034772396088,
                    -0.10037210583686829,
                    0.9913967847824097,
                    3.996448516845703
                ],
                [
                    0.9964648485183716,
                    0.008462210185825825,
                    -0.08358306437730789,
                    -0.3369341492652893
                ],
                [
                    0.0,
                    0.9949140548706055,
                    0.10072817653417587,
                    0.4060482978820801
                ],
                [
                    0.0,
                    0.0,
                    0.0,
                    1.0
                ]
            ]
        },
        {
            "file_path": "/data/shapenet_blender/all_50_random/02958343/504793ed2da6cf7eba3e2415e22cd45c/r_30",
            "rotation": 0.12566370614359174,
            "transform_matrix": [
                [
                    -0.9214969873428345,
                    -0.18261198699474335,
                    -0.3427771329879761,
                    -1.3817789554595947
                ],
                [
                    -0.388385534286499,
                    0.43327146768569946,
                    0.8132848739624023,
                    3.278456449508667
                ],
                [
                    -1.4901161193847656e-08,
                    0.8825691938400269,
                    -0.47018226981163025,
                    -1.8953654766082764
                ],
                [
                    0.0,
                    0.0,
                    0.0,
                    1.0
                ]
            ]
        },
        {
            "file_path": "/data/shapenet_blender/all_50_random/02958343/504793ed2da6cf7eba3e2415e22cd45c/r_31",
            "rotation": 0.12566370614359174,
            "transform_matrix": [
                [
                    0.9192676544189453,
                    -0.05316027253866196,
                    0.39002668857574463,
                    1.5722479820251465
                ],
                [
                    0.3936329185962677,
                    0.1241474598646164,
                    -0.910845935344696,
                    -3.6717376708984375
                ],
                [
                    -7.450580596923828e-09,
                    0.9908387660980225,
                    0.13505035638809204,
                    0.544405460357666
                ],
                [
                    0.0,
                    0.0,
                    0.0,
                    1.0
                ]
            ]
        },
        {
            "file_path": "/data/shapenet_blender/all_50_random/02958343/504793ed2da6cf7eba3e2415e22cd45c/r_32",
            "rotation": 0.12566370614359174,
            "transform_matrix": [
                [
                    -0.9994660019874573,
                    0.028999047353863716,
                    0.015057520940899849,
                    0.06069880723953247
                ],
                [
                    0.032675277441740036,
                    0.887018084526062,
                    0.46057695150375366,
                    1.856645107269287
                ],
                [
                    -9.313225746154785e-10,
                    0.4608229994773865,
                    -0.8874920010566711,
                    -3.577594757080078
                ],
                [
                    0.0,
                    0.0,
                    0.0,
                    1.0
                ]
            ]
        },
        {
            "file_path": "/data/shapenet_blender/all_50_random/02958343/504793ed2da6cf7eba3e2415e22cd45c/r_33",
            "rotation": 0.12566370614359174,
            "transform_matrix": [
                [
                    -0.10174418985843658,
                    0.36050739884376526,
                    -0.9271906018257141,
                    -3.7376248836517334
                ],
                [
                    -0.9948105812072754,
                    -0.03687087073922157,
                    0.09482835978269577,
                    0.3822653591632843
                ],
                [
                    0.0,
                    0.9320273399353027,
                    0.3623879849910736,
                    1.4608327150344849
                ],
                [
                    0.0,
                    0.0,
                    0.0,
                    1.0
                ]
            ]
        },
        {
            "file_path": "/data/shapenet_blender/all_50_random/02958343/504793ed2da6cf7eba3e2415e22cd45c/r_34",
            "rotation": 0.12566370614359174,
            "transform_matrix": [
                [
                    0.986299455165863,
                    -0.13230738043785095,
                    -0.09852946549654007,
                    -0.39718496799468994
                ],
                [
                    -0.16496454179286957,
                    -0.7910469770431519,
                    -0.5890936255455017,
                    -2.3747124671936035
                ],
                [
                    0.0,
                    0.597276508808136,
                    -0.8020353317260742,
                    -3.233107805252075
                ],
                [
                    0.0,
                    0.0,
                    0.0,
                    1.0
                ]
            ]
        },
        {
            "file_path": "/data/shapenet_blender/all_50_random/02958343/504793ed2da6cf7eba3e2415e22cd45c/r_35",
            "rotation": 0.12566370614359174,
            "transform_matrix": [
                [
                    -0.2844523787498474,
                    0.5798752307891846,
                    -0.763434112071991,
                    -3.0775012969970703
                ],
                [
                    -0.9586901068687439,
                    -0.1720544695854187,
                    0.22651810944080353,
                    0.9131237268447876
                ],
                [
                    0.0,
                    0.7963303923606873,
                    0.6048619151115417,
                    2.4382762908935547
                ],
                [
                    0.0,
                    0.0,
                    0.0,
                    1.0
                ]
            ]
        },
        {
            "file_path": "/data/shapenet_blender/all_50_random/02958343/504793ed2da6cf7eba3e2415e22cd45c/r_36",
            "rotation": 0.12566370614359174,
            "transform_matrix": [
                [
                    0.8479853868484497,
                    0.050539012998342514,
                    0.5276046991348267,
                    2.126842498779297
                ],
                [
                    0.5300197601318359,
                    -0.080858014523983,
                    -0.844121515750885,
                    -3.4027626514434814
                ],
                [
                    0.0,
                    0.9954434633255005,
                    -0.09535309672355652,
                    -0.38438063859939575
                ],
                [
                    0.0,
                    0.0,
                    0.0,
                    1.0
                ]
            ]
        },
        {
            "file_path": "/data/shapenet_blender/all_50_random/02958343/504793ed2da6cf7eba3e2415e22cd45c/r_37",
            "rotation": 0.12566370614359174,
            "transform_matrix": [
                [
                    -0.9159968495368958,
                    -0.011484633199870586,
                    0.40102124214172363,
                    1.6165683269500732
                ],
                [
                    0.40118569135665894,
                    -0.026221992447972298,
                    0.9156213998794556,
                    3.6909878253936768
                ],
                [
                    0.0,
                    0.9995900392532349,
                    0.028626736253499985,
                    0.11539806425571442
                ],
                [
                    0.0,
                    0.0,
                    0.0,
                    1.0
                ]
            ]
        },
        {
            "file_path": "/data/shapenet_blender/all_50_random/02958343/504793ed2da6cf7eba3e2415e22cd45c/r_38",
            "rotation": 0.12566370614359174,
            "transform_matrix": [
                [
                    -0.7015203833580017,
                    0.13919363915920258,
                    -0.6989235877990723,
                    -2.817451238632202
                ],
                [
                    -0.7126493453979492,
                    -0.13701993227005005,
                    0.6880089640617371,
                    2.7734529972076416
                ],
                [
                    7.450580152834618e-09,
                    0.9807398319244385,
                    0.1953185349702835,
                    0.7873542308807373
                ],
                [
                    0.0,
                    0.0,
                    0.0,
                    1.0
                ]
            ]
        },
        {
            "file_path": "/data/shapenet_blender/all_50_random/02958343/504793ed2da6cf7eba3e2415e22cd45c/r_39",
            "rotation": 0.12566370614359174,
            "transform_matrix": [
                [
                    0.9932743310928345,
                    -0.0016251561464741826,
                    0.11577393859624863,
                    0.46669965982437134
                ],
                [
                    0.11578535288572311,
                    0.013941538520157337,
                    -0.9931764602661133,
                    -4.003622055053711
                ],
                [
                    0.0,
                    0.9999014735221863,
                    0.01403594296425581,
                    0.056580692529678345
                ],
                [
                    0.0,
                    0.0,
                    0.0,
                    1.0
                ]
            ]
        },
        {
            "file_path": "/data/shapenet_blender/all_50_random/02958343/504793ed2da6cf7eba3e2415e22cd45c/r_40",
            "rotation": 0.12566370614359174,
            "transform_matrix": [
                [
                    0.626529335975647,
                    0.25590524077415466,
                    0.7361885905265808,
                    2.9676706790924072
                ],
                [
                    0.7793979048728943,
                    -0.20571281015872955,
                    -0.5917949676513672,
                    -2.38560152053833
                ],
                [
                    -1.4901161193847656e-08,
                    0.9445605874061584,
                    -0.328337162733078,
                    -1.3235692977905273
                ],
                [
                    0.0,
                    0.0,
                    0.0,
                    1.0
                ]
            ]
        },
        {
            "file_path": "/data/shapenet_blender/all_50_random/02958343/504793ed2da6cf7eba3e2415e22cd45c/r_41",
            "rotation": 0.12566370614359174,
            "transform_matrix": [
                [
                    0.7490017414093018,
                    -0.17763561010360718,
                    0.6383117437362671,
                    2.573117256164551
                ],
                [
                    0.6625680327415466,
                    0.20080862939357758,
                    -0.7215811610221863,
                    -2.9087870121002197
