{
    "class": "02958343",
    "model": "bb7ca919b59a3a2e6b418c7d9fedcaa9",
    "remove_doubles": true,
    "edge_split": true,
    "denoise": true,
    "camera_angle_x": 0.6911112070083618,
    "scale_factor": 2.232287425825332,
    "hdri_file": "/data/IndoorHDRDataset2018/AG8A6340-ce8bbca1c6.exr",
    "center_offset": [
        0.0,
        0.0,
        1.862645149230957e-09
    ],
    "lights": [],
    "frames": [
        {
            "file_path": "/data/shapenet_blender/all_50_random/02958343/bb7ca919b59a3a2e6b418c7d9fedcaa9/r_0",
            "rotation": 0.12566370614359174,
            "transform_matrix": [
                [
                    0.9449348449707031,
                    -0.13356101512908936,
                    -0.2987634539604187,
                    -1.2043540477752686
                ],
                [
                    -0.32725852727890015,
                    -0.38564759492874146,
                    -0.8626574277877808,
                    -3.4774832725524902
                ],
                [
                    -7.450580596923828e-09,
                    0.9129279255867004,
                    -0.4081208109855652,
                    -1.6451876163482666
                ],
                [
                    0.0,
                    0.0,
                    0.0,
                    1.0
                ]
            ]
        },
        {
            "file_path": "/data/shapenet_blender/all_50_random/02958343/bb7ca919b59a3a2e6b418c7d9fedcaa9/r_1",
            "rotation": 0.12566370614359174,
            "transform_matrix": [
                [
                    0.48804256319999695,
                    -0.7955635190010071,
                    0.359017014503479,
                    1.4472439289093018
                ],
                [
                    0.8728199005126953,
                    0.44484418630599976,
                    -0.200746551156044,
                    -0.8092352151870728
                ],
                [
                    0.0,
                    0.411329984664917,
                    0.9114864468574524,
                    3.6743195056915283
                ],
                [
                    0.0,
                    0.0,
                    0.0,
                    1.0
                ]
            ]
        },
        {
            "file_path": "/data/shapenet_blender/all_50_random/02958343/bb7ca919b59a3a2e6b418c7d9fedcaa9/r_2",
            "rotation": 0.12566370614359174,
            "transform_matrix": [
                [
                    -0.4942934811115265,
                    0.7946333289146423,
                    -0.35246542096138,
                    -1.4208335876464844
                ],
                [
                    -0.8692951202392578,
                    -0.45183974504470825,
                    0.20041681826114655,
                    0.8079060316085815
                ],
                [
                    0.0,
                    0.4054611027240753,
                    0.9141122698783875,
                    3.6849043369293213
                ],
                [
                    0.0,
                    0.0,
                    0.0,
                    1.0
                ]
            ]
        },
        {
            "file_path": "/data/shapenet_blender/all_50_random/02958343/bb7ca919b59a3a2e6b418c7d9fedcaa9/r_3",
            "rotation": 0.12566370614359174,
            "transform_matrix": [
                [
                    -0.4521925747394562,
                    0.8110429048538208,
                    -0.3711215555667877,
                    -1.496038794517517
                ],
                [
                    -0.8919203281402588,
                    -0.41118869185447693,
                    0.18815402686595917,
                    0.7584731578826904
                ],
                [
                    0.0,
                    0.4160926043987274,
                    0.9093221426010132,
                    3.6655948162078857
                ],
                [
                    0.0,
                    0.0,
                    0.0,
                    1.0
                ]
            ]
        },
        {
            "file_path": "/data/shapenet_blender/all_50_random/02958343/bb7ca919b59a3a2e6b418c7d9fedcaa9/r_4",
            "rotation": 0.12566370614359174,
            "transform_matrix": [
                [
                    -0.8937565684318542,
                    -0.022032108157873154,
                    0.4480108916759491,
                    1.8059896230697632
                ],
                [
                    0.44855234026908875,
                    -0.043899767100811005,
                    0.8926777839660645,
                    3.598499298095703
                ],
                [
                    0.0,
                    0.9987930059432983,
                    0.04911825433373451,
                    0.19800201058387756
                ],
                [
                    0.0,
                    0.0,
                    0.0,
                    1.0
                ]
            ]
        },
        {
            "file_path": "/data/shapenet_blender/all_50_random/02958343/bb7ca919b59a3a2e6b418c7d9fedcaa9/r_5",
            "rotation": 0.12566370614359174,
            "transform_matrix": [
                [
                    -0.9709035754203796,
                    0.08388480544090271,
                    0.22429794073104858,
                    0.9041739702224731
                ],
                [
                    0.2394707351922989,
                    0.3401002287864685,
                    0.9093874096870422,
                    3.665858030319214
                ],
                [
                    7.450580152834618e-09,
                    0.9366403222084045,
                    -0.35029250383377075,
                    -1.412074327468872
                ],
                [
                    0.0,
                    0.0,
                    0.0,
                    1.0
                ]
            ]
        },
        {
            "file_path": "/data/shapenet_blender/all_50_random/02958343/bb7ca919b59a3a2e6b418c7d9fedcaa9/r_6",
            "rotation": 0.12566370614359174,
            "transform_matrix": [
                [
                    -0.9881336688995361,
                    -0.10609927028417587,
                    -0.11106238514184952,
                    -0.44770678877830505
                ],
                [
                    -0.15359659492969513,
                    0.6825688481330872,
                    0.7144981622695923,
                    2.8802342414855957
                ],
                [
                    -7.450581485102248e-09,
                    0.7230784296989441,
                    -0.6907658576965332,
                    -2.7845661640167236
                ],
                [
                    0.0,
                    0.0,
                    0.0,
                    1.0
                ]
            ]
        },
        {
            "file_path": "/data/shapenet_blender/all_50_random/02958343/bb7ca919b59a3a2e6b418c7d9fedcaa9/r_7",
            "rotation": 0.12566370614359174,
            "transform_matrix": [
                [
                    0.8718079328536987,
                    0.46194103360176086,
                    0.16297647356987,
                    0.6569792032241821
                ],
                [
                    0.48984771966934204,
                    -0.8221409320831299,
                    -0.29005786776542664,
                    -1.1692606210708618
                ],
                [
                    0.0,
                    0.33270835876464844,
                    -0.9430297017097473,
                    -3.8014743328094482
                ],
                [
                    0.0,
                    0.0,
                    0.0,
                    1.0
                ]
            ]
        },
        {
            "file_path": "/data/shapenet_blender/all_50_random/02958343/bb7ca919b59a3a2e6b418c7d9fedcaa9/r_8",
            "rotation": 0.12566370614359174,
            "transform_matrix": [
                [
                    -0.8305498957633972,
                    -0.3947608470916748,
                    -0.39287489652633667,
                    -1.5837293863296509
                ],
                [
                    -0.5569441914558411,
                    0.5886919498443604,
                    0.5858795046806335,
                    2.361755847930908
                ],
                [
                    0.0,
                    0.7054116129875183,
                    -0.7087978720664978,
                    -2.857255697250366
                ],
                [
                    0.0,
                    0.0,
                    0.0,
                    1.0
                ]
            ]
        },
        {
            "file_path": "/data/shapenet_blender/all_50_random/02958343/bb7ca919b59a3a2e6b418c7d9fedcaa9/r_9",
            "rotation": 0.12566370614359174,
            "transform_matrix": [
                [
                    -0.5122329592704773,
                    -0.20405977964401245,
                    0.8342523574829102,
                    3.362978935241699
                ],
                [
                    0.8588466048240662,
                    -0.12170524895191193,
                    0.497564435005188,
                    2.005746364593506
                ],
                [
                    0.0,
                    0.9713636040687561,
                    0.2375975102186203,
                    0.9577862024307251
                ],
                [
                    0.0,
                    0.0,
                    0.0,
                    1.0
                ]
            ]
        },
        {
            "file_path": "/data/shapenet_blender/all_50_random/02958343/bb7ca919b59a3a2e6b418c7d9fedcaa9/r_10",
            "rotation": 0.12566370614359174,
            "transform_matrix": [
                [
                    0.6223853826522827,
                    -0.3674880862236023,
                    -0.6910780668258667,
                    -2.785824775695801
                ],
                [
                    -0.7827109694480896,
                    -0.29221415519714355,
                    -0.5495219826698303,
                    -2.2151939868927
                ],
                [
                    -1.4901161193847656e-08,
                    0.8829287886619568,
                    -0.46950677037239075,
                    -1.8926422595977783
                ],
                [
                    0.0,
                    0.0,
                    0.0,
                    1.0
                ]
            ]
        },
        {
            "file_path": "/data/shapenet_blender/all_50_random/02958343/bb7ca919b59a3a2e6b418c7d9fedcaa9/r_11",
            "rotation": 0.12566370614359174,
            "transform_matrix": [
                [
                    0.35020923614501953,
                    -0.6143865585327148,
                    0.7070238590240479,
                    2.850104331970215
                ],
                [
                    0.9366714954376221,
                    0.22971110045909882,
                    -0.26434698700904846,
                    -1.0656168460845947
                ],
                [
                    1.4901161193847656e-08,
                    0.75482577085495,
                    0.6559252738952637,
                    2.6441192626953125
                ],
                [
                    0.0,
                    0.0,
                    0.0,
                    1.0
                ]
            ]
        },
        {
            "file_path": "/data/shapenet_blender/all_50_random/02958343/bb7ca919b59a3a2e6b418c7d9fedcaa9/r_12",
            "rotation": 0.12566370614359174,
            "transform_matrix": [
                [
                    -0.3665672242641449,
                    0.7313159108161926,
                    -0.5751567482948303,
                    -2.3185312747955322
                ],
                [
                    -0.9303916692733765,
                    -0.288132905960083,
                    0.22660739719867706,
                    0.9134836792945862
                ],
                [
                    1.4901162970204496e-08,
                    0.6181879043579102,
                    0.7860303521156311,
                    3.1685898303985596
                ],
                [
                    0.0,
                    0.0,
                    0.0,
                    1.0
                ]
            ]
        },
        {
            "file_path": "/data/shapenet_blender/all_50_random/02958343/bb7ca919b59a3a2e6b418c7d9fedcaa9/r_13",
            "rotation": 0.12566370614359174,
            "transform_matrix": [
                [
                    0.12402743101119995,
                    0.9874481558799744,
                    0.09779191762208939,
                    0.3942118287086487
                ],
                [
                    0.9922788739204407,
                    -0.12342362850904465,
                    -0.012223257683217525,
                    -0.0492735281586647
                ],
                [
                    0.0,
                    0.09855315834283829,
                    -0.99513179063797,
                    -4.011504650115967
                ],
                [
                    0.0,
                    0.0,
                    0.0,
                    1.0
                ]
            ]
        },
        {
            "file_path": "/data/shapenet_blender/all_50_random/02958343/bb7ca919b59a3a2e6b418c7d9fedcaa9/r_14",
            "rotation": 0.12566370614359174,
            "transform_matrix": [
                [
                    0.23603640496730804,
                    0.9693214893341064,
                    0.0685754045844078,
                    0.27643629908561707
                ],
                [
                    0.971744179725647,
                    -0.2354479283094406,
                    -0.016656946390867233,
                    -0.06714630126953125
                ],
                [
                    0.0,
                    0.07057007402181625,
                    -0.9975069165229797,
                    -4.021079063415527
                ],
                [
                    0.0,
                    0.0,
                    0.0,
                    1.0
                ]
            ]
        },
        {
            "file_path": "/data/shapenet_blender/all_50_random/02958343/bb7ca919b59a3a2e6b418c7d9fedcaa9/r_15",
            "rotation": 0.12566370614359174,
            "transform_matrix": [
                [
                    -0.9739289283752441,
                    -0.12333115935325623,
                    0.19039903581142426,
                    0.7675230503082275
                ],
                [
                    0.2268531769514084,
                    -0.529486894607544,
                    0.8174235224723816,
                    3.2951395511627197
                ],
                [
                    0.0,
                    0.8393051028251648,
                    0.5436607003211975,
                    2.1915664672851562
                ],
                [
                    0.0,
                    0.0,
                    0.0,
                    1.0
                ]
            ]
        },
        {
            "file_path": "/data/shapenet_blender/all_50_random/02958343/bb7ca919b59a3a2e6b418c7d9fedcaa9/r_16",
            "rotation": 0.12566370614359174,
            "transform_matrix": [
                [
                    -0.9746584892272949,
                    0.14246805012226105,
                    0.172464057803154,
                    0.695224940776825
                ],
                [
                    0.22369849681854248,
                    0.6207359433174133,
                    0.7514291405677795,
                    3.0291080474853516
                ],
                [
                    7.450581485102248e-09,
                    0.770966649055481,
                    -0.6368753910064697,
                    -2.5673270225524902
                ],
                [
                    0.0,
                    0.0,
                    0.0,
                    1.0
                ]
            ]
        },
        {
            "file_path": "/data/shapenet_blender/all_50_random/02958343/bb7ca919b59a3a2e6b418c7d9fedcaa9/r_17",
            "rotation": 0.12566370614359174,
            "transform_matrix": [
                [
                    0.9477483034133911,
                    -0.06193716824054718,
                    0.3129487931728363,
                    1.2615370750427246
                ],
                [
                    0.3190191090106964,
                    0.18400417268276215,
                    -0.929714560508728,
                    -3.7477993965148926
                ],
                [
                    0.0,
                    0.9809721112251282,
                    0.19414876401424408,
                    0.7826387882232666
                ],
                [
                    0.0,
                    0.0,
                    0.0,
                    1.0
                ]
            ]
        },
        {
            "file_path": "/data/shapenet_blender/all_50_random/02958343/bb7ca919b59a3a2e6b418c7d9fedcaa9/r_18",
            "rotation": 0.12566370614359174,
            "transform_matrix": [
                [
                    0.5966575741767883,
                    -0.11971795558929443,
                    -0.7935158014297485,
                    -3.1987645626068115
                ],
                [
                    -0.8024960160255432,
                    -0.0890105739235878,
                    -0.5899807810783386,
                    -2.378288507461548
                ],
                [
                    -7.450581485102248e-09,
                    0.9888096451759338,
                    -0.1491820216178894,
                    -0.6013719439506531
                ],
                [
                    0.0,
                    0.0,
                    0.0,
                    1.0
                ]
            ]
        },
        {
            "file_path": "/data/shapenet_blender/all_50_random/02958343/bb7ca919b59a3a2e6b418c7d9fedcaa9/r_19",
            "rotation": 0.12566370614359174,
            "transform_matrix": [
                [
                    -0.22716930508613586,
                    0.02575518563389778,
                    0.9735146164894104,
                    3.924362897872925
                ],
                [
                    0.9738553762435913,
                    0.006007860414683819,
                    0.2270898073911667,
                    0.9154282808303833
                ],
                [
                    4.656613428188905e-10,
                    0.999650239944458,
                    -0.026446623727679253,
                    -0.10660974681377411
                ],
                [
                    0.0,
                    0.0,
                    0.0,
                    1.0
                ]
            ]
        },
        {
            "file_path": "/data/shapenet_blender/all_50_random/02958343/bb7ca919b59a3a2e6b418c7d9fedcaa9/r_20",
            "rotation": 0.12566370614359174,
            "transform_matrix": [
                [
                    -0.9981985688209534,
                    0.0402032770216465,
                    -0.044536590576171875,
                    -0.1795327365398407
                ],
                [
                    -0.05999843776226044,
                    -0.6688650250434875,
                    0.7409586906433105,
                    2.9868998527526855
                ],
                [
                    0.0,
                    0.7422959208488464,
                    0.6700721383094788,
                    2.7011470794677734
                ],
                [
                    0.0,
                    0.0,
                    0.0,
                    1.0
                ]
            ]
        },
        {
            "file_path": "/data/shapenet_blender/all_50_random/02958343/bb7ca919b59a3a2e6b418c7d9fedcaa9/r_21",
            "rotation": 0.12566370614359174,
            "transform_matrix": [
                [
                    0.898867130279541,
                    -0.3980315029621124,
                    0.18332725763320923,
                    0.7390158176422119
                ],
                [
                    0.43822139501571655,
                    0.8164307475090027,
                    -0.37603560090065,
                    -1.5158480405807495
                ],
                [
                    0.0,
                    0.41834384202957153,
                    0.9082887172698975,
                    3.661428928375244
                ],
                [
                    0.0,
                    0.0,
                    0.0,
                    1.0
                ]
            ]
        },
        {
            "file_path": "/data/shapenet_blender/all_50_random/02958343/bb7ca919b59a3a2e6b418c7d9fedcaa9/r_22",
            "rotation": 0.12566370614359174,
            "transform_matrix": [
                [
                    -0.7892499566078186,
                    0.22646835446357727,
                    -0.5707858204841614,
                    -2.3009111881256104
                ],
                [
                    -0.6140719056129456,
                    -0.29107362031936646,
                    0.733615517616272,
                    2.957298755645752
                ],
                [
                    0.0,
                    0.9295096397399902,
                    0.3687977194786072,
                    1.4866712093353271
                ],
                [
                    0.0,
                    0.0,
                    0.0,
                    1.0
                ]
            ]
        },
        {
            "file_path": "/data/shapenet_blender/all_50_random/02958343/bb7ca919b59a3a2e6b418c7d9fedcaa9/r_23",
            "rotation": 0.12566370614359174,
            "transform_matrix": [
                [
                    0.6921807527542114,
                    0.13967552781105042,
                    -0.70807945728302,
                    -2.8543598651885986
                ],
                [
                    -0.721724271774292,
                    0.13395795226097107,
                    -0.6790944933891296,
                    -2.7375175952911377
                ],
                [
                    -7.450581485102248e-09,
                    0.9810943007469177,
                    0.19353030622005463,
                    0.7801457047462463
                ],
                [
                    0.0,
                    0.0,
                    0.0,
                    1.0
                ]
            ]
        },
        {
            "file_path": "/data/shapenet_blender/all_50_random/02958343/bb7ca919b59a3a2e6b418c7d9fedcaa9/r_24",
            "rotation": 0.12566370614359174,
            "transform_matrix": [
                [
                    0.9532304406166077,
                    -0.16643527150154114,
                    0.25229138135910034,
                    1.0170190334320068
                ],
                [
                    0.3022443354129791,
                    0.5249103307723999,
                    -0.7956868410110474,
                    -3.2075161933898926
                ],
                [
                    0.0,
                    0.8347265720367432,
                    0.5506646633148193,
                    2.2198002338409424
                ],
                [
                    0.0,
                    0.0,
                    0.0,
                    1.0
                ]
            ]
        },
        {
            "file_path": "/data/shapenet_blender/all_50_random/02958343/bb7ca919b59a3a2e6b418c7d9fedcaa9/r_25",
            "rotation": 0.12566370614359174,
            "transform_matrix": [
                [
                    -0.6817760467529297,
                    0.04003290459513664,
                    0.7304647564888,
                    2.9445977210998535
                ],
                [
                    0.7315609455108643,
                    0.03730854392051697,
                    0.6807544231414795,
                    2.744208812713623
                ],
                [
                    0.0,
                    0.9985015988349915,
                    -0.05472257733345032,
                    -0.22059376537799835
                ],
                [
                    0.0,
                    0.0,
                    0.0,
                    1.0
                ]
            ]
        },
        {
            "file_path": "/data/shapenet_blender/all_50_random/02958343/bb7ca919b59a3a2e6b418c7d9fedcaa9/r_26",
            "rotation": 0.12566370614359174,
            "transform_matrix": [
                [
                    0.9986547827720642,
                    0.006664915941655636,
                    -0.051422856748104095,
                    -0.20729216933250427
                ],
                [
                    -0.051852982491254807,
                    0.12836195528507233,
                    -0.9903708696365356,
                    -3.9923126697540283
                ],
                [
                    0.0,
                    0.991705060005188,
                    0.12853486835956573,
                    0.5181406140327454
                ],
                [
                    0.0,
                    0.0,
                    0.0,
                    1.0
                ]
            ]
        },
        {
            "file_path": "/data/shapenet_blender/all_50_random/02958343/bb7ca919b59a3a2e6b418c7d9fedcaa9/r_27",
            "rotation": 0.12566370614359174,
            "transform_matrix": [
                [
                    -0.922030508518219,
                    -0.2800772488117218,
                    0.2672387361526489,
                    1.0772738456726074
                ],
                [
                    0.38711729645729065,
                    -0.6670840382575989,
                    0.6365054249763489,
                    2.565835475921631
                ],
                [
                    1.4901161193847656e-08,
                    0.6903301477432251,
                    0.7234944701194763,
                    2.916499614715576
                ],
                [
                    0.0,
                    0.0,
                    0.0,
                    1.0
                ]
            ]
        },
        {
            "file_path": "/data/shapenet_blender/all_50_random/02958343/bb7ca919b59a3a2e6b418c7d9fedcaa9/r_28",
            "rotation": 0.12566370614359174,
            "transform_matrix": [
                [
                    -0.5061957240104675,
                    -0.1856195628643036,
                    -0.8422061204910278,
                    -3.3950417041778564
                ],
                [
                    -0.8624186515808105,
                    0.1089492216706276,
                    0.49433204531669617,
                    1.9927163124084473
                ],
                [
                    0.0,
                    0.976563036441803,
                    -0.21523140370845795,
                    -0.8676255941390991
                ],
                [
                    0.0,
                    0.0,
                    0.0,
                    1.0
                ]
            ]
        },
        {
            "file_path": "/data/shapenet_blender/all_50_random/02958343/bb7ca919b59a3a2e6b418c7d9fedcaa9/r_29",
            "rotation": 0.12566370614359174,
            "transform_matrix": [
                [
                    -0.2616194188594818,
                    0.8598142862319946,
                    0.4384913444519043,
                    1.7676151990890503
                ],
                [
                    0.9651711583137512,
                    0.23306138813495636,
                    0.11885751783847809,
                    0.47912997007369995
                ],
                [
                    -1.4901162970204496e-08,
                    0.45431458950042725,
                    -0.8908412456512451,
                    -3.5910959243774414
                ],
                [
                    0.0,
                    0.0,
                    0.0,
                    1.0
                ]
            ]
        },
        {
            "file_path": "/data/shapenet_blender/all_50_random/02958343/bb7ca919b59a3a2e6b418c7d9fedcaa9/r_30",
            "rotation": 0.12566370614359174,
            "transform_matrix": [
                [
                    0.7142879366874695,
                    -0.04419735446572304,
                    -0.6984549164772034,
                    -2.8155620098114014
                ],
                [
                    -0.699851930141449,
                    -0.04510901868343353,
                    -0.7128620743751526,
                    -2.8736391067504883
                ],
                [
                    0.0,
                    0.9980037808418274,
                    -0.06315242499113083,
                    -0.25457561016082764
                ],
                [
                    0.0,
                    0.0,
                    0.0,
                    1.0
                ]
            ]
        },
        {
            "file_path": "/data/shapenet_blender/all_50_random/02958343/bb7ca919b59a3a2e6b418c7d9fedcaa9/r_31",
            "rotation": 0.12566370614359174,
            "transform_matrix": [
                [
                    0.8872119188308716,
                    0.08433929830789566,
                    -0.4535876512527466,
                    -1.8284704685211182
                ],
                [
                    -0.46136197447776794,
                    0.16218681633472443,
                    -0.872261643409729,
                    -3.5161993503570557
                ],
                [
                    7.450580152834618e-09,
                    0.9831492304801941,
                    0.18280500173568726,
                    0.7369105815887451
                ],
                [
                    0.0,
                    0.0,
                    0.0,
                    1.0
                ]
            ]
        },
        {
            "file_path": "/data/shapenet_blender/all_50_random/02958343/bb7ca919b59a3a2e6b418c7d9fedcaa9/r_32",
            "rotation": 0.12566370614359174,
            "transform_matrix": [
                [
                    0.32229217886924744,
                    0.11116024106740952,
                    0.9400910139083862,
                    3.789628028869629
                ],
                [
                    0.9466401934623718,
                    -0.03784550353884697,
                    -0.32006245851516724,
                    -1.2902129888534546
                ],
                [
                    -3.725290076417309e-09,
                    0.9930816292762756,
                    -0.1174260675907135,
                    -0.473359614610672
                ],
                [
                    0.0,
                    0.0,
                    0.0,
                    1.0
                ]
            ]
        },
        {
            "file_path": "/data/shapenet_blender/all_50_random/02958343/bb7ca919b59a3a2e6b418c7d9fedcaa9/r_33",
            "rotation": 0.12566370614359174,
            "transform_matrix": [
                [
                    0.9980295896530151,
                    0.0013457125751301646,
                    0.06273216754198074,
                    0.2528814673423767
                ],
                [
                    0.06274660676717758,
                    -0.02140451967716217,
                    -0.9977999329566956,
                    -4.0222601890563965
                ],
                [
                    0.0,
                    0.999769926071167,
                    -0.02144678309559822,
                    -0.08645474910736084
                ],
                [
                    0.0,
                    0.0,
                    0.0,
                    1.0
                ]
            ]
        },
        {
            "file_path": "/data/shapenet_blender/all_50_random/02958343/bb7ca919b59a3a2e6b418c7d9fedcaa9/r_34",
            "rotation": 0.12566370614359174,
            "transform_matrix": [
                [
                    -0.42265865206718445,
                    0.4936503469944,
                    -0.7600452899932861,
                    -3.063840866088867
                ],
                [
                    -0.9062888622283936,
                    -0.2302197515964508,
                    0.35445621609687805,
                    1.4288588762283325
                ],
                [
                    0.0,
                    0.8386347889900208,
                    0.5446941256523132,
                    2.195732593536377
                ],
                [
                    0.0,
                    0.0,
                    0.0,
                    1.0
                ]
            ]
        },
        {
            "file_path": "/data/shapenet_blender/all_50_random/02958343/bb7ca919b59a3a2e6b418c7d9fedcaa9/r_35",
            "rotation": 0.12566370614359174,
            "transform_matrix": [
                [
                    -0.05357243865728378,
                    -0.25015488266944885,
                    0.9667225480079651,
                    3.8969831466674805
                ],
                [
                    0.9985640048980713,
                    -0.013420680537819862,
                    0.05186416208744049,
                    0.20907112956047058
                ],
                [
                    0.0,
                    0.9681127667427063,
                    0.2505146563053131,
                    1.009856939315796
                ],
                [
                    0.0,
                    0.0,
                    0.0,
                    1.0
                ]
            ]
        },
        {
            "file_path": "/data/shapenet_blender/all_50_random/02958343/bb7ca919b59a3a2e6b418c7d9fedcaa9/r_36",
            "rotation": 0.12566370614359174,
            "transform_matrix": [
                [
                    0.23314477503299713,
                    0.10337597131729126,
                    -0.9669317007064819,
                    -3.8978264331817627
                ],
                [
                    -0.972442090511322,
                    0.024784578010439873,
                    -0.2318236529827118,
                    -0.9345110654830933
                ],
                [
                    -1.862645149230957e-09,
                    0.9943335652351379,
                    0.10630553215742111,
                    0.42853131890296936
                ],
                [
                    0.0,
                    0.0,
                    0.0,
                    1.0
                ]
            ]
        },
        {
            "file_path": "/data/shapenet_blender/all_50_random/02958343/bb7ca919b59a3a2e6b418c7d9fedcaa9/r_37",
            "rotation": 0.12566370614359174,
            "transform_matrix": [
                [
                    0.36809977889060974,
                    0.10798867046833038,
                    -0.9234939217567444,
                    -3.7227227687835693
                ],
                [
                    -0.929786205291748,
                    0.04275241121649742,
                    -0.36560866236686707,
                    -1.4738155603408813
                ],
                [
                    0.0,
                    0.9932323694229126,
                    0.11614356189966202,
                    0.46818965673446655
                ],
                [
                    0.0,
                    0.0,
                    0.0,
                    1.0
                ]
            ]
        },
        {
            "file_path": "/data/shapenet_blender/all_50_random/02958343/bb7ca919b59a3a2e6b418c7d9fedcaa9/r_38",
            "rotation": 0.12566370614359174,
            "transform_matrix": [
                [
                    -0.3589465320110321,
                    -0.3222446143627167,
                    0.8759655356407166,
                    3.531130313873291
                ],
                [
                    0.9333582520484924,
                    -0.12392732501029968,
                    0.33687469363212585,
                    1.357985496520996
                ],
                [
                    7.450582373280668e-09,
                    0.9385096430778503,
                    0.3452529013156891,
                    1.3917590379714966
                ],
                [
                    0.0,
                    0.0,
                    0.0,
                    1.0
                ]
            ]
        },
        {
            "file_path": "/data/shapenet_blender/all_50_random/02958343/bb7ca919b59a3a2e6b418c7d9fedcaa9/r_39",
            "rotation": 0.12566370614359174,
            "transform_matrix": [
                [
                    -0.9975095987319946,
                    -0.013436431996524334,
                    0.06924032419919968,
                    0.2791166305541992
                ],
                [
                    0.07053197920322418,
                    -0.19002683460712433,
                    0.9792421460151672,
                    3.947450876235962
                ],
                [
                    -9.313225746154785e-10,
                    0.9816869497299194,
                    0.19050128757953644,
                    0.7679351568222046
                ],
                [
                    0.0,
                    0.0,
                    0.0,
                    1.0
                ]
            ]
        },
        {
            "file_path": "/data/shapenet_blender/all_50_random/02958343/bb7ca919b59a3a2e6b418c7d9fedcaa9/r_40",
            "rotation": 0.12566370614359174,
            "transform_matrix": [
                [
                    -0.5115805268287659,
                    -0.3016170859336853,
                    0.8045573234558105,
                    3.243274450302124
                ],
                [
                    0.859235405921936,
                    -0.17957991361618042,
                    0.4790257513523102,
                    1.9310146570205688
                ],
                [
                    -1.4901161193847656e-08,
                    0.9363642930984497,
                    0.351029634475708,
                    1.4150458574295044
                ],
                [
                    0.0,
                    0.0,
                    0.0,
                    1.0
                ]
            ]
        },
        {
            "file_path": "/data/shapenet_blender/all_50_random/02958343/bb7ca919b59a3a2e6b418c7d9fedcaa9/r_41",
            "rotation": 0.12566370614359174,
            "transform_matrix": [
                [
                    0.9861277341842651,
                    0.13424672186374664,
                    0.09762166440486908,
                    0.39352551102638245
                ],
                [
                    0.1659884750843048,
                    -0.7975518703460693,
                    -0.5799645781517029,
                    -2.337912082672119
                ],
                [
                    -7.450580596923828e-09,
