{
    "class": "02958343",
    "model": "a59c142ed6850a26ad4bd5fc1269475a",
    "remove_doubles": true,
    "edge_split": true,
    "denoise": true,
    "camera_angle_x": 0.6911112070083618,
    "scale_factor": 2.286385869698534,
    "hdri_file": "/data/IndoorHDRDataset2018/AG8A6154-f4c9fd92da.exr",
    "center_offset": [
        0.0,
        -3.725290298461914e-09,
        0.0
    ],
    "lights": [],
    "frames": [
        {
            "file_path": "/data/shapenet_blender/all_50_random/02958343/a59c142ed6850a26ad4bd5fc1269475a/r_0",
            "rotation": 0.12566370614359174,
            "transform_matrix": [
                [
                    -0.9593175649642944,
                    0.03363167494535446,
                    0.2803190052509308,
                    1.1300020217895508
                ],
                [
                    0.2823292911052704,
                    0.1142759770154953,
                    0.9524868130683899,
                    3.839597225189209
                ],
                [
                    0.0,
                    0.9928795099258423,
                    -0.11912216991186142,
                    -0.48019683361053467
                ],
                [
                    0.0,
                    0.0,
                    0.0,
                    1.0
                ]
            ]
        },
        {
            "file_path": "/data/shapenet_blender/all_50_random/02958343/a59c142ed6850a26ad4bd5fc1269475a/r_1",
            "rotation": 0.12566370614359174,
            "transform_matrix": [
                [
                    0.9590415954589844,
                    0.022116757929325104,
                    0.2824007570743561,
                    1.1383938789367676
                ],
                [
                    0.28326553106307983,
                    -0.07487989217042923,
                    -0.9561138153076172,
                    -3.854218006134033
                ],
                [
                    1.862645371275562e-09,
                    0.996947169303894,
                    -0.07807784527540207,
                    -0.314741849899292
                ],
                [
                    0.0,
                    0.0,
                    0.0,
                    1.0
                ]
            ]
        },
        {
            "file_path": "/data/shapenet_blender/all_50_random/02958343/a59c142ed6850a26ad4bd5fc1269475a/r_2",
            "rotation": 0.12566370614359174,
            "transform_matrix": [
                [
                    0.6826314926147461,
                    0.5092282891273499,
                    0.5241190791130066,
                    2.1127917766571045
                ],
                [
                    0.7307628393173218,
                    -0.4756881892681122,
                    -0.48959821462631226,
                    -1.9736336469650269
                ],
                [
                    1.4901161193847656e-08,
                    0.7172219753265381,
                    -0.6968446969985962,
                    -2.8090710639953613
                ],
                [
                    0.0,
                    0.0,
                    0.0,
                    1.0
                ]
            ]
        },
        {
            "file_path": "/data/shapenet_blender/all_50_random/02958343/a59c142ed6850a26ad4bd5fc1269475a/r_3",
            "rotation": 0.12566370614359174,
            "transform_matrix": [
                [
                    0.1714233160018921,
                    -0.08544033020734787,
                    0.9814856052398682,
                    3.9564950466156006
                ],
                [
                    0.9851974844932556,
                    0.01486652810126543,
                    -0.17077745497226715,
                    -0.6884259581565857
                ],
                [
                    -9.313225746154785e-10,
                    0.9962323904037476,
                    0.08672406524419785,
                    0.3495958745479584
                ],
                [
                    0.0,
                    0.0,
                    0.0,
                    1.0
                ]
            ]
        },
        {
            "file_path": "/data/shapenet_blender/all_50_random/02958343/a59c142ed6850a26ad4bd5fc1269475a/r_4",
            "rotation": 0.12566370614359174,
            "transform_matrix": [
                [
                    0.46086615324020386,
                    -0.05376965552568436,
                    0.8858392834663391,
                    3.570932388305664
                ],
                [
                    0.8874696493148804,
                    0.027922771871089935,
                    -0.46001946926116943,
                    -1.8543977737426758
                ],
                [
                    0.0,
                    0.9981628060340881,
                    0.060587603598833084,
                    0.24423643946647644
                ],
                [
                    0.0,
                    0.0,
                    0.0,
                    1.0
                ]
            ]
        },
        {
            "file_path": "/data/shapenet_blender/all_50_random/02958343/a59c142ed6850a26ad4bd5fc1269475a/r_5",
            "rotation": 0.12566370614359174,
            "transform_matrix": [
                [
                    0.9947507977485657,
                    0.006006051320582628,
                    0.10215165466070175,
                    0.4117864966392517
                ],
                [
                    0.10232807695865631,
                    -0.05838596820831299,
                    -0.9930357336997986,
                    -4.003055095672607
                ],
                [
                    -4.656613983300417e-10,
                    0.9982759356498718,
                    -0.05869407579302788,
                    -0.23660339415073395
                ],
                [
                    0.0,
                    0.0,
                    0.0,
                    1.0
                ]
            ]
        },
        {
            "file_path": "/data/shapenet_blender/all_50_random/02958343/a59c142ed6850a26ad4bd5fc1269475a/r_6",
            "rotation": 0.12566370614359174,
            "transform_matrix": [
                [
                    -0.6572853326797485,
                    0.5623288750648499,
                    -0.5017589926719666,
                    -2.0226552486419678
                ],
                [
                    -0.7536416053771973,
                    -0.4904327392578125,
                    0.43760696053504944,
                    1.7640501260757446
                ],
                [
                    -1.4901159417490817e-08,
                    0.665779173374176,
                    0.7461488246917725,
                    3.007822036743164
                ],
                [
                    0.0,
                    0.0,
                    0.0,
                    1.0
                ]
            ]
        },
        {
            "file_path": "/data/shapenet_blender/all_50_random/02958343/a59c142ed6850a26ad4bd5fc1269475a/r_7",
            "rotation": 0.12566370614359174,
            "transform_matrix": [
                [
                    -0.9195011258125305,
                    0.20427080988883972,
                    -0.3358440697193146,
                    -1.3538308143615723
                ],
                [
                    -0.39308759570121765,
                    -0.477825403213501,
                    0.7855984568595886,
                    3.16684889793396
                ],
                [
                    0.0,
                    0.8543747067451477,
                    0.5196571946144104,
                    2.0948054790496826
                ],
                [
                    0.0,
                    0.0,
                    0.0,
                    1.0
                ]
            ]
        },
        {
            "file_path": "/data/shapenet_blender/all_50_random/02958343/a59c142ed6850a26ad4bd5fc1269475a/r_8",
            "rotation": 0.12566370614359174,
            "transform_matrix": [
                [
                    0.7880967855453491,
                    -0.0719626173377037,
                    -0.6113303303718567,
                    -2.4643516540527344
                ],
                [
                    -0.6155513525009155,
                    -0.09213447570800781,
                    -0.7826924920082092,
                    -3.155134677886963
                ],
                [
                    0.0,
                    0.99314284324646,
                    -0.11690755933523178,
                    -0.47126948833465576
                ],
                [
                    0.0,
                    0.0,
                    0.0,
                    1.0
                ]
            ]
        },
        {
            "file_path": "/data/shapenet_blender/all_50_random/02958343/a59c142ed6850a26ad4bd5fc1269475a/r_9",
            "rotation": 0.12566370614359174,
            "transform_matrix": [
                [
                    -0.8674203753471375,
                    -0.20834779739379883,
                    -0.4518551230430603,
                    -1.821486234664917
                ],
                [
                    -0.497575968503952,
                    0.36321109533309937,
                    0.7877155542373657,
                    3.1753828525543213
                ],
                [
                    0.0,
                    0.9081127643585205,
                    -0.4187256097793579,
                    -1.6879369020462036
                ],
                [
                    0.0,
                    0.0,
                    0.0,
                    1.0
                ]
            ]
        },
        {
            "file_path": "/data/shapenet_blender/all_50_random/02958343/a59c142ed6850a26ad4bd5fc1269475a/r_10",
            "rotation": 0.12566370614359174,
            "transform_matrix": [
                [
                    0.9071064591407776,
                    0.11512070894241333,
                    -0.4048519432544708,
                    -1.6320102214813232
                ],
                [
                    -0.42090123891830444,
                    0.24810270965099335,
                    -0.8725177645683289,
                    -3.5172312259674072
                ],
                [
                    0.0,
                    0.9618691205978394,
                    0.27351003885269165,
                    1.1025540828704834
                ],
                [
                    0.0,
                    0.0,
                    0.0,
                    1.0
                ]
            ]
        },
        {
            "file_path": "/data/shapenet_blender/all_50_random/02958343/a59c142ed6850a26ad4bd5fc1269475a/r_11",
            "rotation": 0.12566370614359174,
            "transform_matrix": [
                [
                    0.9999321103096008,
                    -0.0009075357811525464,
                    0.01161909755319357,
                    0.046838074922561646
                ],
                [
                    0.011654485948383808,
                    0.07786478847265244,
                    -0.9968958497047424,
                    -4.018615245819092
                ],
                [
                    5.8207657444020455e-11,
                    0.9969635009765625,
                    0.07787008583545685,
                    0.3139043152332306
                ],
                [
                    0.0,
                    0.0,
                    0.0,
                    1.0
                ]
            ]
        },
        {
            "file_path": "/data/shapenet_blender/all_50_random/02958343/a59c142ed6850a26ad4bd5fc1269475a/r_12",
            "rotation": 0.12566370614359174,
            "transform_matrix": [
                [
                    -0.6604931950569153,
                    0.18216510117053986,
                    -0.7283986210823059,
                    -2.9362690448760986
                ],
                [
                    -0.7508320808410645,
                    -0.1602473109960556,
                    0.6407588720321655,
                    2.582981824874878
                ],
                [
                    -1.4901161193847656e-08,
                    0.9701219201087952,
                    0.24261769652366638,
                    0.9780232906341553
                ],
                [
                    0.0,
                    0.0,
                    0.0,
                    1.0
                ]
            ]
        },
        {
            "file_path": "/data/shapenet_blender/all_50_random/02958343/a59c142ed6850a26ad4bd5fc1269475a/r_13",
            "rotation": 0.12566370614359174,
            "transform_matrix": [
                [
                    -0.8990843296051025,
                    -0.15715976059436798,
                    -0.4085931181907654,
                    -1.6470913887023926
                ],
                [
                    -0.4377756416797638,
                    0.32276779413223267,
                    0.8391504883766174,
                    3.382723331451416
                ],
                [
                    1.4901161193847656e-08,
                    0.93333899974823,
                    -0.3589962422847748,
                    -1.447160005569458
                ],
                [
                    0.0,
                    0.0,
                    0.0,
                    1.0
                ]
            ]
        },
        {
            "file_path": "/data/shapenet_blender/all_50_random/02958343/a59c142ed6850a26ad4bd5fc1269475a/r_14",
            "rotation": 0.12566370614359174,
            "transform_matrix": [
                [
                    -0.5953409671783447,
                    0.33067411184310913,
                    -0.7322729229927063,
                    -2.9518866539001465
                ],
                [
                    -0.8034730553627014,
                    -0.24501612782478333,
                    0.5425845980644226,
                    2.1872284412384033
                ],
                [
                    1.4901160305669237e-08,
                    0.9113844633102417,
                    0.4115559458732605,
                    1.659035086631775
                ],
                [
                    0.0,
                    0.0,
                    0.0,
                    1.0
                ]
            ]
        },
        {
            "file_path": "/data/shapenet_blender/all_50_random/02958343/a59c142ed6850a26ad4bd5fc1269475a/r_15",
            "rotation": 0.12566370614359174,
            "transform_matrix": [
                [
                    0.9946975111961365,
                    0.08502247929573059,
                    0.057860929518938065,
                    0.2332448661327362
                ],
                [
                    0.10284312069416046,
                    -0.8223364353179932,
                    -0.559630274772644,
                    -2.255941867828369
                ],
                [
                    -3.725290076417309e-09,
                    0.5626134276390076,
                    -0.8267199993133545,
                    -3.3326148986816406
                ],
                [
                    0.0,
                    0.0,
                    0.0,
                    1.0
                ]
            ]
        },
        {
            "file_path": "/data/shapenet_blender/all_50_random/02958343/a59c142ed6850a26ad4bd5fc1269475a/r_16",
            "rotation": 0.12566370614359174,
            "transform_matrix": [
                [
                    0.7610926628112793,
                    -0.23233099281787872,
                    0.6056073904037476,
                    2.4412810802459717
                ],
                [
                    0.6486431956291199,
                    0.2726081609725952,
                    -0.7105962038040161,
                    -2.86450457572937
                ],
                [
                    -1.4901159417490817e-08,
                    0.9336525797843933,
                    0.3581799864768982,
                    1.4438695907592773
                ],
                [
                    0.0,
                    0.0,
                    0.0,
                    1.0
                ]
            ]
        },
        {
            "file_path": "/data/shapenet_blender/all_50_random/02958343/a59c142ed6850a26ad4bd5fc1269475a/r_17",
            "rotation": 0.12566370614359174,
            "transform_matrix": [
                [
                    -0.37628358602523804,
                    0.1982673555612564,
                    -0.9050418138504028,
                    -3.6483402252197266
                ],
                [
                    -0.9265044927597046,
                    -0.0805228129029274,
                    0.36756688356399536,
                    1.4817094802856445
                ],
                [
                    0.0,
                    0.9768347144126892,
                    0.21399502456188202,
                    0.8626415133476257
                ],
                [
                    0.0,
                    0.0,
                    0.0,
                    1.0
                ]
            ]
        },
        {
            "file_path": "/data/shapenet_blender/all_50_random/02958343/a59c142ed6850a26ad4bd5fc1269475a/r_18",
            "rotation": 0.12566370614359174,
            "transform_matrix": [
                [
                    -0.6327536702156067,
                    0.48436543345451355,
                    -0.6041629910469055,
                    -2.4354588985443115
                ],
                [
                    -0.7743530869483948,
                    -0.395793616771698,
                    0.4936847984790802,
                    1.9901070594787598
                ],
                [
                    0.0,
                    0.7802163362503052,
                    0.6255097389221191,
                    2.521510362625122
                ],
                [
                    0.0,
                    0.0,
                    0.0,
                    1.0
                ]
            ]
        },
        {
            "file_path": "/data/shapenet_blender/all_50_random/02958343/a59c142ed6850a26ad4bd5fc1269475a/r_19",
            "rotation": 0.12566370614359174,
            "transform_matrix": [
                [
                    0.6852737665176392,
                    -0.4248988926410675,
                    -0.5914902091026306,
                    -2.384373426437378
                ],
                [
                    -0.728285551071167,
                    -0.3998048007488251,
                    -0.5565574169158936,
                    -2.2435550689697266
                ],
                [
                    0.0,
                    0.8121679425239563,
                    -0.5834234356880188,
                    -2.3518552780151367
                ],
                [
                    0.0,
                    0.0,
                    0.0,
                    1.0
                ]
            ]
        },
        {
            "file_path": "/data/shapenet_blender/all_50_random/02958343/a59c142ed6850a26ad4bd5fc1269475a/r_20",
            "rotation": 0.12566370614359174,
            "transform_matrix": [
                [
                    -0.9198265075683594,
                    -0.05874518305063248,
                    0.3879023492336273,
                    1.5636844635009766
                ],
                [
                    0.3923254609107971,
                    -0.13773101568222046,
                    0.9094563722610474,
                    3.6661360263824463
                ],
                [
                    3.725290298461914e-09,
                    0.988726019859314,
                    0.14973585307598114,
                    0.6036046147346497
                ],
                [
                    0.0,
                    0.0,
                    0.0,
                    1.0
                ]
            ]
        },
        {
            "file_path": "/data/shapenet_blender/all_50_random/02958343/a59c142ed6850a26ad4bd5fc1269475a/r_21",
            "rotation": 0.12566370614359174,
            "transform_matrix": [
                [
                    -0.8090636730194092,
                    0.17194487154483795,
                    -0.5620061159133911,
                    -2.265519142150879
                ],
                [
                    -0.5877209305763245,
                    -0.2367013543844223,
                    0.7736643552780151,
                    3.1187407970428467
                ],
                [
                    0.0,
                    0.9562466144561768,
                    0.2925620377063751,
                    1.179355263710022
                ],
                [
                    0.0,
                    0.0,
                    0.0,
                    1.0
                ]
            ]
        },
        {
            "file_path": "/data/shapenet_blender/all_50_random/02958343/a59c142ed6850a26ad4bd5fc1269475a/r_22",
            "rotation": 0.12566370614359174,
            "transform_matrix": [
                [
                    0.19087648391723633,
                    0.071357861161232,
                    -0.979016900062561,
                    -3.9465436935424805
                ],
                [
                    -0.9816141724586487,
                    0.013875652104616165,
                    -0.19037142395973206,
                    -0.7674118280410767
                ],
                [
                    -9.31322685637781e-10,
                    0.9973542094230652,
                    0.07269441336393356,
                    0.29304057359695435
                ],
                [
                    0.0,
                    0.0,
                    0.0,
                    1.0
                ]
            ]
        },
        {
            "file_path": "/data/shapenet_blender/all_50_random/02958343/a59c142ed6850a26ad4bd5fc1269475a/r_23",
            "rotation": 0.12566370614359174,
            "transform_matrix": [
                [
                    0.024590564891695976,
                    -0.28912532329559326,
                    0.9569753408432007,
                    3.8576910495758057
                ],
                [
                    0.9996976852416992,
                    0.007111904677003622,
                    -0.023539680987596512,
                    -0.0948914885520935
                ],
                [
                    4.656613428188905e-10,
                    0.95726478099823,
                    0.28921279311180115,
                    1.1658540964126587
                ],
                [
                    0.0,
                    0.0,
                    0.0,
                    1.0
                ]
            ]
        },
        {
            "file_path": "/data/shapenet_blender/all_50_random/02958343/a59c142ed6850a26ad4bd5fc1269475a/r_24",
            "rotation": 0.12566370614359174,
            "transform_matrix": [
                [
                    0.8818070888519287,
                    0.16097524762153625,
                    -0.44328683614730835,
                    -1.786946415901184
                ],
                [
                    -0.47161027789115906,
                    0.30098816752433777,
                    -0.8288484811782837,
                    -3.3411951065063477
                ],
                [
                    0.0,
                    0.9399430751800537,
                    0.3413310945034027,
                    1.3759496212005615
                ],
                [
                    0.0,
                    0.0,
                    0.0,
                    1.0
                ]
            ]
        },
        {
            "file_path": "/data/shapenet_blender/all_50_random/02958343/a59c142ed6850a26ad4bd5fc1269475a/r_25",
            "rotation": 0.12566370614359174,
            "transform_matrix": [
                [
                    -0.9993012547492981,
                    0.0009373045759275556,
                    0.03736715391278267,
                    0.15063181519508362
                ],
                [
                    0.037378910928964615,
                    0.025058237835764885,
                    0.9989869594573975,
                    4.027045249938965
                ],
                [
                    0.0,
                    0.9996854662895203,
                    -0.025075765326619148,
                    -0.10108364373445511
                ],
                [
                    0.0,
                    0.0,
                    0.0,
                    1.0
                ]
            ]
        },
        {
            "file_path": "/data/shapenet_blender/all_50_random/02958343/a59c142ed6850a26ad4bd5fc1269475a/r_26",
            "rotation": 0.12566370614359174,
            "transform_matrix": [
                [
                    -0.4569731652736664,
                    0.5286412835121155,
                    0.7153418064117432,
                    2.8836350440979004
                ],
                [
                    0.8894804120063782,
                    0.2715910077095032,
                    0.3675089478492737,
                    1.4814759492874146
                ],
                [
                    0.0,
                    0.8042243123054504,
                    -0.5943259000778198,
                    -2.3958044052124023
                ],
                [
                    0.0,
                    0.0,
                    0.0,
                    1.0
                ]
            ]
        },
        {
            "file_path": "/data/shapenet_blender/all_50_random/02958343/a59c142ed6850a26ad4bd5fc1269475a/r_27",
            "rotation": 0.12566370614359174,
            "transform_matrix": [
                [
                    -0.9227056503295898,
                    0.03433164209127426,
                    -0.38397350907325745,
                    -1.547846794128418
                ],
                [
                    -0.385505348443985,
                    -0.08217266201972961,
                    0.919039249420166,
                    3.704766035079956
                ],
                [
                    0.0,
                    0.9960265159606934,
                    0.08905620872974396,
                    0.35899707674980164
                ],
                [
                    0.0,
                    0.0,
                    0.0,
                    1.0
                ]
            ]
        },
        {
            "file_path": "/data/shapenet_blender/all_50_random/02958343/a59c142ed6850a26ad4bd5fc1269475a/r_28",
            "rotation": 0.12566370614359174,
            "transform_matrix": [
                [
                    0.35563820600509644,
                    -0.009641855955123901,
                    -0.9345738887786865,
                    -3.767388105392456
                ],
                [
                    -0.934623658657074,
                    -0.00366886961273849,
                    -0.35561925172805786,
                    -1.4335471391677856
                ],
                [
                    2.3283062977608182e-10,
                    0.9999467730522156,
                    -0.010316296480596066,
                    -0.04158632457256317
                ],
                [
                    0.0,
                    0.0,
                    0.0,
                    1.0
                ]
            ]
        },
        {
            "file_path": "/data/shapenet_blender/all_50_random/02958343/a59c142ed6850a26ad4bd5fc1269475a/r_29",
            "rotation": 0.12566370614359174,
            "transform_matrix": [
                [
                    -0.4633319675922394,
                    0.025716302916407585,
                    0.8858115673065186,
                    3.5708205699920654
                ],
                [
                    0.8861846923828125,
                    0.01344548724591732,
                    0.4631368815898895,
                    1.8669644594192505
                ],
                [
                    0.0,
                    0.9995788335800171,
                    -0.029019121080636978,
                    -0.11697982251644135
                ],
                [
                    0.0,
                    0.0,
                    0.0,
                    1.0
                ]
            ]
        },
        {
            "file_path": "/data/shapenet_blender/all_50_random/02958343/a59c142ed6850a26ad4bd5fc1269475a/r_30",
            "rotation": 0.12566370614359174,
            "transform_matrix": [
                [
                    -0.5730935335159302,
                    0.644633948802948,
                    0.5059751272201538,
                    2.0396509170532227
                ],
                [
                    0.8194899559020996,
                    0.45081156492233276,
                    0.3538433611392975,
                    1.4263882637023926
                ],
                [
                    1.4901162970204496e-08,
                    0.617426872253418,
                    -0.7866281867027283,
                    -3.170999765396118
                ],
                [
                    0.0,
                    0.0,
                    0.0,
                    1.0
                ]
            ]
        },
        {
            "file_path": "/data/shapenet_blender/all_50_random/02958343/a59c142ed6850a26ad4bd5fc1269475a/r_31",
            "rotation": 0.12566370614359174,
            "transform_matrix": [
                [
                    -0.6609151363372803,
                    -0.3590487837791443,
                    -0.658995509147644,
                    -2.6564958095550537
                ],
                [
                    -0.7504605650901794,
                    0.3162068724632263,
                    0.5803637504577637,
                    2.3395211696624756
                ],
                [
                    1.4901160305669237e-08,
                    0.8781214356422424,
                    -0.4784378409385681,
                    -1.9286446571350098
                ],
                [
                    0.0,
                    0.0,
                    0.0,
                    1.0
                ]
            ]
        },
        {
            "file_path": "/data/shapenet_blender/all_50_random/02958343/a59c142ed6850a26ad4bd5fc1269475a/r_32",
            "rotation": 0.12566370614359174,
            "transform_matrix": [
                [
                    0.3365853428840637,
                    0.05072975531220436,
                    -0.9402853846549988,
                    -3.790411949157715
                ],
                [
                    -0.9416530728340149,
                    0.0181328933686018,
                    -0.33609649538993835,
                    -1.3548483848571777
                ],
                [
                    0.0,
                    0.9985477924346924,
                    0.05387308448553085,
                    0.2171693593263626
                ],
                [
                    0.0,
                    0.0,
                    0.0,
                    1.0
                ]
            ]
        },
        {
            "file_path": "/data/shapenet_blender/all_50_random/02958343/a59c142ed6850a26ad4bd5fc1269475a/r_33",
            "rotation": 0.12566370614359174,
            "transform_matrix": [
                [
                    0.2742104232311249,
                    -0.018839605152606964,
                    -0.9614851474761963,
                    -3.875870704650879
                ],
                [
                    -0.9616698026657104,
                    -0.005371923558413982,
                    -0.2741577923297882,
                    -1.1051653623580933
                ],
                [
                    0.0,
                    0.9998080134391785,
                    -0.01959051564335823,
                    -0.07897189259529114
                ],
                [
                    0.0,
                    0.0,
                    0.0,
                    1.0
                ]
            ]
        },
        {
            "file_path": "/data/shapenet_blender/all_50_random/02958343/a59c142ed6850a26ad4bd5fc1269475a/r_34",
            "rotation": 0.12566370614359174,
            "transform_matrix": [
                [
                    -0.46931490302085876,
                    -0.023834994062781334,
                    -0.8827091455459595,
                    -3.558314323425293
                ],
                [
                    -0.8830309510231018,
                    0.012667867355048656,
                    0.46914389729499817,
                    1.8911795616149902
                ],
                [
                    9.313225746154785e-10,
                    0.9996356964111328,
                    -0.026992253959178925,
                    -0.10880925506353378
                ],
                [
                    0.0,
                    0.0,
                    0.0,
                    1.0
                ]
            ]
        },
        {
            "file_path": "/data/shapenet_blender/all_50_random/02958343/a59c142ed6850a26ad4bd5fc1269475a/r_35",
            "rotation": 0.12566370614359174,
            "transform_matrix": [
                [
                    0.9813563823699951,
                    0.09173359721899033,
                    0.168892502784729,
                    0.6808274388313293
                ],
                [
                    0.19219711422920227,
                    -0.46839073300361633,
                    -0.8623632192611694,
                    -3.476297378540039
                ],
                [
                    0.0,
                    0.8787462115287781,
                    -0.47728919982910156,
                    -1.9240143299102783
                ],
                [
                    0.0,
                    0.0,
                    0.0,
                    1.0
                ]
            ]
        },
        {
            "file_path": "/data/shapenet_blender/all_50_random/02958343/a59c142ed6850a26ad4bd5fc1269475a/r_36",
            "rotation": 0.12566370614359174,
            "transform_matrix": [
                [
                    0.9994903802871704,
                    0.014662889763712883,
                    0.028353435918688774,
                    0.11429634690284729
                ],
                [
                    0.03192048519849777,
                    -0.45912259817123413,
                    -0.8877992630004883,
                    -3.5788331031799316
                ],
                [
                    0.0,
                    0.8882519006729126,
                    -0.4593566954135895,
                    -1.8517259359359741
                ],
                [
                    0.0,
                    0.0,
                    0.0,
                    1.0
                ]
            ]
        },
        {
            "file_path": "/data/shapenet_blender/all_50_random/02958343/a59c142ed6850a26ad4bd5fc1269475a/r_37",
            "rotation": 0.12566370614359174,
            "transform_matrix": [
                [
                    0.47236257791519165,
                    0.004584252834320068,
                    -0.8813923597335815,
                    -3.553006410598755
                ],
                [
                    -0.8814043998718262,
                    0.002456794260069728,
                    -0.4723561406135559,
                    -1.9041286706924438
                ],
                [
                    -4.656612873077393e-10,
                    0.999986469745636,
                    0.005201077554374933,
                    0.020966216921806335
                ],
                [
                    0.0,
                    0.0,
                    0.0,
                    1.0
                ]
            ]
        },
        {
            "file_path": "/data/shapenet_blender/all_50_random/02958343/a59c142ed6850a26ad4bd5fc1269475a/r_38",
            "rotation": 0.12566370614359174,
            "transform_matrix": [
                [
                    -0.7224355340003967,
                    -0.012921999208629131,
                    -0.6913174986839294,
                    -2.786789894104004
                ],
                [
                    -0.6914383172988892,
                    0.013501293025910854,
                    0.7223093509674072,
                    2.911722183227539
                ],
                [
                    -9.31322685637781e-10,
                    0.9998252987861633,
                    -0.01868857815861702,
                    -0.07533606886863708
                ],
                [
                    0.0,
                    0.0,
                    0.0,
                    1.0
                ]
            ]
        },
        {
            "file_path": "/data/shapenet_blender/all_50_random/02958343/a59c142ed6850a26ad4bd5fc1269475a/r_39",
            "rotation": 0.12566370614359174,
            "transform_matrix": [
                [
                    -0.5904513001441956,
                    -0.07905539870262146,
                    -0.8031920790672302,
                    -3.2377710342407227
                ],
                [
                    -0.8070733547210693,
                    0.05783657729625702,
                    0.587611734867096,
                    2.368738889694214
                ],
                [
                    -3.725290742551124e-09,
                    0.9951908588409424,
                    -0.097953200340271,
                    -0.39486199617385864
                ],
                [
                    0.0,
                    0.0,
                    0.0,
                    1.0
                ]
            ]
        },
        {
            "file_path": "/data/shapenet_blender/all_50_random/02958343/a59c142ed6850a26ad4bd5fc1269475a/r_40",
            "rotation": 0.12566370614359174,
            "transform_matrix": [
                [
                    -0.9926460385322571,
                    -0.01772659830749035,
                    0.11974874883890152,
                    0.4827226400375366
                ],
                [
                    0.12105370312929153,
                    -0.14535894989967346,
                    0.9819453954696655,
                    3.958348512649536
                ],
                [
                    1.862645371275562e-09,
                    0.989220142364502,
                    0.14643584191799164,
                    0.5903017520904541
                ],
                [
                    0.0,
                    0.0,
                    0.0,
                    1.0
                ]
            ]
        },
        {
            "file_path": "/data/shapenet_blender/all_50_random/02958343/a59c142ed6850a26ad4bd5fc1269475a/r_41",
            "rotation": 0.12566370614359174,
            "transform_matrix": [
                [
                    0.9438859224319458,
                    0.05381114408373833,
                    0.32585859298706055,
                    1.3135781288146973
                ],
                [
                    0.3302718698978424,
                    -0.15378719568252563,
                    -0.9312732815742493,
