{
    "class": "02958343",
    "model": "f33b310ba5e68b82becf71e2e014ff6f",
    "remove_doubles": true,
    "edge_split": true,
    "denoise": true,
    "camera_angle_x": 0.6911112070083618,
    "scale_factor": 2.2675993660210616,
    "hdri_file": "/data/IndoorHDRDataset2018/9C4A0773-f0f49cf80b.exr",
    "center_offset": [
        0.0,
        -2.7939677238464355e-09,
        -3.725290298461914e-09
    ],
    "lights": [],
    "frames": [
        {
            "file_path": "/data/shapenet_blender/all_50_random/02958343/f33b310ba5e68b82becf71e2e014ff6f/r_0",
            "rotation": 0.12566370614359174,
            "transform_matrix": [
                [
                    -0.4074580669403076,
                    0.8047142028808594,
                    -0.4317557215690613,
                    -1.7404630184173584
                ],
                [
                    -0.913223922252655,
                    -0.3590437173843384,
                    0.1926387995481491,
                    0.7765518426895142
                ],
                [
                    0.0,
                    0.4727818965911865,
                    0.8811794519424438,
                    3.5521481037139893
                ],
                [
                    0.0,
                    0.0,
                    0.0,
                    1.0
                ]
            ]
        },
        {
            "file_path": "/data/shapenet_blender/all_50_random/02958343/f33b310ba5e68b82becf71e2e014ff6f/r_1",
            "rotation": 0.12566370614359174,
            "transform_matrix": [
                [
                    -0.051210250705480576,
                    0.06936121731996536,
                    -0.9962763786315918,
                    -4.01611852645874
                ],
                [
                    -0.9986879229545593,
                    -0.003556672018021345,
                    0.05108659341931343,
                    0.20593664050102234
                ],
                [
                    0.0,
                    0.9975851774215698,
                    0.06945236027240753,
                    0.2799714207649231
                ],
                [
                    0.0,
                    0.0,
                    0.0,
                    1.0
                ]
            ]
        },
        {
            "file_path": "/data/shapenet_blender/all_50_random/02958343/f33b310ba5e68b82becf71e2e014ff6f/r_2",
            "rotation": 0.12566370614359174,
            "transform_matrix": [
                [
                    0.7301866412162781,
                    0.48955076932907104,
                    -0.47662079334259033,
                    -1.9213199615478516
                ],
                [
                    -0.6832477450370789,
                    0.52318274974823,
                    -0.5093644857406616,
                    -2.053314208984375
                ],
                [
                    0.0,
                    0.6975812911987305,
                    0.7165055274963379,
                    2.888326406478882
                ],
                [
                    0.0,
                    0.0,
                    0.0,
                    1.0
                ]
            ]
        },
        {
            "file_path": "/data/shapenet_blender/all_50_random/02958343/f33b310ba5e68b82becf71e2e014ff6f/r_3",
            "rotation": 0.12566370614359174,
            "transform_matrix": [
                [
                    0.9644632339477539,
                    0.014890183694660664,
                    -0.26379716396331787,
                    -1.0634005069732666
                ],
                [
                    -0.2642171084880829,
                    0.05435315892100334,
                    -0.9629303812980652,
                    -3.8816967010498047
                ],
                [
                    0.0,
                    0.9984107613563538,
                    0.056355856359004974,
                    0.22717773914337158
                ],
                [
                    0.0,
                    0.0,
                    0.0,
                    1.0
                ]
            ]
        },
        {
            "file_path": "/data/shapenet_blender/all_50_random/02958343/f33b310ba5e68b82becf71e2e014ff6f/r_4",
            "rotation": 0.12566370614359174,
            "transform_matrix": [
                [
                    -0.16095738112926483,
                    0.19127438962459564,
                    -0.9682492613792419,
                    -3.9031379222869873
                ],
                [
                    -0.986961305141449,
                    -0.031193755567073822,
                    0.15790575742721558,
                    0.6365385055541992
                ],
                [
                    -1.862645149230957e-09,
                    0.9810407161712646,
                    0.19380129873752594,
                    0.7812380790710449
                ],
                [
                    0.0,
                    0.0,
                    0.0,
                    1.0
                ]
            ]
        },
        {
            "file_path": "/data/shapenet_blender/all_50_random/02958343/f33b310ba5e68b82becf71e2e014ff6f/r_5",
            "rotation": 0.12566370614359174,
            "transform_matrix": [
                [
                    0.8660776019096375,
                    0.013112228363752365,
                    -0.49973762035369873,
                    -2.0145065784454346
                ],
                [
                    -0.49990957975387573,
                    0.022716522216796875,
                    -0.86577969789505,
                    -3.4900691509246826
                ],
                [
                    -9.313225191043273e-10,
                    0.9996559619903564,
                    0.02622920088469982,
                    0.10573327541351318
                ],
                [
                    0.0,
                    0.0,
                    0.0,
                    1.0
                ]
            ]
        },
        {
            "file_path": "/data/shapenet_blender/all_50_random/02958343/f33b310ba5e68b82becf71e2e014ff6f/r_6",
            "rotation": 0.12566370614359174,
            "transform_matrix": [
                [
                    -0.8640336394309998,
                    0.24036377668380737,
                    -0.44234731793403625,
                    -1.7831591367721558
                ],
                [
                    -0.5034341216087341,
                    -0.41253137588500977,
                    0.7591915726661682,
                    3.060399293899536
                ],
                [
                    1.4901161193847656e-08,
                    0.8786597847938538,
                    0.4774482846260071,
                    1.9246556758880615
                ],
                [
                    0.0,
                    0.0,
                    0.0,
                    1.0
                ]
            ]
        },
        {
            "file_path": "/data/shapenet_blender/all_50_random/02958343/f33b310ba5e68b82becf71e2e014ff6f/r_7",
            "rotation": 0.12566370614359174,
            "transform_matrix": [
                [
                    0.7586933970451355,
                    -0.47880053520202637,
                    -0.4417400658130646,
                    -1.7807111740112305
                ],
                [
                    -0.6514478325843811,
                    -0.5576238036155701,
                    -0.5144622325897217,
                    -2.0738635063171387
                ],
                [
                    0.0,
                    0.6780896782875061,
                    -0.7349791526794434,
                    -2.9627957344055176
                ],
                [
                    0.0,
                    0.0,
                    0.0,
                    1.0
                ]
            ]
        },
        {
            "file_path": "/data/shapenet_blender/all_50_random/02958343/f33b310ba5e68b82becf71e2e014ff6f/r_8",
            "rotation": 0.12566370614359174,
            "transform_matrix": [
                [
                    -0.01881594769656658,
                    0.026463951915502548,
                    0.9994726777076721,
                    4.029003143310547
                ],
                [
                    0.9998229146003723,
                    0.0004980325466021895,
                    0.018809357658028603,
                    0.07582294940948486
                ],
                [
                    0.0,
                    0.9996496438980103,
                    -0.026468636468052864,
                    -0.10669848322868347
                ],
                [
                    0.0,
                    0.0,
                    0.0,
                    1.0
                ]
            ]
        },
        {
            "file_path": "/data/shapenet_blender/all_50_random/02958343/f33b310ba5e68b82becf71e2e014ff6f/r_9",
            "rotation": 0.12566370614359174,
            "transform_matrix": [
                [
                    0.40827739238739014,
                    0.7708509564399719,
                    -0.4889768064022064,
                    -1.9711285829544067
                ],
                [
                    -0.9128579497337341,
                    0.3447645306587219,
                    -0.21869578957557678,
                    -0.8815909028053284
                ],
                [
                    0.0,
                    0.5356548428535461,
                    0.8444370031356812,
                    3.404034376144409
                ],
                [
                    0.0,
                    0.0,
                    0.0,
                    1.0
                ]
            ]
        },
        {
            "file_path": "/data/shapenet_blender/all_50_random/02958343/f33b310ba5e68b82becf71e2e014ff6f/r_10",
            "rotation": 0.12566370614359174,
            "transform_matrix": [
                [
                    0.7591227293014526,
                    -0.4587426483631134,
                    0.4618309736251831,
                    1.8617002964019775
                ],
                [
                    0.6509475708007812,
                    0.5349769592285156,
                    -0.5385785102844238,
                    -2.171079635620117
                ],
                [
                    0.0,
                    0.7094749808311462,
                    0.7047305107116699,
                    2.840859889984131
                ],
                [
                    0.0,
                    0.0,
                    0.0,
                    1.0
                ]
            ]
        },
        {
            "file_path": "/data/shapenet_blender/all_50_random/02958343/f33b310ba5e68b82becf71e2e014ff6f/r_11",
            "rotation": 0.12566370614359174,
            "transform_matrix": [
                [
                    -0.45115047693252563,
                    0.24907369911670685,
                    0.8569862246513367,
                    3.454622268676758
                ],
                [
                    0.8924478888511658,
                    0.12591180205345154,
                    0.4332239031791687,
                    1.7463815212249756
                ],
                [
                    0.0,
                    0.9602647423744202,
                    -0.27909043431282043,
                    -1.1250495910644531
                ],
                [
                    0.0,
                    0.0,
                    0.0,
                    1.0
                ]
            ]
        },
        {
            "file_path": "/data/shapenet_blender/all_50_random/02958343/f33b310ba5e68b82becf71e2e014ff6f/r_12",
            "rotation": 0.12566370614359174,
            "transform_matrix": [
                [
                    -0.7951563000679016,
                    -0.16011352837085724,
                    -0.5848846435546875,
                    -2.35774564743042
                ],
                [
                    -0.6064045429229736,
                    0.20995105803012848,
                    0.7669380307197571,
                    3.0916264057159424
                ],
                [
                    -7.450580596923828e-09,
                    0.9645124077796936,
                    -0.26403743028640747,
                    -1.0643690824508667
                ],
                [
                    0.0,
                    0.0,
                    0.0,
                    1.0
                ]
            ]
        },
        {
            "file_path": "/data/shapenet_blender/all_50_random/02958343/f33b310ba5e68b82becf71e2e014ff6f/r_13",
            "rotation": 0.12566370614359174,
            "transform_matrix": [
                [
                    -0.9851998686790466,
                    -0.0034630894660949707,
                    0.17137444019317627,
                    0.6908325552940369
                ],
                [
                    0.17140944302082062,
                    -0.019904591143131256,
                    0.9849986433982849,
                    3.9706568717956543
                ],
                [
                    0.0,
                    0.9997957944869995,
                    0.02020360715687275,
                    0.08144335448741913
                ],
                [
                    0.0,
                    0.0,
                    0.0,
                    1.0
                ]
            ]
        },
        {
            "file_path": "/data/shapenet_blender/all_50_random/02958343/f33b310ba5e68b82becf71e2e014ff6f/r_14",
            "rotation": 0.12566370614359174,
            "transform_matrix": [
                [
                    -0.6692934036254883,
                    0.7179704904556274,
                    0.19121845066547394,
                    0.7708262205123901
                ],
                [
                    0.7429980635643005,
                    0.6467485427856445,
                    0.17224977910518646,
                    0.6943610906600952
                ],
                [
                    0.0,
                    0.2573605179786682,
                    -0.9663154482841492,
                    -3.8953421115875244
                ],
                [
                    0.0,
                    0.0,
                    0.0,
                    1.0
                ]
            ]
        },
        {
            "file_path": "/data/shapenet_blender/all_50_random/02958343/f33b310ba5e68b82becf71e2e014ff6f/r_15",
            "rotation": 0.12566370614359174,
            "transform_matrix": [
                [
                    -0.9999808669090271,
                    0.0017503100680187345,
                    0.005945039913058281,
                    0.023965224623680115
                ],
                [
                    0.0061973463743925095,
                    0.28242355585098267,
                    0.9592697024345398,
                    3.8669400215148926
                ],
                [
                    0.0,
                    0.9592881202697754,
                    -0.2824289798736572,
                    -1.1385077238082886
                ],
                [
                    0.0,
                    0.0,
                    0.0,
                    1.0
                ]
            ]
        },
        {
            "file_path": "/data/shapenet_blender/all_50_random/02958343/f33b310ba5e68b82becf71e2e014ff6f/r_16",
            "rotation": 0.12566370614359174,
            "transform_matrix": [
                [
                    -0.6435136198997498,
                    -0.24853293597698212,
                    -0.7239625453948975,
                    -2.9183859825134277
                ],
                [
                    -0.765434741973877,
                    0.20894573628902435,
                    0.6086472272872925,
                    2.4535350799560547
                ],
                [
                    1.4901161193847656e-08,
                    0.9458186626434326,
                    -0.3246951699256897,
                    -1.3088879585266113
                ],
                [
                    0.0,
                    0.0,
                    0.0,
                    1.0
                ]
            ]
        },
        {
            "file_path": "/data/shapenet_blender/all_50_random/02958343/f33b310ba5e68b82becf71e2e014ff6f/r_17",
            "rotation": 0.12566370614359174,
            "transform_matrix": [
                [
                    0.7424253225326538,
                    -0.5818080902099609,
                    -0.33212029933929443,
                    -1.3388197422027588
                ],
                [
                    -0.6699287295341492,
                    -0.6447687149047852,
                    -0.3680608570575714,
                    -1.4837007522583008
                ],
                [
                    1.4901160305669237e-08,
                    0.4957546293735504,
                    -0.8684626221656799,
                    -3.500884771347046
                ],
                [
                    0.0,
                    0.0,
                    0.0,
                    1.0
                ]
            ]
        },
        {
            "file_path": "/data/shapenet_blender/all_50_random/02958343/f33b310ba5e68b82becf71e2e014ff6f/r_18",
            "rotation": 0.12566370614359174,
            "transform_matrix": [
                [
                    -0.21186399459838867,
                    -0.3731610178947449,
                    0.9032521843910217,
                    3.6411259174346924
                ],
                [
                    0.9772990942001343,
                    -0.0808957889676094,
                    0.19581171870231628,
                    0.7893422842025757
                ],
                [
                    0.0,
                    0.9242329597473145,
                    0.3818288743495941,
                    1.5392013788223267
                ],
                [
                    0.0,
                    0.0,
                    0.0,
                    1.0
                ]
            ]
        },
        {
            "file_path": "/data/shapenet_blender/all_50_random/02958343/f33b310ba5e68b82becf71e2e014ff6f/r_19",
            "rotation": 0.12566370614359174,
            "transform_matrix": [
                [
                    -0.8893965482711792,
                    0.23775561153888702,
                    0.3904434144496918,
                    1.573927879333496
                ],
                [
                    0.4571365416049957,
                    0.46257299184799194,
                    0.7596395611763,
                    3.0622053146362305
                ],
                [
                    0.0,
                    0.8541068434715271,
                    -0.520097553730011,
                    -2.0965805053710938
                ],
                [
                    0.0,
                    0.0,
                    0.0,
                    1.0
                ]
            ]
        },
        {
            "file_path": "/data/shapenet_blender/all_50_random/02958343/f33b310ba5e68b82becf71e2e014ff6f/r_20",
            "rotation": 0.12566370614359174,
            "transform_matrix": [
                [
                    -0.6184511780738831,
                    0.4100464880466461,
                    -0.6703580617904663,
                    -2.7022998332977295
                ],
                [
                    -0.7858231067657471,
                    -0.32271096110343933,
                    0.5275789499282837,
                    2.1267387866973877
                ],
                [
                    0.0,
                    0.8530648350715637,
                    0.5218049883842468,
                    2.1034631729125977
                ],
                [
                    0.0,
                    0.0,
                    0.0,
                    1.0
                ]
            ]
        },
        {
            "file_path": "/data/shapenet_blender/all_50_random/02958343/f33b310ba5e68b82becf71e2e014ff6f/r_21",
            "rotation": 0.12566370614359174,
            "transform_matrix": [
                [
                    0.9740947484970093,
                    -0.07078373432159424,
                    0.21477718651294708,
                    0.8657945394515991
                ],
                [
                    0.22614064812660217,
                    0.30489903688430786,
                    -0.9251469969749451,
                    -3.729386806488037
                ],
                [
                    0.0,
                    0.9497506022453308,
                    0.3130075931549072,
                    1.261773943901062
                ],
                [
                    0.0,
                    0.0,
                    0.0,
                    1.0
                ]
            ]
        },
        {
            "file_path": "/data/shapenet_blender/all_50_random/02958343/f33b310ba5e68b82becf71e2e014ff6f/r_22",
            "rotation": 0.12566370614359174,
            "transform_matrix": [
                [
                    -0.7292166352272034,
                    0.5885728001594543,
                    -0.3490345776081085,
                    -1.407003402709961
                ],
                [
                    -0.6842829585075378,
                    -0.6272217035293579,
                    0.3719540536403656,
                    1.4993947744369507
                ],
                [
                    -2.980232594040899e-08,
                    0.5100734233856201,
                    0.8601308465003967,
                    3.4672982692718506
                ],
                [
                    0.0,
                    0.0,
                    0.0,
                    1.0
                ]
            ]
        },
        {
            "file_path": "/data/shapenet_blender/all_50_random/02958343/f33b310ba5e68b82becf71e2e014ff6f/r_23",
            "rotation": 0.12566370614359174,
            "transform_matrix": [
                [
                    -0.9667893648147583,
                    0.15489237010478973,
                    0.2032896876335144,
                    0.8194869160652161
                ],
                [
                    0.2555745244026184,
                    0.5859280228614807,
                    0.7690057754516602,
                    3.099961519241333
                ],
                [
                    0.0,
                    0.7954221963882446,
                    -0.6060556173324585,
                    -2.4430882930755615
                ],
                [
                    0.0,
                    0.0,
                    0.0,
                    1.0
                ]
            ]
        },
        {
            "file_path": "/data/shapenet_blender/all_50_random/02958343/f33b310ba5e68b82becf71e2e014ff6f/r_24",
            "rotation": 0.12566370614359174,
            "transform_matrix": [
                [
                    -0.7710479497909546,
                    0.5748476386070251,
                    0.27392563223838806,
                    1.10422945022583
                ],
                [
                    0.6367771625518799,
                    0.6960599422454834,
                    0.33168554306030273,
                    1.3370670080184937
                ],
                [
                    0.0,
                    0.43017515540122986,
                    -0.9027456045150757,
                    -3.6390833854675293
                ],
                [
                    0.0,
                    0.0,
                    0.0,
                    1.0
                ]
            ]
        },
        {
            "file_path": "/data/shapenet_blender/all_50_random/02958343/f33b310ba5e68b82becf71e2e014ff6f/r_25",
            "rotation": 0.12566370614359174,
            "transform_matrix": [
                [
                    -0.37856346368789673,
                    -0.44462308287620544,
                    -0.8117880821228027,
                    -3.2724227905273438
                ],
                [
                    -0.9255754351615906,
                    0.1818523406982422,
                    0.33202406764030457,
                    1.33843195438385
                ],
                [
                    0.0,
                    0.8770633339881897,
                    -0.48037469387054443,
                    -1.9364525079727173
                ],
                [
                    0.0,
                    0.0,
                    0.0,
                    1.0
                ]
            ]
        },
        {
            "file_path": "/data/shapenet_blender/all_50_random/02958343/f33b310ba5e68b82becf71e2e014ff6f/r_26",
            "rotation": 0.12566370614359174,
            "transform_matrix": [
                [
                    -0.2821105420589447,
                    -0.7794358134269714,
                    0.5593687295913696,
                    2.254887580871582
                ],
                [
                    0.9593819379806519,
                    -0.22919656336307526,
                    0.1644848734140396,
                    0.6630597114562988
                ],
                [
                    0.0,
                    0.5830510258674622,
                    0.8124353885650635,
                    3.275031805038452
                ],
                [
                    0.0,
                    0.0,
                    0.0,
                    1.0
                ]
            ]
        },
        {
            "file_path": "/data/shapenet_blender/all_50_random/02958343/f33b310ba5e68b82becf71e2e014ff6f/r_27",
            "rotation": 0.12566370614359174,
            "transform_matrix": [
                [
                    -0.2008587270975113,
                    -0.9251856803894043,
                    -0.3220050632953644,
                    -1.2980440855026245
                ],
                [
                    -0.9796202182769775,
                    0.18969760835170746,
                    0.06602305918931961,
                    0.2661474943161011
                ],
                [
                    0.0,
                    0.3287041187286377,
                    -0.9444329142570496,
                    -3.807131052017212
                ],
                [
                    0.0,
                    0.0,
                    0.0,
                    1.0
                ]
            ]
        },
        {
            "file_path": "/data/shapenet_blender/all_50_random/02958343/f33b310ba5e68b82becf71e2e014ff6f/r_28",
            "rotation": 0.12566370614359174,
            "transform_matrix": [
                [
                    -0.4394165873527527,
                    0.7671741843223572,
                    -0.467286616563797,
                    -1.883692741394043
                ],
                [
                    -0.8982834219932556,
                    -0.3752813935279846,
                    0.22858430445194244,
                    0.9214528799057007
                ],
                [
                    0.0,
                    0.5201994776725769,
                    0.8540446162223816,
                    3.4427642822265625
                ],
                [
                    0.0,
                    0.0,
                    0.0,
                    1.0
                ]
            ]
        },
        {
            "file_path": "/data/shapenet_blender/all_50_random/02958343/f33b310ba5e68b82becf71e2e014ff6f/r_29",
            "rotation": 0.12566370614359174,
            "transform_matrix": [
                [
                    0.7420939207077026,
                    0.294815331697464,
                    0.6019805669784546,
                    2.426661252975464
                ],
                [
                    0.6702960133552551,
                    -0.32639411091804504,
                    -0.6664609313011169,
                    -2.6865899562835693
                ],
                [
                    0.0,
                    0.8980816602706909,
                    -0.4398285746574402,
                    -1.773005723953247
                ],
                [
                    0.0,
                    0.0,
                    0.0,
                    1.0
                ]
            ]
        },
        {
            "file_path": "/data/shapenet_blender/all_50_random/02958343/f33b310ba5e68b82becf71e2e014ff6f/r_30",
            "rotation": 0.12566370614359174,
            "transform_matrix": [
                [
                    -0.9116731286048889,
                    0.009093353524804115,
                    -0.410815566778183,
                    -1.6560505628585815
                ],
                [
                    -0.41091620922088623,
                    -0.02017483487725258,
                    0.9114498496055603,
                    3.6741719245910645
                ],
                [
                    0.0,
                    0.9997550249099731,
                    0.02212946116924286,
                    0.08920671045780182
                ],
                [
                    0.0,
                    0.0,
                    0.0,
                    1.0
                ]
            ]
        },
        {
            "file_path": "/data/shapenet_blender/all_50_random/02958343/f33b310ba5e68b82becf71e2e014ff6f/r_31",
            "rotation": 0.12566370614359174,
            "transform_matrix": [
                [
                    -0.2917494773864746,
                    0.30043283104896545,
                    0.9080872535705566,
                    3.660616397857666
                ],
                [
                    0.9564948081970215,
                    0.09163784980773926,
                    0.27698424458503723,
                    1.1165590286254883
                ],
                [
                    0.0,
                    0.9493906497955322,
                    -0.31409773230552673,
                    -1.2661683559417725
                ],
                [
                    0.0,
                    0.0,
                    0.0,
                    1.0
                ]
            ]
        },
        {
            "file_path": "/data/shapenet_blender/all_50_random/02958343/f33b310ba5e68b82becf71e2e014ff6f/r_32",
            "rotation": 0.12566370614359174,
            "transform_matrix": [
                [
                    0.08235597610473633,
                    -0.1752277910709381,
                    0.9810773134231567,
                    3.9548492431640625
                ],
                [
                    0.9966030120849609,
                    0.014480246230959892,
                    -0.08107298612594604,
                    -0.326815664768219
                ],
                [
                    -9.313225746154785e-10,
                    0.98442143201828,
                    0.1758250743150711,
                    0.7087735533714294
                ],
                [
                    0.0,
                    0.0,
                    0.0,
                    1.0
                ]
            ]
        },
        {
            "file_path": "/data/shapenet_blender/all_50_random/02958343/f33b310ba5e68b82becf71e2e014ff6f/r_33",
            "rotation": 0.12566370614359174,
            "transform_matrix": [
                [
                    0.7781875133514404,
                    -0.5610897541046143,
                    0.2821390628814697,
                    1.1373389959335327
                ],
                [
                    0.6280320882797241,
                    0.6952400207519531,
                    -0.3495953679084778,
                    -1.4092639684677124
                ],
                [
                    1.4901162970204496e-08,
                    0.44924303889274597,
                    0.8934095501899719,
                    3.6014490127563477
                ],
                [
                    0.0,
                    0.0,
                    0.0,
                    1.0
                ]
            ]
        },
        {
            "file_path": "/data/shapenet_blender/all_50_random/02958343/f33b310ba5e68b82becf71e2e014ff6f/r_34",
            "rotation": 0.12566370614359174,
            "transform_matrix": [
                [
                    -0.2552456259727478,
                    0.36845070123672485,
                    0.893920361995697,
                    3.603508472442627
                ],
                [
                    0.9668762683868408,
                    0.09726729243993759,
                    0.23598600924015045,
                    0.9512900710105896
                ],
                [
                    -7.450580596923828e-09,
                    0.9245448708534241,
                    -0.3810732662677765,
                    -1.5361555814743042
                ],
                [
                    0.0,
                    0.0,
                    0.0,
                    1.0
                ]
            ]
        },
        {
            "file_path": "/data/shapenet_blender/all_50_random/02958343/f33b310ba5e68b82becf71e2e014ff6f/r_35",
            "rotation": 0.12566370614359174,
            "transform_matrix": [
                [
                    -0.8274221420288086,
                    0.33026230335235596,
                    0.45420190691947937,
                    1.830946683883667
                ],
                [
                    0.56158047914505,
                    0.4866023063659668,
                    0.6692125797271729,
                    2.6976823806762695
                ],
                [
                    -1.4901161193847656e-08,
                    0.8087922930717468,
                    -0.5880943536758423,
                    -2.3706843852996826
                ],
                [
                    0.0,
                    0.0,
                    0.0,
                    1.0
                ]
            ]
        },
        {
            "file_path": "/data/shapenet_blender/all_50_random/02958343/f33b310ba5e68b82becf71e2e014ff6f/r_36",
            "rotation": 0.12566370614359174,
            "transform_matrix": [
                [
                    0.2566594183444977,
                    -0.28623124957084656,
                    0.9231454730033875,
                    3.721318483352661
                ],
                [
                    0.9665018916130066,
                    0.07601014524698257,
                    -0.24514591693878174,
                    -0.9882147908210754
                ],
                [
                    0.0,
                    0.9551408290863037,
                    0.2961517870426178,
                    1.1938260793685913
                ],
                [
                    0.0,
                    0.0,
                    0.0,
                    1.0
                ]
            ]
        },
        {
            "file_path": "/data/shapenet_blender/all_50_random/02958343/f33b310ba5e68b82becf71e2e014ff6f/r_37",
            "rotation": 0.12566370614359174,
            "transform_matrix": [
                [
                    0.35795533657073975,
                    -0.09616704285144806,
                    -0.9287732839584351,
                    -3.744004964828491
                ],
                [
                    -0.9337387084960938,
                    -0.03686631843447685,
                    -0.35605183243751526,
                    -1.435290813446045
                ],
                [
                    0.0,
                    0.994682252407074,
                    -0.10299138724803925,
                    -0.4151715636253357
                ],
                [
                    0.0,
                    0.0,
                    0.0,
                    1.0
                ]
            ]
        },
        {
            "file_path": "/data/shapenet_blender/all_50_random/02958343/f33b310ba5e68b82becf71e2e014ff6f/r_38",
            "rotation": 0.12566370614359174,
            "transform_matrix": [
                [
                    0.9937668442726135,
                    -0.029982449486851692,
                    -0.107371486723423,
                    -0.4328283369541168
                ],
                [
                    -0.11147908866405487,
                    -0.2672748863697052,
                    -0.9571501016616821,
                    -3.85839581489563
                ],
                [
                    3.725290742551124e-09,
                    0.9631537795066833,
                    -0.26895129680633545,
                    -1.0841774940490723
                ],
                [
                    0.0,
                    0.0,
                    0.0,
                    1.0
                ]
            ]
        },
        {
            "file_path": "/data/shapenet_blender/all_50_random/02958343/f33b310ba5e68b82becf71e2e014ff6f/r_39",
            "rotation": 0.12566370614359174,
            "transform_matrix": [
                [
                    0.822420597076416,
                    0.23762083053588867,
                    0.5168760418891907,
                    2.0835940837860107
                ],
                [
                    0.5688800811767578,
                    -0.3435245156288147,
                    -0.7472391724586487,
                    -3.0122175216674805
                ],
                [
                    1.4901162970204496e-08,
                    0.908585250377655,
                    -0.41769930720329285,
                    -1.6837997436523438
                ],
                [
                    0.0,
                    0.0,
                    0.0,
                    1.0
                ]
            ]
        },
        {
            "file_path": "/data/shapenet_blender/all_50_random/02958343/f33b310ba5e68b82becf71e2e014ff6f/r_40",
            "rotation": 0.12566370614359174,
            "transform_matrix": [
                [
                    0.21092334389686584,
                    -0.8966394662857056,
                    -0.38929301500320435,
                    -1.5692903995513916
                ],
                [
                    -0.9775025844573975,
                    -0.1934748739004135,
                    -0.08400077372789383,
                    -0.3386179804801941
                ],
                [
                    -7.450580596923828e-09,
                    0.39825257658958435,
                    -0.9172757267951965,
                    -3.6976568698883057
                ],
                [
                    0.0,
                    0.0,
                    0.0,
                    1.0
                ]
            ]
        },
        {
            "file_path": "/data/shapenet_blender/all_50_random/02958343/f33b310ba5e68b82becf71e2e014ff6f/r_41",
            "rotation": 0.12566370614359174,
            "transform_matrix": [
                [
                    0.7081634402275085,
                    -0.2149139940738678,
                    -0.6725447773933411,
                    -2.7111146450042725
                ],
                [
                    -0.7060484886169434,
                    -0.2155577540397644,
                    -0.6745593547821045,
                    -2.71923565864563
                ],
                [
                    1.4901160305669237e-08,
                    0.9525474905967712,
