{
    "class": "02958343",
    "model": "3c103561d9a29ae7ddacb20b6a591772",
    "remove_doubles": true,
    "edge_split": true,
    "denoise": true,
    "camera_angle_x": 0.6911112070083618,
    "scale_factor": 2.37573415003424,
    "hdri_file": "/data/IndoorHDRDataset2018/AG8A6719-fc8e1ea686.exr",
    "center_offset": [
        0.0,
        0.0,
        -3.725290298461914e-09
    ],
    "lights": [],
    "frames": [
        {
            "file_path": "/data/shapenet_blender/all_50_random/02958343/3c103561d9a29ae7ddacb20b6a591772/r_0",
            "rotation": 0.12566370614359174,
            "transform_matrix": [
                [
                    -0.9537305235862732,
                    0.15319877862930298,
                    -0.25870487093925476,
                    -1.0428725481033325
                ],
                [
                    -0.30066272616386414,
                    -0.485960990190506,
                    0.8206362724304199,
                    3.3080902099609375
                ],
                [
                    0.0,
                    0.8604487180709839,
                    0.5095371007919312,
                    2.054009437561035
                ],
                [
                    0.0,
                    0.0,
                    0.0,
                    1.0
                ]
            ]
        },
        {
            "file_path": "/data/shapenet_blender/all_50_random/02958343/3c103561d9a29ae7ddacb20b6a591772/r_1",
            "rotation": 0.12566370614359174,
            "transform_matrix": [
                [
                    0.14853249490261078,
                    0.027663473039865494,
                    -0.9885205626487732,
                    -3.984853744506836
                ],
                [
                    -0.9889076352119446,
                    0.0041550141759216785,
                    -0.14847436547279358,
                    -0.5985193252563477
                ],
                [
                    4.656613428188905e-10,
                    0.9996086359024048,
                    0.027973774820566177,
                    0.11276589334011078
                ],
                [
                    0.0,
                    0.0,
                    0.0,
                    1.0
                ]
            ]
        },
        {
            "file_path": "/data/shapenet_blender/all_50_random/02958343/3c103561d9a29ae7ddacb20b6a591772/r_2",
            "rotation": 0.12566370614359174,
            "transform_matrix": [
                [
                    -0.19615960121154785,
                    -0.8759205341339111,
                    -0.44077736139297485,
                    -1.7768304347991943
                ],
                [
                    -0.980571985244751,
                    0.17522446811199188,
                    0.08817579597234726,
                    0.35544800758361816
                ],
                [
                    -1.4901161193847656e-08,
                    0.4495103657245636,
                    -0.8932750225067139,
                    -3.6009068489074707
                ],
                [
                    0.0,
                    0.0,
                    0.0,
                    1.0
                ]
            ]
        },
        {
            "file_path": "/data/shapenet_blender/all_50_random/02958343/3c103561d9a29ae7ddacb20b6a591772/r_3",
            "rotation": 0.12566370614359174,
            "transform_matrix": [
                [
                    -0.2880775034427643,
                    0.6481015682220459,
                    0.7049650549888611,
                    2.8418047428131104
                ],
                [
                    0.957607090473175,
                    0.19496877491474152,
                    0.21207505464553833,
                    0.8549017906188965
                ],
                [
                    0.0,
                    0.7361735105514526,
                    -0.6767928004264832,
                    -2.728238821029663
                ],
                [
                    0.0,
                    0.0,
                    0.0,
                    1.0
                ]
            ]
        },
        {
            "file_path": "/data/shapenet_blender/all_50_random/02958343/3c103561d9a29ae7ddacb20b6a591772/r_4",
            "rotation": 0.12566370614359174,
            "transform_matrix": [
                [
                    0.404752641916275,
                    0.1958894431591034,
                    0.8931979537010193,
                    3.6005961894989014
                ],
                [
                    0.9144262075424194,
                    -0.08670657128095627,
                    -0.39535635709762573,
                    -1.593732476234436
                ],
                [
                    -7.450580596923828e-09,
                    0.9767851829528809,
                    -0.21422113478183746,
                    -0.863552987575531
                ],
                [
                    0.0,
                    0.0,
                    0.0,
                    1.0
                ]
            ]
        },
        {
            "file_path": "/data/shapenet_blender/all_50_random/02958343/3c103561d9a29ae7ddacb20b6a591772/r_5",
            "rotation": 0.12566370614359174,
            "transform_matrix": [
                [
                    0.9827128052711487,
                    -0.015912579372525215,
                    -0.1844518780708313,
                    -0.7435493469238281
                ],
                [
                    -0.18513701856136322,
                    -0.08446444571018219,
                    -0.9790759682655334,
                    -3.946781873703003
                ],
                [
                    -9.31322685637781e-10,
                    0.9962994456291199,
                    -0.08595027774572372,
                    -0.346476674079895
                ],
                [
                    0.0,
                    0.0,
                    0.0,
                    1.0
                ]
            ]
        },
        {
            "file_path": "/data/shapenet_blender/all_50_random/02958343/3c103561d9a29ae7ddacb20b6a591772/r_6",
            "rotation": 0.12566370614359174,
            "transform_matrix": [
                [
                    -0.7622910141944885,
                    0.1769326776266098,
                    -0.6225810050964355,
                    -2.509704351425171
                ],
                [
                    -0.6472342610359192,
                    -0.2083854377269745,
                    0.7332552075386047,
                    2.9558463096618652
                ],
                [
                    -1.4901160305669237e-08,
                    0.9619096517562866,
                    0.2733672857284546,
                    1.1019787788391113
                ],
                [
                    0.0,
                    0.0,
                    0.0,
                    1.0
                ]
            ]
        },
        {
            "file_path": "/data/shapenet_blender/all_50_random/02958343/3c103561d9a29ae7ddacb20b6a591772/r_7",
            "rotation": 0.12566370614359174,
            "transform_matrix": [
                [
                    -0.019583474844694138,
                    -0.004418318159878254,
                    -0.9997985363006592,
                    -4.030316352844238
                ],
                [
                    -0.9998081922531128,
                    8.654262637719512e-05,
                    0.019583286717534065,
                    0.07894274592399597
                ],
                [
                    0.0,
                    0.9999901652336121,
                    -0.004419166129082441,
                    -0.01781422644853592
                ],
                [
                    0.0,
                    0.0,
                    0.0,
                    1.0
                ]
            ]
        },
        {
            "file_path": "/data/shapenet_blender/all_50_random/02958343/3c103561d9a29ae7ddacb20b6a591772/r_8",
            "rotation": 0.12566370614359174,
            "transform_matrix": [
                [
                    -0.6587032079696655,
                    -0.48200657963752747,
                    -0.5777366757392883,
                    -2.3289313316345215
                ],
                [
                    -0.7524029016494751,
                    0.4219804108142853,
                    0.5057888627052307,
                    2.038900375366211
                ],
                [
                    0.0,
                    0.7678554654121399,
                    -0.6406229138374329,
                    -2.5824337005615234
                ],
                [
                    0.0,
                    0.0,
                    0.0,
                    1.0
                ]
            ]
        },
        {
            "file_path": "/data/shapenet_blender/all_50_random/02958343/3c103561d9a29ae7ddacb20b6a591772/r_9",
            "rotation": 0.12566370614359174,
            "transform_matrix": [
                [
                    -0.2881717383861542,
                    0.0525110624730587,
                    -0.9561378359794617,
                    -3.8543150424957275
                ],
                [
                    -0.957578718662262,
                    -0.015802569687366486,
                    0.2877381145954132,
                    1.1599096059799194
                ],
                [
                    -9.313225746154785e-10,
                    0.9984952211380005,
                    0.05483733490109444,
                    0.22105638682842255
                ],
                [
                    0.0,
                    0.0,
                    0.0,
                    1.0
                ]
            ]
        },
        {
            "file_path": "/data/shapenet_blender/all_50_random/02958343/3c103561d9a29ae7ddacb20b6a591772/r_10",
            "rotation": 0.12566370614359174,
            "transform_matrix": [
                [
                    0.586914598941803,
                    0.20050299167633057,
                    -0.784429669380188,
                    -3.162137031555176
                ],
                [
                    -0.809648871421814,
                    0.14534462988376617,
                    -0.5686331391334534,
                    -2.292233467102051
                ],
                [
                    0.0,
                    0.9688515663146973,
                    0.2476419359445572,
                    0.9982765913009644
                ],
                [
                    0.0,
                    0.0,
                    0.0,
                    1.0
                ]
            ]
        },
        {
            "file_path": "/data/shapenet_blender/all_50_random/02958343/3c103561d9a29ae7ddacb20b6a591772/r_11",
            "rotation": 0.12566370614359174,
            "transform_matrix": [
                [
                    0.8288192749023438,
                    0.287795752286911,
                    0.4798251688480377,
                    1.9342371225357056
                ],
                [
                    0.5595163702964783,
                    -0.4263157844543457,
                    -0.7107716202735901,
                    -2.8652119636535645
                ],
                [
                    -1.4901159417490817e-08,
                    0.8575712442398071,
                    -0.5143651962280273,
                    -2.073472499847412
                ],
                [
                    0.0,
                    0.0,
                    0.0,
                    1.0
                ]
            ]
        },
        {
            "file_path": "/data/shapenet_blender/all_50_random/02958343/3c103561d9a29ae7ddacb20b6a591772/r_12",
            "rotation": 0.12566370614359174,
            "transform_matrix": [
                [
                    0.5697351694107056,
                    0.31417590379714966,
                    -0.7594045400619507,
                    -3.061257839202881
                ],
                [
                    -0.8218284249305725,
                    0.2178034633398056,
                    -0.5264596343040466,
                    -2.1222269535064697
                ],
                [
                    0.0,
                    0.9240427613258362,
                    0.38228893280029297,
                    1.5410561561584473
                ],
                [
                    0.0,
                    0.0,
                    0.0,
                    1.0
                ]
            ]
        },
        {
            "file_path": "/data/shapenet_blender/all_50_random/02958343/3c103561d9a29ae7ddacb20b6a591772/r_13",
            "rotation": 0.12566370614359174,
            "transform_matrix": [
                [
                    0.8932397365570068,
                    -0.2225065678358078,
                    0.39065802097320557,
                    1.5747929811477661
                ],
                [
                    0.4495808482170105,
                    0.4420822560787201,
                    -0.7761702537536621,
                    -3.12884259223938
                ],
                [
                    0.0,
                    0.8689385056495667,
                    0.4949200451374054,
                    1.995086669921875
                ],
                [
                    0.0,
                    0.0,
                    0.0,
                    1.0
                ]
            ]
        },
        {
            "file_path": "/data/shapenet_blender/all_50_random/02958343/3c103561d9a29ae7ddacb20b6a591772/r_14",
            "rotation": 0.12566370614359174,
            "transform_matrix": [
                [
                    -0.579420268535614,
                    -0.7889136075973511,
                    -0.2046644538640976,
                    -0.8250287771224976
                ],
                [
                    -0.815028965473175,
                    0.5608543753623962,
                    0.1455000340938568,
                    0.5865293741226196
                ],
                [
                    -7.450580596923828e-09,
                    0.25111305713653564,
                    -0.9679577350616455,
                    -3.9019625186920166
                ],
                [
                    0.0,
                    0.0,
                    0.0,
                    1.0
                ]
            ]
        },
        {
            "file_path": "/data/shapenet_blender/all_50_random/02958343/3c103561d9a29ae7ddacb20b6a591772/r_15",
            "rotation": 0.12566370614359174,
            "transform_matrix": [
                [
                    -0.25930583477020264,
                    -0.05587872117757797,
                    -0.9641773700714111,
                    -3.886723279953003
                ],
                [
                    -0.9657952785491943,
                    0.015002848580479622,
                    0.258871465921402,
                    1.0435442924499512
                ],
                [
                    9.313225746154785e-10,
                    0.9983248114585876,
                    -0.05785773694515228,
                    -0.23323199152946472
                ],
                [
                    0.0,
                    0.0,
                    0.0,
                    1.0
                ]
            ]
        },
        {
            "file_path": "/data/shapenet_blender/all_50_random/02958343/3c103561d9a29ae7ddacb20b6a591772/r_16",
            "rotation": 0.12566370614359174,
            "transform_matrix": [
                [
                    0.2644616663455963,
                    -0.32021066546440125,
                    -0.9096841216087341,
                    -3.667053699493408
                ],
                [
                    -0.9643961787223816,
                    -0.08780980855226517,
                    -0.24945825338363647,
                    -1.0055983066558838
                ],
                [
                    0.0,
                    0.9432680010795593,
                    -0.33203229308128357,
                    -1.3384649753570557
                ],
                [
                    0.0,
                    0.0,
                    0.0,
                    1.0
                ]
            ]
        },
        {
            "file_path": "/data/shapenet_blender/all_50_random/02958343/3c103561d9a29ae7ddacb20b6a591772/r_17",
            "rotation": 0.12566370614359174,
            "transform_matrix": [
                [
                    0.12187477201223373,
                    -0.3899306058883667,
                    0.9127434492111206,
                    3.679386615753174
                ],
                [
                    0.9925454258918762,
                    0.047879625111818314,
                    -0.11207588016986847,
                    -0.45179232954978943
                ],
                [
                    3.725290076417309e-09,
                    0.9195985794067383,
                    0.39285919070243835,
                    1.5836660861968994
                ],
                [
                    0.0,
                    0.0,
                    0.0,
                    1.0
                ]
            ]
        },
        {
            "file_path": "/data/shapenet_blender/all_50_random/02958343/3c103561d9a29ae7ddacb20b6a591772/r_18",
            "rotation": 0.12566370614359174,
            "transform_matrix": [
                [
                    -0.4387308955192566,
                    -0.5006009340286255,
                    -0.7462666034698486,
                    -3.0082969665527344
                ],
                [
                    -0.8986185789108276,
                    0.2444075047969818,
                    0.3643484115600586,
                    1.4687354564666748
                ],
                [
                    -1.4901161193847656e-08,
                    0.8304598927497864,
                    -0.5570784211158752,
                    -2.245655059814453
                ],
                [
                    0.0,
                    0.0,
                    0.0,
                    1.0
                ]
            ]
        },
        {
            "file_path": "/data/shapenet_blender/all_50_random/02958343/3c103561d9a29ae7ddacb20b6a591772/r_19",
            "rotation": 0.12566370614359174,
            "transform_matrix": [
                [
                    -0.6154016852378845,
                    0.30994677543640137,
                    0.724716305732727,
                    2.9214248657226562
                ],
                [
                    0.7882137298583984,
                    0.24199247360229492,
                    0.5658258199691772,
                    2.280916929244995
                ],
                [
                    0.0,
                    0.9194414019584656,
                    -0.39322683215141296,
                    -1.5851480960845947
                ],
                [
                    0.0,
                    0.0,
                    0.0,
                    1.0
                ]
            ]
        },
        {
            "file_path": "/data/shapenet_blender/all_50_random/02958343/3c103561d9a29ae7ddacb20b6a591772/r_20",
            "rotation": 0.12566370614359174,
            "transform_matrix": [
                [
                    -0.5831853747367859,
                    0.26625266671180725,
                    -0.767466127872467,
                    -3.0937552452087402
                ],
                [
                    -0.812339186668396,
                    -0.191145122051239,
                    0.5509706139564514,
                    2.221033811569214
                ],
                [
                    0.0,
                    0.9447607398033142,
                    0.3277605175971985,
                    1.3212450742721558
                ],
                [
                    0.0,
                    0.0,
                    0.0,
                    1.0
                ]
            ]
        },
        {
            "file_path": "/data/shapenet_blender/all_50_random/02958343/3c103561d9a29ae7ddacb20b6a591772/r_21",
            "rotation": 0.12566370614359174,
            "transform_matrix": [
                [
                    -0.7071423530578613,
                    0.010785759426653385,
                    0.706989049911499,
                    2.849963903427124
                ],
                [
                    0.7070713043212891,
                    0.010786842554807663,
                    0.7070600390434265,
                    2.850250244140625
                ],
                [
                    0.0,
                    0.9998835921287537,
                    -0.015254136174917221,
                    -0.06149138882756233
                ],
                [
                    0.0,
                    0.0,
                    0.0,
                    1.0
                ]
            ]
        },
        {
            "file_path": "/data/shapenet_blender/all_50_random/02958343/3c103561d9a29ae7ddacb20b6a591772/r_22",
            "rotation": 0.12566370614359174,
            "transform_matrix": [
                [
                    0.8548600673675537,
                    0.49623945355415344,
                    -0.15152762830257416,
                    -0.6108273863792419
                ],
                [
                    -0.5188585519790649,
                    0.8175933361053467,
                    -0.249653622508049,
                    -1.0063859224319458
                ],
                [
                    0.0,
                    0.2920404076576233,
                    0.9564059972763062,
                    3.855395793914795
                ],
                [
                    0.0,
                    0.0,
                    0.0,
                    1.0
                ]
            ]
        },
        {
            "file_path": "/data/shapenet_blender/all_50_random/02958343/3c103561d9a29ae7ddacb20b6a591772/r_23",
            "rotation": 0.12566370614359174,
            "transform_matrix": [
                [
                    0.9257555603981018,
                    0.03964722529053688,
                    -0.37603819370269775,
                    -1.5158582925796509
                ],
                [
                    -0.3781224489212036,
                    0.09706812351942062,
                    -0.9206526875495911,
                    -3.7112691402435303
                ],
                [
                    -3.725290076417309e-09,
                    0.9944877028465271,
                    0.10485287755727768,
                    0.4226754307746887
                ],
                [
                    0.0,
                    0.0,
                    0.0,
                    1.0
                ]
            ]
        },
        {
            "file_path": "/data/shapenet_blender/all_50_random/02958343/3c103561d9a29ae7ddacb20b6a591772/r_24",
            "rotation": 0.12566370614359174,
            "transform_matrix": [
                [
                    -0.05710843577980995,
                    -0.46996939182281494,
                    -0.8808333873748779,
                    -3.550752878189087
                ],
                [
                    -0.9983680248260498,
                    0.026883088052272797,
                    0.0503852441906929,
                    0.20310941338539124
                ],
                [
                    -1.862645149230957e-09,
                    0.882273256778717,
                    -0.47073766589164734,
                    -1.89760422706604
                ],
                [
                    0.0,
                    0.0,
                    0.0,
                    1.0
                ]
            ]
        },
        {
            "file_path": "/data/shapenet_blender/all_50_random/02958343/3c103561d9a29ae7ddacb20b6a591772/r_25",
            "rotation": 0.12566370614359174,
            "transform_matrix": [
                [
                    -0.6918348670005798,
                    0.12476596981287003,
                    -0.7111947536468506,
                    -2.866917848587036
                ],
                [
                    -0.7220557928085327,
                    -0.11954401433467865,
                    0.6814284324645996,
                    2.7469258308410645
                ],
                [
                    0.0,
                    0.9849581718444824,
                    0.1727927029132843,
                    0.696549654006958
                ],
                [
                    0.0,
                    0.0,
                    0.0,
                    1.0
                ]
            ]
        },
        {
            "file_path": "/data/shapenet_blender/all_50_random/02958343/3c103561d9a29ae7ddacb20b6a591772/r_26",
            "rotation": 0.12566370614359174,
            "transform_matrix": [
                [
                    -0.12844917178153992,
                    0.02630458027124405,
                    -0.9913671016693115,
                    -3.996328830718994
                ],
                [
                    -0.9917160868644714,
                    -0.0034070247784256935,
                    0.12840396165847778,
                    0.5176129937171936
                ],
                [
                    2.3283061589829401e-10,
                    0.9996482729911804,
                    0.026524299755692482,
                    0.10692287981510162
                ],
                [
                    0.0,
                    0.0,
                    0.0,
                    1.0
                ]
            ]
        },
        {
            "file_path": "/data/shapenet_blender/all_50_random/02958343/3c103561d9a29ae7ddacb20b6a591772/r_27",
            "rotation": 0.12566370614359174,
            "transform_matrix": [
                [
                    -0.9489855170249939,
                    -0.2572866678237915,
                    0.18229112029075623,
                    0.7348390221595764
                ],
                [
                    0.315319687128067,
                    -0.7743294835090637,
                    0.5486229658126831,
                    2.2115700244903564
                ],
                [
                    0.0,
                    0.5781151652336121,
                    0.8159551024436951,
                    3.2892203330993652
                ],
                [
                    0.0,
                    0.0,
                    0.0,
                    1.0
                ]
            ]
        },
        {
            "file_path": "/data/shapenet_blender/all_50_random/02958343/3c103561d9a29ae7ddacb20b6a591772/r_28",
            "rotation": 0.12566370614359174,
            "transform_matrix": [
                [
                    -0.83347487449646,
                    -0.2824138402938843,
                    0.4749336540699005,
                    1.91451895236969
                ],
                [
                    0.5525573492050171,
                    -0.4259917140007019,
                    0.7163876891136169,
                    2.8878514766693115
                ],
                [
                    0.0,
                    0.8595193028450012,
                    0.5111032128334045,
                    2.0603232383728027
                ],
                [
                    0.0,
                    0.0,
                    0.0,
                    1.0
                ]
            ]
        },
        {
            "file_path": "/data/shapenet_blender/all_50_random/02958343/3c103561d9a29ae7ddacb20b6a591772/r_29",
            "rotation": 0.12566370614359174,
            "transform_matrix": [
                [
                    0.9603796601295471,
                    0.2720206081867218,
                    0.06062778830528259,
                    0.24439842998981476
                ],
                [
                    0.27869507670402527,
                    -0.9373795390129089,
                    -0.2089225798845291,
                    -0.8421938419342041
                ],
                [
                    0.0,
                    0.21754160523414612,
                    -0.9760510325431824,
                    -3.9345874786376953
                ],
                [
                    0.0,
                    0.0,
                    0.0,
                    1.0
                ]
            ]
        },
        {
            "file_path": "/data/shapenet_blender/all_50_random/02958343/3c103561d9a29ae7ddacb20b6a591772/r_30",
            "rotation": 0.12566370614359174,
            "transform_matrix": [
                [
                    -0.2046838104724884,
                    -0.09436073154211044,
                    0.9742692112922668,
                    3.9274051189422607
                ],
                [
                    0.9788281917572021,
                    -0.019731873646378517,
                    0.2037304788827896,
                    0.8212639093399048
                ],
                [
                    -1.862645149230957e-09,
                    0.9953423738479614,
                    0.09640173614025116,
                    0.38860785961151123
                ],
                [
                    0.0,
                    0.0,
                    0.0,
                    1.0
                ]
            ]
        },
        {
            "file_path": "/data/shapenet_blender/all_50_random/02958343/3c103561d9a29ae7ddacb20b6a591772/r_31",
            "rotation": 0.12566370614359174,
            "transform_matrix": [
                [
                    -0.9999961853027344,
                    0.00019934076408389956,
                    -0.002749836537986994,
                    -0.011084944009780884
                ],
                [
                    -0.002757052192464471,
                    -0.07230186462402344,
                    0.9973790645599365,
                    4.020563125610352
                ],
                [
                    -1.4551913493643376e-11,
                    0.9973827600479126,
                    0.07230214029550552,
                    0.29145920276641846
                ],
                [
                    0.0,
                    0.0,
                    0.0,
                    1.0
                ]
            ]
        },
        {
            "file_path": "/data/shapenet_blender/all_50_random/02958343/3c103561d9a29ae7ddacb20b6a591772/r_32",
            "rotation": 0.12566370614359174,
            "transform_matrix": [
                [
                    0.16525112092494965,
                    0.3084077537059784,
                    0.9367906451225281,
                    3.7763237953186035
                ],
                [
                    0.9862515926361084,
                    -0.05167517438530922,
                    -0.15696370601654053,
                    -0.6327409148216248
                ],
                [
                    -3.725290742551124e-09,
                    0.9498496055603027,
                    -0.31270697712898254,
                    -1.2605621814727783
                ],
                [
                    0.0,
                    0.0,
                    0.0,
                    1.0
                ]
            ]
        },
        {
            "file_path": "/data/shapenet_blender/all_50_random/02958343/3c103561d9a29ae7ddacb20b6a591772/r_33",
            "rotation": 0.12566370614359174,
            "transform_matrix": [
                [
                    0.2672538161277771,
                    0.5374334454536438,
                    0.7998378872871399,
                    3.2242496013641357
                ],
                [
                    0.9636262059211731,
                    -0.14905275404453278,
                    -0.22182847559452057,
                    -0.894219160079956
                ],
                [
                    -7.450581485102248e-09,
                    0.8300291299819946,
                    -0.557719886302948,
                    -2.2482407093048096
                ],
                [
                    0.0,
                    0.0,
                    0.0,
                    1.0
                ]
            ]
        },
        {
            "file_path": "/data/shapenet_blender/all_50_random/02958343/3c103561d9a29ae7ddacb20b6a591772/r_34",
            "rotation": 0.12566370614359174,
            "transform_matrix": [
                [
                    -0.6797057390213013,
                    0.6532939076423645,
                    -0.33347761631011963,
                    -1.34429132938385
                ],
                [
                    -0.7334849834442139,
                    -0.6053942441940308,
                    0.30902695655822754,
                    1.2457275390625
                ],
                [
                    0.0,
                    0.4546481966972351,
                    0.8906710743904114,
                    3.590409994125366
                ],
                [
                    0.0,
                    0.0,
                    0.0,
                    1.0
                ]
            ]
        },
        {
            "file_path": "/data/shapenet_blender/all_50_random/02958343/3c103561d9a29ae7ddacb20b6a591772/r_35",
            "rotation": 0.12566370614359174,
            "transform_matrix": [
                [
                    0.8332188129425049,
                    0.16478231549263,
                    -0.5278192758560181,
                    -2.1277072429656982
                ],
                [
                    -0.5529432892799377,
                    0.24830704927444458,
                    -0.7953599095344543,
                    -3.20619797706604
                ],
                [
                    0.0,
                    0.9545629024505615,
                    0.29800939559936523,
                    1.2013142108917236
                ],
                [
                    0.0,
                    0.0,
                    0.0,
                    1.0
                ]
            ]
        },
        {
            "file_path": "/data/shapenet_blender/all_50_random/02958343/3c103561d9a29ae7ddacb20b6a591772/r_36",
            "rotation": 0.12566370614359174,
            "transform_matrix": [
                [
                    -0.8923565149307251,
                    0.01158533152192831,
                    -0.4511825144290924,
                    -1.8187750577926636
                ],
                [
                    -0.4513312578201294,
                    -0.022906115278601646,
                    0.8920624256134033,
                    3.5960187911987305
                ],
                [
                    9.313225746154785e-10,
                    0.9996704459190369,
                    0.025669239461421967,
                    0.10347602516412735
                ],
                [
                    0.0,
                    0.0,
                    0.0,
                    1.0
                ]
            ]
        },
        {
            "file_path": "/data/shapenet_blender/all_50_random/02958343/3c103561d9a29ae7ddacb20b6a591772/r_37",
            "rotation": 0.12566370614359174,
            "transform_matrix": [
                [
                    -0.310832142829895,
                    0.09421191364526749,
                    -0.9457840323448181,
                    -3.812577486038208
                ],
                [
                    -0.9504648447036743,
                    -0.030810285359621048,
                    0.30930137634277344,
                    1.2468336820602417
                ],
                [
                    -1.862645371275562e-09,
                    0.9950752258300781,
                    0.09912193566560745,
                    0.39957329630851746
                ],
                [
                    0.0,
                    0.0,
                    0.0,
                    1.0
                ]
            ]
        },
        {
            "file_path": "/data/shapenet_blender/all_50_random/02958343/3c103561d9a29ae7ddacb20b6a591772/r_38",
            "rotation": 0.12566370614359174,
            "transform_matrix": [
                [
                    -0.007652039173990488,
                    0.6007950901985168,
                    0.7993663549423218,
                    3.222348928451538
                ],
                [
                    0.9999706745147705,
                    0.004597442224621773,
                    0.006116962060332298,
                    0.024658262729644775
                ],
                [
                    0.0,
                    0.7993897795677185,
                    -0.6008127331733704,
                    -2.4219536781311035
                ],
                [
                    0.0,
                    0.0,
                    0.0,
                    1.0
                ]
            ]
        },
        {
            "file_path": "/data/shapenet_blender/all_50_random/02958343/3c103561d9a29ae7ddacb20b6a591772/r_39",
            "rotation": 0.12566370614359174,
            "transform_matrix": [
                [
                    -0.9884817600250244,
                    0.033034443855285645,
                    -0.14769019186496735,
                    -0.5953582525253296
                ],
                [
                    -0.1513395756483078,
                    -0.2157660871744156,
                    0.9646456241607666,
                    3.888611078262329
                ],
                [
                    -3.725290076417309e-09,
                    0.9758860468864441,
                    0.21828027069568634,
                    0.8799159526824951
                ],
                [
                    0.0,
                    0.0,
                    0.0,
                    1.0
                ]
            ]
        },
        {
            "file_path": "/data/shapenet_blender/all_50_random/02958343/3c103561d9a29ae7ddacb20b6a591772/r_40",
            "rotation": 0.12566370614359174,
            "transform_matrix": [
                [
                    0.974210798740387,
                    -0.008862469345331192,
                    -0.2254658192396164,
                    -0.9088817834854126
                ],
                [
                    -0.2256399244070053,
                    -0.03826411813497543,
                    -0.973459005355835,
                    -3.9241387844085693
                ],
                [
                    0.0,
                    0.999228298664093,
                    -0.03927704319357872,
                    -0.15833082795143127
                ],
                [
                    0.0,
                    0.0,
                    0.0,
                    1.0
                ]
            ]
        },
        {
            "file_path": "/data/shapenet_blender/all_50_random/02958343/3c103561d9a29ae7ddacb20b6a591772/r_41",
            "rotation": 0.12566370614359174,
            "transform_matrix": [
                [
                    0.9720262289047241,
                    0.00945394765585661,
                    0.23468196392059326,
                    0.9460331201553345
                ],
                [
                    0.23487228155136108,
                    -0.03912545368075371,
                    -0.9712385535240173,
                    -3.915187358856201
