{
    "class": "02958343",
    "model": "2e8c4fd40a1be2fa5f38ed4497f2c53c",
    "remove_doubles": true,
    "edge_split": true,
    "denoise": true,
    "camera_angle_x": 0.6911112070083618,
    "scale_factor": 2.318843271875172,
    "hdri_file": "/data/IndoorHDRDataset2018/9C4A1858-1bcea2070c.exr",
    "center_offset": [
        0.0,
        -1.862645149230957e-09,
        -1.862645149230957e-09
    ],
    "lights": [],
    "frames": [
        {
            "file_path": "/data/shapenet_blender/all_50_random/02958343/2e8c4fd40a1be2fa5f38ed4497f2c53c/r_0",
            "rotation": 0.12566370614359174,
            "transform_matrix": [
                [
                    -0.6292730569839478,
                    -0.5406283140182495,
                    0.5583335757255554,
                    2.2507147789001465
                ],
                [
                    0.7771843671798706,
                    -0.4377376437187195,
                    0.45207327604293823,
                    1.8223657608032227
                ],
                [
                    0.0,
                    0.7184056639671326,
                    0.6956242918968201,
                    2.8041515350341797
                ],
                [
                    0.0,
                    0.0,
                    0.0,
                    1.0
                ]
            ]
        },
        {
            "file_path": "/data/shapenet_blender/all_50_random/02958343/2e8c4fd40a1be2fa5f38ed4497f2c53c/r_1",
            "rotation": 0.12566370614359174,
            "transform_matrix": [
                [
                    -0.25490009784698486,
                    -0.3730691373348236,
                    -0.8921015858650208,
                    -3.596176862716675
                ],
                [
                    -0.9669674634933472,
                    0.09834390878677368,
                    0.23516488075256348,
                    0.9479800462722778
                ],
                [
                    0.0,
                    0.9225766658782959,
                    -0.38581356406211853,
                    -1.5552643537521362
                ],
                [
                    0.0,
                    0.0,
                    0.0,
                    1.0
                ]
            ]
        },
        {
            "file_path": "/data/shapenet_blender/all_50_random/02958343/2e8c4fd40a1be2fa5f38ed4497f2c53c/r_2",
            "rotation": 0.12566370614359174,
            "transform_matrix": [
                [
                    -0.9419776201248169,
                    -0.11994621902704239,
                    -0.31351438164711,
                    -1.2638169527053833
                ],
                [
                    -0.33567601442337036,
                    0.3365943431854248,
                    0.8797873854637146,
                    3.546536445617676
                ],
                [
                    0.0,
                    0.9339791536331177,
                    -0.357327401638031,
                    -1.4404327869415283
                ],
                [
                    0.0,
                    0.0,
                    0.0,
                    1.0
                ]
            ]
        },
        {
            "file_path": "/data/shapenet_blender/all_50_random/02958343/2e8c4fd40a1be2fa5f38ed4497f2c53c/r_3",
            "rotation": 0.12566370614359174,
            "transform_matrix": [
                [
                    -0.9855517745018005,
                    0.10822597146034241,
                    -0.13028788566589355,
                    -0.5252073407173157
                ],
                [
                    -0.1693747341632843,
                    -0.6297414898872375,
                    0.7581146359443665,
                    3.056058168411255
                ],
                [
                    7.450580596923828e-09,
                    0.7692287564277649,
                    0.6389734148979187,
                    2.57578444480896
                ],
                [
                    0.0,
                    0.0,
                    0.0,
                    1.0
                ]
            ]
        },
        {
            "file_path": "/data/shapenet_blender/all_50_random/02958343/2e8c4fd40a1be2fa5f38ed4497f2c53c/r_4",
            "rotation": 0.12566370614359174,
            "transform_matrix": [
                [
                    -0.610677182674408,
                    0.12023775279521942,
                    0.7826980948448181,
                    3.1551566123962402
                ],
                [
                    0.7918796539306641,
                    0.0927242562174797,
                    0.6035966277122498,
                    2.433175563812256
                ],
                [
                    0.0,
                    0.9884052872657776,
                    -0.15183843672275543,
                    -0.6120802164077759
                ],
                [
                    0.0,
                    0.0,
                    0.0,
                    1.0
                ]
            ]
        },
        {
            "file_path": "/data/shapenet_blender/all_50_random/02958343/2e8c4fd40a1be2fa5f38ed4497f2c53c/r_5",
            "rotation": 0.12566370614359174,
            "transform_matrix": [
                [
                    0.7506367564201355,
                    -0.05402252823114395,
                    0.6585029363632202,
                    2.654510498046875
                ],
                [
                    0.6607152819633484,
                    0.061374831944704056,
                    -0.7481232285499573,
                    -3.0157814025878906
                ],
                [
                    0.0,
                    0.9966517090797424,
                    0.08176369220018387,
                    0.3296000063419342
                ],
                [
                    0.0,
                    0.0,
                    0.0,
                    1.0
                ]
            ]
        },
        {
            "file_path": "/data/shapenet_blender/all_50_random/02958343/2e8c4fd40a1be2fa5f38ed4497f2c53c/r_6",
            "rotation": 0.12566370614359174,
            "transform_matrix": [
                [
                    0.9904950857162476,
                    0.016375159844756126,
                    0.13656973838806152,
                    0.550530195236206
                ],
                [
                    0.13754795491695404,
                    -0.11791899055242538,
                    -0.9834508895874023,
                    -3.9644174575805664
                ],
                [
                    0.0,
                    0.9928881525993347,
                    -0.11905056238174438,
                    -0.47990816831588745
                ],
                [
                    0.0,
                    0.0,
                    0.0,
                    1.0
                ]
            ]
        },
        {
            "file_path": "/data/shapenet_blender/all_50_random/02958343/2e8c4fd40a1be2fa5f38ed4497f2c53c/r_7",
            "rotation": 0.12566370614359174,
            "transform_matrix": [
                [
                    0.7743188738822937,
                    -0.2535405158996582,
                    0.5797823667526245,
                    2.3371775150299072
                ],
                [
                    0.6327957510948181,
                    0.3102441728115082,
                    -0.7094491124153137,
                    -2.8598809242248535
                ],
                [
                    0.0,
                    0.9162235856056213,
                    0.40066730976104736,
                    1.6151416301727295
                ],
                [
                    0.0,
                    0.0,
                    0.0,
                    1.0
                ]
            ]
        },
        {
            "file_path": "/data/shapenet_blender/all_50_random/02958343/2e8c4fd40a1be2fa5f38ed4497f2c53c/r_8",
            "rotation": 0.12566370614359174,
            "transform_matrix": [
                [
                    -0.03958303853869438,
                    0.00415224302560091,
                    0.9992076754570007,
                    4.027935028076172
                ],
                [
                    0.9992163181304932,
                    0.00016448729729745537,
                    0.03958269581198692,
                    0.15956294536590576
                ],
                [
                    0.0,
                    0.9999913573265076,
                    -0.0041554998606443405,
                    -0.016751356422901154
                ],
                [
                    0.0,
                    0.0,
                    0.0,
                    1.0
                ]
            ]
        },
        {
            "file_path": "/data/shapenet_blender/all_50_random/02958343/2e8c4fd40a1be2fa5f38ed4497f2c53c/r_9",
            "rotation": 0.12566370614359174,
            "transform_matrix": [
                [
                    0.707335889339447,
                    -0.11205874383449554,
                    0.697938859462738,
                    2.813481569290161
                ],
                [
                    0.7068774700164795,
                    0.11213141679763794,
                    -0.6983914971351624,
                    -2.8153061866760254
                ],
                [
                    0.0,
                    0.9873547554016113,
                    0.15852639079093933,
                    0.6390403509140015
                ],
                [
                    0.0,
                    0.0,
                    0.0,
                    1.0
                ]
            ]
        },
        {
            "file_path": "/data/shapenet_blender/all_50_random/02958343/2e8c4fd40a1be2fa5f38ed4497f2c53c/r_10",
            "rotation": 0.12566370614359174,
            "transform_matrix": [
                [
                    -0.6027738451957703,
                    -0.08000808954238892,
                    0.7938905954360962,
                    3.200275421142578
                ],
                [
                    0.7979120016098022,
                    -0.060441236943006516,
                    0.5997359752655029,
                    2.4176130294799805
                ],
                [
                    -3.725290076417309e-09,
                    0.9949600696563721,
                    0.10027182102203369,
                    0.40420863032341003
                ],
                [
                    0.0,
                    0.0,
                    0.0,
                    1.0
                ]
            ]
        },
        {
            "file_path": "/data/shapenet_blender/all_50_random/02958343/2e8c4fd40a1be2fa5f38ed4497f2c53c/r_11",
            "rotation": 0.12566370614359174,
            "transform_matrix": [
                [
                    0.2750718891620636,
                    -0.005969070829451084,
                    -0.9614052176475525,
                    -3.8755478858947754
                ],
                [
                    -0.9614236354827881,
                    -0.0017078043892979622,
                    -0.275066614151001,
                    -1.1088289022445679
                ],
                [
                    1.1641530794914701e-10,
                    0.9999806880950928,
                    -0.006208575796335936,
                    -0.0250275656580925
                ],
                [
                    0.0,
                    0.0,
                    0.0,
                    1.0
                ]
            ]
        },
        {
            "file_path": "/data/shapenet_blender/all_50_random/02958343/2e8c4fd40a1be2fa5f38ed4497f2c53c/r_12",
            "rotation": 0.12566370614359174,
            "transform_matrix": [
                [
                    0.889222264289856,
                    0.4278486371040344,
                    -0.16195474565029144,
                    -0.6528604626655579
                ],
                [
                    -0.457475483417511,
                    0.8316348195075989,
                    -0.31480106711387634,
                    -1.2690037488937378
                ],
                [
                    0.0,
                    0.35401850938796997,
                    0.9352384209632874,
                    3.770066738128662
                ],
                [
                    0.0,
                    0.0,
                    0.0,
                    1.0
                ]
            ]
        },
        {
            "file_path": "/data/shapenet_blender/all_50_random/02958343/2e8c4fd40a1be2fa5f38ed4497f2c53c/r_13",
            "rotation": 0.12566370614359174,
            "transform_matrix": [
                [
                    -0.24985778331756592,
                    0.4250940680503845,
                    -0.86998051404953,
                    -3.5070035457611084
                ],
                [
                    -0.9682825207710266,
                    -0.10969222337007523,
                    0.22449170053005219,
                    0.9049549698829651
                ],
                [
                    -7.450580152834618e-09,
                    0.8984779715538025,
                    0.4390186369419098,
                    1.7697405815124512
                ],
                [
                    0.0,
                    0.0,
                    0.0,
                    1.0
                ]
            ]
        },
        {
            "file_path": "/data/shapenet_blender/all_50_random/02958343/2e8c4fd40a1be2fa5f38ed4497f2c53c/r_14",
            "rotation": 0.12566370614359174,
            "transform_matrix": [
                [
                    0.8185403943061829,
                    0.14871300756931305,
                    -0.5548657774925232,
                    -2.2367358207702637
                ],
                [
                    -0.5744489431381226,
                    0.21190321445465088,
                    -0.7906359434127808,
                    -3.1871557235717773
                ],
                [
                    -7.450580596923828e-09,
                    0.9659097790718079,
                    0.25887930393218994,
                    1.0435760021209717
                ],
                [
                    0.0,
                    0.0,
                    0.0,
                    1.0
                ]
            ]
        },
        {
            "file_path": "/data/shapenet_blender/all_50_random/02958343/2e8c4fd40a1be2fa5f38ed4497f2c53c/r_15",
            "rotation": 0.12566370614359174,
            "transform_matrix": [
                [
                    -0.9414390921592712,
                    -0.02025010995566845,
                    0.3365742266178131,
                    1.356774091720581
                ],
                [
                    0.33718281984329224,
                    -0.056539781391620636,
                    0.9397398233413696,
                    3.788212299346924
                ],
                [
                    -1.8626449271863521e-09,
                    0.9981949925422668,
                    0.06005675345659256,
                    0.24209651350975037
                ],
                [
                    0.0,
                    0.0,
                    0.0,
                    1.0
                ]
            ]
        },
        {
            "file_path": "/data/shapenet_blender/all_50_random/02958343/2e8c4fd40a1be2fa5f38ed4497f2c53c/r_16",
            "rotation": 0.12566370614359174,
            "transform_matrix": [
                [
                    0.8819507956504822,
                    0.06373539566993713,
                    -0.46701252460479736,
                    -1.8825877904891968
                ],
                [
                    -0.47134166955947876,
                    0.11925845593214035,
                    -0.8738502860069275,
                    -3.5226035118103027
                ],
                [
                    -3.725290742551124e-09,
                    0.9908154010772705,
                    0.1352211982011795,
                    0.5450941324234009
                ],
                [
                    0.0,
                    0.0,
                    0.0,
                    1.0
                ]
            ]
        },
        {
            "file_path": "/data/shapenet_blender/all_50_random/02958343/2e8c4fd40a1be2fa5f38ed4497f2c53c/r_17",
            "rotation": 0.12566370614359174,
            "transform_matrix": [
                [
                    -0.7106971144676208,
                    0.19435027241706848,
                    0.6761195063591003,
                    2.72552490234375
                ],
                [
                    0.703498125076294,
                    0.19633908569812775,
                    0.6830382943153381,
                    2.75341534614563
                ],
                [
                    0.0,
                    0.9610821008682251,
                    -0.27626267075538635,
                    -1.1136504411697388
                ],
                [
                    0.0,
                    0.0,
                    0.0,
                    1.0
                ]
            ]
        },
        {
            "file_path": "/data/shapenet_blender/all_50_random/02958343/2e8c4fd40a1be2fa5f38ed4497f2c53c/r_18",
            "rotation": 0.12566370614359174,
            "transform_matrix": [
                [
                    -0.3438066840171814,
                    -0.015942109748721123,
                    0.9389050602912903,
                    3.7848474979400635
                ],
                [
                    0.9390404224395752,
                    -0.005836814176291227,
                    0.34375712275505066,
                    1.385729432106018
                ],
                [
                    0.0,
                    0.9998558759689331,
                    0.016977019608020782,
                    0.06843656301498413
                ],
                [
                    0.0,
                    0.0,
                    0.0,
                    1.0
                ]
            ]
        },
        {
            "file_path": "/data/shapenet_blender/all_50_random/02958343/2e8c4fd40a1be2fa5f38ed4497f2c53c/r_19",
            "rotation": 0.12566370614359174,
            "transform_matrix": [
                [
                    -0.5778897404670715,
                    0.6336043477058411,
                    -0.5143819451332092,
                    -2.073540210723877
                ],
                [
                    -0.8161148428916931,
                    -0.4486543834209442,
                    0.3642331659793854,
                    1.468271017074585
                ],
                [
                    0.0,
                    0.630281388759613,
                    0.7763665914535522,
                    3.129634141921997
                ],
                [
                    0.0,
                    0.0,
                    0.0,
                    1.0
                ]
            ]
        },
        {
            "file_path": "/data/shapenet_blender/all_50_random/02958343/2e8c4fd40a1be2fa5f38ed4497f2c53c/r_20",
            "rotation": 0.12566370614359174,
            "transform_matrix": [
                [
                    0.7334561944007874,
                    0.02831071987748146,
                    0.679146945476532,
                    2.7377288341522217
                ],
                [
                    0.6797367334365845,
                    -0.030548106878995895,
                    -0.7328197360038757,
                    -2.9540908336639404
                ],
                [
                    0.0,
                    0.9991322755813599,
                    -0.041649531573057175,
                    -0.1678946316242218
                ],
                [
                    0.0,
                    0.0,
                    0.0,
                    1.0
                ]
            ]
        },
        {
            "file_path": "/data/shapenet_blender/all_50_random/02958343/2e8c4fd40a1be2fa5f38ed4497f2c53c/r_21",
            "rotation": 0.12566370614359174,
            "transform_matrix": [
                [
                    -0.028377661481499672,
                    0.05199320241808891,
                    0.9982442259788513,
                    4.024050712585449
                ],
                [
                    0.9995971918106079,
                    0.0014760401099920273,
                    0.02833925373852253,
                    0.1142391711473465
                ],
                [
                    1.1641531488804091e-10,
                    0.9986461997032166,
                    -0.05201416090130806,
                    -0.20967575907707214
                ],
                [
                    0.0,
                    0.0,
                    0.0,
                    1.0
                ]
            ]
        },
        {
            "file_path": "/data/shapenet_blender/all_50_random/02958343/2e8c4fd40a1be2fa5f38ed4497f2c53c/r_22",
            "rotation": 0.12566370614359174,
            "transform_matrix": [
                [
                    -0.22074002027511597,
                    -0.003462017746642232,
                    -0.9753265380859375,
                    -3.931666851043701
                ],
                [
                    -0.9753326177597046,
                    0.0007835336145944893,
                    0.22073864936828613,
                    0.8898259401321411
                ],
                [
                    0.0,
                    0.9999937415122986,
                    -0.00354957627132535,
                    -0.014308799058198929
                ],
                [
                    0.0,
                    0.0,
                    0.0,
                    1.0
                ]
            ]
        },
        {
            "file_path": "/data/shapenet_blender/all_50_random/02958343/2e8c4fd40a1be2fa5f38ed4497f2c53c/r_23",
            "rotation": 0.12566370614359174,
            "transform_matrix": [
                [
                    0.27136245369911194,
                    -0.0970650315284729,
                    -0.9575702548027039,
                    -3.860089063644409
                ],
                [
                    -0.9624772667884827,
                    -0.027366677299141884,
                    -0.26997897028923035,
                    -1.088320016860962
                ],
                [
                    1.862645149230957e-09,
                    0.994901716709137,
                    -0.10084917396306992,
                    -0.4065360128879547
                ],
                [
                    0.0,
                    0.0,
                    0.0,
                    1.0
                ]
            ]
        },
        {
            "file_path": "/data/shapenet_blender/all_50_random/02958343/2e8c4fd40a1be2fa5f38ed4497f2c53c/r_24",
            "rotation": 0.12566370614359174,
            "transform_matrix": [
                [
                    -0.8027984499931335,
                    0.15725179016590118,
                    -0.5751404166221619,
                    -2.318465232849121
                ],
                [
                    -0.5962504744529724,
                    -0.2117256075143814,
                    0.7743755578994751,
                    3.121607780456543
                ],
                [
                    -7.450580596923828e-09,
                    0.9645952582359314,
                    0.26373445987701416,
                    1.0631476640701294
                ],
                [
                    0.0,
                    0.0,
                    0.0,
                    1.0
                ]
            ]
        },
        {
            "file_path": "/data/shapenet_blender/all_50_random/02958343/2e8c4fd40a1be2fa5f38ed4497f2c53c/r_25",
            "rotation": 0.12566370614359174,
            "transform_matrix": [
                [
                    -0.8489183187484741,
                    -0.12110312283039093,
                    -0.5144627094268799,
                    -2.0738651752471924
                ],
                [
                    -0.5285241603851318,
                    0.19451645016670227,
                    0.8263326287269592,
                    3.3310530185699463
                ],
                [
                    0.0,
                    0.9733946919441223,
                    -0.22913451492786407,
                    -0.9236706495285034
                ],
                [
                    0.0,
                    0.0,
                    0.0,
                    1.0
                ]
            ]
        },
        {
            "file_path": "/data/shapenet_blender/all_50_random/02958343/2e8c4fd40a1be2fa5f38ed4497f2c53c/r_26",
            "rotation": 0.12566370614359174,
            "transform_matrix": [
                [
                    -0.9682352542877197,
                    0.030691463500261307,
                    0.24815058708190918,
                    1.0003269910812378
                ],
                [
                    0.2500413954257965,
                    0.11884655803442001,
                    0.9609135389328003,
                    3.8735663890838623
                ],
                [
                    0.0,
                    0.9924380779266357,
                    -0.1227455586194992,
                    -0.49480316042900085
                ],
                [
                    0.0,
                    0.0,
                    0.0,
                    1.0
                ]
            ]
        },
        {
            "file_path": "/data/shapenet_blender/all_50_random/02958343/2e8c4fd40a1be2fa5f38ed4497f2c53c/r_27",
            "rotation": 0.12566370614359174,
            "transform_matrix": [
                [
                    0.7661895155906677,
                    0.6304541230201721,
                    0.12442344427108765,
                    0.5015669465065002
                ],
                [
                    0.6426146626472473,
                    -0.7516905069351196,
                    -0.1483500748872757,
                    -0.5980182886123657
                ],
                [
                    7.450580596923828e-09,
                    0.19362059235572815,
                    -0.9810764789581299,
                    -3.954845666885376
                ],
                [
                    0.0,
                    0.0,
                    0.0,
                    1.0
                ]
            ]
        },
        {
            "file_path": "/data/shapenet_blender/all_50_random/02958343/2e8c4fd40a1be2fa5f38ed4497f2c53c/r_28",
            "rotation": 0.12566370614359174,
            "transform_matrix": [
                [
                    -0.7072930932044983,
                    0.33999744057655334,
                    0.6197887659072876,
                    2.498448610305786
                ],
                [
                    0.7069204449653625,
                    0.34017667174339294,
                    0.6201155185699463,
                    2.4997658729553223
                ],
                [
                    0.0,
                    0.8767447471618652,
                    -0.48095571994781494,
                    -1.9387946128845215
                ],
                [
                    0.0,
                    0.0,
                    0.0,
                    1.0
                ]
            ]
        },
        {
            "file_path": "/data/shapenet_blender/all_50_random/02958343/2e8c4fd40a1be2fa5f38ed4497f2c53c/r_29",
            "rotation": 0.12566370614359174,
            "transform_matrix": [
                [
                    -0.9366673827171326,
                    0.33377206325531006,
                    0.10606783628463745,
                    0.42757314443588257
                ],
                [
                    0.3502201437950134,
                    0.8926767706871033,
                    0.2836795151233673,
                    1.143548846244812
                ],
                [
                    7.450580152834618e-09,
                    0.30286043882369995,
                    -0.9530348181724548,
                    -3.841806411743164
                ],
                [
                    0.0,
                    0.0,
                    0.0,
                    1.0
                ]
            ]
        },
        {
            "file_path": "/data/shapenet_blender/all_50_random/02958343/2e8c4fd40a1be2fa5f38ed4497f2c53c/r_30",
            "rotation": 0.12566370614359174,
            "transform_matrix": [
                [
                    0.44465509057044983,
                    0.24664101004600525,
                    -0.8610749244689941,
                    -3.471104383468628
                ],
                [
                    -0.8957020044326782,
                    0.12244048714637756,
                    -0.4274651110172272,
                    -1.723167061805725
                ],
                [
                    7.450581485102248e-09,
                    0.9613409638404846,
                    0.2753605842590332,
                    1.1100140810012817
                ],
                [
                    0.0,
                    0.0,
                    0.0,
                    1.0
                ]
            ]
        },
        {
            "file_path": "/data/shapenet_blender/all_50_random/02958343/2e8c4fd40a1be2fa5f38ed4497f2c53c/r_31",
            "rotation": 0.12566370614359174,
            "transform_matrix": [
                [
                    0.716245710849762,
                    -0.1869032233953476,
                    0.6723535656929016,
                    2.710343837738037
                ],
                [
                    0.6978482604026794,
                    0.1918305605649948,
                    -0.6900789141654968,
                    -2.781797170639038
                ],
                [
                    1.4901161193847656e-08,
                    0.9634667634963989,
                    0.2678278982639313,
                    1.079648733139038
                ],
                [
                    0.0,
                    0.0,
                    0.0,
                    1.0
                ]
            ]
        },
        {
            "file_path": "/data/shapenet_blender/all_50_random/02958343/2e8c4fd40a1be2fa5f38ed4497f2c53c/r_32",
            "rotation": 0.12566370614359174,
            "transform_matrix": [
                [
                    0.15166175365447998,
                    0.13605818152427673,
                    0.9790234565734863,
                    3.9465696811676025
                ],
                [
                    0.9884325265884399,
                    -0.020876308903098106,
                    -0.15021806955337524,
                    -0.6055483818054199
                ],
                [
                    -1.862645149230957e-09,
                    0.990480899810791,
                    -0.13765044510364532,
                    -0.5548866987228394
                ],
                [
                    0.0,
                    0.0,
                    0.0,
                    1.0
                ]
            ]
        },
        {
            "file_path": "/data/shapenet_blender/all_50_random/02958343/2e8c4fd40a1be2fa5f38ed4497f2c53c/r_33",
            "rotation": 0.12566370614359174,
            "transform_matrix": [
                [
                    0.8569731116294861,
                    -0.1692817062139511,
                    -0.4867657423019409,
                    -1.9622151851654053
                ],
                [
                    -0.5153612494468689,
                    -0.28149163722991943,
                    -0.8094228506088257,
                    -3.262887477874756
                ],
                [
                    0.0,
                    0.9445136785507202,
                    -0.3284720182418823,
                    -1.324112892150879
                ],
                [
                    0.0,
                    0.0,
                    0.0,
                    1.0
                ]
            ]
        },
        {
            "file_path": "/data/shapenet_blender/all_50_random/02958343/2e8c4fd40a1be2fa5f38ed4497f2c53c/r_34",
            "rotation": 0.12566370614359174,
            "transform_matrix": [
                [
                    -0.8684923052787781,
                    -0.4471481442451477,
                    0.21396206319332123,
                    0.8625086545944214
                ],
                [
                    0.4957028031349182,
                    -0.7834224700927734,
                    0.37487056851387024,
                    1.5111515522003174
                ],
                [
                    1.4901161193847656e-08,
                    0.43163377046585083,
                    0.9020489454269409,
                    3.63627552986145
                ],
                [
                    0.0,
                    0.0,
                    0.0,
                    1.0
                ]
            ]
        },
        {
            "file_path": "/data/shapenet_blender/all_50_random/02958343/2e8c4fd40a1be2fa5f38ed4497f2c53c/r_35",
            "rotation": 0.12566370614359174,
            "transform_matrix": [
                [
                    -0.9774368405342102,
                    -0.1842898577451706,
                    0.10322058200836182,
                    0.416095495223999
                ],
                [
                    0.21122793853282928,
                    -0.8527835011482239,
                    0.47764328122138977,
                    1.9254417419433594
                ],
                [
                    0.0,
                    0.488669216632843,
                    0.8724690675735474,
                    3.517035484313965
                ],
                [
                    0.0,
                    0.0,
                    0.0,
                    1.0
                ]
            ]
        },
        {
            "file_path": "/data/shapenet_blender/all_50_random/02958343/2e8c4fd40a1be2fa5f38ed4497f2c53c/r_36",
            "rotation": 0.12566370614359174,
            "transform_matrix": [
                [
                    0.8365024924278259,
                    0.007991829887032509,
                    -0.547904908657074,
                    -2.2086751461029053
                ],
                [
                    -0.5479632019996643,
                    0.012200064957141876,
                    -0.836413562297821,
                    -3.371690511703491
                ],
                [
                    4.6566123179658803e-10,
                    0.9998937249183655,
                    0.014584613032639027,
                    0.05879244953393936
                ],
                [
                    0.0,
                    0.0,
                    0.0,
                    1.0
                ]
            ]
        },
        {
            "file_path": "/data/shapenet_blender/all_50_random/02958343/2e8c4fd40a1be2fa5f38ed4497f2c53c/r_37",
            "rotation": 0.12566370614359174,
            "transform_matrix": [
                [
                    0.8440941572189331,
                    0.3579413592815399,
                    -0.399228036403656,
                    -1.609339714050293
                ],
                [
                    -0.536194920539856,
                    0.5634819865226746,
                    -0.6284767389297485,
                    -2.533470869064331
                ],
                [
                    -1.4901160305669237e-08,
                    0.7445574998855591,
                    0.6675582528114319,
                    2.6910133361816406
                ],
                [
                    0.0,
                    0.0,
                    0.0,
                    1.0
                ]
            ]
        },
        {
            "file_path": "/data/shapenet_blender/all_50_random/02958343/2e8c4fd40a1be2fa5f38ed4497f2c53c/r_38",
            "rotation": 0.12566370614359174,
            "transform_matrix": [
                [
                    -0.5052790641784668,
                    -0.2300289273262024,
                    -0.8317328691482544,
                    -3.352822780609131
                ],
                [
                    -0.8629560470581055,
                    0.13468681275844574,
                    0.48699724674224854,
                    1.963148832321167
                ],
                [
                    7.450581485102248e-09,
                    0.9638184309005737,
                    -0.2665592432022095,
                    -1.0745347738265991
                ],
                [
                    0.0,
                    0.0,
                    0.0,
                    1.0
                ]
            ]
        },
        {
            "file_path": "/data/shapenet_blender/all_50_random/02958343/2e8c4fd40a1be2fa5f38ed4497f2c53c/r_39",
            "rotation": 0.12566370614359174,
            "transform_matrix": [
                [
                    -0.9977753162384033,
                    -0.000976796611212194,
                    0.06665940582752228,
                    0.26871269941329956
                ],
                [
                    0.06666657328605652,
                    -0.0146193727850914,
                    0.9976680874824524,
                    4.021728992462158
                ],
                [
                    -5.820766091346741e-11,
                    0.9998925924301147,
                    0.014651968143880367,
                    0.059063974767923355
                ],
                [
                    0.0,
                    0.0,
                    0.0,
                    1.0
                ]
            ]
        },
        {
            "file_path": "/data/shapenet_blender/all_50_random/02958343/2e8c4fd40a1be2fa5f38ed4497f2c53c/r_40",
            "rotation": 0.12566370614359174,
            "transform_matrix": [
                [
                    -0.1834057867527008,
                    -0.31061863899230957,
                    -0.9326726794242859,
                    -3.7597239017486572
                ],
                [
                    -0.9830373525619507,
                    0.057952288538217545,
                    0.17400923371315002,
                    0.701453685760498
                ],
                [
                    3.725290742551124e-09,
                    0.9487662315368652,
                    -0.3159785568714142,
                    -1.2737503051757812
                ],
                [
                    0.0,
                    0.0,
                    0.0,
                    1.0
                ]
            ]
        },
        {
            "file_path": "/data/shapenet_blender/all_50_random/02958343/2e8c4fd40a1be2fa5f38ed4497f2c53c/r_41",
            "rotation": 0.12566370614359174,
            "transform_matrix": [
                [
                    -0.822216272354126,
                    0.40898847579956055,
                    0.3958393335342407,
                    1.595679521560669
                ],
                [
                    0.5691751837730408,
                    0.5908145308494568,
                    0.5718196034431458,
                    2.3050787448883057
                ],
