{
    "class": "02958343",
    "model": "9167cb083368cc6be3d59d595daeefd7",
    "remove_doubles": true,
    "edge_split": true,
    "denoise": true,
    "camera_angle_x": 0.6911112070083618,
    "scale_factor": 2.177655288498294,
    "hdri_file": "/data/IndoorHDRDataset2018/9C4A7937-4e64094420.exr",
    "center_offset": [
        0.0,
        0.0,
        -4.656612873077393e-10
    ],
    "lights": [],
    "frames": [
        {
            "file_path": "/data/shapenet_blender/all_50_random/02958343/9167cb083368cc6be3d59d595daeefd7/r_0",
            "rotation": 0.12566370614359174,
            "transform_matrix": [
                [
                    0.7071678638458252,
                    -0.31562340259552,
                    0.6326889991760254,
                    2.5504512786865234
                ],
                [
                    0.7070457339286804,
                    0.3156779110431671,
                    -0.6327983140945435,
                    -2.550891876220703
                ],
                [
                    1.4901162970204496e-08,
                    0.8948348164558411,
                    0.4463973641395569,
                    1.799485445022583
                ],
                [
                    0.0,
                    0.0,
                    0.0,
                    1.0
                ]
            ]
        },
        {
            "file_path": "/data/shapenet_blender/all_50_random/02958343/9167cb083368cc6be3d59d595daeefd7/r_1",
            "rotation": 0.12566370614359174,
            "transform_matrix": [
                [
                    0.707344114780426,
                    -0.29598256945610046,
                    0.6419178247451782,
                    2.587653875350952
                ],
                [
                    0.70686936378479,
                    0.2961813807487488,
                    -0.6423489451408386,
                    -2.5893917083740234
                ],
                [
                    -1.4901161193847656e-08,
                    0.908113956451416,
                    0.41872310638427734,
                    1.687927007675171
                ],
                [
                    0.0,
                    0.0,
                    0.0,
                    1.0
                ]
            ]
        },
        {
            "file_path": "/data/shapenet_blender/all_50_random/02958343/9167cb083368cc6be3d59d595daeefd7/r_2",
            "rotation": 0.12566370614359174,
            "transform_matrix": [
                [
                    0.9550081491470337,
                    -0.24156534671783447,
                    0.17206284403800964,
                    0.6936075091362
                ],
                [
                    0.2965795695781708,
                    0.7778582572937012,
                    -0.5540550947189331,
                    -2.2334675788879395
                ],
                [
                    0.0,
                    0.5801573991775513,
                    0.8145043253898621,
                    3.283371925354004
                ],
                [
                    0.0,
                    0.0,
                    0.0,
                    1.0
                ]
            ]
        },
        {
            "file_path": "/data/shapenet_blender/all_50_random/02958343/9167cb083368cc6be3d59d595daeefd7/r_3",
            "rotation": 0.12566370614359174,
            "transform_matrix": [
                [
                    -0.4821650981903076,
                    0.7109637260437012,
                    -0.5119056105613708,
                    -2.0635576248168945
                ],
                [
                    -0.8760803937911987,
                    -0.39129042625427246,
                    0.2817355692386627,
                    1.1357123851776123
                ],
                [
                    0.0,
                    0.5843136310577393,
                    0.8115279078483582,
                    3.271373748779297
                ],
                [
                    0.0,
                    0.0,
                    0.0,
                    1.0
                ]
            ]
        },
        {
            "file_path": "/data/shapenet_blender/all_50_random/02958343/9167cb083368cc6be3d59d595daeefd7/r_4",
            "rotation": 0.12566370614359174,
            "transform_matrix": [
                [
                    0.10480110347270966,
                    -0.09759417176246643,
                    -0.9896929264068604,
                    -3.989579916000366
                ],
                [
                    -0.9944931864738464,
                    -0.010284613817930222,
                    -0.10429524630308151,
                    -0.4204275906085968
                ],
                [
                    -9.313225191043273e-10,
                    0.9951730370521545,
                    -0.0981345921754837,
                    -0.39559319615364075
                ],
                [
                    0.0,
                    0.0,
                    0.0,
                    1.0
                ]
            ]
        },
        {
            "file_path": "/data/shapenet_blender/all_50_random/02958343/9167cb083368cc6be3d59d595daeefd7/r_5",
            "rotation": 0.12566370614359174,
            "transform_matrix": [
                [
                    0.1962522715330124,
                    0.648719847202301,
                    0.7352873682975769,
                    2.964038372039795
                ],
                [
                    0.9805534482002258,
                    -0.12983763217926025,
                    -0.14716362953186035,
                    -0.5932356119155884
                ],
                [
                    0.0,
                    0.7498697638511658,
                    -0.6615853905677795,
                    -2.666936159133911
                ],
                [
                    0.0,
                    0.0,
                    0.0,
                    1.0
                ]
            ]
        },
        {
            "file_path": "/data/shapenet_blender/all_50_random/02958343/9167cb083368cc6be3d59d595daeefd7/r_6",
            "rotation": 0.12566370614359174,
            "transform_matrix": [
                [
                    0.9611172676086426,
                    0.15002740919589996,
                    -0.2318306416273117,
                    -0.934539258480072
                ],
                [
                    -0.2761406898498535,
                    0.5221756100654602,
                    -0.8068945407867432,
                    -3.2526962757110596
                ],
                [
                    7.450581485102248e-09,
                    0.8395381569862366,
                    0.5433005690574646,
                    2.190114974975586
                ],
                [
                    0.0,
                    0.0,
                    0.0,
                    1.0
                ]
            ]
        },
        {
            "file_path": "/data/shapenet_blender/all_50_random/02958343/9167cb083368cc6be3d59d595daeefd7/r_7",
            "rotation": 0.12566370614359174,
            "transform_matrix": [
                [
                    -0.9685336351394653,
                    0.13044601678848267,
                    0.21195870637893677,
                    0.8544329404830933
                ],
                [
                    0.24888283014297485,
                    0.5076338648796082,
                    0.8248424530029297,
                    3.3250465393066406
                ],
                [
                    -7.450580596923828e-09,
                    0.8516406416893005,
                    -0.5241261124610901,
                    -2.1128201484680176
                ],
                [
                    0.0,
                    0.0,
                    0.0,
                    1.0
                ]
            ]
        },
        {
            "file_path": "/data/shapenet_blender/all_50_random/02958343/9167cb083368cc6be3d59d595daeefd7/r_8",
            "rotation": 0.12566370614359174,
            "transform_matrix": [
                [
                    -0.9743393659591675,
                    0.0902765542268753,
                    -0.20618636906147003,
                    -0.8311638236045837
                ],
                [
                    -0.22508367896080017,
                    -0.3907879590988159,
                    0.8925368785858154,
                    3.597931146621704
                ],
                [
                    0.0,
                    0.9160430431365967,
                    0.401079922914505,
                    1.616804838180542
                ],
                [
                    0.0,
                    0.0,
                    0.0,
                    1.0
                ]
            ]
        },
        {
            "file_path": "/data/shapenet_blender/all_50_random/02958343/9167cb083368cc6be3d59d595daeefd7/r_9",
            "rotation": 0.12566370614359174,
            "transform_matrix": [
                [
                    -0.763897716999054,
                    0.5400053262710571,
                    0.35334768891334534,
                    1.4243900775909424
                ],
                [
                    0.6453373432159424,
                    0.6392142176628113,
                    0.4182641804218292,
                    1.6860768795013428
                ],
                [
                    1.4901160305669237e-08,
                    0.5475395321846008,
                    -0.8367798328399658,
                    -3.3731675148010254
                ],
                [
                    0.0,
                    0.0,
                    0.0,
                    1.0
                ]
            ]
        },
        {
            "file_path": "/data/shapenet_blender/all_50_random/02958343/9167cb083368cc6be3d59d595daeefd7/r_10",
            "rotation": 0.12566370614359174,
            "transform_matrix": [
                [
                    0.6614038348197937,
                    0.3140794634819031,
                    -0.6811013221740723,
                    -2.7456071376800537
                ],
                [
                    -0.7500299215316772,
                    0.27696678042411804,
                    -0.6006200909614563,
                    -2.4211771488189697
                ],
                [
                    0.0,
                    0.9080988168716431,
                    0.4187558889389038,
                    1.6880589723587036
                ],
                [
                    0.0,
                    0.0,
                    0.0,
                    1.0
                ]
            ]
        },
        {
            "file_path": "/data/shapenet_blender/all_50_random/02958343/9167cb083368cc6be3d59d595daeefd7/r_11",
            "rotation": 0.12566370614359174,
            "transform_matrix": [
                [
                    0.3699706196784973,
                    -0.7355707883834839,
                    -0.5675009489059448,
                    -2.2876694202423096
                ],
                [
                    -0.9290434718132019,
                    -0.2929244637489319,
                    -0.22599446773529053,
                    -0.9110128283500671
                ],
                [
                    1.4901161193847656e-08,
                    0.6108441948890686,
                    -0.7917507290840149,
                    -3.1916491985321045
                ],
                [
                    0.0,
                    0.0,
                    0.0,
                    1.0
                ]
            ]
        },
        {
            "file_path": "/data/shapenet_blender/all_50_random/02958343/9167cb083368cc6be3d59d595daeefd7/r_12",
            "rotation": 0.12566370614359174,
            "transform_matrix": [
                [
                    0.6655420660972595,
                    0.08959933370351791,
                    -0.7409626245498657,
                    -2.9869160652160645
                ],
                [
                    -0.7463603615760803,
                    0.07989724725484848,
                    -0.6607288718223572,
                    -2.6634836196899414
                ],
                [
                    7.450580596923828e-09,
                    0.9927680492401123,
                    0.12004835903644562,
                    0.48393043875694275
                ],
                [
                    0.0,
                    0.0,
                    0.0,
                    1.0
                ]
            ]
        },
        {
            "file_path": "/data/shapenet_blender/all_50_random/02958343/9167cb083368cc6be3d59d595daeefd7/r_13",
            "rotation": 0.12566370614359174,
            "transform_matrix": [
                [
                    0.7761916518211365,
                    -0.20556466281414032,
                    -0.5960450768470764,
                    -2.4027345180511475
                ],
                [
                    -0.6304970383644104,
                    -0.25306636095046997,
                    -0.7337785363197327,
                    -2.957955837249756
                ],
                [
                    -1.4901160305669237e-08,
                    0.9453573822975159,
                    -0.32603588700294495,
                    -1.3142926692962646
                ],
                [
                    0.0,
                    0.0,
                    0.0,
                    1.0
                ]
            ]
        },
        {
            "file_path": "/data/shapenet_blender/all_50_random/02958343/9167cb083368cc6be3d59d595daeefd7/r_14",
            "rotation": 0.12566370614359174,
            "transform_matrix": [
                [
                    0.062025412917137146,
                    0.6566482782363892,
                    0.751642107963562,
                    3.029966354370117
                ],
                [
                    0.9980746507644653,
                    -0.04080744832754135,
                    -0.04671084135770798,
                    -0.18829742074012756
                ],
                [
                    1.862645371275562e-09,
                    0.7530920505523682,
                    -0.6579150557518005,
                    -2.6521403789520264
                ],
                [
                    0.0,
                    0.0,
                    0.0,
                    1.0
                ]
            ]
        },
        {
            "file_path": "/data/shapenet_blender/all_50_random/02958343/9167cb083368cc6be3d59d595daeefd7/r_15",
            "rotation": 0.12566370614359174,
            "transform_matrix": [
                [
                    -0.9688219428062439,
                    -0.009348849765956402,
                    0.24758149683475494,
                    0.9980329275131226
                ],
                [
                    0.2477579414844513,
                    -0.03655733913183212,
                    0.9681320190429688,
                    3.90266489982605
                ],
                [
                    0.0,
                    0.9992877244949341,
                    0.037733811885118484,
                    0.15210986137390137
                ],
                [
                    0.0,
                    0.0,
                    0.0,
                    1.0
                ]
            ]
        },
        {
            "file_path": "/data/shapenet_blender/all_50_random/02958343/9167cb083368cc6be3d59d595daeefd7/r_16",
            "rotation": 0.12566370614359174,
            "transform_matrix": [
                [
                    0.15996235609054565,
                    -0.9450291395187378,
                    -0.28518733382225037,
                    -1.1496269702911377
                ],
                [
                    -0.9871231317520142,
                    -0.1531410664319992,
                    -0.04621433466672897,
                    -0.18629594147205353
                ],
                [
                    0.0,
                    0.28890758752822876,
                    -0.9573569297790527,
                    -3.859229326248169
                ],
                [
                    0.0,
                    0.0,
                    0.0,
                    1.0
                ]
            ]
        },
        {
            "file_path": "/data/shapenet_blender/all_50_random/02958343/9167cb083368cc6be3d59d595daeefd7/r_17",
            "rotation": 0.12566370614359174,
            "transform_matrix": [
                [
                    0.8794971704483032,
                    -0.05108116567134857,
                    -0.47315481305122375,
                    -1.9073481559753418
                ],
                [
                    -0.4759041965007782,
                    -0.0944008156657219,
                    -0.874416172504425,
                    -3.5248844623565674
                ],
                [
                    -3.725290298461914e-09,
                    0.99422287940979,
                    -0.10733497887849808,
                    -0.4326811730861664
                ],
                [
                    0.0,
                    0.0,
                    0.0,
                    1.0
                ]
            ]
        },
        {
            "file_path": "/data/shapenet_blender/all_50_random/02958343/9167cb083368cc6be3d59d595daeefd7/r_18",
            "rotation": 0.12566370614359174,
            "transform_matrix": [
                [
                    0.48852771520614624,
                    0.15475276112556458,
                    -0.8587154746055603,
                    -3.46159291267395
                ],
                [
                    -0.8725484013557434,
                    0.08664391189813614,
                    -0.4807828366756439,
                    -1.938097596168518
                ],
                [
                    -7.450580596923828e-09,
                    0.9841465950012207,
                    0.17735719680786133,
                    0.7149497270584106
                ],
                [
                    0.0,
                    0.0,
                    0.0,
                    1.0
                ]
            ]
        },
        {
            "file_path": "/data/shapenet_blender/all_50_random/02958343/9167cb083368cc6be3d59d595daeefd7/r_19",
            "rotation": 0.12566370614359174,
            "transform_matrix": [
                [
                    -0.9765949845314026,
                    0.01780661940574646,
                    0.2143484503030777,
                    0.8640662431716919
                ],
                [
                    0.21508683264255524,
                    0.08085039258003235,
                    0.9732424020767212,
                    3.9232656955718994
                ],
                [
                    0.0,
                    0.9965671896934509,
                    -0.08278804272413254,
                    -0.33372926712036133
                ],
                [
                    0.0,
                    0.0,
                    0.0,
                    1.0
                ]
            ]
        },
        {
            "file_path": "/data/shapenet_blender/all_50_random/02958343/9167cb083368cc6be3d59d595daeefd7/r_20",
            "rotation": 0.12566370614359174,
            "transform_matrix": [
                [
                    0.4442615211009979,
                    -0.0674293041229248,
                    -0.8933560252189636,
                    -3.6012332439422607
                ],
                [
                    -0.8958971500396729,
                    -0.03343714773654938,
                    -0.4430014193058014,
                    -1.78579580783844
                ],
                [
                    0.0,
                    0.9971635341644287,
                    -0.07526456564664841,
                    -0.3034011721611023
                ],
                [
                    0.0,
                    0.0,
                    0.0,
                    1.0
                ]
            ]
        },
        {
            "file_path": "/data/shapenet_blender/all_50_random/02958343/9167cb083368cc6be3d59d595daeefd7/r_21",
            "rotation": 0.12566370614359174,
            "transform_matrix": [
                [
                    -0.10619332641363144,
                    -0.014881839044392109,
                    -0.9942341446876526,
                    -4.007885932922363
                ],
                [
                    -0.994345486164093,
                    0.001589338993653655,
                    0.10618143528699875,
                    0.4280310571193695
                ],
                [
                    1.1641530794914701e-10,
                    0.9998880624771118,
                    -0.014966468326747417,
                    -0.060331761837005615
                ],
                [
                    0.0,
                    0.0,
                    0.0,
                    1.0
                ]
            ]
        },
        {
            "file_path": "/data/shapenet_blender/all_50_random/02958343/9167cb083368cc6be3d59d595daeefd7/r_22",
            "rotation": 0.12566370614359174,
            "transform_matrix": [
                [
                    -0.37908443808555603,
                    -0.622349739074707,
                    0.684817910194397,
                    2.760589599609375
                ],
                [
                    0.9253619909286499,
                    -0.25495219230651855,
                    0.2805429697036743,
                    1.130905032157898
                ],
                [
                    -1.4901160305669237e-08,
                    0.7400541305541992,
                    0.6725472211837769,
                    2.711124897003174
                ],
                [
                    0.0,
                    0.0,
                    0.0,
                    1.0
                ]
            ]
        },
        {
            "file_path": "/data/shapenet_blender/all_50_random/02958343/9167cb083368cc6be3d59d595daeefd7/r_23",
            "rotation": 0.12566370614359174,
            "transform_matrix": [
                [
                    0.7303622961044312,
                    -0.59577876329422,
                    0.33409374952316284,
                    1.3467750549316406
                ],
                [
                    0.6830600500106812,
                    0.6370367407798767,
                    -0.35722988843917847,
                    -1.440039873123169
                ],
                [
                    -1.4901161193847656e-08,
                    0.48911339044570923,
                    0.8722201585769653,
                    3.5160322189331055
                ],
                [
                    0.0,
                    0.0,
                    0.0,
                    1.0
                ]
            ]
        },
        {
            "file_path": "/data/shapenet_blender/all_50_random/02958343/9167cb083368cc6be3d59d595daeefd7/r_24",
            "rotation": 0.12566370614359174,
            "transform_matrix": [
                [
                    -0.621318519115448,
                    -0.7506433725357056,
                    -0.2247171550989151,
                    -0.9058638215065002
                ],
                [
                    -0.783558189868927,
                    0.5952189564704895,
                    0.17818836867809296,
                    0.7183002829551697
                ],
                [
                    -1.4901162970204496e-08,
                    0.28679075837135315,
                    -0.95799320936203,
                    -3.8617942333221436
                ],
                [
                    0.0,
                    0.0,
                    0.0,
                    1.0
                ]
            ]
        },
        {
            "file_path": "/data/shapenet_blender/all_50_random/02958343/9167cb083368cc6be3d59d595daeefd7/r_25",
            "rotation": 0.12566370614359174,
            "transform_matrix": [
                [
                    0.9861726760864258,
                    0.0005270576803013682,
                    -0.1657201200723648,
                    -0.668039083480835
                ],
                [
                    -0.16572093963623047,
                    0.003136416431516409,
                    -0.9861677885055542,
                    -3.9753689765930176
                ],
                [
                    0.0,
                    0.9999949932098389,
                    0.003180392784997821,
                    0.012820571660995483
                ],
                [
                    0.0,
                    0.0,
                    0.0,
                    1.0
                ]
            ]
        },
        {
            "file_path": "/data/shapenet_blender/all_50_random/02958343/9167cb083368cc6be3d59d595daeefd7/r_26",
            "rotation": 0.12566370614359174,
            "transform_matrix": [
                [
                    -0.02764476276934147,
                    -0.44729116559028625,
                    0.8939610719680786,
                    3.6036722660064697
                ],
                [
                    0.9996178150177002,
                    -0.01236998476088047,
                    0.024722790345549583,
                    0.09966075420379639
                ],
                [
                    -9.313225746154785e-10,
                    0.8943027853965759,
                    0.4474622309207916,
                    1.8037779331207275
                ],
                [
                    0.0,
                    0.0,
                    0.0,
                    1.0
                ]
            ]
        },
        {
            "file_path": "/data/shapenet_blender/all_50_random/02958343/9167cb083368cc6be3d59d595daeefd7/r_27",
            "rotation": 0.12566370614359174,
            "transform_matrix": [
                [
                    0.7644070982933044,
                    -0.0870833620429039,
                    0.6388257145881653,
                    2.5751888751983643
                ],
                [
                    0.6447339057922363,
                    0.10324745625257492,
                    -0.757402241230011,
                    -3.0531861782073975
                ],
                [
                    7.450580596923828e-09,
                    0.9908362030982971,
                    0.13506868481636047,
                    0.5444793105125427
                ],
                [
                    0.0,
                    0.0,
                    0.0,
                    1.0
                ]
            ]
        },
        {
            "file_path": "/data/shapenet_blender/all_50_random/02958343/9167cb083368cc6be3d59d595daeefd7/r_28",
            "rotation": 0.12566370614359174,
            "transform_matrix": [
                [
                    -0.7265315055847168,
                    0.2539258301258087,
                    -0.6384932994842529,
                    -2.5738487243652344
                ],
                [
                    -0.6871331930160522,
                    -0.26848524808883667,
                    0.675102710723877,
                    2.721426010131836
                ],
                [
                    -1.4901161193847656e-08,
                    0.9292131662368774,
                    0.3695439100265503,
                    1.4896790981292725
                ],
                [
                    0.0,
                    0.0,
                    0.0,
                    1.0
                ]
            ]
        },
        {
            "file_path": "/data/shapenet_blender/all_50_random/02958343/9167cb083368cc6be3d59d595daeefd7/r_29",
            "rotation": 0.12566370614359174,
            "transform_matrix": [
                [
                    -0.5733383297920227,
                    -0.08958587795495987,
                    0.8144062757492065,
                    3.2829766273498535
                ],
                [
                    0.8193187117576599,
                    -0.06268990784883499,
                    0.5699006915092468,
                    2.2973432540893555
                ],
                [
                    0.0,
                    0.9940041303634644,
                    0.10934191942214966,
                    0.4407713711261749
                ],
                [
                    0.0,
                    0.0,
                    0.0,
                    1.0
                ]
            ]
        },
        {
            "file_path": "/data/shapenet_blender/all_50_random/02958343/9167cb083368cc6be3d59d595daeefd7/r_30",
            "rotation": 0.12566370614359174,
            "transform_matrix": [
                [
                    -0.9948198795318604,
                    0.034177135676145554,
                    0.09573527425527573,
                    0.3859212398529053
                ],
                [
                    0.10165293514728546,
                    0.3344723582267761,
                    0.9369070529937744,
                    3.7767932415008545
                ],
                [
                    -3.725290298461914e-09,
                    0.9417855143547058,
                    -0.33621397614479065,
                    -1.3553218841552734
                ],
                [
                    0.0,
                    0.0,
                    0.0,
                    1.0
                ]
            ]
        },
        {
            "file_path": "/data/shapenet_blender/all_50_random/02958343/9167cb083368cc6be3d59d595daeefd7/r_31",
            "rotation": 0.12566370614359174,
            "transform_matrix": [
                [
                    0.9562304019927979,
                    0.08512216806411743,
                    0.27996015548706055,
                    1.1285555362701416
                ],
                [
                    0.2926148772239685,
                    -0.27816906571388245,
                    -0.9148762226104736,
                    -3.687983989715576
                ],
                [
                    7.450580596923828e-09,
                    0.9567528963088989,
                    -0.2909017503261566,
                    -1.1726624965667725
                ],
                [
                    0.0,
                    0.0,
                    0.0,
                    1.0
                ]
            ]
        },
        {
            "file_path": "/data/shapenet_blender/all_50_random/02958343/9167cb083368cc6be3d59d595daeefd7/r_32",
            "rotation": 0.12566370614359174,
            "transform_matrix": [
                [
                    -0.025886764749884605,
                    -0.45359426736831665,
                    0.890832245349884,
                    3.591059684753418
                ],
                [
                    0.9996649622917175,
                    -0.01174602285027504,
                    0.023068493232131004,
                    0.09299206733703613
                ],
                [
                    0.0,
                    0.891130805015564,
                    0.45374634861946106,
                    1.829110026359558
                ],
                [
                    0.0,
                    0.0,
                    0.0,
                    1.0
                ]
            ]
        },
        {
            "file_path": "/data/shapenet_blender/all_50_random/02958343/9167cb083368cc6be3d59d595daeefd7/r_33",
            "rotation": 0.12566370614359174,
            "transform_matrix": [
                [
                    0.9788195490837097,
                    -0.06907158344984055,
                    -0.19272112846374512,
                    -0.7768837809562683
                ],
                [
                    -0.204724982380867,
                    -0.3302411437034607,
                    -0.9214273691177368,
                    -3.71439266204834
                ],
                [
                    0.0,
                    0.9413660168647766,
                    -0.3373871445655823,
                    -1.360051155090332
                ],
                [
                    0.0,
                    0.0,
                    0.0,
                    1.0
                ]
            ]
        },
        {
            "file_path": "/data/shapenet_blender/all_50_random/02958343/9167cb083368cc6be3d59d595daeefd7/r_34",
            "rotation": 0.12566370614359174,
            "transform_matrix": [
                [
                    0.020536601543426514,
                    0.556061327457428,
                    -0.830887496471405,
                    -3.349414587020874
                ],
                [
                    -0.9997891187667847,
                    0.011422019451856613,
                    -0.017067205160856247,
                    -0.06880010664463043
                ],
                [
                    9.313225746154785e-10,
                    0.8310627937316895,
                    0.556178629398346,
                    2.242027759552002
                ],
                [
                    0.0,
                    0.0,
                    0.0,
                    1.0
                ]
            ]
        },
        {
            "file_path": "/data/shapenet_blender/all_50_random/02958343/9167cb083368cc6be3d59d595daeefd7/r_35",
            "rotation": 0.12566370614359174,
            "transform_matrix": [
                [
                    -0.24411623179912567,
                    0.2986575961112976,
                    0.922610878944397,
                    3.719163417816162
                ],
                [
                    0.9697459936141968,
                    0.07518172264099121,
                    0.23225080966949463,
                    0.9362329840660095
                ],
                [
                    -7.450580596923828e-09,
                    0.9513944983482361,
                    -0.30797505378723145,
                    -1.2414871454238892
                ],
                [
                    0.0,
                    0.0,
                    0.0,
                    1.0
                ]
            ]
        },
        {
            "file_path": "/data/shapenet_blender/all_50_random/02958343/9167cb083368cc6be3d59d595daeefd7/r_36",
            "rotation": 0.12566370614359174,
            "transform_matrix": [
                [
                    -0.9448656439781189,
                    -0.005537196062505245,
                    0.32741138339042664,
                    1.3198374509811401
                ],
                [
                    0.3274582028388977,
                    -0.015977324917912483,
                    0.9447305798530579,
                    3.808330774307251
                ],
                [
                    -4.6566123179658803e-10,
                    0.9998570680618286,
                    0.016909627243876457,
                    0.0681648850440979
                ],
                [
                    0.0,
                    0.0,
                    0.0,
                    1.0
                ]
            ]
        },
        {
            "file_path": "/data/shapenet_blender/all_50_random/02958343/9167cb083368cc6be3d59d595daeefd7/r_37",
            "rotation": 0.12566370614359174,
            "transform_matrix": [
                [
                    0.7977063059806824,
                    0.5964345932006836,
                    -0.08905304968357086,
                    -0.3589842915534973
                ],
                [
                    -0.6030461192131042,
                    0.7889606356620789,
                    -0.11779892444610596,
                    -0.47486260533332825
                ],
                [
                    -7.4505797087454084e-09,
                    0.14767193794250488,
                    0.9890364408493042,
                    3.9869329929351807
                ],
                [
                    0.0,
                    0.0,
                    0.0,
                    1.0
                ]
            ]
        },
        {
            "file_path": "/data/shapenet_blender/all_50_random/02958343/9167cb083368cc6be3d59d595daeefd7/r_38",
            "rotation": 0.12566370614359174,
            "transform_matrix": [
                [
                    0.9359817504882812,
                    -0.04857166111469269,
                    0.34868165850639343,
                    1.4055808782577515
                ],
                [
                    0.35204845666885376,
                    0.12913616001605988,
                    -0.9270305633544922,
                    -3.7369799613952637
                ],
                [
                    3.725290298461914e-09,
                    0.9904365539550781,
                    0.13796867430210114,
                    0.5561695694923401
                ],
                [
                    0.0,
                    0.0,
                    0.0,
                    1.0
                ]
            ]
        },
        {
            "file_path": "/data/shapenet_blender/all_50_random/02958343/9167cb083368cc6be3d59d595daeefd7/r_39",
            "rotation": 0.12566370614359174,
            "transform_matrix": [
                [
                    0.7101178169250488,
                    0.4687880873680115,
                    -0.5253288149833679,
                    -2.1176681518554688
                ],
                [
                    -0.7040828466415405,
                    0.47280627489089966,
                    -0.5298316478729248,
                    -2.135819673538208
                ],
                [
                    -1.4901161193847656e-08,
                    0.7461177706718445,
                    0.6658138632774353,
                    2.683981418609619
                ],
                [
                    0.0,
                    0.0,
                    0.0,
                    1.0
                ]
            ]
        },
        {
            "file_path": "/data/shapenet_blender/all_50_random/02958343/9167cb083368cc6be3d59d595daeefd7/r_40",
            "rotation": 0.12566370614359174,
            "transform_matrix": [
                [
                    0.9197830557823181,
                    -0.3139670789241791,
                    -0.23542268574237823,
                    -0.9490191340446472
                ],
                [
                    -0.39242732524871826,
                    -0.7358856201171875,
                    -0.5517908334732056,
                    -2.2243399620056152
                ],
                [
                    0.0,
                    0.5999140739440918,
                    -0.8000643849372864,
                    -3.2251625061035156
                ],
                [
                    0.0,
                    0.0,
                    0.0,
                    1.0
                ]
            ]
        },
        {
            "file_path": "/data/shapenet_blender/all_50_random/02958343/9167cb083368cc6be3d59d595daeefd7/r_41",
            "rotation": 0.12566370614359174,
            "transform_matrix": [
                [
                    0.8155611753463745,
                    -0.011674384586513042,
                    -0.5785531401634216,
                    -2.3322224617004395
                ],
                [
                    -0.5786709189414978,
