{
    "class": "02958343",
    "model": "86c8a3137a716d70e742b0b5e87bec54",
    "remove_doubles": true,
    "edge_split": true,
    "denoise": true,
    "camera_angle_x": 0.6911112070083618,
    "scale_factor": 2.2865192366610296,
    "hdri_file": "/data/IndoorHDRDataset2018/9C4A1235-b29efc4cca.exr",
    "center_offset": [
        0.0,
        0.0,
        -9.313225746154785e-10
    ],
    "lights": [],
    "frames": [
        {
            "file_path": "/data/shapenet_blender/all_50_random/02958343/86c8a3137a716d70e742b0b5e87bec54/r_0",
            "rotation": 0.12566370614359174,
            "transform_matrix": [
                [
                    0.5807953476905823,
                    -0.10041750222444534,
                    -0.8078323006629944,
                    -3.256476402282715
                ],
                [
                    -0.8140497207641602,
                    -0.07164429873228073,
                    -0.5763594508171082,
                    -2.3233795166015625
                ],
                [
                    0.0,
                    0.9923625588417053,
                    -0.12335548549890518,
                    -0.4972619116306305
                ],
                [
                    0.0,
                    0.0,
                    0.0,
                    1.0
                ]
            ]
        },
        {
            "file_path": "/data/shapenet_blender/all_50_random/02958343/86c8a3137a716d70e742b0b5e87bec54/r_1",
            "rotation": 0.12566370614359174,
            "transform_matrix": [
                [
                    0.354887992143631,
                    -0.4429205358028412,
                    0.8233320713043213,
                    3.318958044052124
                ],
                [
                    0.9349088072776794,
                    0.1681310534477234,
                    -0.3125338852405548,
                    -1.2598645687103271
                ],
                [
                    0.0,
                    0.88065505027771,
                    0.4737580120563507,
                    1.9097797870635986
                ],
                [
                    0.0,
                    0.0,
                    0.0,
                    1.0
                ]
            ]
        },
        {
            "file_path": "/data/shapenet_blender/all_50_random/02958343/86c8a3137a716d70e742b0b5e87bec54/r_2",
            "rotation": 0.12566370614359174,
            "transform_matrix": [
                [
                    -0.9511117339134216,
                    -0.0015698065981268883,
                    0.3088427484035492,
                    1.2449849843978882
                ],
                [
                    0.30884671211242676,
                    -0.004834312479943037,
                    0.9510995149612427,
                    3.8340048789978027
                ],
                [
                    0.0,
                    0.9999871850013733,
                    0.005082800518721342,
                    0.020489424467086792
                ],
                [
                    0.0,
                    0.0,
                    0.0,
                    1.0
                ]
            ]
        },
        {
            "file_path": "/data/shapenet_blender/all_50_random/02958343/86c8a3137a716d70e742b0b5e87bec54/r_3",
            "rotation": 0.12566370614359174,
            "transform_matrix": [
                [
                    0.9369665384292603,
                    0.10664189606904984,
                    -0.33274802565574646,
                    -1.3413503170013428
                ],
                [
                    -0.34941917657852173,
                    0.285959929227829,
                    -0.8922628164291382,
                    -3.5968267917633057
                ],
                [
                    1.4901162970204496e-08,
                    0.9522889256477356,
                    0.3051975965499878,
                    1.2302910089492798
                ],
                [
                    0.0,
                    0.0,
                    0.0,
                    1.0
                ]
            ]
        },
        {
            "file_path": "/data/shapenet_blender/all_50_random/02958343/86c8a3137a716d70e742b0b5e87bec54/r_4",
            "rotation": 0.12566370614359174,
            "transform_matrix": [
                [
                    -0.9349468350410461,
                    0.06622634083032608,
                    0.34855198860168457,
                    1.4050581455230713
                ],
                [
                    0.3547878563404083,
                    0.17452149093151093,
                    0.9185138940811157,
                    3.702648162841797
                ],
                [
                    0.0,
                    0.9824236035346985,
                    -0.1866646111011505,
                    -0.7524691820144653
                ],
                [
                    0.0,
                    0.0,
                    0.0,
                    1.0
                ]
            ]
        },
        {
            "file_path": "/data/shapenet_blender/all_50_random/02958343/86c8a3137a716d70e742b0b5e87bec54/r_5",
            "rotation": 0.12566370614359174,
            "transform_matrix": [
                [
                    0.9792898893356323,
                    -0.03355250507593155,
                    0.19966386258602142,
                    0.8048707246780396
                ],
                [
                    0.20246340334415436,
                    0.16228923201560974,
                    -0.9657488465309143,
                    -3.8930578231811523
                ],
                [
                    -3.7252898543727042e-09,
                    0.986172616481781,
                    0.1657213717699051,
                    0.6680442094802856
                ],
                [
                    0.0,
                    0.0,
                    0.0,
                    1.0
                ]
            ]
        },
        {
            "file_path": "/data/shapenet_blender/all_50_random/02958343/86c8a3137a716d70e742b0b5e87bec54/r_6",
            "rotation": 0.12566370614359174,
            "transform_matrix": [
                [
                    0.9914853572845459,
                    -0.05724239721894264,
                    0.11696235090494156,
                    0.4714903235435486
                ],
                [
                    0.13021859526634216,
                    0.4358440041542053,
                    -0.8905521631240845,
                    -3.589930534362793
                ],
                [
                    3.725290298461914e-09,
                    0.8981999754905701,
                    0.43958696722984314,
                    1.7720317840576172
                ],
                [
                    0.0,
                    0.0,
                    0.0,
                    1.0
                ]
            ]
        },
        {
            "file_path": "/data/shapenet_blender/all_50_random/02958343/86c8a3137a716d70e742b0b5e87bec54/r_7",
            "rotation": 0.12566370614359174,
            "transform_matrix": [
                [
                    -0.9983664751052856,
                    -0.02006087824702263,
                    0.0534985326230526,
                    0.215659499168396
                ],
                [
                    0.05713609233498573,
                    -0.3505333960056305,
                    0.934805691242218,
                    3.768322467803955
                ],
                [
                    0.0,
                    0.9363352656364441,
                    0.3511069715023041,
                    1.4153575897216797
                ],
                [
                    0.0,
                    0.0,
                    0.0,
                    1.0
                ]
            ]
        },
        {
            "file_path": "/data/shapenet_blender/all_50_random/02958343/86c8a3137a716d70e742b0b5e87bec54/r_8",
            "rotation": 0.12566370614359174,
            "transform_matrix": [
                [
                    -0.732472836971283,
                    0.5506361126899719,
                    0.4003540575504303,
                    1.613878846168518
                ],
                [
                    0.6807963252067566,
                    0.5924327373504639,
                    0.43074336647987366,
                    1.736382007598877
                ],
                [
                    1.4901162970204496e-08,
                    0.5880672931671143,
                    -0.8088119029998779,
                    -3.260425090789795
                ],
                [
                    0.0,
                    0.0,
                    0.0,
                    1.0
                ]
            ]
        },
        {
            "file_path": "/data/shapenet_blender/all_50_random/02958343/86c8a3137a716d70e742b0b5e87bec54/r_9",
            "rotation": 0.12566370614359174,
            "transform_matrix": [
                [
                    0.27583208680152893,
                    -0.39023712277412415,
                    0.878425657749176,
                    3.5410470962524414
                ],
                [
                    0.9612059593200684,
                    0.1119842454791069,
                    -0.2520770728588104,
                    -1.0161551237106323
                ],
                [
                    -7.450581485102248e-09,
                    0.9138787984848022,
                    0.40598705410957336,
                    1.6365861892700195
                ],
                [
                    0.0,
                    0.0,
                    0.0,
                    1.0
                ]
            ]
        },
        {
            "file_path": "/data/shapenet_blender/all_50_random/02958343/86c8a3137a716d70e742b0b5e87bec54/r_10",
            "rotation": 0.12566370614359174,
            "transform_matrix": [
                [
                    0.9654907584190369,
                    0.012939514592289925,
                    -0.2601158320903778,
                    -1.0485605001449585
                ],
                [
                    -0.2604374885559082,
                    0.047969214618206024,
                    -0.9642983078956604,
                    -3.8872108459472656
                ],
                [
                    9.313225746154785e-10,
                    0.9987649917602539,
                    0.049683764576911926,
                    0.20028166472911835
                ],
                [
                    0.0,
                    0.0,
                    0.0,
                    1.0
                ]
            ]
        },
        {
            "file_path": "/data/shapenet_blender/all_50_random/02958343/86c8a3137a716d70e742b0b5e87bec54/r_11",
            "rotation": 0.12566370614359174,
            "transform_matrix": [
                [
                    -0.03059426322579384,
                    0.9961989521980286,
                    -0.08155693858861923,
                    -0.3287665545940399
                ],
                [
                    -0.9995319247245789,
                    -0.03049224615097046,
                    0.002496343106031418,
                    0.010063081979751587
                ],
                [
                    2.3283064365386963e-10,
                    0.081595279276371,
                    0.9966654777526855,
                    4.0176873207092285
                ],
                [
                    0.0,
                    0.0,
                    0.0,
                    1.0
                ]
            ]
        },
        {
            "file_path": "/data/shapenet_blender/all_50_random/02958343/86c8a3137a716d70e742b0b5e87bec54/r_12",
            "rotation": 0.12566370614359174,
            "transform_matrix": [
                [
                    0.6047862768173218,
                    0.3190973103046417,
                    0.7296645641326904,
                    2.9413719177246094
                ],
                [
                    0.7963877320289612,
                    -0.2423262745141983,
                    -0.5541159510612488,
                    -2.233712911605835
                ],
                [
                    -1.4901160305669237e-08,
                    0.9162177443504333,
                    -0.400680810213089,
                    -1.6151959896087646
                ],
                [
                    0.0,
                    0.0,
                    0.0,
                    1.0
                ]
            ]
        },
        {
            "file_path": "/data/shapenet_blender/all_50_random/02958343/86c8a3137a716d70e742b0b5e87bec54/r_13",
            "rotation": 0.12566370614359174,
            "transform_matrix": [
                [
                    0.11514866352081299,
                    -0.5405389070510864,
                    -0.8334017395973206,
                    -3.3595497608184814
                ],
                [
                    -0.9933483600616455,
                    -0.0626591220498085,
                    -0.09660770744085312,
                    -0.38943812251091003
                ],
                [
                    0.0,
                    0.8389824032783508,
                    -0.5441585183143616,
                    -2.193573236465454
                ],
                [
                    0.0,
                    0.0,
                    0.0,
                    1.0
                ]
            ]
        },
        {
            "file_path": "/data/shapenet_blender/all_50_random/02958343/86c8a3137a716d70e742b0b5e87bec54/r_14",
            "rotation": 0.12566370614359174,
            "transform_matrix": [
                [
                    0.9988950490951538,
                    -0.04082981124520302,
                    0.023273078724741936,
                    0.09381678700447083
                ],
                [
                    0.046996910125017166,
                    0.8678165078163147,
                    -0.4946572482585907,
                    -1.9940272569656372
                ],
                [
                    0.0,
                    0.4952044188976288,
                    0.8687763810157776,
                    3.502149820327759
                ],
                [
                    0.0,
                    0.0,
                    0.0,
                    1.0
                ]
            ]
        },
        {
            "file_path": "/data/shapenet_blender/all_50_random/02958343/86c8a3137a716d70e742b0b5e87bec54/r_15",
            "rotation": 0.12566370614359174,
            "transform_matrix": [
                [
                    0.12630628049373627,
                    0.44916194677352905,
                    0.8844774961471558,
                    3.5654423236846924
                ],
                [
                    0.9919913411140442,
                    -0.05718998610973358,
                    -0.11261697113513947,
                    -0.4539734721183777
                ],
                [
                    -3.7252898543727042e-09,
                    0.8916180729866028,
                    -0.45278823375701904,
                    -1.8252475261688232
                ],
                [
                    0.0,
                    0.0,
                    0.0,
                    1.0
                ]
            ]
        },
        {
            "file_path": "/data/shapenet_blender/all_50_random/02958343/86c8a3137a716d70e742b0b5e87bec54/r_16",
            "rotation": 0.12566370614359174,
            "transform_matrix": [
                [
                    -0.5760705471038818,
                    0.1091599389910698,
                    -0.8100783228874207,
                    -3.2655301094055176
                ],
                [
                    -0.8173999786376953,
                    -0.07693152129650116,
                    0.5709105134010315,
                    2.3014137744903564
                ],
                [
                    -3.7252898543727042e-09,
                    0.9910427331924438,
                    0.13354530930519104,
                    0.5383383631706238
                ],
                [
                    0.0,
                    0.0,
                    0.0,
                    1.0
                ]
            ]
        },
        {
            "file_path": "/data/shapenet_blender/all_50_random/02958343/86c8a3137a716d70e742b0b5e87bec54/r_17",
            "rotation": 0.12566370614359174,
            "transform_matrix": [
                [
                    0.5023155212402344,
                    0.1275930255651474,
                    -0.8552187085151672,
                    -3.4474971294403076
                ],
                [
                    -0.8646844625473022,
                    0.07412177324295044,
                    -0.49681663513183594,
                    -2.002732038497925
                ],
                [
                    -1.4901161193847656e-08,
                    0.9890530705451965,
                    0.14756019413471222,
                    0.5948342084884644
                ],
                [
                    0.0,
                    0.0,
                    0.0,
                    1.0
                ]
            ]
        },
        {
            "file_path": "/data/shapenet_blender/all_50_random/02958343/86c8a3137a716d70e742b0b5e87bec54/r_18",
            "rotation": 0.12566370614359174,
            "transform_matrix": [
                [
                    -0.7041136622428894,
                    0.00969037227332592,
                    -0.7100211381912231,
                    -2.8621866703033447
                ],
                [
                    -0.7100872993469238,
                    -0.009608851745724678,
                    0.7040480971336365,
                    2.838108777999878
                ],
                [
                    0.0,
                    0.9999068379402161,
                    0.01364673487842083,
                    0.055011749267578125
                ],
                [
                    0.0,
                    0.0,
                    0.0,
                    1.0
                ]
            ]
        },
        {
            "file_path": "/data/shapenet_blender/all_50_random/02958343/86c8a3137a716d70e742b0b5e87bec54/r_19",
            "rotation": 0.12566370614359174,
            "transform_matrix": [
                [
                    -0.24517078697681427,
                    0.007862487807869911,
                    -0.9694480299949646,
                    -3.9079699516296387
                ],
                [
                    -0.9694798588752747,
                    -0.0019883366767317057,
                    0.2451627403497696,
                    0.9882826209068298
                ],
                [
                    0.0,
                    0.9999671578407288,
                    0.008110005408525467,
                    0.032692477107048035
                ],
                [
                    0.0,
                    0.0,
                    0.0,
                    1.0
                ]
            ]
        },
        {
            "file_path": "/data/shapenet_blender/all_50_random/02958343/86c8a3137a716d70e742b0b5e87bec54/r_20",
            "rotation": 0.12566370614359174,
            "transform_matrix": [
                [
                    0.909889280796051,
                    0.2970004975795746,
                    -0.28964143991470337,
                    -1.1675820350646973
                ],
                [
                    -0.4148511588573456,
                    0.6514084935188293,
                    -0.635267972946167,
                    -2.560847043991089
                ],
                [
                    0.0,
                    0.698181688785553,
                    0.715920627117157,
                    2.8859684467315674
                ],
                [
                    0.0,
                    0.0,
                    0.0,
                    1.0
                ]
            ]
        },
        {
            "file_path": "/data/shapenet_blender/all_50_random/02958343/86c8a3137a716d70e742b0b5e87bec54/r_21",
            "rotation": 0.12566370614359174,
            "transform_matrix": [
                [
                    0.7842492461204529,
                    -0.3308812379837036,
                    0.5248530507087708,
                    2.115750312805176
                ],
                [
                    0.6204459071159363,
                    0.4182369112968445,
                    -0.6634190082550049,
                    -2.6743276119232178
                ],
                [
                    -1.4901161193847656e-08,
                    0.8459286689758301,
                    0.5332959294319153,
                    2.149784564971924
                ],
                [
                    0.0,
                    0.0,
                    0.0,
                    1.0
                ]
            ]
        },
        {
            "file_path": "/data/shapenet_blender/all_50_random/02958343/86c8a3137a716d70e742b0b5e87bec54/r_22",
            "rotation": 0.12566370614359174,
            "transform_matrix": [
                [
                    -0.781326174736023,
                    0.4487902522087097,
                    -0.4337243139743805,
                    -1.7483986616134644
                ],
                [
                    -0.6241229772567749,
                    -0.5618309378623962,
                    0.5429701805114746,
                    2.1887826919555664
                ],
                [
                    -1.4901161193847656e-08,
                    0.694934070110321,
                    0.719073474407196,
                    2.8986778259277344
                ],
                [
                    0.0,
                    0.0,
                    0.0,
                    1.0
                ]
            ]
        },
        {
            "file_path": "/data/shapenet_blender/all_50_random/02958343/86c8a3137a716d70e742b0b5e87bec54/r_23",
            "rotation": 0.12566370614359174,
            "transform_matrix": [
                [
                    0.5469788908958435,
                    0.1184593215584755,
                    0.8287227749824524,
                    3.340688467025757
                ],
                [
                    0.8371464610099792,
                    -0.07739954441785812,
                    -0.5414750576019287,
                    -2.182755708694458
                ],
                [
                    -7.450581485102248e-09,
                    0.9899376630783081,
                    -0.1415037214756012,
                    -0.5704197287559509
                ],
                [
                    0.0,
                    0.0,
                    0.0,
                    1.0
                ]
            ]
        },
        {
            "file_path": "/data/shapenet_blender/all_50_random/02958343/86c8a3137a716d70e742b0b5e87bec54/r_24",
            "rotation": 0.12566370614359174,
            "transform_matrix": [
                [
                    -0.45102375745773315,
                    -0.09988241642713547,
                    0.8869053721427917,
                    3.5752296447753906
                ],
                [
                    0.8925119638442993,
                    -0.050474781543016434,
                    0.4481905400753021,
                    1.8067137002944946
                ],
                [
                    3.7252898543727042e-09,
                    0.9937182068824768,
                    0.1119115874171257,
                    0.4511300027370453
                ],
                [
                    0.0,
                    0.0,
                    0.0,
                    1.0
                ]
            ]
        },
        {
            "file_path": "/data/shapenet_blender/all_50_random/02958343/86c8a3137a716d70e742b0b5e87bec54/r_25",
            "rotation": 0.12566370614359174,
            "transform_matrix": [
                [
                    -0.4002651274204254,
                    0.6957757472991943,
                    0.5963924527168274,
                    2.40413498878479
                ],
                [
                    0.9163994193077087,
                    0.3039010763168335,
                    0.2604924142360687,
                    1.0500785112380981
                ],
                [
                    -1.4901161193847656e-08,
                    0.6507996320724487,
                    -0.7592494487762451,
                    -3.0606324672698975
                ],
                [
                    0.0,
                    0.0,
                    0.0,
                    1.0
                ]
            ]
        },
        {
            "file_path": "/data/shapenet_blender/all_50_random/02958343/86c8a3137a716d70e742b0b5e87bec54/r_26",
            "rotation": 0.12566370614359174,
            "transform_matrix": [
                [
                    -0.08414722234010696,
                    0.5714678764343262,
                    0.8162987232208252,
                    3.290605306625366
                ],
                [
                    0.9964533448219299,
                    0.04825859144330025,
                    0.06893375515937805,
                    0.27788084745407104
                ],
                [
                    3.725290298461914e-09,
                    0.8192041516304016,
                    -0.5735019445419312,
                    -2.3118603229522705
                ],
                [
                    0.0,
                    0.0,
                    0.0,
                    1.0
                ]
            ]
        },
        {
            "file_path": "/data/shapenet_blender/all_50_random/02958343/86c8a3137a716d70e742b0b5e87bec54/r_27",
            "rotation": 0.12566370614359174,
            "transform_matrix": [
                [
                    0.6717655658721924,
                    0.11787229031324387,
                    0.7313255667686462,
                    2.9480676651000977
                ],
                [
                    0.7407637238502502,
                    -0.10689312219619751,
                    -0.6632065176963806,
                    -2.673470973968506
                ],
                [
                    7.450580152834618e-09,
                    0.987258791923523,
                    -0.15912264585494995,
                    -0.6414439082145691
                ],
                [
                    0.0,
                    0.0,
                    0.0,
                    1.0
                ]
            ]
        },
        {
            "file_path": "/data/shapenet_blender/all_50_random/02958343/86c8a3137a716d70e742b0b5e87bec54/r_28",
            "rotation": 0.12566370614359174,
            "transform_matrix": [
                [
                    -0.5387337803840637,
                    -0.020427756011486053,
                    0.842228353023529,
                    3.3951311111450195
                ],
                [
                    0.8424761295318604,
                    -0.01306283101439476,
                    0.5385753512382507,
                    2.1710667610168457
                ],
                [
                    9.31322685637781e-10,
                    0.999705970287323,
                    0.02424728497862816,
                    0.0977439358830452
                ],
                [
                    0.0,
                    0.0,
                    0.0,
                    1.0
                ]
            ]
        },
        {
            "file_path": "/data/shapenet_blender/all_50_random/02958343/86c8a3137a716d70e742b0b5e87bec54/r_29",
            "rotation": 0.12566370614359174,
            "transform_matrix": [
                [
                    0.2959469258785248,
                    0.2325470894575119,
                    -0.926464855670929,
                    -3.7346994876861572
                ],
                [
                    -0.9552043676376343,
                    0.072049081325531,
                    -0.28704267740249634,
                    -1.1571061611175537
                ],
                [
                    0.0,
                    0.9699127078056335,
                    0.24345269799232483,
                    0.9813892841339111
                ],
                [
                    0.0,
                    0.0,
                    0.0,
                    1.0
                ]
            ]
        },
        {
            "file_path": "/data/shapenet_blender/all_50_random/02958343/86c8a3137a716d70e742b0b5e87bec54/r_30",
            "rotation": 0.12566370614359174,
            "transform_matrix": [
                [
                    0.6511415839195251,
                    0.14278775453567505,
                    -0.7454033493995667,
                    -3.004817247390747
                ],
                [
                    -0.7589563131332397,
                    0.12250381708145142,
                    -0.6395139098167419,
                    -2.577963352203369
                ],
                [
                    0.0,
                    0.9821428656578064,
                    0.18813695013523102,
                    0.7584043741226196
                ],
                [
                    0.0,
                    0.0,
                    0.0,
                    1.0
                ]
            ]
        },
        {
            "file_path": "/data/shapenet_blender/all_50_random/02958343/86c8a3137a716d70e742b0b5e87bec54/r_31",
            "rotation": 0.12566370614359174,
            "transform_matrix": [
                [
                    -0.6290534734725952,
                    0.015446282923221588,
                    0.7772085070610046,
                    3.1330277919769287
                ],
                [
                    0.777362048625946,
                    0.012499373406171799,
                    0.6289292573928833,
                    2.535295009613037
                ],
                [
                    0.0,
                    0.9998024702072144,
                    -0.019870130345225334,
                    -0.08009906113147736
                ],
                [
                    0.0,
                    0.0,
                    0.0,
                    1.0
                ]
            ]
        },
        {
            "file_path": "/data/shapenet_blender/all_50_random/02958343/86c8a3137a716d70e742b0b5e87bec54/r_32",
            "rotation": 0.12566370614359174,
            "transform_matrix": [
                [
                    -0.9602999687194824,
                    0.09601923823356628,
                    0.2619240880012512,
                    1.0558497905731201
                ],
                [
                    0.278969407081604,
                    0.33052825927734375,
                    0.9016246795654297,
                    3.6345653533935547
                ],
                [
                    7.450581485102248e-09,
                    0.9388988614082336,
                    -0.344192773103714,
                    -1.3874855041503906
                ],
                [
                    0.0,
                    0.0,
                    0.0,
                    1.0
                ]
            ]
        },
        {
            "file_path": "/data/shapenet_blender/all_50_random/02958343/86c8a3137a716d70e742b0b5e87bec54/r_33",
            "rotation": 0.12566370614359174,
            "transform_matrix": [
                [
                    -0.9972466230392456,
                    0.05816998705267906,
                    0.045995213091373444,
                    0.18541263043880463
                ],
                [
                    0.07415731996297836,
                    0.7822535037994385,
                    0.6185305714607239,
                    2.4933764934539795
                ],
                [
                    0.0,
                    0.6202383637428284,
                    -0.7844134569168091,
                    -3.162071704864502
                ],
                [
                    0.0,
                    0.0,
                    0.0,
                    1.0
                ]
            ]
        },
        {
            "file_path": "/data/shapenet_blender/all_50_random/02958343/86c8a3137a716d70e742b0b5e87bec54/r_34",
            "rotation": 0.12566370614359174,
            "transform_matrix": [
                [
                    -0.3201558589935303,
                    -0.4233294427394867,
                    0.8475213050842285,
                    3.4164676666259766
                ],
                [
                    0.9473649263381958,
                    -0.14306145906448364,
                    0.28641435503959656,
                    1.1545732021331787
                ],
                [
                    1.4901162970204496e-08,
                    0.8946090936660767,
                    0.44684943556785583,
                    1.8013076782226562
                ],
                [
                    0.0,
                    0.0,
                    0.0,
                    1.0
                ]
            ]
        },
        {
            "file_path": "/data/shapenet_blender/all_50_random/02958343/86c8a3137a716d70e742b0b5e87bec54/r_35",
            "rotation": 0.12566370614359174,
            "transform_matrix": [
                [
                    0.9999823570251465,
                    0.0005517106037586927,
                    0.005918532609939575,
                    0.023858368396759033
                ],
                [
                    0.005944191478192806,
                    -0.09281343221664429,
                    -0.9956657886505127,
                    -4.013657093048096
                ],
                [
                    -5.820766785236131e-11,
                    0.9956832528114319,
                    -0.09281507879495621,
                    -0.3741495609283447
                ],
                [
                    0.0,
                    0.0,
                    0.0,
                    1.0
                ]
            ]
        },
        {
            "file_path": "/data/shapenet_blender/all_50_random/02958343/86c8a3137a716d70e742b0b5e87bec54/r_36",
            "rotation": 0.12566370614359174,
            "transform_matrix": [
                [
                    -0.9316673874855042,
                    -0.04832284897565842,
                    0.3600843548774719,
                    1.4515464305877686
                ],
                [
                    0.36331233382225037,
                    -0.12391769140958786,
                    0.9233896732330322,
                    3.7223029136657715
                ],
                [
                    0.0,
                    0.991115152835846,
                    0.13300634920597076,
                    0.536165714263916
                ],
                [
                    0.0,
                    0.0,
                    0.0,
                    1.0
                ]
            ]
        },
        {
            "file_path": "/data/shapenet_blender/all_50_random/02958343/86c8a3137a716d70e742b0b5e87bec54/r_37",
            "rotation": 0.12566370614359174,
            "transform_matrix": [
                [
                    0.9293334484100342,
                    -0.10650794208049774,
                    0.35354703664779663,
                    1.4251936674118042
                ],
                [
                    0.36924171447753906,
                    0.2680666148662567,
                    -0.8898319005966187,
                    -3.587027072906494
                ],
                [
                    7.450580596923828e-09,
                    0.9574947953224182,
                    0.2884504497051239,
                    1.162781000137329
                ],
                [
                    0.0,
                    0.0,
                    0.0,
                    1.0
                ]
            ]
        },
        {
            "file_path": "/data/shapenet_blender/all_50_random/02958343/86c8a3137a716d70e742b0b5e87bec54/r_38",
            "rotation": 0.12566370614359174,
            "transform_matrix": [
                [
                    0.6173848509788513,
                    -0.5593921542167664,
                    -0.5530969500541687,
                    -2.2296054363250732
                ],
                [
                    -0.7866612672805786,
                    -0.4390202760696411,
                    -0.43407970666885376,
                    -1.7498314380645752
                ],
                [
                    0.0,
                    0.7030943632125854,
                    -0.7110965251922607,
                    -2.8665220737457275
                ],
                [
                    0.0,
                    0.0,
                    0.0,
                    1.0
                ]
            ]
        },
        {
            "file_path": "/data/shapenet_blender/all_50_random/02958343/86c8a3137a716d70e742b0b5e87bec54/r_39",
            "rotation": 0.12566370614359174,
            "transform_matrix": [
                [
                    -0.7844151854515076,
                    0.537558376789093,
                    -0.3093926012516022,
                    -1.2472015619277954
                ],
                [
                    -0.6202360391616821,
                    -0.6798523664474487,
                    0.39129015803337097,
                    1.5773411989212036
                ],
                [
                    0.0,
                    0.4988304376602173,
                    0.8666995167732239,
                    3.4937777519226074
                ],
                [
                    0.0,
                    0.0,
                    0.0,
                    1.0
                ]
            ]
        },
        {
            "file_path": "/data/shapenet_blender/all_50_random/02958343/86c8a3137a716d70e742b0b5e87bec54/r_40",
            "rotation": 0.12566370614359174,
            "transform_matrix": [
                [
                    -0.9957085847854614,
                    -0.06791190057992935,
                    0.06286831200122833,
                    0.2534303069114685
                ],
                [
                    0.092544324696064,
                    -0.7306818962097168,
                    0.6764166355133057,
                    2.7267229557037354
                ],
                [
                    0.0,
                    0.6793319582939148,
                    0.7338310480117798,
                    2.958167791366577
                ],
                [
                    0.0,
                    0.0,
                    0.0,
                    1.0
                ]
            ]
        },
        {
            "file_path": "/data/shapenet_blender/all_50_random/02958343/86c8a3137a716d70e742b0b5e87bec54/r_41",
            "rotation": 0.12566370614359174,
            "transform_matrix": [
                [
                    -0.16998594999313354,
                    -0.154108464717865,
                    -0.9733217358589172,
                    -3.9235856533050537
                ],
                [
                    -0.9854465126991272,
                    0.026583153754472733,
                    0.16789446771144867,
                    0.6768043041229248
