{
    "class": "02958343",
    "model": "74f7b559d6af926012f2e446484bbaf7",
    "remove_doubles": true,
    "edge_split": true,
    "denoise": true,
    "camera_angle_x": 0.6911112070083618,
    "scale_factor": 2.2690528946112414,
    "hdri_file": "/data/IndoorHDRDataset2018/9C4A2554-4b63d5447e.exr",
    "center_offset": [
        0.0,
        -1.862645149230957e-09,
        0.0
    ],
    "lights": [],
    "frames": [
        {
            "file_path": "/data/shapenet_blender/all_50_random/02958343/74f7b559d6af926012f2e446484bbaf7/r_0",
            "rotation": 0.12566370614359174,
            "transform_matrix": [
                [
                    0.8331848382949829,
                    0.18304277956485748,
                    0.5218220949172974,
                    2.103532314300537
                ],
                [
                    0.5529946088790894,
                    -0.27578654885292053,
                    -0.7862179279327393,
                    -3.1693460941314697
                ],
                [
                    0.0,
                    0.9436297416687012,
                    -0.3310028314590454,
                    -1.3343151807785034
                ],
                [
                    0.0,
                    0.0,
                    0.0,
                    1.0
                ]
            ]
        },
        {
            "file_path": "/data/shapenet_blender/all_50_random/02958343/74f7b559d6af926012f2e446484bbaf7/r_1",
            "rotation": 0.12566370614359174,
            "transform_matrix": [
                [
                    -0.9985748529434204,
                    -0.01300047431141138,
                    -0.05176221579313278,
                    -0.20866018533706665
                ],
                [
                    -0.05336984246969223,
                    0.2432449907064438,
                    0.9684954285621643,
                    3.904130220413208
                ],
                [
                    0.0,
                    0.9698777198791504,
                    -0.24359215795993805,
                    -0.9819514751434326
                ],
                [
                    0.0,
                    0.0,
                    0.0,
                    1.0
                ]
            ]
        },
        {
            "file_path": "/data/shapenet_blender/all_50_random/02958343/74f7b559d6af926012f2e446484bbaf7/r_2",
            "rotation": 0.12566370614359174,
            "transform_matrix": [
                [
                    0.5813165903091431,
                    0.509118914604187,
                    -0.6347196102142334,
                    -2.5586366653442383
                ],
                [
                    -0.8136775493621826,
                    0.36373043060302734,
                    -0.45346346497535706,
                    -1.8279696702957153
                ],
                [
                    0.0,
                    0.7800629138946533,
                    0.6257011294364929,
                    2.5222818851470947
                ],
                [
                    0.0,
                    0.0,
                    0.0,
                    1.0
                ]
            ]
        },
        {
            "file_path": "/data/shapenet_blender/all_50_random/02958343/74f7b559d6af926012f2e446484bbaf7/r_3",
            "rotation": 0.12566370614359174,
            "transform_matrix": [
                [
                    -0.9383180737495422,
                    0.20843861997127533,
                    0.2758849859237671,
                    1.1121279001235962
                ],
                [
                    0.345773309469223,
                    0.5656356811523438,
                    0.7486635446548462,
                    3.0179593563079834
                ],
                [
                    0.0,
                    0.7978782653808594,
                    -0.6028186082839966,
                    -2.430039644241333
                ],
                [
                    0.0,
                    0.0,
                    0.0,
                    1.0
                ]
            ]
        },
        {
            "file_path": "/data/shapenet_blender/all_50_random/02958343/74f7b559d6af926012f2e446484bbaf7/r_4",
            "rotation": 0.12566370614359174,
            "transform_matrix": [
                [
                    0.1380213499069214,
                    0.933935821056366,
                    -0.32971781492233276,
                    -1.3291350603103638
                ],
                [
                    -0.9904292821884155,
                    0.13014870882034302,
                    -0.0459478497505188,
                    -0.18522170186042786
                ],
                [
                    7.450581485102248e-09,
                    0.33290398120880127,
                    0.9429606795310974,
                    3.8011960983276367
                ],
                [
                    0.0,
                    0.0,
                    0.0,
                    1.0
                ]
            ]
        },
        {
            "file_path": "/data/shapenet_blender/all_50_random/02958343/74f7b559d6af926012f2e446484bbaf7/r_5",
            "rotation": 0.12566370614359174,
            "transform_matrix": [
                [
                    0.9361153244972229,
                    -0.03195716068148613,
                    0.35023820400238037,
                    1.4118553400039673
                ],
                [
                    0.35169312357902527,
                    0.08506162464618683,
                    -0.9322426915168762,
                    -3.757990598678589
                ],
                [
                    0.0,
                    0.9958630204200745,
                    0.09086661040782928,
                    0.3662950098514557
                ],
                [
                    0.0,
                    0.0,
                    0.0,
                    1.0
                ]
            ]
        },
        {
            "file_path": "/data/shapenet_blender/all_50_random/02958343/74f7b559d6af926012f2e446484bbaf7/r_6",
            "rotation": 0.12566370614359174,
            "transform_matrix": [
                [
                    0.653028666973114,
                    -0.7155985236167908,
                    -0.24793557822704315,
                    -0.9994602799415588
                ],
                [
                    -0.7573332190513611,
                    -0.6170420050621033,
                    -0.21378840506076813,
                    -0.8618085980415344
                ],
                [
                    0.0,
                    0.3273797929286957,
                    -0.9448928236961365,
                    -3.8089847564697266
                ],
                [
                    0.0,
                    0.0,
                    0.0,
                    1.0
                ]
            ]
        },
        {
            "file_path": "/data/shapenet_blender/all_50_random/02958343/74f7b559d6af926012f2e446484bbaf7/r_7",
            "rotation": 0.12566370614359174,
            "transform_matrix": [
                [
                    0.7076007723808289,
                    0.5662403702735901,
                    0.4226974546909332,
                    1.703947901725769
                ],
                [
                    0.7066125273704529,
                    -0.5670322775840759,
                    -0.42328861355781555,
                    -1.7063310146331787
                ],
                [
                    0.0,
                    0.598202645778656,
                    -0.8013448119163513,
                    -3.2303242683410645
                ],
                [
                    0.0,
                    0.0,
                    0.0,
                    1.0
                ]
            ]
        },
        {
            "file_path": "/data/shapenet_blender/all_50_random/02958343/74f7b559d6af926012f2e446484bbaf7/r_8",
            "rotation": 0.12566370614359174,
            "transform_matrix": [
                [
                    -0.17745637893676758,
                    0.5441334843635559,
                    -0.8200170397758484,
                    -3.3055944442749023
                ],
                [
                    -0.9841287136077881,
                    -0.09811720997095108,
                    0.14786404371261597,
                    0.5960590243339539
                ],
                [
                    -7.450581485102248e-09,
                    0.8332417607307434,
                    0.5529088377952576,
                    2.228846788406372
                ],
                [
                    0.0,
                    0.0,
                    0.0,
                    1.0
                ]
            ]
        },
        {
            "file_path": "/data/shapenet_blender/all_50_random/02958343/74f7b559d6af926012f2e446484bbaf7/r_9",
            "rotation": 0.12566370614359174,
            "transform_matrix": [
                [
                    -0.8490225672721863,
                    -0.3241908848285675,
                    -0.4172060489654541,
                    -1.6818113327026367
                ],
                [
                    -0.5283564925193787,
                    0.5209463238716125,
                    0.6704134941101074,
                    2.7025232315063477
                ],
                [
                    2.9802320611338473e-08,
                    0.7896296977996826,
                    -0.6135836243629456,
                    -2.4734346866607666
                ],
                [
                    0.0,
                    0.0,
                    0.0,
                    1.0
                ]
            ]
        },
        {
            "file_path": "/data/shapenet_blender/all_50_random/02958343/74f7b559d6af926012f2e446484bbaf7/r_10",
            "rotation": 0.12566370614359174,
            "transform_matrix": [
                [
                    0.9974321722984314,
                    0.00221861619502306,
                    0.07158321142196655,
                    0.2885611653327942
                ],
                [
                    0.07161758095026016,
                    -0.030899107456207275,
                    -0.9969534873962402,
                    -4.018847942352295
                ],
                [
                    2.3283064365386963e-10,
                    0.999519944190979,
                    -0.03097865916788578,
                    -0.12487897276878357
                ],
                [
                    0.0,
                    0.0,
                    0.0,
                    1.0
                ]
            ]
        },
        {
            "file_path": "/data/shapenet_blender/all_50_random/02958343/74f7b559d6af926012f2e446484bbaf7/r_11",
            "rotation": 0.12566370614359174,
            "transform_matrix": [
                [
                    -0.7046887874603271,
                    -0.6651970744132996,
                    0.24683316051959991,
                    0.99501633644104
                ],
                [
                    0.7095165848731995,
                    -0.660670816898346,
                    0.24515360593795776,
                    0.9882458448410034
                ],
                [
                    0.0,
                    0.347889244556427,
                    0.9375355243682861,
                    3.779326915740967
                ],
                [
                    0.0,
                    0.0,
                    0.0,
                    1.0
                ]
            ]
        },
        {
            "file_path": "/data/shapenet_blender/all_50_random/02958343/74f7b559d6af926012f2e446484bbaf7/r_12",
            "rotation": 0.12566370614359174,
            "transform_matrix": [
                [
                    -0.9107164144515991,
                    0.25250113010406494,
                    0.32686206698417664,
                    1.3176231384277344
                ],
                [
                    0.41303226351737976,
                    0.5567528605461121,
                    0.7207152247428894,
                    2.9052960872650146
                ],
                [
                    2.980232594040899e-08,
                    0.791371762752533,
                    -0.6113350987434387,
                    -2.4643707275390625
                ],
                [
                    0.0,
                    0.0,
                    0.0,
                    1.0
                ]
            ]
        },
        {
            "file_path": "/data/shapenet_blender/all_50_random/02958343/74f7b559d6af926012f2e446484bbaf7/r_13",
            "rotation": 0.12566370614359174,
            "transform_matrix": [
                [
                    -0.8441759347915649,
                    -0.021448787301778793,
                    -0.5356370210647583,
                    -2.159221649169922
                ],
                [
                    -0.5360662341117859,
                    0.03377670422196388,
                    0.843500018119812,
                    3.400256872177124
                ],
                [
                    0.0,
                    0.9991992115974426,
                    -0.0400114580988884,
                    -0.16129133105278015
                ],
                [
                    0.0,
                    0.0,
                    0.0,
                    1.0
                ]
            ]
        },
        {
            "file_path": "/data/shapenet_blender/all_50_random/02958343/74f7b559d6af926012f2e446484bbaf7/r_14",
            "rotation": 0.12566370614359174,
            "transform_matrix": [
                [
                    -0.25495412945747375,
                    -0.5853483080863953,
                    0.7696529030799866,
                    3.1025702953338623
                ],
                [
                    0.9669531583786011,
                    -0.1543373316526413,
                    0.2029324471950531,
                    0.8180469274520874
                ],
                [
                    7.450580596923828e-09,
                    0.7959568500518799,
                    0.6053532958030701,
                    2.4402573108673096
                ],
                [
                    0.0,
                    0.0,
                    0.0,
                    1.0
                ]
            ]
        },
        {
            "file_path": "/data/shapenet_blender/all_50_random/02958343/74f7b559d6af926012f2e446484bbaf7/r_15",
            "rotation": 0.12566370614359174,
            "transform_matrix": [
                [
                    0.9711769223213196,
                    0.0068908752873539925,
                    -0.23826034367084503,
                    -0.9604581594467163
                ],
                [
                    -0.2383599728345871,
                    0.02807626873254776,
                    -0.9707709550857544,
                    -3.9133028984069824
                ],
                [
                    0.0,
                    0.9995819330215454,
                    0.028909534215927124,
                    0.11653806269168854
                ],
                [
                    0.0,
                    0.0,
                    0.0,
                    1.0
                ]
            ]
        },
        {
            "file_path": "/data/shapenet_blender/all_50_random/02958343/74f7b559d6af926012f2e446484bbaf7/r_16",
            "rotation": 0.12566370614359174,
            "transform_matrix": [
                [
                    -0.5292587876319885,
                    -0.29046061635017395,
                    0.797193706035614,
                    3.213590621948242
                ],
                [
                    0.8484604954719543,
                    -0.18118560314178467,
                    0.49727922677993774,
                    2.004596710205078
                ],
                [
                    0.0,
                    0.9395766854286194,
                    0.3423383831977844,
                    1.3800101280212402
                ],
                [
                    0.0,
                    0.0,
                    0.0,
                    1.0
                ]
            ]
        },
        {
            "file_path": "/data/shapenet_blender/all_50_random/02958343/74f7b559d6af926012f2e446484bbaf7/r_17",
            "rotation": 0.12566370614359174,
            "transform_matrix": [
                [
                    0.19750985503196716,
                    -0.33048734068870544,
                    0.9229127168655396,
                    3.7203803062438965
                ],
                [
                    0.9803009629249573,
                    0.06658618897199631,
                    -0.18594732880592346,
                    -0.7495777010917664
                ],
                [
                    -3.725290298461914e-09,
                    0.9414586424827576,
                    0.33712849020957947,
                    1.359008550643921
                ],
                [
                    0.0,
                    0.0,
                    0.0,
                    1.0
                ]
            ]
        },
        {
            "file_path": "/data/shapenet_blender/all_50_random/02958343/74f7b559d6af926012f2e446484bbaf7/r_18",
            "rotation": 0.12566370614359174,
            "transform_matrix": [
                [
                    -0.13598263263702393,
                    0.3850134611129761,
                    0.9128380417823792,
                    3.6797678470611572
                ],
                [
                    0.9907112717628479,
                    0.052846018224954605,
                    0.12529394030570984,
                    0.5050760507583618
                ],
                [
                    -3.725290742551124e-09,
                    0.9213966131210327,
                    -0.38862332701683044,
                    -1.5665907859802246
                ],
                [
                    0.0,
                    0.0,
                    0.0,
                    1.0
                ]
            ]
        },
        {
            "file_path": "/data/shapenet_blender/all_50_random/02958343/74f7b559d6af926012f2e446484bbaf7/r_19",
            "rotation": 0.12566370614359174,
            "transform_matrix": [
                [
                    0.44619661569595337,
                    0.3232252895832062,
                    0.8345262408256531,
                    3.3640828132629395
                ],
                [
                    0.8949350118637085,
                    -0.161153644323349,
                    -0.41607803106307983,
                    -1.6772642135620117
                ],
                [
                    0.0,
                    0.9324992895126343,
                    -0.36117181181907654,
                    -1.4559301137924194
                ],
                [
                    0.0,
                    0.0,
                    0.0,
                    1.0
                ]
            ]
        },
        {
            "file_path": "/data/shapenet_blender/all_50_random/02958343/74f7b559d6af926012f2e446484bbaf7/r_20",
            "rotation": 0.12566370614359174,
            "transform_matrix": [
                [
                    -0.7053079009056091,
                    0.270685076713562,
                    0.6551872491836548,
                    2.641144275665283
                ],
                [
                    0.7089011073112488,
                    0.2693130671977997,
                    0.6518663167953491,
                    2.6277570724487305
                ],
                [
                    0.0,
                    0.9242293834686279,
                    -0.3818376064300537,
                    -1.5392366647720337
                ],
                [
                    0.0,
                    0.0,
                    0.0,
                    1.0
                ]
            ]
        },
        {
            "file_path": "/data/shapenet_blender/all_50_random/02958343/74f7b559d6af926012f2e446484bbaf7/r_21",
            "rotation": 0.12566370614359174,
            "transform_matrix": [
                [
                    -0.6515066623687744,
                    -0.7403231859207153,
                    0.16571269929409027,
                    0.6680092811584473
                ],
                [
                    0.7586429119110107,
                    -0.6357740759849548,
                    0.14231060445308685,
                    0.5736724138259888
                ],
                [
                    0.0,
                    0.2184329479932785,
                    0.9758519530296326,
                    3.9337849617004395
                ],
                [
                    0.0,
                    0.0,
                    0.0,
                    1.0
                ]
            ]
        },
        {
            "file_path": "/data/shapenet_blender/all_50_random/02958343/74f7b559d6af926012f2e446484bbaf7/r_22",
            "rotation": 0.12566370614359174,
            "transform_matrix": [
                [
                    -0.9968993663787842,
                    0.005280999932438135,
                    -0.0785110741853714,
                    -0.31648826599121094
                ],
                [
                    -0.07868849486112595,
                    -0.06690464168787003,
                    0.9946516752243042,
                    4.00956916809082
                ],
                [
                    0.0,
                    0.9977453947067261,
                    0.0671127438545227,
                    0.27054011821746826
                ],
                [
                    0.0,
                    0.0,
                    0.0,
                    1.0
                ]
            ]
        },
        {
            "file_path": "/data/shapenet_blender/all_50_random/02958343/74f7b559d6af926012f2e446484bbaf7/r_23",
            "rotation": 0.12566370614359174,
            "transform_matrix": [
                [
                    -0.9999673366546631,
                    0.0012917864369228482,
                    0.007979439571499825,
                    0.03216615319252014
                ],
                [
                    0.008083327673375607,
                    0.15980353951454163,
                    0.9871156811714172,
                    3.9791908264160156
                ],
                [
                    -1.1641532182693481e-10,
                    0.9871479868888855,
                    -0.15980874001979828,
                    -0.6442096829414368
                ],
                [
                    0.0,
                    0.0,
                    0.0,
                    1.0
                ]
            ]
        },
        {
            "file_path": "/data/shapenet_blender/all_50_random/02958343/74f7b559d6af926012f2e446484bbaf7/r_24",
            "rotation": 0.12566370614359174,
            "transform_matrix": [
                [
                    -0.5628136992454529,
                    0.07218330353498459,
                    -0.8234259486198425,
                    -3.319336175918579
                ],
                [
                    -0.826583743095398,
                    -0.04914899170398712,
                    0.5606635808944702,
                    2.2601072788238525
                ],
                [
                    -3.725290298461914e-09,
                    0.9961795806884766,
                    0.08732728660106659,
                    0.35202756524086
                ],
                [
                    0.0,
                    0.0,
                    0.0,
                    1.0
                ]
            ]
        },
        {
            "file_path": "/data/shapenet_blender/all_50_random/02958343/74f7b559d6af926012f2e446484bbaf7/r_25",
            "rotation": 0.12566370614359174,
            "transform_matrix": [
                [
                    -0.20569831132888794,
                    0.04873265326023102,
                    0.9774013757705688,
                    3.940030574798584
                ],
                [
                    0.9786155223846436,
                    0.010243270546197891,
                    0.20544308423995972,
                    0.8281674385070801
                ],
                [
                    0.0,
                    0.9987592697143555,
                    -0.049797557294368744,
                    -0.20074035227298737
                ],
                [
                    0.0,
                    0.0,
                    0.0,
                    1.0
                ]
            ]
        },
        {
            "file_path": "/data/shapenet_blender/all_50_random/02958343/74f7b559d6af926012f2e446484bbaf7/r_26",
            "rotation": 0.12566370614359174,
            "transform_matrix": [
                [
                    0.7760161757469177,
                    -0.17324323952198029,
                    -0.6064532995223999,
                    -2.4446916580200195
                ],
                [
                    -0.6307129859924316,
                    -0.2131548821926117,
                    -0.7461675405502319,
                    -3.0078978538513184
                ],
                [
                    0.0,
                    0.9615361094474792,
                    -0.2746783494949341,
                    -1.1072639226913452
                ],
                [
                    0.0,
                    0.0,
                    0.0,
                    1.0
                ]
            ]
        },
        {
            "file_path": "/data/shapenet_blender/all_50_random/02958343/74f7b559d6af926012f2e446484bbaf7/r_27",
            "rotation": 0.12566370614359174,
            "transform_matrix": [
                [
                    0.19444039463996887,
                    0.34464868903160095,
                    0.9183736443519592,
                    3.702082633972168
                ],
                [
                    0.9809144139289856,
                    -0.06831750273704529,
                    -0.18204332888126373,
                    -0.7338401079177856
                ],
                [
                    7.450581485102248e-09,
                    0.936242401599884,
                    -0.35135453939437866,
                    -1.4163554906845093
                ],
                [
                    0.0,
                    0.0,
                    0.0,
                    1.0
                ]
            ]
        },
        {
            "file_path": "/data/shapenet_blender/all_50_random/02958343/74f7b559d6af926012f2e446484bbaf7/r_28",
            "rotation": 0.12566370614359174,
            "transform_matrix": [
                [
                    -0.005543812643736601,
                    -0.7214540839195251,
                    0.6924401521682739,
                    2.7913153171539307
                ],
                [
                    0.999984622001648,
                    -0.0039996677078306675,
                    0.0038388175889849663,
                    0.015474766492843628
                ],
                [
                    0.0,
                    0.6924506425857544,
                    0.7214651703834534,
                    2.9083187580108643
                ],
                [
                    0.0,
                    0.0,
                    0.0,
                    1.0
                ]
            ]
        },
        {
            "file_path": "/data/shapenet_blender/all_50_random/02958343/74f7b559d6af926012f2e446484bbaf7/r_29",
            "rotation": 0.12566370614359174,
            "transform_matrix": [
                [
                    0.603376030921936,
                    0.6290864944458008,
                    0.4900892972946167,
                    1.9756131172180176
                ],
                [
                    0.797456681728363,
                    -0.4759829044342041,
                    -0.3708140552043915,
                    -1.494799256324768
                ],
                [
                    1.4901158529312397e-08,
                    0.614565372467041,
                    -0.7888659238815308,
                    -3.180020332336426
                ],
                [
                    0.0,
                    0.0,
                    0.0,
                    1.0
                ]
            ]
        },
        {
            "file_path": "/data/shapenet_blender/all_50_random/02958343/74f7b559d6af926012f2e446484bbaf7/r_30",
            "rotation": 0.12566370614359174,
            "transform_matrix": [
                [
                    0.9344000816345215,
                    -0.08835114538669586,
                    0.3450947701931,
                    1.391121506690979
                ],
                [
                    0.35622507333755493,
                    0.23175044357776642,
                    -0.9052046537399292,
                    -3.648996591567993
                ],
                [
                    0.0,
                    0.968754768371582,
                    0.24802057445049286,
                    0.9998028874397278
                ],
                [
                    0.0,
                    0.0,
                    0.0,
                    1.0
                ]
            ]
        },
        {
            "file_path": "/data/shapenet_blender/all_50_random/02958343/74f7b559d6af926012f2e446484bbaf7/r_31",
            "rotation": 0.12566370614359174,
            "transform_matrix": [
                [
                    0.4098542630672455,
                    -0.4623603820800781,
                    -0.7862838506698608,
                    -3.1696114540100098
                ],
                [
                    -0.912151038646698,
                    -0.2077510803937912,
                    -0.35329869389533997,
                    -1.4241925477981567
                ],
                [
                    0.0,
                    0.8620105385780334,
                    -0.5068901777267456,
                    -2.043339729309082
                ],
                [
                    0.0,
                    0.0,
                    0.0,
                    1.0
                ]
            ]
        },
        {
            "file_path": "/data/shapenet_blender/all_50_random/02958343/74f7b559d6af926012f2e446484bbaf7/r_32",
            "rotation": 0.12566370614359174,
            "transform_matrix": [
                [
                    0.5158849358558655,
                    0.17226776480674744,
                    -0.8391581177711487,
                    -3.3827548027038574
                ],
                [
                    -0.8566578030586243,
                    0.10374079644680023,
                    -0.5053465366363525,
                    -2.0371172428131104
                ],
                [
                    7.450580152834618e-09,
                    0.9795722365379333,
                    0.20109280943870544,
                    0.8106310963630676
                ],
                [
                    0.0,
                    0.0,
                    0.0,
                    1.0
                ]
            ]
        },
        {
            "file_path": "/data/shapenet_blender/all_50_random/02958343/74f7b559d6af926012f2e446484bbaf7/r_33",
            "rotation": 0.12566370614359174,
            "transform_matrix": [
                [
                    -0.1084069311618805,
                    0.5218724012374878,
                    -0.846107006072998,
                    -3.410766363143921
                ],
                [
                    -0.9941065907478333,
                    -0.05690998211503029,
                    0.09226763248443604,
                    0.3719427287578583
                ],
                [
                    0.0,
                    0.8511229157447815,
                    0.5249663591384888,
                    2.1162071228027344
                ],
                [
                    0.0,
                    0.0,
                    0.0,
                    1.0
                ]
            ]
        },
        {
            "file_path": "/data/shapenet_blender/all_50_random/02958343/74f7b559d6af926012f2e446484bbaf7/r_34",
            "rotation": 0.12566370614359174,
            "transform_matrix": [
                [
                    -0.15095558762550354,
                    -0.8607014417648315,
                    -0.4862154424190521,
                    -1.9599971771240234
                ],
                [
                    -0.9885405898094177,
                    0.13143384456634521,
                    0.07424777001142502,
                    0.299302339553833
                ],
                [
                    0.0,
                    0.4918518364429474,
                    -0.8706789016723633,
                    -3.5098190307617188
                ],
                [
                    0.0,
                    0.0,
                    0.0,
                    1.0
                ]
            ]
        },
        {
            "file_path": "/data/shapenet_blender/all_50_random/02958343/74f7b559d6af926012f2e446484bbaf7/r_35",
            "rotation": 0.12566370614359174,
            "transform_matrix": [
                [
                    -0.565760612487793,
                    0.6495271325111389,
                    0.5079658627510071,
                    2.0476760864257812
                ],
                [
                    0.8245695233345032,
                    0.4456590712070465,
                    0.3485298752784729,
                    1.4049689769744873
                ],
                [
                    1.4901161193847656e-08,
                    0.6160377264022827,
                    -0.7877165675163269,
                    -3.175387382507324
                ],
                [
                    0.0,
                    0.0,
                    0.0,
                    1.0
                ]
            ]
        },
        {
            "file_path": "/data/shapenet_blender/all_50_random/02958343/74f7b559d6af926012f2e446484bbaf7/r_36",
            "rotation": 0.12566370614359174,
            "transform_matrix": [
                [
                    -0.42641520500183105,
                    -0.29169943928718567,
                    -0.8562018275260925,
                    -3.4514598846435547
                ],
                [
                    -0.9045276045799255,
                    0.13751384615898132,
                    0.4036332964897156,
                    1.6270978450775146
                ],
                [
                    0.0,
                    0.9465735554695129,
                    -0.3224881589412689,
                    -1.2999913692474365
                ],
                [
                    0.0,
                    0.0,
                    0.0,
                    1.0
                ]
            ]
        },
        {
            "file_path": "/data/shapenet_blender/all_50_random/02958343/74f7b559d6af926012f2e446484bbaf7/r_37",
            "rotation": 0.12566370614359174,
            "transform_matrix": [
                [
                    -0.6483612060546875,
                    -0.6323658227920532,
                    -0.42395901679992676,
                    -1.709033489227295
                ],
                [
                    -0.7613329887390137,
                    0.5385311245918274,
                    0.3610491156578064,
                    1.4554355144500732
                ],
                [
                    1.4901162970204496e-08,
                    0.5568641424179077,
                    -0.8306035399436951,
                    -3.3482699394226074
                ],
                [
                    0.0,
                    0.0,
                    0.0,
                    1.0
                ]
            ]
        },
        {
            "file_path": "/data/shapenet_blender/all_50_random/02958343/74f7b559d6af926012f2e446484bbaf7/r_38",
            "rotation": 0.12566370614359174,
            "transform_matrix": [
                [
                    0.7309056520462036,
                    -0.05510059371590614,
                    -0.6802505850791931,
                    -2.742177724838257
                ],
                [
                    -0.6824784874916077,
                    -0.05901040509343147,
                    -0.7285196185112,
                    -2.9367566108703613
                ],
                [
                    0.0,
                    0.9967355132102966,
                    -0.08073601126670837,
                    -0.32545727491378784
                ],
                [
                    0.0,
                    0.0,
                    0.0,
                    1.0
                ]
            ]
        },
        {
            "file_path": "/data/shapenet_blender/all_50_random/02958343/74f7b559d6af926012f2e446484bbaf7/r_39",
            "rotation": 0.12566370614359174,
            "transform_matrix": [
                [
                    -0.5526450276374817,
                    0.5514398217201233,
                    0.6248981356620789,
                    2.519044876098633
                ],
                [
                    0.8334168195724487,
                    0.36566394567489624,
                    0.4143747091293335,
                    1.6703978776931763
                ],
                [
                    0.0,
                    0.7498026490211487,
                    -0.6616615653038025,
                    -2.667243003845215
                ],
                [
                    0.0,
                    0.0,
                    0.0,
                    1.0
                ]
            ]
        },
        {
            "file_path": "/data/shapenet_blender/all_50_random/02958343/74f7b559d6af926012f2e446484bbaf7/r_40",
            "rotation": 0.12566370614359174,
            "transform_matrix": [
                [
                    -0.9546271562576294,
                    0.2889310419559479,
                    -0.07215213775634766,
                    -0.2908545732498169
                ],
                [
                    -0.2978037893772125,
                    -0.9261850714683533,
                    0.23128782212734222,
                    0.9323510527610779
                ],
                [
                    0.0,
                    0.242280974984169,
                    0.9702062010765076,
                    3.9110262393951416
                ],
                [
                    0.0,
                    0.0,
                    0.0,
                    1.0
                ]
            ]
        },
        {
            "file_path": "/data/shapenet_blender/all_50_random/02958343/74f7b559d6af926012f2e446484bbaf7/r_41",
            "rotation": 0.12566370614359174,
            "transform_matrix": [
                [
                    0.9678816199302673,
                    -0.1335471272468567,
                    -0.2130032628774643,
                    -0.8586435914039612
                ],
                [
                    -0.2514064908027649,
                    -0.5141386985778809,
                    -0.8200342059135437,
                    -3.305663585662842
                ],
                [
                    -7.450580596923828e-09,
                    0.8472464084625244,
