{
    "class": "02958343",
    "model": "7b2ad420c7829e881cae32f43c09c982",
    "remove_doubles": true,
    "edge_split": true,
    "denoise": true,
    "camera_angle_x": 0.6911112070083618,
    "scale_factor": 2.47706247825013,
    "hdri_file": "/data/IndoorHDRDataset2018/9C4A1254-adc42c0fa3.exr",
    "center_offset": [
        0.0,
        0.0,
        1.3969838619232178e-09
    ],
    "lights": [],
    "frames": [
        {
            "file_path": "/data/shapenet_blender/all_50_random/02958343/7b2ad420c7829e881cae32f43c09c982/r_0",
            "rotation": 0.12566370614359174,
            "transform_matrix": [
                [
                    0.6714979410171509,
                    -0.0059270490892231464,
                    0.7409827709197998,
                    2.986997127532959
                ],
                [
                    0.7410064935684204,
                    0.00537107465788722,
                    -0.671476423740387,
                    -2.706808090209961
                ],
                [
                    0.0,
                    0.9999681115150452,
                    0.00799864623695612,
                    0.032243575900793076
                ],
                [
                    0.0,
                    0.0,
                    0.0,
                    1.0
                ]
            ]
        },
        {
            "file_path": "/data/shapenet_blender/all_50_random/02958343/7b2ad420c7829e881cae32f43c09c982/r_1",
            "rotation": 0.12566370614359174,
            "transform_matrix": [
                [
                    0.6809855103492737,
                    -0.20623472332954407,
                    0.7026562690734863,
                    2.832498073577881
                ],
                [
                    0.7322967648506165,
                    0.19178406894207,
                    -0.6534218788146973,
                    -2.6340279579162598
                ],
                [
                    0.0,
                    0.9595237970352173,
                    0.28162723779678345,
                    1.1352757215499878
                ],
                [
                    0.0,
                    0.0,
                    0.0,
                    1.0
                ]
            ]
        },
        {
            "file_path": "/data/shapenet_blender/all_50_random/02958343/7b2ad420c7829e881cae32f43c09c982/r_2",
            "rotation": 0.12566370614359174,
            "transform_matrix": [
                [
                    -0.9337037801742554,
                    0.11460241675376892,
                    0.33921006321907043,
                    1.3673994541168213
                ],
                [
                    0.3580463230609894,
                    0.2988571524620056,
                    0.884583055973053,
                    3.565868377685547
                ],
                [
                    0.0,
                    0.9473915100097656,
                    -0.3200770318508148,
                    -1.2902717590332031
                ],
                [
                    0.0,
                    0.0,
                    0.0,
                    1.0
                ]
            ]
        },
        {
            "file_path": "/data/shapenet_blender/all_50_random/02958343/7b2ad420c7829e881cae32f43c09c982/r_3",
            "rotation": 0.12566370614359174,
            "transform_matrix": [
                [
                    0.9260790348052979,
                    -0.07193534821271896,
                    -0.37040913105010986,
                    -1.4931669235229492
                ],
                [
                    -0.37732958793640137,
                    -0.1765507310628891,
                    -0.9090941548347473,
                    -3.664675712585449
                ],
                [
                    0.0,
                    0.9816593527793884,
                    -0.1906432807445526,
                    -0.7685076594352722
                ],
                [
                    0.0,
                    0.0,
                    0.0,
                    1.0
                ]
            ]
        },
        {
            "file_path": "/data/shapenet_blender/all_50_random/02958343/7b2ad420c7829e881cae32f43c09c982/r_4",
            "rotation": 0.12566370614359174,
            "transform_matrix": [
                [
                    0.10001498460769653,
                    0.478986531496048,
                    -0.8721060752868652,
                    -3.5155715942382812
                ],
                [
                    -0.994985818862915,
                    0.04814724996685982,
                    -0.08766323328018188,
                    -0.3533817529678345
                ],
                [
                    3.7252894102834944e-09,
                    0.8765008449554443,
                    0.48140034079551697,
                    1.9405865669250488
                ],
                [
                    0.0,
                    0.0,
                    0.0,
                    1.0
                ]
            ]
        },
        {
            "file_path": "/data/shapenet_blender/all_50_random/02958343/7b2ad420c7829e881cae32f43c09c982/r_5",
            "rotation": 0.12566370614359174,
            "transform_matrix": [
                [
                    -0.19736915826797485,
                    0.7263103127479553,
                    -0.6584213376045227,
                    -2.654181480407715
                ],
                [
                    -0.9803292751312256,
                    -0.1462276726961136,
                    0.1325596123933792,
                    0.5343649387359619
                ],
                [
                    0.0,
                    0.6716329455375671,
                    0.740884006023407,
                    2.9865992069244385
                ],
                [
                    0.0,
                    0.0,
                    0.0,
                    1.0
                ]
            ]
        },
        {
            "file_path": "/data/shapenet_blender/all_50_random/02958343/7b2ad420c7829e881cae32f43c09c982/r_6",
            "rotation": 0.12566370614359174,
            "transform_matrix": [
                [
                    -0.10066541284322739,
                    -0.020686762407422066,
                    0.9947052597999573,
                    4.009785175323486
                ],
                [
                    0.9949204325675964,
                    -0.0020930732134729624,
                    0.10064363479614258,
                    0.4057074785232544
                ],
                [
                    0.0,
                    0.9997838139533997,
                    0.02079237997531891,
                    0.0838167667388916
                ],
                [
                    0.0,
                    0.0,
                    0.0,
                    1.0
                ]
            ]
        },
        {
            "file_path": "/data/shapenet_blender/all_50_random/02958343/7b2ad420c7829e881cae32f43c09c982/r_7",
            "rotation": 0.12566370614359174,
            "transform_matrix": [
                [
                    -0.0356668159365654,
                    -0.24289987981319427,
                    0.9693954586982727,
                    3.9077579975128174
                ],
                [
                    0.9993637800216675,
                    -0.008668980561196804,
                    0.034597259014844894,
                    0.13946601748466492
                ],
                [
                    0.0,
                    0.9700126647949219,
                    0.24305452406406403,
                    0.9797841310501099
                ],
                [
                    0.0,
                    0.0,
                    0.0,
                    1.0
                ]
            ]
        },
        {
            "file_path": "/data/shapenet_blender/all_50_random/02958343/7b2ad420c7829e881cae32f43c09c982/r_8",
            "rotation": 0.12566370614359174,
            "transform_matrix": [
                [
                    0.7004432678222656,
                    -0.26425763964653015,
                    -0.6629834771156311,
                    -2.672571897506714
                ],
                [
                    -0.7137081027030945,
                    -0.25934621691703796,
                    -0.6506614089012146,
                    -2.6229000091552734
                ],
                [
                    -1.4901162970204496e-08,
                    0.928928017616272,
                    -0.3702601492404938,
                    -1.4925663471221924
                ],
                [
                    0.0,
                    0.0,
                    0.0,
                    1.0
                ]
            ]
        },
        {
            "file_path": "/data/shapenet_blender/all_50_random/02958343/7b2ad420c7829e881cae32f43c09c982/r_9",
            "rotation": 0.12566370614359174,
            "transform_matrix": [
                [
                    -0.7871685028076172,
                    -0.0670229122042656,
                    -0.6130855083465576,
                    -2.4714267253875732
                ],
                [
                    -0.6167381405830383,
                    0.08554412424564362,
                    0.7825064063072205,
                    3.154384136199951
                ],
                [
                    3.725290742551124e-09,
                    0.9940774440765381,
                    -0.10867322236299515,
                    -0.4380757808685303
                ],
                [
                    0.0,
                    0.0,
                    0.0,
                    1.0
                ]
            ]
        },
        {
            "file_path": "/data/shapenet_blender/all_50_random/02958343/7b2ad420c7829e881cae32f43c09c982/r_10",
            "rotation": 0.12566370614359174,
            "transform_matrix": [
                [
                    -0.07964504510164261,
                    -0.8783280253410339,
                    0.47137734293937683,
                    1.900182843208313
                ],
                [
                    0.9968233704566956,
                    -0.07017740607261658,
                    0.03766250982880592,
                    0.15182243287563324
                ],
                [
                    0.0,
                    0.4728794991970062,
                    0.8811270594596863,
                    3.5519368648529053
                ],
                [
                    0.0,
                    0.0,
                    0.0,
                    1.0
                ]
            ]
        },
        {
            "file_path": "/data/shapenet_blender/all_50_random/02958343/7b2ad420c7829e881cae32f43c09c982/r_11",
            "rotation": 0.12566370614359174,
            "transform_matrix": [
                [
                    0.9866543412208557,
                    -0.04204878583550453,
                    -0.15730588138103485,
                    -0.6341203451156616
                ],
                [
                    -0.16282887756824493,
                    -0.254792720079422,
                    -0.9531880021095276,
                    -3.842423915863037
                ],
                [
                    3.725290298461914e-09,
                    0.9660809636116028,
                    -0.25823912024497986,
                    -1.0409953594207764
                ],
                [
                    0.0,
                    0.0,
                    0.0,
                    1.0
                ]
            ]
        },
        {
            "file_path": "/data/shapenet_blender/all_50_random/02958343/7b2ad420c7829e881cae32f43c09c982/r_12",
            "rotation": 0.12566370614359174,
            "transform_matrix": [
                [
                    0.9275507926940918,
                    -0.21757905185222626,
                    -0.30382394790649414,
                    -1.224753499031067
                ],
                [
                    -0.3736972510814667,
                    -0.5400510430335999,
                    -0.754118800163269,
                    -3.039950132369995
                ],
                [
                    1.4901162970204496e-08,
                    0.8130216002464294,
                    -0.5822334289550781,
                    -2.347058057785034
                ],
                [
                    0.0,
                    0.0,
                    0.0,
                    1.0
                ]
            ]
        },
        {
            "file_path": "/data/shapenet_blender/all_50_random/02958343/7b2ad420c7829e881cae32f43c09c982/r_13",
            "rotation": 0.12566370614359174,
            "transform_matrix": [
                [
                    -0.8797634243965149,
                    0.38895145058631897,
                    0.27337345480918884,
                    1.102003812789917
                ],
                [
                    0.47541165351867676,
                    0.7197662591934204,
                    0.5058857202529907,
                    2.0392909049987793
                ],
                [
                    0.0,
                    0.5750247240066528,
                    -0.8181359767913818,
                    -3.2980117797851562
                ],
                [
                    0.0,
                    0.0,
                    0.0,
                    1.0
                ]
            ]
        },
        {
            "file_path": "/data/shapenet_blender/all_50_random/02958343/7b2ad420c7829e881cae32f43c09c982/r_14",
            "rotation": 0.12566370614359174,
            "transform_matrix": [
                [
                    0.9875055551528931,
                    0.12317295372486115,
                    0.09829234331846237,
                    0.3962291181087494
                ],
                [
                    0.1575847864151001,
                    -0.7718636393547058,
                    -0.615949273109436,
                    -2.482970952987671
                ],
                [
                    0.0,
                    0.6237425804138184,
                    -0.781629741191864,
                    -3.150850296020508
                ],
                [
                    0.0,
                    0.0,
                    0.0,
                    1.0
                ]
            ]
        },
        {
            "file_path": "/data/shapenet_blender/all_50_random/02958343/7b2ad420c7829e881cae32f43c09c982/r_15",
            "rotation": 0.12566370614359174,
            "transform_matrix": [
                [
                    0.9169278144836426,
                    -0.03156653046607971,
                    0.39780256152153015,
                    1.6035937070846558
                ],
                [
                    0.3990531265735626,
                    0.0725322812795639,
                    -0.9140543937683105,
                    -3.684671640396118
                ],
                [
                    0.0,
                    0.9968663454055786,
                    0.07910358160734177,
                    0.3188767731189728
                ],
                [
                    0.0,
                    0.0,
                    0.0,
                    1.0
                ]
            ]
        },
        {
            "file_path": "/data/shapenet_blender/all_50_random/02958343/7b2ad420c7829e881cae32f43c09c982/r_16",
            "rotation": 0.12566370614359174,
            "transform_matrix": [
                [
                    -0.4925791025161743,
                    -0.30662208795547485,
                    -0.8144621849060059,
                    -3.2832021713256836
                ],
                [
                    -0.8702677488327026,
                    0.17355073988437653,
                    0.4609926640987396,
                    1.8583208322525024
                ],
                [
                    -2.980232949312267e-08,
                    0.9358753561973572,
                    -0.3523308038711548,
                    -1.4202909469604492
                ],
                [
                    0.0,
                    0.0,
                    0.0,
                    1.0
                ]
            ]
        },
        {
            "file_path": "/data/shapenet_blender/all_50_random/02958343/7b2ad420c7829e881cae32f43c09c982/r_17",
            "rotation": 0.12566370614359174,
            "transform_matrix": [
                [
                    0.9853641986846924,
                    0.10966544598340988,
                    0.13050226867198944,
                    0.5260715484619141
                ],
                [
                    0.17046217620372772,
                    -0.6339260339736938,
                    -0.7543742060661316,
                    -3.0409798622131348
                ],
                [
                    7.4505797087454084e-09,
                    0.765579104423523,
                    -0.6433417797088623,
                    -2.5933938026428223
                ],
                [
                    0.0,
                    0.0,
                    0.0,
                    1.0
                ]
            ]
        },
        {
            "file_path": "/data/shapenet_blender/all_50_random/02958343/7b2ad420c7829e881cae32f43c09c982/r_18",
            "rotation": 0.12566370614359174,
            "transform_matrix": [
                [
                    0.9875831604003906,
                    -0.0912351906299591,
                    0.12788908183574677,
                    0.5155373811721802
                ],
                [
                    0.15709702670574188,
                    0.5735457539558411,
                    -0.8039687275886536,
                    -3.2409017086029053
                ],
                [
                    0.0,
                    0.8140770196914673,
                    0.5807569026947021,
                    2.3411059379577637
                ],
                [
                    0.0,
                    0.0,
                    0.0,
                    1.0
                ]
            ]
        },
        {
            "file_path": "/data/shapenet_blender/all_50_random/02958343/7b2ad420c7829e881cae32f43c09c982/r_19",
            "rotation": 0.12566370614359174,
            "transform_matrix": [
                [
                    -0.9390393495559692,
                    0.3194635808467865,
                    -0.12707556784152985,
                    -0.512257993221283
                ],
                [
                    -0.3438098132610321,
                    -0.8725430965423584,
                    0.3470783829689026,
                    1.3991177082061768
                ],
                [
                    0.0,
                    0.3696099817752838,
                    0.9291869401931763,
                    3.7456724643707275
                ],
                [
                    0.0,
                    0.0,
                    0.0,
                    1.0
                ]
            ]
        },
        {
            "file_path": "/data/shapenet_blender/all_50_random/02958343/7b2ad420c7829e881cae32f43c09c982/r_20",
            "rotation": 0.12566370614359174,
            "transform_matrix": [
                [
                    -0.9025015830993652,
                    0.23589852452278137,
                    0.3603370785713196,
                    1.45256507396698
                ],
                [
                    0.4306865930557251,
                    0.4943242073059082,
                    0.7550845742225647,
                    3.0438430309295654
                ],
                [
                    0.0,
                    0.8366572260856628,
                    -0.5477267503738403,
                    -2.2079567909240723
                ],
                [
                    0.0,
                    0.0,
                    0.0,
                    1.0
                ]
            ]
        },
        {
            "file_path": "/data/shapenet_blender/all_50_random/02958343/7b2ad420c7829e881cae32f43c09c982/r_21",
            "rotation": 0.12566370614359174,
            "transform_matrix": [
                [
                    -0.9108792543411255,
                    -0.14945131540298462,
                    0.384660005569458,
                    1.5506141185760498
                ],
                [
                    0.4126729965209961,
                    -0.32987886667251587,
                    0.849047064781189,
                    3.4226181507110596
                ],
                [
                    1.4901161193847656e-08,
                    0.9321181178092957,
                    0.3621543347835541,
                    1.4598908424377441
                ],
                [
                    0.0,
                    0.0,
                    0.0,
                    1.0
                ]
            ]
        },
        {
            "file_path": "/data/shapenet_blender/all_50_random/02958343/7b2ad420c7829e881cae32f43c09c982/r_22",
            "rotation": 0.12566370614359174,
            "transform_matrix": [
                [
                    0.10459159314632416,
                    -0.2109200656414032,
                    -0.9718916416168213,
                    -3.917820453643799
                ],
                [
                    -0.9945152401924133,
                    -0.022182131186127663,
                    -0.10221230983734131,
                    -0.41203099489212036
                ],
                [
                    0.0,
                    0.9772516489028931,
                    -0.21208328008651733,
                    -0.8549350500106812
                ],
                [
                    0.0,
                    0.0,
                    0.0,
                    1.0
                ]
            ]
        },
        {
            "file_path": "/data/shapenet_blender/all_50_random/02958343/7b2ad420c7829e881cae32f43c09c982/r_23",
            "rotation": 0.12566370614359174,
            "transform_matrix": [
                [
                    0.9967270493507385,
                    0.042721107602119446,
                    -0.06862937659025192,
                    -0.27665385603904724
                ],
                [
                    -0.0808398649096489,
                    0.5267361998558044,
                    -0.846176028251648,
                    -3.4110445976257324
                ],
                [
                    0.0,
                    0.8489546179771423,
                    0.5284658074378967,
                    2.1303138732910156
                ],
                [
                    0.0,
                    0.0,
                    0.0,
                    1.0
                ]
            ]
        },
        {
            "file_path": "/data/shapenet_blender/all_50_random/02958343/7b2ad420c7829e881cae32f43c09c982/r_24",
            "rotation": 0.12566370614359174,
            "transform_matrix": [
                [
                    0.970929741859436,
                    -0.020761337131261826,
                    0.23846232891082764,
                    0.9612724781036377
                ],
                [
                    0.2393644154071808,
                    0.08421385288238525,
                    -0.9672706723213196,
                    -3.899193048477173
                ],
                [
                    0.0,
                    0.9962314367294312,
                    0.08673524856567383,
                    0.34964099526405334
                ],
                [
                    0.0,
                    0.0,
                    0.0,
                    1.0
                ]
            ]
        },
        {
            "file_path": "/data/shapenet_blender/all_50_random/02958343/7b2ad420c7829e881cae32f43c09c982/r_25",
            "rotation": 0.12566370614359174,
            "transform_matrix": [
                [
                    -0.998638927936554,
                    0.008794227614998817,
                    0.05141151696443558,
                    0.20724645256996155
                ],
                [
                    0.05215825140476227,
                    0.16837716102600098,
                    0.9843417406082153,
                    3.968008518218994
                ],
                [
                    0.0,
                    0.9856833815574646,
                    -0.16860666871070862,
                    -0.6796752214431763
                ],
                [
                    0.0,
                    0.0,
                    0.0,
                    1.0
                ]
            ]
        },
        {
            "file_path": "/data/shapenet_blender/all_50_random/02958343/7b2ad420c7829e881cae32f43c09c982/r_26",
            "rotation": 0.12566370614359174,
            "transform_matrix": [
                [
                    -0.9864952564239502,
                    -0.10905645042657852,
                    -0.12220469117164612,
                    -0.49262288212776184
                ],
                [
                    -0.16379041969776154,
                    0.6568373441696167,
                    0.7360280752182007,
                    2.967024087905884
                ],
                [
                    0.0,
                    0.7461039423942566,
                    -0.6658293604850769,
                    -2.6840438842773438
                ],
                [
                    0.0,
                    0.0,
                    0.0,
                    1.0
                ]
            ]
        },
        {
            "file_path": "/data/shapenet_blender/all_50_random/02958343/7b2ad420c7829e881cae32f43c09c982/r_27",
            "rotation": 0.12566370614359174,
            "transform_matrix": [
                [
                    -0.6992484927177429,
                    -0.030937587842345238,
                    0.7142089605331421,
                    2.879068374633789
                ],
                [
                    0.7148787379264832,
                    -0.030261164531111717,
                    0.6985933780670166,
                    2.816119909286499
                ],
                [
                    1.862645371275562e-09,
                    0.9990630745887756,
                    0.043276697397232056,
                    0.1744539439678192
                ],
                [
                    0.0,
                    0.0,
                    0.0,
                    1.0
                ]
            ]
        },
        {
            "file_path": "/data/shapenet_blender/all_50_random/02958343/7b2ad420c7829e881cae32f43c09c982/r_28",
            "rotation": 0.12566370614359174,
            "transform_matrix": [
                [
                    -0.8922780752182007,
                    0.3264135420322418,
                    -0.3119199872016907,
                    -1.2573896646499634
                ],
                [
                    -0.4514863193035126,
                    -0.64509516954422,
                    0.6164513826370239,
                    2.484994888305664
                ],
                [
                    0.0,
                    0.6908735632896423,
                    0.7229755520820618,
                    2.914407730102539
                ],
                [
                    0.0,
                    0.0,
                    0.0,
                    1.0
                ]
            ]
        },
        {
            "file_path": "/data/shapenet_blender/all_50_random/02958343/7b2ad420c7829e881cae32f43c09c982/r_29",
            "rotation": 0.12566370614359174,
            "transform_matrix": [
                [
                    0.35626375675201416,
                    0.19573494791984558,
                    0.913654088973999,
                    3.6830577850341797
                ],
                [
                    0.9343855381011963,
                    -0.07463008165359497,
                    -0.34835925698280334,
                    -1.4042812585830688
                ],
                [
                    0.0,
                    0.9778129458427429,
                    -0.20947985351085663,
                    -0.8444403409957886
                ],
                [
                    0.0,
                    0.0,
                    0.0,
                    1.0
                ]
            ]
        },
        {
            "file_path": "/data/shapenet_blender/all_50_random/02958343/7b2ad420c7829e881cae32f43c09c982/r_30",
            "rotation": 0.12566370614359174,
            "transform_matrix": [
                [
                    -0.624085009098053,
                    0.4931652247905731,
                    -0.6060577034950256,
                    -2.44309663772583
                ],
                [
                    -0.7813565731048584,
                    -0.39390090107917786,
                    0.48407039046287537,
                    1.951350212097168
                ],
                [
                    0.0,
                    0.7756481766700745,
                    0.6311655044555664,
                    2.544309616088867
                ],
                [
                    0.0,
                    0.0,
                    0.0,
                    1.0
                ]
            ]
        },
        {
            "file_path": "/data/shapenet_blender/all_50_random/02958343/7b2ad420c7829e881cae32f43c09c982/r_31",
            "rotation": 0.12566370614359174,
            "transform_matrix": [
                [
                    0.007459437940269709,
                    0.45231279730796814,
                    -0.8918281197547913,
                    -3.59507417678833
                ],
                [
                    -0.9999722242355347,
                    0.003374092746526003,
                    -0.006652721203863621,
                    -0.02681797742843628
                ],
                [
                    -2.3283067140944524e-10,
                    0.891852855682373,
                    0.4523254334926605,
                    1.8233821392059326
                ],
                [
                    0.0,
                    0.0,
                    0.0,
                    1.0
                ]
            ]
        },
        {
            "file_path": "/data/shapenet_blender/all_50_random/02958343/7b2ad420c7829e881cae32f43c09c982/r_32",
            "rotation": 0.12566370614359174,
            "transform_matrix": [
                [
                    0.9948535561561584,
                    -0.06841322034597397,
                    0.07474009692668915,
                    0.3012869656085968
                ],
                [
                    0.10132350027561188,
                    0.6717211008071899,
                    -0.7338420748710632,
                    -2.95821213722229
                ],
                [
                    0.0,
                    0.7376382946968079,
                    0.6751959919929504,
                    2.721801996231079
                ],
                [
                    0.0,
                    0.0,
                    0.0,
                    1.0
                ]
            ]
        },
        {
            "file_path": "/data/shapenet_blender/all_50_random/02958343/7b2ad420c7829e881cae32f43c09c982/r_33",
            "rotation": 0.12566370614359174,
            "transform_matrix": [
                [
                    -0.4129437804222107,
                    -0.4551692008972168,
                    -0.788858950138092,
                    -3.179992198944092
                ],
                [
                    -0.910756528377533,
                    0.20637710392475128,
                    0.3576745092868805,
                    1.4418320655822754
                ],
                [
                    0.0,
                    0.8661580085754395,
                    -0.4997704029083252,
                    -2.014638900756836
                ],
                [
                    0.0,
                    0.0,
                    0.0,
                    1.0
                ]
            ]
        },
        {
            "file_path": "/data/shapenet_blender/all_50_random/02958343/7b2ad420c7829e881cae32f43c09c982/r_34",
            "rotation": 0.12566370614359174,
            "transform_matrix": [
                [
                    -0.29420357942581177,
                    -0.6916964650154114,
                    0.6595454812049866,
                    2.658712863922119
                ],
                [
                    0.9557427763938904,
                    -0.21292293071746826,
                    0.20302598178386688,
                    0.8184239268302917
                ],
                [
                    0.0,
                    0.6900869011878967,
                    0.7237265706062317,
                    2.9174351692199707
                ],
                [
                    0.0,
                    0.0,
                    0.0,
                    1.0
                ]
            ]
        },
        {
            "file_path": "/data/shapenet_blender/all_50_random/02958343/7b2ad420c7829e881cae32f43c09c982/r_35",
            "rotation": 0.12566370614359174,
            "transform_matrix": [
                [
                    -0.040180474519729614,
                    0.7914131879806519,
                    0.6099594831466675,
                    2.4588253498077393
                ],
                [
                    0.999192476272583,
                    0.03182505443692207,
                    0.024528268724679947,
                    0.09887661039829254
                ],
                [
                    0.0,
                    0.6104522943496704,
                    -0.7920529246330261,
                    -3.1928675174713135
                ],
                [
                    0.0,
                    0.0,
                    0.0,
                    1.0
                ]
            ]
        },
        {
            "file_path": "/data/shapenet_blender/all_50_random/02958343/7b2ad420c7829e881cae32f43c09c982/r_36",
            "rotation": 0.12566370614359174,
            "transform_matrix": [
                [
                    0.3546578586101532,
                    -0.26419487595558167,
                    -0.8968939185142517,
                    -3.615495204925537
                ],
                [
                    -0.9349961876869202,
                    -0.10021302849054337,
                    -0.3402051329612732,
                    -1.371410846710205
                ],
                [
                    7.450580596923828e-09,
                    0.9592488408088684,
                    -0.2825625240802765,
                    -1.1390460729599
                ],
                [
                    0.0,
                    0.0,
                    0.0,
                    1.0
                ]
            ]
        },
        {
            "file_path": "/data/shapenet_blender/all_50_random/02958343/7b2ad420c7829e881cae32f43c09c982/r_37",
            "rotation": 0.12566370614359174,
            "transform_matrix": [
                [
                    -0.172272726893425,
                    0.8926287889480591,
                    -0.4165762662887573,
                    -1.6792726516723633
                ],
                [
                    -0.985049307346344,
                    -0.1561095416545868,
                    0.0728539451956749,
                    0.29368364810943604
                ],
                [
                    0.0,
                    0.42289891839027405,
                    0.9061768651008606,
                    3.6529157161712646
                ],
                [
                    0.0,
                    0.0,
                    0.0,
                    1.0
                ]
            ]
        },
        {
            "file_path": "/data/shapenet_blender/all_50_random/02958343/7b2ad420c7829e881cae32f43c09c982/r_38",
            "rotation": 0.12566370614359174,
            "transform_matrix": [
                [
                    -0.30979061126708984,
                    0.46213072538375854,
                    0.8309421539306641,
                    3.349634885787964
                ],
                [
                    0.9508048295974731,
                    0.15057112276554108,
                    0.27073702216148376,
                    1.0913758277893066
                ],
                [
                    0.0,
                    0.8739355206489563,
                    -0.48604169487953186,
                    -1.9592965841293335
                ],
                [
                    0.0,
                    0.0,
                    0.0,
                    1.0
                ]
            ]
        },
        {
            "file_path": "/data/shapenet_blender/all_50_random/02958343/7b2ad420c7829e881cae32f43c09c982/r_39",
            "rotation": 0.12566370614359174,
            "transform_matrix": [
                [
                    0.8450915813446045,
                    -0.0059061492793262005,
                    0.5345887541770935,
                    2.154996156692505
                ],
                [
                    0.5346213579177856,
                    0.009336022660136223,
                    -0.8450401425361633,
                    -3.406465768814087
                ],
                [
                    4.656612040410124e-10,
                    0.9999390840530396,
                    0.011047347448766232,
                    0.04453328251838684
                ],
                [
                    0.0,
                    0.0,
                    0.0,
                    1.0
                ]
            ]
        },
        {
            "file_path": "/data/shapenet_blender/all_50_random/02958343/7b2ad420c7829e881cae32f43c09c982/r_40",
            "rotation": 0.12566370614359174,
            "transform_matrix": [
                [
                    -0.6751219034194946,
                    0.6611084938049316,
                    -0.32733163237571716,
                    -1.3195160627365112
                ],
                [
                    -0.7377062439918518,
                    -0.6050224304199219,
                    0.299562007188797,
                    1.2075730562210083
                ],
                [
                    1.4901162970204496e-08,
                    0.4437154233455658,
                    0.8961677551269531,
                    3.612567663192749
                ],
                [
                    0.0,
                    0.0,
                    0.0,
                    1.0
                ]
            ]
        },
        {
            "file_path": "/data/shapenet_blender/all_50_random/02958343/7b2ad420c7829e881cae32f43c09c982/r_41",
            "rotation": 0.12566370614359174,
            "transform_matrix": [
                [
                    0.6119700074195862,
                    -0.27404552698135376,
                    -0.7418839335441589,
                    -2.9906299114227295
                ],
                [
                    -0.7908809185028076,
                    -0.212051659822464,
                    -0.5740569233894348,
                    -2.3140974044799805
                ],
                [
                    1.4901159417490817e-08,
                    0.9380475878715515,
                    -0.34650659561157227,
                    -1.3968127965927124
