{
    "class": "02958343",
    "model": "fa8ecf7278bb320bb7ecd40416f4e39",
    "remove_doubles": true,
    "edge_split": true,
    "denoise": true,
    "camera_angle_x": 0.6911112070083618,
    "scale_factor": 2.4021541075776627,
    "hdri_file": "/data/IndoorHDRDataset2018/9C4A2893-0b10daa3c5.exr",
    "center_offset": [
        0.0,
        -1.862645149230957e-09,
        -3.725290298461914e-09
    ],
    "lights": [],
    "frames": [
        {
            "file_path": "/data/shapenet_blender/all_50_random/02958343/fa8ecf7278bb320bb7ecd40416f4e39/r_0",
            "rotation": 0.12566370614359174,
            "transform_matrix": [
                [
                    -0.6003621816635132,
                    0.1317116618156433,
                    -0.7888074517250061,
                    -3.1797847747802734
                ],
                [
                    -0.799728274345398,
                    -0.0988769680261612,
                    0.5921638607978821,
                    2.3870890140533447
                ],
                [
                    7.450580596923828e-09,
                    0.9863443970680237,
                    0.16469553112983704,
                    0.6639089584350586
                ],
                [
                    0.0,
                    0.0,
                    0.0,
                    1.0
                ]
            ]
        },
        {
            "file_path": "/data/shapenet_blender/all_50_random/02958343/fa8ecf7278bb320bb7ecd40416f4e39/r_1",
            "rotation": 0.12566370614359174,
            "transform_matrix": [
                [
                    -0.11705957353115082,
                    0.39709237217903137,
                    0.9102827310562134,
                    3.669466972351074
                ],
                [
                    0.9931249618530273,
                    0.0468052513897419,
                    0.1072949692606926,
                    0.4325198531150818
                ],
                [
                    3.725290742551124e-09,
                    0.9165842533111572,
                    -0.3998413681983948,
                    -1.6118121147155762
                ],
                [
                    0.0,
                    0.0,
                    0.0,
                    1.0
                ]
            ]
        },
        {
            "file_path": "/data/shapenet_blender/all_50_random/02958343/fa8ecf7278bb320bb7ecd40416f4e39/r_2",
            "rotation": 0.12566370614359174,
            "transform_matrix": [
                [
                    0.44636568427085876,
                    -0.4033418893814087,
                    -0.7987946271896362,
                    -3.2200443744659424
                ],
                [
                    -0.8948505520820618,
                    -0.20119334757328033,
                    -0.39845147728919983,
                    -1.606209397315979
                ],
                [
                    0.0,
                    0.8926569819450378,
                    -0.45073652267456055,
                    -1.8169771432876587
                ],
                [
                    0.0,
                    0.0,
                    0.0,
                    1.0
                ]
            ]
        },
        {
            "file_path": "/data/shapenet_blender/all_50_random/02958343/fa8ecf7278bb320bb7ecd40416f4e39/r_3",
            "rotation": 0.12566370614359174,
            "transform_matrix": [
                [
                    -0.8527653217315674,
                    0.06857871264219284,
                    -0.517772376537323,
                    -2.087207317352295
                ],
                [
                    -0.522294282913208,
                    -0.11197049915790558,
                    0.8453823328018188,
                    3.4078452587127686
                ],
                [
                    0.0,
                    0.991342306137085,
                    0.1313028335571289,
                    0.5292986631393433
                ],
                [
                    0.0,
                    0.0,
                    0.0,
                    1.0
                ]
            ]
        },
        {
            "file_path": "/data/shapenet_blender/all_50_random/02958343/fa8ecf7278bb320bb7ecd40416f4e39/r_4",
            "rotation": 0.12566370614359174,
            "transform_matrix": [
                [
                    -0.9968106746673584,
                    0.04212742671370506,
                    -0.06777774542570114,
                    -0.27322083711624146
                ],
                [
                    -0.07980316132307053,
                    -0.5262081623077393,
                    0.8466028571128845,
                    3.4127652645111084
                ],
                [
                    -3.725290742551124e-09,
                    0.8493115901947021,
                    0.5278918147087097,
                    2.128000020980835
                ],
                [
                    0.0,
                    0.0,
                    0.0,
                    1.0
                ]
            ]
        },
        {
            "file_path": "/data/shapenet_blender/all_50_random/02958343/fa8ecf7278bb320bb7ecd40416f4e39/r_5",
            "rotation": 0.12566370614359174,
            "transform_matrix": [
                [
                    -0.340069055557251,
                    -0.2644064426422119,
                    -0.9024645090103149,
                    -3.637950897216797
                ],
                [
                    -0.9404004216194153,
                    0.09561506658792496,
                    0.3263506293296814,
                    1.3155614137649536
                ],
                [
                    -7.450580152834618e-09,
                    0.9596598744392395,
                    -0.28116363286972046,
                    -1.1334068775177002
                ],
                [
                    0.0,
                    0.0,
                    0.0,
                    1.0
                ]
            ]
        },
        {
            "file_path": "/data/shapenet_blender/all_50_random/02958343/fa8ecf7278bb320bb7ecd40416f4e39/r_6",
            "rotation": 0.12566370614359174,
            "transform_matrix": [
                [
                    0.6427018046379089,
                    -0.7527831196784973,
                    0.14230969548225403,
                    0.5736687183380127
                ],
                [
                    0.7661164999008179,
                    0.6315163373947144,
                    -0.11938486248254776,
                    -0.48125573992729187
                ],
                [
                    7.450580596923828e-09,
                    0.18575453758239746,
                    0.9825961589813232,
                    3.9609715938568115
                ],
                [
                    0.0,
                    0.0,
                    0.0,
                    1.0
                ]
            ]
        },
        {
            "file_path": "/data/shapenet_blender/all_50_random/02958343/fa8ecf7278bb320bb7ecd40416f4e39/r_7",
            "rotation": 0.12566370614359174,
            "transform_matrix": [
                [
                    0.9945147037506104,
                    0.020696640014648438,
                    0.10252948850393295,
                    0.41330960392951965
                ],
                [
                    0.10459756851196289,
                    -0.1967838704586029,
                    -0.9748513698577881,
                    -3.9297518730163574
                ],
                [
                    0.0,
                    0.9802283048629761,
                    -0.19786924123764038,
                    -0.7976365089416504
                ],
                [
                    0.0,
                    0.0,
                    0.0,
                    1.0
                ]
            ]
        },
        {
            "file_path": "/data/shapenet_blender/all_50_random/02958343/fa8ecf7278bb320bb7ecd40416f4e39/r_8",
            "rotation": 0.12566370614359174,
            "transform_matrix": [
                [
                    -0.10794693976640701,
                    0.5325416326522827,
                    -0.8394919633865356,
                    -3.3841004371643066
                ],
                [
                    -0.9941567182540894,
                    -0.05782411992549896,
                    0.09115321934223175,
                    0.36745038628578186
                ],
                [
                    0.0,
                    0.844426155090332,
                    0.5356717705726624,
                    2.1593620777130127
                ],
                [
                    0.0,
                    0.0,
                    0.0,
                    1.0
                ]
            ]
        },
        {
            "file_path": "/data/shapenet_blender/all_50_random/02958343/fa8ecf7278bb320bb7ecd40416f4e39/r_9",
            "rotation": 0.12566370614359174,
            "transform_matrix": [
                [
                    0.7661325335502625,
                    0.13949422538280487,
                    -0.6273614168167114,
                    -2.528974771499634
                ],
                [
                    -0.642682671546936,
                    0.16628898680210114,
                    -0.7478682398796082,
                    -3.0147533416748047
                ],
                [
                    0.0,
                    0.97616046667099,
                    0.21704991161823273,
                    0.8749561905860901
                ],
                [
                    0.0,
                    0.0,
                    0.0,
                    1.0
                ]
            ]
        },
        {
            "file_path": "/data/shapenet_blender/all_50_random/02958343/fa8ecf7278bb320bb7ecd40416f4e39/r_10",
            "rotation": 0.12566370614359174,
            "transform_matrix": [
                [
                    -0.3945853114128113,
                    -0.3811454474925995,
                    -0.8360804319381714,
                    -3.3703482151031494
                ],
                [
                    -0.9188593626022339,
                    0.16367509961128235,
                    0.3590375781059265,
                    1.447326898574829
                ],
                [
                    1.4901161193847656e-08,
                    0.9099112153053284,
                    -0.41480281949043274,
                    -1.6721237897872925
                ],
                [
                    0.0,
                    0.0,
                    0.0,
                    1.0
                ]
            ]
        },
        {
            "file_path": "/data/shapenet_blender/all_50_random/02958343/fa8ecf7278bb320bb7ecd40416f4e39/r_11",
            "rotation": 0.12566370614359174,
            "transform_matrix": [
                [
                    0.9677855968475342,
                    0.1593388020992279,
                    0.19494174420833588,
                    0.7858352065086365
                ],
                [
                    0.25177597999572754,
                    -0.6124722957611084,
                    -0.7493241429328918,
                    -3.0206217765808105
                ],
                [
                    7.450580596923828e-09,
                    0.7742666602134705,
                    -0.6328595280647278,
                    -2.551138162612915
                ],
                [
                    0.0,
                    0.0,
                    0.0,
                    1.0
                ]
            ]
        },
        {
            "file_path": "/data/shapenet_blender/all_50_random/02958343/fa8ecf7278bb320bb7ecd40416f4e39/r_12",
            "rotation": 0.12566370614359174,
            "transform_matrix": [
                [
                    0.8946475386619568,
                    -0.3903718888759613,
                    -0.21729174256324768,
                    -0.8759310245513916
                ],
                [
                    -0.44677281379699707,
                    -0.7817065715789795,
                    -0.4351193904876709,
                    -1.7540223598480225
                ],
                [
                    0.0,
                    0.48635855317115784,
                    -0.8737593293190002,
                    -3.5222365856170654
                ],
                [
                    0.0,
                    0.0,
                    0.0,
                    1.0
                ]
            ]
        },
        {
            "file_path": "/data/shapenet_blender/all_50_random/02958343/fa8ecf7278bb320bb7ecd40416f4e39/r_13",
            "rotation": 0.12566370614359174,
            "transform_matrix": [
                [
                    0.9995551109313965,
                    0.001090338104404509,
                    0.02980765327811241,
                    0.12015849351882935
                ],
                [
                    0.02982759289443493,
                    -0.03653842210769653,
                    -0.9988870024681091,
                    -4.026642322540283
                ],
                [
                    0.0,
                    0.9993315935134888,
                    -0.03655468672513962,
                    -0.14735665917396545
                ],
                [
                    0.0,
                    0.0,
                    0.0,
                    1.0
                ]
            ]
        },
        {
            "file_path": "/data/shapenet_blender/all_50_random/02958343/fa8ecf7278bb320bb7ecd40416f4e39/r_14",
            "rotation": 0.12566370614359174,
            "transform_matrix": [
                [
                    -0.08439752459526062,
                    0.005377861671149731,
                    0.996417760848999,
                    4.016687870025635
                ],
                [
                    0.9964320659637451,
                    0.00045550346840173006,
                    0.08439631760120392,
                    0.3402124047279358
                ],
                [
                    0.0,
                    0.9999854564666748,
                    -0.005397118628025055,
                    -0.021756477653980255
                ],
                [
                    0.0,
                    0.0,
                    0.0,
                    1.0
                ]
            ]
        },
        {
            "file_path": "/data/shapenet_blender/all_50_random/02958343/fa8ecf7278bb320bb7ecd40416f4e39/r_15",
            "rotation": 0.12566370614359174,
            "transform_matrix": [
                [
                    -0.8632460832595825,
                    0.18915945291519165,
                    0.46800103783607483,
                    1.8865725994110107
                ],
                [
                    0.5047834515571594,
                    0.3234875202178955,
                    0.8003432750701904,
                    3.2262871265411377
                ],
                [
                    0.0,
                    0.9271323084831238,
                    -0.37473389506340027,
                    -1.5106008052825928
                ],
                [
                    0.0,
                    0.0,
                    0.0,
                    1.0
                ]
            ]
        },
        {
            "file_path": "/data/shapenet_blender/all_50_random/02958343/fa8ecf7278bb320bb7ecd40416f4e39/r_16",
            "rotation": 0.12566370614359174,
            "transform_matrix": [
                [
                    0.5317692756652832,
                    0.06515240669250488,
                    -0.8443794250488281,
                    -3.4038023948669434
                ],
                [
                    -0.8468892574310303,
                    0.0409097746014595,
                    -0.5301933288574219,
                    -2.137277603149414
                ],
                [
                    0.0,
                    0.997036337852478,
                    0.07693144679069519,
                    0.3101205825805664
                ],
                [
                    0.0,
                    0.0,
                    0.0,
                    1.0
                ]
            ]
        },
        {
            "file_path": "/data/shapenet_blender/all_50_random/02958343/fa8ecf7278bb320bb7ecd40416f4e39/r_17",
            "rotation": 0.12566370614359174,
            "transform_matrix": [
                [
                    -0.47258180379867554,
                    0.2151784747838974,
                    -0.8546137809753418,
                    -3.4450583457946777
                ],
                [
                    -0.8812869191169739,
                    -0.11538741737604141,
                    0.4582785665988922,
                    1.8473800420761108
                ],
                [
                    7.450581485102248e-09,
                    0.9697339534759521,
                    0.24416394531726837,
                    0.9842563271522522
                ],
                [
                    0.0,
                    0.0,
                    0.0,
                    1.0
                ]
            ]
        },
        {
            "file_path": "/data/shapenet_blender/all_50_random/02958343/fa8ecf7278bb320bb7ecd40416f4e39/r_18",
            "rotation": 0.12566370614359174,
            "transform_matrix": [
                [
                    0.035377707332372665,
                    0.13309703767299652,
                    -0.9904714226722717,
                    -3.992717981338501
                ],
                [
                    -0.9993740320205688,
                    0.004711616784334183,
                    -0.035062555223703384,
                    -0.1413416862487793
                ],
                [
                    -4.656612873077393e-10,
                    0.991091787815094,
                    0.1331803947687149,
                    0.5368673205375671
                ],
                [
                    0.0,
                    0.0,
                    0.0,
                    1.0
                ]
            ]
        },
        {
            "file_path": "/data/shapenet_blender/all_50_random/02958343/fa8ecf7278bb320bb7ecd40416f4e39/r_19",
            "rotation": 0.12566370614359174,
            "transform_matrix": [
                [
                    0.7635800838470459,
                    -0.1273421347141266,
                    0.6330319046974182,
                    2.551833152770996
                ],
                [
                    0.6457130908966064,
                    0.15058688819408417,
                    -0.7485841512680054,
                    -3.01763916015625
                ],
                [
                    0.0,
                    0.9803609848022461,
                    0.1972116231918335,
                    0.7949854731559753
                ],
                [
                    0.0,
                    0.0,
                    0.0,
                    1.0
                ]
            ]
        },
        {
            "file_path": "/data/shapenet_blender/all_50_random/02958343/fa8ecf7278bb320bb7ecd40416f4e39/r_20",
            "rotation": 0.12566370614359174,
            "transform_matrix": [
                [
                    0.9902166724205017,
                    -0.06221192702651024,
                    0.12490246444940567,
                    0.5034979581832886
                ],
                [
                    0.13953834772109985,
                    0.44147923588752747,
                    -0.8863548636436462,
                    -3.5730109214782715
                ],
                [
                    0.0,
                    0.8951120376586914,
                    0.4458410441875458,
                    1.7972428798675537
                ],
                [
                    0.0,
                    0.0,
                    0.0,
                    1.0
                ]
            ]
        },
        {
            "file_path": "/data/shapenet_blender/all_50_random/02958343/fa8ecf7278bb320bb7ecd40416f4e39/r_21",
            "rotation": 0.12566370614359174,
            "transform_matrix": [
                [
                    0.7758831977844238,
                    -0.24325428903102875,
                    0.5820932984352112,
                    2.3464932441711426
                ],
                [
                    0.6308765411376953,
                    0.29916611313819885,
                    -0.7158871293067932,
                    -2.885833263397217
                ],
                [
                    1.4901161193847656e-08,
                    0.9226737022399902,
                    0.38558143377304077,
                    1.554328441619873
                ],
                [
                    0.0,
                    0.0,
                    0.0,
                    1.0
                ]
            ]
        },
        {
            "file_path": "/data/shapenet_blender/all_50_random/02958343/fa8ecf7278bb320bb7ecd40416f4e39/r_22",
            "rotation": 0.12566370614359174,
            "transform_matrix": [
                [
                    -0.9380998015403748,
                    -0.0037724333815276623,
                    0.3463444709777832,
                    1.396159291267395
                ],
                [
                    0.3463650345802307,
                    -0.010217309929430485,
                    0.9380441308021545,
                    3.781377077102661
                ],
                [
                    0.0,
                    0.9999407529830933,
                    0.010891495272517204,
                    0.04390502721071243
                ],
                [
                    0.0,
                    0.0,
                    0.0,
                    1.0
                ]
            ]
        },
        {
            "file_path": "/data/shapenet_blender/all_50_random/02958343/fa8ecf7278bb320bb7ecd40416f4e39/r_23",
            "rotation": 0.12566370614359174,
            "transform_matrix": [
                [
                    -0.5061219930648804,
                    -0.1837548315525055,
                    0.8426592946052551,
                    3.3968682289123535
                ],
                [
                    0.8624618649482727,
                    -0.10783358663320541,
                    0.49450117349624634,
                    1.9933979511260986
                ],
                [
                    -7.4505797087454084e-09,
                    0.9770395159721375,
                    0.2130584716796875,
                    0.8588661551475525
                ],
                [
                    0.0,
                    0.0,
                    0.0,
                    1.0
                ]
            ]
        },
        {
            "file_path": "/data/shapenet_blender/all_50_random/02958343/fa8ecf7278bb320bb7ecd40416f4e39/r_24",
            "rotation": 0.12566370614359174,
            "transform_matrix": [
                [
                    0.08037660270929337,
                    0.06270748376846313,
                    0.9947900176048279,
                    4.010127067565918
                ],
                [
                    0.9967644810676575,
                    -0.0050565749406814575,
                    -0.0802173838019371,
                    -0.323366641998291
                ],
                [
                    0.0,
                    0.9980190396308899,
                    -0.0629110187292099,
                    -0.25360244512557983
                ],
                [
                    0.0,
                    0.0,
                    0.0,
                    1.0
                ]
            ]
        },
        {
            "file_path": "/data/shapenet_blender/all_50_random/02958343/fa8ecf7278bb320bb7ecd40416f4e39/r_25",
            "rotation": 0.12566370614359174,
            "transform_matrix": [
                [
                    -0.4093039333820343,
                    0.39913877844810486,
                    -0.8204623460769653,
                    -3.307389497756958
                ],
                [
                    -0.912398099899292,
                    -0.1790546029806137,
                    0.3680613338947296,
                    1.4837026596069336
                ],
                [
                    0.0,
                    0.8992372155189514,
                    0.4374612271785736,
                    1.7634626626968384
                ],
                [
                    0.0,
                    0.0,
                    0.0,
                    1.0
                ]
            ]
        },
        {
            "file_path": "/data/shapenet_blender/all_50_random/02958343/fa8ecf7278bb320bb7ecd40416f4e39/r_26",
            "rotation": 0.12566370614359174,
            "transform_matrix": [
                [
                    0.754013180732727,
                    0.17720019817352295,
                    -0.6325061917304993,
                    -2.5497143268585205
                ],
                [
                    -0.656859278678894,
                    0.20340929925441742,
                    -0.7260581851005554,
                    -2.9268343448638916
                ],
                [
                    -1.4901159417490817e-08,
                    0.9629251956939697,
                    0.2697688341140747,
                    1.0874730348587036
                ],
                [
                    0.0,
                    0.0,
                    0.0,
                    1.0
                ]
            ]
        },
        {
            "file_path": "/data/shapenet_blender/all_50_random/02958343/fa8ecf7278bb320bb7ecd40416f4e39/r_27",
            "rotation": 0.12566370614359174,
            "transform_matrix": [
                [
                    0.8037644624710083,
                    -0.35692015290260315,
                    0.47599443793296814,
                    1.918795108795166
                ],
                [
                    0.5949476957321167,
                    0.4821932017803192,
                    -0.643060564994812,
                    -2.5922603607177734
                ],
                [
                    0.0,
                    0.800061047077179,
                    0.5999184846878052,
                    2.418349027633667
                ],
                [
                    0.0,
                    0.0,
                    0.0,
                    1.0
                ]
            ]
        },
        {
            "file_path": "/data/shapenet_blender/all_50_random/02958343/fa8ecf7278bb320bb7ecd40416f4e39/r_28",
            "rotation": 0.12566370614359174,
            "transform_matrix": [
                [
                    -0.6848872303962708,
                    -0.24227719008922577,
                    -0.6871907711029053,
                    -2.7701547145843506
                ],
                [
                    -0.7286490201950073,
                    0.2277263104915619,
                    0.6459189057350159,
                    2.6037824153900146
                ],
                [
                    0.0,
                    0.9431025981903076,
                    -0.3325018882751465,
                    -1.340358018875122
                ],
                [
                    0.0,
                    0.0,
                    0.0,
                    1.0
                ]
            ]
        },
        {
            "file_path": "/data/shapenet_blender/all_50_random/02958343/fa8ecf7278bb320bb7ecd40416f4e39/r_29",
            "rotation": 0.12566370614359174,
            "transform_matrix": [
                [
                    0.7447063326835632,
                    -0.11544415354728699,
                    0.6573318839073181,
                    2.649789571762085
                ],
                [
                    0.667392373085022,
                    0.12881776690483093,
                    -0.7334803342819214,
                    -2.956753730773926
                ],
                [
                    -1.4901159417490817e-08,
                    0.9849257469177246,
                    0.17297792434692383,
                    0.6972963213920593
                ],
                [
                    0.0,
                    0.0,
                    0.0,
                    1.0
                ]
            ]
        },
        {
            "file_path": "/data/shapenet_blender/all_50_random/02958343/fa8ecf7278bb320bb7ecd40416f4e39/r_30",
            "rotation": 0.12566370614359174,
            "transform_matrix": [
                [
                    0.09198302775621414,
                    0.06537008285522461,
                    -0.9936125874519348,
                    -4.005380153656006
                ],
                [
                    -0.9957605600357056,
                    0.006038537714630365,
                    -0.09178459644317627,
                    -0.3699955344200134
                ],
                [
                    0.0,
                    0.9978427886962891,
                    0.0656483918428421,
                    0.26463714241981506
                ],
                [
                    0.0,
                    0.0,
                    0.0,
                    1.0
                ]
            ]
        },
        {
            "file_path": "/data/shapenet_blender/all_50_random/02958343/fa8ecf7278bb320bb7ecd40416f4e39/r_31",
            "rotation": 0.12566370614359174,
            "transform_matrix": [
                [
                    0.05312671884894371,
                    0.5420558452606201,
                    0.8386614322662354,
                    3.3807523250579834
                ],
                [
                    0.9985877275466919,
                    -0.028838375583291054,
                    -0.04461834579706192,
                    -0.17986230552196503
                ],
                [
                    -1.8626450382086546e-09,
                    0.8398475050926208,
                    -0.5428224205970764,
                    -2.1881871223449707
                ],
                [
                    0.0,
                    0.0,
                    0.0,
                    1.0
                ]
            ]
        },
        {
            "file_path": "/data/shapenet_blender/all_50_random/02958343/fa8ecf7278bb320bb7ecd40416f4e39/r_32",
            "rotation": 0.12566370614359174,
            "transform_matrix": [
                [
                    -0.9212138056755066,
                    0.24539045989513397,
                    0.30190831422805786,
                    1.2170313596725464
                ],
                [
                    0.3890567123889923,
                    0.5810388922691345,
                    0.7148627042770386,
                    2.8817036151885986
                ],
                [
                    1.4901160305669237e-08,
                    0.7760008573532104,
                    -0.6307318210601807,
                    -2.5425612926483154
                ],
                [
                    0.0,
                    0.0,
                    0.0,
                    1.0
                ]
            ]
        },
        {
            "file_path": "/data/shapenet_blender/all_50_random/02958343/fa8ecf7278bb320bb7ecd40416f4e39/r_33",
            "rotation": 0.12566370614359174,
            "transform_matrix": [
                [
                    0.7680203318595886,
                    0.038489554077386856,
                    0.6392678618431091,
                    2.5769712924957275
                ],
                [
                    0.6404256224632263,
                    -0.046157993376255035,
                    -0.7666319012641907,
                    -3.0903921127319336
                ],
                [
                    1.862645593320167e-09,
                    0.9981921911239624,
                    -0.060099974274635315,
                    -0.24227075278759003
                ],
                [
                    0.0,
                    0.0,
                    0.0,
                    1.0
                ]
            ]
        },
        {
            "file_path": "/data/shapenet_blender/all_50_random/02958343/fa8ecf7278bb320bb7ecd40416f4e39/r_34",
            "rotation": 0.12566370614359174,
            "transform_matrix": [
                [
                    0.397177517414093,
                    0.6688398122787476,
                    -0.6284133195877075,
                    -2.533215284347534
                ],
                [
                    -0.9177418947219849,
                    0.28945842385292053,
                    -0.2719627618789673,
                    -1.0963170528411865
                ],
                [
                    0.0,
                    0.6847386956214905,
                    0.7287885546684265,
                    2.9378409385681152
                ],
                [
                    0.0,
                    0.0,
                    0.0,
                    1.0
                ]
            ]
        },
        {
            "file_path": "/data/shapenet_blender/all_50_random/02958343/fa8ecf7278bb320bb7ecd40416f4e39/r_35",
            "rotation": 0.12566370614359174,
            "transform_matrix": [
                [
                    0.8298016786575317,
                    0.23581595718860626,
                    -0.5057865381240845,
                    -2.038890838623047
                ],
                [
                    -0.5580584406852722,
                    0.35064512491226196,
                    -0.752076268196106,
                    -3.0317163467407227
                ],
                [
                    0.0,
                    0.9063324928283691,
                    0.4225650131702423,
                    1.7034140825271606
                ],
                [
                    0.0,
                    0.0,
                    0.0,
                    1.0
                ]
            ]
        },
        {
            "file_path": "/data/shapenet_blender/all_50_random/02958343/fa8ecf7278bb320bb7ecd40416f4e39/r_36",
            "rotation": 0.12566370614359174,
            "transform_matrix": [
                [
                    0.753896951675415,
                    -0.6211228966712952,
                    -0.2141161859035492,
                    -0.8631299734115601
                ],
                [
                    -0.6569927334785461,
                    -0.7127364873886108,
                    -0.24569761753082275,
                    -0.9904387593269348
                ],
                [
                    -1.4901161193847656e-08,
                    0.3259035646915436,
                    -0.9454030394554138,
                    -3.8110415935516357
                ],
                [
                    0.0,
                    0.0,
                    0.0,
                    1.0
                ]
            ]
        },
        {
            "file_path": "/data/shapenet_blender/all_50_random/02958343/fa8ecf7278bb320bb7ecd40416f4e39/r_37",
            "rotation": 0.12566370614359174,
            "transform_matrix": [
                [
                    -0.9658993482589722,
                    0.004624427296221256,
                    0.25887659192085266,
                    1.043565034866333
                ],
                [
                    0.2589179277420044,
                    0.017251532524824142,
                    0.9657451510429382,
                    3.8930435180664062
                ],
                [
                    0.0,
                    0.9998404383659363,
                    -0.017860587686300278,
                    -0.07199834287166595
                ],
                [
                    0.0,
                    0.0,
                    0.0,
                    1.0
                ]
            ]
        },
        {
            "file_path": "/data/shapenet_blender/all_50_random/02958343/fa8ecf7278bb320bb7ecd40416f4e39/r_38",
            "rotation": 0.12566370614359174,
            "transform_matrix": [
                [
                    -0.036891255527734756,
                    0.17194285988807678,
                    0.9844158887863159,
                    3.9683074951171875
                ],
                [
                    0.999319314956665,
                    0.0063475086353719234,
                    0.03634107485413551,
                    0.14649556577205658
                ],
                [
                    0.0,
                    0.9850864410400391,
                    -0.17205998301506042,
                    -0.6935960054397583
                ],
                [
                    0.0,
                    0.0,
                    0.0,
                    1.0
                ]
            ]
        },
        {
            "file_path": "/data/shapenet_blender/all_50_random/02958343/fa8ecf7278bb320bb7ecd40416f4e39/r_39",
            "rotation": 0.12566370614359174,
            "transform_matrix": [
                [
                    0.9999501705169678,
                    0.003069230355322361,
                    0.00950642116367817,
                    0.038321614265441895
                ],
                [
                    0.009989607147872448,
                    -0.3072270452976227,
                    -0.951583743095398,
                    -3.8359570503234863
                ],
                [
                    0.0,
                    0.9516312479972839,
                    -0.30724233388900757,
                    -1.238533616065979
                ],
                [
                    0.0,
                    0.0,
                    0.0,
                    1.0
                ]
            ]
        },
        {
            "file_path": "/data/shapenet_blender/all_50_random/02958343/fa8ecf7278bb320bb7ecd40416f4e39/r_40",
            "rotation": 0.12566370614359174,
            "transform_matrix": [
                [
                    0.8046637773513794,
                    -0.0800345316529274,
                    0.5883117914199829,
                    2.371560573577881
                ],
                [
                    0.5937308669090271,
                    0.10846815258264542,
                    -0.7973195314407349,
                    -3.214097738265991
                ],
                [
                    7.450580596923828e-09,
                    0.9908729195594788,
                    0.13479936122894287,
                    0.543393611907959
                ],
                [
                    0.0,
                    0.0,
                    0.0,
                    1.0
                ]
            ]
        },
        {
            "file_path": "/data/shapenet_blender/all_50_random/02958343/fa8ecf7278bb320bb7ecd40416f4e39/r_41",
            "rotation": 0.12566370614359174,
            "transform_matrix": [
                [
                    -0.6796466708183289,
                    0.6468100547790527,
                    -0.34600165486335754,
                    -1.3947772979736328
                ],
                [
                    -0.7335396409034729,
                    -0.5992891192436218,
                    0.32058101892471313,
                    1.292303442955017
                ],
                [
                    0.0,
                    0.4716877043247223,
