{
    "class": "02958343",
    "model": "e9bccdd7a52f13329b3f352e6fa9112e",
    "remove_doubles": true,
    "edge_split": true,
    "denoise": true,
    "camera_angle_x": 0.6911112070083618,
    "scale_factor": 2.532716373158202,
    "hdri_file": "/data/IndoorHDRDataset2018/AG8A5482-af5d9ded25.exr",
    "center_offset": [
        0.0,
        -9.313225746154785e-10,
        0.0
    ],
    "lights": [],
    "frames": [
        {
            "file_path": "/data/shapenet_blender/all_50_random/02958343/e9bccdd7a52f13329b3f352e6fa9112e/r_0",
            "rotation": 0.12566370614359174,
            "transform_matrix": [
                [
                    -0.9999217987060547,
                    -0.00943894311785698,
                    0.008206103928387165,
                    0.03307986259460449
                ],
                [
                    0.012507349252700806,
                    -0.7546126842498779,
                    0.6560512185096741,
                    2.6446268558502197
                ],
                [
                    0.0,
                    0.6561025977134705,
                    0.7546717524528503,
                    3.0421791076660156
                ],
                [
                    0.0,
                    0.0,
                    0.0,
                    1.0
                ]
            ]
        },
        {
            "file_path": "/data/shapenet_blender/all_50_random/02958343/e9bccdd7a52f13329b3f352e6fa9112e/r_1",
            "rotation": 0.12566370614359174,
            "transform_matrix": [
                [
                    0.029837273061275482,
                    -0.45989468693733215,
                    0.8874720335006714,
                    3.577514171600342
                ],
                [
                    0.9995548129081726,
                    0.013728114776313305,
                    -0.026491539552807808,
                    -0.10679081082344055
                ],
                [
                    0.0,
                    0.8878672122955322,
                    0.46009954810142517,
                    1.8547205924987793
                ],
                [
                    0.0,
                    0.0,
                    0.0,
                    1.0
                ]
            ]
        },
        {
            "file_path": "/data/shapenet_blender/all_50_random/02958343/e9bccdd7a52f13329b3f352e6fa9112e/r_2",
            "rotation": 0.12566370614359174,
            "transform_matrix": [
                [
                    -0.9719263315200806,
                    -0.032966408878564835,
                    -0.2329641878604889,
                    -0.9391086101531982
                ],
                [
                    -0.23528510332107544,
                    0.1361791044473648,
                    0.962338924407959,
                    3.879312038421631
                ],
                [
                    -3.7252896323280993e-09,
                    0.9901356101036072,
                    -0.14011256396770477,
                    -0.5648118257522583
                ],
                [
                    0.0,
                    0.0,
                    0.0,
                    1.0
                ]
            ]
        },
        {
            "file_path": "/data/shapenet_blender/all_50_random/02958343/e9bccdd7a52f13329b3f352e6fa9112e/r_3",
            "rotation": 0.12566370614359174,
            "transform_matrix": [
                [
                    -0.8636455535888672,
                    0.4463125169277191,
                    0.23435331881046295,
                    0.9447084665298462
                ],
                [
                    0.5040995478630066,
                    0.7646422386169434,
                    0.40150439739227295,
                    1.618515968322754
                ],
                [
                    -1.4901162970204496e-08,
                    0.4648948907852173,
                    -0.8853658437728882,
                    -3.569023847579956
                ],
                [
                    0.0,
                    0.0,
                    0.0,
                    1.0
                ]
            ]
        },
        {
            "file_path": "/data/shapenet_blender/all_50_random/02958343/e9bccdd7a52f13329b3f352e6fa9112e/r_4",
            "rotation": 0.12566370614359174,
            "transform_matrix": [
                [
                    -0.37495410442352295,
                    -0.07236945629119873,
                    0.9242143034934998,
                    3.7256269454956055
                ],
                [
                    0.9270433187484741,
                    -0.02927071787416935,
                    0.3738098740577698,
                    1.50687575340271
                ],
                [
                    -1.8626450382086546e-09,
                    0.9969482421875,
                    0.07806480675935745,
                    0.3146893084049225
                ],
                [
                    0.0,
                    0.0,
                    0.0,
                    1.0
                ]
            ]
        },
        {
            "file_path": "/data/shapenet_blender/all_50_random/02958343/e9bccdd7a52f13329b3f352e6fa9112e/r_5",
            "rotation": 0.12566370614359174,
            "transform_matrix": [
                [
                    -0.00010338755964767188,
                    0.08485238999128342,
                    0.996393620967865,
                    4.016590595245361
                ],
                [
                    0.9999999403953552,
                    8.772683031565975e-06,
                    0.00010301471775164828,
                    0.0004152655601501465
                ],
                [
                    -9.094945391426024e-13,
                    0.9963935017585754,
                    -0.08485239744186401,
                    -0.3420509099960327
                ],
                [
                    0.0,
                    0.0,
                    0.0,
                    1.0
                ]
            ]
        },
        {
            "file_path": "/data/shapenet_blender/all_50_random/02958343/e9bccdd7a52f13329b3f352e6fa9112e/r_6",
            "rotation": 0.12566370614359174,
            "transform_matrix": [
                [
                    -0.7596680521965027,
                    0.5322701930999756,
                    -0.37362146377563477,
                    -1.506116271018982
                ],
                [
                    -0.6503111720085144,
                    -0.6217771172523499,
                    0.43644991517066956,
                    1.7593859434127808
                ],
                [
                    1.4901162970204496e-08,
                    0.5745270848274231,
                    0.8184854984283447,
                    3.2994205951690674
                ],
                [
                    0.0,
                    0.0,
                    0.0,
                    1.0
                ]
            ]
        },
        {
            "file_path": "/data/shapenet_blender/all_50_random/02958343/e9bccdd7a52f13329b3f352e6fa9112e/r_7",
            "rotation": 0.12566370614359174,
            "transform_matrix": [
                [
                    -0.12473423779010773,
                    0.04693812504410744,
                    -0.9910792708396912,
                    -3.995168447494507
                ],
                [
                    -0.9921903014183044,
                    -0.005900875199586153,
                    0.1245945617556572,
                    0.5022567510604858
                ],
                [
                    0.0,
                    0.9988803267478943,
                    0.047307588160037994,
                    0.19070298969745636
                ],
                [
                    0.0,
                    0.0,
                    0.0,
                    1.0
                ]
            ]
        },
        {
            "file_path": "/data/shapenet_blender/all_50_random/02958343/e9bccdd7a52f13329b3f352e6fa9112e/r_8",
            "rotation": 0.12566370614359174,
            "transform_matrix": [
                [
                    -0.7198233604431152,
                    -0.635102391242981,
                    -0.28017720580101013,
                    -1.1294304132461548
                ],
                [
                    -0.6941573023796082,
                    0.6585849523544312,
                    0.2905365824699402,
                    1.1711903810501099
                ],
                [
                    1.4901162970204496e-08,
                    0.40362200140953064,
                    -0.914925754070282,
                    -3.6881837844848633
                ],
                [
                    0.0,
                    0.0,
                    0.0,
                    1.0
                ]
            ]
        },
        {
            "file_path": "/data/shapenet_blender/all_50_random/02958343/e9bccdd7a52f13329b3f352e6fa9112e/r_9",
            "rotation": 0.12566370614359174,
            "transform_matrix": [
                [
                    -0.2350156456232071,
                    -0.06907649338245392,
                    -0.9695339202880859,
                    -3.9083163738250732
                ],
                [
                    -0.9719916582107544,
                    0.016701847314834595,
                    0.23442138731479645,
                    0.9449828863143921
                ],
                [
                    0.0,
                    0.9974715113639832,
                    -0.0710669532418251,
                    -0.2864800691604614
                ],
                [
                    0.0,
                    0.0,
                    0.0,
                    1.0
                ]
            ]
        },
        {
            "file_path": "/data/shapenet_blender/all_50_random/02958343/e9bccdd7a52f13329b3f352e6fa9112e/r_10",
            "rotation": 0.12566370614359174,
            "transform_matrix": [
                [
                    0.4978694021701813,
                    0.09182384610176086,
                    -0.8623771667480469,
                    -3.476353645324707
                ],
                [
                    -0.8672520518302917,
                    0.05271394923329353,
                    -0.49507084488868713,
                    -1.9956943988800049
                ],
                [
                    -3.725290298461914e-09,
                    0.9943789839744568,
                    0.10587906837463379,
                    0.42681217193603516
                ],
                [
                    0.0,
                    0.0,
                    0.0,
                    1.0
                ]
            ]
        },
        {
            "file_path": "/data/shapenet_blender/all_50_random/02958343/e9bccdd7a52f13329b3f352e6fa9112e/r_11",
            "rotation": 0.12566370614359174,
            "transform_matrix": [
                [
                    0.817624568939209,
                    0.464572012424469,
                    0.34009265899658203,
                    1.370957374572754
                ],
                [
                    0.5757518410682678,
                    -0.6597381830215454,
                    -0.4829651713371277,
                    -1.946894884109497
                ],
                [
                    1.4901162970204496e-08,
                    0.5906931161880493,
                    -0.8068962693214417,
                    -3.2527029514312744
                ],
                [
                    0.0,
                    0.0,
                    0.0,
                    1.0
                ]
            ]
        },
        {
            "file_path": "/data/shapenet_blender/all_50_random/02958343/e9bccdd7a52f13329b3f352e6fa9112e/r_12",
            "rotation": 0.12566370614359174,
            "transform_matrix": [
                [
                    -0.7570844888687134,
                    -0.2943445146083832,
                    0.5832531452178955,
                    2.3511688709259033
                ],
                [
                    0.6533169150352478,
                    -0.34109586477279663,
                    0.6758924126625061,
                    2.724609613418579
                ],
                [
                    0.0,
                    0.8927568197250366,
                    0.4505387246608734,
                    1.8161797523498535
                ],
                [
                    0.0,
                    0.0,
                    0.0,
                    1.0
                ]
            ]
        },
        {
            "file_path": "/data/shapenet_blender/all_50_random/02958343/e9bccdd7a52f13329b3f352e6fa9112e/r_13",
            "rotation": 0.12566370614359174,
            "transform_matrix": [
                [
                    -0.5029380321502686,
                    0.6487388610839844,
                    0.5711316466331482,
                    2.302305221557617
                ],
                [
                    0.8643225431442261,
                    0.3774926960468292,
                    0.33233407139778137,
                    1.3396815061569214
                ],
                [
                    0.0,
                    0.6607853174209595,
                    -0.7505749464035034,
                    -3.0256643295288086
                ],
                [
                    0.0,
                    0.0,
                    0.0,
                    1.0
                ]
            ]
        },
        {
            "file_path": "/data/shapenet_blender/all_50_random/02958343/e9bccdd7a52f13329b3f352e6fa9112e/r_14",
            "rotation": 0.12566370614359174,
            "transform_matrix": [
                [
                    0.7098754048347473,
                    -0.025581682100892067,
                    0.7038626074790955,
                    2.8373608589172363
                ],
                [
                    0.7043273448944092,
                    0.02578319050371647,
                    -0.7094069719314575,
                    -2.859710931777954
                ],
                [
                    0.0,
                    0.9993402361869812,
                    0.036320727318525314,
                    0.14641353487968445
                ],
                [
                    0.0,
                    0.0,
                    0.0,
                    1.0
                ]
            ]
        },
        {
            "file_path": "/data/shapenet_blender/all_50_random/02958343/e9bccdd7a52f13329b3f352e6fa9112e/r_15",
            "rotation": 0.12566370614359174,
            "transform_matrix": [
                [
                    0.8809135556221008,
                    0.06671583652496338,
                    0.4685514271259308,
                    1.8887913227081299
                ],
                [
                    0.47327739000320435,
                    -0.12417851388454437,
                    -0.8721170425415039,
                    -3.5156164169311523
                ],
                [
                    3.725290742551124e-09,
                    0.9900144338607788,
                    -0.14096561074256897,
                    -0.5682505965232849
                ],
                [
                    0.0,
                    0.0,
                    0.0,
                    1.0
                ]
            ]
        },
        {
            "file_path": "/data/shapenet_blender/all_50_random/02958343/e9bccdd7a52f13329b3f352e6fa9112e/r_16",
            "rotation": 0.12566370614359174,
            "transform_matrix": [
                [
                    -0.9630507826805115,
                    -0.015472170896828175,
                    0.26887500286102295,
                    1.0838696956634521
                ],
                [
                    0.2693197429180145,
                    -0.05532637611031532,
                    0.9614603519439697,
                    3.875770092010498
                ],
                [
                    9.313224635931761e-10,
                    0.9983484148979187,
                    0.05744907632470131,
                    0.2315846085548401
                ],
                [
                    0.0,
                    0.0,
                    0.0,
                    1.0
                ]
            ]
        },
        {
            "file_path": "/data/shapenet_blender/all_50_random/02958343/e9bccdd7a52f13329b3f352e6fa9112e/r_17",
            "rotation": 0.12566370614359174,
            "transform_matrix": [
                [
                    -0.8675224781036377,
                    -0.10545329749584198,
                    -0.4860910177230835,
                    -1.9594955444335938
                ],
                [
                    -0.49739813804626465,
                    0.18392327427864075,
                    0.8478014469146729,
                    3.4175970554351807
                ],
                [
                    -7.450581485102248e-09,
                    0.9772675037384033,
                    -0.21200984716415405,
                    -0.8546390533447266
                ],
                [
                    0.0,
                    0.0,
                    0.0,
                    1.0
                ]
            ]
        },
        {
            "file_path": "/data/shapenet_blender/all_50_random/02958343/e9bccdd7a52f13329b3f352e6fa9112e/r_18",
            "rotation": 0.12566370614359174,
            "transform_matrix": [
                [
                    -0.39538633823394775,
                    0.7237992286682129,
                    0.5654946565628052,
                    2.2795817852020264
                ],
                [
                    0.9185149073600769,
                    0.3115684986114502,
                    0.24342429637908936,
                    0.9812747240066528
                ],
                [
                    0.0,
                    0.6156618595123291,
                    -0.7880104184150696,
                    -3.1765716075897217
                ],
                [
                    0.0,
                    0.0,
                    0.0,
                    1.0
                ]
            ]
        },
        {
            "file_path": "/data/shapenet_blender/all_50_random/02958343/e9bccdd7a52f13329b3f352e6fa9112e/r_19",
            "rotation": 0.12566370614359174,
            "transform_matrix": [
                [
                    -0.792292058467865,
                    0.21952076256275177,
                    0.5692837238311768,
                    2.294856071472168
                ],
                [
                    0.6101420521736145,
                    0.28505584597587585,
                    0.7392359972000122,
                    2.9799556732177734
                ],
                [
                    -1.4901161193847656e-08,
                    0.9330346584320068,
                    -0.35978636145591736,
                    -1.4503451585769653
                ],
                [
                    0.0,
                    0.0,
                    0.0,
                    1.0
                ]
            ]
        },
        {
            "file_path": "/data/shapenet_blender/all_50_random/02958343/e9bccdd7a52f13329b3f352e6fa9112e/r_20",
            "rotation": 0.12566370614359174,
            "transform_matrix": [
                [
                    0.9992977976799011,
                    0.02224617823958397,
                    -0.030147112905979156,
                    -0.12152689695358276
                ],
                [
                    -0.03746652975678444,
                    0.5933444499969482,
                    -0.8040761947631836,
                    -3.241334915161133
                ],
                [
                    0.0,
                    0.8046411871910095,
                    0.5937613844871521,
                    2.393528699874878
                ],
                [
                    0.0,
                    0.0,
                    0.0,
                    1.0
                ]
            ]
        },
        {
            "file_path": "/data/shapenet_blender/all_50_random/02958343/e9bccdd7a52f13329b3f352e6fa9112e/r_21",
            "rotation": 0.12566370614359174,
            "transform_matrix": [
                [
                    0.7571935653686523,
                    0.004216349218040705,
                    -0.6531769037246704,
                    -2.633040428161621
                ],
                [
                    -0.653190553188324,
                    0.004887689370661974,
                    -0.7571777701377869,
                    -3.052281141281128
                ],
                [
                    0.0,
                    0.9999791979789734,
                    0.006455006077885628,
                    0.0260209608823061
                ],
                [
                    0.0,
                    0.0,
                    0.0,
                    1.0
                ]
            ]
        },
        {
            "file_path": "/data/shapenet_blender/all_50_random/02958343/e9bccdd7a52f13329b3f352e6fa9112e/r_22",
            "rotation": 0.12566370614359174,
            "transform_matrix": [
                [
                    0.7384886145591736,
                    -0.08455128222703934,
                    -0.6689437031745911,
                    -2.696598529815674
                ],
                [
                    -0.6742660403251648,
                    -0.0926046222448349,
                    -0.7326592803001404,
                    -2.953444242477417
                ],
                [
                    3.725290298461914e-09,
                    0.992106556892395,
                    -0.12539750337600708,
                    -0.5054935812950134
                ],
                [
                    0.0,
                    0.0,
                    0.0,
                    1.0
                ]
            ]
        },
        {
            "file_path": "/data/shapenet_blender/all_50_random/02958343/e9bccdd7a52f13329b3f352e6fa9112e/r_23",
            "rotation": 0.12566370614359174,
            "transform_matrix": [
                [
                    0.015039893798530102,
                    -0.05414368957281113,
                    0.998420000076294,
                    4.024759292602539
                ],
                [
                    0.9998869895935059,
                    0.0008144073653966188,
                    -0.015017828904092312,
                    -0.060538798570632935
                ],
                [
                    5.8207653974573503e-11,
                    0.9985328912734985,
                    0.0541498139500618,
                    0.21828486025333405
                ],
                [
                    0.0,
                    0.0,
                    0.0,
                    1.0
                ]
            ]
        },
        {
            "file_path": "/data/shapenet_blender/all_50_random/02958343/e9bccdd7a52f13329b3f352e6fa9112e/r_24",
            "rotation": 0.12566370614359174,
            "transform_matrix": [
                [
                    0.6863330006599426,
                    -0.3268618881702423,
                    0.6496985554695129,
                    2.619018793106079
                ],
                [
                    0.7272874116897583,
                    0.3084558844566345,
                    -0.6131132245063782,
                    -2.471538782119751
                ],
                [
                    0.0,
                    0.8933175206184387,
                    0.44942596554756165,
                    1.8116941452026367
                ],
                [
                    0.0,
                    0.0,
                    0.0,
                    1.0
                ]
            ]
        },
        {
            "file_path": "/data/shapenet_blender/all_50_random/02958343/e9bccdd7a52f13329b3f352e6fa9112e/r_25",
            "rotation": 0.12566370614359174,
            "transform_matrix": [
                [
                    0.4151213765144348,
                    -0.8862671852111816,
                    0.2054378092288971,
                    0.8281462788581848
                ],
                [
                    0.9097660779953003,
                    0.40439897775650024,
                    -0.09374018013477325,
                    -0.37787875533103943
                ],
                [
                    7.450580596923828e-09,
                    0.22581377625465393,
                    0.974170446395874,
                    3.927006721496582
                ],
                [
                    0.0,
                    0.0,
                    0.0,
                    1.0
                ]
            ]
        },
        {
            "file_path": "/data/shapenet_blender/all_50_random/02958343/e9bccdd7a52f13329b3f352e6fa9112e/r_26",
            "rotation": 0.12566370614359174,
            "transform_matrix": [
                [
                    0.9398432374000549,
                    -0.06911467015743256,
                    -0.334541380405426,
                    -1.3485795259475708
                ],
                [
                    -0.3416061997413635,
                    -0.19015155732631683,
                    -0.9204061627388,
                    -3.7102761268615723
                ],
                [
                    0.0,
                    0.9793189167976379,
                    -0.20232266187667847,
                    -0.8155887722969055
                ],
                [
                    0.0,
                    0.0,
                    0.0,
                    1.0
                ]
            ]
        },
        {
            "file_path": "/data/shapenet_blender/all_50_random/02958343/e9bccdd7a52f13329b3f352e6fa9112e/r_27",
            "rotation": 0.12566370614359174,
            "transform_matrix": [
                [
                    -0.4535209536552429,
                    0.602508544921875,
                    0.6567359566688538,
                    2.6473872661590576
                ],
                [
                    0.8912456035614014,
                    0.306593656539917,
                    0.33418792486190796,
                    1.3471546173095703
                ],
                [
                    1.4901161193847656e-08,
                    0.7368741631507874,
                    -0.6760298609733582,
                    -2.725163459777832
                ],
                [
                    0.0,
                    0.0,
                    0.0,
                    1.0
                ]
            ]
        },
        {
            "file_path": "/data/shapenet_blender/all_50_random/02958343/e9bccdd7a52f13329b3f352e6fa9112e/r_28",
            "rotation": 0.12566370614359174,
            "transform_matrix": [
                [
                    -0.3669128715991974,
                    0.01638910360634327,
                    0.9301109313964844,
                    3.749397039413452
                ],
                [
                    0.9302552938461304,
                    0.006464218720793724,
                    0.3668559491634369,
                    1.4788436889648438
                ],
                [
                    -4.656612873077393e-10,
                    0.9998447299003601,
                    -0.017617858946323395,
                    -0.07101985812187195
                ],
                [
                    0.0,
                    0.0,
                    0.0,
                    1.0
                ]
            ]
        },
        {
            "file_path": "/data/shapenet_blender/all_50_random/02958343/e9bccdd7a52f13329b3f352e6fa9112e/r_29",
            "rotation": 0.12566370614359174,
            "transform_matrix": [
                [
                    -0.25535789132118225,
                    -0.7583642601966858,
                    -0.5997300148010254,
                    -2.417588949203491
                ],
                [
                    -0.9668465852737427,
                    0.20029476284980774,
                    0.15839721262454987,
                    0.6385195851325989
                ],
                [
                    0.0,
                    0.6202948689460754,
                    -0.7843686938285828,
                    -3.161891222000122
                ],
                [
                    0.0,
                    0.0,
                    0.0,
                    1.0
                ]
            ]
        },
        {
            "file_path": "/data/shapenet_blender/all_50_random/02958343/e9bccdd7a52f13329b3f352e6fa9112e/r_30",
            "rotation": 0.12566370614359174,
            "transform_matrix": [
                [
                    0.03731897845864296,
                    0.4436730444431305,
                    0.8954113125801086,
                    3.609518527984619
                ],
                [
                    0.99930340051651,
                    -0.016568968072533607,
                    -0.03343913331627846,
                    -0.13479745388031006
                ],
                [
                    -9.313225746154785e-10,
                    0.8960354924201965,
                    -0.4439823627471924,
                    -1.789750099182129
                ],
                [
                    0.0,
                    0.0,
                    0.0,
                    1.0
                ]
            ]
        },
        {
            "file_path": "/data/shapenet_blender/all_50_random/02958343/e9bccdd7a52f13329b3f352e6fa9112e/r_31",
            "rotation": 0.12566370614359174,
            "transform_matrix": [
                [
                    -0.4966503381729126,
                    -0.5904595255851746,
                    0.6361571550369263,
                    2.5644314289093018
                ],
                [
                    0.8679507970809937,
                    -0.33786699175834656,
                    0.3640156388282776,
                    1.4673939943313599
                ],
                [
                    0.0,
                    0.7329414486885071,
                    0.6802915930747986,
                    2.7423431873321533
                ],
                [
                    0.0,
                    0.0,
                    0.0,
                    1.0
                ]
            ]
        },
        {
            "file_path": "/data/shapenet_blender/all_50_random/02958343/e9bccdd7a52f13329b3f352e6fa9112e/r_32",
            "rotation": 0.12566370614359174,
            "transform_matrix": [
                [
                    0.9890748262405396,
                    0.09244649112224579,
                    0.11482410877943039,
                    0.4628707766532898
                ],
                [
                    0.14741413295269012,
                    -0.6202694773674011,
                    -0.7704120874404907,
                    -3.105630397796631
                ],
                [
                    -7.450580152834618e-09,
                    0.778921902179718,
                    -0.627120852470398,
                    -2.5280051231384277
                ],
                [
                    0.0,
                    0.0,
                    0.0,
                    1.0
                ]
            ]
        },
        {
            "file_path": "/data/shapenet_blender/all_50_random/02958343/e9bccdd7a52f13329b3f352e6fa9112e/r_33",
            "rotation": 0.12566370614359174,
            "transform_matrix": [
                [
                    -0.4855935871601105,
                    -0.1731492429971695,
                    -0.8568652868270874,
                    -3.454134702682495
                ],
                [
                    -0.874184787273407,
                    0.096181221306324,
                    0.4759729206562042,
                    1.918708324432373
                ],
                [
                    0.0,
                    0.9801879525184631,
                    -0.19806937873363495,
                    -0.7984432578086853
                ],
                [
                    0.0,
                    0.0,
                    0.0,
                    1.0
                ]
            ]
        },
        {
            "file_path": "/data/shapenet_blender/all_50_random/02958343/e9bccdd7a52f13329b3f352e6fa9112e/r_34",
            "rotation": 0.12566370614359174,
            "transform_matrix": [
                [
                    -0.6432103514671326,
                    0.4123031497001648,
                    0.6452027559280396,
                    2.600895404815674
                ],
                [
                    0.7656895518302917,
                    0.34635141491889954,
                    0.5419965386390686,
                    2.1848578453063965
                ],
                [
                    -1.4901161193847656e-08,
                    0.8426427245140076,
                    -0.5384730696678162,
                    -2.170654296875
                ],
                [
                    0.0,
                    0.0,
                    0.0,
                    1.0
                ]
            ]
        },
        {
            "file_path": "/data/shapenet_blender/all_50_random/02958343/e9bccdd7a52f13329b3f352e6fa9112e/r_35",
            "rotation": 0.12566370614359174,
            "transform_matrix": [
                [
                    0.99904465675354,
                    -0.03324373811483383,
                    0.028368879109621048,
                    0.11435861885547638
                ],
                [
                    0.0437028594315052,
                    0.759949803352356,
                    -0.6485108137130737,
                    -2.6142308712005615
                ],
                [
                    0.0,
                    0.6491310596466064,
                    0.7606765031814575,
                    3.066385269165039
                ],
                [
                    0.0,
                    0.0,
                    0.0,
                    1.0
                ]
            ]
        },
        {
            "file_path": "/data/shapenet_blender/all_50_random/02958343/e9bccdd7a52f13329b3f352e6fa9112e/r_36",
            "rotation": 0.12566370614359174,
            "transform_matrix": [
                [
                    0.27038753032684326,
                    -0.3103220760822296,
                    -0.9113674759864807,
                    -3.673840045928955
                ],
                [
                    -0.962751567363739,
                    -0.08715354651212692,
                    -0.25595635175704956,
                    -1.0317931175231934
                ],
                [
                    7.450580596923828e-09,
                    0.9466278553009033,
                    -0.3223282992839813,
                    -1.2993470430374146
                ],
                [
                    0.0,
                    0.0,
                    0.0,
                    1.0
                ]
            ]
        },
        {
            "file_path": "/data/shapenet_blender/all_50_random/02958343/e9bccdd7a52f13329b3f352e6fa9112e/r_37",
            "rotation": 0.12566370614359174,
            "transform_matrix": [
                [
                    0.8606753349304199,
                    0.4397891163825989,
                    0.256560742855072,
                    1.0342293977737427
                ],
                [
                    0.5091540813446045,
                    -0.7434206008911133,
                    -0.4336909055709839,
                    -1.748263955116272
                ],
                [
                    0.0,
                    0.5038960576057434,
                    -0.8637642860412598,
                    -3.481945276260376
                ],
                [
                    0.0,
                    0.0,
                    0.0,
                    1.0
                ]
            ]
        },
        {
            "file_path": "/data/shapenet_blender/all_50_random/02958343/e9bccdd7a52f13329b3f352e6fa9112e/r_38",
            "rotation": 0.12566370614359174,
            "transform_matrix": [
                [
                    0.3938651382923126,
                    -0.4409540593624115,
                    -0.806492269039154,
                    -3.2510743141174316
                ],
                [
                    -0.91916823387146,
                    -0.1889495551586151,
                    -0.34558331966400146,
                    -1.3930909633636475
                ],
                [
                    1.4901159417490817e-08,
                    0.8774153590202332,
                    -0.47973161935806274,
                    -1.9338600635528564
                ],
                [
                    0.0,
                    0.0,
                    0.0,
                    1.0
                ]
            ]
        },
        {
            "file_path": "/data/shapenet_blender/all_50_random/02958343/e9bccdd7a52f13329b3f352e6fa9112e/r_39",
            "rotation": 0.12566370614359174,
            "transform_matrix": [
                [
                    0.3361389636993408,
                    0.6566103100776672,
                    -0.675183892250061,
                    -2.7217535972595215
                ],
                [
                    -0.9418123960494995,
                    0.23434850573539734,
                    -0.24097754061222076,
                    -0.9714115858078003
                ],
                [
                    0.0,
                    0.716898500919342,
                    0.6971774101257324,
                    2.8104121685028076
                ],
                [
                    0.0,
                    0.0,
                    0.0,
                    1.0
                ]
            ]
        },
        {
            "file_path": "/data/shapenet_blender/all_50_random/02958343/e9bccdd7a52f13329b3f352e6fa9112e/r_40",
            "rotation": 0.12566370614359174,
            "transform_matrix": [
                [
                    0.9995020627975464,
                    0.00654040789231658,
                    -0.03087003342807293,
                    -0.12444108724594116
                ],
                [
                    -0.031555287539958954,
                    0.20716500282287598,
                    -0.9777969717979431,
                    -3.9416255950927734
                ],
                [
                    -4.656613428188905e-10,
                    0.9782840609550476,
                    0.20726825296878815,
                    0.8355250358581543
                ],
                [
                    0.0,
                    0.0,
                    0.0,
                    1.0
                ]
            ]
        },
        {
            "file_path": "/data/shapenet_blender/all_50_random/02958343/e9bccdd7a52f13329b3f352e6fa9112e/r_41",
            "rotation": 0.12566370614359174,
            "transform_matrix": [
                [
                    0.033357515931129456,
                    -0.951107382774353,
                    -0.3070538341999054,
                    -1.2377736568450928
                ],
                [
                    -0.999443531036377,
                    -0.03174424543976784,
                    -0.010248254984617233,
