{
    "class": "02958343",
    "model": "712826b933a6818c7e003129afd0cbfe",
    "remove_doubles": true,
    "edge_split": true,
    "denoise": true,
    "camera_angle_x": 0.6911112070083618,
    "scale_factor": 2.147090781917088,
    "hdri_file": "/data/IndoorHDRDataset2018/9C4A3656-95af40215b.exr",
    "center_offset": [
        0.0,
        0.0,
        -1.862645149230957e-09
    ],
    "lights": [],
    "frames": [
        {
            "file_path": "/data/shapenet_blender/all_50_random/02958343/712826b933a6818c7e003129afd0cbfe/r_0",
            "rotation": 0.12566370614359174,
            "transform_matrix": [
                [
                    -0.03300898149609566,
                    0.4858247935771942,
                    -0.8734326958656311,
                    -3.5209195613861084
                ],
                [
                    -0.9994550347328186,
                    -0.016045328229665756,
                    0.028846846893429756,
                    0.11628535389900208
                ],
                [
                    -9.313224080820248e-10,
                    0.8739089369773865,
                    0.4860897362232208,
                    1.9594902992248535
                ],
                [
                    0.0,
                    0.0,
                    0.0,
                    1.0
                ]
            ]
        },
        {
            "file_path": "/data/shapenet_blender/all_50_random/02958343/712826b933a6818c7e003129afd0cbfe/r_1",
            "rotation": 0.12566370614359174,
            "transform_matrix": [
                [
                    -0.2573593556880951,
                    0.2379390448331833,
                    -0.9365634322166443,
                    -3.7754080295562744
                ],
                [
                    -0.9663156867027283,
                    -0.06337043642997742,
                    0.2494354397058487,
                    1.0055063962936401
                ],
                [
                    -3.725290076417309e-09,
                    0.9692106246948242,
                    0.24623320996761322,
                    0.9925978183746338
                ],
                [
                    0.0,
                    0.0,
                    0.0,
                    1.0
                ]
            ]
        },
        {
            "file_path": "/data/shapenet_blender/all_50_random/02958343/712826b933a6818c7e003129afd0cbfe/r_2",
            "rotation": 0.12566370614359174,
            "transform_matrix": [
                [
                    -0.450667142868042,
                    -0.02657586708664894,
                    0.8922962546348572,
                    3.596961498260498
                ],
                [
                    0.892691969871521,
                    -0.013416578061878681,
                    0.45046737790107727,
                    1.815892219543457
                ],
                [
                    9.313225191043273e-10,
                    0.9995567798614502,
                    0.029770471155643463,
                    0.12000861763954163
                ],
                [
                    0.0,
                    0.0,
                    0.0,
                    1.0
                ]
            ]
        },
        {
            "file_path": "/data/shapenet_blender/all_50_random/02958343/712826b933a6818c7e003129afd0cbfe/r_3",
            "rotation": 0.12566370614359174,
            "transform_matrix": [
                [
                    -0.6484529376029968,
                    0.012930885888636112,
                    -0.7611448764801025,
                    -3.0682730674743652
                ],
                [
                    -0.7612547278404236,
                    -0.011014802381396294,
                    0.6483593583106995,
                    2.6136202812194824
                ],
                [
                    0.0,
                    0.9998557567596436,
                    0.01698627695441246,
                    0.06847387552261353
                ],
                [
                    0.0,
                    0.0,
                    0.0,
                    1.0
                ]
            ]
        },
        {
            "file_path": "/data/shapenet_blender/all_50_random/02958343/712826b933a6818c7e003129afd0cbfe/r_4",
            "rotation": 0.12566370614359174,
            "transform_matrix": [
                [
                    0.37405696511268616,
                    -0.009803050197660923,
                    0.9273539185523987,
                    3.738283157348633
                ],
                [
                    0.9274056553840637,
                    0.003953932318836451,
                    -0.37403610348701477,
                    -1.5077877044677734
                ],
                [
                    0.0,
                    0.9999440908432007,
                    0.010570401325821877,
                    0.04261064901947975
                ],
                [
                    0.0,
                    0.0,
                    0.0,
                    1.0
                ]
            ]
        },
        {
            "file_path": "/data/shapenet_blender/all_50_random/02958343/712826b933a6818c7e003129afd0cbfe/r_5",
            "rotation": 0.12566370614359174,
            "transform_matrix": [
                [
                    0.6145550012588501,
                    0.4369238317012787,
                    -0.6568253636360168,
                    -2.6477479934692383
                ],
                [
                    -0.7888739705085754,
                    0.34037595987319946,
                    -0.5116854310035706,
                    -2.0626702308654785
                ],
                [
                    0.0,
                    0.8326113224029541,
                    0.5538575649261475,
                    2.2326714992523193
                ],
                [
                    0.0,
                    0.0,
                    0.0,
                    1.0
                ]
            ]
        },
        {
            "file_path": "/data/shapenet_blender/all_50_random/02958343/712826b933a6818c7e003129afd0cbfe/r_6",
            "rotation": 0.12566370614359174,
            "transform_matrix": [
                [
                    -0.27929046750068665,
                    -0.5738744735717773,
                    -0.7698473334312439,
                    -3.103353977203369
                ],
                [
                    -0.9602066874504089,
                    0.16691996157169342,
                    0.22392161190509796,
                    0.9026569128036499
                ],
                [
                    0.0,
                    0.8017517328262329,
                    -0.5976572632789612,
                    -2.409233570098877
                ],
                [
                    0.0,
                    0.0,
                    0.0,
                    1.0
                ]
            ]
        },
        {
            "file_path": "/data/shapenet_blender/all_50_random/02958343/712826b933a6818c7e003129afd0cbfe/r_7",
            "rotation": 0.12566370614359174,
            "transform_matrix": [
                [
                    -0.7074716091156006,
                    0.005344640929251909,
                    0.7067216634750366,
                    2.8488857746124268
                ],
                [
                    0.7067418098449707,
                    0.005350159946829081,
                    0.7074514031410217,
                    2.851827383041382
                ],
                [
                    -2.3283061589829401e-10,
                    0.9999713897705078,
                    -0.007562368642538786,
                    -0.03048487938940525
                ],
                [
                    0.0,
                    0.0,
                    0.0,
                    1.0
                ]
            ]
        },
        {
            "file_path": "/data/shapenet_blender/all_50_random/02958343/712826b933a6818c7e003129afd0cbfe/r_8",
            "rotation": 0.12566370614359174,
            "transform_matrix": [
                [
                    -0.999958336353302,
                    0.009032666683197021,
                    -0.0013139217626303434,
                    -0.005296587944030762
                ],
                [
                    -0.009127729572355747,
                    -0.9895440340042114,
                    0.14394237101078033,
                    0.5802502632141113
                ],
                [
                    0.0,
                    0.14394798874855042,
                    0.9895852208137512,
                    3.989145517349243
                ],
                [
                    0.0,
                    0.0,
                    0.0,
                    1.0
                ]
            ]
        },
        {
            "file_path": "/data/shapenet_blender/all_50_random/02958343/712826b933a6818c7e003129afd0cbfe/r_9",
            "rotation": 0.12566370614359174,
            "transform_matrix": [
                [
                    0.6915965676307678,
                    0.2558947205543518,
                    0.6754346489906311,
                    2.722764492034912
                ],
                [
                    0.7222840189933777,
                    -0.24502260982990265,
                    -0.6467376947402954,
                    -2.607083320617676
                ],
                [
                    0.0,
                    0.9351373314857483,
                    -0.3542853891849518,
                    -1.4281702041625977
                ],
                [
                    0.0,
                    0.0,
                    0.0,
                    1.0
                ]
            ]
        },
        {
            "file_path": "/data/shapenet_blender/all_50_random/02958343/712826b933a6818c7e003129afd0cbfe/r_10",
            "rotation": 0.12566370614359174,
            "transform_matrix": [
                [
                    -0.980828583240509,
                    -0.04530229791998863,
                    0.18953357636928558,
                    0.7640342712402344
                ],
                [
                    0.19487245380878448,
                    -0.22801470756530762,
                    0.9539570212364197,
                    3.8455235958099365
                ],
                [
                    -3.7252898543727042e-09,
                    0.9726032614707947,
                    0.2324715107679367,
                    0.9371225833892822
                ],
                [
                    0.0,
                    0.0,
                    0.0,
                    1.0
                ]
            ]
        },
        {
            "file_path": "/data/shapenet_blender/all_50_random/02958343/712826b933a6818c7e003129afd0cbfe/r_11",
            "rotation": 0.12566370614359174,
            "transform_matrix": [
                [
                    0.8550367951393127,
                    -0.13388417661190033,
                    -0.5009861588478088,
                    -2.0195400714874268
                ],
                [
                    -0.5185673832893372,
                    -0.22075413167476654,
                    -0.8260480761528015,
                    -3.329906463623047
                ],
                [
                    -7.450580596923828e-09,
                    0.9660965800285339,
                    -0.2581808269023895,
                    -1.0407602787017822
                ],
                [
                    0.0,
                    0.0,
                    0.0,
                    1.0
                ]
            ]
        },
        {
            "file_path": "/data/shapenet_blender/all_50_random/02958343/712826b933a6818c7e003129afd0cbfe/r_12",
            "rotation": 0.12566370614359174,
            "transform_matrix": [
                [
                    0.9904014468193054,
                    -0.009163543581962585,
                    -0.13791614770889282,
                    -0.5559578537940979
                ],
                [
                    -0.13822025060653687,
                    -0.06566032767295837,
                    -0.9882224798202515,
                    -3.9836525917053223
                ],
                [
                    0.0,
                    0.9977999329566956,
                    -0.06629665940999985,
                    -0.2672504186630249
                ],
                [
                    0.0,
                    0.0,
                    0.0,
                    1.0
                ]
            ]
        },
        {
            "file_path": "/data/shapenet_blender/all_50_random/02958343/712826b933a6818c7e003129afd0cbfe/r_13",
            "rotation": 0.12566370614359174,
            "transform_matrix": [
                [
                    -0.6655151844024658,
                    -0.17035184800624847,
                    -0.7266841530799866,
                    -2.9293575286865234
                ],
                [
                    -0.7463843822479248,
                    0.15189458429813385,
                    0.6479494571685791,
                    2.6119678020477295
                ],
                [
                    0.0,
                    0.9736058115959167,
                    -0.2282361090183258,
                    -0.9200491905212402
                ],
                [
                    0.0,
                    0.0,
                    0.0,
                    1.0
                ]
            ]
        },
        {
            "file_path": "/data/shapenet_blender/all_50_random/02958343/712826b933a6818c7e003129afd0cbfe/r_14",
            "rotation": 0.12566370614359174,
            "transform_matrix": [
                [
                    0.9309760928153992,
                    -0.3064606487751007,
                    0.19840744137763977,
                    0.7998060584068298
                ],
                [
                    0.3650803864002228,
                    0.7814924120903015,
                    -0.505950391292572,
                    -2.0395514965057373
                ],
                [
                    -1.4901162970204496e-08,
                    0.543462336063385,
                    0.8394334316253662,
                    3.383864641189575
                ],
                [
                    0.0,
                    0.0,
                    0.0,
                    1.0
                ]
            ]
        },
        {
            "file_path": "/data/shapenet_blender/all_50_random/02958343/712826b933a6818c7e003129afd0cbfe/r_15",
            "rotation": 0.12566370614359174,
            "transform_matrix": [
                [
                    0.2906334698200226,
                    -0.00826704315841198,
                    -0.9567987322807312,
                    -3.8569791316986084
                ],
                [
                    -0.9568345546722412,
                    -0.002511071041226387,
                    -0.2906225919723511,
                    -1.171537160873413
                ],
                [
                    0.0,
                    0.9999626278877258,
                    -0.008639994077384472,
                    -0.03482893109321594
                ],
                [
                    0.0,
                    0.0,
                    0.0,
                    1.0
                ]
            ]
        },
        {
            "file_path": "/data/shapenet_blender/all_50_random/02958343/712826b933a6818c7e003129afd0cbfe/r_16",
            "rotation": 0.12566370614359174,
            "transform_matrix": [
                [
                    0.608398973941803,
                    0.33388474583625793,
                    -0.7199802994728088,
                    -2.9023334980010986
                ],
                [
                    -0.7936313152313232,
                    0.2559565603733063,
                    -0.551937997341156,
                    -2.22493314743042
                ],
                [
                    0.0,
                    0.9071974754333496,
                    0.420705109834671,
                    1.6959165334701538
                ],
                [
                    0.0,
                    0.0,
                    0.0,
                    1.0
                ]
            ]
        },
        {
            "file_path": "/data/shapenet_blender/all_50_random/02958343/712826b933a6818c7e003129afd0cbfe/r_17",
            "rotation": 0.12566370614359174,
            "transform_matrix": [
                [
                    -0.8505586385726929,
                    0.3846876621246338,
                    0.35856014490127563,
                    1.4454022645950317
                ],
                [
                    0.5258802771568298,
                    0.6221936941146851,
                    0.5799350738525391,
                    2.3377933502197266
                ],
                [
                    1.4901162970204496e-08,
                    0.681828498840332,
                    -0.7315119504928589,
                    -2.948819160461426
                ],
                [
                    0.0,
                    0.0,
                    0.0,
                    1.0
                ]
            ]
        },
        {
            "file_path": "/data/shapenet_blender/all_50_random/02958343/712826b933a6818c7e003129afd0cbfe/r_18",
            "rotation": 0.12566370614359174,
            "transform_matrix": [
                [
                    0.9986836314201355,
                    0.016043568029999733,
                    0.0487208366394043,
                    0.196399986743927
                ],
                [
                    0.05129441246390343,
                    -0.3123624920845032,
                    -0.9485770463943481,
                    -3.8238365650177
                ],
                [
                    9.31322685637781e-10,
                    0.9498273730278015,
                    -0.3127742111682892,
                    -1.2608332633972168
                ],
                [
                    0.0,
                    0.0,
                    0.0,
                    1.0
                ]
            ]
        },
        {
            "file_path": "/data/shapenet_blender/all_50_random/02958343/712826b933a6818c7e003129afd0cbfe/r_19",
            "rotation": 0.12566370614359174,
            "transform_matrix": [
                [
                    0.9264539480209351,
                    -0.17151834070682526,
                    0.33505913615226746,
                    1.3506665229797363
                ],
                [
                    0.37640827894210815,
                    0.42215824127197266,
                    -0.824681282043457,
                    -3.3243966102600098
                ],
                [
                    -1.4901161193847656e-08,
                    0.8901482224464417,
                    0.455671101808548,
                    1.8368690013885498
                ],
                [
                    0.0,
                    0.0,
                    0.0,
                    1.0
                ]
            ]
        },
        {
            "file_path": "/data/shapenet_blender/all_50_random/02958343/712826b933a6818c7e003129afd0cbfe/r_20",
            "rotation": 0.12566370614359174,
            "transform_matrix": [
                [
                    -0.6751901507377625,
                    -0.029349831864237785,
                    -0.737059473991394,
                    -2.971181869506836
                ],
                [
                    -0.7376435399055481,
                    0.02686489373445511,
                    0.6746554970741272,
                    2.719623327255249
                ],
                [
                    -1.862645149230957e-09,
                    0.9992080926895142,
                    -0.0397886261343956,
                    -0.16039308905601501
                ],
                [
                    0.0,
                    0.0,
                    0.0,
                    1.0
                ]
            ]
        },
        {
            "file_path": "/data/shapenet_blender/all_50_random/02958343/712826b933a6818c7e003129afd0cbfe/r_21",
            "rotation": 0.12566370614359174,
            "transform_matrix": [
                [
                    -0.6288087964057922,
                    -0.12673723697662354,
                    0.7671617865562439,
                    3.0925281047821045
                ],
                [
                    0.7775599956512451,
                    -0.10249175131320953,
                    0.6203997731208801,
                    2.5009114742279053
                ],
                [
                    7.450580596923828e-09,
                    0.9866271615028381,
                    0.16299352049827576,
                    0.6570478677749634
                ],
                [
                    0.0,
                    0.0,
                    0.0,
                    1.0
                ]
            ]
        },
        {
            "file_path": "/data/shapenet_blender/all_50_random/02958343/712826b933a6818c7e003129afd0cbfe/r_22",
            "rotation": 0.12566370614359174,
            "transform_matrix": [
                [
                    -0.8962458372116089,
                    0.4334762692451477,
                    -0.09403014183044434,
                    -0.3790476322174072
                ],
                [
                    -0.44355762004852295,
                    -0.8758756518363953,
                    0.1899958997964859,
                    0.7658979892730713
                ],
                [
                    0.0,
                    0.2119908332824707,
                    0.9772716164588928,
                    3.9395079612731934
                ],
                [
                    0.0,
                    0.0,
                    0.0,
                    1.0
                ]
            ]
        },
        {
            "file_path": "/data/shapenet_blender/all_50_random/02958343/712826b933a6818c7e003129afd0cbfe/r_23",
            "rotation": 0.12566370614359174,
            "transform_matrix": [
                [
                    0.3478444516658783,
                    0.7325496077537537,
                    -0.5851284265518188,
                    -2.3587281703948975
                ],
                [
                    -0.937552273273468,
                    0.271785706281662,
                    -0.21709048748016357,
                    -0.8751197457313538
                ],
                [
                    0.0,
                    0.6241020560264587,
                    0.7813427448272705,
                    3.149693250656128
                ],
                [
                    0.0,
                    0.0,
                    0.0,
                    1.0
                ]
            ]
        },
        {
            "file_path": "/data/shapenet_blender/all_50_random/02958343/712826b933a6818c7e003129afd0cbfe/r_24",
            "rotation": 0.12566370614359174,
            "transform_matrix": [
                [
                    0.10101299732923508,
                    0.3125360608100891,
                    0.9445196986198425,
                    3.807480812072754
                ],
                [
                    0.9948852062225342,
                    -0.03173251077532768,
                    -0.09589926898479462,
                    -0.3865823447704315
                ],
                [
                    1.862645371275562e-09,
                    0.9493756294250488,
                    -0.3141428828239441,
                    -1.2663506269454956
                ],
                [
                    0.0,
                    0.0,
                    0.0,
                    1.0
                ]
            ]
        },
        {
            "file_path": "/data/shapenet_blender/all_50_random/02958343/712826b933a6818c7e003129afd0cbfe/r_25",
            "rotation": 0.12566370614359174,
            "transform_matrix": [
                [
                    0.9979261755943298,
                    -0.03094487451016903,
                    -0.05644438415765762,
                    -0.22753459215164185
                ],
                [
                    -0.06437045335769653,
                    -0.4797341227531433,
                    -0.8750494718551636,
                    -3.527437210083008
                ],
                [
                    -1.862645371275562e-09,
                    0.8768680095672607,
                    -0.48073112964630127,
                    -1.9378892183303833
                ],
                [
                    0.0,
                    0.0,
                    0.0,
                    1.0
                ]
            ]
        },
        {
            "file_path": "/data/shapenet_blender/all_50_random/02958343/712826b933a6818c7e003129afd0cbfe/r_26",
            "rotation": 0.12566370614359174,
            "transform_matrix": [
                [
                    0.9375200867652893,
                    -0.12922070920467377,
                    0.32304510474205017,
                    1.302236557006836
                ],
                [
                    0.34793126583099365,
                    0.34819239377975464,
                    -0.8704630136489868,
                    -3.508948802947998
                ],
                [
                    -7.450580596923828e-09,
                    0.9284740686416626,
                    0.3713972568511963,
                    1.4971503019332886
                ],
                [
                    0.0,
                    0.0,
                    0.0,
                    1.0
                ]
            ]
        },
        {
            "file_path": "/data/shapenet_blender/all_50_random/02958343/712826b933a6818c7e003129afd0cbfe/r_27",
            "rotation": 0.12566370614359174,
            "transform_matrix": [
                [
                    0.6787797212600708,
                    -0.636069118976593,
                    -0.3669796586036682,
                    -1.4793423414230347
                ],
                [
                    -0.7343418002128601,
                    -0.5879426002502441,
                    -0.339213103055954,
                    -1.367411732673645
                ],
                [
                    0.0,
                    0.4997394382953644,
                    -0.866175651550293,
                    -3.491665840148926
                ],
                [
                    0.0,
                    0.0,
                    0.0,
                    1.0
                ]
            ]
        },
        {
            "file_path": "/data/shapenet_blender/all_50_random/02958343/712826b933a6818c7e003129afd0cbfe/r_28",
            "rotation": 0.12566370614359174,
            "transform_matrix": [
                [
                    0.9102255702018738,
                    -0.098945751786232,
                    0.40211841464042664,
                    1.6209911108016968
                ],
                [
                    0.4141128957271576,
                    0.21748405694961548,
                    -0.8838615417480469,
                    -3.562959671020508
                ],
                [
                    0.0,
                    0.9710356593132019,
                    0.23893426358699799,
                    0.9631747603416443
                ],
                [
                    0.0,
                    0.0,
                    0.0,
                    1.0
                ]
            ]
        },
        {
            "file_path": "/data/shapenet_blender/all_50_random/02958343/712826b933a6818c7e003129afd0cbfe/r_29",
            "rotation": 0.12566370614359174,
            "transform_matrix": [
                [
                    0.9309288263320923,
                    -0.06843474507331848,
                    -0.3587314486503601,
                    -1.4460928440093994
                ],
                [
                    -0.3652007579803467,
                    -0.17444616556167603,
                    -0.9144379496574402,
                    -3.6862175464630127
                ],
                [
                    7.450580596923828e-09,
                    0.9822856783866882,
                    -0.18738937377929688,
                    -0.7553907632827759
                ],
                [
                    0.0,
                    0.0,
                    0.0,
                    1.0
                ]
            ]
        },
        {
            "file_path": "/data/shapenet_blender/all_50_random/02958343/712826b933a6818c7e003129afd0cbfe/r_30",
            "rotation": 0.12566370614359174,
            "transform_matrix": [
                [
                    -0.1633823812007904,
                    -0.7075737714767456,
                    0.6874922513961792,
                    2.7713699340820312
                ],
                [
                    0.9865628480911255,
                    -0.11717964708805084,
                    0.11385399103164673,
                    0.4589601159095764
                ],
                [
                    7.450580596923828e-09,
                    0.6968560218811035,
                    0.7172110080718994,
                    2.891170024871826
                ],
                [
                    0.0,
                    0.0,
                    0.0,
                    1.0
                ]
            ]
        },
        {
            "file_path": "/data/shapenet_blender/all_50_random/02958343/712826b933a6818c7e003129afd0cbfe/r_31",
            "rotation": 0.12566370614359174,
            "transform_matrix": [
                [
                    -0.4815616309642792,
                    0.32116520404815674,
                    -0.8154454827308655,
                    -3.287165880203247
                ],
                [
                    -0.8764122724533081,
                    -0.17647041380405426,
                    0.4480622708797455,
                    1.8061968088150024
                ],
                [
                    0.0,
                    0.9304359555244446,
                    0.36645448207855225,
                    1.4772253036499023
                ],
                [
                    0.0,
                    0.0,
                    0.0,
                    1.0
                ]
            ]
        },
        {
            "file_path": "/data/shapenet_blender/all_50_random/02958343/712826b933a6818c7e003129afd0cbfe/r_32",
            "rotation": 0.12566370614359174,
            "transform_matrix": [
                [
                    0.41104573011398315,
                    0.4368152916431427,
                    0.8001461029052734,
                    3.225492000579834
                ],
                [
                    0.911614716053009,
                    -0.19695934653282166,
                    -0.3607846796512604,
                    -1.4543695449829102
                ],
                [
                    -1.4901161193847656e-08,
                    0.8777239322662354,
                    -0.47916656732559204,
                    -1.9315822124481201
                ],
                [
                    0.0,
                    0.0,
                    0.0,
                    1.0
                ]
            ]
        },
        {
            "file_path": "/data/shapenet_blender/all_50_random/02958343/712826b933a6818c7e003129afd0cbfe/r_33",
            "rotation": 0.12566370614359174,
            "transform_matrix": [
                [
                    0.15159247815608978,
                    -0.14123384654521942,
                    -0.9783008694648743,
                    -3.943657159805298
                ],
                [
                    -0.9884430766105652,
                    -0.02166031487286091,
                    -0.15003702044487,
                    -0.6048186421394348
                ],
                [
                    1.862645149230957e-09,
                    0.9897392392158508,
                    -0.14288514852523804,
                    -0.5759885311126709
                ],
                [
                    0.0,
                    0.0,
                    0.0,
                    1.0
                ]
            ]
        },
        {
            "file_path": "/data/shapenet_blender/all_50_random/02958343/712826b933a6818c7e003129afd0cbfe/r_34",
            "rotation": 0.12566370614359174,
            "transform_matrix": [
                [
                    0.7242996692657471,
                    0.2914689779281616,
                    -0.6248486638069153,
                    -2.518845558166504
                ],
                [
                    -0.6894853711128235,
                    0.30618616938591003,
                    -0.6563992500305176,
                    -2.6460299491882324
                ],
                [
                    0.0,
                    0.9062536358833313,
                    0.42273423075675964,
                    1.7040961980819702
                ],
                [
                    0.0,
                    0.0,
                    0.0,
                    1.0
                ]
            ]
        },
        {
            "file_path": "/data/shapenet_blender/all_50_random/02958343/712826b933a6818c7e003129afd0cbfe/r_35",
            "rotation": 0.12566370614359174,
            "transform_matrix": [
                [
                    -0.9964975118637085,
                    -0.03635510057210922,
                    0.07530540227890015,
                    0.3035658299922943
                ],
                [
                    0.08362175524234772,
                    -0.43323376774787903,
                    0.8973938226699829,
                    3.6175105571746826
                ],
                [
                    0.0,
                    0.9005479216575623,
                    0.43475648760795593,
                    1.7525595426559448
                ],
                [
                    0.0,
                    0.0,
                    0.0,
                    1.0
                ]
            ]
        },
        {
            "file_path": "/data/shapenet_blender/all_50_random/02958343/712826b933a6818c7e003129afd0cbfe/r_36",
            "rotation": 0.12566370614359174,
            "transform_matrix": [
                [
                    -0.22244983911514282,
                    -0.762465238571167,
                    0.6075875163078308,
                    2.44926381111145
                ],
                [
                    0.9749441742897034,
                    -0.17396922409534454,
                    0.13863126933574677,
                    0.5588405728340149
                ],
                [
                    0.0,
                    0.623202383518219,
                    0.7820605039596558,
                    3.1525869369506836
                ],
                [
                    0.0,
                    0.0,
                    0.0,
                    1.0
                ]
            ]
        },
        {
            "file_path": "/data/shapenet_blender/all_50_random/02958343/712826b933a6818c7e003129afd0cbfe/r_37",
            "rotation": 0.12566370614359174,
            "transform_matrix": [
                [
                    0.5031940937042236,
                    -0.12300100177526474,
                    0.8553750514984131,
                    3.448127031326294
                ],
                [
                    0.8641735315322876,
                    0.07162147760391235,
                    -0.49807092547416687,
                    -2.0077881813049316
                ],
                [
                    -3.725290742551124e-09,
                    0.9898186326026917,
                    0.1423337161540985,
                    0.5737655758857727
                ],
                [
                    0.0,
                    0.0,
                    0.0,
                    1.0
                ]
            ]
        },
        {
            "file_path": "/data/shapenet_blender/all_50_random/02958343/712826b933a6818c7e003129afd0cbfe/r_38",
            "rotation": 0.12566370614359174,
            "transform_matrix": [
                [
                    0.6849681735038757,
                    -0.009711766615509987,
                    -0.7285082936286926,
                    -2.936710834503174
                ],
                [
                    -0.7285730242729187,
                    -0.009130521677434444,
                    -0.6849073171615601,
                    -2.7609496116638184
                ],
                [
                    -9.313225746154785e-10,
                    0.9999111294746399,
                    -0.01332984957844019,
                    -0.053734343498945236
                ],
                [
                    0.0,
                    0.0,
                    0.0,
                    1.0
                ]
            ]
        },
        {
            "file_path": "/data/shapenet_blender/all_50_random/02958343/712826b933a6818c7e003129afd0cbfe/r_39",
            "rotation": 0.12566370614359174,
            "transform_matrix": [
                [
                    0.8902928829193115,
                    0.09515263140201569,
                    0.44533637166023254,
                    1.79520845413208
                ],
                [
                    0.4553883373737335,
                    -0.1860252171754837,
                    -0.8706411123275757,
                    -3.509666919708252
                ],
                [
                    7.450580596923828e-09,
                    0.9779266119003296,
                    -0.2089483141899109,
                    -0.8422976732254028
                ],
                [
                    0.0,
                    0.0,
                    0.0,
                    1.0
                ]
            ]
        },
        {
            "file_path": "/data/shapenet_blender/all_50_random/02958343/712826b933a6818c7e003129afd0cbfe/r_40",
            "rotation": 0.12566370614359174,
            "transform_matrix": [
                [
                    -0.6065897345542908,
                    0.19024844467639923,
                    0.7719160318374634,
                    3.1116933822631836
                ],
                [
                    0.7950151562690735,
                    0.14515794813632965,
                    0.5889653563499451,
                    2.3741955757141113
                ],
                [
                    -7.450581485102248e-09,
                    0.9709452390670776,
                    -0.2393016815185547,
                    -0.9646559953689575
                ],
                [
                    0.0,
                    0.0,
                    0.0,
                    1.0
                ]
            ]
        },
        {
            "file_path": "/data/shapenet_blender/all_50_random/02958343/712826b933a6818c7e003129afd0cbfe/r_41",
            "rotation": 0.12566370614359174,
            "transform_matrix": [
                [
                    0.8788895010948181,
                    -0.4738428592681885,
                    0.05501071363687515,
                    0.2217552661895752
                ],
                [
                    0.47702547907829285,
                    0.8730257749557495,
                    -0.10135379433631897,
