{
    "class": "02958343",
    "model": "e6846796e15020e02bc9f17412005422",
    "remove_doubles": true,
    "edge_split": true,
    "denoise": true,
    "camera_angle_x": 0.6911112070083618,
    "scale_factor": 2.293102009605974,
    "hdri_file": "/data/IndoorHDRDataset2018/AG8A7261-f535b3cacc.exr",
    "center_offset": [
        0.0,
        1.862645149230957e-09,
        3.725290298461914e-09
    ],
    "lights": [],
    "frames": [
        {
            "file_path": "/data/shapenet_blender/all_50_random/02958343/e6846796e15020e02bc9f17412005422/r_0",
            "rotation": 0.12566370614359174,
            "transform_matrix": [
                [
                    -0.12394410371780396,
                    0.2086206078529358,
                    -0.9701108932495117,
                    -3.910642385482788
                ],
                [
                    -0.992289125919342,
                    -0.026058226823806763,
                    0.12117388099431992,
                    0.48846757411956787
                ],
                [
                    0.0,
                    0.977649450302124,
                    0.21024172008037567,
                    0.8475115299224854
                ],
                [
                    0.0,
                    0.0,
                    0.0,
                    1.0
                ]
            ]
        },
        {
            "file_path": "/data/shapenet_blender/all_50_random/02958343/e6846796e15020e02bc9f17412005422/r_1",
            "rotation": 0.12566370614359174,
            "transform_matrix": [
                [
                    0.41153138875961304,
                    0.2929585874080658,
                    -0.8630278706550598,
                    -3.4789767265319824
                ],
                [
                    -0.9113956093788147,
                    0.13228243589401245,
                    -0.38969141244888306,
                    -1.5708963871002197
                ],
                [
                    -1.4901162970204496e-08,
                    0.9469300508499146,
                    0.3214395344257355,
                    1.2957642078399658
                ],
                [
                    0.0,
                    0.0,
                    0.0,
                    1.0
                ]
            ]
        },
        {
            "file_path": "/data/shapenet_blender/all_50_random/02958343/e6846796e15020e02bc9f17412005422/r_2",
            "rotation": 0.12566370614359174,
            "transform_matrix": [
                [
                    0.48149704933166504,
                    0.1760869324207306,
                    -0.8585767149925232,
                    -3.461033344268799
                ],
                [
                    -0.8764477968215942,
                    0.09673746675252914,
                    -0.471679151058197,
                    -1.9013993740081787
                ],
                [
                    0.0,
                    0.9796096682548523,
                    0.200909823179245,
                    0.8098933696746826
                ],
                [
                    0.0,
                    0.0,
                    0.0,
                    1.0
                ]
            ]
        },
        {
            "file_path": "/data/shapenet_blender/all_50_random/02958343/e6846796e15020e02bc9f17412005422/r_3",
            "rotation": 0.12566370614359174,
            "transform_matrix": [
                [
                    -0.01007323432713747,
                    0.3948719799518585,
                    -0.9186808466911316,
                    -3.7033212184906006
                ],
                [
                    -0.9999492168426514,
                    -0.003977840766310692,
                    0.009254558011889458,
                    0.037306319922208786
                ],
                [
                    -2.3283062977608182e-10,
                    0.9187275767326355,
                    0.39489197731018066,
                    1.5918606519699097
                ],
                [
                    0.0,
                    0.0,
                    0.0,
                    1.0
                ]
            ]
        },
        {
            "file_path": "/data/shapenet_blender/all_50_random/02958343/e6846796e15020e02bc9f17412005422/r_4",
            "rotation": 0.12566370614359174,
            "transform_matrix": [
                [
                    -0.5055682063102722,
                    0.5054799318313599,
                    0.6992072463035583,
                    2.818594455718994
                ],
                [
                    0.8627867102622986,
                    0.29619672894477844,
                    0.4097153842449188,
                    1.6516155004501343
                ],
                [
                    1.4901162970204496e-08,
                    0.8104057312011719,
                    -0.5858690142631531,
                    -2.3617136478424072
                ],
                [
                    0.0,
                    0.0,
                    0.0,
                    1.0
                ]
            ]
        },
        {
            "file_path": "/data/shapenet_blender/all_50_random/02958343/e6846796e15020e02bc9f17412005422/r_5",
            "rotation": 0.12566370614359174,
            "transform_matrix": [
                [
                    -0.586920976638794,
                    -0.1987217515707016,
                    0.7848778963088989,
                    3.1639442443847656
                ],
                [
                    0.8096442222595215,
                    -0.1440558284521103,
                    0.5689675807952881,
                    2.293581962585449
                ],
                [
                    -7.450580596923828e-09,
                    0.9694108963012695,
                    0.24544329941272736,
                    0.9894136190414429
                ],
                [
                    0.0,
                    0.0,
                    0.0,
                    1.0
                ]
            ]
        },
        {
            "file_path": "/data/shapenet_blender/all_50_random/02958343/e6846796e15020e02bc9f17412005422/r_6",
            "rotation": 0.12566370614359174,
            "transform_matrix": [
                [
                    -0.1470641791820526,
                    -0.12468864768743515,
                    0.9812363386154175,
                    3.9554903507232666
                ],
                [
                    0.9891269207000732,
                    -0.018538808450102806,
                    0.1458909958600998,
                    0.5881054997444153
                ],
                [
                    1.8626450382086546e-09,
                    0.9920227527618408,
                    0.12605927884578705,
                    0.5081612467765808
                ],
                [
                    0.0,
                    0.0,
                    0.0,
                    1.0
                ]
            ]
        },
        {
            "file_path": "/data/shapenet_blender/all_50_random/02958343/e6846796e15020e02bc9f17412005422/r_7",
            "rotation": 0.12566370614359174,
            "transform_matrix": [
                [
                    -0.4659561216831207,
                    0.18674404919147491,
                    0.8648765683174133,
                    3.486428737640381
                ],
                [
                    0.8848077058792114,
                    0.09834287315607071,
                    0.4554600119590759,
                    1.8360179662704468
                ],
                [
                    0.0,
                    0.9774739742279053,
                    -0.21105606853961945,
                    -0.8507941961288452
                ],
                [
                    0.0,
                    0.0,
                    0.0,
                    1.0
                ]
            ]
        },
        {
            "file_path": "/data/shapenet_blender/all_50_random/02958343/e6846796e15020e02bc9f17412005422/r_8",
            "rotation": 0.12566370614359174,
            "transform_matrix": [
                [
                    -0.2926280200481415,
                    0.5854788422584534,
                    -0.7560312747955322,
                    -3.0476598739624023
                ],
                [
                    -0.9562264680862427,
                    -0.1791704297065735,
                    0.23136353492736816,
                    0.9326562881469727
                ],
                [
                    1.4901162970204496e-08,
                    0.7906405925750732,
                    0.6122804880142212,
                    2.468181848526001
                ],
                [
                    0.0,
                    0.0,
                    0.0,
                    1.0
                ]
            ]
        },
        {
            "file_path": "/data/shapenet_blender/all_50_random/02958343/e6846796e15020e02bc9f17412005422/r_9",
            "rotation": 0.12566370614359174,
            "transform_matrix": [
                [
                    0.9990060329437256,
                    0.03151893615722656,
                    0.031522154808044434,
                    0.127069890499115
                ],
                [
                    0.044576793909072876,
                    -0.7063676714897156,
                    -0.7064399123191833,
                    -2.847750663757324
                ],
                [
                    -3.725291186640334e-09,
                    0.7071428894996643,
                    -0.707070529460907,
                    -2.850292682647705
                ],
                [
                    0.0,
                    0.0,
                    0.0,
                    1.0
                ]
            ]
        },
        {
            "file_path": "/data/shapenet_blender/all_50_random/02958343/e6846796e15020e02bc9f17412005422/r_10",
            "rotation": 0.12566370614359174,
            "transform_matrix": [
                [
                    -0.4536285996437073,
                    0.060697995126247406,
                    -0.889121413230896,
                    -3.584162950515747
                ],
                [
                    -0.8911908864974976,
                    -0.030896127223968506,
                    0.4525752067565918,
                    1.824388861656189
                ],
                [
                    0.0,
                    0.9976778626441956,
                    0.06810886412858963,
                    0.27455562353134155
                ],
                [
                    0.0,
                    0.0,
                    0.0,
                    1.0
                ]
            ]
        },
        {
            "file_path": "/data/shapenet_blender/all_50_random/02958343/e6846796e15020e02bc9f17412005422/r_11",
            "rotation": 0.12566370614359174,
            "transform_matrix": [
                [
                    -0.10305483639240265,
                    0.0025336567778140306,
                    0.994672417640686,
                    4.009653091430664
                ],
                [
                    0.9946755766868591,
                    0.0002625032502692193,
                    0.10305450856685638,
                    0.4154260456562042
                ],
                [
                    2.9103825252563276e-11,
                    0.9999968409538269,
                    -0.0025472184643149376,
                    -0.010268166661262512
                ],
                [
                    0.0,
                    0.0,
                    0.0,
                    1.0
                ]
            ]
        },
        {
            "file_path": "/data/shapenet_blender/all_50_random/02958343/e6846796e15020e02bc9f17412005422/r_12",
            "rotation": 0.12566370614359174,
            "transform_matrix": [
                [
                    0.8855752944946289,
                    0.2393057495355606,
                    0.39810702204704285,
                    1.604820728302002
                ],
                [
                    0.4644959270954132,
                    -0.45624351501464844,
                    -0.7590028643608093,
                    -3.059638500213623
                ],
                [
                    -1.4901161193847656e-08,
                    0.8570733070373535,
                    -0.5151944756507874,
                    -2.076815366744995
                ],
                [
                    0.0,
                    0.0,
                    0.0,
                    1.0
                ]
            ]
        },
        {
            "file_path": "/data/shapenet_blender/all_50_random/02958343/e6846796e15020e02bc9f17412005422/r_13",
            "rotation": 0.12566370614359174,
            "transform_matrix": [
                [
                    0.1176215261220932,
                    -0.3480175733566284,
                    0.9300800561904907,
                    3.749272584915161
                ],
                [
                    0.9930585026741028,
                    0.041220489889383316,
                    -0.11016211658716202,
                    -0.4440777003765106
                ],
                [
                    -3.725290298461914e-09,
                    0.9365813136100769,
                    0.3504502773284912,
                    1.4127103090286255
                ],
                [
                    0.0,
                    0.0,
                    0.0,
                    1.0
                ]
            ]
        },
        {
            "file_path": "/data/shapenet_blender/all_50_random/02958343/e6846796e15020e02bc9f17412005422/r_14",
            "rotation": 0.12566370614359174,
            "transform_matrix": [
                [
                    0.4356590211391449,
                    0.8924089670181274,
                    -0.11750506609678268,
                    -0.4736780822277069
                ],
                [
                    -0.9001118540763855,
                    0.4319307506084442,
                    -0.05687308683991432,
                    -0.22926273941993713
                ],
                [
                    0.0,
                    0.13054490089416504,
                    0.9914423823356628,
                    3.9966320991516113
                ],
                [
                    0.0,
                    0.0,
                    0.0,
                    1.0
                ]
            ]
        },
        {
            "file_path": "/data/shapenet_blender/all_50_random/02958343/e6846796e15020e02bc9f17412005422/r_15",
            "rotation": 0.12566370614359174,
            "transform_matrix": [
                [
                    0.9764817357063293,
                    -0.0680362805724144,
                    0.2045835703611374,
                    0.8247027397155762
                ],
                [
                    0.21560002863407135,
                    0.30814555287361145,
                    -0.9265866875648499,
                    -3.7351903915405273
                ],
                [
                    -7.450580596923828e-09,
                    0.9489032030105591,
                    0.31556713581085205,
                    1.2720918655395508
                ],
                [
                    0.0,
                    0.0,
                    0.0,
                    1.0
                ]
            ]
        },
        {
            "file_path": "/data/shapenet_blender/all_50_random/02958343/e6846796e15020e02bc9f17412005422/r_16",
            "rotation": 0.12566370614359174,
            "transform_matrix": [
                [
                    0.6020451188087463,
                    0.7300028204917908,
                    -0.3234771192073822,
                    -1.3039779663085938
                ],
                [
                    -0.7984619736671448,
                    0.5504264831542969,
                    -0.24390369653701782,
                    -0.9832072257995605
                ],
                [
                    0.0,
                    0.4051251709461212,
                    0.9142611622810364,
                    3.685504674911499
                ],
                [
                    0.0,
                    0.0,
                    0.0,
                    1.0
                ]
            ]
        },
        {
            "file_path": "/data/shapenet_blender/all_50_random/02958343/e6846796e15020e02bc9f17412005422/r_17",
            "rotation": 0.12566370614359174,
            "transform_matrix": [
                [
                    -0.722411572933197,
                    -0.23187053203582764,
                    -0.6514272689819336,
                    -2.6259875297546387
                ],
                [
                    -0.6914633512496948,
                    0.2422485053539276,
                    0.6805835962295532,
                    2.743520498275757
                ],
                [
                    0.0,
                    0.9420996308326721,
                    -0.33533304929733276,
                    -1.3517708778381348
                ],
                [
                    0.0,
                    0.0,
                    0.0,
                    1.0
                ]
            ]
        },
        {
            "file_path": "/data/shapenet_blender/all_50_random/02958343/e6846796e15020e02bc9f17412005422/r_18",
            "rotation": 0.12566370614359174,
            "transform_matrix": [
                [
                    -0.9909459352493286,
                    -0.12369417399168015,
                    -0.05220932513475418,
                    -0.2104625403881073
                ],
                [
                    -0.13426117599010468,
                    0.9129536747932434,
                    0.385343074798584,
                    1.5533677339553833
                ],
                [
                    3.725290076417309e-09,
                    0.38886383175849915,
                    -0.921295166015625,
                    -3.713859796524048
                ],
                [
                    0.0,
                    0.0,
                    0.0,
                    1.0
                ]
            ]
        },
        {
            "file_path": "/data/shapenet_blender/all_50_random/02958343/e6846796e15020e02bc9f17412005422/r_19",
            "rotation": 0.12566370614359174,
            "transform_matrix": [
                [
                    0.7766754627227783,
                    0.0134676992893219,
                    0.6297570466995239,
                    2.5386319160461426
                ],
                [
                    0.6299010515213013,
                    -0.016605831682682037,
                    -0.7764978408813477,
                    -3.1301629543304443
                ],
                [
                    0.0,
                    0.9997712969779968,
                    -0.021380659192800522,
                    -0.08618819713592529
                ],
                [
                    0.0,
                    0.0,
                    0.0,
                    1.0
                ]
            ]
        },
        {
            "file_path": "/data/shapenet_blender/all_50_random/02958343/e6846796e15020e02bc9f17412005422/r_20",
            "rotation": 0.12566370614359174,
            "transform_matrix": [
                [
                    -0.39772170782089233,
                    0.48958027362823486,
                    -0.7759694457054138,
                    -3.128032922744751
                ],
                [
                    -0.9175060987472534,
                    -0.21222388744354248,
                    0.33636823296546936,
                    1.3559436798095703
                ],
                [
                    -1.4901161193847656e-08,
                    0.845737636089325,
                    0.5335989594459534,
                    2.1510062217712402
                ],
                [
                    0.0,
                    0.0,
                    0.0,
                    1.0
                ]
            ]
        },
        {
            "file_path": "/data/shapenet_blender/all_50_random/02958343/e6846796e15020e02bc9f17412005422/r_21",
            "rotation": 0.12566370614359174,
            "transform_matrix": [
                [
                    -0.10566922277212143,
                    -0.9330641627311707,
                    0.3438389301300049,
                    1.3860591650009155
                ],
                [
                    0.9944013357162476,
                    -0.09915127605199814,
                    0.03653775155544281,
                    0.14728839695453644
                ],
                [
                    3.725290298461914e-09,
                    0.3457748293876648,
                    0.9383174180984497,
                    3.7824788093566895
                ],
                [
                    0.0,
                    0.0,
                    0.0,
                    1.0
                ]
            ]
        },
        {
            "file_path": "/data/shapenet_blender/all_50_random/02958343/e6846796e15020e02bc9f17412005422/r_22",
            "rotation": 0.12566370614359174,
            "transform_matrix": [
                [
                    -0.678849995136261,
                    0.640551745891571,
                    0.3589652180671692,
                    1.4470351934432983
                ],
                [
                    0.7342768907546997,
                    0.5921997427940369,
                    0.3318687379360199,
                    1.3378057479858398
                ],
                [
                    -1.4901161193847656e-08,
                    0.48886898159980774,
                    -0.8723570704460144,
                    -3.5165841579437256
                ],
                [
                    0.0,
                    0.0,
                    0.0,
                    1.0
                ]
            ]
        },
        {
            "file_path": "/data/shapenet_blender/all_50_random/02958343/e6846796e15020e02bc9f17412005422/r_23",
            "rotation": 0.12566370614359174,
            "transform_matrix": [
                [
                    -0.042004235088825226,
                    0.024058738723397255,
                    0.9988277554512024,
                    4.026403427124023
                ],
                [
                    0.9991174936294556,
                    0.0010114616015926003,
                    0.041992057114839554,
                    0.1692754030227661
                ],
                [
                    0.0,
                    0.999709963798523,
                    -0.024079997092485428,
                    -0.09706957638263702
                ],
                [
                    0.0,
                    0.0,
                    0.0,
                    1.0
                ]
            ]
        },
        {
            "file_path": "/data/shapenet_blender/all_50_random/02958343/e6846796e15020e02bc9f17412005422/r_24",
            "rotation": 0.12566370614359174,
            "transform_matrix": [
                [
                    0.7375801801681519,
                    0.23993265628814697,
                    -0.6311955451965332,
                    -2.544430732727051
                ],
                [
                    -0.6752595901489258,
                    0.26207634806632996,
                    -0.6894494295120239,
                    -2.779259443283081
                ],
                [
                    0.0,
                    0.9347451329231262,
                    0.355319082736969,
                    1.4323370456695557
                ],
                [
                    0.0,
                    0.0,
                    0.0,
                    1.0
                ]
            ]
        },
        {
            "file_path": "/data/shapenet_blender/all_50_random/02958343/e6846796e15020e02bc9f17412005422/r_25",
            "rotation": 0.12566370614359174,
            "transform_matrix": [
                [
                    -0.47268056869506836,
                    -0.1658753603696823,
                    0.8654816150665283,
                    3.488868236541748
                ],
                [
                    0.8812339305877686,
                    -0.0889730378985405,
                    0.4642312824726105,
                    1.8713762760162354
                ],
                [
                    0.0,
                    0.9821248054504395,
                    0.18823081254959106,
                    0.7587827444076538
                ],
                [
                    0.0,
                    0.0,
                    0.0,
                    1.0
                ]
            ]
        },
        {
            "file_path": "/data/shapenet_blender/all_50_random/02958343/e6846796e15020e02bc9f17412005422/r_26",
            "rotation": 0.12566370614359174,
            "transform_matrix": [
                [
                    -0.6205215454101562,
                    0.1636858880519867,
                    -0.7669159173965454,
                    -3.0915369987487793
                ],
                [
                    -0.7841894626617432,
                    -0.12952305376529694,
                    0.6068531274795532,
                    2.446303129196167
                ],
                [
                    0.0,
                    0.9779728055000305,
                    0.20873260498046875,
                    0.8414280414581299
                ],
                [
                    0.0,
                    0.0,
                    0.0,
                    1.0
                ]
            ]
        },
        {
            "file_path": "/data/shapenet_blender/all_50_random/02958343/e6846796e15020e02bc9f17412005422/r_27",
            "rotation": 0.12566370614359174,
            "transform_matrix": [
                [
                    0.9391081929206848,
                    0.08949455618858337,
                    0.33176299929618835,
                    1.3373794555664062
                ],
                [
                    0.3436218500137329,
                    -0.24458594620227814,
                    -0.9066982865333557,
                    -3.655017614364624
                ],
                [
                    0.0,
                    0.9654886722564697,
                    -0.26044490933418274,
                    -1.0498870611190796
                ],
                [
                    0.0,
                    0.0,
                    0.0,
                    1.0
                ]
            ]
        },
        {
            "file_path": "/data/shapenet_blender/all_50_random/02958343/e6846796e15020e02bc9f17412005422/r_28",
            "rotation": 0.12566370614359174,
            "transform_matrix": [
                [
                    -0.9944345951080322,
                    -0.05312187224626541,
                    -0.09098219871520996,
                    -0.3667609691619873
                ],
                [
                    -0.10535507649183273,
                    0.5014113187789917,
                    0.8587706089019775,
                    3.461815118789673
                ],
                [
                    0.0,
                    0.8635767698287964,
                    -0.5042173862457275,
                    -2.0325653553009033
                ],
                [
                    0.0,
                    0.0,
                    0.0,
                    1.0
                ]
            ]
        },
        {
            "file_path": "/data/shapenet_blender/all_50_random/02958343/e6846796e15020e02bc9f17412005422/r_29",
            "rotation": 0.12566370614359174,
            "transform_matrix": [
                [
                    -0.4024657607078552,
                    -0.1998741328716278,
                    0.8933485746383667,
                    3.601203203201294
                ],
                [
                    0.9154351353645325,
                    -0.08787349611520767,
                    0.39275550842285156,
                    1.5832481384277344
                ],
                [
                    0.0,
                    0.9758731722831726,
                    0.21833786368370056,
                    0.8801480531692505
                ],
                [
                    0.0,
                    0.0,
                    0.0,
                    1.0
                ]
            ]
        },
        {
            "file_path": "/data/shapenet_blender/all_50_random/02958343/e6846796e15020e02bc9f17412005422/r_30",
            "rotation": 0.12566370614359174,
            "transform_matrix": [
                [
                    -0.999894380569458,
                    -0.01146941538900137,
                    -0.008938629180192947,
                    -0.03603276610374451
                ],
                [
                    -0.014541205018758774,
                    0.7886694073677063,
                    0.6146454215049744,
                    2.477715015411377
                ],
                [
                    -4.656613428188905e-10,
                    0.6147103309631348,
                    -0.7887528538703918,
                    -3.1795644760131836
                ],
                [
                    0.0,
                    0.0,
                    0.0,
                    1.0
                ]
            ]
        },
        {
            "file_path": "/data/shapenet_blender/all_50_random/02958343/e6846796e15020e02bc9f17412005422/r_31",
            "rotation": 0.12566370614359174,
            "transform_matrix": [
                [
                    0.6912717819213867,
                    -0.61538165807724,
                    -0.37874627113342285,
                    -1.5267751216888428
                ],
                [
                    -0.7225947976112366,
                    -0.5887060761451721,
                    -0.3623283803462982,
                    -1.46059250831604
                ],
                [
                    0.0,
                    0.5241475105285645,
                    -0.8516274094581604,
                    -3.4330201148986816
                ],
                [
                    0.0,
                    0.0,
                    0.0,
                    1.0
                ]
            ]
        },
        {
            "file_path": "/data/shapenet_blender/all_50_random/02958343/e6846796e15020e02bc9f17412005422/r_32",
            "rotation": 0.12566370614359174,
            "transform_matrix": [
                [
                    -0.9005869030952454,
                    0.053709689527750015,
                    -0.431345134973526,
                    -1.7388079166412354
                ],
                [
                    -0.43467622995376587,
                    -0.11127877980470657,
                    0.8936853408813477,
                    3.6025609970092773
                ],
                [
                    0.0,
                    0.9923366904258728,
                    0.1235625222325325,
                    0.4980964958667755
                ],
                [
                    0.0,
                    0.0,
                    0.0,
                    1.0
                ]
            ]
        },
        {
            "file_path": "/data/shapenet_blender/all_50_random/02958343/e6846796e15020e02bc9f17412005422/r_33",
            "rotation": 0.12566370614359174,
            "transform_matrix": [
                [
                    -0.7603192925453186,
                    0.2650303840637207,
                    -0.5930206775665283,
                    -2.390542984008789
                ],
                [
                    -0.649549663066864,
                    -0.31022679805755615,
                    0.6941502094268799,
                    2.7982091903686523
                ],
                [
                    -1.4901162970204496e-08,
                    0.9129722118377686,
                    0.4080217480659485,
                    1.644788384437561
                ],
                [
                    0.0,
                    0.0,
                    0.0,
                    1.0
                ]
            ]
        },
        {
            "file_path": "/data/shapenet_blender/all_50_random/02958343/e6846796e15020e02bc9f17412005422/r_34",
            "rotation": 0.12566370614359174,
            "transform_matrix": [
                [
                    0.9637691974639893,
                    0.15808194875717163,
                    0.21484693884849548,
                    0.8660756945610046
                ],
                [
                    0.2667379379272461,
                    -0.5711767673492432,
                    -0.7762782573699951,
                    -3.1292777061462402
                ],
                [
                    0.0,
                    0.8054606914520264,
                    -0.5926490426063538,
                    -2.389044761657715
                ],
                [
                    0.0,
                    0.0,
                    0.0,
                    1.0
                ]
            ]
        },
        {
            "file_path": "/data/shapenet_blender/all_50_random/02958343/e6846796e15020e02bc9f17412005422/r_35",
            "rotation": 0.12566370614359174,
            "transform_matrix": [
                [
                    0.49000078439712524,
                    0.3224327862262726,
                    -0.8098989129066467,
                    -3.2648072242736816
                ],
                [
                    -0.8717221021652222,
                    0.18124161660671234,
                    -0.455249547958374,
                    -1.835169792175293
                ],
                [
                    0.0,
                    0.9290792942047119,
                    0.3698803186416626,
                    1.4910353422164917
                ],
                [
                    0.0,
                    0.0,
                    0.0,
                    1.0
                ]
            ]
        },
        {
            "file_path": "/data/shapenet_blender/all_50_random/02958343/e6846796e15020e02bc9f17412005422/r_36",
            "rotation": 0.12566370614359174,
            "transform_matrix": [
                [
                    0.5414184331893921,
                    0.3893945813179016,
                    -0.7451428771018982,
                    -3.0037670135498047
                ],
                [
                    -0.8407533764839172,
                    0.25075772404670715,
                    -0.47984832525253296,
                    -1.9343304634094238
                ],
                [
                    0.0,
                    0.8862800002098083,
                    0.46314963698387146,
                    1.8670159578323364
                ],
                [
                    0.0,
                    0.0,
                    0.0,
                    1.0
                ]
            ]
        },
        {
            "file_path": "/data/shapenet_blender/all_50_random/02958343/e6846796e15020e02bc9f17412005422/r_37",
            "rotation": 0.12566370614359174,
            "transform_matrix": [
                [
                    0.4330812394618988,
                    0.014216736890375614,
                    -0.9012427926063538,
                    -3.633025884628296
                ],
                [
                    -0.9013549089431763,
                    0.006830829661339521,
                    -0.43302735686302185,
                    -1.7455891370773315
                ],
                [
                    0.0,
                    0.999875545501709,
                    0.015772629529237747,
                    0.06358150392770767
                ],
                [
                    0.0,
                    0.0,
                    0.0,
                    1.0
                ]
            ]
        },
        {
            "file_path": "/data/shapenet_blender/all_50_random/02958343/e6846796e15020e02bc9f17412005422/r_38",
            "rotation": 0.12566370614359174,
            "transform_matrix": [
                [
                    0.9511759281158447,
                    0.08627450466156006,
                    -0.29634591937065125,
                    -1.1946085691452026
                ],
                [
                    -0.308648943901062,
                    0.2658756375312805,
                    -0.9132611751556396,
                    -3.68147349357605
                ],
                [
                    7.4505792646561986e-09,
                    0.9601390957832336,
                    0.27952301502227783,
                    1.1267932653427124
                ],
                [
                    0.0,
                    0.0,
                    0.0,
                    1.0
                ]
            ]
        },
        {
            "file_path": "/data/shapenet_blender/all_50_random/02958343/e6846796e15020e02bc9f17412005422/r_39",
            "rotation": 0.12566370614359174,
            "transform_matrix": [
                [
                    0.4235340654850006,
                    -0.5153710842132568,
                    -0.744990885257721,
                    -3.0031545162200928
                ],
                [
                    -0.9058802127838135,
                    -0.24095596373081207,
                    -0.3483120799064636,
                    -1.4040910005569458
                ],
                [
                    -1.4901161193847656e-08,
                    0.8223944902420044,
                    -0.5689175128936768,
                    -2.29338002204895
                ],
                [
                    0.0,
                    0.0,
                    0.0,
                    1.0
                ]
            ]
        },
        {
            "file_path": "/data/shapenet_blender/all_50_random/02958343/e6846796e15020e02bc9f17412005422/r_40",
            "rotation": 0.12566370614359174,
            "transform_matrix": [
                [
                    0.9057404398918152,
                    -0.22569601237773895,
                    -0.3587416410446167,
                    -1.4461339712142944
                ],
                [
                    -0.42383289337158203,
                    -0.4823174774646759,
                    -0.766638994216919,
                    -3.090420961380005
                ],
                [
                    0.0,
                    0.846422553062439,
                    -0.5325117707252502,
                    -2.1466238498687744
                ],
                [
                    0.0,
                    0.0,
                    0.0,
                    1.0
                ]
            ]
        },
        {
            "file_path": "/data/shapenet_blender/all_50_random/02958343/e6846796e15020e02bc9f17412005422/r_41",
            "rotation": 0.12566370614359174,
            "transform_matrix": [
                [
                    -0.9349997639656067,
                    -0.28637054562568665,
                    -0.20920661091804504,
                    -0.8433388471603394
                ],
                [
                    -0.3546484112739563,
                    0.7549909949302673,
                    0.5515550374984741,
                    2.2233893871307373
                ],
                [
