{
    "class": "02958343",
    "model": "19c25429d34ce9748c844a5e3a5e1a93",
    "remove_doubles": true,
    "edge_split": true,
    "denoise": true,
    "camera_angle_x": 0.6911112070083618,
    "scale_factor": 2.1252833125667903,
    "hdri_file": "/data/IndoorHDRDataset2018/AG8A8252-da53b33afd.exr",
    "center_offset": [
        0.0,
        -1.862645149230957e-09,
        -3.725290298461914e-09
    ],
    "lights": [],
    "frames": [
        {
            "file_path": "/data/shapenet_blender/all_50_random/02958343/19c25429d34ce9748c844a5e3a5e1a93/r_0",
            "rotation": 0.12566370614359174,
            "transform_matrix": [
                [
                    -0.4983065128326416,
                    -0.7390393018722534,
                    -0.4533337652683258,
                    -1.8274469375610352
                ],
                [
                    -0.8670010566711426,
                    0.4247608482837677,
                    0.2605523467063904,
                    1.0503202676773071
                ],
                [
                    0.0,
                    0.5228756666183472,
                    -0.8524088263511658,
                    -3.4361701011657715
                ],
                [
                    0.0,
                    0.0,
                    0.0,
                    1.0
                ]
            ]
        },
        {
            "file_path": "/data/shapenet_blender/all_50_random/02958343/19c25429d34ce9748c844a5e3a5e1a93/r_1",
            "rotation": 0.12566370614359174,
            "transform_matrix": [
                [
                    0.5305589437484741,
                    -0.7866063714027405,
                    -0.3158443570137024,
                    -1.2732093334197998
                ],
                [
                    -0.8476481437683105,
                    -0.4923517405986786,
                    -0.19769294559955597,
                    -0.7969257831573486
                ],
                [
                    1.4901162970204496e-08,
                    0.37261253595352173,
                    -0.9279869794845581,
                    -3.740835189819336
                ],
                [
                    0.0,
                    0.0,
                    0.0,
                    1.0
                ]
            ]
        },
        {
            "file_path": "/data/shapenet_blender/all_50_random/02958343/19c25429d34ce9748c844a5e3a5e1a93/r_2",
            "rotation": 0.12566370614359174,
            "transform_matrix": [
                [
                    0.2626726031303406,
                    -0.4863384962081909,
                    -0.8333533406257629,
                    -3.3593549728393555
                ],
                [
                    -0.9648850560188293,
                    -0.13239692151546478,
                    -0.2268654853105545,
                    -0.9145240783691406
                ],
                [
                    0.0,
                    0.8636816143989563,
                    -0.5040377378463745,
                    -2.031841278076172
                ],
                [
                    0.0,
                    0.0,
                    0.0,
                    1.0
                ]
            ]
        },
        {
            "file_path": "/data/shapenet_blender/all_50_random/02958343/19c25429d34ce9748c844a5e3a5e1a93/r_3",
            "rotation": 0.12566370614359174,
            "transform_matrix": [
                [
                    -0.8229053616523743,
                    0.19641779363155365,
                    -0.5331481695175171,
                    -2.149188995361328
                ],
                [
                    -0.568178653717041,
                    -0.284476101398468,
                    0.7721699476242065,
                    3.1127166748046875
                ],
                [
                    1.4901162970204496e-08,
                    0.9383460879325867,
                    0.345697283744812,
                    1.3935502767562866
                ],
                [
                    0.0,
                    0.0,
                    0.0,
                    1.0
                ]
            ]
        },
        {
            "file_path": "/data/shapenet_blender/all_50_random/02958343/19c25429d34ce9748c844a5e3a5e1a93/r_4",
            "rotation": 0.12566370614359174,
            "transform_matrix": [
                [
                    -0.6114304661750793,
                    0.7687691450119019,
                    0.18747492134571075,
                    0.7557355761528015
                ],
                [
                    0.7912982702255249,
                    0.5940223932266235,
                    0.14486053586006165,
                    0.583951473236084
                ],
                [
                    7.450581485102248e-09,
                    0.23692071437835693,
                    -0.971528947353363,
                    -3.916358470916748
                ],
                [
                    0.0,
                    0.0,
                    0.0,
                    1.0
                ]
            ]
        },
        {
            "file_path": "/data/shapenet_blender/all_50_random/02958343/19c25429d34ce9748c844a5e3a5e1a93/r_5",
            "rotation": 0.12566370614359174,
            "transform_matrix": [
                [
                    0.9996739625930786,
                    -0.0006895250990055501,
                    -0.025525320321321487,
                    -0.10289585590362549
                ],
                [
                    -0.025534631684422493,
                    -0.026994721964001656,
                    -0.9993094205856323,
                    -4.028345108032227
                ],
                [
                    0.0,
                    0.9996352791786194,
                    -0.02700352855026722,
                    -0.10885470360517502
                ],
                [
                    0.0,
                    0.0,
                    0.0,
                    1.0
                ]
            ]
        },
        {
            "file_path": "/data/shapenet_blender/all_50_random/02958343/19c25429d34ce9748c844a5e3a5e1a93/r_6",
            "rotation": 0.12566370614359174,
            "transform_matrix": [
                [
                    0.9799519181251526,
                    -0.015418008901178837,
                    -0.19863717257976532,
                    -0.8007321357727051
                ],
                [
                    -0.19923467934131622,
                    -0.075834721326828,
                    -0.9770130515098572,
                    -3.9384658336639404
                ],
                [
                    9.31322685637781e-10,
                    0.9970011711120605,
                    -0.07738617062568665,
                    -0.31195366382598877
                ],
                [
                    0.0,
                    0.0,
                    0.0,
                    1.0
                ]
            ]
        },
        {
            "file_path": "/data/shapenet_blender/all_50_random/02958343/19c25429d34ce9748c844a5e3a5e1a93/r_7",
            "rotation": 0.12566370614359174,
            "transform_matrix": [
                [
                    -0.14273352921009064,
                    -0.012559705413877964,
                    0.9896814227104187,
                    3.9895334243774414
                ],
                [
                    0.9897611141204834,
                    -0.0018112363759428263,
                    0.14272205531597137,
                    0.5753310322761536
                ],
                [
                    0.0,
                    0.9999195337295532,
                    0.012689631432294846,
                    0.05115354061126709
                ],
                [
                    0.0,
                    0.0,
                    0.0,
                    1.0
                ]
            ]
        },
        {
            "file_path": "/data/shapenet_blender/all_50_random/02958343/19c25429d34ce9748c844a5e3a5e1a93/r_8",
            "rotation": 0.12566370614359174,
            "transform_matrix": [
                [
                    -0.8646742105484009,
                    0.4099057912826538,
                    -0.2903718948364258,
                    -1.1705266237258911
                ],
                [
                    -0.5023332238197327,
                    -0.7055774331092834,
                    0.49982181191444397,
                    2.0148463249206543
                ],
                [
                    -1.4901162970204496e-08,
                    0.578046441078186,
                    0.8160037398338318,
                    3.289416551589966
                ],
                [
                    0.0,
                    0.0,
                    0.0,
                    1.0
                ]
            ]
        },
        {
            "file_path": "/data/shapenet_blender/all_50_random/02958343/19c25429d34ce9748c844a5e3a5e1a93/r_9",
            "rotation": 0.12566370614359174,
            "transform_matrix": [
                [
                    0.9126276969909668,
                    -0.15946990251541138,
                    0.3764041066169739,
                    1.5173335075378418
                ],
                [
                    0.40879178047180176,
                    0.356016606092453,
                    -0.8403221964836121,
                    -3.3874471187591553
                ],
                [
                    -1.4901161193847656e-08,
                    0.9207721948623657,
                    0.3901005983352661,
                    1.5725457668304443
                ],
                [
                    0.0,
                    0.0,
                    0.0,
                    1.0
                ]
            ]
        },
        {
            "file_path": "/data/shapenet_blender/all_50_random/02958343/19c25429d34ce9748c844a5e3a5e1a93/r_10",
            "rotation": 0.12566370614359174,
            "transform_matrix": [
                [
                    0.4985843598842621,
                    0.6077602505683899,
                    -0.6180946826934814,
                    -2.49161958694458
                ],
                [
                    -0.866841197013855,
                    0.34956780076026917,
                    -0.3555119037628174,
                    -1.4331144094467163
                ],
                [
                    -1.4901161193847656e-08,
                    0.7130424976348877,
                    0.7011206150054932,
                    2.826307773590088
                ],
                [
                    0.0,
                    0.0,
                    0.0,
                    1.0
                ]
            ]
        },
        {
            "file_path": "/data/shapenet_blender/all_50_random/02958343/19c25429d34ce9748c844a5e3a5e1a93/r_11",
            "rotation": 0.12566370614359174,
            "transform_matrix": [
                [
                    -0.8491201996803284,
                    0.34666579961776733,
                    0.39851948618888855,
                    1.6064834594726562
                ],
                [
                    0.5281997919082642,
                    0.5572909712791443,
                    0.6406495571136475,
                    2.582540988922119
                ],
                [
                    -2.9802322387695312e-08,
                    0.7544863820075989,
                    -0.6563157439231873,
                    -2.645693302154541
                ],
                [
                    0.0,
                    0.0,
                    0.0,
                    1.0
                ]
            ]
        },
        {
            "file_path": "/data/shapenet_blender/all_50_random/02958343/19c25429d34ce9748c844a5e3a5e1a93/r_12",
            "rotation": 0.12566370614359174,
            "transform_matrix": [
                [
                    -0.6240147352218628,
                    -0.6141738891601562,
                    0.4831106662750244,
                    1.9474815130233765
                ],
                [
                    0.7814126014709473,
                    -0.4904625117778778,
                    0.38579899072647095,
                    1.5552055835723877
                ],
                [
                    -1.4901161193847656e-08,
                    0.6182529926300049,
                    0.7859790325164795,
                    3.1683831214904785
                ],
                [
                    0.0,
                    0.0,
                    0.0,
                    1.0
                ]
            ]
        },
        {
            "file_path": "/data/shapenet_blender/all_50_random/02958343/19c25429d34ce9748c844a5e3a5e1a93/r_13",
            "rotation": 0.12566370614359174,
            "transform_matrix": [
                [
                    -0.6438074111938477,
                    0.1821088343858719,
                    -0.743201494216919,
                    -2.995941162109375
                ],
                [
                    -0.7651875615119934,
                    -0.1532212644815445,
                    0.6253088712692261,
                    2.520700693130493
                ],
                [
                    -7.450580596923828e-09,
                    0.9712669253349304,
                    0.23799242079257965,
                    0.9593781232833862
                ],
                [
                    0.0,
                    0.0,
                    0.0,
                    1.0
                ]
            ]
        },
        {
            "file_path": "/data/shapenet_blender/all_50_random/02958343/19c25429d34ce9748c844a5e3a5e1a93/r_14",
            "rotation": 0.12566370614359174,
            "transform_matrix": [
                [
                    0.7830075621604919,
                    -0.017271997407078743,
                    -0.6217721700668335,
                    -2.506443500518799
                ],
                [
                    -0.6220118999481201,
                    -0.02174251712858677,
                    -0.7827058434486389,
                    -3.1551878452301025
                ],
                [
                    1.8626447051417472e-09,
                    0.9996143579483032,
                    -0.027767952531576157,
                    -0.11193618178367615
                ],
                [
                    0.0,
                    0.0,
                    0.0,
                    1.0
                ]
            ]
        },
        {
            "file_path": "/data/shapenet_blender/all_50_random/02958343/19c25429d34ce9748c844a5e3a5e1a93/r_15",
            "rotation": 0.12566370614359174,
            "transform_matrix": [
                [
                    -0.9506049156188965,
                    -0.006231055594980717,
                    -0.310340940952301,
                    -1.2510243654251099
                ],
                [
                    -0.3104034662246704,
                    0.01908249221742153,
                    0.9504133462905884,
                    3.8312387466430664
                ],
                [
                    0.0,
                    0.9997985363006592,
                    -0.02007405087351799,
                    -0.08092108368873596
                ],
                [
                    0.0,
                    0.0,
                    0.0,
                    1.0
                ]
            ]
        },
        {
            "file_path": "/data/shapenet_blender/all_50_random/02958343/19c25429d34ce9748c844a5e3a5e1a93/r_16",
            "rotation": 0.12566370614359174,
            "transform_matrix": [
                [
                    0.5088599324226379,
                    0.37455788254737854,
                    -0.7750922441482544,
                    -3.1244964599609375
                ],
                [
                    -0.8608493208885193,
                    0.22140635550022125,
                    -0.45816776156425476,
                    -1.846933126449585
                ],
                [
                    0.0,
                    0.9003806710243225,
                    0.43510282039642334,
                    1.753955364227295
                ],
                [
                    0.0,
                    0.0,
                    0.0,
                    1.0
                ]
            ]
        },
        {
            "file_path": "/data/shapenet_blender/all_50_random/02958343/19c25429d34ce9748c844a5e3a5e1a93/r_17",
            "rotation": 0.12566370614359174,
            "transform_matrix": [
                [
                    -0.9976996183395386,
                    0.028275879099965096,
                    -0.061611417680978775,
                    -0.24836356937885284
                ],
                [
                    -0.06779006123542786,
                    -0.4161500036716461,
                    0.9067655205726624,
                    3.6552886962890625
                ],
                [
                    0.0,
                    0.908856213092804,
                    0.41710951924324036,
                    1.681422233581543
                ],
                [
                    0.0,
                    0.0,
                    0.0,
                    1.0
                ]
            ]
        },
        {
            "file_path": "/data/shapenet_blender/all_50_random/02958343/19c25429d34ce9748c844a5e3a5e1a93/r_18",
            "rotation": 0.12566370614359174,
            "transform_matrix": [
                [
                    -0.4872421622276306,
                    -0.7547609806060791,
                    0.43923890590667725,
                    1.770628809928894
                ],
                [
                    0.873266875743866,
                    -0.42112141847610474,
                    0.2450748234987259,
                    0.9879282712936401
                ],
                [
                    0.0,
                    0.5029835104942322,
                    0.8642958998680115,
                    3.48408842086792
                ],
                [
                    0.0,
                    0.0,
                    0.0,
                    1.0
                ]
            ]
        },
        {
            "file_path": "/data/shapenet_blender/all_50_random/02958343/19c25429d34ce9748c844a5e3a5e1a93/r_19",
            "rotation": 0.12566370614359174,
            "transform_matrix": [
                [
                    0.9430893063545227,
                    0.22979071736335754,
                    -0.24037203192710876,
                    -0.9689706563949585
                ],
                [
                    -0.3325394093990326,
                    0.6516916751861572,
                    -0.6817004680633545,
                    -2.7480225563049316
                ],
                [
                    1.4901160305669237e-08,
                    0.7228376865386963,
                    0.6910178661346436,
                    2.7855820655822754
                ],
                [
                    0.0,
                    0.0,
                    0.0,
                    1.0
                ]
            ]
        },
        {
            "file_path": "/data/shapenet_blender/all_50_random/02958343/19c25429d34ce9748c844a5e3a5e1a93/r_20",
            "rotation": 0.12566370614359174,
            "transform_matrix": [
                [
                    -0.9961050748825073,
                    0.005671398248523474,
                    -0.08799123018980026,
                    -0.35470396280288696
                ],
                [
                    -0.08817380666732788,
                    -0.06407013535499573,
                    0.9940425157546997,
                    4.007112979888916
                ],
                [
                    4.6566123179658803e-10,
                    0.9979292750358582,
                    0.06432066857814789,
                    0.2592848837375641
                ],
                [
                    0.0,
                    0.0,
                    0.0,
                    1.0
                ]
            ]
        },
        {
            "file_path": "/data/shapenet_blender/all_50_random/02958343/19c25429d34ce9748c844a5e3a5e1a93/r_21",
            "rotation": 0.12566370614359174,
            "transform_matrix": [
                [
                    0.898650586605072,
                    -0.3527340888977051,
                    0.2607789933681488,
                    1.0512338876724243
                ],
                [
                    0.4386650621891022,
                    0.722612202167511,
                    -0.5342326760292053,
                    -2.1535611152648926
                ],
                [
                    -1.4901160305669237e-08,
                    0.5944833159446716,
                    0.8041079044342041,
                    3.2414629459381104
                ],
                [
                    0.0,
                    0.0,
                    0.0,
                    1.0
                ]
            ]
        },
        {
            "file_path": "/data/shapenet_blender/all_50_random/02958343/19c25429d34ce9748c844a5e3a5e1a93/r_22",
            "rotation": 0.12566370614359174,
            "transform_matrix": [
                [
                    0.8509048223495483,
                    -0.04208578169345856,
                    -0.5236312747001648,
                    -2.1108250617980957
                ],
                [
                    -0.5253198146820068,
                    -0.06816988438367844,
                    -0.84816974401474,
                    -3.419081449508667
                ],
                [
                    0.0,
                    0.996785581111908,
                    -0.08011458069086075,
                    -0.32295218110084534
                ],
                [
                    0.0,
                    0.0,
                    0.0,
                    1.0
                ]
            ]
        },
        {
            "file_path": "/data/shapenet_blender/all_50_random/02958343/19c25429d34ce9748c844a5e3a5e1a93/r_23",
            "rotation": 0.12566370614359174,
            "transform_matrix": [
                [
                    -0.8938480615615845,
                    -0.3585178256034851,
                    0.2692596912384033,
                    1.0854204893112183
                ],
                [
                    0.44837021827697754,
                    -0.7147228717803955,
                    0.536782443523407,
                    2.163839340209961
                ],
                [
                    -1.4901162970204496e-08,
                    0.6005299091339111,
                    0.7996022701263428,
                    3.223299741744995
                ],
                [
                    0.0,
                    0.0,
                    0.0,
                    1.0
                ]
            ]
        },
        {
            "file_path": "/data/shapenet_blender/all_50_random/02958343/19c25429d34ce9748c844a5e3a5e1a93/r_24",
            "rotation": 0.12566370614359174,
            "transform_matrix": [
                [
                    0.0234649870544672,
                    -0.23531271517276764,
                    0.9716364741325378,
                    3.9167914390563965
                ],
                [
                    0.9997246861457825,
                    0.005523130297660828,
                    -0.02280571684241295,
                    -0.09193277359008789
                ],
                [
                    4.656612873077393e-10,
                    0.9719039797782898,
                    0.23537755012512207,
                    0.948837161064148
                ],
                [
                    0.0,
                    0.0,
                    0.0,
                    1.0
                ]
            ]
        },
        {
            "file_path": "/data/shapenet_blender/all_50_random/02958343/19c25429d34ce9748c844a5e3a5e1a93/r_25",
            "rotation": 0.12566370614359174,
            "transform_matrix": [
                [
                    -0.8894107341766357,
                    0.09999844431877136,
                    0.4460368752479553,
                    1.7980321645736694
                ],
                [
                    0.4571089446544647,
                    0.19457000494003296,
                    0.8678674697875977,
                    3.498485565185547
                ],
                [
                    0.0,
                    0.9757779836654663,
                    -0.2187628448009491,
                    -0.8818612098693848
                ],
                [
                    0.0,
                    0.0,
                    0.0,
                    1.0
                ]
            ]
        },
        {
            "file_path": "/data/shapenet_blender/all_50_random/02958343/19c25429d34ce9748c844a5e3a5e1a93/r_26",
            "rotation": 0.12566370614359174,
            "transform_matrix": [
                [
                    -0.21385936439037323,
                    -0.0747176930308342,
                    -0.9740027785301208,
                    -3.926330804824829
                ],
                [
                    -0.9768644571304321,
                    0.01635751873254776,
                    0.2132328748703003,
                    0.8595691919326782
                ],
                [
                    0.0,
                    0.9970705509185791,
                    -0.07648726552724838,
                    -0.3083300292491913
                ],
                [
                    0.0,
                    0.0,
                    0.0,
                    1.0
                ]
            ]
        },
        {
            "file_path": "/data/shapenet_blender/all_50_random/02958343/19c25429d34ce9748c844a5e3a5e1a93/r_27",
            "rotation": 0.12566370614359174,
            "transform_matrix": [
                [
                    -0.9791398048400879,
                    -0.10825709998607635,
                    0.17194674909114838,
                    0.6931395530700684
                ],
                [
                    0.20318782329559326,
                    -0.5216790437698364,
                    0.8285924196243286,
                    3.340163469314575
                ],
                [
                    0.0,
                    0.8462454080581665,
                    0.5327931642532349,
                    2.1477582454681396
                ],
                [
                    0.0,
                    0.0,
                    0.0,
                    1.0
                ]
            ]
        },
        {
            "file_path": "/data/shapenet_blender/all_50_random/02958343/19c25429d34ce9748c844a5e3a5e1a93/r_28",
            "rotation": 0.12566370614359174,
            "transform_matrix": [
                [
                    -0.620370626449585,
                    -0.4487668573856354,
                    -0.6432328820228577,
                    -2.592954635620117
                ],
                [
                    -0.7843087315559387,
                    0.3549645245075226,
                    0.5087828040122986,
                    2.050969123840332
                ],
                [
                    0.0,
                    0.820127010345459,
                    -0.5721814036369324,
                    -2.306536912918091
                ],
                [
                    0.0,
                    0.0,
                    0.0,
                    1.0
                ]
            ]
        },
        {
            "file_path": "/data/shapenet_blender/all_50_random/02958343/19c25429d34ce9748c844a5e3a5e1a93/r_29",
            "rotation": 0.12566370614359174,
            "transform_matrix": [
                [
                    -0.2534911632537842,
                    -0.016359616070985794,
                    -0.9671992659568787,
                    -3.8989052772521973
                ],
                [
                    -0.9673377275466919,
                    0.004287043586373329,
                    0.25345489382743835,
                    1.0217094421386719
                ],
                [
                    4.656612873077393e-10,
                    0.9998569488525391,
                    -0.016911998391151428,
                    -0.06817445158958435
                ],
                [
                    0.0,
                    0.0,
                    0.0,
                    1.0
                ]
            ]
        },
        {
            "file_path": "/data/shapenet_blender/all_50_random/02958343/19c25429d34ce9748c844a5e3a5e1a93/r_30",
            "rotation": 0.12566370614359174,
            "transform_matrix": [
                [
                    -0.9839454889297485,
                    -0.13190628588199615,
                    0.12021666020154953,
                    0.48460885882377625
                ],
                [
                    0.17846937477588654,
                    -0.7272317409515381,
                    0.6627839803695679,
                    2.6717677116394043
                ],
                [
                    0.0,
                    0.6735982298851013,
                    0.7390976548194885,
                    2.979398012161255
                ],
                [
                    0.0,
                    0.0,
                    0.0,
                    1.0
                ]
            ]
        },
        {
            "file_path": "/data/shapenet_blender/all_50_random/02958343/19c25429d34ce9748c844a5e3a5e1a93/r_31",
            "rotation": 0.12566370614359174,
            "transform_matrix": [
                [
                    0.3890596926212311,
                    -0.6541951894760132,
                    0.6485839486122131,
                    2.61452579498291
                ],
                [
                    0.9212126135826111,
                    0.27628904581069946,
                    -0.2739192545413971,
                    -1.1042039394378662
                ],
                [
                    2.980232594040899e-08,
                    0.7040546536445618,
                    0.7101456522941589,
                    2.8626890182495117
                ],
                [
                    0.0,
                    0.0,
                    0.0,
                    1.0
                ]
            ]
        },
        {
            "file_path": "/data/shapenet_blender/all_50_random/02958343/19c25429d34ce9748c844a5e3a5e1a93/r_32",
            "rotation": 0.12566370614359174,
            "transform_matrix": [
                [
                    -0.6597399115562439,
                    0.29033222794532776,
                    0.6931453943252563,
                    2.794158458709717
                ],
                [
                    0.7514941692352295,
                    0.25488391518592834,
                    0.6085153222084045,
                    2.4530036449432373
                ],
                [
                    0.0,
                    0.922356367111206,
                    -0.38634008169174194,
                    -1.5573866367340088
                ],
                [
                    0.0,
                    0.0,
                    0.0,
                    1.0
                ]
            ]
        },
        {
            "file_path": "/data/shapenet_blender/all_50_random/02958343/19c25429d34ce9748c844a5e3a5e1a93/r_33",
            "rotation": 0.12566370614359174,
            "transform_matrix": [
                [
                    -0.564233124256134,
                    -0.055691152811050415,
                    -0.8237350583076477,
                    -3.320582151412964
                ],
                [
                    -0.8256154656410217,
                    0.038059841841459274,
                    0.5629480481147766,
                    2.2693161964416504
                ],
                [
                    0.0,
                    0.9977224469184875,
                    -0.06745409965515137,
                    -0.2719161808490753
                ],
                [
                    0.0,
                    0.0,
                    0.0,
                    1.0
                ]
            ]
        },
        {
            "file_path": "/data/shapenet_blender/all_50_random/02958343/19c25429d34ce9748c844a5e3a5e1a93/r_34",
            "rotation": 0.12566370614359174,
            "transform_matrix": [
                [
                    -0.21164178848266602,
                    0.3772306740283966,
                    -0.9016122817993164,
                    -3.6345155239105225
                ],
                [
                    -0.9773473143577576,
                    -0.08168822526931763,
                    0.19524158537387848,
                    0.7870440483093262
                ],
                [
                    7.450580596923828e-09,
                    0.9225095510482788,
                    0.3859739899635315,
                    1.5559110641479492
                ],
                [
                    0.0,
                    0.0,
                    0.0,
                    1.0
                ]
            ]
        },
        {
            "file_path": "/data/shapenet_blender/all_50_random/02958343/19c25429d34ce9748c844a5e3a5e1a93/r_35",
            "rotation": 0.12566370614359174,
            "transform_matrix": [
                [
                    -0.9586833715438843,
                    -0.061240363866090775,
                    -0.2778054177761078,
                    -1.119869351387024
                ],
                [
                    -0.2844753563404083,
                    0.20638033747673035,
                    0.9362056851387024,
                    3.773965358734131
                ],
                [
                    0.0,
                    0.9765535593032837,
                    -0.21527478098869324,
                    -0.8678002953529358
                ],
                [
                    0.0,
                    0.0,
                    0.0,
                    1.0
                ]
            ]
        },
        {
            "file_path": "/data/shapenet_blender/all_50_random/02958343/19c25429d34ce9748c844a5e3a5e1a93/r_36",
            "rotation": 0.12566370614359174,
            "transform_matrix": [
                [
                    -0.7650465369224548,
                    0.12343181669712067,
                    -0.6320350766181946,
                    -2.5478148460388184
                ],
                [
                    -0.6439749002456665,
                    -0.14663781225681305,
                    0.7508618831634521,
                    3.0268211364746094
                ],
                [
                    0.0,
                    0.9814589619636536,
                    0.19167175889015198,
                    0.7726535797119141
                ],
                [
                    0.0,
                    0.0,
                    0.0,
                    1.0
                ]
            ]
        },
        {
            "file_path": "/data/shapenet_blender/all_50_random/02958343/19c25429d34ce9748c844a5e3a5e1a93/r_37",
            "rotation": 0.12566370614359174,
            "transform_matrix": [
                [
                    -0.9964711666107178,
                    -0.0403902493417263,
                    0.07357858866453171,
                    0.29660478234291077
                ],
                [
                    0.08393558114767075,
                    -0.4795072674751282,
                    0.8735144734382629,
                    3.521249532699585
                ],
                [
                    0.0,
                    0.8766079545021057,
                    0.4812053442001343,
                    1.93980073928833
                ],
                [
                    0.0,
                    0.0,
                    0.0,
                    1.0
                ]
            ]
        },
        {
            "file_path": "/data/shapenet_blender/all_50_random/02958343/19c25429d34ce9748c844a5e3a5e1a93/r_38",
            "rotation": 0.12566370614359174,
            "transform_matrix": [
                [
                    -0.948405385017395,
                    0.12315535545349121,
                    0.29216423630714417,
                    1.1777516603469849
                ],
                [
                    0.3170602023601532,
                    0.3683880865573883,
                    0.873935341835022,
                    3.5229461193084717
                ],
                [
                    0.0,
                    0.9214787483215332,
                    -0.38842886686325073,
                    -1.5658068656921387
                ],
                [
                    0.0,
                    0.0,
                    0.0,
                    1.0
                ]
            ]
        },
        {
            "file_path": "/data/shapenet_blender/all_50_random/02958343/19c25429d34ce9748c844a5e3a5e1a93/r_39",
            "rotation": 0.12566370614359174,
            "transform_matrix": [
                [
                    -0.3117934465408325,
                    -0.1064944788813591,
                    0.9441629648208618,
                    3.8060426712036133
                ],
                [
                    0.9501500129699707,
                    -0.03494635969400406,
                    0.3098287880420685,
                    1.2489597797393799
                ],
                [
                    3.725290742551124e-09,
                    0.9936990141868591,
                    0.11208176612854004,
                    0.45181605219841003
                ],
                [
                    0.0,
                    0.0,
                    0.0,
                    1.0
                ]
            ]
        },
        {
            "file_path": "/data/shapenet_blender/all_50_random/02958343/19c25429d34ce9748c844a5e3a5e1a93/r_40",
            "rotation": 0.12566370614359174,
            "transform_matrix": [
                [
                    0.8183624148368835,
                    -0.5144938826560974,
                    -0.2560839056968689,
                    -1.0323071479797363
                ],
                [
                    -0.5747025012969971,
                    -0.7326268553733826,
                    -0.3646572530269623,
                    -1.469980239868164
                ],
                [
                    -2.9802322387695312e-08,
                    0.44559380412101746,
                    -0.8952353000640869,
                    -3.6088085174560547
                ],
                [
                    0.0,
                    0.0,
                    0.0,
                    1.0
                ]
            ]
        },
        {
            "file_path": "/data/shapenet_blender/all_50_random/02958343/19c25429d34ce9748c844a5e3a5e1a93/r_41",
            "rotation": 0.12566370614359174,
            "transform_matrix": [
                [
                    -0.810738742351532,
                    0.19866712391376495,
                    -0.5506669878959656,
                    -2.2198095321655273
                ],
                [
                    -0.5854082107543945,
                    -0.27513644099235535,
                    0.7626252174377441,
                    3.0742406845092773
