{
    "class": "02958343",
    "model": "43553b5efc2674cee4b68d3b17c43658",
    "remove_doubles": true,
    "edge_split": true,
    "denoise": true,
    "camera_angle_x": 0.6911112070083618,
    "scale_factor": 2.2798153668203827,
    "hdri_file": "/data/IndoorHDRDataset2018/9C4A0750-de3e8955e9.exr",
    "center_offset": [
        0.0,
        0.0,
        -4.656612873077393e-10
    ],
    "lights": [],
    "frames": [
        {
            "file_path": "/data/shapenet_blender/all_50_random/02958343/43553b5efc2674cee4b68d3b17c43658/r_0",
            "rotation": 0.12566370614359174,
            "transform_matrix": [
                [
                    -0.9555449485778809,
                    0.12628573179244995,
                    0.2664315104484558,
                    1.0740199089050293
                ],
                [
                    0.29484549164772034,
                    0.4092709720134735,
                    0.8634600639343262,
                    3.4807190895080566
                ],
                [
                    0.0,
                    0.9036311507225037,
                    -0.4283115565776825,
                    -1.726579189300537
                ],
                [
                    0.0,
                    0.0,
                    0.0,
                    1.0
                ]
            ]
        },
        {
            "file_path": "/data/shapenet_blender/all_50_random/02958343/43553b5efc2674cee4b68d3b17c43658/r_1",
            "rotation": 0.12566370614359174,
            "transform_matrix": [
                [
                    0.9442735910415649,
                    -0.04785574600100517,
                    -0.3256642520427704,
                    -1.3127946853637695
                ],
                [
                    -0.329161673784256,
                    -0.13728486001491547,
                    -0.9342405200004578,
                    -3.7660441398620605
                ],
                [
                    7.450580596923828e-09,
                    0.9893749356269836,
                    -0.1453867405653,
                    -0.5860727429389954
                ],
                [
                    0.0,
                    0.0,
                    0.0,
                    1.0
                ]
            ]
        },
        {
            "file_path": "/data/shapenet_blender/all_50_random/02958343/43553b5efc2674cee4b68d3b17c43658/r_2",
            "rotation": 0.12566370614359174,
            "transform_matrix": [
                [
                    -0.7597844004631042,
                    0.5490646362304688,
                    -0.3482178747653961,
                    -1.4037113189697266
                ],
                [
                    -0.6501750349998474,
                    -0.6416283249855042,
                    0.40692195296287537,
                    1.6403549909591675
                ],
                [
                    0.0,
                    0.5355756282806396,
                    0.844487190246582,
                    3.4042370319366455
                ],
                [
                    0.0,
                    0.0,
                    0.0,
                    1.0
                ]
            ]
        },
        {
            "file_path": "/data/shapenet_blender/all_50_random/02958343/43553b5efc2674cee4b68d3b17c43658/r_3",
            "rotation": 0.12566370614359174,
            "transform_matrix": [
                [
                    0.8922849297523499,
                    -0.14154167473316193,
                    0.42871150374412537,
                    1.7281913757324219
                ],
                [
                    0.4514727294445038,
                    0.27974116802215576,
                    -0.8472999334335327,
                    -3.4155752658843994
                ],
                [
                    -7.450580596923828e-09,
                    0.949584424495697,
                    0.31351104378700256,
                    1.263803482055664
                ],
                [
                    0.0,
                    0.0,
                    0.0,
                    1.0
                ]
            ]
        },
        {
            "file_path": "/data/shapenet_blender/all_50_random/02958343/43553b5efc2674cee4b68d3b17c43658/r_4",
            "rotation": 0.12566370614359174,
            "transform_matrix": [
                [
                    0.9877932667732239,
                    0.0851147249341011,
                    -0.1304604709148407,
                    -0.525903046131134
                ],
                [
                    -0.15577051043510437,
                    0.5397410988807678,
                    -0.8272937536239624,
                    -3.334928035736084
                ],
                [
                    0.0,
                    0.8375171422958374,
                    0.5464109182357788,
                    2.202653169631958
                ],
                [
                    0.0,
                    0.0,
                    0.0,
                    1.0
                ]
            ]
        },
        {
            "file_path": "/data/shapenet_blender/all_50_random/02958343/43553b5efc2674cee4b68d3b17c43658/r_5",
            "rotation": 0.12566370614359174,
            "transform_matrix": [
                [
                    -0.25343185663223267,
                    -0.045188356190919876,
                    -0.9662972092628479,
                    -3.895268678665161
                ],
                [
                    -0.9673532843589783,
                    0.01183866336941719,
                    0.2531552016735077,
                    1.0205012559890747
                ],
                [
                    0.0,
                    0.9989083409309387,
                    -0.04671339690685272,
                    -0.1883077323436737
                ],
                [
                    0.0,
                    0.0,
                    0.0,
                    1.0
                ]
            ]
        },
        {
            "file_path": "/data/shapenet_blender/all_50_random/02958343/43553b5efc2674cee4b68d3b17c43658/r_6",
            "rotation": 0.12566370614359174,
            "transform_matrix": [
                [
                    -0.3824019432067871,
                    0.08279994875192642,
                    -0.9202786684036255,
                    -3.7097620964050293
                ],
                [
                    -0.923996090888977,
                    -0.03426731005311012,
                    0.3808634579181671,
                    1.5353097915649414
                ],
                [
                    0.0,
                    0.9959768056869507,
                    0.08961071074008942,
                    0.36123237013816833
                ],
                [
                    0.0,
                    0.0,
                    0.0,
                    1.0
                ]
            ]
        },
        {
            "file_path": "/data/shapenet_blender/all_50_random/02958343/43553b5efc2674cee4b68d3b17c43658/r_7",
            "rotation": 0.12566370614359174,
            "transform_matrix": [
                [
                    -0.4487592875957489,
                    0.23021075129508972,
                    -0.8634918332099915,
                    -3.480846881866455
                ],
                [
                    -0.8936527967453003,
                    -0.11560329794883728,
                    0.4336135685443878,
                    1.7479522228240967
                ],
                [
                    0.0,
                    0.9662498235702515,
                    0.25760653614997864,
                    1.0384451150894165
                ],
                [
                    0.0,
                    0.0,
                    0.0,
                    1.0
                ]
            ]
        },
        {
            "file_path": "/data/shapenet_blender/all_50_random/02958343/43553b5efc2674cee4b68d3b17c43658/r_8",
            "rotation": 0.12566370614359174,
            "transform_matrix": [
                [
                    0.8028401136398315,
                    0.028077829629182816,
                    0.5955329537391663,
                    2.400670051574707
                ],
                [
                    0.5961945652961731,
                    -0.037809818983078,
                    -0.8019492030143738,
                    -3.2327606678009033
                ],
                [
                    0.0,
                    0.9988903999328613,
                    -0.04709508642554283,
                    -0.18984636664390564
                ],
                [
                    0.0,
                    0.0,
                    0.0,
                    1.0
                ]
            ]
        },
        {
            "file_path": "/data/shapenet_blender/all_50_random/02958343/43553b5efc2674cee4b68d3b17c43658/r_9",
            "rotation": 0.12566370614359174,
            "transform_matrix": [
                [
                    0.638654351234436,
                    0.11016534268856049,
                    -0.7615669965744019,
                    -3.069974660873413
                ],
                [
                    -0.769493818283081,
                    0.091433584690094,
                    -0.6320753693580627,
                    -2.5479772090911865
                ],
                [
                    0.0,
                    0.9896986484527588,
                    0.14316602051258087,
                    0.5771206617355347
                ],
                [
                    0.0,
                    0.0,
                    0.0,
                    1.0
                ]
            ]
        },
        {
            "file_path": "/data/shapenet_blender/all_50_random/02958343/43553b5efc2674cee4b68d3b17c43658/r_10",
            "rotation": 0.12566370614359174,
            "transform_matrix": [
                [
                    0.1628538966178894,
                    -0.9828850626945496,
                    0.08611314743757248,
                    0.34713318943977356
                ],
                [
                    0.986650288105011,
                    0.1622324287891388,
                    -0.014213609509170055,
                    -0.05729689076542854
                ],
                [
                    -9.31322685637781e-10,
                    0.08727797865867615,
                    0.9961839914321899,
                    4.015746116638184
                ],
                [
                    0.0,
                    0.0,
                    0.0,
                    1.0
                ]
            ]
        },
        {
            "file_path": "/data/shapenet_blender/all_50_random/02958343/43553b5efc2674cee4b68d3b17c43658/r_11",
            "rotation": 0.12566370614359174,
            "transform_matrix": [
                [
                    -0.600007951259613,
                    0.08826795965433121,
                    -0.7951095104217529,
                    -3.2051892280578613
                ],
                [
                    -0.7999940514564514,
                    -0.06620233505964279,
                    0.5963444709777832,
                    2.4039416313171387
                ],
                [
                    3.725290298461914e-09,
                    0.9938943386077881,
                    0.11033576726913452,
                    0.4447777271270752
                ],
                [
                    0.0,
                    0.0,
                    0.0,
                    1.0
                ]
            ]
        },
        {
            "file_path": "/data/shapenet_blender/all_50_random/02958343/43553b5efc2674cee4b68d3b17c43658/r_12",
            "rotation": 0.12566370614359174,
            "transform_matrix": [
                [
                    -0.3407079577445984,
                    0.08645510673522949,
                    0.9361855983734131,
                    3.7738850116729736
                ],
                [
                    0.9401692152023315,
                    0.031330469995737076,
                    0.3392643332481384,
                    1.367618441581726
                ],
                [
                    0.0,
                    0.9957629442214966,
                    -0.0919569581747055,
                    -0.37069037556648254
                ],
                [
                    0.0,
                    0.0,
                    0.0,
                    1.0
                ]
            ]
        },
        {
            "file_path": "/data/shapenet_blender/all_50_random/02958343/43553b5efc2674cee4b68d3b17c43658/r_13",
            "rotation": 0.12566370614359174,
            "transform_matrix": [
                [
                    0.8637268543243408,
                    0.3870988190174103,
                    -0.32269230484962463,
                    -1.3008143901824951
                ],
                [
                    -0.503960132598877,
                    0.6634406447410583,
                    -0.5530556440353394,
                    -2.2294387817382812
                ],
                [
                    0.0,
                    0.6403130888938904,
                    0.768113911151886,
                    3.0963664054870605
                ],
                [
                    0.0,
                    0.0,
                    0.0,
                    1.0
                ]
            ]
        },
        {
            "file_path": "/data/shapenet_blender/all_50_random/02958343/43553b5efc2674cee4b68d3b17c43658/r_14",
            "rotation": 0.12566370614359174,
            "transform_matrix": [
                [
                    0.9986280202865601,
                    0.021367330104112625,
                    -0.047808364033699036,
                    -0.19272169470787048
                ],
                [
                    -0.05236605182290077,
                    0.407478004693985,
                    -0.9117122888565063,
                    -3.675230026245117
                ],
                [
                    0.0,
                    0.9129648804664612,
                    0.40803787112236023,
                    1.6448533535003662
                ],
                [
                    0.0,
                    0.0,
                    0.0,
                    1.0
                ]
            ]
        },
        {
            "file_path": "/data/shapenet_blender/all_50_random/02958343/43553b5efc2674cee4b68d3b17c43658/r_15",
            "rotation": 0.12566370614359174,
            "transform_matrix": [
                [
                    0.16944682598114014,
                    0.681398868560791,
                    0.7120275497436523,
                    2.8702750205993652
                ],
                [
                    0.9855393767356873,
                    -0.11715501546859741,
                    -0.12242110073566437,
                    -0.49349528551101685
                ],
                [
                    0.0,
                    0.7224751114845276,
                    -0.6913968920707703,
                    -2.7871103286743164
                ],
                [
                    0.0,
                    0.0,
                    0.0,
                    1.0
                ]
            ]
        },
        {
            "file_path": "/data/shapenet_blender/all_50_random/02958343/43553b5efc2674cee4b68d3b17c43658/r_16",
            "rotation": 0.12566370614359174,
            "transform_matrix": [
                [
                    -0.8097993731498718,
                    0.13662205636501312,
                    0.5705782175064087,
                    2.300074577331543
                ],
                [
                    0.5867070555686951,
                    0.18857188522815704,
                    0.7875375747680664,
                    3.174665689468384
                ],
                [
                    -7.450581485102248e-09,
                    0.9725096225738525,
                    -0.23286248743534088,
                    -0.9386987686157227
                ],
                [
                    0.0,
                    0.0,
                    0.0,
                    1.0
                ]
            ]
        },
        {
            "file_path": "/data/shapenet_blender/all_50_random/02958343/43553b5efc2674cee4b68d3b17c43658/r_17",
            "rotation": 0.12566370614359174,
            "transform_matrix": [
                [
                    -0.9999939203262329,
                    -0.0002268029493279755,
                    0.003504754975438118,
                    0.014128118753433228
                ],
                [
                    0.0035120861139148474,
                    -0.06457744538784027,
                    0.997906506061554,
                    4.0226898193359375
                ],
                [
                    0.0,
                    0.9979127049446106,
                    0.0645778477191925,
                    0.26032161712646484
                ],
                [
                    0.0,
                    0.0,
                    0.0,
                    1.0
                ]
            ]
        },
        {
            "file_path": "/data/shapenet_blender/all_50_random/02958343/43553b5efc2674cee4b68d3b17c43658/r_18",
            "rotation": 0.12566370614359174,
            "transform_matrix": [
                [
                    -0.025814004242420197,
                    -0.13621217012405396,
                    0.9903433918952942,
                    3.992201328277588
                ],
                [
                    0.9996667504310608,
                    -0.00351735414005816,
                    0.025573251768946648,
                    0.10308906435966492
                ],
                [
                    0.0,
                    0.9906734824180603,
                    0.1362575888633728,
                    0.549271821975708
                ],
                [
                    0.0,
                    0.0,
                    0.0,
                    1.0
                ]
            ]
        },
        {
            "file_path": "/data/shapenet_blender/all_50_random/02958343/43553b5efc2674cee4b68d3b17c43658/r_19",
            "rotation": 0.12566370614359174,
            "transform_matrix": [
                [
                    0.5222339034080505,
                    0.41270408034324646,
                    0.7462888360023499,
                    3.0083866119384766
                ],
                [
                    0.8528022170066833,
                    -0.25272923707962036,
                    -0.45700788497924805,
                    -1.8422577381134033
                ],
                [
                    0.0,
                    0.8751018047332764,
                    -0.4839388132095337,
                    -1.950819730758667
                ],
                [
                    0.0,
                    0.0,
                    0.0,
                    1.0
                ]
            ]
        },
        {
            "file_path": "/data/shapenet_blender/all_50_random/02958343/43553b5efc2674cee4b68d3b17c43658/r_20",
            "rotation": 0.12566370614359174,
            "transform_matrix": [
                [
                    0.31174513697624207,
                    -0.6748027205467224,
                    -0.668921709060669,
                    -2.696509599685669
                ],
                [
                    -0.9501657485961914,
                    -0.22139975428581238,
                    -0.21947020292282104,
                    -0.8847126960754395
                ],
                [
                    0.0,
                    0.704005241394043,
                    -0.7101947665214539,
                    -2.862886667251587
                ],
                [
                    0.0,
                    0.0,
                    0.0,
                    1.0
                ]
            ]
        },
        {
            "file_path": "/data/shapenet_blender/all_50_random/02958343/43553b5efc2674cee4b68d3b17c43658/r_21",
            "rotation": 0.12566370614359174,
            "transform_matrix": [
                [
                    -0.8621882200241089,
                    0.4704057276248932,
                    0.18801617622375488,
                    0.7579175233840942
                ],
                [
                    0.5065882205963135,
                    0.8006073236465454,
                    0.3199942409992218,
                    1.28993821144104
                ],
                [
                    0.0,
                    0.3711419701576233,
                    -0.9285759925842285,
                    -3.7432098388671875
                ],
                [
                    0.0,
                    0.0,
                    0.0,
                    1.0
                ]
            ]
        },
        {
            "file_path": "/data/shapenet_blender/all_50_random/02958343/43553b5efc2674cee4b68d3b17c43658/r_22",
            "rotation": 0.12566370614359174,
            "transform_matrix": [
                [
                    0.8810396790504456,
                    0.08893498033285141,
                    0.4646071493625641,
                    1.8728914260864258
                ],
                [
                    0.4730425775051117,
                    -0.16564099490642548,
                    -0.8653286695480347,
                    -3.4882516860961914
                ],
                [
                    0.0,
                    0.9821677803993225,
                    -0.18800629675388336,
                    -0.7578777074813843
                ],
                [
                    0.0,
                    0.0,
                    0.0,
                    1.0
                ]
            ]
        },
        {
            "file_path": "/data/shapenet_blender/all_50_random/02958343/43553b5efc2674cee4b68d3b17c43658/r_23",
            "rotation": 0.12566370614359174,
            "transform_matrix": [
                [
                    -0.7777783274650574,
                    -0.23222458362579346,
                    0.5840655565261841,
                    2.3544437885284424
                ],
                [
                    0.6285386681556702,
                    -0.28736376762390137,
                    0.7227455377578735,
                    2.913480758666992
                ],
                [
                    0.0,
                    0.9292436838150024,
                    0.3694674074649811,
                    1.4893708229064941
                ],
                [
                    0.0,
                    0.0,
                    0.0,
                    1.0
                ]
            ]
        },
        {
            "file_path": "/data/shapenet_blender/all_50_random/02958343/43553b5efc2674cee4b68d3b17c43658/r_24",
            "rotation": 0.12566370614359174,
            "transform_matrix": [
                [
                    -0.6864611506462097,
                    -0.026453258469700813,
                    -0.7266851663589478,
                    -2.929361581802368
                ],
                [
                    -0.727166473865509,
                    0.02497245743870735,
                    0.6860067844390869,
                    2.7653818130493164
                ],
                [
                    0.0,
                    0.9993379712104797,
                    -0.03637854754924774,
                    -0.1466466188430786
                ],
                [
                    0.0,
                    0.0,
                    0.0,
                    1.0
                ]
            ]
        },
        {
            "file_path": "/data/shapenet_blender/all_50_random/02958343/43553b5efc2674cee4b68d3b17c43658/r_25",
            "rotation": 0.12566370614359174,
            "transform_matrix": [
                [
                    -0.9783896207809448,
                    -0.008305050432682037,
                    0.20660315454006195,
                    0.8328440189361572
                ],
                [
                    0.20677004754543304,
                    -0.039297644048929214,
                    0.9775999188423157,
                    3.9408316612243652
                ],
                [
                    9.313227966600834e-10,
                    0.9991929531097412,
                    0.04016563296318054,
                    0.16191285848617554
                ],
                [
                    0.0,
                    0.0,
                    0.0,
                    1.0
                ]
            ]
        },
        {
            "file_path": "/data/shapenet_blender/all_50_random/02958343/43553b5efc2674cee4b68d3b17c43658/r_26",
            "rotation": 0.12566370614359174,
            "transform_matrix": [
                [
                    -0.6383571624755859,
                    -0.16511932015419006,
                    0.7518216371536255,
                    3.0306899547576904
                ],
                [
                    0.7697403430938721,
                    -0.13693590462207794,
                    0.6234968900680542,
                    2.5133962631225586
                ],
                [
                    -7.450580596923828e-09,
                    0.9767211079597473,
                    0.21451301872730255,
                    0.864729642868042
                ],
                [
                    0.0,
                    0.0,
                    0.0,
                    1.0
                ]
            ]
        },
        {
            "file_path": "/data/shapenet_blender/all_50_random/02958343/43553b5efc2674cee4b68d3b17c43658/r_27",
            "rotation": 0.12566370614359174,
            "transform_matrix": [
                [
                    -0.7497050762176514,
                    -0.3615148663520813,
                    -0.5543007850646973,
                    -2.2344579696655273
                ],
                [
                    -0.6617720723152161,
                    0.40955114364624023,
                    0.6279534697532654,
                    2.5313613414764404
                ],
                [
                    1.4901160305669237e-08,
                    0.8376006484031677,
                    -0.5462830066680908,
                    -2.2021372318267822
                ],
                [
                    0.0,
                    0.0,
                    0.0,
                    1.0
                ]
            ]
        },
        {
            "file_path": "/data/shapenet_blender/all_50_random/02958343/43553b5efc2674cee4b68d3b17c43658/r_28",
            "rotation": 0.12566370614359174,
            "transform_matrix": [
                [
                    -0.7371400594711304,
                    0.14285418391227722,
                    0.6604673862457275,
                    2.662429094314575
                ],
                [
                    0.6757399439811707,
                    0.15583442151546478,
                    0.7204797863960266,
                    2.9043469429016113
                ],
                [
                    0.0,
                    0.9773987531661987,
                    -0.21140408515930176,
                    -0.8521971106529236
                ],
                [
                    0.0,
                    0.0,
                    0.0,
                    1.0
                ]
            ]
        },
        {
            "file_path": "/data/shapenet_blender/all_50_random/02958343/43553b5efc2674cee4b68d3b17c43658/r_29",
            "rotation": 0.12566370614359174,
            "transform_matrix": [
                [
                    0.569763720035553,
                    0.2555966079235077,
                    -0.7810502648353577,
                    -3.14851450920105
                ],
                [
                    -0.8218085169792175,
                    0.17720633745193481,
                    -0.5415058732032776,
                    -2.182880163192749
                ],
                [
                    -1.4901161193847656e-08,
                    0.9504042267799377,
                    0.3110172152519226,
                    1.2537505626678467
                ],
                [
                    0.0,
                    0.0,
                    0.0,
                    1.0
                ]
            ]
        },
        {
            "file_path": "/data/shapenet_blender/all_50_random/02958343/43553b5efc2674cee4b68d3b17c43658/r_30",
            "rotation": 0.12566370614359174,
            "transform_matrix": [
                [
                    0.8637052774429321,
                    -0.03159518167376518,
                    0.5030060410499573,
                    2.0276825428009033
                ],
                [
                    0.5039974451065063,
                    0.0541449598968029,
                    -0.8620062470436096,
                    -3.474858522415161
                ],
                [
                    1.862645371275562e-09,
                    0.9980330467224121,
                    0.0626891627907753,
                    0.2527081370353699
                ],
                [
                    0.0,
                    0.0,
                    0.0,
                    1.0
                ]
            ]
        },
        {
            "file_path": "/data/shapenet_blender/all_50_random/02958343/43553b5efc2674cee4b68d3b17c43658/r_31",
            "rotation": 0.12566370614359174,
            "transform_matrix": [
                [
                    0.25752532482147217,
                    -0.2135297656059265,
                    -0.9423829913139343,
                    -3.7988674640655518
                ],
                [
                    -0.9662716388702393,
                    -0.05690876021981239,
                    -0.2511586546897888,
                    -1.0124529600143433
                ],
                [
                    0.0,
                    0.9752775430679321,
                    -0.22098319232463837,
                    -0.8908117413520813
                ],
                [
                    0.0,
                    0.0,
                    0.0,
                    1.0
                ]
            ]
        },
        {
            "file_path": "/data/shapenet_blender/all_50_random/02958343/43553b5efc2674cee4b68d3b17c43658/r_32",
            "rotation": 0.12566370614359174,
            "transform_matrix": [
                [
                    0.5120570659637451,
                    0.626953125,
                    -0.587134838104248,
                    -2.366816282272339
                ],
                [
                    -0.8589514493942261,
                    0.37375307083129883,
                    -0.3500157296657562,
                    -1.4109585285186768
                ],
                [
                    0.0,
                    0.6835483312606812,
                    0.7299051880836487,
                    2.9423420429229736
                ],
                [
                    0.0,
                    0.0,
                    0.0,
                    1.0
                ]
            ]
        },
        {
            "file_path": "/data/shapenet_blender/all_50_random/02958343/43553b5efc2674cee4b68d3b17c43658/r_33",
            "rotation": 0.12566370614359174,
            "transform_matrix": [
                [
                    0.8441352844238281,
                    0.3852453827857971,
                    0.37285616993904114,
                    1.5030312538146973
                ],
                [
                    0.5361303091049194,
                    -0.6065674424171448,
                    -0.5870606899261475,
                    -2.3665173053741455
                ],
                [
                    0.0,
                    0.695458173751831,
                    -0.7185665965080261,
                    -2.896634578704834
                ],
                [
                    0.0,
                    0.0,
                    0.0,
                    1.0
                ]
            ]
        },
        {
            "file_path": "/data/shapenet_blender/all_50_random/02958343/43553b5efc2674cee4b68d3b17c43658/r_34",
            "rotation": 0.12566370614359174,
            "transform_matrix": [
                [
                    -0.9556455016136169,
                    -0.269247829914093,
                    0.11936251819133759,
                    0.48116570711135864
                ],
                [
                    0.29451969265937805,
                    -0.8736444711685181,
                    0.3873026669025421,
                    1.5612670183181763
                ],
                [
                    0.0,
                    0.40527865290641785,
                    0.9141932129859924,
                    3.6852307319641113
                ],
                [
                    0.0,
                    0.0,
                    0.0,
                    1.0
                ]
            ]
        },
        {
            "file_path": "/data/shapenet_blender/all_50_random/02958343/43553b5efc2674cee4b68d3b17c43658/r_35",
            "rotation": 0.12566370614359174,
            "transform_matrix": [
                [
                    0.6639236807823181,
                    -0.06150771304965019,
                    0.7452664971351624,
                    3.004265308380127
                ],
                [
                    0.7478004097938538,
                    0.05460872873663902,
                    -0.6616740226745605,
                    -2.6672933101654053
                ],
                [
                    0.0,
                    0.9966115951538086,
                    0.08225151151418686,
                    0.3315664529800415
                ],
                [
                    0.0,
                    0.0,
                    0.0,
                    1.0
                ]
            ]
        },
        {
            "file_path": "/data/shapenet_blender/all_50_random/02958343/43553b5efc2674cee4b68d3b17c43658/r_36",
            "rotation": 0.12566370614359174,
            "transform_matrix": [
                [
                    0.33564743399620056,
                    -0.21339689195156097,
                    0.917497992515564,
                    3.6985526084899902
                ],
                [
                    0.9419877529144287,
                    0.0760372057557106,
                    -0.3269213140010834,
                    -1.3178619146347046
                ],
                [
                    7.450581485102248e-09,
                    0.9740020036697388,
                    0.22653895616531372,
                    0.9132077693939209
                ],
                [
                    0.0,
                    0.0,
                    0.0,
                    1.0
                ]
            ]
        },
        {
            "file_path": "/data/shapenet_blender/all_50_random/02958343/43553b5efc2674cee4b68d3b17c43658/r_37",
            "rotation": 0.12566370614359174,
            "transform_matrix": [
                [
                    0.9859548211097717,
                    -0.12616519629955292,
                    -0.10943225771188736,
                    -0.44113558530807495
                ],
                [
                    -0.16701218485832214,
                    -0.7448149919509888,
                    -0.6460322141647339,
                    -2.6042394638061523
                ],
                [
                    0.0,
                    0.6552351117134094,
                    -0.7554248571395874,
                    -3.045215129852295
                ],
                [
                    0.0,
                    0.0,
                    0.0,
                    1.0
                ]
            ]
        },
        {
            "file_path": "/data/shapenet_blender/all_50_random/02958343/43553b5efc2674cee4b68d3b17c43658/r_38",
            "rotation": 0.12566370614359174,
            "transform_matrix": [
                [
                    0.8848488330841064,
                    0.14143586158752441,
                    0.44389018416404724,
                    1.7893786430358887
                ],
                [
                    0.4658783972263336,
                    -0.2686309814453125,
                    -0.8430863618850708,
                    -3.398590087890625
                ],
                [
                    7.450581485102248e-09,
                    0.9528027772903442,
                    -0.30358967185020447,
                    -1.2238092422485352
                ],
                [
                    0.0,
                    0.0,
                    0.0,
                    1.0
                ]
            ]
        },
        {
            "file_path": "/data/shapenet_blender/all_50_random/02958343/43553b5efc2674cee4b68d3b17c43658/r_39",
            "rotation": 0.12566370614359174,
            "transform_matrix": [
                [
                    0.9629655480384827,
                    0.15774480998516083,
                    -0.2186640053987503,
                    -0.881462812423706
                ],
                [
                    -0.2696245014667511,
                    0.5633865594863892,
                    -0.7809598445892334,
                    -3.1481497287750244
                ],
                [
                    0.0,
                    0.8109946250915527,
                    0.5850536823272705,
                    2.358426809310913
                ],
                [
                    0.0,
                    0.0,
                    0.0,
                    1.0
                ]
            ]
        },
        {
            "file_path": "/data/shapenet_blender/all_50_random/02958343/43553b5efc2674cee4b68d3b17c43658/r_40",
            "rotation": 0.12566370614359174,
            "transform_matrix": [
                [
                    0.05992821976542473,
                    -0.07006963342428207,
                    0.9957404136657715,
                    4.013957977294922
                ],
                [
                    0.9982026815414429,
                    0.00420670909807086,
                    -0.05978039279580116,
                    -0.24098247289657593
                ],
                [
                    -4.6566125955216364e-10,
                    0.9975332617759705,
                    0.07019580155611038,
                    0.28296831250190735
                ],
                [
                    0.0,
                    0.0,
                    0.0,
                    1.0
                ]
            ]
        },
        {
            "file_path": "/data/shapenet_blender/all_50_random/02958343/43553b5efc2674cee4b68d3b17c43658/r_41",
            "rotation": 0.12566370614359174,
            "transform_matrix": [
                [
                    -0.3029925227165222,
                    -0.41402509808540344,
                    0.8583580851554871,
                    3.4601523876190186
                ],
                [
                    0.9529929757118225,
                    -0.13163425028324127,
                    0.27290451526641846,
                    1.1001133918762207
                ],
                [
                    7.450580596923828e-09,
                    0.9006972908973694,
                    0.43444713950157166,
                    1.7513126134872437
