{
    "class": "02958343",
    "model": "dfce5b313bebfba3ef8e28849949a11a",
    "remove_doubles": true,
    "edge_split": true,
    "denoise": true,
    "camera_angle_x": 0.6911112070083618,
    "scale_factor": 2.243279207581884,
    "hdri_file": "/data/IndoorHDRDataset2018/9C4A5848-d8e736c362.exr",
    "center_offset": [
        0.0,
        -1.862645149230957e-09,
        -3.725290298461914e-09
    ],
    "lights": [],
    "frames": [
        {
            "file_path": "/data/shapenet_blender/all_50_random/02958343/dfce5b313bebfba3ef8e28849949a11a/r_0",
            "rotation": 0.12566370614359174,
            "transform_matrix": [
                [
                    0.902830958366394,
                    0.16252154111862183,
                    0.3980993330478668,
                    1.6047898530960083
                ],
                [
                    0.4299957752227783,
                    -0.3412347435951233,
                    -0.8358603119850159,
                    -3.3694608211517334
                ],
                [
                    1.4901161193847656e-08,
                    0.9258216023445129,
                    -0.37796083092689514,
                    -1.523608922958374
                ],
                [
                    0.0,
                    0.0,
                    0.0,
                    1.0
                ]
            ]
        },
        {
            "file_path": "/data/shapenet_blender/all_50_random/02958343/dfce5b313bebfba3ef8e28849949a11a/r_1",
            "rotation": 0.12566370614359174,
            "transform_matrix": [
                [
                    0.9614081382751465,
                    0.17675425112247467,
                    -0.21083737909793854,
                    -0.8499126434326172
                ],
                [
                    -0.27512627840042114,
                    0.6176544427871704,
                    -0.73675537109375,
                    -2.9699559211730957
                ],
                [
                    0.0,
                    0.7663294672966003,
                    0.6424477100372314,
                    2.589789628982544
                ],
                [
                    0.0,
                    0.0,
                    0.0,
                    1.0
                ]
            ]
        },
        {
            "file_path": "/data/shapenet_blender/all_50_random/02958343/dfce5b313bebfba3ef8e28849949a11a/r_2",
            "rotation": 0.12566370614359174,
            "transform_matrix": [
                [
                    -0.7149774432182312,
                    -0.4923260509967804,
                    -0.49640941619873047,
                    -2.0010905265808105
                ],
                [
                    -0.6991475224494934,
                    0.503473162651062,
                    0.5076489448547363,
                    2.046398639678955
                ],
                [
                    0.0,
                    0.7100210785865784,
                    -0.7041803598403931,
                    -2.838642120361328
                ],
                [
                    0.0,
                    0.0,
                    0.0,
                    1.0
                ]
            ]
        },
        {
            "file_path": "/data/shapenet_blender/all_50_random/02958343/dfce5b313bebfba3ef8e28849949a11a/r_3",
            "rotation": 0.12566370614359174,
            "transform_matrix": [
                [
                    0.9983682036399841,
                    0.04978003725409508,
                    -0.027980491518974304,
                    -0.11279296875
                ],
                [
                    -0.057104818522930145,
                    0.8703084588050842,
                    -0.4891851842403412,
                    -1.9719685316085815
                ],
                [
                    1.862645149230957e-09,
                    0.48998475074768066,
                    0.8717309832572937,
                    3.5140600204467773
                ],
                [
                    0.0,
                    0.0,
                    0.0,
                    1.0
                ]
            ]
        },
        {
            "file_path": "/data/shapenet_blender/all_50_random/02958343/dfce5b313bebfba3ef8e28849949a11a/r_4",
            "rotation": 0.12566370614359174,
            "transform_matrix": [
                [
                    -0.9936018586158752,
                    -0.050647296011447906,
                    -0.1009465903043747,
                    -0.4069287180900574
                ],
                [
                    -0.11293964833021164,
                    0.4455764591693878,
                    0.8880913257598877,
                    3.5800106525421143
                ],
                [
                    0.0,
                    0.8938099145889282,
                    -0.44844573736190796,
                    -1.8077425956726074
                ],
                [
                    0.0,
                    0.0,
                    0.0,
                    1.0
                ]
            ]
        },
        {
            "file_path": "/data/shapenet_blender/all_50_random/02958343/dfce5b313bebfba3ef8e28849949a11a/r_5",
            "rotation": 0.12566370614359174,
            "transform_matrix": [
                [
                    0.16354504227638245,
                    -0.10957863181829453,
                    -0.9804313778877258,
                    -3.952244758605957
                ],
                [
                    -0.9865359663963318,
                    -0.018165621906518936,
                    -0.16253302991390228,
                    -0.6551915407180786
                ],
                [
                    1.862645149230957e-09,
                    0.993812084197998,
                    -0.11107415705919266,
                    -0.4477542042732239
                ],
                [
                    0.0,
                    0.0,
                    0.0,
                    1.0
                ]
            ]
        },
        {
            "file_path": "/data/shapenet_blender/all_50_random/02958343/dfce5b313bebfba3ef8e28849949a11a/r_6",
            "rotation": 0.12566370614359174,
            "transform_matrix": [
                [
                    -0.9997273683547974,
                    -0.002639387035742402,
                    0.02320040762424469,
                    0.09352383017539978
                ],
                [
                    0.023350059986114502,
                    -0.11300473660230637,
                    0.9933200478553772,
                    4.0042009353637695
                ],
                [
                    0.0,
                    0.9935908913612366,
                    0.11303555965423584,
                    0.455660879611969
                ],
                [
                    0.0,
                    0.0,
                    0.0,
                    1.0
                ]
            ]
        },
        {
            "file_path": "/data/shapenet_blender/all_50_random/02958343/dfce5b313bebfba3ef8e28849949a11a/r_7",
            "rotation": 0.12566370614359174,
            "transform_matrix": [
                [
                    0.3416788578033447,
                    -0.7705342173576355,
                    -0.5380821824073792,
                    -2.169078826904297
                ],
                [
                    -0.9398167729377747,
                    -0.2801346778869629,
                    -0.19562463462352753,
                    -0.7885881662368774
                ],
                [
                    -1.4901161193847656e-08,
                    0.5725395083427429,
                    -0.819877028465271,
                    -3.305030345916748
                ],
                [
                    0.0,
                    0.0,
                    0.0,
                    1.0
                ]
            ]
        },
        {
            "file_path": "/data/shapenet_blender/all_50_random/02958343/dfce5b313bebfba3ef8e28849949a11a/r_8",
            "rotation": 0.12566370614359174,
            "transform_matrix": [
                [
                    -0.2163768857717514,
                    -0.7716495990753174,
                    -0.5981120467185974,
                    -2.411066770553589
                ],
                [
                    -0.9763099551200867,
                    0.171018585562706,
                    0.1325579285621643,
                    0.5343580842018127
                ],
                [
                    0.0,
                    0.612625241279602,
                    -0.7903735041618347,
                    -3.1860976219177246
                ],
                [
                    0.0,
                    0.0,
                    0.0,
                    1.0
                ]
            ]
        },
        {
            "file_path": "/data/shapenet_blender/all_50_random/02958343/dfce5b313bebfba3ef8e28849949a11a/r_9",
            "rotation": 0.12566370614359174,
            "transform_matrix": [
                [
                    0.9899823665618896,
                    -0.061444900929927826,
                    0.12712034583091736,
                    0.5124385356903076
                ],
                [
                    0.14119158685207367,
                    0.4308285713195801,
                    -0.8913201093673706,
                    -3.593026638031006
                ],
                [
                    -3.725290742551124e-09,
                    0.9003394246101379,
                    0.4351881444454193,
                    1.7542996406555176
                ],
                [
                    0.0,
                    0.0,
                    0.0,
                    1.0
                ]
            ]
        },
        {
            "file_path": "/data/shapenet_blender/all_50_random/02958343/dfce5b313bebfba3ef8e28849949a11a/r_10",
            "rotation": 0.12566370614359174,
            "transform_matrix": [
                [
                    0.9954845309257507,
                    -0.053022027015686035,
                    0.07873456180095673,
                    0.3173891603946686
                ],
                [
                    0.0949234738945961,
                    0.5560543537139893,
                    -0.8257076740264893,
                    -3.3285341262817383
                ],
                [
                    0.0,
                    0.8294529914855957,
                    0.5585765242576599,
                    2.2516939640045166
                ],
                [
                    0.0,
                    0.0,
                    0.0,
                    1.0
                ]
            ]
        },
        {
            "file_path": "/data/shapenet_blender/all_50_random/02958343/dfce5b313bebfba3ef8e28849949a11a/r_11",
            "rotation": 0.12566370614359174,
            "transform_matrix": [
                [
                    0.39364299178123474,
                    0.07088591903448105,
                    -0.9165262579917908,
                    -3.6946356296539307
                ],
                [
                    -0.919263482093811,
                    0.03035445511341095,
                    -0.3924708664417267,
                    -1.5821006298065186
                ],
                [
                    -1.862645371275562e-09,
                    0.9970224499702454,
                    0.0771116390824318,
                    0.3108469545841217
                ],
                [
                    0.0,
                    0.0,
                    0.0,
                    1.0
                ]
            ]
        },
        {
            "file_path": "/data/shapenet_blender/all_50_random/02958343/dfce5b313bebfba3ef8e28849949a11a/r_12",
            "rotation": 0.12566370614359174,
            "transform_matrix": [
                [
                    0.6237140893936157,
                    -0.07540301233530045,
                    -0.7780071496963501,
                    -3.136247158050537
                ],
                [
                    -0.7816526293754578,
                    -0.06016729772090912,
                    -0.6208052635192871,
                    -2.5025460720062256
                ],
                [
                    0.0,
                    0.9953361749649048,
                    -0.09646615386009216,
                    -0.38886749744415283
                ],
                [
                    0.0,
                    0.0,
                    0.0,
                    1.0
                ]
            ]
        },
        {
            "file_path": "/data/shapenet_blender/all_50_random/02958343/dfce5b313bebfba3ef8e28849949a11a/r_13",
            "rotation": 0.12566370614359174,
            "transform_matrix": [
                [
                    0.37484210729599,
                    0.39364874362945557,
                    0.8393653631210327,
                    3.383589506149292
                ],
                [
                    0.9270886778831482,
                    -0.15916074812412262,
                    -0.3393736779689789,
                    -1.3680589199066162
                ],
                [
                    0.0,
                    0.9053776860237122,
                    -0.42460742592811584,
                    -1.7116470336914062
                ],
                [
                    0.0,
                    0.0,
                    0.0,
                    1.0
                ]
            ]
        },
        {
            "file_path": "/data/shapenet_blender/all_50_random/02958343/dfce5b313bebfba3ef8e28849949a11a/r_14",
            "rotation": 0.12566370614359174,
            "transform_matrix": [
                [
                    -0.6443527340888977,
                    0.0030775205232203007,
                    -0.7647222876548767,
                    -3.0826938152313232
                ],
                [
                    -0.7647284865379333,
                    -0.00259308866225183,
                    0.6443475484848022,
                    2.597447633743286
                ],
                [
                    0.0,
                    0.9999918937683105,
                    0.004024331457912922,
                    0.016222596168518066
                ],
                [
                    0.0,
                    0.0,
                    0.0,
                    1.0
                ]
            ]
        },
        {
            "file_path": "/data/shapenet_blender/all_50_random/02958343/dfce5b313bebfba3ef8e28849949a11a/r_15",
            "rotation": 0.12566370614359174,
            "transform_matrix": [
                [
                    0.4565558433532715,
                    0.14106762409210205,
                    -0.8784399032592773,
                    -3.541104555130005
                ],
                [
                    -0.8896948099136353,
                    0.07239027321338654,
                    -0.4507802724838257,
                    -1.8171534538269043
                ],
                [
                    0.0,
                    0.9873497486114502,
                    0.15855732560157776,
                    0.6391650438308716
                ],
                [
                    0.0,
                    0.0,
                    0.0,
                    1.0
                ]
            ]
        },
        {
            "file_path": "/data/shapenet_blender/all_50_random/02958343/dfce5b313bebfba3ef8e28849949a11a/r_16",
            "rotation": 0.12566370614359174,
            "transform_matrix": [
                [
                    -0.925150990486145,
                    0.028906861320137978,
                    0.3784971833229065,
                    1.5257707834243774
                ],
                [
                    0.3795994222164154,
                    0.07045114040374756,
                    0.9224646687507629,
                    3.718573570251465
                ],
                [
                    0.0,
                    0.9970963001251221,
                    -0.07615096867084503,
                    -0.3069743514060974
                ],
                [
                    0.0,
                    0.0,
                    0.0,
                    1.0
                ]
            ]
        },
        {
            "file_path": "/data/shapenet_blender/all_50_random/02958343/dfce5b313bebfba3ef8e28849949a11a/r_17",
            "rotation": 0.12566370614359174,
            "transform_matrix": [
                [
                    -0.04530499130487442,
                    0.8136284351348877,
                    0.5796173810958862,
                    2.336512327194214
                ],
                [
                    0.9989732503890991,
                    0.03689931705594063,
                    0.026286549866199493,
                    0.10596447438001633
                ],
                [
                    -1.862645149230957e-09,
                    0.5802131295204163,
                    -0.8144646883010864,
                    -3.283212184906006
                ],
                [
                    0.0,
                    0.0,
                    0.0,
                    1.0
                ]
            ]
        },
        {
            "file_path": "/data/shapenet_blender/all_50_random/02958343/dfce5b313bebfba3ef8e28849949a11a/r_18",
            "rotation": 0.12566370614359174,
            "transform_matrix": [
                [
                    -0.9538731575012207,
                    -0.09124212712049484,
                    -0.28600871562957764,
                    -1.1529381275177002
                ],
                [
                    -0.3002101480960846,
                    0.2899082899093628,
                    0.9087502360343933,
                    3.6632895469665527
                ],
                [
                    -7.450580596923828e-09,
                    0.9526951909065247,
                    -0.303927481174469,
                    -1.2251709699630737
                ],
                [
                    0.0,
                    0.0,
                    0.0,
                    1.0
                ]
            ]
        },
        {
            "file_path": "/data/shapenet_blender/all_50_random/02958343/dfce5b313bebfba3ef8e28849949a11a/r_19",
            "rotation": 0.12566370614359174,
            "transform_matrix": [
                [
                    0.41010555624961853,
                    0.8681240677833557,
                    0.27959582209587097,
                    1.1270867586135864
                ],
                [
                    0.9120380282402039,
                    -0.3903592824935913,
                    -0.12572260200977325,
                    -0.5068039894104004
                ],
                [
                    7.450580152834618e-09,
                    0.30656158924102783,
                    -0.9518508315086365,
                    -3.837033271789551
                ],
                [
                    0.0,
                    0.0,
                    0.0,
                    1.0
                ]
            ]
        },
        {
            "file_path": "/data/shapenet_blender/all_50_random/02958343/dfce5b313bebfba3ef8e28849949a11a/r_20",
            "rotation": 0.12566370614359174,
            "transform_matrix": [
                [
                    -0.37187278270721436,
                    0.08700207620859146,
                    -0.9241976141929626,
                    -3.725559711456299
                ],
                [
                    -0.9282836318016052,
                    -0.0348532535135746,
                    0.3702359199523926,
                    1.4924687147140503
                ],
                [
                    0.0,
                    0.9955982565879822,
                    0.0937235876917839,
                    0.37781187891960144
                ],
                [
                    0.0,
                    0.0,
                    0.0,
                    1.0
                ]
            ]
        },
        {
            "file_path": "/data/shapenet_blender/all_50_random/02958343/dfce5b313bebfba3ef8e28849949a11a/r_21",
            "rotation": 0.12566370614359174,
            "transform_matrix": [
                [
                    -0.6757081747055054,
                    0.6553771495819092,
                    0.3374895751476288,
                    1.3604639768600464
                ],
                [
                    0.7371692061424255,
                    0.6007354259490967,
                    0.3093515634536743,
                    1.2470359802246094
                ],
                [
                    0.0,
                    0.45781826972961426,
                    -0.889045774936676,
                    -3.5838582515716553
                ],
                [
                    0.0,
                    0.0,
                    0.0,
                    1.0
                ]
            ]
        },
        {
            "file_path": "/data/shapenet_blender/all_50_random/02958343/dfce5b313bebfba3ef8e28849949a11a/r_22",
            "rotation": 0.12566370614359174,
            "transform_matrix": [
                [
                    0.297441691160202,
                    -0.17323926091194153,
                    -0.9388911128044128,
                    -3.7847912311553955
                ],
                [
                    -0.9547399282455444,
                    -0.05397132411599159,
                    -0.29250413179397583,
                    -1.1791218519210815
                ],
                [
                    3.725290076417309e-09,
                    0.9833998084068298,
                    -0.18145176768302917,
                    -0.7314554452896118
                ],
                [
                    0.0,
                    0.0,
                    0.0,
                    1.0
                ]
            ]
        },
        {
            "file_path": "/data/shapenet_blender/all_50_random/02958343/dfce5b313bebfba3ef8e28849949a11a/r_23",
            "rotation": 0.12566370614359174,
            "transform_matrix": [
                [
                    -0.47656214237213135,
                    -0.013501445762813091,
                    0.879037082195282,
                    3.5435118675231934
                ],
                [
                    0.8791407346725464,
                    -0.007318825926631689,
                    0.47650596499443054,
                    1.9208569526672363
                ],
                [
                    0.0,
                    0.999882161617279,
                    0.01535754557698965,
                    0.06190824508666992
                ],
                [
                    0.0,
                    0.0,
                    0.0,
                    1.0
                ]
            ]
        },
        {
            "file_path": "/data/shapenet_blender/all_50_random/02958343/dfce5b313bebfba3ef8e28849949a11a/r_24",
            "rotation": 0.12566370614359174,
            "transform_matrix": [
                [
                    -0.1889156699180603,
                    0.2535803020000458,
                    -0.9486874341964722,
                    -3.8242814540863037
                ],
                [
                    -0.9819933176040649,
                    -0.04878372699022293,
                    0.18250828981399536,
                    0.7357144355773926
                ],
                [
                    3.725290298461914e-09,
                    0.9660833477973938,
                    0.25823017954826355,
                    1.040959119796753
                ],
                [
                    0.0,
                    0.0,
                    0.0,
                    1.0
                ]
            ]
        },
        {
            "file_path": "/data/shapenet_blender/all_50_random/02958343/dfce5b313bebfba3ef8e28849949a11a/r_25",
            "rotation": 0.12566370614359174,
            "transform_matrix": [
                [
                    -0.9650923013687134,
                    0.054378531873226166,
                    0.25620269775390625,
                    1.0327861309051514
                ],
                [
                    0.26190999150276184,
                    0.20037533342838287,
                    0.9440618753433228,
                    3.8056352138519287
                ],
                [
                    -3.725290298461914e-09,
                    0.9782088994979858,
                    -0.2076229602098465,
                    -0.8369549512863159
                ],
                [
                    0.0,
                    0.0,
                    0.0,
                    1.0
                ]
            ]
        },
        {
            "file_path": "/data/shapenet_blender/all_50_random/02958343/dfce5b313bebfba3ef8e28849949a11a/r_26",
            "rotation": 0.12566370614359174,
            "transform_matrix": [
                [
                    -0.9500889182090759,
                    -0.009149128571152687,
                    -0.31184476613998413,
                    -1.2570866346359253
                ],
                [
                    -0.31197893619537354,
                    0.027862410992383957,
                    0.9496803283691406,
                    3.8282840251922607
                ],
                [
                    0.0,
                    0.9995699524879456,
                    -0.029326101765036583,
                    -0.11821730434894562
                ],
                [
                    0.0,
                    0.0,
                    0.0,
                    1.0
                ]
            ]
        },
        {
            "file_path": "/data/shapenet_blender/all_50_random/02958343/dfce5b313bebfba3ef8e28849949a11a/r_27",
            "rotation": 0.12566370614359174,
            "transform_matrix": [
                [
                    -0.6069769859313965,
                    -0.5134754180908203,
                    -0.6065655946731567,
                    -2.4451444149017334
                ],
                [
                    -0.794719398021698,
                    0.3921733498573303,
                    0.46327218413352966,
                    1.8675100803375244
                ],
                [
                    0.0,
                    0.7632450461387634,
                    -0.6461089849472046,
                    -2.604548931121826
                ],
                [
                    0.0,
                    0.0,
                    0.0,
                    1.0
                ]
            ]
        },
        {
            "file_path": "/data/shapenet_blender/all_50_random/02958343/dfce5b313bebfba3ef8e28849949a11a/r_28",
            "rotation": 0.12566370614359174,
            "transform_matrix": [
                [
                    0.7844260931015015,
                    0.01909966766834259,
                    0.6199281811714172,
                    2.4990100860595703
                ],
                [
                    0.6202223300933838,
                    -0.024156304076313972,
                    -0.784054160118103,
                    -3.160623073577881
                ],
                [
                    -9.313225746154785e-10,
                    0.9995256662368774,
                    -0.030794881284236908,
                    -0.12413812428712845
                ],
                [
                    0.0,
                    0.0,
                    0.0,
                    1.0
                ]
            ]
        },
        {
            "file_path": "/data/shapenet_blender/all_50_random/02958343/dfce5b313bebfba3ef8e28849949a11a/r_29",
            "rotation": 0.12566370614359174,
            "transform_matrix": [
                [
                    0.9955418109893799,
                    -0.011980893090367317,
                    -0.0935579463839531,
                    -0.3771441876888275
                ],
                [
                    -0.09432197362184525,
                    -0.12645494937896729,
                    -0.9874777793884277,
                    -3.9806504249572754
                ],
                [
                    0.0,
                    0.9918999671936035,
                    -0.12702123820781708,
                    -0.512039065361023
                ],
                [
                    0.0,
                    0.0,
                    0.0,
                    1.0
                ]
            ]
        },
        {
            "file_path": "/data/shapenet_blender/all_50_random/02958343/dfce5b313bebfba3ef8e28849949a11a/r_30",
            "rotation": 0.12566370614359174,
            "transform_matrix": [
                [
                    0.1374237835407257,
                    -0.5238950848579407,
                    -0.8406239151954651,
                    -3.3886635303497314
                ],
                [
                    -0.9905123114585876,
                    -0.07268525660037994,
                    -0.1166282594203949,
                    -0.470143586397171
                ],
                [
                    3.725290076417309e-09,
                    0.8486759662628174,
                    -0.5289130806922913,
                    -2.1321170330047607
                ],
                [
                    0.0,
                    0.0,
                    0.0,
                    1.0
                ]
            ]
        },
        {
            "file_path": "/data/shapenet_blender/all_50_random/02958343/dfce5b313bebfba3ef8e28849949a11a/r_31",
            "rotation": 0.12566370614359174,
            "transform_matrix": [
                [
                    0.35737794637680054,
                    0.01078653335571289,
                    -0.9338976144790649,
                    -3.7646613121032715
                ],
                [
                    -0.9339598417282104,
                    0.004127446096390486,
                    -0.3573541045188904,
                    -1.4405403137207031
                ],
                [
                    2.3283061589829401e-10,
                    0.9999333620071411,
                    0.011549246497452259,
                    0.0465564951300621
                ],
                [
                    0.0,
                    0.0,
                    0.0,
                    1.0
                ]
            ]
        },
        {
            "file_path": "/data/shapenet_blender/all_50_random/02958343/dfce5b313bebfba3ef8e28849949a11a/r_32",
            "rotation": 0.12566370614359174,
            "transform_matrix": [
                [
                    -0.6371439099311829,
                    -0.5716382265090942,
                    -0.5169886350631714,
                    -2.08404803276062
                ],
                [
                    -0.7707447409629822,
                    0.47255051136016846,
                    0.42737388610839844,
                    1.722799301147461
                ],
                [
                    0.0,
                    0.6707651019096375,
                    -0.7416698336601257,
                    -2.989767074584961
                ],
                [
                    0.0,
                    0.0,
                    0.0,
                    1.0
                ]
            ]
        },
        {
            "file_path": "/data/shapenet_blender/all_50_random/02958343/dfce5b313bebfba3ef8e28849949a11a/r_33",
            "rotation": 0.12566370614359174,
            "transform_matrix": [
                [
                    -0.973163366317749,
                    -0.03845559433102608,
                    -0.22687901556491852,
                    -0.9145786166191101
                ],
                [
                    -0.23011504113674164,
                    0.1626298725605011,
                    0.9594781994819641,
                    3.8677806854248047
                ],
                [
                    3.725290076417309e-09,
                    0.9859375357627869,
                    -0.16711461544036865,
                    -0.6736606359481812
                ],
                [
                    0.0,
                    0.0,
                    0.0,
                    1.0
                ]
            ]
        },
        {
            "file_path": "/data/shapenet_blender/all_50_random/02958343/dfce5b313bebfba3ef8e28849949a11a/r_34",
            "rotation": 0.12566370614359174,
            "transform_matrix": [
                [
                    0.5729991793632507,
                    0.5388890504837036,
                    -0.6174708604812622,
                    -2.489104986190796
                ],
                [
                    -0.819555938243866,
                    0.37676870822906494,
                    -0.43170982599258423,
                    -1.7402781248092651
                ],
                [
                    0.0,
                    0.7534213066101074,
                    0.6575379371643066,
                    2.650620460510254
                ],
                [
                    0.0,
                    0.0,
                    0.0,
                    1.0
                ]
            ]
        },
        {
            "file_path": "/data/shapenet_blender/all_50_random/02958343/dfce5b313bebfba3ef8e28849949a11a/r_35",
            "rotation": 0.12566370614359174,
            "transform_matrix": [
                [
                    0.4111672341823578,
                    -0.6362785696983337,
                    -0.6527564525604248,
                    -2.631345748901367
                ],
                [
                    -0.9115598797798157,
                    -0.2869991362094879,
                    -0.2944316565990448,
                    -1.186892032623291
                ],
                [
                    1.4901160305669237e-08,
                    0.7160873413085938,
                    -0.6980106234550476,
                    -2.8137710094451904
                ],
                [
                    0.0,
                    0.0,
                    0.0,
                    1.0
                ]
            ]
        },
        {
            "file_path": "/data/shapenet_blender/all_50_random/02958343/dfce5b313bebfba3ef8e28849949a11a/r_36",
            "rotation": 0.12566370614359174,
            "transform_matrix": [
                [
                    -0.9683247804641724,
                    -0.04594753310084343,
                    0.2454299032688141,
                    0.989359438419342
                ],
                [
                    0.24969381093978882,
                    -0.1781867891550064,
                    0.951789140701294,
                    3.8367843627929688
                ],
                [
                    3.725290076417309e-09,
                    0.9829233288764954,
                    0.18401551246643066,
                    0.7417901754379272
                ],
                [
                    0.0,
                    0.0,
                    0.0,
                    1.0
                ]
            ]
        },
        {
            "file_path": "/data/shapenet_blender/all_50_random/02958343/dfce5b313bebfba3ef8e28849949a11a/r_37",
            "rotation": 0.12566370614359174,
            "transform_matrix": [
                [
                    0.7952429056167603,
                    -0.07816135883331299,
                    0.6012317538261414,
                    2.423642635345459
                ],
                [
                    0.6062910556793213,
                    0.10252050310373306,
                    -0.7886068224906921,
                    -3.178975820541382
                ],
                [
                    0.0,
                    0.9916553497314453,
                    0.12891721725463867,
                    0.5196819305419922
                ],
                [
                    0.0,
                    0.0,
                    0.0,
                    1.0
                ]
            ]
        },
        {
            "file_path": "/data/shapenet_blender/all_50_random/02958343/dfce5b313bebfba3ef8e28849949a11a/r_38",
            "rotation": 0.12566370614359174,
            "transform_matrix": [
                [
                    -0.9954279661178589,
                    0.08400707691907883,
                    0.045454241335392,
                    0.1832318902015686
                ],
                [
                    0.09551585465669632,
                    0.8754881024360657,
                    0.47370588779449463,
                    1.909569263458252
                ],
                [
                    0.0,
                    0.4758816063404083,
                    -0.8795093894004822,
                    -3.5454154014587402
                ],
                [
                    0.0,
                    0.0,
                    0.0,
                    1.0
                ]
            ]
        },
        {
            "file_path": "/data/shapenet_blender/all_50_random/02958343/dfce5b313bebfba3ef8e28849949a11a/r_39",
            "rotation": 0.12566370614359174,
            "transform_matrix": [
                [
                    0.7957691550254822,
                    0.4986514747142792,
                    -0.343654066324234,
                    -1.385313868522644
                ],
                [
                    -0.6056000590324402,
                    0.6552368402481079,
                    -0.45156753063201904,
                    -1.8203269243240356
                ],
                [
                    -1.4901161193847656e-08,
                    0.5674604177474976,
                    0.8234006762504578,
                    3.3192343711853027
                ],
                [
                    0.0,
                    0.0,
                    0.0,
                    1.0
                ]
            ]
        },
        {
            "file_path": "/data/shapenet_blender/all_50_random/02958343/dfce5b313bebfba3ef8e28849949a11a/r_40",
            "rotation": 0.12566370614359174,
            "transform_matrix": [
                [
                    -0.9918228983879089,
                    0.10026977211236954,
                    0.07895173877477646,
                    0.3182646632194519
                ],
                [
                    0.12762212753295898,
                    0.7792524695396423,
                    0.6135780811309814,
                    2.47341251373291
                ],
                [
                    -3.725290298461914e-09,
                    0.6186368465423584,
                    -0.7856770157814026,
                    -3.167165517807007
                ],
                [
                    0.0,
                    0.0,
                    0.0,
                    1.0
                ]
            ]
        },
        {
            "file_path": "/data/shapenet_blender/all_50_random/02958343/dfce5b313bebfba3ef8e28849949a11a/r_41",
            "rotation": 0.12566370614359174,
            "transform_matrix": [
                [
                    0.24969761073589325,
                    0.21162694692611694,
                    -0.9449154138565063,
                    -3.8090758323669434
                ],
                [
                    -0.968323826789856,
                    0.054571352899074554,
                    -0.24366137385368347,
                    -0.9822304248809814
