{
    "class": "02958343",
    "model": "eb1bd7389854311c14f284ebe538e531",
    "remove_doubles": true,
    "edge_split": true,
    "denoise": true,
    "camera_angle_x": 0.6911112070083618,
    "scale_factor": 2.240883679772936,
    "hdri_file": "/data/IndoorHDRDataset2018/9C4A6467-5fec62c9bb.exr",
    "center_offset": [
        0.0,
        0.0,
        9.313225746154785e-10
    ],
    "lights": [],
    "frames": [
        {
            "file_path": "/data/shapenet_blender/all_50_random/02958343/eb1bd7389854311c14f284ebe538e531/r_0",
            "rotation": 0.12566370614359174,
            "transform_matrix": [
                [
                    -0.9603233933448792,
                    -0.028432196006178856,
                    0.277435839176178,
                    1.1183797121047974
                ],
                [
                    0.2788889408111572,
                    -0.09790313243865967,
                    0.9553197026252747,
                    3.8510172367095947
                ],
                [
                    1.862645149230957e-09,
                    0.994789719581604,
                    0.10194806754589081,
                    0.41096583008766174
                ],
                [
                    0.0,
                    0.0,
                    0.0,
                    1.0
                ]
            ]
        },
        {
            "file_path": "/data/shapenet_blender/all_50_random/02958343/eb1bd7389854311c14f284ebe538e531/r_1",
            "rotation": 0.12566370614359174,
            "transform_matrix": [
                [
                    0.2497655600309372,
                    -0.5734211802482605,
                    -0.7802596688270569,
                    -3.145327568054199
                ],
                [
                    -0.9683063626289368,
                    -0.14790862798690796,
                    -0.20126067101955414,
                    -0.8113077878952026
                ],
                [
                    -7.450580596923828e-09,
                    0.8057984709739685,
                    -0.5921897888183594,
                    -2.3871936798095703
                ],
                [
                    0.0,
                    0.0,
                    0.0,
                    1.0
                ]
            ]
        },
        {
            "file_path": "/data/shapenet_blender/all_50_random/02958343/eb1bd7389854311c14f284ebe538e531/r_2",
            "rotation": 0.12566370614359174,
            "transform_matrix": [
                [
                    0.7440185546875,
                    0.0632629469037056,
                    0.6651571989059448,
                    2.6813344955444336
                ],
                [
                    0.6681588292121887,
                    -0.07044553756713867,
                    -0.7406761050224304,
                    -2.9857609272003174
                ],
                [
                    3.725290076417309e-09,
                    0.9955074787139893,
                    -0.09468249976634979,
                    -0.3816773593425751
                ],
                [
                    0.0,
                    0.0,
                    0.0,
                    1.0
                ]
            ]
        },
        {
            "file_path": "/data/shapenet_blender/all_50_random/02958343/eb1bd7389854311c14f284ebe538e531/r_3",
            "rotation": 0.12566370614359174,
            "transform_matrix": [
                [
                    0.7594171762466431,
                    -0.00937995221465826,
                    -0.650536298751831,
                    -2.6223959922790527
                ],
                [
                    -0.6506040096282959,
                    -0.010948745533823967,
                    -0.7593382000923157,
                    -3.060990333557129
                ],
                [
                    -4.656612873077393e-10,
                    0.9998960494995117,
                    -0.014417300000786781,
                    -0.058118000626564026
                ],
                [
                    0.0,
                    0.0,
                    0.0,
                    1.0
                ]
            ]
        },
        {
            "file_path": "/data/shapenet_blender/all_50_random/02958343/eb1bd7389854311c14f284ebe538e531/r_4",
            "rotation": 0.12566370614359174,
            "transform_matrix": [
                [
                    0.8322845697402954,
                    -0.17599138617515564,
                    -0.5256704688072205,
                    -2.1190457344055176
                ],
                [
                    -0.5543487668037415,
                    -0.26422882080078125,
                    -0.7892277836799622,
                    -3.1814792156219482
                ],
                [
                    0.0,
                    0.9482669234275818,
                    -0.3174740970134735,
                    -1.2797791957855225
                ],
                [
                    0.0,
                    0.0,
                    0.0,
                    1.0
                ]
            ]
        },
        {
            "file_path": "/data/shapenet_blender/all_50_random/02958343/eb1bd7389854311c14f284ebe538e531/r_5",
            "rotation": 0.12566370614359174,
            "transform_matrix": [
                [
                    -0.6837143898010254,
                    0.15678191184997559,
                    -0.7127089500427246,
                    -2.8730218410491943
                ],
                [
                    -0.7297497391700745,
                    -0.1468915045261383,
                    0.6677485704421997,
                    2.6917808055877686
                ],
                [
                    7.450580596923828e-09,
                    0.9766485095024109,
                    0.21484336256980896,
                    0.8660613298416138
                ],
                [
                    0.0,
                    0.0,
                    0.0,
                    1.0
                ]
            ]
        },
        {
            "file_path": "/data/shapenet_blender/all_50_random/02958343/eb1bd7389854311c14f284ebe538e531/r_6",
            "rotation": 0.12566370614359174,
            "transform_matrix": [
                [
                    0.10532940924167633,
                    0.5261479020118713,
                    -0.8438447713851929,
                    -3.4016470909118652
                ],
                [
                    -0.9944374561309814,
                    0.05572884529829025,
                    -0.08937884867191315,
                    -0.36029765009880066
                ],
                [
                    -3.725290742551124e-09,
                    0.8485649228096008,
                    0.5290911197662354,
                    2.1328344345092773
                ],
                [
                    0.0,
                    0.0,
                    0.0,
                    1.0
                ]
            ]
        },
        {
            "file_path": "/data/shapenet_blender/all_50_random/02958343/eb1bd7389854311c14f284ebe538e531/r_7",
            "rotation": 0.12566370614359174,
            "transform_matrix": [
                [
                    0.31845954060554504,
                    0.7629796862602234,
                    0.562534749507904,
                    2.2676501274108887
                ],
                [
                    0.9479365348815918,
                    -0.2563232183456421,
                    -0.1889837086200714,
                    -0.7618176937103271
                ],
                [
                    -1.4901161193847656e-08,
                    0.5934309363365173,
                    -0.8048849105834961,
                    -3.2445948123931885
                ],
                [
                    0.0,
                    0.0,
                    0.0,
                    1.0
                ]
            ]
        },
        {
            "file_path": "/data/shapenet_blender/all_50_random/02958343/eb1bd7389854311c14f284ebe538e531/r_8",
            "rotation": 0.12566370614359174,
            "transform_matrix": [
                [
                    -0.7924298644065857,
                    0.06888483464717865,
                    0.6060608625411987,
                    2.4431092739105225
                ],
                [
                    0.6099629402160645,
                    0.0894913449883461,
                    0.7873604893684387,
                    3.1739513874053955
                ],
                [
                    -3.7252898543727042e-09,
                    0.9936026334762573,
                    -0.11293281614780426,
                    -0.4552466869354248
                ],
                [
                    0.0,
                    0.0,
                    0.0,
                    1.0
                ]
            ]
        },
        {
            "file_path": "/data/shapenet_blender/all_50_random/02958343/eb1bd7389854311c14f284ebe538e531/r_9",
            "rotation": 0.12566370614359174,
            "transform_matrix": [
                [
                    0.036437731236219406,
                    0.5061928033828735,
                    0.8616501688957214,
                    3.4734230041503906
                ],
                [
                    0.9993358850479126,
                    -0.018456775695085526,
                    -0.031417444348335266,
                    -0.12664777040481567
                ],
                [
                    -1.862645149230957e-09,
                    0.8622226715087891,
                    -0.5065292119979858,
                    -2.041884660720825
                ],
                [
                    0.0,
                    0.0,
                    0.0,
                    1.0
                ]
            ]
        },
        {
            "file_path": "/data/shapenet_blender/all_50_random/02958343/eb1bd7389854311c14f284ebe538e531/r_10",
            "rotation": 0.12566370614359174,
            "transform_matrix": [
                [
                    0.9290048480033875,
                    -0.09699072688817978,
                    0.35713133215904236,
                    1.4396425485610962
                ],
                [
                    0.3700675666332245,
                    0.24348215758800507,
                    -0.8965301513671875,
                    -3.6140289306640625
                ],
                [
                    0.0,
                    0.9650436639785767,
                    0.26208919286727905,
                    1.0565154552459717
                ],
                [
                    0.0,
                    0.0,
                    0.0,
                    1.0
                ]
            ]
        },
        {
            "file_path": "/data/shapenet_blender/all_50_random/02958343/eb1bd7389854311c14f284ebe538e531/r_11",
            "rotation": 0.12566370614359174,
            "transform_matrix": [
                [
                    -0.992763340473175,
                    -0.10961904376745224,
                    0.04903830960392952,
                    0.19767975807189941
                ],
                [
                    0.12008784711360931,
                    -0.9062179923057556,
                    0.40539851784706116,
                    1.6342138051986694
                ],
                [
                    0.0,
                    0.4083535969257355,
                    0.9128236770629883,
                    3.6797101497650146
                ],
                [
                    0.0,
                    0.0,
                    0.0,
                    1.0
                ]
            ]
        },
        {
            "file_path": "/data/shapenet_blender/all_50_random/02958343/eb1bd7389854311c14f284ebe538e531/r_12",
            "rotation": 0.12566370614359174,
            "transform_matrix": [
                [
                    0.33267858624458313,
                    -0.06412146240472794,
                    0.9408578276634216,
                    3.7927191257476807
                ],
                [
                    0.9430403113365173,
                    0.02262028306722641,
                    -0.3319086730480194,
                    -1.3379666805267334
                ],
                [
                    0.0,
                    0.9976857304573059,
                    0.06799440830945969,
                    0.27409422397613525
                ],
                [
                    0.0,
                    0.0,
                    0.0,
                    1.0
                ]
            ]
        },
        {
            "file_path": "/data/shapenet_blender/all_50_random/02958343/eb1bd7389854311c14f284ebe538e531/r_13",
            "rotation": 0.12566370614359174,
            "transform_matrix": [
                [
                    0.9985478520393372,
                    0.019834334030747414,
                    -0.050089530646800995,
                    -0.2019173502922058
                ],
                [
                    -0.05387357622385025,
                    0.3676297664642334,
                    -0.9284104704856873,
                    -3.742542266845703
                ],
                [
                    -1.862645371275562e-09,
                    0.9297606348991394,
                    0.36816444993019104,
                    1.4841183423995972
                ],
                [
                    0.0,
                    0.0,
                    0.0,
                    1.0
                ]
            ]
        },
        {
            "file_path": "/data/shapenet_blender/all_50_random/02958343/eb1bd7389854311c14f284ebe538e531/r_14",
            "rotation": 0.12566370614359174,
            "transform_matrix": [
                [
                    -0.9602777361869812,
                    -0.2239675521850586,
                    0.16644884645938873,
                    0.6709767580032349
                ],
                [
                    0.27904602885246277,
                    -0.770736813545227,
                    0.5727984309196472,
                    2.3090243339538574
                ],
                [
                    -1.4901161193847656e-08,
                    0.5964924097061157,
                    0.802618682384491,
                    3.235459327697754
                ],
                [
                    0.0,
                    0.0,
                    0.0,
                    1.0
                ]
            ]
        },
        {
            "file_path": "/data/shapenet_blender/all_50_random/02958343/eb1bd7389854311c14f284ebe538e531/r_15",
            "rotation": 0.12566370614359174,
            "transform_matrix": [
                [
                    -0.003131918841972947,
                    0.1526726484298706,
                    0.9882718324661255,
                    3.983851194381714
                ],
                [
                    0.9999951124191284,
                    0.0004781607131008059,
                    0.0030952023807913065,
                    0.01247715950012207
                ],
                [
                    0.0,
                    0.9882766604423523,
                    -0.1526734083890915,
                    -0.6154462099075317
                ],
                [
                    0.0,
                    0.0,
                    0.0,
                    1.0
                ]
            ]
        },
        {
            "file_path": "/data/shapenet_blender/all_50_random/02958343/eb1bd7389854311c14f284ebe538e531/r_16",
            "rotation": 0.12566370614359174,
            "transform_matrix": [
                [
                    0.8537871837615967,
                    0.01751726120710373,
                    0.5203275084495544,
                    2.0975069999694824
                ],
                [
                    0.5206222534179688,
                    -0.028727184981107712,
                    -0.8533037900924683,
                    -3.439777135848999
                ],
                [
                    -9.313225746154785e-10,
                    0.9994338154792786,
                    -0.033646777272224426,
                    -0.13563448190689087
                ],
                [
                    0.0,
                    0.0,
                    0.0,
                    1.0
                ]
            ]
        },
        {
            "file_path": "/data/shapenet_blender/all_50_random/02958343/eb1bd7389854311c14f284ebe538e531/r_17",
            "rotation": 0.12566370614359174,
            "transform_matrix": [
                [
                    0.745910108089447,
                    -0.4345778822898865,
                    0.5047376751899719,
                    2.0346627235412598
                ],
                [
                    0.6660465598106384,
                    0.48668673634529114,
                    -0.5652591586112976,
                    -2.278632640838623
                ],
                [
                    0.0,
                    0.7578113079071045,
                    0.6524736881256104,
                    2.6302056312561035
                ],
                [
                    0.0,
                    0.0,
                    0.0,
                    1.0
                ]
            ]
        },
        {
            "file_path": "/data/shapenet_blender/all_50_random/02958343/eb1bd7389854311c14f284ebe538e531/r_18",
            "rotation": 0.12566370614359174,
            "transform_matrix": [
                [
                    0.9946774840354919,
                    0.06996539980173111,
                    0.075640469789505,
                    0.30491650104522705
                ],
                [
                    0.10303708165884018,
                    -0.6754171252250671,
                    -0.7302019596099854,
                    -2.943538188934326
                ],
                [
                    -3.725290298461914e-09,
                    0.7341091632843018,
                    -0.6790313720703125,
                    -2.7372629642486572
                ],
                [
                    0.0,
                    0.0,
                    0.0,
                    1.0
                ]
            ]
        },
        {
            "file_path": "/data/shapenet_blender/all_50_random/02958343/eb1bd7389854311c14f284ebe538e531/r_19",
            "rotation": 0.12566370614359174,
            "transform_matrix": [
                [
                    -0.5854692459106445,
                    0.11055309325456619,
                    -0.8031213879585266,
                    -3.237485408782959
                ],
                [
                    -0.8106945753097534,
                    -0.07983949035406113,
                    0.5800000429153442,
                    2.338054656982422
                ],
                [
                    0.0,
                    0.9906582236289978,
                    0.13636837899684906,
                    0.54971843957901
                ],
                [
                    0.0,
                    0.0,
                    0.0,
                    1.0
                ]
            ]
        },
        {
            "file_path": "/data/shapenet_blender/all_50_random/02958343/eb1bd7389854311c14f284ebe538e531/r_20",
            "rotation": 0.12566370614359174,
            "transform_matrix": [
                [
                    -0.30624082684516907,
                    0.004587909672409296,
                    -0.9519429802894592,
                    -3.83740496635437
                ],
                [
                    -0.9519540667533875,
                    -0.0014759170589968562,
                    0.30623725056648254,
                    1.2344818115234375
                ],
                [
                    -1.1641532182693481e-10,
                    0.9999884366989136,
                    0.00481946486979723,
                    0.019427884370088577
                ],
                [
                    0.0,
                    0.0,
                    0.0,
                    1.0
                ]
            ]
        },
        {
            "file_path": "/data/shapenet_blender/all_50_random/02958343/eb1bd7389854311c14f284ebe538e531/r_21",
            "rotation": 0.12566370614359174,
            "transform_matrix": [
                [
                    0.599704921245575,
                    -0.393269807100296,
                    -0.6969166398048401,
                    -2.8093607425689697
                ],
                [
                    -0.8002212047576904,
                    -0.29472580552101135,
                    -0.522286057472229,
                    -2.1054024696350098
                ],
                [
                    1.4901161193847656e-08,
                    0.8709049820899963,
                    -0.4914513826370239,
                    -1.9811038970947266
                ],
                [
                    0.0,
                    0.0,
                    0.0,
                    1.0
                ]
            ]
        },
        {
            "file_path": "/data/shapenet_blender/all_50_random/02958343/eb1bd7389854311c14f284ebe538e531/r_22",
            "rotation": 0.12566370614359174,
            "transform_matrix": [
                [
                    0.4142094552516937,
                    0.11678360402584076,
                    0.9026583433151245,
                    3.6387321949005127
                ],
                [
                    0.9101815819740295,
                    -0.053146399557590485,
                    -0.4107857644557953,
                    -1.6559303998947144
                ],
                [
                    0.0,
                    0.9917343854904175,
                    -0.1283080279827118,
                    -0.5172262191772461
                ],
                [
                    0.0,
                    0.0,
                    0.0,
                    1.0
                ]
            ]
        },
        {
            "file_path": "/data/shapenet_blender/all_50_random/02958343/eb1bd7389854311c14f284ebe538e531/r_23",
            "rotation": 0.12566370614359174,
            "transform_matrix": [
                [
                    0.775786280632019,
                    0.2761984169483185,
                    -0.5673359036445618,
                    -2.287004232406616
                ],
                [
                    -0.6309956312179565,
                    0.33957594633102417,
                    -0.6975188851356506,
                    -2.811788558959961
                ],
                [
                    1.4901160305669237e-08,
                    0.8991121053695679,
                    0.4377184212207794,
                    1.7644994258880615
                ],
                [
                    0.0,
                    0.0,
                    0.0,
                    1.0
                ]
            ]
        },
        {
            "file_path": "/data/shapenet_blender/all_50_random/02958343/eb1bd7389854311c14f284ebe538e531/r_24",
            "rotation": 0.12566370614359174,
            "transform_matrix": [
                [
                    0.9947611093521118,
                    -0.08968374133110046,
                    -0.04906483739614487,
                    -0.19778665900230408
                ],
                [
                    -0.10222785174846649,
                    -0.872696578502655,
                    -0.4774412512779236,
                    -1.9246270656585693
                ],
                [
                    3.725290298461914e-09,
                    0.4799555540084839,
                    -0.877292811870575,
                    -3.536479949951172
                ],
                [
                    0.0,
                    0.0,
                    0.0,
                    1.0
                ]
            ]
        },
        {
            "file_path": "/data/shapenet_blender/all_50_random/02958343/eb1bd7389854311c14f284ebe538e531/r_25",
            "rotation": 0.12566370614359174,
            "transform_matrix": [
                [
                    -0.05733323469758034,
                    0.268328458070755,
                    0.9616198539733887,
                    3.876413583755493
                ],
                [
                    0.9983550906181335,
                    0.015409485436975956,
                    0.05522361397743225,
                    0.22261351346969604
                ],
                [
                    9.313225191043273e-10,
                    0.9632042050361633,
                    -0.26877057552337646,
                    -1.083448886871338
                ],
                [
                    0.0,
                    0.0,
                    0.0,
                    1.0
                ]
            ]
        },
        {
            "file_path": "/data/shapenet_blender/all_50_random/02958343/eb1bd7389854311c14f284ebe538e531/r_26",
            "rotation": 0.12566370614359174,
            "transform_matrix": [
                [
                    -0.9287894368171692,
                    0.30284613370895386,
                    0.21362240612506866,
                    0.8611395359039307
                ],
                [
                    0.37060806155204773,
                    0.7589696645736694,
                    0.5353639721870422,
                    2.158121347427368
                ],
                [
                    0.0,
                    0.5764106512069702,
                    -0.8171601295471191,
                    -3.2940781116485596
                ],
                [
                    0.0,
                    0.0,
                    0.0,
                    1.0
                ]
            ]
        },
        {
            "file_path": "/data/shapenet_blender/all_50_random/02958343/eb1bd7389854311c14f284ebe538e531/r_27",
            "rotation": 0.12566370614359174,
            "transform_matrix": [
                [
                    -0.21663495898246765,
                    0.590851366519928,
                    -0.7771511673927307,
                    -3.1327965259552
                ],
                [
                    -0.9762526750564575,
                    -0.13111263513565063,
                    0.17245341837406158,
                    0.6951819658279419
                ],
                [
                    7.450580596923828e-09,
                    0.7960553765296936,
                    0.6052237153053284,
                    2.439734935760498
                ],
                [
                    0.0,
                    0.0,
                    0.0,
                    1.0
                ]
            ]
        },
        {
            "file_path": "/data/shapenet_blender/all_50_random/02958343/eb1bd7389854311c14f284ebe538e531/r_28",
            "rotation": 0.12566370614359174,
            "transform_matrix": [
                [
                    0.8829383850097656,
                    -0.13846942782402039,
                    0.44860467314720154,
                    1.8083832263946533
                ],
                [
                    0.46948906779289246,
                    0.26041069626808167,
                    -0.843662440776825,
                    -3.400912046432495
                ],
                [
                    0.0,
                    0.9555168747901917,
                    0.2949364483356476,
                    1.1889268159866333
                ],
                [
                    0.0,
                    0.0,
                    0.0,
                    1.0
                ]
            ]
        },
        {
            "file_path": "/data/shapenet_blender/all_50_random/02958343/eb1bd7389854311c14f284ebe538e531/r_29",
            "rotation": 0.12566370614359174,
            "transform_matrix": [
                [
                    -0.8151607513427734,
                    -0.2645077109336853,
                    -0.5153140425682068,
                    -2.0772974491119385
                ],
                [
                    -0.5792347192764282,
                    0.37224340438842773,
                    0.7252047657966614,
                    2.923393964767456
                ],
                [
                    1.4901160305669237e-08,
                    0.8896463513374329,
                    -0.4566502571105957,
                    -1.8408160209655762
                ],
                [
                    0.0,
                    0.0,
                    0.0,
                    1.0
                ]
            ]
        },
        {
            "file_path": "/data/shapenet_blender/all_50_random/02958343/eb1bd7389854311c14f284ebe538e531/r_30",
            "rotation": 0.12566370614359174,
            "transform_matrix": [
                [
                    0.7077909708023071,
                    -0.056858133524656296,
                    -0.7041301131248474,
                    -2.8384389877319336
                ],
                [
                    -0.706421971321106,
                    -0.0569683201611042,
                    -0.7054946422576904,
                    -2.8439395427703857
                ],
                [
                    -3.7252898543727042e-09,
                    0.9967555999755859,
                    -0.08048749715089798,
                    -0.3244554400444031
                ],
                [
                    0.0,
                    0.0,
                    0.0,
                    1.0
                ]
            ]
        },
        {
            "file_path": "/data/shapenet_blender/all_50_random/02958343/eb1bd7389854311c14f284ebe538e531/r_31",
            "rotation": 0.12566370614359174,
            "transform_matrix": [
                [
                    0.8497188091278076,
                    -0.3599169850349426,
                    0.38527601957321167,
                    1.5530974864959717
                ],
                [
                    0.5272360444068909,
                    0.5800594091415405,
                    -0.6209292411804199,
                    -2.5030460357666016
                ],
                [
                    0.0,
                    0.7307466864585876,
                    0.6826485991477966,
                    2.751844644546509
                ],
                [
                    0.0,
                    0.0,
                    0.0,
                    1.0
                ]
            ]
        },
        {
            "file_path": "/data/shapenet_blender/all_50_random/02958343/eb1bd7389854311c14f284ebe538e531/r_32",
            "rotation": 0.12566370614359174,
            "transform_matrix": [
                [
                    0.12365670502185822,
                    -0.8227113485336304,
                    0.5548468232154846,
                    2.236659288406372
                ],
                [
                    0.9923250675201416,
                    0.10252061486244202,
                    -0.06914118677377701,
                    -0.2787170708179474
                ],
                [
                    3.725290298461914e-09,
                    0.5591381788253784,
                    0.8290743827819824,
                    3.3421058654785156
                ],
                [
                    0.0,
                    0.0,
                    0.0,
                    1.0
                ]
            ]
        },
        {
            "file_path": "/data/shapenet_blender/all_50_random/02958343/eb1bd7389854311c14f284ebe538e531/r_33",
            "rotation": 0.12566370614359174,
            "transform_matrix": [
                [
                    -0.21937717497348785,
                    -0.42764171957969666,
                    0.8769242167472839,
                    3.5349948406219482
                ],
                [
                    0.9756401181221008,
                    -0.09615720808506012,
                    0.19718044996261597,
                    0.7948598861694336
                ],
                [
                    -7.450580596923828e-09,
                    0.8988193273544312,
                    0.4383191168308258,
                    1.766921043395996
                ],
                [
                    0.0,
                    0.0,
                    0.0,
                    1.0
                ]
            ]
        },
        {
            "file_path": "/data/shapenet_blender/all_50_random/02958343/eb1bd7389854311c14f284ebe538e531/r_34",
            "rotation": 0.12566370614359174,
            "transform_matrix": [
                [
                    0.8234872221946716,
                    -0.05805948004126549,
                    -0.5643561482429504,
                    -2.2749927043914795
                ],
                [
                    -0.5673348307609558,
                    -0.08427340537309647,
                    -0.8191636204719543,
                    -3.302154302597046
                ],
                [
                    0.0,
                    0.9947497248649597,
                    -0.10233723372220993,
                    -0.41253462433815
                ],
                [
                    0.0,
                    0.0,
                    0.0,
                    1.0
                ]
            ]
        },
        {
            "file_path": "/data/shapenet_blender/all_50_random/02958343/eb1bd7389854311c14f284ebe538e531/r_35",
            "rotation": 0.12566370614359174,
            "transform_matrix": [
                [
                    0.7438258528709412,
                    0.04416373372077942,
                    0.6669127345085144,
                    2.6884114742279053
                ],
                [
                    0.6683735251426697,
                    -0.04914935678243637,
                    -0.7422001957893372,
                    -2.9919049739837646
                ],
                [
                    0.0,
                    0.9978145956993103,
                    -0.06607642024755478,
                    -0.26636260747909546
                ],
                [
                    0.0,
                    0.0,
                    0.0,
                    1.0
                ]
            ]
        },
        {
            "file_path": "/data/shapenet_blender/all_50_random/02958343/eb1bd7389854311c14f284ebe538e531/r_36",
            "rotation": 0.12566370614359174,
            "transform_matrix": [
                [
                    -0.790522575378418,
                    0.3498561382293701,
                    0.5026675462722778,
                    2.026317834854126
                ],
                [
                    0.6124328970909119,
                    0.45159098505973816,
                    0.6488385200500488,
                    2.6155519485473633
                ],
                [
                    0.0,
                    0.8207717537879944,
                    -0.5712562203407288,
                    -2.3028078079223633
                ],
                [
                    0.0,
                    0.0,
                    0.0,
                    1.0
                ]
            ]
        },
        {
            "file_path": "/data/shapenet_blender/all_50_random/02958343/eb1bd7389854311c14f284ebe538e531/r_37",
            "rotation": 0.12566370614359174,
            "transform_matrix": [
                [
                    0.2425631731748581,
                    -0.1853874772787094,
                    0.9522575736045837,
                    3.8386733531951904
                ],
                [
                    0.9701356291770935,
                    0.046352460980415344,
                    -0.23809312283992767,
                    -0.9597841501235962
                ],
                [
                    0.0,
                    0.9815716743469238,
                    0.19109438359737396,
                    0.7703261375427246
                ],
                [
                    0.0,
                    0.0,
                    0.0,
                    1.0
                ]
            ]
        },
        {
            "file_path": "/data/shapenet_blender/all_50_random/02958343/eb1bd7389854311c14f284ebe538e531/r_38",
            "rotation": 0.12566370614359174,
            "transform_matrix": [
                [
                    -0.9376745820045471,
                    -0.2366158813238144,
                    0.25451767444610596,
                    1.0259937047958374
                ],
                [
                    0.3475145101547241,
                    -0.6384443640708923,
                    0.6867476105690002,
                    2.7683684825897217
                ],
                [
                    -1.4901161193847656e-08,
                    0.7323943972587585,
                    0.6808804869651794,
                    2.7447173595428467
                ],
                [
                    0.0,
                    0.0,
                    0.0,
                    1.0
                ]
            ]
        },
        {
            "file_path": "/data/shapenet_blender/all_50_random/02958343/eb1bd7389854311c14f284ebe538e531/r_39",
            "rotation": 0.12566370614359174,
            "transform_matrix": [
                [
                    0.3270270824432373,
                    0.005478477105498314,
                    0.9449990391731262,
                    3.809413194656372
                ],
                [
                    0.945015013217926,
                    -0.0018958537839353085,
                    -0.3270215392112732,
                    -1.3182661533355713
                ],
                [
                    -1.1641532182693481e-10,
                    0.9999831318855286,
                    -0.00579723808914423,
                    -0.02336941659450531
                ],
                [
                    0.0,
                    0.0,
                    0.0,
                    1.0
                ]
            ]
        },
        {
            "file_path": "/data/shapenet_blender/all_50_random/02958343/eb1bd7389854311c14f284ebe538e531/r_40",
            "rotation": 0.12566370614359174,
            "transform_matrix": [
                [
                    -0.2510766386985779,
                    -0.12174830585718155,
                    -0.9602800011634827,
                    -3.8710129261016846
                ],
                [
                    -0.9679672718048096,
                    0.03157974034547806,
                    0.24908266961574554,
                    1.0040844678878784
                ],
                [
                    0.0,
                    0.9920584559440613,
                    -0.12577728927135468,
                    -0.5070245265960693
                ],
                [
                    0.0,
                    0.0,
                    0.0,
                    1.0
                ]
            ]
        },
        {
            "file_path": "/data/shapenet_blender/all_50_random/02958343/eb1bd7389854311c14f284ebe538e531/r_41",
            "rotation": 0.12566370614359174,
            "transform_matrix": [
                [
                    -0.9119524359703064,
                    -0.24637362360954285,
                    -0.32808971405029297,
                    -1.322572112083435
                ],
                [
                    -0.41029608249664307,
                    0.5476070642471313,
