{
    "class": "02958343",
    "model": "2cd119ce9ec61f1af63ee8a34069b7c5",
    "remove_doubles": true,
    "edge_split": true,
    "denoise": true,
    "camera_angle_x": 0.6911112070083618,
    "scale_factor": 2.2545448779273127,
    "hdri_file": "/data/IndoorHDRDataset2018/9C4A1578-457ab482d7.exr",
    "center_offset": [
        0.0,
        0.0,
        3.725290298461914e-09
    ],
    "lights": [],
    "frames": [
        {
            "file_path": "/data/shapenet_blender/all_50_random/02958343/2cd119ce9ec61f1af63ee8a34069b7c5/r_0",
            "rotation": 0.12566370614359174,
            "transform_matrix": [
                [
                    -0.8054713010787964,
                    0.18888305127620697,
                    -0.5617287755012512,
                    -2.2644009590148926
                ],
                [
                    -0.5926347970962524,
                    -0.2567177712917328,
                    0.7634658217430115,
                    3.0776288509368896
                ],
                [
                    -1.4901161193847656e-08,
                    0.9478497505187988,
                    0.31871747970581055,
                    1.284791111946106
                ],
                [
                    0.0,
                    0.0,
                    0.0,
                    1.0
                ]
            ]
        },
        {
            "file_path": "/data/shapenet_blender/all_50_random/02958343/2cd119ce9ec61f1af63ee8a34069b7c5/r_1",
            "rotation": 0.12566370614359174,
            "transform_matrix": [
                [
                    0.22372741997241974,
                    0.10586964339017868,
                    0.9688847064971924,
                    3.9056994915008545
                ],
                [
                    0.9746518135070801,
                    -0.024301951751112938,
                    -0.2224036008119583,
                    -0.8965376615524292
                ],
                [
                    -1.862645149230957e-09,
                    0.994083046913147,
                    -0.10862303525209427,
                    -0.4378734827041626
                ],
                [
                    0.0,
                    0.0,
                    0.0,
                    1.0
                ]
            ]
        },
        {
            "file_path": "/data/shapenet_blender/all_50_random/02958343/2cd119ce9ec61f1af63ee8a34069b7c5/r_2",
            "rotation": 0.12566370614359174,
            "transform_matrix": [
                [
                    -0.04212174564599991,
                    -0.023808274418115616,
                    -0.9988288283348083,
                    -4.026407718658447
                ],
                [
                    -0.9991125464439392,
                    0.001003736862912774,
                    0.04210978373885155,
                    0.16974997520446777
                ],
                [
                    0.0,
                    0.99971604347229,
                    -0.023829424753785133,
                    -0.09605948626995087
                ],
                [
                    0.0,
                    0.0,
                    0.0,
                    1.0
                ]
            ]
        },
        {
            "file_path": "/data/shapenet_blender/all_50_random/02958343/2cd119ce9ec61f1af63ee8a34069b7c5/r_3",
            "rotation": 0.12566370614359174,
            "transform_matrix": [
                [
                    0.8585313558578491,
                    0.21092496812343597,
                    -0.46736979484558105,
                    -1.8840280771255493
                ],
                [
                    -0.5127610564231873,
                    0.35315805673599243,
                    -0.7825313806533813,
                    -3.1544852256774902
                ],
                [
                    0.0,
                    0.9114769101142883,
                    0.4113512933254242,
                    1.658210277557373
                ],
                [
                    0.0,
                    0.0,
                    0.0,
                    1.0
                ]
            ]
        },
        {
            "file_path": "/data/shapenet_blender/all_50_random/02958343/2cd119ce9ec61f1af63ee8a34069b7c5/r_4",
            "rotation": 0.12566370614359174,
            "transform_matrix": [
                [
                    -0.053121622651815414,
                    -0.22309733927249908,
                    0.9733476042747498,
                    3.923689842224121
                ],
                [
                    0.9985880851745605,
                    -0.011868048459291458,
                    0.05177890881896019,
                    0.20872747898101807
                ],
                [
                    -9.313225746154785e-10,
                    0.9747238755226135,
                    0.22341281175613403,
                    0.9006059169769287
                ],
                [
                    0.0,
                    0.0,
                    0.0,
                    1.0
                ]
            ]
        },
        {
            "file_path": "/data/shapenet_blender/all_50_random/02958343/2cd119ce9ec61f1af63ee8a34069b7c5/r_5",
            "rotation": 0.12566370614359174,
            "transform_matrix": [
                [
                    -0.21045100688934326,
                    -0.07624777406454086,
                    -0.974626362323761,
                    -3.928844690322876
                ],
                [
                    -0.977604329586029,
                    0.01641402393579483,
                    0.20980994403362274,
                    0.8457710146903992
                ],
                [
                    0.0,
                    0.9969537854194641,
                    -0.07799450308084488,
                    -0.3144059181213379
                ],
                [
                    0.0,
                    0.0,
                    0.0,
                    1.0
                ]
            ]
        },
        {
            "file_path": "/data/shapenet_blender/all_50_random/02958343/2cd119ce9ec61f1af63ee8a34069b7c5/r_6",
            "rotation": 0.12566370614359174,
            "transform_matrix": [
                [
                    -0.9806744456291199,
                    0.042290981858968735,
                    -0.19102126359939575,
                    -0.7700313329696655
                ],
                [
                    -0.195646733045578,
                    -0.21198247373104095,
                    0.9574893116950989,
                    3.859762668609619
                ],
                [
                    3.7252898543727042e-09,
                    0.9763579368591309,
                    0.2161599099636078,
                    0.871368408203125
                ],
                [
                    0.0,
                    0.0,
                    0.0,
                    1.0
                ]
            ]
        },
        {
            "file_path": "/data/shapenet_blender/all_50_random/02958343/2cd119ce9ec61f1af63ee8a34069b7c5/r_7",
            "rotation": 0.12566370614359174,
            "transform_matrix": [
                [
                    0.8578308820724487,
                    0.4830878973007202,
                    -0.17536337673664093,
                    -0.7069123983383179
                ],
                [
                    -0.5139321088790894,
                    0.8063471913337708,
                    -0.292708158493042,
                    -1.1799442768096924
                ],
                [
                    0.0,
                    0.34121885895729065,
                    0.9399838447570801,
                    3.789196014404297
                ],
                [
                    0.0,
                    0.0,
                    0.0,
                    1.0
                ]
            ]
        },
        {
            "file_path": "/data/shapenet_blender/all_50_random/02958343/2cd119ce9ec61f1af63ee8a34069b7c5/r_8",
            "rotation": 0.12566370614359174,
            "transform_matrix": [
                [
                    -0.9237391948699951,
                    -0.017705773934721947,
                    0.38261258602142334,
                    1.542360782623291
                ],
                [
                    0.38302209973335266,
                    -0.04270123317837715,
                    0.9227516055107117,
                    3.719730854034424
                ],
                [
                    -1.862645149230957e-09,
                    0.9989309906959534,
                    0.04622650146484375,
                    0.18634499609470367
                ],
                [
                    0.0,
                    0.0,
                    0.0,
                    1.0
                ]
            ]
        },
        {
            "file_path": "/data/shapenet_blender/all_50_random/02958343/2cd119ce9ec61f1af63ee8a34069b7c5/r_9",
            "rotation": 0.12566370614359174,
            "transform_matrix": [
                [
                    0.6226243376731873,
                    0.14419840276241302,
                    0.7691200375556946,
                    3.1004223823547363
                ],
                [
                    0.7825209498405457,
                    -0.11473360657691956,
                    -0.6119617223739624,
                    -2.4668967723846436
                ],
                [
                    7.450580596923828e-09,
                    0.9828749299049377,
                    -0.18427416682243347,
                    -0.7428329586982727
                ],
                [
                    0.0,
                    0.0,
                    0.0,
                    1.0
                ]
            ]
        },
        {
            "file_path": "/data/shapenet_blender/all_50_random/02958343/2cd119ce9ec61f1af63ee8a34069b7c5/r_10",
            "rotation": 0.12566370614359174,
            "transform_matrix": [
                [
                    0.6744190454483032,
                    -0.6249047517776489,
                    -0.39325934648513794,
                    -1.585279107093811
                ],
                [
                    -0.7383487820625305,
                    -0.5707975029945374,
                    -0.3592090606689453,
                    -1.4480180740356445
                ],
                [
                    -1.4901161193847656e-08,
                    0.5326199531555176,
                    -0.8463544845581055,
                    -3.411764144897461
                ],
                [
                    0.0,
                    0.0,
                    0.0,
                    1.0
                ]
            ]
        },
        {
            "file_path": "/data/shapenet_blender/all_50_random/02958343/2cd119ce9ec61f1af63ee8a34069b7c5/r_11",
            "rotation": 0.12566370614359174,
            "transform_matrix": [
                [
                    0.6336838603019714,
                    -0.2609911262989044,
                    0.7282364368438721,
                    2.935615062713623
                ],
                [
                    0.7735921740531921,
                    0.21378952264785767,
                    -0.5965310335159302,
                    -2.404693603515625
                ],
                [
                    0.0,
                    0.9413699507713318,
                    0.3373757004737854,
                    1.3600049018859863
                ],
                [
                    0.0,
                    0.0,
                    0.0,
                    1.0
                ]
            ]
        },
        {
            "file_path": "/data/shapenet_blender/all_50_random/02958343/2cd119ce9ec61f1af63ee8a34069b7c5/r_12",
            "rotation": 0.12566370614359174,
            "transform_matrix": [
                [
                    -0.07260293513536453,
                    -0.021516256034374237,
                    0.9971289038658142,
                    4.019554615020752
                ],
                [
                    0.9973609447479248,
                    -0.0015662768855690956,
                    0.0725860446691513,
                    0.29260367155075073
                ],
                [
                    1.1641532182693481e-10,
                    0.9997671842575073,
                    0.021573195233941078,
                    0.08696432411670685
                ],
                [
                    0.0,
                    0.0,
                    0.0,
                    1.0
                ]
            ]
        },
        {
            "file_path": "/data/shapenet_blender/all_50_random/02958343/2cd119ce9ec61f1af63ee8a34069b7c5/r_13",
            "rotation": 0.12566370614359174,
            "transform_matrix": [
                [
                    -0.7552304863929749,
                    0.42542219161987305,
                    0.4986410140991211,
                    2.0100862979888916
                ],
                [
                    0.6554594039916992,
                    0.49017807841300964,
                    0.5745419263839722,
                    2.3160529136657715
                ],
                [
                    0.0,
                    0.7607504725456238,
                    -0.6490443348884583,
                    -2.6163816452026367
                ],
                [
                    0.0,
                    0.0,
                    0.0,
                    1.0
                ]
            ]
        },
        {
            "file_path": "/data/shapenet_blender/all_50_random/02958343/2cd119ce9ec61f1af63ee8a34069b7c5/r_14",
            "rotation": 0.12566370614359174,
            "transform_matrix": [
                [
                    0.5371638536453247,
                    -0.5001073479652405,
                    0.6792256832122803,
                    2.738046407699585
                ],
                [
                    0.8434779047966003,
                    0.3184904158115387,
                    -0.43256086111068726,
                    -1.743708610534668
                ],
                [
                    -1.4901161193847656e-08,
                    0.8052679300308228,
                    0.5929110646247864,
                    2.3901009559631348
                ],
                [
                    0.0,
                    0.0,
                    0.0,
                    1.0
                ]
            ]
        },
        {
            "file_path": "/data/shapenet_blender/all_50_random/02958343/2cd119ce9ec61f1af63ee8a34069b7c5/r_15",
            "rotation": 0.12566370614359174,
            "transform_matrix": [
                [
                    0.7783809304237366,
                    -0.3942497670650482,
                    -0.4885593056678772,
                    -1.9694457054138184
                ],
                [
                    -0.627792239189148,
                    -0.48881852626800537,
                    -0.6057501435279846,
                    -2.441857099533081
                ],
                [
                    1.4901161193847656e-08,
                    0.7782182097434998,
                    -0.6279938817024231,
                    -2.531524658203125
                ],
                [
                    0.0,
                    0.0,
                    0.0,
                    1.0
                ]
            ]
        },
        {
            "file_path": "/data/shapenet_blender/all_50_random/02958343/2cd119ce9ec61f1af63ee8a34069b7c5/r_16",
            "rotation": 0.12566370614359174,
            "transform_matrix": [
                [
                    0.5261150598526001,
                    -0.12578758597373962,
                    0.8410590887069702,
                    3.3904175758361816
                ],
                [
                    0.8504133224487305,
                    0.07781951874494553,
                    -0.5203280448913574,
                    -2.0975093841552734
                ],
                [
                    0.0,
                    0.9890002608299255,
                    0.14791348576545715,
                    0.5962583422660828
                ],
                [
                    0.0,
                    0.0,
                    0.0,
                    1.0
                ]
            ]
        },
        {
            "file_path": "/data/shapenet_blender/all_50_random/02958343/2cd119ce9ec61f1af63ee8a34069b7c5/r_17",
            "rotation": 0.12566370614359174,
            "transform_matrix": [
                [
                    -0.13577084243297577,
                    -0.1386600285768509,
                    -0.9809890985488892,
                    -3.954493761062622
                ],
                [
                    -0.9907402992248535,
                    0.01900194026529789,
                    0.1344345360994339,
                    0.5419229865074158
                ],
                [
                    -1.862645149230957e-09,
                    0.9901576638221741,
                    -0.13995596766471863,
                    -0.5641806125640869
                ],
                [
                    0.0,
                    0.0,
                    0.0,
                    1.0
                ]
            ]
        },
        {
            "file_path": "/data/shapenet_blender/all_50_random/02958343/2cd119ce9ec61f1af63ee8a34069b7c5/r_18",
            "rotation": 0.12566370614359174,
            "transform_matrix": [
                [
                    0.9678505659103394,
                    -0.10546930134296417,
                    -0.22834505140781403,
                    -0.9204883575439453
                ],
                [
                    -0.25152578949928284,
                    -0.40583717823028564,
                    -0.8786528706550598,
                    -3.5419631004333496
                ],
                [
                    -7.450580596923828e-09,
                    0.9078393578529358,
                    -0.4193180203437805,
                    -1.6903250217437744
                ],
                [
                    0.0,
                    0.0,
                    0.0,
                    1.0
                ]
            ]
        },
        {
            "file_path": "/data/shapenet_blender/all_50_random/02958343/2cd119ce9ec61f1af63ee8a34069b7c5/r_19",
            "rotation": 0.12566370614359174,
            "transform_matrix": [
                [
                    -0.013349810615181923,
                    0.8402446508407593,
                    -0.5420430302619934,
                    -2.1850452423095703
                ],
                [
                    -0.999910831451416,
                    -0.011218106374144554,
                    0.007236816454678774,
                    0.029172539710998535
                ],
                [
                    0.0,
                    0.5420911908149719,
                    0.8403195142745972,
                    3.3874363899230957
                ],
                [
                    0.0,
                    0.0,
                    0.0,
                    1.0
                ]
            ]
        },
        {
            "file_path": "/data/shapenet_blender/all_50_random/02958343/2cd119ce9ec61f1af63ee8a34069b7c5/r_20",
            "rotation": 0.12566370614359174,
            "transform_matrix": [
                [
                    0.9782970547676086,
                    0.05056430771946907,
                    0.20094284415245056,
                    0.8100265264511108
                ],
                [
                    0.20720705389976501,
                    -0.2387317717075348,
                    -0.9487214684486389,
                    -3.824418544769287
                ],
                [
                    -3.725290076417309e-09,
                    0.9697681069374084,
                    -0.24402791261672974,
                    -0.9837079644203186
                ],
                [
                    0.0,
                    0.0,
                    0.0,
                    1.0
                ]
            ]
        },
        {
            "file_path": "/data/shapenet_blender/all_50_random/02958343/2cd119ce9ec61f1af63ee8a34069b7c5/r_21",
            "rotation": 0.12566370614359174,
            "transform_matrix": [
                [
                    -0.30512094497680664,
                    0.8419622778892517,
                    0.44497257471084595,
                    1.7937419414520264
                ],
                [
                    0.9523136615753174,
                    0.26976442337036133,
                    0.14256905019283295,
                    0.5747143030166626
                ],
                [
                    -7.450581485102248e-09,
                    0.46725428104400635,
                    -0.884122908115387,
                    -3.564013719558716
                ],
                [
                    0.0,
                    0.0,
                    0.0,
                    1.0
                ]
            ]
        },
        {
            "file_path": "/data/shapenet_blender/all_50_random/02958343/2cd119ce9ec61f1af63ee8a34069b7c5/r_22",
            "rotation": 0.12566370614359174,
            "transform_matrix": [
                [
                    -0.9698370695114136,
                    0.0470205619931221,
                    0.2391761690378189,
                    0.9641499519348145
                ],
                [
                    0.24375435709953308,
                    0.1870829463005066,
                    0.9516216516494751,
                    3.8361096382141113
                ],
                [
                    3.725290742551124e-09,
                    0.9812180995941162,
                    -0.19290143251419067,
                    -0.7776105403900146
                ],
                [
                    0.0,
                    0.0,
                    0.0,
                    1.0
                ]
            ]
        },
        {
            "file_path": "/data/shapenet_blender/all_50_random/02958343/2cd119ce9ec61f1af63ee8a34069b7c5/r_23",
            "rotation": 0.12566370614359174,
            "transform_matrix": [
                [
                    0.9918105602264404,
                    0.05546518415212631,
                    -0.1150459572672844,
                    -0.46376508474349976
                ],
                [
                    -0.12771828472614288,
                    0.4307210445404053,
                    -0.8934021592140198,
                    -3.60141921043396
                ],
                [
                    0.0,
                    0.9007791876792908,
                    0.4342775344848633,
                    1.7506287097930908
                ],
                [
                    0.0,
                    0.0,
                    0.0,
                    1.0
                ]
            ]
        },
        {
            "file_path": "/data/shapenet_blender/all_50_random/02958343/2cd119ce9ec61f1af63ee8a34069b7c5/r_24",
            "rotation": 0.12566370614359174,
            "transform_matrix": [
                [
                    0.8874710202217102,
                    0.2519485652446747,
                    0.38589781522750854,
                    1.5556038618087769
                ],
                [
                    0.4608635902404785,
                    -0.4851697087287903,
                    -0.7431117296218872,
                    -2.995579242706299
                ],
                [
                    0.0,
                    0.8373363614082336,
                    -0.5466879606246948,
                    -2.2037696838378906
                ],
                [
                    0.0,
                    0.0,
                    0.0,
                    1.0
                ]
            ]
        },
        {
            "file_path": "/data/shapenet_blender/all_50_random/02958343/2cd119ce9ec61f1af63ee8a34069b7c5/r_25",
            "rotation": 0.12566370614359174,
            "transform_matrix": [
                [
                    -0.9257170557975769,
                    0.08512326329946518,
                    -0.36851322650909424,
                    -1.4855244159698486
                ],
                [
                    -0.3782168924808502,
                    -0.20834621787071228,
                    0.9019665718078613,
                    3.63594388961792
                ],
                [
                    0.0,
                    0.9743437767028809,
                    0.22506467998027802,
                    0.9072648286819458
                ],
                [
                    0.0,
                    0.0,
                    0.0,
                    1.0
                ]
            ]
        },
        {
            "file_path": "/data/shapenet_blender/all_50_random/02958343/2cd119ce9ec61f1af63ee8a34069b7c5/r_26",
            "rotation": 0.12566370614359174,
            "transform_matrix": [
                [
                    -0.9261058568954468,
                    -0.2335459291934967,
                    0.29628419876098633,
                    1.1943597793579102
                ],
                [
                    0.3772639036178589,
                    -0.5733075737953186,
                    0.727317214012146,
                    2.9319095611572266
                ],
                [
                    0.0,
                    0.7853500247001648,
                    0.6190519332885742,
                    2.4954781532287598
                ],
                [
                    0.0,
                    0.0,
                    0.0,
                    1.0
                ]
            ]
        },
        {
            "file_path": "/data/shapenet_blender/all_50_random/02958343/2cd119ce9ec61f1af63ee8a34069b7c5/r_27",
            "rotation": 0.12566370614359174,
            "transform_matrix": [
                [
                    -0.5424413084983826,
                    0.29077666997909546,
                    -0.7881664037704468,
                    -3.1772003173828125
                ],
                [
                    -0.8400936722755432,
                    -0.18775202333927155,
                    0.5089123249053955,
                    2.0514912605285645
                ],
                [
                    0.0,
                    0.9381887912750244,
                    0.3461240828037262,
                    1.3952707052230835
                ],
                [
                    0.0,
                    0.0,
                    0.0,
                    1.0
                ]
            ]
        },
        {
            "file_path": "/data/shapenet_blender/all_50_random/02958343/2cd119ce9ec61f1af63ee8a34069b7c5/r_28",
            "rotation": 0.12566370614359174,
            "transform_matrix": [
                [
                    0.9864576458930969,
                    0.050791945308446884,
                    -0.1559533029794693,
                    -0.628667950630188
                ],
                [
                    -0.16401603817939758,
                    0.30548295378685,
                    -0.9379652142524719,
                    -3.7810590267181396
                ],
                [
                    0.0,
                    0.9508419036865234,
                    0.3096766471862793,
                    1.2483465671539307
                ],
                [
                    0.0,
                    0.0,
                    0.0,
                    1.0
                ]
            ]
        },
        {
            "file_path": "/data/shapenet_blender/all_50_random/02958343/2cd119ce9ec61f1af63ee8a34069b7c5/r_29",
            "rotation": 0.12566370614359174,
            "transform_matrix": [
                [
                    0.7799067497253418,
                    -0.3182409107685089,
                    0.5389509797096252,
                    2.172581195831299
                ],
                [
                    0.6258957386016846,
                    0.3965488076210022,
                    -0.6715679168701172,
                    -2.70717716217041
                ],
                [
                    1.4901161193847656e-08,
                    0.8610875606536865,
                    0.5084565877914429,
                    2.049654245376587
                ],
                [
                    0.0,
                    0.0,
                    0.0,
                    1.0
                ]
            ]
        },
        {
            "file_path": "/data/shapenet_blender/all_50_random/02958343/2cd119ce9ec61f1af63ee8a34069b7c5/r_30",
            "rotation": 0.12566370614359174,
            "transform_matrix": [
                [
                    -0.981913685798645,
                    0.03621140122413635,
                    -0.1858340948820114,
                    -0.7491211891174316
                ],
                [
                    -0.18932928144931793,
                    -0.187802255153656,
                    0.9637866616249084,
                    3.885148286819458
                ],
                [
                    3.725290298461914e-09,
                    0.9815391302108765,
                    0.19126148521900177,
                    0.7709997296333313
                ],
                [
                    0.0,
                    0.0,
                    0.0,
                    1.0
                ]
            ]
        },
        {
            "file_path": "/data/shapenet_blender/all_50_random/02958343/2cd119ce9ec61f1af63ee8a34069b7c5/r_31",
            "rotation": 0.12566370614359174,
            "transform_matrix": [
                [
                    -0.6019030213356018,
                    0.7076311707496643,
                    -0.370095819234848,
                    -1.4919041395187378
                ],
                [
                    -0.7985693216323853,
                    -0.533360481262207,
                    0.27895110845565796,
                    1.1244879961013794
                ],
                [
                    1.4901162970204496e-08,
                    0.4634486436843872,
                    0.8861237168312073,
                    3.5720791816711426
                ],
                [
                    0.0,
                    0.0,
                    0.0,
                    1.0
                ]
            ]
        },
        {
            "file_path": "/data/shapenet_blender/all_50_random/02958343/2cd119ce9ec61f1af63ee8a34069b7c5/r_32",
            "rotation": 0.12566370614359174,
            "transform_matrix": [
                [
                    0.9569326639175415,
                    0.21356719732284546,
                    0.19664420187473297,
                    0.7926982045173645
                ],
                [
                    0.2903100252151489,
                    -0.7039695978164673,
                    -0.6481872797012329,
                    -2.612926721572876
                ],
                [
                    0.0,
                    0.6773594617843628,
                    -0.7356521487236023,
                    -2.9655089378356934
                ],
                [
                    0.0,
                    0.0,
                    0.0,
                    1.0
                ]
            ]
        },
        {
            "file_path": "/data/shapenet_blender/all_50_random/02958343/2cd119ce9ec61f1af63ee8a34069b7c5/r_33",
            "rotation": 0.12566370614359174,
            "transform_matrix": [
                [
                    0.7114792466163635,
                    -0.044035524129867554,
                    -0.7013259530067444,
                    -2.8271353244781494
                ],
                [
                    -0.702707052230835,
                    -0.04458523914217949,
                    -0.7100809216499329,
                    -2.8624277114868164
                ],
                [
                    0.0,
                    0.9980344772338867,
                    -0.06266555190086365,
                    -0.2526129186153412
                ],
                [
                    0.0,
                    0.0,
                    0.0,
                    1.0
                ]
            ]
        },
        {
            "file_path": "/data/shapenet_blender/all_50_random/02958343/2cd119ce9ec61f1af63ee8a34069b7c5/r_34",
            "rotation": 0.12566370614359174,
            "transform_matrix": [
                [
                    0.7734870314598083,
                    -0.3587360978126526,
                    -0.5225189328193665,
                    -2.1063413619995117
                ],
                [
                    -0.6338120102882385,
                    -0.4377918541431427,
                    -0.6376680135726929,
                    -2.5705223083496094
                ],
                [
                    0.0,
                    0.8244068026542664,
                    -0.5659975409507751,
                    -2.281609296798706
                ],
                [
                    0.0,
                    0.0,
                    0.0,
                    1.0
                ]
            ]
        },
        {
            "file_path": "/data/shapenet_blender/all_50_random/02958343/2cd119ce9ec61f1af63ee8a34069b7c5/r_35",
            "rotation": 0.12566370614359174,
            "transform_matrix": [
                [
                    0.8546755313873291,
                    0.1584448665380478,
                    -0.4943934977054596,
                    -1.9929640293121338
                ],
                [
                    -0.5191624760627747,
                    0.26084113121032715,
                    -0.8138992786407471,
                    -3.280933141708374
                ],
                [
                    0.0,
                    0.952290415763855,
                    0.30519312620162964,
                    1.2302730083465576
                ],
                [
                    0.0,
                    0.0,
                    0.0,
                    1.0
                ]
            ]
        },
        {
            "file_path": "/data/shapenet_blender/all_50_random/02958343/2cd119ce9ec61f1af63ee8a34069b7c5/r_36",
            "rotation": 0.12566370614359174,
            "transform_matrix": [
                [
                    -0.9951688647270203,
                    0.03697593882679939,
                    0.0909489095211029,
                    0.3666267991065979
                ],
                [
                    0.09817803651094437,
                    0.37480178475379944,
                    0.9218917489051819,
                    3.7162649631500244
                ],
                [
                    3.725290298461914e-09,
                    0.9263672232627869,
                    -0.3766212463378906,
                    -1.5182090997695923
                ],
                [
                    0.0,
                    0.0,
                    0.0,
                    1.0
                ]
            ]
        },
        {
            "file_path": "/data/shapenet_blender/all_50_random/02958343/2cd119ce9ec61f1af63ee8a34069b7c5/r_37",
            "rotation": 0.12566370614359174,
            "transform_matrix": [
                [
                    0.4374881982803345,
                    -0.15542259812355042,
                    0.8856905102729797,
                    3.5703330039978027
                ],
                [
                    0.8992241024971008,
                    0.07561580091714859,
                    -0.4309038519859314,
                    -1.7370290756225586
                ],
                [
                    0.0,
                    0.9849497675895691,
                    0.17284074425697327,
                    0.696743369102478
                ],
                [
                    0.0,
                    0.0,
                    0.0,
                    1.0
                ]
            ]
        },
        {
            "file_path": "/data/shapenet_blender/all_50_random/02958343/2cd119ce9ec61f1af63ee8a34069b7c5/r_38",
            "rotation": 0.12566370614359174,
            "transform_matrix": [
                [
                    -0.8950077295303345,
                    -0.04038461670279503,
                    0.4442186653614044,
                    1.79070246219635
                ],
                [
                    0.4460505247116089,
                    -0.081032395362854,
                    0.8913320302963257,
                    3.593073844909668
                ],
                [
                    0.0,
                    0.9958930015563965,
                    0.09053821861743927,
                    0.36497119069099426
                ],
                [
                    0.0,
                    0.0,
                    0.0,
                    1.0
                ]
            ]
        },
        {
            "file_path": "/data/shapenet_blender/all_50_random/02958343/2cd119ce9ec61f1af63ee8a34069b7c5/r_39",
            "rotation": 0.12566370614359174,
            "transform_matrix": [
                [
                    -0.9653975963592529,
                    0.1138470396399498,
                    0.23461975157260895,
                    0.945782482624054
                ],
                [
                    0.2607826292514801,
                    0.4214531481266022,
                    0.8685445785522461,
                    3.5012152194976807
                ],
                [
                    0.0,
                    0.8996754884719849,
                    -0.43655917048454285,
                    -1.7598263025283813
                ],
                [
                    0.0,
                    0.0,
                    0.0,
                    1.0
                ]
            ]
        },
        {
            "file_path": "/data/shapenet_blender/all_50_random/02958343/2cd119ce9ec61f1af63ee8a34069b7c5/r_40",
            "rotation": 0.12566370614359174,
            "transform_matrix": [
                [
                    0.9582444429397583,
                    0.009337168186903,
                    0.285798043012619,
                    1.1520887613296509
                ],
                [
                    0.28595054149627686,
                    -0.031289637088775635,
                    -0.9577333927154541,
                    -3.8607466220855713
                ],
                [
                    0.0,
                    0.9994666576385498,
                    -0.0326530896127224,
                    -0.13162881135940552
                ],
                [
                    0.0,
                    0.0,
                    0.0,
                    1.0
                ]
            ]
        },
        {
            "file_path": "/data/shapenet_blender/all_50_random/02958343/2cd119ce9ec61f1af63ee8a34069b7c5/r_41",
            "rotation": 0.12566370614359174,
            "transform_matrix": [
                [
                    0.9888571500778198,
                    -0.06947387009859085,
                    -0.1316622793674469,
                    -0.530747652053833
                ],
                [
                    -0.1488676369190216,
                    -0.4614819884300232,
                    -0.8745700716972351,
                    -3.5255048274993896
                ],
                [
