{
    "class": "02958343",
    "model": "42ca4f6a7d7a39712a9eb0f146e94477",
    "remove_doubles": true,
    "edge_split": true,
    "denoise": true,
    "camera_angle_x": 0.6911112070083618,
    "scale_factor": 2.280075317486581,
    "hdri_file": "/data/IndoorHDRDataset2018/9C4A1151-1d79d2b3a3.exr",
    "center_offset": [
        0.0,
        0.0,
        -9.313225746154785e-10
    ],
    "lights": [],
    "frames": [
        {
            "file_path": "/data/shapenet_blender/all_50_random/02958343/42ca4f6a7d7a39712a9eb0f146e94477/r_0",
            "rotation": 0.12566370614359174,
            "transform_matrix": [
                [
                    0.9854183793067932,
                    -0.14902731776237488,
                    0.08210761845111847,
                    0.3309864103794098
                ],
                [
                    0.17014935612678528,
                    0.8630902171134949,
                    -0.47552546858787537,
                    -1.9169044494628906
                ],
                [
                    7.450580596923828e-09,
                    0.4825621545314789,
                    0.8758618235588074,
                    3.5307118892669678
                ],
                [
                    0.0,
                    0.0,
                    0.0,
                    1.0
                ]
            ]
        },
        {
            "file_path": "/data/shapenet_blender/all_50_random/02958343/42ca4f6a7d7a39712a9eb0f146e94477/r_1",
            "rotation": 0.12566370614359174,
            "transform_matrix": [
                [
                    0.9968129992485046,
                    0.07881779223680496,
                    0.012319003231823444,
                    0.04965949058532715
                ],
                [
                    0.07977470755577087,
                    -0.9848559498786926,
                    -0.15393026173114777,
                    -0.6205127239227295
                ],
                [
                    0.0,
                    0.15442229807376862,
                    -0.9880049228668213,
                    -3.9827752113342285
                ],
                [
                    0.0,
                    0.0,
                    0.0,
                    1.0
                ]
            ]
        },
        {
            "file_path": "/data/shapenet_blender/all_50_random/02958343/42ca4f6a7d7a39712a9eb0f146e94477/r_2",
            "rotation": 0.12566370614359174,
            "transform_matrix": [
                [
                    -0.565921425819397,
                    -0.7686867117881775,
                    -0.29808327555656433,
                    -1.201612114906311
                ],
                [
                    -0.8244590759277344,
                    0.5276384353637695,
                    0.2046089768409729,
                    0.8248051404953003
                ],
                [
                    -1.4901160305669237e-08,
                    0.36155009269714355,
                    -0.9323526620864868,
                    -3.7584338188171387
                ],
                [
                    0.0,
                    0.0,
                    0.0,
                    1.0
                ]
            ]
        },
        {
            "file_path": "/data/shapenet_blender/all_50_random/02958343/42ca4f6a7d7a39712a9eb0f146e94477/r_3",
            "rotation": 0.12566370614359174,
            "transform_matrix": [
                [
                    -0.7475284337997437,
                    0.37692195177078247,
                    -0.5469286441802979,
                    -2.204740047454834
                ],
                [
                    -0.6642297506332397,
                    -0.42419037222862244,
                    0.6155170202255249,
                    2.481228828430176
                ],
                [
                    1.4901160305669237e-08,
                    0.8234028816223145,
                    0.5674571394920349,
                    2.2874932289123535
                ],
                [
                    0.0,
                    0.0,
                    0.0,
                    1.0
                ]
            ]
        },
        {
            "file_path": "/data/shapenet_blender/all_50_random/02958343/42ca4f6a7d7a39712a9eb0f146e94477/r_4",
            "rotation": 0.12566370614359174,
            "transform_matrix": [
                [
                    -0.8445114493370056,
                    -0.04111260175704956,
                    -0.5339570641517639,
                    -2.1524498462677
                ],
                [
                    -0.5355374813079834,
                    0.0648321732878685,
                    0.8420192003250122,
                    3.3942880630493164
                ],
                [
                    -3.725290298461914e-09,
                    0.9970488548278809,
                    -0.07676886022090912,
                    -0.3094651699066162
                ],
                [
                    0.0,
                    0.0,
                    0.0,
                    1.0
                ]
            ]
        },
        {
            "file_path": "/data/shapenet_blender/all_50_random/02958343/42ca4f6a7d7a39712a9eb0f146e94477/r_5",
            "rotation": 0.12566370614359174,
            "transform_matrix": [
                [
                    0.9671382308006287,
                    0.2507639229297638,
                    0.04196498915553093,
                    0.16916629672050476
                ],
                [
                    0.254251092672348,
                    -0.9538735747337341,
                    -0.15962937474250793,
                    -0.6434866786003113
                ],
                [
                    0.0,
                    0.16505330801010132,
                    -0.9862845540046692,
                    -3.9758405685424805
                ],
                [
                    0.0,
                    0.0,
                    0.0,
                    1.0
                ]
            ]
        },
        {
            "file_path": "/data/shapenet_blender/all_50_random/02958343/42ca4f6a7d7a39712a9eb0f146e94477/r_6",
            "rotation": 0.12566370614359174,
            "transform_matrix": [
                [
                    0.6003597378730774,
                    0.2414405196905136,
                    0.7624136805534363,
                    3.073387622833252
                ],
                [
                    0.7997299432754517,
                    -0.18125012516975403,
                    -0.5723462700843811,
                    -2.307201623916626
                ],
                [
                    0.0,
                    0.9533387422561646,
                    -0.30190250277519226,
                    -1.2170078754425049
                ],
                [
                    0.0,
                    0.0,
                    0.0,
                    1.0
                ]
            ]
        },
        {
            "file_path": "/data/shapenet_blender/all_50_random/02958343/42ca4f6a7d7a39712a9eb0f146e94477/r_7",
            "rotation": 0.12566370614359174,
            "transform_matrix": [
                [
                    0.5159140229225159,
                    0.7689824104309082,
                    -0.37748998403549194,
                    -1.521710753440857
                ],
                [
                    -0.8566402792930603,
                    0.46312183141708374,
                    -0.22734440863132477,
                    -0.9164546132087708
                ],
                [
                    0.0,
                    0.44066333770751953,
                    0.8976724147796631,
                    3.618633270263672
                ],
                [
                    0.0,
                    0.0,
                    0.0,
                    1.0
                ]
            ]
        },
        {
            "file_path": "/data/shapenet_blender/all_50_random/02958343/42ca4f6a7d7a39712a9eb0f146e94477/r_8",
            "rotation": 0.12566370614359174,
            "transform_matrix": [
                [
                    -0.9459441900253296,
                    0.3042578101158142,
                    0.1123250275850296,
                    0.45279666781425476
                ],
                [
                    0.324329674243927,
                    0.8874022960662842,
                    0.3276086449623108,
                    1.3206326961517334
                ],
                [
                    0.0,
                    0.34632977843284607,
                    -0.9381127953529358,
                    -3.781653642654419
                ],
                [
                    0.0,
                    0.0,
                    0.0,
                    1.0
                ]
            ]
        },
        {
            "file_path": "/data/shapenet_blender/all_50_random/02958343/42ca4f6a7d7a39712a9eb0f146e94477/r_9",
            "rotation": 0.12566370614359174,
            "transform_matrix": [
                [
                    -0.6192907691001892,
                    -0.011595409363508224,
                    0.7850761413574219,
                    3.164743185043335
                ],
                [
                    0.7851617932319641,
                    -0.009145797230303288,
                    0.6192232370376587,
                    2.496168613433838
                ],
                [
                    4.656612873077393e-10,
                    0.9998909831047058,
                    0.014768180437386036,
                    0.059532441198825836
                ],
                [
                    0.0,
                    0.0,
                    0.0,
                    1.0
                ]
            ]
        },
        {
            "file_path": "/data/shapenet_blender/all_50_random/02958343/42ca4f6a7d7a39712a9eb0f146e94477/r_10",
            "rotation": 0.12566370614359174,
            "transform_matrix": [
                [
                    0.1055101528763771,
                    -0.6021214723587036,
                    0.7914020419120789,
                    3.19024395942688
                ],
                [
                    0.9944181442260742,
                    0.06388653069734573,
                    -0.08396965265274048,
                    -0.3384925127029419
                ],
                [
                    0.0,
                    0.7958443760871887,
                    0.6055011749267578,
                    2.4408535957336426
                ],
                [
                    0.0,
                    0.0,
                    0.0,
                    1.0
                ]
            ]
        },
        {
            "file_path": "/data/shapenet_blender/all_50_random/02958343/42ca4f6a7d7a39712a9eb0f146e94477/r_11",
            "rotation": 0.12566370614359174,
            "transform_matrix": [
                [
                    -0.804749071598053,
                    -0.0400441512465477,
                    0.5922629237174988,
                    2.38748836517334
                ],
                [
                    0.5936151146888733,
                    -0.05428684130311012,
                    0.8029158711433411,
                    3.2366576194763184
                ],
                [
                    0.0,
                    0.9977220892906189,
                    0.06745809316635132,
                    0.27193230390548706
                ],
                [
                    0.0,
                    0.0,
                    0.0,
                    1.0
                ]
            ]
        },
        {
            "file_path": "/data/shapenet_blender/all_50_random/02958343/42ca4f6a7d7a39712a9eb0f146e94477/r_12",
            "rotation": 0.12566370614359174,
            "transform_matrix": [
                [
                    -0.21850106120109558,
                    0.8895760178565979,
                    0.40113794803619385,
                    1.6170388460159302
                ],
                [
                    0.9758366942405701,
                    0.1991862952709198,
                    0.08981940150260925,
                    0.3620736002922058
                ],
                [
                    0.0,
                    0.411070853471756,
                    -0.9116033911705017,
                    -3.674790859222412
                ],
                [
                    0.0,
                    0.0,
                    0.0,
                    1.0
                ]
            ]
        },
        {
            "file_path": "/data/shapenet_blender/all_50_random/02958343/42ca4f6a7d7a39712a9eb0f146e94477/r_13",
            "rotation": 0.12566370614359174,
            "transform_matrix": [
                [
                    0.09137850254774094,
                    0.914908766746521,
                    0.3931818902492523,
                    1.584967017173767
                ],
                [
                    0.9958162307739258,
                    -0.08395422995090485,
                    -0.03607931733131409,
                    -0.14544039964675903
                ],
                [
                    0.0,
                    0.39483383297920227,
                    -0.9187524914741516,
                    -3.7036099433898926
                ],
                [
                    0.0,
                    0.0,
                    0.0,
                    1.0
                ]
            ]
        },
        {
            "file_path": "/data/shapenet_blender/all_50_random/02958343/42ca4f6a7d7a39712a9eb0f146e94477/r_14",
            "rotation": 0.12566370614359174,
            "transform_matrix": [
                [
                    0.9449084997177124,
                    -0.1127471774816513,
                    0.3073045015335083,
                    1.2387840747833252
                ],
                [
                    0.3273346424102783,
                    0.3254643678665161,
                    -0.8870879411697388,
                    -3.5759658813476562
                ],
                [
                    -7.450580596923828e-09,
                    0.938808262348175,
                    0.3444400727748871,
                    1.3884823322296143
                ],
                [
                    0.0,
                    0.0,
                    0.0,
                    1.0
                ]
            ]
        },
        {
            "file_path": "/data/shapenet_blender/all_50_random/02958343/42ca4f6a7d7a39712a9eb0f146e94477/r_15",
            "rotation": 0.12566370614359174,
            "transform_matrix": [
                [
                    -0.9413049817085266,
                    0.25848785042762756,
                    -0.21709202229976654,
                    -0.8751260042190552
                ],
                [
                    -0.337557315826416,
                    -0.7208136320114136,
                    0.6053780913352966,
                    2.4403574466705322
                ],
                [
                    0.0,
                    0.6431264877319336,
                    0.7657598257064819,
                    3.08687686920166
                ],
                [
                    0.0,
                    0.0,
                    0.0,
                    1.0
                ]
            ]
        },
        {
            "file_path": "/data/shapenet_blender/all_50_random/02958343/42ca4f6a7d7a39712a9eb0f146e94477/r_16",
            "rotation": 0.12566370614359174,
            "transform_matrix": [
                [
                    -0.10581452399492264,
                    0.22841207683086395,
                    -0.9677971601486206,
                    -3.9013147354125977
                ],
                [
                    -0.9943859577178955,
                    -0.024305766448378563,
                    0.10298515111207962,
                    0.4151463806629181
                ],
                [
                    1.862645149230957e-09,
                    0.9732611179351807,
                    0.22970165312290192,
                    0.9259568452835083
                ],
                [
                    0.0,
                    0.0,
                    0.0,
                    1.0
                ]
            ]
        },
        {
            "file_path": "/data/shapenet_blender/all_50_random/02958343/42ca4f6a7d7a39712a9eb0f146e94477/r_17",
            "rotation": 0.12566370614359174,
            "transform_matrix": [
                [
                    0.9597572684288025,
                    -0.06584152579307556,
                    -0.2730034291744232,
                    -1.1005120277404785
                ],
                [
                    -0.28083086013793945,
                    -0.22501760721206665,
                    -0.9330065250396729,
                    -3.7610695362091064
                ],
                [
                    0.0,
                    0.9721275568008423,
                    -0.23445262014865875,
                    -0.9451087713241577
                ],
                [
                    0.0,
                    0.0,
                    0.0,
                    1.0
                ]
            ]
        },
        {
            "file_path": "/data/shapenet_blender/all_50_random/02958343/42ca4f6a7d7a39712a9eb0f146e94477/r_18",
            "rotation": 0.12566370614359174,
            "transform_matrix": [
                [
                    -0.018022149801254272,
                    -0.42831677198410034,
                    0.9034488797187805,
                    3.641918897628784
                ],
                [
                    0.9998376369476318,
                    -0.007720442954450846,
                    0.01628473587334156,
                    0.06564587354660034
                ],
                [
                    0.0,
                    0.9035955667495728,
                    0.4283863306045532,
                    1.7268805503845215
                ],
                [
                    0.0,
                    0.0,
                    0.0,
                    1.0
                ]
            ]
        },
        {
            "file_path": "/data/shapenet_blender/all_50_random/02958343/42ca4f6a7d7a39712a9eb0f146e94477/r_19",
            "rotation": 0.12566370614359174,
            "transform_matrix": [
                [
                    0.5871288776397705,
                    0.3410324156284332,
                    0.734150230884552,
                    2.959454298019409
                ],
                [
                    0.8094936013221741,
                    -0.24735218286514282,
                    -0.5324820876121521,
                    -2.1465039253234863
                ],
                [
                    0.0,
                    0.90692538022995,
                    -0.42129114270210266,
                    -1.6982789039611816
                ],
                [
                    0.0,
                    0.0,
                    0.0,
                    1.0
                ]
            ]
        },
        {
            "file_path": "/data/shapenet_blender/all_50_random/02958343/42ca4f6a7d7a39712a9eb0f146e94477/r_20",
            "rotation": 0.12566370614359174,
            "transform_matrix": [
                [
                    0.17805734276771545,
                    -0.04860812798142433,
                    0.9828187823295593,
                    3.961869239807129
                ],
                [
                    0.9840201139450073,
                    0.008795587345957756,
                    -0.1778399795293808,
                    -0.7168958783149719
                ],
                [
                    0.0,
                    0.998779296875,
                    0.04939749091863632,
                    0.199127659201622
                ],
                [
                    0.0,
                    0.0,
                    0.0,
                    1.0
                ]
            ]
        },
        {
            "file_path": "/data/shapenet_blender/all_50_random/02958343/42ca4f6a7d7a39712a9eb0f146e94477/r_21",
            "rotation": 0.12566370614359174,
            "transform_matrix": [
                [
                    -0.26253318786621094,
                    0.48413291573524475,
                    -0.8346804976463318,
                    -3.3647048473358154
                ],
                [
                    -0.9649229049682617,
                    -0.1317213475704193,
                    0.22709724307060242,
                    0.9154583215713501
                ],
                [
                    7.450580152834618e-09,
                    0.8650229573249817,
                    0.5017321705818176,
                    2.0225472450256348
                ],
                [
                    0.0,
                    0.0,
                    0.0,
                    1.0
                ]
            ]
        },
        {
            "file_path": "/data/shapenet_blender/all_50_random/02958343/42ca4f6a7d7a39712a9eb0f146e94477/r_22",
            "rotation": 0.12566370614359174,
            "transform_matrix": [
                [
                    -0.9939084649085999,
                    0.02502858266234398,
                    0.10732991993427277,
                    0.4326607882976532
                ],
                [
                    0.11020955443382263,
                    0.22571654617786407,
                    0.9679388999938965,
                    3.9018867015838623
                ],
                [
                    0.0,
                    0.9738714694976807,
                    -0.22709991037845612,
                    -0.9154691100120544
                ],
                [
                    0.0,
                    0.0,
                    0.0,
                    1.0
                ]
            ]
        },
        {
            "file_path": "/data/shapenet_blender/all_50_random/02958343/42ca4f6a7d7a39712a9eb0f146e94477/r_23",
            "rotation": 0.12566370614359174,
            "transform_matrix": [
                [
                    0.08957026898860931,
                    0.2725984454154968,
                    0.9579495787620544,
                    3.8616178035736084
                ],
                [
                    0.9959805607795715,
                    -0.02451525442302227,
                    -0.08615007251501083,
                    -0.3472820222377777
                ],
                [
                    0.0,
                    0.9618155360221863,
                    -0.2736985981464386,
                    -1.1033141613006592
                ],
                [
                    0.0,
                    0.0,
                    0.0,
                    1.0
                ]
            ]
        },
        {
            "file_path": "/data/shapenet_blender/all_50_random/02958343/42ca4f6a7d7a39712a9eb0f146e94477/r_24",
            "rotation": 0.12566370614359174,
            "transform_matrix": [
                [
                    -0.7117031216621399,
                    0.32607534527778625,
                    0.622216522693634,
                    2.508235216140747
                ],
                [
                    0.7024803757667542,
                    0.3303563594818115,
                    0.6303855180740356,
                    2.541165590286255
                ],
                [
                    0.0,
                    0.8857421875,
                    -0.4641771912574768,
                    -1.871158242225647
                ],
                [
                    0.0,
                    0.0,
                    0.0,
                    1.0
                ]
            ]
        },
        {
            "file_path": "/data/shapenet_blender/all_50_random/02958343/42ca4f6a7d7a39712a9eb0f146e94477/r_25",
            "rotation": 0.12566370614359174,
            "transform_matrix": [
                [
                    -0.405153751373291,
                    -0.25375980138778687,
                    -0.8783258199691772,
                    -3.540644884109497
                ],
                [
                    -0.9142486453056335,
                    0.11245489865541458,
                    0.38923436403274536,
                    1.5690540075302124
                ],
                [
                    0.0,
                    0.9607079029083252,
                    -0.2775610685348511,
                    -1.118884563446045
                ],
                [
                    0.0,
                    0.0,
                    0.0,
                    1.0
                ]
            ]
        },
        {
            "file_path": "/data/shapenet_blender/all_50_random/02958343/42ca4f6a7d7a39712a9eb0f146e94477/r_26",
            "rotation": 0.12566370614359174,
            "transform_matrix": [
                [
                    0.4457428753376007,
                    -0.5397729873657227,
                    -0.714113712310791,
                    -2.8786845207214355
                ],
                [
                    -0.8951610326766968,
                    -0.26877841353416443,
                    -0.3555908501148224,
                    -1.4334325790405273
                ],
                [
                    -1.4901161193847656e-08,
                    0.797748863697052,
                    -0.6029897928237915,
                    -2.430729627609253
                ],
                [
                    0.0,
                    0.0,
                    0.0,
                    1.0
                ]
            ]
        },
        {
            "file_path": "/data/shapenet_blender/all_50_random/02958343/42ca4f6a7d7a39712a9eb0f146e94477/r_27",
            "rotation": 0.12566370614359174,
            "transform_matrix": [
                [
                    0.3015049397945404,
                    -0.6897727847099304,
                    -0.6582616567611694,
                    -2.6535375118255615
                ],
                [
                    -0.9534645676612854,
                    -0.21812020242214203,
                    -0.2081557661294937,
                    -0.8391027450561523
                ],
                [
                    1.4901159417490817e-08,
                    0.6903891563415527,
                    -0.7234382033348083,
                    -2.9162726402282715
                ],
                [
                    0.0,
                    0.0,
                    0.0,
                    1.0
                ]
            ]
        },
        {
            "file_path": "/data/shapenet_blender/all_50_random/02958343/42ca4f6a7d7a39712a9eb0f146e94477/r_28",
            "rotation": 0.12566370614359174,
            "transform_matrix": [
                [
                    0.002943452913314104,
                    -0.12896999716758728,
                    0.9916441440582275,
                    3.9974453449249268
                ],
                [
                    0.9999956488609314,
                    0.0003796187520492822,
                    -0.0029188706539571285,
                    -0.01176634430885315
                ],
                [
                    0.0,
                    0.9916484355926514,
                    0.12897054851055145,
                    0.519896924495697
                ],
                [
                    0.0,
                    0.0,
                    0.0,
                    1.0
                ]
            ]
        },
        {
            "file_path": "/data/shapenet_blender/all_50_random/02958343/42ca4f6a7d7a39712a9eb0f146e94477/r_29",
            "rotation": 0.12566370614359174,
            "transform_matrix": [
                [
                    0.19307231903076172,
                    -0.20843468606472015,
                    -0.9587898254394531,
                    -3.8650057315826416
                ],
                [
                    -0.9811846017837524,
                    -0.041014671325683594,
                    -0.18866558372974396,
                    -0.7605353593826294
                ],
                [
                    3.725290742551124e-09,
                    0.9771758913993835,
                    -0.2124316543340683,
                    -0.8563394546508789
                ],
                [
                    0.0,
                    0.0,
                    0.0,
                    1.0
                ]
            ]
        },
        {
            "file_path": "/data/shapenet_blender/all_50_random/02958343/42ca4f6a7d7a39712a9eb0f146e94477/r_30",
            "rotation": 0.12566370614359174,
            "transform_matrix": [
                [
                    -0.055813588201999664,
                    -0.6810487508773804,
                    -0.7301077246665955,
                    -2.9431583881378174
                ],
                [
                    -0.9984412789344788,
                    0.03807111829519272,
                    0.040813546627759933,
                    0.16452467441558838
                ],
                [
                    3.725290742551124e-09,
                    0.7312474846839905,
                    -0.6821121573448181,
                    -2.7496819496154785
                ],
                [
                    0.0,
                    0.0,
                    0.0,
                    1.0
                ]
            ]
        },
        {
            "file_path": "/data/shapenet_blender/all_50_random/02958343/42ca4f6a7d7a39712a9eb0f146e94477/r_31",
            "rotation": 0.12566370614359174,
            "transform_matrix": [
                [
                    -0.901756763458252,
                    0.12067031860351562,
                    -0.41505831480026245,
                    -1.6731536388397217
                ],
                [
                    -0.43224385380744934,
                    -0.2517451047897339,
                    0.8659039735794067,
                    3.490570545196533
                ],
                [
                    7.450580596923828e-09,
                    0.9602410793304443,
                    0.279171884059906,
                    1.125377893447876
                ],
                [
                    0.0,
                    0.0,
                    0.0,
                    1.0
                ]
            ]
        },
        {
            "file_path": "/data/shapenet_blender/all_50_random/02958343/42ca4f6a7d7a39712a9eb0f146e94477/r_32",
            "rotation": 0.12566370614359174,
            "transform_matrix": [
                [
                    0.9968346953392029,
                    0.03459445387125015,
                    -0.0715821236371994,
                    -0.2885567843914032
                ],
                [
                    -0.07950332015752792,
                    0.4337548613548279,
                    -0.8975164890289307,
                    -3.61800479888916
                ],
                [
                    0.0,
                    0.900366485118866,
                    0.4351321756839752,
                    1.7540738582611084
                ],
                [
                    0.0,
                    0.0,
                    0.0,
                    1.0
                ]
            ]
        },
        {
            "file_path": "/data/shapenet_blender/all_50_random/02958343/42ca4f6a7d7a39712a9eb0f146e94477/r_33",
            "rotation": 0.12566370614359174,
            "transform_matrix": [
                [
                    0.49755924940109253,
                    0.03313573822379112,
                    0.8667968511581421,
                    3.4941699504852295
                ],
                [
                    0.8674299716949463,
                    -0.01900671422481537,
                    -0.4971960783004761,
                    -2.0042614936828613
                ],
                [
                    1.862645149230957e-09,
                    0.9992700815200806,
                    -0.03819989785552025,
                    -0.15398871898651123
                ],
                [
                    0.0,
                    0.0,
                    0.0,
                    1.0
                ]
            ]
        },
        {
            "file_path": "/data/shapenet_blender/all_50_random/02958343/42ca4f6a7d7a39712a9eb0f146e94477/r_34",
            "rotation": 0.12566370614359174,
            "transform_matrix": [
                [
                    -0.8872380256652832,
                    -0.43789392709732056,
                    0.14511242508888245,
                    0.5849668383598328
                ],
                [
                    0.4613119661808014,
                    -0.8421983122825623,
                    0.2790937125682831,
                    1.1250625848770142
                ],
                [
                    0.0,
                    0.31456446647644043,
                    0.9492361545562744,
                    3.8264927864074707
                ],
                [
                    0.0,
                    0.0,
                    0.0,
                    1.0
                ]
            ]
        },
        {
            "file_path": "/data/shapenet_blender/all_50_random/02958343/42ca4f6a7d7a39712a9eb0f146e94477/r_35",
            "rotation": 0.12566370614359174,
            "transform_matrix": [
                [
                    0.21212854981422424,
                    -0.8620216250419617,
                    -0.4603479206562042,
                    -1.8557218313217163
                ],
                [
                    -0.9772416949272156,
                    -0.18711788952350616,
                    -0.09992711246013641,
                    -0.40281906723976135
                ],
                [
                    0.0,
                    0.47106850147247314,
                    -0.8820965886116028,
                    -3.555845022201538
                ],
                [
                    0.0,
                    0.0,
                    0.0,
                    1.0
                ]
            ]
        },
        {
            "file_path": "/data/shapenet_blender/all_50_random/02958343/42ca4f6a7d7a39712a9eb0f146e94477/r_36",
            "rotation": 0.12566370614359174,
            "transform_matrix": [
                [
                    0.7520095109939575,
                    -0.4903165102005005,
                    -0.4405354857444763,
                    -1.775855302810669
                ],
                [
                    -0.6591523289680481,
                    -0.5593891739845276,
                    -0.5025953054428101,
                    -2.026026487350464
                ],
                [
                    -1.4901161193847656e-08,
                    0.6683363914489746,
                    -0.7438591718673706,
                    -2.9985921382904053
                ],
                [
                    0.0,
                    0.0,
                    0.0,
                    1.0
                ]
            ]
        },
        {
            "file_path": "/data/shapenet_blender/all_50_random/02958343/42ca4f6a7d7a39712a9eb0f146e94477/r_37",
            "rotation": 0.12566370614359174,
            "transform_matrix": [
                [
                    0.5729124546051025,
                    -0.02829020470380783,
                    0.819128155708313,
                    3.302011251449585
                ],
                [
                    0.8196166157722473,
                    0.019774870947003365,
                    -0.5725710988044739,
                    -2.308107852935791
                ],
                [
                    0.0,
                    0.9994040727615356,
                    0.03451639413833618,
                    0.1391400396823883
                ],
                [
                    0.0,
                    0.0,
                    0.0,
                    1.0
                ]
            ]
        },
        {
            "file_path": "/data/shapenet_blender/all_50_random/02958343/42ca4f6a7d7a39712a9eb0f146e94477/r_38",
            "rotation": 0.12566370614359174,
            "transform_matrix": [
                [
                    -0.9667999744415283,
                    -0.1708177775144577,
                    -0.1900506466627121,
                    -0.7661186456680298
                ],
                [
                    -0.25553467869758606,
                    0.6462786793708801,
                    0.719045102596283,
                    2.8985636234283447
                ],
                [
                    -7.450581485102248e-09,
                    0.7437373399734497,
                    -0.6684719920158386,
                    -2.6946969032287598
                ],
                [
                    0.0,
                    0.0,
                    0.0,
                    1.0
                ]
            ]
        },
        {
            "file_path": "/data/shapenet_blender/all_50_random/02958343/42ca4f6a7d7a39712a9eb0f146e94477/r_39",
            "rotation": 0.12566370614359174,
            "transform_matrix": [
                [
                    0.017080403864383698,
                    0.6354154944419861,
                    -0.771981418132782,
                    -3.1119565963745117
                ],
                [
                    -0.9998541474342346,
                    0.010854736901819706,
                    -0.013187678530812263,
                    -0.05316123366355896
                ],
                [
                    0.0,
                    0.7720940709114075,
                    0.6355082392692566,
                    2.5618157386779785
                ],
                [
                    0.0,
                    0.0,
                    0.0,
                    1.0
                ]
            ]
        },
        {
            "file_path": "/data/shapenet_blender/all_50_random/02958343/42ca4f6a7d7a39712a9eb0f146e94477/r_40",
            "rotation": 0.12566370614359174,
            "transform_matrix": [
                [
                    0.9765033721923828,
                    0.07271776348352432,
                    -0.20286235213279724,
                    -0.8177642822265625
                ],
                [
                    -0.21550175547599792,
                    0.32950612902641296,
                    -0.9192304611206055,
                    -3.7055366039276123
                ],
                [
                    7.450580152834618e-09,
                    0.9413489103317261,
                    0.33743467926979065,
                    1.3602427244186401
                ],
                [
                    0.0,
                    0.0,
                    0.0,
                    1.0
                ]
            ]
        },
        {
            "file_path": "/data/shapenet_blender/all_50_random/02958343/42ca4f6a7d7a39712a9eb0f146e94477/r_41",
            "rotation": 0.12566370614359174,
            "transform_matrix": [
                [
                    -0.9990913271903992,
                    0.024584975093603134,
                    0.034813422709703445,
                    0.14033737778663635
                ],
                [
                    0.042619187384843826,
                    0.5763280391693115,
                    0.8161063194274902,
                    3.2898294925689697
                ],
                [
                    1.8626450382086546e-09,
