{
    "class": "02958343",
    "model": "b47d993a5e2dd15e3a3aa1d2d3319a4",
    "remove_doubles": true,
    "edge_split": true,
    "denoise": true,
    "camera_angle_x": 0.6911112070083618,
    "scale_factor": 2.248889041401438,
    "hdri_file": "/data/IndoorHDRDataset2018/9C4A7779-9d82722ad3.exr",
    "center_offset": [
        0.0,
        -2.3283064365386963e-09,
        -3.725290298461914e-09
    ],
    "lights": [],
    "frames": [
        {
            "file_path": "/data/shapenet_blender/all_50_random/02958343/b47d993a5e2dd15e3a3aa1d2d3319a4/r_0",
            "rotation": 0.12566370614359174,
            "transform_matrix": [
                [
                    -0.8890516757965088,
                    -0.022562790662050247,
                    -0.4572504460811615,
                    -1.8432356119155884
                ],
                [
                    -0.457806795835495,
                    0.04381648823618889,
                    0.8879712224006653,
                    3.579526662826538
                ],
                [
                    0.0,
                    0.9987846612930298,
                    -0.049284521490335464,
                    -0.19867227971553802
                ],
                [
                    0.0,
                    0.0,
                    0.0,
                    1.0
                ]
            ]
        },
        {
            "file_path": "/data/shapenet_blender/all_50_random/02958343/b47d993a5e2dd15e3a3aa1d2d3319a4/r_1",
            "rotation": 0.12566370614359174,
            "transform_matrix": [
                [
                    -0.36934152245521545,
                    0.7510924935340881,
                    0.5472174286842346,
                    2.205904006958008
                ],
                [
                    0.9292937517166138,
                    0.2985166311264038,
                    0.2174878716468811,
                    0.8767216801643372
                ],
                [
                    0.0,
                    0.5888529419898987,
                    -0.8082401156425476,
                    -3.258120059967041
                ],
                [
                    0.0,
                    0.0,
                    0.0,
                    1.0
                ]
            ]
        },
        {
            "file_path": "/data/shapenet_blender/all_50_random/02958343/b47d993a5e2dd15e3a3aa1d2d3319a4/r_2",
            "rotation": 0.12566370614359174,
            "transform_matrix": [
                [
                    0.136262446641922,
                    -0.8928629159927368,
                    0.42921823263168335,
                    1.730234146118164
                ],
                [
                    0.990672767162323,
                    0.12280916422605515,
                    -0.0590369813144207,
                    -0.23798570036888123
                ],
                [
                    -3.725290298461914e-09,
                    0.43325933814048767,
                    0.9012691974639893,
                    3.6331326961517334
                ],
                [
                    0.0,
                    0.0,
                    0.0,
                    1.0
                ]
            ]
        },
        {
            "file_path": "/data/shapenet_blender/all_50_random/02958343/b47d993a5e2dd15e3a3aa1d2d3319a4/r_3",
            "rotation": 0.12566370614359174,
            "transform_matrix": [
                [
                    0.3498161733150482,
                    0.23053815960884094,
                    -0.9080091714859009,
                    -3.6603024005889893
                ],
                [
                    -0.9368184208869934,
                    0.08608496934175491,
                    -0.3390585482120514,
                    -1.3667888641357422
                ],
                [
                    7.450580596923828e-09,
                    0.9692479968070984,
                    0.2460862696170807,
                    0.9920055270195007
                ],
                [
                    0.0,
                    0.0,
                    0.0,
                    1.0
                ]
            ]
        },
        {
            "file_path": "/data/shapenet_blender/all_50_random/02958343/b47d993a5e2dd15e3a3aa1d2d3319a4/r_4",
            "rotation": 0.12566370614359174,
            "transform_matrix": [
                [
                    0.17657577991485596,
                    0.012382728978991508,
                    0.9842091202735901,
                    3.9674739837646484
                ],
                [
                    0.9842870831489563,
                    -0.002221394795924425,
                    -0.17656180262565613,
                    -0.7117434144020081
                ],
                [
                    0.0,
                    0.9999208450317383,
                    -0.012580404058098793,
                    -0.050713229924440384
                ],
                [
                    0.0,
                    0.0,
                    0.0,
                    1.0
                ]
            ]
        },
        {
            "file_path": "/data/shapenet_blender/all_50_random/02958343/b47d993a5e2dd15e3a3aa1d2d3319a4/r_5",
            "rotation": 0.12566370614359174,
            "transform_matrix": [
                [
                    -0.9765927195549011,
                    0.06834758073091507,
                    -0.2039491832256317,
                    -0.8221454620361328
                ],
                [
                    -0.2150968611240387,
                    -0.3103148341178894,
                    0.925979495048523,
                    3.7327427864074707
                ],
                [
                    0.0,
                    0.9481737017631531,
                    0.31775251030921936,
                    1.280901312828064
                ],
                [
                    0.0,
                    0.0,
                    0.0,
                    1.0
                ]
            ]
        },
        {
            "file_path": "/data/shapenet_blender/all_50_random/02958343/b47d993a5e2dd15e3a3aa1d2d3319a4/r_6",
            "rotation": 0.12566370614359174,
            "transform_matrix": [
                [
                    0.9391956925392151,
                    0.24119256436824799,
                    -0.2444126009941101,
                    -0.9852587580680847
                ],
                [
                    -0.3433822691440582,
                    0.6596933603286743,
                    -0.6685006022453308,
                    -2.694812297821045
                ],
                [
                    -1.4901161193847656e-08,
                    0.7117798328399658,
                    0.7024024724960327,
                    2.831475257873535
                ],
                [
                    0.0,
                    0.0,
                    0.0,
                    1.0
                ]
            ]
        },
        {
            "file_path": "/data/shapenet_blender/all_50_random/02958343/b47d993a5e2dd15e3a3aa1d2d3319a4/r_7",
            "rotation": 0.12566370614359174,
            "transform_matrix": [
                [
                    0.9994710683822632,
                    -0.011992942541837692,
                    0.030229654163122177,
                    0.12185963988304138
                ],
                [
                    0.03252172842621803,
                    0.3685719966888428,
                    -0.9290300607681274,
                    -3.74504017829895
                ],
                [
                    0.0,
                    0.9295217990875244,
                    0.36876705288887024,
                    1.4865477085113525
                ],
                [
                    0.0,
                    0.0,
                    0.0,
                    1.0
                ]
            ]
        },
        {
            "file_path": "/data/shapenet_blender/all_50_random/02958343/b47d993a5e2dd15e3a3aa1d2d3319a4/r_8",
            "rotation": 0.12566370614359174,
            "transform_matrix": [
                [
                    -0.6268103122711182,
                    -0.7623827457427979,
                    0.16087645292282104,
                    0.6485137343406677
                ],
                [
                    0.779171884059906,
                    -0.6133041977882385,
                    0.12941819429397583,
                    0.521701455116272
                ],
                [
                    7.450580596923828e-09,
                    0.20647110044956207,
                    0.9784526824951172,
                    3.9442689418792725
                ],
                [
                    0.0,
                    0.0,
                    0.0,
                    1.0
                ]
            ]
        },
        {
            "file_path": "/data/shapenet_blender/all_50_random/02958343/b47d993a5e2dd15e3a3aa1d2d3319a4/r_9",
            "rotation": 0.12566370614359174,
            "transform_matrix": [
                [
                    -0.45507103204727173,
                    0.8313924670219421,
                    0.3188997209072113,
                    1.285525918006897
                ],
                [
                    0.8904551267623901,
                    0.4248867630958557,
                    0.16297508776187897,
                    0.6569736003875732
                ],
                [
                    -1.4901161193847656e-08,
                    0.35813120007514954,
                    -0.933671236038208,
                    -3.763749122619629
                ],
                [
                    0.0,
                    0.0,
                    0.0,
                    1.0
                ]
            ]
        },
        {
            "file_path": "/data/shapenet_blender/all_50_random/02958343/b47d993a5e2dd15e3a3aa1d2d3319a4/r_10",
            "rotation": 0.12566370614359174,
            "transform_matrix": [
                [
                    0.21361538767814636,
                    0.17342674732208252,
                    0.9614008665084839,
                    3.875530958175659
                ],
                [
                    0.9769178628921509,
                    -0.03792193904519081,
                    -0.21022239327430725,
                    -0.8474335670471191
                ],
                [
                    0.0,
                    0.9841163158416748,
                    -0.1775244027376175,
                    -0.7156237363815308
                ],
                [
                    0.0,
                    0.0,
                    0.0,
                    1.0
                ]
            ]
        },
        {
            "file_path": "/data/shapenet_blender/all_50_random/02958343/b47d993a5e2dd15e3a3aa1d2d3319a4/r_11",
            "rotation": 0.12566370614359174,
            "transform_matrix": [
                [
                    0.5134117603302002,
                    -0.5921528339385986,
                    -0.6210983991622925,
                    -2.503727674484253
                ],
                [
                    -0.8581423163414001,
                    -0.3542748987674713,
                    -0.37159252166748047,
                    -1.4979373216629028
                ],
                [
                    -1.4901161193847656e-08,
                    0.723770797252655,
                    -0.6900403499603271,
                    -2.781641721725464
                ],
                [
                    0.0,
                    0.0,
                    0.0,
                    1.0
                ]
            ]
        },
        {
            "file_path": "/data/shapenet_blender/all_50_random/02958343/b47d993a5e2dd15e3a3aa1d2d3319a4/r_12",
            "rotation": 0.12566370614359174,
            "transform_matrix": [
                [
                    -0.9858952760696411,
                    -0.010504008270800114,
                    0.16703325510025024,
                    0.6733325719833374
                ],
                [
                    0.1673632115125656,
                    -0.06187652051448822,
                    0.9839516878128052,
                    3.9664361476898193
                ],
                [
                    -9.313224635931761e-10,
                    0.9980285167694092,
                    0.06276176124811172,
                    0.25300076603889465
                ],
                [
                    0.0,
                    0.0,
                    0.0,
                    1.0
                ]
            ]
        },
        {
            "file_path": "/data/shapenet_blender/all_50_random/02958343/b47d993a5e2dd15e3a3aa1d2d3319a4/r_13",
            "rotation": 0.12566370614359174,
            "transform_matrix": [
                [
                    0.2946925163269043,
                    -0.509178638458252,
                    0.8086367249488831,
                    3.259718894958496
                ],
                [
                    0.955592155456543,
                    0.15702424943447113,
                    -0.24937333166599274,
                    -1.0052560567855835
                ],
                [
                    0.0,
                    0.8462153673171997,
                    0.5328409671783447,
                    2.1479506492614746
                ],
                [
                    0.0,
                    0.0,
                    0.0,
                    1.0
                ]
            ]
        },
        {
            "file_path": "/data/shapenet_blender/all_50_random/02958343/b47d993a5e2dd15e3a3aa1d2d3319a4/r_14",
            "rotation": 0.12566370614359174,
            "transform_matrix": [
                [
                    0.8312199115753174,
                    -0.41314321756362915,
                    -0.3720029294490814,
                    -1.4995918273925781
                ],
                [
                    -0.5559438467025757,
                    -0.6177114248275757,
                    -0.5562005043029785,
                    -2.2421159744262695
                ],
                [
                    0.0,
                    0.6691375970840454,
                    -0.7431384921073914,
                    -2.9956870079040527
                ],
                [
                    0.0,
                    0.0,
                    0.0,
                    1.0
                ]
            ]
        },
        {
            "file_path": "/data/shapenet_blender/all_50_random/02958343/b47d993a5e2dd15e3a3aa1d2d3319a4/r_15",
            "rotation": 0.12566370614359174,
            "transform_matrix": [
                [
                    -0.6524108052253723,
                    -0.1366334855556488,
                    0.7454471588134766,
                    3.004993438720703
                ],
                [
                    0.7578654885292053,
                    -0.11762135475873947,
                    0.6417204141616821,
                    2.586857557296753
                ],
                [
                    7.4505797087454084e-09,
                    0.9836139678955078,
                    0.18028727173805237,
                    0.7267612218856812
                ],
                [
                    0.0,
                    0.0,
                    0.0,
                    1.0
                ]
            ]
        },
        {
            "file_path": "/data/shapenet_blender/all_50_random/02958343/b47d993a5e2dd15e3a3aa1d2d3319a4/r_16",
            "rotation": 0.12566370614359174,
            "transform_matrix": [
                [
                    -0.7524657845497131,
                    0.6153720021247864,
                    0.23476073145866394,
                    0.9463508129119873
                ],
                [
                    0.6586315035820007,
                    0.7030431032180786,
                    0.26820671558380127,
                    1.0811759233474731
                ],
                [
                    1.4901162970204496e-08,
                    0.35643714666366577,
                    -0.9343191981315613,
                    -3.7663614749908447
                ],
                [
                    0.0,
                    0.0,
                    0.0,
                    1.0
                ]
            ]
        },
        {
            "file_path": "/data/shapenet_blender/all_50_random/02958343/b47d993a5e2dd15e3a3aa1d2d3319a4/r_17",
            "rotation": 0.12566370614359174,
            "transform_matrix": [
                [
                    -0.6419982314109802,
                    -0.5411456227302551,
                    0.5431387424468994,
                    2.189462184906006
                ],
                [
                    0.7667061686515808,
                    -0.45312604308128357,
                    0.4547949731349945,
                    1.8333371877670288
                ],
                [
                    0.0,
                    0.7084052562713623,
                    0.7058058381080627,
                    2.8451943397521973
                ],
                [
                    0.0,
                    0.0,
                    0.0,
                    1.0
                ]
            ]
        },
        {
            "file_path": "/data/shapenet_blender/all_50_random/02958343/b47d993a5e2dd15e3a3aa1d2d3319a4/r_18",
            "rotation": 0.12566370614359174,
            "transform_matrix": [
                [
                    0.9983506202697754,
                    0.03329165279865265,
                    -0.046774253249168396,
                    -0.1885530650615692
                ],
                [
                    -0.05741224065423012,
                    0.5789138674736023,
                    -0.8133649230003357,
                    -3.2787790298461914
                ],
                [
                    0.0,
                    0.8147088289260864,
                    0.5798702836036682,
                    2.3375320434570312
                ],
                [
                    0.0,
                    0.0,
                    0.0,
                    1.0
                ]
            ]
        },
        {
            "file_path": "/data/shapenet_blender/all_50_random/02958343/b47d993a5e2dd15e3a3aa1d2d3319a4/r_19",
            "rotation": 0.12566370614359174,
            "transform_matrix": [
                [
                    0.7315559983253479,
                    0.3179243206977844,
                    0.6031168103218079,
                    2.431241512298584
                ],
                [
                    0.6817812919616699,
                    -0.3411349952220917,
                    -0.6471484899520874,
                    -2.608738899230957
                ],
                [
                    0.0,
                    0.8846191167831421,
                    -0.46631425619125366,
                    -1.8797729015350342
                ],
                [
                    0.0,
                    0.0,
                    0.0,
                    1.0
                ]
            ]
        },
        {
            "file_path": "/data/shapenet_blender/all_50_random/02958343/b47d993a5e2dd15e3a3aa1d2d3319a4/r_20",
            "rotation": 0.12566370614359174,
            "transform_matrix": [
                [
                    0.6942903399467468,
                    -0.11677256971597672,
                    0.7101585268974304,
                    2.8627405166625977
                ],
                [
                    0.7196950316429138,
                    0.11265058815479279,
                    -0.6850904822349548,
                    -2.761687994003296
                ],
                [
                    0.0,
                    0.9867491722106934,
                    0.16225287318229675,
                    0.6540622711181641
                ],
                [
                    0.0,
                    0.0,
                    0.0,
                    1.0
                ]
            ]
        },
        {
            "file_path": "/data/shapenet_blender/all_50_random/02958343/b47d993a5e2dd15e3a3aa1d2d3319a4/r_21",
            "rotation": 0.12566370614359174,
            "transform_matrix": [
                [
                    -0.9342583417892456,
                    0.005627394188195467,
                    0.35655245184898376,
                    1.43730890750885
                ],
                [
                    0.35659685730934143,
                    0.014743371866643429,
                    0.934141993522644,
                    3.7656469345092773
                ],
                [
                    -4.656612873077393e-10,
                    0.9998754858970642,
                    -0.015780827030539513,
                    -0.06361454725265503
                ],
                [
                    0.0,
                    0.0,
                    0.0,
                    1.0
                ]
            ]
        },
        {
            "file_path": "/data/shapenet_blender/all_50_random/02958343/b47d993a5e2dd15e3a3aa1d2d3319a4/r_22",
            "rotation": 0.12566370614359174,
            "transform_matrix": [
                [
                    0.7163927555084229,
                    -0.1574466973543167,
                    -0.6796998977661133,
                    -2.739957809448242
                ],
                [
                    -0.6976972222328186,
                    -0.1616656333208084,
                    -0.6979131698608398,
                    -2.813378095626831
                ],
                [
                    7.450580596923828e-09,
                    0.9742047190666199,
                    -0.22566619515419006,
                    -0.9096895456314087
                ],
                [
                    0.0,
                    0.0,
                    0.0,
                    1.0
                ]
            ]
        },
        {
            "file_path": "/data/shapenet_blender/all_50_random/02958343/b47d993a5e2dd15e3a3aa1d2d3319a4/r_23",
            "rotation": 0.12566370614359174,
            "transform_matrix": [
                [
                    0.6765069961547852,
                    -0.13763311505317688,
                    0.7234606742858887,
                    2.91636323928833
                ],
                [
                    0.736436128616333,
                    0.1264328956604004,
                    -0.6645874381065369,
                    -2.679037570953369
                ],
                [
                    7.450580596923828e-09,
                    0.9823806881904602,
                    0.18689073622226715,
                    0.7533806562423706
                ],
                [
                    0.0,
                    0.0,
                    0.0,
                    1.0
                ]
            ]
        },
        {
            "file_path": "/data/shapenet_blender/all_50_random/02958343/b47d993a5e2dd15e3a3aa1d2d3319a4/r_24",
            "rotation": 0.12566370614359174,
            "transform_matrix": [
                [
                    0.9009423851966858,
                    0.03520328551530838,
                    -0.4325084686279297,
                    -1.7434974908828735
                ],
                [
                    -0.4339388310909271,
                    0.07308895140886307,
                    -0.8979727029800415,
                    -3.6198439598083496
                ],
                [
                    0.0,
                    0.9967038035392761,
                    0.08112500607967377,
                    0.3270253837108612
                ],
                [
                    0.0,
                    0.0,
                    0.0,
                    1.0
                ]
            ]
        },
        {
            "file_path": "/data/shapenet_blender/all_50_random/02958343/b47d993a5e2dd15e3a3aa1d2d3319a4/r_25",
            "rotation": 0.12566370614359174,
            "transform_matrix": [
                [
                    -0.8674989938735962,
                    -0.4783872067928314,
                    -0.13634896278381348,
                    -0.5496401786804199
                ],
                [
                    -0.4974387288093567,
                    0.8342744708061218,
                    0.23778323829174042,
                    0.9585347771644592
                ],
                [
                    0.0,
                    0.27410197257995605,
                    -0.9617006778717041,
                    -3.876739025115967
                ],
                [
                    0.0,
                    0.0,
                    0.0,
                    1.0
                ]
            ]
        },
        {
            "file_path": "/data/shapenet_blender/all_50_random/02958343/b47d993a5e2dd15e3a3aa1d2d3319a4/r_26",
            "rotation": 0.12566370614359174,
            "transform_matrix": [
                [
                    -0.28646180033683777,
                    -0.39259228110313416,
                    -0.8739627003669739,
                    -3.5230565071105957
                ],
                [
                    -0.958091676235199,
                    0.1173819750547409,
                    0.26130789518356323,
                    1.05336594581604
                ],
                [
                    0.0,
                    0.9121912717819214,
                    -0.4097647964954376,
                    -1.6518148183822632
                ],
                [
                    0.0,
                    0.0,
                    0.0,
                    1.0
                ]
            ]
        },
        {
            "file_path": "/data/shapenet_blender/all_50_random/02958343/b47d993a5e2dd15e3a3aa1d2d3319a4/r_27",
            "rotation": 0.12566370614359174,
            "transform_matrix": [
                [
                    0.21516680717468262,
                    0.21906837821006775,
                    -0.9516891241073608,
                    -3.836381673812866
                ],
                [
                    -0.9765774011611938,
                    0.04826677590608597,
                    -0.20968322455883026,
                    -0.8452601432800293
                ],
                [
                    0.0,
                    0.974514901638031,
                    0.2243226170539856,
                    0.9042733907699585
                ],
                [
                    0.0,
                    0.0,
                    0.0,
                    1.0
                ]
            ]
        },
        {
            "file_path": "/data/shapenet_blender/all_50_random/02958343/b47d993a5e2dd15e3a3aa1d2d3319a4/r_28",
            "rotation": 0.12566370614359174,
            "transform_matrix": [
                [
                    0.007311144378036261,
                    -0.6450865268707275,
                    0.764074444770813,
                    3.080082654953003
                ],
                [
                    0.9999732971191406,
                    0.004716446623206139,
                    -0.005586407613009214,
                    -0.02251952886581421
                ],
                [
                    0.0,
                    0.7640947699546814,
                    0.6451038718223572,
                    2.600496768951416
                ],
                [
                    0.0,
                    0.0,
                    0.0,
                    1.0
                ]
            ]
        },
        {
            "file_path": "/data/shapenet_blender/all_50_random/02958343/b47d993a5e2dd15e3a3aa1d2d3319a4/r_29",
            "rotation": 0.12566370614359174,
            "transform_matrix": [
                [
                    0.9439719915390015,
                    -0.020091183483600616,
                    -0.32941368222236633,
                    -1.327908992767334
                ],
                [
                    -0.330025851726532,
                    -0.05746676027774811,
                    -0.9422210454940796,
                    -3.7982144355773926
                ],
                [
                    0.0,
                    0.9981451630592346,
                    -0.060877617448568344,
                    -0.24540552496910095
                ],
                [
                    0.0,
                    0.0,
                    0.0,
                    1.0
                ]
            ]
        },
        {
            "file_path": "/data/shapenet_blender/all_50_random/02958343/b47d993a5e2dd15e3a3aa1d2d3319a4/r_30",
            "rotation": 0.12566370614359174,
            "transform_matrix": [
                [
                    -0.7668902277946472,
                    0.13331900537014008,
                    0.627778172492981,
                    2.5306546688079834
                ],
                [
                    0.6417782306671143,
                    0.15930896997451782,
                    0.750160813331604,
                    3.0239949226379395
                ],
                [
                    7.450580596923828e-09,
                    0.97818523645401,
                    -0.20773375034332275,
                    -0.8374015092849731
                ],
                [
                    0.0,
                    0.0,
                    0.0,
                    1.0
                ]
            ]
        },
        {
            "file_path": "/data/shapenet_blender/all_50_random/02958343/b47d993a5e2dd15e3a3aa1d2d3319a4/r_31",
            "rotation": 0.12566370614359174,
            "transform_matrix": [
                [
                    0.42145222425460815,
                    0.3296874165534973,
                    -0.8447983264923096,
                    -3.4054908752441406
                ],
                [
                    -0.9068506360054016,
                    0.15321983397006989,
                    -0.39261388778686523,
                    -1.5826772451400757
                ],
                [
                    0.0,
                    0.9315739870071411,
                    0.3635520339012146,
                    1.4655251502990723
                ],
                [
                    0.0,
                    0.0,
                    0.0,
                    1.0
                ]
            ]
        },
        {
            "file_path": "/data/shapenet_blender/all_50_random/02958343/b47d993a5e2dd15e3a3aa1d2d3319a4/r_32",
            "rotation": 0.12566370614359174,
            "transform_matrix": [
                [
                    0.9321649074554443,
                    0.135914146900177,
                    0.33555319905281067,
                    1.3526581525802612
                ],
                [
                    0.3620339632034302,
                    -0.3499516546726227,
                    -0.8639822006225586,
                    -3.482823610305786
                ],
                [
                    -7.450580596923828e-09,
                    0.9268555045127869,
                    -0.37541818618774414,
                    -1.5133590698242188
                ],
                [
                    0.0,
                    0.0,
                    0.0,
                    1.0
                ]
            ]
        },
        {
            "file_path": "/data/shapenet_blender/all_50_random/02958343/b47d993a5e2dd15e3a3aa1d2d3319a4/r_33",
            "rotation": 0.12566370614359174,
            "transform_matrix": [
                [
                    0.3194139897823334,
                    -0.4550507962703705,
                    0.8312059044837952,
                    3.350698709487915
                ],
                [
                    0.9476152658462524,
                    0.15338461101055145,
                    -0.28017574548721313,
                    -1.1294246912002563
                ],
                [
                    0.0,
                    0.877155601978302,
                    0.4802061915397644,
                    1.9357733726501465
                ],
                [
                    0.0,
                    0.0,
                    0.0,
                    1.0
                ]
            ]
        },
        {
            "file_path": "/data/shapenet_blender/all_50_random/02958343/b47d993a5e2dd15e3a3aa1d2d3319a4/r_34",
            "rotation": 0.12566370614359174,
            "transform_matrix": [
                [
                    0.5203002095222473,
                    -0.03270186483860016,
                    -0.8533570170402527,
                    -3.4399921894073486
                ],
                [
                    -0.8539833426475525,
                    -0.01992402784526348,
                    -0.5199186205863953,
                    -2.0958590507507324
                ],
                [
                    0.0,
                    0.9992666244506836,
                    -0.038293324410915375,
                    -0.15436533093452454
                ],
                [
                    0.0,
                    0.0,
                    0.0,
                    1.0
                ]
            ]
        },
        {
            "file_path": "/data/shapenet_blender/all_50_random/02958343/b47d993a5e2dd15e3a3aa1d2d3319a4/r_35",
            "rotation": 0.12566370614359174,
            "transform_matrix": [
                [
                    0.1269596517086029,
                    -0.6461399793624878,
                    -0.7525850534439087,
                    -3.0337674617767334
                ],
                [
                    -0.9919078946113586,
                    -0.08270294964313507,
                    -0.09632743149995804,
                    -0.3883082866668701
                ],
                [
                    0.0,
                    0.7587248086929321,
                    -0.6514112949371338,
                    -2.625922918319702
                ],
                [
                    0.0,
                    0.0,
                    0.0,
                    1.0
                ]
            ]
        },
        {
            "file_path": "/data/shapenet_blender/all_50_random/02958343/b47d993a5e2dd15e3a3aa1d2d3319a4/r_36",
            "rotation": 0.12566370614359174,
            "transform_matrix": [
                [
                    0.46942999958992004,
                    -0.15080814063549042,
                    -0.869995653629303,
                    -3.5070645809173584
                ],
                [
                    -0.8829697370529175,
                    -0.08017700165510178,
                    -0.4625323414802551,
                    -1.8645274639129639
                ],
                [
                    0.0,
                    0.9853062033653259,
                    -0.17079651355743408,
                    -0.6885027885437012
                ],
                [
                    0.0,
                    0.0,
                    0.0,
                    1.0
                ]
            ]
        },
        {
            "file_path": "/data/shapenet_blender/all_50_random/02958343/b47d993a5e2dd15e3a3aa1d2d3319a4/r_37",
            "rotation": 0.12566370614359174,
            "transform_matrix": [
                [
                    -0.9122158885002136,
                    -0.05440276488661766,
                    0.40608206391334534,
                    1.6369693279266357
                ],
                [
                    0.4097100794315338,
                    -0.12112727761268616,
                    0.9041381478309631,
                    3.644697666168213
                ],
                [
                    0.0,
                    0.9911450147628784,
                    0.13278357684612274,
                    0.5352677702903748
                ],
                [
                    0.0,
                    0.0,
                    0.0,
                    1.0
                ]
            ]
        },
        {
            "file_path": "/data/shapenet_blender/all_50_random/02958343/b47d993a5e2dd15e3a3aa1d2d3319a4/r_38",
            "rotation": 0.12566370614359174,
            "transform_matrix": [
                [
                    -0.35503941774368286,
                    0.8102564811706543,
                    0.4662955701351166,
                    1.8796974420547485
                ],
                [
                    0.9348512887954712,
                    0.3077205717563629,
                    0.17709049582481384,
                    0.7138745784759521
                ],
                [
                    -1.4901158529312397e-08,
                    0.4987911581993103,
                    -0.8667222261428833,
                    -3.493868827819824
                ],
                [
                    0.0,
                    0.0,
                    0.0,
                    1.0
                ]
            ]
        },
        {
            "file_path": "/data/shapenet_blender/all_50_random/02958343/b47d993a5e2dd15e3a3aa1d2d3319a4/r_39",
            "rotation": 0.12566370614359174,
            "transform_matrix": [
                [
                    0.1885303556919098,
                    -0.45224177837371826,
                    0.8717417120933533,
                    3.5141031742095947
                ],
                [
                    0.9820674657821655,
                    0.086818166077137,
                    -0.16735079884529114,
                    -0.6746126413345337
                ],
                [
                    7.450581485102248e-09,
                    0.8876597285270691,
                    0.4604997932910919,
                    1.8563340902328491
                ],
                [
                    0.0,
                    0.0,
                    0.0,
                    1.0
                ]
            ]
        },
        {
            "file_path": "/data/shapenet_blender/all_50_random/02958343/b47d993a5e2dd15e3a3aa1d2d3319a4/r_40",
            "rotation": 0.12566370614359174,
            "transform_matrix": [
                [
                    0.1556614339351654,
                    -0.13410919904708862,
                    -0.9786644577980042,
                    -3.945122718811035
                ],
                [
                    -0.9878105521202087,
                    -0.021133234724402428,
                    -0.15422017872333527,
                    -0.6216814517974854
                ],
                [
                    -1.862645593320167e-09,
                    0.9907411336898804,
                    -0.13576410710811615,
                    -0.5472826361656189
                ],
                [
                    0.0,
                    0.0,
                    0.0,
                    1.0
                ]
            ]
        },
        {
            "file_path": "/data/shapenet_blender/all_50_random/02958343/b47d993a5e2dd15e3a3aa1d2d3319a4/r_41",
            "rotation": 0.12566370614359174,
            "transform_matrix": [
                [
                    0.8831830024719238,
                    0.3836979269981384,
                    -0.26974764466285706,
                    -1.0873875617980957
                ],
                [
                    -0.4690287113189697,
                    0.7225048542022705,
                    -0.5079360008239746,
                    -2.047555446624756
                ],
                [
                    0.0,
                    0.5751197338104248,
