{
    "class": "02958343",
    "model": "2f7cf2c2d170e3c936f37029483b3e41",
    "remove_doubles": true,
    "edge_split": true,
    "denoise": true,
    "camera_angle_x": 0.6911112070083618,
    "scale_factor": 2.304662516624175,
    "hdri_file": "/data/IndoorHDRDataset2018/9C4A0694-b2fadef894.exr",
    "center_offset": [
        0.0,
        -1.862645149230957e-09,
        0.0
    ],
    "lights": [],
    "frames": [
        {
            "file_path": "/data/shapenet_blender/all_50_random/02958343/2f7cf2c2d170e3c936f37029483b3e41/r_0",
            "rotation": 0.12566370614359174,
            "transform_matrix": [
                [
                    -0.998816967010498,
                    -0.01673169620335102,
                    -0.045661117881536484,
                    -0.18406584858894348
                ],
                [
                    -0.04863011837005615,
                    0.3436533510684967,
                    0.9378365874290466,
                    3.7805399894714355
                ],
                [
                    0.0,
                    0.938947319984436,
                    -0.3440604507923126,
                    -1.3869520425796509
                ],
                [
                    0.0,
                    0.0,
                    0.0,
                    1.0
                ]
            ]
        },
        {
            "file_path": "/data/shapenet_blender/all_50_random/02958343/2f7cf2c2d170e3c936f37029483b3e41/r_1",
            "rotation": 0.12566370614359174,
            "transform_matrix": [
                [
                    -0.3286195993423462,
                    -0.3916461765766144,
                    -0.8594314455986023,
                    -3.4644789695739746
                ],
                [
                    -0.9444623589515686,
                    0.13627076148986816,
                    0.29903364181518555,
                    1.2054431438446045
                ],
                [
                    -7.450580596923828e-09,
                    0.9099690318107605,
                    -0.4146762490272522,
                    -1.6716134548187256
                ],
                [
                    0.0,
                    0.0,
                    0.0,
                    1.0
                ]
            ]
        },
        {
            "file_path": "/data/shapenet_blender/all_50_random/02958343/2f7cf2c2d170e3c936f37029483b3e41/r_2",
            "rotation": 0.12566370614359174,
            "transform_matrix": [
                [
                    0.9956150054931641,
                    0.05369378998875618,
                    0.07660165429115295,
                    0.3087911605834961
                ],
                [
                    0.09354591369628906,
                    -0.571466326713562,
                    -0.8152761459350586,
                    -3.2864835262298584
                ],
                [
                    3.725290742551124e-09,
                    0.818867027759552,
                    -0.5739831924438477,
                    -2.313800573348999
                ],
                [
                    0.0,
                    0.0,
                    0.0,
                    1.0
                ]
            ]
        },
        {
            "file_path": "/data/shapenet_blender/all_50_random/02958343/2f7cf2c2d170e3c936f37029483b3e41/r_3",
            "rotation": 0.12566370614359174,
            "transform_matrix": [
                [
                    0.6702200174331665,
                    -0.020456992089748383,
                    -0.741880476474762,
                    -2.9906158447265625
                ],
                [
                    -0.7421624660491943,
                    -0.018473966047167778,
                    -0.6699653267860413,
                    -2.700716733932495
                ],
                [
                    0.0,
                    0.9996200203895569,
                    -0.02756403386592865,
                    -0.11111417412757874
                ],
                [
                    0.0,
                    0.0,
                    0.0,
                    1.0
                ]
            ]
        },
        {
            "file_path": "/data/shapenet_blender/all_50_random/02958343/2f7cf2c2d170e3c936f37029483b3e41/r_4",
            "rotation": 0.12566370614359174,
            "transform_matrix": [
                [
                    0.6734203100204468,
                    0.6481457948684692,
                    -0.355544775724411,
                    -1.4332469701766968
                ],
                [
                    -0.7392597198486328,
                    0.5904210209846497,
                    -0.3238794505596161,
                    -1.3055999279022217
                ],
                [
                    0.0,
                    0.48094695806503296,
                    0.876749575138092,
                    3.5342907905578613
                ],
                [
                    0.0,
                    0.0,
                    0.0,
                    1.0
                ]
            ]
        },
        {
            "file_path": "/data/shapenet_blender/all_50_random/02958343/2f7cf2c2d170e3c936f37029483b3e41/r_5",
            "rotation": 0.12566370614359174,
            "transform_matrix": [
                [
                    0.7468334436416626,
                    -0.04678933694958687,
                    -0.6633631587028503,
                    -2.6741020679473877
                ],
                [
                    -0.6650111079216003,
                    -0.05254625156521797,
                    -0.7449826598167419,
                    -3.0031208992004395
                ],
                [
                    -3.7252896323280993e-09,
                    0.9975217580795288,
                    -0.07035873830318451,
                    -0.28362512588500977
                ],
                [
                    0.0,
                    0.0,
                    0.0,
                    1.0
                ]
            ]
        },
        {
            "file_path": "/data/shapenet_blender/all_50_random/02958343/2f7cf2c2d170e3c936f37029483b3e41/r_6",
            "rotation": 0.12566370614359174,
            "transform_matrix": [
                [
                    -0.3213113248348236,
                    -0.47916826605796814,
                    -0.8167965412139893,
                    -3.292612314224243
                ],
                [
                    -0.9469735622406006,
                    0.16258342564105988,
                    0.27714183926582336,
                    1.117194652557373
                ],
                [
                    0.0,
                    0.8625335097312927,
                    -0.5059996247291565,
                    -2.03974986076355
                ],
                [
                    0.0,
                    0.0,
                    0.0,
                    1.0
                ]
            ]
        },
        {
            "file_path": "/data/shapenet_blender/all_50_random/02958343/2f7cf2c2d170e3c936f37029483b3e41/r_7",
            "rotation": 0.12566370614359174,
            "transform_matrix": [
                [
                    -0.9524043798446655,
                    -0.06814472377300262,
                    -0.2971233129501343,
                    -1.1977424621582031
                ],
                [
                    -0.3048376441001892,
                    0.21290460228919983,
                    0.928302526473999,
                    3.742107391357422
                ],
                [
                    0.0,
                    0.9746938347816467,
                    -0.22354434430599213,
                    -0.9011361598968506
                ],
                [
                    0.0,
                    0.0,
                    0.0,
                    1.0
                ]
            ]
        },
        {
            "file_path": "/data/shapenet_blender/all_50_random/02958343/2f7cf2c2d170e3c936f37029483b3e41/r_8",
            "rotation": 0.12566370614359174,
            "transform_matrix": [
                [
                    -0.3829209804534912,
                    0.7529463768005371,
                    -0.5352039337158203,
                    -2.1574759483337402
                ],
                [
                    -0.9237810373306274,
                    -0.31210753321647644,
                    0.22185000777244568,
                    0.8943060040473938
                ],
                [
                    -2.9802318834981634e-08,
                    0.5793622732162476,
                    0.8150701522827148,
                    3.2856528759002686
                ],
                [
                    0.0,
                    0.0,
                    0.0,
                    1.0
                ]
            ]
        },
        {
            "file_path": "/data/shapenet_blender/all_50_random/02958343/2f7cf2c2d170e3c936f37029483b3e41/r_9",
            "rotation": 0.12566370614359174,
            "transform_matrix": [
                [
                    -0.30987972021102905,
                    -0.138118714094162,
                    -0.9406901001930237,
                    -3.7920429706573486
                ],
                [
                    -0.9507758617401123,
                    0.04501606523990631,
                    0.30659252405166626,
                    1.2359139919281006
                ],
                [
                    3.725290742551124e-09,
                    0.989392101764679,
                    -0.145269513130188,
                    -0.5856001377105713
                ],
                [
                    0.0,
                    0.0,
                    0.0,
                    1.0
                ]
            ]
        },
        {
            "file_path": "/data/shapenet_blender/all_50_random/02958343/2f7cf2c2d170e3c936f37029483b3e41/r_10",
            "rotation": 0.12566370614359174,
            "transform_matrix": [
                [
                    -0.7605435252189636,
                    -0.27074548602104187,
                    0.5901443958282471,
                    2.378948211669922
                ],
                [
                    0.6492869257926941,
                    -0.3171382248401642,
                    0.6912667155265808,
                    2.7865853309631348
                ],
                [
                    0.0,
                    0.9089115262031555,
                    0.41698890924453735,
                    1.6809360980987549
                ],
                [
                    0.0,
                    0.0,
                    0.0,
                    1.0
                ]
            ]
        },
        {
            "file_path": "/data/shapenet_blender/all_50_random/02958343/2f7cf2c2d170e3c936f37029483b3e41/r_11",
            "rotation": 0.12566370614359174,
            "transform_matrix": [
                [
                    -0.17118099331855774,
                    -0.0478697307407856,
                    -0.9840760827064514,
                    -3.9669370651245117
                ],
                [
                    -0.9852396249771118,
                    0.008317152969539165,
                    0.170978844165802,
                    0.6892377138137817
                ],
                [
                    0.0,
                    0.9988189339637756,
                    -0.0485868975520134,
                    -0.19586002826690674
                ],
                [
                    0.0,
                    0.0,
                    0.0,
                    1.0
                ]
            ]
        },
        {
            "file_path": "/data/shapenet_blender/all_50_random/02958343/2f7cf2c2d170e3c936f37029483b3e41/r_12",
            "rotation": 0.12566370614359174,
            "transform_matrix": [
                [
                    0.899789571762085,
                    0.05027420446276665,
                    -0.4334178566932678,
                    -1.7471634149551392
                ],
                [
                    -0.4363239109516144,
                    0.1036757379770279,
                    -0.8937967419624329,
                    -3.6030101776123047
                ],
                [
                    -3.725290076417309e-09,
                    0.9933397769927979,
                    0.11522218585014343,
                    0.46447551250457764
                ],
                [
                    0.0,
                    0.0,
                    0.0,
                    1.0
                ]
            ]
        },
        {
            "file_path": "/data/shapenet_blender/all_50_random/02958343/2f7cf2c2d170e3c936f37029483b3e41/r_13",
            "rotation": 0.12566370614359174,
            "transform_matrix": [
                [
                    0.9348517656326294,
                    0.22631651163101196,
                    0.2735563814640045,
                    1.102741003036499
                ],
                [
                    0.35503843426704407,
                    -0.5959140658378601,
                    -0.7203013896942139,
                    -2.903627872467041
                ],
                [
                    0.0,
                    0.7704980969429016,
                    -0.6374423503875732,
                    -2.5696122646331787
                ],
                [
                    0.0,
                    0.0,
                    0.0,
                    1.0
                ]
            ]
        },
        {
            "file_path": "/data/shapenet_blender/all_50_random/02958343/2f7cf2c2d170e3c936f37029483b3e41/r_14",
            "rotation": 0.12566370614359174,
            "transform_matrix": [
                [
                    0.583452045917511,
                    0.14472796022891998,
                    0.7991479635238647,
                    3.221468448638916
                ],
                [
                    0.8121476173400879,
                    -0.10397350788116455,
                    -0.5741130709648132,
                    -2.314323902130127
                ],
                [
                    0.0,
                    0.9839934706687927,
                    -0.17820404469966888,
                    -0.7183634638786316
                ],
                [
                    0.0,
                    0.0,
                    0.0,
                    1.0
                ]
            ]
        },
        {
            "file_path": "/data/shapenet_blender/all_50_random/02958343/2f7cf2c2d170e3c936f37029483b3e41/r_15",
            "rotation": 0.12566370614359174,
            "transform_matrix": [
                [
                    -0.6067127585411072,
                    0.7297220230102539,
                    0.31528598070144653,
                    1.270958423614502
                ],
                [
                    0.7949211597442627,
                    0.5569504499435425,
                    0.24063776433467865,
                    0.9700418710708618
                ],
                [
                    1.4901161193847656e-08,
                    0.39662548899650574,
                    -0.9179804921150208,
                    -3.700497627258301
                ],
                [
                    0.0,
                    0.0,
                    0.0,
                    1.0
                ]
            ]
        },
        {
            "file_path": "/data/shapenet_blender/all_50_random/02958343/2f7cf2c2d170e3c936f37029483b3e41/r_16",
            "rotation": 0.12566370614359174,
            "transform_matrix": [
                [
                    0.584294855594635,
                    -0.7761934995651245,
                    -0.23690329492092133,
                    -0.9549877047538757
                ],
                [
                    -0.8115415573120117,
                    -0.5588449239730835,
                    -0.17056596279144287,
                    -0.6875733733177185
                ],
                [
                    0.0,
                    0.29191747307777405,
                    -0.9564434885978699,
                    -3.8555469512939453
                ],
                [
                    0.0,
                    0.0,
                    0.0,
                    1.0
                ]
            ]
        },
        {
            "file_path": "/data/shapenet_blender/all_50_random/02958343/2f7cf2c2d170e3c936f37029483b3e41/r_17",
            "rotation": 0.12566370614359174,
            "transform_matrix": [
                [
                    -0.9855234622955322,
                    0.1377597153186798,
                    -0.09882232546806335,
                    -0.3983655571937561
                ],
                [
                    -0.16953934729099274,
                    -0.8007900714874268,
                    0.5744490027427673,
                    2.315678119659424
                ],
                [
                    0.0,
                    0.5828872323036194,
                    0.8125529885292053,
                    3.275506019592285
                ],
                [
                    0.0,
                    0.0,
                    0.0,
                    1.0
                ]
            ]
        },
        {
            "file_path": "/data/shapenet_blender/all_50_random/02958343/2f7cf2c2d170e3c936f37029483b3e41/r_18",
            "rotation": 0.12566370614359174,
            "transform_matrix": [
                [
                    -0.36924752593040466,
                    -0.7804960012435913,
                    -0.504462480545044,
                    -2.0335536003112793
                ],
                [
                    -0.9293311834335327,
                    0.3101114332675934,
                    0.20043611526489258,
                    0.8079838752746582
                ],
                [
                    0.0,
                    0.5428231954574585,
                    -0.8398468494415283,
                    -3.385531187057495
                ],
                [
                    0.0,
                    0.0,
                    0.0,
                    1.0
                ]
            ]
        },
        {
            "file_path": "/data/shapenet_blender/all_50_random/02958343/2f7cf2c2d170e3c936f37029483b3e41/r_19",
            "rotation": 0.12566370614359174,
            "transform_matrix": [
                [
                    -0.23181243240833282,
                    0.08791063725948334,
                    0.9687800407409668,
                    3.9052772521972656
                ],
                [
                    0.9727604985237122,
                    0.020949430763721466,
                    0.23086386919021606,
                    0.9306420087814331
                ],
                [
                    -1.8626450382086546e-09,
                    0.9959080219268799,
                    -0.09037234634160995,
                    -0.3643025755882263
                ],
                [
                    0.0,
                    0.0,
                    0.0,
                    1.0
                ]
            ]
        },
        {
            "file_path": "/data/shapenet_blender/all_50_random/02958343/2f7cf2c2d170e3c936f37029483b3e41/r_20",
            "rotation": 0.12566370614359174,
            "transform_matrix": [
                [
                    -0.9615868926048279,
                    0.09842193126678467,
                    -0.25624966621398926,
                    -1.032975435256958
                ],
                [
                    -0.27450093626976013,
                    -0.34477564692497253,
                    0.8976519703865051,
                    3.6185507774353027
                ],
                [
                    0.0,
                    0.9335110783576965,
                    0.3585486114025116,
                    1.4453556537628174
                ],
                [
                    0.0,
                    0.0,
                    0.0,
                    1.0
                ]
            ]
        },
        {
            "file_path": "/data/shapenet_blender/all_50_random/02958343/2f7cf2c2d170e3c936f37029483b3e41/r_21",
            "rotation": 0.12566370614359174,
            "transform_matrix": [
                [
                    -0.16297006607055664,
                    0.10280732065439224,
                    -0.9812602400779724,
                    -3.9555859565734863
                ],
                [
                    -0.9866311550140381,
                    -0.016981538385152817,
                    0.16208289563655853,
                    0.6533769965171814
                ],
                [
                    -1.862645149230957e-09,
                    0.9945563077926636,
                    0.10420039296150208,
                    0.4200451672077179
                ],
                [
                    0.0,
                    0.0,
                    0.0,
                    1.0
                ]
            ]
        },
        {
            "file_path": "/data/shapenet_blender/all_50_random/02958343/2f7cf2c2d170e3c936f37029483b3e41/r_22",
            "rotation": 0.12566370614359174,
            "transform_matrix": [
                [
                    0.8044793009757996,
                    0.03622718155384064,
                    -0.5928748250007629,
                    -2.3899548053741455
                ],
                [
                    -0.5939806699752808,
                    0.04906560853123665,
                    -0.8029816746711731,
                    -3.2369227409362793
                ],
                [
                    0.0,
                    0.9981383085250854,
                    0.06099051982164383,
                    0.24586065113544464
                ],
                [
                    0.0,
                    0.0,
                    0.0,
                    1.0
                ]
            ]
        },
        {
            "file_path": "/data/shapenet_blender/all_50_random/02958343/2f7cf2c2d170e3c936f37029483b3e41/r_23",
            "rotation": 0.12566370614359174,
            "transform_matrix": [
                [
                    0.8751082420349121,
                    0.19670706987380981,
                    0.44214463233947754,
                    1.7823421955108643
                ],
                [
                    0.48392727971076965,
                    -0.3557145595550537,
                    -0.7995507717132568,
                    -3.223092555999756
                ],
                [
                    0.0,
                    0.9136595129966736,
                    -0.4064805507659912,
                    -1.6385756731033325
                ],
                [
                    0.0,
                    0.0,
                    0.0,
                    1.0
                ]
            ]
        },
        {
            "file_path": "/data/shapenet_blender/all_50_random/02958343/2f7cf2c2d170e3c936f37029483b3e41/r_24",
            "rotation": 0.12566370614359174,
            "transform_matrix": [
                [
                    0.31004568934440613,
                    -0.8280647993087769,
                    -0.46709775924682617,
                    -1.8829313516616821
                ],
                [
                    -0.9507217407226562,
                    -0.27004528045654297,
                    -0.15232811868190765,
                    -0.614054262638092
                ],
                [
                    1.4901162970204496e-08,
                    0.4913085401058197,
                    -0.8709855079650879,
                    -3.5110549926757812
                ],
                [
                    0.0,
                    0.0,
                    0.0,
                    1.0
                ]
            ]
        },
        {
            "file_path": "/data/shapenet_blender/all_50_random/02958343/2f7cf2c2d170e3c936f37029483b3e41/r_25",
            "rotation": 0.12566370614359174,
            "transform_matrix": [
                [
                    0.31809818744659424,
                    0.015628306195139885,
                    0.9479290246963501,
                    3.821223735809326
                ],
                [
                    0.9480578303337097,
                    -0.005243705119937658,
                    -0.3180549740791321,
                    -1.2821204662322998
                ],
                [
                    0.0,
                    0.9998641014099121,
                    -0.01648455299437046,
                    -0.06645134836435318
                ],
                [
                    0.0,
                    0.0,
                    0.0,
                    1.0
                ]
            ]
        },
        {
            "file_path": "/data/shapenet_blender/all_50_random/02958343/2f7cf2c2d170e3c936f37029483b3e41/r_26",
            "rotation": 0.12566370614359174,
            "transform_matrix": [
                [
                    -0.7156287431716919,
                    -0.6260964870452881,
                    -0.30964288115501404,
                    -1.2482104301452637
                ],
                [
                    -0.6984809041023254,
                    0.641467273235321,
                    0.31724467873573303,
                    1.278854250907898
                ],
                [
                    -1.4901161193847656e-08,
                    0.4433090090751648,
                    -0.8963688015937805,
                    -3.6133782863616943
                ],
                [
                    0.0,
                    0.0,
                    0.0,
                    1.0
                ]
            ]
        },
        {
            "file_path": "/data/shapenet_blender/all_50_random/02958343/2f7cf2c2d170e3c936f37029483b3e41/r_27",
            "rotation": 0.12566370614359174,
            "transform_matrix": [
                [
                    0.9742884635925293,
                    -0.21032121777534485,
                    -0.08078965544700623,
                    -0.32567352056503296
                ],
                [
                    -0.22530421614646912,
                    -0.9094971418380737,
                    -0.3493606448173523,
                    -1.4083178043365479
                ],
                [
                    -7.450580596923828e-09,
                    0.3585803508758545,
                    -0.9334988594055176,
                    -3.763054370880127
                ],
                [
                    0.0,
                    0.0,
                    0.0,
                    1.0
                ]
            ]
        },
        {
            "file_path": "/data/shapenet_blender/all_50_random/02958343/2f7cf2c2d170e3c936f37029483b3e41/r_28",
            "rotation": 0.12566370614359174,
            "transform_matrix": [
                [
                    0.9408339858055115,
                    0.20725440979003906,
                    -0.2680990695953369,
                    -1.0807418823242188
                ],
                [
                    -0.33886799216270447,
                    0.5754216909408569,
                    -0.7443509697914124,
                    -3.000574827194214
                ],
                [
                    0.0,
                    0.7911607623100281,
                    0.6116081476211548,
                    2.4654712677001953
                ],
                [
                    0.0,
                    0.0,
                    0.0,
                    1.0
                ]
            ]
        },
        {
            "file_path": "/data/shapenet_blender/all_50_random/02958343/2f7cf2c2d170e3c936f37029483b3e41/r_29",
            "rotation": 0.12566370614359174,
            "transform_matrix": [
                [
                    0.8908379077911377,
                    -0.3848128914833069,
                    -0.24150998890399933,
                    -0.9735578894615173
                ],
                [
                    -0.4543215036392212,
                    -0.7545446753501892,
                    -0.4735549986362457,
                    -1.908961296081543
                ],
                [
                    0.0,
                    0.5315837860107422,
                    -0.8470056056976318,
                    -3.41438889503479
                ],
                [
                    0.0,
                    0.0,
                    0.0,
                    1.0
                ]
            ]
        },
        {
            "file_path": "/data/shapenet_blender/all_50_random/02958343/2f7cf2c2d170e3c936f37029483b3e41/r_30",
            "rotation": 0.12566370614359174,
            "transform_matrix": [
                [
                    0.766792893409729,
                    0.46499350666999817,
                    -0.44250404834747314,
                    -1.7837908267974854
                ],
                [
                    -0.6418947577476501,
                    0.5554706454277039,
                    -0.5286052227020264,
                    -2.130875825881958
                ],
                [
                    2.980232594040899e-08,
                    0.6893715858459473,
                    0.7244077920913696,
                    2.9201812744140625
                ],
                [
                    0.0,
                    0.0,
                    0.0,
                    1.0
                ]
            ]
        },
        {
            "file_path": "/data/shapenet_blender/all_50_random/02958343/2f7cf2c2d170e3c936f37029483b3e41/r_31",
            "rotation": 0.12566370614359174,
            "transform_matrix": [
                [
                    0.23984165489673615,
                    -0.48948773741722107,
                    -0.8383780717849731,
                    -3.3796095848083496
                ],
                [
                    -0.9708120226860046,
                    -0.12092921882867813,
                    -0.20712348818778992,
                    -0.8349413871765137
                ],
                [
                    0.0,
                    0.8635842204093933,
                    -0.5042045712471008,
                    -2.032513380050659
                ],
                [
                    0.0,
                    0.0,
                    0.0,
                    1.0
                ]
            ]
        },
        {
            "file_path": "/data/shapenet_blender/all_50_random/02958343/2f7cf2c2d170e3c936f37029483b3e41/r_32",
            "rotation": 0.12566370614359174,
            "transform_matrix": [
                [
                    -0.8736902475357056,
                    -3.243982791900635e-05,
                    0.48648276925086975,
                    1.961074709892273
                ],
                [
                    0.4864828288555145,
                    -5.825973494211212e-05,
                    0.873690128326416,
                    3.5219576358795166
                ],
                [
                    0.0,
                    1.0,
                    6.668236892437562e-05,
                    0.00026880521909333766
                ],
                [
                    0.0,
                    0.0,
                    0.0,
                    1.0
                ]
            ]
        },
        {
            "file_path": "/data/shapenet_blender/all_50_random/02958343/2f7cf2c2d170e3c936f37029483b3e41/r_33",
            "rotation": 0.12566370614359174,
            "transform_matrix": [
                [
                    -0.5045243501663208,
                    0.050135936588048935,
                    0.8619405627250671,
                    3.4745936393737793
                ],
                [
                    0.8633975386619568,
                    0.029296817258000374,
                    0.5036729574203491,
                    2.0303707122802734
                ],
                [
                    0.0,
                    0.9983125329017639,
                    -0.05806820094585419,
                    -0.23408040404319763
                ],
                [
                    0.0,
                    0.0,
                    0.0,
                    1.0
                ]
            ]
        },
        {
            "file_path": "/data/shapenet_blender/all_50_random/02958343/2f7cf2c2d170e3c936f37029483b3e41/r_34",
            "rotation": 0.12566370614359174,
            "transform_matrix": [
                [
                    0.6904494762420654,
                    0.3568260371685028,
                    0.6292492747306824,
                    2.5365850925445557
                ],
                [
                    0.7233806252479553,
                    -0.34058189392089844,
                    -0.6006033420562744,
                    -2.421109676361084
                ],
                [
                    0.0,
                    0.8698729276657104,
                    -0.49327564239501953,
                    -1.9884577989578247
                ],
                [
                    0.0,
                    0.0,
                    0.0,
                    1.0
                ]
            ]
        },
        {
            "file_path": "/data/shapenet_blender/all_50_random/02958343/2f7cf2c2d170e3c936f37029483b3e41/r_35",
            "rotation": 0.12566370614359174,
            "transform_matrix": [
                [
                    0.578870415687561,
                    0.038372013717889786,
                    0.8145160675048828,
                    3.283419609069824
                ],
                [
                    0.815419614315033,
                    -0.027240486815571785,
                    -0.5782290697097778,
                    -2.330916166305542
                ],
                [
                    0.0,
                    0.9988921284675598,
                    -0.047057993710041046,
                    -0.18969684839248657
                ],
                [
                    0.0,
                    0.0,
                    0.0,
                    1.0
                ]
            ]
        },
        {
            "file_path": "/data/shapenet_blender/all_50_random/02958343/2f7cf2c2d170e3c936f37029483b3e41/r_36",
            "rotation": 0.12566370614359174,
            "transform_matrix": [
                [
                    -0.999967098236084,
                    -0.0023971276823431253,
                    0.007755778264254332,
                    0.031264543533325195
                ],
                [
                    0.008117779158055782,
                    -0.29528382420539856,
                    0.9553750157356262,
                    3.8512401580810547
                ],
                [
                    0.0,
                    0.9554064869880676,
                    0.29529353976249695,
                    1.190366506576538
                ],
                [
                    0.0,
                    0.0,
                    0.0,
                    1.0
                ]
            ]
        },
        {
            "file_path": "/data/shapenet_blender/all_50_random/02958343/2f7cf2c2d170e3c936f37029483b3e41/r_37",
            "rotation": 0.12566370614359174,
            "transform_matrix": [
                [
                    -0.13733983039855957,
                    -0.1786472201347351,
                    -0.9742806553840637,
                    -3.9274511337280273
                ],
                [
                    -0.9905239343643188,
                    0.024770105257630348,
                    0.13508763909339905,
                    0.5445557236671448
                ],
                [
                    1.862645149230957e-09,
                    0.9836012721061707,
                    -0.18035627901554108,
                    -0.7270394563674927
                ],
                [
                    0.0,
                    0.0,
                    0.0,
                    1.0
                ]
            ]
        },
        {
            "file_path": "/data/shapenet_blender/all_50_random/02958343/2f7cf2c2d170e3c936f37029483b3e41/r_38",
            "rotation": 0.12566370614359174,
            "transform_matrix": [
                [
                    0.9967569708824158,
                    -0.0010520679643377662,
                    -0.08046372979879379,
                    -0.324359655380249
                ],
                [
                    -0.08047060668468475,
                    -0.013031544163823128,
                    -0.9966717958450317,
                    -4.017712593078613
                ],
                [
                    -2.3283061589829401e-10,
                    0.9999145865440369,
                    -0.013073941692709923,
                    -0.05270274356007576
                ],
                [
                    0.0,
                    0.0,
                    0.0,
                    1.0
                ]
            ]
        },
        {
            "file_path": "/data/shapenet_blender/all_50_random/02958343/2f7cf2c2d170e3c936f37029483b3e41/r_39",
            "rotation": 0.12566370614359174,
            "transform_matrix": [
                [
                    -0.9885810613632202,
                    0.05113225057721138,
                    0.1417495608329773,
                    0.5714108347892761
                ],
                [
                    0.15068989992141724,
                    0.3354463279247284,
                    0.9299291968345642,
                    3.748664617538452
                ],
                [
                    0.0,
                    0.9406706690788269,
                    -0.33932098746299744,
                    -1.3678467273712158
                ],
                [
                    0.0,
                    0.0,
                    0.0,
                    1.0
                ]
            ]
        },
        {
            "file_path": "/data/shapenet_blender/all_50_random/02958343/2f7cf2c2d170e3c936f37029483b3e41/r_40",
            "rotation": 0.12566370614359174,
            "transform_matrix": [
                [
                    -0.006433878093957901,
                    -0.6032273173332214,
                    0.7975433468818665,
                    3.2150001525878906
                ],
                [
                    0.9999793767929077,
                    -0.0038811711128801107,
                    0.0051314025186002254,
                    0.0206853449344635
                ],
                [
                    0.0,
                    0.7975598573684692,
                    0.6032397747039795,
                    2.4317374229431152
                ],
                [
                    0.0,
                    0.0,
                    0.0,
                    1.0
                ]
            ]
        },
        {
            "file_path": "/data/shapenet_blender/all_50_random/02958343/2f7cf2c2d170e3c936f37029483b3e41/r_41",
            "rotation": 0.12566370614359174,
            "transform_matrix": [
                [
                    0.7999399900436401,
                    0.576184868812561,
                    -0.16765132546424866,
                    -0.6758241057395935
                ],
                [
                    -0.6000800132751465,
                    0.7680864930152893,
                    -0.22348852455615997,
                    -0.9009110331535339
                ],
                [
                    0.0,
