{
    "class": "02958343",
    "model": "53c118280e60df0bd2350421a9405ba",
    "remove_doubles": true,
    "edge_split": true,
    "denoise": true,
    "camera_angle_x": 0.6911112070083618,
    "scale_factor": 2.836702504718407,
    "hdri_file": "/data/IndoorHDRDataset2018/9C4A1654-5c2a973161.exr",
    "center_offset": [
        0.0,
        9.313225746154785e-10,
        0.0
    ],
    "lights": [],
    "frames": [
        {
            "file_path": "/data/shapenet_blender/all_50_random/02958343/53c118280e60df0bd2350421a9405ba/r_0",
            "rotation": 0.12566370614359174,
            "transform_matrix": [
                [
                    0.5122822523117065,
                    -0.07013008743524551,
                    0.8559489846229553,
                    3.4504406452178955
                ],
                [
                    0.8588171601295471,
                    0.041832420974969864,
                    -0.5105713605880737,
                    -2.0581789016723633
                ],
                [
                    -3.725290298461914e-09,
                    0.9966602325439453,
                    0.08165893703699112,
                    0.32917770743370056
                ],
                [
                    0.0,
                    0.0,
                    0.0,
                    1.0
                ]
            ]
        },
        {
            "file_path": "/data/shapenet_blender/all_50_random/02958343/53c118280e60df0bd2350421a9405ba/r_1",
            "rotation": 0.12566370614359174,
            "transform_matrix": [
                [
                    -0.47952333092689514,
                    0.2698087990283966,
                    -0.8350213170051575,
                    -3.3660786151885986
                ],
                [
                    -0.8775292038917542,
                    -0.1474362462759018,
                    0.456294983625412,
                    1.8393839597702026
                ],
                [
                    0.0,
                    0.9515595436096191,
                    0.30746424198150635,
                    1.2394280433654785
                ],
                [
                    0.0,
                    0.0,
                    0.0,
                    1.0
                ]
            ]
        },
        {
            "file_path": "/data/shapenet_blender/all_50_random/02958343/53c118280e60df0bd2350421a9405ba/r_2",
            "rotation": 0.12566370614359174,
            "transform_matrix": [
                [
                    0.8732328414916992,
                    0.18040752410888672,
                    -0.45267829298973083,
                    -1.8248045444488525
                ],
                [
                    -0.48730337619781494,
                    0.3232848048210144,
                    -0.8111857771873474,
                    -3.2699944972991943
                ],
                [
                    0.0,
                    0.9289456605911255,
                    0.37021604180336,
                    1.4923886060714722
                ],
                [
                    0.0,
                    0.0,
                    0.0,
                    1.0
                ]
            ]
        },
        {
            "file_path": "/data/shapenet_blender/all_50_random/02958343/53c118280e60df0bd2350421a9405ba/r_3",
            "rotation": 0.12566370614359174,
            "transform_matrix": [
                [
                    -0.4281253218650818,
                    -0.17424267530441284,
                    -0.8867627382278442,
                    -3.574655055999756
                ],
                [
                    -0.9037193655967712,
                    0.082545205950737,
                    0.4200923442840576,
                    1.693446397781372
                ],
                [
                    0.0,
                    0.9812368154525757,
                    -0.1928061842918396,
                    -0.7772265672683716
                ],
                [
                    0.0,
                    0.0,
                    0.0,
                    1.0
                ]
            ]
        },
        {
            "file_path": "/data/shapenet_blender/all_50_random/02958343/53c118280e60df0bd2350421a9405ba/r_4",
            "rotation": 0.12566370614359174,
            "transform_matrix": [
                [
                    -0.9446219801902771,
                    -0.07445535063743591,
                    0.319602370262146,
                    1.288358449935913
                ],
                [
                    0.32816046476364136,
                    -0.21432247757911682,
                    0.9199872612953186,
                    3.708587408065796
                ],
                [
                    0.0,
                    0.9739210605621338,
                    0.226887047290802,
                    0.9146109819412231
                ],
                [
                    0.0,
                    0.0,
                    0.0,
                    1.0
                ]
            ]
        },
        {
            "file_path": "/data/shapenet_blender/all_50_random/02958343/53c118280e60df0bd2350421a9405ba/r_5",
            "rotation": 0.12566370614359174,
            "transform_matrix": [
                [
                    -0.9909483790397644,
                    -0.00448429211974144,
                    0.1341681033372879,
                    0.5408489108085632
                ],
                [
                    0.13424301147460938,
                    -0.03310192748904228,
                    0.9903954267501831,
                    3.9924116134643555
                ],
                [
                    4.6566125955216364e-10,
                    0.9994418621063232,
                    0.03340429067611694,
                    0.13465699553489685
                ],
                [
                    0.0,
                    0.0,
                    0.0,
                    1.0
                ]
            ]
        },
        {
            "file_path": "/data/shapenet_blender/all_50_random/02958343/53c118280e60df0bd2350421a9405ba/r_6",
            "rotation": 0.12566370614359174,
            "transform_matrix": [
                [
                    0.8155585527420044,
                    0.17333795130252838,
                    0.5521035194396973,
                    2.225600481033325
                ],
                [
                    0.5786746740341187,
                    -0.24429486691951752,
                    -0.7781103253364563,
                    -3.1366629600524902
                ],
                [
                    1.4901161193847656e-08,
                    0.9540827870368958,
                    -0.2995430529117584,
                    -1.2074966430664062
                ],
                [
                    0.0,
                    0.0,
                    0.0,
                    1.0
                ]
            ]
        },
        {
            "file_path": "/data/shapenet_blender/all_50_random/02958343/53c118280e60df0bd2350421a9405ba/r_7",
            "rotation": 0.12566370614359174,
            "transform_matrix": [
                [
                    -0.8908376097679138,
                    -0.16273178160190582,
                    -0.42417773604393005,
                    -1.7099151611328125
                ],
                [
                    -0.4543219208717346,
                    0.31908565759658813,
                    0.8317307233810425,
                    3.352813720703125
                ],
                [
                    1.4901161193847656e-08,
                    0.9336502552032471,
                    -0.35818609595298767,
                    -1.443894386291504
                ],
                [
                    0.0,
                    0.0,
                    0.0,
                    1.0
                ]
            ]
        },
        {
            "file_path": "/data/shapenet_blender/all_50_random/02958343/53c118280e60df0bd2350421a9405ba/r_8",
            "rotation": 0.12566370614359174,
            "transform_matrix": [
                [
                    -0.921249270439148,
                    -0.15298651158809662,
                    -0.3576240539550781,
                    -1.4416286945343018
                ],
                [
                    -0.38897281885147095,
                    0.3623356223106384,
                    0.847002387046814,
                    3.4143757820129395
                ],
                [
                    0.0,
                    0.9194062352180481,
                    -0.3933091163635254,
                    -1.585479736328125
                ],
                [
                    0.0,
                    0.0,
                    0.0,
                    1.0
                ]
            ]
        },
        {
            "file_path": "/data/shapenet_blender/all_50_random/02958343/53c118280e60df0bd2350421a9405ba/r_9",
            "rotation": 0.12566370614359174,
            "transform_matrix": [
                [
                    -0.1735992580652237,
                    -0.41200652718544006,
                    -0.8944908380508423,
                    -3.6058080196380615
                ],
                [
                    -0.9848163723945618,
                    0.0726267620921135,
                    0.1576770544052124,
                    0.6356165409088135
                ],
                [
                    0.0,
                    0.9082818031311035,
                    -0.4183587431907654,
                    -1.6864579916000366
                ],
                [
                    0.0,
                    0.0,
                    0.0,
                    1.0
                ]
            ]
        },
        {
            "file_path": "/data/shapenet_blender/all_50_random/02958343/53c118280e60df0bd2350421a9405ba/r_10",
            "rotation": 0.12566370614359174,
            "transform_matrix": [
                [
                    0.9726033210754395,
                    -0.007005295250564814,
                    -0.2323651760816574,
                    -0.9366940259933472
                ],
                [
                    -0.2324707806110382,
                    -0.029308518394827843,
                    -0.972161591053009,
                    -3.9189090728759766
                ],
                [
                    0.0,
                    0.9995458126068115,
                    -0.030134089291095734,
                    -0.12147440761327744
                ],
                [
                    0.0,
                    0.0,
                    0.0,
                    1.0
                ]
            ]
        },
        {
            "file_path": "/data/shapenet_blender/all_50_random/02958343/53c118280e60df0bd2350421a9405ba/r_11",
            "rotation": 0.12566370614359174,
            "transform_matrix": [
                [
                    -0.8972423076629639,
                    0.10384467989206314,
                    -0.4291532039642334,
                    -1.7299716472625732
                ],
                [
                    -0.44153839349746704,
                    -0.21102094650268555,
                    0.8720746040344238,
                    3.515444755554199
                ],
                [
                    0.0,
                    0.9719496965408325,
                    0.23518840968608856,
                    0.9480746984481812
                ],
                [
                    0.0,
                    0.0,
                    0.0,
                    1.0
                ]
            ]
        },
        {
            "file_path": "/data/shapenet_blender/all_50_random/02958343/53c118280e60df0bd2350421a9405ba/r_12",
            "rotation": 0.12566370614359174,
            "transform_matrix": [
                [
                    0.48054781556129456,
                    -0.019000612199306488,
                    0.8767627477645874,
                    3.5343432426452637
                ],
                [
                    0.8769685626029968,
                    0.010411664843559265,
                    -0.4804350733757019,
                    -1.9366954565048218
                ],
                [
                    9.313225746154785e-10,
                    0.9997650980949402,
                    0.02166624926030636,
                    0.08733943104743958
                ],
                [
                    0.0,
                    0.0,
                    0.0,
                    1.0
                ]
            ]
        },
        {
            "file_path": "/data/shapenet_blender/all_50_random/02958343/53c118280e60df0bd2350421a9405ba/r_13",
            "rotation": 0.12566370614359174,
            "transform_matrix": [
                [
                    -0.29468679428100586,
                    -0.15757007896900177,
                    -0.9425132870674133,
                    -3.7993927001953125
                ],
                [
                    -0.9555937647819519,
                    0.04859159141778946,
                    0.2906530201435089,
                    1.1716598272323608
                ],
                [
                    0.0,
                    0.9863116145133972,
                    -0.1648922860622406,
                    -0.6647020578384399
                ],
                [
                    0.0,
                    0.0,
                    0.0,
                    1.0
                ]
            ]
        },
        {
            "file_path": "/data/shapenet_blender/all_50_random/02958343/53c118280e60df0bd2350421a9405ba/r_14",
            "rotation": 0.12566370614359174,
            "transform_matrix": [
                [
                    0.9934412240982056,
                    -0.08704297989606857,
                    0.07414896786212921,
                    0.29890406131744385
                ],
                [
                    0.11434400826692581,
                    0.7562450766563416,
                    -0.6442195773124695,
                    -2.5969321727752686
                ],
                [
                    0.0,
                    0.6484727263450623,
                    0.7612378597259521,
                    3.068647861480713
                ],
                [
                    0.0,
                    0.0,
                    0.0,
                    1.0
                ]
            ]
        },
        {
            "file_path": "/data/shapenet_blender/all_50_random/02958343/53c118280e60df0bd2350421a9405ba/r_15",
            "rotation": 0.12566370614359174,
            "transform_matrix": [
                [
                    0.14739514887332916,
                    0.018495723605155945,
                    0.9889047741889954,
                    3.9864022731781006
                ],
                [
                    0.9890776872634888,
                    -0.002756285248324275,
                    -0.1473693996667862,
                    -0.5940649509429932
                ],
                [
                    0.0,
                    0.999825119972229,
                    -0.018699970096349716,
                    -0.07538197934627533
                ],
                [
                    0.0,
                    0.0,
                    0.0,
                    1.0
                ]
            ]
        },
        {
            "file_path": "/data/shapenet_blender/all_50_random/02958343/53c118280e60df0bd2350421a9405ba/r_16",
            "rotation": 0.12566370614359174,
            "transform_matrix": [
                [
                    -0.9808319807052612,
                    0.03776819258928299,
                    0.19115985929965973,
                    0.7705901265144348
                ],
                [
                    0.19485513865947723,
                    0.19011174142360687,
                    0.9622312188148499,
                    3.878878355026245
                ],
                [
                    0.0,
                    0.9810357093811035,
                    -0.19382698833942413,
                    -0.7813416123390198
                ],
                [
                    0.0,
                    0.0,
                    0.0,
                    1.0
                ]
            ]
        },
        {
            "file_path": "/data/shapenet_blender/all_50_random/02958343/53c118280e60df0bd2350421a9405ba/r_17",
            "rotation": 0.12566370614359174,
            "transform_matrix": [
                [
                    -0.5985937714576721,
                    -0.09651535004377365,
                    0.7952170968055725,
                    3.205622911453247
                ],
                [
                    0.8010528087615967,
                    -0.07212194800376892,
                    0.594232976436615,
                    2.395430088043213
                ],
                [
                    0.0,
                    0.9927150011062622,
                    0.12048565596342087,
                    0.4856932461261749
                ],
                [
                    0.0,
                    0.0,
                    0.0,
                    1.0
                ]
            ]
        },
        {
            "file_path": "/data/shapenet_blender/all_50_random/02958343/53c118280e60df0bd2350421a9405ba/r_18",
            "rotation": 0.12566370614359174,
            "transform_matrix": [
                [
                    -0.4644774794578552,
                    -0.6305476427078247,
                    0.6218281388282776,
                    2.506669521331787
                ],
                [
                    0.8855849504470825,
                    -0.33071383833885193,
                    0.3261405825614929,
                    1.314714789390564
                ],
                [
                    -1.4901161193847656e-08,
                    0.7021665573120117,
                    0.7120126485824585,
                    2.8702147006988525
                ],
                [
                    0.0,
                    0.0,
                    0.0,
                    1.0
                ]
            ]
        },
        {
            "file_path": "/data/shapenet_blender/all_50_random/02958343/53c118280e60df0bd2350421a9405ba/r_19",
            "rotation": 0.12566370614359174,
            "transform_matrix": [
                [
                    0.9989024996757507,
                    -0.004008888266980648,
                    0.0466671958565712,
                    0.188121497631073
                ],
                [
                    0.046839069575071335,
                    0.08549462258815765,
                    -0.9952370524406433,
                    -4.011929035186768
                ],
                [
                    -4.656612873077393e-10,
                    0.9963305592536926,
                    0.08558855205774307,
                    0.34501850605010986
                ],
                [
                    0.0,
                    0.0,
                    0.0,
                    1.0
                ]
            ]
        },
        {
            "file_path": "/data/shapenet_blender/all_50_random/02958343/53c118280e60df0bd2350421a9405ba/r_20",
            "rotation": 0.12566370614359174,
            "transform_matrix": [
                [
                    0.037364471703767776,
                    0.9120837450027466,
                    0.4082976281642914,
                    1.6459003686904907
                ],
                [
                    0.9993017315864563,
                    -0.03410333767533302,
                    -0.015266485512256622,
                    -0.06154116988182068
                ],
                [
                    -9.31322685637781e-10,
                    0.4085829257965088,
                    -0.9127211570739746,
                    -3.6792967319488525
                ],
                [
                    0.0,
                    0.0,
                    0.0,
                    1.0
                ]
            ]
        },
        {
            "file_path": "/data/shapenet_blender/all_50_random/02958343/53c118280e60df0bd2350421a9405ba/r_21",
            "rotation": 0.12566370614359174,
            "transform_matrix": [
                [
                    -0.4671649932861328,
                    0.01023970078676939,
                    -0.8841108679771423,
                    -3.56396484375
                ],
                [
                    -0.8841701149940491,
                    -0.0054103052243590355,
                    0.46713370084762573,
                    1.8830761909484863
                ],
                [
                    0.0,
                    0.9999330043792725,
                    0.011581143364310265,
                    0.04668508097529411
                ],
                [
                    0.0,
                    0.0,
                    0.0,
                    1.0
                ]
            ]
        },
        {
            "file_path": "/data/shapenet_blender/all_50_random/02958343/53c118280e60df0bd2350421a9405ba/r_22",
            "rotation": 0.12566370614359174,
            "transform_matrix": [
                [
                    -0.8702506422996521,
                    0.4868694543838501,
                    0.07497947663068771,
                    0.3022519648075104
                ],
                [
                    0.4926091134548187,
                    0.8601109385490417,
                    0.1324598789215088,
                    0.5339629054069519
                ],
                [
                    0.0,
                    0.15220853686332703,
                    -0.9883483052253723,
                    -3.9841597080230713
                ],
                [
                    0.0,
                    0.0,
                    0.0,
                    1.0
                ]
            ]
        },
        {
            "file_path": "/data/shapenet_blender/all_50_random/02958343/53c118280e60df0bd2350421a9405ba/r_23",
            "rotation": 0.12566370614359174,
            "transform_matrix": [
                [
                    -0.9385985136032104,
                    -0.10328368842601776,
                    -0.32918882369995117,
                    -1.327002763748169
                ],
                [
                    -0.34501132369041443,
                    0.2809818387031555,
                    0.8955536484718323,
                    3.6100924015045166
                ],
                [
                    0.0,
                    0.954139232635498,
                    -0.2993631362915039,
                    -1.2067714929580688
                ],
                [
                    0.0,
                    0.0,
                    0.0,
                    1.0
                ]
            ]
        },
        {
            "file_path": "/data/shapenet_blender/all_50_random/02958343/53c118280e60df0bd2350421a9405ba/r_24",
            "rotation": 0.12566370614359174,
            "transform_matrix": [
                [
                    0.35016751289367676,
                    -0.0034567636903375387,
                    -0.9366806745529175,
                    -3.775880813598633
                ],
                [
                    -0.9366871118545532,
                    -0.0012922632740810513,
                    -0.35016509890556335,
                    -1.4115607738494873
                ],
                [
                    0.0,
                    0.9999932050704956,
                    -0.0036904143635183573,
                    -0.014876537024974823
                ],
                [
                    0.0,
                    0.0,
                    0.0,
                    1.0
                ]
            ]
        },
        {
            "file_path": "/data/shapenet_blender/all_50_random/02958343/53c118280e60df0bd2350421a9405ba/r_25",
            "rotation": 0.12566370614359174,
            "transform_matrix": [
                [
                    0.45945432782173157,
                    0.27569571137428284,
                    -0.8443302512168884,
                    -3.403604030609131
                ],
                [
                    -0.8882013559341431,
                    0.14261358976364136,
                    -0.43676039576530457,
                    -1.7606374025344849
                ],
                [
                    0.0,
                    0.9506068825721741,
                    0.3103977143764496,
                    1.2512531280517578
                ],
                [
                    0.0,
                    0.0,
                    0.0,
                    1.0
                ]
            ]
        },
        {
            "file_path": "/data/shapenet_blender/all_50_random/02958343/53c118280e60df0bd2350421a9405ba/r_26",
            "rotation": 0.12566370614359174,
            "transform_matrix": [
                [
                    0.9068767428398132,
                    -0.06823358684778214,
                    -0.41583508253097534,
                    -1.6762847900390625
                ],
                [
                    -0.4213961064815521,
                    -0.14684392511844635,
                    -0.8949090242385864,
                    -3.6074936389923096
                ],
                [
                    -3.725290742551124e-09,
                    0.9868033528327942,
                    -0.16192270815372467,
                    -0.6527312994003296
                ],
                [
                    0.0,
                    0.0,
                    0.0,
                    1.0
                ]
            ]
        },
        {
            "file_path": "/data/shapenet_blender/all_50_random/02958343/53c118280e60df0bd2350421a9405ba/r_27",
            "rotation": 0.12566370614359174,
            "transform_matrix": [
                [
                    -0.5477613806724548,
                    0.15281154215335846,
                    -0.822560727596283,
                    -3.3158483505249023
                ],
                [
                    -0.8366345763206482,
                    -0.10004876554012299,
                    0.5385469198226929,
                    2.170952081680298
                ],
                [
                    0.0,
                    0.983177900314331,
                    0.18265026807785034,
                    0.7362867593765259
                ],
                [
                    0.0,
                    0.0,
                    0.0,
                    1.0
                ]
            ]
        },
        {
            "file_path": "/data/shapenet_blender/all_50_random/02958343/53c118280e60df0bd2350421a9405ba/r_28",
            "rotation": 0.12566370614359174,
            "transform_matrix": [
                [
                    0.9995504021644592,
                    0.0018969429656863213,
                    -0.029926350340247154,
                    -0.1206369698047638
                ],
                [
                    -0.029986413195729256,
                    0.06323163956403732,
                    -0.9975482821464539,
                    -4.02124547958374
                ],
                [
                    0.0,
                    0.9979971051216125,
                    0.06326007843017578,
                    0.2550095319747925
                ],
                [
                    0.0,
                    0.0,
                    0.0,
                    1.0
                ]
            ]
        },
        {
            "file_path": "/data/shapenet_blender/all_50_random/02958343/53c118280e60df0bd2350421a9405ba/r_29",
            "rotation": 0.12566370614359174,
            "transform_matrix": [
                [
                    -0.34819167852401733,
                    0.04998594895005226,
                    -0.9360896944999695,
                    -3.773498296737671
                ],
                [
                    -0.9374234080314636,
                    -0.018566522747278214,
                    0.34769630432128906,
                    1.4016085863113403
                ],
                [
                    0.0,
                    0.9985772967338562,
                    0.05332270264625549,
                    0.21495069563388824
                ],
                [
                    0.0,
                    0.0,
                    0.0,
                    1.0
                ]
            ]
        },
        {
            "file_path": "/data/shapenet_blender/all_50_random/02958343/53c118280e60df0bd2350421a9405ba/r_30",
            "rotation": 0.12566370614359174,
            "transform_matrix": [
                [
                    -0.40271368622779846,
                    -0.24235285818576813,
                    0.882658839225769,
                    3.5581119060516357
                ],
                [
                    0.9153259992599487,
                    -0.10662736743688583,
                    0.38834118843078613,
                    1.5654535293579102
                ],
                [
                    -1.4901161193847656e-08,
                    0.9643110036849976,
                    0.26477211713790894,
                    1.0673307180404663
                ],
                [
                    0.0,
                    0.0,
                    0.0,
                    1.0
                ]
            ]
        },
        {
            "file_path": "/data/shapenet_blender/all_50_random/02958343/53c118280e60df0bd2350421a9405ba/r_31",
            "rotation": 0.12566370614359174,
            "transform_matrix": [
                [
                    0.7350506782531738,
                    0.048817116767168045,
                    0.6762524843215942,
                    2.7260608673095703
                ],
                [
                    0.6780121922492981,
                    -0.052923910319805145,
                    -0.7331429719924927,
                    -2.9553937911987305
                ],
                [
                    0.0,
                    0.9974046945571899,
                    -0.07200034707784653,
                    -0.29024267196655273
                ],
                [
                    0.0,
                    0.0,
                    0.0,
                    1.0
                ]
            ]
        },
        {
            "file_path": "/data/shapenet_blender/all_50_random/02958343/53c118280e60df0bd2350421a9405ba/r_32",
            "rotation": 0.12566370614359174,
            "transform_matrix": [
                [
                    0.1495543271303177,
                    0.06323365122079849,
                    -0.9867293834686279,
                    -3.9776337146759033
                ],
                [
                    -0.9887534976005554,
                    0.009564433246850967,
                    -0.1492481678724289,
                    -0.601638674736023
                ],
                [
                    0.0,
                    0.9979528784751892,
                    0.06395289301872253,
                    0.25780239701271057
                ],
                [
                    0.0,
                    0.0,
                    0.0,
                    1.0
                ]
            ]
        },
        {
            "file_path": "/data/shapenet_blender/all_50_random/02958343/53c118280e60df0bd2350421a9405ba/r_33",
            "rotation": 0.12566370614359174,
            "transform_matrix": [
                [
                    0.6029348969459534,
                    0.623381495475769,
                    0.4978603720664978,
                    2.00693941116333
                ],
                [
                    0.7977904081344604,
                    -0.4711243510246277,
                    -0.37626099586486816,
                    -1.516756534576416
                ],
                [
                    0.0,
                    0.6240491271018982,
                    -0.7813851237297058,
                    -3.1498641967773438
                ],
                [
                    0.0,
                    0.0,
                    0.0,
                    1.0
                ]
            ]
        },
        {
            "file_path": "/data/shapenet_blender/all_50_random/02958343/53c118280e60df0bd2350421a9405ba/r_34",
            "rotation": 0.12566370614359174,
            "transform_matrix": [
                [
                    -0.6942209005355835,
                    0.589643657207489,
                    0.41276815533638,
                    1.6639217138290405
                ],
                [
                    0.7197619080543518,
                    0.5687199234962463,
                    0.3981209099292755,
                    1.6048767566680908
                ],
                [
                    0.0,
                    0.5734785795211792,
                    -0.8192204236984253,
                    -3.3023831844329834
                ],
                [
                    0.0,
                    0.0,
                    0.0,
                    1.0
                ]
            ]
        },
        {
            "file_path": "/data/shapenet_blender/all_50_random/02958343/53c118280e60df0bd2350421a9405ba/r_35",
            "rotation": 0.12566370614359174,
            "transform_matrix": [
                [
                    0.9090268611907959,
                    -0.31158894300460815,
                    0.276735782623291,
                    1.1155576705932617
                ],
                [
                    0.416737824678421,
                    0.6796664595603943,
                    -0.6036415100097656,
                    -2.433356761932373
                ],
                [
                    0.0,
                    0.6640523672103882,
                    0.747685968875885,
                    3.0140185356140137
                ],
                [
                    0.0,
                    0.0,
                    0.0,
                    1.0
                ]
            ]
        },
        {
            "file_path": "/data/shapenet_blender/all_50_random/02958343/53c118280e60df0bd2350421a9405ba/r_36",
            "rotation": 0.12566370614359174,
            "transform_matrix": [
                [
                    -0.146574467420578,
                    0.051550257951021194,
                    -0.9878554940223694,
                    -3.982172966003418
                ],
                [
                    -0.9891996383666992,
                    -0.007638449780642986,
                    0.14637529850006104,
                    0.5900577306747437
                ],
                [
                    0.0,
                    0.9986411333084106,
                    0.05211310088634491,
                    0.21007463335990906
                ],
                [
                    0.0,
                    0.0,
                    0.0,
                    1.0
                ]
            ]
        },
        {
            "file_path": "/data/shapenet_blender/all_50_random/02958343/53c118280e60df0bd2350421a9405ba/r_37",
            "rotation": 0.12566370614359174,
            "transform_matrix": [
                [
                    0.5955917835235596,
                    -0.02500421740114689,
                    0.802898108959198,
                    3.2365853786468506
                ],
                [
                    0.8032873272895813,
                    0.018539201468229294,
                    -0.5953031778335571,
                    -2.3997435569763184
                ],
                [
                    9.313225746154785e-10,
                    0.9995154142379761,
                    0.03112737089395523,
                    0.12547843158245087
                ],
                [
                    0.0,
                    0.0,
                    0.0,
                    1.0
                ]
            ]
        },
        {
            "file_path": "/data/shapenet_blender/all_50_random/02958343/53c118280e60df0bd2350421a9405ba/r_38",
            "rotation": 0.12566370614359174,
            "transform_matrix": [
                [
                    -0.50220787525177,
                    0.1155615746974945,
                    -0.8569905757904053,
                    -3.454639434814453
                ],
                [
                    -0.8647470474243164,
                    -0.06711319833993912,
                    0.49770328402519226,
                    2.0063061714172363
                ],
                [
                    -3.725290742551124e-09,
                    0.9910303950309753,
                    0.13363631069660187,
                    0.5387051701545715
                ],
                [
                    0.0,
                    0.0,
                    0.0,
                    1.0
                ]
            ]
        },
        {
            "file_path": "/data/shapenet_blender/all_50_random/02958343/53c118280e60df0bd2350421a9405ba/r_39",
            "rotation": 0.12566370614359174,
            "transform_matrix": [
                [
                    -0.956633448600769,
                    0.14552515745162964,
                    -0.25233885645866394,
                    -1.0172104835510254
                ],
                [
                    -0.29129448533058167,
                    -0.47791576385498047,
                    0.8287001848220825,
                    3.34059739112854
                ],
                [
                    7.450580596923828e-09,
                    0.8662672638893127,
                    0.49958083033561707,
                    2.0138747692108154
                ],
                [
                    0.0,
                    0.0,
                    0.0,
                    1.0
                ]
            ]
        },
        {
            "file_path": "/data/shapenet_blender/all_50_random/02958343/53c118280e60df0bd2350421a9405ba/r_40",
            "rotation": 0.12566370614359174,
            "transform_matrix": [
                [
                    0.015953609719872475,
                    -0.16558343172073364,
                    0.9860666990280151,
                    3.9749622344970703
                ],
                [
                    0.9998728036880493,
                    0.0026419893838465214,
                    -0.015733323991298676,
                    -0.06342306733131409
                ],
                [
                    2.3283064365386963e-10,
                    0.9861922860145569,
                    0.16560447216033936,
                    0.6675730347633362
                ],
                [
                    0.0,
                    0.0,
                    0.0,
                    1.0
                ]
            ]
        },
        {
            "file_path": "/data/shapenet_blender/all_50_random/02958343/53c118280e60df0bd2350421a9405ba/r_41",
            "rotation": 0.12566370614359174,
            "transform_matrix": [
                [
                    0.43723681569099426,
                    0.016645105555653572,
                    -0.8991923332214355,
                    -3.624760150909424
                ],
                [
                    -0.8993464112281799,
                    0.008092380128800869,
                    -0.437161922454834,
                    -1.7622560262680054
                ],
                [
                    0.0,
                    0.9998286366462708,
                    0.018508002161979675,
