{
    "class": "02958343",
    "model": "b4d258dc5a12f9f7ade7f700b19bcf4a",
    "remove_doubles": true,
    "edge_split": true,
    "denoise": true,
    "camera_angle_x": 0.6911112070083618,
    "scale_factor": 2.069956267693706,
    "hdri_file": "/data/IndoorHDRDataset2018/AG8A9940-dad1503196.exr",
    "center_offset": [
        0.0,
        0.0,
        0.0
    ],
    "lights": [],
    "frames": [
        {
            "file_path": "/data/shapenet_blender/all_50_random/02958343/b4d258dc5a12f9f7ade7f700b19bcf4a/r_0",
            "rotation": 0.12566370614359174,
            "transform_matrix": [
                [
                    0.12130463123321533,
                    0.22310025990009308,
                    0.9672183990478516,
                    3.898982048034668
                ],
                [
                    0.9926153421401978,
                    -0.027264432981610298,
                    -0.11820094287395477,
                    -0.4764832556247711
                ],
                [
                    0.0,
                    0.9744141101837158,
                    -0.224760040640831,
                    -0.9060366749763489
                ],
                [
                    0.0,
                    0.0,
                    0.0,
                    1.0
                ]
            ]
        },
        {
            "file_path": "/data/shapenet_blender/all_50_random/02958343/b4d258dc5a12f9f7ade7f700b19bcf4a/r_1",
            "rotation": 0.12566370614359174,
            "transform_matrix": [
                [
                    0.9998953938484192,
                    -0.0030397900845855474,
                    0.014143681153655052,
                    0.05701500177383423
                ],
                [
                    0.01446665357798338,
                    0.21010196208953857,
                    -0.9775724411010742,
                    -3.940720558166504
                ],
                [
                    -2.3283064365386963e-10,
                    0.9776748418807983,
                    0.2101239264011383,
                    0.8470366597175598
                ],
                [
                    0.0,
                    0.0,
                    0.0,
                    1.0
                ]
            ]
        },
        {
            "file_path": "/data/shapenet_blender/all_50_random/02958343/b4d258dc5a12f9f7ade7f700b19bcf4a/r_2",
            "rotation": 0.12566370614359174,
            "transform_matrix": [
                [
                    -0.3323967754840851,
                    -0.042690690606832504,
                    -0.9421729445457458,
                    -3.798020601272583
                ],
                [
                    -0.9431396722793579,
                    0.015045753680169582,
                    0.33205604553222656,
                    1.338560700416565
                ],
                [
                    0.0,
                    0.9989750385284424,
                    -0.04526444151997566,
                    -0.1824668049812317
                ],
                [
                    0.0,
                    0.0,
                    0.0,
                    1.0
                ]
            ]
        },
        {
            "file_path": "/data/shapenet_blender/all_50_random/02958343/b4d258dc5a12f9f7ade7f700b19bcf4a/r_3",
            "rotation": 0.12566370614359174,
            "transform_matrix": [
                [
                    0.7944334149360657,
                    0.5712011456489563,
                    0.20640917122364044,
                    0.8320620059967041
                ],
                [
                    0.6073513031005859,
                    -0.7471480369567871,
                    -0.2699892818927765,
                    -1.0883616209030151
                ],
                [
                    2.9802322387695312e-08,
                    0.33985134959220886,
                    -0.9404791593551636,
                    -3.7911927700042725
                ],
                [
                    0.0,
                    0.0,
                    0.0,
                    1.0
                ]
            ]
        },
        {
            "file_path": "/data/shapenet_blender/all_50_random/02958343/b4d258dc5a12f9f7ade7f700b19bcf4a/r_4",
            "rotation": 0.12566370614359174,
            "transform_matrix": [
                [
                    -0.33027383685112,
                    -0.4211229979991913,
                    0.844733476638794,
                    3.4052295684814453
                ],
                [
                    0.9438852071762085,
                    -0.14735467731952667,
                    0.2955797612667084,
                    1.191520094871521
                ],
                [
                    -7.450580596923828e-09,
                    0.894953727722168,
                    0.44615912437438965,
                    1.7985249757766724
                ],
                [
                    0.0,
                    0.0,
                    0.0,
                    1.0
                ]
            ]
        },
        {
            "file_path": "/data/shapenet_blender/all_50_random/02958343/b4d258dc5a12f9f7ade7f700b19bcf4a/r_5",
            "rotation": 0.12566370614359174,
            "transform_matrix": [
                [
                    0.22156453132629395,
                    -0.7471101880073547,
                    -0.6266859769821167,
                    -2.526252269744873
                ],
                [
                    -0.9751457571983337,
                    -0.16975216567516327,
                    -0.1423903852701187,
                    -0.5739940404891968
                ],
                [
                    7.450581485102248e-09,
                    0.6426587700843811,
                    -0.7661523818969727,
                    -3.0884592533111572
                ],
                [
                    0.0,
                    0.0,
                    0.0,
                    1.0
                ]
            ]
        },
        {
            "file_path": "/data/shapenet_blender/all_50_random/02958343/b4d258dc5a12f9f7ade7f700b19bcf4a/r_6",
            "rotation": 0.12566370614359174,
            "transform_matrix": [
                [
                    -0.8518886566162109,
                    -0.10359690338373184,
                    -0.5133744478225708,
                    -2.0694785118103027
                ],
                [
                    -0.5237228274345398,
                    0.16851094365119934,
                    0.835055947303772,
                    3.366218090057373
                ],
                [
                    0.0,
                    0.9802407026290894,
                    -0.1978086233139038,
                    -0.7973920702934265
                ],
                [
                    0.0,
                    0.0,
                    0.0,
                    1.0
                ]
            ]
        },
        {
            "file_path": "/data/shapenet_blender/all_50_random/02958343/b4d258dc5a12f9f7ade7f700b19bcf4a/r_7",
            "rotation": 0.12566370614359174,
            "transform_matrix": [
                [
                    0.6129469275474548,
                    0.3799316883087158,
                    -0.6927828788757324,
                    -2.792696714401245
                ],
                [
                    -0.7901241779327393,
                    0.2947358787059784,
                    -0.537433385848999,
                    -2.1664628982543945
                ],
                [
                    0.0,
                    0.8768024444580078,
                    0.4808507561683655,
                    1.938371181488037
                ],
                [
                    0.0,
                    0.0,
                    0.0,
                    1.0
                ]
            ]
        },
        {
            "file_path": "/data/shapenet_blender/all_50_random/02958343/b4d258dc5a12f9f7ade7f700b19bcf4a/r_8",
            "rotation": 0.12566370614359174,
            "transform_matrix": [
                [
                    -0.06566369533538818,
                    -0.5287725925445557,
                    -0.8462197184562683,
                    -3.4112207889556885
                ],
                [
                    -0.9978417754173279,
                    0.03479626402258873,
                    0.0556861013174057,
                    0.2244778573513031
                ],
                [
                    1.8626450382086546e-09,
                    0.8480498790740967,
                    -0.5299162864685059,
                    -2.1361608505249023
                ],
                [
                    0.0,
                    0.0,
                    0.0,
                    1.0
                ]
            ]
        },
        {
            "file_path": "/data/shapenet_blender/all_50_random/02958343/b4d258dc5a12f9f7ade7f700b19bcf4a/r_9",
            "rotation": 0.12566370614359174,
            "transform_matrix": [
                [
                    0.9555625319480896,
                    -0.11333943903446198,
                    -0.2721293568611145,
                    -1.096988558769226
                ],
                [
                    -0.2947884202003479,
                    -0.36739203333854675,
                    -0.8821127414703369,
                    -3.555910110473633
                ],
                [
                    7.450580596923828e-09,
                    0.9231343865394592,
                    -0.38447725772857666,
                    -1.549877405166626
                ],
                [
                    0.0,
                    0.0,
                    0.0,
                    1.0
                ]
            ]
        },
        {
            "file_path": "/data/shapenet_blender/all_50_random/02958343/b4d258dc5a12f9f7ade7f700b19bcf4a/r_10",
            "rotation": 0.12566370614359174,
            "transform_matrix": [
                [
                    -0.8095291256904602,
                    -0.5838366746902466,
                    0.06162300333380699,
                    0.24841026961803436
                ],
                [
                    0.5870798230171204,
                    -0.8050571084022522,
                    0.08497244864702225,
                    0.3425348997116089
                ],
                [
                    3.725290742551124e-09,
                    0.104964978992939,
                    0.9944759011268616,
                    4.0088605880737305
                ],
                [
                    0.0,
                    0.0,
                    0.0,
                    1.0
                ]
            ]
        },
        {
            "file_path": "/data/shapenet_blender/all_50_random/02958343/b4d258dc5a12f9f7ade7f700b19bcf4a/r_11",
            "rotation": 0.12566370614359174,
            "transform_matrix": [
                [
                    0.6528970003128052,
                    0.5264075994491577,
                    0.5446287393569946,
                    2.1954686641693115
                ],
                [
                    0.7574467062950134,
                    -0.45374804735183716,
                    -0.46945416927337646,
                    -1.892430305480957
                ],
                [
                    -1.4901161193847656e-08,
                    0.7190325260162354,
                    -0.6949764490127563,
                    -2.801539659500122
                ],
                [
                    0.0,
                    0.0,
                    0.0,
                    1.0
                ]
            ]
        },
        {
            "file_path": "/data/shapenet_blender/all_50_random/02958343/b4d258dc5a12f9f7ade7f700b19bcf4a/r_12",
            "rotation": 0.12566370614359174,
            "transform_matrix": [
                [
                    0.3819049298763275,
                    0.0009655393660068512,
                    -0.9242011308670044,
                    -3.7255735397338867
                ],
                [
                    -0.9242016077041626,
                    0.0003989867982454598,
                    -0.3819047510623932,
                    -1.5395071506500244
                ],
                [
                    -2.9103826987286752e-11,
                    0.9999995231628418,
                    0.0010447280947118998,
                    0.004211433231830597
                ],
                [
                    0.0,
                    0.0,
                    0.0,
                    1.0
                ]
            ]
        },
        {
            "file_path": "/data/shapenet_blender/all_50_random/02958343/b4d258dc5a12f9f7ade7f700b19bcf4a/r_13",
            "rotation": 0.12566370614359174,
            "transform_matrix": [
                [
                    0.8234350085258484,
                    0.289993554353714,
                    -0.4877072870731354,
                    -1.9660109281539917
                ],
                [
                    -0.5674104690551758,
                    0.4208432137966156,
                    -0.7077684998512268,
                    -2.8531060218811035
                ],
                [
                    -1.4901160305669237e-08,
                    0.859531581401825,
                    0.5110825300216675,
                    2.060239553451538
                ],
                [
                    0.0,
                    0.0,
                    0.0,
                    1.0
                ]
            ]
        },
        {
            "file_path": "/data/shapenet_blender/all_50_random/02958343/b4d258dc5a12f9f7ade7f700b19bcf4a/r_14",
            "rotation": 0.12566370614359174,
            "transform_matrix": [
                [
                    -0.9530665874481201,
                    -0.08071129024028778,
                    -0.29180464148521423,
                    -1.176302194595337
                ],
                [
                    -0.3027610778808594,
                    0.2540723979473114,
                    0.9185765981674194,
                    3.7029006481170654
                ],
                [
                    7.450581485102248e-09,
                    0.9638115763664246,
                    -0.2665841579437256,
                    -1.0746351480484009
                ],
                [
                    0.0,
                    0.0,
                    0.0,
                    1.0
                ]
            ]
        },
        {
            "file_path": "/data/shapenet_blender/all_50_random/02958343/b4d258dc5a12f9f7ade7f700b19bcf4a/r_15",
            "rotation": 0.12566370614359174,
            "transform_matrix": [
                [
                    -0.7055360078811646,
                    -0.1284656524658203,
                    0.696932852268219,
                    2.8094263076782227
                ],
                [
                    0.7086740136146545,
                    -0.12789680063724518,
                    0.6938468813896179,
                    2.7969863414764404
                ],
                [
                    -7.450580152834618e-09,
                    0.9834322929382324,
                    0.18127606809139252,
                    0.7307472229003906
                ],
                [
                    0.0,
                    0.0,
                    0.0,
                    1.0
                ]
            ]
        },
        {
            "file_path": "/data/shapenet_blender/all_50_random/02958343/b4d258dc5a12f9f7ade7f700b19bcf4a/r_16",
            "rotation": 0.12566370614359174,
            "transform_matrix": [
                [
                    -0.9585614204406738,
                    0.2846018373966217,
                    0.01272438745945692,
                    0.051293641328811646
                ],
                [
                    0.2848861515522003,
                    0.9576048254966736,
                    0.042813967913389206,
                    0.17258860170841217
                ],
                [
                    0.0,
                    0.04466396942734718,
                    -0.9990020990371704,
                    -4.027105808258057
                ],
                [
                    0.0,
                    0.0,
                    0.0,
                    1.0
                ]
            ]
        },
        {
            "file_path": "/data/shapenet_blender/all_50_random/02958343/b4d258dc5a12f9f7ade7f700b19bcf4a/r_17",
            "rotation": 0.12566370614359174,
            "transform_matrix": [
                [
                    0.8495603203773499,
                    0.04358629137277603,
                    0.5256877541542053,
                    2.119115114212036
                ],
                [
                    0.5274916291236877,
                    -0.07019861042499542,
                    -0.846655011177063,
                    -3.412975549697876
                ],
                [
                    0.0,
                    0.996580183506012,
                    -0.08262936025857925,
                    -0.3330896198749542
                ],
                [
                    0.0,
                    0.0,
                    0.0,
                    1.0
                ]
            ]
        },
        {
            "file_path": "/data/shapenet_blender/all_50_random/02958343/b4d258dc5a12f9f7ade7f700b19bcf4a/r_18",
            "rotation": 0.12566370614359174,
            "transform_matrix": [
                [
                    -0.4023469388484955,
                    0.004695682320743799,
                    0.9154753088951111,
                    3.6903984546661377
                ],
                [
                    0.9154871702194214,
                    0.002063702791929245,
                    0.40234172344207764,
                    1.6218911409378052
                ],
                [
                    -1.164152871324653e-10,
                    0.9999868869781494,
                    -0.0051291631534695625,
                    -0.02067631483078003
                ],
                [
                    0.0,
                    0.0,
                    0.0,
                    1.0
                ]
            ]
        },
        {
            "file_path": "/data/shapenet_blender/all_50_random/02958343/b4d258dc5a12f9f7ade7f700b19bcf4a/r_19",
            "rotation": 0.12566370614359174,
            "transform_matrix": [
                [
                    0.9947655200958252,
                    -0.06915636360645294,
                    0.07522694021463394,
                    0.3032495379447937
                ],
                [
                    0.10218462347984314,
                    0.6732359528541565,
                    -0.7323329448699951,
                    -2.9521288871765137
                ],
                [
                    3.725290298461914e-09,
                    0.7361866235733032,
                    0.6767785549163818,
                    2.728181838989258
                ],
                [
                    0.0,
                    0.0,
                    0.0,
                    1.0
                ]
            ]
        },
        {
            "file_path": "/data/shapenet_blender/all_50_random/02958343/b4d258dc5a12f9f7ade7f700b19bcf4a/r_20",
            "rotation": 0.12566370614359174,
            "transform_matrix": [
                [
                    -0.6899029016494751,
                    0.5067594647407532,
                    0.5169416666030884,
                    2.0838587284088135
                ],
                [
                    0.7239018678665161,
                    0.4829588830471039,
                    0.49266287684440613,
                    1.985987663269043
                ],
                [
                    0.0,
                    0.7141046524047852,
                    -0.7000388503074646,
                    -2.8219470977783203
                ],
                [
                    0.0,
                    0.0,
                    0.0,
                    1.0
                ]
            ]
        },
        {
            "file_path": "/data/shapenet_blender/all_50_random/02958343/b4d258dc5a12f9f7ade7f700b19bcf4a/r_21",
            "rotation": 0.12566370614359174,
            "transform_matrix": [
                [
                    -0.7653838396072388,
                    0.007001022342592478,
                    0.6435359120368958,
                    2.5941762924194336
                ],
                [
                    0.6435739994049072,
                    0.008326112292706966,
                    0.7653385400772095,
                    3.0851783752441406
                ],
                [
                    0.0,
                    0.9999409317970276,
                    -0.010878345929086208,
                    -0.04385201632976532
                ],
                [
                    0.0,
                    0.0,
                    0.0,
                    1.0
                ]
            ]
        },
        {
            "file_path": "/data/shapenet_blender/all_50_random/02958343/b4d258dc5a12f9f7ade7f700b19bcf4a/r_22",
            "rotation": 0.12566370614359174,
            "transform_matrix": [
                [
                    -0.3987716734409332,
                    -0.03756580501794815,
                    -0.9162805676460266,
                    -3.6936447620391846
                ],
                [
                    -0.9170503616333008,
                    0.016335174441337585,
                    0.39843690395355225,
                    1.6061503887176514
                ],
                [
                    0.0,
                    0.9991605281829834,
                    -0.04096374288201332,
                    -0.1651301085948944
                ],
                [
                    0.0,
                    0.0,
                    0.0,
                    1.0
                ]
            ]
        },
        {
            "file_path": "/data/shapenet_blender/all_50_random/02958343/b4d258dc5a12f9f7ade7f700b19bcf4a/r_23",
            "rotation": 0.12566370614359174,
            "transform_matrix": [
                [
                    -0.6136071085929871,
                    0.3525243103504181,
                    -0.7065499424934387,
                    -2.848194122314453
                ],
                [
                    -0.7896115183830261,
                    -0.2739466428756714,
                    0.5490599870681763,
                    2.213331937789917
                ],
                [
                    1.4901162970204496e-08,
                    0.8948071002960205,
                    0.4464528262615204,
                    1.7997090816497803
                ],
                [
                    0.0,
                    0.0,
                    0.0,
                    1.0
                ]
            ]
        },
        {
            "file_path": "/data/shapenet_blender/all_50_random/02958343/b4d258dc5a12f9f7ade7f700b19bcf4a/r_24",
            "rotation": 0.12566370614359174,
            "transform_matrix": [
                [
                    -0.912580668926239,
                    0.0021970835514366627,
                    0.4088907539844513,
                    1.6482914686203003
                ],
                [
                    0.40889671444892883,
                    0.00490347808226943,
                    0.9125673770904541,
                    3.6786770820617676
                ],
                [
                    -2.3283064365386963e-10,
                    0.9999855756759644,
                    -0.005373199004679918,
                    -0.021660059690475464
                ],
                [
                    0.0,
                    0.0,
                    0.0,
                    1.0
                ]
            ]
        },
        {
            "file_path": "/data/shapenet_blender/all_50_random/02958343/b4d258dc5a12f9f7ade7f700b19bcf4a/r_25",
            "rotation": 0.12566370614359174,
            "transform_matrix": [
                [
                    -0.9984045028686523,
                    -0.053383275866508484,
                    -0.018404321745038033,
                    -0.07419019937515259
                ],
                [
                    -0.05646675080060959,
                    0.9438847303390503,
                    0.32541200518608093,
                    1.3117778301239014
                ],
                [
                    0.0,
                    0.32593193650245667,
                    -0.9453930854797363,
                    -3.811001777648926
                ],
                [
                    0.0,
                    0.0,
                    0.0,
                    1.0
                ]
            ]
        },
        {
            "file_path": "/data/shapenet_blender/all_50_random/02958343/b4d258dc5a12f9f7ade7f700b19bcf4a/r_26",
            "rotation": 0.12566370614359174,
            "transform_matrix": [
                [
                    0.03547118231654167,
                    0.8950753808021545,
                    -0.444501668214798,
                    -1.7918435335159302
                ],
                [
                    -0.9993706941604614,
                    0.03176937624812126,
                    -0.01577693037688732,
                    -0.06359884142875671
                ],
                [
                    -9.313225746154785e-10,
                    0.4447816014289856,
                    0.8956390619277954,
                    3.61043643951416
                ],
                [
                    0.0,
                    0.0,
                    0.0,
                    1.0
                ]
            ]
        },
        {
            "file_path": "/data/shapenet_blender/all_50_random/02958343/b4d258dc5a12f9f7ade7f700b19bcf4a/r_27",
            "rotation": 0.12566370614359174,
            "transform_matrix": [
                [
                    0.067424476146698,
                    -0.023179788142442703,
                    -0.9974550604820251,
                    -4.020869731903076
                ],
                [
                    -0.9977243542671204,
                    -0.0015664497623220086,
                    -0.06740627437829971,
                    -0.2717233896255493
                ],
                [
                    0.0,
                    0.999730110168457,
                    -0.023232655599713326,
                    -0.09365382790565491
                ],
                [
                    0.0,
                    0.0,
                    0.0,
                    1.0
                ]
            ]
        },
        {
            "file_path": "/data/shapenet_blender/all_50_random/02958343/b4d258dc5a12f9f7ade7f700b19bcf4a/r_28",
            "rotation": 0.12566370614359174,
            "transform_matrix": [
                [
                    -0.920303463935852,
                    -0.3407726585865021,
                    0.19213438034057617,
                    0.7745184898376465
                ],
                [
                    0.3912053406238556,
                    -0.801661491394043,
                    0.45199263095855713,
                    1.8220405578613281
                ],
                [
                    0.0,
                    0.49113425612449646,
                    0.8710838556289673,
                    3.511451244354248
                ],
                [
                    0.0,
                    0.0,
                    0.0,
                    1.0
                ]
            ]
        },
        {
            "file_path": "/data/shapenet_blender/all_50_random/02958343/b4d258dc5a12f9f7ade7f700b19bcf4a/r_29",
            "rotation": 0.12566370614359174,
            "transform_matrix": [
                [
                    0.8611656427383423,
                    -0.1126290112733841,
                    0.49568986892700195,
                    1.998189926147461
                ],
                [
                    0.5083245038986206,
                    0.19080771505832672,
                    -0.839760959148407,
                    -3.3851850032806396
                ],
                [
                    0.0,
                    0.9751445651054382,
                    0.22156912088394165,
                    0.8931737542152405
                ],
                [
                    0.0,
                    0.0,
                    0.0,
                    1.0
                ]
            ]
        },
        {
            "file_path": "/data/shapenet_blender/all_50_random/02958343/b4d258dc5a12f9f7ade7f700b19bcf4a/r_30",
            "rotation": 0.12566370614359174,
            "transform_matrix": [
                [
                    -0.9236500859260559,
                    0.015058344230055809,
                    0.38294103741645813,
                    1.543684720993042
                ],
                [
                    0.3832370340824127,
                    0.03629252687096596,
                    0.9229366779327393,
                    3.7204768657684326
                ],
                [
                    9.31322685637781e-10,
                    0.99922776222229,
                    -0.039292506873607635,
                    -0.15839315950870514
                ],
                [
                    0.0,
                    0.0,
                    0.0,
                    1.0
                ]
            ]
        },
        {
            "file_path": "/data/shapenet_blender/all_50_random/02958343/b4d258dc5a12f9f7ade7f700b19bcf4a/r_31",
            "rotation": 0.12566370614359174,
            "transform_matrix": [
                [
                    0.41228747367858887,
                    -0.3022019565105438,
                    0.8594724535942078,
                    3.464644432067871
                ],
                [
                    0.9110538959503174,
                    0.13675817847251892,
                    -0.3889448344707489,
                    -1.5678869485855103
                ],
                [
                    7.450581485102248e-09,
                    0.943382740020752,
                    0.3317059278488159,
                    1.3371495008468628
                ],
                [
                    0.0,
                    0.0,
                    0.0,
                    1.0
                ]
            ]
        },
        {
            "file_path": "/data/shapenet_blender/all_50_random/02958343/b4d258dc5a12f9f7ade7f700b19bcf4a/r_32",
            "rotation": 0.12566370614359174,
            "transform_matrix": [
                [
                    -0.38254937529563904,
                    -0.022919856011867523,
                    -0.9236506819725037,
                    -3.7233550548553467
                ],
                [
                    -0.923935055732727,
                    0.009489818476140499,
                    0.38243162631988525,
                    1.5416312217712402
                ],
                [
                    0.0,
                    0.9996922612190247,
                    -0.024806780740618706,
                    -0.0999993309378624
                ],
                [
                    0.0,
                    0.0,
                    0.0,
                    1.0
                ]
            ]
        },
        {
            "file_path": "/data/shapenet_blender/all_50_random/02958343/b4d258dc5a12f9f7ade7f700b19bcf4a/r_33",
            "rotation": 0.12566370614359174,
            "transform_matrix": [
                [
                    -0.9131797552108765,
                    0.08700896799564362,
                    -0.3981609344482422,
                    -1.605038046836853
                ],
                [
                    -0.4075569808483124,
                    -0.19495390355587006,
                    0.8921267986297607,
                    3.596278190612793
                ],
                [
                    7.450580596923828e-09,
                    0.9769453406333923,
                    0.2134891003370285,
                    0.860602080821991
                ],
                [
                    0.0,
                    0.0,
                    0.0,
                    1.0
                ]
            ]
        },
        {
            "file_path": "/data/shapenet_blender/all_50_random/02958343/b4d258dc5a12f9f7ade7f700b19bcf4a/r_34",
            "rotation": 0.12566370614359174,
            "transform_matrix": [
                [
                    -0.11143721640110016,
                    0.39066997170448303,
                    -0.913760781288147,
                    -3.6834874153137207
                ],
                [
                    -0.9937715530395508,
                    -0.04380802810192108,
                    0.10246516019105911,
                    0.41305026412010193
                ],
                [
                    3.725290298461914e-09,
                    0.9194877743721008,
                    0.39311856031417847,
                    1.5847115516662598
                ],
                [
                    0.0,
                    0.0,
                    0.0,
                    1.0
                ]
            ]
        },
        {
            "file_path": "/data/shapenet_blender/all_50_random/02958343/b4d258dc5a12f9f7ade7f700b19bcf4a/r_35",
            "rotation": 0.12566370614359174,
            "transform_matrix": [
                [
                    0.604725182056427,
                    -0.13405919075012207,
                    -0.785070538520813,
                    -3.164720296859741
                ],
                [
                    -0.7964342832565308,
                    -0.10178989171981812,
                    -0.5960967540740967,
                    -2.402942657470703
                ],
                [
                    0.0,
                    0.9857316613197327,
                    -0.16832423210144043,
                    -0.678536593914032
                ],
                [
                    0.0,
                    0.0,
                    0.0,
                    1.0
                ]
            ]
        },
        {
            "file_path": "/data/shapenet_blender/all_50_random/02958343/b4d258dc5a12f9f7ade7f700b19bcf4a/r_36",
            "rotation": 0.12566370614359174,
            "transform_matrix": [
                [
                    -0.3774404525756836,
                    -0.6405847072601318,
                    0.6687225699424744,
                    2.695707082748413
                ],
                [
                    0.9260339736938477,
                    -0.26109471917152405,
                    0.2725633680820465,
                    1.098738193511963
                ],
                [
                    0.0,
                    0.7221360802650452,
                    0.6917508244514465,
                    2.78853702545166
                ],
                [
                    0.0,
                    0.0,
                    0.0,
                    1.0
                ]
            ]
        },
        {
            "file_path": "/data/shapenet_blender/all_50_random/02958343/b4d258dc5a12f9f7ade7f700b19bcf4a/r_37",
            "rotation": 0.12566370614359174,
            "transform_matrix": [
                [
                    -0.8479710221290588,
                    0.2177831530570984,
                    0.48323458433151245,
                    1.9479808807373047
                ],
                [
                    0.5300425887107849,
                    0.3484131097793579,
                    0.7730867862701416,
                    3.116412401199341
                ],
                [
                    0.0,
                    0.9116899967193604,
                    -0.41087859869003296,
                    -1.6563045978546143
                ],
                [
                    0.0,
                    0.0,
                    0.0,
                    1.0
                ]
            ]
        },
        {
            "file_path": "/data/shapenet_blender/all_50_random/02958343/b4d258dc5a12f9f7ade7f700b19bcf4a/r_38",
            "rotation": 0.12566370614359174,
            "transform_matrix": [
                [
                    -0.5158612132072449,
                    0.2868448495864868,
                    0.8072219491004944,
                    3.2540156841278076
                ],
                [
                    0.8566721677780151,
                    0.1727290004491806,
                    0.48608383536338806,
                    1.959466576576233
                ],
                [
                    0.0,
                    0.9422762989997864,
                    -0.3348362147808075,
                    -1.3497679233551025
                ],
                [
                    0.0,
                    0.0,
                    0.0,
                    1.0
                ]
            ]
        },
        {
            "file_path": "/data/shapenet_blender/all_50_random/02958343/b4d258dc5a12f9f7ade7f700b19bcf4a/r_39",
            "rotation": 0.12566370614359174,
            "transform_matrix": [
                [
                    0.3283941149711609,
                    0.3767581284046173,
                    -0.866146981716156,
                    -3.4915502071380615
                ],
                [
                    -0.9445408582687378,
                    0.13098973035812378,
                    -0.3011384606361389,
                    -1.213927984237671
                ],
                [
                    7.450580596923828e-09,
                    0.9170032739639282,
                    0.39887967705726624,
                    1.6079354286193848
                ],
                [
                    0.0,
                    0.0,
                    0.0,
                    1.0
                ]
            ]
        },
        {
            "file_path": "/data/shapenet_blender/all_50_random/02958343/b4d258dc5a12f9f7ade7f700b19bcf4a/r_40",
            "rotation": 0.12566370614359174,
            "transform_matrix": [
                [
                    -0.529883861541748,
                    -0.6101799011230469,
                    0.5889852643013,
                    2.3742754459381104
                ],
                [
                    0.8480703234672546,
                    -0.38124725222587585,
                    0.36800462007522583,
                    1.4834740161895752
                ],
                [
                    -1.4901162970204496e-08,
                    0.6945004463195801,
                    0.7194921970367432,
                    2.9003658294677734
                ],
                [
                    0.0,
                    0.0,
                    0.0,
                    1.0
                ]
            ]
        },
        {
            "file_path": "/data/shapenet_blender/all_50_random/02958343/b4d258dc5a12f9f7ade7f700b19bcf4a/r_41",
            "rotation": 0.12566370614359174,
            "transform_matrix": [
                [
                    -0.9469663500785828,
                    -0.27872493863105774,
                    -0.15989746153354645,
                    -0.6445673704147339
                ],
                [
                    -0.3213328421115875,
                    0.821401059627533,
                    0.4712170958518982,
                    1.8995369672775269
                ],
