{
    "class": "02958343",
    "model": "6be5a91bdd709a42634d30cd3ecea7e5",
    "remove_doubles": true,
    "edge_split": true,
    "denoise": true,
    "camera_angle_x": 0.6911112070083618,
    "scale_factor": 2.2471303983860302,
    "hdri_file": "/data/IndoorHDRDataset2018/AG8A3585-d77910dfd8.exr",
    "center_offset": [
        0.0,
        -9.313225746154785e-10,
        -3.725290298461914e-09
    ],
    "lights": [],
    "frames": [
        {
            "file_path": "/data/shapenet_blender/all_50_random/02958343/6be5a91bdd709a42634d30cd3ecea7e5/r_0",
            "rotation": 0.12566370614359174,
            "transform_matrix": [
                [
                    -0.9786378145217896,
                    -0.17498521506786346,
                    -0.10792689025402069,
                    -0.43506723642349243
                ],
                [
                    -0.20559194684028625,
                    0.8329468369483948,
                    0.5137425661087036,
                    2.07096266746521
                ],
                [
                    0.0,
                    0.5249568223953247,
                    -0.8511287569999695,
                    -3.4310100078582764
                ],
                [
                    0.0,
                    0.0,
                    0.0,
                    1.0
                ]
            ]
        },
        {
            "file_path": "/data/shapenet_blender/all_50_random/02958343/6be5a91bdd709a42634d30cd3ecea7e5/r_1",
            "rotation": 0.12566370614359174,
            "transform_matrix": [
                [
                    0.13428090512752533,
                    0.9555447697639465,
                    -0.2624935507774353,
                    -1.058145523071289
                ],
                [
                    -0.9909433126449585,
                    0.1294841170310974,
                    -0.035570017993450165,
                    -0.1433873474597931
                ],
                [
                    3.725290076417309e-09,
                    0.2648925185203552,
                    0.9642778635025024,
                    3.8871285915374756
                ],
                [
                    0.0,
                    0.0,
                    0.0,
                    1.0
                ]
            ]
        },
        {
            "file_path": "/data/shapenet_blender/all_50_random/02958343/6be5a91bdd709a42634d30cd3ecea7e5/r_2",
            "rotation": 0.12566370614359174,
            "transform_matrix": [
                [
                    -0.9106354713439941,
                    -0.24720399081707,
                    -0.33110925555229187,
                    -1.3347440958023071
                ],
                [
                    -0.41321080923080444,
                    0.5447890162467957,
                    0.7296997308731079,
                    2.941513776779175
                ],
                [
                    1.4901162970204496e-08,
                    0.801308274269104,
                    -0.5982515215873718,
                    -2.4116289615631104
                ],
                [
                    0.0,
                    0.0,
                    0.0,
                    1.0
                ]
            ]
        },
        {
            "file_path": "/data/shapenet_blender/all_50_random/02958343/6be5a91bdd709a42634d30cd3ecea7e5/r_3",
            "rotation": 0.12566370614359174,
            "transform_matrix": [
                [
                    0.42748308181762695,
                    -0.04880065843462944,
                    0.9027052521705627,
                    3.6389212608337402
                ],
                [
                    0.9040234088897705,
                    0.023076234385371208,
                    -0.4268597662448883,
                    -1.720726728439331
                ],
                [
                    0.0,
                    0.9985419511795044,
                    0.05398164317011833,
                    0.21760696172714233
                ],
                [
                    0.0,
                    0.0,
                    0.0,
                    1.0
                ]
            ]
        },
        {
            "file_path": "/data/shapenet_blender/all_50_random/02958343/6be5a91bdd709a42634d30cd3ecea7e5/r_4",
            "rotation": 0.12566370614359174,
            "transform_matrix": [
                [
                    -0.981378972530365,
                    0.06154750660061836,
                    -0.18195359408855438,
                    -0.7334784269332886
                ],
                [
                    -0.19208122789859772,
                    -0.3144577145576477,
                    0.9296349287033081,
                    3.7474782466888428
                ],
                [
                    0.0,
                    0.9472740888595581,
                    0.32042431831359863,
                    1.2916717529296875
                ],
                [
                    0.0,
                    0.0,
                    0.0,
                    1.0
                ]
            ]
        },
        {
            "file_path": "/data/shapenet_blender/all_50_random/02958343/6be5a91bdd709a42634d30cd3ecea7e5/r_5",
            "rotation": 0.12566370614359174,
            "transform_matrix": [
                [
                    -0.4878079891204834,
                    0.6390973329544067,
                    0.5946410894393921,
                    2.3970749378204346
                ],
                [
                    0.8729510307312012,
                    0.3571297526359558,
                    0.332287460565567,
                    1.3394936323165894
                ],
                [
                    1.4901161193847656e-08,
                    0.6811850070953369,
                    -0.7321113348007202,
                    -2.951235294342041
                ],
                [
                    0.0,
                    0.0,
                    0.0,
                    1.0
                ]
            ]
        },
        {
            "file_path": "/data/shapenet_blender/all_50_random/02958343/6be5a91bdd709a42634d30cd3ecea7e5/r_6",
            "rotation": 0.12566370614359174,
            "transform_matrix": [
                [
                    0.9273855686187744,
                    0.07316409796476364,
                    -0.366882860660553,
                    -1.478952169418335
                ],
                [
                    -0.3741069436073303,
                    0.18136879801750183,
                    -0.9094774723052979,
                    -3.6662209033966064
                ],
                [
                    0.0,
                    0.9806897044181824,
                    0.19557000696659088,
                    0.7883679270744324
                ],
                [
                    0.0,
                    0.0,
                    0.0,
                    1.0
                ]
            ]
        },
        {
            "file_path": "/data/shapenet_blender/all_50_random/02958343/6be5a91bdd709a42634d30cd3ecea7e5/r_7",
            "rotation": 0.12566370614359174,
            "transform_matrix": [
                [
                    -0.40669307112693787,
                    -0.05780712515115738,
                    0.9117341041564941,
                    3.6753177642822266
                ],
                [
                    0.9135648608207703,
                    -0.025734085589647293,
                    0.40587806701660156,
                    1.6361467838287354
                ],
                [
                    0.0,
                    0.9979959726333618,
                    0.06327643245458603,
                    0.25507545471191406
                ],
                [
                    0.0,
                    0.0,
                    0.0,
                    1.0
                ]
            ]
        },
        {
            "file_path": "/data/shapenet_blender/all_50_random/02958343/6be5a91bdd709a42634d30cd3ecea7e5/r_8",
            "rotation": 0.12566370614359174,
            "transform_matrix": [
                [
                    0.8372004628181458,
                    -0.3699674606323242,
                    -0.4027646481990814,
                    -1.6235963106155396
                ],
                [
                    -0.5468960404396057,
                    -0.5663542747497559,
                    -0.6165609359741211,
                    -2.4854369163513184
                ],
                [
                    0.0,
                    0.7364555597305298,
                    -0.6764857769012451,
                    -2.727001667022705
                ],
                [
                    0.0,
                    0.0,
                    0.0,
                    1.0
                ]
            ]
        },
        {
            "file_path": "/data/shapenet_blender/all_50_random/02958343/6be5a91bdd709a42634d30cd3ecea7e5/r_9",
            "rotation": 0.12566370614359174,
            "transform_matrix": [
                [
                    0.6647635102272034,
                    -0.39643916487693787,
                    -0.6331868171691895,
                    -2.552457332611084
                ],
                [
                    -0.747053861618042,
                    -0.3527701199054718,
                    -0.5634392499923706,
                    -2.2712960243225098
                ],
                [
                    0.0,
                    0.8475784063339233,
                    -0.530670166015625,
                    -2.1391994953155518
                ],
                [
                    0.0,
                    0.0,
                    0.0,
                    1.0
                ]
            ]
        },
        {
            "file_path": "/data/shapenet_blender/all_50_random/02958343/6be5a91bdd709a42634d30cd3ecea7e5/r_10",
            "rotation": 0.12566370614359174,
            "transform_matrix": [
                [
                    0.4833138585090637,
                    -0.4370832145214081,
                    0.7585287094116211,
                    3.057727336883545
                ],
                [
                    0.875447154045105,
                    0.24130339920520782,
                    -0.41876593232154846,
                    -1.6880996227264404
                ],
                [
                    0.0,
                    0.8664471507072449,
                    0.4992685914039612,
                    2.0126161575317383
                ],
                [
                    0.0,
                    0.0,
                    0.0,
                    1.0
                ]
            ]
        },
        {
            "file_path": "/data/shapenet_blender/all_50_random/02958343/6be5a91bdd709a42634d30cd3ecea7e5/r_11",
            "rotation": 0.12566370614359174,
            "transform_matrix": [
                [
                    -0.5897806286811829,
                    0.6953428983688354,
                    0.4106787443161011,
                    1.65549898147583
                ],
                [
                    0.8075634837150574,
                    0.5078235864639282,
                    0.29992735385894775,
                    1.2090458869934082
                ],
                [
                    1.4901161193847656e-08,
                    0.5085405707359314,
                    -0.8610380291938782,
                    -3.4709553718566895
                ],
                [
                    0.0,
                    0.0,
                    0.0,
                    1.0
                ]
            ]
        },
        {
            "file_path": "/data/shapenet_blender/all_50_random/02958343/6be5a91bdd709a42634d30cd3ecea7e5/r_12",
            "rotation": 0.12566370614359174,
            "transform_matrix": [
                [
                    -0.21168555319309235,
                    0.8799112439155579,
                    0.42537665367126465,
                    1.7147481441497803
                ],
                [
                    0.9773377776145935,
                    0.19058355689048767,
                    0.09213406592607498,
                    0.3714042901992798
                ],
                [
                    0.0,
                    0.43524011969566345,
                    -0.9003143906593323,
                    -3.6292834281921387
                ],
                [
                    0.0,
                    0.0,
                    0.0,
                    1.0
                ]
            ]
        },
        {
            "file_path": "/data/shapenet_blender/all_50_random/02958343/6be5a91bdd709a42634d30cd3ecea7e5/r_13",
            "rotation": 0.12566370614359174,
            "transform_matrix": [
                [
                    0.8164978623390198,
                    0.12218191474676132,
                    0.564271867275238,
                    2.2746529579162598
                ],
                [
                    0.5773484110832214,
                    -0.17279213666915894,
                    -0.798004686832428,
                    -3.216860055923462
                ],
                [
                    7.450580596923828e-09,
                    0.977350652217865,
                    -0.21162593364715576,
                    -0.8530914783477783
                ],
                [
                    0.0,
                    0.0,
                    0.0,
                    1.0
                ]
            ]
        },
        {
            "file_path": "/data/shapenet_blender/all_50_random/02958343/6be5a91bdd709a42634d30cd3ecea7e5/r_14",
            "rotation": 0.12566370614359174,
            "transform_matrix": [
                [
                    0.0069375489838421345,
                    -0.05990688502788544,
                    0.9981797933578491,
                    4.023791790008545
                ],
                [
                    0.9999759197235107,
                    0.0004156169597990811,
                    -0.006925087887793779,
                    -0.027915924787521362
                ],
                [
                    0.0,
                    0.9982039928436279,
                    0.059908319264650345,
                    0.2414981722831726
                ],
                [
                    0.0,
                    0.0,
                    0.0,
                    1.0
                ]
            ]
        },
        {
            "file_path": "/data/shapenet_blender/all_50_random/02958343/6be5a91bdd709a42634d30cd3ecea7e5/r_15",
            "rotation": 0.12566370614359174,
            "transform_matrix": [
                [
                    -0.794918954372406,
                    0.17648382484912872,
                    -0.5804803371429443,
                    -2.3399910926818848
                ],
                [
                    -0.606715738773346,
                    -0.23122909665107727,
                    0.7605453133583069,
                    3.0658562183380127
                ],
                [
                    1.4901161193847656e-08,
                    0.956758439540863,
                    0.2908838391304016,
                    1.1725902557373047
                ],
                [
                    0.0,
                    0.0,
                    0.0,
                    1.0
                ]
            ]
        },
        {
            "file_path": "/data/shapenet_blender/all_50_random/02958343/6be5a91bdd709a42634d30cd3ecea7e5/r_16",
            "rotation": 0.12566370614359174,
            "transform_matrix": [
                [
                    -0.8586907982826233,
                    0.13636738061904907,
                    -0.4940181374549866,
                    -1.9914509057998657
                ],
                [
                    -0.512493908405304,
                    -0.22848549485206604,
                    0.8277343511581421,
                    3.3367042541503906
                ],
                [
                    -7.450580596923828e-09,
                    0.9639492630958557,
                    0.26608583331108093,
                    1.0726264715194702
                ],
                [
                    0.0,
                    0.0,
                    0.0,
                    1.0
                ]
            ]
        },
        {
            "file_path": "/data/shapenet_blender/all_50_random/02958343/6be5a91bdd709a42634d30cd3ecea7e5/r_17",
            "rotation": 0.12566370614359174,
            "transform_matrix": [
                [
                    -0.22259198129177094,
                    -0.27779749035835266,
                    0.934495210647583,
                    3.767070770263672
                ],
                [
                    0.9749116897583008,
                    -0.06342676281929016,
                    0.21336407959461212,
                    0.860098123550415
                ],
                [
                    0.0,
                    0.9585434198379517,
                    0.2849463224411011,
                    1.1486554145812988
                ],
                [
                    0.0,
                    0.0,
                    0.0,
                    1.0
                ]
            ]
        },
        {
            "file_path": "/data/shapenet_blender/all_50_random/02958343/6be5a91bdd709a42634d30cd3ecea7e5/r_18",
            "rotation": 0.12566370614359174,
            "transform_matrix": [
                [
                    -0.4931271970272064,
                    -0.1961289793252945,
                    -0.8475605845451355,
                    -3.4166259765625
                ],
                [
                    -0.8699571490287781,
                    0.11117389798164368,
                    0.4804319143295288,
                    1.936682939529419
                ],
                [
                    -7.450580152834618e-09,
                    0.9742555022239685,
                    -0.2254466861486435,
                    -0.9088046550750732
                ],
                [
                    0.0,
                    0.0,
                    0.0,
                    1.0
                ]
            ]
        },
        {
            "file_path": "/data/shapenet_blender/all_50_random/02958343/6be5a91bdd709a42634d30cd3ecea7e5/r_19",
            "rotation": 0.12566370614359174,
            "transform_matrix": [
                [
                    0.9942857623100281,
                    -0.050726983696222305,
                    0.09392810612916946,
                    0.37863630056381226
                ],
                [
                    0.1067507192492485,
                    0.47247570753097534,
                    -0.8748548030853271,
                    -3.5266525745391846
                ],
                [
                    0.0,
                    0.8798826336860657,
                    0.47519102692604065,
                    1.9155563116073608
                ],
                [
                    0.0,
                    0.0,
                    0.0,
                    1.0
                ]
            ]
        },
        {
            "file_path": "/data/shapenet_blender/all_50_random/02958343/6be5a91bdd709a42634d30cd3ecea7e5/r_20",
            "rotation": 0.12566370614359174,
            "transform_matrix": [
                [
                    0.398851215839386,
                    -0.3940993845462799,
                    0.8280116319656372,
                    3.3378219604492188
                ],
                [
                    0.9170156717300415,
                    0.17141148447990417,
                    -0.3601393699645996,
                    -1.451768398284912
                ],
                [
                    0.0,
                    0.9029417634010315,
                    0.42976295948028564,
                    1.7324299812316895
                ],
                [
                    0.0,
                    0.0,
                    0.0,
                    1.0
                ]
            ]
        },
        {
            "file_path": "/data/shapenet_blender/all_50_random/02958343/6be5a91bdd709a42634d30cd3ecea7e5/r_21",
            "rotation": 0.12566370614359174,
            "transform_matrix": [
                [
                    0.4215778708457947,
                    -0.19678948819637299,
                    -0.8851812481880188,
                    -3.568279981613159
                ],
                [
                    -0.9067922234535217,
                    -0.09148965030908585,
                    -0.4115307033061981,
                    -1.658933401107788
                ],
                [
                    -7.450580596923828e-09,
                    0.9761677384376526,
                    -0.21701717376708984,
                    -0.8748242855072021
                ],
                [
                    0.0,
                    0.0,
                    0.0,
                    1.0
                ]
            ]
        },
        {
            "file_path": "/data/shapenet_blender/all_50_random/02958343/6be5a91bdd709a42634d30cd3ecea7e5/r_22",
            "rotation": 0.12566370614359174,
            "transform_matrix": [
                [
                    0.9047417640686035,
                    0.41519594192504883,
                    0.0951569452881813,
                    0.3835899531841278
                ],
                [
                    0.4259607493877411,
                    -0.8818772435188293,
                    -0.20211359858512878,
                    -0.8147460222244263
                ],
                [
                    0.0,
                    0.2233937531709671,
                    -0.9747282266616821,
                    -3.929255485534668
                ],
                [
                    0.0,
                    0.0,
                    0.0,
                    1.0
                ]
            ]
        },
        {
            "file_path": "/data/shapenet_blender/all_50_random/02958343/6be5a91bdd709a42634d30cd3ecea7e5/r_23",
            "rotation": 0.12566370614359174,
            "transform_matrix": [
                [
                    0.025770362466573715,
                    -0.8984739184379578,
                    0.4382697343826294,
                    1.7667218446731567
                ],
                [
                    0.9996679425239563,
                    0.023161688819527626,
                    -0.011298120953142643,
                    -0.045544181019067764
                ],
                [
                    0.0,
                    0.4384152591228485,
                    0.8987724781036377,
                    3.623067855834961
                ],
                [
                    0.0,
                    0.0,
                    0.0,
                    1.0
                ]
            ]
        },
        {
            "file_path": "/data/shapenet_blender/all_50_random/02958343/6be5a91bdd709a42634d30cd3ecea7e5/r_24",
            "rotation": 0.12566370614359174,
            "transform_matrix": [
                [
                    0.6621304750442505,
                    0.6661844849586487,
                    0.343192994594574,
                    1.3834551572799683
                ],
                [
                    0.7493885159492493,
                    -0.5886146426200867,
                    -0.3032319247722626,
                    -1.2223669290542603
                ],
                [
                    1.4901158529312397e-08,
                    0.4579640328884125,
                    -0.8889707326889038,
                    -3.5835554599761963
                ],
                [
                    0.0,
                    0.0,
                    0.0,
                    1.0
                ]
            ]
        },
        {
            "file_path": "/data/shapenet_blender/all_50_random/02958343/6be5a91bdd709a42634d30cd3ecea7e5/r_25",
            "rotation": 0.12566370614359174,
            "transform_matrix": [
                [
                    0.25498703122138977,
                    -0.14321421086788177,
                    -0.9562798738479614,
                    -3.8548877239227295
                ],
                [
                    -0.9669445157051086,
                    -0.03776613995432854,
                    -0.2521747052669525,
                    -1.0165488719940186
                ],
                [
                    3.725290298461914e-09,
                    0.988970935344696,
                    -0.148110032081604,
                    -0.5970507264137268
                ],
                [
                    0.0,
                    0.0,
                    0.0,
                    1.0
                ]
            ]
        },
        {
            "file_path": "/data/shapenet_blender/all_50_random/02958343/6be5a91bdd709a42634d30cd3ecea7e5/r_26",
            "rotation": 0.12566370614359174,
            "transform_matrix": [
                [
                    0.4291318655014038,
                    -0.11362410336732864,
                    -0.8960666060447693,
                    -3.6121602058410645
                ],
                [
                    -0.9032419323921204,
                    -0.05398301035165787,
                    -0.4257228374481201,
                    -1.7161437273025513
                ],
                [
                    0.0,
                    0.992056131362915,
                    -0.1257958561182022,
                    -0.5070993900299072
                ],
                [
                    0.0,
                    0.0,
                    0.0,
                    1.0
                ]
            ]
        },
        {
            "file_path": "/data/shapenet_blender/all_50_random/02958343/6be5a91bdd709a42634d30cd3ecea7e5/r_27",
            "rotation": 0.12566370614359174,
            "transform_matrix": [
                [
                    0.22022536396980286,
                    0.003980006091296673,
                    -0.9754408001899719,
                    -3.9321279525756836
                ],
                [
                    -0.9754490852355957,
                    0.0008985587046481669,
                    -0.22022347152233124,
                    -0.8877492547035217
                ],
                [
                    5.820766785236131e-11,
                    0.9999917149543762,
                    0.004080177750438452,
                    0.016447724774479866
                ],
                [
                    0.0,
                    0.0,
                    0.0,
                    1.0
                ]
            ]
        },
        {
            "file_path": "/data/shapenet_blender/all_50_random/02958343/6be5a91bdd709a42634d30cd3ecea7e5/r_28",
            "rotation": 0.12566370614359174,
            "transform_matrix": [
                [
                    -0.9937633275985718,
                    -0.09435977786779404,
                    0.05941970646381378,
                    0.23952846229076385
                ],
                [
                    0.11150996387004852,
                    -0.8409229516983032,
                    0.5295412540435791,
                    2.1346487998962402
                ],
                [
                    -3.725290298461914e-09,
                    0.5328645706176758,
                    0.8462005853652954,
                    3.4111433029174805
                ],
                [
                    0.0,
                    0.0,
                    0.0,
                    1.0
                ]
            ]
        },
        {
            "file_path": "/data/shapenet_blender/all_50_random/02958343/6be5a91bdd709a42634d30cd3ecea7e5/r_29",
            "rotation": 0.12566370614359174,
            "transform_matrix": [
                [
                    -0.47598791122436523,
                    0.2229916900396347,
                    0.8507115840911865,
                    3.429328203201294
                ],
                [
                    0.8794518709182739,
                    0.12069035321474075,
                    0.460432767868042,
                    1.8560638427734375
                ],
                [
                    0.0,
                    0.9673203229904175,
                    -0.25355759263038635,
                    -1.0221233367919922
                ],
                [
                    0.0,
                    0.0,
                    0.0,
                    1.0
                ]
            ]
        },
        {
            "file_path": "/data/shapenet_blender/all_50_random/02958343/6be5a91bdd709a42634d30cd3ecea7e5/r_30",
            "rotation": 0.12566370614359174,
            "transform_matrix": [
                [
                    -0.9761391878128052,
                    0.1601703017950058,
                    -0.14662092924118042,
                    -0.5910478830337524
                ],
                [
                    -0.21714559197425842,
                    -0.7200168967247009,
                    0.6591081023216248,
                    2.656949758529663
                ],
                [
                    0.0,
                    0.6752192378044128,
                    0.737617015838623,
                    2.9734292030334473
                ],
                [
                    0.0,
                    0.0,
                    0.0,
                    1.0
                ]
            ]
        },
        {
            "file_path": "/data/shapenet_blender/all_50_random/02958343/6be5a91bdd709a42634d30cd3ecea7e5/r_31",
            "rotation": 0.12566370614359174,
            "transform_matrix": [
                [
                    0.7136774659156799,
                    0.6855313777923584,
                    -0.14391428232192993,
                    -0.5801370143890381
                ],
                [
                    -0.7004745006561279,
                    0.6984527111053467,
                    -0.14662687480449677,
                    -0.5910718441009521
                ],
                [
                    -7.4505797087454084e-09,
                    0.2054525762796402,
                    0.9786670804023743,
                    3.9451332092285156
                ],
                [
                    0.0,
                    0.0,
                    0.0,
                    1.0
                ]
            ]
        },
        {
            "file_path": "/data/shapenet_blender/all_50_random/02958343/6be5a91bdd709a42634d30cd3ecea7e5/r_32",
            "rotation": 0.12566370614359174,
            "transform_matrix": [
                [
                    -0.7666179537773132,
                    -0.12047871947288513,
                    0.6306994557380676,
                    2.542430877685547
                ],
                [
                    0.6421035528182983,
                    -0.14384150505065918,
                    0.753002405166626,
                    3.035449743270874
                ],
                [
                    -7.450581485102248e-09,
                    0.9822394251823425,
                    0.187631294131279,
                    0.756365954875946
                ],
                [
                    0.0,
                    0.0,
                    0.0,
                    1.0
                ]
            ]
        },
        {
            "file_path": "/data/shapenet_blender/all_50_random/02958343/6be5a91bdd709a42634d30cd3ecea7e5/r_33",
            "rotation": 0.12566370614359174,
            "transform_matrix": [
                [
                    -0.7119930386543274,
                    -0.11811770498752594,
                    0.6921806335449219,
                    2.790269613265991
                ],
                [
                    0.7021865248680115,
                    -0.11976730823516846,
                    0.7018474340438843,
                    2.829237699508667
                ],
                [
                    7.450580596923828e-09,
                    0.9857504367828369,
                    0.16821414232254028,
                    0.6780929565429688
                ],
                [
                    0.0,
                    0.0,
                    0.0,
                    1.0
                ]
            ]
        },
        {
            "file_path": "/data/shapenet_blender/all_50_random/02958343/6be5a91bdd709a42634d30cd3ecea7e5/r_34",
            "rotation": 0.12566370614359174,
            "transform_matrix": [
                [
                    0.15689313411712646,
                    -0.6128606796264648,
                    -0.774458646774292,
                    -3.1219427585601807
                ],
                [
                    -0.9876155853271484,
                    -0.09735937416553497,
                    -0.12303091585636139,
                    -0.4959535002708435
                ],
                [
                    0.0,
                    0.7841701507568359,
                    -0.6205458045005798,
                    -2.501500129699707
                ],
                [
                    0.0,
                    0.0,
                    0.0,
                    1.0
                ]
            ]
        },
        {
            "file_path": "/data/shapenet_blender/all_50_random/02958343/6be5a91bdd709a42634d30cd3ecea7e5/r_35",
            "rotation": 0.12566370614359174,
            "transform_matrix": [
                [
                    0.9912661910057068,
                    -0.12055473029613495,
                    -0.05345911160111427,
                    -0.2155005931854248
                ],
                [
                    -0.1318761557340622,
                    -0.9061670303344727,
                    -0.40183311700820923,
                    -1.61984121799469
                ],
                [
                    -3.725290298461914e-09,
                    0.4053737223148346,
                    -0.9141510725021362,
                    -3.685060977935791
                ],
                [
                    0.0,
                    0.0,
                    0.0,
                    1.0
                ]
            ]
        },
        {
            "file_path": "/data/shapenet_blender/all_50_random/02958343/6be5a91bdd709a42634d30cd3ecea7e5/r_36",
            "rotation": 0.12566370614359174,
            "transform_matrix": [
                [
                    -0.5731969475746155,
                    -0.37661242485046387,
                    -0.7277418971061707,
                    -2.933621406555176
                ],
                [
                    -0.8194175958633423,
                    0.26344701647758484,
                    0.5090682506561279,
                    2.052119731903076
                ],
                [
                    0.0,
                    0.8881209492683411,
                    -0.45960989594459534,
                    -1.8527467250823975
                ],
                [
                    0.0,
                    0.0,
                    0.0,
                    1.0
                ]
            ]
        },
        {
            "file_path": "/data/shapenet_blender/all_50_random/02958343/6be5a91bdd709a42634d30cd3ecea7e5/r_37",
            "rotation": 0.12566370614359174,
            "transform_matrix": [
                [
                    -0.3857446312904358,
                    0.003045112593099475,
                    -0.9226005673408508,
                    -3.7191219329833984
                ],
                [
                    -0.9226056337356567,
                    -0.0012731722090393305,
                    0.38574251532554626,
                    1.5549777746200562
                ],
                [
                    0.0,
                    0.9999945759773254,
                    0.0033005571458488703,
                    0.013304971158504486
                ],
                [
                    0.0,
                    0.0,
                    0.0,
                    1.0
                ]
            ]
        },
        {
            "file_path": "/data/shapenet_blender/all_50_random/02958343/6be5a91bdd709a42634d30cd3ecea7e5/r_38",
            "rotation": 0.12566370614359174,
            "transform_matrix": [
                [
                    0.8364689946174622,
                    0.026291558519005775,
                    -0.5473833084106445,
                    -2.2065727710723877
                ],
                [
                    -0.5480144023895264,
                    0.04013046249747276,
                    -0.8355056643486023,
                    -3.3680310249328613
                ],
                [
                    0.0,
                    0.9988484382629395,
                    0.04797603562474251,
                    0.19339758157730103
                ],
                [
                    0.0,
                    0.0,
                    0.0,
                    1.0
                ]
            ]
        },
        {
            "file_path": "/data/shapenet_blender/all_50_random/02958343/6be5a91bdd709a42634d30cd3ecea7e5/r_39",
            "rotation": 0.12566370614359174,
            "transform_matrix": [
                [
                    0.6141917705535889,
                    -0.40794941782951355,
                    -0.6755335330963135,
                    -2.72316312789917
                ],
                [
                    -0.7891567349433899,
                    -0.3175024092197418,
                    -0.5257601141929626,
                    -2.1194069385528564
                ],
                [
                    1.4901161193847656e-08,
                    0.8560194373130798,
                    -0.5169433951377869,
                    -2.0838656425476074
                ],
                [
                    0.0,
                    0.0,
                    0.0,
                    1.0
                ]
            ]
        },
        {
            "file_path": "/data/shapenet_blender/all_50_random/02958343/6be5a91bdd709a42634d30cd3ecea7e5/r_40",
            "rotation": 0.12566370614359174,
            "transform_matrix": [
                [
                    -0.1177978664636612,
                    -0.9177888631820679,
                    -0.37919312715530396,
                    -1.528576374053955
                ],
                [
                    -0.9930377006530762,
                    0.10887156426906586,
                    0.04498131200671196,
                    0.18132546544075012
                ],
                [
                    3.725290742551124e-09,
                    0.3818516731262207,
                    -0.9242235422134399,
                    -3.7256643772125244
                ],
                [
                    0.0,
                    0.0,
                    0.0,
                    1.0
                ]
            ]
        },
        {
            "file_path": "/data/shapenet_blender/all_50_random/02958343/6be5a91bdd709a42634d30cd3ecea7e5/r_41",
            "rotation": 0.12566370614359174,
            "transform_matrix": [
                [
                    0.9999643564224243,
                    0.008409680798649788,
                    0.0006516451830975711,
                    0.002626866102218628
                ],
                [
                    0.00843488983809948,
                    -0.996975839138031,
                    -0.07725317031145096,
                    -0.31141752004623413
                ],
