{
    "class": "02958343",
    "model": "ac85727971fe63dd2c67ef33d7521ade",
    "remove_doubles": true,
    "edge_split": true,
    "denoise": true,
    "camera_angle_x": 0.6911112070083618,
    "scale_factor": 2.30002703460045,
    "hdri_file": "/data/IndoorHDRDataset2018/AG8A9277-4967b4c565.exr",
    "center_offset": [
        0.0,
        -3.725290298461914e-09,
        0.0
    ],
    "lights": [],
    "frames": [
        {
            "file_path": "/data/shapenet_blender/all_50_random/02958343/ac85727971fe63dd2c67ef33d7521ade/r_0",
            "rotation": 0.12566370614359174,
            "transform_matrix": [
                [
                    -0.6043582558631897,
                    0.5647345781326294,
                    0.5619837641716003,
                    2.2654290199279785
                ],
                [
                    0.7967125773429871,
                    0.42838793992996216,
                    0.4263012111186981,
                    1.718475103378296
                ],
                [
                    -1.4901161193847656e-08,
                    0.7053781151771545,
                    -0.7088310718536377,
                    -2.857389450073242
                ],
                [
                    0.0,
                    0.0,
                    0.0,
                    1.0
                ]
            ]
        },
        {
            "file_path": "/data/shapenet_blender/all_50_random/02958343/ac85727971fe63dd2c67ef33d7521ade/r_1",
            "rotation": 0.12566370614359174,
            "transform_matrix": [
                [
                    0.1958899348974228,
                    0.868630051612854,
                    -0.45509228110313416,
                    -1.8345354795455933
                ],
                [
                    -0.9806259870529175,
                    0.1735175997018814,
                    -0.09090927243232727,
                    -0.3664669692516327
                ],
                [
                    0.0,
                    0.4640834331512451,
                    0.885791540145874,
                    3.570739507675171
                ],
                [
                    0.0,
                    0.0,
                    0.0,
                    1.0
                ]
            ]
        },
        {
            "file_path": "/data/shapenet_blender/all_50_random/02958343/ac85727971fe63dd2c67ef33d7521ade/r_2",
            "rotation": 0.12566370614359174,
            "transform_matrix": [
                [
                    0.4770074784755707,
                    -0.006537082605063915,
                    0.8788748979568481,
                    3.542858123779297
                ],
                [
                    0.8788992166519165,
                    0.003547889646142721,
                    -0.4769943058490753,
                    -1.922825574874878
                ],
                [
                    0.0,
                    0.9999722838401794,
                    0.0074378070421516895,
                    0.029982758685946465
                ],
                [
                    0.0,
                    0.0,
                    0.0,
                    1.0
                ]
            ]
        },
        {
            "file_path": "/data/shapenet_blender/all_50_random/02958343/ac85727971fe63dd2c67ef33d7521ade/r_3",
            "rotation": 0.12566370614359174,
            "transform_matrix": [
                [
                    -0.8073470592498779,
                    0.047666285187006,
                    -0.5881485939025879,
                    -2.3709027767181396
                ],
                [
                    -0.5900769829750061,
                    -0.06521730870008469,
                    0.8047085404396057,
                    3.2438838481903076
                ],
                [
                    -3.725290742551124e-09,
                    0.9967319369316101,
                    0.0807797759771347,
                    0.325633704662323
                ],
                [
                    0.0,
                    0.0,
                    0.0,
                    1.0
                ]
            ]
        },
        {
            "file_path": "/data/shapenet_blender/all_50_random/02958343/ac85727971fe63dd2c67ef33d7521ade/r_4",
            "rotation": 0.12566370614359174,
            "transform_matrix": [
                [
                    0.8369883298873901,
                    -0.4666195511817932,
                    -0.28586143255233765,
                    -1.1523443460464478
                ],
                [
                    -0.547220766544342,
                    -0.7137066721916199,
                    -0.43723243474960327,
                    -1.762540340423584
                ],
                [
                    -1.4901161193847656e-08,
                    0.5223875641822815,
                    -0.852708101272583,
                    -3.4373762607574463
                ],
                [
                    0.0,
                    0.0,
                    0.0,
                    1.0
                ]
            ]
        },
        {
            "file_path": "/data/shapenet_blender/all_50_random/02958343/ac85727971fe63dd2c67ef33d7521ade/r_5",
            "rotation": 0.12566370614359174,
            "transform_matrix": [
                [
                    0.9638347625732422,
                    0.0975382998585701,
                    -0.24800986051559448,
                    -0.9997597336769104
                ],
                [
                    -0.26650071144104004,
                    0.35276007652282715,
                    -0.8969602584838867,
                    -3.61576247215271
                ],
                [
                    0.0,
                    0.9306163191795349,
                    0.36599642038345337,
                    1.4753787517547607
                ],
                [
                    0.0,
                    0.0,
                    0.0,
                    1.0
                ]
            ]
        },
        {
            "file_path": "/data/shapenet_blender/all_50_random/02958343/ac85727971fe63dd2c67ef33d7521ade/r_6",
            "rotation": 0.12566370614359174,
            "transform_matrix": [
                [
                    -0.851354718208313,
                    0.4662880301475525,
                    -0.24035529792308807,
                    -0.9689031839370728
                ],
                [
                    -0.5245905518531799,
                    -0.7567359209060669,
                    0.3900710940361023,
                    1.5724269151687622
                ],
                [
                    0.0,
                    0.45817697048187256,
                    0.8888610601425171,
                    3.583113431930542
                ],
                [
                    0.0,
                    0.0,
                    0.0,
                    1.0
                ]
            ]
        },
        {
            "file_path": "/data/shapenet_blender/all_50_random/02958343/ac85727971fe63dd2c67ef33d7521ade/r_7",
            "rotation": 0.12566370614359174,
            "transform_matrix": [
                [
                    0.1987059861421585,
                    -0.6298215389251709,
                    -0.750893235206604,
                    -3.0269477367401123
                ],
                [
                    -0.9800592064857483,
                    -0.12769566476345062,
                    -0.15224282443523407,
                    -0.6137105226516724
                ],
                [
                    0.0,
                    0.766171395778656,
                    -0.6426361799240112,
                    -2.5905494689941406
                ],
                [
                    0.0,
                    0.0,
                    0.0,
                    1.0
                ]
            ]
        },
        {
            "file_path": "/data/shapenet_blender/all_50_random/02958343/ac85727971fe63dd2c67ef33d7521ade/r_8",
            "rotation": 0.12566370614359174,
            "transform_matrix": [
                [
                    0.6575068235397339,
                    0.012571620754897594,
                    -0.7533436417579651,
                    -3.036825656890869
                ],
                [
                    -0.7534486651420593,
                    0.010970789939165115,
                    -0.6574152112007141,
                    -2.650125741958618
                ],
                [
                    0.0,
                    0.9998607635498047,
                    0.01668543741106987,
                    0.06726115942001343
                ],
                [
                    0.0,
                    0.0,
                    0.0,
                    1.0
                ]
            ]
        },
        {
            "file_path": "/data/shapenet_blender/all_50_random/02958343/ac85727971fe63dd2c67ef33d7521ade/r_9",
            "rotation": 0.12566370614359174,
            "transform_matrix": [
                [
                    0.8145527839660645,
                    -0.3397190570831299,
                    0.47020724415779114,
                    1.8954660892486572
                ],
                [
                    0.5800895690917969,
                    0.47702816128730774,
                    -0.6602576375007629,
                    -2.661583662033081
                ],
                [
                    1.4901162970204496e-08,
                    0.810576856136322,
                    0.5856320858001709,
                    2.3607585430145264
                ],
                [
                    0.0,
                    0.0,
                    0.0,
                    1.0
                ]
            ]
        },
        {
            "file_path": "/data/shapenet_blender/all_50_random/02958343/ac85727971fe63dd2c67ef33d7521ade/r_10",
            "rotation": 0.12566370614359174,
            "transform_matrix": [
                [
                    0.9295656681060791,
                    0.10616932064294815,
                    -0.3530377149581909,
                    -1.423140525817871
                ],
                [
                    -0.3686563968658447,
                    0.267705500125885,
                    -0.8901832103729248,
                    -3.5884432792663574
                ],
                [
                    -7.450580152834618e-09,
                    0.9576334357261658,
                    0.28798988461494446,
                    1.1609243154525757
                ],
                [
                    0.0,
                    0.0,
                    0.0,
                    1.0
                ]
            ]
        },
        {
            "file_path": "/data/shapenet_blender/all_50_random/02958343/ac85727971fe63dd2c67ef33d7521ade/r_11",
            "rotation": 0.12566370614359174,
            "transform_matrix": [
                [
                    -0.6036713123321533,
                    -0.06589379906654358,
                    0.7945054173469543,
                    3.202753782272339
                ],
                [
                    0.7972332835197449,
                    -0.04989531263709068,
                    0.6016058325767517,
                    2.4251506328582764
                ],
                [
                    0.0,
                    0.9965782761573792,
                    0.08265311270952225,
                    0.3331853449344635
                ],
                [
                    0.0,
                    0.0,
                    0.0,
                    1.0
                ]
            ]
        },
        {
            "file_path": "/data/shapenet_blender/all_50_random/02958343/ac85727971fe63dd2c67ef33d7521ade/r_12",
            "rotation": 0.12566370614359174,
            "transform_matrix": [
                [
                    0.33390164375305176,
                    0.023727497085928917,
                    -0.9423091411590576,
                    -3.798569917678833
                ],
                [
                    -0.9426079392433167,
                    0.008405032567679882,
                    -0.33379581570625305,
                    -1.345574140548706
                ],
                [
                    0.0,
                    0.9996830821037292,
                    0.02517217956483364,
                    0.10147231072187424
                ],
                [
                    0.0,
                    0.0,
                    0.0,
                    1.0
                ]
            ]
        },
        {
            "file_path": "/data/shapenet_blender/all_50_random/02958343/ac85727971fe63dd2c67ef33d7521ade/r_13",
            "rotation": 0.12566370614359174,
            "transform_matrix": [
                [
                    -0.9457778930664062,
                    -0.09759073704481125,
                    0.30980685353279114,
                    1.2488713264465332
                ],
                [
                    0.3248141407966614,
                    -0.28415992856025696,
                    0.9020803570747375,
                    3.636402130126953
                ],
                [
                    7.450580596923828e-09,
                    0.9537972211837769,
                    0.30045104026794434,
                    1.2111568450927734
                ],
                [
                    0.0,
                    0.0,
                    0.0,
                    1.0
                ]
            ]
        },
        {
            "file_path": "/data/shapenet_blender/all_50_random/02958343/ac85727971fe63dd2c67ef33d7521ade/r_14",
            "rotation": 0.12566370614359174,
            "transform_matrix": [
                [
                    0.33423087000846863,
                    0.3743791878223419,
                    0.864945113658905,
                    3.4867048263549805
                ],
                [
                    0.9424912333488464,
                    -0.13276417553424835,
                    -0.30673107504844666,
                    -1.2364723682403564
                ],
                [
                    -7.450580152834618e-09,
                    0.9177220463752747,
                    -0.3972230553627014,
                    -1.6012572050094604
                ],
                [
                    0.0,
                    0.0,
                    0.0,
                    1.0
                ]
            ]
        },
        {
            "file_path": "/data/shapenet_blender/all_50_random/02958343/ac85727971fe63dd2c67ef33d7521ade/r_15",
            "rotation": 0.12566370614359174,
            "transform_matrix": [
                [
                    0.5221918821334839,
                    0.5391920804977417,
                    0.6607476472854614,
                    2.6635589599609375
                ],
                [
                    0.8528279066085815,
                    -0.3301507234573364,
                    -0.4045799672603607,
                    -1.6309139728546143
                ],
                [
                    0.0,
                    0.7747725248336792,
                    -0.6322401165962219,
                    -2.5486414432525635
                ],
                [
                    0.0,
                    0.0,
                    0.0,
                    1.0
                ]
            ]
        },
        {
            "file_path": "/data/shapenet_blender/all_50_random/02958343/ac85727971fe63dd2c67ef33d7521ade/r_16",
            "rotation": 0.12566370614359174,
            "transform_matrix": [
                [
                    -0.9479319453239441,
                    0.02582157775759697,
                    -0.3174246847629547,
                    -1.279579758644104
                ],
                [
                    -0.3184732496738434,
                    -0.07685762643814087,
                    0.9448109269142151,
                    3.808654546737671
                ],
                [
                    0.0,
                    0.9967076182365417,
                    0.08107927441596985,
                    0.32684099674224854
                ],
                [
                    0.0,
                    0.0,
                    0.0,
                    1.0
                ]
            ]
        },
        {
            "file_path": "/data/shapenet_blender/all_50_random/02958343/ac85727971fe63dd2c67ef33d7521ade/r_17",
            "rotation": 0.12566370614359174,
            "transform_matrix": [
                [
                    0.9327983856201172,
                    0.022242164239287376,
                    0.3597116768360138,
                    1.4500439167022705
                ],
                [
                    0.36039865016937256,
                    -0.05756806954741478,
                    -0.9310203194618225,
                    -3.7530624866485596
                ],
                [
                    0.0,
                    0.9980937838554382,
                    -0.06171545386314392,
                    -0.2487829178571701
                ],
                [
                    0.0,
                    0.0,
                    0.0,
                    1.0
                ]
            ]
        },
        {
            "file_path": "/data/shapenet_blender/all_50_random/02958343/ac85727971fe63dd2c67ef33d7521ade/r_18",
            "rotation": 0.12566370614359174,
            "transform_matrix": [
                [
                    -0.869269609451294,
                    -0.18092334270477295,
                    0.4600403308868408,
                    1.8544819355010986
                ],
                [
                    0.49433833360671997,
                    -0.318144828081131,
                    0.8089582920074463,
                    3.2610151767730713
                ],
                [
                    1.4901161193847656e-08,
                    0.930618405342102,
                    0.36599093675613403,
                    1.4753566980361938
                ],
                [
                    0.0,
                    0.0,
                    0.0,
                    1.0
                ]
            ]
        },
        {
            "file_path": "/data/shapenet_blender/all_50_random/02958343/ac85727971fe63dd2c67ef33d7521ade/r_19",
            "rotation": 0.12566370614359174,
            "transform_matrix": [
                [
                    -0.9999088048934937,
                    0.011565296910703182,
                    0.006983212660998106,
                    0.028150230646133423
                ],
                [
                    0.01351004745811224,
                    0.8559734225273132,
                    0.5168431401252747,
                    2.083461284637451
                ],
                [
                    0.0,
                    0.516890287399292,
                    -0.8560516238212585,
                    -3.450854539871216
                ],
                [
                    0.0,
                    0.0,
                    0.0,
                    1.0
                ]
            ]
        },
        {
            "file_path": "/data/shapenet_blender/all_50_random/02958343/ac85727971fe63dd2c67ef33d7521ade/r_20",
            "rotation": 0.12566370614359174,
            "transform_matrix": [
                [
                    0.9673187136650085,
                    -0.21590758860111237,
                    -0.13296006619930267,
                    -0.5359792113304138
                ],
                [
                    -0.2535635232925415,
                    -0.8236651420593262,
                    -0.5072289109230042,
                    -2.044705390930176
                ],
                [
                    0.0,
                    0.5243657231330872,
                    -0.8514929413795471,
                    -3.432478189468384
                ],
                [
                    0.0,
                    0.0,
                    0.0,
                    1.0
                ]
            ]
        },
        {
            "file_path": "/data/shapenet_blender/all_50_random/02958343/ac85727971fe63dd2c67ef33d7521ade/r_21",
            "rotation": 0.12566370614359174,
            "transform_matrix": [
                [
                    0.9015750288963318,
                    0.21790701150894165,
                    -0.3737366795539856,
                    -1.5065807104110718
                ],
                [
                    -0.43262290954589844,
                    0.45411258935928345,
                    -0.7788575887680054,
                    -3.1396753787994385
                ],
                [
                    0.0,
                    0.8638855218887329,
                    0.5036880970001221,
                    2.0304317474365234
                ],
                [
                    0.0,
                    0.0,
                    0.0,
                    1.0
                ]
            ]
        },
        {
            "file_path": "/data/shapenet_blender/all_50_random/02958343/ac85727971fe63dd2c67ef33d7521ade/r_22",
            "rotation": 0.12566370614359174,
            "transform_matrix": [
                [
                    -0.2581465244293213,
                    0.7850831747055054,
                    0.5630317330360413,
                    2.269653558731079
                ],
                [
                    0.9661058187484741,
                    0.20977671444416046,
                    0.15044385194778442,
                    0.6064585447311401
                ],
                [
                    -7.450580596923828e-09,
                    0.5827848315238953,
                    -0.8126265406608582,
                    -3.2758023738861084
                ],
                [
                    0.0,
                    0.0,
                    0.0,
                    1.0
                ]
            ]
        },
        {
            "file_path": "/data/shapenet_blender/all_50_random/02958343/ac85727971fe63dd2c67ef33d7521ade/r_23",
            "rotation": 0.12566370614359174,
            "transform_matrix": [
                [
                    0.909378707408905,
                    -0.3182806670665741,
                    0.26782023906707764,
                    1.079617977142334
                ],
                [
                    0.41596904397010803,
                    0.69581538438797,
                    -0.5855003595352173,
                    -2.360227584838867
                ],
                [
                    0.0,
                    0.6438466310501099,
                    0.7651545405387878,
                    3.0844368934631348
                ],
                [
                    0.0,
                    0.0,
                    0.0,
                    1.0
                ]
            ]
        },
        {
            "file_path": "/data/shapenet_blender/all_50_random/02958343/ac85727971fe63dd2c67ef33d7521ade/r_24",
            "rotation": 0.12566370614359174,
            "transform_matrix": [
                [
                    -0.9416247606277466,
                    0.08411058038473129,
                    -0.3259882628917694,
                    -1.314100742340088
                ],
                [
                    -0.33666443824768066,
                    -0.23525087535381317,
                    0.9117642641067505,
                    3.6754393577575684
                ],
                [
                    -7.450580596923828e-09,
                    0.9682884812355042,
                    0.2498350441455841,
                    1.0071172714233398
                ],
                [
                    0.0,
                    0.0,
                    0.0,
                    1.0
                ]
            ]
        },
        {
            "file_path": "/data/shapenet_blender/all_50_random/02958343/ac85727971fe63dd2c67ef33d7521ade/r_25",
            "rotation": 0.12566370614359174,
            "transform_matrix": [
                [
                    0.13683222234249115,
                    -0.14322902262210846,
                    -0.9801848530769348,
                    -3.95125150680542
                ],
                [
                    -0.9905942678451538,
                    -0.019784431904554367,
                    -0.1353943645954132,
                    -0.5457921624183655
                ],
                [
                    1.862645371275562e-09,
                    0.9894917607307434,
                    -0.14458897709846497,
                    -0.5828568339347839
                ],
                [
                    0.0,
                    0.0,
                    0.0,
                    1.0
                ]
            ]
        },
        {
            "file_path": "/data/shapenet_blender/all_50_random/02958343/ac85727971fe63dd2c67ef33d7521ade/r_26",
            "rotation": 0.12566370614359174,
            "transform_matrix": [
                [
                    -0.9997230768203735,
                    0.023376762866973877,
                    -0.0027196721639484167,
                    -0.010963350534439087
                ],
                [
                    -0.023534437641501427,
                    -0.9930251836776733,
                    0.1155293807387352,
                    0.46571385860443115
                ],
                [
                    0.0,
                    0.11556125432252884,
                    0.9933002591133118,
                    4.004121780395508
                ],
                [
                    0.0,
                    0.0,
                    0.0,
                    1.0
                ]
            ]
        },
        {
            "file_path": "/data/shapenet_blender/all_50_random/02958343/ac85727971fe63dd2c67ef33d7521ade/r_27",
            "rotation": 0.12566370614359174,
            "transform_matrix": [
                [
                    0.6367897987365723,
                    -0.043458011001348495,
                    -0.769811749458313,
                    -3.10321044921875
                ],
                [
                    -0.7710375189781189,
                    -0.03589140623807907,
                    -0.6357775330543518,
                    -2.562901258468628
                ],
                [
                    0.0,
                    0.9984103441238403,
                    -0.05636303871870041,
                    -0.22720667719841003
                ],
                [
                    0.0,
                    0.0,
                    0.0,
                    1.0
                ]
            ]
        },
        {
            "file_path": "/data/shapenet_blender/all_50_random/02958343/ac85727971fe63dd2c67ef33d7521ade/r_28",
            "rotation": 0.12566370614359174,
            "transform_matrix": [
                [
                    0.7609212398529053,
                    -0.36700454354286194,
                    0.5350760817527771,
                    2.1569607257843018
                ],
                [
                    0.6488441824913025,
                    0.43039852380752563,
                    -0.6275016069412231,
                    -2.5295398235321045
                ],
                [
                    -1.4901161193847656e-08,
                    0.8246603012084961,
                    0.565628170967102,
                    2.2801201343536377
                ],
                [
                    0.0,
                    0.0,
                    0.0,
                    1.0
                ]
            ]
        },
        {
            "file_path": "/data/shapenet_blender/all_50_random/02958343/ac85727971fe63dd2c67ef33d7521ade/r_29",
            "rotation": 0.12566370614359174,
            "transform_matrix": [
                [
                    0.16472093760967255,
                    0.5248390436172485,
                    0.8351112604141235,
                    3.366441249847412
                ],
                [
                    0.9863402843475342,
                    -0.08764925599098206,
                    -0.13946537673473358,
                    -0.5622029304504395
                ],
                [
                    7.450581485102248e-09,
                    0.8466766476631165,
                    -0.5321076512336731,
                    -2.1449944972991943
                ],
                [
                    0.0,
                    0.0,
                    0.0,
                    1.0
                ]
            ]
        },
        {
            "file_path": "/data/shapenet_blender/all_50_random/02958343/ac85727971fe63dd2c67ef33d7521ade/r_30",
            "rotation": 0.12566370614359174,
            "transform_matrix": [
                [
                    -0.1294715404510498,
                    -0.07378361374139786,
                    0.9888342022895813,
                    3.9861180782318115
                ],
                [
                    0.9915831685066223,
                    -0.009633965790271759,
                    0.1291126161813736,
                    0.520469605922699
                ],
                [
                    0.0,
                    0.997227668762207,
                    0.07440991699695587,
                    0.29995596408843994
                ],
                [
                    0.0,
                    0.0,
                    0.0,
                    1.0
                ]
            ]
        },
        {
            "file_path": "/data/shapenet_blender/all_50_random/02958343/ac85727971fe63dd2c67ef33d7521ade/r_31",
            "rotation": 0.12566370614359174,
            "transform_matrix": [
                [
                    -0.3287787139415741,
                    0.2207234501838684,
                    -0.9182514548301697,
                    -3.701590061187744
                ],
                [
                    -0.9444069862365723,
                    -0.07684098929166794,
                    0.3196731209754944,
                    1.2886435985565186
                ],
                [
                    0.0,
                    0.9723048210144043,
                    0.2337164282798767,
                    0.942141056060791
                ],
                [
                    0.0,
                    0.0,
                    0.0,
                    1.0
                ]
            ]
        },
        {
            "file_path": "/data/shapenet_blender/all_50_random/02958343/ac85727971fe63dd2c67ef33d7521ade/r_32",
            "rotation": 0.12566370614359174,
            "transform_matrix": [
                [
                    -0.12709899246692657,
                    -0.4811110198497772,
                    -0.8673973083496094,
                    -3.4965903759002686
                ],
                [
                    -0.9918900728225708,
                    0.061648692935705185,
                    0.1111467182636261,
                    0.4480467438697815
                ],
                [
                    -3.725290298461914e-09,
                    0.8744893670082092,
                    -0.4850446879863739,
                    -1.955277681350708
                ],
                [
                    0.0,
                    0.0,
                    0.0,
                    1.0
                ]
            ]
        },
        {
            "file_path": "/data/shapenet_blender/all_50_random/02958343/ac85727971fe63dd2c67ef33d7521ade/r_33",
            "rotation": 0.12566370614359174,
            "transform_matrix": [
                [
                    0.9944887161254883,
                    3.0376086215255782e-05,
                    -0.10484395176172256,
                    -0.4226394593715668
                ],
                [
                    -0.10484396666288376,
                    0.0002881298423744738,
                    -0.9944885969161987,
                    -4.008911609649658
                ],
                [
                    0.0,
                    1.0,
                    0.0002897265658248216,
                    0.0011679250746965408
                ],
                [
                    0.0,
                    0.0,
                    0.0,
                    1.0
                ]
            ]
        },
        {
            "file_path": "/data/shapenet_blender/all_50_random/02958343/ac85727971fe63dd2c67ef33d7521ade/r_34",
            "rotation": 0.12566370614359174,
            "transform_matrix": [
                [
                    -0.13335971534252167,
                    0.6867126226425171,
                    0.7145913243293762,
                    2.8806099891662598
                ],
                [
                    0.9910677671432495,
                    0.09240519255399704,
                    0.09615659713745117,
                    0.38761967420578003
                ],
                [
                    0.0,
                    0.7210318446159363,
                    -0.6929018497467041,
                    -2.7931768894195557
                ],
                [
                    0.0,
                    0.0,
                    0.0,
                    1.0
                ]
            ]
        },
        {
            "file_path": "/data/shapenet_blender/all_50_random/02958343/ac85727971fe63dd2c67ef33d7521ade/r_35",
            "rotation": 0.12566370614359174,
            "transform_matrix": [
                [
                    -0.5335028171539307,
                    -0.24014714360237122,
                    0.8109895586967468,
                    3.2692034244537354
                ],
                [
                    0.8457981944084167,
                    -0.15147723257541656,
                    0.5115466117858887,
                    2.062110424041748
                ],
                [
                    7.450580152834618e-09,
                    0.9588450789451599,
                    0.28392958641052246,
                    1.1445567607879639
                ],
                [
                    0.0,
                    0.0,
                    0.0,
                    1.0
                ]
            ]
        },
        {
            "file_path": "/data/shapenet_blender/all_50_random/02958343/ac85727971fe63dd2c67ef33d7521ade/r_36",
            "rotation": 0.12566370614359174,
            "transform_matrix": [
                [
                    -0.8500945568084717,
                    -0.3897188603878021,
                    0.35420122742652893,
                    1.4278309345245361
                ],
                [
                    0.526630163192749,
                    -0.6290901899337769,
                    0.5717570781707764,
                    2.3048267364501953
                ],
                [
                    -1.4901161193847656e-08,
                    0.6725807785987854,
                    0.740023672580719,
                    2.983131170272827
                ],
                [
                    0.0,
                    0.0,
                    0.0,
                    1.0
                ]
            ]
        },
        {
            "file_path": "/data/shapenet_blender/all_50_random/02958343/ac85727971fe63dd2c67ef33d7521ade/r_37",
            "rotation": 0.12566370614359174,
            "transform_matrix": [
                [
                    0.6208484768867493,
                    0.20906852185726166,
                    -0.7555379271507263,
                    -3.045670747756958
                ],
                [
                    -0.7839305996894836,
                    0.16557572782039642,
                    -0.598362386226654,
                    -2.412075996398926
                ],
                [
                    0.0,
                    0.9637815952301025,
                    0.2666926383972168,
                    1.0750724077224731
                ],
                [
                    0.0,
                    0.0,
                    0.0,
                    1.0
                ]
            ]
        },
        {
            "file_path": "/data/shapenet_blender/all_50_random/02958343/ac85727971fe63dd2c67ef33d7521ade/r_38",
            "rotation": 0.12566370614359174,
            "transform_matrix": [
                [
                    -0.4296816885471344,
                    0.21992798149585724,
                    -0.8757883310317993,
                    -3.5304160118103027
                ],
                [
                    -0.9029805660247803,
                    -0.10465234518051147,
                    0.41674232482910156,
                    1.6799421310424805
                ],
                [
                    -7.450581485102248e-09,
                    0.969886302947998,
                    0.2435578554868698,
                    0.9818131923675537
                ],
                [
                    0.0,
                    0.0,
                    0.0,
                    1.0
                ]
            ]
        },
        {
            "file_path": "/data/shapenet_blender/all_50_random/02958343/ac85727971fe63dd2c67ef33d7521ade/r_39",
            "rotation": 0.12566370614359174,
            "transform_matrix": [
                [
                    0.9753507971763611,
                    -0.09446044266223907,
                    0.19941924512386322,
                    0.8038846850395203
                ],
                [
                    0.22065994143486023,
                    0.4175296425819397,
                    -0.8814636468887329,
                    -3.5532937049865723
                ],
                [
                    0.0,
                    0.9037401676177979,
                    0.4280814528465271,
                    1.725651502609253
                ],
                [
                    0.0,
                    0.0,
                    0.0,
                    1.0
                ]
            ]
        },
        {
            "file_path": "/data/shapenet_blender/all_50_random/02958343/ac85727971fe63dd2c67ef33d7521ade/r_40",
            "rotation": 0.12566370614359174,
            "transform_matrix": [
                [
                    0.7869259715080261,
                    -0.06963986903429031,
                    -0.6131051182746887,
                    -2.4715054035186768
                ],
                [
                    -0.6170474290847778,
                    -0.08881233632564545,
                    -0.7818983197212219,
                    -3.15193247795105
                ],
                [
                    0.0,
                    0.9936108589172363,
                    -0.11285986006259918,
                    -0.454952597618103
                ],
                [
                    0.0,
                    0.0,
                    0.0,
                    1.0
                ]
            ]
        },
        {
            "file_path": "/data/shapenet_blender/all_50_random/02958343/ac85727971fe63dd2c67ef33d7521ade/r_41",
            "rotation": 0.12566370614359174,
            "transform_matrix": [
                [
                    -0.830139696598053,
                    0.30542659759521484,
                    0.4664575457572937,
                    1.8803502321243286
                ],
                [
                    0.5575554370880127,
                    0.45474717020988464,
                    0.6945048570632935,
                    2.799638271331787
                ],
                [
                    0.0,
                    0.8366118669509888,
