{
    "class": "02958343",
    "model": "1cb95c00d3bf6a3a58dbdf2b5c6acfca",
    "remove_doubles": true,
    "edge_split": true,
    "denoise": true,
    "camera_angle_x": 0.6911112070083618,
    "scale_factor": 2.4080429925659788,
    "hdri_file": "/data/IndoorHDRDataset2018/9C4A5669-87172d02a7.exr",
    "center_offset": [
        0.0,
        0.0,
        0.0
    ],
    "lights": [],
    "frames": [
        {
            "file_path": "/data/shapenet_blender/all_50_random/02958343/1cb95c00d3bf6a3a58dbdf2b5c6acfca/r_0",
            "rotation": 0.12566370614359174,
            "transform_matrix": [
                [
                    -0.6264761686325073,
                    -0.3478949964046478,
                    -0.6974930167198181,
                    -2.8116843700408936
                ],
                [
                    -0.7794404625892639,
                    0.27962103486061096,
                    0.5606108903884888,
                    2.259894847869873
                ],
                [
                    0.0,
                    0.8948637247085571,
                    -0.44633936882019043,
                    -1.7992515563964844
                ],
                [
                    0.0,
                    0.0,
                    0.0,
                    1.0
                ]
            ]
        },
        {
            "file_path": "/data/shapenet_blender/all_50_random/02958343/1cb95c00d3bf6a3a58dbdf2b5c6acfca/r_1",
            "rotation": 0.12566370614359174,
            "transform_matrix": [
                [
                    0.42720088362693787,
                    -0.4267188608646393,
                    0.7971263527870178,
                    3.2133190631866455
                ],
                [
                    0.9041568040847778,
                    0.20161844789981842,
                    -0.376630574464798,
                    -1.5182464122772217
                ],
                [
                    0.0,
                    0.8816241025924683,
                    0.47195231914520264,
                    1.9025006294250488
                ],
                [
                    0.0,
                    0.0,
                    0.0,
                    1.0
                ]
            ]
        },
        {
            "file_path": "/data/shapenet_blender/all_50_random/02958343/1cb95c00d3bf6a3a58dbdf2b5c6acfca/r_2",
            "rotation": 0.12566370614359174,
            "transform_matrix": [
                [
                    -0.8145204782485962,
                    -0.26180675625801086,
                    0.5177002549171448,
                    2.08691668510437
                ],
                [
                    0.5801348686218262,
                    -0.3675817549228668,
                    0.7268611788749695,
                    2.9300713539123535
                ],
                [
                    0.0,
                    0.8923794031143188,
                    0.4512860178947449,
                    1.8191922903060913
                ],
                [
                    0.0,
                    0.0,
                    0.0,
                    1.0
                ]
            ]
        },
        {
            "file_path": "/data/shapenet_blender/all_50_random/02958343/1cb95c00d3bf6a3a58dbdf2b5c6acfca/r_3",
            "rotation": 0.12566370614359174,
            "transform_matrix": [
                [
                    0.9435351490974426,
                    -0.044477906078100204,
                    0.3282729685306549,
                    1.3233106136322021
                ],
                [
                    0.3312724530696869,
                    0.12668262422084808,
                    -0.9349919557571411,
                    -3.769073247909546
                ],
                [
                    3.725290742551124e-09,
                    0.9909455180168152,
                    0.13426382839679718,
                    0.5412347912788391
                ],
                [
                    0.0,
                    0.0,
                    0.0,
                    1.0
                ]
            ]
        },
        {
            "file_path": "/data/shapenet_blender/all_50_random/02958343/1cb95c00d3bf6a3a58dbdf2b5c6acfca/r_4",
            "rotation": 0.12566370614359174,
            "transform_matrix": [
                [
                    0.8734341263771057,
                    -0.10797587037086487,
                    -0.47482016682624817,
                    -1.9140613079071045
                ],
                [
                    -0.4869425296783447,
                    -0.19367749989032745,
                    -0.8516901135444641,
                    -3.43327260017395
                ],
                [
                    0.0,
                    0.9751052260398865,
                    -0.22174255549907684,
                    -0.893872857093811
                ],
                [
                    0.0,
                    0.0,
                    0.0,
                    1.0
                ]
            ]
        },
        {
            "file_path": "/data/shapenet_blender/all_50_random/02958343/1cb95c00d3bf6a3a58dbdf2b5c6acfca/r_5",
            "rotation": 0.12566370614359174,
            "transform_matrix": [
                [
                    0.9222084283828735,
                    0.24538786709308624,
                    -0.29885852336883545,
                    -1.2047371864318848
                ],
                [
                    -0.38669317960739136,
                    0.5852152109146118,
                    -0.7127351760864258,
                    -2.8731272220611572
                ],
                [
                    0.0,
                    0.7728569507598877,
                    0.6345803141593933,
                    2.558074951171875
                ],
                [
                    0.0,
                    0.0,
                    0.0,
                    1.0
                ]
            ]
        },
        {
            "file_path": "/data/shapenet_blender/all_50_random/02958343/1cb95c00d3bf6a3a58dbdf2b5c6acfca/r_6",
            "rotation": 0.12566370614359174,
            "transform_matrix": [
                [
                    -0.5794116258621216,
                    -0.19015586376190186,
                    0.792542040348053,
                    3.1948392391204834
                ],
                [
                    0.8150351643562317,
                    -0.13518252968788147,
                    0.5634211897850037,
                    2.271223545074463
                ],
                [
                    -7.450581485102248e-09,
                    0.9724023938179016,
                    0.2333100140094757,
                    0.9405027627944946
                ],
                [
                    0.0,
                    0.0,
                    0.0,
                    1.0
                ]
            ]
        },
        {
            "file_path": "/data/shapenet_blender/all_50_random/02958343/1cb95c00d3bf6a3a58dbdf2b5c6acfca/r_7",
            "rotation": 0.12566370614359174,
            "transform_matrix": [
                [
                    0.3106113374233246,
                    -0.3188168406486511,
                    0.8954753875732422,
                    3.6097769737243652
                ],
                [
                    0.9505369663238525,
                    0.10418125987052917,
                    -0.29261863231658936,
                    -1.1795835494995117
                ],
                [
                    0.0,
                    0.9420731663703918,
                    0.3354071080684662,
                    1.35206937789917
                ],
                [
                    0.0,
                    0.0,
                    0.0,
                    1.0
                ]
            ]
        },
        {
            "file_path": "/data/shapenet_blender/all_50_random/02958343/1cb95c00d3bf6a3a58dbdf2b5c6acfca/r_8",
            "rotation": 0.12566370614359174,
            "transform_matrix": [
                [
                    -0.49588385224342346,
                    -0.22491995990276337,
                    0.838755190372467,
                    3.3811302185058594
                ],
                [
                    0.868388831615448,
                    -0.1284380555152893,
                    0.47896185517311096,
                    1.9307570457458496
                ],
                [
                    7.450580596923828e-09,
                    0.9658750295639038,
                    0.25900837779045105,
                    1.0440961122512817
                ],
                [
                    0.0,
                    0.0,
                    0.0,
                    1.0
                ]
            ]
        },
        {
            "file_path": "/data/shapenet_blender/all_50_random/02958343/1cb95c00d3bf6a3a58dbdf2b5c6acfca/r_9",
            "rotation": 0.12566370614359174,
            "transform_matrix": [
                [
                    -0.7306099534034729,
                    -0.5930613279342651,
                    -0.3383595943450928,
                    -1.36397123336792
                ],
                [
                    -0.682794988155365,
                    0.6345923542976379,
                    0.36205431818962097,
                    1.459487795829773
                ],
                [
                    0.0,
                    0.4955507516860962,
                    -0.8685789108276367,
                    -3.5013537406921387
                ],
                [
                    0.0,
                    0.0,
                    0.0,
                    1.0
                ]
            ]
        },
        {
            "file_path": "/data/shapenet_blender/all_50_random/02958343/1cb95c00d3bf6a3a58dbdf2b5c6acfca/r_10",
            "rotation": 0.12566370614359174,
            "transform_matrix": [
                [
                    -0.30663466453552246,
                    -0.06428688019514084,
                    -0.9496538639068604,
                    -3.828176736831665
                ],
                [
                    -0.9518272876739502,
                    0.020710255950689316,
                    0.30593451857566833,
                    1.2332613468170166
                ],
                [
                    -1.8626450382086546e-09,
                    0.99771648645401,
                    -0.0675404965877533,
                    -0.27226442098617554
                ],
                [
                    0.0,
                    0.0,
                    0.0,
                    1.0
                ]
            ]
        },
        {
            "file_path": "/data/shapenet_blender/all_50_random/02958343/1cb95c00d3bf6a3a58dbdf2b5c6acfca/r_11",
            "rotation": 0.12566370614359174,
            "transform_matrix": [
                [
                    -0.2022700160741806,
                    -0.12528301775455475,
                    0.9712830781936646,
                    3.915367603302002
                ],
                [
                    0.9793298840522766,
                    -0.02587585337460041,
                    0.2006080150604248,
                    0.8086768388748169
                ],
                [
                    1.862645371275562e-09,
                    0.9917835593223572,
                    0.1279272735118866,
                    0.5156913995742798
                ],
                [
                    0.0,
                    0.0,
                    0.0,
                    1.0
                ]
            ]
        },
        {
            "file_path": "/data/shapenet_blender/all_50_random/02958343/1cb95c00d3bf6a3a58dbdf2b5c6acfca/r_12",
            "rotation": 0.12566370614359174,
            "transform_matrix": [
                [
                    0.8215372562408447,
                    0.3551112115383148,
                    0.44606345891952515,
                    1.7981393337249756
                ],
                [
                    0.5701548457145691,
                    -0.5116804242134094,
                    -0.6427336931228638,
                    -2.5909423828125
                ],
                [
                    0.0,
                    0.7823548316955566,
                    -0.6228328943252563,
                    -2.5107197761535645
                ],
                [
                    0.0,
                    0.0,
                    0.0,
                    1.0
                ]
            ]
        },
        {
            "file_path": "/data/shapenet_blender/all_50_random/02958343/1cb95c00d3bf6a3a58dbdf2b5c6acfca/r_13",
            "rotation": 0.12566370614359174,
            "transform_matrix": [
                [
                    -0.7084763646125793,
                    0.12403730303049088,
                    -0.6947488784790039,
                    -2.80062198638916
                ],
                [
                    -0.7057344317436218,
                    -0.1245192214846611,
                    0.6974481344223022,
                    2.8115029335021973
                ],
                [
                    0.0,
                    0.9844335913658142,
                    0.17575637996196747,
                    0.7084965705871582
                ],
                [
                    0.0,
                    0.0,
                    0.0,
                    1.0
                ]
            ]
        },
        {
            "file_path": "/data/shapenet_blender/all_50_random/02958343/1cb95c00d3bf6a3a58dbdf2b5c6acfca/r_14",
            "rotation": 0.12566370614359174,
            "transform_matrix": [
                [
                    0.29738134145736694,
                    0.34787222743034363,
                    -0.8891283869743347,
                    -3.584191083908081
                ],
                [
                    -0.954758882522583,
                    0.10835271328687668,
                    -0.2769392430782318,
                    -1.116377830505371
                ],
                [
                    0.0,
                    0.9312595725059509,
                    0.3643561899662018,
                    1.4687668085098267
                ],
                [
                    0.0,
                    0.0,
                    0.0,
                    1.0
                ]
            ]
        },
        {
            "file_path": "/data/shapenet_blender/all_50_random/02958343/1cb95c00d3bf6a3a58dbdf2b5c6acfca/r_15",
            "rotation": 0.12566370614359174,
            "transform_matrix": [
                [
                    0.750558614730835,
                    -0.1290326565504074,
                    -0.648083508014679,
                    -2.612508535385132
                ],
                [
                    -0.6608038544654846,
                    -0.1465587168931961,
                    -0.7361104488372803,
                    -2.9673564434051514
                ],
                [
                    0.0,
                    0.9807502031326294,
                    -0.19526618719100952,
                    -0.7871432304382324
                ],
                [
                    0.0,
                    0.0,
                    0.0,
                    1.0
                ]
            ]
        },
        {
            "file_path": "/data/shapenet_blender/all_50_random/02958343/1cb95c00d3bf6a3a58dbdf2b5c6acfca/r_16",
            "rotation": 0.12566370614359174,
            "transform_matrix": [
                [
                    -0.9994348287582397,
                    -0.001322291325777769,
                    0.0335896797478199,
                    0.1354043185710907
                ],
                [
                    0.03361568972468376,
                    -0.03931330144405365,
                    0.998661458492279,
                    4.025732517242432
                ],
                [
                    -1.164153010102531e-10,
                    0.9992260932922363,
                    0.03933554142713547,
                    0.15856662392616272
                ],
                [
                    0.0,
                    0.0,
                    0.0,
                    1.0
                ]
            ]
        },
        {
            "file_path": "/data/shapenet_blender/all_50_random/02958343/1cb95c00d3bf6a3a58dbdf2b5c6acfca/r_17",
            "rotation": 0.12566370614359174,
            "transform_matrix": [
                [
                    -0.9991438388824463,
                    0.0022523661609739065,
                    -0.041308529675006866,
                    -0.16651999950408936
                ],
                [
                    -0.04136988893151283,
                    -0.05439796298742294,
                    0.9976619482040405,
                    4.021703720092773
                ],
                [
                    2.3283062977608182e-10,
                    0.9985167384147644,
                    0.0544445775449276,
                    0.21947309374809265
                ],
                [
                    0.0,
                    0.0,
                    0.0,
                    1.0
                ]
            ]
        },
        {
            "file_path": "/data/shapenet_blender/all_50_random/02958343/1cb95c00d3bf6a3a58dbdf2b5c6acfca/r_18",
            "rotation": 0.12566370614359174,
            "transform_matrix": [
                [
                    -0.17194190621376038,
                    -0.0008752422290854156,
                    -0.9851067066192627,
                    -3.9710922241210938
                ],
                [
                    -0.9851071834564209,
                    0.00015276591875590384,
                    0.1719418168067932,
                    0.6931196451187134
                ],
                [
                    -1.4551915228366852e-11,
                    0.9999996423721313,
                    -0.0008884741109795868,
                    -0.0035815536975860596
                ],
                [
                    0.0,
                    0.0,
                    0.0,
                    1.0
                ]
            ]
        },
        {
            "file_path": "/data/shapenet_blender/all_50_random/02958343/1cb95c00d3bf6a3a58dbdf2b5c6acfca/r_19",
            "rotation": 0.12566370614359174,
            "transform_matrix": [
                [
                    -0.810660719871521,
                    0.3370479345321655,
                    -0.47877728939056396,
                    -1.9300129413604736
                ],
                [
                    -0.5855159759521484,
                    -0.4666508734226227,
                    0.6628785729408264,
                    2.6721489429473877
                ],
                [
                    1.4901158529312397e-08,
                    0.8177013993263245,
                    0.5756425857543945,
                    2.3204894065856934
                ],
                [
                    0.0,
                    0.0,
                    0.0,
                    1.0
                ]
            ]
        },
        {
            "file_path": "/data/shapenet_blender/all_50_random/02958343/1cb95c00d3bf6a3a58dbdf2b5c6acfca/r_20",
            "rotation": 0.12566370614359174,
            "transform_matrix": [
                [
                    -0.9665897488594055,
                    -0.00811370462179184,
                    0.2562001943588257,
                    1.0327759981155396
                ],
                [
                    0.25632867217063904,
                    -0.030595973134040833,
                    0.9661053419113159,
                    3.8944952487945557
                ],
                [
                    0.0,
                    0.9994989037513733,
                    0.03165352717041969,
                    0.12759944796562195
                ],
                [
                    0.0,
                    0.0,
                    0.0,
                    1.0
                ]
            ]
        },
        {
            "file_path": "/data/shapenet_blender/all_50_random/02958343/1cb95c00d3bf6a3a58dbdf2b5c6acfca/r_21",
            "rotation": 0.12566370614359174,
            "transform_matrix": [
                [
                    0.9980558156967163,
                    0.02618098258972168,
                    0.05656154081225395,
                    0.22800688445568085
                ],
                [
                    0.062326978892087936,
                    -0.41924190521240234,
                    -0.9057325720787048,
                    -3.651124954223633
                ],
                [
                    0.0,
                    0.9074970483779907,
                    -0.42005854845046997,
                    -1.693310260772705
                ],
                [
                    0.0,
                    0.0,
                    0.0,
                    1.0
                ]
            ]
        },
        {
            "file_path": "/data/shapenet_blender/all_50_random/02958343/1cb95c00d3bf6a3a58dbdf2b5c6acfca/r_22",
            "rotation": 0.12566370614359174,
            "transform_matrix": [
                [
                    0.9995734095573425,
                    0.006881208159029484,
                    -0.028384998440742493,
                    -0.11442359536886215
                ],
                [
                    -0.029207179322838783,
                    0.23549936711788177,
                    -0.9714354276657104,
                    -3.9159817695617676
                ],
                [
                    0.0,
                    0.9718501567840576,
                    0.23559986054897308,
                    0.9497334957122803
                ],
                [
                    0.0,
                    0.0,
                    0.0,
                    1.0
                ]
            ]
        },
        {
            "file_path": "/data/shapenet_blender/all_50_random/02958343/1cb95c00d3bf6a3a58dbdf2b5c6acfca/r_23",
            "rotation": 0.12566370614359174,
            "transform_matrix": [
                [
                    -0.48684635758399963,
                    -0.8166732788085938,
                    0.3098794221878052,
                    1.2491639852523804
                ],
                [
                    0.873487651348114,
                    -0.4551803767681122,
                    0.17271415889263153,
                    0.6962330937385559
                ],
                [
                    0.0,
                    0.3547610640525818,
                    0.9349569082260132,
                    3.7689321041107178
                ],
                [
                    0.0,
                    0.0,
                    0.0,
                    1.0
                ]
            ]
        },
        {
            "file_path": "/data/shapenet_blender/all_50_random/02958343/1cb95c00d3bf6a3a58dbdf2b5c6acfca/r_24",
            "rotation": 0.12566370614359174,
            "transform_matrix": [
                [
                    -0.9278783202171326,
                    0.05942355468869209,
                    -0.3681177794933319,
                    -1.4839303493499756
                ],
                [
                    -0.3728832006454468,
                    -0.14786891639232635,
                    0.9160200953483582,
                    3.6925952434539795
                ],
                [
                    -3.725290298461914e-09,
                    0.987220048904419,
                    0.15936239063739777,
                    0.642410397529602
                ],
                [
                    0.0,
                    0.0,
                    0.0,
                    1.0
                ]
            ]
        },
        {
            "file_path": "/data/shapenet_blender/all_50_random/02958343/1cb95c00d3bf6a3a58dbdf2b5c6acfca/r_25",
            "rotation": 0.12566370614359174,
            "transform_matrix": [
                [
                    0.9537389874458313,
                    -0.009986554272472858,
                    0.30046969652175903,
                    1.2112321853637695
                ],
                [
                    0.30063560605049133,
                    0.03168142959475517,
                    -0.9532126784324646,
                    -3.8425233364105225
                ],
                [
                    0.0,
                    0.9994482398033142,
                    0.03321812301874161,
                    0.1339065581560135
                ],
                [
                    0.0,
                    0.0,
                    0.0,
                    1.0
                ]
            ]
        },
        {
            "file_path": "/data/shapenet_blender/all_50_random/02958343/1cb95c00d3bf6a3a58dbdf2b5c6acfca/r_26",
            "rotation": 0.12566370614359174,
            "transform_matrix": [
                [
                    -0.9564603567123413,
                    -0.005691062659025192,
                    0.29180702567100525,
                    1.1763118505477905
                ],
                [
                    0.2918625771999359,
                    -0.018650133162736893,
                    0.956278383731842,
                    3.854881763458252
                ],
                [
                    -4.656613428188905e-10,
                    0.9998098611831665,
                    0.019499119371175766,
                    0.07860346883535385
                ],
                [
                    0.0,
                    0.0,
                    0.0,
                    1.0
                ]
            ]
        },
        {
            "file_path": "/data/shapenet_blender/all_50_random/02958343/1cb95c00d3bf6a3a58dbdf2b5c6acfca/r_27",
            "rotation": 0.12566370614359174,
            "transform_matrix": [
                [
                    -0.7796679139137268,
                    -0.32594597339630127,
                    -0.5346747636795044,
                    -2.1553430557250977
                ],
                [
                    -0.6261932253837585,
                    0.40583255887031555,
                    0.6657190322875977,
                    2.6835994720458984
                ],
                [
                    0.0,
                    0.853849470615387,
                    -0.5205197930335999,
                    -2.0982825756073
                ],
                [
                    0.0,
                    0.0,
                    0.0,
                    1.0
                ]
            ]
        },
        {
            "file_path": "/data/shapenet_blender/all_50_random/02958343/1cb95c00d3bf6a3a58dbdf2b5c6acfca/r_28",
            "rotation": 0.12566370614359174,
            "transform_matrix": [
                [
                    0.3817673325538635,
                    0.860062301158905,
                    0.3384471833705902,
                    1.3643242120742798
                ],
                [
                    0.9242584705352783,
                    -0.3552509546279907,
                    -0.13979648053646088,
                    -0.5635376572608948
                ],
                [
                    0.0,
                    0.3661823272705078,
                    -0.930543065071106,
                    -3.7511391639709473
                ],
                [
                    0.0,
                    0.0,
                    0.0,
                    1.0
                ]
            ]
        },
        {
            "file_path": "/data/shapenet_blender/all_50_random/02958343/1cb95c00d3bf6a3a58dbdf2b5c6acfca/r_29",
            "rotation": 0.12566370614359174,
            "transform_matrix": [
                [
                    -0.13243180513381958,
                    0.4010798931121826,
                    -0.9064197540283203,
                    -3.6538949012756348
                ],
                [
                    -0.9911920428276062,
                    -0.05358773097395897,
                    0.12110549956560135,
                    0.4881918728351593
                ],
                [
                    3.7252896323280993e-09,
                    0.9144743084907532,
                    0.4046439528465271,
                    1.6311719417572021
                ],
                [
                    0.0,
                    0.0,
                    0.0,
                    1.0
                ]
            ]
        },
        {
            "file_path": "/data/shapenet_blender/all_50_random/02958343/1cb95c00d3bf6a3a58dbdf2b5c6acfca/r_30",
            "rotation": 0.12566370614359174,
            "transform_matrix": [
                [
                    0.17648281157016754,
                    -0.2743809223175049,
                    0.9452877044677734,
                    3.8105766773223877
                ],
                [
                    0.9843038320541382,
                    0.049195703119039536,
                    -0.1694873422384262,
                    -0.6832253336906433
                ],
                [
                    0.0,
                    0.960361897945404,
                    0.27875635027885437,
                    1.1237027645111084
                ],
                [
                    0.0,
                    0.0,
                    0.0,
                    1.0
                ]
            ]
        },
        {
            "file_path": "/data/shapenet_blender/all_50_random/02958343/1cb95c00d3bf6a3a58dbdf2b5c6acfca/r_31",
            "rotation": 0.12566370614359174,
            "transform_matrix": [
                [
                    -0.7982544898986816,
                    0.008085206151008606,
                    0.6022660732269287,
                    2.427812099456787
                ],
                [
                    0.6023203730583191,
                    0.010715315118432045,
                    0.7981825470924377,
                    3.217576742172241
                ],
                [
                    -4.656612873077393e-10,
                    0.9999099373817444,
                    -0.013423431664705276,
                    -0.05411158502101898
                ],
                [
                    0.0,
                    0.0,
                    0.0,
                    1.0
                ]
            ]
        },
        {
            "file_path": "/data/shapenet_blender/all_50_random/02958343/1cb95c00d3bf6a3a58dbdf2b5c6acfca/r_32",
            "rotation": 0.12566370614359174,
            "transform_matrix": [
                [
                    -0.9931610822677612,
                    -0.07565965503454208,
                    0.08892041444778442,
                    0.35844966769218445
                ],
                [
                    0.11675284057855606,
                    -0.6436008214950562,
                    0.7564038038253784,
                    3.049161195755005
                ],
                [
                    0.0,
                    0.7616124749183655,
                    0.6480327248573303,
                    2.6123034954071045
                ],
                [
                    0.0,
                    0.0,
                    0.0,
                    1.0
                ]
            ]
        },
        {
            "file_path": "/data/shapenet_blender/all_50_random/02958343/1cb95c00d3bf6a3a58dbdf2b5c6acfca/r_33",
            "rotation": 0.12566370614359174,
            "transform_matrix": [
                [
                    -0.7672373056411743,
                    0.31689122319221497,
                    -0.5576081871986389,
                    -2.247790813446045
                ],
                [
                    -0.6413635015487671,
                    -0.37908419966697693,
                    0.6670442223548889,
                    2.688941478729248
                ],
                [
                    0.0,
                    0.8694106936454773,
                    0.49408993124961853,
                    1.991740345954895
                ],
                [
                    0.0,
                    0.0,
                    0.0,
                    1.0
                ]
            ]
        },
        {
            "file_path": "/data/shapenet_blender/all_50_random/02958343/1cb95c00d3bf6a3a58dbdf2b5c6acfca/r_34",
            "rotation": 0.12566370614359174,
            "transform_matrix": [
                [
                    -0.49444258213043213,
                    -0.31207388639450073,
                    0.8112561106681824,
                    3.270277976989746
                ],
                [
                    0.8692103028297424,
                    -0.17752046883106232,
                    0.46147584915161133,
                    1.8602685928344727
                ],
                [
                    0.0,
                    0.933325469493866,
                    0.3590315282344818,
                    1.4473023414611816
                ],
                [
                    0.0,
                    0.0,
                    0.0,
                    1.0
                ]
            ]
        },
        {
            "file_path": "/data/shapenet_blender/all_50_random/02958343/1cb95c00d3bf6a3a58dbdf2b5c6acfca/r_35",
            "rotation": 0.12566370614359174,
            "transform_matrix": [
                [
                    -0.9833523631095886,
                    -0.051497604697942734,
                    0.1742592751979828,
                    0.7024616003036499
                ],
                [
                    0.1817093789577484,
                    -0.27868831157684326,
                    0.9430347084999084,
                    3.801494598388672
                ],
                [
                    -3.725290742551124e-09,
                    0.9589998126029968,
                    0.28340640664100647,
                    1.1424477100372314
                ],
                [
                    0.0,
                    0.0,
                    0.0,
                    1.0
                ]
            ]
        },
        {
            "file_path": "/data/shapenet_blender/all_50_random/02958343/1cb95c00d3bf6a3a58dbdf2b5c6acfca/r_36",
            "rotation": 0.12566370614359174,
            "transform_matrix": [
                [
                    0.9088790416717529,
                    -0.39113500714302063,
                    0.14474962651729584,
                    0.5835044384002686
                ],
                [
                    0.4170600473880768,
                    0.8523818254470825,
                    -0.3154459297657013,
                    -1.2716032266616821
                ],
                [
                    -7.450581485102248e-09,
                    0.34707146883010864,
                    0.9378386735916138,
                    3.780548572540283
                ],
                [
                    0.0,
                    0.0,
                    0.0,
                    1.0
                ]
            ]
        },
        {
            "file_path": "/data/shapenet_blender/all_50_random/02958343/1cb95c00d3bf6a3a58dbdf2b5c6acfca/r_37",
            "rotation": 0.12566370614359174,
            "transform_matrix": [
                [
                    -0.030653156340122223,
                    0.321572482585907,
                    -0.9463886618614197,
                    -3.815014600753784
                ],
                [
                    -0.9995300769805908,
                    -0.009861845523118973,
                    0.029023436829447746,
                    0.11699721217155457
                ],
                [
                    0.0,
                    0.946833610534668,
                    0.3217236399650574,
                    1.2969094514846802
                ],
                [
                    0.0,
                    0.0,
                    0.0,
                    1.0
                ]
            ]
        },
        {
            "file_path": "/data/shapenet_blender/all_50_random/02958343/1cb95c00d3bf6a3a58dbdf2b5c6acfca/r_38",
            "rotation": 0.12566370614359174,
            "transform_matrix": [
                [
                    0.16345594823360443,
                    0.8754226565361023,
                    -0.4548816680908203,
                    -1.8336868286132812
                ],
                [
                    -0.9865505695343018,
                    0.14504380524158478,
                    -0.07536675781011581,
                    -0.3038131594657898
                ],
                [
                    0.0,
                    0.46108293533325195,
                    0.8873569369316101,
                    3.5770504474639893
                ],
                [
                    0.0,
                    0.0,
                    0.0,
                    1.0
                ]
            ]
        },
        {
            "file_path": "/data/shapenet_blender/all_50_random/02958343/1cb95c00d3bf6a3a58dbdf2b5c6acfca/r_39",
            "rotation": 0.12566370614359174,
            "transform_matrix": [
                [
                    -0.0957670733332634,
                    0.3073844313621521,
                    -0.9467540979385376,
                    -3.816488027572632
                ],
                [
                    -0.9954037666320801,
                    -0.02957323007285595,
                    0.09108652174472809,
                    0.36718153953552246
                ],
                [
                    1.862645149230957e-09,
                    0.9511256217956543,
                    0.3088037371635437,
                    1.2448277473449707
                ],
                [
                    0.0,
                    0.0,
                    0.0,
                    1.0
                ]
            ]
        },
        {
            "file_path": "/data/shapenet_blender/all_50_random/02958343/1cb95c00d3bf6a3a58dbdf2b5c6acfca/r_40",
            "rotation": 0.12566370614359174,
            "transform_matrix": [
                [
                    -0.16533756256103516,
                    -0.11715760827064514,
                    -0.9792535901069641,
                    -3.9474973678588867
                ],
                [
                    -0.9862370491027832,
                    0.01964087039232254,
                    0.16416682302951813,
                    0.6617776155471802
                ],
                [
                    0.0,
                    0.9929190874099731,
                    -0.11879254877567291,
                    -0.4788680672645569
                ],
                [
                    0.0,
                    0.0,
                    0.0,
                    1.0
                ]
            ]
        },
        {
            "file_path": "/data/shapenet_blender/all_50_random/02958343/1cb95c00d3bf6a3a58dbdf2b5c6acfca/r_41",
            "rotation": 0.12566370614359174,
            "transform_matrix": [
                [
                    -0.9929354190826416,
                    0.058980949223041534,
                    0.10295899212360382,
                    0.4150409996509552
                ],
                [
                    0.11865627020597458,
                    0.4935624301433563,
                    0.8615779876708984,
                    3.4731321334838867
                ],
                [
                    -3.725290742551124e-09,
                    0.8677080273628235,
